335.6 -517.6 -0.0 347 0 4.7 7.9 2.5 2.5 2 1 1 2 2
321.4 -501.7 -0.0 254 0 8.7 15.5 7.5 2.5 2 1 3 3 3
308.4 -530.8 -0.0 77 0 22.5 14.5 5.0 2.5 2 0 2 5 5
2718.5 1566.8 -0.8 276 0 6.4 9.9 7.5 2.5 2 1 3 5 5
2727.4 1567.0 -0.8 275 0 5.2 10.3 7.5 2.5 2 1 3 1 1
2903.2 1513.7 -0.8 301 0 12.7 10.4 5.0 2.5 2 0 2 2 2
2987.4 1490.9 -0.9 191 0 6.4 10.0 2.5 2.5 2 1 1 1 1
3020.1 1471.3 -0.9 108 0 6.8 9.4 5.0 2.5 2 1 2 5 5
3022.8 1497.5 -0.9 4 0 8.3 8.2 5.0 2.5 2 0 2 0 0
3006.8 1466.2 -0.9 105 0 7.1 9.6 7.5 2.5 2 1 3 3 3
3034.0 1459.5 -0.9 106 0 8.1 8.5 7.5 2.5 2 1 3 0 0
3124.5 1452.4 -0.9 287 0 12.1 7.9 7.5 2.5 2 0 3 3 3
3133.4 1437.2 -0.9 108 0 5.7 8.8 2.5 2.5 2 1 1 1 1
3143.8 1432.9 -0.9 115 0 4.2 6.4 7.5 2.5 4 1 3 1 1
3185.6 1455.4 -1.0 262 0 3.8 5.6 7.5 2.5 2 1 3 3 3
3174.0 1422.0 -0.9 85 0 8.2 9.6 5.0 2.5 2 1 2 2 2
3189.1 1482.6 -1.0 239 0 9.0 11.4 7.5 2.5 4 1 3 2 2
3200.1 1444.8 -1.0 88 0 15.3 8.4 2.5 2.5 2 0 1 1 1
3184.2 1435.5 -1.0 175 0 8.5 31.6 7.5 2.5 4 1 3 1 1
3213.0 1421.0 -1.0 81 0 8.9 8.8 7.5 2.5 2 0 3 0 0
3221.0 1433.0 -1.0 85 0 6.1 6.9 7.5 2.5 2 1 3 5 5
3233.4 1414.0 -1.0 78 0 6.7 14.3 7.5 0.0 0 1 3 1 1
3244.9 1417.8 -1.0 75 0 10.3 10.2 5.0 2.5 2 0 2 3 3
3234.0 1455.6 -1.0 248 0 8.8 7.7 2.5 2.5 2 0 1 2 2
3240.6 1429.9 -1.0 72 0 10.5 16.1 5.0 2.5 2 1 2 2 2
3248.2 1436.5 -1.0 164 0 11.9 33.8 15.0 0.0 0 1 6 0 0
3276.7 1481.8 -1.0 251 0 8.8 8.1 2.5 0.0 0 0 1 2 2
3293.4 1435.9 -1.0 70 0 9.7 18.2 7.5 2.5 2 1 3 2 2
3334.4 1454.5 -1.0 72 0 10.9 8.1 5.0 0.0 0 0 2 5 5
3335.5 1513.6 -1.1 251 0 21.0 19.5 10.0 2.5 2 0 4 4 4
3371.3 1466.2 -1.1 74 0 11.6 8.2 7.5 2.5 2 0 3 3 3
3357.7 1511.4 -1.1 249 0 7.6 8.5 5.0 2.5 2 1 2 5 5
3487.5 1502.4 -1.1 294 0 8.6 7.8 2.5 2.5 2 0 1 4 4
3454.7 1470.7 -1.1 61 0 7.0 10.0 5.0 2.5 2 1 2 2 2
3419.1 1489.0 -1.1 63 0 8.5 11.1 7.5 2.5 2 1 3 0 0
3386.7 1578.3 -1.1 124 0 7.6 10.6 2.5 2.5 2 1 1 0 0
3373.8 1588.5 -1.1 130 0 9.0 7.9 5.0 2.5 2 0 2 2 2
3363.7 1595.7 -1.1 126 0 8.1 7.1 7.5 2.5 2 0 3 1 1
3355.2 1601.8 -1.1 133 0 5.4 8.6 7.5 0.0 0 1 3 4 4
3332.9 1675.6 -1.1 303 0 8.7 5.5 7.5 2.5 2 0 3 2 2
3276.3 1611.2 -1.0 120 0 7.7 9.2 5.0 2.5 2 1 2 0 0
3286.7 1621.2 -1.1 32 0 6.8 7.9 7.5 2.5 2 1 3 0 0
3286.8 1628.7 -1.1 119 0 8.0 7.8 7.5 2.5 4 0 3 4 4
3269.1 1681.3 -1.1 222 0 11.6 16.5 10.0 2.5 2 1 4 3 3
3110.6 1685.6 -1.0 280 0 4.5 11.1 5.0 2.5 2 1 2 2 2
2976.6 1690.7 -0.9 112 0 10.9 9.5 5.0 2.5 2 0 2 5 5
2993.8 1682.9 -0.9 114 0 11.4 8.6 5.0 2.5 2 0 2 2 2
3011.7 1673.7 -0.9 119 0 12.2 9.6 5.0 2.5 2 0 2 3 3
3039.8 1687.4 -0.9 117 0 13.7 7.5 5.0 0.0 0 0 2 4 4
3023.2 1694.3 -0.9 114 0 13.4 7.3 2.5 2.5 2 0 1 4 4
3008.8 1710.8 -0.9 299 0 14.6 8.2 7.5 2.5 2 0 3 0 0
3037.8 1722.0 -1.0 298 0 13.2 8.6 7.5 0.0 0 0 3 3 3
3019.5 1731.6 -1.0 298 0 13.2 9.0 7.5 2.5 2 0 3 4 4
3003.6 1739.6 -0.9 298 0 13.6 8.8 7.5 2.5 2 0 3 1 1
2987.1 1747.6 -0.9 296 0 13.1 9.0 7.5 2.5 2 0 3 2 2
2993.0 1719.0 -0.9 298 0 12.8 7.9 5.0 2.5 2 0 2 0 0
2986.1 1704.9 -0.9 115 0 5.4 5.5 5.0 2.5 2 1 2 5 5
2967.1 1713.6 -0.9 128 0 3.7 6.8 7.5 2.5 2 1 3 3 3
2977.7 1726.2 -0.9 295 0 13.8 7.1 7.5 0.0 0 0 3 0 0
2953.1 1734.3 -0.9 206 0 7.2 13.6 7.5 2.5 4 1 3 4 4
2939.2 1732.0 -0.9 202 0 5.7 7.5 5.0 2.5 2 1 2 4 4
2937.1 1742.3 -0.9 208 0 8.3 14.2 2.5 2.5 2 1 1 5 5
2450.0 1686.2 -0.7 86 0 8.2 8.5 7.5 2.5 4 1 3 5 5
2739.8 1540.5 -0.8 99 0 9.2 11.7 7.5 2.5 2 1 3 5 5
2755.8 1543.6 -0.8 99 0 14.1 13.4 2.5 2.5 2 0 1 5 5
2929.4 2143.2 -1.0 43 0 4.7 6.9 5.0 2.5 4 1 2 5 5
2987.1 1549.6 -0.9 241 0 6.9 6.6 2.5 2.5 2 0 1 1 1
3211.5 1459.6 -1.0 265 0 5.9 4.1 7.5 2.5 2 0 3 2 2
3264.5 1420.9 -1.0 71 0 7.4 8.8 2.5 2.5 4 1 1 3 3
3321.2 1421.1 -1.0 62 0 7.5 8.1 7.5 2.5 2 1 3 0 0
3472.1 1479.9 -1.1 66 0 8.2 11.6 7.5 2.5 2 1 3 5 5
3462.2 1475.8 -1.1 66 0 7.2 12.2 7.5 2.5 2 1 3 2 2
3475.3 1537.8 -1.1 323 0 22.0 13.3 10.0 2.5 2 0 4 4 4
1205.7 2860.7 -0.8 91 0 10.2 7.3 5.0 2.5 2 0 2 2 2
1211.5 2879.7 -0.8 3 0 19.1 8.8 7.5 2.5 2 0 3 5 5
