-3395.1 -829.3 -1.0 199 0 8.2 8.8 2.5 2.5 2 1 1 5 5
-3368.9 -841.5 -0.9 113 0 8.2 6.9 7.5 2.5 2 0 3 5 5
-3345.2 -848.9 -0.9 110 0 8.7 8.4 2.5 2.5 2 0 1 4 4
-3320.6 -855.6 -0.9 102 0 7.7 9.1 7.5 2.5 2 1 3 1 1
-3295.6 -860.8 -0.9 99 0 8.6 7.7 7.5 2.5 2 0 3 5 5
-3271.1 -867.2 -0.9 97 0 10.8 7.9 5.0 2.5 2 0 2 2 2
-3246.7 -871.6 -0.9 94 0 8.2 7.1 2.5 2.5 2 0 1 0 0
-3217.6 -874.4 -0.9 12 0 7.1 9.9 5.0 2.5 2 1 2 1 1
-3090.9 -921.5 -0.8 99 0 8.3 7.1 5.0 2.5 2 0 2 0 0
-3136.6 -727.9 -0.8 84 0 7.0 7.2 7.5 2.5 2 1 3 2 2
760.3 -1316.7 -0.2 321 0 8.4 10.8 7.5 2.5 2 1 3 3 3
728.4 -1324.3 -0.2 138 0 15.4 12.4 7.5 2.5 2 0 3 2 2
715.5 -1308.3 -0.2 132 0 13.6 10.2 2.5 2.5 2 0 1 0 0
719.2 -1273.9 -0.2 316 0 9.1 10.1 7.5 2.5 4 1 3 1 1
