3156.1 -1049.1 -7.7 174 0 7.4 10.0 2.5 2.5 2 1 1 4 4
3167.4 -1067.7 -7.8 175 0 13.5 10.3 2.5 2.5 2 0 1 0 0
3172.2 -1108.4 -6.8 179 0 6.6 13.4 2.5 2.5 2 1 1 3 3
3146.1 -1034.4 -7.5 355 0 9.3 8.7 2.5 2.5 2 0 1 2 2
3148.5 -1065.9 -6.6 358 0 7.7 11.3 2.5 2.5 2 1 1 5 5
3131.1 -1099.1 -5.5 180 0 11.3 15.7 2.5 2.5 2 1 1 5 5
3158.4 -1094.9 -6.6 175 0 7.0 11.6 2.5 2.5 2 1 1 5 5
3173.3 -1101.1 -7.0 177 0 7.3 9.6 2.5 2.5 2 1 1 2 2
3222.1 -1056.5 -10.3 333 0 7.0 12.0 2.5 0.0 0 1 1 4 4
3206.6 -1041.0 -9.8 242 0 6.5 8.5 2.5 2.5 2 1 1 3 3
3271.0 -968.8 -14.0 256 0 7.8 13.8 2.5 2.5 2 1 1 5 5
3256.9 -972.9 -13.0 256 0 5.9 9.6 2.5 2.5 2 1 1 2 2
3229.2 -978.4 -11.2 260 0 9.1 8.6 2.5 2.5 2 0 1 0 0
3213.3 -981.4 -10.5 257 0 7.4 11.7 2.5 2.5 2 1 1 5 5
3198.8 -984.3 -9.7 255 0 7.2 7.8 2.5 2.5 2 1 1 1 1
3183.0 -987.6 -9.3 253 0 7.1 10.8 2.5 2.5 2 1 1 3 3
3188.4 -1028.5 -9.2 171 0 8.7 10.2 2.5 2.5 2 1 1 0 0
3180.2 -1027.8 -8.6 350 0 9.7 8.8 2.5 2.5 2 0 1 4 4
3151.5 -1014.5 -8.2 170 0 7.8 8.7 2.5 2.5 2 1 1 4 4
3176.3 -1010.3 -8.7 348 0 7.7 8.0 2.5 2.5 2 1 1 2 2
3167.5 -991.3 -8.8 256 0 8.0 10.6 2.5 2.5 2 1 1 4 4
3151.1 -994.2 -8.2 256 0 7.2 8.3 2.5 2.5 2 1 1 1 1
3140.6 -1000.2 -7.7 349 0 8.1 8.8 2.5 2.5 2 1 1 5 5
3133.5 -987.4 -7.7 77 0 8.3 7.7 2.5 2.5 2 0 1 0 0
3146.3 -959.4 -8.4 260 0 10.8 10.9 2.5 2.5 2 1 1 5 5
3150.0 -985.4 -8.3 79 0 9.6 9.4 2.5 2.5 2 0 1 3 3
3165.7 -981.9 -8.9 78 0 8.0 8.5 2.5 2.5 2 1 1 5 5
3181.9 -978.7 -9.3 79 0 5.7 11.4 2.5 2.5 2 1 1 2 2
3197.6 -976.3 -9.8 79 0 8.7 13.6 2.5 2.5 2 1 1 5 5
3211.6 -972.4 -10.2 81 0 7.7 9.3 2.5 2.5 2 1 1 3 3
3227.7 -969.6 -11.0 81 0 6.9 13.4 2.5 2.5 2 1 1 0 0
3244.7 -966.4 -12.0 76 0 8.0 9.2 2.5 2.5 2 1 1 1 1
3260.7 -962.5 -13.1 78 0 7.8 8.1 2.5 2.5 2 1 1 0 0
3211.7 -925.7 -10.0 336 0 13.2 8.2 5.0 2.5 2 0 2 0 0
3209.2 -883.7 -10.7 151 0 9.9 14.8 5.0 2.5 2 1 2 2 2
3224.1 -918.1 -11.2 153 0 9.5 12.2 5.0 2.5 2 1 2 3 3
3258.7 -928.2 -12.6 96 0 8.3 12.4 5.0 2.5 2 1 2 0 0
2915.7 -2647.0 -17.5 233 0 15.3 9.8 7.5 2.5 2 0 3 0 0
2950.9 -2688.2 -18.5 323 0 10.1 12.2 2.5 2.5 2 1 1 1 1
2966.4 -2712.9 -18.0 321 0 9.0 11.9 5.0 2.5 2 1 2 4 4
3045.3 -2148.7 -10.2 167 0 11.2 14.5 5.0 2.5 2 1 2 1 1
3358.2 -2209.0 -6.6 154 0 6.4 11.3 5.0 2.5 2 1 2 3 3
3327.4 -2160.3 -7.0 152 0 11.7 18.9 5.0 2.5 2 1 2 3 3
3056.5 -1807.5 -8.3 192 0 11.1 12.1 5.0 2.5 4 1 2 2 2
3020.9 -1865.3 -9.5 100 0 15.6 12.4 5.0 2.5 4 0 2 5 5
2922.9 -2188.8 -11.1 175 0 15.1 10.2 5.0 2.5 2 0 2 5 5
3000.7 -2075.2 -10.8 3 0 8.1 11.7 5.0 2.5 2 1 2 5 5
3003.4 -2061.5 -10.9 3 0 9.4 13.1 5.0 2.5 2 1 2 4 4
3005.2 -2020.1 -11.1 11 0 10.3 21.9 5.0 2.5 2 1 2 3 3
2988.4 -1948.4 -10.6 276 0 30.5 14.8 5.0 2.5 2 0 2 4 4
2871.3 -2041.6 -10.4 183 0 8.0 8.4 5.0 2.5 2 1 2 5 5
2904.5 -2016.5 -10.6 180 0 9.0 10.6 5.0 2.5 2 1 2 5 5
2873.7 -2010.9 -10.4 195 0 8.9 13.0 5.0 2.5 2 1 2 1 1
2890.0 -1953.5 -9.9 7 0 8.1 7.4 5.0 2.5 2 0 2 3 3
2900.3 -1957.5 -10.1 359 0 7.1 9.2 5.0 0.0 0 1 2 5 5
2923.1 -1940.1 -10.2 275 0 8.2 5.3 5.0 2.5 2 0 2 0 0
2912.7 -1937.1 -10.1 3 0 11.1 12.4 5.0 0.0 0 1 2 3 3
2879.7 -1902.4 -9.2 1 0 12.8 10.4 5.0 2.5 2 0 2 4 4
2885.7 -1897.6 -9.4 272 0 9.9 14.4 5.0 0.0 0 1 2 3 3
2938.7 -1902.6 -9.9 262 0 4.4 5.8 5.0 2.5 2 1 2 2 2
2946.6 -1901.9 -9.9 273 0 8.2 6.7 5.0 2.5 2 0 2 0 0
2957.2 -1905.8 -10.0 273 0 12.3 12.7 5.0 2.5 2 1 2 5 5
2979.6 -1908.4 -10.0 282 0 10.4 8.2 5.0 2.5 2 0 2 2 2
3011.1 -1897.7 -9.9 102 0 11.7 12.3 5.0 0.0 0 1 2 1 1
2964.8 -1893.4 -9.8 93 0 9.2 8.7 5.0 2.5 2 0 2 3 3
2931.4 -1891.3 -9.6 93 0 8.9 11.5 5.0 0.0 0 1 2 3 3
2911.7 -1889.2 -9.4 93 0 8.8 8.0 5.0 0.0 0 0 2 1 1
2876.4 -1880.7 -8.9 90 0 11.1 13.7 5.0 2.5 2 1 2 2 2
2882.6 -1831.0 -8.3 114 0 9.2 13.7 5.0 2.5 2 1 2 0 0
2923.4 -1839.9 -8.7 104 0 8.7 12.3 5.0 2.5 2 1 2 5 5
2937.7 -1492.9 -7.8 118 0 20.0 21.3 2.5 2.5 2 1 1 2 2
2970.4 -1502.1 -8.4 27 0 12.7 9.8 2.5 2.5 2 0 1 4 4
2999.8 -1551.5 -8.1 14 0 10.6 8.4 5.0 0.0 0 0 2 5 5
2994.2 -1719.1 -7.7 286 0 5.9 11.0 5.0 2.5 4 1 2 2 2
3003.5 -1655.9 -9.1 191 0 14.9 11.0 5.0 2.5 2 0 2 0 0
3011.4 -1631.5 -8.6 193 0 9.3 9.6 5.0 2.5 2 1 2 3 3
3013.7 -1593.0 -8.1 187 0 8.2 10.5 5.0 2.5 2 1 2 2 2
3019.3 -1556.1 -8.7 187 0 6.4 10.9 5.0 2.5 2 1 2 1 1
3022.1 -1531.9 -9.3 183 0 8.4 11.8 5.0 2.5 2 1 2 0 0
3024.4 -1515.0 -9.7 187 0 7.1 10.1 5.0 2.5 4 1 2 3 3
3027.7 -1499.2 -9.9 188 0 6.4 10.3 5.0 2.5 2 1 2 0 0
3029.7 -1480.1 -9.9 187 0 6.9 11.2 5.0 2.5 2 1 2 5 5
3056.7 -1436.7 -10.2 196 0 5.7 5.5 5.0 2.5 2 0 2 1 1
3005.5 -1715.3 -7.9 286 0 12.2 14.6 5.0 2.5 2 1 2 5 5
3022.7 -1724.5 -7.8 15 0 9.3 10.2 5.0 2.5 2 1 2 5 5
3041.8 -1742.1 -7.5 9 0 8.2 6.8 5.0 0.0 0 0 2 4 4
3043.4 -1730.4 -8.0 10 0 8.5 13.9 5.0 2.5 2 1 2 0 0
3046.9 -1713.2 -8.8 19 0 9.4 18.1 5.0 2.5 2 1 2 0 0
3051.8 -1691.6 -9.4 355 0 5.8 4.9 5.0 0.0 0 0 2 2 2
3049.7 -1669.9 -9.4 8 0 11.7 11.0 5.0 2.5 2 0 2 1 1
3052.2 -1653.2 -9.3 8 0 7.1 11.2 5.0 2.5 2 1 2 1 1
3053.9 -1641.5 -9.2 7 0 8.2 10.3 5.0 2.5 2 1 2 4 4
3056.3 -1626.6 -9.1 8 0 13.3 12.4 5.0 2.5 2 0 2 1 1
3058.8 -1611.4 -8.9 7 0 8.4 11.5 5.0 2.5 4 1 2 0 0
3063.8 -1586.5 -9.2 10 0 15.0 11.8 5.0 0.0 0 0 2 4 4
3067.0 -1539.7 -10.1 44 0 6.2 9.4 5.0 2.5 2 1 2 1 1
3074.1 -1524.4 -10.6 11 0 8.7 15.7 5.0 2.5 2 1 2 4 4
3074.9 -1504.8 -10.9 10 0 7.6 15.1 5.0 2.5 2 1 2 1 1
3078.5 -1486.2 -10.9 8 0 7.9 17.6 5.0 2.5 2 1 2 1 1
3083.4 -1431.2 -10.7 12 0 13.4 8.5 5.0 2.5 2 0 2 2 2
3127.2 -1493.6 -12.2 103 0 11.8 21.3 2.5 2.5 2 1 1 1 1
3105.4 -1457.2 -11.5 194 0 8.0 11.5 2.5 2.5 2 1 1 4 4
3108.9 -1485.5 -11.7 104 0 10.6 7.3 2.5 2.5 2 0 1 0 0
3103.8 -1506.5 -11.5 286 0 11.3 7.7 5.0 2.5 2 0 2 2 2
3106.3 -1515.9 -11.5 285 0 19.8 8.7 5.0 2.5 2 0 2 1 1
3114.1 -1545.9 -11.5 193 0 9.6 10.4 5.0 2.5 2 1 2 1 1
3087.3 -1540.9 -11.3 196 0 7.8 15.1 5.0 0.0 0 1 2 4 4
3086.7 -1564.2 -11.4 184 0 10.7 20.3 5.0 0.0 0 1 2 2 2
3081.8 -1597.2 -10.5 186 0 4.0 7.6 5.0 2.5 2 1 2 1 1
3078.0 -1607.5 -10.7 185 0 7.0 14.9 5.0 2.5 2 1 2 0 0
3075.2 -1630.3 -10.6 190 0 7.4 16.6 5.0 0.0 0 1 2 5 5
3067.4 -1665.5 -10.2 184 0 6.0 20.1 5.0 0.0 0 1 2 0 0
3116.1 -1663.1 -11.4 6 0 16.7 9.0 5.0 2.5 2 0 2 1 1
3078.5 -1724.0 -10.2 191 0 14.5 9.0 5.0 2.5 2 0 2 0 0
3081.3 -1759.3 -11.0 197 0 20.6 19.1 5.0 2.5 2 0 2 2 2
3075.4 -1787.3 -10.1 197 0 9.3 13.2 5.0 2.5 2 1 2 1 1
3083.6 -1831.7 -10.4 187 0 6.2 13.4 5.0 2.5 2 1 2 4 4
3069.3 -1811.2 -10.1 192 0 13.8 13.9 5.0 2.5 4 1 2 2 2
3052.0 -1825.2 -8.6 192 0 15.9 12.8 5.0 2.5 4 0 2 0 0
3067.5 -1829.3 -9.0 190 0 10.8 10.0 5.0 2.5 4 0 2 1 1
3053.7 -1906.2 -10.4 277 0 13.2 19.2 5.0 2.5 2 1 2 2 2
3050.8 -1849.8 -9.2 186 0 10.2 11.0 5.0 2.5 2 1 2 0 0
3048.1 -1869.5 -9.7 185 0 9.9 14.4 5.0 2.5 2 1 2 1 1
3051.2 -1896.3 -10.1 97 0 9.5 15.2 5.0 2.5 2 1 2 5 5
3097.2 -1891.3 -10.7 99 0 12.6 12.5 5.0 2.5 2 0 2 3 3
3096.5 -1905.5 -10.6 95 0 12.7 8.4 5.0 2.5 2 0 2 4 4
3096.3 -1913.2 -10.7 277 0 11.4 8.9 5.0 2.5 2 0 2 0 0
3095.7 -1925.8 -10.7 276 0 9.1 11.2 5.0 2.5 2 1 2 5 5
3051.7 -1978.1 -11.0 178 0 11.5 19.8 5.0 2.5 2 1 2 0 0
3035.6 -2010.1 -11.1 190 0 8.4 12.2 5.0 2.5 2 1 2 3 3
3032.8 -2051.1 -11.0 178 0 34.3 10.1 5.0 2.5 4 0 2 3 3
3044.5 -2071.0 -10.5 178 0 8.4 27.9 5.0 2.5 2 1 2 2 2
3026.6 -2119.3 -10.5 177 0 20.6 10.5 5.0 2.5 4 0 2 4 4
3087.5 -2138.0 -9.9 343 0 12.1 11.3 5.0 2.5 4 0 2 4 4
3063.5 -2144.6 -10.0 166 0 10.7 8.1 5.0 2.5 2 0 2 0 0
3043.9 -2168.5 -10.2 176 0 5.8 7.0 5.0 2.5 2 1 2 3 3
3046.0 -2192.5 -10.3 177 0 8.6 13.5 5.0 2.5 2 1 2 4 4
3044.7 -2209.2 -10.7 177 0 8.0 18.1 5.0 2.5 2 1 2 1 1
3055.0 -2228.2 -10.8 86 0 13.4 7.6 5.0 2.5 2 0 2 4 4
3037.9 -2271.5 -11.5 180 0 14.2 9.5 2.5 2.5 2 0 1 0 0
3075.3 -2282.5 -10.5 274 0 13.5 7.2 2.5 2.5 2 0 1 5 5
3101.9 -2293.8 -9.1 93 0 5.6 7.8 2.5 2.5 2 1 1 5 5
3001.9 -2136.4 -10.6 346 0 8.3 11.6 5.0 2.5 2 1 2 4 4
2949.1 -2201.5 -11.3 169 0 28.3 9.0 5.0 2.5 2 0 2 2 2
2980.0 -2260.8 -11.4 7 0 20.6 11.7 5.0 2.5 2 0 2 3 3
2988.4 -2221.9 -11.5 347 0 10.2 11.7 5.0 2.5 2 1 2 5 5
3014.3 -2273.2 -11.3 359 0 6.5 14.0 5.0 2.5 2 1 2 0 0
3014.9 -2281.4 -11.3 2 0 8.0 12.6 5.0 2.5 4 1 2 0 0
3008.0 -2315.0 -11.2 2 0 4.3 9.9 5.0 2.5 4 1 2 3 3
3010.9 -2332.5 -11.2 1 0 7.8 8.8 5.0 2.5 2 1 2 3 3
2999.8 -2433.2 -11.1 86 0 16.0 9.7 5.0 2.5 2 0 2 3 3
3028.1 -2463.2 -10.7 195 0 8.2 15.8 5.0 2.5 2 1 2 5 5
3004.1 -2504.0 -13.5 305 0 9.7 14.5 5.0 2.5 2 1 2 0 0
3030.3 -2491.5 -11.1 214 0 9.3 7.1 5.0 2.5 2 0 2 3 3
3315.2 -1789.8 -10.0 38 0 9.5 13.8 5.0 2.5 2 1 2 5 5
3185.5 -2113.9 -7.1 190 0 8.0 9.7 5.0 2.5 2 1 2 3 3
3192.1 -2037.7 -7.7 179 0 14.0 8.1 5.0 2.5 2 0 2 0 0
3234.9 -2030.1 -6.9 347 0 12.3 20.9 5.0 2.5 2 1 2 0 0
3263.4 -2091.0 -6.4 335 0 9.4 17.6 5.0 2.5 2 1 2 2 2
3266.6 -2114.2 -6.3 336 0 9.6 13.3 5.0 2.5 4 1 2 4 4
3288.0 -2145.9 -6.3 329 0 10.0 10.4 5.0 2.5 2 1 2 1 1
3273.1 -2185.7 -6.2 150 0 5.4 5.6 5.0 2.5 2 1 2 0 0
3296.6 -2166.0 -6.4 331 0 8.4 11.7 5.0 2.5 2 1 2 1 1
3309.6 -2181.3 -6.5 333 0 9.2 15.3 5.0 2.5 2 1 2 2 2
3317.0 -2183.4 -6.5 332 0 7.7 3.7 5.0 2.5 2 0 2 4 4
3349.4 -2362.0 -2.4 93 0 7.2 12.6 2.5 2.5 2 1 1 5 5
3407.5 -2269.0 -3.9 0 0 10.4 9.3 5.0 2.5 4 0 2 4 4
3388.9 -2286.5 -3.2 155 0 9.4 13.6 5.0 2.5 2 1 2 4 4
3377.4 -2253.0 -5.0 159 0 8.9 9.4 5.0 2.5 2 1 2 5 5
3350.7 -2192.7 -7.0 153 0 7.9 15.2 5.0 2.5 2 1 2 2 2
3321.2 -2145.4 -6.8 154 0 9.4 12.1 5.0 2.5 2 1 2 3 3
3312.0 -2123.6 -6.7 148 0 8.9 9.1 5.0 2.5 2 1 2 4 4
3299.0 -2100.3 -6.7 156 0 11.6 15.6 5.0 2.5 2 1 2 4 4
3284.4 -2075.9 -6.5 156 0 10.7 20.1 5.0 2.5 2 1 2 2 2
3275.9 -2057.4 -6.4 156 0 8.9 13.6 5.0 2.5 2 1 2 3 3
3285.9 -2036.5 -6.3 329 0 9.5 16.5 5.0 2.5 2 1 2 4 4
3232.7 -2001.8 -6.5 94 0 5.0 5.5 5.0 2.5 2 1 2 4 4
3248.8 -1989.2 -6.2 113 0 5.5 7.2 5.0 2.5 2 1 2 3 3
3204.4 -1992.9 -8.0 92 0 9.8 6.9 5.0 2.5 2 0 2 0 0
3201.2 -1966.2 -8.0 182 0 6.9 14.4 5.0 2.5 2 1 2 5 5
3204.3 -1947.6 -8.1 180 0 8.4 13.2 5.0 2.5 2 1 2 0 0
3206.2 -1926.9 -8.2 180 0 9.5 9.3 5.0 2.5 2 0 2 5 5
3205.4 -1907.6 -8.4 183 0 16.0 17.9 5.0 2.5 2 1 2 5 5
3209.0 -1859.3 -9.0 185 0 6.4 11.0 5.0 2.5 2 1 2 4 4
3208.5 -1869.5 -8.9 185 0 12.1 13.0 5.0 2.5 4 1 2 5 5
3224.4 -1867.0 -8.2 183 0 5.2 8.9 5.0 2.5 2 1 2 1 1
3212.7 -1850.8 -9.1 191 0 8.6 12.7 5.0 2.5 2 1 2 3 3
3223.7 -1822.2 -9.3 190 0 10.1 7.0 5.0 2.5 2 0 2 3 3
3215.0 -1838.8 -9.4 187 0 13.7 14.8 5.0 2.5 2 1 2 1 1
3231.0 -1841.9 -8.3 187 0 9.3 5.6 5.0 2.5 2 0 2 3 3
3238.6 -1871.4 -7.7 193 0 13.2 15.5 5.0 0.0 0 1 2 2 2
3275.2 -1854.8 -6.9 191 0 6.8 9.0 5.0 2.5 2 1 2 3 3
3257.3 -1859.1 -7.3 198 0 8.9 10.8 5.0 0.0 0 1 2 3 3
3280.4 -1879.1 -7.0 16 0 8.1 16.7 5.0 0.0 0 1 2 3 3
3320.0 -1913.2 -7.2 68 0 10.3 13.6 5.0 0.0 0 1 2 5 5
3345.4 -1937.2 -7.8 113 0 20.4 7.6 5.0 2.5 2 0 2 0 0
3371.4 -1932.0 -9.0 23 0 8.5 12.8 5.0 2.5 2 1 2 2 2
3391.4 -1886.9 -11.2 23 0 11.5 13.1 5.0 2.5 2 1 2 3 3
3384.7 -1902.6 -10.6 21 0 19.7 10.5 5.0 2.5 2 0 2 2 2
3363.5 -1909.2 -8.7 19 0 10.8 20.9 5.0 0.0 0 1 2 5 5
3343.2 -1890.9 -8.6 17 0 17.8 13.6 5.0 2.5 4 0 2 2 2
3350.0 -1870.1 -9.6 20 0 19.6 16.7 5.0 2.5 2 0 2 2 2
3357.1 -1850.7 -10.4 21 0 15.3 13.3 5.0 0.0 0 0 2 1 1
3321.4 -1671.7 -13.3 14 0 8.4 26.3 5.0 2.5 2 1 2 5 5
3330.9 -1643.2 -14.3 21 0 9.1 14.2 5.0 2.5 2 1 2 3 3
3327.2 -1660.0 -13.9 20 0 12.7 14.7 5.0 2.5 2 1 2 0 0
3327.8 -1675.8 -13.5 16 0 11.6 5.7 5.0 2.5 2 0 2 0 0
3317.9 -1687.4 -12.9 15 0 15.0 9.4 5.0 2.5 4 0 2 0 0
3258.8 -1600.0 -12.8 185 0 14.3 13.8 5.0 0.0 0 0 2 0 0
3255.3 -1578.1 -13.1 185 0 12.5 17.6 5.0 0.0 0 1 2 3 3
3330.4 -1547.5 -15.4 2 0 7.3 8.7 5.0 0.0 0 1 2 0 0
3319.3 -1543.2 -15.0 353 0 6.3 7.1 5.0 2.5 2 1 2 5 5
3320.5 -1553.3 -14.9 354 0 10.2 7.7 5.0 2.5 2 0 2 5 5
3281.9 -1506.4 -14.9 320 0 19.3 12.9 5.0 2.5 2 0 2 2 2
3327.5 -1512.6 -16.4 135 0 8.4 7.6 5.0 2.5 2 0 2 1 1
3334.5 -1506.7 -16.8 141 0 9.3 7.5 5.0 2.5 2 0 2 4 4
3514.4 -1381.5 -11.6 74 0 9.9 7.8 5.0 2.5 2 0 2 0 0
3546.6 -1310.5 -7.9 239 0 10.2 8.2 5.0 2.5 4 0 2 4 4
3556.6 -1329.2 -7.8 68 0 10.9 8.2 5.0 2.5 2 0 2 4 4
4656.9 -2539.5 -15.8 249 0 8.4 14.8 5.0 2.5 2 1 2 4 4
4696.0 -2608.1 -19.8 113 0 13.2 11.2 5.0 2.5 2 0 2 2 2
4642.6 -2558.9 -16.9 156 0 12.7 9.2 5.0 2.5 2 0 2 5 5
3404.1 6098.3 9.6 65 0 9.8 10.5 5.0 2.5 2 1 2 0 0
3324.2 6112.8 8.0 134 0 8.4 12.0 2.5 2.5 2 1 1 3 3
3306.7 6098.6 9.2 323 0 10.5 13.0 2.5 2.5 2 1 1 2 2
3112.3 6015.4 13.3 251 0 9.1 10.1 5.0 2.5 2 1 2 5 5
3086.0 6006.7 13.5 246 0 7.0 12.4 5.0 2.5 2 1 2 3 3
3080.0 6022.2 13.3 72 0 7.1 11.6 2.5 2.5 2 1 1 5 5
3059.1 6010.7 12.6 67 0 7.7 13.2 2.5 2.5 2 1 1 0 0
3070.0 5996.9 13.6 250 0 10.6 15.8 5.0 2.5 2 1 2 2 2
2931.0 5949.8 13.6 135 0 6.7 10.1 5.0 2.5 2 1 2 4 4
2939.7 5904.9 13.8 315 0 6.1 11.1 2.5 2.5 2 1 1 2 2
2955.4 5916.6 14.0 135 0 9.1 14.5 5.0 2.5 2 1 2 2 2
2970.5 5901.0 13.9 135 0 6.5 11.1 5.0 2.5 2 1 2 0 0
2989.5 5887.2 13.8 45 0 9.5 7.4 5.0 2.5 2 0 2 4 4
2978.5 5845.1 12.9 225 0 14.9 9.5 5.0 2.5 2 0 2 4 4
2964.4 5867.8 13.9 45 0 10.5 6.7 2.5 2.5 2 0 1 1 1
2931.7 5837.6 14.2 45 0 9.3 9.7 2.5 2.5 2 1 1 1 1
2911.1 5822.0 14.0 45 0 9.9 8.2 2.5 2.5 2 0 1 5 5
2923.1 5803.9 12.9 225 0 9.0 10.7 5.0 2.5 2 1 2 3 3
2902.7 5786.3 12.7 225 0 7.2 8.8 5.0 2.5 2 1 2 1 1
2888.7 5803.3 13.6 45 0 11.1 7.8 2.5 2.5 2 0 1 0 0
2869.2 5785.5 13.3 45 0 8.0 6.7 2.5 2.5 2 0 1 2 2
2884.2 5768.9 12.4 225 0 6.7 8.4 5.0 2.5 2 1 2 4 4
2849.8 5767.1 11.8 45 0 10.1 7.1 2.5 2.5 2 0 1 2 2
2830.8 5749.4 9.7 45 0 10.7 10.3 2.5 2.5 2 0 1 0 0
2864.5 5751.4 12.3 225 0 8.8 10.5 5.0 2.5 2 1 2 2 2
2845.3 5733.6 10.5 225 0 7.6 10.1 5.0 2.5 2 1 2 4 4
3850.9 2793.5 8.7 338 0 7.0 12.1 5.0 2.5 2 1 2 1 1
3844.4 2814.0 8.7 338 0 7.3 10.6 5.0 2.5 2 1 2 3 3
3835.0 2838.4 8.8 338 0 6.2 11.7 5.0 2.5 2 1 2 4 4
3844.8 2859.8 7.2 158 0 8.4 10.4 5.0 2.5 2 1 2 4 4
3859.9 2840.9 7.2 68 0 9.5 6.1 5.0 2.5 2 0 2 4 4
3866.3 2827.0 7.1 248 0 8.6 6.4 2.5 2.5 2 0 1 5 5
3875.7 2801.7 7.5 158 0 8.0 13.9 2.5 2.5 4 1 1 5 5
3885.0 2777.8 7.8 142 0 9.3 13.2 2.5 2.5 2 1 1 4 4
3893.6 2746.5 8.0 142 0 7.3 9.0 2.5 0.0 0 1 1 0 0
3898.8 2705.9 8.3 322 0 7.9 9.2 5.0 2.5 2 1 2 4 4
3913.3 2690.4 8.2 322 0 8.7 8.6 5.0 0.0 0 0 2 5 5
3928.3 2673.4 7.8 322 0 9.3 9.9 5.0 2.5 2 1 2 5 5
3940.6 2660.7 7.4 322 0 9.8 12.5 5.0 2.5 2 1 2 2 2
3943.0 2687.2 7.4 142 0 7.5 9.2 5.0 2.5 2 1 2 0 0
3953.6 2673.6 7.3 142 0 6.9 7.6 5.0 2.5 4 1 2 1 1
3965.5 2657.4 6.9 142 0 6.8 10.3 5.0 2.5 4 1 2 2 2
