478.7 -1044.8 15.7 129 0 9.8 10.8 2.5 2.5 2 1 1 4 4
379.8 -1121.2 15.0 222 0 8.8 12.1 5.0 2.5 2 1 2 0 0
347.4 -1151.9 15.4 225 0 8.8 12.2 5.0 2.5 2 1 2 3 3
439.4 -1149.0 12.5 310 0 10.7 9.3 5.0 2.5 2 0 2 4 4
416.2 -1168.9 12.0 221 0 7.1 10.1 5.0 2.5 2 1 2 1 1
418.2 -1595.8 -14.0 130 0 9.6 11.6 2.5 2.5 2 1 1 2 2
513.6 -1646.4 -13.5 29 0 12.3 6.9 2.5 0.0 0 0 1 0 0
491.4 -1643.1 -13.7 123 0 6.7 14.2 2.5 2.5 2 1 1 5 5
476.9 -1627.9 -13.7 122 0 8.1 7.4 2.5 2.5 2 0 1 3 3
471.7 -1595.7 -13.7 122 0 14.8 9.5 2.5 2.5 2 0 1 0 0
458.7 -1544.3 -12.7 214 0 11.8 52.3 2.5 2.5 2 1 1 4 4
522.2 -1581.3 -13.2 305 0 14.7 15.2 2.5 0.0 0 1 1 4 4
541.4 -1599.2 -13.4 302 0 6.9 10.8 2.5 2.5 2 1 1 5 5
564.0 -1611.1 -13.3 35 0 14.5 6.7 2.5 2.5 2 0 1 5 5
759.7 -1534.2 -12.6 338 0 10.3 11.6 5.0 2.5 2 1 2 5 5
751.3 -1516.4 -12.8 332 0 9.0 9.0 5.0 2.5 2 1 2 5 5
744.1 -1503.3 -13.0 324 0 6.1 7.7 5.0 2.5 2 1 2 5 5
740.4 -1494.1 -13.2 322 0 5.4 8.7 5.0 2.5 2 1 2 1 1
735.7 -1484.9 -13.2 330 0 7.6 9.6 5.0 0.0 0 1 2 2 2
790.7 -1489.6 -11.6 5 0 11.4 10.6 5.0 2.5 4 0 2 3 3
779.0 -1442.0 -10.8 2 0 11.0 9.8 5.0 2.5 2 0 2 0 0
770.7 -1485.8 -11.9 94 0 11.1 34.4 5.0 2.5 2 1 2 5 5
782.7 -1518.3 -11.7 180 0 9.5 17.8 5.0 2.5 2 1 2 2 2
968.7 -1632.6 -11.0 31 0 9.8 8.9 2.5 2.5 2 0 1 4 4
940.4 -1662.7 -10.6 285 0 10.2 9.5 2.5 2.5 2 0 1 2 2
956.3 -1667.4 -10.7 289 0 12.7 12.0 2.5 2.5 2 0 1 5 5
997.1 -1520.6 -10.8 200 0 9.8 22.2 5.0 2.5 2 1 2 0 0
1008.2 -1500.1 -10.6 197 0 18.7 15.9 5.0 2.5 2 0 2 5 5
1033.9 -1494.6 -10.3 196 0 14.0 8.1 5.0 2.5 2 0 2 2 2
1274.6 -1732.4 -7.9 13 0 14.4 11.3 2.5 2.5 2 0 1 4 4
1235.2 -1732.4 -10.5 284 0 11.4 12.9 2.5 2.5 2 1 1 2 2
1240.7 -1679.0 -7.0 191 0 15.5 15.9 2.5 2.5 4 1 1 5 5
1282.3 -1675.1 -4.6 8 0 16.3 12.7 2.5 2.5 2 0 1 3 3
1285.0 -1654.1 -3.8 6 0 15.9 11.5 2.5 2.5 2 0 1 2 2
1231.0 -1534.7 -2.6 178 0 10.2 8.8 2.5 2.5 2 0 1 3 3
1229.8 -1568.8 -4.9 182 0 9.6 9.3 2.5 2.5 2 0 1 5 5
1238.3 -1609.8 -6.2 180 0 9.8 17.5 2.5 2.5 2 1 1 2 2
1238.7 -1627.1 -6.5 181 0 14.0 11.7 2.5 2.5 2 0 1 4 4
1119.6 -1549.9 -10.0 19 0 17.5 7.3 2.5 2.5 2 0 1 1 1
1065.7 -1433.4 -4.3 199 0 11.1 10.7 5.0 2.5 2 0 2 1 1
1089.9 -1497.2 -9.5 19 0 23.5 11.0 5.0 2.5 2 0 2 3 3
990.3 -1601.9 -11.2 19 0 8.3 16.3 2.5 2.5 2 1 1 5 5
1008.4 -1608.0 -11.6 199 0 4.8 10.6 2.5 2.5 2 1 1 3 3
989.2 -1643.5 -11.3 199 0 7.2 13.9 2.5 2.5 2 1 1 5 5
1049.3 -1631.2 -12.1 19 0 12.2 9.1 2.5 2.5 2 0 1 5 5
1045.8 -1646.7 -12.1 19 0 8.2 14.2 2.5 2.5 2 1 1 1 1
1055.4 -1614.8 -12.0 19 0 7.2 17.6 2.5 2.5 2 1 1 4 4
1065.6 -1584.6 -11.3 19 0 6.9 16.8 2.5 2.5 2 1 1 4 4
1069.8 -1568.6 -11.0 19 0 8.5 14.1 2.5 2.5 2 1 1 2 2
1087.2 -1572.4 -10.8 199 0 10.0 12.9 2.5 2.5 2 1 1 3 3
1082.2 -1588.4 -11.2 199 0 10.2 15.4 2.5 2.5 2 1 1 4 4
1077.5 -1605.0 -11.8 199 0 8.5 14.1 2.5 2.5 2 1 1 0 0
1073.4 -1621.2 -12.3 199 0 7.1 15.5 2.5 2.5 4 1 1 2 2
1067.4 -1636.4 -12.7 199 0 6.5 14.7 2.5 2.5 2 1 1 2 2
1062.5 -1652.6 -12.8 199 0 7.5 15.2 2.5 2.5 2 1 1 1 1
1113.5 -1654.0 -12.8 107 0 13.7 7.2 2.5 2.5 2 0 1 3 3
1111.4 -1671.6 -13.4 108 0 14.9 7.8 2.5 2.5 4 0 1 4 4
1155.9 -1669.4 -12.1 108 0 10.1 7.8 2.5 2.5 2 0 1 4 4
1161.9 -1686.6 -12.1 90 0 8.0 5.7 2.5 2.5 2 0 1 5 5
1022.6 -1816.3 -12.2 196 0 16.4 10.5 2.5 2.5 2 0 1 2 2
1027.4 -1832.9 -12.5 183 0 5.4 10.5 2.5 2.5 2 1 1 3 3
1012.1 -1852.2 -13.5 293 0 20.1 15.7 2.5 2.5 4 0 1 3 3
991.3 -1816.0 -11.2 23 0 13.9 9.9 2.5 2.5 2 0 1 3 3
994.5 -1798.0 -11.0 23 0 13.0 11.6 2.5 2.5 4 0 1 5 5
1004.8 -1770.2 -10.9 23 0 7.2 8.6 2.5 2.5 2 1 1 1 1
1015.5 -1739.0 -11.3 23 0 9.9 7.4 2.5 2.5 2 0 1 4 4
1025.6 -1709.2 -11.9 23 0 8.2 12.4 2.5 0.0 0 1 1 3 3
1033.5 -1684.4 -12.0 23 0 10.6 12.0 2.5 0.0 0 1 1 5 5
1073.0 -1691.4 -13.0 293 0 7.6 8.7 2.5 0.0 0 1 1 1 1
1051.7 -1690.3 -12.6 203 0 10.1 7.0 2.5 0.0 0 0 1 5 5
1045.9 -1714.3 -12.7 203 0 9.3 11.2 2.5 2.5 2 1 1 0 0
1040.7 -1727.9 -12.7 203 0 10.1 13.8 2.5 2.5 2 1 1 2 2
1031.1 -1759.6 -12.1 203 0 6.1 6.8 2.5 2.5 2 1 1 4 4
1027.1 -1775.8 -11.9 203 0 5.3 7.1 2.5 2.5 2 1 1 5 5
1141.2 -1683.1 -12.6 113 0 6.2 7.5 2.5 2.5 2 1 1 5 5
1104.4 -1695.4 -13.8 293 0 8.9 16.4 2.5 2.5 2 1 1 4 4
1096.3 -1731.2 -13.8 23 0 9.3 6.7 2.5 2.5 2 0 1 2 2
1092.4 -1747.4 -13.9 23 0 6.3 14.8 2.5 2.5 2 1 1 0 0
1131.3 -1715.2 -13.4 203 0 9.4 8.3 2.5 2.5 2 0 1 1 1
1124.2 -1731.2 -13.7 203 0 9.4 9.2 2.5 2.5 2 0 1 5 5
1116.3 -1751.7 -13.9 203 0 8.5 13.8 2.5 2.5 2 1 1 2 2
1109.6 -1767.6 -13.7 203 0 8.8 15.3 2.5 2.5 2 1 1 1 1
1104.4 -1785.9 -13.9 203 0 8.0 8.2 2.5 0.0 0 1 1 1 1
1099.6 -1804.2 -14.1 203 0 7.9 10.9 2.5 2.5 4 1 1 1 1
1091.7 -1829.4 -13.5 203 0 8.2 15.6 2.5 2.5 2 1 1 0 0
1083.4 -1847.5 -13.1 203 0 8.4 9.0 2.5 2.5 2 1 1 0 0
1168.7 -1747.1 -12.5 23 0 10.1 8.6 2.5 2.5 2 0 1 1 1
1155.4 -1782.6 -13.4 23 0 8.7 12.8 2.5 2.5 4 1 1 3 3
1146.3 -1815.1 -14.2 23 0 8.0 8.2 2.5 2.5 2 1 1 4 4
1142.3 -1831.2 -14.6 23 0 7.3 12.7 2.5 2.5 2 1 1 0 0
1219.3 -1776.3 -11.9 23 0 7.5 6.2 2.5 2.5 2 0 1 3 3
1188.7 -1750.1 -12.4 203 0 8.6 9.6 2.5 2.5 2 1 1 3 3
1181.8 -1766.2 -12.8 203 0 9.9 11.9 2.5 2.5 2 1 1 5 5
1168.6 -1806.1 -13.8 203 0 7.5 8.5 2.5 2.5 2 1 1 4 4
1167.9 -1821.8 -14.1 203 0 8.4 10.0 2.5 0.0 0 1 1 1 1
1161.2 -1837.5 -14.5 206 0 6.9 8.6 2.5 0.0 0 1 1 5 5
1150.1 -1866.3 -15.3 201 0 7.6 9.8 2.5 2.5 2 1 1 5 5
1163.2 -1913.1 -15.8 187 0 17.6 13.3 2.5 2.5 2 0 1 3 3
1193.7 -1928.2 -16.2 97 0 11.1 16.8 2.5 0.0 0 1 1 3 3
6910.1 170.7 -6.1 206 0 34.6 13.6 10.0 2.5 4 0 4 3 3
6904.2 137.2 -6.1 30 0 12.9 12.5 5.0 2.5 2 0 2 1 1
6908.9 110.6 -7.7 293 0 13.8 10.6 5.0 2.5 2 0 2 1 1
6897.1 110.9 -6.7 21 0 10.7 11.2 7.5 0.0 0 1 3 5 5
6868.5 121.0 -6.0 202 0 12.2 16.0 5.0 0.0 0 1 2 5 5
