-4170.6 -3897.9 -19.1 85 0 5.6 8.5 2.5 2.5 2 1 1 4 4
-4185.3 -4129.8 -21.9 2 0 6.7 3.4 5.0 2.5 2 0 2 0 0
-4192.2 -4140.0 -21.8 93 0 4.7 13.8 7.5 2.5 2 1 3 5 5
-4191.5 -4107.2 -22.0 270 0 6.6 14.0 2.5 2.5 2 1 1 2 2
-4209.5 -4099.6 -21.9 192 0 6.0 12.4 2.5 2.5 2 1 1 5 5
-6397.8 -4866.6 10.8 135 0 6.6 8.7 5.0 2.5 2 1 2 4 4
-6430.1 -4851.8 14.1 150 0 6.4 7.2 5.0 2.5 2 1 2 4 4
-6354.7 -4858.3 8.2 316 0 7.1 12.7 5.0 2.5 2 1 2 1 1
-6363.3 -4892.6 7.3 106 0 6.5 8.3 5.0 2.5 2 1 2 1 1
-6346.7 -4898.4 6.9 25 0 16.5 8.6 5.0 2.5 2 0 2 2 2
-6299.4 -4879.9 12.2 129 0 9.4 11.1 2.5 2.5 2 1 1 1 1
-6290.2 -4898.1 11.9 306 0 11.7 17.3 2.5 2.5 2 1 1 4 4
-6278.6 -4879.7 12.7 127 0 8.6 7.5 2.5 2.5 2 0 1 4 4
-6285.7 -4889.1 13.1 125 0 8.5 10.7 2.5 2.5 2 1 1 0 0
-6268.0 -4901.1 14.3 127 0 8.1 8.7 2.5 0.0 0 1 1 4 4
-6278.1 -4908.1 12.9 306 0 9.4 15.9 2.5 2.5 2 1 1 2 2
-6265.7 -4915.1 14.2 307 0 8.3 11.4 2.5 2.5 2 1 1 3 3
-6251.7 -4925.7 14.1 309 0 11.2 12.0 2.5 2.5 2 1 1 0 0
-6898.8 -4353.7 -4.7 181 0 16.6 6.7 2.5 2.5 2 0 1 0 0
-6847.2 -4313.8 -4.7 88 0 10.6 8.5 5.0 2.5 2 0 2 2 2
-6829.4 -4352.5 -6.3 88 0 7.9 5.2 2.5 2.5 2 0 1 2 2
-6822.7 -4309.0 -5.0 83 0 8.0 9.6 5.0 2.5 2 1 2 1 1
-6830.8 -4336.6 -6.1 266 0 7.8 9.8 2.5 2.5 2 1 1 0 0
-6800.3 -4338.0 -6.8 268 0 8.7 13.6 2.5 2.5 2 1 1 1 1
-6806.7 -4305.8 -5.6 77 0 9.7 8.2 5.0 2.5 2 0 2 4 4
-6790.0 -4301.9 -6.1 76 0 8.1 10.5 5.0 2.5 2 1 2 0 0
-6776.0 -4337.9 -7.1 254 0 8.1 9.9 2.5 2.5 2 1 1 0 0
-6760.5 -4320.2 -7.2 252 0 6.9 9.9 2.5 2.5 4 1 1 5 5
-6770.8 -4295.4 -6.7 57 0 9.2 11.0 5.0 2.5 2 1 2 3 3
-6758.2 -4289.6 -7.0 58 0 6.0 7.4 5.0 2.5 2 1 2 0 0
-6740.5 -4276.1 -7.4 67 0 11.9 7.3 5.0 2.5 2 0 2 4 4
-6710.3 -4296.4 -7.5 257 0 20.8 12.5 2.5 2.5 2 0 1 1 1
