3777.8 -1924.1 -201.4 207 0 16.6 15.7 5.0 2.5 2 0 2 4 4
5984.6 6553.1 12.1 0 0 8.6 9.9 2.5 2.5 2 1 1 1 1
5981.6 6508.9 18.2 4 0 8.2 5.8 2.5 2.5 2 0 1 4 4
6045.0 6461.0 20.8 1 0 6.9 11.7 5.0 2.5 2 1 2 4 4
6040.1 6474.5 21.6 276 0 8.9 8.2 5.0 0.0 0 0 2 0 0
6035.9 6515.0 21.2 2 0 10.5 11.5 5.0 2.5 2 1 2 4 4
6064.8 6463.8 18.4 181 0 9.7 17.1 5.0 2.5 2 1 2 0 0
6001.6 6455.0 18.9 188 0 10.6 8.2 5.0 2.5 2 0 2 3 3
6000.5 6295.0 13.3 10 0 10.6 15.8 5.0 2.5 2 1 2 5 5
6019.1 6306.8 13.3 14 0 12.0 16.0 5.0 2.5 2 1 2 4 4
6019.9 6375.7 14.7 12 0 11.3 7.0 5.0 2.5 2 0 2 4 4
5994.5 6405.2 14.1 183 0 13.1 8.7 5.0 2.5 2 0 2 4 4
5964.2 6384.7 12.1 10 0 12.9 8.3 2.5 2.5 2 0 1 2 2
5879.4 6275.1 11.2 276 0 6.6 11.0 5.0 2.5 2 1 2 2 2
5869.0 6237.0 10.8 185 0 13.2 9.8 5.0 2.5 2 0 2 1 1
5912.6 6224.7 14.9 103 0 11.3 25.2 10.0 2.5 2 1 4 5 5
6392.1 4262.7 98.0 180 0 4.0 5.3 5.0 2.5 2 1 2 5 5
6393.1 4276.2 97.9 190 0 6.8 5.0 5.0 0.0 0 0 2 2 2
6399.4 4285.6 97.8 186 0 4.7 5.8 5.0 2.5 4 1 2 1 1
6385.6 4298.9 92.2 15 0 7.6 8.1 2.5 2.5 2 1 1 2 2
6397.0 4315.7 92.3 38 0 6.2 5.2 2.5 2.5 2 0 1 3 3
6416.5 4309.8 96.5 40 0 6.4 9.7 2.5 2.5 2 1 1 1 1
6378.1 4277.8 95.8 18 0 10.7 4.8 2.5 2.5 2 0 1 5 5
6384.1 4228.9 92.2 201 0 8.6 7.0 5.0 2.5 2 0 2 5 5
6387.5 4242.8 94.5 190 0 8.5 7.1 5.0 2.5 2 0 2 2 2
6369.3 4244.8 92.8 12 0 9.8 6.3 2.5 2.5 2 0 1 3 3
6376.9 4188.1 85.2 191 0 9.4 7.1 5.0 2.5 2 0 2 2 2
6380.8 4215.7 90.3 192 0 6.2 7.3 5.0 2.5 2 1 2 0 0
6370.3 4212.9 88.0 15 0 11.4 11.2 2.5 2.5 2 0 1 0 0
6360.7 4194.5 82.0 12 0 13.1 7.8 2.5 2.5 4 0 1 3 3
6374.1 4168.8 61.0 187 0 11.4 5.9 5.0 2.5 2 0 2 4 4
6372.3 4148.2 68.8 178 0 11.3 7.1 5.0 2.5 2 0 2 4 4
6366.9 4117.6 73.3 193 0 10.7 13.4 5.0 2.5 2 1 2 0 0
6353.5 4079.0 74.3 6 0 11.7 6.6 2.5 2.5 2 0 1 0 0
6365.7 4059.7 64.2 187 0 14.7 9.3 5.0 2.5 2 0 2 4 4
6366.3 4038.9 59.6 187 0 10.2 6.9 5.0 2.5 2 0 2 1 1
6351.9 4029.8 57.3 359 0 12.0 11.6 2.5 2.5 2 0 1 4 4
6365.1 4015.8 68.1 187 0 9.3 6.4 5.0 2.5 2 0 2 2 2
6363.6 3997.3 74.1 202 0 11.2 6.6 5.0 2.5 2 0 2 1 1
6344.9 3996.4 73.6 10 0 10.3 6.0 2.5 2.5 2 0 1 2 2
6344.1 3980.9 81.8 7 0 9.9 7.2 2.5 2.5 2 0 1 0 0
6354.4 3975.4 79.9 216 0 10.2 6.7 5.0 2.5 2 0 2 1 1
6034.6 3932.7 117.5 171 0 6.0 7.8 2.5 2.5 2 1 1 2 2
6049.6 3932.0 118.5 273 0 5.9 6.9 2.5 2.5 2 1 1 2 2
6068.3 3885.1 126.0 35 0 6.2 12.0 2.5 2.5 2 1 1 1 1
6078.9 3867.0 125.9 72 0 7.4 13.5 2.5 2.5 2 1 1 3 3
6057.4 3869.5 126.5 338 0 9.0 7.6 2.5 2.5 2 0 1 4 4
6082.7 3848.7 124.9 308 0 7.1 11.4 5.0 2.5 2 1 2 5 5
4670.2 3612.2 197.3 24 0 7.1 10.1 5.0 2.5 2 1 2 2 2
5791.6 5641.3 2.4 215 0 5.8 8.9 5.0 2.5 2 1 2 4 4
5732.7 5614.0 3.3 297 0 10.2 12.1 2.5 2.5 2 1 1 5 5
5726.3 5590.6 4.9 25 0 12.8 8.1 2.5 2.5 4 0 1 4 4
5709.4 5556.6 7.3 27 0 13.3 7.2 2.5 2.5 2 0 1 0 0
5731.3 5524.5 10.0 210 0 9.4 5.9 5.0 2.5 2 0 2 5 5
5684.9 5484.3 11.1 30 0 13.9 11.3 2.5 2.5 2 0 1 4 4
5708.1 5470.5 15.2 209 0 7.3 4.0 5.0 2.5 4 0 2 2 2
5701.0 5456.0 15.7 202 0 8.2 7.8 5.0 2.5 2 0 2 5 5
5665.9 5457.2 12.1 29 0 11.1 7.1 2.5 2.5 2 0 1 0 0
5652.1 5429.5 12.9 22 0 10.9 7.8 2.5 2.5 2 0 1 1 1
5645.2 5415.4 13.8 20 0 8.3 6.3 2.5 2.5 2 0 1 2 2
5641.8 5402.2 14.2 22 0 10.9 9.2 2.5 2.5 4 0 1 0 0
5801.1 5456.1 8.0 39 0 12.3 15.8 7.5 2.5 2 1 3 0 0
5728.0 5299.2 16.9 192 0 10.2 7.6 2.5 2.5 2 0 1 5 5
5722.0 5271.4 19.2 187 0 9.8 6.6 2.5 2.5 2 0 1 4 4
5716.6 5236.3 20.7 190 0 8.9 6.8 2.5 0.0 0 0 1 1 1
5714.8 5217.9 20.8 191 0 10.7 7.9 2.5 2.5 2 0 1 2 2
5703.6 5198.8 23.6 208 0 9.4 8.2 2.5 0.0 0 0 1 2 2
5683.8 5172.8 22.8 222 0 11.6 13.0 2.5 0.0 0 1 1 4 4
5667.6 5152.0 23.3 221 0 13.1 9.6 2.5 0.0 0 0 1 1 1
