-6824.8 5755.0 -638.0 152 0 10.0 9.1 2.5 2.5 2 0 1 5 5
-6818.9 5741.5 -637.4 156 0 14.6 9.7 2.5 2.5 2 0 1 4 4
-6811.5 5710.1 -635.9 157 0 6.0 15.8 2.5 2.5 2 1 1 3 3
-6804.8 5692.3 -635.1 155 0 5.9 10.4 2.5 2.5 2 1 1 0 0
-6801.4 5680.3 -634.6 153 0 7.8 8.6 2.5 0.0 0 1 1 4 4
-6795.4 5667.2 -634.0 157 0 8.5 8.5 2.5 2.5 2 1 1 1 1
-6823.4 5685.8 -636.2 340 0 10.5 8.4 5.0 2.5 2 0 2 0 0
-6823.4 5657.0 -635.3 334 0 7.0 10.6 5.0 2.5 2 1 2 3 3
-6812.9 5633.5 -634.2 341 0 6.8 10.3 5.0 2.5 2 1 2 1 1
-6786.8 5594.2 -631.9 357 0 8.4 8.8 5.0 2.5 2 1 2 3 3
-6788.9 5565.8 -631.2 358 0 10.0 15.5 5.0 2.5 2 1 2 5 5
-6785.2 5554.4 -629.8 0 0 7.9 7.7 5.0 2.5 2 0 2 4 4
-6783.8 5540.8 -629.7 2 0 8.2 8.4 5.0 2.5 2 1 2 4 4
-6725.6 5538.3 -625.2 355 0 6.5 14.2 2.5 2.5 2 1 1 4 4
-6781.1 5415.5 -621.9 3 0 9.4 6.1 5.0 2.5 2 0 2 2 2
-6739.7 5400.6 -620.7 176 0 9.7 11.6 2.5 2.5 2 1 1 3 3
-6732.9 5370.1 -619.9 183 0 9.6 17.4 2.5 0.0 0 1 1 4 4
-6734.1 5349.0 -618.2 172 0 7.7 9.5 2.5 2.5 2 1 1 5 5
-6716.7 5286.4 -615.7 0 0 8.8 10.4 2.5 2.5 2 1 1 4 4
-6743.3 5208.1 -612.3 181 0 9.4 12.8 2.5 2.5 2 1 1 3 3
-6741.5 5235.8 -613.2 187 0 11.0 11.2 2.5 2.5 2 1 1 4 4
-6775.3 5297.9 -615.9 15 0 8.2 6.3 2.5 2.5 2 0 1 3 3
-6766.1 5282.5 -615.2 13 0 7.5 11.7 2.5 2.5 2 1 1 1 1
-6770.8 5248.7 -613.5 15 0 13.1 6.1 2.5 2.5 2 0 1 5 5
-6772.3 5229.1 -612.5 16 0 10.4 12.5 2.5 2.5 2 1 1 3 3
-6792.8 5190.5 -610.5 23 0 8.1 6.6 2.5 2.5 2 0 1 3 3
-6788.5 5177.1 -609.9 22 0 8.7 12.6 2.5 2.5 2 1 1 2 2
-6801.0 5147.3 -608.4 24 0 7.8 11.3 2.5 2.5 2 1 1 1 1
-6804.3 5135.3 -607.7 21 0 8.5 9.8 2.5 2.5 2 1 1 5 5
-6781.2 5078.8 -605.8 188 0 8.4 9.1 2.5 2.5 2 1 1 2 2
-6780.4 5059.2 -605.2 184 0 10.2 8.3 2.5 2.5 2 0 1 4 4
-6809.5 5081.1 -605.0 6 0 12.6 18.9 2.5 2.5 2 1 1 3 3
-6815.6 5064.6 -603.9 9 0 8.9 8.2 2.5 2.5 2 0 1 5 5
-6816.3 5048.4 -603.1 4 0 11.8 10.0 2.5 2.5 2 0 1 1 1
-6817.5 5030.1 -602.9 3 0 9.0 15.1 2.5 2.5 2 1 1 2 2
-6816.3 5010.7 -601.9 5 0 11.5 10.4 2.5 2.5 2 0 1 3 3
-6831.4 4993.3 -603.3 358 0 7.5 5.1 2.5 2.5 2 0 1 0 0
-6818.1 4984.9 -601.3 3 0 8.4 5.8 2.5 2.5 2 0 1 5 5
-6865.4 5016.6 -607.8 185 0 10.1 9.0 2.5 2.5 2 0 1 2 2
-6800.8 4896.8 -599.1 198 0 8.4 8.8 2.5 2.5 2 1 1 1 1
-6809.6 4842.8 -599.4 196 0 9.3 6.9 2.5 2.5 2 0 1 2 2
-6728.9 4943.0 -597.4 104 0 8.5 10.0 2.5 2.5 2 1 1 2 2
-6715.0 4934.0 -597.0 103 0 11.6 11.0 2.5 2.5 2 0 1 2 2
-6701.5 4972.3 -600.1 16 0 15.2 29.0 2.5 2.5 2 1 1 4 4
-6744.7 5015.8 -602.2 279 0 7.5 8.6 2.5 2.5 2 1 1 0 0
-6747.0 5000.2 -601.0 292 0 9.2 7.6 2.5 2.5 2 0 1 1 1
-6783.4 5023.0 -602.5 189 0 6.9 11.0 2.5 2.5 2 1 1 1 1
-6783.2 5002.4 -601.0 182 0 7.2 5.5 2.5 2.5 2 0 1 1 1
-6786.7 4982.9 -599.4 190 0 8.0 6.8 2.5 2.5 2 0 1 3 3
-6788.5 4963.1 -598.6 184 0 7.9 11.7 2.5 2.5 2 1 1 5 5
-6793.5 4941.1 -598.8 185 0 12.0 20.3 2.5 2.5 4 1 1 1 1
-6796.5 4914.6 -598.9 192 0 9.9 10.8 2.5 2.5 2 1 1 5 5
-6820.4 4947.4 -604.2 4 0 14.3 23.0 2.5 2.5 2 1 1 1 1
-6828.9 4924.3 -604.2 7 0 11.9 15.2 2.5 2.5 2 1 1 0 0
-6833.5 4913.2 -603.6 0 0 7.9 7.3 2.5 2.5 4 0 1 3 3
-6833.8 4899.4 -604.7 356 0 7.0 15.7 2.5 2.5 2 1 1 3 3
-6838.0 4883.1 -604.6 356 0 11.3 14.1 2.5 2.5 2 1 1 2 2
-6841.3 4865.4 -604.6 357 0 11.8 15.9 2.5 2.5 2 1 1 4 4
-6878.3 4801.2 -604.6 203 0 8.1 8.9 2.5 2.5 2 1 1 3 3
-6862.2 4793.4 -603.9 20 0 12.0 7.7 2.5 2.5 4 0 1 3 3
-6870.5 4754.0 -603.8 15 0 10.6 9.9 2.5 2.5 2 0 1 0 0
-6846.1 4746.1 -601.6 179 0 10.7 9.6 2.5 2.5 4 0 1 1 1
-6816.2 4716.0 -600.2 1 0 58.8 11.5 2.5 2.5 2 0 1 3 3
-6840.3 4681.1 -600.0 179 0 12.4 10.0 2.5 2.5 2 0 1 3 3
-6817.1 4674.1 -597.6 0 0 8.2 7.1 2.5 0.0 0 0 1 4 4
-6817.5 4657.5 -597.1 2 0 10.5 8.9 2.5 0.0 0 0 1 5 5
-6822.3 4634.6 -596.0 90 0 8.1 11.6 2.5 0.0 0 1 1 0 0
-6875.4 4710.6 -603.2 348 0 9.9 8.3 2.5 0.0 0 0 1 4 4
-6872.1 4691.0 -602.5 359 0 7.8 7.4 2.5 2.5 2 0 1 3 3
-6874.6 4658.3 -602.2 354 0 13.8 7.6 2.5 2.5 2 0 1 3 3
-6867.3 4628.5 -601.1 358 0 11.3 7.9 2.5 2.5 2 0 1 0 0
-6723.2 4397.3 -562.5 11 0 8.8 7.6 2.5 2.5 2 0 1 2 2
-6727.1 4372.9 -561.5 105 0 8.6 9.4 5.0 2.5 2 1 2 2 2
-6846.6 4462.7 -591.3 119 0 10.2 12.3 5.0 2.5 2 1 2 3 3
-6889.1 4406.2 -597.6 209 0 8.0 10.0 5.0 0.0 0 1 2 3 3
-1304.1 -4229.7 360.1 281 0 9.6 14.7 2.5 2.5 2 1 1 4 4
-1319.7 -4243.3 359.7 89 0 9.2 8.1 2.5 2.5 2 0 1 5 5
-1333.5 -4244.8 358.6 90 0 10.2 9.0 7.5 2.5 2 0 3 5 5
-1367.0 -4245.4 355.6 88 0 7.4 14.0 7.5 2.5 2 1 3 4 4
-1383.7 -4244.3 354.6 90 0 7.4 10.0 5.0 2.5 2 1 2 4 4
-1400.4 -4243.6 352.8 97 0 7.9 8.0 7.5 2.5 4 1 3 1 1
-1417.1 -4240.3 350.1 92 0 8.6 9.4 5.0 2.5 2 1 2 3 3
-1439.9 -4237.0 344.8 86 0 8.9 10.3 2.5 2.5 2 1 1 1 1
-1907.5 -4264.0 277.2 348 0 9.2 8.7 5.0 2.5 2 0 2 2 2
-1923.0 -4271.8 276.4 87 0 3.6 9.0 5.0 2.5 2 1 2 3 3
-1945.9 -4256.4 273.3 282 0 6.9 11.1 5.0 2.5 2 1 2 3 3
-1975.3 -4260.8 268.4 276 0 7.1 8.1 5.0 2.5 2 1 2 0 0
-2018.3 -4275.1 260.9 260 0 14.9 10.4 5.0 2.5 2 0 2 3 3
-2059.4 -4329.8 254.3 85 0 7.0 14.2 5.0 2.5 2 1 2 2 2
-2075.9 -4329.5 252.2 83 0 7.3 10.2 5.0 2.5 2 1 2 5 5
-2107.2 -4337.3 249.0 84 0 8.3 13.6 5.0 2.5 2 1 2 5 5
-2133.7 -4338.8 249.0 89 0 8.2 13.4 5.0 0.0 0 1 2 3 3
-2152.0 -4338.6 250.4 90 0 8.7 11.8 5.0 2.5 2 1 2 5 5
-2164.5 -4336.2 251.2 90 0 7.6 9.9 5.0 2.5 2 1 2 1 1
-5953.7 -4387.9 -415.4 113 0 7.6 14.2 7.5 0.0 0 1 3 3 3
-5827.4 -4241.7 -411.3 35 0 36.6 8.2 5.0 2.5 2 0 2 1 1
4815.9 -2914.0 594.3 208 0 13.2 10.5 5.0 2.5 2 0 2 4 4
4821.9 -2886.7 590.5 205 0 6.1 6.4 5.0 2.5 2 1 2 4 4
4891.4 -2883.0 589.1 326 0 8.5 8.3 5.0 2.5 2 0 2 0 0
4667.5 -2987.3 629.3 11 0 9.3 17.2 2.5 0.0 0 1 1 3 3
4711.2 -2889.6 598.4 2 0 9.8 9.1 2.5 2.5 2 0 1 4 4
4732.2 -2886.4 594.2 95 0 12.0 10.8 5.0 2.5 2 0 2 4 4
4741.6 -2872.9 592.6 21 0 7.0 8.0 5.0 2.5 2 1 2 5 5
4727.5 -2866.3 592.5 197 0 7.2 4.7 5.0 2.5 2 0 2 0 0
4698.6 -2943.3 614.2 19 0 6.8 10.3 2.5 2.5 4 1 1 0 0
3734.4 -1087.0 263.1 307 0 10.8 19.5 2.5 2.5 2 1 1 5 5
3747.1 -1098.0 264.9 305 0 10.9 18.9 2.5 2.5 2 1 1 3 3
3714.4 -1074.8 260.9 307 0 9.5 8.6 2.5 2.5 2 0 1 1 1
4842.2 -1605.3 411.7 67 0 21.8 13.5 5.0 2.5 2 0 2 3 3
4934.4 -1592.1 423.8 238 0 32.4 10.8 5.0 2.5 2 0 2 1 1
4967.7 -1576.0 420.6 326 0 10.9 18.9 5.0 0.0 0 1 2 0 0
4913.2 -1555.3 411.0 329 0 9.1 10.3 5.0 0.0 0 1 2 2 2
4752.1 -1485.1 389.2 142 0 9.5 19.4 2.5 2.5 2 1 1 3 3
4870.9 -2831.6 581.4 146 0 6.6 8.0 5.0 2.5 2 1 2 2 2
4865.4 -2783.6 573.7 45 0 11.8 10.1 2.5 0.0 0 0 1 1 1
4857.9 -2776.8 573.5 42 0 5.4 4.6 2.5 0.0 0 0 1 3 3
4903.7 -2769.5 572.9 212 0 7.0 7.8 5.0 2.5 2 1 2 2 2
4919.3 -2761.3 570.5 32 0 7.6 9.1 5.0 2.5 2 1 2 2 2
