-6535.6 3827.4 -72.4 237 0 10.2 8.0 2.5 2.5 2 0 1 2 2
-6547.8 3666.6 -73.0 71 0 5.6 6.3 2.5 2.5 2 1 1 0 0
-6559.2 3662.8 -69.4 71 0 8.1 11.4 2.5 2.5 2 1 1 5 5
-6527.9 3673.4 -76.0 69 0 8.3 11.8 2.5 2.5 2 1 1 3 3
-6515.3 3678.5 -78.4 69 0 7.2 9.9 2.5 0.0 0 1 1 0 0
-6537.6 3703.7 -74.5 73 0 7.0 10.1 2.5 2.5 2 1 1 4 4
-6528.3 3727.1 -75.5 67 0 7.2 7.3 2.5 2.5 2 1 1 4 4
-6577.3 3736.6 -68.3 168 0 13.0 7.4 2.5 2.5 2 0 1 5 5
-6568.0 3700.7 -70.5 160 0 7.2 6.9 2.5 2.5 2 0 1 5 5
-6596.9 3695.0 -65.7 153 0 6.5 7.4 2.5 2.5 2 1 1 5 5
-6604.5 3736.3 -63.4 59 0 15.1 7.4 2.5 2.5 2 0 1 5 5
-6636.8 3685.1 -59.5 333 0 12.0 7.8 2.5 0.0 0 0 1 5 5
-6652.6 3698.1 -58.4 156 0 11.6 9.5 2.5 2.5 2 0 1 1 1
-6659.6 3723.7 -57.4 242 0 8.8 14.7 2.5 2.5 2 1 1 2 2
-6523.3 3664.9 -77.0 259 0 7.6 8.1 2.5 2.5 2 1 1 3 3
-6537.2 3661.0 -77.0 254 0 7.2 8.8 2.5 2.5 2 1 1 0 0
-6547.2 3656.7 -73.4 255 0 11.3 6.6 2.5 2.5 2 0 1 5 5
-6567.9 3647.8 -69.3 250 0 6.4 11.2 2.5 2.5 2 1 1 2 2
-6573.2 3656.6 -68.1 68 0 7.2 12.5 2.5 2.5 2 1 1 4 4
-6621.4 3638.5 -61.9 69 0 9.0 13.1 2.5 2.5 2 1 1 2 2
-6633.9 3625.6 -60.6 232 0 11.2 6.8 2.5 2.5 2 0 1 5 5
-6617.6 3629.6 -63.6 246 0 9.4 19.4 2.5 2.5 2 1 1 0 0
-6475.9 3695.7 -84.3 49 0 7.7 8.2 2.5 2.5 2 1 1 5 5
-6507.3 3667.9 -79.9 262 0 6.2 12.5 2.5 2.5 2 1 1 2 2
-6492.1 3665.4 -82.1 308 0 4.9 11.9 2.5 2.5 2 1 1 4 4
-6485.5 3662.8 -82.9 309 0 4.6 8.3 2.5 2.5 2 1 1 2 2
-6479.7 3658.6 -83.8 307 0 6.3 13.4 2.5 2.5 2 1 1 5 5
-6465.5 3662.5 -87.6 130 0 7.8 10.4 2.5 2.5 2 1 1 3 3
-6473.1 3668.8 -86.4 127 0 8.1 13.7 2.5 2.5 2 1 1 2 2
-6459.5 3649.1 -87.5 307 0 8.5 11.5 2.5 2.5 2 1 1 3 3
-6448.9 3654.0 -90.5 122 0 8.1 12.6 2.5 2.5 2 1 1 5 5
-6398.4 3633.3 -99.9 193 0 7.9 11.3 2.5 2.5 2 1 1 2 2
-6411.3 3638.1 -97.4 212 0 11.4 8.5 2.5 2.5 2 0 1 4 4
-6434.3 3644.6 -93.4 127 0 8.8 13.0 2.5 2.5 2 1 1 1 1
-6432.3 3634.5 -92.3 301 0 7.7 12.4 2.5 2.5 2 1 1 1 1
-6447.6 3572.4 -89.4 38 0 11.3 9.4 2.5 2.5 2 0 1 3 3
-6385.8 3542.5 -102.7 94 0 8.5 10.8 2.5 2.5 2 1 1 5 5
-6359.8 3552.5 -108.0 9 0 9.2 10.7 2.5 2.5 2 1 1 3 3
-6417.1 3726.8 -95.4 230 0 12.0 18.9 2.5 2.5 2 1 1 5 5
-6446.1 3782.5 -87.6 84 0 8.0 11.3 2.5 2.5 2 1 1 5 5
-6456.3 3756.7 -86.2 2 0 16.3 10.3 2.5 2.5 2 0 1 1 1
-6413.9 3766.9 -93.8 81 0 13.0 19.2 2.5 2.5 2 1 1 4 4
-6396.2 4000.3 -91.5 310 0 12.9 13.4 2.5 2.5 2 1 1 4 4
-6386.9 3991.3 -92.8 313 0 8.1 8.4 2.5 2.5 2 1 1 2 2
-6357.8 3975.9 -99.1 332 0 15.5 16.0 2.5 2.5 2 1 1 3 3
-6395.0 3957.9 -95.1 210 0 22.4 14.3 2.5 2.5 2 0 1 4 4
-6704.8 3700.9 -59.2 2 0 6.9 7.6 5.0 2.5 2 1 2 0 0
-6702.3 3741.4 -56.4 356 0 8.4 5.3 5.0 2.5 2 0 2 2 2
-6706.1 3760.3 -56.1 359 0 13.7 11.3 5.0 2.5 2 0 2 2 2
-6705.9 3804.6 -52.3 1 0 8.1 7.6 5.0 2.5 4 0 2 1 1
-6711.7 3827.7 -50.4 334 0 7.9 9.8 5.0 2.5 2 1 2 3 3
-6715.3 3839.4 -49.2 345 0 6.5 10.4 5.0 2.5 2 1 2 4 4
-6720.7 3852.6 -48.0 340 0 7.5 9.6 5.0 2.5 2 1 2 4 4
-6727.0 3868.5 -47.2 339 0 9.6 12.9 5.0 2.5 4 1 2 5 5
-6741.1 3902.2 -47.8 343 0 6.2 12.5 5.0 2.5 2 1 2 2 2
-6744.4 3909.6 -47.3 343 0 6.1 7.0 5.0 2.5 2 1 2 3 3
-6748.7 3919.3 -45.9 346 0 7.3 9.9 5.0 2.5 2 1 2 3 3
-6755.0 3933.8 -43.7 343 0 8.9 7.3 5.0 2.5 2 0 2 3 3
-6665.8 3763.1 -57.3 119 0 9.3 11.7 2.5 2.5 2 1 1 5 5
-6681.4 3771.1 -56.1 140 0 7.2 8.4 2.5 2.5 2 1 1 1 1
-6688.7 3786.2 -55.4 169 0 10.5 12.2 2.5 2.5 2 1 1 4 4
-6691.1 3806.6 -53.6 181 0 7.0 12.8 2.5 2.5 2 1 1 3 3
-6648.1 3798.2 -57.2 49 0 6.7 9.6 2.5 2.5 2 1 1 5 5
-6675.1 3826.7 -54.0 229 0 7.5 13.9 2.5 0.0 0 1 1 1 1
-6662.4 3808.6 -55.6 139 0 9.5 8.5 2.5 0.0 0 0 1 5 5
-6631.6 3828.7 -56.0 59 0 8.4 9.9 2.5 0.0 0 1 1 0 0
-6623.1 3856.5 -54.6 34 0 15.3 10.1 2.5 0.0 0 0 1 2 2
-6665.1 3878.6 -49.3 115 0 6.0 8.4 2.5 2.5 2 1 1 4 4
-6695.1 3865.0 -47.7 128 0 9.4 14.3 2.5 2.5 2 1 1 5 5
-6701.1 3918.5 -44.0 155 0 10.9 22.5 2.5 2.5 2 1 1 5 5
-6706.4 3990.1 -40.8 334 0 5.8 5.9 2.5 2.5 2 1 1 4 4
-6696.8 3994.6 -41.3 335 0 6.7 6.0 2.5 2.5 2 0 1 2 2
-6687.9 3998.9 -41.7 339 0 7.8 5.1 2.5 2.5 2 0 1 0 0
-6693.3 4010.3 -41.3 333 0 7.7 7.1 2.5 2.5 2 0 1 1 1
-6706.1 4006.4 -40.7 329 0 6.8 7.1 2.5 2.5 2 1 1 5 5
-6699.7 4023.9 -40.2 323 0 5.4 7.0 2.5 2.5 2 1 1 2 2
-6712.2 4019.2 -39.7 331 0 7.0 8.3 2.5 2.5 2 1 1 1 1
-6708.0 4036.8 -38.9 326 0 6.8 7.4 2.5 2.5 2 1 1 1 1
-6721.4 4033.2 -38.3 322 0 8.2 7.2 2.5 2.5 2 0 1 1 1
-6728.8 4042.7 -37.1 325 0 6.3 5.8 2.5 0.0 0 0 1 0 0
-6736.1 4051.2 -36.2 319 0 7.1 5.7 2.5 2.5 4 0 1 0 0
-6742.1 4061.4 -35.2 329 0 8.0 6.1 2.5 2.5 2 0 1 1 1
-6757.9 4054.2 -34.8 148 0 6.5 6.8 2.5 2.5 2 1 1 3 3
-6735.5 4002.6 -39.5 153 0 10.9 6.7 2.5 2.5 2 0 1 4 4
-6742.7 4014.1 -38.3 152 0 9.3 6.2 2.5 2.5 4 0 1 0 0
-6750.9 4023.4 -37.1 147 0 8.8 6.8 2.5 2.5 2 0 1 3 3
-6759.1 4037.0 -35.7 154 0 9.1 6.1 2.5 2.5 2 0 1 3 3
-6767.7 3968.8 -38.6 338 0 14.6 7.9 5.0 2.5 2 0 2 5 5
-6782.9 3982.3 -36.7 338 0 8.6 7.3 5.0 2.5 2 0 2 4 4
-6774.9 3985.6 -37.1 340 0 7.8 7.0 5.0 2.5 2 0 2 1 1
-6778.8 3997.0 -36.6 340 0 9.7 7.8 5.0 2.5 2 0 2 5 5
-6787.8 3993.6 -36.2 340 0 8.7 7.0 5.0 2.5 2 0 2 5 5
-6790.1 4025.1 -34.0 339 0 6.9 11.1 5.0 2.5 2 1 2 3 3
-6796.4 4037.0 -30.7 330 0 5.2 10.3 5.0 0.0 0 1 2 3 3
-6805.8 4051.3 -27.8 340 0 9.1 7.0 5.0 2.5 2 0 2 3 3
-6810.7 4064.4 -25.7 350 0 4.5 10.1 5.0 2.5 2 1 2 1 1
-6790.7 4080.7 -25.8 154 0 10.5 12.3 2.5 0.0 0 1 1 1 1
-6797.0 4092.0 -22.7 151 0 6.3 6.5 2.5 2.5 2 1 1 5 5
-6811.1 4114.9 -19.5 163 0 7.2 5.6 2.5 2.5 2 0 1 5 5
-6805.4 4103.6 -21.1 153 0 7.6 6.2 2.5 2.5 2 0 1 0 0
-6821.4 4098.5 -21.2 343 0 6.9 6.2 5.0 2.5 4 0 2 0 0
-6825.8 4107.8 -19.9 340 0 6.2 6.9 5.0 2.5 2 1 2 3 3
-6818.0 4128.2 -17.0 173 0 8.9 9.8 2.5 0.0 0 1 1 1 1
90.1 -2539.9 103.4 106 0 11.1 8.7 7.5 2.5 2 0 3 1 1
