-3430.3 3899.0 -43.0 312 0 7.1 12.2 5.0 2.5 2 1 2 2 2
-3438.8 3883.4 -46.3 315 0 8.8 11.4 5.0 2.5 2 1 2 5 5
-3456.8 3869.9 -48.3 227 0 8.4 8.0 5.0 2.5 2 0 2 0 0
-3473.6 3858.8 -50.5 232 0 9.2 7.4 5.0 2.5 2 0 2 1 1
-3467.8 3850.9 -51.4 234 0 8.3 8.3 5.0 2.5 2 0 2 2 2
-3451.0 3824.3 -54.0 56 0 13.3 7.3 5.0 2.5 2 0 2 3 3
-3431.6 3831.6 -52.2 45 0 11.8 9.9 5.0 0.0 0 0 2 5 5
-3404.5 3860.1 -47.2 49 0 12.6 9.3 5.0 2.5 2 0 2 3 3
-3388.2 3888.1 -42.4 292 0 10.9 6.6 5.0 2.5 2 0 2 2 2
-3370.7 3883.3 -41.8 312 0 9.3 7.6 5.0 2.5 2 0 2 5 5
-3362.1 3873.7 -42.4 302 0 10.5 6.5 5.0 2.5 2 0 2 3 3
-3340.4 3870.8 -42.3 301 0 10.2 14.2 5.0 2.5 2 1 2 4 4
-3320.8 3877.4 -37.1 110 0 13.2 9.0 5.0 2.5 2 0 2 0 0
-3330.8 3853.5 -43.3 314 0 10.3 8.0 5.0 2.5 2 0 2 3 3
-3309.4 3840.1 -42.5 309 0 8.5 5.3 5.0 2.5 2 0 2 0 0
-3287.5 3830.6 -40.0 299 0 11.6 8.0 5.0 2.5 2 0 2 2 2
-3275.8 3824.2 -38.1 293 0 9.0 7.2 5.0 0.0 0 0 2 2 2
-3258.8 3811.4 -36.4 295 0 9.2 7.8 5.0 2.5 2 0 2 2 2
-2593.6 3597.4 59.8 341 0 20.5 11.1 5.0 0.0 0 0 2 0 0
-2592.2 3548.1 55.3 332 0 9.5 8.9 5.0 2.5 4 0 2 3 3
-2588.6 3489.3 54.1 142 0 9.3 8.7 5.0 2.5 2 0 2 4 4
-2599.3 3506.7 53.2 145 0 4.9 12.0 5.0 2.5 2 1 2 0 0
-2632.5 3504.9 46.5 314 0 10.2 9.6 5.0 2.5 2 0 2 5 5
-2621.3 3489.0 47.9 316 0 8.4 8.6 5.0 2.5 2 1 2 4 4
-2612.7 3478.8 48.2 315 0 5.1 14.9 5.0 2.5 2 1 2 3 3
-2612.3 3461.7 47.6 329 0 10.6 14.1 5.0 2.5 2 1 2 3 3
-2592.1 3449.0 50.3 329 0 6.5 14.3 5.0 2.5 2 1 2 0 0
-2567.9 3469.0 57.7 148 0 10.0 4.3 5.0 2.5 4 0 2 1 1
-2515.4 3393.1 66.8 135 0 9.2 9.8 5.0 2.5 2 1 2 4 4
-2522.5 3404.1 65.3 141 0 8.8 5.8 5.0 2.5 2 0 2 2 2
-2537.9 3420.6 62.8 137 0 4.5 11.6 5.0 2.5 2 1 2 4 4
-2547.1 3433.3 61.2 139 0 5.2 9.7 5.0 2.5 2 1 2 3 3
-2553.9 3440.0 59.8 139 0 9.6 16.1 5.0 2.5 4 1 2 5 5
-2571.1 3413.8 53.4 323 0 14.7 14.5 5.0 2.5 2 0 2 3 3
-2555.5 3394.0 56.9 334 0 11.8 10.5 5.0 2.5 2 0 2 0 0
-2539.2 3373.2 60.1 326 0 5.5 9.3 5.0 2.5 2 1 2 1 1
-2522.2 3348.7 67.9 324 0 10.5 5.9 5.0 2.5 2 0 2 2 2
-2516.5 3339.8 70.6 325 0 6.7 8.3 5.0 2.5 2 1 2 4 4
-2497.5 3361.1 75.8 142 0 8.5 10.7 5.0 2.5 2 1 2 1 1
-2694.8 3459.7 36.2 346 0 11.4 6.6 2.5 2.5 2 0 1 2 2
-2717.5 3487.8 33.8 269 0 7.2 12.5 2.5 2.5 2 1 1 3 3
-2720.8 3442.9 32.3 79 0 6.4 12.3 5.0 0.0 0 1 2 5 5
-2742.9 3482.4 30.0 256 0 8.9 9.4 5.0 2.5 2 1 2 3 3
-2758.0 3477.2 27.9 254 0 7.8 10.2 7.5 2.5 2 1 3 0 0
-2811.6 3475.3 21.2 272 0 8.5 13.7 5.0 2.5 2 1 2 0 0
-2787.8 3478.3 23.3 266 0 11.9 19.0 2.5 2.5 2 1 1 5 5
-2776.5 3436.9 24.3 81 0 8.8 10.3 5.0 2.5 2 1 2 4 4
-2792.3 3433.7 22.2 84 0 7.7 10.0 7.5 2.5 2 1 3 1 1
-2806.7 3427.3 20.2 83 0 7.2 11.1 2.5 2.5 2 1 1 5 5
-2820.0 3424.5 18.8 79 0 7.4 9.7 5.0 2.5 2 1 2 1 1
-2856.5 3431.9 16.3 161 0 8.7 12.2 7.5 2.5 2 1 3 2 2
-2860.8 3467.7 16.9 268 0 9.6 10.0 7.5 0.0 0 1 3 4 4
-2893.7 3457.8 14.3 177 0 9.4 7.5 7.5 2.5 2 0 3 0 0
-2755.7 3594.4 36.2 327 0 5.6 8.2 5.0 2.5 2 1 2 4 4
-2767.6 3585.4 34.8 70 0 5.5 8.7 5.0 2.5 2 1 2 3 3
-2778.5 3583.5 32.9 73 0 10.6 5.5 5.0 2.5 2 0 2 0 0
-2671.4 3599.1 48.5 154 0 9.6 7.1 5.0 2.5 2 0 2 1 1
-2683.9 3600.1 46.0 70 0 8.7 14.9 5.0 2.5 2 1 2 0 0
-2698.7 3566.8 40.5 268 0 10.1 9.3 5.0 2.5 2 0 2 3 3
-2723.0 3569.6 37.2 258 0 10.3 8.6 5.0 2.5 2 0 2 0 0
-2745.6 3563.6 33.4 267 0 10.0 12.2 5.0 0.0 0 1 2 5 5
-2774.8 3559.3 29.8 258 0 13.0 8.8 5.0 2.5 2 0 2 1 1
-2796.4 3553.6 26.6 264 0 7.5 12.6 5.0 0.0 0 1 2 3 3
-2790.6 3578.9 31.4 90 0 6.5 10.1 5.0 2.5 2 1 2 5 5
-2863.9 3600.7 24.1 346 0 11.4 8.1 5.0 0.0 0 0 2 2 2
-2847.1 3544.5 21.8 266 0 6.9 14.4 5.0 2.5 2 1 2 4 4
-2934.0 3545.3 10.1 249 0 13.6 14.1 5.0 2.5 2 1 2 5 5
-2919.4 3582.1 17.6 76 0 15.7 25.5 5.0 2.5 2 1 2 2 2
-2959.1 3562.8 8.3 259 0 12.4 8.8 5.0 2.5 2 0 2 3 3
-2984.0 3557.0 4.9 251 0 15.6 25.6 5.0 0.0 0 1 2 3 3
-3064.2 3521.0 -1.6 78 0 15.2 36.4 10.0 2.5 2 1 4 3 3
-4937.4 3781.7 -40.9 132 0 9.3 8.4 2.5 2.5 2 0 1 1 1
-4896.6 3737.7 -46.8 308 0 16.9 9.8 5.0 2.5 2 0 2 3 3
-4923.9 3757.2 -43.3 310 0 10.1 8.9 5.0 2.5 2 0 2 4 4
-5115.7 3765.2 -20.2 160 0 11.1 25.5 5.0 2.5 2 1 2 1 1
-5037.3 3797.9 -25.7 307 0 9.7 6.7 5.0 2.5 2 0 2 3 3
-4962.3 3773.8 -36.9 305 0 6.9 8.3 5.0 2.5 2 1 2 1 1
-4980.0 3780.8 -34.0 309 0 8.6 8.8 5.0 0.0 0 1 2 4 4
-4993.4 3787.2 -31.9 307 0 8.2 9.1 5.0 2.5 2 1 2 4 4
-5016.7 3796.1 -28.3 303 0 7.7 8.0 5.0 2.5 2 1 2 5 5
-5008.8 3808.1 -29.0 112 0 9.9 6.8 2.5 2.5 2 0 1 1 1
-5025.1 3814.9 -27.0 116 0 13.7 9.5 2.5 2.5 2 0 1 0 0
-5050.8 3828.1 -22.9 125 0 8.9 7.7 2.5 2.5 2 0 1 2 2
-5071.1 3843.0 -19.8 126 0 12.3 6.5 2.5 2.5 2 0 1 3 3
-5094.0 3841.4 -16.4 297 0 9.0 6.1 5.0 2.5 2 0 2 2 2
-5109.8 3834.8 -14.9 297 0 12.4 11.3 5.0 2.5 2 0 2 4 4
-5142.9 3844.4 -9.1 321 0 12.7 10.4 5.0 2.5 2 0 2 2 2
-5145.4 3912.8 -3.6 295 0 8.2 16.1 2.5 2.5 2 1 1 0 0
-5124.8 3930.3 -9.7 211 0 5.7 8.5 2.5 2.5 2 1 1 2 2
-5126.7 3925.1 -8.1 298 0 9.4 13.5 2.5 0.0 0 1 1 5 5
-5141.1 3889.1 -5.3 108 0 11.4 16.9 2.5 0.0 0 1 1 2 2
-5177.7 3857.6 -1.4 291 0 10.6 12.7 5.0 2.5 2 1 2 4 4
-5195.4 3861.0 2.2 290 0 11.2 9.0 5.0 2.5 2 0 2 4 4
-5210.0 3867.5 5.6 293 0 10.4 10.4 5.0 0.0 0 0 2 5 5
-5201.9 3901.6 5.9 97 0 9.3 6.9 2.5 2.5 2 0 1 3 3
-5226.1 3905.5 9.7 103 0 9.4 6.4 2.5 2.5 2 0 1 1 1
-5233.7 3873.7 10.7 292 0 9.0 6.0 5.0 2.5 2 0 2 3 3
-5256.0 3891.1 16.3 286 0 9.4 8.2 5.0 2.5 2 0 2 4 4
-5253.4 3904.9 14.5 98 0 11.4 6.7 2.5 2.5 4 0 1 3 3
-5273.2 3910.7 17.4 100 0 10.5 6.5 2.5 2.5 2 0 1 2 2
-5288.6 3916.5 19.6 100 0 8.9 6.0 2.5 0.0 0 0 1 2 2
-5290.4 3891.3 22.2 277 0 7.8 10.1 5.0 2.5 2 1 2 4 4
-4023.0 3201.3 -214.8 30 0 5.8 7.9 2.5 2.5 2 1 1 4 4
-3990.9 3204.8 -221.7 117 0 8.4 4.8 2.5 2.5 2 0 1 3 3
-4004.8 3209.8 -220.4 114 0 10.8 6.2 2.5 2.5 2 0 1 3 3
-4017.3 3217.7 -219.8 24 0 6.3 7.2 2.5 2.5 2 1 1 2 2
-3997.4 3191.2 -216.5 301 0 9.1 7.1 5.0 2.5 4 0 2 1 1
-3978.1 3185.5 -219.8 298 0 10.1 7.4 5.0 2.5 2 0 2 5 5
-3962.1 3190.3 -225.4 117 0 10.4 6.3 2.5 2.5 2 0 1 1 1
-3942.2 3181.0 -226.6 123 0 7.5 5.9 2.5 2.5 2 0 1 4 4
-3919.9 3169.8 -228.1 111 0 8.9 4.6 2.5 2.5 2 0 1 3 3
-3494.9 1756.2 227.2 62 0 8.2 8.8 7.5 2.5 2 1 3 1 1
-4258.3 2166.2 260.1 3 0 6.3 12.2 5.0 0.0 0 1 2 3 3
-4326.4 2180.6 260.3 150 0 5.8 9.2 7.5 0.0 0 1 3 0 0
-4293.3 2153.3 265.7 88 0 10.1 7.2 5.0 2.5 2 0 2 2 2
-4317.8 2153.4 268.0 154 0 6.4 9.1 2.5 2.5 2 1 1 5 5
-3736.3 2587.3 54.9 3 0 5.3 10.4 5.0 0.0 0 1 2 3 3
-3753.3 2588.6 59.0 3 0 4.8 9.3 2.5 2.5 2 1 1 5 5
-3772.4 2594.0 62.5 275 0 10.7 6.1 5.0 2.5 2 0 2 3 3
-3758.3 2572.2 57.9 91 0 10.4 6.8 7.5 2.5 2 0 3 3 3
-3773.6 2572.6 61.2 93 0 13.5 6.6 7.5 2.5 2 0 3 5 5
-3793.0 2574.9 67.4 91 0 8.6 5.0 7.5 2.5 4 0 3 5 5
-3807.3 2574.5 70.8 91 0 11.7 6.0 7.5 2.5 2 0 3 1 1
-3793.6 2597.0 67.4 279 0 12.8 6.8 7.5 2.5 2 0 3 3 3
-3821.9 2590.0 72.9 90 0 10.2 5.2 7.5 2.5 2 0 3 0 0
-3837.1 2589.5 75.7 96 0 9.2 5.9 5.0 2.5 2 0 2 1 1
-4555.9 4475.0 -144.0 52 0 12.5 7.7 2.5 2.5 2 0 1 4 4
-4570.7 4535.3 -126.1 175 0 9.6 7.1 2.5 0.0 0 0 1 4 4
-4582.6 4515.5 -132.9 232 0 7.7 8.6 2.5 2.5 2 1 1 2 2
-3485.6 3840.7 -52.5 142 0 4.5 8.8 5.0 2.5 2 1 2 0 0
-4297.4 5282.4 92.7 90 0 9.3 13.9 5.0 2.5 2 1 2 3 3
-4293.7 5271.6 93.5 125 0 12.6 8.6 5.0 2.5 2 0 2 0 0
-4271.0 5262.9 96.0 45 0 13.8 7.8 5.0 2.5 2 0 2 4 4
-4244.3 5295.5 98.3 37 0 9.8 5.2 5.0 2.5 2 0 2 3 3
-4234.7 5265.8 98.6 196 0 12.1 7.7 5.0 2.5 2 0 2 0 0
-4176.6 5292.0 98.1 299 0 9.2 7.8 5.0 2.5 2 0 2 5 5
-4151.0 5279.4 97.3 298 0 9.0 8.4 5.0 2.5 2 0 2 1 1
-3927.7 5700.8 184.3 227 0 7.6 11.4 5.0 2.5 2 1 2 3 3
-3928.3 5729.4 187.7 43 0 14.0 6.4 2.5 2.5 2 0 1 5 5
-3877.2 5768.6 199.3 218 0 10.2 5.9 5.0 2.5 2 0 2 1 1
-3820.7 5847.8 220.2 218 0 4.7 6.2 5.0 2.5 2 1 2 0 0
-3860.2 5822.3 212.6 39 0 7.5 5.2 2.5 0.0 0 0 1 3 3
-3847.7 5816.5 212.0 223 0 7.5 5.6 5.0 2.5 2 0 2 2 2
-3841.7 5825.0 214.1 219 0 7.3 6.6 5.0 2.5 4 0 2 2 2
-3833.1 5834.7 216.3 215 0 10.0 8.6 5.0 2.5 2 0 2 4 4
-3817.2 5858.9 220.4 221 0 7.8 5.6 5.0 2.5 2 0 2 5 5
-3839.7 5850.9 218.3 39 0 9.9 4.8 2.5 2.5 2 0 1 3 3
-3830.9 5871.3 219.3 41 0 4.8 6.7 2.5 2.5 2 1 1 5 5
-3817.5 5878.9 220.1 39 0 11.5 8.3 2.5 2.5 2 0 1 0 0
-3789.5 5885.8 224.2 230 0 8.3 5.7 5.0 2.5 2 0 2 2 2
-3805.1 5874.2 221.5 222 0 7.8 5.4 5.0 2.5 2 0 2 5 5
-3807.4 5891.4 222.0 39 0 7.5 5.3 2.5 2.5 2 0 1 4 4
-3799.1 5904.3 223.8 37 0 9.8 4.0 2.5 2.5 2 0 1 3 3
-3746.8 5916.1 231.6 48 0 7.6 4.0 2.5 2.5 2 0 1 2 2
-3748.2 5841.2 219.8 110 0 7.7 11.6 5.0 0.0 0 1 2 5 5
-3714.3 5911.0 235.1 224 0 10.6 4.9 5.0 0.0 0 0 2 5 5
-3731.5 5900.2 232.7 226 0 7.6 6.4 5.0 2.5 2 0 2 3 3
-3730.0 5927.7 234.5 51 0 8.8 4.2 2.5 2.5 2 0 1 4 4
-3718.2 5939.0 235.5 49 0 12.4 5.8 2.5 2.5 4 0 1 0 0
-3704.1 5947.7 236.1 54 0 9.7 5.1 2.5 2.5 2 0 1 4 4
-3693.5 5955.1 236.2 46 0 11.4 6.0 2.5 2.5 2 0 1 0 0
-3693.8 5928.0 238.0 228 0 12.1 4.9 5.0 2.5 2 0 2 1 1
-3679.1 5942.0 241.2 224 0 9.9 5.1 5.0 2.5 2 0 2 5 5
-3669.7 5954.1 242.1 224 0 9.5 4.7 5.0 2.5 2 0 2 5 5
-3643.0 4527.7 153.9 233 0 5.8 8.9 7.5 2.5 2 1 3 2 2
-3603.4 4518.9 161.2 325 0 6.6 6.8 7.5 2.5 2 1 3 1 1
-3589.3 4489.7 163.1 337 0 6.2 6.3 5.0 2.5 2 1 2 5 5
-3605.7 4464.8 158.1 47 0 6.0 8.8 7.5 2.5 2 1 3 0 0
-4066.5 4242.4 -38.6 2 0 8.2 6.7 2.5 2.5 2 0 1 3 3
-4060.0 4224.4 -37.9 330 0 9.5 5.5 2.5 2.5 2 0 1 0 0
-4057.0 4204.7 -38.5 329 0 7.4 5.8 2.5 2.5 2 0 1 5 5
-4052.4 4187.9 -38.6 313 0 7.4 5.7 2.5 2.5 2 0 1 5 5
-4028.9 4174.7 -34.9 286 0 4.9 6.4 2.5 2.5 2 1 1 0 0
-4063.8 4147.8 -47.0 206 0 6.8 4.8 2.5 2.5 2 0 1 3 3
-4067.1 4128.5 -52.0 202 0 10.5 6.3 2.5 0.0 0 0 1 1 1
-4050.7 4164.3 -42.5 294 0 6.5 10.2 2.5 2.5 2 1 1 5 5
-4031.1 4150.3 -40.2 21 0 12.7 6.5 2.5 0.0 0 0 1 2 2
-4035.2 4133.2 -44.0 19 0 10.5 6.6 2.5 2.5 2 0 1 0 0
-4040.7 4119.4 -46.9 16 0 7.1 4.6 2.5 2.5 2 0 1 0 0
-4046.5 4097.7 -52.2 17 0 7.9 5.2 2.5 2.5 2 0 1 2 2
-4051.5 4084.5 -56.1 21 0 8.3 5.5 2.5 0.0 0 0 1 0 0
-4071.0 4086.7 -60.0 117 0 6.4 10.0 2.5 2.5 4 1 1 2 2
-3585.0 3192.1 -271.6 281 0 8.3 7.3 7.5 0.0 0 0 3 2 2
-3561.3 3176.1 -268.9 282 0 8.0 8.7 7.5 2.5 2 1 3 2 2
-3977.0 3196.4 -223.7 116 0 10.7 6.3 2.5 2.5 2 0 1 3 3
-2001.9 1088.6 -22.1 109 0 7.1 12.9 2.5 2.5 2 1 1 1 1
-1943.5 1134.9 -39.5 143 0 5.0 7.8 2.5 2.5 2 1 1 1 1
-1954.0 1127.4 -36.3 143 0 5.3 7.6 5.0 2.5 2 1 2 4 4
-1927.7 1127.7 -38.4 323 0 5.9 9.5 5.0 2.5 2 1 2 3 3
-1947.2 1066.4 -22.4 312 0 7.8 4.2 2.5 2.5 2 0 1 4 4
-1929.6 1055.8 -23.2 353 0 7.4 6.9 2.5 2.5 4 0 1 5 5
-1918.6 1065.6 -27.5 142 0 8.7 5.5 5.0 0.0 0 0 2 1 1
-1906.3 1050.9 -26.7 144 0 9.7 7.5 5.0 0.0 0 0 2 1 1
-1916.6 1025.4 -20.9 359 0 7.1 9.5 2.5 2.5 2 1 1 1 1
-1914.7 1008.2 -18.3 353 0 8.6 7.5 2.5 2.5 2 0 1 0 0
-1899.1 1034.4 -24.4 180 0 8.4 6.2 5.0 2.5 2 0 2 4 4
-1906.0 1023.1 -23.3 180 0 7.9 16.0 5.0 2.5 2 1 2 3 3
-1896.6 1010.9 -21.4 175 0 7.3 6.7 5.0 2.5 2 0 2 4 4
-1903.8 997.7 -18.7 179 0 9.4 13.8 5.0 0.0 0 1 2 5 5
-1897.1 982.2 -15.6 176 0 9.7 9.5 5.0 2.5 4 0 2 1 1
-1899.4 971.5 -12.1 221 0 9.0 15.3 5.0 2.5 2 1 2 3 3
-1914.3 992.9 -15.3 3 0 9.9 6.8 2.5 0.0 0 0 1 4 4
-1911.1 981.8 -12.9 2 0 7.3 10.4 2.5 2.5 2 1 1 1 1
-1922.0 964.7 -9.1 39 0 10.1 9.2 2.5 2.5 2 0 1 1 1
-1942.5 956.1 -4.6 214 0 9.5 7.3 2.5 2.5 2 0 1 3 3
