838.5 -1882.2 24.2 53 0 6.7 14.2 5.0 2.5 2 1 2 3 3
854.8 -1846.7 23.8 325 0 11.8 16.7 5.0 2.5 2 1 2 3 3
870.0 -1851.8 23.2 323 0 8.6 17.2 5.0 2.5 2 1 2 3 3
922.1 -1903.9 21.3 316 0 7.5 6.0 5.0 2.5 2 0 2 5 5
921.5 -1949.5 20.8 135 0 13.4 8.6 5.0 2.5 2 0 2 4 4
973.8 -1921.0 19.7 137 0 13.6 8.1 5.0 2.5 2 0 2 2 2
995.7 -1928.3 19.4 131 0 9.9 9.5 5.0 0.0 0 0 2 2 2
1011.7 -1940.5 19.0 137 0 10.2 6.5 5.0 2.5 2 0 2 1 1
1004.4 -1985.8 19.0 319 0 6.6 8.9 5.0 2.5 2 1 2 0 0
1021.2 -1969.5 18.7 132 0 12.8 8.3 5.0 2.5 2 0 2 2 2
1026.0 -2010.3 18.5 316 0 9.2 7.7 5.0 2.5 2 0 2 3 3
1060.9 -1996.6 17.8 131 0 12.9 10.7 5.0 2.5 2 0 2 1 1
1067.9 -2014.3 17.7 138 0 6.2 8.1 5.0 2.5 2 1 2 3 3
1041.8 -2055.1 17.9 148 0 11.6 7.1 5.0 2.5 2 0 2 4 4
1059.1 -2043.1 17.8 314 0 5.8 8.7 5.0 2.5 2 1 2 4 4
1080.3 -2061.6 17.9 314 0 9.0 9.5 5.0 2.5 2 1 2 5 5
1095.4 -2068.7 18.0 307 0 6.6 8.1 5.0 0.0 0 1 2 3 3
1111.8 -2044.8 17.8 140 0 13.1 9.8 5.0 2.5 2 0 2 2 2
1132.6 -2103.7 18.2 43 0 6.0 5.4 5.0 0.0 0 0 2 0 0
1149.8 -2067.3 18.0 136 0 8.4 7.5 5.0 2.5 4 0 2 3 3
1136.7 -2065.1 18.0 129 0 9.7 9.4 5.0 2.5 2 0 2 2 2
1162.7 -2092.3 18.2 130 0 8.2 10.6 5.0 2.5 2 1 2 1 1
1179.8 -2072.9 18.1 313 0 8.0 11.0 5.0 2.5 2 1 2 3 3
1206.1 -2101.9 18.1 314 0 7.5 7.3 5.0 2.5 2 0 2 1 1
1187.2 -2117.1 18.1 136 0 8.4 11.7 5.0 2.5 2 1 2 2 2
1229.5 -2135.1 18.0 130 0 14.7 6.9 5.0 2.5 2 0 2 2 2
1212.9 -2177.1 17.9 308 0 12.4 8.0 5.0 2.5 2 0 2 2 2
1260.0 -2156.7 17.8 35 0 8.8 13.1 5.0 2.5 4 1 2 2 2
1255.8 -2215.8 17.4 305 0 11.2 9.9 5.0 2.5 2 0 2 4 4
1273.8 -2229.6 17.1 303 0 10.0 13.8 5.0 2.5 2 1 2 5 5
1290.8 -2241.4 16.8 308 0 11.4 10.3 5.0 2.5 2 0 2 2 2
1277.7 -2267.3 16.9 312 0 13.6 12.5 5.0 2.5 2 0 2 4 4
1307.6 -2255.5 16.5 307 0 10.6 8.8 5.0 2.5 4 0 2 0 0
1298.9 -2332.5 17.1 41 0 10.5 9.7 5.0 2.5 2 0 2 4 4
1308.4 -2317.8 16.8 34 0 13.3 13.3 5.0 2.5 2 1 2 1 1
1322.1 -2298.2 16.2 36 0 16.6 12.9 5.0 2.5 2 0 2 0 0
1329.9 -2281.0 16.1 38 0 12.4 19.6 5.0 2.5 2 1 2 1 1
1336.6 -2326.0 15.8 220 0 17.7 8.0 5.0 2.5 2 0 2 5 5
1422.9 -2354.0 13.2 309 0 19.5 17.5 5.0 2.5 2 0 2 3 3
1438.8 -2319.5 13.4 134 0 12.6 10.0 5.0 2.5 2 0 2 3 3
1454.3 -2332.4 13.0 129 0 12.3 12.1 5.0 2.5 2 0 2 4 4
1473.3 -2349.4 12.4 133 0 23.6 11.1 5.0 2.5 2 0 2 1 1
1578.9 -2536.4 10.8 178 0 9.0 11.8 5.0 2.5 2 1 2 5 5
1554.3 -2642.3 10.6 74 0 12.4 26.0 2.5 2.5 2 1 1 3 3
1526.7 -2625.7 11.5 72 0 14.3 12.8 2.5 2.5 2 0 1 5 5
1526.6 -2649.2 11.4 73 0 29.6 11.0 2.5 2.5 2 0 1 5 5
1505.5 -2662.9 11.6 77 0 11.7 19.8 2.5 2.5 2 1 1 3 3
1499.1 -2633.8 12.1 78 0 10.2 23.5 2.5 2.5 2 1 1 3 3
1493.2 -2604.7 12.1 78 0 10.4 15.6 2.5 2.5 2 1 1 0 0
1521.9 -2587.0 11.2 343 0 9.5 18.6 2.5 2.5 2 1 1 0 0
1549.2 -2529.1 10.5 349 0 25.7 8.6 2.5 2.5 2 0 1 2 2
1533.7 -2494.7 11.1 349 0 14.0 22.6 2.5 2.5 2 1 1 1 1
1498.9 -2485.7 11.3 170 0 13.8 14.9 2.5 2.5 2 1 1 3 3
1469.4 -2420.6 12.0 45 0 12.7 27.6 5.0 2.5 2 1 2 5 5
1531.3 -2398.6 12.4 120 0 11.1 10.5 5.0 2.5 4 0 2 1 1
1541.2 -2370.1 12.5 31 0 9.6 8.0 5.0 2.5 2 0 2 2 2
1549.8 -2376.9 12.5 28 0 7.5 8.7 5.0 2.5 2 1 2 5 5
1567.6 -2343.8 12.5 25 0 15.3 11.7 5.0 2.5 2 0 2 4 4
1583.4 -2319.8 12.5 26 0 19.7 4.7 5.0 2.5 4 0 2 2 2
1614.7 -2237.9 12.4 27 0 37.3 9.7 5.0 2.5 2 0 2 3 3
1596.1 -2276.4 12.7 25 0 37.0 9.7 5.0 2.5 2 0 2 4 4
1635.0 -2268.0 11.9 209 0 8.5 16.0 5.0 2.5 2 1 2 4 4
1617.7 -2328.0 12.1 118 0 18.4 8.4 5.0 2.5 2 0 2 2 2
1618.8 -2347.4 12.1 291 0 7.9 6.1 5.0 2.5 2 0 2 3 3
1610.3 -2352.7 12.1 295 0 17.6 22.1 5.0 2.5 2 1 2 5 5
1585.2 -2387.2 12.1 205 0 8.0 22.0 5.0 2.5 2 1 2 4 4
1580.7 -2398.2 12.1 207 0 11.9 25.8 5.0 2.5 2 1 2 2 2
1627.4 -2383.1 11.8 291 0 8.4 9.0 5.0 2.5 2 1 2 2 2
1637.4 -2358.0 11.9 294 0 8.8 13.7 5.0 0.0 0 1 2 5 5
1651.0 -2418.4 10.7 269 0 17.2 11.0 5.0 2.5 2 0 2 3 3
1644.3 -2440.3 10.4 183 0 10.9 27.9 5.0 0.0 0 1 2 2 2
1691.0 -2491.7 9.9 94 0 8.0 7.0 5.0 0.0 0 0 2 2 2
1654.3 -2505.2 9.8 94 0 7.7 9.4 5.0 0.0 0 1 2 2 2
1671.2 -2480.8 10.0 93 0 12.1 25.9 5.0 2.5 2 1 2 1 1
1789.8 -2528.9 9.9 50 0 13.9 7.1 5.0 2.5 2 0 2 0 0
1756.2 -2566.7 9.0 44 0 10.1 9.6 5.0 2.5 2 0 2 5 5
1731.5 -2587.6 8.5 53 0 10.7 7.9 5.0 2.5 2 0 2 1 1
1693.9 -2627.3 8.1 316 0 12.3 8.2 5.0 0.0 0 0 2 2 2
1714.1 -2702.3 8.5 119 0 8.7 11.9 5.0 2.5 2 1 2 0 0
1741.7 -2701.0 6.8 117 0 12.7 10.6 5.0 0.0 0 0 2 5 5
1751.5 -2717.2 7.7 126 0 12.1 9.1 5.0 0.0 0 0 2 4 4
1775.7 -2736.4 6.6 127 0 13.5 15.1 5.0 2.5 2 1 2 5 5
1800.3 -2699.9 8.5 309 0 11.3 7.9 5.0 2.5 2 0 2 1 1
1800.4 -2752.4 6.7 124 0 13.1 7.9 5.0 2.5 2 0 2 1 1
1819.3 -2764.6 6.5 121 0 7.6 7.2 5.0 2.5 2 0 2 1 1
1835.6 -2776.6 6.5 124 0 13.3 9.9 5.0 2.5 2 0 2 5 5
1867.0 -2796.8 6.5 122 0 14.8 8.1 5.0 0.0 0 0 2 3 3
1895.0 -2815.3 6.4 124 0 8.0 7.7 5.0 2.5 2 0 2 2 2
1642.5 -2754.6 10.5 309 0 9.7 12.8 5.0 2.5 2 1 2 5 5
1162.7 -2685.7 39.0 195 0 4.5 7.8 2.5 0.0 0 1 1 4 4
1138.3 -2710.3 43.0 288 0 5.4 13.0 2.5 2.5 2 1 1 4 4
1139.3 -2704.6 42.2 284 0 4.6 4.6 2.5 2.5 2 1 1 4 4
1145.4 -2711.1 43.1 284 0 8.0 7.1 2.5 2.5 2 0 1 2 2
1133.9 -2796.0 52.4 16 0 10.8 16.6 2.5 2.5 2 1 1 0 0
1149.8 -2823.9 50.4 95 0 10.5 16.6 2.5 0.0 0 1 1 1 1
1159.5 -2834.3 49.1 97 0 7.0 6.2 2.5 2.5 2 0 1 2 2
1254.3 -3652.3 6.2 3 0 9.2 13.2 5.0 0.0 0 1 2 1 1
1259.9 -3630.4 6.3 15 0 14.8 13.2 5.0 2.5 2 0 2 2 2
1261.3 -3614.9 6.7 14 0 7.7 10.1 5.0 2.5 2 1 2 1 1
1258.0 -3568.1 9.2 359 0 11.7 17.6 5.0 0.0 0 1 2 2 2
1254.5 -3527.9 11.1 356 0 42.6 15.2 5.0 2.5 4 0 2 0 0
1211.4 -3521.1 15.7 167 0 12.3 11.8 5.0 2.5 2 0 2 5 5
1202.3 -3593.9 15.1 10 0 4.4 3.5 5.0 2.5 2 0 2 4 4
1186.3 -3561.5 18.8 300 0 12.1 9.5 5.0 2.5 2 0 2 1 1
1179.8 -3574.1 19.7 299 0 12.0 22.2 5.0 0.0 0 1 2 2 2
1157.5 -3550.5 24.8 298 0 11.5 12.0 5.0 0.0 0 1 2 0 0
1151.2 -3563.2 25.5 295 0 11.2 18.5 5.0 2.5 2 1 2 0 0
1141.9 -3594.7 26.1 26 0 21.1 11.5 5.0 2.5 2 0 2 4 4
6034.2 2401.6 -45.1 242 0 10.1 9.9 5.0 2.5 2 0 2 2 2
6103.9 2355.6 -46.2 335 0 9.1 8.6 5.0 2.5 2 0 2 5 5
6072.9 2334.7 -43.4 69 0 8.4 10.1 5.0 2.5 2 1 2 1 1
6088.6 2340.8 -45.0 66 0 12.2 17.5 5.0 2.5 2 1 2 5 5
6072.1 2394.3 -46.7 336 0 14.1 25.3 5.0 2.5 4 1 2 3 3
6045.1 2410.7 -46.2 244 0 9.2 13.9 5.0 2.5 2 1 2 0 0
5950.5 2580.5 -50.1 48 0 12.9 7.5 5.0 2.5 2 0 2 0 0
5957.6 2596.3 -51.0 48 0 6.2 9.0 5.0 2.5 2 1 2 4 4
6009.3 2637.3 -56.3 51 0 8.8 14.4 5.0 2.5 2 1 2 2 2
6000.8 2630.0 -55.5 49 0 6.7 12.7 5.0 2.5 2 1 2 3 3
5986.2 2581.6 -52.2 227 0 9.4 12.6 5.0 0.0 0 1 2 3 3
6014.2 2595.4 -54.2 315 0 20.2 14.3 5.0 0.0 0 0 2 3 3
6028.7 2624.8 -56.5 223 0 11.2 10.9 5.0 2.5 2 0 2 2 2
6035.3 2605.5 -56.4 134 0 11.4 12.7 5.0 2.5 2 1 2 1 1
6050.8 2584.6 -56.0 131 0 12.1 13.5 5.0 2.5 2 1 2 0 0
6102.0 2541.6 -55.6 134 0 8.3 5.3 5.0 0.0 0 0 2 2 2
6115.7 2525.3 -55.4 133 0 9.6 8.4 5.0 2.5 2 0 2 3 3
6085.7 2416.5 -49.5 67 0 16.4 9.8 5.0 2.5 2 0 2 0 0
6116.0 2433.7 -51.5 66 0 4.9 8.0 5.0 2.5 2 1 2 0 0
6131.2 2445.5 -53.2 54 0 9.2 32.2 5.0 2.5 2 1 2 3 3
6077.5 2517.2 -53.5 325 0 8.3 7.6 5.0 2.5 2 0 2 3 3
6081.6 2506.9 -53.2 324 0 8.8 13.0 5.0 2.5 2 1 2 0 0
6081.2 2473.8 -52.4 144 0 28.2 9.8 5.0 2.5 2 0 2 4 4
5477.9 -2136.8 -5.8 49 0 7.7 14.9 5.0 2.5 4 1 2 5 5
5492.2 -2124.6 -4.9 20 0 9.1 10.4 5.0 2.5 4 1 2 5 5
5478.6 -2112.1 -4.9 290 0 5.7 12.0 5.0 2.5 2 1 2 0 0
5410.3 -2060.8 0.5 103 0 12.0 9.3 5.0 2.5 2 0 2 1 1
5425.5 -2066.5 -1.5 107 0 7.6 18.5 5.0 0.0 0 1 2 1 1
5446.3 -2060.0 -1.4 105 0 9.3 6.7 5.0 2.5 2 0 2 4 4
5444.9 -2070.5 -1.8 110 0 7.6 8.4 5.0 2.5 2 1 2 2 2
5488.8 -2092.2 -2.5 108 0 6.8 6.5 5.0 2.5 2 0 2 0 0
5483.6 -2085.2 -2.2 108 0 9.5 11.4 5.0 2.5 2 1 2 1 1
5497.2 -2078.8 2.3 114 0 11.8 11.0 5.0 2.5 2 0 2 0 0
5502.4 -2094.0 -1.0 111 0 6.1 14.5 5.0 2.5 2 1 2 4 4
5527.6 -2134.1 -6.0 283 0 9.4 9.4 5.0 2.5 4 1 2 3 3
5507.3 -2134.7 -6.4 201 0 12.8 9.3 5.0 2.5 2 0 2 4 4
5491.6 -2155.2 -9.0 202 0 4.4 10.0 5.0 2.5 4 0 2 4 4
5493.3 -2147.7 -8.5 202 0 10.6 13.0 5.0 2.5 4 0 2 4 4
5469.4 -2108.0 -4.5 295 0 5.1 8.2 5.0 2.5 2 1 2 1 1
5393.5 -2042.9 3.6 107 0 9.9 10.0 5.0 2.5 2 1 2 4 4
5379.5 -2049.4 4.8 110 0 8.5 11.4 5.0 2.5 2 1 2 3 3
5369.4 -2043.0 6.4 95 0 7.5 11.9 5.0 2.5 2 1 2 3 3
5361.6 -2018.4 11.3 290 0 10.2 9.8 5.0 2.5 2 0 2 3 3
5354.5 -2039.9 8.3 101 0 7.4 8.6 5.0 2.5 2 1 2 2 2
5343.6 -2016.3 13.3 285 0 8.5 8.3 5.0 0.0 0 0 2 4 4
5337.3 -2042.6 9.9 108 0 8.0 12.1 5.0 2.5 2 1 2 3 3
5318.4 -2100.3 -4.9 154 0 7.1 9.2 5.0 2.5 2 1 2 2 2
5341.1 -2108.5 -7.6 88 0 10.5 8.4 5.0 0.0 0 0 2 4 4
5341.9 -2069.1 0.9 287 0 7.4 11.5 5.0 2.5 2 1 2 4 4
5339.7 -2098.9 -4.7 79 0 10.5 14.2 5.0 2.5 2 1 2 0 0
5351.6 -2105.3 -6.8 77 0 7.7 7.6 5.0 2.5 2 0 2 4 4
5363.6 -2081.6 -2.4 336 0 8.9 12.1 5.0 2.5 2 1 2 5 5
5377.3 -2073.7 -1.2 273 0 9.6 14.1 5.0 2.5 2 1 2 0 0
5390.2 -2076.8 -2.0 272 0 6.5 14.4 5.0 2.5 4 1 2 1 1
5400.9 -2086.8 -3.6 281 0 7.2 8.1 5.0 2.5 4 1 2 5 5
5439.4 -2108.6 -5.0 285 0 4.8 5.9 5.0 2.5 2 1 2 1 1
5438.4 -2099.1 -4.1 286 0 4.3 6.3 5.0 2.5 2 1 2 2 2
5446.6 -2100.8 -4.0 288 0 9.1 8.1 5.0 2.5 2 0 2 5 5
5455.5 -2103.8 -4.8 284 0 5.7 16.5 5.0 2.5 2 1 2 0 0
5449.7 -2147.9 -8.4 113 0 12.9 9.5 5.0 2.5 2 0 2 1 1
