6748.5 -2227.4 -13.7 130 0 6.1 7.4 2.5 2.5 2 1 1 5 5
6723.7 -2178.4 -13.6 219 0 9.5 11.9 2.5 2.5 2 1 1 1 1
6671.1 -2242.6 -14.5 219 0 8.0 18.0 5.0 2.5 2 1 2 3 3
6523.4 -2249.2 -13.9 127 0 7.2 19.5 5.0 2.5 2 1 2 1 1
6555.6 -2240.7 -14.2 306 0 8.8 14.5 5.0 2.5 2 1 2 5 5
6584.7 -2281.6 -14.7 41 0 10.8 17.2 5.0 2.5 2 1 2 4 4
6280.2 -2468.3 -13.4 213 0 31.9 11.6 2.5 0.0 0 0 1 5 5
6332.7 -2321.9 -12.2 316 0 7.7 12.4 5.0 2.5 2 1 2 2 2
6360.0 -2343.5 -12.3 312 0 8.9 12.0 2.5 2.5 2 1 1 4 4
6481.8 -2473.4 -14.5 137 0 16.0 10.5 5.0 2.5 2 0 2 4 4
6376.0 -2589.0 -14.6 222 0 8.0 12.3 5.0 2.5 2 1 2 3 3
6404.7 -2609.6 -14.6 41 0 8.2 10.2 5.0 2.5 2 1 2 3 3
6389.8 -2641.4 -14.7 36 0 32.0 11.1 5.0 2.5 2 0 2 3 3
6364.1 -2666.6 -14.7 126 0 9.0 16.2 5.0 2.5 2 1 2 5 5
6218.9 -2792.9 -14.4 0 0 16.7 11.3 5.0 0.0 0 0 2 4 4
6303.4 -2651.0 -14.4 221 0 7.4 10.9 5.0 2.5 2 1 2 2 2
6285.9 -2664.1 -14.3 221 0 12.9 12.8 5.0 0.0 0 0 2 2 2
6261.5 -2691.8 -14.3 221 0 9.9 13.4 5.0 2.5 4 1 2 1 1
6242.4 -2711.4 -14.2 221 0 8.5 12.7 5.0 2.5 2 1 2 0 0
6228.6 -2732.5 -14.2 221 0 14.3 8.9 5.0 2.5 2 0 2 2 2
6214.5 -2746.7 -14.3 221 0 6.7 8.7 5.0 2.5 2 1 2 3 3
6181.7 -2850.8 -14.5 131 0 8.4 12.7 5.0 2.5 2 1 2 1 1
6168.6 -2820.1 -14.1 311 0 17.1 8.8 5.0 2.5 2 0 2 3 3
6294.9 -2528.7 -14.0 131 0 9.2 9.4 2.5 2.5 2 1 1 4 4
6314.7 -2550.9 -14.1 131 0 11.4 10.5 2.5 2.5 2 0 1 4 4
6264.6 -2614.6 -14.0 311 0 8.6 19.2 5.0 2.5 2 1 2 5 5
6209.2 -2653.9 -14.0 221 0 18.6 16.2 5.0 2.5 2 0 2 3 3
6191.9 -2699.2 -14.2 41 0 11.0 7.8 5.0 2.5 2 0 2 2 2
6169.3 -2726.6 -13.7 41 0 9.3 10.4 5.0 2.5 2 1 2 0 0
6159.2 -2736.5 -13.5 41 0 11.7 16.4 5.0 2.5 4 1 2 3 3
6093.7 -2730.6 -13.7 306 0 6.8 10.0 5.0 2.5 2 1 2 2 2
6141.6 -2770.9 -13.5 306 0 10.9 11.4 5.0 2.5 2 1 2 1 1
6099.1 -2828.5 -14.2 36 0 8.4 13.3 5.0 2.5 2 1 2 3 3
6077.9 -2873.1 -14.7 36 0 10.8 9.1 5.0 2.5 2 0 2 1 1
6047.9 -2876.5 -15.0 126 0 19.8 9.0 5.0 2.5 2 0 2 2 2
6051.9 -3059.9 -14.2 306 0 7.5 13.0 5.0 2.5 2 1 2 2 2
6040.8 -2979.7 -15.2 216 0 14.6 13.3 2.5 2.5 2 0 1 2 2
6088.3 -3017.5 -14.4 36 0 13.8 8.1 5.0 2.5 2 0 2 2 2
6063.8 -2989.2 -15.0 306 0 12.1 16.4 5.0 2.5 2 1 2 4 4
5719.0 -4290.8 -4.0 309 0 7.7 8.5 2.5 2.5 2 1 1 5 5
5732.9 -4299.6 -3.8 309 0 7.5 10.4 2.5 2.5 2 1 1 2 2
5818.4 -4324.4 -2.1 324 0 7.9 8.1 2.5 2.5 2 1 1 4 4
5809.6 -4352.5 -2.6 320 0 8.8 8.9 2.5 2.5 2 1 1 0 0
5863.8 -4393.7 0.8 146 0 14.6 8.8 2.5 2.5 2 0 1 4 4
5850.2 -4401.2 0.7 315 0 8.6 10.5 2.5 2.5 2 1 1 1 1
5868.4 -4423.3 2.4 316 0 5.9 10.3 2.5 2.5 2 1 1 0 0
5877.1 -4448.3 3.3 110 0 9.8 12.4 2.5 2.5 2 1 1 1 1
5981.1 -4333.0 3.0 201 0 8.8 10.3 2.5 2.5 2 1 1 5 5
6014.9 -4329.1 2.8 21 0 7.6 8.2 2.5 2.5 2 1 1 3 3
6017.4 -4345.0 2.7 21 0 10.4 15.4 2.5 2.5 2 1 1 3 3
6064.2 -4401.8 3.3 291 0 5.4 9.1 2.5 2.5 2 1 1 4 4
6075.0 -4406.2 3.5 291 0 7.6 10.0 2.5 2.5 4 1 1 1 1
6082.2 -4418.7 3.7 111 0 7.3 8.3 2.5 2.5 2 1 1 5 5
4212.6 -3706.6 6.5 182 0 8.4 9.2 5.0 2.5 2 1 2 3 3
4208.7 -3724.0 7.1 182 0 8.1 10.7 5.0 2.5 2 1 2 5 5
4207.8 -3742.4 7.7 182 0 7.1 8.4 5.0 2.5 4 1 2 5 5
4246.3 -3722.6 6.9 272 0 6.3 8.3 5.0 2.5 2 1 2 3 3
4249.3 -3744.6 7.5 2 0 9.8 8.6 5.0 2.5 2 0 2 3 3
4246.4 -3765.1 8.4 2 0 8.3 8.6 5.0 2.5 2 1 2 0 0
4244.3 -3784.5 9.1 2 0 8.4 8.6 5.0 2.5 2 1 2 0 0
4238.1 -3810.3 9.0 92 0 8.6 9.3 5.0 2.5 2 1 2 2 2
4235.9 -3829.4 6.8 92 0 8.4 9.0 5.0 2.5 2 1 2 1 1
4308.7 -3099.9 -7.2 319 0 9.4 12.3 2.5 2.5 2 1 1 3 3
4294.3 -3079.6 -6.7 319 0 11.7 9.2 2.5 2.5 2 0 1 5 5
4281.2 -3064.2 -6.4 319 0 9.6 10.2 2.5 2.5 2 1 1 1 1
4267.0 -3042.7 -5.8 319 0 8.8 13.0 2.5 0.0 0 1 1 2 2
4254.1 -3022.6 -5.2 319 0 10.1 10.6 2.5 2.5 2 1 1 5 5
4243.2 -3009.0 -4.8 319 0 10.4 11.2 2.5 0.0 0 1 1 4 4
4232.2 -2998.0 -4.5 319 0 11.3 12.0 2.5 0.0 0 1 1 2 2
4207.0 -2952.1 -3.5 49 0 10.2 7.3 2.5 0.0 0 0 1 3 3
4224.8 -2985.0 -4.2 319 0 8.4 13.5 2.5 2.5 2 1 1 4 4
4248.8 -2984.3 -3.9 139 0 8.2 7.4 5.0 2.5 2 0 2 4 4
4259.4 -2996.9 -4.0 139 0 8.1 14.8 5.0 2.5 2 1 2 2 2
4268.8 -3014.6 -4.4 139 0 10.2 9.5 5.0 2.5 2 0 2 3 3
4281.4 -3032.1 -4.7 139 0 9.0 12.4 5.0 0.0 0 1 2 5 5
4298.4 -3049.9 -4.8 139 0 10.6 8.3 5.0 2.5 2 0 2 4 4
4310.2 -3065.8 -5.1 139 0 9.7 11.5 5.0 0.0 0 1 2 2 2
4322.9 -3081.6 -5.3 139 0 8.8 10.3 5.0 0.0 0 1 2 2 2
4332.2 -3095.4 -5.5 139 0 10.4 11.2 5.0 2.5 2 1 2 5 5
4341.3 -3106.1 -5.6 139 0 9.7 10.6 5.0 2.5 2 1 2 3 3
4351.2 -3120.5 -5.8 139 0 8.6 12.8 5.0 2.5 2 1 2 2 2
4420.5 -3179.8 -6.2 139 0 10.5 16.1 2.5 2.5 2 1 1 2 2
4434.5 -3198.4 -5.6 139 0 9.3 13.4 2.5 2.5 2 1 1 2 2
4449.3 -3221.8 -5.0 139 0 7.6 14.0 2.5 0.0 0 1 1 1 1
4462.2 -3239.7 -4.5 139 0 9.0 15.5 2.5 2.5 4 1 1 0 0
4483.8 -3265.4 -2.5 139 0 9.9 18.6 2.5 2.5 2 1 1 5 5
4499.8 -3282.5 -3.0 139 0 7.2 8.1 2.5 2.5 2 1 1 1 1
4512.4 -3299.4 -3.8 139 0 6.8 11.7 2.5 2.5 2 1 1 2 2
4518.7 -3309.9 -4.3 139 0 6.6 11.9 2.5 2.5 4 1 1 0 0
4536.3 -3326.3 -5.2 139 0 8.2 12.9 2.5 2.5 2 1 1 5 5
4437.8 -3234.0 -6.0 319 0 8.1 9.3 2.5 2.5 2 1 1 4 4
4454.2 -3254.8 -4.5 319 0 9.4 12.3 2.5 2.5 2 1 1 5 5
4470.6 -3275.1 -2.3 319 0 8.7 11.3 2.5 2.5 2 1 1 1 1
4485.2 -3297.1 -3.3 319 0 9.9 14.0 2.5 2.5 2 1 1 1 1
4503.8 -3322.9 -4.5 319 0 7.6 11.0 2.5 2.5 2 1 1 1 1
4318.2 -3258.5 -9.9 312 0 8.4 14.9 2.5 0.0 0 1 1 5 5
4357.4 -3297.4 -6.3 312 0 9.5 14.7 2.5 2.5 2 1 1 3 3
4381.4 -3312.2 -4.2 312 0 10.0 11.0 2.5 0.0 0 1 1 2 2
4416.3 -3350.1 -3.9 312 0 8.3 16.2 2.5 2.5 2 1 1 5 5
4434.1 -3365.7 -4.7 312 0 9.3 14.1 2.5 2.5 2 1 1 4 4
4447.3 -3390.3 -5.8 312 0 8.1 13.2 2.5 0.0 0 1 1 4 4
4462.8 -3408.6 -6.7 312 0 9.1 7.8 2.5 2.5 2 0 1 4 4
4486.0 -3418.5 -7.5 312 0 9.4 12.0 2.5 2.5 2 1 1 2 2
4503.1 -3447.1 -7.8 42 0 22.2 15.5 2.5 2.5 2 0 1 0 0
4521.3 -3337.1 -5.5 312 0 8.6 16.4 2.5 2.5 4 1 1 1 1
4410.5 -3275.0 -5.4 132 0 9.1 9.0 2.5 2.5 2 0 1 2 2
4402.2 -3287.3 -4.9 132 0 9.0 6.3 2.5 0.0 0 0 1 1 1
4414.1 -3303.4 -3.4 132 0 9.0 14.7 2.5 2.5 2 1 1 2 2
4435.6 -3320.1 -3.1 132 0 10.8 13.1 2.5 2.5 2 1 1 1 1
4455.6 -3343.7 -4.2 132 0 9.6 15.8 2.5 2.5 2 1 1 2 2
4473.4 -3358.7 -5.1 132 0 9.6 6.9 2.5 2.5 2 0 1 0 0
4490.2 -3377.9 -6.0 132 0 7.6 13.6 2.5 2.5 2 1 1 5 5
4506.2 -3394.5 -6.9 132 0 7.7 12.3 2.5 2.5 4 1 1 4 4
4533.4 -3408.2 -7.9 42 0 16.9 10.6 2.5 2.5 2 0 1 1 1
4575.8 -3360.3 -7.0 42 0 9.1 15.6 2.5 2.5 2 1 1 2 2
4587.5 -3391.5 -8.9 222 0 11.3 13.6 5.0 2.5 2 1 2 0 0
4579.5 -3410.4 -9.2 222 0 4.2 10.3 5.0 2.5 2 1 2 0 0
4573.1 -3417.6 -9.4 222 0 9.2 12.9 5.0 2.5 2 1 2 4 4
4541.3 -3430.0 -8.8 222 0 11.4 10.4 5.0 0.0 0 0 2 2 2
4549.1 -3452.3 -8.5 132 0 4.5 12.8 5.0 0.0 0 1 2 5 5
4575.6 -3480.0 -8.3 132 0 9.0 11.6 5.0 2.5 2 1 2 1 1
4601.5 -3498.8 -9.4 132 0 6.4 12.3 5.0 2.5 2 1 2 5 5
4646.2 -3443.9 -8.8 312 0 10.4 12.7 5.0 2.5 2 1 2 3 3
4519.0 -3461.0 -6.9 222 0 8.0 8.9 5.0 0.0 0 1 2 0 0
4510.7 -3469.1 -6.4 222 0 8.8 9.7 5.0 2.5 2 1 2 0 0
4550.1 -3483.2 -6.8 312 0 41.6 11.5 5.0 2.5 2 0 2 4 4
4576.3 -3501.0 -7.6 312 0 11.5 16.5 5.0 2.5 2 1 2 2 2
4564.0 -3520.4 -6.8 312 0 16.6 9.8 5.0 2.5 2 0 2 3 3
4605.3 -3539.5 -8.8 312 0 9.6 10.5 5.0 2.5 2 1 2 3 3
4618.6 -3553.4 -8.7 312 0 11.3 7.4 5.0 2.5 2 0 2 3 3
4651.1 -3581.0 -7.5 312 0 14.2 12.0 5.0 2.5 2 0 2 2 2
4666.0 -3604.8 -8.1 312 0 8.6 11.1 5.0 2.5 4 1 2 1 1
4683.4 -3620.5 -8.5 312 0 9.3 13.3 5.0 2.5 4 1 2 0 0
4695.9 -3637.0 -8.9 312 0 8.5 11.5 5.0 2.5 4 1 2 2 2
4708.0 -3648.6 -9.1 312 0 8.5 8.0 5.0 2.5 2 0 2 3 3
4722.1 -3658.1 -9.4 312 0 6.4 11.4 5.0 2.5 2 1 2 0 0
4732.4 -3669.0 -9.5 312 0 9.6 6.1 5.0 2.5 2 0 2 0 0
4743.0 -3687.7 -9.5 312 0 7.6 9.2 5.0 2.5 2 1 2 3 3
4754.6 -3696.4 -9.5 312 0 8.5 17.2 5.0 2.5 2 1 2 3 3
4769.0 -3710.9 -9.2 312 0 8.4 15.3 5.0 2.5 2 1 2 0 0
4779.5 -3724.8 -8.0 312 0 7.0 8.9 5.0 2.5 2 1 2 4 4
4795.9 -3738.6 -8.1 312 0 9.0 5.9 5.0 2.5 2 0 2 5 5
4817.8 -3751.0 -7.6 312 0 12.1 7.5 5.0 2.5 2 0 2 5 5
4685.1 -3583.9 -7.3 132 0 7.1 10.4 5.0 2.5 2 1 2 0 0
4703.4 -3606.0 -7.8 132 0 9.0 15.1 5.0 2.5 4 1 2 1 1
4736.7 -3630.8 -8.4 132 0 7.1 11.7 5.0 2.5 2 1 2 1 1
4754.3 -3653.3 -9.0 132 0 6.8 12.7 5.0 2.5 4 1 2 4 4
4768.3 -3665.3 -9.3 132 0 6.6 16.9 5.0 2.5 4 1 2 2 2
4780.7 -3680.4 -9.6 132 0 5.9 9.5 5.0 2.5 2 1 2 0 0
4798.8 -3705.6 -10.4 132 0 7.4 8.1 5.0 2.5 2 1 2 1 1
4816.8 -3719.3 -10.9 132 0 9.3 14.5 5.0 2.5 2 1 2 0 0
4859.8 -3589.6 -4.4 318 0 10.3 20.2 2.5 2.5 2 1 1 4 4
4835.4 -3668.2 -7.5 318 0 8.2 13.6 5.0 2.5 2 1 2 3 3
4852.6 -3685.7 -9.5 318 0 8.0 14.4 5.0 2.5 2 1 2 4 4
4838.8 -3737.6 -10.5 139 0 8.8 18.4 5.0 0.0 0 1 2 4 4
4874.2 -3709.9 -11.9 318 0 7.9 7.2 5.0 2.5 2 0 2 4 4
4873.4 -3747.8 -11.5 133 0 9.1 19.9 5.0 2.5 4 1 2 1 1
4910.6 -3771.0 -12.0 122 0 11.3 16.4 5.0 2.5 2 1 2 4 4
4835.8 -3770.4 -6.8 294 0 6.1 7.6 5.0 2.5 4 1 2 3 3
4831.6 -3796.1 -5.9 114 0 7.5 7.2 5.0 2.5 2 0 2 3 3
4850.4 -3777.0 -7.5 294 0 7.8 15.5 5.0 2.5 2 1 2 3 3
4863.9 -3785.0 -8.0 294 0 9.4 9.7 5.0 2.5 2 1 2 2 2
4880.9 -3792.9 -8.8 294 0 8.6 10.0 5.0 2.5 2 1 2 4 4
4895.1 -3801.0 -8.8 294 0 11.2 17.3 5.0 2.5 2 1 2 3 3
4920.6 -3813.9 -8.3 294 0 11.4 10.4 5.0 2.5 2 0 2 2 2
4995.1 -3851.8 -8.7 296 0 8.6 15.6 5.0 2.5 2 1 2 4 4
5024.3 -3813.8 -12.0 333 0 16.4 9.4 2.5 2.5 2 0 1 4 4
5034.5 -3843.4 -11.5 147 0 11.0 6.7 2.5 2.5 2 0 1 0 0
