5270.7 4389.1 -97.3 333 0 8.5 10.6 2.5 2.5 2 1 1 1 1
4906.8 4573.6 -13.5 185 0 9.6 10.4 2.5 2.5 2 1 1 0 0
4871.9 4604.7 -11.3 285 0 6.6 13.9 5.0 2.5 2 1 2 3 3
4874.5 4575.5 -10.6 10 0 8.8 7.5 5.0 2.5 2 0 2 2 2
4873.0 4562.1 -10.6 359 0 13.1 6.8 5.0 2.5 2 0 2 3 3
4842.8 4778.2 -11.8 338 0 12.6 7.9 2.5 2.5 2 0 1 5 5
4812.1 4833.8 -10.3 27 0 10.4 8.2 2.5 0.0 0 0 1 2 2
4346.7 5506.2 -20.0 13 0 15.9 7.7 5.0 2.5 2 0 2 1 1
4333.8 5464.5 -20.4 101 0 7.2 9.4 2.5 2.5 2 1 1 2 2
3529.2 6492.0 67.4 273 0 11.0 9.8 5.0 2.5 2 0 2 2 2
3474.8 6514.1 89.3 214 0 4.2 9.4 5.0 2.5 2 1 2 1 1
3488.3 6492.7 86.8 90 0 6.8 10.8 5.0 2.5 2 1 2 5 5
3516.4 6460.6 71.6 37 0 10.8 10.3 5.0 2.5 2 0 2 2 2
