4516.7 -5053.2 -541.4 81 0 8.7 9.8 2.5 2.5 2 1 1 0 0
4492.4 -5055.4 -540.2 85 0 9.5 10.6 2.5 2.5 2 1 1 1 1
4491.4 -5090.2 -539.1 262 0 10.4 14.7 2.5 2.5 2 1 1 1 1
4472.1 -5056.3 -538.8 87 0 8.8 7.8 2.5 2.5 2 0 1 1 1
4459.8 -5066.3 -537.7 88 0 9.1 8.8 2.5 0.0 0 0 1 4 4
4461.3 -5122.7 -536.8 86 0 18.1 12.9 2.5 2.5 2 0 1 3 3
4422.4 -5065.0 -535.9 88 0 6.7 7.7 2.5 2.5 2 1 1 1 1
4426.8 -5124.6 -535.5 87 0 15.3 8.3 2.5 2.5 2 0 1 3 3
4395.6 -5110.8 -535.1 269 0 9.8 6.3 2.5 2.5 2 0 1 1 1
4394.5 -5076.8 -535.4 88 0 13.2 10.5 2.5 2.5 2 0 1 2 2
4338.9 -5080.2 -534.0 91 0 7.5 4.9 2.5 2.5 2 0 1 3 3
4344.0 -5118.4 -534.6 266 0 9.4 5.7 2.5 0.0 0 0 1 1 1
4343.7 -5107.2 -534.4 266 0 12.3 11.0 2.5 2.5 2 0 1 0 0
4318.2 -5081.3 -533.2 92 0 10.3 13.5 2.5 2.5 2 1 1 3 3
4316.4 -5111.4 -532.4 267 0 13.6 10.3 2.5 2.5 2 0 1 4 4
4292.2 -5077.0 -532.8 129 0 8.7 8.6 2.5 2.5 2 0 1 0 0
4268.2 -5104.8 -533.2 316 0 9.7 7.9 2.5 2.5 2 0 1 0 0
4250.8 -5081.2 -533.3 315 0 11.1 12.9 2.5 2.5 2 1 1 5 5
4234.9 -5068.8 -533.7 306 0 7.8 13.5 2.5 2.5 2 1 1 4 4
4224.0 -5055.9 -532.7 312 0 7.2 12.0 2.5 2.5 2 1 1 0 0
4214.5 -5046.0 -531.9 310 0 8.2 11.9 2.5 2.5 2 1 1 0 0
4274.6 -5054.9 -531.4 127 0 7.8 11.9 2.5 2.5 2 1 1 1 1
4268.9 -5064.5 -532.0 126 0 13.9 9.8 2.5 2.5 2 0 1 1 1
4252.2 -5049.2 -533.0 129 0 9.2 12.9 2.5 2.5 2 1 1 3 3
4239.8 -5037.5 -534.3 132 0 8.5 13.6 2.5 2.5 2 1 1 3 3
4230.0 -5028.1 -534.5 124 0 8.0 13.2 2.5 2.5 2 1 1 3 3
4233.3 -5011.3 -534.9 128 0 13.7 7.4 2.5 2.5 2 0 1 1 1
4221.2 -5004.6 -534.2 122 0 9.8 8.4 2.5 2.5 2 0 1 3 3
4187.9 -5030.0 -529.2 319 0 7.2 12.2 2.5 2.5 2 1 1 0 0
6699.5 -4313.2 -590.3 86 0 6.5 6.6 2.5 2.5 2 1 1 1 1
6699.3 -4322.4 -590.3 89 0 10.9 8.0 2.5 2.5 2 0 1 3 3
6716.1 -4347.4 -590.2 271 0 10.0 8.3 5.0 2.5 2 0 2 0 0
6743.6 -4348.8 -590.4 272 0 8.0 8.7 5.0 2.5 2 1 2 3 3
6747.0 -4318.2 -590.6 91 0 9.7 15.4 2.5 2.5 2 1 1 2 2
6767.6 -4318.0 -590.7 90 0 9.5 8.6 2.5 2.5 2 0 1 3 3
6776.6 -4367.2 -590.6 91 0 7.3 9.0 5.0 2.5 2 1 2 2 2
6776.4 -4349.9 -590.6 270 0 8.0 7.9 5.0 2.5 2 0 2 3 3
6787.7 -4318.5 -590.7 89 0 7.3 10.1 2.5 2.5 2 1 1 5 5
6797.0 -4348.1 -590.7 270 0 7.3 9.6 5.0 0.0 0 1 2 5 5
6809.8 -4320.8 -590.8 90 0 10.5 9.8 2.5 2.5 2 0 1 4 4
6811.9 -4347.1 -590.8 269 0 7.3 12.8 5.0 2.5 2 1 2 5 5
6827.9 -4348.0 -591.2 270 0 6.9 12.5 5.0 2.5 2 1 2 5 5
6843.7 -4320.2 -591.8 87 0 8.8 8.1 2.5 2.5 2 0 1 3 3
6845.9 -4348.4 -591.9 268 0 9.0 13.2 5.0 2.5 2 1 2 1 1
6862.5 -4353.4 -592.4 269 0 8.5 11.2 5.0 0.0 0 1 2 1 1
6871.2 -4320.4 -592.6 91 0 8.5 12.8 2.5 2.5 4 1 1 2 2
6897.9 -4303.8 -591.8 0 0 10.7 7.0 2.5 2.5 4 0 1 1 1
6905.0 -4353.6 -593.5 1 0 13.5 7.2 5.0 2.5 2 0 2 0 0
-5552.4 5186.1 579.7 139 0 8.9 6.1 2.5 2.5 2 0 1 4 4
-5548.4 5163.6 583.8 317 0 9.1 10.7 2.5 2.5 4 1 1 5 5
-5585.6 5217.0 566.3 130 0 5.8 9.8 2.5 2.5 2 1 1 4 4
-5588.3 5200.1 572.9 315 0 9.5 6.8 2.5 2.5 2 0 1 0 0
-5621.7 5219.7 569.4 313 0 8.7 10.9 2.5 2.5 2 1 1 5 5
