2691.6 -5123.0 -2.1 117 0 14.9 10.0 2.5 2.5 2 0 1 5 5
2592.9 -5188.2 -0.5 242 0 13.1 23.6 10.0 2.5 2 1 4 5 5
2636.2 -5246.9 0.1 333 0 22.4 12.4 7.5 2.5 2 0 3 0 0
2649.0 -5271.8 0.4 331 0 22.4 12.4 7.5 0.0 0 0 3 4 4
2980.3 -5133.6 -3.2 62 0 21.1 24.9 2.5 2.5 2 1 1 5 5
2928.8 -5047.0 -5.8 242 0 10.3 26.9 2.5 2.5 2 1 1 1 1
2954.4 -5083.6 -4.6 328 0 22.3 9.3 2.5 2.5 2 0 1 4 4
2909.2 -5060.3 -5.4 239 0 23.6 7.6 2.5 2.5 2 0 1 5 5
2886.5 -5072.4 -4.8 240 0 21.5 9.2 2.5 2.5 2 0 1 1 1
2861.6 -5082.5 -4.3 242 0 10.8 10.7 2.5 0.0 0 0 1 1 1
2836.7 -5106.6 -3.7 149 0 7.7 21.4 2.5 2.5 2 1 1 3 3
2934.4 -5177.9 -0.2 260 0 12.1 9.1 2.5 2.5 2 0 1 3 3
2917.5 -5189.5 -0.2 80 0 18.0 11.7 2.5 2.5 2 0 1 2 2
2891.2 -5188.7 0.0 170 0 10.3 13.2 2.5 2.5 2 1 1 5 5
