6432.0 -5605.8 -9.6 216 0 8.7 14.6 2.5 2.5 2 1 1 2 2
6427.7 -5628.7 -8.2 215 0 13.0 6.1 2.5 2.5 2 0 1 2 2
6421.5 -5620.9 -5.5 211 0 7.4 7.5 2.5 2.5 2 1 1 1 1
6408.2 -5654.7 -5.7 198 0 9.2 9.0 2.5 2.5 2 0 1 5 5
6420.1 -5719.3 -6.9 3 0 12.0 7.5 2.5 0.0 0 0 1 2 2
6398.4 -5692.8 -10.1 196 0 10.7 11.2 2.5 2.5 2 1 1 5 5
6389.1 -5764.4 -4.3 196 0 6.2 6.2 2.5 2.5 2 1 1 5 5
6419.0 -5756.3 -0.5 13 0 10.0 6.8 2.5 2.5 2 0 1 5 5
6417.8 -5739.5 -2.4 8 0 7.4 9.2 2.5 2.5 2 1 1 0 0
6389.1 -5730.8 -6.0 197 0 8.7 10.0 2.5 2.5 2 1 1 4 4
6384.7 -5747.6 -2.5 195 0 7.7 7.8 2.5 2.5 2 1 1 5 5
6386.2 -5782.6 -7.7 192 0 9.9 4.6 2.5 0.0 0 0 1 1 1
6376.7 -5780.2 -7.5 189 0 9.3 8.3 2.5 2.5 2 0 1 4 4
6372.8 -5797.8 -9.4 181 0 8.8 8.4 2.5 2.5 2 0 1 5 5
6368.4 -5809.9 -11.1 216 0 10.8 6.7 2.5 2.5 2 0 1 1 1
