-3352.8 -5681.2 555.9 90 0 9.2 7.5 5.0 2.5 2 0 2 2 2
-3391.0 -5714.9 550.7 171 0 5.7 9.3 2.5 2.5 2 1 1 1 1
-3354.6 -5718.7 553.5 73 0 9.0 7.6 2.5 2.5 2 0 1 0 0
-3415.8 -5713.8 547.7 21 0 8.2 9.9 2.5 2.5 2 1 1 0 0
-3439.7 -5697.0 546.2 357 0 9.0 8.6 2.5 0.0 0 0 1 1 1
-3452.7 -5714.9 545.0 180 0 9.1 6.8 2.5 2.5 2 0 1 2 2
-3446.6 -5747.2 544.7 174 0 10.5 5.4 2.5 2.5 2 0 1 4 4
-3436.5 -5752.1 545.4 174 0 11.4 7.0 2.5 2.5 2 0 1 5 5
-3433.5 -5775.1 545.0 174 0 13.2 9.8 2.5 2.5 2 0 1 4 4
-3430.0 -5792.4 544.9 174 0 11.6 6.6 2.5 2.5 2 0 1 2 2
-3428.0 -5807.5 544.7 171 0 9.1 6.5 2.5 2.5 2 0 1 3 3
-3468.2 -5850.9 541.2 1 0 10.9 8.3 5.0 0.0 0 0 2 0 0
-3467.4 -5874.9 541.1 354 0 10.3 7.9 5.0 2.5 2 0 2 3 3
-3457.3 -5878.3 541.7 352 0 8.7 8.0 5.0 2.5 2 0 2 5 5
-3461.4 -5895.0 541.2 355 0 11.4 9.8 5.0 2.5 2 0 2 2 2
-3455.7 -5913.9 541.7 355 0 11.8 7.3 5.0 2.5 2 0 2 5 5
-3437.4 -5814.7 544.0 176 0 12.3 8.3 2.5 2.5 2 0 1 3 3
-3425.4 -5837.2 544.5 165 0 11.8 9.5 2.5 2.5 2 0 1 2 2
-3418.7 -5856.0 544.7 161 0 8.2 10.0 2.5 2.5 2 1 1 4 4
-3415.6 -5877.3 544.8 163 0 9.8 11.2 2.5 2.5 2 1 1 4 4
-3410.9 -5891.4 545.2 164 0 9.0 4.5 2.5 2.5 2 0 1 3 3
-3406.0 -5906.6 545.2 84 0 8.0 8.4 2.5 2.5 2 1 1 3 3
-3382.6 -5919.5 546.6 85 0 13.9 13.2 2.5 2.5 2 0 1 0 0
-3405.7 -5928.4 545.2 84 0 7.5 14.4 2.5 2.5 2 1 1 4 4
-3413.3 -6044.3 551.7 175 0 12.9 11.3 2.5 2.5 2 0 1 0 0
-3455.5 -5961.5 542.0 345 0 26.6 10.1 5.0 2.5 2 0 2 3 3
-3472.1 -6007.9 544.2 179 0 12.8 8.4 5.0 2.5 2 0 2 5 5
-3468.7 -6047.9 542.9 183 0 14.7 18.4 5.0 2.5 2 1 2 2 2
5708.5 6885.0 -571.5 298 0 9.8 13.3 2.5 2.5 2 1 1 4 4
5720.8 6881.2 -572.0 298 0 10.1 11.0 2.5 2.5 2 1 1 2 2
5629.8 6926.4 -570.2 298 0 11.5 13.3 2.5 2.5 4 1 1 0 0
5681.5 6956.0 -572.1 208 0 9.6 10.2 5.0 2.5 2 1 2 0 0
5673.8 6946.6 -571.7 208 0 9.6 19.5 5.0 2.5 2 1 2 1 1
5762.9 6907.9 -573.9 305 0 10.1 8.6 5.0 2.5 2 0 2 5 5
5710.8 6940.5 -572.2 297 0 8.9 11.1 5.0 2.5 2 1 2 4 4
5726.7 6908.1 -572.9 122 0 10.9 9.3 5.0 2.5 2 0 2 4 4
6038.5 6726.8 -562.6 123 0 7.8 6.9 5.0 2.5 2 0 2 0 0
6134.9 6726.2 -561.9 236 0 8.4 9.5 5.0 2.5 2 1 2 5 5
5921.2 6515.0 -554.8 244 0 6.9 5.8 2.5 2.5 2 0 1 2 2
5930.1 6495.7 -552.5 249 0 6.7 6.7 2.5 2.5 2 1 1 4 4
5906.6 6505.6 -556.6 258 0 6.2 7.0 5.0 2.5 4 1 2 0 0
5911.8 6483.5 -554.8 158 0 6.9 6.7 2.5 2.5 2 0 1 1 1
5917.6 6468.7 -553.2 161 0 7.1 7.8 5.0 2.5 2 1 2 3 3
5935.9 6476.2 -550.7 157 0 6.7 7.6 2.5 2.5 2 1 1 4 4
5950.5 6444.1 -547.0 157 0 7.2 7.7 5.0 2.5 2 1 2 5 5
5988.1 6478.5 -552.1 0 0 10.1 7.0 7.5 2.5 2 0 3 3 3
5988.5 6450.6 -546.3 337 0 7.7 10.5 2.5 2.5 2 1 1 2 2
5993.9 6442.0 -546.3 338 0 8.4 12.0 5.0 2.5 2 1 2 1 1
5974.3 6496.5 -551.7 343 0 12.4 10.4 7.5 2.5 2 0 3 4 4
6049.4 6345.6 -540.8 359 0 14.9 9.0 7.5 0.0 0 0 3 3 3
6055.7 6309.1 -537.6 0 0 11.8 24.9 12.5 2.5 2 1 5 5 5
6065.5 6202.6 -523.4 88 0 10.4 14.6 5.0 2.5 2 1 2 3 3
6195.0 6556.6 -542.0 283 0 8.7 11.9 5.0 2.5 2 1 2 0 0
6185.9 6536.8 -537.5 103 0 16.8 8.6 5.0 2.5 2 0 2 3 3
6183.2 6525.8 -534.6 105 0 16.5 8.6 5.0 2.5 2 0 2 2 2
6214.5 6495.4 -530.9 291 0 8.8 13.1 5.0 2.5 2 1 2 3 3
6155.5 6338.0 -541.0 95 0 10.3 15.7 5.0 2.5 2 1 2 2 2
6082.7 6451.5 -548.2 357 0 6.5 8.3 5.0 2.5 2 1 2 2 2
6095.9 6406.9 -545.4 0 0 10.3 9.6 5.0 2.5 2 0 2 5 5
6116.5 6436.7 -545.3 180 0 9.4 7.3 5.0 2.5 2 0 2 0 0
6140.5 6537.8 -552.3 87 0 20.9 10.6 5.0 0.0 0 0 2 1 1
6054.2 6711.5 -560.5 130 0 10.3 7.7 5.0 2.5 2 0 2 2 2
6081.4 6698.4 -552.6 38 0 9.7 9.8 5.0 0.0 0 1 2 3 3
6098.3 6699.6 -549.4 221 0 10.2 8.5 5.0 2.5 2 0 2 5 5
6107.2 6679.4 -548.6 172 0 9.4 8.7 5.0 2.5 2 0 2 3 3
6091.0 6670.3 -550.6 171 0 12.8 15.2 5.0 2.5 2 1 2 2 2
6095.9 6651.8 -556.7 171 0 10.8 17.1 5.0 2.5 2 1 2 5 5
6099.9 6633.5 -557.0 166 0 9.8 14.7 5.0 0.0 0 1 2 3 3
6111.2 6622.8 -553.6 165 0 9.0 14.6 5.0 2.5 2 1 2 4 4
6109.1 6607.7 -555.8 168 0 10.6 17.4 5.0 0.0 0 1 2 0 0
6138.1 6584.3 -553.1 345 0 13.0 13.2 5.0 0.0 0 1 2 3 3
6109.3 6575.7 -555.4 165 0 11.6 14.7 5.0 2.5 2 1 2 0 0
6069.4 6519.8 -552.6 261 0 12.0 10.9 5.0 2.5 2 0 2 2 2
6514.4 6292.0 -533.7 157 0 10.0 8.3 5.0 2.5 2 0 2 2 2
6550.5 6241.5 -540.4 332 0 13.4 7.1 5.0 2.5 2 0 2 2 2
6535.9 6262.3 -538.0 341 0 9.1 8.3 5.0 2.5 2 0 2 0 0
6508.1 6246.4 -524.9 337 0 13.4 9.0 5.0 0.0 0 0 2 3 3
6519.1 6224.0 -530.3 337 0 13.4 11.2 5.0 2.5 2 0 2 4 4
6525.4 6200.9 -530.0 341 0 9.5 8.3 5.0 2.5 2 0 2 0 0
6532.4 6185.8 -530.8 341 0 8.5 14.8 5.0 2.5 2 1 2 5 5
6567.2 6161.2 -534.4 162 0 9.7 11.1 2.5 2.5 2 1 1 4 4
6547.7 6153.2 -526.4 341 0 8.0 10.9 5.0 2.5 2 1 2 3 3
6557.4 6132.5 -522.9 341 0 10.9 10.6 5.0 2.5 2 0 2 3 3
6652.9 6154.4 -531.2 312 0 5.9 14.0 2.5 2.5 4 1 1 0 0
6693.5 6101.4 -525.3 338 0 9.0 9.8 2.5 2.5 2 1 1 1 1
6683.8 6122.3 -527.4 315 0 7.3 11.9 2.5 2.5 2 1 1 4 4
6701.0 6184.5 -522.8 306 0 7.5 10.4 2.5 2.5 2 1 1 2 2
6688.4 6162.3 -524.1 134 0 6.5 11.3 2.5 2.5 2 1 1 4 4
6714.7 6134.8 -523.1 126 0 8.3 10.4 2.5 2.5 2 1 1 3 3
6702.4 6085.3 -523.3 343 0 8.2 11.3 2.5 0.0 0 1 1 5 5
6755.4 5874.6 -514.4 166 0 8.9 10.2 5.0 0.0 0 1 2 3 3
6740.3 5949.5 -523.1 167 0 12.3 15.4 5.0 2.5 2 1 2 0 0
6736.3 6000.5 -522.9 166 0 11.2 12.6 5.0 2.5 2 1 2 1 1
6739.0 5974.4 -522.8 174 0 13.2 10.5 5.0 0.0 0 0 2 2 2
6744.5 5928.4 -521.5 161 0 10.9 16.6 5.0 2.5 2 1 2 4 4
6748.1 5904.0 -519.0 166 0 13.0 14.4 5.0 2.5 2 1 2 1 1
6713.7 5921.7 -522.3 350 0 10.1 15.9 2.5 2.5 2 1 1 2 2
6729.6 5852.9 -517.4 346 0 10.1 11.4 2.5 2.5 2 1 1 3 3
6728.6 5873.2 -519.6 346 0 10.1 16.4 2.5 2.5 4 1 1 5 5
6759.5 5815.0 -508.1 174 0 9.7 8.9 5.0 2.5 2 0 2 3 3
6765.3 5758.1 -502.2 174 0 7.7 7.3 5.0 0.0 0 0 2 0 0
6735.0 5778.6 -511.1 356 0 11.6 9.4 2.5 2.5 2 0 1 0 0
6733.3 5761.7 -509.8 351 0 8.6 6.5 2.5 2.5 2 0 1 5 5
6820.1 5647.3 -499.8 137 0 11.8 14.5 5.0 2.5 2 1 2 4 4
6816.7 5606.2 -498.1 334 0 10.5 10.9 2.5 2.5 2 1 1 1 1
-5753.2 -6906.4 558.7 181 0 9.8 11.5 2.5 2.5 4 1 1 5 5
-5753.4 -6788.9 551.8 174 0 10.4 8.4 2.5 2.5 2 0 1 1 1
-5743.9 -6788.4 551.8 168 0 12.4 11.7 2.5 2.5 2 0 1 2 2
-5752.9 -6768.8 550.7 176 0 8.0 7.6 2.5 0.0 0 0 1 4 4
-5744.8 -6719.3 548.4 184 0 7.2 10.9 2.5 2.5 2 1 1 0 0
-5754.8 -6690.0 546.7 172 0 8.6 8.1 2.5 2.5 2 0 1 4 4
-5751.5 -6677.1 546.1 269 0 7.4 7.1 2.5 2.5 2 0 1 3 3
-5581.5 -6950.8 561.3 83 0 9.5 10.8 2.5 2.5 2 1 1 0 0
-5577.7 -6929.0 560.4 1 0 10.0 7.4 2.5 0.0 0 0 1 1 1
-5565.0 -6926.3 560.2 353 0 10.6 13.7 2.5 2.5 2 1 1 0 0
-5587.4 -6898.7 558.9 346 0 9.1 6.5 2.5 2.5 2 0 1 3 3
-5625.3 -6820.7 555.7 161 0 6.3 5.2 2.5 2.5 2 0 1 0 0
-5588.9 -6791.8 554.6 352 0 12.2 10.3 2.5 2.5 2 0 1 5 5
-5598.0 -6758.5 553.4 265 0 7.5 7.0 2.5 2.5 2 0 1 1 1
-5092.9 -6915.5 554.1 21 0 11.0 10.0 2.5 2.5 2 0 1 3 3
-5092.1 -6894.1 553.3 31 0 8.7 5.2 2.5 2.5 2 0 1 5 5
-5067.7 -6876.0 552.4 28 0 9.9 7.3 2.5 2.5 2 0 1 2 2
-5065.0 -6944.4 554.3 123 0 4.8 9.3 2.5 2.5 2 1 1 4 4
-5060.8 -6912.8 553.3 204 0 8.2 6.6 2.5 2.5 2 0 1 5 5
-5053.3 -6918.2 553.3 210 0 10.1 5.8 2.5 2.5 2 0 1 2 2
-5032.7 -6898.1 552.3 17 0 8.5 6.1 2.5 2.5 2 0 1 3 3
-5030.3 -6875.4 551.6 201 0 8.6 5.7 2.5 2.5 2 0 1 3 3
-5066.5 -6855.4 551.6 40 0 7.1 7.9 2.5 2.5 2 1 1 3 3
-5054.9 -6834.7 550.8 31 0 8.6 6.2 2.5 2.5 2 0 1 1 1
-5021.9 -6848.1 550.6 199 0 5.9 7.3 2.5 2.5 2 1 1 3 3
-5031.3 -6819.0 550.0 23 0 7.6 9.4 2.5 2.5 2 1 1 4 4
-5003.5 -6835.8 549.7 208 0 12.0 5.1 2.5 2.5 2 0 1 1 1
-4999.2 -6809.1 548.9 214 0 9.3 7.3 2.5 2.5 2 0 1 3 3
-4968.6 -6797.7 547.8 33 0 10.4 7.9 2.5 0.0 0 0 1 1 1
-4985.6 -6785.8 547.9 198 0 9.7 10.0 2.5 2.5 2 1 1 4 4
-4953.9 -6773.5 546.7 34 0 8.8 6.2 2.5 2.5 2 0 1 4 4
-4983.3 -6721.8 546.3 28 0 7.9 7.2 2.5 0.0 0 0 1 5 5
-4959.4 -6708.4 545.3 34 0 8.7 6.8 2.5 2.5 2 0 1 1 1
-4957.9 -6683.5 544.7 37 0 8.0 8.7 2.5 2.5 2 1 1 0 0
-4945.7 -6688.4 544.3 36 0 10.0 10.1 2.5 2.5 2 1 1 2 2
-4941.7 -6659.5 543.5 26 0 9.3 6.0 2.5 0.0 0 0 1 3 3
-4932.8 -6665.6 543.3 39 0 8.5 7.4 2.5 2.5 2 0 1 2 2
-4918.4 -6640.3 541.9 39 0 13.5 15.3 2.5 2.5 2 1 1 4 4
-4909.2 -6611.7 540.8 27 0 6.9 6.7 2.5 2.5 2 0 1 2 2
-4911.0 -6706.6 543.4 32 0 8.4 5.4 2.5 2.5 2 0 1 0 0
-4905.2 -6681.7 542.5 34 0 8.0 7.0 2.5 2.5 2 0 1 2 2
-4861.1 -6608.3 538.8 35 0 7.9 8.3 2.5 2.5 2 1 1 5 5
-5774.3 -6831.0 553.7 0 0 11.5 17.2 5.0 2.5 2 1 2 2 2
-5783.8 -6808.1 552.3 353 0 9.8 8.8 5.0 2.5 2 0 2 4 4
-5788.9 -6760.0 549.7 357 0 10.1 7.6 5.0 2.5 2 0 2 4 4
-5775.3 -6757.5 549.7 0 0 10.9 12.2 5.0 2.5 4 1 2 5 5
-5807.4 -6743.4 548.6 173 0 9.0 12.3 5.0 2.5 2 1 2 3 3
-5800.8 -6729.2 547.9 171 0 8.3 9.3 5.0 2.5 2 1 2 1 1
-5773.6 -6705.2 547.2 343 0 4.8 3.4 5.0 2.5 2 0 2 3 3
-5845.7 -6955.4 560.2 96 0 6.1 4.8 5.0 2.5 2 0 2 4 4
-5839.2 -6946.8 558.7 92 0 10.3 19.5 5.0 2.5 4 1 2 3 3
-5891.6 -6952.4 559.6 84 0 9.4 10.0 5.0 0.0 0 1 2 2 2
