-5204.5 1266.7 -1.5 7 0 8.0 10.2 2.5 2.5 2 1 1 4 4
-5161.8 1360.5 2.8 179 0 7.4 14.3 2.5 2.5 2 1 1 5 5
-5154.6 1338.7 3.6 175 0 8.0 6.8 2.5 2.5 2 0 1 2 2
-5213.1 1290.9 -2.1 12 0 6.4 7.4 2.5 2.5 2 1 1 4 4
-5192.7 1321.8 -0.4 19 0 9.2 12.0 2.5 0.0 0 1 1 5 5
-5173.3 1370.4 1.2 16 0 8.7 8.7 2.5 2.5 2 1 1 4 4
-5132.8 1364.0 3.2 49 0 6.9 8.7 2.5 2.5 2 1 1 0 0
-3849.4 4622.3 -3.1 230 0 12.9 42.9 2.5 2.5 2 1 1 5 5
-3838.4 4632.7 -3.8 232 0 12.3 44.5 2.5 2.5 2 1 1 4 4
-3790.0 4554.1 -3.1 50 0 10.9 35.7 2.5 0.0 0 1 1 2 2
-3811.7 4539.6 -2.0 155 0 4.4 9.5 2.5 2.5 2 1 1 5 5
-3775.2 4556.9 -4.4 55 0 11.6 11.4 2.5 2.5 2 0 1 0 0
-3743.3 4559.1 -5.2 40 0 8.4 14.9 2.5 2.5 2 1 1 1 1
-3705.9 4588.9 -6.7 306 0 28.4 19.6 2.5 2.5 2 0 1 2 2
-3731.2 4606.5 -6.4 304 0 14.0 15.7 2.5 2.5 2 1 1 0 0
-3620.0 4569.5 -5.5 127 0 50.7 41.0 2.5 0.0 0 0 1 0 0
-2189.8 5416.1 6.2 319 0 9.1 6.8 5.0 2.5 2 0 2 5 5
-2183.6 5407.1 7.0 317 0 10.5 6.4 5.0 2.5 2 0 2 4 4
-2176.5 5398.9 8.1 317 0 9.2 6.3 5.0 2.5 2 0 2 1 1
-2189.5 5373.0 5.5 47 0 18.2 15.6 5.0 2.5 2 0 2 2 2
-2235.1 5326.2 2.6 156 0 7.9 7.2 5.0 2.5 2 0 2 2 2
-2227.3 5347.2 3.1 154 0 7.1 4.6 5.0 2.5 2 0 2 4 4
-2222.4 5419.6 2.7 142 0 12.8 6.3 5.0 2.5 4 0 2 1 1
-2211.2 5447.9 2.8 321 0 13.5 9.6 5.0 2.5 2 0 2 5 5
-2224.4 5464.3 0.8 321 0 22.3 8.7 5.0 2.5 2 0 2 2 2
-2227.7 5453.0 1.1 319 0 7.5 9.0 5.0 2.5 2 1 2 1 1
-2247.3 5446.9 -0.2 138 0 19.9 9.1 5.0 2.5 2 0 2 5 5
-2247.8 5481.4 0.2 319 0 15.0 9.5 5.0 2.5 4 0 2 5 5
-2255.4 5474.5 -0.1 319 0 15.2 10.9 5.0 2.5 2 0 2 2 2
-2270.7 5467.8 -0.3 136 0 4.6 3.7 5.0 2.5 2 0 2 4 4
-2268.9 5486.1 -0.1 320 0 16.8 7.5 5.0 2.5 2 0 2 3 3
-2283.4 5484.0 -0.4 230 0 9.1 15.1 5.0 2.5 2 1 2 2 2
-2288.7 5479.1 -0.9 235 0 8.6 14.7 5.0 2.5 2 1 2 0 0
-2299.0 5402.8 -5.1 312 0 6.6 7.6 2.5 2.5 2 1 1 0 0
-2304.3 5396.3 -6.3 309 0 11.5 10.0 2.5 2.5 2 0 1 5 5
-2321.9 5404.4 -6.8 291 0 10.9 13.3 2.5 2.5 2 1 1 3 3
-2323.1 5447.9 -4.4 152 0 10.8 23.8 5.0 2.5 2 1 2 2 2
-2339.7 5442.0 -6.5 154 0 9.1 15.9 5.0 2.5 2 1 2 0 0
-2343.8 5439.0 -7.6 56 0 5.8 11.8 5.0 2.5 2 1 2 0 0
-2351.3 5436.7 -8.5 59 0 7.9 6.9 5.0 2.5 2 0 2 2 2
-2366.6 5428.9 -9.4 66 0 5.8 15.8 5.0 2.5 2 1 2 1 1
-1367.8 -1596.8 11.2 331 0 7.6 15.2 5.0 2.5 2 1 2 5 5
-1356.7 -1572.4 11.5 146 0 7.4 6.0 5.0 2.5 2 0 2 2 2
-1366.8 -1577.2 11.6 152 0 7.6 10.1 5.0 2.5 2 1 2 1 1
-1358.6 -1593.5 10.8 151 0 7.6 11.3 5.0 0.0 0 1 2 5 5
-1347.6 -1627.5 9.6 84 0 8.4 9.6 5.0 2.5 4 1 2 3 3
-1372.7 -1579.3 11.9 328 0 7.5 9.3 5.0 2.5 2 1 2 4 4
-1350.5 -1663.4 7.9 1 0 10.7 13.5 5.0 2.5 2 1 2 5 5
-1351.8 -1679.6 7.1 3 0 7.5 10.8 5.0 2.5 2 1 2 3 3
-1344.0 -1689.1 6.3 1 0 11.0 7.0 5.0 2.5 2 0 2 4 4
-1306.4 -1698.3 3.3 90 0 7.4 9.0 5.0 2.5 4 1 2 0 0
-1347.8 -1718.9 2.4 269 0 8.1 7.1 2.5 2.5 2 0 1 0 0
-1330.9 -1719.5 3.7 269 0 7.7 6.5 2.5 2.5 2 0 1 0 0
-1313.4 -1720.3 2.4 272 0 7.9 7.2 2.5 0.0 0 0 1 5 5
-1293.0 -1720.8 -0.6 271 0 13.1 7.7 2.5 2.5 2 0 1 1 1
-1268.3 -1726.7 -3.4 275 0 7.9 5.9 2.5 2.5 2 0 1 4 4
-6438.5 -3681.9 -16.6 133 0 8.3 5.6 5.0 2.5 2 0 2 0 0
-6205.0 -3760.1 -9.8 133 0 8.1 5.0 2.5 2.5 2 0 1 2 2
-6188.5 -3747.3 -10.5 39 0 5.2 6.1 2.5 2.5 4 1 1 4 4
-6182.2 -3735.4 -10.9 311 0 8.2 6.5 2.5 2.5 2 0 1 4 4
-6146.7 -3642.7 -14.0 45 0 7.4 10.3 5.0 2.5 4 1 2 1 1
-6141.1 -3664.5 -13.8 273 0 5.8 9.5 5.0 2.5 2 1 2 3 3
-6136.2 -3656.1 -14.2 227 0 13.2 6.3 5.0 2.5 2 0 2 1 1
-6137.4 -3631.2 -14.4 152 0 9.8 9.0 5.0 2.5 2 0 2 0 0
-6128.2 -3652.5 -14.6 139 0 6.0 10.5 5.0 2.5 2 1 2 2 2
-1874.0 6688.7 2.1 271 0 10.7 8.7 7.5 0.0 0 0 3 2 2
-1872.2 6663.6 2.4 2 0 9.0 10.6 7.5 2.5 4 1 3 0 0
-1875.9 6642.4 2.7 1 0 8.0 10.5 7.5 2.5 2 1 3 2 2
-1879.1 6621.3 2.9 3 0 8.3 10.1 7.5 2.5 2 1 3 1 1
-1882.3 6601.1 2.6 4 0 9.1 9.1 7.5 2.5 2 0 3 5 5
-3660.1 4600.5 -5.2 128 0 47.4 75.6 2.5 0.0 0 1 1 1 1
5956.6 -6866.4 -9.5 353 0 11.1 13.0 10.0 2.5 2 1 4 5 5
5931.7 -6876.4 -10.0 84 0 22.9 11.5 10.0 2.5 2 0 4 0 0
