-3768.7 4513.0 -15.2 357 0 7.3 7.2 2.5 2.5 2 0 1 1 1
-3785.6 4493.0 -17.6 97 0 11.1 11.7 2.5 2.5 2 1 1 0 0
-3797.9 4492.0 -19.0 96 0 7.7 11.4 2.5 2.5 2 1 1 3 3
-3810.6 4528.2 -22.1 272 0 15.7 8.4 2.5 2.5 2 0 1 2 2
-3815.9 4501.6 -21.6 90 0 8.9 7.5 2.5 0.0 0 0 1 3 3
-3827.6 4501.0 -22.9 94 0 6.4 10.9 2.5 2.5 2 1 1 5 5
-3837.2 4502.4 -23.8 105 0 6.7 9.4 2.5 2.5 2 1 1 2 2
-3847.7 4504.7 -25.0 107 0 6.4 9.1 2.5 2.5 2 1 1 1 1
-3860.3 4512.7 -27.5 101 0 7.7 11.7 2.5 2.5 2 1 1 2 2
-3890.1 4519.2 -27.6 90 0 6.4 10.6 2.5 2.5 2 1 1 2 2
-3890.5 4508.5 -26.0 92 0 5.6 8.7 2.5 2.5 2 1 1 1 1
-3914.4 4534.7 -27.1 207 0 7.3 7.8 2.5 0.0 0 1 1 5 5
-1178.4 1725.4 24.4 86 0 12.3 13.2 7.5 2.5 2 1 3 2 2
