4032.7 6541.6 -22.5 356 0 8.0 6.5 2.5 2.5 2 0 1 5 5
4039.1 6524.9 -22.2 358 0 10.5 4.8 7.5 2.5 2 0 3 2 2
4053.1 6485.1 -21.8 310 0 6.9 5.4 2.5 2.5 2 0 1 0 0
4014.6 6486.0 -23.9 134 0 10.9 7.2 7.5 2.5 2 0 3 3 3
4029.7 6470.2 -23.0 140 0 9.6 10.5 7.5 2.5 2 1 3 3 3
4040.0 6457.9 -22.5 134 0 11.0 7.0 5.0 2.5 2 0 2 0 0
4081.5 6391.4 -22.0 127 0 7.1 6.9 2.5 2.5 2 0 1 3 3
4091.5 6433.0 -20.1 314 0 9.1 7.4 5.0 2.5 2 0 2 2 2
4101.3 6415.9 -21.1 308 0 8.8 5.9 5.0 2.5 2 0 2 5 5
4113.1 6399.7 -21.9 12 0 9.0 7.7 7.5 2.5 2 0 3 3 3
4056.4 6422.8 -21.6 137 0 7.8 5.3 7.5 2.5 2 0 3 5 5
4084.7 6450.0 -20.2 325 0 10.2 6.0 7.5 2.5 2 0 3 1 1
4046.8 6441.6 -22.1 144 0 9.7 6.7 2.5 2.5 2 0 1 3 3
4043.9 6501.1 -22.3 325 0 6.9 7.0 7.5 2.5 4 1 3 1 1
4032.6 6599.8 -20.3 3 0 10.1 6.0 7.5 2.5 2 0 3 5 5
4034.5 6583.3 -21.2 328 0 8.6 7.1 5.0 2.5 2 0 2 4 4
4046.8 6566.0 -21.6 358 0 12.1 7.6 7.5 2.5 4 0 3 5 5
3978.2 6675.2 -17.3 208 0 13.7 11.9 2.5 2.5 2 0 1 2 2
3971.7 6662.2 -18.1 222 0 10.0 12.8 7.5 2.5 4 1 3 4 4
3969.5 6651.1 -18.6 232 0 7.5 6.2 7.5 2.5 2 0 3 4 4
3965.8 6633.4 -19.6 233 0 6.2 6.7 7.5 2.5 2 1 3 3 3
3980.0 6637.2 -18.9 146 0 6.2 9.6 7.5 0.0 0 1 3 3 3
4023.1 6638.0 -18.1 78 0 6.5 8.1 5.0 2.5 2 1 2 3 3
4027.4 6718.5 -15.9 294 0 12.0 7.3 2.5 2.5 2 0 1 5 5
4043.8 6630.6 -18.2 66 0 7.0 6.2 5.0 2.5 2 0 2 4 4
4048.4 6674.3 -16.3 322 0 15.1 7.6 7.5 2.5 2 0 3 2 2
4075.9 6650.0 -16.8 50 0 7.2 7.7 7.5 2.5 2 1 3 2 2
4087.7 6660.5 -16.1 48 0 8.7 6.9 7.5 2.5 2 0 3 1 1
3987.6 6697.7 -16.5 180 0 9.7 16.5 5.0 0.0 0 1 2 0 0
5908.2 -4163.8 12.7 86 0 6.8 10.8 7.5 2.5 4 1 3 2 2
5925.7 -4145.7 11.8 353 0 8.0 12.0 7.5 2.5 2 1 3 3 3
6017.3 -4238.5 10.5 121 0 11.8 16.3 2.5 2.5 2 1 1 1 1
6047.7 -6432.1 -11.7 21 0 5.7 8.4 5.0 2.5 2 1 2 3 3
6038.6 -6400.0 -9.9 22 0 7.7 6.3 7.5 2.5 2 0 3 4 4
6014.7 -6321.8 -5.9 121 0 8.5 5.9 2.5 2.5 2 0 1 4 4
5947.7 -6339.7 -4.7 211 0 8.1 7.4 5.0 2.5 2 0 2 5 5
5941.7 -6337.5 -4.2 205 0 7.5 4.6 7.5 2.5 2 0 3 3 3
5936.5 -6335.0 -3.8 207 0 8.1 4.9 7.5 0.0 0 0 3 2 2
5971.7 -6377.0 -7.1 116 0 7.6 9.6 7.5 2.5 2 1 3 0 0
5977.6 -6403.2 -8.6 115 0 11.6 6.8 5.0 2.5 2 0 2 3 3
5953.3 -6393.8 -7.4 119 0 7.8 8.6 7.5 2.5 2 1 3 2 2
5937.5 -6381.4 -6.7 209 0 8.5 8.5 7.5 2.5 4 1 3 1 1
5927.7 -6374.8 -5.9 214 0 8.2 8.0 7.5 2.5 2 0 3 3 3
6005.2 -2983.8 -9.2 178 0 7.9 5.7 2.5 2.5 2 0 1 1 1
5993.4 -2983.1 -9.4 180 0 8.9 10.8 2.5 2.5 2 1 1 2 2
5998.5 -2958.2 -9.4 89 0 9.7 8.6 2.5 2.5 2 0 1 2 2
5976.2 -2955.4 -8.9 26 0 8.9 15.6 2.5 2.5 2 1 1 2 2
5960.1 -2967.9 -8.4 34 0 6.3 8.3 2.5 0.0 0 1 1 2 2
5968.9 -2965.5 -8.8 35 0 7.0 10.2 2.5 0.0 0 1 1 4 4
5966.1 -2975.4 -9.0 28 0 8.3 7.3 2.5 0.0 0 0 1 5 5
5964.6 -2999.4 -9.7 34 0 6.3 7.6 2.5 2.5 2 1 1 2 2
5961.0 -3007.5 -9.9 32 0 9.4 10.1 2.5 2.5 2 1 1 4 4
5949.2 -2998.2 -9.0 25 0 11.4 8.9 2.5 2.5 2 0 1 0 0
5931.4 -3033.0 -10.1 299 0 10.8 14.8 2.5 2.5 2 1 1 4 4
5931.8 -2996.9 -8.7 112 0 9.1 11.1 2.5 2.5 2 1 1 1 1
5910.2 -3021.6 -9.5 295 0 10.0 17.4 2.5 2.5 2 1 1 0 0
5887.5 -3022.5 -9.2 298 0 6.9 7.4 2.5 2.5 2 1 1 1 1
5882.0 -3013.8 -8.9 206 0 9.6 12.4 2.5 2.5 2 1 1 5 5
5913.7 -2988.4 -7.9 112 0 9.0 8.4 2.5 2.5 2 0 1 3 3
5896.8 -2981.6 -7.2 118 0 9.6 11.5 2.5 2.5 2 1 1 3 3
5869.3 -3005.0 -8.1 309 0 7.3 11.2 2.5 2.5 2 1 1 4 4
5852.0 -2952.6 -4.7 124 0 7.5 6.2 2.5 0.0 0 0 1 1 1
5848.6 -2960.2 -5.2 122 0 8.0 7.6 2.5 2.5 4 0 1 5 5
5844.5 -2995.7 -7.3 210 0 11.8 10.2 2.5 2.5 2 0 1 3 3
5827.9 -2987.9 -6.5 215 0 10.8 7.8 2.5 2.5 2 0 1 5 5
5873.8 -2882.5 -0.9 269 0 9.8 9.2 2.5 2.5 2 0 1 5 5
5841.8 -2897.3 -2.3 208 0 11.0 31.7 2.5 2.5 4 1 1 3 3
5807.8 -2982.3 -5.8 304 0 6.3 5.9 2.5 2.5 2 0 1 3 3
5813.3 -2978.4 -5.5 30 0 10.8 11.1 2.5 2.5 2 1 1 0 0
5788.9 -2971.0 -5.0 302 0 5.6 4.5 2.5 2.5 2 0 1 0 0
5789.7 -2965.0 -4.8 209 0 9.0 7.6 2.5 2.5 2 0 1 2 2
5824.8 -2949.7 -3.2 122 0 8.1 9.3 2.5 2.5 2 1 1 1 1
5811.7 -2943.5 -2.4 118 0 7.1 10.3 2.5 2.5 2 1 1 3 3
5798.5 -2927.9 -1.1 125 0 6.4 4.1 2.5 0.0 0 0 1 5 5
5793.7 -2935.7 -1.9 120 0 8.3 8.4 2.5 2.5 2 1 1 1 1
5776.2 -2958.0 -4.2 32 0 9.8 11.4 2.5 0.0 0 1 1 2 2
5757.7 -2947.1 -3.6 27 0 7.6 9.9 2.5 2.5 2 1 1 5 5
5756.4 -2909.6 -0.5 132 0 6.7 8.6 2.5 0.0 0 1 1 4 4
5736.1 -2929.8 -2.9 309 0 7.3 6.6 2.5 2.5 4 0 1 2 2
5727.6 -2940.8 -3.2 127 0 7.5 5.8 2.5 2.5 2 0 1 3 3
5721.3 -2918.0 -2.3 309 0 8.0 6.1 2.5 2.5 2 0 1 4 4
5744.6 -2896.6 0.0 139 0 6.4 11.8 2.5 2.5 2 1 1 4 4
5720.9 -2904.3 -1.6 329 0 7.6 9.8 2.5 2.5 2 1 1 2 2
5732.4 -2880.3 0.6 138 0 7.7 12.1 2.5 0.0 0 1 1 3 3
5724.0 -2866.0 1.1 142 0 5.5 10.1 2.5 2.5 2 1 1 5 5
5707.2 -2885.5 -0.7 323 0 7.0 13.9 2.5 2.5 2 1 1 4 4
5698.8 -2871.6 0.8 325 0 5.3 6.2 2.5 2.5 2 1 1 2 2
5711.2 -2848.0 2.1 140 0 16.4 8.7 2.5 2.5 2 0 1 2 2
5863.3 -3057.0 -9.8 125 0 8.6 3.4 2.5 2.5 2 0 1 5 5
5852.5 -3043.3 -9.5 126 0 8.9 6.9 2.5 2.5 4 0 1 3 3
5864.8 -3053.4 -9.8 126 0 7.8 8.7 2.5 2.5 2 1 1 2 2
5876.2 -3062.4 -9.9 128 0 7.6 6.2 2.5 2.5 2 0 1 2 2
5886.3 -3070.0 -9.9 125 0 6.8 8.4 2.5 2.5 2 1 1 2 2
5897.2 -3081.4 -10.0 127 0 6.7 10.5 2.5 2.5 2 1 1 1 1
5915.9 -3098.5 -10.6 127 0 6.0 4.8 2.5 2.5 2 0 1 0 0
5918.2 -3093.6 -10.6 127 0 11.0 8.8 2.5 2.5 2 0 1 5 5
5928.7 -3100.9 -10.9 126 0 6.0 8.6 2.5 0.0 0 1 1 1 1
5936.6 -3113.5 -11.2 124 0 8.7 15.3 2.5 2.5 2 1 1 2 2
5950.5 -3121.5 -11.2 125 0 6.8 6.0 2.5 2.5 2 0 1 0 0
5954.2 -3116.3 -11.2 126 0 8.6 7.3 2.5 2.5 2 0 1 5 5
5964.4 -3123.3 -11.2 125 0 6.8 6.8 2.5 0.0 0 0 1 4 4
5971.5 -3132.2 -11.2 127 0 7.0 10.2 2.5 2.5 2 1 1 5 5
5997.4 -3028.0 -10.7 215 0 12.4 8.2 2.5 2.5 2 0 1 1 1
6014.3 -3045.1 -10.8 124 0 7.4 10.5 2.5 2.5 2 1 1 1 1
6015.3 -3069.7 -11.7 299 0 16.6 8.3 2.5 2.5 2 0 1 1 1
6026.8 -3053.0 -10.8 123 0 6.8 7.8 2.5 2.5 4 1 1 5 5
6041.6 -3064.1 -10.9 116 0 8.3 9.7 2.5 2.5 2 1 1 3 3
6051.0 -3093.0 -11.5 290 0 7.9 8.7 2.5 0.0 0 1 1 2 2
6070.7 -3076.7 -11.1 114 0 7.8 8.8 2.5 2.5 2 1 1 5 5
6102.1 -3085.9 -10.7 92 0 6.2 8.1 2.5 2.5 2 1 1 4 4
6107.5 -3056.6 -10.4 263 0 9.6 10.1 2.5 2.5 2 1 1 4 4
6138.5 -3078.6 -10.8 358 0 8.3 15.0 2.5 2.5 2 1 1 4 4
6136.8 -3093.0 -10.8 0 0 7.1 12.7 2.5 2.5 2 1 1 2 2
6137.2 -3104.9 -10.9 358 0 7.6 14.1 2.5 0.0 0 1 1 0 0
6136.1 -3135.9 -10.8 359 0 7.5 14.2 2.5 2.5 2 1 1 1 1
6135.1 -3151.8 -10.7 360 0 7.7 14.2 2.5 2.5 2 1 1 2 2
6097.3 -3122.5 -11.1 276 0 8.0 8.4 2.5 2.5 2 1 1 1 1
6097.4 -3136.9 -11.0 273 0 10.3 7.1 2.5 2.5 4 0 1 2 2
6094.4 -3149.2 -10.9 270 0 13.4 8.7 2.5 2.5 2 0 1 1 1
6093.2 -3164.6 -10.7 273 0 13.3 7.9 2.5 2.5 2 0 1 2 2
6098.1 -3182.4 -10.6 4 0 8.1 13.5 2.5 2.5 2 1 1 0 0
6129.5 -3192.3 -10.4 1 0 8.8 10.5 2.5 2.5 2 1 1 5 5
6127.4 -3206.9 -10.3 4 0 6.8 8.4 2.5 2.5 2 1 1 4 4
6091.3 -3215.2 -10.4 92 0 14.1 8.0 2.5 2.5 2 0 1 1 1
6090.7 -3229.9 -10.3 92 0 14.6 8.2 2.5 2.5 2 0 1 2 2
6030.5 -3171.5 -10.9 123 0 14.3 10.7 2.5 2.5 2 0 1 0 0
6004.0 -3154.0 -11.1 123 0 30.7 11.1 2.5 2.5 2 0 1 0 0
5966.9 -3062.4 -11.5 289 0 20.0 12.3 2.5 2.5 2 0 1 4 4
5617.3 -5746.4 16.7 304 0 6.8 9.5 5.0 2.5 4 1 2 2 2
5611.7 -5763.6 16.3 32 0 8.6 8.0 7.5 2.5 2 0 3 5 5
5604.9 -5775.7 16.0 26 0 8.8 7.8 7.5 2.5 2 0 3 1 1
5583.1 -5748.4 17.3 218 0 8.6 7.8 2.5 2.5 2 0 1 5 5
5576.5 -5759.9 17.2 213 0 8.8 7.8 7.5 2.5 2 0 3 3 3
5570.0 -5772.1 17.0 214 0 9.8 9.7 7.5 2.5 2 0 3 0 0
5564.4 -5791.2 16.9 119 0 8.9 8.8 7.5 2.5 2 0 3 0 0
3904.0 6587.8 -27.0 50 0 10.3 7.4 7.5 2.5 2 0 3 4 4
3907.9 6614.7 -26.8 45 0 6.8 8.1 5.0 2.5 2 1 2 2 2
3993.5 6601.0 -20.6 150 0 7.6 10.1 2.5 2.5 2 1 1 3 3
4003.8 6552.2 -23.3 212 0 8.5 9.8 7.5 2.5 2 1 3 3 3
6022.6 -6385.7 -9.2 297 0 11.9 10.0 7.5 0.0 0 0 3 3 3
