1278.4 -1719.1 -12.3 134 0 7.7 7.6 2.5 2.5 2 0 1 1 1
1257.1 -1449.7 12.4 300 0 9.1 11.0 5.0 2.5 2 1 2 2 2
1243.9 -1481.1 8.7 120 0 6.1 9.6 5.0 2.5 2 1 2 4 4
1342.2 -1722.6 3.2 22 0 12.5 8.1 2.5 2.5 2 0 1 4 4
1358.4 -1718.2 10.1 11 0 8.5 7.3 2.5 2.5 2 0 1 3 3
1354.6 -1680.5 11.1 346 0 8.2 13.9 2.5 2.5 2 1 1 1 1
1397.7 -1652.8 12.3 334 0 5.4 8.4 5.0 0.0 0 1 2 4 4
1391.8 -1643.9 8.0 72 0 10.9 19.0 5.0 2.5 2 1 2 5 5
1387.4 -1605.5 7.7 344 0 8.5 14.5 5.0 2.5 2 1 2 5 5
1369.4 -1597.3 8.9 165 0 8.1 9.7 5.0 2.5 2 1 2 1 1
1361.5 -1576.6 7.0 153 0 11.4 12.2 5.0 2.5 2 1 2 5 5
1355.5 -1565.6 6.4 137 0 7.4 9.7 5.0 2.5 2 1 2 2 2
1351.5 -1556.8 5.1 138 0 6.3 10.3 5.0 2.5 2 1 2 3 3
1343.4 -1544.4 3.9 138 0 6.5 10.1 5.0 2.5 2 1 2 5 5
1333.5 -1538.9 3.5 118 0 9.1 12.6 5.0 2.5 2 1 2 5 5
1320.6 -1535.5 4.4 115 0 11.5 12.8 5.0 2.5 2 1 2 2 2
1341.5 -1666.2 10.5 351 0 8.8 6.4 2.5 0.0 0 0 1 3 3
1340.3 -1656.6 10.4 2 0 6.7 10.5 2.5 2.5 2 1 1 4 4
1225.1 -1675.8 -15.0 147 0 6.9 5.9 2.5 2.5 2 0 1 3 3
1225.1 -1617.1 -3.7 142 0 7.0 6.8 2.5 2.5 2 0 1 0 0
1235.9 -1630.0 -3.7 141 0 7.4 7.2 2.5 2.5 2 0 1 1 1
1238.7 -1644.2 -5.4 143 0 7.2 13.2 2.5 2.5 2 1 1 1 1
1242.4 -1661.8 -7.6 135 0 10.0 7.7 2.5 2.5 2 0 1 0 0
1275.2 -1672.8 -2.2 122 0 6.9 6.7 2.5 2.5 2 0 1 2 2
1283.6 -1692.3 -5.5 104 0 9.7 11.1 2.5 2.5 2 1 1 0 0
1303.2 -1695.2 -0.3 95 0 6.1 7.5 2.5 2.5 2 1 1 4 4
1283.0 -1662.2 1.9 143 0 7.3 10.4 2.5 2.5 2 1 1 4 4
1275.8 -1648.8 2.3 141 0 7.1 8.0 2.5 2.5 2 1 1 1 1
1270.3 -1640.3 2.4 146 0 6.6 8.0 2.5 2.5 2 1 1 4 4
1242.1 -1541.3 6.4 209 0 11.6 5.6 2.5 2.5 2 0 1 1 1
1249.3 -1544.5 7.9 205 0 7.9 7.0 2.5 2.5 2 0 1 0 0
1222.0 -1588.2 0.3 167 0 13.5 9.9 2.5 2.5 2 0 1 0 0
1241.3 -1603.4 2.0 154 0 7.5 12.4 2.5 2.5 2 1 1 5 5
1260.6 -1627.8 2.0 138 0 7.9 10.7 2.5 2.5 2 1 1 5 5
1340.4 -1644.0 12.4 341 0 8.3 8.4 2.5 2.5 2 1 1 0 0
1304.8 -1528.9 8.3 305 0 9.8 9.1 2.5 2.5 2 0 1 1 1
1278.6 -1537.5 10.1 331 0 9.2 11.8 2.5 2.5 2 1 1 0 0
1280.1 -1551.5 11.6 334 0 7.7 10.1 2.5 2.5 2 1 1 0 0
1277.0 -1567.1 11.9 341 0 11.8 9.7 2.5 2.5 2 0 1 2 2
1291.9 -1569.1 14.3 331 0 15.7 8.3 2.5 2.5 2 0 1 0 0
1304.0 -1602.7 13.4 60 0 10.5 25.1 2.5 2.5 2 1 1 4 4
