-1087.9 -3142.5 -8.7 82 0 14.5 19.1 5.0 2.5 2 1 2 5 5
-1057.9 -3139.7 -7.2 80 0 26.5 11.4 5.0 2.5 2 0 2 5 5
-1034.5 -3225.6 -7.8 81 0 27.5 11.5 10.5 3.5 2 0 3 2 2
-1063.9 -3230.7 -8.4 82 0 13.2 10.6 10.5 3.5 2 0 3 3 3
-1069.6 -3186.0 -8.4 262 0 11.7 31.2 10.5 3.5 2 1 3 4 4
-1073.6 -3163.8 -8.3 261 0 10.5 18.1 10.5 3.5 2 1 3 3 3
-1070.3 -3154.5 -7.6 171 0 9.6 18.7 10.5 0.0 0 1 3 0 0
-1035.7 -3129.2 -5.2 80 0 11.4 18.8 5.0 2.5 2 1 2 1 1
-1030.2 -3146.6 -6.3 350 0 11.8 17.7 10.5 3.5 2 1 3 1 1
-1026.3 -3147.1 -5.2 170 0 12.1 19.1 10.5 3.5 2 1 3 0 0
-1009.1 -3161.7 -6.9 259 0 12.9 20.2 10.5 3.5 2 1 3 2 2
-978.1 -3179.7 -6.4 259 0 20.3 11.0 10.5 3.5 2 0 3 0 0
-949.7 -3657.9 -24.0 96 0 10.1 14.5 14.0 3.5 2 1 4 4 4
-696.2 -3288.1 8.1 78 0 8.3 15.7 5.0 2.5 2 1 2 4 4
-637.3 -3212.7 22.2 119 0 5.9 4.3 2.5 2.5 2 0 1 1 1
-1230.0 -3470.9 -14.9 12 0 17.0 38.1 14.0 3.5 2 1 4 4 4
-1211.7 -3482.3 -15.2 196 0 25.8 11.5 14.0 3.5 2 0 4 1 1
-1202.6 -3453.0 -14.7 197 0 31.3 10.3 14.0 3.5 2 0 4 0 0
-1120.0 -3555.0 -19.0 10 0 9.8 8.8 10.5 3.5 2 0 3 0 0
-1110.7 -3427.2 -12.6 99 0 8.6 16.8 10.5 3.5 2 1 3 5 5
-1075.0 -3458.9 -13.4 285 0 19.0 9.5 10.5 3.5 2 0 3 5 5
-1070.3 -3520.5 -16.2 10 0 21.7 6.4 10.5 3.5 2 0 3 0 0
-1077.3 -3379.9 -11.6 272 0 17.2 12.0 14.0 3.5 2 0 4 1 1
-1084.8 -3389.9 -11.9 271 0 13.5 10.6 14.0 3.5 2 0 4 0 0
-1085.0 -3415.3 -12.3 97 0 18.0 10.9 14.0 3.5 2 0 4 0 0
-1110.9 -3362.3 -12.3 283 0 12.5 21.2 14.0 3.5 2 1 4 2 2
-1122.4 -3368.8 -12.5 17 0 11.0 14.8 14.0 3.5 2 1 4 0 0
-1119.1 -3331.8 -11.8 269 0 8.3 16.7 10.5 0.0 0 1 3 4 4
-1251.1 -3539.9 -18.6 280 0 10.9 14.4 14.0 3.5 2 1 4 1 1
-1100.5 -3523.1 -15.5 102 0 11.2 22.1 14.0 3.5 2 1 4 2 2
-1113.2 -3517.4 -15.7 102 0 8.7 14.2 10.5 3.5 2 1 3 5 5
-1092.6 -3489.0 -14.4 6 0 7.7 9.4 10.5 3.5 2 1 3 3 3
-1079.1 -3496.9 -14.6 8 0 13.5 7.4 10.5 3.5 2 0 3 1 1
-1017.2 -3604.1 -22.4 7 0 9.8 11.5 10.5 3.5 2 1 3 4 4
-1023.2 -3641.2 -24.2 88 0 8.6 9.0 10.5 3.5 2 1 3 1 1
-985.5 -3628.7 -24.0 264 0 13.5 12.8 14.0 0.0 0 0 4 5 5
-981.1 -3659.7 -24.1 90 0 8.6 12.6 10.5 3.5 2 1 3 4 4
-640.7 -3217.9 21.5 118 0 6.8 6.2 2.5 2.5 2 0 1 4 4
-639.5 -3288.6 10.5 58 0 8.0 6.0 5.0 2.5 2 0 2 3 3
