1413.5 -6948.2 35.0 154 0 6.5 15.5 5.0 2.5 2 1 2 2 2
1881.0 -6353.1 3.6 138 0 7.1 8.8 2.5 2.5 2 1 1 4 4
1776.5 -6288.1 -4.1 231 0 11.0 7.3 2.5 2.5 2 0 1 3 3
1619.2 -6442.1 -9.2 34 0 6.9 11.9 5.0 2.5 2 1 2 2 2
1661.7 -6380.6 -6.0 37 0 10.8 8.0 5.0 0.0 0 0 2 0 0
1639.3 -6408.5 -7.2 34 0 10.1 10.2 5.0 2.5 2 1 2 0 0
1729.3 -6458.0 -14.6 86 0 10.8 7.8 5.0 2.5 2 0 2 5 5
1683.3 -6432.6 -11.4 331 0 7.7 14.2 5.0 2.5 2 1 2 3 3
1686.6 -6456.9 -13.3 67 0 9.0 5.1 5.0 2.5 2 0 2 2 2
1624.0 -6486.9 -14.2 209 0 7.9 9.7 5.0 2.5 2 1 2 0 0
1647.2 -6461.6 -12.8 215 0 13.1 5.9 5.0 2.5 2 0 2 0 0
1617.4 -6634.1 -21.6 151 0 20.4 8.5 5.0 2.5 2 0 2 2 2
1641.3 -6705.5 -20.7 315 0 9.0 4.6 2.5 2.5 2 0 1 1 1
1583.6 -6906.8 -7.5 65 0 10.2 22.7 5.0 2.5 2 1 2 5 5
1745.2 -6871.8 -19.3 350 0 6.7 10.0 5.0 2.5 2 1 2 2 2
1723.3 -6882.9 -19.2 168 0 19.5 5.9 5.0 2.5 4 0 2 1 1
1713.0 -6845.0 -19.1 172 0 6.6 6.9 5.0 2.5 2 1 2 5 5
1737.3 -6834.2 -18.8 344 0 7.5 6.5 5.0 2.5 2 0 2 3 3
1735.7 -6807.8 -19.3 340 0 7.9 11.3 5.0 2.5 2 1 2 4 4
1705.7 -6814.5 -19.7 170 0 13.3 6.5 5.0 0.0 0 0 2 5 5
1698.6 -6778.4 -20.5 169 0 12.8 9.6 5.0 2.5 4 0 2 3 3
1695.3 -6758.3 -21.0 164 0 9.0 5.7 5.0 2.5 2 0 2 4 4
1682.4 -6764.1 -20.7 349 0 9.1 6.2 2.5 2.5 2 0 1 0 0
1690.8 -6818.3 -19.2 347 0 8.0 7.0 2.5 2.5 2 0 1 0 0
1655.6 -6827.4 -16.9 164 0 8.7 8.2 2.5 2.5 2 0 1 0 0
1688.9 -6841.0 -18.3 341 0 10.3 29.2 2.5 2.5 2 1 1 5 5
1695.5 -6862.3 -18.2 347 0 15.3 6.7 2.5 2.5 2 0 1 1 1
1703.3 -6877.9 -18.3 353 0 7.8 7.0 2.5 2.5 2 0 1 4 4
1704.8 -6903.2 -17.8 355 0 9.9 4.0 2.5 2.5 2 0 1 0 0
1709.7 -6929.7 -17.4 351 0 7.9 5.6 2.5 2.5 2 0 1 2 2
5235.3 4626.0 -25.7 324 0 7.2 21.7 2.5 2.5 2 1 1 4 4
6558.1 4128.8 -22.2 229 0 11.0 7.4 2.5 2.5 2 0 1 4 4
6530.8 4154.4 -22.2 251 0 14.2 7.3 2.5 2.5 2 0 1 1 1
6486.5 4141.4 -22.6 244 0 6.9 11.3 2.5 2.5 2 1 1 3 3
6498.5 4142.9 -22.5 232 0 10.2 10.1 2.5 2.5 2 0 1 1 1
6452.5 4120.1 -23.2 244 0 10.9 8.9 2.5 2.5 2 0 1 0 0
6481.2 4117.6 -23.0 57 0 12.7 15.2 2.5 2.5 2 1 1 2 2
6026.0 4066.2 -14.4 327 0 6.9 7.7 2.5 2.5 2 1 1 2 2
5995.7 4081.4 -12.3 286 0 9.5 8.7 2.5 2.5 2 0 1 0 0
6043.5 4085.1 -15.8 101 0 12.5 9.7 5.0 2.5 2 0 2 2 2
6117.5 4065.3 -19.3 264 0 16.4 9.0 5.0 2.5 2 0 2 1 1
6192.6 4082.2 -23.2 245 0 10.5 10.8 5.0 2.5 2 1 2 5 5
6186.1 4097.9 -23.4 71 0 12.6 8.7 2.5 2.5 2 0 1 1 1
6232.2 4118.8 -25.7 75 0 11.8 8.3 2.5 2.5 2 0 1 5 5
6259.5 4123.8 -26.8 78 0 8.3 8.5 2.5 2.5 2 1 1 0 0
6300.5 4113.7 -24.7 95 0 8.9 7.2 2.5 2.5 2 0 1 2 2
6337.8 4088.0 -24.8 94 0 10.0 8.4 2.5 2.5 2 0 1 4 4
6353.4 4085.2 -24.7 118 0 7.1 9.1 2.5 2.5 2 1 1 3 3
6377.4 4070.8 -24.6 131 0 9.1 6.3 2.5 2.5 2 0 1 4 4
6417.1 4116.6 -23.6 250 0 18.6 11.4 2.5 2.5 2 0 1 5 5
6393.7 4109.8 -24.2 251 0 9.2 22.1 2.5 2.5 2 1 1 1 1
6391.0 4046.4 -22.1 262 0 6.1 10.5 2.5 2.5 2 1 1 1 1
6415.1 4038.6 -21.4 297 0 7.7 6.7 2.5 2.5 4 0 1 1 1
6438.6 4034.0 -19.4 224 0 10.3 7.4 2.5 2.5 2 0 1 1 1
6482.0 4034.4 -22.1 59 0 10.5 21.9 2.5 2.5 2 1 1 3 3
6491.9 4075.0 -22.4 235 0 9.4 4.8 2.5 2.5 2 0 1 0 0
6534.1 4065.5 -21.0 24 0 5.9 9.1 2.5 2.5 4 1 1 1 1
6531.7 4089.5 -21.5 232 0 7.2 5.5 2.5 2.5 2 0 1 5 5
6514.4 4093.6 -22.3 234 0 13.8 6.3 2.5 2.5 2 0 1 2 2
6537.0 4108.6 -22.1 235 0 9.8 5.5 2.5 2.5 2 0 1 3 3
6563.6 4093.0 -21.0 47 0 10.1 9.0 2.5 2.5 2 0 1 5 5
6604.0 4154.4 -21.6 242 0 9.3 12.1 2.5 2.5 4 1 1 5 5
6589.7 4134.6 -21.4 253 0 8.1 7.5 2.5 2.5 2 0 1 1 1
6619.3 4119.7 -20.1 12 0 7.3 8.8 2.5 2.5 4 1 1 2 2
6604.9 4072.1 -18.9 162 0 5.9 8.7 2.5 2.5 2 1 1 1 1
-6893.5 2824.6 -34.7 182 0 10.1 7.1 2.5 2.5 2 0 1 5 5
-6905.9 2730.0 -34.0 182 0 12.4 7.0 2.5 2.5 2 0 1 0 0
-6895.9 2727.9 -32.2 182 0 10.7 7.1 2.5 0.0 0 0 1 3 3
-6842.9 2721.0 -25.0 2 0 12.2 8.8 2.5 0.0 0 0 1 0 0
-6819.4 2746.7 -23.4 2 0 9.8 8.1 2.5 0.0 0 0 1 3 3
-6132.3 2209.4 -42.3 239 0 7.4 10.0 2.5 2.5 2 1 1 1 1
-6107.2 2229.1 -41.8 61 0 4.8 8.5 2.5 2.5 2 1 1 1 1
-5811.2 2436.9 -40.5 57 0 9.2 9.2 7.5 2.5 2 1 3 3 3
-5837.2 2508.8 -41.6 66 0 6.5 10.7 7.5 0.0 0 1 3 2 2
-5403.9 2581.9 -37.9 53 0 7.4 7.9 7.5 2.5 2 1 3 2 2
-5385.1 2662.8 -37.3 62 0 7.0 11.1 5.0 2.5 2 1 2 1 1
-5190.7 2763.9 -32.4 61 0 9.1 12.3 2.5 0.0 0 1 1 1 1
-5248.3 2732.8 -37.4 60 0 4.7 8.3 2.5 2.5 2 1 1 0 0
-5305.3 2716.8 -38.0 232 0 7.3 11.3 2.5 2.5 2 1 1 5 5
-5242.6 2657.4 -40.0 56 0 8.0 10.7 5.0 2.5 2 1 2 1 1
-5184.2 2702.5 -37.2 240 0 5.6 10.3 2.5 2.5 2 1 1 3 3
-5086.1 2767.0 -32.7 47 0 6.9 10.9 7.5 0.0 0 1 3 2 2
