-2961.2 -1789.2 -38.8 309 0 6.9 13.8 5.0 2.5 2 1 2 4 4
-2982.8 -1798.1 -39.0 228 0 8.8 13.1 5.0 2.5 2 1 2 1 1
-2972.6 -1829.1 -39.1 48 0 7.6 8.2 5.0 2.5 2 1 2 4 4
-2620.1 -1625.0 -33.2 59 0 16.6 9.8 5.0 2.5 2 0 2 4 4
-2677.6 -1653.6 -36.7 247 0 7.1 7.8 5.0 2.5 2 1 2 0 0
-2740.7 -1657.5 -36.5 70 0 6.2 8.6 5.0 2.5 2 1 2 4 4
-2759.1 -1678.4 -37.1 253 0 13.0 7.2 5.0 0.0 0 0 2 0 0
-2800.3 -1666.1 -38.4 73 0 7.4 15.6 5.0 2.5 2 1 2 3 3
-2792.9 -1688.0 -37.7 253 0 6.8 10.0 5.0 2.5 2 1 2 5 5
-2821.4 -1707.0 -38.2 259 0 5.3 9.1 5.0 2.5 2 1 2 4 4
-2830.5 -1679.4 -39.7 74 0 11.0 10.9 5.0 2.5 2 0 2 4 4
-2869.1 -1699.9 -39.3 68 0 10.2 7.1 5.0 2.5 2 0 2 4 4
-2903.4 -1713.8 -37.8 66 0 5.8 9.5 5.0 2.5 2 1 2 2 2
-2928.0 -1712.6 -37.7 68 0 10.9 14.2 5.0 2.5 2 1 2 2 2
-2903.3 -1730.8 -37.9 245 0 6.9 9.9 5.0 2.5 2 1 2 1 1
-2897.6 -1779.3 -37.2 147 0 8.2 4.1 5.0 2.5 2 0 2 5 5
-2889.4 -1781.9 -37.1 154 0 6.4 8.9 5.0 0.0 0 1 2 5 5
-2836.7 -1912.8 -33.8 311 0 15.0 7.7 7.5 2.5 2 0 3 2 2
-2816.0 -1926.8 -33.1 305 0 15.3 8.1 5.0 2.5 2 0 2 1 1
-2884.7 -1854.9 -35.6 217 0 9.3 8.7 5.0 2.5 2 0 2 2 2
-2899.1 -1896.4 -36.1 159 0 14.1 12.2 2.5 2.5 2 0 1 3 3
-2992.0 -1838.2 -39.4 48 0 7.2 13.2 5.0 2.5 2 1 2 1 1
-3015.9 -1836.3 -39.6 223 0 7.4 9.8 5.0 2.5 2 1 2 5 5
-3009.9 -1856.0 -39.4 47 0 4.6 9.3 5.0 2.5 2 1 2 5 5
-3029.8 -1874.2 -39.1 67 0 6.9 12.3 5.0 2.5 2 1 2 2 2
-3063.2 -1973.8 -38.7 165 0 7.1 12.0 2.5 2.5 4 1 1 3 3
-3085.5 -1955.9 -38.9 340 0 17.7 12.8 5.0 2.5 2 0 2 2 2
-3104.5 -2095.7 -37.1 7 0 9.6 10.5 5.0 2.5 2 1 2 0 0
-3034.4 -2068.2 -36.9 298 0 9.8 8.9 5.0 2.5 2 0 2 0 0
-3084.2 -2080.1 -37.5 28 0 8.1 11.5 5.0 2.5 4 1 2 3 3
-3061.2 -2108.6 -38.3 208 0 13.0 15.6 5.0 2.5 2 1 2 4 4
-3062.9 -2134.8 -38.1 208 0 7.1 10.7 5.0 2.5 2 1 2 4 4
-3115.5 -2139.6 -36.3 28 0 10.4 12.0 5.0 2.5 2 1 2 0 0
-3076.8 -2172.5 -36.1 208 0 8.1 12.2 5.0 2.5 2 1 2 0 0
-3093.6 -2192.7 -34.9 208 0 11.1 8.9 5.0 2.5 2 0 2 4 4
-3089.4 -2219.3 -33.8 208 0 8.9 9.8 5.0 2.5 2 1 2 1 1
-3126.0 -2166.6 -35.5 28 0 9.4 9.5 5.0 2.5 2 1 2 4 4
-3134.6 -2191.9 -34.4 28 0 9.5 11.5 5.0 2.5 2 1 2 2 2
-3144.2 -2240.9 -31.3 28 0 7.6 10.4 5.0 2.5 2 1 2 1 1
-3120.0 -2260.3 -29.0 208 0 13.5 9.0 5.0 2.5 2 0 2 2 2
-3150.2 -2268.3 -27.7 28 0 11.5 11.2 5.0 2.5 2 0 2 0 0
-3119.0 -2308.9 -22.1 199 0 15.1 9.4 5.0 2.5 2 0 2 1 1
-3130.9 -2368.1 -18.1 34 0 7.5 10.8 5.0 2.5 2 1 2 2 2
-3191.3 -2364.2 -19.5 38 0 9.5 10.3 2.5 2.5 2 1 1 2 2
-3248.7 -2403.6 -16.9 60 0 8.0 8.3 2.5 2.5 2 1 1 1 1
-3298.1 -2415.8 -15.7 158 0 11.5 25.8 2.5 2.5 2 1 1 3 3
-3308.1 -2852.6 -6.6 333 0 7.3 13.8 5.0 2.5 2 1 2 4 4
-3327.3 -2879.3 -6.4 157 0 17.8 9.3 5.0 2.5 2 0 2 5 5
-3509.4 -3316.6 -4.4 215 0 13.5 10.1 5.0 2.5 2 0 2 2 2
-3537.0 -3321.3 -4.4 52 0 9.7 8.2 2.5 2.5 2 0 1 4 4
-3574.3 -3343.1 -0.6 47 0 10.5 9.5 2.5 2.5 2 0 1 5 5
-3594.1 -3404.4 -2.5 18 0 8.8 9.0 2.5 2.5 4 1 1 4 4
-3574.5 -3408.6 -2.2 225 0 5.1 8.2 5.0 2.5 2 1 2 0 0
-3586.8 -3532.5 0.4 280 0 15.6 14.9 2.5 2.5 2 0 1 5 5
-3561.6 -3533.6 -1.3 0 0 8.1 13.9 2.5 2.5 2 1 1 4 4
-3570.8 -3557.5 -1.3 88 0 7.7 8.7 2.5 2.5 4 1 1 2 2
-3648.0 -3539.2 0.7 39 0 15.4 6.6 2.5 2.5 2 0 1 5 5
-3632.3 -3549.9 0.7 201 0 7.6 16.9 2.5 2.5 2 1 1 0 0
1372.6 6821.8 35.0 99 0 6.7 7.3 5.0 2.5 2 1 2 1 1
1434.0 6947.0 31.3 303 0 16.4 16.3 2.5 2.5 2 0 1 2 2
1455.9 6955.2 28.5 341 0 8.4 15.4 2.5 2.5 4 1 1 0 0
1756.1 6909.9 -19.5 350 0 5.4 8.3 2.5 2.5 2 1 1 0 0
1731.9 6906.2 -18.7 157 0 8.4 8.7 2.5 2.5 4 1 1 5 5
1733.3 6925.9 -19.0 163 0 8.1 7.3 2.5 2.5 2 0 1 4 4
1749.1 6951.7 -20.6 88 0 10.3 7.2 2.5 2.5 2 0 1 1 1
1700.9 6954.4 -17.8 175 0 6.9 4.1 2.5 0.0 0 0 1 2 2
1701.4 6947.6 -17.5 270 0 11.0 8.1 2.5 0.0 0 0 1 2 2
1693.5 6919.0 -17.0 180 0 8.9 13.6 2.5 0.0 0 1 1 4 4
1714.1 6893.9 -16.4 335 0 8.5 11.3 2.5 0.0 0 1 1 1 1
