1417.0 3798.1 5.4 207 0 9.2 13.9 5.0 2.5 2 1 2 3 3
1427.7 3821.0 2.8 207 0 9.3 12.3 5.0 2.5 2 1 2 3 3
1527.3 4256.7 -5.6 180 0 8.4 10.2 2.5 2.5 2 1 1 0 0
1437.1 3971.4 -1.2 9 0 10.9 13.5 2.5 2.5 2 1 1 2 2
1570.6 4198.4 -2.4 82 0 11.0 11.7 2.5 0.0 0 1 1 2 2
1452.2 3877.6 -2.7 208 0 6.7 12.3 5.0 2.5 2 1 2 3 3
1284.8 3515.6 20.2 35 0 29.1 8.7 5.0 2.5 2 0 2 3 3
1332.8 3606.6 15.5 37 0 9.1 13.5 5.0 2.5 2 1 2 4 4
1268.2 3596.2 12.8 22 0 14.9 8.6 2.5 2.5 2 0 1 5 5
1274.1 3628.4 11.5 23 0 9.5 19.1 2.5 2.5 2 1 1 5 5
1284.8 3651.8 9.4 31 0 7.8 9.4 2.5 2.5 2 1 1 4 4
1295.7 3677.2 7.5 38 0 8.5 14.1 2.5 0.0 0 1 1 4 4
1312.9 3692.5 7.9 42 0 9.3 10.0 2.5 2.5 2 1 1 1 1
1325.0 3718.4 5.4 31 0 9.4 16.7 2.5 2.5 2 1 1 3 3
1334.2 3664.7 12.4 218 0 7.2 13.5 5.0 2.5 2 1 2 1 1
1336.6 3672.2 12.4 214 0 6.2 14.6 5.0 2.5 2 1 2 2 2
1385.2 3752.0 10.3 218 0 9.6 13.3 5.0 2.5 2 1 2 3 3
1408.0 3777.2 7.9 215 0 10.4 9.3 5.0 2.5 2 0 2 3 3
1437.8 3839.0 0.8 207 0 10.9 13.1 5.0 0.0 0 1 2 0 0
1442.6 3858.4 -1.5 211 0 8.8 12.9 5.0 2.5 4 1 2 3 3
1463.8 3891.9 -3.8 206 0 10.6 9.4 5.0 2.5 2 0 2 2 2
1471.4 3911.0 -3.5 204 0 9.7 10.2 5.0 2.5 2 1 2 5 5
1485.5 4097.7 0.6 269 0 11.7 10.1 5.0 2.5 2 0 2 5 5
1386.6 3844.4 3.6 32 0 10.9 10.1 2.5 2.5 2 0 1 3 3
1395.5 3864.2 3.3 26 0 9.6 10.8 2.5 2.5 2 1 1 5 5
1404.5 3891.9 3.0 26 0 7.3 8.9 2.5 2.5 2 1 1 1 1
1407.9 3901.7 2.1 24 0 9.3 9.5 2.5 2.5 2 1 1 3 3
1431.1 3934.1 -1.7 22 0 9.2 11.0 2.5 2.5 2 1 1 1 1
1441.2 3989.1 -1.0 4 0 12.4 14.8 2.5 2.5 2 1 1 4 4
1438.7 4013.3 0.1 9 0 8.5 11.5 2.5 2.5 2 1 1 4 4
1440.7 4035.4 1.0 18 0 9.2 10.5 2.5 2.5 2 1 1 0 0
1445.9 4081.6 3.1 12 0 9.0 12.1 2.5 2.5 2 1 1 3 3
1443.2 4123.4 0.0 10 0 11.8 13.0 2.5 2.5 2 1 1 4 4
1451.9 4157.8 -2.9 10 0 11.8 16.4 2.5 2.5 2 1 1 4 4
1448.9 4195.7 -5.0 18 0 11.5 10.1 2.5 2.5 2 0 1 5 5
1477.9 4340.2 -10.8 29 0 11.4 16.1 2.5 2.5 2 1 1 0 0
1544.5 4136.6 -1.2 94 0 10.5 10.0 2.5 2.5 2 0 1 0 0
1525.9 4138.8 -2.1 89 0 9.7 12.2 2.5 2.5 2 1 1 5 5
1504.0 4138.9 -2.4 92 0 9.3 7.5 2.5 2.5 2 0 1 3 3
1485.7 4138.4 -3.1 94 0 10.6 8.7 2.5 2.5 2 0 1 1 1
1486.2 4166.5 -4.7 182 0 9.0 8.5 2.5 2.5 2 0 1 3 3
1489.7 4201.1 -6.8 203 0 9.6 9.4 2.5 2.5 2 0 1 1 1
1533.4 4202.1 -5.3 182 0 21.6 11.1 2.5 2.5 2 0 1 0 0
1587.6 4258.0 -0.0 359 0 7.5 9.0 2.5 2.5 2 1 1 2 2
1564.8 4257.8 -2.7 359 0 8.8 11.2 2.5 2.5 2 1 1 3 3
1497.1 4269.7 -8.8 185 0 5.5 6.6 2.5 2.5 2 1 1 2 2
1546.3 4377.8 -3.0 222 0 8.3 16.1 2.5 2.5 2 1 1 1 1
1571.0 4379.3 -1.3 42 0 9.4 13.0 2.5 2.5 2 1 1 3 3
1578.7 4400.9 0.2 27 0 6.7 6.0 2.5 2.5 2 0 1 2 2
1589.5 4469.1 -0.6 299 0 24.9 10.3 2.5 2.5 4 0 1 2 2
1607.8 4460.5 2.2 297 0 9.2 9.1 2.5 2.5 2 0 1 3 3
1617.2 4454.3 2.7 296 0 8.9 26.9 2.5 2.5 2 1 1 2 2
1605.7 4149.4 2.4 84 0 14.6 10.8 2.5 2.5 2 0 1 3 3
1640.9 4153.0 6.6 80 0 21.8 13.6 2.5 2.5 4 0 1 2 2
1665.4 4156.7 10.8 75 0 14.1 7.0 2.5 2.5 2 0 1 0 0
1639.9 4061.8 11.4 256 0 12.1 14.4 5.0 2.5 4 1 2 3 3
1640.8 4087.0 9.7 273 0 15.0 10.0 5.0 2.5 2 0 2 0 0
1769.6 4113.4 17.0 262 0 8.4 15.1 5.0 2.5 2 1 2 5 5
1766.1 4166.1 15.9 81 0 18.2 11.0 2.5 2.5 2 0 1 4 4
1799.6 4168.7 15.6 89 0 13.1 11.2 2.5 2.5 2 0 1 0 0
1821.9 4170.4 15.5 87 0 11.0 11.8 2.5 2.5 2 1 1 2 2
1844.5 4186.7 15.3 269 0 10.7 12.8 2.5 2.5 2 1 1 1 1
1974.3 4103.1 17.6 270 0 18.5 12.2 5.0 0.0 0 0 2 5 5
1938.3 4105.7 16.6 272 0 20.0 13.6 5.0 2.5 2 0 2 0 0
1930.6 4070.4 17.4 269 0 11.9 10.6 5.0 0.0 0 0 2 5 5
1954.6 4055.5 18.3 356 0 11.9 11.3 5.0 2.5 2 0 2 0 0
1955.0 4040.9 19.5 357 0 11.2 9.5 5.0 2.5 2 0 2 0 0
1949.0 4015.7 20.5 86 0 14.2 16.1 5.0 2.5 2 1 2 1 1
1419.5 6331.9 -23.6 151 0 9.6 13.5 2.5 2.5 2 1 1 1 1
1481.0 6441.5 -24.1 260 0 12.0 8.5 2.5 0.0 0 0 1 0 0
1168.2 6306.9 -21.1 94 0 10.5 8.4 2.5 2.5 2 0 1 4 4
1150.9 6308.2 -21.6 96 0 9.7 11.7 2.5 2.5 2 1 1 1 1
1087.7 6310.0 -22.1 103 0 13.3 9.5 2.5 2.5 2 0 1 1 1
1125.3 6293.7 -22.3 180 0 5.1 8.6 2.5 2.5 2 1 1 1 1
1146.9 6286.9 -21.8 98 0 9.5 6.9 2.5 2.5 2 0 1 3 3
1173.8 6275.4 -21.2 92 0 12.8 7.8 2.5 2.5 2 0 1 5 5
1195.8 6282.7 -20.9 103 0 10.9 6.4 2.5 0.0 0 0 1 0 0
1229.9 6325.2 -21.2 2 0 9.0 7.5 2.5 2.5 4 0 1 4 4
1213.3 6392.9 -21.4 264 0 14.9 9.1 2.5 2.5 2 0 1 1 1
1259.3 6354.8 -21.9 356 0 8.4 9.2 2.5 2.5 2 1 1 3 3
1259.5 6323.9 -21.8 2 0 10.4 8.7 2.5 2.5 2 0 1 5 5
1266.1 6307.5 -21.8 344 0 7.5 6.3 2.5 2.5 4 0 1 2 2
1263.8 6288.8 -21.9 79 0 6.7 6.4 2.5 2.5 2 0 1 2 2
1264.2 6275.4 -22.1 75 0 8.6 10.2 2.5 2.5 2 1 1 1 1
1270.9 6262.6 -22.7 173 0 9.3 10.4 2.5 2.5 2 1 1 4 4
1366.4 6350.5 -23.0 165 0 16.3 13.5 2.5 2.5 2 0 1 4 4
1377.6 6291.6 -23.5 157 0 12.3 7.7 2.5 2.5 2 0 1 5 5
1398.1 6323.7 -23.3 160 0 12.4 12.2 2.5 2.5 2 0 1 5 5
1485.4 6416.9 -24.2 256 0 12.2 56.9 2.5 0.0 0 1 1 0 0
1507.3 6476.6 -23.0 163 0 13.7 10.8 2.5 2.5 2 0 1 1 1
1595.8 6448.7 -24.1 160 0 10.5 10.2 2.5 0.0 0 0 1 2 2
1560.5 6439.2 -24.5 161 0 10.6 24.5 2.5 2.5 2 1 1 0 0
1553.4 6471.9 -24.1 159 0 13.5 19.3 2.5 2.5 2 1 1 4 4
1569.1 6538.0 -24.0 251 0 14.8 60.0 2.5 0.0 0 1 1 0 0
1625.8 6507.6 -23.4 260 0 10.0 16.7 2.5 2.5 4 1 1 2 2
1643.9 6462.7 -23.5 84 0 9.8 20.7 2.5 2.5 2 1 1 4 4
1653.4 6443.1 -23.7 355 0 10.5 7.7 2.5 2.5 2 0 1 5 5
1677.0 6464.0 -23.2 11 0 8.2 7.8 2.5 2.5 2 0 1 3 3
1753.4 6628.6 -24.6 209 0 14.7 8.1 2.5 2.5 2 0 1 3 3
1735.6 6595.3 -23.6 211 0 10.4 7.9 2.5 0.0 0 0 1 5 5
1735.3 6572.2 -23.1 20 0 11.4 6.4 2.5 2.5 2 0 1 1 1
1726.9 6519.5 -22.2 16 0 8.7 8.8 2.5 2.5 2 1 1 0 0
1726.5 6499.0 -22.4 4 0 9.3 5.4 2.5 2.5 2 0 1 4 4
1719.5 6453.8 -23.5 12 0 9.8 11.6 2.5 2.5 2 1 1 5 5
1655.1 6261.9 -22.7 341 0 9.1 17.8 2.5 2.5 2 1 1 5 5
1653.5 6291.5 -25.4 333 0 8.6 17.7 2.5 2.5 4 1 1 1 1
1632.2 6282.0 -25.2 335 0 9.1 21.2 2.5 2.5 2 1 1 0 0
1583.3 6261.8 -25.0 337 0 11.8 16.1 2.5 2.5 2 1 1 5 5
1587.5 6226.7 -21.7 336 0 4.9 9.7 2.5 2.5 2 1 1 2 2
1566.2 6156.1 -20.8 344 0 9.9 9.9 2.5 2.5 2 0 1 5 5
1547.5 6208.3 -22.2 63 0 10.4 12.7 2.5 2.5 2 1 1 4 4
1507.8 6219.3 -23.6 67 0 11.4 18.2 2.5 2.5 2 1 1 0 0
1481.4 6214.3 -23.7 155 0 3.3 12.1 2.5 0.0 0 1 1 4 4
1407.8 6184.1 -23.2 132 0 8.6 7.6 2.5 2.5 2 0 1 0 0
1418.8 6175.3 -23.1 141 0 6.3 6.1 2.5 2.5 2 0 1 2 2
1463.7 6134.9 -22.3 127 0 11.9 8.1 2.5 2.5 2 0 1 4 4
1446.1 6151.0 -22.7 124 0 10.5 7.5 2.5 0.0 0 0 1 3 3
1437.2 6196.6 -23.4 135 0 13.0 12.6 2.5 2.5 2 0 1 5 5
1455.6 6190.4 -22.9 129 0 6.5 8.9 2.5 2.5 2 1 1 2 2
1464.9 6182.6 -22.6 213 0 7.7 15.6 2.5 2.5 2 1 1 0 0
1500.1 6164.6 -21.8 107 0 5.4 12.2 2.5 2.5 2 1 1 4 4
1535.9 6154.9 -21.4 6 0 8.7 13.4 2.5 2.5 4 1 1 5 5
1521.8 6127.7 -21.4 107 0 10.5 13.4 2.5 2.5 2 1 1 2 2
1558.9 6181.4 -21.1 344 0 14.0 12.9 2.5 0.0 0 0 1 0 0
1577.2 6186.8 -20.7 341 0 7.3 9.4 2.5 2.5 2 1 1 3 3
1592.9 6191.2 -21.2 337 0 10.0 8.5 2.5 2.5 2 0 1 3 3
1610.5 6198.3 -22.0 340 0 7.9 7.8 2.5 2.5 2 0 1 0 0
1625.5 6172.1 -21.8 351 0 9.4 5.5 2.5 2.5 2 0 1 3 3
1617.9 6131.7 -20.4 348 0 7.3 10.9 2.5 2.5 2 1 1 2 2
1601.5 6093.6 -20.0 74 0 9.8 8.3 2.5 0.0 0 0 1 5 5
