-1059.4 -1674.1 -7.6 107 0 7.4 8.2 2.5 2.5 2 1 1 4 4
-1040.9 -1646.1 -7.7 17 0 9.7 14.4 2.5 2.5 2 1 1 0 0
-1052.9 -1630.4 -7.3 197 0 6.2 9.9 2.5 2.5 2 1 1 5 5
-1043.0 -1606.9 -7.7 197 0 6.7 9.8 2.5 2.5 2 1 1 5 5
-1024.3 -1598.0 -7.7 17 0 7.2 14.3 2.5 0.0 0 1 1 0 0
-1032.7 -1580.0 -7.7 197 0 8.0 6.9 2.5 2.5 2 0 1 5 5
-1019.0 -1459.0 -3.7 287 0 8.6 6.4 7.5 2.5 2 0 3 4 4
-1013.4 -1478.9 -5.6 17 0 13.8 8.5 5.0 2.5 2 0 2 2 2
-1021.4 -1511.6 -6.3 17 0 6.2 16.1 5.0 2.5 2 1 2 5 5
-1031.6 -1540.3 -6.5 17 0 5.0 12.1 5.0 2.5 2 1 2 2 2
-1033.1 -1551.1 -6.7 17 0 10.8 7.9 5.0 2.5 2 0 2 0 0
-1037.8 -1562.3 -6.3 17 0 6.8 6.9 5.0 2.5 2 1 2 2 2
-1041.6 -1573.5 -6.1 17 0 10.1 6.5 5.0 2.5 2 0 2 3 3
-1048.1 -1588.6 -5.7 17 0 11.9 6.3 5.0 2.5 2 0 2 1 1
-1052.1 -1603.4 -5.5 17 0 7.2 6.2 5.0 2.5 2 0 2 3 3
-1055.6 -1617.0 -5.4 17 0 4.5 13.8 5.0 0.0 0 1 2 0 0
-1058.1 -1626.4 -5.3 17 0 7.3 14.5 5.0 2.5 2 1 2 5 5
-1064.0 -1641.3 -4.9 17 0 7.2 19.5 5.0 0.0 0 1 2 5 5
-1068.1 -1653.7 -5.4 17 0 6.9 14.3 5.0 2.5 4 1 2 2 2
-1078.4 -1666.2 -5.7 107 0 7.9 6.8 5.0 2.5 2 0 2 4 4
-1099.8 -1651.1 -3.1 107 0 9.1 10.9 5.0 2.5 2 1 2 1 1
-1079.6 -1686.0 -6.4 17 0 12.6 7.6 5.0 2.5 2 0 2 4 4
-1083.9 -1700.9 -6.2 17 0 7.8 13.2 5.0 2.5 2 1 2 0 0
-1085.3 -1710.4 -6.6 17 0 5.0 14.3 5.0 2.5 2 1 2 5 5
-1104.8 -1677.7 -2.8 287 0 11.3 9.7 5.0 2.5 2 0 2 2 2
-1100.7 -1698.5 -2.9 17 0 7.1 13.0 5.0 2.5 2 1 2 5 5
-1092.7 -1726.7 -6.2 17 0 7.4 10.8 5.0 2.5 4 1 2 4 4
-1099.0 -1739.7 -5.5 17 0 7.2 13.2 5.0 2.5 2 1 2 4 4
-1152.2 -1626.0 7.1 29 0 10.5 18.4 5.0 2.5 2 1 2 1 1
-1161.5 -1744.2 6.6 97 0 12.3 48.1 5.0 2.5 2 1 2 1 1
