5896.7 6252.2 -4.5 207 0 14.5 9.1 5.0 0.0 0 0 2 2 2
6006.2 6231.1 -3.5 112 0 6.2 11.9 2.5 2.5 2 1 1 4 4
5928.7 6099.1 -5.0 304 0 7.7 8.0 5.0 2.5 2 1 2 1 1
5930.3 6049.1 -4.7 108 0 5.8 6.0 2.5 0.0 0 1 1 5 5
5940.8 6046.4 -4.7 18 0 5.2 6.8 5.0 2.5 2 1 2 2 2
5845.4 6154.4 -8.0 18 0 13.9 11.9 5.0 2.5 2 0 2 1 1
5838.4 6137.2 -8.3 18 0 6.7 12.1 5.0 2.5 2 1 2 5 5
5838.7 6061.6 -4.4 18 0 9.2 5.1 5.0 2.5 2 0 2 5 5
5825.5 6070.6 -4.4 198 0 4.6 5.1 5.0 2.5 2 1 2 2 2
5818.8 6071.7 -5.6 198 0 7.4 3.6 5.0 2.5 2 0 2 4 4
5841.9 6076.7 -4.6 18 0 7.6 4.0 5.0 2.5 2 0 2 3 3
5836.3 6078.2 -4.6 18 0 8.8 5.3 5.0 2.5 2 0 2 2 2
5846.3 6088.2 -4.8 18 0 10.2 6.0 5.0 2.5 2 0 2 0 0
5831.5 6092.2 -4.8 198 0 8.4 7.8 5.0 2.5 2 0 2 0 0
5832.7 6105.3 -5.4 198 0 9.2 6.9 5.0 0.0 0 0 2 5 5
5845.5 6119.8 -5.1 292 0 8.6 10.2 5.0 2.5 2 1 2 3 3
5842.9 6128.3 -5.8 292 0 4.8 6.5 5.0 0.0 0 1 2 2 2
5845.3 6125.4 -5.2 202 0 6.6 9.0 5.0 2.5 4 1 2 0 0
5861.7 6137.3 -5.2 209 0 8.7 5.9 5.0 2.5 2 0 2 0 0
5871.9 6187.8 -5.1 209 0 8.5 16.5 5.0 2.5 2 1 2 2 2
5868.6 6173.9 -5.2 209 0 12.8 17.6 5.0 2.5 2 1 2 1 1
5851.1 6172.9 -7.3 29 0 8.5 6.2 5.0 2.5 2 0 2 5 5
5858.1 6183.5 -7.3 29 0 7.7 10.4 5.0 2.5 2 1 2 2 2
5839.0 6193.0 -8.8 209 0 10.0 10.2 5.0 2.5 2 1 2 1 1
5868.8 6205.8 -6.4 29 0 6.6 9.2 5.0 2.5 2 1 2 5 5
5859.6 6210.9 -7.4 29 0 6.5 6.5 5.0 2.5 4 0 2 3 3
5864.0 6195.4 -7.6 29 0 14.8 15.0 5.0 2.5 2 1 2 4 4
5869.5 6261.5 -7.5 24 0 6.9 4.6 5.0 2.5 2 0 2 5 5
5875.2 6245.3 -6.9 24 0 10.6 8.3 5.0 2.5 2 0 2 3 3
5882.9 6242.1 -5.9 24 0 11.1 7.5 5.0 2.5 2 0 2 4 4
5880.1 6232.2 -5.8 24 0 7.0 6.7 5.0 2.5 4 0 2 0 0
5872.3 6233.3 -6.6 24 0 8.4 6.3 5.0 2.5 2 0 2 0 0
5867.4 6238.0 -7.2 24 0 8.3 5.1 5.0 2.5 2 0 2 0 0
5873.9 6219.6 -6.4 27 0 7.7 10.7 5.0 2.5 2 1 2 5 5
5881.7 6215.1 -4.9 207 0 8.7 15.4 5.0 2.5 2 1 2 1 1
5903.3 6241.9 -4.3 207 0 6.2 5.1 5.0 2.5 2 0 2 4 4
5899.8 6236.2 -4.4 207 0 5.6 6.6 5.0 2.5 2 1 2 0 0
5901.8 6256.9 -4.2 207 0 7.6 13.1 5.0 2.5 2 1 2 2 2
5900.7 6296.4 -5.3 12 0 8.0 7.2 5.0 2.5 2 0 2 4 4
5907.0 6320.2 -6.1 8 0 8.0 10.1 5.0 2.5 2 1 2 4 4
5895.5 6322.8 -6.7 8 0 9.2 7.6 5.0 2.5 2 0 2 1 1
5899.7 6451.5 -7.8 358 0 5.9 9.9 2.5 2.5 2 1 1 3 3
5913.7 6450.8 -6.8 358 0 9.9 4.6 2.5 2.5 2 0 1 1 1
5907.8 6450.5 -7.2 358 0 8.6 6.1 2.5 2.5 2 0 1 0 0
5904.2 6434.1 -7.4 358 0 8.1 7.6 2.5 2.5 2 0 1 2 2
5894.3 6434.5 -7.8 358 0 6.3 5.0 2.5 2.5 2 0 1 2 2
5891.3 6422.4 -7.7 88 0 4.2 5.5 2.5 2.5 2 1 1 0 0
5903.4 6414.3 -7.2 358 0 5.3 4.4 2.5 2.5 2 0 1 2 2
5914.0 6414.5 -6.8 358 0 7.0 7.2 2.5 2.5 2 1 1 1 1
5926.0 6419.0 -6.3 178 0 9.1 12.0 2.5 2.5 2 1 1 5 5
5927.8 6451.7 -6.1 178 0 14.1 13.3 2.5 2.5 2 0 1 1 1
5881.0 6533.3 -7.1 178 0 4.9 6.1 2.5 2.5 2 1 1 5 5
5900.5 6504.8 -7.0 358 0 8.6 8.2 2.5 2.5 4 0 1 0 0
5909.8 6504.7 -6.4 358 0 8.5 7.9 2.5 2.5 2 0 1 2 2
5939.1 6500.5 -5.3 178 0 9.7 6.8 2.5 2.5 2 0 1 4 4
5931.4 6500.1 -5.4 178 0 12.1 7.0 2.5 2.5 2 0 1 3 3
5935.6 6517.2 -5.0 179 0 6.8 10.9 2.5 2.5 4 1 1 4 4
5925.1 6535.1 -4.8 178 0 14.2 14.6 2.5 2.5 2 1 1 5 5
5925.1 6564.5 -4.3 88 0 6.1 11.8 2.5 2.5 2 1 1 1 1
5923.8 6552.1 -4.5 178 0 9.4 8.8 2.5 2.5 2 0 1 1 1
5912.1 6550.3 -5.5 358 0 7.8 11.0 2.5 2.5 2 1 1 1 1
5896.6 6550.0 -6.6 359 0 8.1 11.0 2.5 2.5 4 1 1 1 1
5953.2 6364.6 -5.8 96 0 11.4 17.1 2.5 2.5 2 1 1 3 3
5994.1 6371.7 -5.7 59 0 5.4 11.0 2.5 2.5 4 1 1 0 0
6006.9 6353.7 -5.7 272 0 9.8 15.4 5.0 2.5 2 1 2 1 1
6032.9 6403.0 -5.8 45 0 7.8 11.2 2.5 2.5 2 1 1 5 5
6086.9 6476.9 -3.6 23 0 8.7 8.0 2.5 0.0 0 0 1 2 2
6084.3 6486.7 -3.4 63 0 8.3 11.1 2.5 0.0 0 1 1 3 3
6059.4 6459.2 -4.7 30 0 8.0 10.1 2.5 0.0 0 1 1 5 5
6084.9 6434.3 -4.8 210 0 7.1 6.1 2.5 0.0 0 0 1 5 5
6067.0 6415.6 -5.8 210 0 6.0 19.7 2.5 2.5 2 1 1 1 1
6116.2 6351.6 -5.4 290 0 6.1 4.9 2.5 2.5 2 0 1 2 2
6084.6 6354.8 -6.5 200 0 10.3 18.4 2.5 2.5 2 1 1 1 1
6068.9 6303.2 -7.1 110 0 8.4 9.8 2.5 2.5 2 1 1 5 5
6082.4 6299.5 -7.1 110 0 17.0 9.7 2.5 2.5 2 0 1 0 0
6102.3 6341.5 -6.8 290 0 10.9 34.3 2.5 2.5 2 1 1 3 3
6110.4 6481.4 -3.1 72 0 5.7 9.4 2.5 2.5 2 1 1 0 0
6112.7 6455.7 -4.2 240 0 6.9 13.1 2.5 2.5 2 1 1 3 3
6103.6 6445.9 -4.3 239 0 5.7 10.0 2.5 2.5 2 1 1 1 1
5926.7 6312.0 -4.6 193 0 10.4 16.4 5.0 2.5 2 1 2 1 1
5919.2 6285.5 -4.3 197 0 13.1 15.1 5.0 2.5 2 1 2 3 3
5896.8 6275.9 -5.8 26 0 9.2 10.6 5.0 2.5 2 1 2 2 2
