-1522.1 -5000.8 11.0 332 0 23.2 14.7 5.0 2.5 2 0 2 0 0
-1553.0 -4537.6 -14.9 213 0 9.8 5.7 2.5 2.5 2 0 1 4 4
-1541.1 -4537.2 -14.9 303 0 5.9 20.3 2.5 2.5 2 1 1 3 3
-1532.4 -4543.9 -14.9 303 0 9.9 20.6 2.5 2.5 2 1 1 4 4
-1522.1 -4550.8 -13.1 299 0 7.4 13.3 2.5 0.0 0 1 1 4 4
-1539.8 -4530.1 -14.9 119 0 8.4 13.6 2.5 2.5 2 1 1 1 1
-1529.8 -4535.6 -13.9 119 0 9.0 16.3 2.5 2.5 2 1 1 0 0
-1521.0 -4541.0 -12.6 119 0 6.5 14.6 2.5 2.5 2 1 1 4 4
-1511.7 -4547.0 -11.3 119 0 11.6 8.8 2.5 2.5 2 0 1 0 0
-1488.2 -4519.3 -13.7 39 0 8.6 19.8 2.5 2.5 2 1 1 1 1
-1481.3 -4510.5 -14.4 38 0 9.7 26.0 2.5 2.5 2 1 1 0 0
-1476.2 -4499.0 -14.9 39 0 7.2 19.1 2.5 0.0 0 1 1 4 4
-1465.3 -4486.2 -14.9 38 0 14.6 13.6 2.5 2.5 2 0 1 0 0
-1456.1 -4472.6 -14.9 38 0 8.9 13.6 2.5 2.5 2 1 1 5 5
-1448.8 -4461.9 -14.9 38 0 9.5 19.0 2.5 2.5 2 1 1 1 1
-1463.3 -4496.0 -14.6 215 0 11.4 9.1 2.5 2.5 2 0 1 3 3
-1469.2 -4504.2 -13.5 215 0 8.8 9.1 2.5 2.5 2 0 1 0 0
-1477.1 -4514.2 -12.5 210 0 11.3 9.8 2.5 2.5 2 0 1 4 4
-1486.0 -4528.4 -11.0 202 0 12.2 12.4 2.5 2.5 2 1 1 1 1
-1455.5 -4485.0 -14.9 223 0 10.9 10.2 2.5 2.5 2 0 1 4 4
-1447.7 -4475.9 -14.9 223 0 7.1 12.1 2.5 2.5 2 1 1 4 4
-1427.2 -4478.6 -14.9 43 0 11.4 17.8 2.5 2.5 2 1 1 0 0
-1520.7 -4593.2 -13.3 217 0 8.4 10.1 2.5 2.5 2 1 1 4 4
-1497.7 -4594.1 -10.9 37 0 10.1 20.2 2.5 2.5 2 1 1 0 0
-1509.1 -4563.1 -10.8 37 0 6.3 6.8 2.5 2.5 2 1 1 3 3
-1515.9 -4575.3 -12.2 37 0 15.0 8.0 2.5 2.5 2 0 1 5 5
-1482.3 -4571.7 -7.7 7 0 16.2 14.5 2.5 2.5 2 0 1 4 4
-1524.8 -4587.2 -14.5 37 0 8.2 18.2 2.5 2.5 2 1 1 4 4
-1547.6 -4585.5 -15.0 217 0 9.7 17.6 2.5 2.5 2 1 1 4 4
-1543.5 -4599.4 -15.0 307 0 13.0 10.4 2.5 2.5 2 0 1 2 2
-1722.0 -4708.0 2.7 161 0 12.0 9.2 2.5 2.5 2 0 1 2 2
-1680.6 -4692.1 2.4 344 0 10.1 30.6 2.5 2.5 2 1 1 1 1
-1667.8 -4694.5 2.5 74 0 15.0 10.6 2.5 2.5 2 0 1 5 5
-1632.9 -4667.3 2.4 339 0 9.9 24.8 2.5 2.5 2 1 1 5 5
-1640.6 -4580.7 -7.6 316 0 13.6 28.4 2.5 2.5 2 1 1 2 2
-1614.9 -4611.6 -7.4 43 0 9.9 23.8 2.5 2.5 2 1 1 1 1
-1592.6 -4607.1 -10.5 47 0 10.5 16.4 2.5 2.5 2 1 1 2 2
-1528.8 -4604.3 -15.0 242 0 12.7 10.0 2.5 2.5 2 0 1 3 3
-1536.2 -4624.2 -11.8 263 0 12.7 9.3 5.0 2.5 2 0 2 1 1
-1514.4 -4614.4 -15.0 239 0 10.3 8.7 5.0 2.5 2 0 2 5 5
-1538.0 -4731.4 0.1 161 0 20.0 11.6 5.0 2.5 2 0 2 5 5
-1543.2 -4762.5 0.9 341 0 8.7 8.6 5.0 2.5 2 0 2 2 2
-1538.5 -4775.1 -0.6 341 0 6.3 12.8 5.0 2.5 2 1 2 3 3
-1537.1 -4787.3 -1.8 341 0 8.0 11.5 5.0 2.5 2 1 2 2 2
-1533.0 -4798.3 -3.2 341 0 7.4 13.2 5.0 0.0 0 1 2 0 0
-1529.5 -4813.3 -3.8 341 0 8.7 12.1 5.0 2.5 4 1 2 0 0
-1528.9 -4760.5 -3.1 161 0 7.6 10.8 5.0 2.5 2 1 2 3 3
-1526.8 -4773.5 -4.2 161 0 7.2 10.0 5.0 2.5 2 1 2 4 4
-1523.1 -4785.5 -5.8 161 0 6.5 11.3 5.0 2.5 2 1 2 4 4
-1521.6 -4797.5 -7.6 161 0 6.3 16.3 5.0 2.5 2 1 2 0 0
-1517.2 -4809.2 -7.6 161 0 8.2 12.4 5.0 2.5 4 1 2 0 0
-1512.9 -4826.6 -5.3 156 0 8.8 7.8 5.0 2.5 2 0 2 4 4
-1501.2 -4846.9 -3.2 132 0 8.4 9.4 5.0 2.5 2 1 2 1 1
-4746.5 -4873.6 -14.4 97 0 12.4 7.5 5.0 2.5 2 0 2 4 4
-4799.6 -4859.6 -15.0 20 0 7.9 14.0 5.0 0.0 0 1 2 2 2
-4894.8 -4850.1 -14.2 184 0 13.9 49.9 10.0 2.5 2 1 4 1 1
-1757.0 -4617.1 -1.9 30 0 14.4 9.2 5.0 2.5 2 0 2 2 2
-1624.3 -4660.5 1.9 74 0 10.0 11.5 2.5 2.5 4 1 1 0 0
-1715.9 -4767.5 5.2 70 0 8.0 8.9 2.5 2.5 2 1 1 1 1
-1709.1 -4652.9 -0.6 347 0 11.3 18.0 2.5 2.5 4 1 1 2 2
-1737.7 -4653.7 -0.6 253 0 7.5 7.3 2.5 2.5 2 0 1 2 2
-1733.3 -4663.9 0.1 251 0 11.6 31.1 2.5 2.5 2 1 1 1 1
-1766.3 -4686.8 0.1 152 0 12.8 28.1 2.5 0.0 0 1 1 3 3
-1744.6 -4716.5 2.7 156 0 10.3 17.9 2.5 2.5 2 1 1 4 4
