266.2 422.2 -12.5 106 0 32.0 11.1 5.0 2.5 2 0 2 4 4
842.1 763.0 -12.6 135 0 9.0 12.2 7.5 2.5 2 0 3 2 2
856.6 759.5 -12.6 41 0 9.5 4.8 2.5 2.5 2 0 1 0 0
844.8 743.5 -12.6 130 0 13.1 9.7 7.5 2.5 2 0 3 0 0
827.3 758.7 -12.6 130 0 12.0 7.0 7.5 2.5 2 0 3 2 2
818.5 770.2 -12.6 103 0 9.8 16.5 5.0 2.5 2 1 2 1 1
829.2 771.3 -12.6 106 0 6.2 12.7 2.5 2.5 2 1 1 4 4
836.7 768.5 -12.6 135 0 6.4 12.2 5.0 2.5 2 0 2 2 2
870.4 782.4 -12.6 314 0 5.6 16.8 5.0 2.5 2 1 2 0 0
872.5 766.2 -12.6 45 0 11.4 7.8 7.5 2.5 2 0 3 0 0
-506.2 -2758.0 -13.0 214 0 8.7 11.6 5.0 2.5 2 1 2 4 4
-481.7 -2772.4 -12.7 34 0 6.9 14.0 5.0 2.5 2 1 2 3 3
-486.9 -2781.9 -12.7 34 0 7.4 14.7 5.0 2.5 2 1 2 2 2
-493.1 -2790.0 -13.0 34 0 9.5 20.0 5.0 2.5 2 1 2 5 5
-501.5 -2816.0 -12.2 214 0 9.7 24.0 5.0 0.0 0 1 2 2 2
-488.7 -2796.8 -12.3 214 0 10.7 20.8 5.0 2.5 4 1 2 3 3
-471.4 -2787.2 -12.3 304 0 16.0 8.9 5.0 2.5 2 0 2 4 4
-469.2 -2770.3 -12.4 214 0 6.8 11.7 5.0 2.5 2 1 2 4 4
-463.3 -2761.7 -12.5 214 0 6.7 20.9 5.0 2.5 2 1 2 0 0
-450.7 -2745.1 -12.7 214 0 8.4 20.0 5.0 2.5 2 1 2 3 3
-458.0 -2753.2 -12.6 214 0 7.1 21.8 5.0 2.5 2 1 2 4 4
-433.9 -2772.9 -12.6 204 0 5.7 10.8 2.5 2.5 2 1 1 1 1
-440.1 -2780.5 -12.6 204 0 8.6 13.8 2.5 2.5 2 1 1 2 2
-445.2 -2791.1 -12.4 204 0 7.0 14.5 2.5 2.5 2 1 1 0 0
-452.8 -2802.4 -12.3 204 0 10.4 16.5 2.5 2.5 2 1 1 5 5
-460.2 -2813.5 -12.1 204 0 8.8 18.8 2.5 2.5 2 1 1 3 3
-466.3 -2824.5 -11.9 204 0 9.7 18.2 2.5 2.5 2 1 1 0 0
-471.6 -2836.8 -11.8 200 0 9.8 11.8 2.5 2.5 2 1 1 4 4
-454.1 -2865.1 -11.5 28 0 9.1 14.6 2.5 2.5 2 1 1 4 4
-524.6 -2859.7 -12.6 302 0 10.9 29.6 5.0 2.5 2 1 2 5 5
-506.7 -2871.1 -12.4 297 0 26.4 11.5 5.0 2.5 2 0 2 5 5
-484.6 -2849.5 -12.1 9 0 24.2 18.4 5.0 2.5 2 0 2 5 5
-2342.9 -3314.0 -6.6 109 0 13.8 12.0 2.5 2.5 2 0 1 5 5
-2172.3 -3240.6 -13.7 101 0 13.7 8.8 2.5 2.5 2 0 1 5 5
-2190.4 -3238.6 -13.7 101 0 14.8 7.6 2.5 2.5 2 0 1 1 1
-2081.0 -3272.1 -11.4 281 0 11.7 12.7 2.5 2.5 2 1 1 2 2
-2098.1 -3259.1 -13.0 281 0 16.5 22.2 2.5 2.5 2 1 1 3 3
-2120.9 -3258.5 -11.4 281 0 10.2 15.4 2.5 2.5 2 1 1 0 0
-2134.3 -3253.5 -12.2 281 0 6.1 16.4 2.5 2.5 2 1 1 5 5
-2145.6 -3252.0 -12.4 281 0 6.8 14.4 2.5 2.5 2 1 1 2 2
-2152.0 -3283.7 -7.8 101 0 6.2 8.3 2.5 2.5 2 1 1 4 4
-2141.7 -3285.3 -7.6 101 0 7.7 8.3 2.5 2.5 2 1 1 2 2
-2130.6 -3287.5 -7.9 101 0 8.0 11.3 2.5 2.5 2 1 1 5 5
-2108.1 -3293.0 -7.9 101 0 12.8 6.8 2.5 2.5 2 0 1 0 0
-2163.6 -3280.2 -10.9 101 0 9.8 20.8 2.5 2.5 2 1 1 5 5
-2170.8 -3248.9 -12.9 281 0 8.0 12.9 2.5 2.5 2 1 1 2 2
-2176.9 -3278.5 -9.7 101 0 5.5 13.6 2.5 2.5 2 1 1 4 4
-2189.3 -3277.4 -13.4 101 0 9.2 32.6 2.5 2.5 2 1 1 2 2
-2216.9 -3239.1 -13.5 281 0 7.2 18.5 2.5 2.5 4 1 1 5 5
-2231.1 -3270.2 -9.9 101 0 8.1 8.0 2.5 2.5 2 0 1 3 3
-2255.8 -3265.3 -13.2 101 0 7.3 30.4 2.5 2.5 2 1 1 2 2
-2277.7 -3263.0 -11.6 101 0 11.5 15.1 2.5 2.5 2 1 1 3 3
-2128.5 -3295.5 -4.0 281 0 9.9 7.8 2.5 2.5 4 0 1 5 5
-2143.4 -3293.6 -4.4 281 0 8.4 7.8 2.5 2.5 2 0 1 2 2
-2155.6 -3289.3 -5.2 281 0 9.6 10.8 2.5 2.5 2 1 1 4 4
-2166.2 -3300.6 -2.7 281 0 13.3 10.9 2.5 2.5 2 0 1 1 1
-2180.1 -3285.1 -6.0 281 0 12.4 24.1 2.5 2.5 2 1 1 1 1
-2204.0 -3283.0 -6.2 281 0 16.5 17.6 2.5 2.5 4 1 1 3 3
-2221.7 -3278.6 -7.0 281 0 12.2 25.3 2.5 2.5 2 1 1 5 5
-2245.1 -3279.0 -6.7 281 0 8.4 9.6 2.5 2.5 4 1 1 3 3
-2255.2 -3273.8 -8.1 281 0 6.8 14.4 2.5 2.5 2 1 1 5 5
-2268.6 -3270.7 -8.8 281 0 10.5 7.9 2.5 2.5 2 0 1 5 5
-2281.0 -3267.4 -9.6 281 0 7.2 15.2 2.5 0.0 0 1 1 1 1
-2344.2 -3268.9 -9.6 289 0 9.9 11.0 2.5 2.5 2 1 1 4 4
-2282.3 -3333.6 -2.5 102 0 7.0 10.1 2.5 2.5 2 1 1 4 4
-2252.9 -3306.8 -3.4 288 0 10.4 9.7 2.5 0.0 0 0 1 2 2
-2237.5 -3327.1 1.2 19 0 13.6 12.6 2.5 0.0 0 0 1 3 3
-2239.9 -3341.1 -1.9 18 0 11.0 32.6 2.5 2.5 2 1 1 4 4
-3800.5 -5976.0 7.6 208 0 7.5 15.1 2.5 2.5 2 1 1 0 0
-3809.2 -5990.4 8.6 210 0 4.9 15.4 2.5 2.5 2 1 1 2 2
-3645.7 -5862.5 -12.0 48 0 9.8 8.8 2.5 2.5 2 0 1 2 2
-3643.8 -5943.0 -0.8 130 0 7.0 6.0 2.5 2.5 2 0 1 1 1
-3658.6 -5903.4 -8.0 49 0 11.0 6.3 2.5 2.5 2 0 1 3 3
-3669.4 -5894.1 -4.8 51 0 7.0 9.9 2.5 2.5 2 1 1 4 4
-3673.3 -5869.9 -5.5 225 0 8.0 7.6 2.5 2.5 2 0 1 4 4
-3660.3 -5879.4 -8.0 315 0 9.0 8.8 2.5 2.5 2 0 1 5 5
-3747.2 -5814.6 -16.3 187 0 5.4 17.3 5.0 2.5 2 1 2 2 2
-3731.2 -5829.4 -12.9 277 0 16.8 6.5 2.5 2.5 2 0 1 3 3
-3740.0 -5846.0 -9.3 187 0 6.4 13.0 2.5 2.5 2 1 1 3 3
-3748.0 -5856.7 -6.6 187 0 5.8 15.4 2.5 0.0 0 1 1 3 3
-3743.4 -5872.4 -3.7 97 0 14.2 6.2 2.5 2.5 4 0 1 5 5
-3742.5 -5886.3 0.1 97 0 11.9 5.3 2.5 2.5 2 0 1 1 1
-3747.8 -5894.4 3.0 7 0 5.3 8.6 2.5 2.5 2 1 1 4 4
-3748.8 -5906.1 4.4 7 0 7.0 11.1 2.5 2.5 2 1 1 3 3
-3751.2 -5918.6 4.7 7 0 7.7 8.9 2.5 2.5 4 1 1 5 5
-3754.3 -5930.6 5.0 7 0 5.4 9.5 2.5 2.5 2 1 1 1 1
-3757.5 -5941.3 5.3 7 0 7.5 11.0 2.5 2.5 2 1 1 5 5
-3706.1 -5916.1 2.0 121 0 8.8 10.0 2.5 2.5 2 1 1 0 0
-3720.5 -5912.6 2.9 298 0 12.2 10.1 5.0 2.5 2 0 2 2 2
-3671.5 -5968.1 -5.1 300 0 13.5 9.6 5.0 2.5 2 0 2 4 4
-3675.5 -5942.1 -0.6 35 0 16.3 10.9 5.0 2.5 2 0 2 5 5
-3661.9 -5944.9 -1.6 304 0 11.8 13.7 5.0 2.5 2 1 2 5 5
-3653.9 -5952.7 -1.8 216 0 17.4 8.8 5.0 2.5 2 0 2 4 4
-3631.8 -5914.7 -7.1 227 0 14.3 13.5 2.5 0.0 0 0 1 2 2
-3587.3 -5971.2 -8.2 128 0 19.3 11.0 2.5 2.5 2 0 1 0 0
-3595.0 -5938.4 -3.7 318 0 13.5 18.4 2.5 2.5 2 1 1 1 1
-3622.2 -5966.3 -3.7 306 0 12.7 16.8 5.0 0.0 0 1 2 5 5
-3609.1 -5974.0 -4.4 305 0 7.9 18.2 5.0 2.5 4 1 2 2 2
-3596.4 -5985.8 -5.1 310 0 9.4 14.8 5.0 2.5 2 1 2 1 1
-3607.5 -6025.6 -7.7 289 0 17.5 9.1 2.5 2.5 2 0 1 1 1
