523.1 -3505.0 60.8 246 0 22.8 20.4 5.0 2.5 2 0 2 1 1
588.8 -3499.6 63.8 64 0 4.1 5.3 5.0 2.5 2 1 2 3 3
600.4 -3506.1 64.0 72 0 10.3 13.3 5.0 2.5 2 1 2 3 3
606.1 -3468.5 64.8 250 0 9.6 13.1 5.0 2.5 2 1 2 1 1
625.0 -3491.3 65.0 76 0 6.7 8.3 5.0 2.5 2 1 2 0 0
654.8 -3476.0 65.8 338 0 7.9 8.8 5.0 2.5 2 1 2 0 0
652.7 -3467.5 65.8 338 0 7.1 11.7 5.0 0.0 0 1 2 5 5
639.4 -3468.1 65.7 58 0 9.6 15.1 5.0 2.5 2 1 2 3 3
638.6 -3443.2 65.8 328 0 9.1 16.5 5.0 2.5 2 1 2 2 2
620.4 -3439.6 65.9 150 0 10.3 7.6 5.0 2.5 2 0 2 3 3
620.2 -3402.8 65.9 330 0 8.1 8.5 5.0 2.5 2 1 2 3 3
598.4 -3410.6 64.7 142 0 14.5 12.0 5.0 2.5 2 0 2 3 3
574.5 -3355.4 63.3 154 0 14.7 15.0 5.0 2.5 2 1 2 5 5
625.7 -3357.8 65.8 64 0 11.4 30.6 5.0 2.5 2 1 2 0 0
612.8 -3320.7 66.1 340 0 12.2 9.8 5.0 2.5 4 0 2 5 5
610.7 -3307.4 66.3 343 0 10.9 12.1 5.0 2.5 2 1 2 5 5
602.2 -3295.0 66.7 69 0 10.0 6.1 5.0 2.5 2 0 2 5 5
604.7 -3266.1 66.9 355 0 5.0 13.1 5.0 2.5 2 1 2 0 0
603.7 -3274.5 66.9 354 0 7.9 10.7 5.0 0.0 0 1 2 0 0
-1120.2 -109.2 -66.7 327 0 10.7 26.1 2.5 2.5 2 1 1 3 3
-772.1 145.1 -42.7 193 0 15.1 26.7 2.5 0.0 0 1 1 5 5
-1144.4 -70.7 -67.5 302 0 29.7 18.4 2.5 2.5 2 0 1 2 2
-769.7 264.5 -43.2 40 0 12.7 20.4 2.5 0.0 0 1 1 0 0
-838.8 212.6 -46.6 55 0 9.5 14.8 2.5 2.5 2 1 1 1 1
-852.0 140.7 -48.4 38 0 13.9 20.0 2.5 2.5 2 1 1 1 1
-925.1 139.2 -55.1 33 0 7.4 17.7 2.5 2.5 2 1 1 1 1
-1029.4 -51.9 -61.9 92 0 16.4 12.7 2.5 2.5 2 0 1 4 4
-1016.4 -30.1 -62.0 6 0 10.6 18.6 2.5 0.0 0 1 1 3 3
-1013.1 -12.3 -61.9 8 0 11.2 17.5 2.5 2.5 2 1 1 1 1
-1155.2 -29.0 -67.9 311 0 16.5 9.5 2.5 2.5 2 0 1 3 3
-1194.7 -423.2 -62.6 281 0 13.7 11.3 5.0 2.5 2 0 2 1 1
-1161.2 -450.2 -59.8 106 0 18.6 11.7 5.0 2.5 2 0 2 2 2
-1251.1 -458.4 -65.1 110 0 22.8 28.3 5.0 0.0 0 1 2 3 3
-1302.0 -551.7 -67.6 201 0 22.9 20.8 2.5 2.5 2 0 1 1 1
-1119.8 -487.7 -54.4 26 0 8.3 9.8 5.0 2.5 2 1 2 0 0
-1139.7 -378.7 -58.7 19 0 11.4 13.8 5.0 2.5 2 1 2 3 3
-1085.0 7.8 -65.1 275 0 12.8 14.9 2.5 0.0 0 1 1 4 4
