742.7 -5213.2 1.3 38 0 7.8 12.3 10.5 3.5 2 1 3 5 5
743.7 -5233.8 0.4 40 0 17.3 13.3 14.0 3.5 2 0 4 3 3
732.1 -5224.1 0.9 39 0 13.3 8.1 10.5 3.5 2 0 3 1 1
723.8 -5217.7 1.1 36 0 11.8 12.0 14.0 3.5 2 1 4 2 2
702.2 -5200.2 1.5 218 0 16.2 10.3 14.0 0.0 0 0 4 1 1
678.1 -5182.3 1.8 220 0 11.4 27.7 14.0 3.5 2 1 4 1 1
759.4 -5268.9 -1.3 240 0 12.6 9.8 10.5 3.5 2 0 3 5 5
744.4 -5270.2 -0.7 47 0 12.7 18.3 14.0 3.5 2 1 4 4 4
716.2 -5275.0 -1.3 39 0 16.4 17.8 14.0 3.5 2 1 4 4 4
731.2 -5247.7 0.0 40 0 12.8 51.9 14.0 3.5 2 1 4 2 2
672.7 -5197.2 1.5 220 0 11.5 19.3 14.0 0.0 0 1 4 5 5
649.9 -5211.7 0.6 223 0 34.7 10.4 14.0 3.5 2 0 4 4 4
633.2 -5234.6 -0.3 216 0 15.8 8.2 10.5 3.5 2 0 3 3 3
652.8 -5262.3 -2.0 222 0 19.4 14.3 14.0 3.5 2 0 4 4 4
635.9 -5260.4 -1.8 220 0 20.2 11.4 14.0 3.5 2 0 4 3 3
642.3 -5281.3 -3.1 216 0 16.2 9.4 10.5 3.5 2 0 3 2 2
666.8 -5277.4 -3.4 220 0 23.3 11.3 14.0 3.5 2 0 4 1 1
687.2 -5284.4 -3.7 310 0 10.6 17.4 14.0 3.5 2 1 4 1 1
694.1 -5311.8 -6.2 330 0 11.3 28.5 14.0 3.5 2 1 4 4 4
643.0 -5307.6 -6.2 224 0 11.0 26.1 14.0 3.5 2 1 4 3 3
623.3 -5289.8 -4.3 223 0 12.7 22.2 14.0 3.5 2 1 4 0 0
