-3051.9 2748.2 -34.2 205 0 18.0 8.0 5.0 2.5 2 0 2 5 5
-3044.0 2768.0 -34.1 202 0 13.0 10.5 5.0 2.5 2 0 2 4 4
-3229.9 2965.3 -33.0 11 0 6.8 7.9 5.0 2.5 2 1 2 0 0
-3193.7 2939.2 -33.0 69 0 10.4 12.3 5.0 2.5 2 1 2 4 4
-3171.9 2977.4 -32.2 5 0 9.1 8.7 5.0 2.5 2 0 2 0 0
-3171.1 2954.8 -32.6 358 0 14.1 15.3 5.0 2.5 2 1 2 2 2
-3201.3 2903.2 -32.9 17 0 9.4 9.1 5.0 0.0 0 0 2 4 4
-3169.8 2926.0 -33.1 359 0 9.3 8.2 5.0 2.5 2 0 2 3 3
-3172.9 2912.9 -33.4 357 0 14.5 10.9 5.0 2.5 2 0 2 5 5
-3185.9 2861.7 -32.5 338 0 8.3 14.9 5.0 2.5 2 1 2 2 2
-3173.1 2871.5 -33.1 347 0 6.3 11.9 5.0 2.5 2 1 2 0 0
-3183.7 2840.5 -32.2 356 0 7.9 8.9 5.0 2.5 2 1 2 4 4
-3175.3 2827.8 -32.6 353 0 14.4 16.4 5.0 2.5 2 1 2 5 5
-3168.6 2809.3 -32.7 2 0 12.3 15.1 5.0 2.5 2 1 2 2 2
-3179.0 2762.8 -32.1 360 0 11.8 16.8 5.0 2.5 2 1 2 0 0
-3188.0 2736.9 -32.4 6 0 12.9 16.8 5.0 2.5 2 1 2 3 3
-3180.0 2720.2 -33.3 344 0 10.0 9.9 5.0 0.0 0 0 2 3 3
-3246.5 2472.7 -32.7 113 0 4.5 4.9 5.0 2.5 2 1 2 0 0
-3236.7 2474.7 -33.5 110 0 7.5 9.5 5.0 0.0 0 1 2 3 3
-3163.1 2496.2 -35.1 349 0 5.1 34.7 5.0 2.5 4 1 2 2 2
-3243.6 2520.8 -34.4 88 0 21.4 10.7 5.0 2.5 2 0 2 5 5
-3213.5 2526.3 -34.6 2 0 12.3 14.1 5.0 2.5 2 1 2 3 3
-3192.7 2525.9 -34.8 0 0 10.9 10.8 5.0 2.5 2 0 2 5 5
-3186.0 2547.8 -34.7 2 0 29.6 11.2 5.0 2.5 2 0 2 1 1
-3209.3 2608.1 -34.0 1 0 11.3 28.6 5.0 2.5 2 1 2 3 3
-3186.9 2607.3 -34.3 359 0 11.8 19.0 5.0 2.5 2 1 2 1 1
-3187.7 2672.2 -33.9 2 0 6.8 7.9 5.0 2.5 2 1 2 5 5
-3178.5 2656.4 -34.0 358 0 7.3 10.8 5.0 2.5 4 1 2 4 4
-3204.4 2643.2 -33.6 1 0 9.1 12.6 5.0 2.5 2 1 2 5 5
-3183.2 2640.9 -34.1 3 0 11.9 17.7 5.0 2.5 2 1 2 2 2
-3141.9 2808.6 -33.7 0 0 7.0 9.6 5.0 2.5 2 1 2 4 4
-3140.3 2828.4 -33.8 355 0 11.8 12.2 5.0 2.5 2 1 2 4 4
-3146.8 2865.2 -33.1 359 0 14.8 8.3 5.0 2.5 4 0 2 3 3
-3134.7 2898.1 -33.3 0 0 16.7 20.3 5.0 2.5 2 1 2 3 3
-3126.3 2898.4 -33.6 359 0 16.4 6.4 5.0 2.5 2 0 2 3 3
-3115.1 2913.5 -33.5 0 0 9.2 13.2 5.0 2.5 2 1 2 5 5
-3138.0 2932.5 -33.0 357 0 12.2 12.6 5.0 2.5 2 1 2 4 4
-3127.5 2954.7 -32.7 353 0 4.9 4.9 5.0 2.5 2 1 2 2 2
-3134.7 2955.0 -32.8 353 0 10.4 9.1 5.0 2.5 2 0 2 2 2
-3146.6 2944.7 -33.2 1 0 9.4 10.1 5.0 2.5 2 1 2 1 1
-3141.9 2980.2 -32.9 358 0 7.3 7.1 5.0 2.5 2 0 2 0 0
-3147.8 2988.8 -32.9 353 0 9.0 9.7 5.0 2.5 2 1 2 2 2
-3150.0 2969.5 -33.1 354 0 13.9 9.3 5.0 2.5 2 0 2 3 3
-3095.8 2985.6 -32.2 4 0 7.6 5.8 5.0 2.5 2 0 2 1 1
-3110.1 3014.3 -32.4 9 0 30.0 16.5 5.0 2.5 2 0 2 3 3
-3152.4 3014.3 -31.9 349 0 11.0 9.7 5.0 2.5 2 0 2 4 4
-3185.0 3005.8 -32.8 4 0 6.4 5.5 5.0 2.5 2 0 2 4 4
-3174.0 3006.1 -32.6 359 0 7.3 8.5 5.0 2.5 2 1 2 5 5
-3191.7 3021.0 -33.4 359 0 12.6 38.4 5.0 2.5 2 1 2 3 3
-3179.0 3056.2 -33.3 358 0 11.2 51.0 5.0 0.0 0 1 2 2 2
-3195.0 3103.7 -32.9 303 0 11.4 28.9 5.0 2.5 4 1 2 0 0
-3201.3 3168.4 -32.4 300 0 10.2 30.5 5.0 2.5 2 1 2 3 3
-3184.1 3107.3 -32.8 32 0 15.0 12.2 5.0 2.5 2 0 2 2 2
-3176.9 3162.0 -32.4 31 0 6.2 9.7 5.0 2.5 2 1 2 1 1
-3164.7 3106.2 -32.7 32 0 5.7 7.0 5.0 2.5 2 1 2 3 3
-3151.0 3120.3 -32.5 49 0 12.0 24.2 5.0 2.5 4 1 2 1 1
-3128.2 3138.5 -31.8 44 0 6.2 9.2 5.0 2.5 2 1 2 2 2
-3127.4 3161.3 -31.8 310 0 6.7 13.9 5.0 2.5 2 1 2 2 2
-3119.7 3143.4 -31.7 40 0 9.5 12.0 5.0 2.5 2 1 2 2 2
-3136.1 3124.6 -31.9 317 0 8.8 14.3 5.0 2.5 4 1 2 2 2
-3142.1 3076.2 -32.0 32 0 22.8 11.1 5.0 2.5 2 0 2 4 4
-3128.8 3092.6 -31.8 36 0 7.0 13.8 5.0 2.5 2 1 2 5 5
-3111.4 3095.6 -32.1 33 0 15.6 8.7 5.0 2.5 2 0 2 2 2
-3086.4 3100.9 -31.2 11 0 14.9 10.6 5.0 2.5 2 0 2 4 4
-3096.8 3165.7 -31.7 33 0 8.6 9.6 5.0 2.5 2 1 2 0 0
-3078.2 3178.8 -31.5 37 0 24.6 16.0 5.0 2.5 2 0 2 4 4
-2910.4 3368.5 -30.1 274 0 6.1 5.3 5.0 2.5 2 0 2 1 1
-2942.4 3359.8 -30.0 359 0 8.5 13.9 5.0 2.5 2 1 2 0 0
-2944.9 3336.0 -29.4 5 0 6.5 7.6 5.0 2.5 2 1 2 1 1
-2926.9 3338.3 -29.5 181 0 12.5 10.7 5.0 0.0 0 0 2 5 5
-2946.7 3306.9 -29.0 356 0 9.9 15.5 5.0 2.5 2 1 2 3 3
-2948.1 3297.4 -29.0 356 0 5.5 7.0 5.0 0.0 0 1 2 3 3
-2932.7 3265.7 -28.6 180 0 12.2 7.4 5.0 2.5 2 0 2 4 4
-2933.3 3244.1 -28.3 185 0 11.4 8.8 5.0 0.0 0 0 2 1 1
-2948.1 3255.6 -29.6 357 0 8.5 10.3 5.0 2.5 2 1 2 5 5
-2912.6 3222.5 -29.2 186 0 8.0 5.3 5.0 2.5 2 0 2 3 3
-2915.4 3199.5 -29.7 183 0 8.9 13.1 5.0 2.5 2 1 2 5 5
-2933.4 3225.9 -28.6 186 0 14.7 11.5 5.0 2.5 2 0 2 5 5
-2967.8 3196.2 -29.4 269 0 8.4 12.1 5.0 0.0 0 1 2 3 3
-2961.5 3176.4 -29.0 178 0 7.9 7.4 5.0 2.5 2 0 2 3 3
-2963.7 3158.5 -29.3 181 0 9.7 13.0 5.0 0.0 0 1 2 0 0
-2952.9 3135.2 -29.1 258 0 9.9 7.7 5.0 0.0 0 0 2 0 0
-2943.8 3115.9 -29.0 265 0 5.4 6.6 5.0 2.5 2 1 2 2 2
-2977.5 3135.4 -29.2 276 0 6.8 7.6 5.0 2.5 2 1 2 1 1
-2698.1 2736.2 -26.4 322 0 7.2 6.4 2.5 2.5 2 0 1 3 3
-2708.1 2711.7 -26.7 44 0 12.6 12.9 2.5 0.0 0 1 1 5 5
-2724.5 2696.7 -26.8 90 0 3.4 4.9 2.5 2.5 4 1 1 1 1
-2858.6 2652.8 -25.7 130 0 9.9 9.4 2.5 2.5 4 0 1 2 2
-2886.1 2486.1 -30.7 23 0 6.8 13.4 5.0 2.5 2 1 2 5 5
-2898.8 2451.7 -30.9 44 0 7.1 7.7 5.0 2.5 2 1 2 4 4
-2894.0 2457.1 -31.0 38 0 5.4 6.6 5.0 2.5 4 1 2 2 2
-2917.2 2435.3 -32.2 150 0 7.6 10.5 5.0 2.5 2 1 2 3 3
-2946.4 2456.3 -30.8 148 0 10.3 17.2 5.0 2.5 2 1 2 4 4
-2947.0 2435.5 -33.1 233 0 5.5 7.5 5.0 2.5 2 1 2 4 4
-2955.6 2405.2 -34.5 53 0 8.6 8.3 5.0 2.5 2 0 2 2 2
-2998.1 2394.7 -33.3 54 0 6.5 3.6 5.0 2.5 2 0 2 3 3
-2992.2 2389.9 -33.4 54 0 11.3 6.6 5.0 2.5 2 0 2 5 5
-3044.6 2365.5 -31.7 65 0 6.0 7.8 5.0 2.5 2 1 2 4 4
-3067.5 2363.2 -31.1 64 0 7.0 4.2 5.0 0.0 0 0 2 2 2
-3064.0 2357.0 -31.1 65 0 8.1 7.1 5.0 2.5 2 0 2 2 2
-2856.9 2526.9 -28.3 181 0 4.1 4.4 5.0 2.5 2 1 2 5 5
-2862.6 2430.0 -30.6 98 0 4.3 3.3 5.0 0.0 0 0 2 3 3
-2859.5 2465.9 -29.9 212 0 11.5 3.9 5.0 2.5 2 0 2 2 2
-2847.4 2442.0 -30.1 117 0 10.7 9.3 5.0 2.5 2 0 2 2 2
-2812.3 2419.8 -29.3 126 0 9.5 10.4 5.0 2.5 2 1 2 2 2
-2882.6 2421.5 -31.7 307 0 7.9 7.2 5.0 2.5 4 0 2 1 1
-2913.1 2405.1 -33.3 241 0 7.4 10.3 5.0 2.5 2 1 2 0 0
-2905.4 2347.3 -34.2 328 0 11.6 12.1 5.0 0.0 0 1 2 5 5
-2953.6 2386.9 -33.6 236 0 8.7 9.7 5.0 2.5 2 1 2 1 1
-2970.4 2374.6 -31.9 235 0 7.8 8.1 5.0 2.5 2 1 2 2 2
-2996.4 2357.5 -30.9 235 0 7.9 6.9 5.0 2.5 2 0 2 0 0
-2992.8 2349.7 -30.0 238 0 4.0 3.4 5.0 2.5 2 0 2 5 5
-3014.1 2344.9 -30.1 237 0 7.0 8.0 5.0 2.5 2 1 2 4 4
-3038.4 2331.4 -29.4 239 0 7.7 8.3 5.0 2.5 2 1 2 5 5
-3071.6 2308.1 -28.2 203 0 8.5 14.1 5.0 2.5 4 1 2 1 1
-3093.7 2247.7 -26.5 180 0 6.8 7.7 5.0 2.5 2 1 2 1 1
-3528.1 1313.9 -16.7 221 0 7.1 7.1 5.0 2.5 2 1 2 1 1
-3487.0 1281.5 -16.0 221 0 11.5 8.7 2.5 2.5 2 0 1 5 5
-3411.2 1402.6 -25.7 17 0 4.2 12.0 2.5 2.5 2 1 1 3 3
-3434.4 1425.1 -26.0 197 0 5.4 6.7 2.5 2.5 2 1 1 2 2
-3416.3 1438.0 -26.1 220 0 14.5 22.3 2.5 0.0 0 1 1 5 5
-3257.3 1720.4 -29.7 215 0 9.8 16.6 5.0 2.5 2 1 2 4 4
-3293.2 1842.4 -29.5 296 0 6.0 5.4 5.0 2.5 2 0 2 4 4
-2206.9 3018.3 -26.1 104 0 12.5 10.7 2.5 0.0 0 0 1 4 4
-2169.5 3023.8 -25.6 298 0 4.0 6.0 2.5 2.5 2 1 1 2 2
-2245.1 2930.1 -26.0 211 0 5.1 5.4 5.0 2.5 2 1 2 0 0
-2419.2 2987.0 -25.4 122 0 11.2 8.9 5.0 0.0 0 0 2 1 1
-2369.7 2959.0 -25.0 105 0 6.2 9.8 5.0 2.5 2 1 2 2 2
-2432.9 2859.6 -23.3 87 0 6.2 7.1 2.5 2.5 2 1 1 1 1
-2499.3 2792.5 -22.1 325 0 6.2 14.5 5.0 2.5 4 1 2 2 2
-2541.2 2840.9 -24.0 71 0 7.0 6.5 2.5 2.5 4 0 1 1 1
-2567.5 2863.8 -24.7 246 0 5.8 4.6 2.5 0.0 0 0 1 2 2
-2550.6 2765.4 -23.1 26 0 4.0 3.3 5.0 2.5 2 0 2 0 0
-2568.6 2774.0 -23.4 151 0 5.5 4.6 5.0 2.5 2 0 2 5 5
-2573.4 2783.2 -23.5 240 0 6.6 6.8 5.0 2.5 2 1 2 4 4
6161.6 4310.1 -12.7 95 0 8.5 10.6 2.5 2.5 2 1 1 1 1
6142.6 4311.3 -13.3 95 0 8.6 10.6 2.5 2.5 2 1 1 2 2
6123.9 4313.6 -13.6 96 0 8.9 11.2 2.5 0.0 0 1 1 0 0
6105.1 4315.5 -12.4 95 0 8.6 11.1 2.5 2.5 2 1 1 0 0
6086.0 4317.6 -11.2 94 0 9.1 11.9 2.5 2.5 2 1 1 4 4
6088.4 4338.8 -10.1 282 0 6.8 7.3 2.5 2.5 2 1 1 2 2
6074.4 4338.2 -9.4 184 0 7.6 6.7 2.5 2.5 4 0 1 5 5
6067.4 4320.1 -10.3 94 0 8.8 11.5 2.5 2.5 2 1 1 1 1
6043.8 5075.1 29.0 91 0 5.7 6.6 5.0 2.5 2 1 2 5 5
6329.0 6751.1 9.3 178 0 9.5 8.1 7.5 2.5 2 0 3 3 3
6298.0 6669.8 9.6 99 0 11.3 14.5 2.5 2.5 2 1 1 0 0
2844.5 4360.4 19.0 66 0 8.0 7.4 5.0 2.5 2 0 2 0 0
2993.3 4644.5 21.4 90 0 8.9 9.3 7.5 2.5 2 1 3 4 4
3101.2 4755.1 20.2 215 0 5.2 7.6 5.0 2.5 2 1 2 2 2
3297.9 4967.0 16.4 232 0 9.4 8.4 2.5 2.5 2 0 1 3 3
3340.9 4980.0 18.6 245 0 3.6 6.3 2.5 2.5 4 1 1 3 3
3342.4 4972.4 18.0 243 0 7.1 6.3 2.5 2.5 2 0 1 3 3
3371.8 4932.6 17.1 54 0 6.1 9.6 2.5 2.5 2 1 1 2 2
3417.2 4949.3 21.2 322 0 8.1 7.8 2.5 2.5 2 0 1 1 1
3405.4 4955.5 19.8 322 0 9.8 7.4 2.5 2.5 2 0 1 0 0
