-4911.0 58.4 -27.8 179 0 3.8 5.6 2.5 2.5 2 1 1 5 5
-6895.6 -4560.2 17.8 103 0 14.6 18.8 2.5 2.5 2 1 1 3 3
-6880.2 -4572.4 18.2 227 0 18.6 9.6 2.5 2.5 2 0 1 4 4
-6854.8 -4555.8 16.7 202 0 10.7 14.1 2.5 2.5 2 1 1 0 0
-6821.9 -4559.8 15.9 343 0 10.1 18.1 2.5 0.0 0 1 1 3 3
-6813.1 -4570.4 15.8 344 0 11.1 15.9 2.5 2.5 2 1 1 3 3
-6802.1 -4753.0 13.5 114 0 7.9 9.3 2.5 2.5 2 1 1 4 4
-6797.5 -4782.5 9.7 317 0 6.1 11.6 2.5 2.5 2 1 1 3 3
-6801.3 -4770.8 10.4 315 0 10.9 21.8 2.5 2.5 2 1 1 4 4
-6810.8 -4762.1 12.4 313 0 9.8 8.8 2.5 2.5 2 0 1 2 2
-6830.9 -4750.9 14.8 330 0 9.9 9.6 2.5 0.0 0 0 1 4 4
-6842.5 -4753.3 15.2 329 0 9.2 7.8 2.5 2.5 2 0 1 0 0
-6812.0 -4587.0 16.2 341 0 12.9 8.8 2.5 2.5 2 0 1 5 5
-6798.8 -4617.6 16.1 334 0 12.1 13.3 2.5 2.5 2 1 1 5 5
-6754.7 -4659.1 13.6 28 0 10.4 16.7 2.5 2.5 2 1 1 0 0
-6761.3 -4679.9 13.3 32 0 7.9 8.0 2.5 2.5 2 1 1 5 5
-6795.6 -4723.0 15.2 6 0 8.1 9.8 2.5 2.5 2 1 1 4 4
-6783.3 -4753.1 12.0 204 0 6.5 3.7 5.0 2.5 2 0 2 2 2
-6776.4 -4735.7 11.6 207 0 12.4 11.3 5.0 2.5 2 0 2 5 5
-6907.2 -4690.4 20.5 152 0 5.9 3.9 2.5 2.5 2 0 1 2 2
-6810.4 -4690.2 15.5 43 0 15.4 10.6 2.5 2.5 2 0 1 0 0
-6840.9 -4691.7 16.6 147 0 12.1 13.9 2.5 2.5 4 1 1 2 2
-6860.0 -4704.6 17.7 138 0 12.7 18.0 2.5 2.5 2 1 1 3 3
-6872.7 -4716.1 18.7 139 0 11.5 11.8 2.5 2.5 2 1 1 1 1
-6886.1 -4697.7 19.2 139 0 24.6 10.4 2.5 2.5 2 0 1 3 3
-6897.9 -4679.4 19.1 137 0 11.7 25.4 2.5 2.5 2 1 1 0 0
