-6406.1 -6667.3 -6.1 74 0 6.4 6.5 2.5 2.5 2 1 1 5 5
-6409.6 -6658.7 -4.7 80 0 6.7 11.5 2.5 2.5 2 1 1 3 3
-6391.5 -6655.3 -4.5 71 0 7.6 14.5 2.5 2.5 2 1 1 1 1
-6364.1 -6632.4 -2.9 54 0 10.6 11.6 2.5 2.5 2 1 1 2 2
-6408.0 -6691.8 -7.9 220 0 7.0 8.7 2.5 0.0 0 1 1 1 1
-6389.1 -6673.0 -7.9 252 0 11.6 10.8 2.5 2.5 2 0 1 1 1
-6345.1 -6774.2 -9.9 165 0 11.0 17.3 2.5 2.5 2 1 1 5 5
-6268.0 -6761.5 -10.7 343 0 10.0 19.4 2.5 2.5 2 1 1 4 4
-6301.8 -6777.1 -10.5 78 0 27.9 10.3 2.5 2.5 2 0 1 4 4
-6213.6 -6717.1 -9.5 72 0 14.8 13.4 2.5 2.5 2 0 1 2 2
-6226.7 -6680.4 -8.8 249 0 17.1 14.0 2.5 2.5 2 0 1 5 5
-6282.8 -6561.5 -2.4 250 0 8.6 10.3 2.5 0.0 0 1 1 4 4
-6301.4 -6598.5 -2.8 72 0 9.6 11.0 7.5 2.5 2 1 3 3 3
-6320.6 -6623.2 -3.3 68 0 9.0 10.3 2.5 2.5 4 1 1 4 4
-6307.3 -6617.2 -3.7 75 0 7.6 7.4 2.5 2.5 2 0 1 3 3
-6282.9 -6614.0 -5.4 91 0 16.8 8.2 2.5 2.5 2 0 1 2 2
-6262.4 -6647.2 -8.0 278 0 12.7 26.2 2.5 2.5 2 1 1 1 1
-6283.0 -6719.1 -9.6 29 0 17.9 13.1 2.5 2.5 2 0 1 1 1
-6310.5 -6662.4 -7.0 126 0 11.9 19.0 2.5 2.5 2 1 1 4 4
-6318.5 -6681.5 -7.8 35 0 9.6 11.4 2.5 2.5 2 1 1 3 3
-6327.5 -6685.3 -8.7 308 0 12.2 27.7 2.5 2.5 2 1 1 0 0
