563.8 -4872.6 -0.1 332 0 7.5 5.6 2.5 2.5 2 0 1 2 2
809.2 -4612.1 -8.5 126 0 14.7 10.0 5.0 2.5 2 0 2 0 0
522.4 -4811.4 2.9 191 0 4.8 21.2 2.5 2.5 2 1 1 1 1
543.6 -4806.7 2.9 13 0 5.3 21.0 2.5 2.5 2 1 1 0 0
546.4 -4795.1 2.7 11 0 10.6 15.4 2.5 0.0 0 1 1 3 3
529.6 -4774.2 2.6 196 0 15.1 19.7 2.5 2.5 2 1 1 2 2
560.5 -4763.3 2.1 20 0 10.9 19.2 2.5 2.5 2 1 1 3 3
573.4 -4746.8 1.5 14 0 6.4 8.8 2.5 2.5 2 1 1 5 5
580.3 -4736.7 2.2 27 0 7.5 13.0 2.5 2.5 2 1 1 2 2
681.6 -4601.4 5.1 25 0 9.4 11.4 2.5 2.5 2 1 1 1 1
719.0 -4591.8 2.6 198 0 9.1 18.4 5.0 2.5 2 1 2 2 2
646.7 -4719.1 -0.0 205 0 10.3 18.3 5.0 2.5 2 1 2 2 2
674.9 -4672.6 0.5 205 0 19.7 16.0 2.5 2.5 2 0 1 1 1
