-4405.7 797.4 -9.7 294 0 20.9 13.9 5.0 2.5 2 0 2 4 4
-4369.3 781.5 -8.2 292 0 11.5 11.1 5.0 2.5 2 0 2 5 5
-4382.7 787.2 -9.1 294 0 12.5 30.6 5.0 2.5 2 1 2 1 1
-4374.8 752.3 -8.6 23 0 24.0 13.0 5.0 2.5 2 0 2 4 4
-4342.0 698.3 -3.7 287 0 16.1 8.2 5.0 2.5 2 0 2 5 5
-4341.9 600.0 6.6 31 0 6.9 20.9 5.0 2.5 2 1 2 1 1
-4334.4 614.5 3.7 28 0 19.6 21.5 5.0 0.0 0 1 2 1 1
-4365.8 636.7 1.0 210 0 18.8 13.5 5.0 2.5 2 0 2 3 3
-4459.0 717.9 -6.7 206 0 8.7 9.8 5.0 2.5 2 1 2 3 3
-4428.8 704.1 -7.0 21 0 11.1 17.5 5.0 2.5 2 1 2 2 2
-4410.1 711.3 -8.6 26 0 29.8 11.2 5.0 2.5 2 0 2 5 5
-4397.3 670.7 -4.7 23 0 10.6 21.1 5.0 2.5 2 1 2 5 5
-4481.3 656.1 -0.6 203 0 11.1 21.0 5.0 2.5 2 1 2 4 4
-4431.7 659.6 -5.3 23 0 60.4 13.6 5.0 2.5 2 0 2 1 1
-4431.2 616.7 2.9 22 0 12.8 18.2 5.0 2.5 2 1 2 5 5
-4405.0 602.1 5.6 21 0 23.3 11.5 5.0 0.0 0 0 2 2 2
