-4116.1 6952.6 -5.5 133 0 7.6 16.6 2.5 2.5 2 1 1 2 2
-4150.4 6952.8 -5.3 223 0 17.9 9.2 2.5 2.5 2 0 1 1 1
-4125.8 6940.6 -3.7 313 0 9.0 16.8 2.5 2.5 2 1 1 2 2
-3682.7 6073.5 -8.8 278 0 12.1 25.6 5.0 2.5 2 1 2 2 2
-3667.2 6069.7 -8.9 277 0 12.9 22.2 10.0 2.5 2 1 4 1 1
-3652.7 6068.4 -8.9 274 0 10.0 24.2 7.5 2.5 2 1 3 5 5
-3284.0 5944.0 1.3 120 0 10.1 7.5 2.5 2.5 2 0 1 2 2
-3262.3 5929.8 -0.1 120 0 19.2 11.8 2.5 2.5 2 0 1 5 5
-3245.7 5919.8 -0.5 120 0 9.0 10.0 2.5 2.5 2 1 1 5 5
-3228.0 5910.7 -1.8 120 0 8.7 12.3 2.5 2.5 2 1 1 5 5
-3214.8 5903.3 -3.0 120 0 8.4 11.0 2.5 0.0 0 1 1 0 0
-3200.6 5896.6 -4.2 120 0 9.8 8.9 2.5 2.5 2 0 1 4 4
-3182.6 5899.5 -5.6 300 0 8.8 10.7 2.5 2.5 2 1 1 5 5
-3170.7 5885.0 -6.9 32 0 10.5 6.7 2.5 2.5 2 0 1 1 1
