5523.4 -823.3 -11.3 102 0 7.0 5.0 5.0 2.5 2 0 2 2 2
5513.5 -862.4 -11.0 90 0 8.8 5.1 5.0 2.5 2 0 2 3 3
5497.9 -879.6 -10.1 90 0 5.0 7.7 5.0 2.5 2 1 2 5 5
5492.5 -809.9 -9.5 120 0 7.3 7.4 5.0 2.5 2 1 2 5 5
5460.5 -835.3 -8.3 101 0 11.8 8.9 5.0 2.5 2 0 2 5 5
5454.1 -790.3 -7.9 245 0 8.7 7.9 5.0 0.0 0 0 2 2 2
5442.9 -793.4 -8.0 241 0 7.2 8.1 5.0 2.5 2 1 2 1 1
5437.4 -797.8 -8.1 240 0 3.6 6.9 5.0 2.5 2 1 2 1 1
5448.6 -864.2 -8.5 91 0 6.4 6.7 5.0 2.5 2 1 2 0 0
5412.3 -854.8 -8.5 91 0 11.9 4.9 5.0 2.5 2 0 2 1 1
5373.1 -865.4 -9.8 96 0 7.4 6.4 5.0 2.5 2 0 2 1 1
5370.0 -774.1 -8.3 95 0 10.6 8.0 5.0 2.5 2 0 2 0 0
5379.7 -732.8 -7.8 179 0 8.7 21.5 2.5 2.5 2 1 1 4 4
5571.6 -676.6 -7.3 2 0 7.2 13.0 5.0 2.5 2 1 2 4 4
5798.4 -268.8 -21.9 282 0 15.1 12.0 7.5 2.5 2 0 3 2 2
5673.4 -138.6 -20.7 153 0 5.0 5.8 2.5 2.5 2 1 1 4 4
5573.5 80.7 -19.8 100 0 8.9 7.2 7.5 2.5 4 0 3 4 4
5577.9 32.4 -21.5 347 0 11.4 13.0 5.0 2.5 2 1 2 4 4
5510.1 37.8 -16.2 261 0 10.7 4.3 5.0 2.5 2 0 2 1 1
5511.2 32.9 -16.1 264 0 12.5 10.8 5.0 2.5 2 0 2 4 4
5478.7 -44.0 -12.8 257 0 6.6 5.7 2.5 2.5 2 0 1 1 1
5489.4 -27.7 -14.1 82 0 8.6 16.4 5.0 2.5 2 1 2 1 1
5469.8 -13.1 -13.8 80 0 8.5 5.4 5.0 2.5 2 0 2 5 5
5476.1 -30.1 -13.5 82 0 13.0 7.2 5.0 2.5 2 0 2 0 0
5460.8 -32.5 -13.2 82 0 16.2 7.5 5.0 2.5 2 0 2 2 2
5346.4 -45.9 -12.6 83 0 6.1 17.0 5.0 2.5 2 1 2 0 0
5377.7 -145.3 -10.4 217 0 5.7 10.3 7.5 2.5 2 1 3 5 5
5378.5 -134.5 -10.8 215 0 6.3 14.9 7.5 2.5 2 1 3 3 3
5364.3 -95.1 -13.3 350 0 9.2 13.6 2.5 2.5 2 1 1 1 1
5275.7 -106.8 -11.7 266 0 5.4 7.7 2.5 2.5 2 1 1 4 4
5288.8 -108.1 -11.9 270 0 4.3 6.7 2.5 2.5 2 1 1 4 4
5281.8 -99.5 -12.1 266 0 6.3 14.7 2.5 2.5 2 1 1 3 3
5283.1 -83.8 -12.7 263 0 13.0 9.4 2.5 2.5 2 0 1 5 5
5298.5 -80.2 -12.9 259 0 8.5 9.0 2.5 2.5 2 1 1 5 5
5309.5 -82.3 -13.0 260 0 10.9 23.8 2.5 2.5 2 1 1 2 2
5313.2 -107.7 -12.4 265 0 6.0 9.1 2.5 2.5 2 1 1 1 1
5347.3 -106.5 -13.1 351 0 11.3 28.9 2.5 2.5 2 1 1 3 3
5335.5 -120.7 -12.5 351 0 8.3 14.6 2.5 2.5 2 1 1 3 3
5317.3 -155.4 -11.0 348 0 8.0 8.8 2.5 2.5 2 1 1 3 3
5322.7 -182.9 -10.3 357 0 13.0 13.1 2.5 2.5 2 1 1 1 1
5280.1 -128.5 -11.2 265 0 8.7 8.8 2.5 2.5 2 1 1 1 1
5265.3 -102.6 -11.8 262 0 9.9 16.0 2.5 2.5 2 1 1 1 1
5236.1 -126.1 -11.7 262 0 5.2 4.1 2.5 2.5 2 0 1 1 1
5238.8 -112.6 -12.0 260 0 25.0 11.4 2.5 2.5 4 0 1 0 0
5277.3 -213.6 -10.2 1 0 6.9 12.8 2.5 2.5 2 1 1 3 3
5251.1 -180.1 -10.8 172 0 3.1 3.9 2.5 2.5 2 1 1 0 0
5240.0 -156.9 -11.2 179 0 4.9 7.0 2.5 2.5 4 1 1 2 2
5217.9 -152.8 -11.7 183 0 6.1 7.0 2.5 2.5 2 1 1 3 3
5236.9 -217.7 -10.6 181 0 11.4 8.9 2.5 2.5 2 0 1 1 1
5202.8 -215.8 -11.3 162 0 16.8 7.8 2.5 2.5 2 0 1 5 5
5212.2 -252.9 -10.4 163 0 5.4 7.1 2.5 2.5 2 1 1 5 5
5220.1 -250.0 -10.3 161 0 3.5 8.7 2.5 2.5 4 1 1 1 1
5224.5 -273.6 -9.7 167 0 7.0 8.4 2.5 2.5 2 1 1 1 1
5277.3 -278.0 -7.9 166 0 6.5 5.6 2.5 2.5 2 0 1 0 0
5503.4 -303.4 -9.7 353 0 7.9 7.9 2.5 2.5 2 1 1 1 1
5441.6 -295.0 -8.6 270 0 6.6 13.8 2.5 2.5 2 1 1 3 3
5360.1 -303.6 -7.2 265 0 4.7 4.2 2.5 0.0 0 0 1 4 4
5361.8 -321.3 -7.8 86 0 7.1 12.5 2.5 0.0 0 1 1 3 3
5400.6 -374.9 -9.8 351 0 9.1 14.7 5.0 2.5 2 1 2 5 5
5361.6 -382.5 -9.9 75 0 10.3 8.1 5.0 2.5 2 0 2 2 2
5363.0 -389.2 -10.1 75 0 10.7 6.1 5.0 2.5 2 0 2 3 3
5297.7 -327.9 -9.4 88 0 13.5 25.5 2.5 2.5 2 1 1 1 1
5270.8 -327.7 -10.0 87 0 11.4 14.7 2.5 0.0 0 1 1 3 3
5291.7 -365.7 -10.5 262 0 5.8 12.2 5.0 2.5 2 1 2 3 3
5254.0 -354.9 -10.3 258 0 6.3 8.5 5.0 0.0 0 1 2 0 0
5262.7 -352.9 -10.2 264 0 7.1 9.3 5.0 0.0 0 1 2 4 4
5269.4 -382.7 -10.5 176 0 6.2 4.7 5.0 2.5 2 0 2 5 5
5263.6 -383.3 -10.5 172 0 7.5 4.6 5.0 2.5 2 0 2 3 3
5262.2 -407.9 -10.5 174 0 8.1 6.2 5.0 2.5 2 0 2 5 5
5269.0 -406.9 -10.6 175 0 10.2 9.9 5.0 2.5 2 0 2 2 2
5262.7 -434.5 -10.6 168 0 7.8 14.0 5.0 2.5 2 1 2 3 3
5269.3 -465.7 -10.7 174 0 11.9 14.6 5.0 0.0 0 1 2 4 4
5270.3 -456.0 -10.7 174 0 5.9 12.7 5.0 2.5 2 1 2 5 5
5289.1 -479.4 -10.5 357 0 7.9 5.7 5.0 2.5 2 0 2 4 4
5275.3 -481.0 -10.4 176 0 7.3 6.8 5.0 2.5 2 0 2 4 4
5289.0 -489.8 -10.3 356 0 8.6 5.9 5.0 2.5 2 0 2 4 4
5274.6 -490.0 -10.2 176 0 9.8 7.5 5.0 2.5 2 0 2 4 4
5299.4 -512.6 -10.0 356 0 14.1 12.5 5.0 2.5 2 0 2 5 5
5297.2 -539.5 -9.2 352 0 7.7 9.3 5.0 2.5 4 1 2 5 5
5274.2 -580.5 -8.4 173 0 5.5 6.0 5.0 2.5 2 1 2 0 0
5286.3 -576.8 -8.6 175 0 11.1 15.5 5.0 2.5 2 1 2 4 4
5291.8 -598.3 -8.0 174 0 9.9 9.4 5.0 2.5 2 0 2 0 0
5293.3 -622.9 -8.1 175 0 6.4 6.6 5.0 2.5 2 1 2 3 3
5315.9 -619.9 -7.7 353 0 7.6 6.3 5.0 2.5 2 0 2 3 3
5300.9 -622.4 -7.8 172 0 9.8 8.0 5.0 2.5 2 0 2 0 0
5298.5 -636.5 -8.2 175 0 6.2 6.5 5.0 2.5 2 1 2 1 1
5322.6 -667.3 -7.9 355 0 5.9 8.1 5.0 0.0 0 1 2 4 4
5304.2 -668.5 -8.3 174 0 12.0 8.8 5.0 2.5 2 0 2 4 4
5303.2 -750.9 -8.2 173 0 6.6 5.7 5.0 2.5 2 0 2 3 3
5330.9 -698.3 -7.7 359 0 6.5 11.0 5.0 0.0 0 1 2 5 5
5334.2 -728.1 -8.1 352 0 8.0 14.6 5.0 2.5 2 1 2 0 0
5333.8 -753.2 -8.3 351 0 7.3 7.4 5.0 2.5 2 1 2 4 4
5315.2 -757.1 -8.3 172 0 12.5 10.6 5.0 2.5 2 0 2 3 3
5319.6 -791.7 -8.7 176 0 10.4 23.0 5.0 2.5 2 1 2 4 4
5326.0 -821.8 -9.2 173 0 8.1 17.9 5.0 2.5 4 1 2 5 5
5344.5 -838.5 -9.4 170 0 5.6 6.3 5.0 2.5 2 1 2 0 0
5331.9 -835.6 -9.4 171 0 11.4 11.6 5.0 0.0 0 1 2 1 1
5354.9 -862.6 -9.8 84 0 10.7 9.6 5.0 2.5 2 0 2 2 2
5335.1 -862.1 -10.2 175 0 7.5 7.0 5.0 2.5 2 0 2 3 3
5331.3 -900.1 -10.7 269 0 4.1 3.3 2.5 2.5 2 0 1 3 3
5336.6 -927.6 -11.4 176 0 4.3 3.8 2.5 2.5 2 0 1 2 2
5343.8 -938.8 -11.3 170 0 10.9 3.3 2.5 2.5 2 0 1 2 2
5347.5 -937.7 -11.2 169 0 12.6 15.0 2.5 2.5 4 1 1 3 3
5357.8 -962.0 -10.5 173 0 4.8 4.0 2.5 2.5 2 0 1 1 1
5352.1 -961.9 -10.7 174 0 7.7 4.7 2.5 2.5 2 0 1 3 3
5348.3 -963.6 -10.7 173 0 5.7 3.2 2.5 2.5 2 0 1 2 2
5357.8 -985.8 -10.5 171 0 10.0 11.7 2.5 2.5 2 1 1 4 4
5359.6 -999.0 -10.2 162 0 6.3 8.6 2.5 2.5 2 1 1 0 0
5381.7 -993.1 -10.0 349 0 6.3 9.3 2.5 2.5 2 1 1 5 5
5379.4 -1008.4 -9.5 357 0 6.6 6.4 2.5 0.0 0 0 1 4 4
5411.0 -1052.1 -6.9 185 0 7.0 8.0 5.0 2.5 2 1 2 1 1
5403.2 -1047.7 -7.4 273 0 13.4 7.1 2.5 2.5 2 0 1 3 3
5365.2 -1028.7 -9.1 172 0 12.0 15.2 2.5 2.5 4 1 1 5 5
5392.3 -1109.1 -7.1 357 0 3.5 5.9 2.5 0.0 0 1 1 3 3
5375.0 -1111.5 -7.5 175 0 7.3 6.5 2.5 2.5 2 0 1 0 0
5381.7 -1203.4 -8.6 182 0 9.3 20.9 2.5 2.5 2 1 1 5 5
5387.0 -1269.7 -7.2 270 0 6.9 10.1 5.0 2.5 2 1 2 4 4
5644.3 -1733.8 -10.0 266 0 8.8 11.0 5.0 2.5 2 1 2 0 0
5630.5 -1705.5 -9.0 88 0 12.7 9.5 5.0 2.5 2 0 2 1 1
5624.9 -1731.6 -10.3 266 0 9.2 11.6 5.0 2.5 2 1 2 4 4
5609.2 -1735.7 -10.4 266 0 8.2 7.5 5.0 2.5 4 0 2 5 5
5570.1 -1739.3 -10.0 270 0 4.8 6.8 5.0 2.5 2 1 2 4 4
5546.2 -1740.3 -9.8 263 0 10.9 9.0 5.0 2.5 2 0 2 1 1
5565.6 -1706.7 -9.2 92 0 7.0 6.3 5.0 2.5 2 0 2 3 3
5566.8 -1694.0 -8.8 89 0 8.7 6.2 5.0 2.5 2 0 2 3 3
5525.9 -1710.5 -9.4 84 0 9.0 13.2 5.0 2.5 2 1 2 2 2
5489.9 -1882.9 -9.3 150 0 8.1 6.7 5.0 2.5 2 0 2 3 3
5487.0 -1886.9 -9.4 153 0 4.0 3.5 5.0 2.5 2 0 2 0 0
5503.0 -1905.3 -9.3 154 0 10.4 12.0 5.0 2.5 2 1 2 1 1
5470.9 -1861.2 -9.6 160 0 7.0 15.5 5.0 2.5 2 1 2 3 3
5476.6 -1819.3 -10.0 327 0 10.0 7.3 5.0 2.5 4 0 2 4 4
5461.1 -1818.2 -10.1 155 0 7.1 4.6 5.0 2.5 2 0 2 5 5
5451.7 -1820.6 -10.2 156 0 11.7 9.0 5.0 2.5 4 0 2 1 1
5444.9 -1832.8 -10.0 155 0 4.3 5.5 5.0 2.5 4 1 2 3 3
5479.9 -1699.7 -9.2 90 0 6.1 4.9 5.0 2.5 2 0 2 0 0
5449.2 -1754.6 -10.3 270 0 7.6 7.3 5.0 2.5 2 0 2 2 2
5453.5 -1744.5 -10.3 271 0 8.0 8.6 5.0 2.5 2 1 2 2 2
5460.0 -1704.2 -9.2 90 0 9.1 6.9 5.0 2.5 2 0 2 5 5
5438.3 -1623.9 -6.9 334 0 11.4 6.5 5.0 2.5 2 0 2 5 5
5423.8 -1716.3 -9.0 69 0 6.8 8.4 5.0 2.5 2 1 2 5 5
5417.9 -1666.4 -7.3 187 0 9.2 5.1 5.0 0.0 0 0 2 1 1
5410.5 -1663.3 -7.1 178 0 4.9 6.8 5.0 2.5 2 1 2 5 5
5402.4 -1639.4 -6.8 161 0 7.3 10.8 5.0 2.5 2 1 2 5 5
5387.0 -1686.0 -7.5 160 0 10.7 13.2 5.0 0.0 0 1 2 0 0
5381.6 -1698.5 -7.8 159 0 6.5 4.3 5.0 2.5 2 0 2 0 0
5455.8 -1923.9 -9.3 337 0 5.4 8.2 5.0 2.5 2 1 2 0 0
5497.9 -1987.5 -9.6 347 0 11.0 7.6 5.0 2.5 2 0 2 5 5
5494.4 -2000.1 -9.3 351 0 9.7 6.9 5.0 2.5 2 0 2 3 3
5518.4 -2064.5 -9.9 351 0 8.7 9.5 5.0 2.5 2 1 2 5 5
5511.0 -2086.6 -8.7 357 0 6.2 13.1 5.0 2.5 4 1 2 2 2
5511.4 -2103.7 -7.9 352 0 5.4 4.2 5.0 2.5 2 0 2 0 0
5519.6 -2103.4 -8.5 354 0 9.7 7.6 5.0 2.5 2 0 2 4 4
5533.5 -2105.4 -9.1 344 0 4.7 7.3 5.0 2.5 2 1 2 5 5
5567.4 -2129.3 -8.4 143 0 8.1 11.7 5.0 2.5 2 1 2 3 3
5586.7 -2151.1 -8.4 153 0 6.9 9.3 5.0 2.5 2 1 2 5 5
5602.1 -2174.7 -8.9 145 0 10.4 17.9 5.0 2.5 2 1 2 4 4
5660.8 -2228.7 -9.0 334 0 9.8 6.0 5.0 2.5 2 0 2 4 4
5594.0 -2231.6 -7.9 335 0 4.4 3.6 5.0 2.5 2 0 2 1 1
5600.9 -2226.7 -8.7 337 0 8.6 7.0 5.0 2.5 2 0 2 3 3
5594.4 -2279.7 -5.5 146 0 8.4 4.2 5.0 2.5 4 0 2 4 4
5608.4 -2309.0 -4.9 148 0 9.6 4.4 5.0 2.5 2 0 2 3 3
5612.9 -2306.6 -5.5 147 0 10.4 8.7 5.0 2.5 2 0 2 0 0
5641.5 -2347.0 -3.4 131 0 8.2 14.0 5.0 2.5 2 1 2 1 1
5670.3 -2332.6 -5.0 290 0 6.8 4.5 5.0 2.5 2 0 2 2 2
5671.8 -2353.9 -4.2 115 0 15.9 11.9 5.0 2.5 2 0 2 4 4
5420.7 -2252.2 5.0 79 0 5.7 6.9 7.5 2.5 2 1 3 5 5
5415.6 -1962.7 -7.9 347 0 6.8 8.1 7.5 2.5 2 1 3 1 1
5364.0 -1771.6 -8.9 153 0 6.7 5.9 5.0 2.5 2 0 2 1 1
5377.4 -1758.9 -9.4 246 0 5.6 10.7 5.0 2.5 2 1 2 1 1
5333.5 -1608.2 -7.1 347 0 13.1 8.4 5.0 2.5 2 0 2 1 1
5362.1 -1709.7 -7.6 345 0 7.6 8.0 5.0 2.5 2 1 2 5 5
5362.0 -1731.9 -8.2 74 0 7.6 7.6 5.0 2.5 2 0 2 0 0
5402.2 -1810.5 -9.5 344 0 9.6 7.5 5.0 2.5 2 0 2 3 3
5374.5 -1788.6 -9.3 160 0 6.3 8.4 5.0 2.5 2 1 2 2 2
5337.7 -1774.5 -8.6 85 0 5.8 3.6 5.0 2.5 2 0 2 2 2
5344.6 -1776.6 -8.7 86 0 6.9 7.0 5.0 2.5 2 1 2 5 5
5343.1 -1761.4 -8.8 267 0 9.0 7.8 5.0 2.5 2 0 2 3 3
5330.5 -1731.7 -8.0 90 0 8.5 10.4 5.0 2.5 2 1 2 2 2
5291.1 -1783.3 -7.7 95 0 4.7 4.5 5.0 2.5 2 0 2 5 5
5291.8 -1769.0 -7.8 274 0 10.7 9.5 5.0 2.5 2 0 2 1 1
5307.0 -1820.3 -7.8 92 0 7.6 7.1 5.0 2.5 2 0 2 0 0
5248.4 -1770.0 -7.0 194 0 13.6 7.0 5.0 2.5 2 0 2 1 1
5177.8 -1793.9 -5.6 12 0 7.3 9.2 7.5 0.0 0 1 3 1 1
5164.9 -1795.2 -5.4 101 0 4.2 6.8 7.5 2.5 2 1 3 0 0
5127.2 -1784.9 -4.7 105 0 3.7 3.4 5.0 0.0 0 0 2 4 4
5115.8 -1771.4 -4.6 195 0 13.7 9.2 5.0 2.5 2 0 2 2 2
5053.4 -1311.6 -5.7 271 0 12.2 8.0 5.0 2.5 2 0 2 0 0
5052.2 -1368.8 -4.7 22 0 12.1 12.5 5.0 2.5 2 1 2 3 3
5006.9 -1367.1 -4.5 206 0 5.1 12.6 5.0 2.5 2 1 2 3 3
5018.4 -1359.0 -4.3 204 0 7.2 6.2 5.0 2.5 4 0 2 3 3
5007.6 -1353.9 -4.3 205 0 7.2 10.9 5.0 0.0 0 1 2 4 4
5016.2 -1333.5 -4.7 203 0 5.8 9.7 5.0 0.0 0 1 2 0 0
5026.4 -1338.7 -4.8 202 0 6.6 8.0 5.0 2.5 2 1 2 4 4
4998.6 -1390.0 -3.6 112 0 6.5 7.6 5.0 2.5 2 1 2 3 3
4950.0 -1353.7 -1.9 206 0 5.0 3.3 5.0 2.5 2 0 2 1 1
4953.0 -1356.8 -2.2 204 0 6.8 8.1 5.0 2.5 2 1 2 1 1
4966.9 -1335.5 -3.6 207 0 7.5 11.7 5.0 2.5 2 1 2 4 4
4973.8 -1307.1 -4.3 204 0 3.7 6.2 5.0 0.0 0 1 2 5 5
5025.1 -1227.8 -4.1 294 0 9.6 10.1 5.0 2.5 2 1 2 3 3
5117.9 -1271.1 -5.7 240 0 8.2 4.2 5.0 0.0 0 0 2 3 3
5205.0 -1193.1 -7.2 71 0 8.0 11.5 2.5 2.5 2 1 1 3 3
5238.1 -1153.0 -6.0 247 0 5.9 15.1 2.5 2.5 2 1 1 3 3
5322.7 -1032.2 -8.6 353 0 6.7 11.6 5.0 2.5 2 1 2 0 0
5331.3 -1040.5 -9.1 354 0 10.5 13.0 5.0 2.5 2 1 2 4 4
5330.9 -1023.2 -9.6 355 0 9.1 10.2 5.0 2.5 2 1 2 4 4
5323.9 -1006.2 -9.5 354 0 11.5 27.2 5.0 2.5 2 1 2 0 0
5317.8 -995.0 -9.6 355 0 7.6 7.2 5.0 2.5 4 0 2 1 1
5295.7 -981.5 -8.6 172 0 5.3 4.3 5.0 0.0 0 0 2 4 4
5315.4 -968.8 -9.9 352 0 7.0 6.6 5.0 2.5 2 0 2 2 2
5307.8 -967.7 -9.4 350 0 11.0 5.1 5.0 0.0 0 0 2 4 4
5314.1 -934.8 -10.0 355 0 13.4 11.6 5.0 2.5 2 0 2 5 5
5312.4 -925.7 -9.7 357 0 4.7 7.4 5.0 2.5 2 1 2 4 4
5317.8 -899.3 -10.1 359 0 4.4 9.2 5.0 2.5 2 1 2 1 1
5252.9 -941.4 -7.9 92 0 5.1 8.6 5.0 2.5 2 1 2 0 0
5259.0 -937.8 -8.0 94 0 6.3 5.7 5.0 2.5 2 0 2 1 1
5256.1 -931.4 -8.3 96 0 7.6 9.6 5.0 2.5 2 1 2 1 1
5214.3 -950.1 -6.8 98 0 5.4 5.5 5.0 2.5 2 1 2 0 0
5219.7 -925.5 -7.8 105 0 13.0 8.6 5.0 2.5 4 0 2 5 5
5227.3 -886.2 -6.8 94 0 4.7 5.4 5.0 2.5 2 1 2 2 2
5212.9 -899.8 -7.0 101 0 6.7 11.1 5.0 2.5 2 1 2 0 0
5208.9 -912.4 -7.5 107 0 11.0 8.4 5.0 2.5 2 0 2 1 1
5203.8 -921.3 -7.5 111 0 5.7 9.0 5.0 2.5 2 1 2 0 0
5164.9 -873.8 -4.7 182 0 7.3 8.0 5.0 2.5 2 1 2 5 5
5167.1 -859.7 -4.3 181 0 9.6 11.8 5.0 2.5 2 1 2 4 4
5195.0 -856.6 -5.0 179 0 7.3 9.8 5.0 2.5 2 1 2 4 4
5251.7 -852.4 -6.9 3 0 9.7 8.0 5.0 2.5 2 0 2 2 2
5294.4 -840.6 -8.5 357 0 11.2 26.5 5.0 2.5 2 1 2 2 2
5276.8 -826.6 -7.7 357 0 16.4 9.6 5.0 2.5 2 0 2 0 0
5280.9 -787.6 -7.7 357 0 14.9 9.5 5.0 2.5 2 0 2 0 0
5255.5 -754.9 -7.3 185 0 12.9 22.0 5.0 2.5 2 1 2 0 0
5276.8 -742.1 -7.3 350 0 9.5 17.8 5.0 2.5 2 1 2 3 3
5274.3 -711.1 -7.8 357 0 6.6 13.9 5.0 0.0 0 1 2 1 1
5268.7 -679.8 -8.4 359 0 5.8 3.6 5.0 2.5 2 0 2 1 1
5264.7 -683.2 -8.2 356 0 4.7 8.1 5.0 2.5 2 1 2 5 5
5246.5 -685.0 -7.9 177 0 11.8 9.4 5.0 2.5 2 0 2 2 2
5234.0 -667.7 -7.5 180 0 7.2 6.1 5.0 0.0 0 0 2 4 4
5233.7 -657.4 -7.9 181 0 10.7 11.6 5.0 2.5 2 1 2 5 5
5271.9 -629.2 -8.9 353 0 6.3 9.8 5.0 2.5 2 1 2 5 5
5211.1 -633.1 -7.1 164 0 5.6 4.1 5.0 2.5 2 0 2 5 5
5241.9 -565.7 -8.0 354 0 5.5 6.6 5.0 2.5 2 1 2 4 4
5247.7 -573.9 -8.1 351 0 11.6 14.0 5.0 2.5 2 1 2 4 4
5248.5 -519.1 -9.2 355 0 8.2 11.2 5.0 2.5 2 1 2 4 4
5248.6 -544.6 -8.7 354 0 10.2 6.6 5.0 2.5 2 0 2 1 1
5241.3 -546.3 -8.5 354 0 10.5 14.1 5.0 2.5 4 1 2 3 3
5241.0 -482.8 -9.9 355 0 12.5 15.7 5.0 2.5 2 1 2 5 5
5210.4 -519.9 -8.8 177 0 14.0 10.0 5.0 2.5 2 0 2 4 4
5230.8 -441.3 -10.2 353 0 8.8 13.3 5.0 2.5 2 1 2 2 2
5229.8 -416.9 -10.2 355 0 7.7 8.1 5.0 2.5 2 1 2 0 0
5227.2 -407.5 -10.1 353 0 10.4 13.1 5.0 2.5 2 1 2 0 0
5180.6 -420.3 -9.3 180 0 10.3 5.3 5.0 2.5 2 0 2 2 2
5179.7 -434.2 -9.1 176 0 13.9 7.3 5.0 2.5 2 0 2 2 2
5215.3 -339.6 -10.1 346 0 6.5 8.0 5.0 2.5 2 1 2 2 2
5228.9 -306.5 -10.0 164 0 7.6 4.2 2.5 2.5 2 0 1 3 3
5234.9 -304.9 -9.8 160 0 10.0 10.7 2.5 2.5 2 1 1 0 0
5254.6 -331.3 -10.1 79 0 5.5 5.6 2.5 2.5 4 1 1 3 3
5238.0 -331.8 -10.2 162 0 7.3 11.8 2.5 2.5 2 1 1 4 4
5195.4 -206.2 -11.4 162 0 5.1 5.8 2.5 0.0 0 1 1 0 0
5182.8 -153.6 -11.8 161 0 10.0 8.4 2.5 2.5 2 0 1 2 2
5179.0 -157.7 -11.7 162 0 10.3 4.5 2.5 0.0 0 0 1 3 3
5183.8 -171.5 -11.7 162 0 7.4 13.3 2.5 2.5 2 1 1 1 1
5175.2 -133.3 -11.8 164 0 7.4 7.7 2.5 2.5 2 1 1 0 0
5176.3 -123.0 -11.8 163 0 9.8 7.2 2.5 2.5 2 0 1 5 5
5170.4 -125.3 -11.7 164 0 6.9 5.0 2.5 2.5 4 0 1 2 2
5209.3 -100.0 -12.1 258 0 9.0 20.8 2.5 2.5 4 1 1 2 2
5163.5 -114.9 -11.7 163 0 9.4 21.8 2.5 2.5 2 1 1 4 4
5170.2 17.7 -11.7 357 0 13.0 4.8 5.0 0.0 0 0 2 3 3
5147.1 19.1 -11.7 179 0 8.0 17.6 5.0 2.5 2 1 2 4 4
5155.3 4.6 -12.2 178 0 5.4 5.3 5.0 0.0 0 0 2 1 1
5141.0 -2.9 -12.1 178 0 15.6 13.6 5.0 2.5 2 0 2 5 5
5322.8 542.1 -9.6 6 0 8.8 21.4 5.0 2.5 2 1 2 1 1
5272.2 590.5 -9.7 92 0 9.8 12.7 5.0 2.5 2 1 2 4 4
5228.1 595.6 -10.7 83 0 8.3 13.8 5.0 2.5 2 1 2 0 0
5209.5 623.6 -10.7 270 0 7.2 6.1 5.0 2.5 2 0 2 0 0
5199.8 601.8 -11.3 99 0 6.9 9.9 5.0 2.5 2 1 2 4 4
5201.6 588.6 -11.7 90 0 14.3 9.9 5.0 2.5 2 0 2 5 5
5238.4 542.3 -11.4 89 0 12.5 9.1 5.0 2.5 2 0 2 5 5
5242.7 524.9 -11.1 89 0 25.5 12.8 5.0 2.5 2 0 2 4 4
5214.1 538.4 -12.1 90 0 16.7 15.4 5.0 0.0 0 0 2 0 0
5222.0 528.7 -12.0 358 0 13.1 28.0 5.0 2.5 2 1 2 3 3
5171.0 541.3 -13.1 91 0 12.0 9.3 5.0 2.5 2 0 2 5 5
5171.7 526.7 -12.7 87 0 10.6 10.1 5.0 2.5 2 0 2 5 5
5169.4 508.2 -12.4 9 0 8.5 12.0 5.0 2.5 2 1 2 4 4
5129.2 626.0 -11.6 186 0 8.7 7.6 5.0 2.5 2 0 2 5 5
5128.2 617.6 -11.7 182 0 5.4 8.4 5.0 0.0 0 1 2 2 2
5128.5 611.2 -11.7 177 0 4.8 5.6 5.0 2.5 4 1 2 3 3
5133.3 279.4 -9.2 179 0 11.4 8.5 5.0 2.5 2 0 2 4 4
5123.0 278.3 -9.1 179 0 12.3 8.2 5.0 2.5 2 0 2 2 2
5118.6 297.0 -9.3 177 0 13.2 13.3 5.0 2.5 4 1 2 2 2
5129.3 318.5 -9.3 175 0 10.4 7.0 5.0 2.5 2 0 2 4 4
5123.1 330.6 -9.3 179 0 9.4 9.8 5.0 2.5 4 1 2 4 4
5174.7 252.3 -10.0 347 0 7.4 6.3 5.0 2.5 2 0 2 4 4
5167.9 250.7 -10.0 350 0 7.9 12.6 5.0 2.5 2 1 2 2 2
5136.0 252.0 -9.7 178 0 8.6 10.6 5.0 2.5 2 1 2 1 1
5121.1 214.0 -10.3 177 0 6.9 5.0 5.0 2.5 2 0 2 4 4
5118.4 200.7 -10.6 177 0 6.8 9.2 5.0 0.0 0 1 2 4 4
5126.6 189.3 -11.0 178 0 12.1 13.3 5.0 2.5 2 1 2 3 3
5126.0 171.8 -10.7 176 0 12.3 6.6 5.0 2.5 2 0 2 4 4
5143.4 156.4 -10.1 179 0 8.7 3.7 5.0 2.5 2 0 2 5 5
5132.3 154.8 -10.1 176 0 10.1 10.2 5.0 2.5 2 1 2 5 5
5140.9 132.8 -9.1 182 0 7.7 8.2 5.0 2.5 2 1 2 3 3
5127.0 131.7 -8.9 178 0 7.7 10.0 5.0 2.5 2 1 2 3 3
5139.7 114.1 -8.3 177 0 6.0 8.1 5.0 2.5 2 1 2 1 1
5130.1 113.0 -8.2 177 0 8.1 8.9 5.0 2.5 4 1 2 4 4
5131.9 92.4 -8.4 175 0 10.6 16.1 5.0 2.5 2 1 2 1 1
5138.7 54.6 -9.8 175 0 12.5 19.6 5.0 2.5 2 1 2 5 5
5147.0 67.8 -9.0 177 0 8.9 10.7 5.0 2.5 2 1 2 2 2
5096.7 -85.0 -10.5 83 0 5.0 6.3 5.0 2.5 2 1 2 1 1
5082.8 -86.3 -10.2 86 0 4.8 6.0 5.0 2.5 4 1 2 0 0
5141.2 -107.2 -11.3 259 0 6.7 6.3 5.0 2.5 2 0 2 0 0
5135.0 -117.4 -11.3 255 0 10.5 10.1 5.0 2.5 2 0 2 0 0
5156.4 -149.2 -11.8 343 0 9.4 7.8 5.0 2.5 2 0 2 3 3
5148.4 -151.8 -11.6 344 0 6.2 7.2 5.0 2.5 2 1 2 5 5
5145.6 -173.0 -12.1 345 0 23.2 12.5 5.0 2.5 2 0 2 0 0
5170.9 -183.1 -11.9 342 0 10.0 35.0 5.0 2.5 2 1 2 5 5
5181.3 -263.2 -10.4 339 0 10.0 12.8 5.0 2.5 2 1 2 1 1
5184.9 -284.1 -10.0 343 0 8.9 6.6 5.0 2.5 2 0 2 4 4
5195.9 -283.8 -10.0 342 0 12.7 9.1 5.0 2.5 2 0 2 3 3
5200.6 -311.9 -10.0 340 0 12.5 6.8 5.0 2.5 2 0 2 3 3
5193.1 -313.6 -10.0 342 0 13.4 4.6 5.0 2.5 2 0 2 0 0
5155.4 -234.6 -11.1 360 0 11.0 5.5 5.0 2.5 2 0 2 2 2
5167.2 -239.1 -10.9 358 0 8.3 7.8 5.0 2.5 2 0 2 2 2
5144.7 -278.4 -10.0 179 0 10.8 8.7 5.0 2.5 2 0 2 4 4
5130.6 -197.4 -11.6 342 0 10.3 7.8 5.0 2.5 4 0 2 5 5
5127.2 -184.4 -11.6 343 0 14.9 8.9 5.0 2.5 4 0 2 1 1
5121.8 -170.0 -11.5 344 0 9.7 8.9 5.0 2.5 2 0 2 0 0
5085.3 -205.9 -10.9 167 0 12.6 10.9 5.0 0.0 0 0 2 5 5
4976.4 -264.1 -11.2 253 0 5.5 11.8 5.0 2.5 2 1 2 1 1
5026.9 -249.8 -10.2 248 0 11.9 7.8 5.0 2.5 2 0 2 5 5
5041.6 -296.8 -10.1 74 0 8.0 7.6 5.0 2.5 4 0 2 2 2
4970.8 -339.5 -8.5 90 0 6.5 5.2 5.0 2.5 2 0 2 2 2
4953.3 -276.8 -10.4 250 0 11.1 8.4 5.0 0.0 0 0 2 0 0
4935.1 -285.4 -9.3 244 0 6.0 4.9 5.0 2.5 2 0 2 2 2
4924.6 -285.7 -8.9 256 0 7.6 6.5 5.0 2.5 4 0 2 2 2
4894.9 -401.1 -5.7 246 0 8.5 8.3 5.0 2.5 2 0 2 4 4
4868.5 -301.1 -6.7 243 0 12.2 12.7 5.0 2.5 2 1 2 4 4
4889.2 -343.4 -6.4 64 0 4.6 3.5 5.0 2.5 2 0 2 2 2
4873.9 -359.4 -6.1 76 0 12.2 9.5 5.0 2.5 2 0 2 0 0
4859.4 -360.5 -5.7 81 0 8.1 7.5 5.0 2.5 2 0 2 0 0
4826.5 -306.4 -6.0 188 0 8.5 14.1 5.0 0.0 0 1 2 5 5
5061.0 -82.6 -9.8 87 0 12.7 10.5 5.0 2.5 4 0 2 2 2
5060.7 -97.1 -9.9 89 0 12.0 13.8 5.0 2.5 2 1 2 2 2
5042.9 -94.4 -9.5 86 0 7.3 6.3 5.0 2.5 2 0 2 3 3
5045.3 -132.4 -9.9 268 0 6.4 6.4 5.0 2.5 2 0 2 5 5
5066.0 -123.6 -10.4 257 0 9.3 9.1 5.0 0.0 0 0 2 4 4
5056.9 -165.5 -10.5 180 0 12.2 9.4 5.0 2.5 2 0 2 4 4
4975.2 -161.2 -8.8 91 0 10.4 4.4 5.0 2.5 2 0 2 0 0
4974.7 -145.5 -9.1 270 0 12.2 10.0 5.0 2.5 2 0 2 1 1
4973.8 -96.7 -10.0 87 0 14.3 9.1 5.0 2.5 2 0 2 1 1
4923.0 -105.8 -8.9 90 0 6.9 8.1 5.0 2.5 2 1 2 2 2
4894.5 -54.4 -9.4 274 0 11.4 6.5 5.0 2.5 2 0 2 2 2
5026.1 -11.2 -8.8 179 0 5.2 8.3 5.0 2.5 2 1 2 5 5
5017.9 -22.3 -8.5 268 0 8.0 10.4 5.0 2.5 2 1 2 3 3
5010.2 -18.7 -8.3 177 0 6.9 11.0 5.0 2.5 2 1 2 3 3
4984.1 32.0 -7.4 165 0 5.6 8.4 5.0 2.5 2 1 2 0 0
4986.5 21.8 -7.5 164 0 14.4 9.5 5.0 2.5 2 0 2 5 5
5068.3 -10.6 -9.8 0 0 4.9 6.4 5.0 2.5 2 1 2 1 1
5078.5 -7.8 -10.1 0 0 11.3 8.9 5.0 2.5 2 0 2 3 3
5105.5 21.7 -10.6 350 0 3.7 3.4 5.0 2.5 2 0 2 1 1
5113.9 15.6 -10.9 357 0 7.5 8.6 5.0 2.5 2 1 2 5 5
5122.2 33.2 -10.6 1 0 4.2 4.5 5.0 2.5 2 1 2 3 3
5115.8 33.4 -10.6 356 0 12.7 8.4 5.0 2.5 2 0 2 4 4
5110.9 52.6 -9.5 358 0 8.1 12.3 5.0 2.5 2 1 2 2 2
5106.3 110.6 -8.3 350 0 13.4 17.0 5.0 2.5 2 1 2 3 3
5112.0 119.6 -8.4 359 0 6.6 4.7 5.0 2.5 4 0 2 3 3
5025.2 133.3 -7.8 178 0 11.3 10.3 5.0 2.5 2 0 2 5 5
5079.0 135.6 -8.4 0 0 7.7 7.3 5.0 2.5 2 0 2 0 0
5078.7 144.2 -8.7 360 0 6.8 8.1 5.0 2.5 2 1 2 4 4
5101.2 169.4 -10.1 358 0 7.1 7.3 5.0 2.5 2 1 2 2 2
5105.6 170.1 -10.2 357 0 7.0 3.6 5.0 0.0 0 0 2 4 4
5095.9 187.7 -9.9 355 0 12.4 7.9 5.0 2.5 2 0 2 5 5
5100.9 213.9 -9.7 0 0 6.9 5.1 5.0 2.5 2 0 2 5 5
5056.9 208.4 -8.7 179 0 11.8 9.0 5.0 0.0 0 0 2 2 2
5079.6 264.8 -9.2 352 0 8.7 15.1 5.0 2.5 2 1 2 4 4
5077.2 292.8 -8.7 358 0 7.8 7.9 5.0 2.5 2 1 2 4 4
5095.5 387.8 -9.8 161 0 4.3 8.9 5.0 2.5 2 1 2 0 0
5098.8 431.9 -10.7 164 0 9.0 5.4 5.0 2.5 2 0 2 1 1
5089.0 429.8 -10.7 165 0 11.9 9.5 5.0 2.5 4 0 2 4 4
5089.1 438.3 -10.8 169 0 3.1 10.0 5.0 2.5 2 1 2 5 5
5087.2 468.7 -11.0 181 0 9.6 13.5 5.0 2.5 2 1 2 2 2
5108.7 482.7 -11.4 182 0 9.1 10.8 5.0 2.5 2 1 2 2 2
5097.9 500.2 -11.7 182 0 8.5 12.7 5.0 2.5 2 1 2 0 0
5081.8 513.8 -11.7 183 0 9.1 15.0 5.0 2.5 2 1 2 1 1
5094.8 533.1 -11.7 183 0 7.9 8.3 5.0 0.0 0 1 2 2 2
5080.3 530.7 -11.4 183 0 8.8 13.6 5.0 2.5 2 1 2 0 0
5098.2 553.5 -11.6 181 0 6.1 7.9 5.0 2.5 2 1 2 2 2
5091.3 553.8 -11.3 181 0 7.1 6.1 5.0 2.5 2 0 2 3 3
5101.8 589.0 -11.4 179 0 8.4 9.2 5.0 2.5 2 1 2 5 5
5089.6 614.5 -10.8 184 0 9.0 12.3 5.0 2.5 2 1 2 4 4
5081.4 635.7 -10.2 185 0 10.5 12.9 5.0 2.5 4 1 2 1 1
5057.3 644.6 -8.9 2 0 15.2 10.4 2.5 0.0 0 0 1 4 4
5047.1 620.2 -8.8 4 0 9.5 9.0 2.5 2.5 4 0 1 4 4
5056.2 619.2 -9.1 5 0 9.2 8.2 2.5 2.5 2 0 1 3 3
5059.2 598.6 -9.5 7 0 7.1 14.0 2.5 2.5 4 1 1 1 1
5050.0 584.8 -9.3 360 0 4.5 8.7 2.5 2.5 2 1 1 4 4
5050.2 577.4 -9.4 360 0 8.0 9.2 2.5 2.5 2 1 1 0 0
5008.7 538.1 -7.8 89 0 4.2 7.0 2.5 2.5 2 1 1 2 2
5016.3 538.5 -8.3 90 0 9.0 5.1 2.5 2.5 2 0 1 5 5
5048.4 534.1 -9.8 89 0 9.7 5.6 2.5 2.5 2 0 1 2 2
5045.8 517.8 -10.0 272 0 9.8 11.4 5.0 2.5 2 1 2 5 5
4999.9 513.3 -7.7 266 0 9.1 8.0 5.0 2.5 2 0 2 0 0
5001.6 473.5 -8.1 180 0 8.5 6.9 5.0 2.5 2 0 2 2 2
5044.3 468.9 -10.0 0 0 7.5 11.7 5.0 0.0 0 1 2 3 3
5060.1 439.9 -10.4 348 0 6.7 10.3 5.0 0.0 0 1 2 0 0
5035.5 412.3 -10.2 349 0 5.9 9.5 5.0 2.5 4 1 2 3 3
5057.5 419.3 -10.2 347 0 10.8 9.1 5.0 0.0 0 0 2 1 1
5058.0 410.6 -10.2 350 0 5.8 5.4 5.0 0.0 0 0 2 2 2
5055.3 380.3 -9.7 347 0 9.8 8.6 5.0 2.5 4 0 2 3 3
5016.6 427.1 -9.1 357 0 7.1 10.7 5.0 2.5 2 1 2 2 2
5011.5 406.8 -10.1 351 0 7.3 4.1 5.0 2.5 2 0 2 1 1
5018.4 408.7 -10.1 349 0 7.0 6.8 5.0 2.5 2 0 2 4 4
5039.6 404.7 -10.2 347 0 10.0 26.0 5.0 0.0 0 1 2 2 2
5044.6 377.8 -9.7 348 0 10.8 31.1 5.0 2.5 2 1 2 1 1
5002.1 399.1 -10.1 257 0 9.8 28.5 5.0 2.5 2 1 2 0 0
4991.6 401.6 -10.0 165 0 6.8 8.5 5.0 2.5 2 1 2 2 2
4968.0 436.0 -8.0 195 0 6.6 8.6 5.0 2.5 2 1 2 0 0
5007.3 362.9 -9.5 78 0 9.1 7.0 5.0 2.5 2 0 2 1 1
5006.2 338.3 -9.2 92 0 10.1 11.6 5.0 2.5 2 1 2 0 0
4987.5 314.2 -8.7 90 0 8.8 8.6 5.0 2.5 2 0 2 3 3
4983.1 298.6 -8.1 91 0 12.0 6.6 5.0 2.5 2 0 2 4 4
4935.6 281.3 -7.3 107 0 10.4 8.9 5.0 2.5 2 0 2 0 0
4926.0 285.3 -7.3 24 0 6.9 9.4 5.0 2.5 2 1 2 3 3
4920.1 308.7 -8.0 95 0 10.7 7.0 5.0 2.5 4 0 2 4 4
4896.7 307.6 -8.0 17 0 6.4 6.7 5.0 2.5 2 1 2 1 1
4889.5 364.4 -9.5 271 0 8.1 13.4 5.0 2.5 2 1 2 1 1
4882.6 360.6 -9.4 1 0 6.1 10.9 5.0 0.0 0 1 2 2 2
4819.8 278.3 -9.1 197 0 3.9 6.7 5.0 2.5 2 1 2 3 3
4814.7 273.1 -9.3 198 0 8.2 9.1 5.0 2.5 2 1 2 5 5
4802.7 241.0 -9.1 271 0 3.9 3.6 5.0 2.5 2 0 2 4 4
4801.7 246.8 -9.2 183 0 4.9 3.8 5.0 2.5 4 0 2 2 2
4820.6 233.1 -8.5 185 0 5.0 7.7 5.0 2.5 2 1 2 2 2
4816.4 242.4 -8.9 181 0 12.9 8.5 5.0 0.0 0 0 2 1 1
4810.5 242.1 -9.0 181 0 11.9 4.9 5.0 2.5 2 0 2 0 0
4814.0 211.7 -8.3 170 0 14.7 14.4 5.0 2.5 2 0 2 4 4
4856.9 126.6 -6.7 161 0 13.1 10.4 2.5 2.5 2 0 1 5 5
4886.7 6.1 -11.0 170 0 11.8 9.2 2.5 2.5 2 0 1 1 1
4887.5 -17.1 -10.7 179 0 8.6 10.3 2.5 2.5 2 1 1 1 1
4799.2 174.4 -7.5 334 0 8.8 7.8 5.0 2.5 2 0 2 5 5
4845.8 338.1 -9.0 179 0 8.4 12.8 5.0 2.5 2 1 2 0 0
4823.5 316.4 -8.6 179 0 11.4 13.6 5.0 2.5 4 1 2 3 3
4823.4 340.0 -9.0 181 0 12.4 13.3 5.0 2.5 2 1 2 3 3
4835.8 458.7 -9.3 21 0 3.5 8.6 5.0 0.0 0 1 2 5 5
4839.1 463.0 -9.4 23 0 5.5 9.7 5.0 2.5 2 1 2 4 4
4848.2 397.5 -9.4 208 0 5.5 8.5 5.0 2.5 2 1 2 0 0
4846.2 409.2 -9.3 205 0 8.6 6.2 5.0 2.5 2 0 2 0 0
4852.7 406.4 -9.3 204 0 8.3 5.5 5.0 2.5 2 0 2 2 2
4860.1 421.0 -9.5 206 0 10.1 7.8 5.0 2.5 2 0 2 0 0
4861.5 435.9 -9.6 203 0 11.4 12.4 5.0 2.5 4 1 2 5 5
4874.6 430.8 -9.6 204 0 6.8 10.7 5.0 2.5 2 1 2 4 4
4883.8 449.6 -9.4 202 0 8.8 9.3 5.0 2.5 2 1 2 0 0
4899.3 492.5 -9.4 286 0 6.7 7.1 5.0 2.5 2 1 2 2 2
4892.8 570.6 -9.6 360 0 4.0 5.1 5.0 2.5 2 1 2 3 3
4900.9 579.5 -9.4 359 0 11.4 14.6 5.0 2.5 4 1 2 0 0
4858.4 553.5 -9.9 87 0 9.4 4.5 5.0 2.5 2 0 2 0 0
4855.2 533.4 -9.9 90 0 9.4 18.5 5.0 0.0 0 1 2 4 4
4830.8 541.9 -9.6 89 0 7.5 9.3 5.0 0.0 0 1 2 5 5
4803.6 536.5 -9.4 178 0 9.2 11.3 5.0 2.5 4 1 2 5 5
4803.7 543.8 -9.4 178 0 4.4 10.7 5.0 2.5 2 1 2 2 2
4810.8 482.5 -9.3 179 0 11.8 11.9 5.0 2.5 2 1 2 0 0
4824.2 438.5 -9.1 16 0 9.1 8.0 5.0 2.5 2 0 2 4 4
4794.4 412.1 -8.8 194 0 11.8 14.1 5.0 2.5 2 1 2 2 2
4785.7 390.2 -8.6 198 0 9.9 6.5 5.0 2.5 2 0 2 5 5
4792.5 387.6 -8.8 200 0 11.0 9.0 5.0 2.5 2 0 2 1 1
4792.4 309.7 -9.1 1 0 6.2 11.1 5.0 2.5 2 1 2 2 2
4758.4 285.2 -9.5 272 0 7.0 8.2 5.0 0.0 0 1 2 1 1
4787.7 276.1 -9.9 5 0 10.3 13.1 5.0 2.5 2 1 2 1 1
4783.2 254.5 -9.4 2 0 8.1 10.2 5.0 2.5 2 1 2 2 2
4784.0 229.9 -8.9 3 0 6.0 12.0 5.0 2.5 2 1 2 2 2
4764.9 230.4 -8.5 1 0 7.4 5.9 5.0 2.5 2 0 2 4 4
4710.5 286.4 -8.7 184 0 8.2 11.0 5.0 2.5 2 1 2 2 2
4704.6 222.8 -7.4 183 0 8.0 5.4 5.0 2.5 2 0 2 3 3
4727.0 214.7 -7.8 93 0 13.2 12.3 5.0 2.5 2 0 2 5 5
4721.4 196.8 -6.9 128 0 9.8 5.6 5.0 2.5 2 0 2 0 0
4718.1 173.4 -6.4 118 0 9.5 10.1 5.0 2.5 2 1 2 2 2
4679.8 253.2 -7.8 207 0 9.5 10.9 5.0 0.0 0 1 2 1 1
4675.8 231.7 -7.2 177 0 7.1 6.3 5.0 2.5 2 0 2 1 1
4665.9 182.6 -5.9 99 0 6.6 13.7 5.0 2.5 2 1 2 2 2
4632.9 3.9 -3.5 85 0 7.4 9.1 5.0 2.5 2 1 2 0 0
4817.0 -78.0 -8.2 271 0 3.9 11.6 5.0 2.5 2 1 2 0 0
4812.9 -100.1 -8.0 91 0 7.4 6.5 5.0 2.5 2 0 2 4 4
4793.8 -168.1 -6.3 83 0 5.1 10.2 5.0 0.0 0 1 2 4 4
4777.2 -130.5 -7.1 272 0 5.5 6.8 5.0 2.5 2 1 2 4 4
4766.6 -76.8 -7.1 268 0 8.1 6.4 5.0 2.5 2 0 2 0 0
4696.7 -91.1 -5.3 247 0 7.5 7.1 5.0 2.5 2 0 2 1 1
4705.3 -105.3 -5.4 69 0 11.0 7.4 5.0 0.0 0 0 2 4 4
4684.1 -112.7 -4.8 75 0 9.3 13.1 5.0 2.5 2 1 2 2 2
4614.3 -207.3 -4.2 60 0 11.0 9.3 5.0 2.5 2 0 2 4 4
4598.8 -222.5 -3.9 248 0 4.2 5.1 5.0 2.5 2 1 2 2 2
4593.5 -226.0 -3.9 71 0 7.3 11.7 5.0 2.5 2 1 2 2 2
4590.6 -165.3 -4.3 58 0 10.2 12.1 5.0 0.0 0 1 2 1 1
4576.1 -151.0 -4.2 236 0 4.5 5.6 5.0 2.5 2 1 2 5 5
4571.8 -144.0 -4.1 230 0 5.9 6.2 5.0 0.0 0 1 2 2 2
4563.1 -150.0 -4.2 231 0 8.1 7.1 5.0 2.5 2 0 2 4 4
4558.2 -171.5 -4.1 146 0 7.1 3.5 5.0 2.5 2 0 2 1 1
4577.3 -167.1 -4.3 56 0 7.8 7.2 5.0 2.5 2 0 2 1 1
4326.0 -32.8 0.8 358 0 5.3 7.5 7.5 2.5 2 1 3 0 0
4314.1 -36.7 0.7 87 0 6.8 9.4 7.5 2.5 4 1 3 2 2
4305.9 -32.6 0.6 177 0 9.1 3.7 5.0 2.5 2 0 2 4 4
4396.6 -160.2 -4.5 90 0 10.1 9.8 7.5 2.5 2 0 3 2 2
4412.3 -334.7 -2.4 226 0 7.8 7.4 5.0 2.5 2 0 2 4 4
4290.4 -451.6 -0.6 26 0 8.0 12.3 5.0 2.5 2 1 2 3 3
4251.0 -443.4 -0.4 246 0 7.5 11.1 5.0 2.5 2 1 2 0 0
4254.9 -500.0 -2.5 37 0 7.7 5.8 5.0 0.0 0 0 2 1 1
4242.9 -517.6 -3.2 37 0 7.8 10.3 5.0 0.0 0 1 2 0 0
4229.9 -532.1 -3.3 43 0 10.8 7.9 5.0 0.0 0 0 2 3 3
4203.3 -565.1 -2.2 40 0 3.6 9.2 5.0 2.5 2 1 2 5 5
4270.0 -531.8 -4.1 223 0 5.2 5.4 5.0 2.5 2 1 2 0 0
4301.8 -566.9 -2.7 38 0 4.8 6.7 5.0 2.5 2 1 2 0 0
4314.4 -545.3 -3.2 332 0 7.7 13.4 5.0 2.5 2 1 2 3 3
4285.2 -535.2 -3.9 210 0 3.6 5.5 5.0 2.5 2 1 2 0 0
4277.9 -541.9 -3.9 215 0 7.7 9.3 5.0 2.5 4 1 2 0 0
4258.6 -589.6 -3.3 35 0 8.1 5.7 5.0 2.5 2 0 2 3 3
4249.2 -583.0 -3.5 219 0 5.5 4.7 5.0 2.5 2 0 2 3 3
4245.0 -577.7 -3.8 217 0 7.5 5.8 5.0 2.5 2 0 2 1 1
4221.2 -604.3 -2.9 217 0 6.6 4.1 5.0 2.5 2 0 2 5 5
4266.3 -748.1 5.4 359 0 6.4 7.6 5.0 2.5 2 1 2 4 4
4251.1 -750.2 5.7 179 0 9.4 6.7 7.5 2.5 2 0 3 4 4
4190.9 -640.6 -1.2 192 0 8.2 12.0 5.0 0.0 0 1 2 5 5
4204.0 -675.2 -0.5 11 0 8.9 9.0 5.0 2.5 2 1 2 5 5
4176.2 -674.1 -0.2 193 0 11.5 16.5 5.0 2.5 4 1 2 5 5
4179.4 -735.0 2.9 184 0 5.5 4.3 5.0 2.5 2 0 2 3 3
4180.8 -707.0 0.8 181 0 7.4 5.7 5.0 2.5 2 0 2 4 4
4170.7 -706.2 0.8 185 0 8.7 9.1 5.0 2.5 4 1 2 2 2
4143.0 -647.7 0.6 23 0 7.6 6.3 5.0 2.5 2 0 2 2 2
4135.3 -639.9 1.4 293 0 6.6 7.6 5.0 2.5 4 1 2 2 2
4127.7 -649.5 2.3 294 0 5.7 6.8 5.0 2.5 2 1 2 1 1
4113.7 -646.8 3.2 204 0 6.7 10.5 5.0 2.5 2 1 2 5 5
4143.0 -683.5 1.2 16 0 4.4 4.2 5.0 2.5 2 0 2 5 5
4110.3 -668.7 3.0 203 0 3.7 3.7 5.0 2.5 4 0 2 4 4
4111.8 -678.4 1.8 201 0 9.7 7.7 5.0 2.5 2 0 2 0 0
4127.6 -685.5 1.7 20 0 7.4 8.1 5.0 0.0 0 1 2 3 3
4105.6 -703.7 2.6 189 0 7.6 7.0 5.0 2.5 4 0 2 4 4
4116.9 -740.2 2.9 90 0 11.4 8.5 5.0 2.5 2 0 2 1 1
4172.7 -741.9 3.2 180 0 6.8 6.3 5.0 0.0 0 0 2 0 0
4164.5 -742.9 2.8 183 0 9.1 6.8 5.0 2.5 2 0 2 5 5
4145.3 -848.5 4.1 304 0 8.1 7.7 5.0 2.5 2 0 2 3 3
4106.4 -819.0 1.5 30 0 18.2 7.5 2.5 2.5 2 0 1 0 0
4082.4 -931.0 1.5 41 0 15.5 8.8 5.0 2.5 2 0 2 3 3
4075.5 -876.9 1.0 43 0 12.9 8.8 2.5 2.5 2 0 1 2 2
4067.3 -887.9 1.0 38 0 9.5 10.6 2.5 2.5 2 1 1 5 5
4040.3 -886.6 2.3 228 0 5.0 5.3 2.5 2.5 2 1 1 5 5
4059.5 -899.6 0.9 48 0 9.4 4.3 2.5 2.5 2 0 1 5 5
4056.1 -896.3 1.2 46 0 8.4 5.7 2.5 2.5 2 0 1 3 3
4048.2 -908.3 1.3 48 0 8.7 8.6 2.5 2.5 4 0 1 3 3
4037.8 -918.0 1.7 48 0 8.9 8.5 2.5 2.5 2 0 1 1 1
4021.0 -922.4 1.9 51 0 6.1 6.0 2.5 2.5 2 0 1 1 1
4028.1 -927.8 1.4 49 0 9.2 8.2 2.5 2.5 2 0 1 1 1
4017.4 -938.0 1.5 46 0 8.9 10.9 2.5 2.5 2 1 1 4 4
4007.4 -954.7 1.8 44 0 4.6 4.5 2.5 2.5 2 0 1 2 2
3996.1 -949.5 2.1 44 0 15.6 9.9 2.5 2.5 4 0 1 2 2
4007.9 -983.2 1.4 218 0 10.8 7.9 5.0 2.5 2 0 2 3 3
3992.4 -1050.4 2.0 33 0 3.5 4.8 5.0 2.5 2 1 2 1 1
3986.4 -1054.1 2.1 37 0 6.8 6.6 5.0 2.5 2 0 2 5 5
3969.0 -1051.0 2.4 216 0 12.7 8.0 5.0 2.5 2 0 2 5 5
3955.1 -985.2 3.4 47 0 6.9 12.4 2.5 2.5 2 1 1 2 2
3961.6 -989.6 3.1 42 0 11.1 6.6 2.5 2.5 2 0 1 2 2
3947.4 -1007.5 3.6 60 0 5.7 4.4 2.5 2.5 4 0 1 3 3
3942.3 -1018.0 3.6 51 0 11.2 8.0 2.5 2.5 2 0 1 3 3
3934.2 -1033.1 3.9 38 0 9.7 8.5 2.5 2.5 2 0 1 0 0
3915.9 -1022.7 4.2 214 0 9.3 10.7 2.5 2.5 4 1 1 0 0
3917.6 -1067.2 4.4 28 0 6.7 13.6 2.5 2.5 2 1 1 3 3
3930.2 -1152.4 3.6 44 0 4.7 4.9 2.5 2.5 4 1 1 0 0
3874.1 -1241.9 5.4 132 0 3.3 5.1 5.0 2.5 2 1 2 2 2
3872.0 -1230.0 5.3 220 0 7.8 6.8 5.0 2.5 2 0 2 3 3
3712.2 -1402.8 5.5 57 0 8.5 16.9 2.5 2.5 2 1 1 3 3
3816.5 -1306.8 7.6 316 0 9.3 9.4 2.5 0.0 0 1 1 1 1
3785.9 -1282.2 8.2 308 0 12.0 12.9 2.5 0.0 0 1 1 2 2
3818.1 -1340.1 6.8 38 0 9.3 10.2 2.5 2.5 2 1 1 2 2
3805.1 -1349.2 6.6 50 0 8.7 6.4 2.5 2.5 2 0 1 4 4
3795.8 -1355.1 6.4 50 0 7.5 10.7 2.5 2.5 4 1 1 4 4
3776.1 -1368.3 6.0 54 0 10.2 9.8 2.5 2.5 2 0 1 1 1
3748.7 -1357.8 6.2 240 0 10.5 7.1 2.5 0.0 0 0 1 4 4
3740.6 -1339.2 7.0 56 0 8.6 15.4 2.5 2.5 2 1 1 0 0
3730.3 -1361.3 6.2 232 0 4.3 9.0 2.5 2.5 2 1 1 3 3
3719.6 -1338.1 7.2 58 0 6.1 7.6 2.5 2.5 2 1 1 5 5
3713.9 -1345.9 7.0 59 0 10.2 10.9 2.5 2.5 2 1 1 0 0
3723.3 -1385.4 5.6 55 0 9.0 6.0 2.5 0.0 0 0 1 2 2
3677.7 -1363.4 6.5 61 0 10.7 8.7 2.5 2.5 2 0 1 4 4
3679.9 -1367.5 6.4 60 0 11.4 3.8 2.5 2.5 2 0 1 5 5
3662.7 -1372.0 6.4 62 0 7.1 6.4 2.5 0.0 0 0 1 0 0
3643.4 -1385.4 6.2 62 0 7.5 9.0 2.5 2.5 2 1 1 2 2
3691.3 -1404.5 5.8 61 0 7.4 7.2 2.5 2.5 2 0 1 4 4
3678.0 -1413.0 6.2 61 0 8.2 9.0 2.5 2.5 2 1 1 3 3
3665.4 -1424.1 6.8 63 0 5.9 12.5 2.5 2.5 2 1 1 3 3
3640.0 -1417.9 7.2 241 0 8.9 7.5 2.5 2.5 2 0 1 4 4
3821.4 -2000.2 11.1 71 0 10.0 30.5 2.5 2.5 2 1 1 3 3
3789.6 -1964.8 12.2 254 0 32.8 11.2 2.5 2.5 2 0 1 1 1
3768.5 -1973.9 12.3 257 0 11.1 7.9 2.5 2.5 2 0 1 4 4
3778.9 -2005.0 9.9 73 0 8.7 15.9 2.5 2.5 4 1 1 1 1
3782.1 -2016.6 8.5 73 0 7.8 10.5 2.5 2.5 2 1 1 4 4
3785.0 -2026.2 7.6 73 0 8.0 9.0 2.5 2.5 2 1 1 1 1
3787.0 -2040.9 6.4 244 0 11.1 8.2 2.5 2.5 2 0 1 3 3
3828.6 -2209.1 11.7 58 0 5.2 4.3 2.5 2.5 2 0 1 3 3
3812.7 -2192.0 10.3 148 0 6.7 9.3 2.5 2.5 2 1 1 0 0
3845.9 -2208.5 11.7 68 0 9.5 12.7 2.5 2.5 2 1 1 2 2
3799.1 -2125.8 6.7 150 0 8.2 8.5 2.5 2.5 2 1 1 1 1
3766.5 -2064.9 6.9 249 0 6.6 7.7 2.5 0.0 0 1 1 5 5
3744.0 -2069.1 8.7 247 0 7.9 7.5 2.5 2.5 2 0 1 4 4
3724.6 -2078.3 9.8 245 0 7.4 12.2 2.5 2.5 2 1 1 3 3
3748.7 -2102.5 8.3 74 0 7.5 8.0 2.5 2.5 2 1 1 3 3
3728.7 -2037.5 10.6 70 0 8.7 11.9 2.5 2.5 2 1 1 4 4
3704.9 -2055.1 12.3 69 0 8.5 9.5 2.5 2.5 2 1 1 2 2
3685.8 -2061.9 13.2 79 0 6.0 7.5 2.5 0.0 0 1 1 4 4
3697.5 -2088.3 10.6 239 0 11.5 12.0 2.5 2.5 2 1 1 5 5
3675.3 -2111.3 10.8 244 0 4.1 8.5 2.5 2.5 2 1 1 1 1
3673.7 -2096.3 10.9 243 0 10.2 17.8 2.5 2.5 2 1 1 1 1
3664.7 -2116.5 11.2 241 0 5.4 5.5 2.5 2.5 4 1 1 5 5
3660.9 -2108.2 11.5 245 0 5.8 8.7 2.5 2.5 2 1 1 5 5
3646.3 -2121.6 11.2 237 0 3.8 5.6 2.5 2.5 4 1 1 0 0
6834.6 -2084.6 -14.5 90 0 5.8 5.4 5.0 2.5 2 0 2 5 5
6846.6 -2065.9 -16.1 347 0 13.1 7.5 5.0 2.5 2 0 2 5 5
6811.0 -2072.7 -13.6 80 0 6.5 11.3 5.0 2.5 2 1 2 4 4
6821.3 -2112.7 -12.9 269 0 6.7 5.9 5.0 2.5 2 0 2 3 3
6829.2 -2117.1 -14.0 271 0 6.7 5.9 5.0 2.5 2 0 2 0 0
6823.1 -2104.7 -13.4 266 0 10.7 7.0 5.0 2.5 4 0 2 4 4
6768.3 -2134.4 -11.7 275 0 9.4 4.2 5.0 2.5 4 0 2 4 4
6769.0 -2104.0 -11.8 276 0 9.6 11.4 5.0 2.5 2 1 2 3 3
6730.9 -2136.4 -11.3 272 0 5.1 8.3 5.0 2.5 2 1 2 2 2
6817.5 -2188.4 -12.6 86 0 7.0 12.8 5.0 2.5 2 1 2 4 4
6798.6 -2183.2 -12.2 89 0 7.1 3.3 5.0 2.5 2 0 2 0 0
6779.6 -2230.6 -12.4 270 0 9.1 5.3 7.5 2.5 2 0 3 3 3
6766.4 -2188.5 -11.7 92 0 9.9 10.0 5.0 2.5 2 1 2 1 1
6749.8 -2198.8 -11.5 92 0 13.7 8.3 5.0 2.5 2 0 2 2 2
6754.2 -2186.3 -11.5 90 0 8.1 18.3 5.0 2.5 2 1 2 3 3
6742.9 -2187.8 -11.4 91 0 11.3 24.0 5.0 2.5 2 1 2 0 0
6709.8 -2193.6 -11.3 181 0 10.8 31.7 5.0 2.5 2 1 2 4 4
6761.2 -2142.1 -11.6 269 0 3.3 5.9 5.0 2.5 2 1 2 0 0
6768.8 -2139.6 -11.7 270 0 10.0 8.6 5.0 2.5 2 0 2 5 5
6767.8 -2078.5 -11.6 104 0 8.3 7.1 5.0 2.5 4 0 2 4 4
6769.3 -2071.1 -11.5 102 0 7.0 6.7 5.0 2.5 2 0 2 3 3
6744.3 -2104.4 -11.4 279 0 12.0 9.3 5.0 2.5 2 0 2 2 2
6715.2 -2125.8 -11.1 270 0 4.9 5.1 5.0 2.5 2 1 2 3 3
6714.9 -2105.7 -11.7 272 0 9.5 6.4 5.0 2.5 2 0 2 5 5
6697.9 -2114.0 -11.6 270 0 5.8 9.3 5.0 2.5 2 1 2 5 5
6698.6 -2107.4 -11.7 269 0 7.5 6.0 5.0 2.5 4 0 2 0 0
6686.1 -2102.5 -11.9 269 0 8.7 8.6 5.0 2.5 4 0 2 0 0
6742.2 -2086.7 -11.3 89 0 10.4 7.7 5.0 2.5 2 0 2 1 1
6701.0 -2023.5 -11.0 271 0 7.4 7.9 5.0 2.5 2 1 2 1 1
6718.2 -2038.2 -10.9 273 0 7.3 10.2 5.0 2.5 2 1 2 4 4
6717.8 -2060.1 -11.1 271 0 7.5 7.3 5.0 2.5 2 0 2 5 5
6679.8 -2076.2 -12.0 92 0 9.4 15.6 5.0 2.5 2 1 2 0 0
6672.0 -2003.8 -11.4 268 0 10.7 16.5 5.0 2.5 2 1 2 1 1
6655.8 -2055.2 -12.6 91 0 8.8 6.8 5.0 2.5 4 0 2 5 5
6655.3 -2066.1 -12.6 90 0 8.0 6.0 5.0 0.0 0 0 2 1 1
6647.2 -2080.4 -12.4 90 0 5.3 11.3 5.0 0.0 0 1 2 3 3
6654.8 -2080.4 -12.5 89 0 9.0 12.2 5.0 2.5 2 1 2 4 4
6662.5 -2146.6 -10.4 319 0 4.0 5.0 5.0 2.5 2 1 2 2 2
6650.9 -2143.0 -10.1 354 0 7.7 5.9 5.0 2.5 2 0 2 3 3
6666.6 -2165.5 -10.2 9 0 4.0 6.9 5.0 2.5 2 1 2 4 4
6628.5 -2156.8 -9.5 87 0 15.5 10.3 5.0 2.5 2 0 2 4 4
6585.2 -2213.0 -8.9 82 0 8.4 6.3 5.0 2.5 2 0 2 3 3
6575.1 -2170.6 -9.4 75 0 10.8 6.0 5.0 2.5 2 0 2 1 1
6571.2 -2162.4 -9.5 72 0 5.4 6.4 5.0 2.5 2 1 2 1 1
6552.7 -2126.4 -10.2 262 0 7.4 8.7 5.0 2.5 4 1 2 5 5
6542.4 -2129.2 -10.2 256 0 9.3 10.6 5.0 2.5 2 1 2 2 2
6541.5 -2061.8 -11.3 181 0 9.4 14.3 5.0 2.5 2 1 2 2 2
6531.5 -2038.8 -11.5 177 0 8.8 12.5 5.0 2.5 2 1 2 4 4
6521.0 -1990.5 -11.7 180 0 7.1 8.0 5.0 2.5 2 1 2 5 5
6508.4 -2026.5 -11.1 356 0 10.5 13.3 5.0 2.5 2 1 2 2 2
6508.0 -2046.5 -10.8 1 0 11.2 16.5 5.0 2.5 2 1 2 3 3
6508.0 -1977.3 -11.7 92 0 9.6 10.1 5.0 2.5 2 1 2 5 5
6503.0 -1971.5 -11.8 5 0 9.6 12.2 5.0 2.5 2 1 2 2 2
6471.5 -2011.7 -10.4 185 0 7.5 10.0 5.0 2.5 2 1 2 0 0
6510.3 -2092.7 -10.0 356 0 7.6 8.7 5.0 0.0 0 1 2 4 4
6470.2 -2168.9 -11.7 156 0 7.3 7.0 5.0 2.5 2 0 2 0 0
6549.1 -2220.7 -10.5 81 0 9.1 10.6 5.0 2.5 2 1 2 4 4
6520.1 -2229.7 -11.1 72 0 8.8 7.7 5.0 2.5 2 0 2 4 4
6531.6 -2177.4 -10.9 75 0 10.4 8.8 5.0 0.0 0 0 2 3 3
6513.5 -2186.3 -11.2 83 0 6.1 7.7 5.0 2.5 2 1 2 1 1
6504.7 -2182.8 -11.4 78 0 10.1 8.7 5.0 2.5 2 0 2 2 2
6448.5 -2186.1 -11.9 342 0 7.1 8.1 2.5 0.0 0 1 1 0 0
6341.5 -2235.8 -11.1 257 0 5.0 3.3 5.0 2.5 2 0 2 2 2
6338.0 -2253.0 -11.3 154 0 11.6 10.3 5.0 0.0 0 0 2 4 4
6338.9 -2337.7 -9.9 272 0 7.2 7.7 5.0 2.5 2 1 2 0 0
6291.7 -2318.3 -10.9 62 0 9.5 9.2 2.5 2.5 2 0 1 0 0
6291.5 -2360.0 -11.5 257 0 10.2 8.9 5.0 2.5 4 0 2 5 5
6291.4 -2376.5 -11.8 80 0 14.5 6.0 5.0 2.5 2 0 2 4 4
6279.1 -2392.8 -12.3 73 0 10.4 12.8 5.0 2.5 4 1 2 2 2
6247.1 -2326.2 -10.9 161 0 9.0 9.0 2.5 2.5 2 0 1 0 0
6170.2 -2445.4 -6.4 46 0 7.4 3.8 2.5 2.5 2 0 1 2 2
6167.3 -2442.2 -6.8 47 0 7.4 4.6 2.5 2.5 2 0 1 0 0
6164.9 -2450.8 -6.5 50 0 4.7 9.1 2.5 2.5 2 1 1 1 1
6159.6 -2452.5 -5.9 333 0 4.6 7.6 2.5 2.5 2 1 1 3 3
6162.8 -2398.3 -9.6 253 0 10.9 10.5 2.5 2.5 4 0 1 5 5
6162.5 -2356.5 -9.2 93 0 5.8 6.7 5.0 2.5 2 1 2 4 4
6158.7 -2333.4 -8.2 268 0 5.5 3.9 5.0 2.5 2 0 2 3 3
6159.4 -2338.0 -8.6 267 0 6.2 5.4 5.0 2.5 2 0 2 5 5
6151.4 -2344.1 -9.0 268 0 9.6 7.9 5.0 2.5 2 0 2 2 2
6123.2 -2360.4 -9.1 264 0 14.1 5.4 5.0 2.5 2 0 2 5 5
6201.9 -2387.0 -10.2 254 0 4.1 5.7 2.5 2.5 2 1 1 3 3
6105.8 -2378.6 -8.9 91 0 8.9 8.9 5.0 2.5 2 0 2 3 3
6101.2 -2445.4 -6.4 179 0 8.6 11.6 2.5 2.5 2 1 1 3 3
5734.2 -2272.9 -5.1 338 0 9.2 5.6 5.0 2.5 2 0 2 3 3
5733.6 -2317.2 -4.9 247 0 4.2 5.9 2.5 2.5 2 1 1 4 4
6176.7 -916.2 -21.6 56 0 7.1 5.6 5.0 2.5 2 0 2 1 1
6124.3 -851.6 -18.6 94 0 8.9 9.5 5.0 2.5 2 1 2 5 5
5911.3 -899.6 -8.0 261 0 6.7 4.3 2.5 2.5 2 0 1 1 1
5911.7 -904.5 -7.9 259 0 8.3 7.0 2.5 2.5 2 0 1 3 3
5912.0 -966.8 -7.5 224 0 9.6 7.4 2.5 2.5 2 0 1 1 1
5906.3 -968.5 -7.6 49 0 7.1 4.6 2.5 2.5 2 0 1 1 1
5869.4 -971.7 -8.2 87 0 7.8 8.2 2.5 2.5 2 1 1 4 4
5852.6 -908.6 -7.7 261 0 7.8 18.3 2.5 2.5 2 1 1 3 3
5739.7 -1061.3 -6.5 217 0 3.0 4.4 5.0 2.5 2 1 2 2 2
5724.8 -932.4 -11.1 254 0 8.0 11.0 2.5 2.5 2 1 1 3 3
5764.2 -977.1 -10.3 88 0 9.1 7.9 2.5 2.5 2 0 1 1 1
5734.5 -997.6 -8.6 90 0 6.0 8.2 2.5 2.5 2 1 1 2 2
5733.3 -952.9 -9.9 247 0 3.6 5.0 2.5 2.5 2 1 1 5 5
5699.3 -958.7 -10.3 269 0 4.7 5.8 2.5 2.5 2 1 1 1 1
5691.8 -959.8 -10.2 268 0 6.9 5.0 2.5 2.5 2 0 1 1 1
5688.9 -948.3 -10.8 271 0 7.8 8.1 2.5 2.5 2 1 1 0 0
5676.7 -941.8 -11.0 281 0 5.2 7.7 2.5 2.5 2 1 1 0 0
5667.8 -939.1 -11.2 283 0 10.5 11.3 2.5 2.5 2 1 1 5 5
5636.0 -941.3 -11.1 276 0 6.9 5.6 2.5 2.5 2 0 1 0 0
5611.7 -792.8 -11.1 359 0 7.6 8.3 5.0 2.5 4 1 2 1 1
5609.2 -832.9 -11.4 13 0 7.5 9.2 5.0 2.5 2 1 2 5 5
5618.5 -899.1 -11.7 99 0 6.3 11.5 5.0 0.0 0 1 2 3 3
5561.8 -948.8 -9.3 91 0 8.6 9.2 2.5 2.5 2 1 1 5 5
5564.7 -933.8 -9.8 274 0 10.6 5.1 2.5 2.5 2 0 1 3 3
5566.3 -924.4 -10.4 274 0 13.0 8.8 2.5 2.5 2 0 1 1 1
5537.6 -930.3 -9.6 276 0 7.2 5.1 2.5 2.5 2 0 1 0 0
5539.5 -921.1 -10.2 276 0 9.7 9.1 2.5 2.5 2 0 1 1 1
5538.7 -867.5 -11.5 91 0 3.7 3.6 5.0 2.5 2 0 2 5 5
5537.9 -878.1 -11.5 95 0 6.1 9.9 5.0 2.5 2 1 2 3 3
5577.2 -828.4 -11.6 11 0 10.0 12.9 5.0 2.5 2 1 2 3 3
5574.1 -801.3 -11.2 360 0 9.4 9.3 5.0 0.0 0 0 2 5 5
5571.1 -761.8 -10.1 0 0 7.2 9.1 5.0 2.5 2 1 2 4 4
5552.0 -744.6 -9.5 286 0 5.1 10.1 5.0 2.5 2 1 2 3 3
5552.0 -788.6 -10.7 12 0 6.2 11.8 5.0 2.5 2 1 2 4 4
5523.9 -815.7 -11.0 94 0 4.3 6.7 5.0 2.5 4 1 2 1 1
5532.5 -783.3 -10.2 1 0 6.7 7.4 5.0 2.5 2 1 2 3 3
5530.6 -824.8 -11.5 97 0 5.2 9.9 5.0 2.5 2 1 2 4 4
4467.7 1139.1 -7.8 12 0 15.8 18.8 2.5 2.5 2 1 1 3 3
4469.5 1184.9 -7.3 14 0 10.2 9.0 2.5 2.5 4 0 1 4 4
4455.5 1192.6 -7.1 287 0 3.9 9.1 2.5 0.0 0 1 1 3 3
4394.7 1162.9 -5.6 187 0 5.2 7.5 2.5 2.5 2 1 1 3 3
4425.7 1190.5 -6.6 285 0 6.3 5.5 2.5 2.5 2 0 1 2 2
4425.6 1199.4 -6.5 284 0 7.5 7.3 2.5 2.5 2 0 1 1 1
4436.2 1134.3 -7.7 100 0 6.5 6.3 2.5 2.5 2 0 1 1 1
4410.1 1103.8 -7.5 105 0 8.1 9.4 2.5 2.5 2 1 1 3 3
4407.8 1207.6 -5.6 283 0 12.2 12.2 2.5 2.5 2 1 1 4 4
4375.2 1162.2 -4.5 191 0 8.8 11.4 2.5 2.5 2 1 1 0 0
4364.1 1210.9 -3.0 194 0 9.5 13.1 2.5 2.5 2 1 1 4 4
4415.2 1025.1 -3.8 93 0 11.8 9.4 2.5 2.5 2 0 1 3 3
4494.9 1098.3 -6.8 15 0 8.8 8.9 2.5 2.5 2 1 1 5 5
4502.8 1087.1 -6.3 101 0 6.6 10.3 2.5 2.5 2 1 1 1 1
4507.8 1081.9 -5.9 107 0 4.7 6.0 2.5 2.5 2 1 1 5 5
4730.0 1191.8 -6.1 277 0 6.9 16.1 5.0 2.5 2 1 2 4 4
4753.8 1179.5 -6.1 283 0 4.9 11.2 5.0 2.5 2 1 2 2 2
4736.5 1138.6 -6.6 209 0 8.1 8.3 5.0 2.5 2 1 2 3 3
4740.5 1146.9 -6.5 209 0 9.4 11.7 5.0 2.5 2 1 2 4 4
4545.2 1213.0 -6.5 155 0 8.4 4.9 5.0 2.5 2 0 2 4 4
4554.2 1217.9 -6.2 332 0 10.2 4.7 5.0 2.5 2 0 2 2 2
4553.2 1195.3 -6.6 158 0 7.5 8.4 5.0 2.5 2 1 2 0 0
4583.3 1191.5 -5.6 338 0 5.7 4.5 5.0 2.5 4 0 2 0 0
4576.9 1220.6 -5.1 254 0 9.7 8.9 5.0 2.5 2 0 2 4 4
4547.6 1123.4 -7.1 304 0 9.9 8.3 2.5 2.5 2 0 1 3 3
4634.1 1140.4 -6.8 340 0 13.2 11.8 5.0 2.5 2 0 2 5 5
4558.7 1094.2 -6.5 309 0 10.8 5.2 2.5 2.5 2 0 1 2 2
4563.2 1102.9 -6.7 311 0 9.7 9.0 2.5 2.5 2 0 1 0 0
4566.6 1115.8 -7.0 237 0 3.4 5.2 2.5 2.5 2 1 1 4 4
4587.1 1083.3 -6.5 309 0 7.2 23.0 2.5 2.5 4 1 1 3 3
4565.1 1064.8 -5.5 127 0 6.3 4.7 2.5 2.5 2 0 1 5 5
4637.7 1078.5 -7.3 117 0 11.5 12.2 5.0 2.5 2 1 2 0 0
4626.8 1086.6 -7.1 120 0 6.5 10.6 5.0 2.5 2 1 2 1 1
4616.5 1085.0 -7.0 121 0 6.7 5.7 5.0 2.5 2 0 2 5 5
4606.1 1041.1 -6.2 124 0 4.3 4.3 2.5 2.5 2 1 1 5 5
4621.2 1050.5 -6.8 308 0 6.0 12.0 2.5 2.5 2 1 1 4 4
4651.4 1076.1 -7.5 117 0 7.6 7.5 5.0 2.5 2 0 2 2 2
4663.5 1069.3 -7.7 119 0 5.4 3.9 5.0 2.5 2 0 2 3 3
4668.9 1061.5 -7.9 118 0 6.1 5.4 5.0 0.0 0 0 2 4 4
4684.1 1044.2 -8.2 125 0 3.9 9.2 5.0 0.0 0 1 2 0 0
4684.4 1025.8 -8.6 121 0 6.2 4.2 5.0 2.5 2 0 2 4 4
4737.1 1066.3 -8.0 28 0 4.4 5.5 5.0 2.5 2 1 2 4 4
4721.1 1055.5 -8.2 120 0 9.2 14.1 5.0 2.5 2 1 2 0 0
4778.4 1125.7 -6.8 17 0 8.9 7.8 5.0 2.5 4 0 2 1 1
4751.5 1045.6 -8.8 306 0 11.1 11.3 5.0 0.0 0 1 2 3 3
4703.9 937.9 -9.2 120 0 12.6 17.6 2.5 2.5 2 1 1 5 5
4737.5 1000.3 -10.0 129 0 9.0 18.2 5.0 2.5 2 1 2 5 5
4760.9 1008.9 -10.0 127 0 4.0 4.3 5.0 2.5 2 1 2 5 5
4771.2 970.1 -11.5 124 0 8.8 20.6 5.0 2.5 2 1 2 5 5
4754.8 948.8 -11.6 300 0 11.5 8.7 2.5 2.5 4 0 1 0 0
4815.9 924.5 -11.9 119 0 6.2 5.9 5.0 2.5 2 0 2 5 5
4797.3 966.7 -10.6 114 0 8.2 11.1 5.0 2.5 2 1 2 5 5
4843.4 940.5 -10.0 111 0 7.6 9.9 5.0 2.5 2 1 2 4 4
4864.2 945.7 -9.4 292 0 4.6 8.0 5.0 2.5 2 1 2 4 4
4857.5 913.9 -10.3 114 0 12.3 18.8 5.0 0.0 0 1 2 2 2
4881.4 930.7 -9.2 297 0 6.3 12.1 5.0 2.5 2 1 2 4 4
4867.1 910.8 -9.9 117 0 11.0 11.2 5.0 2.5 2 1 2 0 0
4865.0 898.7 -10.6 117 0 4.9 5.4 5.0 0.0 0 1 2 2 2
4903.0 885.8 -9.8 113 0 6.7 6.9 5.0 2.5 2 1 2 4 4
4907.1 892.7 -9.5 115 0 7.4 6.7 5.0 2.5 2 0 2 0 0
4928.5 879.3 -9.9 113 0 8.8 6.0 5.0 2.5 2 0 2 3 3
4918.6 868.2 -10.3 117 0 6.5 13.0 5.0 2.5 2 1 2 3 3
4948.1 862.6 -10.2 118 0 7.7 5.4 5.0 2.5 2 0 2 4 4
4944.8 856.3 -10.3 118 0 6.7 6.4 5.0 2.5 2 0 2 3 3
4973.8 838.9 -9.9 139 0 5.2 5.8 5.0 2.5 2 1 2 4 4
5065.3 881.3 -10.9 300 0 7.8 9.1 5.0 2.5 2 1 2 5 5
5036.3 871.1 -10.5 221 0 4.8 7.1 5.0 0.0 0 1 2 2 2
5027.4 868.7 -10.5 216 0 7.0 10.1 5.0 2.5 2 1 2 3 3
5025.3 850.2 -10.5 214 0 9.4 13.2 5.0 2.5 2 1 2 2 2
5014.3 809.8 -10.3 139 0 9.5 14.3 5.0 2.5 2 1 2 2 2
5028.2 796.9 -10.3 134 0 5.9 9.0 5.0 2.5 2 1 2 2 2
5043.8 788.8 -10.2 132 0 10.1 3.9 5.0 2.5 2 0 2 1 1
5038.9 782.2 -10.1 134 0 7.2 7.2 5.0 2.5 2 0 2 0 0
5057.7 776.4 -9.8 134 0 6.3 9.6 5.0 2.5 2 1 2 5 5
5080.3 810.0 -10.2 334 0 10.0 10.6 5.0 2.5 2 1 2 4 4
5069.5 770.1 -9.6 138 0 4.2 9.4 5.0 2.5 2 1 2 5 5
5076.9 756.5 -9.6 151 0 6.4 7.2 5.0 2.5 2 1 2 2 2
5074.5 742.5 -9.8 149 0 12.9 15.9 5.0 2.5 2 1 2 5 5
5141.0 838.9 -10.3 295 0 4.0 9.2 5.0 0.0 0 1 2 4 4
5172.3 835.8 -10.3 289 0 9.5 9.7 7.5 2.5 2 1 3 2 2
5205.5 856.6 -10.6 294 0 5.7 8.9 7.5 2.5 2 1 3 0 0
5190.8 813.0 -10.0 112 0 7.9 9.1 7.5 2.5 2 1 3 5 5
5210.0 810.9 -9.9 125 0 4.9 5.3 2.5 2.5 4 1 1 3 3
5239.0 846.4 -10.3 301 0 8.7 5.0 7.5 2.5 2 0 3 4 4
5267.2 772.1 -9.1 293 0 7.8 6.4 7.5 2.5 2 0 3 1 1
5261.2 754.5 -9.3 107 0 7.1 7.0 7.5 2.5 2 0 3 4 4
5289.2 743.8 -9.3 307 0 6.6 7.2 5.0 2.5 2 1 2 0 0
5335.7 733.5 -9.0 211 0 7.4 9.4 5.0 2.5 2 1 2 5 5
5375.7 711.3 -8.9 0 0 5.1 10.6 5.0 2.5 2 1 2 2 2
5367.2 733.6 -8.9 288 0 7.0 6.3 5.0 2.5 4 0 2 5 5
5360.6 716.1 -8.9 269 0 6.9 6.8 5.0 2.5 2 0 2 4 4
5366.7 707.8 -8.9 270 0 7.1 6.9 5.0 2.5 2 0 2 0 0
5365.0 742.9 -9.0 289 0 7.3 7.4 5.0 2.5 2 1 2 2 2
4878.7 862.9 -11.9 300 0 7.2 8.9 2.5 2.5 2 1 1 3 3
4865.2 849.4 -11.8 304 0 13.4 9.9 2.5 2.5 2 0 1 0 0
4848.7 856.3 -11.3 301 0 11.6 10.4 2.5 2.5 2 0 1 1 1
4837.3 845.7 -10.7 302 0 14.0 11.5 2.5 2.5 2 0 1 4 4
4820.5 848.1 -10.1 303 0 11.3 14.7 2.5 2.5 2 1 1 0 0
4803.3 820.7 -9.6 123 0 12.6 17.3 2.5 2.5 2 1 1 2 2
4874.9 821.8 -11.6 303 0 13.6 14.6 2.5 2.5 2 1 1 2 2
4887.7 838.4 -12.0 302 0 11.5 13.8 2.5 2.5 2 1 1 1 1
4912.5 844.0 -11.8 304 0 17.6 14.9 2.5 2.5 4 0 1 4 4
4924.4 821.2 -10.8 303 0 10.3 30.2 2.5 2.5 2 1 1 2 2
4903.3 780.7 -10.8 33 0 23.4 10.7 2.5 0.0 0 0 1 2 2
4878.2 752.5 -10.4 124 0 11.2 22.0 2.5 2.5 2 1 1 2 2
4859.0 765.8 -9.9 123 0 20.5 11.4 2.5 2.5 2 0 1 0 0
4840.1 778.5 -9.7 122 0 21.9 11.4 2.5 2.5 2 0 1 5 5
4812.5 797.7 -9.4 123 0 40.0 10.9 2.5 2.5 2 0 1 0 0
4935.3 800.4 -10.0 302 0 4.8 3.2 2.5 2.5 2 0 1 4 4
4944.3 806.6 -10.0 300 0 4.9 3.2 2.5 2.5 2 0 1 1 1
4941.4 804.4 -10.1 300 0 11.5 6.4 2.5 0.0 0 0 1 4 4
4957.2 805.6 -9.9 302 0 6.3 7.5 2.5 2.5 4 1 1 5 5
4974.9 786.7 -9.5 305 0 7.6 9.1 2.5 2.5 2 1 1 1 1
5003.2 744.8 -8.9 320 0 6.7 5.2 2.5 2.5 2 0 1 5 5
5035.8 719.9 -9.2 344 0 10.1 14.0 2.5 2.5 2 1 1 3 3
5066.2 725.8 -10.0 173 0 3.9 4.6 5.0 2.5 2 1 2 2 2
5078.6 702.2 -9.9 164 0 4.9 5.2 5.0 2.5 2 1 2 1 1
5088.2 703.0 -9.9 172 0 7.6 12.8 5.0 2.5 2 1 2 2 2
5088.9 683.8 -9.8 171 0 10.0 12.9 5.0 2.5 2 1 2 5 5
5175.0 670.2 -10.5 278 0 9.8 7.6 5.0 2.5 2 0 2 1 1
5216.7 696.5 -9.4 275 0 11.5 6.9 5.0 2.5 2 0 2 3 3
5295.7 663.1 -9.0 292 0 10.7 6.8 5.0 0.0 0 0 2 1 1
5351.3 656.3 -8.9 7 0 12.8 32.2 5.0 0.0 0 1 2 4 4
4492.6 2066.9 -9.5 33 0 11.1 10.9 5.0 2.5 2 0 2 0 0
4487.9 2047.4 -9.3 35 0 14.3 7.4 5.0 2.5 2 0 2 2 2
4464.3 2065.8 -9.3 213 0 5.7 3.9 5.0 2.5 2 0 2 0 0
4467.1 2061.5 -9.3 215 0 9.7 11.8 5.0 2.5 2 1 2 1 1
4453.4 2041.1 -9.1 212 0 6.6 5.5 5.0 0.0 0 0 2 4 4
4470.1 2034.0 -9.1 34 0 10.6 11.4 5.0 2.5 2 1 2 1 1
4449.6 2003.6 -8.4 38 0 6.1 17.2 5.0 0.0 0 1 2 3 3
4453.5 2022.7 -8.8 31 0 12.9 5.2 5.0 2.5 4 0 2 3 3
4462.1 2017.1 -8.7 31 0 13.3 10.0 5.0 2.5 2 0 2 3 3
4455.2 2008.5 -8.3 32 0 5.7 5.9 5.0 2.5 4 1 2 1 1
4424.2 2021.8 -8.6 211 0 10.0 12.8 5.0 2.5 2 1 2 5 5
4445.1 1995.5 -8.3 38 0 10.6 15.7 5.0 2.5 2 1 2 3 3
4437.2 1979.5 -8.2 37 0 10.0 10.9 5.0 2.5 2 1 2 5 5
4419.9 1988.8 -8.3 214 0 6.5 7.2 5.0 2.5 2 1 2 5 5
4418.3 1970.4 -8.2 37 0 4.8 8.0 5.0 0.0 0 1 2 1 1
4427.3 1962.1 -8.1 38 0 8.2 11.7 5.0 0.0 0 1 2 1 1
4416.4 1948.6 -8.1 43 0 12.2 9.7 5.0 2.5 2 0 2 4 4
4401.9 1924.3 -7.9 33 0 3.4 8.6 5.0 2.5 2 1 2 5 5
4408.9 1930.7 -8.0 30 0 13.5 11.1 5.0 2.5 4 0 2 2 2
4380.7 1947.0 -8.0 309 0 7.3 5.0 5.0 2.5 2 0 2 0 0
4361.8 1924.7 -7.9 135 0 11.4 14.1 5.0 2.5 2 1 2 5 5
4387.3 1919.2 -7.9 20 0 8.5 11.6 5.0 2.5 4 1 2 2 2
4377.2 1892.9 -7.7 24 0 9.6 12.0 5.0 2.5 2 1 2 0 0
4378.8 1873.4 -7.9 359 0 10.8 10.2 5.0 0.0 0 0 2 0 0
4359.9 1873.5 -7.7 179 0 12.7 8.1 5.0 2.5 2 0 2 1 1
4379.1 1838.3 -7.7 2 0 13.1 18.2 5.0 0.0 0 1 2 3 3
4377.7 1818.1 -7.4 2 0 9.6 13.6 5.0 2.5 2 1 2 3 3
4380.8 1800.1 -7.2 1 0 8.8 11.3 5.0 2.5 2 1 2 3 3
4384.8 1777.7 -6.9 2 0 11.6 8.2 5.0 2.5 2 0 2 2 2
4391.6 1751.6 -6.3 360 0 9.4 13.2 5.0 2.5 2 1 2 3 3
4388.7 1735.7 -5.9 358 0 9.3 12.6 5.0 2.5 2 1 2 5 5
4363.8 1686.4 -5.2 180 0 6.9 6.8 5.0 0.0 0 0 2 4 4
4355.8 1665.3 -5.1 173 0 7.9 15.0 5.0 2.5 2 1 2 1 1
4393.2 1666.5 -6.0 357 0 11.9 10.4 5.0 2.5 2 0 2 3 3
4383.5 1646.9 -5.4 356 0 4.3 6.1 5.0 2.5 2 1 2 5 5
4351.5 1646.1 -4.7 184 0 8.5 12.7 5.0 2.5 2 1 2 5 5
4378.8 1599.3 -5.0 85 0 11.4 5.4 5.0 2.5 2 0 2 3 3
4381.7 1611.5 -5.2 94 0 7.1 9.6 5.0 2.5 2 1 2 3 3
4362.2 1621.1 -4.6 183 0 8.6 4.8 5.0 2.5 2 0 2 2 2
4446.4 1629.4 -5.9 91 0 9.2 10.6 5.0 0.0 0 1 2 1 1
4510.7 1478.9 -2.7 284 0 6.3 16.3 5.0 2.5 2 1 2 4 4
4554.3 1440.3 -3.0 358 0 14.6 8.7 5.0 2.5 2 0 2 3 3
4542.4 1414.0 -3.2 4 0 9.5 13.8 5.0 2.5 2 1 2 0 0
4489.6 1337.6 -4.9 158 0 9.4 12.4 5.0 2.5 2 1 2 2 2
4514.9 1420.7 -3.5 5 0 6.7 12.2 5.0 2.5 2 1 2 3 3
4470.8 1487.4 -5.1 263 0 6.7 5.9 5.0 2.5 2 0 2 3 3
4460.6 1492.8 -6.1 269 0 9.4 14.8 5.0 2.5 2 1 2 5 5
4461.6 1461.3 -5.6 183 0 8.2 7.3 5.0 2.5 2 0 2 2 2
4469.7 1461.0 -5.0 183 0 7.9 8.2 5.0 2.5 2 1 2 4 4
4477.9 1438.2 -4.0 181 0 4.6 3.9 5.0 2.5 4 0 2 5 5
4470.7 1438.7 -4.5 180 0 5.8 5.9 5.0 2.5 2 1 2 0 0
4451.4 1419.0 -5.6 180 0 6.4 7.8 5.0 2.5 2 1 2 0 0
4426.4 1390.1 -5.4 342 0 7.3 7.4 2.5 2.5 2 1 1 4 4
4355.9 1382.4 -4.2 189 0 11.3 16.5 2.5 2.5 2 1 1 5 5
4341.3 1388.9 -4.0 191 0 5.0 14.9 2.5 2.5 2 1 1 2 2
4315.4 1415.7 -4.4 190 0 11.4 16.9 2.5 2.5 4 1 1 3 3
4299.6 1418.7 -4.2 190 0 11.3 14.9 2.5 2.5 2 1 1 4 4
4286.7 1442.7 -4.4 114 0 8.0 11.6 2.5 0.0 0 1 1 5 5
4277.3 1422.7 -3.7 116 0 8.3 10.7 2.5 2.5 2 1 1 2 2
4418.1 1387.8 -5.2 345 0 8.1 7.7 2.5 2.5 2 0 1 2 2
4432.2 1339.1 -5.7 343 0 7.4 6.4 2.5 2.5 2 0 1 2 2
4445.4 1338.8 -5.8 345 0 10.5 11.4 2.5 2.5 2 1 1 2 2
4459.8 1337.4 -5.6 342 0 7.6 11.2 2.5 2.5 2 1 1 0 0
4460.1 1325.1 -5.7 345 0 8.1 11.6 2.5 2.5 4 1 1 2 2
4528.6 1244.4 -6.1 157 0 6.7 13.6 5.0 0.0 0 1 2 5 5
4509.3 1178.4 -7.8 2 0 8.6 10.3 2.5 2.5 2 1 1 4 4
4532.4 1166.8 -7.6 1 0 3.8 5.1 2.5 2.5 2 1 1 3 3
4517.8 1198.7 -7.7 337 0 7.3 13.7 2.5 2.5 2 1 1 3 3
4503.2 1206.2 -7.5 339 0 7.1 8.8 2.5 2.5 4 1 1 5 5
4479.2 1223.5 -6.8 334 0 8.7 6.1 2.5 2.5 4 0 1 5 5
4485.5 1206.2 -7.2 336 0 4.2 6.1 2.5 0.0 0 1 1 1 1
4494.9 1210.9 -7.2 336 0 5.6 10.1 2.5 2.5 2 1 1 5 5
4508.2 1169.7 -7.8 5 0 4.9 6.6 2.5 2.5 2 1 1 5 5
4524.5 1128.5 -7.3 329 0 11.7 20.0 2.5 2.5 2 1 1 4 4
4479.9 1133.9 -7.8 11 0 11.0 9.9 2.5 2.5 2 0 1 1 1
4461.7 1126.4 -7.8 13 0 9.2 12.1 2.5 2.5 2 1 1 4 4
4451.2 1099.0 -7.6 104 0 11.2 15.0 2.5 2.5 2 1 1 2 2
4462.8 1081.7 -6.3 14 0 8.8 10.3 2.5 2.5 4 1 1 5 5
4445.9 1077.6 -6.6 107 0 5.6 16.5 2.5 2.5 2 1 1 5 5
4437.6 1079.3 -6.7 106 0 10.0 13.2 2.5 2.5 2 1 1 1 1
4441.2 1074.5 -6.0 16 0 6.3 9.3 2.5 2.5 2 1 1 2 2
4428.4 1066.7 -5.9 13 0 9.5 13.0 2.5 0.0 0 1 1 4 4
4378.1 1115.9 -6.0 197 0 6.8 10.1 2.5 0.0 0 1 1 0 0
4404.2 1029.8 -4.2 95 0 7.3 11.4 2.5 0.0 0 1 1 5 5
3484.5 -2075.9 12.2 271 0 15.5 28.4 2.5 2.5 2 1 1 0 0
3431.9 -1755.0 12.1 356 0 9.0 8.1 5.0 2.5 2 0 2 0 0
3544.0 -1520.6 12.3 157 0 8.4 5.8 5.0 2.5 2 0 2 0 0
3616.2 -1580.8 13.7 84 0 9.5 8.4 7.5 2.5 2 0 3 3 3
3507.9 -1574.0 10.5 341 0 5.8 13.5 2.5 2.5 2 1 1 0 0
3524.9 -1546.4 11.1 340 0 10.0 12.5 2.5 2.5 2 1 1 4 4
3510.0 -1551.7 10.8 339 0 7.8 9.7 2.5 2.5 2 1 1 0 0
3499.6 -1555.4 10.6 339 0 11.1 12.1 2.5 2.5 2 1 1 5 5
3484.0 -1536.5 10.1 239 0 15.0 8.1 2.5 2.5 2 0 1 3 3
3516.7 -1520.3 11.3 59 0 8.3 14.3 2.5 2.5 2 1 1 2 2
3565.4 -1482.0 10.2 59 0 7.2 12.5 2.5 2.5 2 1 1 1 1
3581.5 -1478.3 9.8 59 0 9.5 19.8 2.5 2.5 2 1 1 5 5
3590.6 -1483.4 11.0 239 0 7.6 9.3 5.0 2.5 4 1 2 2 2
3606.5 -1485.6 10.8 239 0 9.6 15.1 2.5 2.5 2 1 1 2 2
3595.1 -1447.2 9.1 239 0 9.5 7.7 2.5 2.5 2 0 1 1 1
3609.1 -1466.7 9.4 59 0 6.1 14.7 2.5 2.5 2 1 1 0 0
3616.7 -1460.3 8.9 59 0 8.6 17.4 2.5 2.5 2 1 1 0 0
3626.1 -1459.8 9.4 239 0 8.0 15.6 7.5 2.5 2 1 3 4 4
3621.1 -1445.5 8.4 59 0 8.2 11.2 2.5 2.5 2 1 1 0 0
3635.5 -1440.7 7.9 59 0 9.1 14.0 2.5 2.5 2 1 1 0 0
3597.4 -1300.2 7.6 59 0 9.6 9.3 7.5 2.5 2 0 3 4 4
3616.7 -1350.6 7.1 239 0 11.6 9.9 2.5 2.5 2 0 1 5 5
3621.4 -1362.1 7.1 239 0 9.8 4.2 2.5 2.5 2 0 1 1 1
3628.3 -1376.7 6.6 59 0 12.0 9.8 2.5 0.0 0 0 1 4 4
3635.9 -1396.5 6.2 59 0 7.3 15.8 2.5 2.5 2 1 1 5 5
3620.3 -1398.3 6.4 59 0 10.5 13.3 2.5 2.5 4 1 1 0 0
3590.4 -1378.5 6.7 239 0 13.8 7.9 2.5 2.5 2 0 1 5 5
3607.0 -1415.4 6.8 59 0 11.4 18.1 2.5 2.5 2 1 1 0 0
3578.1 -1429.8 8.0 59 0 12.2 9.9 2.5 2.5 2 0 1 0 0
3594.7 -1427.0 7.3 59 0 16.9 33.8 2.5 2.5 2 1 1 4 4
3569.5 -1415.3 8.3 59 0 8.4 8.9 2.5 0.0 0 1 1 1 1
3561.4 -1428.5 9.0 59 0 7.9 5.7 2.5 2.5 2 0 1 3 3
3565.7 -1437.0 8.7 59 0 11.0 8.2 2.5 2.5 2 0 1 5 5
3551.5 -1443.2 9.9 59 0 6.6 7.9 2.5 2.5 2 1 1 5 5
3542.9 -1448.3 10.5 59 0 9.2 18.4 2.5 2.5 2 1 1 4 4
3515.3 -1435.4 11.5 59 0 8.9 8.7 2.5 2.5 2 0 1 1 1
3532.2 -1458.4 11.4 59 0 9.4 15.7 2.5 2.5 2 1 1 0 0
3491.2 -1476.5 12.3 59 0 10.4 12.9 2.5 2.5 2 1 1 5 5
3503.1 -1460.3 12.0 59 0 10.8 7.4 2.5 2.5 2 0 1 1 1
3516.8 -1460.7 11.7 59 0 10.3 19.2 2.5 2.5 2 1 1 2 2
3517.5 -1396.8 10.9 239 0 12.5 15.8 2.5 2.5 2 1 1 2 2
3502.8 -1409.3 11.4 239 0 7.0 12.1 2.5 2.5 2 1 1 3 3
3484.0 -1415.8 11.9 239 0 8.0 9.4 2.5 2.5 2 1 1 5 5
3405.3 -1420.3 16.8 59 0 9.8 8.9 7.5 2.5 2 0 3 0 0
3387.7 -1459.3 15.8 329 0 8.2 10.9 2.5 2.5 2 1 1 5 5
3398.3 -1475.9 11.2 329 0 10.6 12.7 2.5 2.5 2 1 1 3 3
3411.5 -1453.7 10.7 239 0 11.2 14.8 2.5 2.5 2 1 1 2 2
3444.4 -1449.9 11.2 239 0 39.8 11.0 2.5 2.5 2 0 1 3 3
3458.3 -1494.6 10.5 59 0 11.0 32.3 2.5 2.5 2 1 1 5 5
3440.8 -1498.6 10.0 59 0 13.8 15.7 2.5 2.5 4 1 1 5 5
3430.2 -1485.0 10.0 59 0 11.2 14.0 2.5 2.5 2 1 1 2 2
3426.0 -1504.7 9.6 59 0 10.5 19.6 2.5 2.5 2 1 1 2 2
3420.1 -1521.7 9.5 64 0 8.3 13.2 2.5 2.5 2 1 1 1 1
3399.5 -1513.5 9.6 64 0 9.1 10.8 2.5 2.5 2 1 1 0 0
3403.6 -1525.4 9.4 64 0 11.8 10.2 2.5 2.5 2 0 1 2 2
3408.5 -1534.3 9.2 64 0 10.8 6.7 2.5 2.5 2 0 1 0 0
3383.2 -1549.8 10.2 64 0 5.3 10.3 2.5 2.5 2 1 1 3 3
3360.4 -1513.5 12.5 154 0 9.7 12.2 2.5 2.5 4 1 1 3 3
3337.7 -1514.0 14.5 154 0 15.9 12.2 2.5 2.5 4 0 1 2 2
3365.2 -1542.4 11.9 64 0 6.7 10.0 2.5 0.0 0 1 1 0 0
3351.9 -1547.9 12.0 154 0 8.8 8.2 2.5 2.5 2 0 1 2 2
3372.8 -1599.9 9.9 160 0 14.0 12.9 5.0 2.5 2 0 2 2 2
3381.2 -1568.0 8.9 244 0 16.8 15.9 5.0 2.5 4 0 2 1 1
3398.3 -1582.5 8.7 329 0 7.0 13.5 5.0 2.5 2 1 2 3 3
3403.1 -1596.6 8.8 347 0 8.3 11.9 5.0 2.5 2 1 2 0 0
3407.0 -1607.3 9.0 342 0 9.7 8.6 5.0 2.5 2 0 2 3 3
3399.0 -1622.3 9.8 343 0 16.2 11.0 5.0 2.5 2 0 2 1 1
3399.8 -1639.5 10.0 355 0 6.3 12.0 5.0 0.0 0 1 2 4 4
3413.7 -1649.5 9.9 348 0 9.8 9.6 5.0 0.0 0 0 2 3 3
3415.6 -1663.9 10.4 348 0 8.8 14.6 5.0 2.5 2 1 2 1 1
3359.8 -1623.4 11.7 162 0 5.9 5.7 5.0 2.5 2 0 2 5 5
3363.5 -1634.3 11.1 161 0 8.2 13.9 5.0 2.5 2 1 2 3 3
3289.1 -1656.0 16.3 51 0 9.5 8.9 7.5 2.5 2 0 3 0 0
3343.2 -1622.8 12.9 338 0 9.0 7.5 2.5 2.5 2 0 1 1 1
3353.5 -1640.7 12.5 330 0 9.6 12.2 5.0 2.5 2 1 2 4 4
3370.2 -1657.8 11.2 166 0 23.1 12.5 5.0 2.5 2 0 2 3 3
3411.2 -1678.2 10.9 354 0 8.1 11.0 5.0 0.0 0 1 2 1 1
3470.0 -1650.2 9.2 167 0 13.2 8.3 2.5 0.0 0 0 1 4 4
3475.8 -1666.5 9.6 182 0 7.2 11.5 2.5 2.5 2 1 1 5 5
3492.0 -1680.8 9.8 3 0 10.5 13.1 2.5 2.5 2 1 1 0 0
3575.7 -1666.1 11.0 108 0 9.0 8.8 5.0 2.5 2 0 2 3 3
3619.0 -1657.7 11.4 83 0 10.5 9.3 7.5 0.0 0 0 3 5 5
3603.3 -1669.8 10.9 95 0 12.2 14.1 5.0 2.5 2 1 2 2 2
3619.1 -1715.8 11.4 88 0 11.1 14.9 2.5 2.5 2 1 1 0 0
3603.6 -1689.0 11.1 285 0 5.9 10.8 2.5 2.5 2 1 1 0 0
3589.1 -1687.4 11.0 290 0 7.3 10.8 2.5 2.5 2 1 1 0 0
3590.6 -1714.9 11.3 99 0 20.8 12.1 2.5 2.5 2 0 1 0 0
3561.1 -1715.1 11.1 97 0 8.5 14.4 2.5 2.5 2 1 1 4 4
3566.9 -1742.4 11.7 268 0 8.2 8.4 2.5 0.0 0 1 1 5 5
3552.9 -1742.0 11.6 270 0 6.2 7.8 5.0 2.5 2 1 2 2 2
3532.4 -1744.0 11.4 266 0 9.8 13.2 7.5 2.5 2 1 3 3 3
3532.1 -1795.7 11.8 90 0 8.6 10.1 7.5 2.5 2 1 3 0 0
3442.9 -1665.9 9.9 182 0 8.4 13.8 2.5 0.0 0 1 1 3 3
3441.9 -1678.9 10.2 180 0 7.5 18.4 2.5 2.5 2 1 1 1 1
3445.7 -1694.2 10.5 172 0 9.0 14.8 2.5 2.5 2 1 1 5 5
3463.2 -1700.5 10.3 180 0 19.7 13.3 2.5 0.0 0 0 1 5 5
3486.3 -1708.9 10.2 90 0 9.5 17.9 2.5 2.5 2 1 1 0 0
3528.0 -1692.1 10.3 271 0 32.4 18.8 2.5 0.0 0 0 1 0 0
3488.7 -1729.6 10.9 0 0 10.4 17.8 2.5 2.5 2 1 1 5 5
3453.0 -1740.9 11.3 181 0 19.4 8.9 2.5 2.5 4 0 1 3 3
3498.2 -1801.2 11.7 180 0 6.3 6.8 5.0 2.5 2 1 2 2 2
3496.7 -1816.9 11.8 174 0 11.4 11.4 7.5 2.5 2 0 3 1 1
3478.1 -1805.8 12.1 355 0 10.2 14.2 2.5 2.5 2 1 1 5 5
3473.3 -1845.3 12.5 5 0 6.3 11.6 2.5 2.5 2 1 1 2 2
3475.5 -1861.5 12.6 358 0 9.0 13.1 2.5 2.5 2 1 1 3 3
3455.2 -1892.0 13.1 185 0 6.9 10.7 2.5 2.5 2 1 1 4 4
3469.9 -1907.9 13.2 17 0 5.0 7.7 2.5 2.5 2 1 1 0 0
3406.8 -1916.5 11.3 92 0 10.4 8.7 5.0 2.5 2 0 2 4 4
3420.1 -1920.4 11.2 92 0 6.8 7.8 5.0 0.0 0 1 2 5 5
3435.8 -1899.9 12.2 354 0 17.1 7.0 5.0 2.5 2 0 2 3 3
3430.2 -1861.1 14.0 6 0 10.5 11.8 5.0 2.5 2 1 2 3 3
3404.0 -1841.3 14.3 4 0 7.8 6.3 5.0 2.5 2 0 2 3 3
3416.9 -1839.7 14.0 356 0 9.6 8.0 5.0 2.5 2 0 2 3 3
3418.6 -1818.1 13.4 10 0 16.3 10.8 5.0 0.0 0 0 2 5 5
3436.8 -1819.7 13.1 6 0 15.3 14.4 5.0 2.5 2 0 2 0 0
3429.7 -1797.4 12.8 0 0 11.6 8.3 5.0 0.0 0 0 2 4 4
3422.4 -1779.3 12.7 2 0 9.6 8.9 5.0 2.5 2 0 2 1 1
3429.1 -1737.5 11.8 342 0 10.0 11.8 5.0 2.5 2 1 2 0 0
3408.7 -1732.8 12.0 252 0 8.0 11.8 5.0 2.5 4 1 2 3 3
3396.8 -1743.9 12.6 252 0 8.8 9.1 5.0 2.5 2 1 2 5 5
3383.2 -1745.1 12.9 252 0 8.6 11.7 5.0 2.5 2 1 2 3 3
3346.5 -1791.0 13.9 252 0 12.3 9.6 5.0 2.5 2 0 2 0 0
3359.4 -1760.0 13.5 252 0 8.8 14.1 5.0 2.5 2 1 2 4 4
3295.3 -1799.4 14.6 252 0 14.6 7.9 5.0 2.5 2 0 2 4 4
3292.6 -1768.0 14.9 252 0 8.5 10.1 5.0 2.5 2 1 2 2 2
3310.6 -1764.9 13.8 252 0 9.3 12.7 5.0 2.5 4 1 2 2 2
3327.8 -1772.9 13.7 252 0 9.2 13.6 5.0 2.5 2 1 2 5 5
3313.5 -1697.2 14.3 252 0 11.8 6.9 5.0 0.0 0 0 2 2 2
3373.0 -1722.2 12.4 72 0 12.2 21.2 5.0 2.5 2 1 2 3 3
3356.2 -1721.9 12.7 72 0 8.7 13.8 5.0 2.5 2 1 2 0 0
3338.6 -1722.8 13.1 72 0 8.5 14.2 5.0 2.5 2 1 2 5 5
3319.0 -1731.2 13.6 72 0 12.0 13.4 5.0 0.0 0 1 2 5 5
3252.5 -1717.9 18.1 72 0 13.1 10.2 5.0 0.0 0 0 2 0 0
3298.2 -1719.1 15.1 72 0 9.6 6.7 5.0 2.5 4 0 2 2 2
3302.3 -1738.9 14.5 72 0 10.6 15.1 5.0 2.5 2 1 2 4 4
3283.5 -1745.3 15.9 72 0 7.9 13.4 5.0 2.5 2 1 2 2 2
3273.2 -1748.6 16.7 72 0 7.4 10.9 5.0 2.5 2 1 2 0 0
3251.8 -1747.0 18.2 71 0 13.0 11.0 5.0 2.5 2 0 2 3 3
3260.8 -1767.6 17.1 257 0 8.7 18.7 5.0 2.5 2 1 2 2 2
3263.0 -1813.6 16.7 174 0 9.0 10.8 5.0 2.5 4 1 2 5 5
3292.9 -1843.6 15.2 179 0 14.0 16.8 5.0 2.5 2 1 2 1 1
3250.2 -1836.9 16.6 174 0 8.4 25.7 5.0 0.0 0 1 2 1 1
5249.1 154.4 -11.1 277 0 7.6 12.0 5.0 2.5 2 1 2 4 4
5233.4 159.7 -11.2 269 0 9.4 13.4 5.0 2.5 2 1 2 0 0
5201.6 151.4 -11.4 178 0 8.1 8.3 7.5 2.5 2 1 3 3 3
5225.3 121.5 -11.6 95 0 19.4 10.8 10.0 2.5 2 0 4 5 5
5272.5 114.3 -11.7 6 0 13.8 21.5 10.0 2.5 2 1 4 1 1
6309.6 -2492.9 -9.8 341 0 19.5 15.6 15.0 0.0 0 0 6 2 2
6372.6 -2515.3 -6.3 267 0 8.1 14.9 7.5 2.5 2 1 3 5 5
6357.4 -2540.0 -7.0 87 0 10.5 11.7 7.5 0.0 0 1 3 3 3
6295.6 -2535.4 -9.5 184 0 15.3 10.2 10.0 2.5 2 0 4 0 0
6308.0 -2643.1 -7.5 16 0 11.1 7.0 7.5 2.5 4 0 3 5 5
6308.3 -2690.3 -5.9 2 0 7.8 12.5 2.5 2.5 2 1 1 5 5
5477.8 -903.3 -9.0 268 0 7.3 10.5 2.5 2.5 2 1 1 2 2
4202.8 2031.7 -8.3 185 0 17.4 18.6 5.0 2.5 4 1 2 3 3
4652.1 2630.4 -12.1 105 0 10.0 14.8 5.0 0.0 0 1 2 0 0
4661.5 2761.8 -12.2 16 0 11.8 11.0 5.0 0.0 0 0 2 5 5
4679.1 2814.6 -12.2 19 0 18.0 15.2 5.0 2.5 2 0 2 3 3
4685.3 2838.7 -11.6 15 0 10.5 12.2 5.0 2.5 2 1 2 5 5
4693.0 2855.6 -10.8 18 0 11.9 11.6 5.0 2.5 4 0 2 1 1
4669.7 2868.2 -9.9 285 0 13.3 13.0 5.0 2.5 2 0 2 1 1
4623.6 2912.6 -1.6 98 0 12.1 8.1 5.0 2.5 2 0 2 0 0
4649.4 2906.5 -3.6 87 0 9.6 20.3 5.0 2.5 4 1 2 1 1
4670.1 2928.3 -4.1 287 0 9.9 13.3 5.0 2.5 2 1 2 0 0
4710.3 2889.8 -9.6 17 0 13.2 14.6 5.0 2.5 2 1 2 5 5
4715.9 2907.0 -8.4 17 0 9.2 18.0 5.0 2.5 2 1 2 4 4
4686.8 2937.2 -4.6 197 0 6.6 12.3 5.0 2.5 2 1 2 1 1
4722.9 2946.6 -6.0 17 0 6.2 13.0 5.0 2.5 2 1 2 3 3
4716.7 2973.2 -3.9 197 0 14.4 6.2 5.0 2.5 2 0 2 3 3
4731.8 2967.7 -3.7 17 0 12.0 7.5 5.0 2.5 2 0 2 0 0
4821.1 2928.5 -9.7 17 0 7.2 15.5 5.0 2.5 2 1 2 4 4
4824.5 2974.5 -9.1 17 0 14.7 13.2 5.0 0.0 0 0 2 5 5
4793.9 2997.8 -5.1 287 0 9.5 12.6 5.0 2.5 2 1 2 2 2
4785.1 2977.3 -7.6 197 0 5.6 8.2 5.0 2.5 2 1 2 3 3
4761.0 2988.9 -3.2 197 0 13.5 8.6 5.0 0.0 0 0 2 4 4
4754.6 2961.3 -7.7 197 0 16.4 11.8 5.0 2.5 2 0 2 3 3
4773.1 2949.4 -9.1 197 0 13.4 11.1 5.0 0.0 0 0 2 0 0
4767.8 2931.5 -9.3 197 0 7.1 13.0 5.0 2.5 2 1 2 0 0
4764.7 2913.4 -9.4 197 0 6.0 7.5 5.0 2.5 2 1 2 2 2
4742.8 2917.7 -9.2 197 0 6.4 9.8 5.0 2.5 2 1 2 0 0
4736.7 2900.5 -9.4 197 0 7.2 13.1 5.0 0.0 0 1 2 2 2
4754.0 2894.2 -9.7 194 0 7.7 11.8 5.0 2.5 4 1 2 5 5
4709.4 2813.0 -12.5 200 0 7.9 14.3 5.0 2.5 4 1 2 0 0
4699.9 2802.2 -13.1 200 0 13.3 21.3 5.0 2.5 2 1 2 3 3
4720.8 2827.2 -11.8 196 0 8.7 11.0 5.0 2.5 4 1 2 0 0
4746.0 2831.6 -10.9 197 0 8.4 8.1 5.0 2.5 2 0 2 1 1
4738.4 2805.0 -12.2 201 0 21.3 12.2 5.0 2.5 2 0 2 5 5
4765.3 2787.2 -12.1 27 0 21.3 11.3 5.0 2.5 2 0 2 5 5
4881.6 2501.5 -10.5 88 0 8.6 8.7 2.5 0.0 0 1 1 4 4
4788.0 2547.6 -11.5 298 0 11.7 8.4 5.0 2.5 2 0 2 3 3
4769.8 2508.3 -11.8 13 0 9.5 13.6 5.0 2.5 2 1 2 5 5
4709.5 2505.1 -13.2 106 0 11.7 7.5 5.0 2.5 2 0 2 4 4
4715.9 2558.2 -12.7 189 0 10.0 12.4 5.0 2.5 2 1 2 1 1
4713.7 2540.1 -12.9 189 0 7.8 6.5 5.0 2.5 2 0 2 5 5
4717.1 2516.8 -12.9 98 0 9.3 8.1 5.0 0.0 0 0 2 4 4
4729.1 2511.3 -12.6 101 0 12.0 16.1 5.0 2.5 2 1 2 1 1
4682.5 2554.6 -12.5 10 0 11.8 13.6 5.0 2.5 2 1 2 0 0
4680.4 2529.1 -12.0 7 0 10.2 14.8 5.0 2.5 2 1 2 0 0
4680.7 2508.6 -12.0 8 0 10.6 13.0 5.0 2.5 2 1 2 5 5
4725.2 2493.2 -12.6 282 0 6.6 14.3 5.0 2.5 2 1 2 1 1
4230.5 2100.1 -8.9 275 0 9.5 19.8 5.0 2.5 2 1 2 3 3
4158.4 2042.4 -8.9 185 0 22.7 8.6 5.0 0.0 0 0 2 5 5
4194.5 2122.1 -8.8 275 0 7.5 15.4 5.0 0.0 0 1 2 0 0
4183.1 2122.0 -8.7 275 0 5.3 13.4 5.0 2.5 2 1 2 3 3
4186.1 2096.0 -8.9 185 0 13.1 8.6 5.0 2.5 2 0 2 4 4
4177.3 2097.9 -8.9 185 0 15.8 5.1 5.0 2.5 4 0 2 0 0
4174.2 2077.6 -8.9 186 0 12.7 7.1 5.0 2.5 2 0 2 1 1
4185.2 2076.4 -8.9 185 0 13.4 8.0 5.0 2.5 2 0 2 5 5
4199.9 2063.6 -8.9 185 0 10.3 7.4 5.0 2.5 2 0 2 5 5
4180.2 2049.0 -8.9 185 0 13.9 22.8 5.0 2.5 2 1 2 1 1
4208.5 2013.6 -8.1 185 0 11.2 10.6 5.0 2.5 2 0 2 0 0
4212.1 1985.5 -7.8 95 0 9.6 18.6 5.0 2.5 2 1 2 1 1
4207.1 1944.2 -6.8 95 0 10.8 24.1 5.0 2.5 2 1 2 5 5
4225.7 1947.4 -6.7 95 0 12.4 17.1 5.0 2.5 4 1 2 0 0
4228.1 1967.3 -7.3 95 0 9.6 18.6 5.0 2.5 2 1 2 2 2
4249.0 1984.8 -7.9 95 0 12.1 20.0 5.0 2.5 2 1 2 0 0
4246.5 1962.2 -7.2 95 0 10.1 19.6 5.0 2.5 2 1 2 3 3
4287.1 2039.8 -8.5 275 0 16.2 30.3 5.0 0.0 0 1 2 4 4
4268.3 2001.7 -7.8 275 0 11.1 21.7 5.0 2.5 2 1 2 1 1
4264.9 1964.2 -7.3 95 0 10.7 12.4 5.0 2.5 2 1 2 4 4
4262.0 1937.3 -7.1 95 0 12.0 23.9 5.0 2.5 2 1 2 0 0
4283.1 1956.9 -7.7 95 0 13.3 25.2 5.0 2.5 2 1 2 0 0
4304.2 1938.3 -7.6 102 0 13.1 10.1 5.0 0.0 0 0 2 0 0
4323.6 1931.1 -7.8 107 0 11.8 14.6 5.0 2.5 2 1 2 3 3
4590.4 2324.5 -12.3 206 0 8.3 13.2 5.0 2.5 2 1 2 4 4
4628.3 2309.9 -12.0 27 0 10.4 11.1 5.0 2.5 2 1 2 4 4
4616.8 2281.1 -12.0 23 0 14.8 28.8 5.0 2.5 2 1 2 1 1
4550.6 2255.1 -11.6 306 0 13.0 8.1 5.0 2.5 2 0 2 0 0
4570.5 2296.2 -12.1 291 0 26.1 7.2 5.0 2.5 4 0 2 1 1
4567.1 2282.1 -11.9 206 0 8.9 12.2 5.0 2.5 4 1 2 3 3
4567.5 2271.2 -11.8 202 0 6.4 7.7 5.0 2.5 2 1 2 2 2
4592.8 2246.9 -11.7 25 0 13.5 21.2 5.0 2.5 2 1 2 5 5
4460.9 2189.4 -10.6 285 0 9.4 8.0 5.0 2.5 2 0 2 5 5
4467.0 2163.4 -10.4 14 0 10.1 8.5 7.5 2.5 2 0 3 3 3
4501.5 2088.8 -9.8 34 0 14.0 9.6 5.0 2.5 2 0 2 2 2
4527.8 2118.5 -10.2 32 0 13.4 9.8 5.0 2.5 2 0 2 0 0
4541.4 2144.7 -10.3 34 0 8.4 15.0 5.0 0.0 0 1 2 5 5
4556.0 2157.6 -10.5 35 0 14.1 15.8 5.0 2.5 4 1 2 4 4
4574.0 2182.1 -10.9 31 0 16.7 15.4 5.0 2.5 2 0 2 4 4
5007.4 2492.2 -9.5 23 0 11.0 20.8 2.5 2.5 2 1 1 1 1
4966.1 2433.1 -9.1 88 0 8.5 10.5 2.5 2.5 2 1 1 2 2
4903.7 2454.6 -10.0 272 0 13.2 9.9 2.5 2.5 2 0 1 1 1
4860.3 2426.4 -10.2 90 0 8.0 11.6 2.5 2.5 2 1 1 0 0
4856.2 2473.7 -10.4 273 0 7.5 12.3 2.5 0.0 0 1 1 4 4
4764.3 2467.9 -11.3 9 0 16.0 8.9 5.0 2.5 2 0 2 1 1
4717.8 2633.2 -12.8 183 0 10.2 8.5 5.0 2.5 2 0 2 2 2
4771.3 2661.1 -12.2 13 0 10.7 10.8 5.0 0.0 0 1 2 0 0
4793.2 2579.9 -11.6 358 0 7.8 8.6 5.0 2.5 4 1 2 0 0
4716.2 2583.5 -12.4 185 0 9.9 13.6 5.0 2.5 2 1 2 2 2
4675.6 2458.7 -11.4 13 0 17.7 9.1 5.0 2.5 2 0 2 1 1
4670.1 2415.3 -11.0 21 0 17.8 6.1 5.0 2.5 2 0 2 3 3
4661.0 2385.3 -10.3 16 0 4.3 12.7 5.0 2.5 2 1 2 1 1
4713.5 2434.2 -11.5 187 0 7.2 11.3 5.0 2.5 2 1 2 5 5
4709.5 2397.6 -11.2 199 0 11.0 7.4 5.0 2.5 4 0 2 2 2
4726.1 2385.7 -11.0 23 0 7.8 8.9 5.0 2.5 2 1 2 4 4
4691.9 2399.3 -11.3 211 0 11.1 11.0 5.0 2.5 2 0 2 1 1
4685.8 2385.3 -11.0 211 0 9.2 10.1 5.0 2.5 2 1 2 3 3
4655.2 2291.1 -10.9 211 0 10.2 11.2 5.0 2.5 2 1 2 1 1
4641.7 2289.0 -10.9 211 0 17.7 7.4 5.0 2.5 2 0 2 4 4
4650.1 2276.6 -10.9 211 0 11.2 9.9 5.0 0.0 0 0 2 0 0
4639.1 2257.4 -10.8 211 0 7.4 10.5 5.0 2.5 4 1 2 1 1
4630.7 2239.8 -10.7 211 0 11.6 10.0 5.0 2.5 2 0 2 0 0
4625.5 2219.8 -10.5 211 0 8.7 11.1 5.0 2.5 2 1 2 5 5
4616.7 2203.0 -10.4 211 0 10.1 5.8 5.0 2.5 2 0 2 4 4
4639.3 2166.0 -9.5 211 0 9.2 15.3 7.5 2.5 2 1 3 3 3
4603.8 2186.7 -10.6 211 0 7.5 10.1 5.0 2.5 2 1 2 1 1
4616.9 2157.3 -10.3 31 0 8.8 17.6 5.0 2.5 2 1 2 0 0
4585.5 2149.9 -10.0 211 0 10.1 13.8 5.0 2.5 2 1 2 3 3
4592.9 2122.6 -9.8 35 0 16.0 17.5 5.0 0.0 0 1 2 0 0
4568.6 2115.0 -9.7 217 0 6.4 9.0 5.0 2.5 4 1 2 0 0
4557.4 2100.0 -9.6 217 0 9.8 12.0 5.0 2.5 2 1 2 0 0
4525.9 2068.0 -9.4 217 0 6.6 13.3 5.0 2.5 2 1 2 1 1
4538.8 2041.3 -8.9 37 0 10.0 13.3 5.0 0.0 0 1 2 0 0
4495.8 2016.6 -8.4 217 0 11.3 10.2 5.0 2.5 2 0 2 5 5
4482.4 1998.7 -7.9 217 0 11.9 14.9 5.0 2.5 2 1 2 5 5
4494.6 1956.7 -7.5 31 0 7.6 13.9 5.0 2.5 2 1 2 4 4
4469.9 1980.0 -7.9 215 0 10.9 7.0 5.0 2.5 2 0 2 2 2
4458.5 1961.5 -7.8 217 0 14.1 8.9 5.0 2.5 2 0 2 3 3
4446.0 1938.4 -7.6 217 0 8.1 14.9 5.0 0.0 0 1 2 5 5
4433.0 1919.9 -7.7 221 0 11.8 21.1 5.0 2.5 2 1 2 3 3
4421.7 1903.3 -7.7 212 0 9.1 11.2 5.0 2.5 2 1 2 5 5
4415.5 1877.6 -7.9 197 0 8.1 9.4 5.0 2.5 2 1 2 1 1
4478.5 1800.2 -6.6 278 0 13.6 8.1 5.0 2.5 2 0 2 1 1
4496.6 1800.0 -6.0 270 0 10.4 9.5 5.0 2.5 2 0 2 1 1
4487.1 1837.6 -6.4 276 0 11.0 14.4 5.0 2.5 4 1 2 5 5
4406.2 1857.2 -8.0 175 0 9.3 9.2 5.0 2.5 2 0 2 2 2
4454.6 1795.2 -7.2 85 0 11.3 12.7 5.0 2.5 2 1 2 4 4
4415.6 1799.2 -7.4 175 0 9.2 13.7 5.0 2.5 2 1 2 3 3
4414.5 1773.0 -6.9 175 0 8.0 13.5 5.0 2.5 2 1 2 3 3
4441.3 1761.4 -6.8 355 0 6.1 11.0 5.0 2.5 2 1 2 1 1
4412.2 1754.0 -6.6 175 0 6.4 14.9 5.0 2.5 2 1 2 1 1
4456.0 1724.8 -6.5 355 0 10.2 9.0 5.0 2.5 2 0 2 4 4
4441.4 1732.0 -6.7 355 0 8.9 10.9 5.0 2.5 2 1 2 5 5
4413.8 1730.3 -6.6 175 0 9.8 10.7 5.0 2.5 2 1 2 0 0
4420.4 1712.5 -6.6 175 0 9.5 11.0 5.0 0.0 0 1 2 4 4
4420.9 1697.8 -6.5 175 0 10.5 9.3 5.0 2.5 2 0 2 1 1
4418.6 1674.1 -6.3 175 0 9.6 15.5 5.0 2.5 2 1 2 5 5
6893.8 -6528.8 -3.0 31 0 8.7 9.3 7.5 2.5 2 1 3 3 3
6763.5 -6547.6 -1.6 94 0 10.1 11.7 7.5 2.5 2 1 3 4 4
6744.9 -6478.1 -0.2 302 0 9.6 14.7 7.5 2.5 2 1 3 0 0
6806.7 -6467.5 -1.1 292 0 11.2 12.8 7.5 2.5 2 1 3 5 5
6788.6 -6449.9 1.1 285 0 12.0 14.2 7.5 2.5 2 1 3 2 2
6780.4 -6471.5 -1.1 298 0 13.2 9.1 7.5 2.5 2 0 3 2 2
6768.2 -6480.6 -1.0 283 0 20.6 12.1 7.5 2.5 2 0 3 3 3
6749.9 -6440.5 2.1 290 0 8.8 8.0 7.5 2.5 2 0 3 0 0
6749.8 -6455.9 0.6 283 0 10.4 6.4 7.5 2.5 2 0 3 4 4
6680.3 -6612.5 4.7 290 0 7.4 14.0 5.0 2.5 2 1 2 1 1
6693.9 -6611.4 2.7 289 0 13.1 17.9 5.0 2.5 2 1 2 1 1
6660.4 -6532.3 2.6 13 0 8.5 9.4 5.0 2.5 4 1 2 0 0
6631.8 -6532.6 3.2 19 0 12.9 9.9 5.0 2.5 2 0 2 4 4
6625.1 -6466.2 3.0 20 0 9.1 12.3 5.0 2.5 2 1 2 0 0
6617.2 -6406.1 4.7 287 0 12.1 10.2 5.0 2.5 2 0 2 4 4
6639.9 -6414.3 3.9 284 0 9.2 13.2 5.0 2.5 4 1 2 2 2
6565.8 -6422.9 5.0 284 0 11.3 9.5 5.0 2.5 2 0 2 4 4
6566.7 -6390.8 5.7 286 0 8.7 12.1 5.0 2.5 2 1 2 4 4
6800.8 -6652.9 -0.9 115 0 8.1 15.9 7.5 2.5 2 1 3 1 1
6898.6 -6646.7 -6.7 11 0 11.3 23.3 7.5 2.5 2 1 3 3 3
6889.7 -6627.3 -5.4 23 0 10.7 17.0 7.5 2.5 2 1 3 5 5
6907.1 -6625.1 -6.8 16 0 14.3 13.3 7.5 2.5 2 0 3 5 5
6816.8 -6678.4 -0.8 297 0 14.7 17.7 5.0 0.0 0 1 2 1 1
6727.8 -6673.3 2.4 290 0 13.0 16.5 5.0 2.5 2 1 2 2 2
6763.3 -6677.5 1.0 307 0 15.3 11.9 5.0 2.5 2 0 2 0 0
6774.0 -6650.3 -0.0 300 0 13.9 23.0 5.0 2.5 2 1 2 1 1
6746.7 -6643.5 0.5 294 0 24.4 12.9 5.0 2.5 2 0 2 0 0
6717.1 -6628.9 0.9 272 0 21.6 10.2 5.0 2.5 2 0 2 1 1
6651.3 -6607.4 6.7 358 0 21.2 13.1 5.0 2.5 2 0 2 5 5
6607.8 -6590.7 9.7 93 0 10.3 15.5 5.0 2.5 2 1 2 3 3
6636.6 -6582.9 6.4 357 0 12.8 12.5 5.0 2.5 2 0 2 3 3
6666.3 -6474.2 2.0 17 0 8.5 9.0 5.0 2.5 2 1 2 1 1
6580.7 -6360.4 7.1 279 0 11.7 11.2 5.0 2.5 4 0 2 1 1
6554.7 -6374.4 6.8 109 0 9.9 13.2 5.0 2.5 2 1 2 5 5
6597.5 -6398.7 5.1 284 0 11.6 14.1 5.0 2.5 2 1 2 0 0
6643.9 -6395.0 6.9 99 0 7.6 11.5 5.0 2.5 2 1 2 0 0
6595.9 -6386.0 6.1 108 0 13.5 15.9 5.0 0.0 0 1 2 5 5
6726.8 -6391.4 9.7 284 0 11.9 12.6 5.0 2.5 2 1 2 2 2
6742.3 -6417.9 7.2 113 0 14.6 11.9 5.0 2.5 2 0 2 2 2
6782.2 -6431.1 6.8 113 0 10.5 8.8 5.0 2.5 2 0 2 1 1
6799.2 -6437.6 6.4 113 0 13.2 14.5 5.0 2.5 2 1 2 3 3
6812.5 -6442.5 6.2 113 0 8.8 16.6 5.0 0.0 0 1 2 2 2
6829.6 -6448.9 6.3 119 0 7.4 19.9 5.0 2.5 2 1 2 2 2
6840.2 -6451.8 6.5 127 0 8.4 20.8 5.0 2.5 2 1 2 4 4
6851.1 -6456.3 6.7 120 0 6.5 14.4 5.0 2.5 2 1 2 3 3
6859.6 -6462.0 6.4 113 0 5.9 13.4 5.0 2.5 2 1 2 0 0
6878.7 -6490.0 -2.9 297 0 10.4 11.2 7.5 2.5 2 1 3 0 0
6867.2 -6483.3 -2.7 307 0 11.2 11.3 7.5 2.5 2 1 3 5 5
6856.6 -6474.7 -1.9 306 0 9.0 13.7 7.5 2.5 2 1 3 0 0
6871.6 -6465.5 4.5 114 0 13.5 11.3 5.0 2.5 2 0 2 4 4
6885.0 -6473.9 1.6 114 0 12.4 19.4 5.0 2.5 2 1 2 1 1
6908.3 -6527.2 -4.5 114 0 11.5 15.7 7.5 2.5 2 1 3 1 1
6870.9 -6502.2 -2.8 297 0 10.6 8.3 7.5 0.0 0 0 3 0 0
6863.9 -6515.5 -2.6 298 0 15.8 7.6 7.5 2.5 2 0 3 3 3
6850.8 -6511.0 -2.5 300 0 9.1 11.3 7.5 2.5 2 1 3 4 4
6880.0 -6598.2 -4.0 345 0 12.4 7.9 7.5 2.5 2 0 3 0 0
6911.7 -6639.3 -7.6 17 0 10.0 7.8 7.5 2.5 2 0 3 0 0
6663.0 -6494.9 2.0 16 0 13.1 23.7 5.0 2.5 2 1 2 1 1
6589.0 -6525.5 3.7 100 0 15.4 12.6 5.0 0.0 0 0 2 5 5
6611.0 -6503.0 2.9 24 0 14.0 8.5 5.0 2.5 2 0 2 3 3
6607.5 -6482.6 3.1 20 0 28.2 10.6 5.0 2.5 2 0 2 4 4
6665.0 -6416.0 4.0 286 0 9.6 12.7 5.0 2.5 2 1 2 4 4
6685.4 -6433.2 2.5 20 0 20.9 14.0 5.0 2.5 2 0 2 2 2
6675.0 -6462.0 2.1 17 0 9.6 14.5 5.0 2.5 2 1 2 3 3
6689.6 -6471.7 1.0 193 0 7.3 12.2 7.5 2.5 4 1 3 1 1
6830.5 -6459.4 2.6 300 0 9.5 8.9 7.5 2.5 2 0 3 5 5
6843.9 -6466.9 0.4 306 0 10.8 14.5 7.5 2.5 2 1 3 5 5
6731.4 -6432.6 1.9 293 0 10.6 17.5 7.5 0.0 0 1 3 2 2
6722.7 -6481.7 0.2 198 0 10.9 8.4 7.5 2.5 2 0 3 1 1
6689.7 -6459.7 1.2 188 0 12.6 17.6 7.5 2.5 4 1 3 0 0
6677.1 -6511.1 1.1 179 0 14.2 11.6 7.5 0.0 0 0 3 2 2
6702.5 -6533.4 0.0 204 0 13.8 11.0 7.5 2.5 2 0 3 1 1
6690.1 -6553.1 0.1 198 0 20.1 12.7 7.5 2.5 2 0 3 0 0
6675.4 -6570.3 0.9 198 0 15.4 20.8 7.5 2.5 2 1 3 1 1
6684.5 -6598.1 1.8 103 0 17.8 10.7 7.5 2.5 2 0 3 5 5
6708.1 -6599.9 -0.2 106 0 10.0 14.3 7.5 2.5 2 1 3 3 3
6721.8 -6610.3 -1.1 109 0 15.5 29.0 7.5 2.5 2 1 3 1 1
6711.7 -6576.1 -0.8 104 0 19.3 14.8 7.5 2.5 2 0 3 3 3
6774.3 -6599.0 -1.2 107 0 11.4 21.8 7.5 2.5 2 1 3 1 1
6757.5 -6580.0 -1.4 109 0 20.6 9.9 7.5 2.5 2 0 3 0 0
6747.1 -6614.0 -1.0 116 0 16.6 19.2 7.5 2.5 2 1 3 3 3
6764.9 -6627.0 -0.8 114 0 12.9 18.5 7.5 2.5 2 1 3 4 4
6794.8 -6603.4 -1.2 128 0 14.8 11.1 7.5 2.5 2 0 3 3 3
6812.9 -6611.3 -1.4 132 0 9.9 12.8 7.5 2.5 2 1 3 0 0
6823.6 -6632.1 -1.4 126 0 19.0 14.9 7.5 2.5 2 0 3 3 3
6815.6 -6660.4 -1.2 115 0 12.0 20.1 7.5 2.5 2 1 3 1 1
6840.8 -6674.1 -4.0 110 0 16.0 26.5 7.5 2.5 2 1 3 1 1
6867.6 -6682.0 -5.8 106 0 21.1 10.3 7.5 2.5 2 0 3 4 4
6897.7 -6663.7 -7.1 16 0 9.6 13.0 7.5 2.5 2 1 3 3 3
6891.8 -6692.7 -7.7 106 0 12.3 14.3 7.5 2.5 2 1 3 1 1
6912.0 -6691.0 -8.9 192 0 17.1 10.3 2.5 2.5 2 0 1 3 3
6910.2 -6710.4 -9.3 193 0 13.5 21.4 2.5 0.0 0 1 1 2 2
6909.3 -6730.7 -9.5 189 0 11.5 13.0 2.5 2.5 2 1 1 1 1
6824.9 -6903.2 -1.2 6 0 11.1 18.3 5.0 2.5 2 1 2 3 3
6834.8 -6865.2 -1.3 22 0 10.6 16.3 5.0 2.5 2 1 2 5 5
6848.0 -6842.8 -3.4 16 0 8.5 16.1 5.0 2.5 2 1 2 1 1
6838.0 -6739.5 -3.3 197 0 7.1 10.3 5.0 2.5 2 1 2 5 5
6843.5 -6720.5 -4.0 197 0 5.8 13.4 5.0 2.5 2 1 2 2 2
6837.0 -6688.5 -2.6 286 0 11.8 13.5 5.0 2.5 4 1 2 2 2
6858.6 -6700.5 -4.4 286 0 8.9 12.0 5.0 2.5 2 1 2 1 1
6878.0 -6699.9 -6.7 286 0 19.6 8.0 5.0 2.5 4 0 2 2 2
6884.7 -6719.5 -6.8 16 0 12.7 14.5 5.0 0.0 0 1 2 1 1
6877.1 -6734.1 -6.2 17 0 12.0 15.4 5.0 2.5 2 1 2 0 0
6876.6 -6754.6 -6.3 17 0 11.3 22.4 5.0 2.5 2 1 2 5 5
6869.2 -6778.5 -5.8 16 0 7.6 18.2 5.0 2.5 2 1 2 4 4
6745.8 -6718.4 2.1 106 0 14.4 15.1 5.0 2.5 2 1 2 0 0
6751.8 -6733.0 3.7 17 0 7.2 13.7 5.0 2.5 2 1 2 2 2
6701.1 -6741.0 9.5 107 0 11.7 13.7 5.0 2.5 2 1 2 1 1
6718.9 -6739.9 5.6 106 0 10.3 10.6 5.0 2.5 2 1 2 0 0
6712.1 -6701.2 4.3 201 0 10.9 12.4 5.0 0.0 0 1 2 3 3
6865.9 -6945.0 -8.4 173 0 7.8 16.7 2.5 2.5 2 1 1 3 3
6898.5 -6953.9 -10.9 103 0 20.9 10.7 2.5 2.5 2 0 1 3 3
6888.5 -6927.9 -8.0 9 0 8.4 10.3 2.5 2.5 2 1 1 1 1
6885.2 -6818.9 -8.7 279 0 9.4 50.6 2.5 2.5 2 1 1 2 2
6877.0 -6873.2 -7.4 279 0 9.2 33.3 2.5 2.5 2 1 1 1 1
6867.1 -6930.8 -6.7 99 0 8.8 19.6 2.5 2.5 2 1 1 2 2
6890.9 -6912.0 -8.5 9 0 11.8 11.3 2.5 2.5 2 0 1 4 4
6906.3 -6909.7 -11.2 279 0 23.1 9.3 2.5 2.5 2 0 1 1 1
6912.6 -6834.0 -11.1 99 0 36.0 11.2 2.5 2.5 2 0 1 5 5
