-1894.7 -4528.7 -3.8 230 0 8.7 8.2 2.5 2.5 2 0 1 2 2
-1867.1 -4551.5 0.3 320 0 9.1 7.9 7.5 2.5 2 0 3 0 0
-1854.4 -4567.8 0.9 320 0 9.7 5.8 2.5 2.5 2 0 1 4 4
-1841.2 -4580.8 -3.2 320 0 8.5 6.6 7.5 2.5 2 0 3 4 4
-1828.7 -4596.3 -5.6 320 0 8.7 7.0 7.5 2.5 2 0 3 1 1
-1811.3 -4615.6 -1.8 320 0 8.8 6.1 5.0 2.5 2 0 2 4 4
-1791.8 -4635.8 2.0 320 0 9.7 7.7 2.5 2.5 2 0 1 1 1
-3316.0 -5594.7 1.1 126 0 15.6 11.3 5.0 2.5 2 0 2 0 0
-3287.4 -5564.4 2.4 37 0 14.9 12.2 5.0 2.5 2 0 2 0 0
-3264.1 -5516.3 3.4 41 0 17.3 10.8 7.5 2.5 2 0 3 5 5
-3517.4 -6041.4 -5.9 36 0 8.1 14.1 2.5 2.5 2 1 1 5 5
-3585.3 -6579.4 -5.4 6 0 13.2 9.6 2.5 2.5 2 0 1 0 0
-3587.3 -6625.8 -4.4 7 0 15.3 9.6 2.5 2.5 2 0 1 1 1
-3547.6 -6602.9 -1.9 0 0 8.1 14.2 2.5 2.5 2 1 1 0 0
-3546.6 -6564.5 -1.4 274 0 14.4 12.3 2.5 2.5 2 0 1 0 0
-3550.8 -6480.7 -1.2 187 0 9.6 7.3 2.5 2.5 2 0 1 2 2
-3577.7 -6472.6 -3.8 10 0 10.3 8.2 2.5 2.5 2 0 1 0 0
-3576.5 -6499.0 -4.4 3 0 11.9 14.7 2.5 2.5 2 1 1 4 4
-3556.7 -6418.2 -2.2 20 0 12.1 8.3 2.5 2.5 2 0 1 1 1
-3545.8 -6397.2 -2.5 18 0 11.6 8.4 2.5 2.5 2 0 1 2 2
-3520.8 -6401.8 -1.0 239 0 8.7 15.9 2.5 2.5 2 1 1 5 5
-3500.3 -6434.5 -0.5 55 0 15.0 15.0 2.5 2.5 2 0 1 3 3
-3484.6 -6442.9 0.2 326 0 15.9 12.4 2.5 2.5 2 0 1 1 1
-3444.1 -6399.6 0.1 58 0 11.8 24.9 2.5 2.5 2 1 1 4 4
-3468.3 -6379.4 -0.6 328 0 13.0 27.4 2.5 2.5 2 1 1 1 1
-3440.3 -5683.6 -7.8 122 0 8.0 10.2 5.0 2.5 2 1 2 5 5
-3331.5 -5700.8 -0.9 288 0 10.9 12.5 2.5 2.5 2 1 1 4 4
-3327.2 -5770.3 -3.1 105 0 10.5 10.2 2.5 2.5 2 0 1 4 4
-3362.6 -5803.2 -8.6 192 0 12.8 13.8 2.5 2.5 2 1 1 3 3
-3366.9 -5846.7 -9.5 192 0 8.8 14.5 2.5 2.5 2 1 1 1 1
-3369.1 -5877.1 -10.3 202 0 11.9 21.8 2.5 2.5 2 1 1 3 3
-3411.7 -6145.2 -2.2 34 0 9.9 14.8 2.5 2.5 2 1 1 3 3
-3434.3 -6182.1 -2.5 34 0 13.2 10.1 2.5 2.5 2 0 1 1 1
-3384.0 -6172.5 -0.5 34 0 10.3 12.8 2.5 0.0 0 1 1 0 0
-3363.9 -6144.2 0.4 34 0 8.3 13.4 2.5 2.5 2 1 1 0 0
-3351.6 -6122.6 1.0 34 0 9.7 9.9 2.5 2.5 2 1 1 5 5
-3321.1 -6059.4 2.2 209 0 11.9 12.5 2.5 2.5 2 1 1 3 3
-3294.1 -6046.2 2.6 28 0 10.1 13.3 2.5 2.5 2 1 1 2 2
-3252.4 -5905.0 1.0 24 0 15.6 14.2 2.5 2.5 2 0 1 3 3
-3238.7 -5775.3 1.3 107 0 17.8 11.5 2.5 2.5 2 0 1 3 3
-3214.1 -5794.0 2.4 34 0 20.0 8.6 2.5 2.5 2 0 1 3 3
