1093.5 6956.7 -22.8 15 0 40.7 13.2 5.0 2.5 2 0 2 2 2
1056.1 6946.4 -21.7 105 0 11.3 40.5 5.0 2.5 2 1 2 4 4
993.3 6869.0 -18.0 197 0 39.6 13.7 5.0 2.5 2 0 2 3 3
1033.6 6855.8 -19.1 16 0 41.6 12.8 5.0 2.5 2 0 2 4 4
1047.8 6851.0 -20.6 196 0 40.8 13.9 5.0 2.5 2 0 2 3 3
1045.4 6818.5 -20.7 194 0 7.2 10.9 5.0 2.5 2 1 2 5 5
1022.3 6674.4 -22.2 196 0 44.9 19.9 5.0 2.5 2 0 2 5 5
1015.3 6713.8 -19.8 196 0 6.1 10.0 5.0 2.5 2 1 2 3 3
988.1 6604.5 -16.9 196 0 39.2 14.4 5.0 2.5 2 0 2 2 2
976.4 6608.8 -16.3 16 0 40.4 12.9 2.5 2.5 2 0 1 0 0
938.9 6619.9 -15.6 196 0 39.9 14.3 2.5 0.0 0 0 1 3 3
923.9 6566.6 -13.3 195 0 40.9 13.8 2.5 2.5 2 0 1 0 0
962.1 6555.9 -15.3 15 0 41.3 12.5 2.5 2.5 2 0 1 2 2
974.4 6551.6 -17.6 195 0 41.2 12.9 5.0 2.5 2 0 2 1 1
959.3 6498.2 -18.9 196 0 40.5 14.2 5.0 2.5 2 0 2 4 4
935.5 6483.8 -16.9 106 0 12.7 41.4 2.5 2.5 2 1 1 3 3
908.9 6514.1 -14.7 196 0 40.7 15.0 2.5 2.5 2 0 1 5 5
939.0 6472.1 -18.1 284 0 7.4 10.8 5.0 2.5 4 1 2 2 2
973.3 6525.2 -17.9 195 0 6.7 9.4 5.0 2.5 2 1 2 0 0
946.0 6467.4 -19.0 197 0 7.3 13.2 5.0 2.5 2 1 2 3 3
3866.3 -1818.3 -25.6 216 0 7.2 10.2 2.5 2.5 2 1 1 0 0
3861.5 -1850.9 -20.3 126 0 9.5 7.6 2.5 2.5 2 0 1 1 1
3971.7 -1875.8 -30.8 312 0 11.3 7.3 2.5 2.5 2 0 1 3 3
3896.0 -1880.9 -23.8 124 0 9.1 10.6 2.5 2.5 2 1 1 4 4
3938.4 -1855.1 -29.0 299 0 7.8 4.6 2.5 2.5 2 0 1 3 3
3954.7 -1870.4 -29.6 316 0 10.1 6.5 2.5 2.5 2 0 1 4 4
3966.5 -1952.6 -24.2 225 0 6.8 21.6 2.5 2.5 2 1 1 0 0
3966.2 -1927.3 -25.7 135 0 8.5 5.4 2.5 2.5 2 0 1 3 3
3963.0 -1932.7 -24.6 136 0 8.8 4.4 2.5 2.5 2 0 1 2 2
4001.6 -1918.2 -29.6 315 0 9.0 6.9 2.5 2.5 2 0 1 5 5
4019.4 -1927.7 -30.3 316 0 4.6 12.8 2.5 2.5 2 1 1 2 2
4023.5 -1938.9 -29.4 316 0 8.5 7.4 2.5 2.5 2 0 1 1 1
1175.4 6912.5 -26.3 2 0 10.2 9.8 5.0 2.5 2 0 2 2 2
1147.1 6925.6 -25.4 266 0 7.6 8.4 5.0 2.5 2 1 2 1 1
1147.5 6907.4 -25.2 270 0 10.4 16.4 5.0 2.5 2 1 2 0 0
1154.7 6864.9 -25.7 356 0 8.7 8.5 5.0 2.5 2 0 2 4 4
1142.1 6868.1 -24.9 0 0 8.1 11.9 5.0 2.5 2 1 2 5 5
1152.8 6878.9 -25.5 356 0 12.3 8.0 5.0 2.5 2 0 2 0 0
1092.1 6237.3 -31.2 112 0 14.8 13.5 5.0 2.5 2 0 2 4 4
823.5 6402.4 -12.6 19 0 12.0 12.9 2.5 2.5 2 1 1 4 4
870.8 6356.6 -14.7 287 0 13.6 7.2 5.0 2.5 2 0 2 1 1
831.2 6338.1 -13.3 210 0 11.3 12.2 5.0 2.5 2 1 2 2 2
275.7 4693.2 -22.7 4 0 9.3 8.7 5.0 2.5 2 0 2 2 2
269.7 4664.2 -20.9 3 0 12.8 13.7 5.0 2.5 2 1 2 5 5
265.6 4637.7 -19.4 15 0 8.3 15.0 5.0 2.5 2 1 2 5 5
261.1 4616.0 -18.3 24 0 12.0 12.3 5.0 2.5 2 1 2 1 1
205.6 4581.5 -11.9 190 0 14.2 14.8 5.0 2.5 2 1 2 1 1
255.2 4594.8 -16.6 9 0 9.4 8.3 5.0 2.5 2 0 2 0 0
139.1 3677.3 -23.1 351 0 9.7 10.4 2.5 2.5 2 1 1 1 1
162.0 3732.1 -23.2 181 0 13.1 16.3 2.5 2.5 4 1 1 2 2
137.9 3734.8 -22.3 342 0 7.8 12.4 2.5 2.5 2 1 1 1 1
141.1 3717.3 -22.6 349 0 11.5 14.2 2.5 2.5 2 1 1 1 1
141.3 3694.4 -22.9 359 0 11.9 8.0 2.5 2.5 2 0 1 4 4
93.6 3687.9 -22.2 191 0 10.9 9.2 2.5 2.5 4 0 1 1 1
123.8 3672.0 -22.8 6 0 13.5 12.3 2.5 2.5 2 0 1 5 5
138.0 3637.0 -23.4 15 0 9.5 10.5 2.5 2.5 2 1 1 0 0
162.8 3653.6 -23.9 188 0 8.4 11.8 2.5 2.5 2 1 1 1 1
198.2 3640.1 -24.6 190 0 9.1 8.5 2.5 2.5 2 0 1 5 5
213.3 3630.0 -25.0 188 0 10.3 10.3 2.5 2.5 4 1 1 3 3
250.7 3601.9 -25.7 112 0 3.6 16.3 2.5 2.5 2 1 1 3 3
220.7 3578.0 -25.5 100 0 13.4 10.0 2.5 2.5 4 0 1 4 4
220.7 3550.6 -25.8 96 0 10.4 13.8 2.5 2.5 2 1 1 4 4
275.6 3559.3 -26.8 3 0 10.2 10.3 2.5 2.5 2 1 1 3 3
261.5 3529.6 -26.7 99 0 13.8 8.1 2.5 0.0 0 0 1 5 5
291.3 3855.9 -29.0 176 0 7.8 11.3 2.5 0.0 0 1 1 4 4
292.6 3838.3 -27.8 176 0 14.4 9.4 2.5 0.0 0 0 1 5 5
256.4 3977.2 -23.0 268 0 9.1 15.8 5.0 0.0 0 1 2 5 5
269.6 3947.7 -23.1 0 0 8.6 15.1 5.0 2.5 2 1 2 4 4
214.7 3928.0 -23.2 178 0 8.1 13.6 5.0 2.5 2 1 2 2 2
220.6 3904.4 -23.4 169 0 11.2 6.4 5.0 2.5 2 0 2 5 5
224.1 3886.5 -23.6 176 0 11.7 9.7 5.0 2.5 2 0 2 2 2
271.9 3888.5 -23.3 344 0 7.5 12.1 5.0 0.0 0 1 2 1 1
280.8 3796.6 -23.3 1 0 12.5 8.0 5.0 2.5 2 0 2 3 3
277.9 3829.9 -23.4 350 0 10.0 9.0 5.0 0.0 0 0 2 0 0
206.0 3814.2 -23.6 355 0 10.5 16.6 2.5 0.0 0 1 1 3 3
233.5 3824.1 -23.6 175 0 13.5 13.4 5.0 2.5 2 0 2 3 3
236.6 3799.2 -23.5 174 0 8.4 11.1 5.0 2.5 2 1 2 5 5
246.4 3773.7 -23.4 82 0 11.1 16.9 5.0 2.5 2 1 2 2 2
338.1 3657.9 -30.8 0 0 13.4 13.3 2.5 2.5 2 0 1 2 2
320.6 3682.1 -29.8 12 0 10.1 12.9 2.5 2.5 2 1 1 4 4
326.9 3751.9 -30.3 348 0 21.0 10.3 2.5 0.0 0 0 1 0 0
272.8 3764.9 -25.3 260 0 7.1 18.2 2.5 2.5 4 1 1 2 2
249.6 3759.6 -25.4 260 0 8.0 17.3 2.5 2.5 2 1 1 4 4
213.5 3777.8 -23.6 352 0 8.2 11.5 2.5 2.5 2 1 1 0 0
199.7 3877.1 -23.7 90 0 8.9 8.4 5.0 2.5 2 0 2 2 2
142.2 3884.3 -22.9 83 0 6.5 13.2 5.0 2.5 4 1 2 3 3
168.1 3897.0 -23.1 83 0 8.6 10.2 5.0 2.5 2 1 2 3 3
167.7 3874.7 -23.3 90 0 9.5 14.6 5.0 2.5 4 1 2 0 0
181.6 3856.6 -23.5 274 0 13.1 12.0 2.5 2.5 2 0 1 0 0
129.6 3855.3 -22.8 255 0 11.4 10.5 2.5 2.5 2 0 1 2 2
82.6 3898.2 -21.4 8 0 8.4 7.2 2.5 2.5 2 0 1 2 2
42.4 3941.6 -20.0 185 0 10.2 9.0 2.5 2.5 2 0 1 0 0
87.4 3955.4 -21.3 359 0 13.4 13.8 2.5 2.5 2 1 1 5 5
88.7 3973.2 -21.2 355 0 9.9 11.4 2.5 0.0 0 1 1 0 0
121.3 4006.7 -20.9 91 0 16.9 13.7 2.5 0.0 0 0 1 4 4
121.4 3982.0 -21.6 266 0 13.6 8.4 5.0 2.5 2 0 2 4 4
115.9 3950.8 -22.0 172 0 15.1 8.2 5.0 2.5 2 0 2 4 4
143.4 3942.6 -22.6 172 0 13.5 22.2 5.0 0.0 0 1 2 3 3
188.5 3940.4 -22.9 87 0 12.7 16.1 5.0 2.5 4 1 2 3 3
183.4 3980.6 -22.5 266 0 8.3 18.2 5.0 2.5 2 1 2 4 4
197.7 3984.2 -22.7 266 0 7.8 21.5 5.0 2.5 2 1 2 4 4
111.4 4126.0 -19.3 193 0 11.0 15.0 2.5 2.5 2 1 1 5 5
124.9 4164.0 -18.7 286 0 7.9 7.4 2.5 0.0 0 0 1 0 0
77.8 4174.5 -17.6 187 0 14.1 16.3 2.5 2.5 2 1 1 3 3
157.6 4369.9 -14.0 15 0 11.0 11.8 5.0 2.5 2 1 2 4 4
138.7 4300.7 -16.7 15 0 10.8 12.4 5.0 2.5 2 1 2 5 5
144.9 4314.3 -16.0 15 0 12.9 18.9 5.0 2.5 2 1 2 1 1
130.6 4266.1 -18.5 15 0 9.0 9.2 5.0 2.5 2 1 2 2 2
136.1 4215.5 -18.3 285 0 9.0 8.7 2.5 2.5 2 0 1 4 4
135.2 4199.5 -18.7 285 0 14.6 12.0 2.5 2.5 4 0 1 3 3
200.4 4169.0 -21.2 285 0 9.7 10.7 2.5 2.5 2 1 1 4 4
204.8 4192.5 -21.2 285 0 6.6 10.8 2.5 2.5 2 1 1 1 1
222.9 4180.0 -21.8 285 0 9.0 8.7 2.5 2.5 2 0 1 0 0
216.5 4153.6 -21.8 285 0 9.9 9.8 2.5 2.5 2 0 1 3 3
255.7 4041.6 -23.1 15 0 11.6 8.5 2.5 2.5 2 0 1 0 0
274.9 4082.8 -23.6 15 0 9.6 10.3 2.5 2.5 2 1 1 2 2
281.1 4124.5 -23.8 15 0 12.4 9.2 2.5 0.0 0 0 1 5 5
287.3 4143.0 -23.8 15 0 8.1 8.0 2.5 2.5 2 0 1 0 0
293.3 4156.3 -23.9 15 0 12.1 17.0 2.5 2.5 2 1 1 4 4
315.1 4262.2 -22.3 15 0 15.2 11.5 5.0 2.5 2 0 2 5 5
310.6 4241.1 -22.7 15 0 11.4 16.6 5.0 2.5 2 1 2 1 1
306.9 4220.5 -22.8 15 0 12.5 13.8 5.0 2.5 2 1 2 0 0
295.2 4192.5 -23.1 105 0 11.8 6.3 5.0 2.5 2 0 2 1 1
214.3 4224.1 -22.2 105 0 9.5 11.6 5.0 2.5 2 1 2 5 5
198.7 4229.1 -22.0 105 0 12.7 8.7 5.0 2.5 2 0 2 3 3
184.2 4233.7 -21.7 105 0 9.1 8.4 5.0 2.5 2 0 2 3 3
134.1 4240.8 -19.3 195 0 10.9 14.9 5.0 2.5 2 1 2 4 4
170.6 4243.2 -21.7 105 0 9.8 30.8 5.0 2.5 4 1 2 4 4
147.8 4279.7 -21.1 195 0 8.7 25.0 5.0 2.5 4 1 2 4 4
161.8 4297.7 -20.0 195 0 9.5 15.6 5.0 2.5 4 1 2 1 1
176.4 4336.4 -16.8 195 0 7.5 10.6 5.0 2.5 2 1 2 2 2
167.9 4322.1 -18.2 195 0 8.8 18.5 5.0 2.5 2 1 2 2 2
183.6 4354.1 -16.1 195 0 8.3 19.0 5.0 2.5 2 1 2 2 2
214.5 4399.4 -15.0 195 0 11.1 13.6 5.0 2.5 2 1 2 3 3
267.1 4291.0 -21.6 15 0 19.7 15.6 5.0 2.5 2 0 2 3 3
320.9 4283.1 -21.8 15 0 7.2 13.7 5.0 2.5 2 1 2 2 2
325.4 4296.4 -21.5 15 0 8.6 17.7 5.0 2.5 2 1 2 5 5
329.7 4309.2 -21.7 15 0 8.1 15.9 5.0 2.5 2 1 2 4 4
331.3 4328.6 -21.6 15 0 6.9 9.5 5.0 2.5 2 1 2 0 0
328.2 4340.1 -21.4 15 0 6.8 10.6 5.0 2.5 2 1 2 5 5
329.1 4358.3 -22.1 12 0 15.3 9.1 5.0 2.5 4 0 2 5 5
320.1 4373.0 -21.1 13 0 13.5 9.5 5.0 2.5 2 0 2 2 2
327.6 4386.8 -21.6 13 0 9.2 13.1 5.0 2.5 4 1 2 0 0
335.3 4406.6 -22.2 16 0 14.5 11.3 5.0 2.5 4 0 2 2 2
347.0 4421.1 -23.3 18 0 10.7 18.5 5.0 2.5 2 1 2 0 0
335.4 4455.8 -22.6 15 0 9.3 19.2 5.0 2.5 2 1 2 4 4
341.1 4595.2 -23.1 293 0 10.3 16.2 5.0 2.5 2 1 2 5 5
324.1 4602.5 -22.4 294 0 12.1 10.1 5.0 2.5 2 0 2 3 3
297.6 4608.9 -21.4 287 0 20.6 12.5 5.0 2.5 2 0 2 2 2
330.4 4542.0 -21.9 22 0 8.7 10.7 5.0 2.5 2 1 2 2 2
305.5 4531.1 -21.1 200 0 16.1 13.9 5.0 0.0 0 0 2 5 5
247.3 4478.7 -16.1 196 0 11.8 11.8 5.0 2.5 2 1 2 5 5
284.8 4481.7 -19.5 187 0 9.6 14.5 5.0 2.5 4 1 2 4 4
294.7 4507.5 -21.0 191 0 11.2 20.5 5.0 2.5 2 1 2 1 1
363.0 4506.7 -23.7 16 0 10.9 16.9 5.0 2.5 4 1 2 2 2
359.4 4492.5 -23.6 18 0 8.8 16.3 5.0 2.5 2 1 2 0 0
383.1 4540.0 -24.5 22 0 16.4 22.8 5.0 2.5 2 1 2 4 4
366.6 4588.3 -24.5 292 0 30.8 12.6 5.0 2.5 2 0 2 5 5
350.5 4975.5 -23.7 257 0 7.3 12.2 5.0 2.5 2 1 2 1 1
351.4 5005.8 -22.8 195 0 13.6 7.0 5.0 2.5 2 0 2 2 2
387.8 4944.9 -24.5 29 0 7.5 14.1 5.0 2.5 2 1 2 2 2
295.0 4883.2 -24.6 269 0 10.6 17.3 5.0 2.5 2 1 2 5 5
295.7 4932.5 -24.0 192 0 11.3 9.9 5.0 2.5 2 0 2 5 5
328.0 4971.4 -23.4 180 0 10.1 15.4 5.0 2.5 2 1 2 5 5
411.0 4763.3 -24.9 285 0 10.4 10.8 2.5 2.5 2 1 1 3 3
408.4 4854.2 -24.7 1 0 23.3 19.9 5.0 0.0 0 0 2 1 1
83.8 4863.7 -20.2 99 0 8.1 13.3 5.0 0.0 0 1 2 4 4
108.4 4855.5 -20.6 101 0 7.4 10.7 5.0 2.5 2 1 2 5 5
122.7 4857.3 -20.9 97 0 6.9 12.6 5.0 2.5 2 1 2 0 0
154.6 4882.1 -21.7 100 0 4.9 14.2 5.0 2.5 4 1 2 2 2
158.6 4847.7 -21.8 100 0 16.7 16.3 5.0 2.5 2 0 2 4 4
189.1 4770.1 -17.0 275 0 15.7 6.3 5.0 2.5 2 0 2 3 3
191.1 4742.2 -15.5 100 0 10.4 11.8 5.0 2.5 2 1 2 5 5
118.2 4832.1 -20.1 275 0 36.9 11.0 5.0 2.5 2 0 2 2 2
80.6 4846.6 -19.7 274 0 11.1 40.1 5.0 2.5 2 1 2 1 1
74.2 4776.8 -18.6 95 0 8.8 27.0 5.0 2.5 2 1 2 5 5
88.4 4772.8 -16.2 98 0 16.7 11.4 5.0 2.5 2 0 2 5 5
105.5 4776.9 -15.9 186 0 10.2 45.6 5.0 2.5 4 1 2 5 5
152.2 4821.0 -20.1 276 0 11.3 34.2 5.0 2.5 2 1 2 5 5
174.1 4826.3 -21.5 276 0 13.0 8.1 5.0 2.5 2 0 2 4 4
174.7 4813.2 -20.3 278 0 10.7 32.2 5.0 2.5 2 1 2 0 0
193.7 4786.4 -18.8 277 0 25.0 12.3 5.0 2.5 2 0 2 5 5
217.7 4801.2 -21.0 278 0 11.4 24.7 5.0 2.5 2 1 2 5 5
282.4 4834.6 -24.7 106 0 12.0 11.8 5.0 2.5 2 0 2 3 3
261.1 4837.5 -24.2 103 0 15.4 12.2 5.0 2.5 2 0 2 4 4
308.7 4828.5 -25.1 94 0 20.2 14.3 5.0 2.5 2 0 2 2 2
320.3 4797.3 -25.2 279 0 12.6 10.9 2.5 2.5 2 0 1 0 0
299.4 4793.4 -25.0 188 0 10.6 8.0 2.5 2.5 2 0 1 2 2
298.3 4776.4 -25.1 186 0 10.5 11.2 2.5 2.5 2 1 1 2 2
295.4 4758.2 -25.0 184 0 18.8 8.6 2.5 0.0 0 0 1 1 1
342.8 4812.7 -25.5 105 0 6.9 8.0 5.0 2.5 2 1 2 1 1
366.7 4802.7 -25.5 111 0 17.1 9.9 5.0 2.5 2 0 2 2 2
382.6 4794.6 -25.4 115 0 10.7 10.5 5.0 2.5 2 0 2 3 3
405.4 4784.0 -25.1 101 0 19.4 9.7 5.0 0.0 0 0 2 1 1
380.4 4778.8 -25.6 289 0 6.7 10.1 2.5 2.5 4 1 1 1 1
347.9 4791.6 -25.6 282 0 29.2 12.5 2.5 0.0 0 0 1 1 1
330.9 4750.8 -25.4 186 0 11.7 12.3 2.5 2.5 2 1 1 1 1
331.1 4736.3 -25.3 188 0 10.3 7.8 2.5 2.5 2 0 1 0 0
357.9 4754.3 -25.6 275 0 11.2 9.9 2.5 2.5 2 0 1 2 2
355.4 4735.8 -25.6 267 0 15.2 11.4 2.5 2.5 2 0 1 0 0
385.0 4760.2 -25.4 270 0 8.0 9.6 2.5 2.5 2 1 1 4 4
414.3 4736.2 -25.0 359 0 12.5 10.9 2.5 2.5 2 0 1 4 4
413.6 4709.3 -25.0 0 0 14.6 9.5 2.5 2.5 2 0 1 5 5
387.6 4711.3 -25.5 358 0 9.8 8.5 2.5 2.5 4 0 1 4 4
409.6 4654.4 -24.8 8 0 8.7 15.1 2.5 2.5 4 1 1 0 0
361.8 4710.2 -25.2 3 0 13.1 9.6 2.5 2.5 2 0 1 5 5
312.3 4722.6 -25.0 180 0 10.7 13.3 2.5 2.5 2 1 1 2 2
292.5 4718.7 -24.7 182 0 11.3 16.8 2.5 0.0 0 1 1 4 4
290.0 4702.7 -24.2 180 0 8.1 13.3 2.5 2.5 2 1 1 1 1
313.7 4681.1 -23.7 185 0 14.4 11.7 2.5 2.5 2 0 1 4 4
295.2 4681.5 -23.3 181 0 13.4 8.0 2.5 2.5 2 0 1 3 3
299.9 4632.7 -22.4 105 0 26.0 7.9 2.5 2.5 2 0 1 1 1
321.6 4624.6 -22.8 105 0 11.9 9.3 2.5 2.5 2 0 1 1 1
344.4 4615.0 -23.7 109 0 26.6 10.1 2.5 2.5 2 0 1 1 1
374.3 4630.5 -24.3 96 0 30.0 13.8 2.5 0.0 0 0 1 5 5
410.3 4630.8 -24.6 6 0 14.1 13.7 2.5 2.5 2 0 1 4 4
397.7 4594.4 -25.5 117 0 12.2 17.1 2.5 2.5 2 1 1 1 1
541.8 4763.7 -25.2 100 0 6.8 14.9 2.5 2.5 2 1 1 5 5
497.7 4721.3 -24.6 31 0 9.8 13.3 2.5 2.5 2 1 1 3 3
461.2 4638.7 -30.4 215 0 10.9 16.0 2.5 2.5 2 1 1 0 0
444.3 4615.9 -28.1 213 0 13.8 6.9 2.5 2.5 2 0 1 3 3
436.6 4650.8 -24.7 187 0 7.5 12.9 2.5 2.5 2 1 1 2 2
458.7 4678.3 -25.1 10 0 25.1 12.0 2.5 2.5 2 0 1 5 5
451.1 4711.8 -25.1 189 0 20.6 18.9 2.5 2.5 4 0 1 5 5
499.1 4762.4 -23.1 13 0 10.4 15.0 2.5 2.5 2 1 1 1 1
435.7 4800.3 -23.6 182 0 11.0 13.7 2.5 2.5 2 1 1 3 3
446.7 4835.2 -23.6 182 0 7.5 10.1 2.5 2.5 2 1 1 4 4
438.0 4854.3 -24.2 183 0 12.8 21.6 2.5 2.5 2 1 1 2 2
435.6 4872.7 -23.9 180 0 11.9 19.9 2.5 2.5 2 1 1 5 5
472.3 4919.4 -23.2 200 0 12.4 17.0 2.5 2.5 2 1 1 3 3
452.6 4921.6 -23.5 197 0 13.1 13.3 2.5 2.5 2 1 1 1 1
438.2 4948.8 -25.1 189 0 11.5 16.8 2.5 2.5 2 1 1 4 4
440.5 4963.4 -25.2 192 0 9.8 18.0 2.5 2.5 2 1 1 1 1
441.9 4988.4 -25.4 188 0 10.9 17.3 2.5 2.5 2 1 1 2 2
447.4 5030.4 -25.2 190 0 16.7 29.6 2.5 2.5 2 1 1 3 3
418.7 5023.8 -24.2 12 0 10.1 15.7 5.0 2.5 2 1 2 1 1
423.5 5041.6 -24.0 6 0 8.1 14.2 5.0 2.5 2 1 2 2 2
426.2 5055.8 -23.6 13 0 8.0 12.3 5.0 2.5 2 1 2 5 5
432.5 5072.2 -23.4 10 0 12.4 24.4 5.0 2.5 2 1 2 4 4
665.3 6259.6 -0.1 286 0 10.2 9.0 2.5 2.5 2 0 1 3 3
669.6 6235.8 -3.3 201 0 11.8 18.2 2.5 2.5 2 1 1 3 3
712.1 6216.3 -5.8 26 0 14.5 7.5 2.5 0.0 0 0 1 2 2
686.8 6200.3 -4.9 100 0 15.0 10.6 2.5 2.5 2 0 1 3 3
707.3 6024.8 -6.4 357 0 19.7 18.4 5.0 2.5 2 0 2 4 4
677.6 5793.9 -9.0 186 0 11.4 14.4 5.0 2.5 2 1 2 4 4
742.2 5778.3 -11.5 183 0 12.2 10.3 2.5 2.5 2 0 1 3 3
738.5 5734.4 -13.0 178 0 9.9 11.2 2.5 0.0 0 1 1 1 1
741.1 5716.2 -13.4 183 0 12.3 11.4 2.5 2.5 2 0 1 1 1
736.8 5672.2 -15.9 191 0 10.9 13.8 2.5 2.5 2 1 1 4 4
572.3 5569.5 -12.7 124 0 10.7 10.1 5.0 2.5 2 0 2 1 1
597.6 5529.2 -13.4 309 0 15.1 11.4 2.5 2.5 2 0 1 2 2
592.4 5510.8 -13.1 40 0 9.7 19.0 2.5 2.5 2 1 1 0 0
573.5 5483.3 -12.2 40 0 9.7 14.9 2.5 2.5 2 1 1 5 5
598.0 5486.4 -16.8 213 0 20.2 30.5 2.5 0.0 0 1 1 3 3
632.1 5514.9 -16.0 214 0 14.4 13.5 2.5 2.5 2 0 1 2 2
627.4 5555.0 -14.0 31 0 14.6 15.9 5.0 2.5 2 1 2 4 4
214.2 2203.8 -3.6 127 0 10.1 8.5 2.5 2.5 2 0 1 0 0
36.2 2128.6 29.4 143 0 23.8 9.9 5.0 2.5 2 0 2 5 5
20.8 2149.9 29.2 143 0 22.7 9.4 5.0 2.5 2 0 2 4 4
5.7 2173.2 27.7 143 0 20.5 13.4 5.0 2.5 2 0 2 0 0
22.6 2195.4 21.7 233 0 21.1 9.5 5.0 2.5 2 0 2 2 2
51.5 2207.4 16.6 323 0 20.8 9.5 5.0 2.5 2 0 2 0 0
103.0 2076.1 25.3 53 0 10.0 24.4 5.0 2.5 2 1 2 1 1
119.2 2055.3 28.2 53 0 8.3 23.1 5.0 2.5 2 1 2 2 2
118.5 2110.1 20.4 323 0 8.9 8.5 5.0 2.5 2 0 2 3 3
130.7 2119.0 18.1 323 0 11.9 8.5 5.0 2.5 2 0 2 4 4
138.3 2105.5 19.6 323 0 10.6 7.2 5.0 2.5 2 0 2 1 1
129.6 2097.3 21.4 323 0 17.4 8.8 5.0 2.5 4 0 2 3 3
162.9 2073.1 23.0 325 0 12.0 8.0 5.0 2.5 2 0 2 0 0
151.6 2089.1 21.3 323 0 11.9 7.2 5.0 0.0 0 0 2 1 1
142.4 2080.4 23.7 321 0 16.7 8.3 5.0 2.5 2 0 2 3 3
154.1 2065.2 25.0 323 0 14.5 9.4 5.0 2.5 4 0 2 2 2
140.6 2122.6 15.4 137 0 17.0 9.7 5.0 2.5 2 0 2 0 0
156.3 2105.3 16.3 137 0 16.2 10.9 5.0 2.5 2 0 2 3 3
180.6 2067.9 22.9 298 0 14.3 9.5 5.0 2.5 2 0 2 0 0
203.5 2055.7 20.9 237 0 7.4 11.6 5.0 2.5 2 1 2 3 3
6033.0 -6785.1 -30.2 168 0 11.4 21.8 5.0 2.5 2 1 2 4 4
6072.7 -6744.4 -28.3 225 0 10.8 8.6 5.0 2.5 2 0 2 2 2
6089.3 -6466.5 -27.7 315 0 11.7 8.0 5.0 2.5 4 0 2 1 1
6037.7 -6487.4 -26.6 225 0 9.1 18.3 5.0 2.5 2 1 2 3 3
6052.3 -6650.5 -26.8 45 0 11.2 20.4 5.0 0.0 0 1 2 0 0
6259.7 -6588.7 -35.4 315 0 13.6 9.9 5.0 2.5 2 0 2 2 2
6221.4 -6661.9 -34.7 45 0 10.2 16.4 5.0 2.5 2 1 2 1 1
6192.0 -6620.3 -30.7 135 0 10.9 8.0 5.0 2.5 2 0 2 0 0
6203.7 -6634.5 -31.2 135 0 12.1 12.7 5.0 2.5 2 1 2 2 2
6182.8 -6642.4 -30.7 225 0 11.0 12.2 5.0 2.5 2 1 2 0 0
6170.9 -6622.4 -29.1 45 0 6.6 10.7 5.0 2.5 2 1 2 5 5
6167.7 -6635.2 -28.7 45 0 9.1 14.9 5.0 2.5 2 1 2 5 5
6163.3 -6659.0 -30.3 225 0 13.9 14.2 5.0 2.5 2 1 2 2 2
6143.9 -6677.9 -28.9 225 0 8.5 10.9 5.0 2.5 2 1 2 1 1
6179.0 -6709.1 -34.7 45 0 8.7 6.9 5.0 0.0 0 0 2 1 1
6167.6 -6715.2 -34.1 45 0 8.3 14.5 5.0 2.5 2 1 2 0 0
6157.2 -6727.2 -34.2 45 0 7.2 18.5 5.0 2.5 4 1 2 2 2
6119.3 -6683.8 -26.0 45 0 10.8 11.9 5.0 2.5 2 1 2 3 3
6136.8 -6668.0 -26.9 45 0 11.6 13.2 5.0 2.5 2 1 2 5 5
6110.7 -6640.0 -26.2 45 0 9.1 13.2 5.0 2.5 2 1 2 1 1
6127.5 -6617.9 -27.5 45 0 13.1 13.0 5.0 2.5 2 0 2 5 5
6144.8 -6603.5 -28.8 45 0 15.0 12.3 5.0 2.5 2 0 2 3 3
6162.2 -6583.9 -29.8 45 0 8.0 11.8 5.0 0.0 0 1 2 3 3
6173.0 -6522.6 -31.5 303 0 9.5 10.5 5.0 2.5 4 1 2 4 4
6160.7 -6509.7 -30.9 315 0 6.3 13.5 5.0 2.5 2 1 2 0 0
6178.5 -6510.5 -32.0 320 0 8.7 10.8 5.0 2.5 2 1 2 0 0
6181.6 -6473.1 -27.2 45 0 10.1 13.6 2.5 2.5 4 1 1 0 0
3881.1 -2450.2 -19.9 123 0 10.8 12.1 5.0 2.5 2 1 2 2 2
3853.6 -2422.9 -20.0 123 0 13.5 11.8 5.0 2.5 2 0 2 1 1
3844.5 -2329.6 -20.8 303 0 7.3 10.5 2.5 2.5 2 1 1 1 1
3860.8 -2339.6 -21.0 303 0 8.0 9.0 2.5 2.5 2 1 1 4 4
3882.1 -2374.9 -21.3 123 0 13.5 16.8 2.5 2.5 2 1 1 5 5
3919.3 -2364.5 -21.5 33 0 9.3 15.7 2.5 0.0 0 1 1 4 4
3976.5 -2419.2 -21.6 303 0 9.6 14.6 2.5 2.5 2 1 1 4 4
3973.5 -2528.5 -18.5 120 0 6.5 13.4 5.0 2.5 2 1 2 3 3
4003.8 -2549.5 -17.8 120 0 6.3 10.8 5.0 2.5 2 1 2 0 0
4028.0 -2554.0 -18.3 120 0 8.7 8.3 5.0 2.5 2 0 2 2 2
4040.3 -2571.2 -17.1 120 0 7.6 7.6 5.0 2.5 2 0 2 1 1
4076.0 -2527.9 -20.3 130 0 10.0 9.7 2.5 2.5 2 0 1 2 2
4619.6 -3552.0 -23.7 83 0 11.7 13.2 2.5 2.5 2 1 1 0 0
4544.6 -3491.5 -26.1 163 0 11.2 14.9 5.0 2.5 2 1 2 0 0
4628.7 -3509.3 -27.0 339 0 14.7 8.3 5.0 2.5 2 0 2 1 1
4510.2 -3355.8 -25.2 178 0 12.9 9.6 5.0 2.5 2 0 2 3 3
4508.4 -3319.2 -26.3 178 0 10.3 14.2 10.0 2.5 4 1 4 5 5
4504.2 -3298.1 -25.3 178 0 11.3 11.6 2.5 2.5 2 1 1 4 4
4511.1 -3280.1 -26.5 178 0 9.8 12.4 5.0 2.5 2 1 2 3 3
4502.5 -3257.0 -24.0 178 0 9.4 5.9 5.0 2.5 2 0 2 0 0
4500.4 -3242.3 -23.9 178 0 9.6 8.6 5.0 2.5 4 0 2 0 0
4499.8 -3160.7 -23.9 178 0 9.1 15.1 7.5 2.5 2 1 3 3 3
4553.8 -3085.8 -29.7 358 0 10.0 15.1 5.0 2.5 4 1 2 4 4
4545.6 -2998.9 -28.0 268 0 11.8 10.5 5.0 2.5 2 0 2 4 4
4399.2 -2253.0 -20.8 64 0 13.6 9.6 5.0 2.5 4 0 2 0 0
4350.1 -2143.0 -29.7 60 0 13.7 10.1 5.0 2.5 2 0 2 5 5
4219.1 -2066.1 -27.1 304 0 14.9 9.7 2.5 2.5 2 0 1 4 4
4205.9 -2045.6 -29.0 305 0 13.4 12.4 2.5 2.5 4 0 1 4 4
4139.3 -2024.9 -24.8 301 0 9.3 10.8 2.5 2.5 2 1 1 1 1
4105.0 -2007.9 -29.7 306 0 11.0 12.6 2.5 2.5 2 1 1 5 5
4076.7 -2083.3 -23.7 29 0 8.1 9.5 2.5 2.5 4 1 1 1 1
4057.8 -2015.8 -27.5 314 0 9.3 12.0 2.5 2.5 4 1 1 2 2
4023.7 -2062.6 -24.0 139 0 10.1 11.4 2.5 2.5 4 1 1 3 3
3997.8 -2054.7 -23.6 133 0 28.2 12.2 2.5 2.5 4 0 1 0 0
4000.4 -2021.6 -25.3 138 0 10.6 10.3 2.5 2.5 2 0 1 4 4
4019.9 -2001.1 -26.7 315 0 12.6 10.9 2.5 2.5 2 0 1 2 2
4036.2 -1985.2 -28.4 313 0 9.7 16.6 2.5 2.5 2 1 1 1 1
5691.1 -6928.1 -28.2 36 0 7.9 13.0 2.5 2.5 4 1 1 4 4
5952.8 -6884.2 -29.7 216 0 10.7 14.4 5.0 2.5 2 1 2 3 3
