2643.1 5653.3 2.8 321 0 17.5 16.3 2.5 0.0 0 0 1 4 4
2702.2 5534.2 10.0 334 0 17.8 27.4 2.5 2.5 2 1 1 4 4
3397.9 4606.8 -10.9 16 0 10.9 7.6 5.0 2.5 2 0 2 2 2
3426.4 4619.8 -13.4 291 0 11.6 7.6 5.0 2.5 2 0 2 5 5
3331.3 6476.8 -6.1 195 0 9.6 12.4 5.0 2.5 2 1 2 0 0
3349.8 6330.3 -5.7 48 0 11.3 9.4 2.5 2.5 2 0 1 3 3
2420.1 4148.3 -10.2 233 0 8.5 17.3 2.5 2.5 2 1 1 2 2
2501.5 4213.5 -11.0 290 0 13.4 5.4 2.5 2.5 2 0 1 5 5
2508.4 4250.2 -11.6 210 0 6.5 12.3 5.0 2.5 2 1 2 3 3
2528.4 4307.0 -10.4 183 0 10.2 16.3 5.0 2.5 2 1 2 5 5
2572.4 4351.0 -8.3 160 0 9.8 6.6 5.0 2.5 2 0 2 0 0
2542.9 4347.6 -9.4 163 0 10.6 10.4 5.0 0.0 0 0 2 2 2
2474.8 4498.7 -9.7 15 0 12.9 11.2 5.0 2.5 2 0 2 4 4
2525.3 4474.0 -9.7 202 0 10.6 14.6 5.0 0.0 0 1 2 2 2
2535.8 4499.8 -11.2 205 0 11.2 18.4 5.0 2.5 4 1 2 2 2
2576.6 4585.2 -12.6 200 0 9.5 13.2 5.0 2.5 2 1 2 0 0
2583.9 4661.6 -9.4 45 0 9.3 19.8 5.0 2.5 2 1 2 4 4
2721.4 5067.1 3.8 270 0 14.8 10.7 2.5 2.5 2 0 1 4 4
2744.5 4895.6 0.1 3 0 10.8 40.4 2.5 2.5 2 1 1 1 1
2705.1 4931.5 -0.0 183 0 52.3 12.2 2.5 2.5 2 0 1 1 1
3431.9 4359.5 -16.2 24 0 9.7 12.9 5.0 2.5 2 1 2 5 5
3435.7 4319.2 -18.3 23 0 14.8 7.3 5.0 2.5 2 0 2 3 3
3390.8 4060.6 -13.0 10 0 15.7 9.8 5.0 2.5 2 0 2 1 1
3302.5 4181.0 -11.6 357 0 11.4 9.9 5.0 2.5 2 0 2 0 0
3278.0 4138.9 -12.0 85 0 10.5 9.6 5.0 2.5 2 0 2 2 2
3265.8 4186.8 -11.5 100 0 10.5 16.3 5.0 2.5 2 1 2 4 4
3264.2 4172.9 -11.6 92 0 12.0 10.5 5.0 2.5 4 0 2 2 2
3194.1 4202.7 -11.8 178 0 8.7 13.4 5.0 2.5 2 1 2 0 0
3220.1 4184.2 -11.8 186 0 19.5 10.8 5.0 2.5 2 0 2 2 2
3234.0 4151.7 -11.7 94 0 13.2 9.0 5.0 2.5 2 0 2 4 4
3242.6 4137.2 -11.6 3 0 13.1 13.7 5.0 2.5 2 1 2 1 1
3242.8 4119.9 -11.4 2 0 10.4 15.3 5.0 2.5 2 1 2 3 3
3264.2 4124.3 -12.1 271 0 10.1 14.0 5.0 2.5 2 1 2 4 4
3341.2 4139.9 -12.0 0 0 11.3 26.1 5.0 2.5 2 1 2 4 4
3323.8 4160.4 -11.9 3 0 25.4 9.7 5.0 2.5 2 0 2 4 4
3335.8 4191.5 -11.5 358 0 14.6 18.0 5.0 2.5 2 1 2 5 5
3340.9 4218.0 -11.2 4 0 14.7 18.2 5.0 2.5 2 1 2 5 5
3336.0 4258.0 -10.9 88 0 13.3 10.7 5.0 2.5 2 0 2 4 4
3367.8 4264.1 -14.3 185 0 10.2 12.9 5.0 2.5 2 1 2 0 0
3367.6 4274.9 -12.6 95 0 11.2 7.5 5.0 2.5 2 0 2 4 4
3370.1 4294.7 -11.6 98 0 9.8 9.0 5.0 2.5 2 0 2 5 5
3368.7 4312.5 -11.4 92 0 12.3 10.5 5.0 2.5 2 0 2 5 5
3336.5 4345.7 -11.1 180 0 9.8 20.5 5.0 2.5 2 1 2 2 2
3392.6 4570.8 -11.1 13 0 11.0 13.8 5.0 0.0 0 1 2 0 0
3409.0 4549.7 -12.6 189 0 6.0 6.0 5.0 2.5 4 1 2 1 1
3399.9 4527.6 -12.9 191 0 12.2 8.5 5.0 2.5 2 0 2 2 2
3432.9 4419.9 -16.7 20 0 10.8 9.5 5.0 2.5 2 0 2 5 5
3368.5 4495.8 -11.1 14 0 7.4 9.2 5.0 2.5 2 1 2 2 2
3378.5 4528.7 -11.1 16 0 7.7 7.5 5.0 2.5 2 0 2 2 2
3384.1 4540.4 -11.2 17 0 8.1 15.1 5.0 2.5 4 1 2 2 2
3408.1 4580.8 -12.6 195 0 10.2 11.4 5.0 2.5 2 1 2 0 0
3395.8 4588.3 -11.1 18 0 11.9 9.4 5.0 2.5 2 0 2 1 1
3352.7 4624.6 -9.5 291 0 8.0 11.5 5.0 2.5 2 1 2 1 1
3361.4 4638.0 -9.8 290 0 20.7 12.1 5.0 2.5 4 0 2 4 4
3367.7 4658.8 -9.2 116 0 10.1 21.5 5.0 2.5 2 1 2 5 5
3105.1 5274.6 2.1 208 0 27.7 25.5 2.5 0.0 0 0 1 3 3
3070.4 5217.4 -0.5 196 0 12.7 12.7 2.5 2.5 4 1 1 0 0
3143.5 5199.7 -0.6 289 0 30.0 9.8 2.5 2.5 2 0 1 1 1
3109.6 5211.5 0.1 289 0 32.0 10.2 2.5 2.5 4 0 1 5 5
3002.7 5142.1 -5.4 326 0 10.2 11.8 2.5 2.5 2 1 1 5 5
2972.5 5182.5 -6.6 305 0 11.9 17.8 2.5 2.5 4 1 1 0 0
2936.8 5205.8 -6.7 306 0 8.8 16.2 2.5 2.5 2 1 1 0 0
2811.8 5297.7 -2.7 122 0 19.9 10.3 2.5 2.5 2 0 1 5 5
2819.1 5261.8 -1.7 283 0 7.3 10.4 2.5 0.0 0 1 1 4 4
2787.1 5270.8 -2.6 298 0 10.7 10.8 2.5 0.0 0 1 1 1 1
2810.0 5429.1 0.1 71 0 9.0 8.2 2.5 0.0 0 0 1 3 3
2726.7 5573.3 -0.8 150 0 7.7 12.4 5.0 0.0 0 1 2 3 3
2723.4 5619.1 -0.3 335 0 10.9 18.3 5.0 2.5 2 1 2 3 3
2690.0 5684.9 -4.0 328 0 10.6 6.1 5.0 2.5 2 0 2 2 2
2677.1 5708.8 -3.7 331 0 7.5 22.1 5.0 2.5 2 1 2 1 1
2645.3 5751.4 -1.8 339 0 16.9 9.4 5.0 2.5 2 0 2 2 2
2636.0 5724.6 -1.4 150 0 9.0 10.2 5.0 0.0 0 1 2 2 2
2524.3 5862.3 2.5 17 0 11.2 13.7 2.5 2.5 2 1 1 5 5
2601.9 6111.9 -4.7 31 0 9.4 11.5 2.5 0.0 0 1 1 2 2
2600.4 6170.7 -7.0 201 0 10.9 12.8 2.5 2.5 2 1 1 4 4
2593.3 6137.3 -6.0 193 0 9.2 9.6 2.5 2.5 2 1 1 4 4
2554.3 5950.7 -7.6 16 0 15.9 16.8 2.5 2.5 2 1 1 0 0
2572.6 6011.8 -9.4 14 0 14.8 19.1 2.5 2.5 2 1 1 0 0
2575.0 6032.7 -9.2 19 0 11.0 9.3 2.5 2.5 2 0 1 1 1
2617.9 5766.1 -0.7 153 0 7.5 10.4 5.0 0.0 0 1 2 1 1
2621.6 5796.9 -0.4 331 0 8.1 9.6 5.0 2.5 4 1 2 4 4
2589.9 5794.7 0.1 155 0 11.2 12.6 5.0 2.5 2 1 2 0 0
2613.7 5821.1 -1.9 341 0 8.5 19.6 5.0 2.5 2 1 2 5 5
2576.4 5835.8 -5.3 178 0 10.5 7.9 5.0 2.5 2 0 2 0 0
2586.1 5886.6 -5.6 194 0 9.8 15.1 5.0 2.5 2 1 2 2 2
2591.9 5905.4 -6.6 189 0 9.1 13.2 5.0 2.5 2 1 2 3 3
2609.3 5929.9 -5.9 196 0 11.8 10.4 5.0 2.5 4 0 2 5 5
2612.3 5956.9 -7.6 199 0 12.3 22.5 5.0 2.5 2 1 2 3 3
2638.1 6003.5 -8.1 195 0 10.8 8.7 5.0 2.5 2 0 2 3 3
2640.6 6023.3 -8.0 200 0 10.8 20.0 5.0 2.5 2 1 2 4 4
2638.4 6056.0 -7.8 206 0 6.3 27.5 5.0 2.5 2 1 2 3 3
2655.9 6065.5 -7.5 201 0 14.3 26.9 5.0 2.5 2 1 2 3 3
2675.5 6112.3 -5.9 214 0 12.0 14.6 5.0 2.5 2 1 2 2 2
2657.6 6097.5 -7.2 214 0 11.1 15.4 5.0 2.5 2 1 2 1 1
2648.4 6183.5 -9.3 34 0 7.6 14.8 2.5 0.0 0 1 1 4 4
2668.0 6143.3 -8.3 214 0 12.2 5.4 5.0 2.5 2 0 2 0 0
2682.9 6144.8 -7.5 214 0 12.9 11.2 5.0 2.5 2 0 2 2 2
2704.4 6178.4 -8.2 214 0 14.6 10.2 5.0 0.0 0 0 2 3 3
2727.1 6187.5 -7.6 214 0 8.6 9.0 5.0 2.5 2 1 2 0 0
2718.3 6196.5 -8.6 214 0 10.4 8.5 5.0 2.5 2 0 2 2 2
2679.2 6233.1 -10.5 34 0 8.5 14.0 2.5 2.5 2 1 1 5 5
2700.0 6250.7 -9.5 34 0 9.9 7.1 2.5 2.5 2 0 1 5 5
2776.1 6246.8 -8.7 214 0 9.4 16.4 5.0 2.5 4 1 2 4 4
2820.9 6309.2 -9.9 214 0 11.5 15.3 5.0 2.5 2 1 2 3 3
2790.7 6279.5 -9.8 207 0 9.1 10.2 5.0 0.0 0 1 2 4 4
2801.8 6291.8 -10.0 214 0 11.2 14.9 5.0 2.5 2 1 2 5 5
2756.5 6322.8 -10.0 42 0 12.4 9.3 2.5 2.5 2 0 1 2 2
2772.6 6334.3 -10.7 41 0 14.3 20.1 2.5 2.5 2 1 1 0 0
2829.0 6415.3 -9.6 41 0 12.2 7.5 2.5 2.5 2 0 1 1 1
2836.7 6394.7 -9.8 38 0 11.0 7.0 2.5 2.5 2 0 1 3 3
2850.0 6342.3 -9.3 216 0 11.5 12.2 5.0 2.5 4 1 2 4 4
2898.9 6403.4 -3.0 220 0 11.6 14.3 5.0 2.5 2 1 2 0 0
2935.9 6504.9 -1.4 40 0 12.0 11.0 2.5 2.5 2 0 1 0 0
2943.7 6494.7 -1.3 41 0 11.4 8.5 2.5 2.5 2 0 1 1 1
2404.7 -1037.2 -9.2 226 0 10.7 7.4 5.0 2.5 2 0 2 2 2
2403.6 -1080.2 -10.1 144 0 13.3 9.2 5.0 0.0 0 0 2 1 1
2380.4 -1043.5 -9.6 237 0 11.2 15.5 5.0 0.0 0 1 2 1 1
2354.5 -1075.6 -10.6 328 0 10.9 10.1 5.0 2.5 2 0 2 2 2
2345.8 -1198.4 -11.4 57 0 15.5 16.8 5.0 2.5 2 1 2 2 2
2309.2 -1204.8 -11.2 57 0 11.6 9.6 5.0 2.5 2 0 2 2 2
2302.5 -1254.7 -11.2 236 0 15.4 9.3 5.0 0.0 0 0 2 0 0
2300.1 -1230.5 -10.8 55 0 7.8 13.5 5.0 2.5 2 1 2 0 0
2285.6 -1240.2 -10.5 51 0 11.4 7.7 5.0 2.5 2 0 2 3 3
2251.6 -1238.9 -10.3 143 0 16.6 14.4 5.0 2.5 2 0 2 5 5
2237.5 -1182.4 -10.8 152 0 10.6 17.8 5.0 2.5 2 1 2 3 3
2228.7 -1193.6 -10.5 153 0 20.0 9.4 5.0 2.5 2 0 2 1 1
2238.9 -1215.8 -10.4 152 0 13.3 15.8 5.0 2.5 2 1 2 1 1
2235.2 -1248.3 -9.8 328 0 9.1 9.1 5.0 2.5 2 0 2 3 3
2240.0 -1257.3 -9.7 325 0 7.1 11.5 5.0 2.5 4 1 2 4 4
2215.2 -1221.1 -9.9 328 0 9.7 14.7 5.0 2.5 4 1 2 5 5
2224.9 -1233.7 -9.9 327 0 12.7 6.5 5.0 2.5 4 0 2 1 1
2147.0 -1195.2 -9.5 235 0 12.4 14.2 5.0 2.5 2 1 2 4 4
2205.6 -1284.8 -9.4 57 0 11.4 9.7 5.0 2.5 2 0 2 4 4
2220.1 -1308.4 -10.7 237 0 10.5 7.7 5.0 2.5 2 0 2 5 5
2199.7 -1323.4 -12.2 237 0 12.0 7.6 5.0 2.5 2 0 2 2 2
2187.1 -1173.9 -10.0 328 0 7.2 19.9 5.0 2.5 2 1 2 0 0
2203.9 -1158.8 -10.6 150 0 10.3 16.5 5.0 2.5 2 1 2 3 3
2265.4 -1057.1 -10.3 233 0 12.5 14.1 5.0 2.5 2 1 2 5 5
2259.0 -1081.9 -10.5 54 0 9.5 17.3 5.0 2.5 2 1 2 0 0
2221.3 -1109.2 -10.9 58 0 9.1 17.5 5.0 2.5 2 1 2 3 3
2178.5 -1054.4 -9.4 234 0 11.3 10.1 5.0 2.5 2 0 2 0 0
2184.3 -1084.4 -10.0 143 0 6.7 13.0 5.0 2.5 4 1 2 3 3
2157.2 -1108.0 -9.6 349 0 6.1 10.6 5.0 2.5 2 1 2 0 0
2169.2 -1126.6 -10.0 328 0 7.5 8.4 5.0 2.5 4 1 2 2 2
2133.7 -1151.1 -9.4 53 0 7.6 10.0 5.0 2.5 4 1 2 4 4
2070.5 -1154.5 -8.3 227 0 10.5 8.6 5.0 2.5 2 0 2 3 3
2112.8 -1347.9 -10.4 50 0 13.9 5.8 5.0 2.5 2 0 2 4 4
2179.5 -1297.0 -9.5 52 0 10.4 9.8 5.0 2.5 2 0 2 3 3
2169.4 -1313.8 -10.0 57 0 9.2 5.4 5.0 2.5 2 0 2 5 5
2159.3 -1291.2 -9.7 50 0 9.1 10.1 5.0 2.5 2 1 2 5 5
2108.2 -1230.0 -9.1 229 0 8.3 15.8 5.0 2.5 2 1 2 3 3
2082.2 -1235.3 -8.9 229 0 7.8 15.6 5.0 0.0 0 1 2 2 2
1973.9 -1156.6 -7.4 146 0 8.1 12.9 5.0 2.5 2 1 2 0 0
1982.8 -1173.0 -7.6 155 0 6.1 11.8 5.0 2.5 4 1 2 3 3
2057.1 -1193.3 -8.1 50 0 13.1 16.3 5.0 2.5 2 1 2 0 0
2043.6 -1208.8 -7.9 48 0 11.5 16.0 5.0 2.5 4 1 2 2 2
2019.1 -1219.5 -8.0 138 0 19.6 9.8 5.0 2.5 2 0 2 1 1
2019.2 -1276.9 -8.9 224 0 10.0 18.5 5.0 2.5 2 1 2 4 4
2000.5 -1307.0 -8.9 138 0 9.8 14.3 5.0 2.5 2 1 2 3 3
2045.5 -1360.5 -10.0 137 0 8.7 10.9 5.0 2.5 2 1 2 5 5
2057.8 -1374.9 -10.4 132 0 8.5 12.8 5.0 2.5 2 1 2 2 2
2033.1 -1381.8 -10.1 317 0 6.9 14.1 5.0 2.5 2 1 2 0 0
1979.2 -1326.3 -9.2 318 0 15.2 7.0 5.0 2.5 2 0 2 3 3
1955.8 -1336.4 -8.9 229 0 9.0 7.8 5.0 2.5 2 0 2 0 0
1941.0 -1347.3 -8.9 226 0 6.2 15.1 5.0 2.5 2 1 2 1 1
1921.5 -1355.8 -8.5 222 0 8.8 16.8 5.0 2.5 2 1 2 3 3
1906.7 -1372.0 -8.0 233 0 10.8 9.1 5.0 2.5 2 0 2 4 4
1900.4 -1394.9 -7.7 45 0 10.5 10.5 5.0 2.5 2 0 2 3 3
1957.1 -1274.2 -8.6 55 0 9.2 14.1 5.0 2.5 2 1 2 4 4
1926.2 -1294.4 -8.7 52 0 9.3 12.7 5.0 2.5 2 1 2 0 0
1806.0 -1141.0 -5.8 226 0 9.9 10.3 5.0 2.5 2 1 2 3 3
1792.7 -1116.9 -7.8 230 0 12.4 12.8 5.0 2.5 4 1 2 2 2
1780.8 -1123.2 -7.0 228 0 7.3 13.5 5.0 2.5 2 1 2 5 5
1764.5 -1135.2 -5.9 227 0 9.7 14.1 5.0 2.5 2 1 2 2 2
1749.2 -1152.9 -4.6 229 0 26.1 8.2 5.0 2.5 2 0 2 1 1
1783.0 -1158.2 -4.4 226 0 14.9 12.2 5.0 2.5 2 0 2 2 2
559.9 -4370.2 -11.0 182 0 7.8 10.7 2.5 2.5 2 1 1 1 1
437.6 -4565.1 -9.4 108 0 7.5 12.3 5.0 2.5 2 1 2 0 0
393.6 -4533.7 -8.6 283 0 10.5 11.9 5.0 2.5 2 1 2 4 4
373.5 -4528.8 -8.9 284 0 8.4 9.8 5.0 2.5 4 1 2 5 5
355.9 -4521.7 -8.4 287 0 5.8 9.3 5.0 2.5 2 1 2 0 0
329.7 -4455.0 -7.5 287 0 8.7 13.1 2.5 2.5 2 1 1 4 4
374.8 -4469.5 -7.4 287 0 10.0 10.3 2.5 2.5 2 1 1 4 4
427.1 -4497.1 -9.8 291 0 7.2 10.9 2.5 2.5 2 1 1 1 1
578.1 -4603.7 -6.1 303 0 13.9 11.6 5.0 2.5 2 0 2 2 2
570.7 -4521.2 -10.8 32 0 11.9 14.1 2.5 2.5 2 1 1 2 2
600.6 -4513.7 -8.8 214 0 7.3 14.3 2.5 2.5 2 1 1 5 5
591.6 -4526.0 -9.3 210 0 12.4 9.1 2.5 2.5 2 0 1 5 5
600.2 -4576.4 -7.1 123 0 7.6 14.2 2.5 2.5 2 1 1 1 1
807.1 -4577.4 -4.7 7 0 11.1 52.0 2.5 0.0 0 1 1 1 1
704.8 -4535.4 -10.6 132 0 11.0 7.6 2.5 2.5 2 0 1 0 0
672.2 -4524.2 -9.5 358 0 8.1 11.2 2.5 0.0 0 1 1 1 1
644.1 -4484.8 -11.2 245 0 11.0 16.8 2.5 2.5 2 1 1 2 2
667.2 -4468.1 -12.9 168 0 9.8 9.4 2.5 2.5 2 0 1 1 1
689.3 -4448.4 -15.2 0 0 9.0 8.9 2.5 2.5 2 0 1 1 1
659.5 -4375.4 -13.4 182 0 8.1 11.4 2.5 0.0 0 1 1 4 4
659.8 -4389.0 -13.0 182 0 10.8 11.7 2.5 2.5 4 1 1 1 1
658.3 -4407.0 -12.4 178 0 10.5 7.4 2.5 0.0 0 0 1 5 5
659.4 -4425.5 -13.8 180 0 8.1 11.9 2.5 0.0 0 1 1 0 0
602.6 -4453.4 -12.1 170 0 9.1 15.0 2.5 2.5 2 1 1 1 1
638.9 -4436.0 -12.6 0 0 9.8 13.3 2.5 2.5 2 1 1 5 5
641.9 -4422.7 -12.4 0 0 7.2 13.3 2.5 2.5 2 1 1 3 3
626.1 -4332.1 -11.2 19 0 6.3 12.0 2.5 2.5 2 1 1 3 3
618.8 -4303.5 -10.6 343 0 11.5 9.2 2.5 2.5 2 0 1 4 4
576.4 -4256.3 -9.5 206 0 6.9 18.0 2.5 2.5 2 1 1 4 4
607.0 -4276.8 -10.1 273 0 10.9 11.1 2.5 2.5 4 1 1 3 3
593.7 -4366.7 -11.9 186 0 8.7 23.9 2.5 2.5 4 1 1 5 5
2695.0 -410.9 -11.4 25 0 10.9 21.3 2.5 2.5 2 1 1 4 4
1470.1 372.5 12.4 286 0 10.5 9.8 5.0 0.0 0 0 2 5 5
1471.9 319.8 12.4 286 0 7.3 8.0 5.0 2.5 2 1 2 5 5
1453.5 327.5 12.4 286 0 15.4 8.7 5.0 2.5 2 0 2 4 4
1585.3 609.4 15.6 286 0 21.2 14.6 2.5 2.5 2 0 1 2 2
1505.4 409.5 12.3 196 0 11.2 11.1 2.5 2.5 2 0 1 5 5
1519.3 444.2 14.5 196 0 13.0 13.3 2.5 2.5 2 1 1 2 2
1499.7 460.2 12.8 16 0 6.9 12.3 5.0 2.5 2 1 2 1 1
1524.4 554.5 14.2 16 0 10.7 12.7 2.5 0.0 0 1 1 3 3
1451.6 577.4 14.2 196 0 7.7 21.9 2.5 2.5 2 1 1 0 0
1435.3 578.7 14.0 16 0 9.5 10.6 5.0 2.5 2 1 2 3 3
1421.4 556.1 13.6 106 0 15.3 9.3 5.0 2.5 2 0 2 3 3
1424.0 532.5 13.1 16 0 8.0 16.3 5.0 2.5 2 1 2 5 5
1407.9 509.4 13.3 106 0 14.2 7.7 5.0 2.5 2 0 2 2 2
1403.9 492.5 13.7 286 0 15.1 7.7 5.0 2.5 2 0 2 2 2
1468.5 475.7 12.6 285 0 34.1 10.4 5.0 2.5 4 0 2 4 4
1580.3 548.4 14.8 281 0 24.8 8.2 5.0 0.0 0 0 2 0 0
1404.9 591.0 14.0 287 0 24.8 8.2 5.0 2.5 2 0 2 2 2
1378.5 498.5 14.0 287 0 24.8 8.2 5.0 0.0 0 0 2 4 4
1382.1 516.3 14.1 107 0 24.8 8.2 5.0 2.5 2 0 2 0 0
1437.8 482.7 12.9 287 0 24.8 8.2 5.0 2.5 2 0 2 2 2
1390.9 545.4 13.3 287 0 24.8 8.2 5.0 2.5 2 0 2 3 3
1395.1 564.7 13.6 107 0 24.8 8.2 5.0 2.5 2 0 2 3 3
1439.9 529.2 13.2 197 0 8.2 24.8 5.0 2.5 2 1 2 0 0
1487.6 487.4 12.8 107 0 24.8 8.2 5.0 2.5 2 0 2 0 0
1496.2 516.4 13.3 287 0 24.8 8.2 5.0 2.5 2 0 2 2 2
1444.0 499.3 12.8 107 0 24.8 8.2 5.0 2.5 4 0 2 2 2
1458.3 546.5 13.7 107 0 24.8 8.2 2.5 2.5 2 0 1 0 0
1497.7 568.3 14.2 287 0 24.8 8.2 2.5 2.5 2 0 1 5 5
1500.7 534.5 13.8 107 0 24.8 8.2 2.5 2.5 2 0 1 0 0
1550.5 522.9 14.2 107 0 24.8 8.2 5.0 2.5 2 0 2 4 4
1522.0 406.8 12.9 197 0 8.2 24.8 2.5 2.5 2 1 1 4 4
1414.1 388.1 12.3 287 0 24.8 8.2 5.0 2.5 2 0 2 4 4
1401.6 340.4 12.4 287 0 24.8 8.2 5.0 2.5 2 0 2 3 3
1444.8 380.5 12.4 285 0 34.1 10.4 5.0 2.5 2 0 2 3 3
1432.9 451.4 11.9 105 0 34.1 10.4 5.0 2.5 2 0 2 4 4
1473.2 441.2 12.0 105 0 34.1 10.4 5.0 2.5 2 0 2 4 4
1430.0 436.1 10.7 285 0 34.1 10.4 5.0 2.5 2 0 2 5 5
1470.3 425.9 12.4 285 0 34.1 10.4 5.0 2.5 2 0 2 0 0
1421.3 403.7 11.2 105 0 34.1 10.4 5.0 2.5 2 0 2 3 3
1461.7 393.4 12.4 105 0 34.1 10.4 5.0 0.0 0 0 2 4 4
1408.9 356.8 12.4 105 0 34.1 10.4 5.0 2.5 2 0 2 5 5
1449.2 346.6 12.4 105 0 34.1 10.4 5.0 2.5 2 0 2 1 1
1599.8 481.3 14.9 15 0 10.4 34.1 2.5 2.5 2 1 1 2 2
1582.3 391.4 14.6 15 0 10.4 34.1 2.5 2.5 2 1 1 4 4
1517.4 378.3 12.3 105 0 34.1 10.4 2.5 2.5 2 0 1 3 3
1575.5 368.7 12.9 15 0 10.4 34.1 2.5 2.5 2 1 1 4 4
1512.7 363.9 12.3 285 0 34.1 10.4 5.0 2.5 2 0 2 1 1
1553.0 353.7 12.3 285 0 34.1 10.4 5.0 2.5 2 0 2 0 0
1504.6 331.1 12.3 105 0 34.1 10.4 5.0 2.5 2 0 2 3 3
1562.8 321.5 12.3 15 0 10.4 34.1 5.0 2.5 2 1 2 0 0
2348.5 1494.6 -3.2 116 0 8.7 14.5 5.0 2.5 2 1 2 2 2
2366.6 1443.5 -5.0 113 0 12.5 11.4 2.5 2.5 2 0 1 5 5
2391.0 1479.7 -7.5 123 0 15.3 14.2 5.0 2.5 2 0 2 0 0
2703.6 1207.6 -9.2 141 0 7.7 12.9 5.0 2.5 4 1 2 4 4
2668.2 1188.0 -8.3 327 0 6.8 12.4 5.0 2.5 2 1 2 5 5
2690.5 1165.2 -8.3 329 0 10.6 12.8 5.0 2.5 2 1 2 1 1
2729.5 1106.1 -7.9 334 0 10.9 10.7 5.0 2.5 2 0 2 0 0
2786.8 1081.6 -7.9 237 0 11.6 10.4 5.0 2.5 2 0 2 1 1
2758.9 1119.3 -9.2 143 0 11.3 18.5 5.0 2.5 2 1 2 5 5
2755.2 1047.3 -6.1 322 0 10.5 15.0 5.0 2.5 2 1 2 3 3
2758.2 1032.1 -6.2 323 0 9.6 10.4 5.0 2.5 2 1 2 3 3
2774.2 1003.2 -5.5 316 0 7.7 14.7 5.0 2.5 2 1 2 4 4
2880.1 968.8 -8.4 286 0 10.8 8.7 5.0 2.5 2 0 2 4 4
2930.4 989.2 -8.4 121 0 6.2 15.0 5.0 2.5 4 1 2 4 4
2951.3 977.1 -9.2 127 0 8.5 16.1 5.0 2.5 2 1 2 1 1
2966.5 973.2 -9.4 127 0 7.6 12.7 5.0 0.0 0 1 2 2 2
2995.7 924.5 -10.5 146 0 13.3 12.6 5.0 2.5 2 0 2 2 2
2948.3 920.2 -11.1 313 0 6.2 12.2 5.0 2.5 4 1 2 2 2
2957.6 914.9 -11.0 317 0 6.9 13.9 5.0 2.5 2 1 2 3 3
2975.0 881.0 -10.6 320 0 7.6 17.5 5.0 2.5 2 1 2 3 3
3061.8 769.0 -10.0 307 0 13.1 14.6 5.0 2.5 2 1 2 2 2
3245.1 671.0 -9.5 121 0 7.0 8.7 5.0 2.5 2 1 2 5 5
3192.2 669.5 -11.2 302 0 8.9 6.7 5.0 2.5 2 0 2 4 4
3224.5 649.0 -11.5 304 0 17.2 12.6 5.0 2.5 2 0 2 0 0
3262.0 615.7 -11.2 302 0 9.9 13.0 5.0 2.5 4 1 2 5 5
3303.8 591.2 -10.3 302 0 6.4 10.6 5.0 2.5 2 1 2 5 5
3310.7 574.7 -10.5 305 0 10.9 7.3 5.0 0.0 0 0 2 2 2
3393.0 572.2 -8.8 117 0 9.2 15.7 5.0 2.5 2 1 2 0 0
3625.7 443.0 -11.0 116 0 11.1 15.2 5.0 2.5 2 1 2 2 2
3577.1 455.4 -10.5 309 0 11.0 10.8 5.0 2.5 2 0 2 0 0
3478.2 396.0 -9.1 235 0 8.2 16.7 5.0 2.5 2 1 2 4 4
3153.8 303.0 -8.5 247 0 6.3 16.4 5.0 2.5 2 1 2 5 5
3193.2 376.1 -12.6 71 0 8.6 11.7 5.0 2.5 2 1 2 3 3
3207.7 354.9 -12.4 76 0 12.5 7.7 5.0 2.5 2 0 2 2 2
2999.9 43.8 -7.9 38 0 14.6 14.1 2.5 2.5 2 0 1 2 2
2932.2 67.3 -9.2 217 0 9.3 15.8 2.5 2.5 2 1 1 5 5
2899.2 50.6 -9.7 212 0 8.9 13.3 2.5 0.0 0 1 1 5 5
2820.8 6.4 -9.8 32 0 8.4 11.2 7.5 2.5 2 1 3 4 4
2739.6 -121.3 -7.9 212 0 8.2 9.3 5.0 2.5 2 1 2 1 1
2754.2 -92.4 -7.9 212 0 7.0 9.6 5.0 2.5 2 1 2 2 2
2763.1 -56.0 -7.7 212 0 6.9 14.2 5.0 2.5 2 1 2 0 0
2837.7 -62.1 -9.0 212 0 13.0 8.5 2.5 2.5 2 0 1 4 4
2827.6 -72.3 -9.0 212 0 9.6 14.4 2.5 2.5 2 1 1 5 5
2814.4 -127.6 -9.0 32 0 6.3 12.3 2.5 0.0 0 1 1 1 1
2740.7 -227.9 -10.4 216 0 15.8 10.0 2.5 2.5 2 0 1 2 2
2736.2 -283.2 -10.8 38 0 15.5 12.5 2.5 2.5 2 0 1 2 2
2639.8 -307.5 -9.5 201 0 9.9 12.0 5.0 2.5 2 1 2 5 5
2589.8 -454.5 -9.7 146 0 6.3 8.6 5.0 2.5 2 1 2 5 5
2685.8 -437.9 -11.7 26 0 8.3 17.2 2.5 2.5 2 1 1 5 5
2233.1 9.9 -3.6 291 0 8.8 15.8 2.5 2.5 2 1 1 3 3
2222.1 12.6 -3.5 298 0 10.1 7.8 2.5 2.5 2 0 1 1 1
2211.3 16.4 -3.6 298 0 9.1 7.7 2.5 2.5 2 0 1 4 4
2197.2 21.8 -3.6 278 0 10.3 11.0 2.5 0.0 0 1 1 5 5
2184.9 23.6 -3.4 283 0 9.6 8.1 2.5 2.5 2 0 1 0 0
2170.7 26.6 -3.2 279 0 9.6 7.2 2.5 2.5 2 0 1 2 2
2157.0 29.9 -2.9 284 0 8.4 8.3 2.5 2.5 2 0 1 4 4
2145.5 31.9 -2.8 285 0 11.3 7.7 2.5 0.0 0 0 1 3 3
2133.6 34.3 -2.3 284 0 10.1 7.7 2.5 2.5 2 0 1 5 5
2121.1 36.6 -1.8 282 0 10.3 7.4 2.5 2.5 2 0 1 2 2
2108.7 39.5 -1.3 280 0 9.9 7.6 2.5 2.5 2 0 1 1 1
2094.8 34.5 -0.7 105 0 10.9 7.5 2.5 0.0 0 0 1 5 5
