6911.3 -6924.6 -6.7 10 0 10.3 7.0 5.0 2.5 2 0 2 1 1
6876.6 -6747.2 -6.1 8 0 9.6 6.1 5.0 2.5 2 0 2 3 3
6908.9 -6813.0 -6.1 272 0 9.6 7.8 2.5 2.5 2 0 1 1 1
6849.2 -6870.5 -8.8 184 0 12.4 11.1 2.5 2.5 2 0 1 2 2
6907.3 -6797.9 -5.9 1 0 9.8 11.5 2.5 0.0 0 1 1 3 3
6907.6 -6905.1 -7.0 3 0 11.4 10.2 5.0 2.5 2 0 2 3 3
3367.7 -125.7 -2.1 163 0 11.1 21.1 5.0 2.5 2 1 2 0 0
3697.4 179.7 -1.5 45 0 9.8 13.6 5.0 2.5 2 1 2 3 3
3673.1 163.0 -1.1 46 0 9.1 8.9 5.0 2.5 2 0 2 2 2
3815.6 242.7 -1.7 228 0 8.3 11.7 5.0 2.5 2 1 2 5 5
3348.6 -129.8 -2.8 326 0 8.7 9.2 5.0 2.5 2 1 2 5 5
3805.5 267.3 -2.3 222 0 9.3 6.9 5.0 2.5 2 0 2 3 3
3303.9 -79.3 -2.9 48 0 9.8 11.7 5.0 2.5 2 1 2 5 5
3680.4 180.0 -1.5 54 0 6.6 8.7 5.0 2.5 2 1 2 1 1
3720.8 179.6 -1.3 232 0 8.8 10.7 5.0 2.5 2 1 2 3 3
3638.5 143.1 -0.4 48 0 11.9 11.1 5.0 2.5 2 0 2 1 1
3776.9 235.4 -1.9 223 0 10.2 9.1 5.0 0.0 0 0 2 4 4
3450.9 175.6 -2.0 25 0 8.6 14.6 5.0 2.5 2 1 2 4 4
3485.6 181.3 -1.2 30 0 8.2 12.8 5.0 0.0 0 1 2 0 0
3550.2 8.8 0.6 224 0 8.8 8.3 5.0 2.5 4 0 2 3 3
3406.7 119.2 -2.2 35 0 6.3 4.7 5.0 2.5 2 0 2 4 4
3254.5 -119.7 -0.7 219 0 14.7 12.3 5.0 2.5 2 0 2 4 4
3428.0 134.2 -2.5 27 0 7.6 9.5 5.0 2.5 2 1 2 5 5
3350.0 -189.9 -1.8 216 0 9.1 7.4 2.5 2.5 2 0 1 0 0
3984.9 385.7 -0.9 148 0 9.4 8.1 5.0 2.5 2 0 2 0 0
3376.7 -174.9 -1.2 226 0 5.0 6.8 2.5 2.5 2 1 1 5 5
3807.9 321.5 -1.5 224 0 7.6 10.4 5.0 2.5 2 1 2 3 3
3493.1 343.0 -1.6 145 0 27.7 13.6 5.0 2.5 2 0 2 1 1
3659.2 127.1 0.5 232 0 10.0 8.7 5.0 2.5 2 0 2 3 3
3789.6 273.2 -2.9 48 0 8.7 8.6 5.0 2.5 2 0 2 1 1
3733.6 191.1 -1.4 224 0 8.4 8.8 5.0 2.5 2 1 2 0 0
3734.4 216.0 -1.5 47 0 7.2 6.7 5.0 2.5 4 0 2 2 2
3322.9 -96.1 -3.5 323 0 9.0 10.9 5.0 2.5 2 1 2 3 3
3634.7 126.5 0.2 48 0 8.9 8.2 5.0 2.5 2 0 2 2 2
3370.4 60.8 -1.6 25 0 4.5 4.7 5.0 2.5 2 1 2 1 1
3536.4 36.7 0.7 43 0 6.5 5.7 5.0 2.5 2 0 2 3 3
3759.8 188.6 -1.1 226 0 7.5 6.4 5.0 2.5 2 0 2 2 2
3374.5 71.2 -1.7 28 0 6.6 4.5 5.0 2.5 2 0 2 2 2
3397.6 95.9 -2.0 21 0 5.9 9.5 5.0 2.5 2 1 2 3 3
3439.4 154.8 -2.2 27 0 11.0 13.4 5.0 2.5 2 1 2 2 2
3332.2 -208.7 -1.8 216 0 8.6 10.8 2.5 2.5 2 1 1 3 3
3511.3 202.4 -1.2 227 0 7.5 11.9 5.0 0.0 0 1 2 2 2
3516.4 -28.8 0.7 137 0 13.7 10.3 5.0 2.5 2 0 2 0 0
3245.4 -111.7 -0.2 213 0 15.3 9.2 5.0 2.5 2 0 2 3 3
3762.8 242.0 -2.3 44 0 9.1 12.5 5.0 2.5 2 1 2 0 0
3877.0 314.0 -1.3 236 0 9.8 7.7 5.0 2.5 2 0 2 5 5
3376.4 -80.6 -1.7 250 0 14.2 32.7 5.0 2.5 2 1 2 4 4
3382.6 13.2 -0.9 217 0 8.6 9.6 5.0 0.0 0 1 2 0 0
3655.6 158.0 -0.8 48 0 12.3 12.4 5.0 2.5 4 1 2 2 2
3639.8 111.1 1.0 227 0 10.9 11.4 5.0 2.5 2 0 2 1 1
3311.2 -96.4 -3.3 0 0 5.3 4.1 5.0 2.5 2 0 2 5 5
3329.2 -85.5 -3.1 137 0 8.3 10.8 5.0 2.5 2 1 2 0 0
3587.1 85.7 0.1 49 0 10.5 6.2 5.0 2.5 2 0 2 5 5
3758.2 218.2 -1.4 223 0 8.8 13.6 5.0 2.5 4 1 2 0 0
3562.3 61.3 0.4 48 0 7.4 6.5 5.0 2.5 2 0 2 0 0
3748.3 203.7 -1.1 228 0 10.8 8.7 5.0 2.5 2 0 2 1 1
3592.7 407.7 -1.6 329 0 12.3 29.9 5.0 2.5 2 1 2 1 1
3382.5 57.0 -1.7 25 0 8.8 11.2 5.0 2.5 4 1 2 0 0
3311.6 -225.8 -1.2 217 0 5.2 6.6 2.5 2.5 2 1 1 4 4
3357.6 -198.0 -1.3 225 0 5.0 5.5 2.5 2.5 2 1 1 1 1
3709.0 191.5 -1.5 52 0 11.2 8.6 5.0 2.5 2 0 2 1 1
3642.9 187.5 -1.5 139 0 7.5 8.8 5.0 2.5 2 1 2 1 1
3821.9 285.1 -2.0 224 0 7.9 7.6 5.0 2.5 2 0 2 3 3
3357.6 -153.2 -2.3 44 0 9.9 5.4 5.0 2.5 2 0 2 5 5
3828.0 255.2 -1.6 225 0 9.1 10.1 5.0 2.5 2 1 2 0 0
3335.9 -109.8 -3.2 321 0 7.9 9.0 5.0 2.5 2 1 2 4 4
3685.3 139.1 -0.1 239 0 10.1 5.7 5.0 2.5 2 0 2 1 1
3730.1 159.8 -0.4 227 0 8.6 7.9 5.0 0.0 0 0 2 3 3
3633.2 104.9 1.1 227 0 7.3 11.4 5.0 2.5 2 0 2 5 5
3777.6 258.7 -2.6 44 0 8.1 7.6 5.0 0.0 0 0 2 2 2
3349.1 -59.9 -2.2 222 0 15.2 9.0 5.0 2.5 2 0 2 2 2
3626.4 131.7 -0.3 51 0 8.3 8.9 5.0 0.0 0 1 2 1 1
3792.5 243.3 -2.0 239 0 9.8 7.9 5.0 2.5 2 0 2 4 4
3373.8 35.4 -1.5 22 0 6.7 8.0 5.0 2.5 2 1 2 4 4
3741.7 184.3 -1.3 223 0 7.8 9.1 5.0 2.5 2 1 2 5 5
3405.6 92.3 -2.4 36 0 10.7 6.6 5.0 2.5 2 0 2 5 5
3452.6 146.9 -1.3 208 0 5.9 7.9 5.0 0.0 0 1 2 0 0
3713.8 172.9 -1.1 230 0 9.6 9.9 5.0 2.5 2 1 2 1 1
3401.9 -228.3 -0.1 50 0 12.3 21.6 2.5 0.0 0 1 1 2 2
3557.1 385.6 -1.7 329 0 10.8 19.9 5.0 0.0 0 1 2 0 0
3357.0 -140.8 -2.4 329 0 4.2 6.4 5.0 2.5 2 1 2 4 4
3518.8 321.0 -1.6 54 0 12.0 9.4 5.0 2.5 2 0 2 0 0
3320.8 -220.5 -1.7 221 0 9.7 11.7 2.5 2.5 2 1 1 2 2
3728.1 221.6 -1.7 47 0 4.9 4.4 5.0 2.5 2 0 2 4 4
3725.0 203.3 -1.3 50 0 7.0 7.8 5.0 2.5 2 1 2 5 5
3583.2 -117.2 -2.0 133 0 13.5 11.4 7.5 0.0 0 0 3 3 3
3163.8 -442.0 0.9 216 0 7.4 7.7 5.0 2.5 4 1 2 3 3
3015.3 -714.0 -0.4 55 0 8.8 12.5 5.0 2.5 2 1 2 5 5
3271.6 -305.0 -0.4 40 0 6.7 6.0 2.5 2.5 2 0 1 1 1
3064.4 -531.3 -1.9 54 0 7.0 10.8 5.0 2.5 2 1 2 0 0
2997.9 -614.8 -0.8 227 0 9.7 8.1 5.0 2.5 2 0 2 4 4
3874.1 153.8 1.3 43 0 8.1 8.2 5.0 2.5 2 1 2 5 5
2836.4 -806.3 -2.2 89 0 7.4 10.8 5.0 2.5 4 1 2 5 5
2871.9 -723.0 -0.4 235 0 10.4 6.4 5.0 2.5 2 0 2 1 1
3178.8 -422.9 0.6 216 0 9.5 8.6 5.0 2.5 2 0 2 0 0
3744.0 71.4 -1.2 46 0 8.0 12.4 5.0 2.5 2 1 2 5 5
3050.6 -542.9 -2.2 54 0 9.3 9.7 5.0 2.5 2 1 2 2 2
2932.3 -633.3 -0.0 56 0 8.9 5.6 5.0 2.5 2 0 2 5 5
3076.9 -290.0 -0.5 213 0 9.0 10.0 5.0 2.5 2 0 2 4 4
3019.9 -567.1 -2.2 56 0 6.7 9.9 5.0 2.5 2 1 2 0 0
2810.3 -736.5 0.9 64 0 8.0 6.2 5.0 0.0 0 0 2 4 4
3171.1 -432.0 0.7 216 0 8.4 8.4 5.0 2.5 2 1 2 0 0
3017.0 -747.9 -1.3 234 0 5.1 5.8 2.5 2.5 2 1 1 2 2
2953.9 -788.6 -2.7 61 0 9.5 6.8 5.0 2.5 2 0 2 4 4
3037.5 -554.1 -2.5 55 0 7.2 8.1 5.0 2.5 2 1 2 3 3
3687.0 2.2 -2.7 49 0 11.9 8.0 5.0 2.5 2 0 2 5 5
3090.3 -268.2 -0.3 213 0 8.9 8.4 5.0 2.5 2 0 2 2 2
3403.4 29.1 -0.9 25 0 11.2 9.3 5.0 2.5 2 0 2 0 0
3160.9 -405.2 0.9 36 0 11.8 9.6 5.0 2.5 4 0 2 4 4
2815.5 -753.7 0.1 243 0 8.4 7.9 5.0 2.5 2 0 2 5 5
3275.2 -310.7 -0.4 47 0 4.9 3.4 2.5 0.0 0 0 1 2 2
2983.3 -596.8 -1.0 54 0 9.3 9.8 5.0 2.5 2 1 2 0 0
3098.5 -346.3 0.3 136 0 14.2 8.2 5.0 2.5 2 0 2 3 3
3781.6 88.3 -1.8 40 0 8.6 11.4 5.0 2.5 2 1 2 3 3
3281.2 -259.5 -0.5 220 0 8.0 9.9 2.5 2.5 2 1 1 0 0
3242.9 -479.1 1.5 36 0 9.3 7.8 7.5 2.5 2 0 3 3 3
2918.2 -649.6 0.4 53 0 7.0 7.0 5.0 2.5 4 0 2 2 2
2942.8 -777.4 -2.2 59 0 7.6 5.7 5.0 2.5 2 0 2 5 5
3253.0 -291.0 -0.3 223 0 9.1 11.4 2.5 2.5 2 1 1 3 3
3702.3 -5.7 -3.7 49 0 23.7 10.9 5.0 2.5 2 0 2 5 5
3101.5 -250.7 -0.2 214 0 10.1 9.9 5.0 2.5 2 0 2 1 1
3098.9 -537.4 -1.0 226 0 6.2 5.5 5.0 2.5 2 0 2 3 3
2964.4 -613.0 -0.7 52 0 8.5 11.2 5.0 0.0 0 1 2 1 1
3094.9 -261.3 -0.2 213 0 7.6 8.4 5.0 0.0 0 0 2 5 5
3109.3 -517.3 -1.0 226 0 8.1 8.2 5.0 2.5 2 1 2 4 4
2916.1 -689.9 0.3 228 0 9.3 8.9 5.0 2.5 2 0 2 5 5
3121.0 -292.5 -1.2 216 0 7.6 11.8 5.0 2.5 2 1 2 2 2
3677.0 11.0 -1.9 51 0 10.7 11.9 5.0 0.0 0 1 2 4 4
3049.9 -698.0 -0.7 52 0 8.7 6.0 5.0 2.5 2 0 2 4 4
3788.7 92.8 -1.8 40 0 5.7 8.1 5.0 2.5 2 1 2 3 3
3005.4 -733.7 -0.5 58 0 9.4 9.1 5.0 2.5 2 0 2 3 3
2883.7 -712.7 -0.0 229 0 7.9 6.1 5.0 2.5 2 0 2 3 3
3065.5 -309.2 -0.3 214 0 9.1 8.9 5.0 2.5 2 0 2 5 5
3144.6 -262.6 -1.3 306 0 14.7 9.0 5.0 2.5 2 0 2 4 4
3693.5 -39.6 -3.8 221 0 10.8 6.8 7.5 2.5 2 0 3 2 2
3079.7 -543.2 -1.7 226 0 7.7 6.4 5.0 2.5 2 0 2 2 2
3107.2 -242.2 -0.1 214 0 10.4 9.9 5.0 2.5 4 0 2 1 1
3856.2 178.2 -0.1 54 0 7.0 6.4 5.0 2.5 2 0 2 0 0
3238.5 -464.0 1.9 310 0 6.4 5.9 5.0 2.5 2 0 2 2 2
2829.1 -727.8 0.4 60 0 8.8 6.0 5.0 2.5 2 0 2 3 3
2878.2 -690.7 0.8 50 0 4.9 4.6 5.0 2.5 2 0 2 1 1
2995.3 -758.0 -1.5 54 0 7.8 5.8 5.0 2.5 2 0 2 3 3
3148.0 -298.9 -1.1 310 0 12.3 24.1 5.0 2.5 2 1 2 4 4
3087.4 -508.2 -1.5 46 0 9.0 11.1 5.0 2.5 2 1 2 4 4
3072.0 -297.3 -0.5 214 0 8.7 10.1 5.0 2.5 2 0 2 5 5
3000.1 -582.8 -1.5 52 0 7.2 8.3 5.0 2.5 2 1 2 3 3
