-849.7 -4113.9 -4.5 0 0 11.9 11.3 2.5 2.5 2 0 1 5 5
-855.3 -4143.9 -4.7 0 0 9.3 11.6 7.5 2.5 2 1 3 3 3
-867.5 -4197.4 -4.7 180 0 7.8 7.1 2.5 2.5 2 0 1 4 4
-857.4 -4224.8 -4.7 0 0 11.0 9.5 7.5 2.5 2 0 3 0 0
-867.8 -4268.2 -4.4 180 0 11.3 10.4 7.5 2.5 2 0 3 3 3
-1488.3 -6163.6 -10.4 195 0 11.9 9.7 5.0 2.5 2 0 2 3 3
-1479.4 -6197.9 -10.1 15 0 11.1 11.2 5.0 2.5 2 1 2 4 4
-1500.9 -6241.3 -8.7 15 0 11.9 8.5 5.0 2.5 2 0 2 3 3
-1535.2 -6311.0 -8.6 195 0 11.4 10.2 5.0 2.5 2 0 2 4 4
-1503.7 -6321.3 -7.6 15 0 8.0 9.2 5.0 2.5 2 1 2 2 2
-1506.9 -6342.3 -8.4 15 0 10.3 16.3 5.0 2.5 2 1 2 4 4
-1510.0 -6360.7 -8.6 15 0 12.7 15.8 5.0 2.5 2 1 2 0 0
-1509.9 -6586.2 -2.6 283 0 13.0 8.3 2.5 2.5 2 0 1 5 5
-1506.6 -6619.5 -1.6 3 0 12.0 8.5 2.5 0.0 0 0 1 5 5
-1571.2 -6512.7 -8.0 357 0 5.7 6.5 5.0 2.5 2 1 2 0 0
-1587.6 -6532.0 -9.1 185 0 9.6 10.0 5.0 0.0 0 1 2 5 5
-1571.5 -6591.8 -9.5 9 0 7.9 12.5 5.0 2.5 4 1 2 4 4
-1540.9 -6688.4 -7.4 357 0 9.9 21.1 5.0 2.5 2 1 2 2 2
-1550.5 -6740.8 -6.6 9 0 9.1 8.7 5.0 2.5 2 0 2 5 5
-1558.4 -6792.5 -6.1 9 0 10.9 11.0 5.0 2.5 2 1 2 2 2
-1588.6 -6880.2 -8.1 14 0 11.1 10.9 5.0 2.5 2 0 2 0 0
-1592.5 -6913.4 -6.0 13 0 13.5 6.9 5.0 2.5 2 0 2 2 2
2619.7 4769.1 0.4 43 0 17.1 9.5 2.5 2.5 2 0 1 3 3
2566.5 4718.2 -7.7 43 0 28.8 16.1 2.5 2.5 2 0 1 1 1
2283.1 4188.4 3.0 192 0 27.7 4.6 2.5 2.5 2 0 1 3 3
2281.3 4150.1 5.5 189 0 22.3 9.7 2.5 2.5 2 0 1 0 0
