-5035.2 -2602.1 -11.6 181 0 12.2 10.1 2.5 2.5 2 0 1 1 1
-5033.4 -2623.6 -11.8 179 0 13.4 12.1 7.5 2.5 2 0 3 1 1
-6209.8 -6696.3 -16.4 46 0 12.4 14.8 2.5 2.5 2 1 1 4 4
-6229.0 -6711.6 -16.4 49 0 15.4 11.0 7.5 2.5 2 0 3 3 3
-6285.6 -6759.3 -14.7 32 0 14.7 11.5 7.5 2.5 2 0 3 1 1
-6312.6 -6795.9 -14.1 27 0 14.4 12.0 5.0 2.5 2 0 2 3 3
-6354.8 -6870.4 -11.0 24 0 14.0 7.5 2.5 2.5 2 0 1 1 1
-6373.6 -6901.2 -12.3 19 0 8.2 10.8 5.0 2.5 2 1 2 2 2
-6438.1 -6918.0 2.9 198 0 16.3 10.6 5.0 2.5 2 0 2 3 3
-6907.3 -4537.8 -14.1 173 0 17.4 11.3 7.5 2.5 2 0 3 1 1
-6883.5 -4553.4 -11.6 161 0 14.5 8.4 7.5 2.5 2 0 3 0 0
-6853.5 -4538.4 -10.0 243 0 18.3 13.4 7.5 2.5 2 0 3 3 3
-6833.9 -4538.5 -9.3 228 0 10.3 8.8 2.5 2.5 2 0 1 4 4
-6839.5 -4513.1 -12.7 227 0 12.6 15.6 7.5 2.5 4 1 3 0 0
-6787.9 -4477.7 -14.0 139 0 12.2 13.1 7.5 2.5 2 1 3 0 0
-6778.2 -4391.5 -14.8 229 0 12.2 21.3 10.0 2.5 2 1 4 5 5
-6795.1 -4408.4 -14.8 232 0 11.6 19.1 7.5 2.5 4 1 3 4 4
-6766.8 -4435.8 -11.3 230 0 12.0 27.2 10.0 2.5 2 1 4 0 0
-6738.7 -4413.6 -12.8 223 0 10.1 21.9 7.5 2.5 4 1 3 0 0
-6724.2 -4405.6 -12.6 221 0 7.4 18.3 7.5 2.5 2 1 3 1 1
-6887.0 -4603.5 -7.2 161 0 15.1 7.1 7.5 2.5 2 0 3 1 1
-6883.8 -4620.6 -5.9 159 0 15.0 8.8 7.5 0.0 0 0 3 3 3
-6864.2 -4615.9 -5.5 159 0 6.7 15.6 5.0 2.5 2 1 2 3 3
-6879.6 -4644.2 -4.2 156 0 13.4 26.8 10.0 2.5 2 1 4 3 3
-6878.9 -4714.1 2.4 72 0 10.2 9.7 7.5 2.5 2 0 3 1 1
-6847.9 -4713.9 1.2 73 0 43.9 13.3 10.0 2.5 2 0 4 3 3
-6837.7 -4663.9 -1.7 67 0 11.8 7.8 7.5 2.5 2 0 3 0 0
-6818.9 -4654.4 -0.1 72 0 8.4 12.8 7.5 2.5 2 1 3 1 1
-6792.1 -4645.1 2.3 68 0 14.8 12.6 5.0 0.0 0 0 2 3 3
-6803.6 -4604.0 -4.0 74 0 10.7 10.6 5.0 2.5 2 0 2 0 0
-6776.3 -4511.1 -8.9 247 0 14.6 10.0 7.5 2.5 2 0 3 3 3
-6792.7 -4557.0 -7.2 245 0 18.3 10.4 5.0 2.5 2 0 2 2 2
-6781.1 -4582.6 -6.3 73 0 10.0 10.3 2.5 2.5 2 1 1 3 3
-6772.5 -4615.7 -4.6 75 0 13.8 10.2 5.0 2.5 2 0 2 2 2
-6759.3 -4648.1 0.3 69 0 17.6 10.2 7.5 2.5 2 0 3 3 3
-6714.0 -4624.2 -3.2 68 0 12.5 12.2 2.5 2.5 2 0 1 5 5
-6658.2 -4606.0 -2.5 57 0 10.5 14.5 5.0 2.5 2 1 2 5 5
-6685.2 -4571.8 -5.2 57 0 11.2 13.3 7.5 2.5 2 1 3 4 4
-6676.1 -4612.9 -2.7 57 0 8.9 12.6 7.5 0.0 0 1 3 5 5
-6638.5 -4589.0 -1.1 57 0 8.1 11.4 7.5 2.5 2 1 3 5 5
-6618.3 -4574.2 0.2 57 0 8.8 10.2 5.0 2.5 2 1 2 3 3
-6596.8 -4552.1 1.7 327 0 10.9 8.2 7.5 2.5 2 0 3 1 1
