-1988.5 4716.5 0.6 214 0 16.4 9.1 5.0 2.5 2 0 2 2 2
-2007.8 4678.6 -1.0 214 0 10.9 15.2 5.0 2.5 2 1 2 2 2
-2003.3 4631.5 0.5 34 0 11.2 10.4 5.0 2.5 2 0 2 2 2
-2038.4 4604.7 -0.9 214 0 7.6 9.2 5.0 2.5 2 1 2 4 4
-2054.0 4589.6 -1.8 214 0 11.3 10.0 5.0 2.5 2 0 2 5 5
-2064.8 4574.3 -1.6 214 0 9.7 8.6 5.0 2.5 2 0 2 2 2
-2076.7 4555.6 -0.9 214 0 11.6 7.7 5.0 0.0 0 0 2 4 4
-2088.5 4535.3 -0.7 214 0 13.0 7.1 5.0 2.5 2 0 2 0 0
-2100.8 4516.7 -0.5 214 0 4.9 12.1 5.0 2.5 2 1 2 4 4
-2104.8 4494.6 0.7 214 0 7.5 9.8 5.0 2.5 2 1 2 1 1
-2128.3 4487.4 -3.1 213 0 11.0 12.1 5.0 2.5 2 1 2 0 0
-2136.1 4457.1 -2.3 207 0 8.7 8.8 5.0 2.5 2 1 2 1 1
-2324.4 4273.7 -10.0 180 0 10.1 8.6 2.5 2.5 2 0 1 5 5
-2326.1 4259.1 -10.1 180 0 8.4 9.8 2.5 2.5 2 1 1 3 3
-2273.3 4250.2 -6.4 10 0 8.8 5.9 2.5 2.5 2 0 1 3 3
-2271.9 4265.4 -7.4 7 0 9.3 21.2 2.5 2.5 2 1 1 4 4
-2268.1 4204.8 -5.9 10 0 13.3 8.1 2.5 0.0 0 0 1 1 1
-2262.3 4227.9 -7.3 8 0 8.7 28.0 2.5 2.5 2 1 1 5 5
-2251.8 4329.2 -7.0 33 0 12.7 12.8 2.5 2.5 2 1 1 3 3
-2145.9 4318.7 6.4 288 0 10.0 11.9 5.0 2.5 2 1 2 5 5
-2179.1 4398.3 -2.2 214 0 9.7 16.1 5.0 2.5 2 1 2 5 5
-2168.1 4352.5 -1.8 28 0 9.5 15.7 5.0 2.5 2 1 2 3 3
-2204.7 4360.4 -5.8 217 0 11.5 12.3 5.0 2.5 2 1 2 3 3
-2220.0 4347.7 -6.2 215 0 11.6 10.0 5.0 2.5 2 0 2 0 0
-2212.9 4311.5 -3.4 197 0 12.2 13.0 5.0 0.0 0 1 2 0 0
-2227.7 4291.8 -2.8 190 0 10.6 12.2 5.0 2.5 2 1 2 2 2
-2235.3 4270.9 -2.7 182 0 9.3 15.9 5.0 2.5 2 1 2 1 1
-2237.8 4246.7 -2.9 186 0 11.7 15.6 5.0 2.5 2 1 2 3 3
-2241.2 4215.1 -3.0 182 0 9.3 15.8 5.0 2.5 2 1 2 5 5
-2245.5 4186.3 -2.7 191 0 9.7 13.0 5.0 2.5 2 1 2 1 1
-2251.1 4156.1 -2.6 190 0 10.9 6.4 5.0 2.5 2 0 2 2 2
-2271.3 4177.5 -6.3 17 0 8.4 11.4 2.5 2.5 4 1 1 5 5
-2275.3 4122.4 -6.1 18 0 12.8 17.1 2.5 2.5 2 1 1 4 4
-2238.5 4124.9 -1.1 294 0 8.2 11.7 5.0 2.5 2 1 2 2 2
-2228.2 4065.4 4.0 288 0 7.8 11.6 5.0 2.5 2 1 2 3 3
-2229.8 4084.2 0.4 12 0 10.1 10.7 5.0 2.5 2 1 2 4 4
-2261.8 4081.1 -1.8 194 0 32.3 8.3 5.0 2.5 2 0 2 4 4
-2226.8 4021.4 4.7 15 0 13.0 29.6 5.0 2.5 2 1 2 2 2
-2232.0 4002.9 9.0 16 0 10.6 7.6 5.0 2.5 2 0 2 3 3
-2238.8 3982.2 8.7 22 0 10.3 7.8 5.0 2.5 2 0 2 5 5
-2251.8 3988.9 3.7 21 0 9.2 16.5 5.0 2.5 2 1 2 4 4
-2274.7 4023.5 0.9 197 0 19.6 11.0 5.0 2.5 2 0 2 2 2
-2284.3 4003.0 -0.3 207 0 10.7 8.6 5.0 2.5 2 0 2 2 2
-2326.7 3984.6 -6.7 32 0 48.2 19.7 2.5 2.5 2 0 1 5 5
-2315.3 3966.0 -2.0 210 0 26.0 9.1 5.0 2.5 2 0 2 3 3
-2346.7 3907.4 -0.2 206 0 11.6 18.5 5.0 2.5 2 1 2 2 2
-2359.2 3892.1 -1.1 207 0 12.4 21.1 5.0 2.5 2 1 2 2 2
-2370.0 3877.2 -1.9 210 0 13.3 12.9 5.0 2.5 2 0 2 2 2
-2380.1 3859.7 -2.6 209 0 13.6 12.2 5.0 0.0 0 0 2 1 1
-2389.4 3889.3 -5.2 30 0 14.4 12.5 2.5 2.5 4 0 1 0 0
-2413.1 3858.1 -7.5 36 0 14.5 12.0 2.5 2.5 4 0 1 5 5
-2395.8 3847.8 -4.0 205 0 11.2 13.6 5.0 2.5 2 1 2 1 1
-2406.2 3809.0 -3.4 209 0 45.6 13.9 5.0 2.5 2 0 2 2 2
-2429.6 3784.6 -2.8 214 0 11.8 25.5 5.0 2.5 4 1 2 0 0
-2437.5 3765.3 -1.0 211 0 8.7 20.1 5.0 2.5 2 1 2 5 5
-2598.1 3610.6 -0.8 42 0 11.2 15.0 2.5 2.5 2 1 1 4 4
-2615.0 3595.1 -0.5 39 0 14.6 14.3 2.5 2.5 2 0 1 5 5
-2560.2 3547.9 6.8 40 0 11.2 11.8 5.0 2.5 4 1 2 1 1
-2596.4 3579.4 3.3 223 0 9.3 12.3 5.0 2.5 2 1 2 1 1
-2618.8 3550.3 4.2 223 0 7.4 8.8 5.0 2.5 2 1 2 1 1
-2579.1 3531.3 7.0 36 0 12.8 11.8 5.0 2.5 2 0 2 5 5
-2595.9 3508.5 6.8 30 0 11.8 10.6 5.0 2.5 2 0 2 3 3
-2623.7 3529.3 5.1 217 0 9.8 7.8 5.0 2.5 2 0 2 2 2
-2652.1 3547.6 0.8 40 0 11.6 11.1 2.5 2.5 2 0 1 5 5
-2815.5 3369.7 -3.9 219 0 10.4 6.8 2.5 2.5 2 0 1 4 4
-2799.5 3394.7 -3.6 223 0 7.8 9.3 2.5 2.5 2 1 1 4 4
-2758.1 3325.0 -3.4 37 0 10.0 8.1 5.0 2.5 2 0 2 4 4
-2775.3 3301.7 -3.8 32 0 15.5 12.7 5.0 0.0 0 0 2 2 2
-2855.9 3315.1 -4.6 218 0 12.1 12.2 2.5 2.5 2 1 1 0 0
-2863.0 3259.9 -4.8 33 0 9.2 9.1 2.5 2.5 2 0 1 1 1
-3570.2 867.6 -2.9 287 0 11.9 14.3 2.5 0.0 0 1 1 2 2
-3619.3 817.6 -6.8 184 0 11.7 15.6 5.0 2.5 2 1 2 1 1
-3552.4 812.3 -4.7 6 0 10.8 14.6 7.5 2.5 2 1 3 2 2
-3552.2 754.6 -7.2 2 0 8.7 11.1 7.5 2.5 2 1 3 1 1
-3563.4 705.2 -4.9 6 0 13.5 6.7 5.0 0.0 0 0 2 2 2
-3599.9 764.2 -9.5 265 0 9.5 13.2 7.5 2.5 2 1 3 0 0
-3611.5 766.5 -9.8 269 0 8.8 12.2 5.0 2.5 2 1 2 5 5
-3630.7 737.8 -10.1 188 0 12.7 9.2 2.5 2.5 2 0 1 4 4
-3569.2 723.7 -7.3 7 0 7.5 11.6 5.0 2.5 2 1 2 1 1
-3708.6 -6572.3 -8.2 273 0 12.5 17.0 7.5 2.5 2 1 3 2 2
-3670.0 -6661.6 -4.7 16 0 9.9 14.7 7.5 0.0 0 1 3 0 0
-3692.6 -6679.2 -6.3 16 0 15.5 16.9 12.5 2.5 4 1 5 0 0
-3727.3 -6655.7 -8.3 197 0 10.3 10.1 5.0 2.5 2 0 2 4 4
-3731.3 -6691.0 -8.1 106 0 10.8 15.5 2.5 2.5 2 1 1 2 2
-3733.3 -6705.5 -7.9 95 0 10.0 9.3 7.5 2.5 4 0 3 5 5
-3738.1 -6722.2 -7.6 97 0 6.4 11.7 7.5 2.5 2 1 3 1 1
-4081.0 -5079.2 -2.0 345 0 9.0 9.9 2.5 2.5 2 1 1 5 5
-4161.3 -5051.4 -7.7 269 0 12.6 10.7 5.0 2.5 4 0 2 3 3
-4164.5 -5079.6 -9.9 270 0 11.6 29.5 10.0 2.5 2 1 4 0 0
-4157.7 -5239.6 -9.3 165 0 8.0 17.9 7.5 2.5 2 1 3 0 0
-4153.3 -5262.3 -9.3 170 0 13.3 12.3 2.5 2.5 4 0 1 4 4
-4199.0 -5211.3 -12.6 163 0 9.7 14.2 7.5 2.5 2 1 3 2 2
-4188.8 -5228.5 -12.0 175 0 10.8 8.6 7.5 2.5 2 0 3 3 3
-4183.9 -5249.0 -11.8 169 0 12.5 11.0 7.5 2.5 2 0 3 3 3
-4202.1 -5270.6 -13.8 165 0 9.8 23.1 5.0 2.5 2 1 2 3 3
-4176.7 -5289.0 -11.8 165 0 10.9 9.2 5.0 2.5 2 0 2 2 2
-4170.4 -5312.9 -11.7 165 0 12.7 8.3 7.5 2.5 2 0 3 1 1
-4154.1 -5281.2 -9.7 165 0 17.0 14.7 10.0 2.5 4 0 4 0 0
-4117.5 -5263.3 -6.9 265 0 16.5 25.5 12.5 2.5 2 1 5 2 2
-4034.8 -5274.8 -0.9 352 0 9.9 14.7 5.0 2.5 2 1 2 3 3
-4037.1 -5254.6 0.0 355 0 8.4 5.5 7.5 2.5 2 0 3 0 0
-4050.2 -5253.8 -1.2 349 0 12.5 12.6 7.5 2.5 2 1 3 0 0
-4076.2 -5257.6 -3.6 350 0 12.7 15.1 7.5 2.5 4 1 3 3 3
-4067.2 -5275.1 -2.5 356 0 9.0 8.6 5.0 2.5 2 0 2 3 3
-4078.9 -5275.9 -3.5 352 0 10.6 8.5 2.5 2.5 4 0 1 0 0
-4066.0 -5300.5 -3.1 341 0 11.3 11.9 2.5 2.5 2 1 1 4 4
-4089.0 -5306.9 -5.1 352 0 10.5 11.2 5.0 2.5 2 1 2 5 5
-4116.6 -5326.6 -6.9 170 0 10.6 10.6 5.0 2.5 2 1 2 5 5
-4150.1 -5332.2 -10.2 169 0 13.1 23.8 10.0 0.0 0 1 4 0 0
-4131.1 -5363.7 -9.0 165 0 11.1 15.2 7.5 0.0 0 1 3 1 1
-4088.7 -5369.6 -6.0 341 0 19.1 7.5 5.0 2.5 2 0 2 1 1
-4122.3 -5395.7 -9.1 163 0 10.6 29.2 10.0 2.5 2 1 4 4 4
-4115.3 -5416.6 -9.2 163 0 9.3 17.5 7.5 2.5 2 1 3 2 2
-4152.5 -5401.5 -12.0 163 0 10.3 11.7 2.5 2.5 2 1 1 0 0
-4148.6 -5422.0 -12.4 165 0 17.9 11.5 5.0 2.5 2 0 2 1 1
-4123.1 -5439.4 -10.7 165 0 11.4 20.3 7.5 2.5 2 1 3 0 0
-4109.5 -5488.1 -11.0 163 0 22.1 12.1 15.0 0.0 0 0 6 4 4
-4085.3 -5510.6 -10.3 341 0 12.3 9.5 7.5 2.5 4 0 3 3 3
-4084.0 -5535.3 -7.5 345 0 8.7 11.3 7.5 2.5 2 1 3 4 4
-4102.5 -5563.4 -7.5 170 0 11.5 17.0 7.5 2.5 2 1 3 4 4
-4098.5 -5585.2 -7.9 170 0 10.3 11.7 7.5 2.5 2 1 3 4 4
-4104.2 -5603.6 -11.7 170 0 11.2 17.4 5.0 2.5 2 1 2 1 1
-4084.1 -5661.4 -13.6 172 0 14.8 7.4 7.5 2.5 2 0 3 4 4
-4089.4 -5696.0 -14.5 169 0 10.1 15.7 2.5 0.0 0 1 1 3 3
-1617.3 6902.3 -5.4 3 0 12.6 8.7 2.5 2.5 2 0 1 3 3
-1637.2 6857.5 -9.1 5 0 9.9 6.4 5.0 2.5 2 0 2 3 3
-1717.3 6046.3 -5.5 307 0 11.5 12.6 2.5 2.5 2 1 1 2 2
-1751.9 6027.5 -11.2 94 0 12.5 8.7 7.5 2.5 2 0 3 4 4
-1765.4 5929.3 -9.1 18 0 18.8 4.7 5.0 2.5 2 0 2 3 3
-1785.4 5873.1 -6.6 22 0 11.2 6.8 5.0 2.5 2 0 2 2 2
-1776.1 5897.8 -8.4 20 0 10.8 8.1 5.0 2.5 4 0 2 4 4
-1840.8 5322.6 -8.8 277 0 7.7 5.8 2.5 2.5 2 0 1 4 4
-1805.2 5329.1 -4.9 97 0 13.3 13.1 2.5 0.0 0 0 1 0 0
-1831.3 5338.8 -7.6 97 0 10.9 13.7 2.5 2.5 2 1 1 4 4
-1826.9 5308.8 -7.3 187 0 15.8 6.4 2.5 2.5 2 0 1 5 5
-1812.7 5312.4 -6.1 277 0 7.2 9.6 2.5 2.5 2 1 1 0 0
-1790.7 5303.5 -3.1 187 0 9.9 9.8 5.0 2.5 2 0 2 1 1
-1796.6 5280.7 -3.7 187 0 11.5 19.5 5.0 2.5 2 1 2 5 5
-1810.6 5269.9 -6.1 7 0 9.7 7.5 2.5 2.5 2 0 1 1 1
-1825.8 5287.9 -7.2 187 0 13.4 10.9 2.5 2.5 2 0 1 2 2
-1862.5 5308.2 -9.6 187 0 9.3 9.3 2.5 2.5 2 1 1 5 5
-1865.4 5286.4 -9.1 187 0 11.0 8.8 2.5 2.5 4 0 1 0 0
-1843.3 5258.4 -8.5 7 0 11.1 19.2 2.5 2.5 2 1 1 1 1
-1875.1 5248.0 -11.3 277 0 16.4 7.2 2.5 2.5 2 0 1 1 1
-1875.4 5174.9 -6.7 187 0 12.5 11.0 2.5 2.5 2 0 1 1 1
-1855.8 5191.0 -7.1 7 0 11.1 9.4 2.5 2.5 2 0 1 4 4
-1868.9 5219.6 -7.6 187 0 7.5 11.9 2.5 2.5 2 1 1 0 0
-1844.6 5240.6 -8.2 7 0 12.7 12.8 2.5 2.5 2 1 1 1 1
-1836.3 5238.0 -7.8 187 0 11.6 10.8 2.5 0.0 0 0 1 0 0
-1823.2 5218.3 -7.1 7 0 6.5 8.5 2.5 2.5 2 1 1 3 3
-1839.6 5200.1 -7.0 187 0 6.1 10.0 2.5 2.5 2 1 1 3 3
-1780.3 5205.9 -3.8 7 0 7.5 7.1 5.0 0.0 0 0 2 5 5
-1773.0 5255.4 -2.3 7 0 9.9 9.8 5.0 2.5 2 0 2 4 4
-1801.6 5241.6 -4.1 187 0 11.4 7.2 5.0 2.5 2 0 2 3 3
-1807.3 5213.9 -4.7 187 0 15.1 10.4 5.0 2.5 2 0 2 2 2
-1811.4 5195.6 -5.2 187 0 12.0 11.2 5.0 2.5 2 0 2 0 0
-1748.5 5200.4 -2.8 187 0 16.2 7.5 5.0 2.5 2 0 2 1 1
-1739.2 5233.8 -0.0 176 0 16.2 10.6 5.0 2.5 2 0 2 2 2
-1700.7 5208.5 5.6 89 0 9.4 11.6 5.0 2.5 2 1 2 5 5
