4962.7 2915.6 -6.9 180 0 15.2 15.7 2.5 2.5 2 1 1 4 4
5007.0 2909.8 -6.1 90 0 11.6 10.4 7.5 2.5 2 0 3 0 0
5047.3 2865.6 -6.5 90 0 11.0 10.1 2.5 2.5 2 0 1 5 5
5044.5 2914.9 -6.5 90 0 10.7 9.2 7.5 2.5 2 0 3 2 2
5098.2 2933.5 -6.0 0 0 8.7 13.0 7.5 2.5 2 1 3 5 5
5099.4 2909.4 -5.5 0 0 8.7 14.8 5.0 2.5 2 1 2 4 4
5090.9 2880.8 -5.1 90 0 13.9 9.3 2.5 2.5 2 0 1 4 4
5119.0 2973.4 -4.5 4 0 36.5 15.5 10.0 2.5 2 0 4 1 1
4994.4 3147.3 -3.5 0 0 14.9 13.9 5.0 2.5 2 0 2 1 1
4968.0 3123.7 -5.2 0 0 10.7 8.9 7.5 2.5 2 0 3 2 2
5041.9 3148.8 -1.9 270 0 12.5 19.1 10.0 2.5 2 1 4 1 1
5027.3 3077.3 -4.5 180 0 13.4 10.7 7.5 2.5 2 0 3 4 4
4970.4 2951.5 -5.3 180 0 14.3 6.5 2.5 2.5 2 0 1 4 4
4963.6 2932.4 -6.0 180 0 7.2 6.8 7.5 2.5 4 0 3 0 0
4998.3 2939.3 -5.2 180 0 11.9 11.9 7.5 2.5 2 0 3 4 4
5046.6 2938.4 -7.2 90 0 13.0 8.9 5.0 2.5 2 0 2 2 2
5041.9 2971.8 -7.5 180 0 8.9 8.0 7.5 2.5 4 0 3 3 3
5025.8 2970.3 -6.8 180 0 9.0 8.0 2.5 2.5 2 0 1 0 0
5006.3 2998.7 -6.5 180 0 14.9 22.5 12.5 2.5 4 1 5 0 0
5023.8 3032.4 -6.4 180 0 6.0 13.9 7.5 2.5 2 1 3 2 2
5041.0 3031.2 -6.5 180 0 13.7 6.5 7.5 2.5 2 0 3 2 2
5042.1 3054.7 -4.9 180 0 11.0 5.6 7.5 0.0 0 0 3 1 1
5140.0 3081.5 2.0 0 0 20.0 12.7 7.5 2.5 2 0 3 0 0
5089.3 3056.3 -2.2 0 0 13.1 6.5 5.0 2.5 2 0 2 1 1
5091.1 3032.7 -3.6 0 0 13.1 7.7 5.0 2.5 2 0 2 4 4
5093.7 3009.0 -5.3 0 0 18.8 11.3 10.0 2.5 2 0 4 0 0
