-6150.1 -3971.8 -53.2 96 0 5.4 3.9 2.5 2.5 2 0 1 0 0
-6121.0 -3844.1 -42.0 1 0 7.2 8.8 2.5 2.5 2 1 1 3 3
-6130.7 -3842.8 -40.6 360 0 7.1 8.3 2.5 2.5 2 1 1 1 1
-6161.9 -3900.7 -49.6 6 0 5.9 8.1 2.5 2.5 2 1 1 5 5
-6154.3 -3902.8 -50.2 10 0 5.5 6.6 2.5 0.0 0 1 1 1 1
-6139.0 -3908.8 -51.6 16 0 6.4 9.9 2.5 2.5 2 1 1 0 0
-6124.4 -3887.3 -51.8 7 0 7.1 6.4 2.5 2.5 2 0 1 5 5
-6131.0 -3883.2 -50.4 10 0 8.2 9.8 2.5 2.5 2 1 1 1 1
-6083.4 -3954.5 -58.5 285 0 20.6 28.2 5.0 2.5 2 1 2 0 0
-6138.1 -4001.7 -54.2 199 0 8.0 13.3 5.0 2.5 2 1 2 1 1
-6136.7 -4013.7 -54.2 197 0 8.6 9.2 5.0 2.5 2 1 2 4 4
-6133.9 -4030.9 -54.3 182 0 7.6 12.0 5.0 2.5 2 1 2 3 3
-6131.5 -4044.1 -53.8 181 0 4.2 3.6 5.0 2.5 2 0 2 2 2
-6141.1 -4043.9 -53.6 182 0 5.3 8.3 5.0 2.5 2 1 2 0 0
-6130.9 -4050.7 -54.0 178 0 7.0 9.6 5.0 2.5 2 1 2 4 4
-6112.5 -4048.4 -54.4 357 0 9.8 6.1 5.0 0.0 0 0 2 5 5
-6131.2 -4079.4 -53.9 179 0 8.3 7.7 5.0 2.5 2 0 2 5 5
-6126.7 -4093.2 -53.9 89 0 7.7 8.4 5.0 0.0 0 1 2 4 4
-6107.4 -4090.7 -54.3 89 0 6.9 7.4 5.0 2.5 4 1 2 3 3
-6093.6 -4086.8 -54.6 0 0 5.4 8.2 5.0 2.5 2 1 2 5 5
-6044.8 -4201.6 -58.5 42 0 10.1 8.6 5.0 2.5 2 0 2 3 3
-6115.1 -4200.0 -49.2 186 0 6.7 4.0 5.0 2.5 2 0 2 0 0
-6130.5 -4152.0 -53.7 181 0 7.7 13.4 5.0 2.5 2 1 2 0 0
-6050.2 -3737.6 -53.2 186 0 7.4 8.5 2.5 2.5 2 1 1 4 4
-6040.5 -3673.1 -46.7 12 0 7.7 9.0 2.5 2.5 2 1 1 4 4
-6060.7 -3698.9 -42.8 99 0 8.5 7.5 2.5 2.5 2 0 1 3 3
-6096.8 -3688.2 -42.1 171 0 8.1 40.9 2.5 2.5 2 1 1 0 0
-6776.7 -2901.6 -41.1 105 0 9.3 9.0 7.5 2.5 2 0 3 0 0
-456.5 -1719.4 -40.9 144 0 9.6 8.3 7.5 0.0 0 0 3 4 4
-463.5 -1726.1 -39.4 146 0 12.0 8.2 5.0 2.5 2 0 2 5 5
-421.9 -1712.0 -48.6 62 0 8.4 13.4 2.5 2.5 2 1 1 2 2
-410.0 -1685.9 -50.9 335 0 11.1 12.1 5.0 2.5 2 1 2 4 4
-384.3 -1645.1 -57.6 333 0 10.4 10.6 10.0 2.5 2 1 4 2 2
-195.8 4839.5 -52.6 65 0 27.4 14.6 12.5 2.5 2 0 5 0 0
-236.2 4837.9 -52.0 70 0 10.8 22.4 7.5 2.5 2 1 3 4 4
-252.6 4836.2 -50.3 74 0 11.2 17.8 5.0 0.0 0 1 2 5 5
-272.1 4858.1 -52.7 257 0 7.6 14.4 7.5 2.5 4 1 3 5 5
-278.5 4830.6 -42.9 87 0 11.3 8.4 7.5 2.5 2 0 3 3 3
-285.3 4852.4 -50.0 257 0 9.5 8.1 5.0 2.5 2 0 2 1 1
-286.6 4871.0 -59.9 255 0 10.6 13.1 2.5 2.5 2 1 1 0 0
-303.9 4860.7 -57.6 256 0 10.0 13.7 5.0 2.5 2 1 2 0 0
-309.8 4814.3 -40.0 68 0 13.1 9.0 7.5 2.5 2 0 3 4 4
-329.1 4816.4 -49.3 74 0 9.1 15.5 2.5 2.5 2 1 1 1 1
-335.8 4851.7 -57.5 256 0 16.5 15.1 5.0 2.5 2 0 2 1 1
-394.1 4802.1 -50.9 80 0 9.6 15.4 7.5 2.5 2 1 3 1 1
-378.3 4805.7 -50.4 80 0 8.0 14.8 7.5 0.0 0 1 3 4 4
-357.0 4798.2 -43.8 80 0 12.4 10.9 7.5 2.5 2 0 3 4 4
-356.1 4812.0 -49.9 78 0 7.9 13.6 5.0 2.5 2 1 2 2 2
-432.8 4834.1 -58.8 267 0 8.9 14.0 7.5 2.5 2 1 3 2 2
-6502.2 -4041.7 -24.4 192 0 15.3 12.2 2.5 2.5 4 0 1 2 2
-6456.8 -4009.8 -34.7 287 0 16.4 13.4 2.5 2.5 2 0 1 3 3
-6453.4 -3989.1 -36.7 100 0 12.6 12.4 2.5 2.5 2 0 1 0 0
-6431.4 -3974.4 -35.5 99 0 9.2 14.5 2.5 2.5 2 1 1 2 2
-6413.7 -3979.7 -37.4 90 0 7.1 13.4 2.5 0.0 0 1 1 3 3
-6396.8 -3976.9 -37.8 83 0 10.7 18.0 2.5 0.0 0 1 1 3 3
-6380.2 -3975.2 -39.5 83 0 10.7 15.9 2.5 2.5 2 1 1 4 4
-6335.8 -4084.6 -41.0 95 0 11.9 13.5 2.5 0.0 0 1 1 1 1
-6389.6 -4059.6 -39.7 86 0 9.1 12.9 2.5 2.5 2 1 1 5 5
-6353.1 -4000.3 -44.3 271 0 9.2 16.4 2.5 2.5 2 1 1 1 1
-6343.5 -3961.6 -39.2 88 0 11.2 9.9 2.5 2.5 2 0 1 2 2
-6315.3 -3951.9 -37.9 84 0 11.8 8.4 2.5 2.5 2 0 1 5 5
-6319.1 -3976.0 -43.8 84 0 16.8 10.8 2.5 2.5 2 0 1 0 0
-6294.7 -3961.8 -41.3 91 0 6.3 14.3 2.5 2.5 2 1 1 5 5
-6283.5 -3975.2 -45.3 93 0 11.4 12.2 2.5 2.5 2 1 1 5 5
-6261.0 -3964.7 -47.0 90 0 25.5 12.2 2.5 2.5 2 0 1 0 0
-6233.5 -3965.7 -47.9 86 0 13.6 15.6 2.5 2.5 2 1 1 0 0
-6212.5 -3969.6 -48.9 94 0 11.8 13.2 2.5 2.5 2 1 1 3 3
-6186.4 -3971.7 -51.1 93 0 13.6 11.4 2.5 2.5 2 0 1 3 3
-6235.2 -3991.7 -48.9 268 0 12.6 16.7 2.5 2.5 2 1 1 3 3
-6271.5 -3986.8 -47.3 268 0 16.4 16.7 2.5 0.0 0 1 1 4 4
-6317.0 -3991.6 -46.0 267 0 10.8 17.0 2.5 2.5 4 1 1 3 3
-6166.3 -4096.8 -52.8 89 0 12.2 15.8 2.5 2.5 2 1 1 0 0
-6188.1 -4082.3 -52.2 93 0 19.7 10.2 2.5 2.5 2 0 1 5 5
-6190.5 -4031.0 -51.2 8 0 13.0 7.5 2.5 2.5 2 0 1 0 0
-6184.2 -3983.8 -51.5 281 0 8.6 14.3 2.5 2.5 4 1 1 5 5
-6163.9 -4006.0 -52.5 16 0 8.7 11.0 2.5 2.5 2 1 1 1 1
-6165.8 -4020.1 -52.4 12 0 12.5 20.9 2.5 2.5 2 1 1 0 0
-6154.5 -4021.8 -53.1 12 0 14.9 6.8 2.5 2.5 2 0 1 3 3
-4869.3 -3106.2 -42.9 120 0 20.6 15.7 10.0 2.5 2 0 4 3 3
-3572.3 -2276.8 -60.5 337 0 13.5 11.3 5.0 0.0 0 0 2 5 5
-3572.1 -2302.2 -60.3 158 0 12.7 11.8 5.0 0.0 0 0 2 2 2
-3407.9 -2374.3 -57.7 2 0 15.5 7.7 7.5 2.5 2 0 3 4 4
-3195.6 -2182.6 -59.9 286 0 16.3 10.3 7.5 2.5 2 0 3 0 0
-2453.9 -2369.1 -58.7 258 0 9.7 17.9 7.5 2.5 2 1 3 4 4
-2457.5 -2397.9 -46.9 166 0 12.6 10.2 5.0 2.5 2 0 2 0 0
-2432.4 -2387.8 -46.0 259 0 27.8 11.4 10.0 2.5 2 0 4 1 1
-2404.5 -2427.3 -36.5 72 0 15.4 25.1 12.5 2.5 2 1 5 1 1
-2416.5 -2368.3 -50.6 169 0 11.4 12.7 10.0 2.5 4 1 4 5 5
-2411.1 -2318.7 -60.1 165 0 19.8 15.0 10.0 2.5 2 0 4 4 4
-2331.9 -2308.9 -59.7 329 0 9.6 11.7 5.0 2.5 2 1 2 3 3
-2226.3 -2179.5 -59.2 199 0 9.1 11.1 7.5 2.5 2 1 3 2 2
-2260.0 -2089.2 -59.8 153 0 6.2 11.7 7.5 2.5 2 1 3 0 0
-2279.9 -2068.0 -57.2 146 0 8.4 8.6 7.5 2.5 4 1 3 0 0
-2268.3 -2072.4 -54.2 129 0 8.0 7.5 5.0 2.5 2 0 2 5 5
-2296.5 -2057.0 -56.2 147 0 9.8 9.9 2.5 2.5 4 1 1 2 2
-2328.2 -2028.3 -51.3 144 0 5.8 8.7 2.5 2.5 2 1 1 4 4
-2321.4 -2037.2 -54.7 149 0 8.0 13.9 5.0 2.5 2 1 2 4 4
-2159.3 -1890.9 -58.9 229 0 12.6 12.1 5.0 2.5 2 0 2 5 5
-2146.8 -1876.9 -59.1 229 0 7.8 11.7 5.0 0.0 0 1 2 0 0
-2125.9 -1864.6 -52.4 235 0 12.0 6.7 7.5 0.0 0 0 3 1 1
-2120.3 -1822.3 -57.9 178 0 10.2 13.6 5.0 2.5 2 1 2 2 2
-2111.9 -1796.3 -57.8 190 0 18.0 9.0 2.5 2.5 2 0 1 0 0
-1547.2 -1435.0 -59.4 163 0 12.3 15.2 5.0 0.0 0 1 2 1 1
-1527.2 -1471.2 -56.6 167 0 12.2 10.2 2.5 2.5 2 0 1 4 4
-1528.0 -1491.0 -57.3 177 0 10.0 14.8 5.0 2.5 2 1 2 1 1
-1522.9 -1507.0 -53.6 180 0 9.0 10.7 7.5 2.5 2 1 3 5 5
-1512.5 -1631.8 -57.6 180 0 7.8 10.1 7.5 2.5 2 1 3 3 3
-1493.5 -1638.8 -47.0 228 0 10.3 7.5 7.5 2.5 4 0 3 0 0
-1475.1 -1656.5 -35.9 104 0 7.6 9.4 7.5 2.5 2 1 3 2 2
-1515.6 -1652.4 -54.7 231 0 7.5 15.2 7.5 2.5 2 1 3 1 1
-1526.2 -1661.6 -55.2 232 0 9.0 13.2 7.5 2.5 2 1 3 4 4
-1537.6 -1673.8 -54.2 229 0 7.4 12.2 5.0 2.5 2 1 2 1 1
-1596.3 -1717.8 -56.8 185 0 11.1 7.8 7.5 2.5 2 0 3 4 4
-1563.8 -1686.5 -57.3 241 0 11.6 7.2 2.5 0.0 0 0 1 3 3
-1580.8 -1691.5 -59.0 243 0 13.9 14.8 10.0 2.5 2 1 4 5 5
-1690.3 -1718.0 -59.4 8 0 11.1 5.9 5.0 2.5 2 0 2 4 4
-1698.9 -1713.3 -58.5 12 0 9.0 11.2 2.5 2.5 2 1 1 2 2
-1722.5 -1707.0 -55.1 4 0 7.8 8.3 7.5 2.5 2 1 3 3 3
-1727.2 -1694.6 -55.7 336 0 7.5 8.8 5.0 2.5 2 1 2 5 5
-1742.7 -1665.1 -57.9 46 0 12.8 13.8 10.0 2.5 2 1 4 1 1
-1536.9 -1527.3 -58.6 216 0 9.1 16.4 2.5 2.5 2 1 1 5 5
-1445.1 -1636.9 -35.7 35 0 14.2 22.0 12.5 2.5 2 1 5 5 5
-1677.1 -1859.3 -25.8 174 0 10.5 8.0 7.5 2.5 2 0 3 0 0
-1686.6 -1845.4 -27.3 142 0 19.6 10.2 10.0 2.5 2 0 4 4 4
-1639.1 -1851.7 -28.7 9 0 7.9 26.1 7.5 2.5 2 1 3 5 5
-1650.7 -1878.7 -27.1 85 0 11.3 22.5 10.0 2.5 2 1 4 2 2
-1626.4 -1841.5 -29.5 24 0 17.6 11.0 2.5 2.5 2 0 1 0 0
-2530.6 2721.7 -60.3 274 0 9.5 7.4 7.5 2.5 4 0 3 0 0
-2545.9 2721.4 -59.1 271 0 7.7 13.4 5.0 2.5 2 1 2 3 3
-2572.5 2718.5 -59.7 270 0 7.4 11.6 5.0 2.5 2 1 2 1 1
-2602.7 2708.2 -57.6 272 0 8.9 5.1 5.0 2.5 2 0 2 0 0
-2800.8 2810.5 -60.0 32 0 9.3 31.7 7.5 2.5 2 1 3 2 2
-2830.0 2820.1 -58.7 304 0 16.1 8.0 5.0 2.5 2 0 2 4 4
-2848.6 2779.6 -57.2 134 0 8.3 19.1 2.5 2.5 2 1 1 4 4
-2900.3 2693.3 -58.1 185 0 11.1 10.7 7.5 2.5 2 0 3 4 4
-2825.6 2402.3 -16.2 92 0 8.6 7.4 7.5 0.0 0 0 3 3 3
-2827.4 2414.7 -19.7 90 0 8.0 8.1 7.5 2.5 2 1 3 2 2
-2828.3 2436.5 -23.7 270 0 10.4 7.8 5.0 2.5 2 0 2 0 0
-2915.4 2475.1 -55.6 173 0 8.5 23.3 2.5 2.5 2 1 1 5 5
-3124.9 2597.1 -59.7 321 0 13.6 14.2 7.5 2.5 2 1 3 2 2
-3472.3 2341.9 -57.4 144 0 10.0 23.0 5.0 0.0 0 1 2 3 3
-3936.0 2192.9 -60.2 86 0 6.2 9.6 5.0 2.5 2 1 2 3 3
-783.6 5003.2 -61.2 275 0 9.2 12.9 7.5 2.5 2 1 3 1 1
-725.2 4863.0 -60.8 268 0 14.6 8.7 7.5 2.5 2 0 3 2 2
-782.9 4855.6 -56.2 180 0 9.0 37.1 7.5 2.5 2 1 3 4 4
-555.5 4824.2 -57.4 288 0 12.5 10.9 7.5 2.5 2 0 3 3 3
-501.6 4831.2 -58.9 266 0 10.0 12.9 5.0 2.5 2 1 2 3 3
-533.9 4818.3 -55.5 272 0 18.8 9.9 5.0 2.5 2 0 2 1 1
-495.9 4776.6 -42.6 62 0 12.8 8.7 2.5 2.5 2 0 1 5 5
-1694.9 3290.9 -43.3 64 0 11.3 12.9 2.5 2.5 2 1 1 4 4
-1682.6 3332.2 -34.8 244 0 8.3 8.9 5.0 2.5 2 1 2 5 5
-1699.1 3318.5 -39.2 153 0 12.0 12.6 7.5 0.0 0 1 3 3 3
-1681.9 3295.3 -39.8 92 0 13.6 10.4 7.5 2.5 2 0 3 0 0
-1665.7 3343.3 -31.8 237 0 28.3 10.0 7.5 0.0 0 0 3 4 4
-1656.8 3297.8 -32.8 147 0 10.3 27.1 15.0 0.0 0 1 6 2 2
-1644.7 3353.7 -26.2 243 0 11.8 37.7 10.0 2.5 2 1 4 1 1
-1040.9 3098.9 -17.3 17 0 10.6 20.8 7.5 2.5 2 1 3 5 5
-1061.1 3070.7 -20.6 110 0 23.6 10.7 10.0 2.5 2 0 4 0 0
-1075.6 2864.3 -59.1 316 0 8.2 12.4 7.5 2.5 2 1 3 0 0
-1088.1 2875.0 -58.4 298 0 11.8 9.3 2.5 2.5 2 0 1 2 2
-1108.6 2868.0 -54.6 232 0 14.0 13.3 2.5 2.5 2 0 1 1 1
-1102.6 2828.1 -57.8 33 0 8.0 19.8 5.0 2.5 2 1 2 3 3
-1124.0 2817.2 -56.5 38 0 10.6 20.8 10.0 2.5 2 1 4 5 5
-1163.0 2795.7 -48.3 35 0 12.4 35.4 10.0 2.5 2 1 4 5 5
-1197.7 2766.7 -31.6 165 0 10.5 16.9 10.0 0.0 0 1 4 1 1
-1151.9 2749.4 -56.7 332 0 9.5 15.7 7.5 2.5 2 1 3 5 5
-1066.5 2662.2 -59.8 38 0 12.5 15.5 2.5 2.5 2 1 1 3 3
-3841.6 4971.9 -62.3 62 0 9.5 13.9 7.5 2.5 2 1 3 2 2
-3859.6 4957.1 -62.3 60 0 9.6 15.7 7.5 2.5 2 1 3 2 2
-3875.5 4952.9 -62.3 60 0 16.8 9.9 7.5 2.5 2 0 3 0 0
-3566.3 4633.3 -55.8 183 0 8.8 17.5 2.5 2.5 4 1 1 0 0
-2415.6 4857.4 -54.8 350 0 11.5 14.6 10.0 2.5 2 1 4 0 0
-2459.7 4824.1 -57.8 109 0 12.0 12.6 2.5 2.5 4 1 1 2 2
-2448.4 4757.4 -60.9 126 0 5.8 13.2 5.0 2.5 2 1 2 3 3
-2776.7 4623.4 -55.9 11 0 12.5 19.5 7.5 2.5 2 1 3 2 2
-2586.5 4919.0 -61.6 294 0 8.4 17.2 5.0 2.5 2 1 2 2 2
-2578.1 4894.4 -61.6 294 0 10.1 12.4 5.0 2.5 2 1 2 0 0
-2586.7 4847.7 -61.6 186 0 14.7 8.4 7.5 2.5 2 0 3 1 1
-2585.9 4811.4 -61.5 88 0 13.2 15.5 7.5 2.5 4 1 3 0 0
-2521.5 4809.8 -61.5 84 0 14.6 11.4 2.5 2.5 2 0 1 1 1
-2505.8 4841.8 -61.5 81 0 20.7 12.7 10.0 2.5 2 0 4 3 3
-2549.8 4865.3 -61.6 250 0 9.6 15.8 7.5 2.5 2 1 3 3 3
-2534.3 4875.1 -61.6 240 0 7.8 14.4 7.5 2.5 2 1 3 4 4
-2519.8 4885.3 -61.6 240 0 11.3 15.8 5.0 2.5 2 1 2 4 4
-2504.2 4889.1 -61.6 240 0 6.9 14.6 5.0 2.5 2 1 2 4 4
-2499.6 4911.4 -61.6 240 0 9.8 16.0 2.5 2.5 2 1 1 3 3
-2489.0 4894.3 -60.9 240 0 8.7 20.7 5.0 2.5 2 1 2 0 0
-2462.0 4907.9 -59.2 240 0 9.3 16.3 5.0 2.5 2 1 2 0 0
-2446.1 4916.2 -60.6 240 0 8.3 13.4 7.5 0.0 0 1 3 0 0
-2424.6 4919.0 -61.6 330 0 16.1 7.8 7.5 2.5 2 0 3 2 2
-2410.4 4925.4 -61.6 330 0 22.3 9.1 2.5 2.5 2 0 1 4 4
-2001.5 4589.1 -57.5 147 0 11.2 28.3 10.0 2.5 2 1 4 0 0
-2999.1 3899.3 -59.5 225 0 10.3 11.4 5.0 2.5 2 1 2 4 4
-2973.4 3896.2 -61.1 252 0 11.9 10.9 5.0 2.5 2 0 2 4 4
-2945.2 3907.9 -59.1 254 0 13.0 9.9 5.0 2.5 2 0 2 2 2
-2927.1 3914.0 -58.5 263 0 11.5 14.4 7.5 2.5 2 1 3 3 3
-2891.9 3920.9 -54.0 269 0 14.8 14.9 5.0 2.5 2 1 2 0 0
-2804.8 3930.2 -46.8 266 0 11.4 19.6 5.0 2.5 4 1 2 2 2
-2821.5 3904.0 -48.8 266 0 9.8 19.4 5.0 2.5 2 1 2 3 3
-2841.7 3899.3 -49.1 266 0 7.5 15.1 7.5 2.5 2 1 3 3 3
-2852.5 3892.4 -49.8 266 0 6.6 14.2 2.5 0.0 0 1 1 0 0
-2863.8 3898.6 -50.9 266 0 8.2 18.5 7.5 2.5 2 1 3 5 5
-2883.0 3895.5 -53.4 261 0 9.7 16.6 5.0 2.5 2 1 2 4 4
-2903.3 3888.6 -56.4 259 0 11.1 12.5 2.5 2.5 2 1 1 1 1
-2922.4 3887.2 -59.2 265 0 11.3 14.4 5.0 2.5 2 1 2 4 4
-2944.7 3881.0 -61.1 257 0 10.3 11.9 2.5 2.5 2 1 1 4 4
-2961.0 3877.3 -61.1 259 0 7.7 14.3 2.5 2.5 4 1 1 1 1
-2975.4 3859.2 -61.1 76 0 9.9 13.5 5.0 2.5 2 1 2 5 5
-3052.7 3863.9 -60.6 190 0 12.4 9.2 5.0 2.5 2 0 2 3 3
-3033.7 3847.5 -61.1 108 0 8.5 12.5 5.0 2.5 2 1 2 1 1
-2982.2 3832.8 -61.0 96 0 7.9 16.8 2.5 2.5 2 1 1 1 1
-2952.5 3834.9 -61.0 100 0 9.3 17.9 5.0 2.5 2 1 2 2 2
-2930.8 3832.5 -61.0 100 0 12.4 15.4 5.0 2.5 2 1 2 2 2
-2869.8 3833.1 -54.3 100 0 12.9 16.4 7.5 2.5 2 1 3 2 2
-2847.8 3824.3 -54.7 100 0 11.2 18.9 5.0 0.0 0 1 2 3 3
-2837.5 3815.6 -55.4 100 0 8.0 12.4 5.0 0.0 0 1 2 1 1
-2816.5 3816.9 -55.0 98 0 8.6 13.0 5.0 2.5 2 1 2 0 0
-2807.3 3872.4 -51.6 277 0 9.8 18.3 7.5 2.5 4 1 3 1 1
-2559.2 3503.3 -60.7 121 0 7.8 10.8 5.0 2.5 2 1 2 3 3
-2559.6 3488.1 -60.7 31 0 11.6 13.2 5.0 2.5 4 1 2 2 2
-2578.1 3546.6 -60.7 211 0 14.8 12.7 5.0 2.5 2 0 2 3 3
-2585.9 3529.4 -60.7 211 0 6.1 7.4 5.0 2.5 2 1 2 2 2
-2597.4 3521.5 -60.7 211 0 11.2 15.5 7.5 2.5 2 1 3 3 3
-2646.9 3533.3 -60.7 211 0 11.0 13.9 10.0 0.0 0 1 4 0 0
-2623.9 3556.8 -60.7 211 0 15.5 11.6 7.5 2.5 4 0 3 2 2
-2596.5 3562.3 -60.7 211 0 7.5 12.1 7.5 0.0 0 1 3 2 2
-2607.7 3546.1 -60.7 211 0 11.6 13.2 10.0 2.5 2 1 4 1 1
-2617.1 3532.6 -60.7 211 0 10.7 14.0 7.5 2.5 2 1 3 5 5
-2629.8 3514.3 -60.7 211 0 11.8 15.8 5.0 2.5 2 1 2 5 5
-2640.8 3500.2 -60.7 211 0 11.8 17.8 5.0 2.5 2 1 2 3 3
-2623.1 3424.2 -60.7 106 0 22.0 13.3 12.5 2.5 2 0 5 4 4
-2658.4 3466.7 -60.7 127 0 12.5 16.4 5.0 2.5 2 1 2 4 4
-2935.2 3388.6 -60.8 179 0 9.0 20.2 5.0 2.5 4 1 2 1 1
-2866.6 3406.4 -60.7 249 0 19.3 11.2 5.0 2.5 2 0 2 3 3
-2599.1 3793.5 -52.4 123 0 10.7 19.2 5.0 2.5 2 1 2 0 0
-2564.1 3766.7 -56.6 131 0 23.3 13.5 12.5 2.5 2 0 5 1 1
-2567.9 3743.4 -57.9 147 0 7.7 12.0 7.5 2.5 2 1 3 2 2
-2540.2 3743.2 -60.8 136 0 9.2 16.4 2.5 2.5 2 1 1 0 0
-2524.3 3735.4 -60.8 160 0 12.1 13.3 5.0 2.5 2 1 2 3 3
-2639.7 3921.3 -41.7 302 0 14.6 8.8 5.0 2.5 2 0 2 2 2
-2661.6 3915.9 -54.2 302 0 14.5 13.7 2.5 2.5 2 0 1 4 4
-2671.6 3897.9 -60.9 302 0 12.7 14.8 5.0 2.5 4 1 2 3 3
-2632.0 3864.3 -56.3 302 0 11.1 13.8 5.0 2.5 2 1 2 2 2
-2621.9 3857.3 -54.9 302 0 6.2 11.6 2.5 2.5 2 1 1 3 3
-2605.0 3851.3 -53.6 302 0 9.8 14.6 7.5 2.5 2 1 3 2 2
-2590.8 3844.0 -52.1 302 0 8.9 14.8 7.5 2.5 2 1 3 3 3
-2578.5 3831.2 -50.7 302 0 10.0 11.0 2.5 2.5 2 1 1 5 5
-2560.4 3822.9 -50.2 302 0 8.7 12.8 7.5 2.5 2 1 3 4 4
-2541.1 3811.2 -53.9 302 0 12.3 11.3 5.0 2.5 2 0 2 1 1
-2508.7 3793.7 -60.0 302 0 9.4 11.2 7.5 2.5 2 1 3 2 2
-2656.5 3875.4 -59.6 295 0 16.3 10.8 5.0 2.5 4 0 2 2 2
-2668.4 3856.9 -60.9 298 0 7.5 20.0 5.0 2.5 2 1 2 4 4
-2649.9 3844.9 -57.8 299 0 8.6 17.1 7.5 2.5 2 1 3 5 5
-2631.9 3839.2 -55.8 296 0 11.1 8.3 7.5 2.5 4 0 3 1 1
-2637.9 3828.6 -56.4 304 0 11.3 9.0 2.5 2.5 4 0 1 3 3
-2669.0 3806.3 -58.8 114 0 12.4 13.3 7.5 2.5 2 1 3 2 2
-2690.0 3815.5 -60.9 116 0 10.1 13.6 5.0 2.5 2 1 2 1 1
-2688.6 3861.8 -60.9 292 0 10.1 13.5 7.5 2.5 2 1 3 3 3
-2702.8 3870.3 -60.6 291 0 10.1 16.2 10.0 2.5 2 1 4 2 2
-2697.8 3899.1 -58.5 285 0 10.2 14.8 7.5 2.5 2 1 3 2 2
-2774.9 3907.6 -48.8 272 0 14.7 15.5 5.0 2.5 2 1 2 5 5
-2762.0 3878.8 -51.7 288 0 10.0 20.1 7.5 2.5 2 1 3 5 5
-2735.8 3877.1 -56.4 280 0 11.2 25.1 10.0 2.5 2 1 4 5 5
-2710.4 3843.9 -60.9 295 0 11.8 16.1 7.5 2.5 4 1 3 3 3
-2711.5 3791.5 -60.9 113 0 9.3 17.8 7.5 2.5 2 1 3 4 4
-2697.2 3782.8 -60.9 115 0 15.2 19.7 10.0 2.5 2 1 4 1 1
-2678.5 3776.1 -59.3 119 0 8.9 12.3 2.5 2.5 2 1 1 2 2
-2650.2 3794.2 -57.1 118 0 16.5 15.9 10.0 2.5 2 0 4 3 3
-2629.8 3782.9 -54.7 120 0 9.6 17.2 2.5 2.5 2 1 1 2 2
-2615.6 3773.8 -54.2 118 0 9.4 14.9 5.0 2.5 2 1 2 3 3
-2601.7 3766.6 -54.7 134 0 10.0 14.9 5.0 2.5 2 1 2 2 2
-2591.7 3756.4 -55.3 138 0 7.5 16.6 5.0 2.5 2 1 2 0 0
-2665.8 3764.6 -58.2 120 0 13.1 18.6 5.0 2.5 2 1 2 4 4
-2649.8 3749.8 -56.9 127 0 12.1 23.8 10.0 2.5 2 1 4 1 1
-2617.7 3720.3 -58.7 129 0 10.0 16.5 7.5 2.5 2 1 3 4 4
-2592.3 3730.5 -57.5 54 0 7.7 11.3 5.0 2.5 2 1 2 4 4
-2589.2 3722.6 -58.0 138 0 8.0 17.1 5.0 2.5 2 1 2 1 1
-2573.8 3712.5 -60.8 154 0 13.6 20.8 12.5 2.5 2 1 5 5 5
-2530.7 3697.7 -60.8 73 0 7.6 13.7 2.5 2.5 2 1 1 4 4
-2527.8 3671.3 -60.8 162 0 10.8 17.2 7.5 2.5 2 1 3 0 0
-2388.6 3692.3 -58.7 158 0 10.1 6.8 5.0 2.5 2 0 2 5 5
-2397.5 3723.4 -60.7 248 0 8.2 14.4 7.5 2.5 2 1 3 3 3
-2433.4 3699.4 -60.7 158 0 14.9 8.4 7.5 0.0 0 0 3 5 5
-2428.7 3684.7 -60.7 158 0 7.1 10.4 2.5 2.5 2 1 1 1 1
-2419.6 3670.5 -60.5 158 0 12.5 12.9 10.0 2.5 2 1 4 3 3
-2439.2 3657.0 -60.6 158 0 9.2 13.8 5.0 2.5 2 1 2 2 2
-2467.1 3729.7 -60.2 158 0 8.3 9.0 5.0 2.5 2 1 2 5 5
-2450.8 3737.4 -60.1 158 0 9.4 8.5 5.0 2.5 2 0 2 0 0
-2445.7 3760.9 -60.3 338 0 9.9 13.8 5.0 2.5 4 1 2 3 3
-2479.1 3750.0 -60.5 158 0 15.3 11.5 5.0 2.5 2 0 2 5 5
-2493.7 3745.4 -60.7 158 0 17.1 8.6 5.0 2.5 2 0 2 3 3
-2483.7 3720.1 -60.5 158 0 17.8 10.2 5.0 2.5 2 0 2 1 1
-2473.4 3686.1 -60.6 158 0 10.2 15.3 7.5 2.5 2 1 3 5 5
-2461.2 3657.4 -60.7 173 0 11.2 12.6 5.0 2.5 2 1 2 2 2
-2453.7 3637.9 -60.6 173 0 9.3 10.9 5.0 2.5 2 1 2 1 1
-2453.1 3623.7 -60.0 173 0 8.2 12.3 2.5 2.5 4 1 1 2 2
-2489.3 3650.9 -60.7 173 0 9.6 15.7 7.5 0.0 0 1 3 5 5
-2487.8 3637.1 -60.7 173 0 8.8 15.0 5.0 2.5 4 1 2 1 1
-2484.7 3620.0 -60.7 173 0 12.3 15.7 10.0 2.5 2 1 4 5 5
-2482.4 3600.5 -58.8 173 0 7.9 15.2 2.5 2.5 2 1 1 3 3
-2520.0 3614.0 -60.7 176 0 11.6 17.5 2.5 2.5 4 1 1 3 3
-2515.9 3594.0 -60.7 277 0 8.7 15.6 5.0 2.5 2 1 2 0 0
-2480.9 3583.0 -58.2 173 0 7.5 18.2 5.0 2.5 2 1 2 3 3
-2479.5 3530.1 -60.2 115 0 11.4 17.7 7.5 2.5 2 1 3 4 4
-2670.4 3197.0 -60.4 260 0 17.5 10.9 10.0 2.5 2 0 4 3 3
-2243.8 3769.5 -29.4 351 0 13.5 24.0 10.0 2.5 2 1 4 4 4
-2333.0 3813.0 -39.7 330 0 12.5 21.9 10.0 2.5 2 1 4 3 3
-2397.0 3799.8 -51.4 332 0 9.4 31.3 7.5 0.0 0 1 3 4 4
-2379.5 3800.7 -46.4 249 0 17.7 26.2 10.0 2.5 2 1 4 4 4
-2393.2 3757.7 -54.9 253 0 14.5 19.9 10.0 0.0 0 1 4 5 5
-2370.4 3708.8 -56.1 249 0 14.9 15.0 5.0 0.0 0 1 2 3 3
-2336.9 3667.1 -48.3 355 0 12.1 20.8 12.5 0.0 0 1 5 4 4
-2326.1 3656.1 -41.4 358 0 28.7 8.9 7.5 2.5 2 0 3 0 0
-5636.6 -6879.4 -52.3 204 0 6.6 18.2 5.0 2.5 2 1 2 2 2
-5621.2 -6899.8 -54.4 24 0 12.4 6.9 5.0 2.5 2 0 2 5 5
-5629.0 -6909.5 -52.7 24 0 4.3 9.1 5.0 2.5 2 1 2 4 4
-5653.7 -6914.8 -49.1 204 0 8.7 7.2 5.0 2.5 2 0 2 4 4
-5634.7 -6924.3 -52.2 24 0 11.8 8.5 5.0 2.5 2 0 2 5 5
-5638.5 -6937.3 -54.5 24 0 8.9 13.0 5.0 2.5 2 1 2 0 0
-5644.3 -6947.7 -56.7 24 0 8.2 11.3 5.0 2.5 2 1 2 0 0
-5662.6 -6925.9 -50.3 204 0 11.8 8.5 5.0 2.5 2 0 2 1 1
-5667.2 -6937.9 -52.9 204 0 6.5 10.4 5.0 0.0 0 1 2 5 5
-5671.3 -6946.8 -54.1 204 0 6.7 7.1 5.0 2.5 2 1 2 5 5
-6548.3 -6143.8 -38.8 31 0 9.1 10.1 7.5 2.5 2 1 3 2 2
-5684.9 -4401.7 -45.2 309 0 9.5 8.5 2.5 2.5 2 0 1 1 1
-5635.4 -4440.9 -44.7 300 0 8.3 5.1 2.5 2.5 2 0 1 5 5
-5591.7 -4466.1 -44.6 314 0 10.3 7.1 2.5 2.5 4 0 1 4 4
-5520.6 -4442.4 -59.3 275 0 10.7 9.9 5.0 2.5 2 0 2 0 0
-5507.5 -4461.9 -55.1 158 0 11.1 10.4 5.0 2.5 4 0 2 4 4
-5517.0 -4465.8 -52.4 158 0 11.1 10.3 5.0 2.5 2 0 2 5 5
-5529.5 -4526.8 -32.0 4 0 11.0 8.0 5.0 2.5 2 0 2 5 5
-5530.3 -4537.3 -29.2 4 0 10.1 8.0 5.0 2.5 2 0 2 5 5
-5530.9 -4546.5 -26.8 4 0 8.3 8.0 5.0 2.5 2 0 2 3 3
-5570.5 -4589.2 -13.8 106 0 9.4 11.5 5.0 2.5 2 1 2 2 2
-5582.0 -4584.0 -15.3 106 0 8.6 9.1 5.0 2.5 2 1 2 3 3
-5703.1 -4745.9 54.9 177 0 8.7 15.4 7.5 2.5 2 1 3 0 0
-5840.7 -4723.6 51.6 104 0 14.0 11.0 2.5 2.5 2 0 1 0 0
-5964.8 -4793.8 49.6 241 0 11.2 13.6 2.5 2.5 2 1 1 0 0
-6210.9 -5417.0 -16.0 202 0 10.1 18.0 5.0 2.5 2 1 2 2 2
-6262.1 -5480.5 -30.3 22 0 9.0 13.0 5.0 2.5 2 1 2 1 1
-6266.9 -5454.3 -28.8 202 0 13.3 16.5 5.0 2.5 2 1 2 4 4
-6235.1 -5462.9 -23.4 292 0 19.5 10.3 5.0 2.5 4 0 2 5 5
-6283.4 -5521.5 -31.1 22 0 10.0 19.4 5.0 0.0 0 1 2 4 4
-6270.1 -5493.8 -29.6 22 0 14.0 16.5 5.0 2.5 2 1 2 4 4
-6250.8 -5493.7 -28.0 202 0 18.5 9.3 2.5 2.5 2 0 1 4 4
-6267.3 -5513.3 -29.0 112 0 8.2 11.6 5.0 2.5 4 1 2 5 5
-6258.6 -5510.4 -30.1 202 0 10.2 10.3 5.0 2.5 2 1 2 4 4
-6278.2 -5528.3 -31.3 112 0 8.5 14.9 5.0 2.5 4 1 2 1 1
-6289.6 -5533.7 -32.1 21 0 17.0 12.2 5.0 0.0 0 0 2 3 3
-6316.9 -5573.4 -33.8 27 0 11.0 16.7 5.0 2.5 2 1 2 2 2
-6349.4 -5559.2 -34.5 207 0 9.0 14.8 5.0 2.5 2 1 2 3 3
-6361.4 -5556.4 -34.7 207 0 11.1 9.8 5.0 2.5 2 0 2 3 3
-6343.2 -5592.1 -34.8 33 0 15.6 12.5 5.0 2.5 2 0 2 5 5
-6381.1 -5578.7 -35.0 213 0 22.0 15.8 5.0 2.5 2 0 2 4 4
-6404.4 -5619.2 -27.6 213 0 12.5 8.2 5.0 2.5 2 0 2 5 5
-6411.1 -5611.4 -23.7 213 0 12.9 7.2 5.0 2.5 4 0 2 4 4
-6419.3 -5628.7 -26.8 213 0 13.1 10.3 5.0 2.5 2 0 2 1 1
-6428.2 -5646.5 -31.9 213 0 11.1 10.5 5.0 0.0 0 0 2 2 2
-6432.6 -5660.0 -34.3 213 0 8.9 6.6 5.0 0.0 0 0 2 0 0
-6439.4 -5673.7 -34.9 213 0 6.0 12.4 5.0 2.5 4 1 2 3 3
-6447.9 -5687.7 -34.1 213 0 11.1 9.6 5.0 2.5 2 0 2 0 0
-6454.2 -5698.5 -36.2 213 0 10.6 14.2 5.0 2.5 2 0 2 2 2
-6455.5 -5713.5 -36.9 123 0 14.2 8.1 5.0 2.5 2 0 2 3 3
-6452.8 -5766.3 -39.8 304 0 14.6 10.6 2.5 2.5 2 0 1 0 0
-6451.1 -5739.9 -39.9 309 0 15.2 9.5 2.5 2.5 2 0 1 0 0
-6477.9 -5745.7 -38.7 224 0 13.8 14.9 2.5 2.5 2 0 1 5 5
-6486.0 -5754.0 -37.7 224 0 9.4 14.9 2.5 2.5 2 0 1 1 1
-6519.2 -5765.5 -34.7 204 0 9.0 16.2 2.5 2.5 2 1 1 2 2
-6513.7 -5799.0 -35.5 114 0 8.1 13.3 2.5 2.5 2 0 1 2 2
-6483.0 -5790.6 -38.1 124 0 8.9 14.4 2.5 2.5 2 1 1 2 2
-6527.5 -5785.6 -35.1 204 0 13.3 14.0 2.5 2.5 2 0 1 3 3
-6634.2 -5891.9 -31.4 201 0 13.4 10.4 5.0 2.5 2 0 2 1 1
-6629.9 -5793.4 -21.5 199 0 12.3 9.8 5.0 2.5 2 0 2 4 4
-6640.5 -5784.6 -18.4 201 0 8.1 9.2 5.0 2.5 2 1 2 3 3
-6597.3 -5831.7 -31.0 18 0 12.5 7.1 5.0 2.5 2 0 2 2 2
-6592.2 -5860.4 -33.1 23 0 14.6 11.1 5.0 2.5 2 0 2 3 3
-6585.0 -5840.3 -33.0 17 0 10.2 12.1 5.0 0.0 0 1 2 0 0
-6594.4 -5806.7 -27.7 22 0 10.1 12.8 5.0 2.5 2 1 2 3 3
-6558.5 -5785.3 -31.0 20 0 13.6 20.2 5.0 2.5 2 1 2 5 5
-6544.1 -5772.9 -32.6 38 0 11.4 16.3 5.0 2.5 2 1 2 5 5
-6430.9 -5790.8 -39.6 116 0 16.5 9.4 2.5 2.5 2 0 1 3 3
-6369.0 -5760.5 -38.6 122 0 8.5 9.5 5.0 2.5 2 1 2 2 2
-6424.7 -5721.2 -38.3 127 0 8.3 15.3 5.0 2.5 2 1 2 0 0
-6379.3 -5709.0 -38.2 311 0 9.2 23.9 5.0 2.5 2 1 2 2 2
-6406.7 -5740.4 -39.1 119 0 9.8 9.2 5.0 0.0 0 0 2 0 0
-6392.3 -5746.9 -39.0 124 0 7.7 13.3 5.0 2.5 2 1 2 5 5
-6382.3 -5753.7 -39.0 122 0 8.5 14.7 5.0 2.5 2 1 2 0 0
-6257.0 -5823.8 -26.0 305 0 10.5 14.7 2.5 2.5 2 1 1 0 0
-6303.6 -5769.8 -29.2 115 0 21.9 9.5 7.5 2.5 2 0 3 2 2
-6306.4 -5782.7 -32.4 302 0 11.8 13.4 5.0 2.5 2 1 2 5 5
-6315.5 -5834.7 -27.6 204 0 10.1 12.4 5.0 2.5 2 1 2 0 0
-6347.5 -5821.5 -37.0 203 0 14.4 22.9 5.0 2.5 2 1 2 5 5
-6350.2 -5793.4 -38.0 23 0 12.5 9.0 2.5 2.5 2 0 1 1 1
-6366.0 -5816.9 -38.3 16 0 13.8 9.7 2.5 2.5 2 0 1 5 5
-6408.7 -5826.9 -39.0 106 0 17.8 15.8 2.5 2.5 2 0 1 1 1
-6353.8 -5841.8 -37.1 196 0 11.3 13.8 5.0 2.5 2 1 2 4 4
-6407.9 -5888.1 -35.9 16 0 14.1 8.4 7.5 2.5 2 0 3 1 1
-6389.2 -5875.7 -35.7 15 0 12.1 20.0 7.5 2.5 2 1 3 4 4
-6458.4 -5826.2 -38.8 282 0 9.7 10.1 7.5 2.5 2 1 3 1 1
-6485.6 -5817.7 -37.2 285 0 11.8 15.1 7.5 2.5 4 1 3 2 2
-6499.5 -5815.0 -37.4 281 0 9.0 17.0 7.5 2.5 2 0 3 4 4
-6508.6 -5813.2 -37.5 281 0 9.5 17.0 7.5 2.5 4 0 3 3 3
-6535.8 -5847.7 -38.3 196 0 10.9 8.9 7.5 2.5 2 0 3 3 3
-6505.6 -5839.2 -38.3 286 0 21.7 26.0 7.5 2.5 2 1 3 1 1
-6528.8 -5878.2 -37.9 196 0 12.3 6.1 7.5 2.5 2 0 3 3 3
-6538.3 -5881.3 -37.0 196 0 7.3 7.0 7.5 0.0 0 0 3 5 5
-6547.8 -5875.0 -37.1 196 0 14.3 8.8 7.5 0.0 0 0 3 1 1
-6580.8 -5881.7 -35.2 215 0 10.8 17.5 7.5 0.0 0 1 3 1 1
-6581.2 -5918.0 -36.6 209 0 25.9 15.4 7.5 2.5 2 0 3 5 5
-6576.8 -5985.6 -38.4 108 0 11.2 26.6 7.5 2.5 2 1 3 5 5
-6563.8 -6021.2 -40.9 197 0 21.8 16.4 7.5 2.5 2 0 3 3 3
-6674.5 -6121.9 -35.6 202 0 8.2 12.5 7.5 2.5 2 1 3 3 3
-6596.6 -6206.1 -42.6 36 0 16.3 13.8 7.5 2.5 2 0 3 0 0
-6573.4 -6226.5 -42.5 30 0 9.8 13.0 7.5 0.0 0 1 3 5 5
-6591.5 -6248.1 -44.0 33 0 13.3 12.4 7.5 0.0 0 0 3 4 4
-6612.1 -6279.0 -45.9 22 0 9.0 12.5 7.5 2.5 4 1 3 1 1
-6611.2 -6293.1 -46.3 15 0 9.4 15.3 7.5 2.5 2 1 3 3 3
-6619.4 -6306.8 -47.1 15 0 16.1 18.1 7.5 2.5 4 1 3 4 4
-6633.9 -6334.2 -47.8 15 0 15.4 6.9 7.5 2.5 2 0 3 3 3
-6744.1 -6401.9 -43.9 190 0 14.8 16.3 7.5 2.5 2 1 3 3 3
-6732.4 -6460.0 -44.5 93 0 7.1 12.5 7.5 0.0 0 1 3 0 0
-6723.0 -6460.4 -45.3 106 0 8.5 15.5 7.5 2.5 2 1 3 5 5
-6690.7 -6414.5 -46.6 344 0 12.4 14.5 7.5 0.0 0 1 3 1 1
-6685.4 -6430.1 -47.1 350 0 12.1 9.9 7.5 2.5 4 0 3 1 1
-6666.5 -6422.9 -48.2 349 0 15.5 11.6 7.5 2.5 2 0 3 2 2
-6652.6 -6447.5 -48.3 348 0 17.1 14.9 7.5 2.5 2 0 3 5 5
-6725.8 -6370.5 -46.0 217 0 17.0 24.0 7.5 2.5 2 1 3 0 0
-6646.5 -6399.0 -49.3 9 0 13.9 9.9 7.5 2.5 2 0 3 4 4
-6621.8 -6376.8 -49.1 17 0 10.1 12.4 7.5 2.5 2 1 3 0 0
-6617.5 -6344.1 -48.2 11 0 8.5 11.5 7.5 2.5 2 1 3 4 4
-6624.9 -6359.9 -48.9 16 0 18.7 15.1 7.5 2.5 2 0 3 1 1
-6653.9 -6305.3 -46.8 11 0 17.0 10.7 7.5 2.5 4 0 3 2 2
-6681.3 -6274.1 -45.6 205 0 8.9 14.1 7.5 2.5 2 1 3 2 2
-6667.0 -6246.7 -44.8 195 0 10.2 10.8 7.5 0.0 0 1 3 1 1
-6641.5 -6237.7 -44.5 36 0 8.6 9.6 7.5 2.5 2 1 3 3 3
-6672.0 -6187.8 -41.4 211 0 13.7 18.6 7.5 2.5 2 1 3 0 0
-6675.0 -6170.0 -39.4 200 0 11.1 18.0 7.5 2.5 2 1 3 2 2
-6691.3 -6165.3 -37.1 208 0 10.8 11.4 7.5 2.5 2 1 3 5 5
-6690.9 -6206.8 -40.7 200 0 22.3 9.7 7.5 2.5 2 0 3 3 3
-6701.4 -6194.6 -39.8 202 0 18.6 11.0 7.5 2.5 2 0 3 4 4
-6711.2 -6221.6 -39.9 202 0 29.8 10.5 7.5 2.5 2 0 3 5 5
-6740.3 -6287.1 -45.2 190 0 7.8 20.6 7.5 2.5 2 1 3 2 2
-6744.3 -6298.3 -45.6 190 0 9.3 17.5 7.5 2.5 4 1 3 4 4
-6731.6 -6345.7 -45.5 187 0 16.5 9.8 7.5 2.5 2 0 3 3 3
-6692.7 -6513.0 -45.9 71 0 11.1 15.8 7.5 2.5 2 1 3 4 4
-6751.7 -6352.9 -42.9 199 0 10.4 15.4 7.5 2.5 2 1 3 3 3
-6749.4 -6431.7 -42.9 207 0 11.5 6.9 7.5 0.0 0 0 3 4 4
-6770.8 -6418.8 -40.9 207 0 11.1 9.7 7.5 2.5 2 0 3 0 0
-6782.0 -6411.3 -39.4 212 0 7.5 9.5 7.5 2.5 2 1 3 2 2
-6800.6 -6490.7 -42.1 202 0 12.1 10.2 7.5 0.0 0 0 3 2 2
-6813.5 -6535.1 -44.8 96 0 12.1 27.6 7.5 2.5 2 1 3 3 3
-6777.3 -6524.9 -45.6 94 0 17.5 9.5 7.5 2.5 2 0 3 4 4
-6782.4 -6548.1 -46.3 110 0 13.5 19.3 7.5 2.5 2 1 3 1 1
-6759.6 -6556.2 -46.9 109 0 12.7 18.6 7.5 2.5 2 1 3 5 5
-6728.3 -6525.3 -46.2 60 0 15.4 24.3 7.5 2.5 2 1 3 5 5
-6719.9 -6500.3 -45.4 62 0 12.1 17.9 7.5 2.5 2 1 3 2 2
-6735.1 -6487.4 -44.8 359 0 10.1 20.2 7.5 2.5 4 1 3 4 4
-6716.4 -6470.8 -45.5 360 0 11.7 37.9 7.5 2.5 2 1 3 4 4
-6779.6 -6455.7 -41.5 202 0 11.0 21.0 7.5 2.5 2 1 3 0 0
-6807.3 -6443.6 -38.1 201 0 8.6 16.5 7.5 2.5 2 1 3 5 5
-6800.7 -6429.9 -38.4 204 0 9.6 13.7 7.5 0.0 0 1 3 1 1
-6784.5 -6436.9 -40.2 205 0 10.4 15.0 7.5 2.5 2 1 3 2 2
-6763.6 -6433.6 -42.2 206 0 27.9 10.5 7.5 2.5 2 0 3 0 0
-6858.7 -6500.7 -42.3 24 0 10.4 14.9 5.0 2.5 2 1 2 1 1
-6877.9 -6512.6 -44.0 114 0 17.0 10.0 5.0 2.5 2 0 2 2 2
-6882.4 -6523.1 -45.0 295 0 14.5 9.8 5.0 2.5 2 0 2 0 0
-6883.0 -6543.3 -45.3 24 0 10.0 14.0 5.0 2.5 2 1 2 1 1
-6576.7 -6294.9 -44.1 201 0 19.8 31.1 5.0 0.0 0 1 2 2 2
-6524.3 -6313.2 -40.1 197 0 39.0 14.5 7.5 2.5 2 0 3 5 5
-6593.7 -6322.2 -46.1 190 0 9.8 19.3 5.0 2.5 2 1 2 1 1
-6599.0 -6341.7 -47.0 190 0 13.3 24.1 5.0 2.5 2 1 2 4 4
-6528.7 -6495.0 -38.3 105 0 8.1 10.2 5.0 0.0 0 1 2 3 3
-6579.8 -6473.9 -45.7 5 0 12.0 13.7 5.0 2.5 2 1 2 3 3
-6595.9 -6495.2 -45.7 191 0 13.8 16.0 5.0 0.0 0 1 2 4 4
-6604.4 -6513.7 -46.2 243 0 11.3 17.1 5.0 2.5 2 1 2 1 1
-6608.7 -6674.9 -47.1 5 0 10.2 9.1 5.0 2.5 2 0 2 4 4
-6642.4 -6680.1 -47.1 181 0 12.5 8.9 5.0 2.5 2 0 2 3 3
-6818.5 -6682.8 -46.7 190 0 12.7 6.2 5.0 2.5 2 0 2 3 3
-6809.4 -6685.3 -46.5 187 0 14.1 12.6 5.0 2.5 2 0 2 1 1
-6787.4 -6583.8 -47.0 297 0 14.7 11.3 5.0 2.5 2 0 2 3 3
-6902.6 -6677.2 -48.5 189 0 9.4 18.0 5.0 2.5 2 1 2 5 5
-6860.4 -6611.2 -47.3 180 0 11.3 8.6 5.0 2.5 4 0 2 4 4
-6885.2 -6626.7 -47.4 193 0 12.2 19.1 5.0 2.5 2 1 2 5 5
-6884.0 -6647.7 -47.5 181 0 11.1 11.6 5.0 2.5 2 1 2 5 5
-6897.1 -6647.1 -47.6 182 0 9.3 11.3 5.0 2.5 2 1 2 1 1
-6826.6 -6661.2 -46.7 193 0 13.8 8.9 5.0 2.5 2 0 2 4 4
-6799.4 -6630.6 -46.7 285 0 9.2 10.2 5.0 2.5 2 1 2 1 1
-6881.9 -6588.4 -46.9 203 0 11.7 13.5 5.0 2.5 2 1 2 3 3
-6875.3 -6565.7 -46.3 203 0 10.7 11.7 5.0 2.5 2 1 2 2 2
-6865.8 -6556.7 -46.2 203 0 9.4 18.6 5.0 2.5 2 1 2 1 1
-6809.9 -6551.8 -46.5 288 0 15.0 9.9 5.0 2.5 2 0 2 1 1
-6813.0 -6561.2 -46.8 289 0 15.0 9.5 5.0 2.5 2 0 2 2 2
-6781.1 -6567.7 -47.0 287 0 18.0 9.6 5.0 2.5 2 0 2 3 3
-6847.3 -6539.7 -45.7 292 0 19.4 11.1 5.0 2.5 4 0 2 4 4
-6740.4 -6571.8 -48.1 232 0 9.8 16.6 5.0 2.5 2 1 2 0 0
-6837.0 -6623.9 -47.2 198 0 12.1 16.8 5.0 2.5 2 1 2 2 2
-6835.5 -6638.9 -47.0 199 0 8.9 18.9 5.0 2.5 2 1 2 0 0
-6849.4 -6653.7 -47.0 191 0 10.1 20.8 5.0 2.5 4 1 2 3 3
-6794.2 -6656.7 -46.4 277 0 8.5 7.6 5.0 2.5 2 0 2 1 1
-6809.7 -6668.6 -46.4 186 0 11.1 15.8 5.0 2.5 2 1 2 1 1
-6706.8 -6648.8 -47.5 122 0 15.2 21.1 5.0 2.5 2 1 2 3 3
-6676.8 -6677.6 -47.0 93 0 18.1 11.9 5.0 2.5 2 0 2 4 4
-6899.6 -6811.9 -50.8 191 0 9.4 24.5 5.0 2.5 2 1 2 4 4
-6896.4 -6795.0 -50.5 201 0 17.3 8.5 5.0 2.5 2 0 2 5 5
-6867.8 -6713.1 -49.3 194 0 15.1 10.0 5.0 2.5 2 0 2 3 3
-6853.7 -6714.7 -49.4 196 0 16.1 8.8 5.0 0.0 0 0 2 3 3
-6842.0 -6717.4 -49.2 197 0 14.3 11.8 5.0 2.5 2 0 2 5 5
-6826.5 -6721.9 -49.0 197 0 19.9 11.9 5.0 2.5 2 0 2 3 3
-6780.0 -6742.8 -48.8 14 0 23.4 13.7 5.0 2.5 2 0 2 3 3
-6791.5 -6704.6 -47.0 6 0 8.7 12.8 5.0 0.0 0 1 2 5 5
-6907.7 -6928.8 -51.0 187 0 7.5 11.6 5.0 2.5 2 1 2 3 3
-6892.9 -6938.4 -50.9 193 0 14.4 24.3 5.0 2.5 2 1 2 3 3
-6887.2 -6831.0 -51.1 189 0 9.2 26.4 5.0 2.5 4 1 2 1 1
-6851.4 -6832.2 -51.2 279 0 9.6 62.0 5.0 2.5 2 1 2 0 0
-6840.7 -6822.4 -51.0 205 0 7.9 9.3 5.0 2.5 2 1 2 4 4
-6838.6 -6847.1 -51.4 189 0 13.0 16.5 5.0 2.5 2 1 2 0 0
-6803.5 -6853.9 -51.2 12 0 8.5 10.6 5.0 0.0 0 1 2 1 1
-6785.2 -6829.2 -49.6 19 0 11.7 9.2 5.0 2.5 2 0 2 2 2
-6763.8 -6824.1 -48.3 30 0 12.0 9.3 5.0 2.5 2 0 2 0 0
-6747.5 -6834.4 -47.7 30 0 12.7 11.1 5.0 2.5 2 0 2 2 2
-6763.6 -6859.3 -49.2 32 0 13.0 13.0 5.0 2.5 2 1 2 1 1
-6778.8 -6919.5 -49.3 329 0 11.5 8.8 5.0 2.5 2 0 2 4 4
-6755.2 -6880.5 -48.1 300 0 8.9 17.2 5.0 2.5 2 1 2 2 2
-6779.8 -6867.0 -49.4 305 0 8.6 16.0 5.0 2.5 4 1 2 1 1
-6794.0 -6871.1 -50.4 20 0 12.0 7.7 5.0 2.5 4 0 2 3 3
-6805.2 -6871.4 -51.0 20 0 12.4 8.3 5.0 2.5 2 0 2 4 4
-6830.8 -6870.3 -51.4 196 0 13.3 10.3 5.0 2.5 2 0 2 5 5
-6833.7 -6890.5 -51.2 202 0 12.8 9.7 5.0 2.5 2 0 2 3 3
-6797.2 -6890.6 -49.9 325 0 7.6 29.8 5.0 2.5 2 1 2 4 4
-6833.1 -6930.2 -50.4 145 0 9.3 28.2 5.0 2.5 2 1 2 4 4
-6845.6 -6943.8 -50.4 151 0 9.8 9.4 5.0 2.5 2 0 2 0 0
-6799.4 -6926.8 -50.2 324 0 18.1 30.3 5.0 2.5 2 1 2 4 4
-6758.2 -6930.6 -49.1 324 0 9.2 10.6 5.0 2.5 2 1 2 0 0
-6730.2 -6907.5 -48.0 24 0 9.0 24.4 5.0 2.5 2 1 2 2 2
-6741.5 -6915.1 -48.3 24 0 8.8 18.2 5.0 2.5 2 1 2 4 4
-6706.3 -6933.2 -48.5 23 0 37.4 28.8 5.0 0.0 0 0 2 2 2
