408.6 -5684.0 2.8 177 0 49.3 13.8 5.0 2.5 2 0 2 4 4
1013.8 -5672.9 -19.4 92 0 74.2 96.7 2.5 0.0 0 1 1 5 5
960.4 -5513.5 -20.4 272 0 107.7 43.9 2.5 0.0 0 0 1 4 4
1086.6 -5677.5 -18.8 92 0 36.6 98.2 2.5 0.0 0 1 1 0 0
1136.7 -5690.9 -19.3 92 0 39.6 100.1 2.5 0.0 0 1 1 5 5
1133.4 -5882.9 -12.8 4 0 41.2 24.2 5.0 0.0 0 0 2 2 2
1175.0 -6004.4 -15.7 273 0 24.7 60.8 2.5 2.5 2 1 1 4 4
1225.9 -6005.9 -19.4 272 0 29.2 60.5 2.5 0.0 0 1 1 1 1
1273.1 -6050.6 -21.9 3 0 86.0 22.3 2.5 0.0 0 0 1 4 4
1285.3 -5958.5 -23.8 89 0 23.2 18.9 2.5 0.0 0 0 1 3 3
1328.2 -5930.6 -26.9 90 0 29.9 26.4 2.5 0.0 0 0 1 1 1
957.4 -6249.3 -9.5 1 0 105.2 28.3 2.5 0.0 0 0 1 1 1
961.5 -6162.1 -8.3 3 0 37.9 21.9 2.5 0.0 0 0 1 1 1
952.6 -6097.6 -10.0 91 0 34.4 25.4 2.5 0.0 0 0 1 5 5
1148.7 -5504.0 -25.4 276 0 13.1 15.5 2.5 2.5 2 1 1 4 4
1002.2 -5498.9 -20.5 2 0 25.1 88.5 2.5 0.0 0 1 1 1 1
887.9 -5488.3 -16.2 272 0 13.8 70.6 2.5 2.5 2 1 1 5 5
882.0 -5676.0 -16.2 92 0 13.8 106.9 2.5 2.5 2 1 1 3 3
825.6 -5738.9 -13.5 87 0 11.6 41.8 2.5 2.5 2 1 1 0 0
800.8 -5741.1 -12.6 87 0 11.6 41.1 2.5 2.5 2 1 1 3 3
741.4 -5648.4 -11.9 175 0 42.4 12.8 2.5 2.5 2 0 1 2 2
778.1 -5742.5 -11.7 87 0 12.3 39.9 2.5 2.5 2 1 1 5 5
753.5 -5743.8 -11.0 87 0 12.0 39.7 2.5 2.5 2 1 1 5 5
729.2 -5746.1 -10.2 86 0 12.6 40.3 2.5 2.5 2 1 1 1 1
645.0 -5751.2 -7.6 87 0 12.4 43.9 5.0 2.5 2 1 2 3 3
621.0 -5753.0 -6.6 87 0 11.9 40.3 5.0 2.5 2 1 2 4 4
596.9 -5754.3 -5.7 86 0 11.6 39.3 5.0 2.5 2 1 2 2 2
569.5 -5701.1 -4.9 87 0 10.9 41.0 5.0 2.5 2 1 2 5 5
571.7 -5757.0 -4.8 88 0 12.3 41.1 5.0 2.5 2 1 2 3 3
543.3 -5757.5 -3.6 87 0 11.0 40.3 5.0 2.5 2 1 2 1 1
519.5 -5759.3 -2.6 88 0 13.5 34.2 5.0 2.5 2 1 2 4 4
540.4 -5702.9 -3.6 87 0 10.2 40.9 5.0 2.5 2 1 2 1 1
509.3 -5704.8 -2.3 86 0 14.1 39.5 5.0 2.5 2 1 2 2 2
498.4 -5760.7 -1.7 88 0 13.4 33.6 5.0 2.5 2 1 2 3 3
477.8 -5761.0 -0.8 88 0 13.6 34.3 5.0 2.5 2 1 2 1 1
454.4 -5764.0 0.7 87 0 14.5 40.5 5.0 2.5 2 1 2 2 2
420.0 -5765.0 2.5 87 0 13.9 48.9 5.0 2.5 2 1 2 5 5
502.1 -5786.4 -0.5 266 0 39.4 9.4 5.0 2.5 2 0 2 4 4
623.5 -5782.0 -4.0 268 0 40.7 14.3 5.0 2.5 2 0 2 3 3
664.8 -5774.4 -5.2 272 0 15.7 14.0 5.0 2.5 2 0 2 3 3
695.6 -5783.0 -6.1 358 0 25.5 10.7 5.0 2.5 2 0 2 2 2
708.7 -5739.6 -8.7 176 0 19.3 7.5 2.5 2.5 2 0 1 3 3
724.0 -5765.5 -8.1 269 0 15.3 7.4 5.0 0.0 0 0 2 4 4
685.5 -5844.9 -3.4 8 0 11.3 16.8 5.0 2.5 4 1 2 4 4
688.0 -5831.8 -3.8 9 0 10.8 18.0 5.0 2.5 2 1 2 3 3
689.7 -5817.2 -4.3 9 0 11.6 17.8 5.0 2.5 2 1 2 1 1
984.4 -6018.4 -9.5 274 0 16.9 36.8 2.5 2.5 2 1 1 1 1
955.1 -5988.3 -11.3 274 0 14.9 17.6 2.5 2.5 2 1 1 4 4
975.3 -5989.2 -11.2 274 0 14.8 19.7 2.5 2.5 4 1 1 1 1
940.4 -6455.5 -12.4 2 0 28.8 25.4 2.5 0.0 0 0 1 2 2
1091.5 -6896.6 -18.2 196 0 41.7 14.4 2.5 0.0 0 0 1 0 0
1096.3 -6834.7 -16.5 17 0 41.1 13.9 5.0 0.0 0 0 2 5 5
1108.0 -6837.3 -17.6 197 0 41.5 15.0 2.5 2.5 4 0 1 3 3
1079.6 -6892.5 -17.1 17 0 41.3 13.6 5.0 2.5 2 0 2 2 2
1111.9 -6787.6 -16.5 16 0 31.7 30.0 5.0 0.0 0 0 2 4 4
1056.9 -6844.9 -15.3 106 0 12.5 41.4 5.0 2.5 4 1 2 0 0
1052.7 -6864.2 -16.1 286 0 14.4 40.9 5.0 2.5 2 1 2 5 5
1028.1 -6953.4 -16.8 106 0 12.0 39.4 5.0 2.5 2 1 2 4 4
1049.0 -6755.4 -16.6 107 0 11.7 40.1 2.5 2.5 2 1 1 0 0
1029.7 -6751.2 -15.7 105 0 9.7 41.5 2.5 2.5 2 1 1 2 2
1012.9 -6733.1 -14.8 106 0 10.9 28.5 2.5 2.5 2 1 1 0 0
1066.4 -6706.2 -18.0 106 0 10.6 21.4 2.5 2.5 2 1 1 1 1
1044.9 -6700.6 -16.9 105 0 11.4 21.1 2.5 0.0 0 1 1 2 2
1023.1 -6695.1 -15.7 106 0 9.8 22.2 2.5 2.5 2 1 1 3 3
1033.1 -6659.7 -16.2 104 0 12.2 17.0 2.5 0.0 0 1 1 4 4
1047.5 -6663.4 -17.0 104 0 12.5 17.3 2.5 2.5 2 1 1 1 1
1061.2 -6667.0 -17.8 103 0 12.4 16.6 2.5 2.5 2 1 1 3 3
1074.8 -6669.9 -18.5 103 0 11.8 16.4 2.5 2.5 2 1 1 0 0
1088.3 -6673.9 -19.3 103 0 13.2 17.2 2.5 2.5 2 1 1 1 1
1102.3 -6677.1 -19.9 104 0 11.1 17.5 2.5 2.5 2 1 1 3 3
1115.1 -6680.0 -20.3 104 0 11.0 17.0 2.5 2.5 2 1 1 2 2
1141.5 -6682.8 -21.0 42 0 14.8 23.7 2.5 0.0 0 1 1 0 0
1132.2 -6742.9 -19.4 194 0 48.3 19.2 2.5 0.0 0 0 1 3 3
1126.4 -6777.1 -17.9 192 0 13.5 10.9 2.5 2.5 2 0 1 0 0
958.3 -6811.6 -5.6 283 0 12.6 56.6 2.5 2.5 2 1 1 3 3
988.2 -6792.3 -8.7 12 0 11.4 28.4 2.5 2.5 2 1 1 4 4
966.1 -6694.6 -11.5 293 0 23.0 24.0 2.5 2.5 4 1 1 2 2
997.1 -6651.0 -14.2 104 0 14.8 11.5 2.5 2.5 2 0 1 1 1
1012.6 -6654.8 -15.0 107 0 9.3 13.3 2.5 2.5 2 1 1 3 3
768.5 -5368.8 -11.3 159 0 19.8 19.8 2.5 2.5 2 1 1 0 0
795.3 -5365.4 -13.5 162 0 55.2 22.1 2.5 2.5 4 0 1 2 2
756.6 -5300.7 -10.6 144 0 14.5 21.5 2.5 2.5 2 1 1 1 1
753.6 -5345.4 -11.5 163 0 16.8 31.0 2.5 2.5 2 1 1 0 0
834.4 -5320.3 -16.0 337 0 9.7 14.5 2.5 2.5 2 1 1 2 2
831.0 -5433.7 -13.3 157 0 17.7 10.5 2.5 2.5 2 0 1 0 0
845.7 -5431.0 -14.1 157 0 18.3 9.5 2.5 2.5 2 0 1 5 5
804.1 -5452.3 -11.9 162 0 18.4 13.3 2.5 2.5 2 0 1 5 5
783.6 -5468.1 -11.2 177 0 10.3 21.8 2.5 0.0 0 1 1 2 2
779.5 -5427.2 -10.8 163 0 10.3 21.4 2.5 2.5 2 1 1 1 1
799.5 -5414.6 -11.5 162 0 23.8 10.8 2.5 0.0 0 0 1 1 1
868.3 -5414.4 -15.3 153 0 16.5 10.1 2.5 2.5 2 0 1 0 0
847.8 -5398.0 -14.0 149 0 12.1 8.8 2.5 2.5 2 0 1 2 2
856.9 -5394.2 -14.7 139 0 9.2 10.9 2.5 0.0 0 1 1 3 3
871.9 -5381.9 -15.5 319 0 10.3 6.8 2.5 2.5 2 0 1 5 5
836.4 -5347.8 -16.5 153 0 8.1 10.4 2.5 2.5 2 1 1 1 1
866.8 -5305.3 -18.8 331 0 10.0 12.9 2.5 2.5 2 1 1 5 5
940.2 -5337.3 -22.9 317 0 11.8 12.7 2.5 2.5 4 1 1 3 3
960.8 -5360.1 -21.6 319 0 9.2 7.0 2.5 2.5 2 0 1 3 3
-6256.5 663.4 -15.9 205 0 8.0 8.8 5.0 2.5 2 1 2 4 4
-6273.3 618.6 -15.3 205 0 11.2 7.3 5.0 2.5 2 0 2 0 0
-6291.4 625.3 -18.3 25 0 11.4 9.1 5.0 2.5 2 0 2 0 0
-6298.5 607.7 -18.1 25 0 12.9 8.1 5.0 2.5 2 0 2 0 0
-6314.7 564.6 -17.8 25 0 11.1 8.3 5.0 2.5 2 0 2 2 2
-6299.9 556.3 -15.0 205 0 11.9 15.8 5.0 2.5 2 1 2 1 1
-6313.7 512.9 -14.4 205 0 12.3 10.4 5.0 2.5 4 0 2 1 1
-6312.6 482.7 -14.7 25 0 9.4 15.3 5.0 2.5 2 1 2 4 4
-6342.3 493.5 -17.4 25 0 14.0 8.3 5.0 2.5 2 0 2 5 5
-6349.4 434.6 -14.6 205 0 6.2 11.2 5.0 2.5 2 1 2 4 4
-6382.4 362.6 -13.8 205 0 9.9 9.5 5.0 2.5 2 0 2 4 4
-6390.6 386.9 -16.7 25 0 8.2 10.0 5.0 2.5 2 1 2 3 3
-6398.2 369.5 -16.5 25 0 9.0 10.9 5.0 0.0 0 1 2 0 0
-6406.1 350.9 -16.7 25 0 9.9 12.2 5.0 0.0 0 1 2 2 2
-6419.4 326.0 -16.6 25 0 12.8 9.2 5.0 2.5 2 0 2 1 1
-6451.2 294.5 -17.7 205 0 9.9 10.8 5.0 2.5 2 1 2 2 2
-6435.4 253.1 -14.1 205 0 11.9 10.9 5.0 2.5 2 0 2 0 0
-6461.8 156.9 -14.3 205 0 19.0 6.4 5.0 0.0 0 0 2 0 0
-6476.3 125.6 -15.0 205 0 17.7 25.6 5.0 2.5 2 1 2 1 1
-6578.3 -109.9 -16.7 200 0 15.2 8.0 5.0 2.5 2 0 2 3 3
-6508.3 -148.2 -7.8 211 0 12.3 35.7 10.0 2.5 2 1 4 5 5
-6594.4 -248.2 -10.8 295 0 8.0 11.9 2.5 2.5 2 1 1 4 4
-6633.0 -229.2 -14.0 205 0 6.7 11.6 2.5 2.5 2 1 1 3 3
-6644.3 -259.7 -13.3 205 0 7.9 10.1 2.5 2.5 2 1 1 0 0
-6654.9 -278.5 -13.5 205 0 9.7 16.1 2.5 2.5 2 1 1 0 0
-6659.8 -293.3 -13.5 205 0 8.7 10.4 2.5 2.5 4 1 1 3 3
-6616.8 -315.0 -11.2 25 0 8.2 14.9 2.5 0.0 0 1 1 4 4
-6626.3 -331.8 -11.2 25 0 9.6 11.6 2.5 2.5 2 1 1 4 4
-6669.6 -315.6 -13.6 205 0 10.3 6.7 2.5 2.5 2 0 1 0 0
-6677.9 -332.8 -13.8 205 0 10.4 11.2 2.5 2.5 2 1 1 5 5
-6642.3 -369.3 -11.0 25 0 5.5 7.0 2.5 2.5 2 1 1 4 4
-6655.9 -385.1 -11.5 25 0 10.7 6.9 2.5 2.5 2 0 1 4 4
-6695.0 -379.7 -13.9 205 0 12.3 7.5 2.5 2.5 2 0 1 1 1
-6695.4 -488.2 -12.1 25 0 8.4 8.9 2.5 0.0 0 1 1 5 5
-6718.8 -456.7 -13.9 205 0 14.4 8.5 2.5 2.5 2 0 1 1 1
-6739.1 -433.9 -16.3 25 0 17.5 6.0 2.5 2.5 2 0 1 2 2
-6762.9 -459.7 -17.2 205 0 15.0 6.9 2.5 2.5 2 0 1 3 3
-6790.2 -557.1 -17.7 25 0 11.0 6.7 2.5 2.5 4 0 1 0 0
-6750.3 -518.1 -14.9 205 0 9.8 5.6 2.5 2.5 2 0 1 4 4
-6761.2 -532.0 -15.4 205 0 7.6 12.2 2.5 2.5 2 1 1 2 2
-6766.3 -554.9 -15.3 205 0 8.3 6.7 2.5 2.5 2 0 1 1 1
-6740.6 -593.2 -13.3 25 0 13.4 9.2 2.5 2.5 2 0 1 4 4
-6795.2 -624.4 -16.2 205 0 6.6 10.7 2.5 2.5 2 1 1 3 3
-6800.2 -641.1 -16.3 205 0 7.8 10.5 2.5 2.5 2 1 1 1 1
-6808.5 -658.7 -16.6 205 0 7.8 9.8 2.5 2.5 2 1 1 5 5
-6805.7 -707.4 -16.6 25 0 10.0 7.5 2.5 2.5 2 0 1 5 5
-6829.9 -711.2 -17.5 205 0 7.9 9.9 2.5 2.5 2 1 1 0 0
-4767.4 3534.6 -12.0 301 0 19.7 10.4 5.0 2.5 2 0 2 4 4
-4782.5 3504.9 -12.6 281 0 8.3 14.3 5.0 2.5 2 1 2 2 2
-4754.4 3482.5 -10.7 196 0 14.5 12.2 5.0 2.5 2 0 2 0 0
-4800.9 3415.4 -12.8 31 0 9.4 8.2 5.0 2.5 2 0 2 4 4
-4852.8 3394.9 -12.4 204 0 9.7 15.2 5.0 2.5 2 1 2 4 4
-4874.6 3375.7 -12.8 200 0 14.2 24.7 5.0 2.5 4 1 2 4 4
-4818.6 3371.6 -12.7 33 0 14.3 6.6 5.0 2.5 4 0 2 4 4
-4782.8 3357.0 -9.0 303 0 13.0 11.0 5.0 2.5 2 0 2 4 4
-4792.2 3336.5 -8.8 303 0 14.2 6.5 5.0 2.5 2 0 2 0 0
-4801.5 3320.0 -8.9 303 0 15.2 8.2 5.0 2.5 2 0 2 3 3
-4813.1 3288.8 -9.4 33 0 10.4 16.3 5.0 2.5 2 1 2 3 3
-4839.2 3328.0 -12.6 33 0 11.6 4.1 5.0 2.5 2 0 2 0 0
-4851.4 3303.4 -12.5 33 0 12.7 7.3 5.0 2.5 2 0 2 5 5
-4834.6 3252.1 -8.0 123 0 13.7 11.1 5.0 2.5 2 0 2 3 3
-4891.6 3223.8 -12.2 33 0 14.6 8.6 5.0 2.5 2 0 2 2 2
-4968.1 3204.0 -13.2 123 0 18.4 8.9 5.0 2.5 2 0 2 2 2
-4927.7 3188.0 -12.4 33 0 13.0 10.6 5.0 2.5 2 0 2 5 5
-4896.6 3144.5 -8.2 303 0 10.8 15.6 5.0 2.5 2 1 2 0 0
-4909.3 3115.5 -8.1 123 0 17.7 9.9 5.0 2.5 4 0 2 2 2
-4991.2 3166.8 -12.8 303 0 12.4 8.2 5.0 2.5 2 0 2 0 0
-4973.3 3164.1 -13.3 213 0 15.2 9.6 5.0 2.5 2 0 2 2 2
-4944.8 3158.9 -12.7 33 0 10.7 13.6 5.0 2.5 2 1 2 1 1
-4942.1 3140.9 -12.3 33 0 36.4 8.9 5.0 2.5 2 0 2 5 5
-4962.1 3107.1 -12.5 33 0 29.5 10.2 5.0 2.5 2 0 2 5 5
-5028.3 3081.3 -13.6 213 0 9.2 12.4 5.0 2.5 2 1 2 5 5
-5005.8 3094.2 -13.5 213 0 5.8 14.3 5.0 2.5 2 1 2 0 0
-4976.6 3084.9 -12.6 33 0 16.2 8.9 5.0 2.5 4 0 2 4 4
-5022.4 3019.3 -13.5 33 0 9.1 14.3 5.0 2.5 2 1 2 5 5
-5008.0 2990.3 -10.6 213 0 8.7 12.8 5.0 2.5 2 1 2 2 2
-5033.5 2993.1 -13.5 33 0 9.7 14.3 5.0 2.5 2 1 2 1 1
-5045.8 2973.3 -13.8 33 0 10.3 16.4 5.0 2.5 2 1 2 0 0
-5026.4 2966.5 -10.7 215 0 10.5 17.0 5.0 2.5 2 1 2 2 2
-5068.2 2912.7 -11.0 212 0 11.2 15.7 5.0 2.5 2 1 2 4 4
-1237.2 6726.5 -22.4 119 0 11.0 6.1 2.5 2.5 2 0 1 2 2
-1230.6 6759.5 -26.1 301 0 10.5 11.5 2.5 2.5 2 1 1 5 5
-618.8 6571.2 -26.3 289 0 13.6 7.5 2.5 2.5 2 0 1 1 1
-776.3 6472.9 -11.1 145 0 12.1 15.6 2.5 0.0 0 1 1 5 5
-720.5 6574.0 -17.4 284 0 20.0 12.0 2.5 2.5 2 0 1 3 3
-699.1 6566.7 -18.9 287 0 17.9 10.3 2.5 0.0 0 0 1 5 5
-680.2 6564.5 -20.5 288 0 12.1 13.8 2.5 2.5 2 1 1 3 3
-690.1 6550.0 -18.4 287 0 12.4 19.0 2.5 2.5 2 1 1 5 5
-837.6 6529.6 -20.0 120 0 8.6 5.3 2.5 2.5 2 0 1 1 1
-794.3 6508.4 -15.4 120 0 8.6 7.7 2.5 0.0 0 0 1 1 1
-822.3 6509.5 -18.1 120 0 10.4 12.4 2.5 2.5 4 1 1 0 0
-855.5 6508.6 -17.5 120 0 9.0 5.8 2.5 0.0 0 0 1 5 5
-866.8 6532.5 -20.1 120 0 8.9 12.0 2.5 0.0 0 1 1 3 3
-936.5 6630.1 -26.4 300 0 5.6 12.4 2.5 2.5 2 1 1 0 0
-999.9 6580.9 -20.8 120 0 11.1 8.7 2.5 2.5 2 0 1 2 2
-1038.3 6565.3 -18.3 120 0 9.2 4.9 2.5 2.5 2 0 1 1 1
-983.6 6529.4 -17.3 120 0 8.4 10.6 2.5 2.5 2 1 1 0 0
-962.3 6518.9 -16.8 120 0 10.9 11.0 2.5 2.5 2 1 1 1 1
-948.0 6551.3 -19.2 120 0 10.4 7.0 2.5 2.5 2 0 1 0 0
-955.6 6601.7 -23.1 300 0 6.5 8.5 2.5 2.5 4 1 1 2 2
-980.1 6618.6 -23.5 300 0 8.4 9.9 2.5 2.5 4 1 1 2 2
-999.9 6628.1 -20.1 300 0 9.5 9.9 2.5 2.5 2 1 1 4 4
-1022.3 6642.8 -22.4 300 0 8.6 15.5 2.5 2.5 2 1 1 3 3
-1041.1 6650.0 -24.0 300 0 8.8 9.8 2.5 0.0 0 1 1 4 4
-1042.4 6609.8 -21.8 120 0 10.1 8.1 2.5 2.5 2 0 1 3 3
-1080.4 6631.4 -21.4 120 0 7.2 4.1 2.5 2.5 2 0 1 2 2
-1063.1 6662.1 -25.2 300 0 8.3 5.8 2.5 2.5 2 0 1 0 0
-1084.3 6687.4 -26.7 300 0 9.3 14.9 2.5 2.5 2 1 1 5 5
-1108.1 6693.0 -25.9 300 0 8.9 7.8 2.5 2.5 2 0 1 1 1
-1133.3 6707.3 -26.1 300 0 11.0 7.7 2.5 2.5 2 0 1 2 2
-1161.0 6721.0 -26.3 300 0 9.9 11.5 2.5 0.0 0 1 1 2 2
-1202.2 6750.4 -27.6 300 0 10.0 15.1 2.5 2.5 2 1 1 0 0
-63.5 -841.3 -3.1 207 0 14.7 8.1 2.5 2.5 2 0 1 5 5
-26.8 -905.1 -7.8 296 0 7.6 17.2 5.0 2.5 4 1 2 2 2
84.9 -1069.9 -24.8 29 0 11.6 7.8 7.5 2.5 2 0 3 2 2
103.5 -1014.9 -23.3 22 0 19.7 10.2 2.5 2.5 4 0 1 0 0
118.4 -976.9 -22.3 23 0 17.5 9.3 7.5 2.5 2 0 3 2 2
145.5 -858.9 -13.7 209 0 7.5 14.1 2.5 2.5 4 1 1 3 3
139.8 -941.8 -21.9 21 0 9.2 6.8 5.0 2.5 2 0 2 3 3
18.7 -882.1 -10.1 288 0 8.9 13.2 7.5 2.5 2 1 3 5 5
73.4 -894.5 -14.3 303 0 8.9 18.1 5.0 2.5 2 1 2 3 3
190.1 -797.0 -11.3 216 0 10.7 7.7 5.0 2.5 2 0 2 3 3
253.5 -729.5 -8.7 226 0 12.0 10.7 7.5 2.5 4 0 3 2 2
235.4 -746.5 -9.6 224 0 30.1 10.5 10.0 2.5 2 0 4 1 1
403.6 -647.7 -19.3 28 0 12.1 9.7 7.5 2.5 2 0 3 3 3
415.9 -583.5 -15.5 25 0 12.8 14.5 7.5 2.5 2 1 3 5 5
442.1 -567.0 -15.3 42 0 20.0 10.9 7.5 2.5 2 0 3 3 3
458.9 -545.8 -14.1 35 0 11.6 12.4 5.0 2.5 2 1 2 2 2
465.2 -497.1 -5.5 43 0 10.9 6.9 5.0 2.5 2 0 2 4 4
521.9 -494.4 -19.8 56 0 6.8 9.2 2.5 2.5 2 1 1 2 2
517.1 -455.0 -5.0 60 0 7.8 8.2 5.0 2.5 2 1 2 0 0
546.5 -441.9 -9.4 61 0 15.3 11.5 5.0 2.5 2 0 2 5 5
586.1 -412.3 -16.2 331 0 14.3 10.8 7.5 0.0 0 0 3 3 3
505.3 -6086.6 15.3 183 0 10.7 37.2 5.0 2.5 2 1 2 0 0
562.0 -6062.4 13.4 7 0 33.3 11.6 5.0 2.5 2 0 2 3 3
432.8 -5687.6 1.4 173 0 45.7 18.0 5.0 2.5 2 0 2 4 4
432.2 -5633.2 2.6 176 0 43.1 15.3 5.0 2.5 2 0 2 1 1
471.0 -5610.4 0.1 265 0 16.4 40.1 5.0 2.5 2 1 2 4 4
499.0 -5609.7 -1.4 267 0 13.1 38.2 5.0 2.5 2 1 2 2 2
1301.1 -5746.5 -25.1 356 0 19.1 11.3 2.5 2.5 2 0 1 2 2
1328.0 -5698.4 -26.6 4 0 46.7 16.9 2.5 2.5 2 0 1 0 0
1164.6 -6068.9 -14.8 272 0 27.1 31.7 2.5 0.0 0 1 1 0 0
1032.3 -5782.8 -16.3 273 0 13.1 11.4 5.0 2.5 2 0 2 2 2
1144.6 -5842.6 -14.7 0 0 26.0 12.5 5.0 2.5 2 0 2 5 5
1168.6 -5691.6 -20.3 96 0 13.8 20.4 2.5 2.5 2 1 1 2 2
1168.6 -5705.3 -20.7 98 0 11.4 11.4 2.5 2.5 2 1 1 2 2
1165.8 -5756.1 -21.1 95 0 17.0 47.3 2.5 2.5 2 1 1 3 3
1053.1 -5484.9 -21.4 271 0 27.5 32.2 2.5 0.0 0 1 1 4 4
977.2 -5358.5 -23.1 217 0 15.3 8.4 2.5 2.5 2 0 1 5 5
902.7 -5412.9 -16.8 331 0 14.7 7.8 2.5 2.5 2 0 1 3 3
756.0 -5394.9 -8.1 340 0 12.1 17.8 5.0 2.5 2 1 2 1 1
762.4 -5415.0 -8.6 346 0 23.7 13.3 5.0 2.5 2 0 2 5 5
765.7 -5439.3 -8.7 356 0 14.4 9.1 5.0 2.5 2 0 2 3 3
764.8 -5451.6 -8.6 0 0 3.9 10.4 5.0 2.5 2 1 2 2 2
765.0 -5466.9 -8.8 10 0 19.4 9.6 5.0 2.5 2 0 2 3 3
760.4 -5485.0 -8.6 15 0 8.3 11.5 5.0 2.5 4 1 2 0 0
757.0 -5494.7 -8.7 18 0 7.8 16.9 5.0 2.5 2 1 2 5 5
746.1 -5373.4 -7.7 338 0 8.7 19.0 5.0 0.0 0 1 2 2 2
725.6 -5321.4 -7.9 334 0 8.9 11.2 5.0 2.5 2 1 2 4 4
723.3 -5310.6 -8.2 335 0 8.7 18.7 5.0 2.5 4 1 2 3 3
718.6 -5296.1 -8.4 336 0 8.9 17.5 5.0 2.5 2 1 2 2 2
708.2 -5273.2 -8.1 338 0 20.2 9.7 5.0 2.5 2 0 2 5 5
686.1 -5233.2 -6.9 335 0 9.9 10.3 5.0 2.5 2 1 2 0 0
678.2 -5212.7 -6.7 345 0 7.6 13.8 5.0 2.5 2 1 2 0 0
676.0 -5202.0 -6.9 335 0 5.2 12.7 5.0 2.5 2 1 2 5 5
746.3 -5288.6 -10.3 142 0 8.3 13.2 2.5 2.5 2 1 1 5 5
798.2 -4713.2 -20.0 60 0 9.6 13.0 5.0 2.5 4 1 2 3 3
782.1 -4747.2 -19.9 250 0 6.7 9.5 2.5 2.5 2 1 1 2 2
764.8 -4764.9 -19.9 238 0 8.7 10.8 2.5 0.0 0 1 1 4 4
714.4 -4620.2 -19.9 331 0 15.3 8.1 5.0 2.5 2 0 2 5 5
740.9 -4645.1 -19.1 334 0 8.7 16.9 5.0 2.5 2 1 2 5 5
732.0 -4663.4 -19.1 331 0 10.1 8.5 5.0 2.5 2 0 2 1 1
710.0 -4737.3 -19.5 73 0 14.5 17.2 5.0 2.5 2 1 2 0 0
662.4 -4696.5 -20.3 172 0 9.0 8.2 5.0 2.5 2 0 2 1 1
521.7 -4704.2 -20.9 102 0 14.1 12.8 5.0 2.5 2 0 2 4 4
569.9 -4683.9 -21.1 317 0 8.9 30.1 5.0 2.5 2 1 2 5 5
571.7 -4693.4 -20.8 226 0 10.0 36.0 5.0 2.5 2 1 2 3 3
585.1 -4732.2 -20.2 136 0 9.4 9.9 5.0 2.5 2 1 2 0 0
595.4 -4748.4 -20.5 128 0 15.3 17.4 5.0 0.0 0 1 2 1 1
615.3 -4759.5 -20.7 105 0 9.8 19.1 5.0 2.5 2 1 2 0 0
599.2 -4773.6 -19.8 348 0 8.8 23.7 2.5 2.5 4 1 1 1 1
594.4 -4782.6 -19.7 257 0 13.2 24.7 2.5 2.5 2 1 1 5 5
631.1 -4790.6 -20.0 268 0 10.3 16.7 2.5 2.5 2 1 1 2 2
671.0 -4783.0 -19.8 267 0 8.8 10.2 2.5 2.5 2 1 1 2 2
697.4 -4784.3 -19.4 268 0 11.2 9.6 2.5 2.5 2 0 1 3 3
728.1 -4778.8 -19.9 253 0 12.2 10.0 2.5 2.5 2 0 1 4 4
698.5 -4772.4 -19.5 91 0 12.2 15.2 5.0 0.0 0 1 2 0 0
675.9 -4755.5 -20.0 92 0 15.8 8.4 5.0 2.5 4 0 2 4 4
667.0 -4730.2 -20.3 90 0 13.9 15.8 5.0 2.5 2 1 2 1 1
624.4 -4650.9 -21.3 181 0 18.3 13.8 5.0 2.5 2 0 2 5 5
597.7 -4534.9 -22.9 1 0 9.3 12.2 5.0 2.5 4 1 2 3 3
591.2 -4558.2 -22.9 1 0 8.7 13.7 5.0 2.5 2 1 2 2 2
591.8 -4585.9 -22.8 2 0 9.3 11.9 5.0 2.5 4 1 2 2 2
590.0 -4626.2 -22.5 1 0 9.3 13.7 5.0 2.5 2 1 2 3 3
525.5 -4656.6 -22.5 92 0 10.1 10.1 5.0 2.5 2 0 2 0 0
497.4 -4632.0 -23.4 181 0 7.7 9.0 5.0 2.5 2 1 2 4 4
501.5 -4623.5 -23.4 181 0 5.7 11.1 5.0 2.5 2 1 2 1 1
510.6 -4601.9 -23.4 271 0 19.6 11.0 5.0 0.0 0 0 2 4 4
509.5 -4586.2 -23.5 91 0 11.9 8.7 5.0 2.5 2 0 2 2 2
504.8 -4562.3 -23.4 181 0 9.9 12.2 5.0 2.5 2 1 2 3 3
504.5 -4540.7 -23.2 181 0 9.5 10.4 5.0 2.5 2 1 2 2 2
503.4 -4521.9 -22.9 181 0 9.0 12.2 5.0 2.5 2 1 2 5 5
506.0 -4509.8 -22.8 181 0 9.2 10.7 5.0 2.5 2 1 2 2 2
505.1 -4488.6 -22.4 181 0 8.7 11.3 5.0 2.5 2 1 2 1 1
502.8 -4471.6 -22.2 181 0 9.8 11.6 5.0 2.5 2 1 2 0 0
504.2 -4439.4 -21.5 181 0 8.6 8.1 5.0 2.5 4 0 2 0 0
501.0 -4451.0 -21.9 181 0 8.1 12.8 5.0 2.5 2 1 2 5 5
473.2 -4431.6 -20.5 1 0 11.0 10.7 5.0 2.5 2 0 2 1 1
471.7 -4454.1 -21.1 1 0 9.5 9.5 5.0 2.5 2 1 2 3 3
470.8 -4473.6 -21.6 1 0 10.9 6.8 5.0 2.5 2 0 2 4 4
474.7 -4490.5 -22.1 1 0 10.1 10.1 5.0 2.5 4 1 2 3 3
472.9 -4521.4 -22.6 1 0 8.0 8.1 5.0 2.5 4 1 2 4 4
475.6 -4541.5 -22.9 1 0 7.7 9.3 5.0 2.5 2 1 2 0 0
474.7 -4563.9 -23.2 1 0 7.1 7.8 5.0 2.5 2 1 2 2 2
469.6 -4583.8 -23.5 91 0 12.8 8.4 5.0 2.5 2 0 2 2 2
453.5 -4601.6 -23.7 271 0 19.4 8.6 5.0 2.5 2 0 2 5 5
422.2 -4596.3 -22.7 271 0 11.6 12.5 5.0 2.5 2 1 2 3 3
438.0 -4632.1 -23.1 271 0 11.4 7.5 5.0 2.5 2 0 2 1 1
481.8 -4640.3 -23.8 1 0 9.5 22.0 5.0 2.5 2 1 2 4 4
481.0 -4670.6 -22.4 1 0 11.6 19.4 5.0 2.5 2 1 2 2 2
499.4 -4718.1 -20.2 272 0 11.4 17.3 2.5 2.5 2 1 1 5 5
448.2 -4715.7 -20.2 269 0 12.0 15.8 2.5 2.5 2 1 1 3 3
431.2 -4741.5 -19.9 2 0 10.7 21.0 2.5 2.5 4 1 1 1 1
412.5 -4636.6 -21.7 259 0 7.3 7.1 5.0 2.5 2 0 2 0 0
477.2 -4686.7 -21.5 350 0 6.8 10.9 5.0 2.5 2 1 2 1 1
435.6 -4695.2 -21.0 80 0 7.2 9.6 5.0 2.5 2 1 2 0 0
414.2 -4698.0 -20.5 79 0 8.7 9.6 5.0 2.5 4 1 2 3 3
393.5 -4702.2 -19.7 79 0 8.9 12.3 5.0 2.5 2 1 2 1 1
343.6 -4567.2 -19.6 169 0 11.1 10.5 5.0 0.0 0 0 2 5 5
349.1 -4601.5 -19.6 169 0 6.9 11.8 5.0 2.5 2 1 2 3 3
351.0 -4616.5 -19.6 169 0 8.4 15.1 5.0 2.5 2 1 2 0 0
355.7 -4634.4 -19.5 170 0 8.4 13.6 5.0 2.5 4 1 2 5 5
358.2 -4652.3 -19.6 169 0 7.8 16.5 5.0 2.5 2 1 2 2 2
361.0 -4666.6 -19.8 169 0 9.2 15.9 5.0 2.5 2 1 2 5 5
364.8 -4685.6 -19.3 169 0 6.3 12.0 5.0 0.0 0 1 2 2 2
366.1 -4701.1 -19.6 169 0 8.9 14.3 5.0 2.5 2 1 2 5 5
285.0 -4577.2 -15.5 169 0 10.7 9.5 2.5 2.5 4 0 1 0 0
311.3 -4562.2 -17.4 259 0 16.5 12.4 2.5 2.5 2 0 1 4 4
320.3 -4582.3 -17.2 349 0 6.4 14.4 2.5 2.5 2 1 1 4 4
289.6 -4604.6 -16.0 169 0 12.1 16.7 2.5 0.0 0 1 1 2 2
332.1 -4621.1 -17.4 349 0 8.7 13.4 2.5 2.5 4 1 1 2 2
336.2 -4638.0 -17.5 349 0 7.9 14.4 2.5 0.0 0 1 1 1 1
339.4 -4654.9 -17.6 349 0 8.2 14.1 2.5 2.5 2 1 1 5 5
315.2 -4922.1 -15.9 65 0 11.1 11.2 5.0 2.5 2 1 2 5 5
381.5 -4835.6 -19.3 356 0 13.5 19.0 2.5 2.5 2 1 1 5 5
414.2 -4558.2 -21.6 86 0 12.1 9.3 5.0 2.5 2 0 2 5 5
413.4 -4529.2 -21.0 268 0 11.0 10.5 5.0 0.0 0 0 2 1 1
383.7 -4578.3 -21.4 90 0 9.2 11.0 5.0 2.5 2 1 2 2 2
400.0 -4596.8 -21.7 270 0 11.0 14.9 5.0 2.5 2 1 2 4 4
503.9 -6154.1 15.5 172 0 18.1 25.9 5.0 2.5 2 1 2 1 1
651.8 -6600.2 6.5 346 0 11.9 23.9 2.5 2.5 2 1 1 0 0
881.2 -6735.9 3.3 242 0 14.0 37.6 2.5 2.5 2 1 1 1 1
792.9 -6784.1 21.0 251 0 28.1 17.0 2.5 2.5 2 0 1 1 1
847.5 -6873.2 14.2 95 0 11.4 41.9 2.5 2.5 2 1 1 1 1
939.6 -6919.7 -6.4 103 0 14.5 35.5 2.5 2.5 2 1 1 3 3
1170.2 -6149.3 -16.1 2 0 41.8 18.6 2.5 2.5 4 0 1 0 0
1112.5 -6241.3 -14.7 182 0 31.1 14.4 2.5 0.0 0 0 1 2 2
1107.5 -6283.6 -15.7 183 0 39.4 23.7 2.5 0.0 0 0 1 4 4
1253.1 -6879.3 -26.5 202 0 7.1 13.5 2.5 2.5 2 1 1 4 4
1219.2 -6830.6 -23.1 22 0 5.5 7.9 2.5 2.5 4 1 1 2 2
1227.5 -6819.0 -23.7 17 0 5.0 13.8 2.5 2.5 2 1 1 3 3
1277.3 -6766.2 -27.1 21 0 13.1 11.8 2.5 2.5 2 0 1 4 4
1249.5 -6771.9 -25.2 24 0 8.8 5.5 2.5 2.5 4 0 1 1 1
1239.3 -6766.3 -24.6 22 0 9.6 7.3 2.5 0.0 0 0 1 4 4
1229.7 -6758.4 -24.0 19 0 9.1 10.2 2.5 2.5 2 1 1 0 0
1237.0 -6748.2 -24.5 35 0 9.4 11.9 2.5 2.5 2 1 1 0 0
1207.6 -6730.4 -23.3 210 0 8.3 13.2 2.5 2.5 2 1 1 2 2
1203.2 -6745.0 -23.1 203 0 7.8 13.4 2.5 2.5 2 1 1 3 3
1204.8 -6758.2 -22.8 207 0 4.7 9.2 2.5 0.0 0 1 1 5 5
1214.8 -6771.6 -22.9 17 0 7.2 13.8 2.5 2.5 2 1 1 5 5
1209.7 -6782.5 -22.6 21 0 7.6 11.5 2.5 2.5 2 1 1 3 3
1205.3 -6791.8 -22.3 11 0 7.9 9.2 2.5 2.5 4 1 1 4 4
1191.8 -6800.5 -22.0 193 0 9.2 9.7 2.5 2.5 2 1 1 3 3
1199.7 -6816.5 -21.9 12 0 7.0 10.6 2.5 2.5 2 1 1 3 3
1246.7 -6854.3 -24.8 5 0 7.2 16.1 2.5 2.5 2 1 1 4 4
