-1252.7 3705.0 -9.5 13 0 28.2 49.3 5.0 0.0 0 1 2 1 1
-4849.2 -3358.2 -3.1 184 0 57.3 80.3 5.0 0.0 0 1 2 1 1
-4719.9 -3615.5 -4.7 273 0 83.7 29.2 5.0 0.0 0 0 2 2 2
-4655.6 -3646.3 -4.9 2 0 25.7 16.5 5.0 2.5 2 0 2 5 5
-4856.0 -3476.2 -3.5 184 0 74.4 86.0 5.0 0.0 0 1 2 5 5
-367.3 1911.4 -19.6 204 0 14.1 16.1 14.0 3.5 4 1 4 4 4
-390.9 1933.6 -17.7 172 0 12.2 25.5 14.0 3.5 2 1 4 1 1
-349.5 1933.1 -20.0 285 0 11.7 15.1 14.0 3.5 2 1 4 3 3
-296.9 1866.9 -24.3 17 0 4.8 5.9 10.5 3.5 2 1 3 1 1
-284.8 1886.7 -24.3 25 0 8.3 6.7 10.5 3.5 2 0 3 5 5
-272.8 1920.9 -24.3 14 0 7.3 9.4 10.5 3.5 2 1 3 4 4
863.9 6404.8 -17.5 195 0 18.7 8.3 5.0 2.5 2 0 2 1 1
846.8 6360.0 -18.3 187 0 11.1 13.7 5.0 2.5 2 1 2 2 2
839.9 6321.5 -19.7 166 0 9.3 18.3 5.0 2.5 2 1 2 0 0
850.1 6380.0 -18.0 189 0 7.1 11.0 5.0 2.5 2 1 2 4 4
859.0 6409.5 -17.6 196 0 13.1 3.9 5.0 2.5 2 0 2 4 4
896.3 6439.0 -17.1 9 0 12.9 5.3 5.0 2.5 2 0 2 5 5
838.2 6301.6 -19.5 194 0 12.6 6.8 5.0 2.5 2 0 2 0 0
864.7 6301.9 -20.4 18 0 13.7 13.3 5.0 2.5 2 0 2 1 1
859.8 6289.4 -20.8 13 0 8.5 9.1 5.0 2.5 2 1 2 2 2
822.6 6222.2 -18.7 191 0 13.1 11.2 5.0 2.5 2 0 2 1 1
826.9 6201.1 -19.2 197 0 15.5 8.7 5.0 2.5 2 0 2 5 5
854.4 6198.2 -21.0 8 0 12.7 8.7 5.0 2.5 2 0 2 0 0
857.1 6211.8 -21.2 16 0 8.8 7.6 5.0 0.0 0 0 2 2 2
809.8 6115.8 -20.2 191 0 21.7 9.4 5.0 2.5 2 0 2 3 3
816.4 6139.1 -20.6 203 0 13.6 16.2 5.0 2.5 2 1 2 3 3
838.4 6151.3 -20.6 26 0 15.3 10.2 5.0 2.5 4 0 2 2 2
801.0 6085.5 -18.6 198 0 7.8 10.6 5.0 2.5 2 1 2 3 3
804.8 6223.9 -18.2 344 0 4.6 11.8 5.0 2.5 2 1 2 5 5
764.2 6040.7 -18.1 11 0 10.8 21.2 5.0 2.5 2 1 2 5 5
758.1 6011.2 -17.7 16 0 14.4 18.4 5.0 2.5 2 1 2 5 5
784.0 6016.3 -17.9 194 0 12.4 12.1 5.0 2.5 2 0 2 2 2
793.7 5992.7 -19.0 7 0 15.6 11.4 5.0 2.5 2 0 2 1 1
720.8 5999.5 -17.6 211 0 8.8 14.6 5.0 2.5 2 1 2 1 1
710.2 5944.9 -17.5 185 0 5.2 7.1 5.0 0.0 0 1 2 0 0
732.4 5944.1 -17.7 9 0 12.1 13.0 5.0 2.5 2 1 2 1 1
742.6 5917.3 -18.6 9 0 11.3 10.6 5.0 2.5 2 0 2 1 1
746.4 5944.0 -18.4 11 0 17.7 11.2 5.0 2.5 2 0 2 0 0
751.3 5880.5 -20.4 198 0 8.4 14.3 5.0 0.0 0 1 2 4 4
754.3 5896.7 -20.4 183 0 7.9 11.2 5.0 2.5 2 1 2 4 4
783.3 5915.4 -21.3 8 0 16.7 13.6 5.0 0.0 0 0 2 2 2
766.1 5936.7 -20.7 198 0 14.1 14.3 5.0 0.0 0 1 2 4 4
773.1 5835.8 -20.6 6 0 7.3 9.6 5.0 2.5 2 1 2 4 4
768.4 5823.1 -20.3 5 0 8.8 12.2 5.0 2.5 2 1 2 4 4
739.0 5787.3 -20.1 187 0 13.9 20.4 5.0 2.5 2 1 2 1 1
768.7 5808.3 -20.3 3 0 10.9 17.3 5.0 2.5 2 1 2 4 4
741.2 5757.7 -20.4 190 0 13.6 11.4 5.0 0.0 0 0 2 1 1
745.6 5773.7 -20.3 193 0 12.1 13.5 5.0 2.5 2 1 2 1 1
717.0 5779.7 -18.5 20 0 12.1 5.2 5.0 2.5 2 0 2 5 5
727.9 5814.9 -18.7 10 0 9.3 7.2 5.0 2.5 2 0 2 0 0
729.6 5827.5 -18.6 12 0 10.0 5.3 5.0 2.5 2 0 2 2 2
732.7 5839.4 -18.7 8 0 8.0 3.9 5.0 2.5 2 0 2 0 0
727.0 5686.7 -20.0 180 0 11.1 13.3 5.0 2.5 2 1 2 5 5
711.7 5703.0 -18.4 24 0 12.1 8.8 5.0 2.5 2 0 2 3 3
711.8 5722.0 -18.7 19 0 11.7 7.3 5.0 0.0 0 0 2 1 1
712.4 5739.7 -18.6 8 0 14.5 6.8 5.0 2.5 2 0 2 4 4
700.9 5707.9 -18.3 15 0 12.6 11.7 5.0 0.0 0 0 2 4 4
723.3 5671.7 -19.8 197 0 12.8 13.3 5.0 2.5 4 1 2 3 3
712.1 5612.2 -19.1 190 0 14.8 16.3 5.0 2.5 2 1 2 5 5
708.8 5596.9 -18.9 193 0 10.3 14.3 5.0 2.5 2 1 2 5 5
712.7 5632.2 -19.1 179 0 14.2 16.4 5.0 0.0 0 1 2 2 2
690.7 5668.2 -17.8 25 0 11.2 7.0 5.0 0.0 0 0 2 1 1
690.2 5633.1 -17.5 12 0 10.2 12.8 5.0 2.5 2 1 2 3 3
673.0 5653.5 -17.5 202 0 13.5 10.9 5.0 2.5 2 0 2 3 3
686.5 5529.0 -16.9 187 0 11.3 8.6 5.0 2.5 2 0 2 3 3
672.0 5587.0 -17.2 11 0 12.5 11.2 5.0 2.5 2 0 2 1 1
653.4 5524.0 -15.9 25 0 12.1 11.7 5.0 2.5 2 0 2 1 1
672.8 5475.2 -15.8 198 0 16.3 10.3 5.0 0.0 0 0 2 1 1
678.2 5491.9 -16.1 194 0 14.3 9.3 5.0 0.0 0 0 2 1 1
633.9 5460.0 -15.6 25 0 13.6 10.4 5.0 2.5 2 0 2 0 0
640.6 5436.2 -15.8 15 0 11.0 9.2 5.0 2.5 2 0 2 3 3
632.2 5390.5 -16.0 20 0 14.4 9.5 5.0 2.5 2 0 2 0 0
620.5 5392.9 -15.7 15 0 16.0 8.6 5.0 2.5 2 0 2 2 2
635.9 5404.6 -15.9 31 0 10.6 10.9 5.0 2.5 2 1 2 3 3
585.6 5403.6 -15.1 197 0 8.1 8.1 5.0 2.5 2 1 2 1 1
650.1 5389.3 -16.5 184 0 10.9 18.6 5.0 2.5 2 1 2 5 5
642.7 5350.0 -17.9 190 0 10.7 8.6 5.0 2.5 4 0 2 5 5
673.0 5339.6 -18.8 16 0 11.5 5.5 5.0 2.5 4 0 2 1 1
669.5 5354.1 -18.1 355 0 10.1 11.6 5.0 2.5 4 1 2 1 1
617.3 5361.1 -15.8 16 0 17.3 13.2 5.0 2.5 2 0 2 0 0
584.5 5356.1 -15.3 196 0 9.9 8.6 5.0 2.5 2 0 2 1 1
590.8 5375.3 -15.3 193 0 19.0 6.0 5.0 2.5 2 0 2 3 3
635.5 5314.2 -18.7 195 0 12.7 13.3 5.0 2.5 2 1 2 4 4
661.5 5288.5 -19.7 20 0 13.7 13.0 5.0 2.5 2 0 2 3 3
670.3 5325.9 -19.5 8 0 11.4 7.6 5.0 2.5 2 0 2 5 5
631.6 5297.1 -18.5 192 0 14.1 10.9 5.0 2.5 2 0 2 2 2
627.7 5282.8 -17.7 187 0 10.4 8.6 5.0 2.5 4 0 2 3 3
607.6 5316.6 -16.5 10 0 8.6 11.0 5.0 2.5 4 1 2 1 1
605.5 5300.7 -16.7 5 0 6.2 12.3 5.0 2.5 2 1 2 3 3
601.3 5269.7 -15.9 17 0 15.3 25.6 5.0 2.5 2 1 2 3 3
558.4 5277.1 -15.6 172 0 7.4 10.9 5.0 2.5 2 1 2 0 0
553.7 5261.2 -15.7 195 0 12.6 13.8 5.0 2.5 2 1 2 4 4
583.4 5239.1 -15.1 14 0 15.8 8.4 5.0 2.5 2 0 2 5 5
598.2 5232.0 -14.9 20 0 12.0 14.7 5.0 2.5 4 1 2 3 3
632.5 5244.7 -16.4 198 0 13.9 8.3 5.0 2.5 2 0 2 5 5
649.9 5201.2 -15.5 16 0 12.1 13.5 5.0 2.5 2 1 2 2 2
614.1 5142.6 -16.0 198 0 10.3 8.9 5.0 2.5 2 0 2 3 3
646.2 5148.2 -16.3 18 0 12.8 10.4 5.0 2.5 2 0 2 4 4
503.4 5139.4 -15.3 196 0 12.6 13.9 5.0 2.5 2 1 2 5 5
594.0 5219.9 -14.4 3 0 6.3 12.0 5.0 2.5 2 1 2 4 4
435.4 4535.8 -14.2 193 0 9.0 14.2 7.5 2.5 2 1 3 4 4
441.1 4553.0 -14.0 284 0 13.9 8.1 7.5 2.5 2 0 3 4 4
362.9 4465.1 -13.9 128 0 15.1 10.8 5.0 2.5 2 0 2 4 4
395.4 4470.2 -14.1 350 0 6.7 13.1 5.0 2.5 2 1 2 5 5
397.3 4483.6 -14.4 60 0 12.3 11.2 5.0 2.5 2 0 2 5 5
356.9 4480.7 -14.2 133 0 4.9 15.6 5.0 2.5 2 1 2 0 0
345.3 4441.4 -13.5 340 0 8.9 12.4 5.0 2.5 2 1 2 4 4
335.8 4461.7 -13.7 293 0 9.5 12.7 5.0 2.5 4 1 2 0 0
373.0 4395.5 -13.2 9 0 12.7 12.3 5.0 2.5 2 0 2 3 3
385.4 4408.9 -13.5 12 0 10.2 13.7 5.0 2.5 2 1 2 3 3
376.8 4227.0 -16.6 190 0 12.3 8.4 5.0 2.5 2 0 2 0 0
367.7 4203.9 -17.1 204 0 11.9 20.0 5.0 2.5 2 1 2 1 1
329.3 4265.3 -12.5 108 0 5.4 10.8 2.5 2.5 2 1 1 4 4
305.9 4358.6 -12.6 193 0 19.1 13.3 2.5 0.0 0 0 1 4 4
272.8 4263.8 -12.3 96 0 9.0 16.4 2.5 2.5 2 1 1 3 3
287.4 4324.5 -12.5 203 0 18.6 8.7 2.5 2.5 2 0 1 5 5
296.6 4223.1 -12.2 278 0 12.9 12.4 5.0 0.0 0 0 2 0 0
264.7 4230.3 -12.0 280 0 4.9 13.3 5.0 2.5 4 1 2 4 4
247.0 4203.2 -11.9 200 0 10.8 13.0 5.0 0.0 0 1 2 3 3
321.0 4184.2 -12.4 16 0 10.3 14.2 5.0 0.0 0 1 2 4 4
316.0 4159.1 -12.7 7 0 8.3 14.9 5.0 2.5 4 1 2 5 5
364.2 4177.2 -14.6 186 0 19.1 10.3 5.0 0.0 0 0 2 0 0
353.9 4152.7 -16.9 188 0 14.4 16.4 5.0 0.0 0 1 2 1 1
349.4 4132.5 -18.1 195 0 20.3 15.6 5.0 2.5 2 0 2 2 2
313.6 3988.4 -18.0 97 0 11.9 10.1 5.0 2.5 2 0 2 3 3
319.4 4025.7 -18.5 196 0 20.7 13.3 5.0 2.5 2 0 2 3 3
328.6 4061.9 -18.2 186 0 10.0 9.7 5.0 2.5 2 0 2 2 2
338.8 4087.3 -17.6 293 0 14.1 10.7 5.0 2.5 2 0 2 2 2
204.3 3813.8 -13.6 204 0 14.5 13.2 5.0 0.0 0 0 2 3 3
219.7 3862.6 -13.1 203 0 12.9 12.9 5.0 2.5 2 0 2 1 1
270.5 3860.5 -16.8 193 0 20.9 12.0 5.0 2.5 2 0 2 3 3
252.4 3791.5 -18.1 187 0 15.2 16.8 5.0 2.5 2 1 2 2 2
238.0 3741.6 -16.8 199 0 18.9 14.8 5.0 2.5 4 0 2 4 4
188.5 3712.0 -14.0 11 0 11.9 10.0 5.0 0.0 0 0 2 0 0
167.8 3645.5 -15.4 9 0 15.0 9.4 5.0 2.5 2 0 2 5 5
175.0 3670.0 -14.9 27 0 20.7 13.3 5.0 0.0 0 0 2 4 4
185.5 3690.9 -14.5 12 0 16.7 18.2 5.0 2.5 2 1 2 1 1
194.6 3601.5 -19.8 193 0 16.1 12.9 5.0 2.5 2 0 2 3 3
200.0 3623.7 -21.0 201 0 19.6 23.2 5.0 2.5 2 1 2 5 5
162.9 3617.5 -15.7 14 0 9.5 15.9 5.0 2.5 2 1 2 3 3
133.7 3689.5 -14.1 12 0 11.3 10.3 5.0 2.5 2 0 2 0 0
142.6 3687.6 -14.2 15 0 12.5 8.7 5.0 2.5 2 0 2 5 5
108.5 3628.4 -15.0 18 0 13.9 7.9 5.0 2.5 2 0 2 4 4
123.0 3625.1 -15.2 16 0 15.7 11.9 5.0 2.5 2 0 2 0 0
134.4 3668.4 -14.5 19 0 13.4 16.2 5.0 2.5 2 1 2 1 1
121.5 3693.4 -13.9 11 0 15.1 7.8 5.0 2.5 2 0 2 4 4
140.4 3707.7 -13.8 4 0 9.3 15.6 5.0 2.5 2 1 2 5 5
148.1 3744.2 -14.0 11 0 16.5 10.6 5.0 2.5 2 0 2 4 4
132.7 3733.2 -13.9 10 0 12.1 8.4 5.0 2.5 2 0 2 1 1
150.8 3731.2 -14.0 5 0 3.8 15.3 5.0 2.5 2 1 2 3 3
149.1 3888.6 -12.2 284 0 11.6 12.4 5.0 0.0 0 1 2 3 3
133.9 3870.4 -12.4 186 0 6.9 9.0 5.0 2.5 2 1 2 2 2
144.0 3868.3 -12.4 195 0 9.2 14.0 5.0 2.5 2 1 2 3 3
192.7 3850.0 -12.6 1 0 14.8 21.7 5.0 2.5 2 1 2 0 0
120.0 3794.6 -13.8 195 0 12.7 13.8 5.0 2.5 2 1 2 1 1
202.0 3491.7 -22.8 17 0 15.9 11.9 5.0 2.5 2 0 2 3 3
112.5 3406.4 -19.6 209 0 9.9 16.7 5.0 2.5 2 1 2 4 4
123.3 3426.1 -20.1 208 0 18.6 16.9 5.0 2.5 2 0 2 5 5
132.0 3447.3 -20.1 201 0 13.1 19.5 5.0 2.5 4 1 2 1 1
156.5 3500.1 -18.5 206 0 17.1 12.6 5.0 2.5 2 0 2 3 3
19.2 3504.9 -15.4 230 0 9.0 23.8 2.5 2.5 2 1 1 0 0
30.3 3533.5 -15.1 195 0 21.2 9.7 2.5 2.5 2 0 1 2 2
42.5 3562.9 -14.8 203 0 22.6 13.7 2.5 2.5 2 0 1 2 2
63.1 3447.1 -15.8 207 0 16.8 9.7 5.0 2.5 2 0 2 5 5
75.2 3474.5 -15.7 206 0 20.4 13.7 5.0 2.5 4 0 2 5 5
106.9 3472.2 -15.6 27 0 23.4 9.5 5.0 2.5 2 0 2 5 5
97.9 3521.3 -15.1 210 0 8.9 10.2 5.0 2.5 2 1 2 1 1
132.9 3534.9 -15.1 20 0 28.8 9.5 5.0 2.5 2 0 2 5 5
110.8 3556.8 -15.0 200 0 25.6 8.8 5.0 0.0 0 0 2 5 5
-74.2 3385.6 -15.0 22 0 22.0 15.5 14.0 3.5 2 0 4 0 0
-59.9 3417.9 -15.2 31 0 23.6 11.8 14.0 3.5 2 0 4 0 0
-46.6 3447.3 -15.1 19 0 25.4 10.9 14.0 3.5 2 0 4 0 0
-31.6 3480.5 -14.9 24 0 20.8 14.7 14.0 3.5 2 0 4 5 5
-17.2 3510.5 -14.9 24 0 21.6 14.5 14.0 3.5 2 0 4 3 3
-99.1 3332.0 -14.8 32 0 23.6 13.6 14.0 3.5 2 0 4 5 5
-89.5 3349.4 -14.9 25 0 18.4 14.7 14.0 3.5 2 0 4 2 2
59.4 3011.6 -22.9 204 0 16.9 13.3 14.0 3.5 2 0 4 0 0
76.5 3041.1 -22.0 212 0 6.6 13.6 10.5 3.5 2 1 3 4 4
84.9 3062.3 -21.4 210 0 16.7 13.1 14.0 3.5 2 0 4 5 5
28.9 2954.4 -21.8 212 0 14.1 7.0 10.5 0.0 0 0 3 3 3
40.2 2955.1 -22.6 212 0 8.7 7.0 10.5 3.5 2 0 3 5 5
67.2 3056.3 -19.3 31 0 13.9 11.2 14.0 3.5 4 0 4 4 4
33.8 3083.7 -18.1 297 0 4.5 12.5 10.5 3.5 2 1 3 4 4
21.7 3095.9 -18.0 299 0 7.1 10.5 10.5 3.5 2 1 3 1 1
47.2 3022.0 -20.5 31 0 9.9 11.8 10.5 0.0 0 1 3 3 3
39.8 3006.5 -20.8 34 0 8.9 14.2 10.5 3.5 2 1 3 4 4
25.7 2976.5 -20.9 24 0 12.4 14.3 14.0 0.0 0 1 4 3 3
10.5 2918.4 -21.9 206 0 13.7 12.4 14.0 3.5 2 0 4 0 0
6.0 2934.5 -19.8 28 0 12.7 14.5 10.5 3.5 2 1 3 1 1
-36.7 2880.1 -17.5 116 0 6.1 8.4 10.5 3.5 2 1 3 2 2
-54.2 2893.3 -17.7 110 0 14.1 15.2 10.5 3.5 2 1 3 4 4
-18.4 2920.3 -18.5 31 0 11.6 8.8 10.5 3.5 2 0 3 5 5
-53.2 2939.8 -18.1 289 0 8.3 7.4 10.5 3.5 2 0 3 1 1
-48.8 2949.7 -18.4 290 0 6.6 9.9 10.5 3.5 2 1 3 1 1
-32.7 2963.9 -19.0 96 0 9.2 9.4 10.5 3.5 2 1 3 1 1
-43.2 2963.3 -18.7 99 0 7.1 10.7 10.5 3.5 2 1 3 1 1
-84.3 2999.9 -17.8 202 0 11.8 11.7 14.0 3.5 2 0 4 5 5
-79.7 3018.1 -17.7 196 0 7.2 8.9 10.5 3.5 4 1 3 0 0
-70.4 3028.8 -17.5 101 0 7.1 9.5 10.5 3.5 2 1 3 3 3
-54.3 3066.7 -17.5 209 0 12.7 11.5 14.0 3.5 4 0 4 2 2
-49.1 3086.5 -17.4 218 0 12.8 10.9 14.0 3.5 2 0 4 2 2
-76.5 2941.5 -17.8 280 0 15.1 11.6 10.5 3.5 4 0 3 5 5
-72.7 2951.8 -17.9 281 0 8.7 8.5 10.5 3.5 2 0 3 3 3
-109.0 2896.9 -16.8 93 0 7.9 15.2 10.5 3.5 2 1 3 2 2
-100.1 2896.5 -17.0 84 0 6.3 12.1 10.5 3.5 4 1 3 5 5
-102.0 2980.2 -17.6 285 0 14.2 13.2 10.5 3.5 2 0 3 1 1
-89.9 2969.8 -17.8 276 0 8.3 7.8 10.5 3.5 2 0 3 0 0
-85.6 2973.2 -17.8 16 0 4.9 10.5 10.5 0.0 0 1 3 1 1
-119.6 2971.3 -17.1 285 0 8.5 8.5 10.5 3.5 2 1 3 1 1
-121.1 2960.1 -17.0 284 0 7.0 5.5 10.5 3.5 4 0 3 0 0
-190.0 2902.4 -15.7 93 0 12.7 22.6 10.5 3.5 2 0 3 4 4
-167.7 2897.3 -16.0 101 0 8.5 17.8 10.5 3.5 4 1 3 2 2
-169.9 2915.4 -16.1 97 0 14.4 8.7 10.5 3.5 2 0 3 0 0
-211.7 2935.0 -15.6 180 0 7.4 24.5 10.5 0.0 0 0 3 3 3
-211.2 2946.7 -15.4 191 0 13.9 18.2 10.5 3.5 2 0 3 3 3
-208.0 2961.4 -15.6 192 0 13.9 22.2 10.5 3.5 2 1 3 3 3
-192.8 2981.8 -15.7 276 0 18.7 15.1 10.5 3.5 2 0 3 4 4
-187.1 2988.6 -15.8 276 0 11.2 7.5 10.5 3.5 2 0 3 0 0
-182.0 2931.4 -15.9 104 0 10.1 18.3 10.5 3.5 4 1 3 4 4
-190.4 2934.9 -15.7 98 0 7.6 15.0 10.5 3.5 2 0 3 3 3
-174.3 2986.2 -16.0 269 0 8.8 21.4 10.5 3.5 2 1 3 1 1
-169.7 2924.1 -16.1 97 0 12.5 21.0 10.5 3.5 2 0 3 1 1
-150.1 2971.0 -16.4 269 0 6.6 11.4 10.5 3.5 2 0 3 4 4
-153.4 2983.9 -16.5 276 0 6.9 13.1 10.5 3.5 2 0 3 5 5
-143.7 2974.2 -16.6 276 0 8.9 15.0 10.5 3.5 2 1 3 3 3
-158.1 2898.0 -16.3 91 0 15.0 15.2 10.5 3.5 2 1 3 3 3
-128.6 2911.4 -16.6 91 0 10.6 12.1 10.5 3.5 2 1 3 3 3
-149.1 2924.6 -16.3 94 0 12.3 11.5 10.5 3.5 2 0 3 3 3
-135.7 3250.2 -14.8 9 0 23.4 9.1 10.5 3.5 2 0 3 0 0
-171.0 3189.4 -15.1 22 0 19.3 11.7 14.0 3.5 4 0 4 4 4
-196.1 3138.1 -15.2 21 0 20.8 12.6 14.0 3.5 2 0 4 4 4
-237.7 3048.9 -14.7 89 0 12.5 16.3 14.0 3.5 2 1 4 0 0
-250.4 3070.1 -14.5 206 0 11.1 6.7 10.5 3.5 2 0 3 1 1
-273.5 3032.8 -14.2 108 0 18.6 33.0 14.0 0.0 0 1 4 4 4
-275.2 2954.7 -13.2 98 0 9.6 32.0 10.5 3.5 2 1 3 2 2
-250.1 2987.4 -13.9 7 0 17.1 13.8 14.0 3.5 2 0 4 4 4
-255.2 3007.7 -14.1 282 0 17.1 11.6 14.0 3.5 2 0 4 5 5
-294.3 3008.1 -13.6 182 0 8.5 9.5 10.5 3.5 4 1 3 4 4
-293.6 2982.4 -13.9 271 0 11.6 9.5 10.5 3.5 2 0 3 1 1
-329.2 2976.1 -14.9 194 0 18.2 14.6 14.0 3.5 2 0 4 0 0
-343.7 2979.0 -15.3 195 0 17.1 14.7 14.0 3.5 2 0 4 1 1
-329.7 2900.3 -15.6 97 0 8.8 13.4 10.5 3.5 2 1 3 1 1
-361.6 2899.6 -16.0 193 0 8.6 9.3 10.5 3.5 2 1 3 0 0
-12.7 2825.9 -22.7 27 0 6.7 6.1 10.5 3.5 2 0 3 5 5
-31.0 2859.2 -19.5 293 0 13.1 18.0 14.0 3.5 4 1 4 2 2
-88.1 2855.7 -16.7 268 0 13.1 14.4 14.0 0.0 0 1 4 0 0
-60.5 2868.6 -17.0 272 0 4.9 6.3 10.5 3.5 2 1 3 1 1
-89.0 2740.7 -20.0 93 0 14.4 9.8 10.5 0.0 0 0 3 0 0
-80.1 2755.5 -20.8 12 0 13.1 14.5 14.0 3.5 4 0 4 5 5
-59.3 2798.9 -21.5 13 0 13.1 11.4 14.0 3.5 2 0 4 4 4
-52.1 2817.0 -20.5 24 0 8.9 11.8 10.5 3.5 2 1 3 4 4
-57.8 2838.1 -19.3 262 0 8.7 8.0 10.5 3.5 2 0 3 2 2
-93.4 2833.7 -17.9 200 0 13.4 12.0 14.0 3.5 2 0 4 2 2
-71.2 2824.7 -19.5 285 0 6.2 10.5 10.5 3.5 4 1 3 0 0
-175.0 2890.4 -15.8 275 0 6.3 8.5 10.5 3.5 2 0 3 0 0
-161.2 2888.6 -15.9 285 0 7.2 10.2 10.5 3.5 2 0 3 0 0
-151.5 2887.7 -16.1 270 0 11.8 11.0 14.0 0.0 0 0 4 3 3
-134.2 2867.5 -16.1 277 0 11.1 14.6 14.0 0.0 0 1 4 1 1
-138.2 2880.5 -16.2 267 0 13.4 10.0 10.5 3.5 2 0 3 1 1
-122.9 2888.7 -16.4 272 0 11.6 10.7 14.0 3.5 2 0 4 5 5
-121.2 2871.5 -16.3 277 0 13.2 11.9 14.0 3.5 2 0 4 2 2
-101.2 2877.6 -16.7 268 0 10.8 7.8 10.5 0.0 0 0 3 4 4
-190.4 2868.6 -15.7 285 0 6.8 7.2 10.5 3.5 2 1 3 5 5
-193.9 2878.7 -15.7 270 0 7.1 6.9 10.5 3.5 2 0 3 5 5
-219.4 2899.3 -15.2 277 0 10.8 7.5 10.5 3.5 2 0 3 5 5
-211.4 2884.8 -15.6 268 0 9.4 4.2 10.5 3.5 2 0 3 4 4
-207.4 2880.1 -15.7 276 0 11.2 16.3 14.0 3.5 2 1 4 4 4
-140.9 2817.8 -15.8 99 0 11.2 10.7 14.0 3.5 4 0 4 4 4
-137.0 2831.6 -15.9 108 0 7.0 14.4 10.5 3.5 2 1 3 1 1
-112.8 2776.6 -19.0 192 0 16.6 11.9 14.0 3.5 2 0 4 3 3
-101.8 2771.1 -19.5 186 0 6.5 5.3 10.5 3.5 2 0 3 5 5
-116.3 2799.2 -17.9 198 0 11.0 7.5 10.5 3.5 2 0 3 4 4
-132.4 2793.6 -17.5 169 0 10.5 12.5 14.0 3.5 2 0 4 2 2
-117.3 2833.6 -16.2 100 0 9.6 7.3 10.5 3.5 2 0 3 0 0
-55.9 2693.0 -22.0 165 0 6.8 14.8 10.5 3.5 2 1 3 0 0
-58.6 2701.8 -22.1 162 0 10.7 15.4 14.0 3.5 2 1 4 2 2
-85.7 2707.2 -18.8 91 0 7.4 14.9 10.5 3.5 2 1 3 2 2
-70.7 2707.1 -20.0 99 0 16.4 11.4 14.0 3.5 2 0 4 2 2
-49.2 2730.6 -22.1 359 0 13.9 8.2 10.5 3.5 2 0 3 3 3
-33.3 2699.6 -23.2 336 0 7.3 6.2 10.5 3.5 2 0 3 0 0
-51.6 2645.0 -22.4 18 0 11.4 8.5 10.5 3.5 2 0 3 3 3
-52.6 2662.9 -21.6 0 0 13.4 12.6 14.0 3.5 4 0 4 4 4
-65.1 2684.7 -20.3 259 0 9.4 8.4 10.5 3.5 2 0 3 0 0
-65.4 2693.2 -19.7 262 0 6.9 5.1 10.5 3.5 2 0 3 2 2
-2317.9 1036.5 -15.1 20 0 16.7 23.3 5.0 2.5 2 1 2 3 3
-2338.3 999.3 -16.4 12 0 8.6 11.8 5.0 2.5 2 1 2 1 1
-2344.2 1055.3 -15.0 269 0 9.9 18.4 5.0 0.0 0 1 2 0 0
-2365.7 1020.8 -14.7 19 0 18.1 9.9 5.0 2.5 2 0 2 5 5
-2388.5 972.3 -15.5 98 0 10.5 15.9 5.0 2.5 2 1 2 2 2
-2367.9 930.3 -16.4 115 0 22.6 17.0 5.0 2.5 2 0 2 2 2
-2347.4 978.0 -16.4 12 0 7.8 13.2 5.0 2.5 2 1 2 4 4
-2354.9 1157.3 -12.5 288 0 12.8 21.7 5.0 2.5 2 1 2 3 3
-2372.3 1167.3 -11.6 276 0 10.1 22.5 5.0 2.5 2 1 2 4 4
-2326.9 1113.6 -14.5 332 0 10.1 17.9 5.0 2.5 2 1 2 1 1
-2340.5 1127.2 -13.4 316 0 5.3 11.1 5.0 2.5 2 1 2 5 5
-2397.6 1054.6 -12.7 296 0 11.8 13.3 5.0 2.5 2 1 2 1 1
-2377.8 1058.6 -13.4 289 0 14.9 12.5 5.0 2.5 2 0 2 4 4
-2366.6 1084.9 -13.3 272 0 13.4 16.2 5.0 2.5 2 1 2 0 0
-2397.3 1083.8 -12.2 294 0 15.6 20.2 5.0 2.5 2 1 2 0 0
-2417.2 1056.8 -12.1 295 0 8.7 17.9 5.0 2.5 2 1 2 4 4
-2447.2 995.5 -12.5 96 0 9.5 15.9 5.0 0.0 0 1 2 5 5
-2435.2 1026.5 -12.2 114 0 14.8 11.5 5.0 2.5 2 0 2 5 5
-2452.1 1042.2 -11.5 204 0 15.2 9.5 5.0 2.5 2 0 2 4 4
-2460.4 1045.2 -11.1 211 0 9.4 8.4 5.0 2.5 2 0 2 0 0
-2496.5 1036.3 -10.8 183 0 15.2 16.7 5.0 2.5 2 1 2 3 3
-2475.6 1027.9 -11.1 207 0 10.3 9.6 5.0 2.5 2 0 2 5 5
-2472.4 1041.2 -11.0 197 0 14.8 10.6 5.0 0.0 0 0 2 5 5
-2482.3 1098.0 -9.5 204 0 16.5 12.1 5.0 0.0 0 0 2 4 4
-2410.2 1115.4 -10.8 118 0 9.3 19.0 5.0 2.5 2 1 2 5 5
-2398.8 1115.9 -10.9 126 0 5.3 6.4 5.0 2.5 2 1 2 2 2
-2378.5 1099.3 -12.1 105 0 6.4 8.0 5.0 0.0 0 1 2 3 3
-2376.2 1116.6 -12.1 136 0 11.4 7.5 5.0 2.5 2 0 2 4 4
-2346.7 1141.2 -13.0 306 0 11.9 17.6 5.0 2.5 2 1 2 2 2
-2409.7 1153.7 -9.8 121 0 11.2 13.3 5.0 2.5 2 1 2 2 2
-2452.3 1131.6 -9.4 109 0 6.0 19.7 5.0 0.0 0 1 2 4 4
-2429.6 1106.4 -10.5 290 0 12.2 21.2 5.0 2.5 2 1 2 4 4
-2444.3 1244.0 -8.3 188 0 22.1 16.5 5.0 2.5 4 0 2 4 4
-2522.6 1095.6 -8.1 103 0 13.0 13.1 5.0 2.5 2 1 2 2 2
-2521.0 1125.8 -8.1 192 0 8.9 13.0 5.0 2.5 2 1 2 1 1
-2497.0 1119.3 -8.4 12 0 9.9 7.6 5.0 0.0 0 0 2 4 4
-2507.5 1172.9 -8.0 193 0 18.4 12.9 5.0 2.5 2 0 2 4 4
-2499.6 1202.7 -7.9 209 0 13.3 9.8 5.0 2.5 4 0 2 3 3
-2472.0 1193.6 -8.5 15 0 12.4 12.3 5.0 2.5 2 0 2 4 4
-2488.4 1250.6 -7.9 201 0 15.2 12.9 5.0 2.5 2 0 2 5 5
-2461.9 1244.6 -8.3 9 0 16.2 9.4 5.0 2.5 4 0 2 5 5
-2509.5 1395.9 -5.1 275 0 11.0 12.4 2.5 2.5 4 1 1 3 3
-2567.4 1359.2 0.2 88 0 8.1 8.6 2.5 2.5 2 1 1 3 3
-2598.3 1423.0 4.6 266 0 14.3 11.4 2.5 0.0 0 0 1 1 1
-2578.0 1368.1 1.2 104 0 10.4 13.4 2.5 2.5 2 1 1 4 4
-2531.0 977.8 -8.7 20 0 7.0 9.0 5.0 2.5 2 1 2 1 1
-2522.7 1002.5 -8.9 10 0 12.2 12.5 5.0 2.5 2 1 2 5 5
-2560.2 976.5 -7.8 195 0 18.4 13.6 5.0 2.5 2 0 2 2 2
-2580.6 910.8 -6.7 195 0 12.7 14.0 5.0 2.5 2 1 2 1 1
-2570.7 932.1 -7.1 191 0 15.2 11.9 5.0 2.5 4 0 2 0 0
-2551.5 905.3 -7.7 15 0 12.5 10.9 5.0 2.5 2 0 2 0 0
-2603.4 919.0 -4.5 18 0 18.9 14.6 5.0 2.5 2 0 2 0 0
-3989.2 -2205.1 -11.1 135 0 10.5 12.2 5.0 2.5 2 1 2 3 3
-3984.4 -2188.3 -11.1 218 0 10.5 12.5 5.0 2.5 2 0 2 5 5
-3975.7 -2182.1 -11.1 222 0 9.1 11.4 5.0 2.5 2 0 2 0 0
-3980.3 -2222.2 -11.6 48 0 6.0 10.9 5.0 2.5 2 1 2 5 5
-3973.9 -2226.9 -11.5 205 0 5.4 10.9 5.0 2.5 2 1 2 1 1
-3969.3 -2220.3 -11.6 219 0 6.8 12.8 5.0 2.5 2 1 2 4 4
-3922.4 -2208.7 -11.9 47 0 3.7 6.8 5.0 2.5 4 1 2 3 3
-3916.2 -2203.4 -11.9 37 0 7.3 11.9 5.0 2.5 2 1 2 3 3
-3946.9 -2244.1 -11.7 223 0 7.0 9.6 5.0 2.5 2 1 2 0 0
-3945.5 -2271.9 -11.5 134 0 11.4 11.2 5.0 2.5 2 0 2 2 2
-3938.0 -2280.7 -11.5 131 0 6.4 11.4 5.0 2.5 2 1 2 2 2
-3968.6 -2172.1 -11.1 228 0 9.9 11.3 5.0 0.0 0 1 2 4 4
-3946.0 -2183.5 -11.3 39 0 8.8 10.4 5.0 2.5 4 1 2 5 5
-3913.5 -2265.3 -11.8 51 0 6.1 10.1 5.0 0.0 0 1 2 1 1
-3930.1 -2248.2 -11.8 227 0 7.2 9.1 5.0 2.5 2 1 2 0 0
-3939.7 -2237.5 -11.8 232 0 5.5 10.2 5.0 2.5 2 1 2 5 5
-3865.5 -2209.4 -12.3 34 0 13.9 5.9 5.0 2.5 2 0 2 1 1
-3869.5 -2195.5 -12.1 291 0 7.6 14.1 5.0 2.5 2 1 2 5 5
-3876.7 -2188.3 -12.1 296 0 8.9 16.9 5.0 2.5 2 1 2 2 2
-3884.0 -2237.4 -12.4 40 0 8.4 11.2 5.0 2.5 2 1 2 2 2
-3906.6 -2257.1 -11.9 53 0 6.9 7.9 5.0 0.0 0 1 2 0 0
-3892.1 -2244.1 -12.2 45 0 6.9 7.9 5.0 2.5 2 1 2 2 2
-3918.4 -2215.5 -12.0 227 0 8.4 9.7 5.0 2.5 2 1 2 2 2
-3906.7 -2228.9 -12.1 198 0 5.1 5.1 5.0 2.5 2 1 2 4 4
-3905.4 -2165.4 -11.4 306 0 4.0 10.1 5.0 2.5 4 1 2 4 4
-3910.7 -2157.4 -11.2 286 0 4.3 11.1 5.0 2.5 2 1 2 2 2
-3937.8 -2176.9 -11.3 45 0 6.0 11.4 5.0 2.5 2 1 2 0 0
-3928.7 -2141.5 -10.9 310 0 10.1 8.6 5.0 2.5 2 0 2 0 0
-3898.3 -2154.9 -11.2 119 0 7.4 6.8 5.0 2.5 2 0 2 5 5
-3910.2 -2146.7 -11.0 134 0 11.6 8.5 5.0 2.5 2 0 2 2 2
-3874.5 -2175.5 -11.5 118 0 9.8 6.8 5.0 2.5 2 0 2 2 2
-3838.0 -2173.0 -11.5 45 0 8.5 6.1 5.0 2.5 2 0 2 3 3
-3863.8 -2159.3 -11.3 128 0 8.3 9.6 5.0 2.5 2 1 2 5 5
-3875.0 -2147.4 -11.1 125 0 6.1 6.2 5.0 2.5 2 1 2 4 4
-3903.4 -2136.3 -11.0 132 0 9.2 4.9 5.0 2.5 2 0 2 4 4
-3915.4 -2123.0 -10.8 197 0 7.1 9.4 5.0 2.5 2 1 2 0 0
-3909.0 -2116.7 -10.8 216 0 5.3 7.9 5.0 2.5 2 1 2 1 1
-3837.1 -2157.1 -11.3 16 0 7.0 9.0 5.0 2.5 2 1 2 1 1
-3798.0 -2141.8 -11.4 30 0 7.6 9.2 5.0 2.5 4 1 2 2 2
-3849.5 -2129.8 -11.0 298 0 7.1 11.5 5.0 2.5 2 1 2 2 2
-3900.9 -2099.0 -10.6 213 0 13.8 11.7 5.0 2.5 2 0 2 5 5
-3880.3 -2099.4 -10.5 210 0 6.0 7.3 5.0 2.5 2 1 2 3 3
-3869.7 -2089.2 -10.4 309 0 10.9 9.1 5.0 2.5 2 0 2 3 3
-3862.0 -2084.4 -10.3 315 0 7.2 6.5 5.0 2.5 2 0 2 0 0
-3857.9 -2100.9 -10.6 312 0 8.7 5.8 5.0 2.5 2 0 2 5 5
-3850.7 -2093.5 -10.5 309 0 6.6 8.5 5.0 2.5 4 1 2 1 1
-3846.4 -2111.1 -10.8 292 0 6.2 6.9 5.0 2.5 2 1 2 3 3
-3814.8 -2123.7 -11.1 310 0 9.1 6.3 5.0 2.5 2 0 2 1 1
-2544.4 1568.2 -2.7 192 0 12.6 8.6 5.0 2.5 2 0 2 5 5
-2523.3 1562.3 -3.3 12 0 12.6 8.5 5.0 2.5 2 0 2 3 3
-2527.0 1631.2 0.2 192 0 12.6 8.6 5.0 2.5 2 0 2 4 4
-2507.6 1626.5 -1.0 12 0 12.6 8.6 5.0 2.5 2 0 2 2 2
-2533.2 1610.9 -1.0 192 0 12.6 8.5 5.0 2.5 2 0 2 3 3
-2510.9 1605.3 -2.1 12 0 12.6 8.6 5.0 2.5 2 0 2 3 3
-2500.5 1648.0 -1.2 12 0 12.6 8.5 5.0 2.5 4 0 2 5 5
-2494.6 1669.2 -1.2 12 0 12.6 8.6 5.0 0.0 0 0 2 0 0
-2514.5 1674.2 0.2 192 0 12.6 8.6 5.0 0.0 0 0 2 4 4
-2519.8 1651.8 0.1 192 0 12.6 8.6 5.0 2.5 2 0 2 2 2
-2486.3 1667.4 -2.3 192 0 12.6 8.6 5.0 2.5 2 0 2 4 4
-2494.0 1644.7 -2.2 192 0 12.6 8.6 5.0 2.5 2 0 2 5 5
-2504.1 1603.2 -3.2 192 0 12.6 8.6 5.0 2.5 2 0 2 5 5
-2509.8 1582.6 -3.8 192 0 12.6 8.6 5.0 2.5 2 0 2 2 2
-2481.5 1598.1 -3.9 12 0 12.6 8.6 5.0 2.5 2 0 2 4 4
-2515.7 1560.5 -4.0 192 0 12.6 8.6 5.0 2.5 2 0 2 4 4
-2525.2 1317.8 -4.8 192 0 12.6 8.6 5.0 2.5 2 0 2 0 0
-2531.1 1291.5 -4.8 192 0 12.6 8.6 5.0 2.5 2 0 2 1 1
-2574.3 1335.6 0.9 282 0 8.5 12.6 2.5 2.5 2 1 1 4 4
-2558.5 1332.0 -1.1 282 0 8.6 12.6 2.5 2.5 4 1 1 5 5
-2590.1 1304.1 2.0 192 0 12.6 8.6 2.5 2.5 2 0 1 2 2
-2634.4 1064.6 -0.5 102 0 8.6 12.6 2.5 2.5 2 1 1 2 2
-2626.0 968.6 -3.6 189 0 8.2 16.4 5.0 2.5 2 1 2 0 0
-2596.1 962.9 -4.5 14 0 10.5 9.0 5.0 2.5 2 0 2 1 1
-2646.9 968.5 -0.9 12 0 10.4 9.1 5.0 2.5 2 0 2 2 2
-2690.3 961.1 0.3 193 0 10.7 26.8 5.0 2.5 2 1 2 0 0
-2586.5 986.7 -5.2 14 0 10.5 9.0 5.0 2.5 2 0 2 2 2
-2613.7 990.6 -3.8 194 0 10.5 9.0 5.0 2.5 2 0 2 3 3
-2643.2 1111.0 2.0 291 0 5.9 10.6 2.5 2.5 2 1 1 5 5
-2709.1 1104.5 9.4 104 0 8.2 10.5 2.5 2.5 2 1 1 4 4
-2747.6 1118.3 15.3 104 0 8.2 10.5 2.5 0.0 0 1 1 1 1
-2772.2 1155.3 18.0 291 0 9.7 10.6 2.5 2.5 2 1 1 4 4
-2828.3 1088.8 17.6 104 0 8.1 10.5 5.0 2.5 2 1 2 4 4
-2858.7 1086.7 17.3 104 0 8.2 10.5 5.0 2.5 2 1 2 3 3
-2887.0 1035.2 16.9 194 0 10.8 9.0 2.5 2.5 2 0 1 1 1
-2827.2 1002.0 16.1 291 0 9.7 10.5 2.5 0.0 0 1 1 4 4
-2851.4 963.2 16.0 194 0 10.8 8.9 2.5 2.5 2 0 1 0 0
-2820.2 916.0 15.1 104 0 8.1 10.5 2.5 2.5 2 1 1 2 2
-2890.7 859.9 16.7 104 0 8.2 10.8 2.5 0.0 0 1 1 5 5
-2977.1 800.7 16.6 291 0 9.7 10.5 5.0 2.5 2 1 2 2 2
-2993.3 739.5 17.3 104 0 8.1 10.8 5.0 2.5 2 1 2 5 5
-3005.0 742.0 17.2 104 0 8.2 10.5 5.0 2.5 2 1 2 0 0
-2951.3 737.9 17.6 291 0 9.7 10.5 5.0 2.5 2 1 2 2 2
-3107.3 548.6 15.2 23 0 10.7 8.9 2.5 2.5 2 0 1 3 3
-3102.7 508.1 14.4 104 0 8.2 10.5 2.5 2.5 4 1 1 0 0
-3152.0 448.4 14.3 104 0 8.1 10.5 5.0 2.5 2 1 2 3 3
-3214.6 536.6 16.1 109 0 10.8 14.2 5.0 0.0 0 1 2 1 1
-3200.4 580.0 16.6 297 0 12.7 14.2 5.0 2.5 2 1 2 2 2
-3183.5 562.1 16.5 27 0 14.2 11.7 5.0 2.5 2 0 2 3 3
-3199.1 532.9 15.9 109 0 10.8 14.2 5.0 2.5 2 1 2 2 2
-3174.7 539.6 16.1 27 0 14.2 11.7 5.0 2.5 4 0 2 1 1
-3199.0 518.3 16.1 297 0 12.7 14.2 7.5 2.5 2 1 3 4 4
-3159.1 576.8 17.1 27 0 14.2 11.7 5.0 2.5 2 0 2 2 2
-3174.5 590.5 17.1 297 0 12.7 14.2 5.0 2.5 2 1 2 1 1
-3252.2 536.8 16.8 297 0 12.7 14.2 5.0 2.5 2 1 2 0 0
-3246.8 551.5 16.4 109 0 10.8 14.2 5.0 2.5 2 1 2 2 2
-3263.5 559.6 16.8 109 0 10.8 14.2 5.0 2.5 4 1 2 0 0
-3337.3 483.2 18.7 199 0 14.2 11.7 5.0 2.5 2 0 2 1 1
-3287.1 496.0 17.8 199 0 14.2 11.7 5.0 2.5 2 0 2 0 0
-3297.1 470.3 18.3 199 0 14.2 11.7 5.0 2.5 2 0 2 3 3
-3287.1 427.4 17.6 27 0 14.2 11.7 5.0 2.5 2 0 2 4 4
-3292.2 407.9 17.3 27 0 14.2 11.7 5.0 2.5 2 0 2 0 0
-3378.0 874.5 22.9 167 0 11.2 15.5 5.0 2.5 2 1 2 3 3
-3371.5 853.5 22.7 167 0 11.2 15.5 5.0 2.5 2 1 2 4 4
-3380.6 893.1 22.6 167 0 11.2 15.5 5.0 0.0 0 1 2 1 1
-3366.7 958.0 23.1 206 0 9.3 13.3 5.0 2.5 2 1 2 1 1
-3363.0 970.7 23.0 192 0 9.8 9.1 5.0 2.5 2 0 2 2 2
-3355.7 986.8 22.7 205 0 10.7 16.1 5.0 2.5 4 1 2 3 3
-3303.0 989.6 22.8 297 0 12.0 16.1 5.0 2.5 2 1 2 5 5
-3290.6 979.9 22.5 297 0 12.0 16.1 5.0 2.5 2 1 2 4 4
-3264.5 992.1 21.0 297 0 12.0 16.1 5.0 2.5 4 1 2 2 2
-3278.4 970.1 21.9 297 0 12.0 16.1 5.0 2.5 2 1 2 2 2
-3237.2 954.7 19.7 19 0 15.4 15.0 5.0 2.5 4 0 2 1 1
-3242.4 937.1 19.8 19 0 15.4 15.0 5.0 2.5 2 0 2 0 0
-3250.1 916.5 19.9 19 0 15.4 15.0 5.0 2.5 2 0 2 4 4
-3249.7 893.4 19.3 289 0 15.0 15.4 5.0 2.5 2 1 2 5 5
-3334.9 807.9 20.5 109 0 15.0 15.4 5.0 2.5 4 1 2 1 1
-3282.3 794.5 18.9 289 0 15.0 15.4 5.0 2.5 2 1 2 1 1
-3266.7 726.9 18.1 19 0 15.4 15.0 5.0 2.5 2 0 2 5 5
-3274.7 705.8 18.0 19 0 15.4 15.0 5.0 2.5 2 0 2 0 0
-3280.9 685.8 17.9 19 0 15.4 15.0 5.0 2.5 2 0 2 3 3
-3423.4 705.6 22.0 109 0 15.0 15.4 5.0 2.5 2 1 2 3 3
-3076.2 792.4 16.6 192 0 8.4 16.5 5.0 2.5 2 1 2 5 5
-3043.5 776.9 16.6 12 0 8.4 16.4 5.0 2.5 2 1 2 4 4
-3022.0 799.5 16.2 192 0 8.4 16.5 5.0 2.5 2 1 2 0 0
-3024.9 787.0 16.5 198 0 8.0 13.0 5.0 0.0 0 1 2 0 0
-3029.1 776.5 16.7 198 0 8.0 13.0 5.0 2.5 2 1 2 2 2
-3034.3 763.9 16.9 198 0 8.0 13.0 5.0 2.5 2 1 2 0 0
-3010.1 781.1 16.7 198 0 8.0 13.0 5.0 2.5 2 1 2 5 5
-3077.2 761.3 17.3 288 0 13.0 8.0 2.5 2.5 2 0 1 4 4
-3083.6 740.2 17.5 108 0 13.0 8.0 2.5 2.5 2 0 1 0 0
-3054.0 749.3 17.2 18 0 8.0 13.0 2.5 2.5 2 1 1 2 2
-3059.7 737.6 17.4 18 0 8.0 13.0 2.5 2.5 2 1 1 3 3
-3088.6 730.9 17.8 293 0 15.0 11.1 5.0 2.5 2 0 2 0 0
-3069.5 725.3 17.6 293 0 15.0 11.1 5.0 2.5 4 0 2 0 0
-3247.0 597.7 16.7 293 0 15.0 11.1 5.0 2.5 2 0 2 4 4
-3305.2 599.2 17.6 203 0 11.1 15.0 5.0 2.5 2 1 2 5 5
-3281.3 659.1 17.7 203 0 11.1 15.0 5.0 2.5 2 1 2 5 5
-3290.8 627.5 17.4 203 0 11.1 15.0 5.0 2.5 4 1 2 2 2
-3239.0 652.1 17.5 14 0 11.2 14.8 5.0 2.5 2 1 2 0 0
-3217.2 707.7 18.1 14 0 11.2 14.8 5.0 2.5 2 1 2 4 4
-3358.5 763.8 20.4 293 0 15.0 11.1 5.0 2.5 2 0 2 2 2
-3431.5 -85.2 -2.6 171 0 10.8 19.3 5.0 2.5 4 1 2 5 5
-3429.8 -44.1 -2.9 171 0 10.8 19.3 5.0 2.5 2 1 2 1 1
-3428.6 -1.6 -3.8 171 0 10.8 19.3 5.0 2.5 4 1 2 2 2
-3430.7 -26.0 -3.4 171 0 10.8 19.3 5.0 0.0 0 1 2 1 1
-3387.5 -19.6 -3.7 351 0 12.1 19.3 5.0 2.5 4 1 2 1 1
-3379.6 -54.6 -3.1 351 0 12.1 19.3 5.0 2.5 2 1 2 2 2
-3335.6 -12.9 -3.7 351 0 12.1 19.3 5.0 2.5 2 1 2 2 2
-3332.7 -31.4 -3.4 351 0 12.1 19.3 5.0 2.5 2 1 2 4 4
-3329.8 -61.3 -2.8 351 0 12.1 19.3 5.0 2.5 2 1 2 2 2
-3326.4 -92.5 -2.7 351 0 12.1 19.3 5.0 2.5 2 1 2 3 3
-3418.1 77.2 -2.0 189 0 16.2 18.1 2.5 0.0 0 1 1 5 5
-3418.5 103.3 -1.8 189 0 16.2 18.1 2.5 2.5 2 1 1 0 0
-3413.0 135.3 2.1 189 0 16.2 18.1 2.5 2.5 2 1 1 2 2
-3375.4 74.8 -2.4 360 0 14.9 17.9 2.5 2.5 2 1 1 1 1
-3372.1 97.6 -1.7 360 0 14.9 17.9 2.5 2.5 2 1 1 1 1
-3483.7 225.8 14.3 247 0 19.1 14.4 5.0 2.5 2 0 2 2 2
-3428.5 168.0 7.3 6 0 8.7 13.3 5.0 2.5 2 1 2 0 0
-3430.4 146.9 4.6 3 0 9.0 12.7 5.0 2.5 2 1 2 0 0
-3431.7 134.0 3.3 6 0 8.7 13.3 5.0 2.5 2 1 2 4 4
-3429.6 104.1 0.3 6 0 8.7 13.3 5.0 2.5 2 1 2 4 4
-3429.6 77.6 -0.8 6 0 8.7 13.3 5.0 2.5 2 1 2 4 4
-3441.3 9.7 -2.8 6 0 8.7 13.3 5.0 2.5 2 1 2 0 0
-3503.5 170.9 12.0 90 0 13.0 8.0 5.0 2.5 2 0 2 1 1
-3571.9 223.4 18.5 180 0 8.0 13.4 2.5 2.5 4 1 1 4 4
-3189.3 -55.4 -5.9 173 0 12.4 12.5 5.0 2.5 2 1 2 2 2
-3189.6 -81.5 -6.3 173 0 12.4 12.5 5.0 2.5 2 1 2 4 4
-3189.1 -97.5 -6.7 173 0 12.4 12.5 5.0 0.0 0 1 2 2 2
-3199.6 -114.3 -6.5 353 0 11.6 12.5 5.0 2.5 2 1 2 2 2
-3199.1 -97.3 -6.1 353 0 11.6 12.5 5.0 2.5 2 1 2 1 1
-3232.9 -20.9 -4.4 173 0 12.4 12.5 5.0 2.5 2 1 2 5 5
-3154.8 -44.7 -6.4 353 0 11.6 12.5 5.0 2.5 2 1 2 2 2
-3120.4 -102.4 -8.9 168 0 13.7 6.9 2.5 2.5 2 0 1 4 4
-3106.2 -105.9 -9.0 78 0 6.9 13.7 2.5 2.5 2 1 1 1 1
-3096.7 -104.9 -9.2 78 0 6.9 13.7 2.5 2.5 2 1 1 1 1
-3087.2 -102.3 -9.3 78 0 6.9 13.7 2.5 2.5 2 1 1 0 0
-3074.8 -100.8 -9.5 78 0 6.9 13.7 2.5 0.0 0 1 1 2 2
-3063.4 -100.8 -9.8 78 0 6.9 13.7 2.5 2.5 2 1 1 4 4
-3085.8 -25.2 -7.1 78 0 6.9 13.7 2.5 0.0 0 1 1 2 2
-3260.3 -121.4 -4.4 168 0 13.7 6.9 5.0 2.5 2 0 2 4 4
-3053.4 -99.8 -10.0 78 0 6.9 13.7 2.5 2.5 4 1 1 3 3
-3106.7 -218.1 -11.7 182 0 10.1 15.4 5.0 2.5 2 1 2 0 0
-3054.2 13.1 -7.1 256 0 16.1 11.4 2.5 2.5 2 0 1 1 1
-3018.8 17.7 -7.6 340 0 9.0 11.2 2.5 0.0 0 1 1 0 0
-3016.9 4.4 -8.1 340 0 9.0 11.2 2.5 2.5 2 1 1 3 3
-3015.9 -18.1 -8.8 340 0 9.0 11.2 2.5 2.5 2 1 1 5 5
-3030.8 -59.7 -9.6 341 0 9.0 11.2 2.5 2.5 2 1 1 0 0
-3079.9 -17.6 -7.3 172 0 11.1 10.0 2.5 2.5 2 0 1 0 0
-3021.9 -165.7 -13.3 182 0 14.8 14.9 2.5 2.5 4 1 1 3 3
-3021.1 -165.4 -13.3 182 0 14.8 14.9 2.5 2.5 2 1 1 0 0
-3023.1 -185.0 -13.5 182 0 14.8 14.9 2.5 2.5 2 1 1 0 0
-2986.4 -164.0 -12.9 0 0 14.3 14.9 2.5 2.5 2 1 1 3 3
-3024.8 -209.2 -13.5 182 0 14.8 14.9 2.5 2.5 2 1 1 3 3
-2973.5 -202.0 -13.4 182 0 14.8 14.9 5.0 2.5 2 1 2 1 1
-2861.7 -150.8 -15.9 11 0 17.9 14.8 5.0 2.5 2 0 2 5 5
-2867.0 -179.3 -15.5 11 0 17.9 14.8 5.0 2.5 2 0 2 4 4
-2872.6 -201.7 -15.4 11 0 17.9 14.8 5.0 2.5 2 0 2 4 4
-2875.6 -226.8 -15.3 11 0 17.9 14.8 5.0 2.5 2 0 2 5 5
-2880.9 -250.7 -15.1 11 0 17.9 14.8 5.0 2.5 2 0 2 5 5
-2885.1 -274.5 -14.8 11 0 17.9 14.8 5.0 2.5 4 0 2 5 5
-2866.0 -110.9 -16.2 281 0 14.8 17.9 5.0 2.5 2 1 2 3 3
-3130.4 -554.0 -4.3 115 0 4.3 4.1 2.5 2.5 2 0 1 4 4
-3123.6 -556.1 -4.4 115 0 4.3 4.0 5.0 2.5 2 0 2 2 2
-3017.1 -704.1 -6.4 179 0 11.9 13.2 5.0 2.5 2 1 2 2 2
-3010.2 -758.8 -6.5 179 0 11.9 13.2 5.0 2.5 2 1 2 2 2
-2973.8 -786.0 -7.0 0 0 12.1 13.2 5.0 2.5 4 1 2 1 1
-1780.4 -801.5 -12.3 33 0 8.3 8.7 5.0 2.5 4 1 2 5 5
-1788.7 -813.8 -12.3 33 0 8.3 8.7 5.0 2.5 2 1 2 5 5
-1797.9 -828.7 -12.2 33 0 8.3 8.7 5.0 0.0 0 1 2 4 4
-1805.9 -840.0 -12.1 33 0 8.3 8.7 5.0 2.5 2 1 2 0 0
-1815.3 -852.0 -11.9 33 0 8.3 8.7 5.0 0.0 0 1 2 3 3
-1824.2 -865.4 -11.5 33 0 8.3 8.7 5.0 2.5 2 1 2 4 4
-1833.7 -878.2 -11.1 33 0 8.3 8.7 5.0 0.0 0 1 2 1 1
-1841.6 -890.8 -10.7 33 0 8.3 8.7 5.0 2.5 2 1 2 0 0
-1850.5 -902.7 -10.4 33 0 8.3 8.7 5.0 2.5 2 1 2 5 5
-1860.9 -913.7 -10.2 33 0 8.3 8.7 5.0 0.0 0 1 2 3 3
-1870.9 -927.4 -10.0 33 0 8.3 8.7 5.0 2.5 2 1 2 0 0
-1880.9 -940.7 -10.2 27 0 6.9 7.5 5.0 2.5 2 1 2 3 3
-1887.7 -953.6 -10.3 27 0 7.6 7.5 5.0 2.5 2 0 2 2 2
-1896.9 -965.6 -10.5 27 0 7.7 7.5 5.0 2.5 4 0 2 5 5
-1907.9 -979.0 -10.8 27 0 6.9 7.5 5.0 2.5 2 1 2 5 5
-1916.8 -991.8 -11.0 27 0 7.7 7.5 5.0 2.5 2 0 2 5 5
-1925.1 -1002.6 -11.1 27 0 6.9 7.5 5.0 2.5 2 1 2 3 3
-1932.5 -1017.2 -11.4 27 0 6.9 7.5 5.0 2.5 4 1 2 3 3
-1942.8 -1029.7 -11.5 27 0 7.0 7.6 5.0 2.5 2 1 2 1 1
-1952.3 -1044.0 -11.8 27 0 6.9 7.5 5.0 2.5 2 1 2 1 1
-1771.6 -1011.9 -12.0 216 0 13.7 9.0 2.5 2.5 2 0 1 1 1
-1772.8 -966.0 -12.0 36 0 12.8 9.0 5.0 2.5 2 0 2 4 4
-1821.3 -1044.9 -12.0 36 0 12.8 9.0 5.0 2.5 2 0 2 2 2
-1860.5 -1109.4 -13.0 28 0 11.1 13.5 5.0 2.5 2 1 2 2 2
-1877.7 -1134.9 -12.5 28 0 10.8 13.5 5.0 2.5 2 1 2 3 3
-1909.9 -1177.0 -11.7 28 0 10.8 13.5 5.0 2.5 2 1 2 1 1
-1958.9 -1228.9 -12.2 28 0 10.8 13.5 5.0 2.5 2 1 2 5 5
-1971.1 -1251.3 -12.4 28 0 10.8 13.5 5.0 2.5 2 1 2 5 5
-1984.9 -1269.8 -12.5 28 0 10.8 13.5 5.0 2.5 2 1 2 2 2
-1992.0 -1298.9 -12.8 28 0 10.8 13.5 5.0 0.0 0 1 2 2 2
-1844.6 -1116.5 -13.6 209 0 13.0 13.5 2.5 2.5 2 1 1 3 3
-1803.9 -1056.6 -11.9 209 0 13.0 13.5 2.5 0.0 0 1 1 3 3
-1891.5 -1189.5 -12.8 209 0 13.0 13.5 2.5 2.5 4 1 1 0 0
-1278.9 1348.8 -13.6 202 0 13.1 9.9 10.5 3.5 2 0 3 0 0
-1271.8 1368.8 -13.7 202 0 13.1 9.9 10.5 3.5 2 0 3 3 3
-1244.9 1359.8 -13.2 14 1 12.4 10.0 14.0 3.5 2 0 4 0 0
-1250.8 1343.1 -13.2 14 1 12.4 10.0 14.0 3.5 2 0 4 2 2
-1256.5 1410.3 -13.8 202 0 13.1 9.9 10.5 3.5 2 0 3 3 3
-1250.3 1425.6 -13.8 202 0 13.1 9.9 10.5 3.5 2 0 3 3 3
-1239.1 1379.8 -13.3 14 1 12.4 10.0 14.0 3.5 4 0 4 1 1
-1229.9 1398.9 -13.3 14 1 12.4 10.0 14.0 3.5 2 0 4 2 2
-1224.3 1420.1 -13.4 14 0 12.4 10.0 10.5 3.5 2 0 3 2 2
-1235.4 1335.3 -12.5 195 1 10.1 12.1 14.0 3.5 2 1 4 4 4
-1228.5 1354.3 -12.6 195 0 10.0 12.1 10.5 3.5 2 1 3 4 4
-1221.1 1374.9 -12.6 195 1 10.1 12.1 14.0 3.5 2 1 4 1 1
-1215.2 1393.7 -12.7 195 1 10.1 12.1 14.0 3.5 2 1 4 4 4
-1209.3 1413.4 -12.8 195 1 10.0 12.1 14.0 3.5 2 1 4 0 0
-1197.8 1323.0 -11.9 19 1 10.5 12.1 14.0 3.5 2 1 4 3 3
-1191.8 1344.5 -12.0 19 1 10.5 12.1 14.0 3.5 2 1 4 5 5
-1186.2 1360.9 -12.1 19 1 10.5 12.1 14.0 3.5 2 1 4 0 0
-1179.1 1382.4 -12.2 19 1 10.5 12.1 14.0 3.5 2 1 4 2 2
-1174.0 1400.6 -12.3 19 1 10.5 12.1 14.0 0.0 0 1 4 4 4
-1177.5 1318.1 -11.6 195 1 10.1 12.1 14.0 3.5 2 1 4 5 5
-1170.4 1337.0 -11.7 195 0 10.0 12.1 10.5 3.5 2 1 3 0 0
-1166.0 1355.8 -11.8 195 1 10.1 12.1 14.0 3.5 2 1 4 2 2
-1157.1 1375.5 -12.0 195 1 10.1 12.1 14.0 3.5 2 1 4 4 4
-1236.0 1308.6 -12.4 288 1 13.7 11.2 14.0 3.5 2 0 4 3 3
-1250.3 1287.3 -12.4 198 1 10.8 13.7 14.0 3.5 2 1 4 3 3
-1208.4 1301.9 -11.8 288 1 13.7 11.2 14.0 0.0 0 0 4 4 4
-1212.3 1275.4 -11.9 25 1 12.2 13.6 14.0 3.5 2 1 4 3 3
-1190.4 1280.1 -11.4 197 1 10.2 13.3 14.0 3.5 2 1 4 1 1
-1196.0 1261.2 -11.4 197 1 10.2 13.3 14.0 3.5 2 1 4 4 4
-1203.7 1242.1 -11.5 197 1 10.2 13.3 14.0 3.5 2 1 4 1 1
-1208.5 1222.9 -11.5 197 1 10.2 13.3 14.0 0.0 0 1 4 4 4
-1216.8 1204.7 -11.5 197 1 10.2 13.3 14.0 3.5 2 1 4 1 1
-1155.8 1251.5 -11.4 17 1 10.2 13.3 14.0 3.5 2 1 4 3 3
-1164.7 1230.3 -11.4 17 1 10.2 13.3 14.0 3.5 2 1 4 3 3
-1170.0 1210.9 -11.4 17 1 10.2 13.3 14.0 3.5 2 1 4 0 0
-1177.1 1192.1 -11.2 17 1 10.2 13.3 14.0 3.5 2 1 4 2 2
-1151.9 1267.7 -11.5 17 1 10.2 13.3 14.0 3.5 2 1 4 1 1
-1126.1 1367.4 -12.0 17 1 10.2 13.3 14.0 3.5 2 1 4 5 5
-1130.0 1344.4 -11.9 17 1 10.2 13.3 14.0 3.5 4 1 4 4 4
-1132.6 1326.8 -11.9 17 1 10.2 13.3 14.0 3.5 2 1 4 3 3
-1118.6 1264.3 -11.6 294 1 13.1 14.2 14.0 3.5 2 1 4 3 3
-1134.2 1227.8 -11.4 106 1 11.3 14.2 14.0 3.5 2 1 4 4 4
-1100.0 1266.0 -11.7 294 1 13.1 14.2 14.0 3.5 2 1 4 2 2
-1081.4 1258.5 -11.2 294 1 13.1 14.2 14.0 3.5 2 1 4 4 4
-1061.8 1251.9 -10.5 294 1 13.1 14.2 14.0 3.5 2 1 4 5 5
-1094.2 1217.3 -10.7 106 1 11.3 14.2 14.0 3.5 2 1 4 1 1
-1076.1 1212.2 -10.3 106 1 11.3 14.2 14.0 3.5 2 1 4 1 1
-1081.7 1194.6 -9.7 294 1 13.1 14.2 14.0 3.5 4 1 4 5 5
-1097.7 1199.4 -10.1 294 1 13.1 14.2 14.0 3.5 2 1 4 5 5
-1062.1 1190.5 -9.3 294 1 13.1 14.2 14.0 0.0 0 1 4 0 0
-1074.9 1149.0 -9.0 106 1 11.3 14.2 14.0 3.5 2 1 4 5 5
-1092.7 1153.7 -9.4 106 1 11.3 14.2 14.0 3.5 2 1 4 5 5
-1113.2 1157.3 -9.8 106 1 11.3 14.2 14.0 3.5 2 1 4 4 4
-1121.1 1205.7 -10.6 294 1 13.1 14.2 14.0 3.5 2 1 4 3 3
-1138.0 1214.0 -11.0 294 1 13.1 14.2 14.0 3.5 2 1 4 0 0
-1149.0 1174.6 -10.7 106 1 11.2 14.2 14.0 3.5 4 1 4 4 4
-1130.9 1167.8 -10.3 106 1 11.3 14.2 14.0 0.0 0 1 4 4 4
-1258.3 1268.4 -12.5 198 1 10.8 13.7 14.0 3.5 2 1 4 3 3
-1218.2 1260.6 -12.0 26 1 11.8 13.6 14.0 3.5 2 1 4 2 2
-1221.6 1237.9 -11.9 26 1 11.8 13.6 14.0 3.5 2 1 4 4 4
-1262.2 1250.8 -12.4 198 1 10.8 14.0 14.0 3.5 4 1 4 0 0
-1266.0 1235.0 -12.4 198 1 10.8 14.0 14.0 3.5 4 1 4 3 3
-1270.7 1207.8 -12.2 108 1 13.0 10.8 14.0 0.0 0 0 4 1 1
-1230.7 1225.6 -12.0 26 1 11.8 13.6 14.0 3.5 2 1 4 2 2
-1172.8 1424.9 -12.5 109 1 12.2 11.3 14.0 3.5 2 0 4 3 3
-1163.2 1454.5 -12.6 289 1 12.2 11.3 14.0 3.5 2 0 4 0 0
-1153.6 1417.3 -12.2 109 1 12.2 11.3 14.0 3.5 2 0 4 4 4
-1144.3 1447.4 -12.2 289 1 12.2 11.3 14.0 3.5 2 0 4 0 0
-1131.9 1413.7 -11.8 109 1 12.2 11.3 14.0 3.5 2 0 4 5 5
-1123.8 1440.5 -11.8 289 1 12.2 11.3 14.0 3.5 4 0 4 4 4
-1110.6 1408.6 -11.5 109 1 12.2 11.3 14.0 3.5 2 0 4 3 3
-1103.1 1435.4 -11.5 289 1 12.2 11.3 14.0 3.5 2 0 4 2 2
-1115.4 1380.9 -11.8 19 1 11.3 12.2 14.0 3.5 2 1 4 3 3
-1112.9 1522.9 -12.8 103 0 17.3 19.7 14.0 0.0 0 1 4 5 5
-1110.2 1565.0 -13.4 193 0 19.7 17.3 14.0 0.0 0 0 4 5 5
-1101.9 1596.4 -13.3 193 0 19.7 17.3 14.0 0.0 0 0 4 0 0
-831.8 1734.3 -8.3 85 0 15.2 23.0 17.5 3.5 2 1 5 0 0
-848.4 1777.3 -8.7 167 0 22.3 13.7 17.5 3.5 2 0 5 1 1
-854.9 1810.8 -9.1 167 0 22.3 13.7 17.5 3.5 2 0 5 1 1
-855.5 1857.0 -9.2 250 0 13.9 23.0 17.5 3.5 2 1 5 4 4
-797.7 1761.8 -8.5 348 0 24.2 13.7 17.5 3.5 2 0 5 5 5
-807.2 1795.3 -8.6 348 0 24.2 13.7 17.5 0.0 0 0 5 0 0
-812.0 1831.7 -8.7 348 0 24.2 13.7 17.5 3.5 2 0 5 1 1
-854.2 1884.2 -9.4 100 0 27.0 11.3 14.0 0.0 0 0 4 5 5
-852.7 1924.2 -9.7 280 0 28.0 11.3 14.0 3.5 2 0 4 1 1
-810.2 1884.6 -9.2 10 0 11.3 27.0 14.0 3.5 2 1 4 3 3
-804.9 1909.0 -9.5 10 0 11.3 27.0 14.0 3.5 2 1 4 4 4
-787.6 1903.0 -9.8 180 0 11.5 26.6 17.5 3.5 2 1 5 2 2
-695.6 1788.7 -8.4 280 0 28.0 11.3 14.0 3.5 4 0 4 3 3
-652.1 1777.9 -8.3 280 0 14.2 11.3 14.0 3.5 2 0 4 4 4
-622.6 1770.7 -9.2 280 0 28.0 11.3 14.0 3.5 2 0 4 4 4
-587.0 1762.4 -10.8 280 0 28.0 11.3 14.0 3.5 2 0 4 3 3
-704.2 1728.4 -8.6 100 0 27.0 11.3 14.0 3.5 2 0 4 1 1
-667.4 1720.0 -8.6 100 0 27.0 11.3 14.0 3.5 2 0 4 1 1
-625.3 1708.7 -9.3 100 0 27.0 11.3 14.0 3.5 2 0 4 5 5
-583.2 1701.5 -10.2 100 0 27.0 11.3 14.0 3.5 2 0 4 2 2
-769.2 1637.9 -8.9 180 0 11.5 26.6 17.5 3.5 2 1 5 2 2
-713.3 1629.8 -9.5 280 0 28.0 11.3 17.5 3.5 2 0 5 4 4
-673.6 1618.5 -9.7 280 0 28.0 11.3 17.5 3.5 2 0 5 5 5
-625.0 1607.7 -10.0 280 0 28.0 11.3 17.5 3.5 2 0 5 2 2
-567.7 1587.2 -10.2 10 0 11.3 27.0 17.5 0.0 0 1 5 3 3
-481.1 2000.2 -12.8 179 0 22.3 5.2 10.5 3.5 2 0 3 5 5
-645.0 1797.9 -9.9 111 0 18.3 19.7 14.0 3.5 2 1 4 2 2
-622.7 1792.0 -10.1 96 0 13.2 12.1 14.0 3.5 2 0 4 0 0
-600.9 1787.7 -10.8 96 0 13.2 12.1 14.0 3.5 2 0 4 4 4
-905.5 2128.2 -12.3 17 0 13.3 14.2 14.0 0.0 0 1 4 0 0
-900.2 2149.7 -12.2 17 0 13.3 14.2 14.0 3.5 2 1 4 4 4
-983.8 2043.3 -12.9 203 0 18.7 19.0 14.0 3.5 2 1 4 4 4
-995.3 1991.8 -13.1 108 0 14.4 16.6 14.0 3.5 2 1 4 3 3
-980.7 1981.9 -12.7 108 0 17.0 13.0 14.0 3.5 2 0 4 1 1
-921.4 1981.2 -11.7 14 0 21.3 37.3 14.0 0.0 0 1 4 2 2
-937.2 2022.6 -12.1 14 0 43.2 14.4 14.0 3.5 2 0 4 0 0
-918.8 2001.8 -11.4 19 0 16.5 12.7 14.0 3.5 2 0 4 2 2
-914.8 2054.9 -12.0 6 0 17.5 17.4 14.0 3.5 2 0 4 4 4
-905.5 2074.4 -11.8 8 0 11.2 12.9 14.0 3.5 2 1 4 0 0
-904.4 2101.3 -12.3 1 0 12.6 23.6 14.0 3.5 2 1 4 0 0
-966.9 2092.2 -12.7 189 0 22.0 12.4 14.0 3.5 2 0 4 5 5
-966.9 2113.2 -12.8 187 0 10.4 16.3 14.0 3.5 2 1 4 4 4
-963.3 2123.8 -12.8 187 0 10.1 16.2 14.0 3.5 2 1 4 2 2
-959.6 2148.2 -12.7 185 0 9.2 12.4 10.5 3.5 2 1 3 0 0
-899.0 2185.4 -11.8 3 0 13.9 11.6 14.0 3.5 2 0 4 2 2
-963.6 2184.5 -12.4 190 0 15.4 17.0 14.0 3.5 4 1 4 0 0
-927.3 2193.8 -12.1 272 0 23.6 8.0 10.5 3.5 2 0 3 1 1
-870.3 2248.0 -11.0 183 0 43.7 23.2 17.5 0.0 0 0 5 3 3
-797.2 2221.5 -11.1 93 0 23.2 43.7 17.5 0.0 0 1 5 5 5
-693.8 2352.1 -12.0 101 0 11.6 10.5 17.5 3.5 2 0 5 4 4
-667.6 2421.0 -12.5 104 0 12.5 12.5 17.5 3.5 2 1 5 3 3
-677.9 2466.8 -12.6 100 0 12.2 17.5 17.5 3.5 2 1 5 5 5
-676.9 2498.9 -12.6 279 0 12.9 10.7 17.5 3.5 2 0 5 2 2
-688.8 2425.1 -12.6 108 0 8.4 13.8 10.5 3.5 2 1 3 5 5
-697.5 2503.2 -12.7 276 0 13.6 22.2 17.5 3.5 2 1 5 3 3
-690.8 2523.4 -12.7 271 0 15.3 10.7 17.5 3.5 2 0 5 3 3
-590.4 2398.6 -12.5 94 0 7.6 9.4 10.5 3.5 4 1 3 3 3
-563.5 2407.2 -12.5 13 0 7.5 8.2 10.5 3.5 2 1 3 3 3
-565.1 2420.0 -12.5 16 0 11.9 12.9 17.5 3.5 2 1 5 4 4
-561.9 2447.3 -12.1 22 0 7.6 17.2 10.5 3.5 4 1 3 1 1
-547.5 2440.7 -12.2 25 0 7.2 11.7 10.5 3.5 2 1 3 5 5
-549.2 2457.2 -12.0 19 0 13.9 9.9 10.5 3.5 2 0 3 1 1
-560.5 2460.4 -11.9 18 0 9.6 9.6 10.5 3.5 2 1 3 3 3
-552.2 2475.2 -11.8 16 0 8.2 10.6 10.5 3.5 2 1 3 1 1
-575.2 2487.9 -11.9 282 0 6.8 9.1 10.5 3.5 2 1 3 1 1
-589.8 2454.0 -12.0 21 0 5.9 8.2 10.5 3.5 2 1 3 4 4
-608.8 2435.7 -12.2 110 0 8.8 10.6 10.5 3.5 4 1 3 3 3
-603.0 2417.1 -12.4 102 0 7.3 6.0 10.5 3.5 2 0 3 2 2
-641.3 2517.2 -12.4 270 0 7.9 13.1 10.5 3.5 2 1 3 3 3
-632.5 2516.7 -12.4 270 0 7.9 13.1 10.5 3.5 2 1 3 1 1
-600.2 2515.2 -12.2 270 0 7.9 13.1 10.5 3.5 2 1 3 2 2
-583.2 2510.9 -12.1 270 0 7.9 13.1 10.5 3.5 2 1 3 5 5
-567.6 2512.8 -12.1 280 0 13.0 10.7 17.5 3.5 2 0 5 1 1
-556.7 2512.2 -12.1 282 0 5.9 12.3 10.5 3.5 2 1 3 1 1
-750.1 2008.9 -10.9 283 0 8.4 35.4 10.5 3.5 2 1 3 0 0
-726.4 2005.9 -11.3 283 0 8.4 35.4 10.5 0.0 0 1 3 0 0
-701.5 1999.0 -11.8 283 0 8.4 35.4 10.5 3.5 4 1 3 5 5
-678.7 1991.9 -12.2 283 0 8.4 35.4 10.5 3.5 2 1 3 0 0
-692.9 2049.4 -12.4 103 0 8.4 35.4 10.5 3.5 2 1 3 1 1
-717.5 2055.7 -12.0 103 0 8.4 35.4 10.5 3.5 2 1 3 5 5
-668.2 2045.3 -13.0 107 0 7.9 28.7 10.5 3.5 2 1 3 3 3
-739.7 2058.1 -11.7 103 0 8.4 35.4 10.5 3.5 4 1 3 5 5
-774.2 2098.6 -11.4 274 0 8.4 35.4 10.5 3.5 2 1 3 3 3
-537.1 2146.4 -12.4 2 0 17.3 26.1 14.0 3.5 2 1 4 1 1
-547.8 2174.8 -12.4 272 0 26.1 17.3 14.0 3.5 2 0 4 0 0
-585.5 2113.8 -12.4 101 0 11.8 9.5 10.5 3.5 2 0 3 1 1
-559.7 2112.7 -12.3 101 0 11.8 9.5 10.5 0.0 0 0 3 5 5
-670.0 2120.8 -12.4 101 0 11.8 9.5 10.5 3.5 2 0 3 3 3
-704.1 2122.9 -12.1 101 0 11.8 9.5 10.5 3.5 2 0 3 3 3
-638.6 2117.5 -12.6 100 0 11.8 9.5 10.5 3.5 2 0 3 5 5
-609.1 2111.8 -12.4 93 0 16.2 17.3 14.0 3.5 2 1 4 4 4
-378.8 2206.7 -12.9 1 0 22.5 36.6 10.5 0.0 0 1 3 3 3
-497.1 2113.8 -12.3 188 0 11.1 72.6 17.5 3.5 2 1 5 4 4
-826.8 2223.4 -11.0 93 0 23.2 43.7 17.5 0.0 0 1 5 1 1
-618.1 1806.5 -10.5 104 0 13.2 10.7 14.0 3.5 2 0 4 3 3
-607.4 1822.2 -10.9 14 0 10.7 13.2 14.0 0.0 0 1 4 4 4
-526.5 1946.4 -13.3 188 0 24.8 22.6 14.0 3.5 2 0 4 3 3
-480.1 1940.8 -13.4 8 0 24.8 22.6 14.0 3.5 2 0 4 4 4
-467.3 1819.9 -12.6 87 0 30.7 29.6 17.5 0.0 0 0 5 3 3
-637.2 1522.3 -10.4 280 0 28.0 11.3 14.0 3.5 2 0 4 3 3
-595.7 1516.3 -10.4 280 0 28.0 11.3 14.0 3.5 2 0 4 2 2
-545.5 1498.2 -10.4 10 0 11.3 27.0 14.0 3.5 4 1 4 1 1
-677.5 1530.0 -9.8 280 0 28.0 11.3 14.0 3.5 2 0 4 1 1
-611.2 1551.9 -10.3 100 0 27.0 11.3 17.5 3.5 2 0 5 3 3
-565.7 1546.2 -10.3 10 0 11.3 27.0 17.5 3.5 2 1 5 4 4
-656.3 1559.6 -10.4 100 0 27.0 11.3 17.5 3.5 2 0 5 0 0
-695.4 1570.1 -9.6 100 0 27.0 11.3 17.5 3.5 2 0 5 4 4
-738.4 1580.2 -8.8 100 0 27.0 11.3 17.5 0.0 0 0 5 3 3
-749.9 1549.7 -9.0 280 0 28.0 11.3 14.0 3.5 4 0 4 5 5
-716.5 1498.4 -9.2 100 0 27.0 11.3 14.0 3.5 2 0 4 1 1
-680.6 1488.9 -9.5 100 0 27.0 11.3 14.0 3.5 2 0 4 5 5
-641.4 1484.4 -9.9 100 0 27.0 11.3 14.0 3.5 2 0 4 4 4
-615.3 1442.8 -9.9 280 0 28.0 11.3 14.0 3.5 2 0 4 2 2
-652.4 1450.9 -9.6 280 0 28.0 11.3 14.0 3.5 2 0 4 3 3
-688.8 1462.6 -9.3 280 0 28.0 11.3 14.0 3.5 2 0 4 4 4
-729.2 1470.9 -9.0 280 0 28.0 11.3 14.0 0.0 0 0 4 4 4
-714.6 1544.3 -9.5 280 0 28.0 11.3 14.0 3.5 2 0 4 2 2
-644.3 1691.9 -9.3 286 0 12.5 29.4 17.5 3.5 2 1 5 0 0
-568.8 1672.6 -10.0 286 0 12.5 29.4 17.5 3.5 2 1 5 0 0
-686.3 1686.1 -9.2 284 0 54.1 11.4 17.5 3.5 2 0 5 4 4
-674.2 1646.5 -9.5 99 0 10.1 14.9 17.5 3.5 2 1 5 3 3
-698.3 1649.3 -9.5 99 0 10.1 14.9 17.5 0.0 0 1 5 5 5
-717.7 1657.9 -9.2 104 0 10.6 8.6 10.5 3.5 2 0 3 2 2
-738.1 1663.2 -9.0 104 0 10.6 8.6 10.5 3.5 2 0 3 0 0
-761.1 1678.0 -8.9 196 0 16.1 10.0 10.5 3.5 2 0 3 4 4
-741.8 1718.9 -8.9 284 0 11.4 34.1 17.5 3.5 2 1 5 3 3
-727.8 1695.1 -8.9 284 0 23.1 10.4 17.5 3.5 2 0 5 5 5
-743.3 1749.2 -8.6 193 0 21.3 20.9 14.0 3.5 2 0 4 0 0
-706.5 1770.8 -8.5 287 0 18.1 12.6 14.0 0.0 0 0 4 1 1
-646.1 1986.0 -12.8 283 0 8.4 35.4 10.5 3.5 2 1 3 5 5
-621.5 1979.1 -13.0 283 0 8.4 35.4 10.5 3.5 2 1 3 5 5
-606.6 1938.5 -13.1 103 0 8.4 35.4 10.5 3.5 2 1 3 4 4
-309.3 2375.7 -14.6 191 0 25.2 37.4 17.5 0.0 0 1 5 2 2
-315.8 2352.5 -13.9 191 0 17.7 25.4 17.5 3.5 2 1 5 3 3
-255.6 2263.2 -15.8 18 0 14.0 21.2 17.5 0.0 0 1 5 4 4
-264.8 2248.2 -15.6 27 0 16.3 18.7 17.5 0.0 0 1 5 0 0
-248.5 2388.9 -15.6 13 0 25.2 17.2 17.5 3.5 2 0 5 4 4
-253.6 2508.3 -14.4 183 0 27.4 15.0 17.5 3.5 2 0 5 4 4
-223.4 2547.4 -14.1 279 0 14.6 19.4 17.5 0.0 0 1 5 0 0
-203.7 2507.5 -14.7 8 0 20.2 17.4 17.5 3.5 2 0 5 1 1
-198.1 2530.0 -14.4 11 0 21.6 13.3 17.5 3.5 2 0 5 3 3
-224.3 2482.5 -15.2 5 0 12.3 11.3 17.5 0.0 0 0 5 5 5
-200.4 2658.3 -16.3 94 0 11.4 11.8 14.0 3.5 2 1 4 5 5
-198.6 2682.6 -16.4 274 0 11.4 11.8 14.0 3.5 2 1 4 5 5
-228.2 2651.5 -15.8 184 0 11.8 11.4 14.0 3.5 2 0 4 5 5
-104.7 2581.5 -22.1 187 0 14.5 24.3 14.0 3.5 4 1 4 0 0
-101.9 2600.0 -22.0 187 0 14.5 24.3 14.0 3.5 2 1 4 5 5
-101.0 2618.5 -22.0 187 0 14.5 24.3 14.0 3.5 4 1 4 5 5
-365.9 2586.8 -13.5 187 0 9.5 11.1 10.5 0.0 0 1 3 4 4
-359.9 2617.8 -13.6 187 0 9.5 11.1 10.5 0.0 0 1 3 4 4
-370.2 2628.6 -13.9 187 0 9.5 11.1 10.5 3.5 2 1 3 2 2
-364.6 2648.6 -14.2 187 0 9.5 11.1 10.5 3.5 2 1 3 4 4
-331.9 2878.6 -15.2 277 0 11.1 9.5 10.5 3.5 2 0 3 0 0
-345.9 2805.3 -14.4 187 0 9.5 11.1 10.5 3.5 2 1 3 2 2
-328.7 2822.8 -14.7 7 0 9.5 11.1 10.5 3.5 4 1 3 4 4
-362.2 2793.7 -14.1 187 0 9.5 11.1 10.5 3.5 2 1 3 0 0
-357.2 2772.5 -14.2 187 0 9.5 11.1 10.5 3.5 2 1 3 3 3
-411.8 2795.2 -13.5 187 0 9.5 11.1 10.5 3.5 2 1 3 3 3
-431.3 2730.1 -13.5 187 0 9.5 11.1 10.5 3.5 2 1 3 4 4
-310.0 2600.3 -13.5 12 0 29.4 10.8 14.0 3.5 2 0 4 3 3
-342.8 2606.3 -13.6 192 0 29.4 10.8 14.0 3.5 2 0 4 4 4
-302.8 2634.9 -14.2 12 0 29.4 10.8 14.0 3.5 2 0 4 5 5
-332.4 2526.4 -13.6 103 0 11.0 26.4 14.0 3.5 2 1 4 2 2
-386.5 2413.7 -12.4 206 0 13.1 16.8 14.0 0.0 0 1 4 3 3
-357.3 2356.7 -12.4 11 0 12.4 11.6 14.0 3.5 2 0 4 2 2
-427.2 2219.8 -12.9 93 0 19.1 11.8 14.0 3.5 2 0 4 2 2
-427.1 2163.6 -12.5 274 0 13.5 13.7 17.5 3.5 4 1 5 2 2
-461.2 1703.2 -12.9 101 0 11.8 9.5 10.5 3.5 2 0 3 1 1
-439.1 1638.2 -13.2 11 0 9.5 11.8 10.5 0.0 0 1 3 0 0
-456.5 1799.1 -13.0 281 0 11.8 9.5 10.5 3.5 2 0 3 5 5
-533.8 1732.5 -11.3 101 0 11.8 9.5 10.5 3.5 2 0 3 4 4
-311.9 1796.1 -22.6 11 0 9.5 11.8 10.5 3.5 2 1 3 5 5
-317.5 1822.6 -23.4 11 0 9.5 11.8 10.5 3.5 4 1 3 2 2
-308.2 1747.7 -23.0 101 0 11.8 9.5 10.5 3.5 2 0 3 5 5
-261.3 1652.2 -20.9 101 0 11.8 9.5 7.5 2.5 4 0 3 4 4
-257.5 1674.3 -22.2 281 0 11.8 9.5 5.0 0.0 0 0 2 2 2
-327.5 1521.8 -20.3 281 0 11.8 9.5 10.5 3.5 2 0 3 0 0
-380.9 1539.7 -18.1 281 0 11.8 9.5 10.5 0.0 0 0 3 5 5
-393.5 1440.6 -16.2 191 0 9.5 11.8 10.5 3.5 2 1 3 3 3
-415.4 1244.2 -17.8 191 0 9.5 11.8 10.5 3.5 2 1 3 4 4
-431.1 1154.0 -19.2 191 0 9.5 11.8 10.5 3.5 2 1 3 1 1
-490.1 1168.6 -12.4 11 0 9.5 11.8 10.5 3.5 2 1 3 4 4
-515.9 1141.7 -11.5 11 0 9.5 11.8 10.5 3.5 2 1 3 0 0
-520.0 1120.2 -11.4 11 0 9.5 11.8 10.5 0.0 0 1 3 5 5
-521.2 1108.9 -11.7 11 0 9.5 11.8 10.5 3.5 2 1 3 2 2
-539.1 1168.9 -11.2 191 0 9.5 11.8 10.5 3.5 2 1 3 5 5
-471.6 1196.1 -13.1 281 0 11.8 9.5 10.5 3.5 2 0 3 4 4
-452.7 1188.3 -13.5 11 0 9.5 11.8 10.5 3.5 2 1 3 0 0
-509.5 1268.2 -11.7 101 0 11.8 9.5 7.0 3.5 2 0 2 2 2
-425.8 1173.1 -19.8 191 0 9.5 11.8 10.5 3.5 2 1 3 3 3
-424.0 1184.8 -19.8 191 0 9.5 11.8 10.5 3.5 2 1 3 0 0
-416.0 1231.6 -18.5 191 0 9.5 11.8 10.5 0.0 0 1 3 1 1
-460.9 1453.8 -12.9 101 0 11.8 9.5 7.0 3.5 2 0 2 4 4
-543.5 1541.0 -10.7 191 0 9.5 11.8 10.5 3.5 2 1 3 0 0
-542.3 1566.6 -10.5 191 0 9.5 11.8 10.5 3.5 2 1 3 2 2
-518.7 1533.8 -10.9 101 0 11.8 9.5 10.5 3.5 2 0 3 2 2
-167.8 2680.5 -16.9 274 0 11.4 11.8 14.0 3.5 4 1 4 1 1
-200.6 2220.2 -19.9 117 0 11.8 6.9 10.5 3.5 2 0 3 4 4
-155.5 2249.0 -23.3 19 0 6.3 11.1 10.5 3.5 2 1 3 2 2
-184.8 2251.9 -21.0 117 0 11.8 7.7 10.5 3.5 2 0 3 2 2
-202.3 2247.3 -19.2 305 0 11.3 7.7 10.5 3.5 2 0 3 2 2
-222.8 2223.2 -18.5 113 0 14.7 7.1 10.5 3.5 2 0 3 0 0
-210.0 2232.5 -19.1 117 0 11.8 6.9 10.5 0.0 0 0 3 5 5
-208.5 2111.4 -22.9 103 0 18.5 11.8 7.5 2.5 2 0 3 0 0
-231.1 2424.3 -15.8 21 0 14.3 20.4 17.5 3.5 2 1 5 4 4
-233.3 2443.9 -15.4 5 0 12.3 11.3 17.5 0.0 0 0 5 1 1
-235.8 2574.6 -14.2 97 0 13.1 17.5 14.0 3.5 2 1 4 4 4
-216.3 2574.1 -14.5 102 0 12.1 12.3 14.0 3.5 2 1 4 5 5
-663.9 2404.4 -12.4 275 0 10.5 12.3 17.5 3.5 2 1 5 1 1
-689.7 2379.7 -12.2 282 0 5.8 8.3 10.5 3.5 2 1 3 5 5
-700.8 2377.3 -12.2 192 0 8.3 5.8 10.5 3.5 4 0 3 3 3
-682.3 2377.0 -12.2 282 0 5.8 8.3 10.5 3.5 2 1 3 2 2
-718.6 2374.5 -12.2 192 0 8.3 5.8 10.5 3.5 2 0 3 1 1
-641.4 2365.5 -12.3 282 0 5.8 8.3 10.5 3.5 2 1 3 2 2
-727.7 2426.4 -12.5 282 0 5.8 8.3 10.5 3.5 2 1 3 5 5
-739.8 2330.7 -11.6 102 0 5.8 8.3 10.5 3.5 4 1 3 1 1
-730.3 2390.2 -12.3 183 0 9.9 10.8 10.5 0.0 0 1 3 3 3
-733.9 2373.7 -12.2 199 0 8.1 10.4 10.5 3.5 2 1 3 1 1
-740.1 2395.4 -12.4 3 0 9.7 10.8 10.5 3.5 2 1 3 4 4
-739.2 2408.0 -12.5 3 0 9.7 10.8 10.5 3.5 2 1 3 0 0
-761.6 2414.4 -12.3 282 0 5.8 8.3 10.5 3.5 2 1 3 2 2
-758.3 2427.5 -12.5 282 0 5.8 8.3 10.5 3.5 2 1 3 0 0
-767.3 2342.3 -11.5 100 0 6.2 12.3 10.5 0.0 0 1 3 1 1
-800.1 2348.1 -11.4 102 0 9.1 11.7 10.5 3.5 2 1 3 4 4
-760.1 2446.1 -12.5 3 0 13.3 15.4 17.5 3.5 2 1 5 1 1
-758.3 2460.1 -12.5 3 0 13.3 15.4 17.5 3.5 2 1 5 3 3
-755.3 2475.0 -12.6 3 0 13.3 15.4 17.5 3.5 2 1 5 3 3
-743.5 2470.6 -12.6 183 0 13.3 15.4 17.5 3.5 2 1 5 3 3
-813.3 2366.4 -11.5 102 0 5.8 8.3 10.5 3.5 2 1 3 1 1
-853.8 2288.0 -11.1 183 0 19.6 13.1 17.5 3.5 2 0 5 5 5
-869.8 2286.8 -11.2 183 0 19.6 13.1 17.5 0.0 0 0 5 3 3
-1141.5 1573.1 -14.1 14 0 19.8 11.8 14.0 3.5 2 0 4 5 5
-1132.0 1606.1 -14.4 14 0 19.8 11.8 14.0 3.5 2 0 4 5 5
-1128.1 1646.2 -14.4 284 0 11.8 19.8 14.0 3.5 2 1 4 1 1
-1194.1 1430.2 -12.9 109 1 12.2 11.3 14.0 3.5 2 0 4 1 1
-1185.4 1458.7 -13.0 289 1 12.2 11.3 14.0 3.5 2 0 4 4 4
-1162.9 1538.2 -13.7 112 0 19.7 11.9 14.0 0.0 0 0 4 5 5
-1198.9 1545.5 -14.3 112 0 19.7 11.9 14.0 3.5 2 0 4 2 2
-738.7 2125.6 -11.7 101 0 11.8 9.5 10.5 3.5 2 0 3 0 0
-499.0 2361.1 -12.5 11 0 9.5 11.8 10.5 3.5 2 1 3 5 5
-542.8 2347.2 -12.6 194 0 8.4 8.5 10.5 3.5 2 1 3 2 2
-533.3 2368.7 -12.6 194 0 8.3 9.2 10.5 3.5 2 1 3 0 0
-547.0 2404.0 -12.5 211 0 8.9 6.2 10.5 3.5 2 0 3 0 0
-533.7 2420.3 -12.2 210 0 8.9 6.2 10.5 3.5 2 0 3 1 1
-528.6 2429.5 -12.1 210 0 8.9 6.2 10.5 3.5 2 0 3 3 3
-529.5 2382.7 -12.5 210 0 8.9 6.2 10.5 3.5 2 0 3 3 3
-604.9 2357.7 -12.4 9 0 9.0 14.6 10.5 3.5 4 1 3 3 3
-626.7 2366.2 -12.4 279 0 15.0 9.1 10.5 0.0 0 0 3 2 2
-642.9 2380.4 -12.4 279 0 13.8 9.1 10.5 3.5 2 0 3 3 3
-652.8 2081.3 -12.9 7 0 11.0 21.8 17.5 3.5 2 1 5 5 5
-712.0 2014.3 -12.0 97 0 26.8 11.2 17.5 0.0 0 0 5 4 4
-741.5 2046.6 -11.5 101 0 9.7 9.2 10.5 3.5 2 0 3 1 1
-781.4 2161.8 -11.4 186 0 13.7 25.0 14.0 3.5 4 1 4 3 3
-783.1 2180.6 -11.4 181 0 20.6 24.0 14.0 3.5 2 1 4 5 5
-744.3 2186.5 -11.7 276 0 15.5 30.7 14.0 3.5 2 1 4 5 5
-708.1 2359.4 -12.0 192 0 8.3 5.8 10.5 3.5 4 0 3 3 3
-761.0 2293.6 -11.3 282 0 5.8 8.3 10.5 3.5 2 1 3 3 3
-825.3 2324.9 -11.2 268 0 8.7 8.6 10.5 3.5 2 0 3 2 2
-718.5 2187.2 -12.0 269 0 20.7 37.4 14.0 0.0 0 1 4 1 1
-668.2 2181.1 -12.5 269 0 20.7 37.4 14.0 0.0 0 1 4 4 4
-640.5 2180.3 -12.4 270 0 23.2 33.5 14.0 0.0 0 1 4 3 3
-544.5 2423.7 -12.3 210 0 8.9 6.2 10.5 3.5 2 0 3 0 0
-538.0 2435.7 -12.1 210 0 8.9 6.2 10.5 3.5 4 0 3 2 2
-533.2 2446.4 -12.0 210 0 8.9 6.2 10.5 3.5 2 0 3 3 3
-689.9 2298.8 -11.9 292 0 6.3 9.6 10.5 3.5 2 1 3 3 3
-707.9 2298.5 -11.7 292 0 6.3 9.6 10.5 3.5 2 1 3 5 5
-765.0 2378.3 -11.9 22 0 9.6 6.3 10.5 3.5 2 0 3 2 2
-387.9 2567.2 -13.1 282 0 11.0 45.0 14.0 3.5 2 1 4 4 4
-192.8 3035.5 -15.7 189 0 31.8 10.8 14.0 3.5 2 0 4 5 5
-564.9 2289.6 -12.9 268 0 11.9 16.0 17.5 3.5 2 1 5 0 0
-536.5 2358.2 -12.6 198 0 9.1 7.5 10.5 3.5 2 0 3 0 0
-545.7 2360.5 -12.6 194 0 8.4 8.5 10.5 3.5 2 1 3 4 4
-546.1 2337.5 -12.6 194 0 8.4 8.5 10.5 3.5 2 1 3 5 5
-542.3 2322.1 -12.6 93 0 7.3 8.4 10.5 3.5 2 1 3 2 2
-508.1 2308.7 -12.7 108 0 15.8 20.8 14.0 3.5 2 1 4 3 3
-476.9 2333.6 -12.7 21 0 16.6 9.9 10.5 3.5 2 0 3 4 4
-462.2 2372.9 -12.5 21 0 8.7 55.3 10.5 3.5 2 1 3 5 5
-476.6 2455.2 -12.2 193 0 7.9 10.2 10.5 0.0 0 1 3 2 2
-490.9 2451.1 -12.2 193 0 7.9 9.9 10.5 3.5 2 1 3 2 2
-467.3 2444.6 -12.2 12 0 6.6 9.8 10.5 0.0 0 1 3 2 2
-470.9 2434.8 -12.2 17 0 8.1 10.9 10.5 3.5 2 1 3 2 2
-473.3 2426.8 -12.3 12 0 6.8 9.8 10.5 3.5 2 1 3 0 0
-442.4 2425.7 -12.4 16 0 8.2 13.5 10.5 3.5 2 1 3 2 2
-425.5 2480.6 -12.3 7 0 9.4 8.6 10.5 3.5 2 0 3 5 5
-526.1 2441.2 -12.1 204 0 10.1 9.3 10.5 0.0 0 0 3 4 4
-527.5 2416.4 -12.2 210 0 11.8 9.7 10.5 3.5 2 0 3 3 3
-521.4 2427.4 -12.2 210 0 11.9 9.5 10.5 3.5 2 0 3 3 3
-575.8 2337.7 -12.6 178 0 4.2 11.4 10.5 3.5 2 1 3 5 5
-579.5 2349.0 -12.5 5 0 7.4 11.1 10.5 3.5 2 1 3 5 5
-581.0 2339.5 -12.4 5 0 7.5 11.1 10.5 0.0 0 1 3 1 1
-592.1 2352.1 -12.5 15 0 7.1 12.1 10.5 3.5 2 1 3 5 5
-674.8 2366.1 -12.1 275 0 11.9 7.2 10.5 3.5 2 0 3 5 5
-679.7 2350.7 -12.0 92 0 11.3 7.2 10.5 3.5 2 0 3 4 4
-698.0 2300.7 -11.8 292 0 6.4 12.2 10.5 0.0 0 1 3 1 1
-511.5 2295.8 -12.7 108 0 12.6 9.1 10.5 3.5 2 0 3 4 4
-497.9 2285.7 -12.8 288 0 12.6 9.2 10.5 3.5 2 0 3 2 2
-505.1 2229.5 -12.5 1 0 8.8 14.6 10.5 3.5 4 1 3 5 5
-526.4 2392.8 -12.4 204 0 9.7 8.6 10.5 3.5 2 0 3 5 5
-510.4 2408.0 -12.3 204 0 9.7 8.6 10.5 3.5 2 0 3 1 1
-477.9 2416.1 -12.3 20 0 10.3 9.2 10.5 3.5 2 0 3 2 2
-333.3 2446.4 -12.7 10 0 10.2 9.9 10.5 3.5 2 0 3 4 4
-369.0 2454.3 -12.3 278 0 14.1 13.9 14.0 3.5 4 0 4 0 0
-360.2 2318.0 -12.3 20 0 9.6 28.7 10.5 3.5 2 1 3 5 5
-376.3 2307.2 -12.3 19 0 11.2 9.8 10.5 3.5 2 0 3 0 0
-370.0 2285.1 -12.3 14 0 14.3 9.9 10.5 0.0 0 0 3 0 0
-490.8 2034.6 -12.6 191 0 14.6 6.2 10.5 3.5 2 0 3 0 0
-496.7 1907.3 -13.4 100 0 23.5 20.3 14.0 3.5 2 0 4 3 3
-530.7 1772.2 -11.7 278 0 22.6 24.8 14.0 3.5 2 1 4 0 0
-536.7 1591.6 -10.5 277 0 11.6 12.9 17.5 3.5 2 1 5 4 4
-337.8 2421.1 -12.4 10 0 10.2 9.9 10.5 0.0 0 0 3 0 0
-411.7 2689.9 -13.8 192 0 12.6 10.5 14.0 3.5 2 0 4 5 5
-390.8 2660.2 -13.8 10 0 10.2 9.9 10.5 3.5 2 0 3 3 3
-385.2 2755.7 -13.8 10 0 10.2 9.9 10.5 3.5 2 0 3 2 2
-324.1 2850.1 -15.0 10 0 10.2 9.9 10.5 3.5 2 0 3 1 1
-348.0 2727.3 -14.6 93 0 13.4 12.8 14.0 3.5 2 0 4 5 5
-184.7 2996.0 -15.8 92 0 10.1 9.0 10.5 3.5 2 0 3 2 2
-173.7 2995.7 -16.1 92 0 10.1 9.0 10.5 3.5 2 0 3 2 2
-172.8 3005.8 -16.1 92 0 10.1 9.0 10.5 3.5 2 0 3 1 1
-187.6 3007.0 -15.8 90 0 14.5 9.3 10.5 3.5 2 0 3 0 0
-140.5 2993.4 -16.8 90 0 14.5 9.3 10.5 3.5 4 0 3 0 0
-158.3 2994.8 -16.5 90 0 17.5 9.4 10.5 0.0 0 0 3 4 4
-150.7 3005.5 -16.7 92 0 29.7 7.9 10.5 3.5 2 0 3 0 0
-84.4 3031.3 -17.3 101 0 7.1 9.5 10.5 3.5 2 1 3 0 0
-110.1 2651.5 -19.0 193 0 9.3 7.9 10.5 3.5 2 0 3 4 4
-111.8 2611.6 -19.9 191 0 9.5 7.1 10.5 3.5 2 0 3 5 5
-110.0 2506.4 -19.5 102 0 7.6 9.5 10.5 3.5 2 1 3 1 1
-352.6 2826.9 -14.5 196 0 10.3 7.3 10.5 3.5 4 0 3 4 4
-350.0 2846.2 -14.8 197 0 12.5 10.9 14.0 3.5 2 0 4 5 5
-311.6 2846.9 -15.2 16 0 10.3 7.3 10.5 3.5 2 0 3 0 0
-312.6 2884.1 -15.4 275 0 9.3 12.4 10.5 3.5 2 1 3 5 5
-368.8 2655.8 -14.2 16 0 10.3 7.3 10.5 3.5 2 0 3 0 0
-439.4 2707.2 -13.5 196 0 10.3 7.3 10.5 3.5 2 0 3 0 0
-436.1 2719.7 -13.5 196 0 10.3 7.3 10.5 3.5 2 0 3 4 4
-517.6 2411.3 -12.2 210 0 8.9 6.2 10.5 3.5 2 0 3 1 1
-541.6 2411.0 -12.4 194 0 8.4 8.5 10.5 3.5 2 1 3 3 3
-541.3 2297.4 -12.8 94 0 11.5 21.4 14.0 3.5 2 1 4 5 5
-626.5 2376.4 -12.4 279 0 15.0 9.1 10.5 3.5 2 0 3 5 5
-2795.1 477.9 -7.9 306 0 14.9 20.6 5.0 2.5 2 1 2 4 4
-2751.8 460.0 -10.7 298 0 29.3 12.0 5.0 2.5 2 0 2 1 1
-2769.8 449.0 -10.3 302 0 13.2 27.0 5.0 2.5 2 1 2 0 0
-2767.0 419.5 -11.7 299 0 12.7 19.0 5.0 2.5 2 1 2 5 5
-2799.8 415.4 -11.1 209 0 25.3 12.2 5.0 2.5 2 0 2 1 1
-2840.1 382.1 -10.7 122 0 37.5 12.6 5.0 2.5 2 0 2 2 2
-2806.2 369.0 -11.9 123 0 7.8 13.2 5.0 2.5 2 1 2 2 2
-2782.9 384.9 -12.7 113 0 16.0 14.1 5.0 2.5 2 0 2 3 3
-2791.5 361.6 -13.0 121 0 18.0 11.1 5.0 2.5 2 0 2 5 5
-2768.2 344.9 -13.9 121 0 34.0 12.7 5.0 2.5 2 0 2 0 0
-2743.9 330.8 -14.1 122 0 13.4 16.4 5.0 2.5 2 1 2 5 5
-2714.4 366.0 -14.3 30 0 53.0 9.6 5.0 2.5 4 0 2 3 3
-2700.4 417.7 -14.4 265 0 12.6 24.1 5.0 2.5 2 1 2 2 2
-2717.0 429.2 -13.0 299 0 26.2 9.6 5.0 2.5 4 0 2 3 3
-4117.6 -2336.6 -9.3 315 0 8.4 12.1 5.0 0.0 0 1 2 5 5
-4104.2 -2348.6 -9.1 323 0 13.8 17.4 5.0 2.5 2 1 2 5 5
-4097.1 -2364.4 -8.8 319 0 8.1 17.4 5.0 2.5 2 1 2 2 2
-4070.1 -2399.6 -8.1 317 0 7.6 11.1 5.0 2.5 2 1 2 2 2
-4034.8 -2411.4 -12.9 228 0 10.2 10.2 5.0 2.5 2 1 2 1 1
-4047.2 -2428.9 -14.1 138 0 10.2 13.3 5.0 2.5 2 1 2 0 0
-4042.9 -2374.8 -10.7 135 0 13.7 38.6 5.0 2.5 2 1 2 2 2
-4003.1 -2333.9 -10.6 310 0 10.5 11.5 5.0 2.5 2 1 2 0 0
-4015.3 -2308.5 -10.2 330 0 37.4 10.5 5.0 0.0 0 0 2 3 3
-4041.8 -2287.6 -10.4 237 0 25.5 9.8 5.0 2.5 2 0 2 3 3
-4064.5 -2292.9 -9.7 229 0 8.6 5.4 5.0 2.5 2 0 2 2 2
-4067.3 -2303.7 -9.5 240 0 22.2 11.3 5.0 2.5 2 0 2 0 0
-4100.5 -2331.0 -9.4 148 0 11.5 24.9 5.0 0.0 0 1 2 2 2
-4082.7 -2358.4 -8.9 150 0 38.3 12.0 5.0 2.5 2 0 2 2 2
-331.4 2192.2 -15.1 102 0 31.5 30.0 17.5 0.0 0 0 5 1 1
