-6221.1 6876.7 -7.1 232 0 8.2 6.4 5.0 2.5 2 0 2 0 0
-6129.3 6922.8 -8.4 57 0 10.0 5.1 5.0 2.5 2 0 2 1 1
-6093.3 6957.4 -7.6 55 0 11.4 10.6 5.0 2.5 2 0 2 4 4
-6216.7 6905.4 -7.9 64 0 10.5 9.3 2.5 2.5 2 0 1 5 5
-6160.2 6919.6 -8.2 232 0 9.4 8.1 5.0 2.5 2 0 2 2 2
-6138.2 6935.3 -8.7 236 0 12.8 8.3 5.0 2.5 2 0 2 1 1
-6589.9 6791.7 -7.9 236 0 34.0 10.1 5.0 0.0 0 0 2 5 5
-6270.8 6857.2 -6.7 54 0 8.1 12.4 2.5 2.5 2 1 1 3 3
-6610.5 6770.8 -7.9 146 0 7.5 7.3 5.0 2.5 2 0 2 3 3
-6369.8 6952.5 -8.7 253 0 8.4 6.9 2.5 2.5 2 0 1 5 5
-6321.6 6837.9 -6.7 60 0 9.1 7.3 2.5 2.5 2 0 1 3 3
-6383.5 6838.6 -5.7 152 0 7.0 7.5 2.5 0.0 0 1 1 1 1
-6450.0 6887.9 -6.9 251 0 9.8 8.5 5.0 2.5 2 0 2 2 2
-6551.2 6818.1 -7.8 238 0 26.3 11.5 5.0 2.5 2 0 2 1 1
-6354.5 6836.3 -6.4 146 0 7.3 6.0 2.5 2.5 2 0 1 1 1
-6549.6 6837.4 -7.3 239 0 11.4 10.0 5.0 2.5 2 0 2 5 5
-6372.7 6822.3 -5.3 68 0 12.2 7.5 2.5 2.5 2 0 1 4 4
-6581.9 6754.0 -8.2 145 0 9.2 17.5 5.0 2.5 2 1 2 4 4
-6360.4 6809.3 -4.8 335 0 8.2 11.3 5.0 2.5 2 1 2 2 2
-6350.1 6956.1 -8.7 341 0 9.9 7.8 2.5 2.5 4 0 1 5 5
-6280.2 6840.0 -6.4 229 0 8.6 6.7 5.0 2.5 2 0 2 4 4
