6140.1 -3185.8 -2.2 4 0 17.0 16.6 7.5 2.5 2 0 3 4 4
6138.9 -3252.1 -1.5 5 0 13.8 12.4 7.5 2.5 2 0 3 5 5
6132.8 -3315.1 -2.3 0 0 9.2 10.7 2.5 2.5 2 1 1 1 1
6122.3 -3348.2 -3.4 5 0 10.5 6.9 7.5 2.5 2 0 3 1 1
6133.1 -3373.9 -2.8 357 0 11.7 11.8 7.5 2.5 2 1 3 3 3
6121.2 -3390.0 -3.9 0 0 8.7 8.6 5.0 2.5 2 0 2 3 3
6138.5 -3430.0 -2.4 359 0 12.8 11.5 2.5 2.5 2 0 1 2 2
6117.1 -3483.9 -5.1 5 0 12.6 9.6 5.0 2.5 2 0 2 5 5
6138.3 -3494.7 -2.6 6 0 10.8 9.1 5.0 2.5 2 0 2 5 5
6116.6 -3520.7 -5.2 5 0 12.6 7.3 7.5 2.5 2 0 3 4 4
6122.1 -3564.0 -5.4 12 0 8.8 11.8 7.5 2.5 2 1 3 1 1
6109.5 -3599.4 -6.2 190 0 12.1 9.4 7.5 2.5 2 0 3 5 5
6125.4 -3644.6 -3.2 103 0 12.9 8.2 2.5 2.5 2 0 1 2 2
