-6393.8 6926.2 -15.6 12 0 8.8 12.1 2.5 2.5 2 1 1 5 5
-6404.1 6886.1 -13.1 0 0 8.4 14.8 7.5 2.5 2 1 3 5 5
-6396.8 6811.9 -17.3 1 0 14.3 9.6 2.5 2.5 2 0 1 1 1
-6441.5 6809.9 -6.5 192 0 8.8 12.8 7.5 2.5 2 1 3 5 5
-6448.9 6781.1 -5.5 188 0 18.1 10.5 7.5 2.5 2 0 3 2 2
-6439.0 6760.3 -8.7 190 0 8.8 13.7 5.0 2.5 2 1 2 3 3
-6366.6 6735.1 -21.3 353 0 16.3 7.2 2.5 2.5 2 0 1 5 5
-6357.6 6658.5 -20.8 4 0 11.7 8.8 5.0 2.5 2 0 2 5 5
-6354.7 6579.4 -13.1 2 0 9.2 11.6 5.0 2.5 2 1 2 2 2
-6310.3 6525.1 -20.9 282 0 8.2 13.1 7.5 2.5 2 1 3 3 3
-6850.5 -3109.2 -15.9 220 0 11.0 5.3 2.5 2.5 2 0 1 4 4
-6875.0 -3133.8 -11.0 120 0 8.4 5.9 2.5 2.5 2 0 1 3 3
-6870.3 -3146.2 -0.7 214 0 10.5 5.9 2.5 2.5 2 0 1 0 0
-6895.9 -3106.8 -18.4 303 0 6.7 16.3 2.5 2.5 2 1 1 1 1
-6892.5 -3133.2 -14.7 123 0 8.0 15.3 2.5 2.5 2 1 1 1 1
-6897.0 -3150.7 -7.8 285 0 10.2 11.7 2.5 2.5 2 1 1 0 0
-6905.0 -3208.5 -2.1 173 0 12.0 10.5 5.0 2.5 2 0 2 2 2
-6743.8 -1751.6 -7.4 39 0 9.9 5.7 2.5 2.5 2 0 1 0 0
-6750.6 -1640.6 10.8 38 0 12.9 11.3 2.5 2.5 2 0 1 4 4
-6595.6 -1546.5 -1.7 141 0 16.5 7.1 2.5 2.5 2 0 1 4 4
-6581.8 -1575.6 -11.8 142 0 14.4 9.2 2.5 2.5 2 0 1 1 1
-6592.8 -1576.5 -9.5 324 0 17.9 8.9 2.5 2.5 2 0 1 4 4
-6640.4 -1603.2 -11.4 226 0 8.5 11.6 2.5 2.5 2 1 1 1 1
-6652.5 -1590.6 -1.7 49 0 8.0 13.3 2.5 2.5 2 1 1 0 0
-6660.7 -1600.7 -0.5 50 0 9.1 13.9 2.5 2.5 2 1 1 0 0
-6643.6 -1618.0 -16.1 224 0 9.9 12.4 2.5 2.5 2 1 1 5 5
-6664.4 -1627.3 -1.2 34 0 9.6 12.3 2.5 2.5 2 1 1 5 5
-6661.5 -1633.3 -10.7 214 0 9.0 12.2 2.5 2.5 2 1 1 0 0
-6670.0 -1646.2 -12.1 214 0 9.1 13.0 2.5 2.5 2 1 1 1 1
-6687.7 -1656.5 -4.5 34 0 11.3 9.8 2.5 2.5 2 0 1 0 0
-6744.2 -1665.6 -4.5 214 0 10.5 22.2 2.5 2.5 2 1 1 0 0
-6699.5 -1670.4 -5.7 34 0 9.3 18.5 2.5 2.5 2 1 1 2 2
-6697.6 -1696.9 -15.8 214 0 11.1 14.3 2.5 2.5 2 1 1 0 0
-6707.0 -1708.2 -17.0 214 0 11.8 19.1 2.5 2.5 2 1 1 4 4
-6720.6 -1725.1 -15.6 214 0 8.5 17.6 2.5 2.5 2 1 1 1 1
-6726.8 -1735.4 -17.9 214 0 10.3 23.6 2.5 2.5 2 1 1 2 2
-6735.8 -1749.8 -16.2 214 0 10.1 19.3 2.5 2.5 2 1 1 5 5
-6755.9 -1783.3 -13.9 207 0 20.6 15.5 2.5 2.5 2 0 1 3 3
-6767.6 -1809.1 -13.8 207 0 17.1 13.7 2.5 2.5 2 0 1 1 1
