2243.6 737.2 -3.0 150 0 13.7 18.4 5.0 2.5 2 1 2 0 0
1902.0 1226.0 0.6 206 0 9.6 18.3 2.5 2.5 2 1 1 2 2
2004.2 1239.5 -0.6 338 0 10.3 20.3 2.5 2.5 2 1 1 4 4
1981.5 1264.7 -0.3 358 0 17.2 10.2 2.5 2.5 2 0 1 3 3
1994.4 1250.8 -0.5 340 0 12.5 18.3 2.5 0.0 0 1 1 5 5
1986.8 1311.9 -0.0 29 0 9.2 7.8 2.5 2.5 2 0 1 2 2
2004.0 1289.5 -0.3 21 0 18.6 8.5 2.5 2.5 2 0 1 0 0
1985.5 1298.7 -0.1 23 0 14.9 8.9 2.5 2.5 2 0 1 4 4
1961.2 1305.8 0.1 25 0 14.8 16.1 2.5 2.5 2 1 1 5 5
1930.7 1331.8 1.1 295 0 14.2 11.5 2.5 2.5 2 0 1 2 2
1891.0 1331.6 4.4 116 0 14.1 13.6 2.5 0.0 0 0 1 0 0
1867.9 1404.5 3.0 299 0 12.1 8.1 2.5 2.5 2 0 1 3 3
1819.5 1367.9 4.5 116 0 11.6 12.5 2.5 2.5 2 1 1 3 3
1777.8 1382.8 4.3 120 0 9.9 9.4 2.5 2.5 2 0 1 0 0
1761.2 1392.8 3.9 123 0 13.8 8.9 2.5 2.5 2 0 1 3 3
1746.7 1401.2 3.6 124 0 10.0 8.4 2.5 2.5 2 0 1 2 2
1668.7 1383.7 4.1 114 0 12.1 24.8 2.5 2.5 2 1 1 5 5
1744.1 1341.3 5.3 125 0 11.2 36.1 2.5 2.5 2 1 1 3 3
1788.3 1342.9 6.0 124 0 8.7 11.8 2.5 2.5 2 1 1 5 5
1823.2 1334.9 6.3 118 0 13.1 7.7 2.5 2.5 2 0 1 1 1
1872.0 1307.1 5.4 117 0 11.1 11.9 2.5 2.5 2 1 1 3 3
1887.4 1297.9 3.8 116 0 9.4 14.1 2.5 2.5 2 1 1 1 1
1906.3 1292.6 2.0 114 0 9.8 13.5 2.5 2.5 2 1 1 5 5
1935.9 1254.3 -0.2 115 0 7.6 12.3 2.5 2.5 2 1 1 4 4
1957.1 1237.6 -0.5 59 0 13.0 10.7 2.5 2.5 2 0 1 5 5
1987.8 1193.6 -0.7 63 0 12.9 14.7 2.5 2.5 2 1 1 2 2
1971.2 1184.7 -0.8 63 0 14.1 17.8 2.5 2.5 2 1 1 4 4
1952.1 1186.6 -0.8 336 0 10.6 13.5 2.5 2.5 2 1 1 4 4
1925.2 1161.1 -0.2 63 0 9.0 8.7 2.5 2.5 2 0 1 3 3
1897.4 1200.3 1.0 211 0 8.8 8.4 2.5 2.5 2 0 1 3 3
1879.8 1178.4 1.6 207 0 9.9 13.3 2.5 2.5 2 1 1 3 3
1867.7 1149.1 2.3 117 0 13.0 18.6 2.5 2.5 2 1 1 5 5
1863.0 1133.8 2.0 202 0 9.2 10.8 2.5 2.5 2 1 1 4 4
1905.1 1136.7 0.6 124 0 15.0 10.2 2.5 2.5 2 0 1 2 2
2273.0 781.6 -4.1 329 0 12.0 31.2 10.0 2.5 2 1 4 2 2
2308.5 708.9 -2.5 325 0 12.9 22.5 7.5 2.5 2 1 3 1 1
2318.8 736.0 -3.4 327 0 10.3 14.4 5.0 0.0 0 1 2 0 0
2316.7 753.6 -3.7 328 0 10.8 22.6 5.0 2.5 2 0 2 2 2
2297.5 741.7 -3.7 329 0 10.9 32.1 12.5 2.5 2 0 5 3 3
2970.8 -1024.9 -1.4 174 0 29.4 10.6 2.5 2.5 2 0 1 1 1
3074.2 -810.9 1.4 0 0 8.4 17.2 5.0 2.5 2 1 2 3 3
3077.3 -830.3 1.2 270 0 11.0 9.3 5.0 0.0 0 0 2 4 4
3021.1 -845.2 1.0 0 0 9.0 9.2 2.5 2.5 4 1 1 4 4
3002.1 -969.8 -1.7 0 0 13.4 25.2 2.5 2.5 4 1 1 5 5
3040.4 -904.9 1.2 180 0 9.0 8.0 5.0 2.5 2 0 2 3 3
3041.5 -881.2 1.0 180 0 13.4 8.0 5.0 2.5 2 0 2 2 2
3038.3 -948.3 0.2 180 0 11.0 12.5 5.0 2.5 4 1 2 0 0
3041.3 -1010.1 0.9 180 0 6.9 9.5 5.0 2.5 2 1 2 3 3
3006.6 -998.0 -0.7 0 0 12.5 11.0 2.5 2.5 2 0 1 2 2
2992.0 -1044.6 -0.9 0 0 9.0 9.8 2.5 2.5 2 1 1 1 1
3015.2 -1100.5 0.2 0 0 8.1 4.7 2.5 2.5 4 0 1 3 3
3011.3 -1143.2 -0.2 0 0 12.8 7.4 2.5 2.5 2 0 1 1 1
3018.7 -1169.0 -0.3 0 0 6.0 13.6 2.5 2.5 2 1 1 2 2
3026.1 -1181.9 0.1 0 0 12.5 11.9 2.5 2.5 2 0 1 2 2
3027.6 -1209.0 0.1 0 0 7.2 11.6 2.5 2.5 2 1 1 2 2
3033.5 -1228.3 0.2 0 0 13.4 13.6 2.5 2.5 4 1 1 2 2
3060.2 -1241.4 2.1 180 0 10.4 14.8 5.0 2.5 2 1 2 4 4
3052.5 -1223.1 1.8 180 0 10.7 15.4 5.0 2.5 2 1 2 5 5
3053.4 -1202.3 1.9 180 0 12.2 13.0 5.0 2.5 2 1 2 2 2
3043.6 -1179.6 1.5 180 0 11.0 6.5 5.0 2.5 2 0 2 4 4
3049.8 -1149.8 2.0 180 0 8.7 15.7 5.0 2.5 2 1 2 0 0
3038.6 -1070.4 1.4 180 0 12.8 11.6 5.0 2.5 2 0 2 4 4
3045.1 -1100.4 1.9 180 0 7.8 16.9 5.0 0.0 0 1 2 1 1
3046.6 -1112.5 1.9 180 0 11.0 12.2 5.0 2.5 2 1 2 0 0
3076.5 -1098.6 2.9 180 0 9.5 6.8 5.0 0.0 0 0 2 1 1
3092.5 -1107.3 3.4 180 0 22.7 10.7 5.0 2.5 2 0 2 5 5
3081.3 -1173.2 3.4 180 0 9.5 14.2 5.0 2.5 2 1 2 3 3
3162.5 -1231.1 4.2 0 0 12.5 11.3 5.0 2.5 2 0 2 3 3
3166.1 -1252.5 3.8 0 0 8.7 12.5 5.0 2.5 2 1 2 4 4
3173.5 -1274.4 3.2 0 0 13.1 8.3 5.0 0.0 0 0 2 1 1
3161.6 -1304.8 3.2 0 0 16.1 8.0 5.0 2.5 2 0 2 5 5
3170.2 -1324.7 2.6 0 0 9.3 19.6 5.0 0.0 0 1 2 3 3
3164.6 -1345.1 2.2 0 0 9.0 11.9 5.0 0.0 0 1 2 5 5
3161.3 -1366.2 1.5 0 0 12.8 10.4 5.0 2.5 2 0 2 5 5
3166.8 -1394.3 0.8 350 0 9.1 15.0 5.0 2.5 2 1 2 3 3
3079.6 -1356.6 -0.3 173 0 11.7 14.6 5.0 2.5 2 1 2 3 3
3047.6 -1345.8 -1.0 349 0 9.4 12.8 2.5 2.5 2 1 1 0 0
3047.1 -1368.9 -0.9 350 0 10.3 12.6 2.5 2.5 2 1 1 0 0
3042.8 -1390.4 -0.8 354 0 13.5 10.0 2.5 0.0 0 0 1 2 2
3029.8 -1403.2 -0.9 356 0 13.2 6.2 2.5 2.5 4 0 1 1 1
3051.7 -1406.6 -0.6 353 0 9.6 7.3 2.5 2.5 2 0 1 3 3
3088.1 -1407.5 -0.0 177 0 11.4 11.3 5.0 2.5 2 0 2 5 5
3091.2 -1440.5 0.2 178 0 9.9 11.5 5.0 2.5 2 1 2 1 1
3056.7 -1441.5 -0.3 357 0 11.4 6.6 2.5 2.5 4 0 1 2 2
3008.2 -1600.7 -1.3 200 0 7.9 13.4 2.5 2.5 2 1 1 5 5
3095.8 -1575.9 -1.5 338 0 39.5 9.7 2.5 2.5 2 0 1 4 4
3117.6 -1627.6 -1.3 342 0 12.5 10.0 2.5 2.5 2 0 1 2 2
3136.8 -1690.5 -2.6 347 0 10.7 9.8 2.5 2.5 2 0 1 3 3
3149.6 -1718.2 -1.4 348 0 10.4 13.1 2.5 2.5 2 1 1 4 4
3148.0 -1610.7 -1.3 169 0 12.2 20.5 5.0 2.5 2 1 2 4 4
3159.8 -1643.7 -2.2 161 0 9.1 11.1 5.0 2.5 2 1 2 2 2
3165.5 -1683.9 -1.9 162 0 11.9 6.5 5.0 2.5 2 0 2 3 3
3177.7 -1705.5 -1.3 157 0 11.9 10.1 5.0 0.0 0 0 2 5 5
3190.5 -1740.1 0.0 157 0 10.0 8.3 5.0 2.5 2 0 2 4 4
1937.4 2850.4 -0.8 118 0 9.4 12.6 2.5 2.5 2 1 1 2 2
1937.9 2819.4 -0.7 298 0 9.7 9.0 5.0 2.5 2 0 2 2 2
1900.8 2831.5 -2.6 298 0 10.4 11.4 5.0 2.5 2 1 2 5 5
1931.6 2795.7 -0.8 298 0 7.9 12.4 5.0 2.5 2 1 2 3 3
1917.7 2768.1 -0.4 208 0 10.8 13.8 5.0 2.5 2 1 2 2 2
1893.7 2700.4 -0.9 208 0 10.8 17.5 5.0 2.5 2 1 2 2 2
1885.8 2677.8 -1.2 208 0 11.1 9.9 5.0 2.5 4 0 2 2 2
1877.7 2655.0 -7.5 208 0 10.7 10.4 5.0 2.5 2 0 2 1 1
1874.2 2632.1 -6.3 208 0 9.7 8.6 5.0 0.0 0 0 2 0 0
1865.5 2612.3 -4.2 208 0 8.1 8.1 5.0 2.5 2 1 2 5 5
1849.4 2565.3 -2.0 208 0 9.1 9.3 5.0 2.5 2 1 2 1 1
1756.8 2275.3 0.4 28 0 9.1 9.3 5.0 2.5 2 1 2 2 2
1771.7 2303.0 1.4 28 0 12.6 10.8 5.0 2.5 2 0 2 0 0
1790.1 2333.5 1.0 28 0 11.1 17.3 5.0 2.5 2 1 2 5 5
1824.6 2410.0 0.4 28 0 9.4 11.1 5.0 2.5 2 1 2 4 4
1829.7 2438.6 -0.1 28 0 11.7 10.9 5.0 2.5 4 0 2 5 5
1851.4 2462.8 -0.1 28 0 7.6 11.5 5.0 2.5 2 1 2 1 1
1866.3 2489.6 -0.3 28 0 6.2 9.5 5.0 2.5 2 1 2 1 1
1896.8 2544.8 -0.7 28 0 6.3 9.1 5.0 2.5 2 1 2 1 1
1907.8 2575.3 -1.9 28 0 11.0 6.6 5.0 2.5 2 0 2 5 5
1919.7 2600.2 -3.3 29 0 8.5 8.2 5.0 2.5 2 0 2 3 3
1927.5 2631.2 -1.7 28 0 9.3 7.8 5.0 0.0 0 0 2 2 2
1935.6 2658.2 -1.3 28 0 10.3 7.3 5.0 0.0 0 0 2 5 5
1962.4 2681.8 -1.7 28 0 12.3 10.3 5.0 2.5 2 0 2 4 4
2009.6 2799.5 -1.2 298 0 7.8 13.0 5.0 2.5 2 1 2 4 4
1973.7 2739.7 -1.2 28 0 7.0 8.0 5.0 2.5 2 1 2 4 4
1985.9 2734.5 -1.6 28 0 10.7 8.4 5.0 0.0 0 0 2 2 2
2038.9 2723.0 -0.9 208 0 9.3 15.9 2.5 2.5 2 1 1 0 0
2017.3 2685.1 -1.4 208 0 9.3 10.2 2.5 2.5 2 1 1 1 1
2004.3 2666.2 -1.4 209 0 9.8 6.9 2.5 0.0 0 0 1 2 2
1990.7 2636.3 -1.4 208 0 18.5 11.0 2.5 2.5 2 0 1 1 1
1975.7 2607.4 -1.4 208 0 7.8 10.0 2.5 2.5 2 1 1 2 2
1950.1 2558.9 -0.2 208 0 8.7 13.6 2.5 2.5 2 1 1 1 1
1934.6 2528.9 0.6 208 0 10.6 9.5 2.5 2.5 2 0 1 2 2
1874.7 2418.9 1.6 208 0 9.4 15.5 2.5 2.5 4 1 1 0 0
1906.3 2475.5 1.1 208 0 9.1 9.3 2.5 0.0 0 1 1 5 5
1864.3 2393.8 1.8 208 0 6.6 12.3 2.5 2.5 2 1 1 4 4
1845.5 2366.7 1.9 208 0 12.8 29.2 2.5 2.5 2 1 1 1 1
1834.4 2338.4 2.2 208 0 8.2 10.1 2.5 2.5 2 1 1 2 2
1807.6 2287.5 2.6 208 0 9.1 14.3 2.5 2.5 2 1 1 0 0
1776.2 2233.5 2.9 208 0 9.2 13.3 2.5 2.5 2 1 1 0 0
1761.3 2202.0 1.4 208 0 9.0 9.7 2.5 0.0 0 1 1 4 4
1752.8 2178.8 2.2 298 0 9.6 8.8 2.5 2.5 2 0 1 2 2
1438.7 1866.5 -3.4 229 0 15.0 7.7 5.0 2.5 2 0 2 5 5
1409.4 1810.1 -5.9 190 0 10.9 18.1 2.5 2.5 2 1 1 1 1
1405.6 1782.2 -5.1 112 0 10.4 8.7 7.5 2.5 2 0 3 5 5
1593.2 1638.3 4.6 148 0 15.9 15.1 2.5 2.5 2 0 1 3 3
1538.2 1605.3 4.6 155 0 11.1 11.4 2.5 2.5 2 1 1 0 0
1568.2 1586.9 3.3 300 0 13.4 7.1 2.5 2.5 4 0 1 0 0
1640.3 1637.3 4.2 300 0 12.0 10.7 2.5 2.5 2 0 1 4 4
1653.4 1492.0 4.0 300 0 21.6 11.4 2.5 0.0 0 0 1 2 2
1752.9 1561.6 1.8 120 0 9.3 10.2 2.5 2.5 2 1 1 3 3
1797.3 1430.8 2.3 300 0 12.2 10.5 2.5 2.5 2 0 1 3 3
1783.0 1494.3 0.2 300 0 8.3 18.9 2.5 2.5 2 1 1 3 3
1821.7 1524.1 0.0 120 0 14.8 12.3 2.5 2.5 2 0 1 2 2
1849.7 1510.9 0.2 120 0 10.3 13.1 2.5 2.5 4 1 1 1 1
1881.0 1496.6 0.7 120 0 8.7 12.3 2.5 2.5 2 1 1 0 0
1923.2 1477.8 1.0 120 0 10.1 8.6 2.5 2.5 2 0 1 2 2
1906.5 1487.1 0.9 120 0 10.0 11.3 2.5 2.5 2 1 1 3 3
1835.7 1469.1 1.0 300 0 11.1 7.5 2.5 2.5 2 0 1 0 0
1858.6 1459.5 1.4 300 0 11.0 9.5 2.5 2.5 2 0 1 0 0
1879.2 1438.1 1.9 300 0 10.1 9.3 2.5 2.5 2 0 1 3 3
1939.5 1429.0 2.3 300 0 9.9 15.0 2.5 2.5 2 1 1 3 3
1959.8 1459.7 1.1 120 0 11.9 13.7 2.5 2.5 2 1 1 0 0
