5773.9 3175.4 -17.8 340 0 11.4 7.7 5.0 2.5 2 0 2 2 2
5751.7 3154.6 -17.2 70 0 14.4 9.9 5.0 2.5 2 0 2 1 1
5740.1 3119.0 -17.0 250 0 8.4 15.0 5.0 2.5 2 1 2 5 5
5731.0 3140.4 -17.5 70 0 9.9 13.2 5.0 2.5 2 1 2 0 0
5678.0 3148.4 -22.1 250 0 12.5 10.0 5.0 2.5 2 0 2 5 5
5662.1 3154.0 -23.5 249 0 6.0 12.1 5.0 2.5 2 1 2 0 0
5651.9 3116.2 -25.4 340 0 10.4 13.0 5.0 0.0 0 1 2 0 0
5652.7 3006.7 -17.5 160 0 8.8 10.5 5.0 2.5 2 1 2 1 1
5652.9 3068.4 -25.1 340 0 9.1 8.7 5.0 2.5 2 0 2 1 1
5696.8 3102.1 -20.9 250 0 7.8 15.2 5.0 2.5 2 1 2 0 0
5699.4 3058.0 -20.3 160 0 8.1 12.5 5.0 2.5 2 1 2 4 4
5706.5 3036.4 -16.0 160 0 9.7 9.0 5.0 2.5 2 0 2 1 1
5694.2 3025.7 -15.2 160 0 12.3 12.1 5.0 2.5 2 0 2 1 1
5712.4 3015.3 -11.3 160 0 8.6 11.1 5.0 2.5 2 1 2 1 1
3830.7 5356.0 0.8 17 0 9.5 8.5 2.5 2.5 2 0 1 3 3
3770.2 5344.0 -2.0 197 0 6.7 17.5 7.5 2.5 2 1 3 5 5
3822.7 5328.6 0.7 17 0 9.3 9.9 7.5 2.5 2 1 3 0 0
3820.9 5305.3 0.5 17 0 13.7 17.8 2.5 2.5 2 1 1 4 4
3809.7 5274.8 0.6 17 0 11.4 13.6 7.5 2.5 4 1 3 1 1
3804.6 5248.9 -0.2 17 0 9.4 21.0 7.5 2.5 2 1 3 3 3
3716.6 5185.0 2.1 197 0 6.8 16.8 5.0 2.5 2 1 2 5 5
3710.5 5138.5 2.9 107 0 11.8 7.1 7.5 2.5 4 0 3 2 2
3765.3 5135.2 0.5 17 0 9.1 18.6 2.5 2.5 2 1 1 2 2
4962.8 1089.5 32.6 19 0 9.4 17.3 7.5 2.5 4 1 3 1 1
5057.7 1065.5 17.4 178 0 16.3 13.8 5.0 2.5 2 0 2 4 4
5019.4 1071.8 21.9 88 0 7.4 18.0 5.0 2.5 2 1 2 4 4
5020.1 1038.8 6.4 268 0 8.4 13.2 5.0 2.5 2 1 2 5 5
5052.6 1038.8 9.7 178 0 11.1 9.2 5.0 2.5 4 0 2 5 5
5046.8 1015.8 5.3 178 0 8.2 14.2 5.0 2.5 2 1 2 0 0
5043.8 986.9 3.6 178 0 8.3 13.6 5.0 2.5 2 1 2 1 1
5039.6 960.8 2.3 178 0 8.5 13.6 5.0 2.5 2 1 2 2 2
5044.0 938.5 -0.3 178 0 10.6 14.6 5.0 2.5 2 1 2 0 0
4985.7 931.0 -7.9 88 0 8.1 12.9 5.0 2.5 2 1 2 4 4
4981.1 914.9 -6.7 268 0 12.4 16.6 2.5 2.5 2 1 1 0 0
5002.5 868.7 -2.8 358 0 8.6 10.9 2.5 2.5 2 1 1 2 2
5026.3 856.3 -2.8 358 0 12.5 11.6 2.5 2.5 2 0 1 4 4
5038.1 853.3 -2.5 178 0 10.1 10.7 5.0 2.5 2 1 2 5 5
5037.8 837.0 -1.3 178 0 9.9 10.9 5.0 2.5 2 1 2 3 3
5854.6 220.8 -21.8 100 0 10.7 13.3 2.5 2.5 2 1 1 3 3
5964.3 166.4 -20.7 29 0 13.3 11.6 5.0 2.5 2 0 2 5 5
6196.4 39.5 -24.5 354 0 8.7 7.9 2.5 2.5 2 0 1 1 1
6128.0 54.8 -24.4 260 0 9.1 10.9 5.0 2.5 2 1 2 0 0
6193.7 23.6 -24.9 352 0 8.4 16.7 2.5 2.5 2 1 1 4 4
6195.5 -25.9 -25.3 357 0 10.2 11.0 2.5 0.0 0 1 1 5 5
6118.9 -73.1 -24.5 182 0 10.2 10.9 5.0 2.5 2 1 2 5 5
6125.7 -98.4 -24.4 176 0 12.0 11.2 5.0 2.5 2 0 2 1 1
6143.4 -110.4 -24.5 346 0 7.7 13.1 5.0 2.5 2 1 2 0 0
6125.6 -134.5 -24.8 180 0 11.9 19.9 5.0 2.5 2 1 2 5 5
6189.3 -99.2 -24.9 177 0 11.1 13.3 2.5 2.5 4 1 1 2 2
6239.2 -183.7 -24.8 336 0 9.5 8.7 2.5 2.5 2 0 1 5 5
6168.7 -213.6 -24.7 152 0 20.9 10.0 5.0 2.5 2 0 2 4 4
6208.0 -226.9 -24.2 331 0 19.3 10.0 5.0 2.5 2 0 2 0 0
6227.0 -259.0 -22.2 331 0 12.5 12.1 5.0 2.5 4 0 2 4 4
6215.2 -286.9 -20.4 143 0 10.7 11.9 5.0 2.5 2 1 2 0 0
6330.5 -431.4 -19.4 143 0 7.6 10.8 5.0 2.5 2 1 2 2 2
6374.9 -379.1 -23.4 142 0 11.7 6.9 2.5 2.5 2 0 1 4 4
6407.0 -397.5 -23.6 316 0 7.3 12.4 2.5 2.5 2 1 1 3 3
6765.6 -3223.8 -25.8 271 0 17.3 12.2 2.5 2.5 4 0 1 5 5
6811.0 -3073.8 -35.0 312 0 7.9 15.4 5.0 2.5 2 1 2 2 2
6838.8 -3085.9 -37.3 105 0 8.1 10.5 2.5 2.5 2 1 1 0 0
6860.9 -3074.0 -38.6 290 0 8.6 15.4 2.5 2.5 2 1 1 4 4
6906.4 -3172.3 -28.1 358 0 7.2 7.6 5.0 2.5 2 1 2 5 5
6883.1 -3180.4 -27.3 95 0 7.3 7.5 5.0 0.0 0 1 2 2 2
6854.3 -3104.6 -33.5 303 0 8.8 9.2 5.0 2.5 2 1 2 0 0
6841.7 -3112.0 -33.3 303 0 16.2 6.5 5.0 2.5 2 0 2 3 3
6881.3 -3079.4 -38.7 303 0 9.6 21.8 2.5 0.0 0 1 1 3 3
6891.0 -3086.5 -38.4 303 0 5.0 20.2 2.5 0.0 0 1 1 0 0
6889.1 -3111.7 -37.0 123 0 10.9 17.4 2.5 2.5 2 1 1 3 3
6909.0 -3103.4 -36.9 303 0 5.7 14.8 2.5 2.5 2 1 1 2 2
6889.8 -3130.7 -31.1 300 0 7.5 17.2 5.0 2.5 2 1 2 5 5
6897.5 -3155.3 -30.0 19 0 14.5 7.2 5.0 2.5 2 0 2 3 3
6876.0 -3212.9 -23.0 244 0 13.7 13.6 2.5 0.0 0 0 1 5 5
6855.4 -3218.4 -24.3 255 0 10.6 14.8 2.5 2.5 2 1 1 1 1
6815.9 -3230.2 -25.8 263 0 14.2 9.6 2.5 0.0 0 0 1 3 3
6791.2 -3154.7 -30.3 174 0 9.0 15.5 5.0 0.0 0 1 2 1 1
6825.9 -3132.4 -31.7 268 0 9.7 15.2 5.0 2.5 2 1 2 5 5
6842.7 -3137.3 -31.4 274 0 12.0 11.7 5.0 2.5 2 0 2 4 4
6853.3 -3178.2 -29.8 87 0 14.7 18.5 5.0 2.5 2 1 2 5 5
6807.6 -3193.4 -28.4 80 0 8.9 12.7 5.0 2.5 2 1 2 2 2
6789.9 -3199.8 -27.9 81 0 10.2 16.3 5.0 2.5 2 1 2 4 4
6797.2 -3111.3 -32.8 317 0 12.4 17.0 5.0 0.0 0 1 2 4 4
6775.9 -3042.8 -33.4 327 0 11.6 12.5 5.0 2.5 4 1 2 3 3
6656.9 -2849.1 -25.5 19 0 17.0 14.2 2.5 2.5 2 0 1 3 3
6631.6 -2914.0 -24.1 19 0 14.1 16.8 2.5 2.5 2 1 1 3 3
6627.5 -2937.9 -23.9 17 0 13.1 10.5 2.5 2.5 2 0 1 5 5
6628.5 -3025.3 -21.4 348 0 11.6 12.6 2.5 2.5 2 1 1 4 4
6637.1 -3042.6 -22.6 347 0 9.2 11.3 2.5 2.5 2 1 1 2 2
6655.0 -3109.6 -24.5 347 0 23.5 11.7 2.5 2.5 2 0 1 2 2
6638.3 -3129.8 -23.0 346 0 8.6 7.7 2.5 2.5 2 0 1 1 1
6664.9 -3154.8 -24.5 347 0 18.7 8.3 2.5 2.5 2 0 1 0 0
6704.7 -3238.5 -24.0 301 0 10.2 11.5 2.5 2.5 2 1 1 2 2
6689.2 -3177.1 -26.3 163 0 13.1 19.8 2.5 2.5 2 1 1 3 3
6699.3 -3134.4 -27.4 161 0 10.1 8.7 2.5 0.0 0 0 1 1 1
6720.2 -3109.8 -28.9 337 0 7.7 14.1 2.5 0.0 0 1 1 3 3
6679.0 -3096.5 -27.6 163 0 10.6 17.9 2.5 2.5 2 1 1 4 4
6686.4 -3024.4 -28.2 342 0 7.8 15.3 2.5 2.5 2 1 1 4 4
6710.0 -3010.8 -29.8 248 0 10.5 12.1 5.0 0.0 0 1 2 5 5
6725.6 -2987.7 -32.1 76 0 34.2 6.9 2.5 2.5 2 0 1 3 3
6737.6 -2963.7 -36.4 343 0 21.2 7.2 2.5 2.5 2 0 1 2 2
6709.9 -2970.5 -28.5 343 0 19.1 8.6 2.5 2.5 2 0 1 0 0
6724.4 -2911.2 -38.4 349 0 10.7 12.9 2.5 2.5 2 1 1 3 3
6687.5 -2919.8 -27.9 80 0 10.5 17.6 5.0 2.5 4 1 2 2 2
6670.8 -2922.5 -26.9 82 0 12.8 21.1 5.0 2.5 2 1 2 1 1
6660.1 -2798.0 -24.2 4 0 15.6 10.2 2.5 0.0 0 0 1 3 3
6692.8 -2882.7 -28.4 351 0 13.3 8.1 5.0 2.5 2 0 2 1 1
6688.9 -2824.0 -31.7 168 0 7.9 14.1 2.5 2.5 2 1 1 2 2
6688.3 -2792.7 -29.7 168 0 7.2 10.3 2.5 2.5 2 1 1 2 2
6686.1 -2813.8 -29.9 168 0 5.7 11.8 2.5 2.5 2 1 1 2 2
6698.2 -2850.3 -36.3 168 0 9.8 14.2 2.5 2.5 2 1 1 2 2
6724.4 -2818.8 -38.8 348 0 8.9 15.5 2.5 2.5 4 1 1 4 4
6715.3 -2790.9 -35.0 348 0 9.8 12.4 2.5 2.5 2 1 1 5 5
6700.2 -2774.4 -31.9 168 0 6.9 12.1 2.5 2.5 2 1 1 2 2
6699.8 -2761.1 -28.4 168 0 8.5 10.2 2.5 2.5 2 1 1 4 4
6881.4 -2151.5 -38.0 277 0 11.3 9.6 7.5 2.5 2 0 3 0 0
6857.8 -2169.3 -30.8 170 0 13.3 8.2 7.5 2.5 2 0 3 4 4
6632.1 -5524.5 -33.2 297 0 12.1 9.7 5.0 2.5 2 0 2 1 1
6593.1 -5528.3 -26.3 27 0 7.6 8.5 5.0 0.0 0 1 2 0 0
6585.4 -5488.6 -20.8 297 0 10.0 14.7 5.0 2.5 2 1 2 1 1
6570.2 -5509.9 -23.0 207 0 14.7 13.3 5.0 2.5 2 0 2 5 5
6586.0 -5551.8 -28.1 27 0 11.6 7.8 5.0 2.5 2 0 2 3 3
6551.5 -5560.2 -30.6 207 0 10.4 19.4 5.0 0.0 0 1 2 3 3
6530.0 -5602.0 -30.5 207 0 9.7 15.4 5.0 2.5 2 1 2 4 4
6523.5 -5630.0 -31.5 207 0 8.4 15.4 5.0 2.5 2 1 2 1 1
6555.2 -5639.0 -34.8 27 0 25.1 7.4 5.0 2.5 2 0 2 5 5
6570.6 -5657.6 -40.3 207 0 6.8 9.6 7.5 2.5 2 1 3 3 3
6540.4 -5670.5 -36.3 27 0 12.7 11.3 5.0 2.5 2 0 2 5 5
6502.6 -5658.3 -32.4 207 0 18.7 10.4 5.0 2.5 2 0 2 5 5
6512.1 -5595.7 -24.6 25 0 8.5 10.1 5.0 2.5 2 1 2 3 3
6499.0 -5618.8 -24.5 32 0 11.2 8.3 5.0 2.5 2 0 2 3 3
6461.7 -5600.1 -21.2 208 0 8.8 18.6 5.0 2.5 4 1 2 0 0
6447.2 -5634.8 -25.7 209 0 14.7 11.5 5.0 2.5 2 0 2 0 0
6470.6 -5676.9 -28.6 24 0 12.0 10.3 5.0 2.5 2 0 2 2 2
6457.2 -5699.6 -28.7 27 0 12.0 10.2 5.0 2.5 2 0 2 1 1
6468.0 -5732.1 -33.0 206 0 9.6 14.7 5.0 2.5 2 1 2 3 3
6442.0 -5727.0 -28.0 29 0 9.9 8.6 5.0 2.5 2 0 2 5 5
6431.6 -5748.2 -27.7 26 0 14.9 9.4 5.0 2.5 2 0 2 1 1
6444.1 -5774.2 -29.1 202 0 11.9 8.9 5.0 2.5 2 0 2 2 2
6399.2 -5785.4 -20.9 17 0 11.5 15.0 2.5 2.5 2 1 1 5 5
6421.3 -5805.1 -25.0 181 0 12.5 14.3 5.0 0.0 0 1 2 4 4
6420.8 -5838.2 -24.3 200 0 7.0 12.9 5.0 2.5 2 1 2 2 2
6467.5 -5862.5 -29.0 104 0 10.7 20.3 5.0 2.5 4 1 2 3 3
6489.5 -5866.1 -30.5 119 0 12.8 10.5 5.0 2.5 2 0 2 4 4
6494.2 -5905.7 -28.9 316 0 9.8 24.4 2.5 2.5 4 1 1 4 4
6507.3 -5920.1 -29.5 314 0 14.3 18.9 2.5 2.5 4 1 1 2 2
6524.1 -5872.2 -32.5 313 0 11.4 9.0 5.0 2.5 2 0 2 3 3
6553.3 -5891.1 -33.4 317 0 12.1 18.7 5.0 2.5 2 1 2 5 5
6562.6 -5989.3 -27.3 42 0 11.6 12.7 2.5 2.5 2 1 1 4 4
6584.5 -5956.2 -29.4 46 0 7.4 13.4 5.0 2.5 2 1 2 2 2
6616.9 -5956.4 -27.0 147 0 7.1 7.9 5.0 2.5 2 1 2 2 2
6646.2 -5941.4 -27.7 324 0 7.7 9.6 2.5 2.5 2 1 1 5 5
