-3419.7 4504.1 0.9 176 0 13.8 10.8 2.5 2.5 2 0 1 4 4
-3413.8 4483.9 0.4 274 0 12.1 17.6 7.5 2.5 2 1 3 3 3
-3441.2 4471.5 -0.9 0 0 16.7 10.4 2.5 2.5 2 0 1 4 4
-3545.7 4501.7 -2.2 271 0 18.5 14.3 10.0 2.5 2 0 4 3 3
-3608.0 4487.5 -2.9 234 0 10.4 6.2 7.5 2.5 2 0 3 1 1
-3600.7 4403.9 -1.8 82 0 8.0 7.2 5.0 2.5 2 0 2 5 5
-3585.0 4416.9 -2.0 75 0 10.1 8.9 2.5 2.5 2 0 1 3 3
-3564.3 4427.6 -2.3 75 0 7.4 12.3 5.0 2.5 2 1 2 3 3
-3546.2 4423.4 -2.3 79 0 9.7 9.5 5.0 2.5 2 0 2 2 2
-3555.7 4412.0 -2.0 71 0 5.7 12.3 7.5 2.5 2 1 3 1 1
-3513.3 4424.7 -2.6 79 0 11.6 10.4 10.0 2.5 2 0 4 5 5
-3484.6 4448.8 -2.9 343 0 9.6 12.1 7.5 2.5 2 1 3 2 2
-3470.2 4413.1 -0.2 335 0 13.3 25.1 10.0 2.5 2 1 4 4 4
-3515.3 4397.6 -1.3 65 0 9.5 10.3 7.5 2.5 2 1 3 3 3
-3530.6 4393.4 -1.6 71 0 12.4 10.5 5.0 2.5 2 0 2 5 5
-3546.5 4383.7 -1.5 73 0 10.7 13.7 2.5 2.5 2 1 1 1 1
-3564.2 4378.9 -1.2 75 0 11.4 15.8 7.5 2.5 2 1 3 2 2
-3586.7 4383.1 -1.2 82 0 13.6 9.0 5.0 2.5 2 0 2 3 3
-3577.9 4376.6 -0.9 349 0 7.9 15.3 5.0 2.5 2 1 2 0 0
-3642.0 4465.9 -3.2 259 0 11.5 12.8 7.5 2.5 2 1 3 5 5
-3679.2 4462.0 -3.4 169 0 7.6 14.8 7.5 2.5 2 1 3 2 2
-3668.9 4444.8 -3.3 260 0 10.1 14.5 10.0 0.0 0 1 4 1 1
-3642.5 4418.4 -2.5 176 0 12.3 20.3 5.0 2.5 2 1 2 2 2
-3596.1 4355.7 -0.8 359 0 11.6 23.6 7.5 2.5 2 1 3 2 2
-3571.8 4353.0 -0.4 2 0 10.7 17.4 5.0 2.5 2 1 2 2 2
-3570.0 4327.7 0.2 0 0 8.1 16.3 7.5 2.5 2 1 3 4 4
-3593.1 4319.4 0.1 359 0 11.0 13.5 7.5 2.5 2 1 3 0 0
-3595.4 4297.8 0.4 89 0 9.8 12.8 7.5 2.5 2 1 3 1 1
-3615.4 4325.0 -0.2 0 0 8.1 16.0 5.0 0.0 0 1 2 1 1
-3639.0 4353.7 -1.3 75 0 13.1 20.3 10.0 2.5 4 1 4 1 1
-3659.5 4373.9 -1.5 255 0 9.5 25.0 7.5 2.5 2 1 3 3 3
-3711.2 4430.0 -3.5 172 0 9.9 18.3 5.0 2.5 2 1 2 5 5
-3700.6 4387.8 -2.2 253 0 6.2 12.5 2.5 2.5 2 1 1 1 1
-3735.7 4298.8 -0.8 82 0 12.1 10.5 5.0 2.5 2 0 2 5 5
-3708.6 4302.3 -0.8 82 0 11.2 12.0 7.5 2.5 2 1 3 1 1
-3682.3 4284.3 -0.2 80 0 11.0 13.3 2.5 2.5 2 1 1 0 0
-3809.8 4360.4 -4.7 265 0 13.5 11.4 5.0 2.5 2 0 2 3 3
-3786.8 4332.8 -2.8 165 0 9.7 32.6 7.5 2.5 2 1 3 3 3
-3787.1 4326.3 -3.3 255 0 17.7 9.0 7.5 0.0 0 0 3 2 2
-3808.0 4336.1 -4.0 253 0 9.3 17.8 7.5 2.5 2 1 3 4 4
-3827.7 4327.9 -5.0 255 0 7.3 16.1 5.0 2.5 2 1 2 3 3
-3826.3 4297.4 -4.9 169 0 14.0 15.0 7.5 2.5 2 1 3 3 3
-3843.9 4333.2 -5.7 259 0 8.2 40.5 7.5 2.5 4 1 3 0 0
-3828.1 4260.4 -5.2 183 0 14.9 12.1 5.0 2.5 2 0 2 1 1
-3781.4 4257.5 -2.8 82 0 14.9 11.8 7.5 2.5 2 0 3 3 3
-3881.0 -6682.6 -5.8 339 0 17.3 17.8 7.5 2.5 2 1 3 3 3
-3906.9 -6715.5 -6.4 156 0 12.0 20.9 10.0 2.5 2 1 4 4 4
-3897.5 -6734.8 -6.3 157 0 16.2 9.2 2.5 2.5 2 0 1 5 5
-3865.5 -6720.1 -5.7 332 0 9.5 16.5 2.5 2.5 2 1 1 0 0
-3850.8 -6730.7 -6.2 338 0 12.2 17.4 5.0 2.5 2 1 2 4 4
-3869.2 -6756.6 -6.0 162 0 13.8 15.6 5.0 2.5 4 1 2 3 3
-3859.2 -6773.4 -6.1 153 0 5.6 11.7 7.5 2.5 2 1 3 3 3
-3830.8 -6788.8 -6.5 341 0 7.5 8.4 5.0 0.0 0 1 2 0 0
-3819.4 -6760.8 -7.1 336 0 6.5 12.9 7.5 2.5 2 1 3 2 2
-3804.0 -6764.0 -7.6 331 0 7.5 14.9 5.0 2.5 2 1 2 2 2
-3818.5 -6781.5 -6.9 342 0 7.8 5.6 2.5 2.5 2 0 1 3 3
-3803.5 -6786.7 -7.5 337 0 8.4 19.7 5.0 2.5 2 1 2 3 3
-3823.5 -6798.9 -6.7 338 0 9.6 9.0 7.5 2.5 2 0 3 4 4
-3821.2 -6812.2 -6.7 341 0 8.2 11.4 7.5 0.0 0 1 3 5 5
-3852.6 -6816.8 -6.0 160 0 19.1 12.6 7.5 2.5 4 0 3 5 5
-3831.9 -6828.5 -6.6 158 0 6.4 12.1 5.0 2.5 2 1 2 4 4
-3826.2 -6837.3 -6.7 164 0 6.5 9.6 2.5 2.5 2 1 1 4 4
-3788.0 -6827.6 -7.8 333 0 8.0 10.0 7.5 2.5 4 1 3 1 1
-3779.0 -6858.5 -7.9 334 0 8.9 15.1 7.5 2.5 2 1 3 3 3
-3794.0 -6852.6 -7.5 340 0 7.2 12.9 2.5 2.5 2 1 1 1 1
-3816.6 -6875.2 -7.1 162 0 6.5 14.4 5.0 2.5 4 1 2 2 2
-3792.8 -6880.6 -7.4 335 0 5.6 5.5 2.5 2.5 2 0 1 3 3
-3811.0 -6888.5 -7.0 155 0 7.9 9.1 7.5 2.5 2 1 3 3 3
-3804.7 -6898.8 -7.2 156 0 9.5 8.0 2.5 2.5 4 0 1 0 0
-3795.4 -6911.5 -7.6 159 0 10.2 11.7 7.5 2.5 2 1 3 3 3
-3784.1 -6933.0 -7.6 66 0 8.4 13.1 7.5 2.5 2 1 3 2 2
-3769.8 -6936.8 -7.9 66 0 13.1 8.1 7.5 2.5 2 0 3 5 5
-3747.6 -6928.5 -8.3 331 0 8.1 12.4 5.0 2.5 2 1 2 5 5
-3058.5 -1202.0 -6.5 358 0 9.6 10.3 5.0 2.5 2 1 2 3 3
-3052.0 -1225.0 -5.7 6 0 13.5 9.4 7.5 2.5 2 0 3 5 5
-2836.6 280.0 5.1 291 0 9.8 8.3 2.5 2.5 4 0 1 1 1
-2906.1 236.4 4.2 21 0 7.8 8.4 2.5 2.5 2 1 1 3 3
-2918.7 201.8 3.9 21 0 13.6 11.0 2.5 0.0 0 0 1 1 1
-2918.8 180.9 3.9 21 0 9.0 15.0 2.5 2.5 2 1 1 4 4
-2919.3 129.5 4.4 201 0 9.4 10.1 2.5 2.5 2 1 1 4 4
-2916.7 115.7 4.5 201 0 9.2 10.4 2.5 2.5 2 1 1 0 0
-2936.0 118.3 4.5 201 0 5.8 10.8 2.5 2.5 2 1 1 3 3
-2941.9 101.2 4.6 201 0 8.9 5.5 2.5 2.5 2 0 1 4 4
-2937.5 159.3 3.9 21 0 6.0 12.0 2.5 2.5 4 1 1 4 4
-2954.1 151.4 4.1 21 0 7.6 13.0 2.5 2.5 2 1 1 5 5
-2948.9 127.8 4.4 21 0 8.3 11.4 2.5 2.5 2 1 1 0 0
-2970.2 87.2 2.6 21 0 8.5 12.6 2.5 2.5 2 1 1 0 0
-3066.3 79.2 0.7 90 0 6.5 6.9 2.5 2.5 2 1 1 5 5
-3066.6 69.9 0.3 90 0 15.4 8.1 2.5 2.5 2 0 1 3 3
-3033.2 119.1 1.7 193 0 6.7 14.6 2.5 0.0 0 1 1 1 1
-2982.3 126.8 3.0 22 0 19.0 11.0 2.5 2.5 2 0 1 3 3
-2990.3 108.9 2.3 22 0 6.4 13.8 2.5 2.5 2 1 1 1 1
-3006.0 87.4 1.4 111 0 13.6 11.5 2.5 2.5 2 0 1 0 0
-3016.5 66.2 0.4 108 0 8.7 6.9 2.5 0.0 0 0 1 2 2
-2996.1 58.1 1.0 115 0 15.4 7.2 2.5 0.0 0 0 1 3 3
-2985.4 35.7 0.5 31 0 10.8 14.0 2.5 2.5 2 1 1 2 2
-3006.6 42.5 -1.0 301 0 8.3 26.1 2.5 2.5 2 1 1 1 1
-3007.7 12.5 -1.3 301 0 18.3 10.6 2.5 2.5 2 0 1 3 3
-2986.3 19.6 -0.9 301 0 6.5 25.1 2.5 2.5 2 1 1 2 2
-2958.3 -5.2 0.3 31 0 6.6 9.9 2.5 2.5 4 1 1 2 2
-2965.2 -24.8 -1.1 31 0 10.6 12.0 2.5 2.5 2 1 1 3 3
-2971.2 23.6 0.7 211 0 24.2 9.1 2.5 0.0 0 0 1 2 2
-2957.1 52.3 2.6 211 0 8.3 17.9 2.5 2.5 2 1 1 3 3
-2939.2 70.0 3.4 301 0 12.2 9.7 2.5 2.5 2 0 1 2 2
-2921.0 64.4 4.4 211 0 11.5 17.0 2.5 2.5 2 1 1 0 0
-2925.7 19.5 2.6 31 0 10.4 9.4 2.5 2.5 2 0 1 3 3
-2940.0 6.9 1.3 31 0 16.3 10.7 2.5 2.5 2 0 1 0 0
