-64.9 -3531.5 -79.8 270 0 5.3 5.5 2.5 2.5 2 1 1 2 2
-91.9 -3539.5 -84.9 262 0 6.7 7.4 7.5 2.5 2 1 3 4 4
-82.6 -3546.1 -76.8 270 0 4.4 4.6 2.5 2.5 2 1 1 2 2
-76.7 -3554.5 -69.1 257 0 7.7 7.9 7.5 2.5 2 1 3 5 5
-72.7 -3541.6 -76.4 267 0 7.4 7.0 7.5 2.5 2 0 3 0 0
-62.9 -3539.8 -73.6 257 0 7.9 6.7 5.0 2.5 2 0 2 5 5
-52.9 -3533.7 -74.2 258 0 5.9 16.9 2.5 2.5 2 1 1 2 2
-67.5 -3580.1 -53.9 77 0 5.9 6.2 5.0 2.5 2 1 2 4 4
-50.3 -3592.8 -43.0 69 0 4.6 10.0 5.0 2.5 2 1 2 2 2
-1486.2 -5932.2 -73.8 203 0 7.0 6.4 7.5 2.5 2 0 3 5 5
-1498.4 -5931.7 -80.5 183 0 5.6 6.1 7.5 2.5 2 1 3 3 3
-1496.0 -5943.7 -78.3 164 0 8.5 6.9 7.5 2.5 2 0 3 2 2
-1473.5 -5987.0 -62.1 75 0 6.3 7.9 2.5 2.5 2 1 1 3 3
-1468.0 -5967.3 -61.7 85 0 7.1 6.3 7.5 2.5 4 0 3 5 5
-1456.6 -5962.0 -59.6 71 0 7.0 6.0 7.5 2.5 2 0 3 2 2
-1468.9 -5945.0 -67.3 0 0 5.8 8.7 5.0 2.5 2 1 2 4 4
-1456.0 -5936.2 -65.2 3 0 7.6 13.9 7.5 2.5 4 1 3 1 1
-1449.5 -5941.4 -60.9 84 0 7.6 8.4 2.5 2.5 2 1 1 1 1
-1437.2 -5939.7 -57.6 85 0 6.5 7.1 7.5 2.5 4 1 3 3 3
-1436.1 -5901.9 -61.3 1 0 5.2 6.6 7.5 2.5 2 1 3 5 5
-1473.6 -5908.0 -70.2 199 0 5.3 7.6 7.5 2.5 2 1 3 3 3
-1480.2 -5897.0 -73.3 195 0 9.5 15.9 7.5 0.0 0 1 3 5 5
-1477.9 -5882.1 -74.8 180 0 8.0 6.2 5.0 2.5 2 0 2 5 5
-1471.6 -5864.8 -77.5 194 0 6.6 7.2 2.5 2.5 2 1 1 1 1
-1460.5 -5872.9 -71.2 198 0 7.7 6.2 5.0 2.5 2 0 2 4 4
-1456.9 -5856.5 -73.3 283 0 6.4 8.4 7.5 2.5 2 1 3 4 4
-1445.1 -5851.5 -68.8 287 0 7.6 19.1 7.5 2.5 2 1 3 2 2
-1428.0 -5880.3 -60.0 4 0 9.6 8.9 7.5 2.5 2 0 3 3 3
-1430.1 -5859.0 -62.0 13 0 5.5 6.7 5.0 0.0 0 1 2 4 4
-1432.4 -5867.9 -61.0 2 0 6.4 4.3 5.0 2.5 2 0 2 0 0
-1417.6 -5875.4 -56.0 7 0 7.7 7.3 7.5 2.5 2 0 3 2 2
-1424.6 -5843.8 -59.8 270 0 6.9 6.7 5.0 2.5 2 0 2 2 2
-1396.2 -5565.2 -83.0 87 0 7.7 7.0 2.5 2.5 2 0 1 1 1
-1377.6 -5557.1 -82.8 256 0 5.6 5.8 5.0 2.5 2 1 2 3 3
-1366.8 -5552.9 -81.3 237 0 7.2 7.7 7.5 2.5 2 1 3 4 4
-1357.6 -5568.1 -73.1 49 0 6.6 5.6 2.5 2.5 2 0 1 4 4
-746.7 -6133.1 80.1 38 0 7.3 15.0 5.0 2.5 2 1 2 5 5
-760.7 -6096.4 80.9 209 0 18.8 14.5 12.5 2.5 2 0 5 2 2
660.6 -3674.9 72.0 126 0 8.0 12.2 7.5 0.0 0 1 3 3 3
683.9 -3601.8 30.2 110 0 6.3 8.8 7.5 2.5 2 1 3 3 3
945.4 -3715.6 2.0 31 0 3.6 9.7 5.0 2.5 2 1 2 3 3
934.3 -3706.3 6.4 35 0 5.4 7.2 7.5 2.5 2 1 3 5 5
922.2 -3694.9 10.7 56 0 7.1 9.6 7.5 2.5 4 1 3 1 1
908.8 -3679.9 10.6 156 0 7.4 7.3 7.5 2.5 2 0 3 4 4
814.2 -3713.4 52.8 19 0 7.2 7.2 5.0 2.5 2 0 2 3 3
822.2 -3699.2 44.6 49 0 4.7 4.7 5.0 2.5 2 1 2 5 5
821.9 -3683.2 39.9 36 0 3.8 5.9 5.0 2.5 2 1 2 1 1
820.2 -3671.6 36.6 19 0 3.8 3.8 5.0 2.5 2 1 2 5 5
823.1 -3664.8 34.0 33 0 3.1 8.3 5.0 0.0 0 1 2 0 0
807.4 -3644.2 29.7 148 0 3.3 5.3 2.5 2.5 2 1 1 2 2
829.8 -3612.4 17.4 208 0 6.0 4.4 7.5 2.5 2 0 3 4 4
812.6 -3629.1 24.1 171 0 5.7 6.8 5.0 2.5 2 1 2 5 5
824.5 -3638.7 24.8 82 0 5.2 6.3 5.0 2.5 2 1 2 5 5
835.2 -3638.9 24.4 30 0 4.1 4.4 7.5 2.5 2 1 3 4 4
880.8 -3646.2 10.8 152 0 10.1 7.7 7.5 2.5 4 0 3 2 2
907.2 -3609.7 -5.0 333 0 6.0 5.3 5.0 2.5 2 0 2 0 0
885.6 -3548.9 -18.9 295 0 4.6 4.9 7.5 2.5 4 1 3 1 1
867.5 -3587.2 -0.5 325 0 5.9 7.2 7.5 2.5 2 1 3 5 5
836.0 -3587.7 7.4 201 0 5.1 4.7 2.5 2.5 2 0 1 2 2
809.2 -3604.3 16.5 188 0 8.4 9.3 5.0 2.5 4 1 2 1 1
820.8 -3585.9 9.2 184 0 4.8 3.4 2.5 2.5 2 0 1 1 1
839.5 -3533.3 -15.6 327 0 21.4 9.2 7.5 2.5 2 0 3 1 1
792.3 -3564.2 -0.9 117 0 6.5 6.6 7.5 2.5 2 1 3 0 0
803.9 -3570.5 3.1 211 0 6.9 10.5 7.5 2.5 2 1 3 0 0
866.4 -3658.3 21.3 135 0 3.8 3.3 5.0 2.5 2 0 2 1 1
919.6 -3639.7 -0.6 318 0 3.6 3.2 7.5 2.5 4 0 3 3 3
953.7 -3690.3 -4.4 27 0 5.2 9.1 5.0 2.5 2 1 2 4 4
929.7 -3658.0 -0.3 300 0 4.3 5.0 5.0 2.5 2 1 2 0 0
889.7 -3592.9 -5.3 347 0 4.6 3.2 7.5 2.5 2 0 3 3 3
820.9 -3731.6 60.7 318 0 5.1 3.5 7.5 2.5 4 0 3 3 3
797.5 -3709.3 54.6 151 0 5.2 4.6 5.0 2.5 2 0 2 5 5
814.7 -3727.6 59.6 21 0 5.4 3.3 2.5 2.5 2 0 1 4 4
816.4 -3695.1 44.6 45 0 4.6 3.6 5.0 2.5 2 0 2 1 1
800.9 -3672.6 38.8 155 0 5.2 6.2 5.0 2.5 2 1 2 5 5
800.5 -3691.3 45.1 159 0 4.9 7.1 5.0 0.0 0 1 2 5 5
