I
850 Generated by WorldEditor 2.3.1r1
1 1049 0 0 ASM Asirim
1302 city Asirim
1302 country Papua New Guinea
1302 datum_lat -6.009722
1302 datum_lon 150.368611
1302 gui_label 2D
1302 iata_code ASZ
1302 local_authority
1302 local_code
1302 region_code
1302 state West New Britain
1302 transition_alt 20000
1302 transition_level 21000
100 25.00 3 0 0.00 0 0 0 11 -06.00911439 150.36676239 0 0 0 0 0 0 29 -06.01098673 150.37111429 0 0 0 0 0 0
110 3 0.00 0.0000 New Taxiway 7
112 -06.00903831 150.36709865 -06.00900389 150.36703376
112 -06.00894302 150.36688436 -06.00891647 150.36681405
112 -06.00894646 150.36676333 -06.00899779 150.36672862
111 -06.00907567 150.36669926
112 -06.00919869 150.36664586 -06.00925533 150.36662450
112 -06.00934189 150.36704187 -06.00933658 150.36709971
112 -06.00936214 150.36756291 -06.00933135 150.36759003
111 -06.00936214 150.36756291
114 -06.00936214 150.36756291 -06.00930267 150.36761530
130 Airport Boundary 2
111 -06.01133066 150.37125427
111 -06.01095773 150.37142391
111 -06.01077063 150.37098387
111 -06.01059622 150.37095517
111 -06.01030130 150.37028555
111 -06.01029999 150.37014039
111 -06.00888933 150.36677201
113 -06.00924850 150.36660772
14 -06.01011843 150.36915395 16.40 0 New Tower Viewpoint 4
1300 -06.00905519 150.36699671 293.57 misc turboprops|props|helos New Ramp Start 1
1301 A none
19 -06.01108678 150.37085261 0 New Windsock 3
99
