I
850 Generated by WorldEditor 2.4.0r2
1 898 0 0 AYBS Begesin
1302 city Begesin
1302 country Papua New Guinea
1302 datum_lat
1302 datum_lon
1302 faa_code
1302 gui_label 3D
1302 iata_code
1302 local_code BGI
1302 region_code PG
1302 state Madang
1302 transition_alt
1302 transition_level
100 20.00 3 0 0.00 0 0 0 12 -05.38721782 145.44588642 0 0 0 0 0 0 30 -05.38895414 145.44845389 0 0 0 0 0 0
110 3 0.50 125.0 Taxiway
112 -05.38741887 145.44584972 -05.38743319 145.44588124
111 -05.38741887 145.44584972
112 -05.38741887 145.44584972 -05.38742493 145.44586304
111 -05.38773249 145.44640041
112 -05.38857037 145.44760905 -05.38879098 145.44795210
111 -05.38857037 145.44760905
112 -05.38857037 145.44760905 -05.38871446 145.44783311
111 -05.38903959 145.44830438
112 -05.38930478 145.44876672 -05.38926353 145.44879003
112 -05.38911105 145.44888056 -05.38903946 145.44889896
111 -05.38876651 145.44844009
111 -05.38820273 145.44767851
111 -05.38792349 145.44760942
111 -05.38779438 145.44750654
111 -05.38767323 145.44725974
111 -05.38787692 145.44707313
111 -05.38746827 145.44646762
112 -05.38710462 145.44594249 -05.38710542 145.44589138
111 -05.38710462 145.44594249
112 -05.38710462 145.44594249 -05.38710583 145.44586519
112 -05.38715018 145.44576823 -05.38718670 145.44573983
114 -05.38728227 145.44573431 -05.38730840 145.44573090
130 Airport Boundary 26
111 -05.38716567 145.44563940
111 -05.38747980 145.44574942
111 -05.38830409 145.44684223
111 -05.38945789 145.44887908
111 -05.38905467 145.44899065
111 -05.38813327 145.44782349
111 -05.38755217 145.44734333
111 -05.38774991 145.44710157
113 -05.38699866 145.44586970
1300 -05.38788466 145.44730612 149.9 tie_down turboprops|props|helos GA (A)
1301 A general_aviation
19 -05.38736470 145.44586417 0 WS1
99
