I
1100 Generated by WorldEditor 1.6.0b2
1 2191 0 0 AYBU Bulolo
1302 city Bulolo
1302 country Papua New Guinea
1302 datum_lat
1302 datum_lon
1302 faa_code
1302 iata_code BUL
1302 icao_code
1302 region_code AY
1302 state Morobe
1302 transition_alt
1302 transition_level
100 32.00 4 0 0.25 0 0 0 15 -07.21028447 146.64673209 0 0 0 0 0 0 33 -07.22147530 146.65240058 0 0 0 0 0 0
110 4 0.35 0.0000 New Taxiway 3
111 -07.21160264 146.64753718
111 -07.21138455 146.64747234
111 -07.21127159 146.64741699
111 -07.21108174 146.64731261
111 -07.21093896 146.64724460
111 -07.21066752 146.64711966
111 -07.21041805 146.64700263
112 -07.21024860 146.64691723 -07.21020781 146.64686030
112 -07.21024547 146.64663889 -07.21028783 146.64651711
111 -07.21044002 146.64651079
111 -07.21060163 146.64658670
111 -07.21066909 146.64663415
111 -07.21085580 146.64672113
111 -07.21098760 146.64677648
111 -07.21107703 146.64683500
112 -07.21161676 146.64710543 -07.21171875 146.64714971
111 -07.21169051 146.64717502
113 -07.21165913 146.64729837
110 4 0.35 0.0000 New Taxiway 2
111 -07.22002722 146.65153025
112 -07.22016843 146.65145750 -07.22023119 146.65148597
111 -07.22056425 146.65165562
111 -07.22069529 146.65172622
111 -07.22085796 146.65177177
111 -07.22099126 146.65186286
111 -07.22111327 146.65189019
111 -07.22116749 146.65194713
111 -07.22132790 146.65200179
111 -07.22147024 146.65208377
111 -07.22149510 146.65210427
111 -07.22150865 146.65205417
112 -07.22162162 146.65221358 -07.22158547 146.65229102
111 -07.22153351 146.65233201
112 -07.22132339 146.65254608 -07.22117201 146.65251192
111 -07.22087152 146.65229557
111 -07.22066140 146.65221358
111 -07.22047839 146.65214071
111 -07.22030216 146.65201545
113 -07.21966728 146.65162601
110 4 0.35 0.0000 New Taxiway 1
111 -07.21647637 146.65001086
112 -07.21620049 146.65003985 -07.21616518 146.65014265
111 -07.21609719 146.65039042
112 -07.21600959 146.65079766 -07.21596906 146.65090441
111 -07.21574940 146.65149748
112 -07.21568899 146.65160028 -07.21568376 146.65162796
112 -07.21575568 146.65173998 -07.21586551 146.65174393
111 -07.21607078 146.65175316
112 -07.21605117 146.65186650 -07.21603025 146.65190077
111 -07.21596749 146.65197194
112 -07.21582367 146.65217226 -07.21579621 146.65222498
111 -07.21576221 146.65222498
111 -07.21555432 146.65217753
112 -07.21549026 146.65190340 -07.21545757 146.65185332
111 -07.21528890 146.65170440
111 -07.21538797 146.65154248
111 -07.21545299 146.65155292
111 -07.21548017 146.65150998
111 -07.21542488 146.65147771
112 -07.21532246 146.65127563 -07.21537476 146.65114713
112 -07.21542052 146.65102413 -07.21548699 146.65088465
111 -07.21552839 146.65081655
111 -07.21573432 146.65040031
111 -07.21574300 146.65034487
111 -07.21578693 146.65025630
111 -07.21580106 146.65024840
111 -07.21585911 146.65012187
111 -07.21588892 146.65003489
111 -07.21591245 146.65000800
111 -07.21592344 146.64997954
111 -07.21594854 146.64992893
114 -07.21588421 146.64966640 -07.21574300 146.64952406
112 -07.21561244 146.65158476 -07.21559610 146.65159940
111 -07.21555797 146.65156645
112 -07.21550530 146.65150788 -07.21548805 146.65149873
111 -07.21549713 146.65155364
112 -07.21557522 146.65164425 -07.21563968 146.65166896
113 -07.21566057 146.65158018
110 4 0.35 0.0000 New Taxiway 4
111 -07.21044956 146.64770627 20
111 -07.21048354 146.64767919 20
111 -07.21052683 146.64767743 20
111 -07.21056288 146.64770164 20
111 -07.21057792 146.64774259 20
111 -07.21056621 146.64778463 20
111 -07.21053222 146.64781170 20
111 -07.21048894 146.64781347 20
111 -07.21045290 146.64778926 20
113 -07.21043785 146.64774831 20
110 4 0.35 0.0000 New Taxiway 4
111 -07.22110457 146.65118767 20
111 -07.22113855 146.65116059 20
111 -07.22118184 146.65115882 20
111 -07.22121788 146.65118304 20
111 -07.22123293 146.65122399 20
111 -07.22122122 146.65126603 20
111 -07.22118723 146.65129310 20
111 -07.22114395 146.65129487 20
111 -07.22110790 146.65127065 20
113 -07.22109286 146.65122971 20
130 Airport Boundary 6
111 -07.22174834 146.65212362
111 -07.22145086 146.65271195
111 -07.22106898 146.65254694
111 -07.22069809 146.65244856
111 -07.21657945 146.65027820
111 -07.21621507 146.65031427
111 -07.21597106 146.65101935
111 -07.21600359 146.65102918
111 -07.21577910 146.65166539
111 -07.21557414 146.65157685
111 -07.21544074 146.65183920
111 -07.21528133 146.65168835
111 -07.21540821 146.65146863
111 -07.21521951 146.65135713
111 -07.21581489 146.65014046
111 -07.21564571 146.64979612
111 -07.20989438 146.64688536
113 -07.21018719 146.64621243
14 -07.21542497 146.65170183 6.56 0 Tower Viewpoint
15 -07.21566910 146.65114657 243.89 Custom Startup Location
19 -07.21050849 146.64774285 1 Windsock
19 -07.22116350 146.65122425 1 Windsock
99
