I
1100 Generated by WorldEditor 1.6.0b2
1 76 0 0 AYEH Morehead
1302 city Morehead
1302 country Papua New Guinea
1302 iata_code MHY
1302 state Western (Fly River)
100 89.91 3 0 0.00 0 0 0 09 -08.71337249 141.63787818 0 0 0 0 0 0 27 -08.71484099 141.65008647 0 0 0 0 0 0
110 3 0.35 0.0000 Taxiway
111 -08.71345173 141.64188870
112 -08.71330310 141.64188303 -08.71325929 141.64186203
112 -08.71278426 141.64191569 -08.71278196 141.64189003
112 -08.71277504 141.64137446 -08.71276812 141.64125082
111 -08.71272200 141.64079358
113 -08.71330541 141.64070026
130 Airport Boundary 2
111 -08.71412603 141.63682812
111 -08.71492935 141.63815842
111 -08.71556254 141.64078879
111 -08.71603371 141.64568545
111 -08.71599087 141.64803989
111 -08.71550542 141.65009100
111 -08.71476298 141.65098655
111 -08.71429181 141.65061100
111 -08.71338870 141.64191962
111 -08.71277772 141.64199017
111 -08.71271131 141.64077409
111 -08.71322932 141.64066323
113 -08.71289394 141.63793209
14 -08.71283173 141.64193858 9.84 0 New Tower Viewpoint 5
1300 -08.71291431 141.64138020 185.98 tie_down heavy|jets|turboprops|props|helos Parking 1
1301 A general_aviation
19 -08.71515783 141.65017880 0 Windsock 1
19 -08.71369073 141.63765267 0 Windsock 2
99
