A
850 Generated by WorldEditor 2.4.0r2

1   5199 0 0 AYGA Goroka
1302 city Goroka
1302 country Papua New Guinea
1302 datum_lat -6.08267
1302 datum_lon 145.39133
1302 faa_code 
1302 gui_label 3D
1302 iata_code GKA
1302 icao_code AYGA
1302 region_code AY
1302 state Eastern Highlands
1302 transition_alt 20000
1302 transition_level 21000
100 29.87 1 0 0.20 0 1 0 17R -06.07541139  145.39066357 0 0 0 0 0 0 35L -06.09017519  145.39195808 0 252 2 0 0 0
100 17.98 1 0 0.20 0 0 0 17L -06.07519427  145.39172457 0 0 0 0 0 0 35R -06.08608668  145.39267831 0 14 2 0 0 0
102 H1 -06.07885483  145.39258027 -5.7 16.50 16.30 1 0 0 0.20 0
110 5 0.25 175.0 TWY gravel
111 -06.08289762  145.39118464
112 -06.08299403  145.3985018 -06.08305603  145.39107836
111 -06.08299403  145.3985018
112 -06.08299403  145.3985018 -06.08302818  145.39109903
111 -06.08304635  145.39105012
111 -06.08311002  145.39048561
112 -06.08315452  145.39039147 -06.08319203  145.39035375
112 -06.08327022  145.39032774 -06.08333178  145.39030550
112 -06.08338890  145.39033264 -06.08339467  145.39034714
111 -06.08338890  145.39033264
112 -06.08338890  145.39033264 -06.08340717  145.39036359
112 -06.08338717  145.39037344 -06.08337466  145.39037731
112 -06.08329242  145.39038767 -06.08326452  145.39039637
112 -06.08320640  145.39043394 -06.08318236  145.39045716
111 -06.08320640  145.39043394
112 -06.08320640  145.39043394 -06.08317755  145.39046489
111 -06.08316393  145.39049425
111 -06.08311278  145.39105213
112 -06.08316426  145.39114948 -06.08322484  145.39122301
111 -06.08328544  145.39121848
111 -06.08327910  145.39132770
113 -06.08288293  145.39129467
110 1 0.25 175.0 Twy
111 -06.08030241  145.39122689 1
112 -06.08022102  145.39125810 -06.08019280  145.39129263 1
111 -06.08018467  145.39133504 1
111 -06.08015172  145.39170023
111 -06.08013628  145.39187132
111 -06.08012715  145.39197245
112 -06.08015308  145.39203977 -06.08017355  145.39207065
111 -06.08022618  145.39209089
111 -06.08022280  145.39215786
111 -06.07975033  145.39211331
111 -06.07975689  145.39204816
112 -06.08002423  145.39202829 -06.08003671  145.39201186
111 -06.08002423  145.39202829
112 -06.08002423  145.39202829 -06.08006857  145.39199283
111 -06.08006842  145.39196467
111 -06.08007649  145.39186613
111 -06.08009047  145.39169543 1
111 -06.08012040  145.39133010 1
112 -06.08010331  145.39125091 -06.08007917  145.39120159 1
111 -06.08004164  145.39120182
111 -06.08005393  145.39108312
113 -06.08032693  145.39110614
110 1 0.25 175.0 GA Apron
111 -06.07945928  145.39218234
112 -06.07939774  145.39223366 -06.07936475  145.39227706
111 -06.07936654  145.39230699
111 -06.07935873  145.39237981
111 -06.07934976  145.39246715
112 -06.07936611  145.39250552 -06.07938565  145.39252445
111 -06.07940953  145.39252390
111 -06.07992501  145.39256586
112 -06.07998358  145.39253361 -06.08000538  145.39250948
111 -06.08001316  145.39247040
111 -06.08001491  145.39244505
111 -06.08002585  145.39228600
112 -06.08000597  145.39224923 -06.07998571  145.39222634
111 -06.07996478  145.39222453
111 -06.07997110  145.39216817
111 -06.08019945  145.39218822
111 -06.08019398  145.39224683
112 -06.08013471  145.39226065 -06.08011608  145.39227653
111 -06.08010995  145.39229633
111 -06.08009504  145.39245143
111 -06.08009186  145.39248442
112 -06.08010769  145.39254307 -06.08012337  145.39256685
111 -06.08015555  145.39257950
111 -06.08056211  145.39261129
111 -06.08053466  145.39299864
111 -06.08067334  145.39300707
111 -06.08064297  145.39337267
111 -06.08056373  145.39336723
111 -06.08046670  145.39336525
111 -06.07986905  145.39329360
111 -06.07988644  145.39311093
111 -06.07849428  145.39299546
111 -06.07853735  145.39246644
111 -06.07915426  145.39251475
112 -06.07918415  145.39249632 -06.07919669  145.39248110
111 -06.07920339  145.39246425
111 -06.07921179  145.39236645
111 -06.07921887  145.39228394
112 -06.07919563  145.39220224 -06.07917716  145.39216515
111 -06.07913143  145.39215216
111 -06.07915402  145.39208681
113 -06.07946053  145.39210939
110 1 0.25 175.0 Main Apron
111 -06.07539979  145.39079789 1
112 -06.07526470  145.39074103 -06.07519759  145.39071924
111 -06.07526470  145.39074103
112 -06.07526470  145.39074103 -06.07522971  145.39072967 1
112 -06.07515907  145.39073210 -06.07511382  145.39073827 1
112 -06.07493317  145.39081320 -06.07484910  145.39087178 1
112 -06.07475289  145.39099520 -06.07474303  145.39101315 1
112 -06.07472767  145.39103731 -06.07471978  145.39105196
111 -06.07472767  145.39103731
112 -06.07472767  145.39103731 -06.07470848  145.39107290 1
112 -06.07466903  145.39116202 -06.07464941  145.39121382
111 -06.07466903  145.39116202
112 -06.07466903  145.39116202 -06.07464133  145.39123514 1
112 -06.07463031  145.39138246 -06.07463608  145.39144282 1
112 -06.07472291  145.39158199 -06.07477929  145.39162846 1
111 -06.07484961  145.39163168
111 -06.07519981  145.39165523
111 -06.07529444  145.39166512
111 -06.07528646  145.39180628
111 -06.07518763  145.39179564
111 -06.07483665  145.39174793 1
112 -06.07474573  145.39178597 -06.07471383  145.39181831
111 -06.07474573  145.39178597
112 -06.07474573  145.39178597 -06.07471819  145.39181389 1
112 -06.07471258  145.39187602 -06.07470913  145.39192169
111 -06.07471258  145.39187602
112 -06.07471258  145.39187602 -06.07471204  145.39188325 1
112 -06.07471074  145.39190006 -06.07471002  145.39190891
111 -06.07471074  145.39190006
112 -06.07471074  145.39190006 -06.07470548  145.39196483 1
112 -06.07474531  145.39202664 -06.07477948  145.39206894 1
111 -06.07485581  145.39207940 1
111 -06.07603603  145.39220388 1
111 -06.07605015  145.39204518 1
111 -06.07605727  145.39196517 1
112 -06.07605839  145.39190015 -06.07605349  145.39187799 1
111 -06.07602406  145.39184751
111 -06.07602585  145.39180043
111 -06.07622886  145.39181712
111 -06.07621710  145.39189183 1
112 -06.07616820  145.39193519 -06.07614546  145.39195886 1
111 -06.07613566  145.39199190 1
111 -06.07613138  145.39205193 1
111 -06.07611926  145.39226154 1
111 -06.07659157  145.39230490
112 -06.07655049  145.39255216 -06.07652565  145.39261920
112 -06.07640692  145.39276640 -06.07633895  145.39282030
111 -06.07621009  145.39286654 1
111 -06.07590348  145.39285567 1
111 -06.07487447  145.39273035 1
112 -06.07481092  145.39276423 -06.07478217  145.39279578 1
111 -06.07477954  145.39282511
111 -06.07440038  145.39280247 1
112 -06.07437499  145.39273187 -06.07435539  145.39270953 1
111 -06.07432746  145.39268955 1
111 -06.07384191  145.39264017 1
111 -06.07390156  145.39198708 1
111 -06.07414102  145.39200979 1
112 -06.07434879  145.39198151 -06.07443518  145.39193407
111 -06.07434879  145.39198151
112 -06.07434879  145.39198151 -06.07439791  145.39194465 1
112 -06.07444414  145.39185324 -06.07445911  145.39181754 1
111 -06.07446627  145.39178521 1
112 -06.07453522  145.39112117 -06.07457083  145.39101825
111 -06.07453522  145.39112117
112 -06.07453522  145.39112117 -06.07455227  145.39107168 1
112 -06.07459585  145.39097473 -06.07461522  145.39093592
111 -06.07459585  145.39097473
112 -06.07459585  145.39097473 -06.07461099  145.39094438 1
112 -06.07465144  145.39088445 -06.07467439  145.39085388
111 -06.07465144  145.39088445
112 -06.07465144  145.39088445 -06.07470373  145.39081479 1
112 -06.07482467  145.39072420 -06.07487173  145.39069396 1
112 -06.07506826  145.39061189 -06.07515539  145.39058648 1
112 -06.07531407  145.39055871 -06.07534576  145.39054992 1
111 -06.07542341  145.39053021
111 -06.07555267  145.39054473
113 -06.07552560  145.39080278
110 3 0.30 80.0 MAF Ramp
111 -06.08316393  145.39049425
111 -06.08311002  145.39048561
111 -06.08315298  145.38990994
111 -06.08359417  145.38994636
111 -06.08358503  145.39015671
111 -06.08374325  145.39016764
111 -06.08410570  145.39019044
111 -06.08411035  145.39005823
111 -06.08411005  145.38998472
111 -06.08456108  145.39003037
113 -06.08452150  145.39059365
130 Airport Boundary
111 -06.09326674  145.39083933
111 -06.09299553  145.39384839
111 -06.08200169  145.39290412
111 -06.07945357  145.39381608
111 -06.07919031  145.39375508
111 -06.07870637  145.39328163
111 -06.07817671  145.39274206
111 -06.07753347  145.39241378
111 -06.07674175  145.39276433
111 -06.07576827  145.39336257
111 -06.07324629  145.39308682
111 -06.07351475  145.39053255
111 -06.07515602  145.38921515
111 -06.08154475  145.38979026
111 -06.08150683  145.39023509
111 -06.08219730  145.39029096
111 -06.08223450  145.38982533
111 -06.08691519  145.39022073
111 -06.08826983  145.39082390
111 -06.08926974  145.39085001
113 -06.09002211  145.39058087
120 Linear Feature 12
111 -06.08009504  145.39245143 4
115 -06.08001491  145.39244505
120 Linear Feature 11
111 -06.07935873  145.39237981 4
115 -06.07921179  145.39236645
120 Linear Feature 5
111 -06.07472767  145.39103731 4
115 -06.07459585  145.39097473
120 Linear Feature 6
111 -06.07471258  145.39187602 4
115 -06.07444414  145.39185324
120 Linear Feature 9
111 -06.07450011  145.39204375 1
112 -06.07444234  145.39210383 -06.07442246  145.39213742 1
111 -06.07441294  145.39216884 1
111 -06.07439697  145.39248065 1
112 -06.07441238  145.39250468 -06.07442464  145.39251147 1
112 -06.07444357  145.39251309 -06.07446626  145.39251309 1
115 -06.07448181  145.39249387
120 Linear Feature 8
111 -06.07428477  145.39205311 1
112 -06.07421406  145.39207211 -06.07419403  145.39208704 1
111 -06.07419052  145.39211103 1
111 -06.07415712  145.39246372 1
112 -06.07417292  145.39249091 -06.07418776  145.39249987 1
112 -06.07421151  145.39249635 -06.07421819  145.39249560 1
115 -06.07423622  145.39247822
120 Linear Feature 7
111 -06.07453451  145.39199281 1
112 -06.07450011  145.39204375 -06.07447818  145.39206500 1
111 -06.07444669  145.39206550 1
111 -06.07428477  145.39205311 1
111 -06.07402829  145.39203571 1
112 -06.07396740  145.39206141 -06.07394552  145.39208563 1
111 -06.07394089  145.39213689 1
111 -06.07391895  145.39246518 1
112 -06.07393238  145.39249003 -06.07394064  145.39249661 1
112 -06.07397359  145.39250111 -06.07398766  145.39249940 1
115 -06.07400994  145.39248615
120 Linear Feature 4
111 -06.07454229  145.39179864 1
112 -06.07459862  145.39171774 -06.07464422  145.39168872 1
115 -06.07470275  145.39167518
120 Linear Feature 2
111 -06.07543613  145.39066541 1
112 -06.07511973  145.39066435 -06.07504351  145.39068458 1
112 -06.07489019  145.39076817 -06.07478623  145.39083066 1
112 -06.07465000  145.39100270 -06.07459717  145.39110536 1
111 -06.07456979  145.39128898 1
111 -06.07455479  145.39152192 1
111 -06.07454229  145.39179864 1
111 -06.07453451  145.39199281 1
112 -06.07453660  145.39211000 -06.07454746  145.39213732 1
115 -06.07491734  145.39257637
120 Linear Feature 4
112 -06.07453660  145.39211000 -06.07455447  145.39212106 1
112 -06.07492933  145.39215780 -06.07496918  145.39219235 1
115 -06.07533406  145.39264763
120 Linear Feature 2
111 -06.07470275  145.39167518 1
115 -06.07521237  145.39172694
120 Linear Feature 1
111 -06.07455479  145.39152192 1
112 -06.07461105  145.39161258 -06.07466537  145.39166721 1
115 -06.07470275  145.39167518
120 Linear Feature 7
111 -06.07659157  145.39230490 1
115 -06.07621009  145.39286654
120 Linear Feature 6
111 -06.08015172  145.39170023 4
115 -06.08009047  145.39169543
120 Linear Feature 5
111 -06.08007649  145.39186613 4
115 -06.08013628  145.39187132
120 Linear Feature 9
111 -06.07613138  145.39205193 4
115 -06.07605015  145.39204518
21 -06.08840751  145.39132755 2 354.3 3.00 New PAPI-4L
14 -06.07553161  145.39299028 46 0 Goroka
1300 -06.07404046  145.39245607 220.0 gate jets|turboprops Gate 1
1301 B airline 
1300 -06.07427112  145.39244705 220.0 gate jets|turboprops Gate 2
1301 B airline 
1300 -06.07451734  145.39245739 220.0 gate jets|turboprops Gate 3
1301 B airline 
1300 -06.07488083  145.39253591 130.0 gate jets|turboprops Gate 4
1301 B airline 
1300 -06.07531005  145.39261662 130.0 gate jets|turboprops Gate 5
1301 B airline 
1300 -06.07874326  145.39273178 -183.3 tie_down turboprops|props|helos NTM Ramp
1301 B general_aviation 
1300 -06.07914709  145.39283409 179.0 misc props NTM Ramp
1301 B none 
1300 -06.07918273  145.39298483 179.0 tie_down turboprops|props|helos NTM Ramp
1301 A general_aviation 
1300 -06.07964888  145.39261991 86.2 tie_down turboprops|props|helos NTM Ramp
1301 A general_aviation 
1300 -06.07942435  145.39299312 225.9 tie_down turboprops|props|helos GA Parking
1301 A general_aviation 
1300 -06.07978583  145.39291930 -184.0 tie_down turboprops|props|helos GA Parking
1301 B general_aviation 
1300 -06.07986611  145.39264053 86.2 tie_down turboprops|props|helos GA Parking
1301 A general_aviation 
1300 -06.08010561  145.39299656 -4.4 tie_down turboprops|props GA Parking
1301 B general_aviation 
1300 -06.08025530  145.39264612 354.5 tie_down turboprops|props GA Parking
1301 B general_aviation 
1300 -06.08376253  145.39029011 356.3 tie_down turboprops|props MAF Ramp
1301 B general_aviation 
1300 -06.08399572  145.39041786 358.1 tie_down turboprops|props MAF Ramp
1301 B general_aviation 
18 -06.07872543  145.39163600 1 Goroka
19 -06.08920241  145.39101675 0 Windsock
19 -06.07662963  145.38988365 0 Windsock
1050 122250 Goroka ATIS
1053 130750 Goroka GND
1054 118700 Goroka TWR
1200 
1201 -06.08005559  145.39244835 both 0 _stop
1201 -06.08002669  145.39278075 both 1 _start
1201 -06.08003898  145.39263110 both 2 _start
1201 -06.07883658  145.39257215 both 3 _stop
1201 -06.07928653  145.39237587 both 4 _stop
1201 -06.07927066  145.39260972 both 5 _start
1201 -06.07537152  145.39225685 both 6 _stop
1201 -06.07606500  145.39232886 both 7 _stop
1201 -06.07453424  145.39199343 both 8 _stop
1201 -06.07449102  145.39204930 both 9 _stop
1201 -06.07454263  145.39179708 both 10 _stop
1201 -06.07454107  145.39185883 both 11 _stop
1201 -06.07455522  145.39152399 both 12 _stop
1201 -06.07456973  145.39128885 both 13 _stop
1201 -06.07465028  145.39100286 both 14 _stop
1201 -06.07474067  145.39088091 both 15 _stop
1201 -06.07489077  145.39076787 both 16 _stop
1201 -06.07511976  145.39066360 both 17 _stop
1201 -06.07523105  145.39065539 both 18 _stop
1201 -06.09012772  145.39195392 both 19 _stop
1201 -06.07541161  145.39066348 both 20 _start
1201 -06.08017680  145.39108139 both 21 _start
1201 -06.08305121  145.39133528 both 22 _start
1201 -06.08607189  145.39267699 both 23 _stop
1201 -06.07519431  145.39172453 both 24 _start
1201 -06.07610880  145.39180496 both 25 _start
1201 -06.07930869  145.39208613 both 26 _start
1201 -06.08008113  145.39215277 both 27 _start
1201 -06.07608868  145.39204852 both 28 _start
1201 -06.07470293  145.39167555 both 29 _stop
1201 -06.07492801  145.39215634 both 30 _stop
1201 -06.07396687  145.39203934 both 31 _stop
1201 -06.07428373  145.39205323 both 32 _stop
1201 -06.07453689  145.39210783 both 33 _stop
1201 -06.08346840  145.39034564 both 34 _stop
1201 -06.08328108  145.39035220 both 35 _stop
1201 -06.08317678  145.39040458 both 36 _stop
1201 -06.08313657  145.39049476 both 37 _stop
1201 -06.08309849  145.39087839 both 38 _stop
1201 -06.08012118  145.39169692 both 39 _stop
1201 -06.08031190  145.39280259 both 40 _stop
1201 -06.07975034  145.39276012 both 41 _stop
1201 -06.08010626  145.39186731 both 42 _stop
1202 0 27 twoway taxiway_B 
1204 departure 17L,35R
1204 arrival 17L,35R
1204 ils 17L,35R
1202 1 2 twoway taxiway_B 
1202 2 0 twoway taxiway_B 
1202 5 3 twoway taxiway_B 
1202 4 26 twoway taxiway_B 
1204 departure 17L,35R
1204 arrival 17L,35R
1204 ils 17L,35R
1202 5 4 twoway taxiway_B 
1202 7 6 twoway taxiway_B 
1202 25 28 twoway taxiway_B 
1204 departure 17L,35R
1204 arrival 17L,35R
1204 ils 17L,35R
1202 28 7 twoway taxiway_B 
1202 10 11 twoway taxiway_C 
1204 departure 17L,35R
1204 arrival 17L,35R
1204 ils 17L,35R
1202 11 8 twoway taxiway_C 
1202 12 10 twoway taxiway_C 
1204 departure 17L,35R
1204 arrival 17L,35R
1204 ils 17L,35R
1202 13 12 twoway taxiway_C 
1204 departure 17L,35R
1204 arrival 17L,35R
1204 ils 17L,35R
1202 14 13 twoway taxiway_C 
1204 departure 17L,17R,35L,35R
1204 arrival 17L,17R,35L,35R
1204 ils 17L,17R,35L,35R
1202 15 14 twoway taxiway_C 
1204 departure 17R,35L
1204 arrival 17R,35L
1204 ils 17R,35L
1202 16 15 twoway taxiway_C 
1204 departure 17R,35L
1204 arrival 17R,35L
1204 ils 17R,35L
1202 17 16 twoway taxiway_C 
1204 departure 17R,35L
1204 arrival 17R,35L
1204 ils 17R,35R
1202 18 17 twoway taxiway_C 
1204 departure 17R,35L
1204 arrival 17R,35L
1204 ils 17R,35L
1202 20 18 twoway taxiway_C 
1204 departure 17R,35L
1204 arrival 17R,35L
1204 ils 17R,35L
1202 20 21 twoway runway 17R/35L
1204 departure 17R,35L
1204 arrival 17R,35L
1204 ils 17R,35L
1202 21 22 twoway runway 17R/35L
1204 departure 17R,35L
1204 arrival 17R,35L
1204 ils 17R,35L
1202 22 19 twoway runway 17R/35L
1204 departure 17R,35L
1204 arrival 17R,35L
1204 ils 17R,35L
1202 24 25 twoway runway 17L/35R
1204 departure 17L,35R
1204 arrival 17L,35R
1204 ils 17L,35R
1202 25 26 twoway runway 17L/35R
1204 departure 17L,35R
1204 arrival 17L,35R
1204 ils 17L,35R
1202 26 27 twoway runway 17L/35R
1204 departure 17L,35R
1204 arrival 17L,35R
1204 ils 17L,35R
1202 27 23 twoway runway 17L/35R
1204 departure 17L,35R
1204 arrival 17L,35R
1204 ils 17L,35R
1202 29 12 twoway taxiway_B 
1204 departure 17L,35R
1204 arrival 17L,35R
1204 ils 17L,35R
1202 29 10 twoway taxiway_B 
1204 departure 17L,35R
1204 arrival 17L,35R
1204 ils 17L,35R
1202 24 29 twoway taxiway_B 
1204 departure 17L,35R
1204 arrival 17L,35R
1204 ils 17L,35R
1202 33 30 twoway taxiway_C 
1202 32 31 twoway taxiway_C 
1202 9 32 twoway taxiway_C 
1202 8 9 twoway taxiway_C 
1202 8 33 twoway taxiway_C 
1202 35 34 twoway taxiway_B 
1202 36 35 twoway taxiway_B 
1202 37 36 twoway taxiway_B 
1202 38 37 twoway taxiway_B 
1202 22 38 twoway taxiway_B 
1204 departure 17R,35L
1204 arrival 17R,35L
1204 ils 17R,35L
1202 39 21 twoway taxiway_B 
1204 departure 17R,35L
1204 arrival 17R,35L
1204 ils 17R,35L
1202 42 39 twoway taxiway_B 
1202 1 40 twoway taxiway_B 
1202 1 41 twoway taxiway_B 
1202 27 42 twoway taxiway_B 
1204 departure 17L,35R
1204 arrival 17L,35R
1204 ils 17L,35R
99
