I
850 Generated by WorldEditor 2.4.0r2

1     65 0 0 AYGN Gurney
1302 city Gurney
1302 country Papua New Guinea
1302 datum_lat -10.310416667
1302 datum_lon 150.334116667
1302 faa_code 
1302 gui_label 3D
1302 iata_code GUR
1302 icao_code AYGN
1302 region_code AY
1302 state Milne Bay
1302 transition_alt 20000
1302 transition_level 21000
1302 flatten 1
1302 drive_on_left 1
100 30.00 1 0 0.25 0 1 0  09 -10.30895375  150.32656300 0 60 2 0 0 0 27 -10.31241196  150.34414315 0 60 2 0 0 0
110 1 0.00 11.0 New Taxiway 3
111 -10.31113839  150.33823621
112 -10.31141421  150.33968403 -10.31127955  150.34014920
111 -10.31141421  150.33968403
112 -10.31141421  150.33968403 -10.31140947  150.33970040
112 -10.31139198  150.33967274 -10.31138143  150.33965180
111 -10.31139198  150.33967274
112 -10.31139198  150.33967274 -10.31135073  150.33959091 102
112 -10.31101674  150.33930546 -10.31077937  150.33931897
111 -10.31101674  150.33930546
112 -10.31101674  150.33930546 -10.31066721  150.33935977 102
112 -10.31064666  150.33980061 -10.31066111  150.33988533
111 -10.31064666  150.33980061
112 -10.31064666  150.33980061 -10.31065673  150.33985963 102
112 -10.31068011  150.33998518 -10.31069213  150.34004843
111 -10.31068011  150.33998518
112 -10.31068011  150.33998518 -10.31074798  150.34034219
111 -10.31083724  150.34072961
111 -10.31031284  150.34082990
111 -10.31004448  150.33954117
111 -10.30994228  150.33955777
111 -10.30979923  150.33873209
111 -10.30993768  150.33870728
111 -10.30998157  150.33893715 102
111 -10.31044767  150.33883355 102
112 -10.31097344  150.33911892 -10.31135895  150.33902831
111 -10.31097344  150.33911892
112 -10.31097344  150.33911892 -10.31115201  150.33907695 102
112 -10.31120119  150.33868992 -10.31120184  150.33849536
111 -10.31120119  150.33868992
114 -10.31120119  150.33868992 -10.31120195  150.33846446
110 1 0.25 11.6 runoff_27
111 -10.31245925  150.34368055 24
111 -10.31257280  150.34379691 24
111 -10.31262620  150.34410034 24
111 -10.31254603  150.34411532
111 -10.31227906  150.34416990 24
111 -10.31220261  150.34418271 24
111 -10.31214481  150.34387947 24
113 -10.31219323  150.34372229
110 1 0.25 11.6 runoff_09
111 -10.30891007  150.32704067 24
111 -10.30879629  150.32690916 24
111 -10.30873723  150.32660660 24
111 -10.30882266  150.32658914
111 -10.30908565  150.32653664 24
111 -10.30916596  150.32652167 24
111 -10.30922584  150.32682449 24
113 -10.30917650  150.32699807
110 1 0.25 11.6 turnaround_bay
111 -10.30985426  150.33068231
111 -10.31007306  150.33082586
111 -10.31009780  150.33097403
113 -10.30996644  150.33127581
110 3 2.00 191.0 New Taxiway 9
111 -10.31083724  150.34072961
111 -10.31089402  150.34098094
111 -10.31035740  150.34106028
113 -10.31031252  150.34083077
110 3 0.20 191.0 New Taxiway 10
111 -10.31068043  150.33998929
111 -10.31093583  150.33993521
111 -10.31106205  150.34059802
111 -10.31081785  150.34064552
113 -10.31074776  150.34032235
110 1 0.25 11.6 bcn_base
111 -10.31214087  150.33811946 20
112 -10.31218115  150.33815819 -10.31218184  150.33820139 20
111 -10.31214344  150.33819979 20
114 -10.31210781  150.33815977 -10.31210682  150.33811963 20
110 1 0.25 11.6 windsock_base
111 -10.31215774  150.33822873 20
112 -10.31223307  150.33829457 -10.31223533  150.33836807 20
111 -10.31217130  150.33836807 20
114 -10.31209748  150.33830146 -10.31209597  150.33823102 20
130 Airport Boundary 13
111 -10.31124693  150.33403433
111 -10.31235022  150.33840184
111 -10.31215279  150.33860645
111 -10.31351157  150.34574797
111 -10.31191278  150.34608242
111 -10.31091014  150.34099091
111 -10.30979137  150.34114830
111 -10.30909843  150.33786677
111 -10.31019397  150.33760708
111 -10.30780933  150.32518922
111 -10.30784030  150.32497675
111 -10.30809580  150.32467378
113 -10.30934855  150.32439595
120 Linear Feature 1
111 -10.31041713  150.34055899 2
116 -10.31054884  150.34060376 -10.31067297  150.34052587
120 Linear Feature 1
111 -10.31033492  150.34021742 2
116 -10.31046662  150.34026220 -10.31059076  150.34018431
120 Linear Feature 1
111 -10.31020761  150.33970778 2
116 -10.31034808  150.33976795 -10.31050551  150.33969706
120 Linear Feature 1
111 -10.31010209  150.33920095 2
116 -10.31024256  150.33926112 -10.31039998  150.33919023
120 Linear Feature 12
111 -10.31098411  150.33920977 1
112 -10.31147546  150.33942810 -10.31153272  150.33971929 1
115 -10.31155492  150.33983493
120 Linear Feature 11
111 -10.31098411  150.33920977 1
112 -10.31132222  150.33864923 -10.31122074  150.33811818
111 -10.31132222  150.33864923
112 -10.31132222  150.33864923 -10.31128756  150.33847403 1
115 -10.31125381  150.33830037
120 Linear Feature 8
111 -10.31054330  150.33984459 1
112 -10.31050951  150.33997843 -10.31049171  150.34000291
111 -10.31050951  150.33997843
112 -10.31050951  150.33997843 -10.31049865  150.33999337 1
112 -10.31034099  150.34020906 -10.31027473  150.34030038
111 -10.31034099  150.34020906
112 -10.31034099  150.34020906 -10.31033492  150.34021742
112 -10.31032360  150.34023302 -10.31031808  150.34024061
111 -10.31032360  150.34023302
112 -10.31032360  150.34023302 -10.31029063  150.34027843 1
115 -10.31025734  150.34032262
120 Linear Feature 6
111 -10.31061073  150.33927886 1
112 -10.31041847  150.33934169 -10.31034969  150.33938046 1
112 -10.31026632  150.33951648 -10.31024381  150.33958384
111 -10.31026632  150.33951648
112 -10.31026632  150.33951648 -10.31025452  150.33955178 1
112 -10.31020761  150.33970778 -10.31018611  150.33977975
111 -10.31020761  150.33970778
112 -10.31020761  150.33970778 -10.31020232  150.33972548
112 -10.31019271  150.33975779 -10.31018816  150.33977313
111 -10.31019271  150.33975779
112 -10.31019271  150.33975779 -10.31018045  150.33979907 1
115 -10.31016222  150.33985931
120 Linear Feature 5
111 -10.31098411  150.33920977 1
112 -10.31078261  150.33924719 -10.31068098  150.33926602
111 -10.31078261  150.33924719
112 -10.31078261  150.33924719 -10.31071740  150.33925927 1
112 -10.31061073  150.33927886 -10.31056999  150.33928628
111 -10.31061073  150.33927886
112 -10.31061073  150.33927886 -10.31050649  150.33929784 1
112 -10.31038309  150.33900830 -10.31033565  150.33895988
111 -10.31038309  150.33900830
112 -10.31038309  150.33900830 -10.31033445  150.33895667 1
112 -10.31015645  150.33903693 -10.31013623  150.33910809
111 -10.31015645  150.33903693
112 -10.31015645  150.33903693 -10.31014744  150.33906865 1
112 -10.31010210  150.33920118 -10.31008185  150.33926073
111 -10.31010210  150.33920118
112 -10.31010210  150.33920118 -10.31009742  150.33921493
112 -10.31008870  150.33924059 -10.31008447  150.33925302
111 -10.31008870  150.33924059
112 -10.31008870  150.33924059 -10.31007017  150.33929509 1
115 -10.31005688  150.33933421
120 Linear Feature 4
111 -10.31121796  150.33877049 3
112 -10.31097348  150.33914027 -10.31073579  150.33916817
111 -10.31097348  150.33914027
112 -10.31097348  150.33914027 -10.31076475  150.33916662 3
112 -10.31042370  150.33890057 -10.31023701  150.33857509
111 -10.31042370  150.33890057
112 -10.31042370  150.33890057 -10.31040684  150.33890320 3
111 -10.30997248  150.33900114 3
111 -10.31033466  150.34078102 3
111 -10.31077524  150.34068614 3
112 -10.31060162  150.33981518 -10.31054375  150.33951347 3
112 -10.31099924  150.33927472 -10.31123348  150.33925547 3
115 -10.31137117  150.33955201
120 Linear Feature 2
111 -10.30908565  150.32653664 24
115 -10.30882266  150.32658914
120 Linear Feature 1
111 -10.31227962  150.34416973 24
115 -10.31254618  150.34411537
120 Linear Feature 7
111 -10.31078143  150.33924738 1
112 -10.31052256  150.33972716 -10.31057079  150.34001969 1
112 -10.31059417  150.34031008 -10.31054906  150.34037491
111 -10.31059417  150.34031008
112 -10.31059417  150.34031008 -10.31056627  150.34035018 1
112 -10.31041713  150.34055899 -10.31035489  150.34064605
111 -10.31041713  150.34055899
112 -10.31041713  150.34055899 -10.31040641  150.34057398
112 -10.31038811  150.34060029 -10.31037928  150.34061264
111 -10.31038811  150.34060029
112 -10.31038811  150.34060029 -10.31036531  150.34063217 1
115 -10.31032991  150.34068023
120 Linear Feature 10
111 -10.31099924  150.33927472 12 103
115 -10.31097348  150.33914027
120 Linear Feature 6
111 -10.30977027  150.33988802 20
115 -10.30996749  150.33985290
120 Linear Feature 5
111 -10.30963503  150.33933540 20
115 -10.30957328  150.33934701
120 Linear Feature 4
111 -10.30967501  150.33900108 20
111 -10.30964543  150.33900606 20
111 -10.30969904  150.33933888 20
111 -10.30974130  150.33951569 20
112 -10.30980994  150.33958545 -10.30985745  150.33957607 20
115 -10.30992756  150.33956529
120 Linear Feature 3
111 -10.30949282  150.33948220 20
112 -10.30965223  150.33945125 -10.30966330  150.33944844 20
115 -10.30963503  150.33933540
120 Linear Feature 2
111 -10.30950674  150.33955764 20
112 -10.30967177  150.33952382 -10.30970056  150.33951876 20
112 -10.30970867  150.33956101 -10.30971366  150.33958328 20
115 -10.30977027  150.33988802
120 Linear Feature 13
111 -10.31040048  150.34052180 1
115 -10.31038921  150.34051306
120 Linear Feature 13
111 -10.31032191  150.34017540 1
115 -10.31031064  150.34016667
120 Linear Feature 13
111 -10.31017991  150.33967866 1
115 -10.31016647  150.33967410
120 Linear Feature 13
111 -10.31007760  150.33917763 1
115 -10.31006416  150.33917308
120 Linear Feature 12
111 -10.31039318  150.34053184 1
115 -10.31038178  150.34052243
120 Linear Feature 12
111 -10.31031461  150.34018544 1
115 -10.31030321  150.34017603
120 Linear Feature 12
111 -10.31017621  150.33969056 1
115 -10.31016242  150.33968541
120 Linear Feature 12
111 -10.31007389  150.33918954 1
115 -10.31006011  150.33918438
21 -10.30923080  150.32980092 2 101.8 3.50 New Light Fixture 3
21 -10.31221646  150.34148384 2 281.1 3.00 New Light Fixture 1
20 -10.30999189  150.33917276 11.1 0 3 {@Y}GURNEY_AIRPORT__MILNE_BAY_{@@}LUKIM_YU
20 -10.31012316  150.33999813 73.7 0 3 {@R}2
20 -10.31001973  150.33945081 68.2 0 3 {@R}1
20 -10.31028266  150.34074090 51.9 0 3 {@R}4
20 -10.31021077  150.34038263 51.2 0 3 {@R}3
14 -10.30996582  150.33960871 16 0 Gurney
1300 -10.31010210  150.33920118 71.6 tie_down turboprops|props Gate 1 (Airline)
1301 B airline 
1300 -10.31020761  150.33970778 71.6 tie_down turboprops|props Gate 2 (Airline)
1301 B airline 
1300 -10.31034087  150.34020980 53.3 tie_down turboprops|props Gate 3 (Cargo)
1301 B cargo 
1300 -10.31041713  150.34055899 54.4 tie_down turboprops|props Gate 4 (General)
1301 B cargo 
1300 -10.31070733  150.34080773 279.0 tie_down turboprops|props|helos Gate 6 (General)
1301 A general_aviation 
1300 -10.31080557  150.34011738 10.5 tie_down helos Helicopter 1
1301 A general_aviation 
1300 -10.31088517  150.34050499 10.6 tie_down helos Helicopter 2
1301 A general_aviation 
19 -10.31216309  150.33829924 0 New Windsock 13
19 -10.31283662  150.34379985 0 New Windsock 12
19 -10.30824796  150.32633123 0 New Windsock 11
99
