I
850 Generated by WorldEditor 2.3.1r1
1 311 0 0 AYGR Girua
1302 city Popondetta
1302 country Papua New Guinea
1302 datum_lat -8.8045
1302 datum_lon 148.308966667
1302 faa_code
1302 gui_label 3D
1302 iata_code PNP
1302 icao_code AYGR
1302 region_code AY
1302 state Northern (Oro)
1302 transition_alt 20000
1302 transition_level 21000
100 30.00 1 0 0.30 0 0 0 03 -08.81037595 148.30428815 0 0 2 0 0 0 21 -08.79846700 148.31363919 0 0 2 0 0 0
110 1 0.25 37.8000 New Taxiway 16
111 -08.79840558 148.31355824
111 -08.79832825 148.31345866
111 -08.79855438 148.31327905
113 -08.79878750 148.31324172
110 1 0.25 37.8000 New Taxiway 14
111 -08.81045868 148.30439675
111 -08.81056039 148.30453122
111 -08.81033744 148.30470260
111 -08.80996333 148.30475283
113 -08.81019793 148.30443223
110 1 0.30 0.0000 New Taxiway 2
111 -08.80473310 148.30880806
112 -08.80457998 148.30926006 -08.80459719 148.30938910
111 -08.80457998 148.30926006
112 -08.80457998 148.30926006 -08.80459628 148.30938230
112 -08.80477181 148.30952085 -08.80480732 148.30953538
111 -08.80477181 148.30952085
112 -08.80477181 148.30952085 -08.80484481 148.30955071
112 -08.80498190 148.30952759 -08.80502729 148.30949796
112 -08.80629109 148.30847668 -08.80647765 148.30831754
112 -08.80650898 148.30820156 -08.80651404 148.30812476
112 -08.80634384 148.30797595 -08.80622240 148.30793243
111 -08.80612511 148.30796361
111 -08.80605662 148.30789614
111 -08.80585007 148.30794597
111 -08.80686963 148.30714859
112 -08.80664468 148.30771169 -08.80670569 148.30785243
112 -08.80685798 148.30795181 -08.80697144 148.30798514
111 -08.80723823 148.30788901
111 -08.80749512 148.30820615
112 -08.80653900 148.30902626 -08.80640316 148.30914680
111 -08.80653900 148.30902626
112 -08.80653900 148.30902626 -08.80653805 148.30902704
112 -08.80657655 148.30907876 -08.80658051 148.30908381
111 -08.80657655 148.30907876
112 -08.80657655 148.30907876 -08.80657304 148.30908175
112 -08.80651597 148.30913051 -08.80650475 148.30914009
111 -08.80651597 148.30913051
112 -08.80651597 148.30913051 -08.80648989 148.30909993
112 -08.80652248 148.30894443 -08.80663448 148.30884076
111 -08.80652248 148.30894443
112 -08.80652248 148.30894443 -08.80657480 148.30889332
112 -08.80663041 148.30884013 -08.80663002 148.30883973
111 -08.80663041 148.30884013
112 -08.80663041 148.30884013 -08.80661187 148.30882110
112 -08.80655971 148.30877306 -08.80653101 148.30874797
111 -08.80655971 148.30877306
112 -08.80655971 148.30877306 -08.80649969 148.30872059
112 -08.80639881 148.30869642 -08.80636795 148.30869692
111 -08.80639881 148.30869642
112 -08.80639881 148.30869642 -08.80630746 148.30869790
111 -08.80621674 148.30875825
112 -08.80551474 148.30929364 -08.80525007 148.30950488
112 -08.80502627 148.30967322 -08.80498154 148.30968831
112 -08.80476534 148.30968535 -08.80464033 148.30964789
111 -08.80476534 148.30968535
112 -08.80476534 148.30968535 -08.80460524 148.30964120
112 -08.80445371 148.30944112 -08.80435478 148.30933732
111 -08.80445371 148.30944112
112 -08.80445371 148.30944112 -08.80438376 148.30939303
112 -08.80425811 148.30938135 -08.80419876 148.30938815
111 -08.80425811 148.30938135
112 -08.80425811 148.30938135 -08.80421148 148.30938670
113 -08.80387758 148.30950505
110 1 0.00 0.0000 windsock taxiw 1
111 -08.80871506 148.30636883 20
111 -08.80873458 148.30633516 20
111 -08.80877094 148.30632207 20
111 -08.80880708 148.30633569 20
111 -08.80882614 148.30636964 20
111 -08.80881916 148.30640803 20
111 -08.80878943 148.30643291 20
111 -08.80875085 148.30643263 20
113 -08.80872148 148.30640732 20
110 1 0.00 0.0000 windsock taxiw 1
111 -08.80881329 148.30647968 20
111 -08.80883282 148.30644602 20
111 -08.80886917 148.30643292 20
111 -08.80890532 148.30644655 20
111 -08.80892437 148.30648049 20
111 -08.80891740 148.30651889 20
111 -08.80888767 148.30654376 20
111 -08.80884909 148.30654348 20
113 -08.80881972 148.30651818 20
110 1 0.00 0.0000 windsock taxiw 2
111 -08.79963350 148.31373494 20
111 -08.79965303 148.31370128 20
111 -08.79968937 148.31368819 20
111 -08.79972553 148.31370180 20
111 -08.79974457 148.31373575 20
111 -08.79973760 148.31377415 20
111 -08.79970787 148.31379902 20
111 -08.79966930 148.31379874 20
113 -08.79963992 148.31377344 20
110 1 0.00 0.0000 New Taxiway 7
111 -08.80217866 148.31058455
111 -08.80218777 148.31038487
111 -08.80235171 148.31026199
113 -08.80263404 148.31023741
110 3 0.30 127.8100 New Taxiway 16
111 -08.80608321 148.30885788
111 -08.80622809 148.30904804
111 -08.80567939 148.30946637
111 -08.80553660 148.30927623
111 -08.80570967 148.30914117
113 -08.80578391 148.30908426
130 Airport Boundary 1
111 -08.81167060 148.30381467
111 -08.80973637 148.30619330
111 -08.80914391 148.30694835
111 -08.80776776 148.30869715
111 -08.80770580 148.30878786
111 -08.80763117 148.30888613
111 -08.80747359 148.30909405
111 -08.80719248 148.30945059
111 -08.80622787 148.31057142
111 -08.80546982 148.30963088
111 -08.79740548 148.31676163
111 -08.79699727 148.31555050
111 -08.79631197 148.31389026
111 -08.80509190 148.30698777
111 -08.80580727 148.30685990
111 -08.80614711 148.30649935
111 -08.80696717 148.30611612
111 -08.80737250 148.30562783
111 -08.80803517 148.30545025
111 -08.80880949 148.30488436
111 -08.80962683 148.30382512
113 -08.81020757 148.30267469
120 Linear Feature 20
112 -08.80759543 148.30871318 -08.80761450 148.30869584 24
112 -08.80752164 148.30861116 -08.80750616 148.30862511 24
112 -08.80704794 148.30899980 -08.80701150 148.30903088 24
114 -08.80712407 148.30910645 -08.80716622 148.30907103 24
120 Linear Feature 17
111 -08.80754993 148.30849823 24
112 -08.80707239 148.30888733 -08.80705068 148.30890372 24
112 -08.80697525 148.30892130 -08.80694735 148.30888862 24
115 -08.80685299 148.30877369
120 Linear Feature 19
111 -08.80644338 148.30775115 1
112 -08.80598292 148.30774610 -08.80580908 148.30787400
111 -08.80598292 148.30774610
112 -08.80598292 148.30774610 -08.80580916 148.30788225 1
115 -08.80573784 148.30793526
120 Linear Feature 18
111 -08.80679129 148.30863288 1
115 -08.80678843 148.30866527
120 Linear Feature 18
111 -08.80712705 148.30830687 1
115 -08.80708837 148.30830410
120 Linear Feature 18
111 -08.80712803 148.30829446 1
115 -08.80708900 148.30829135
120 Linear Feature 18
111 -08.80680219 148.30863428 1
115 -08.80679902 148.30866670
120 Linear Feature 14
112 -08.80723093 148.30819681 -08.80722994 148.30819632 1
115 -08.80710062 148.30818241
120 Linear Feature 13
111 -08.80716584 148.30819013 1
115 -08.80715153 148.30833705
120 Linear Feature 12
111 -08.80695840 148.30698264 1
112 -08.80663509 148.30723574 -08.80642412 148.30740292 1
112 -08.80644354 148.30775180 -08.80648845 148.30781610 1
112 -08.80669853 148.30809502 -08.80677052 148.30818761 1
112 -08.80725244 148.30807403 -08.80729148 148.30806415 1
116 -08.80715605 148.30829132 -08.80704991 148.30831601
120 Linear Feature 11
111 -08.80446075 148.30930551 1
112 -08.80453399 148.30888364 -08.80473076 148.30872897 1
115 -08.80489442 148.30859969
120 Linear Feature 10
111 -08.80657769 148.30837944 1
112 -08.80502725 148.30958244 -08.80493593 148.30964951
111 -08.80502725 148.30958244
112 -08.80502725 148.30958244 -08.80498530 148.30961325 1
112 -08.80472829 148.30957821 -08.80461065 148.30951222
111 -08.80472829 148.30957821
112 -08.80472829 148.30957821 -08.80458984 148.30950054 1
112 -08.80446066 148.30930539 -08.80444802 148.30929093
111 -08.80446066 148.30930539
112 -08.80446066 148.30930539 -08.80435461 148.30918802 1
112 -08.80401946 148.30928907 -08.80390141 148.30938503
111 -08.80401946 148.30928907
112 -08.80401946 148.30928907 -08.80392279 148.30936577 1
115 -08.80372539 148.30951794
120 Linear Feature 9
111 -08.80463028 148.30937813 4
115 -08.80449590 148.30948512
120 Linear Feature 9
111 -08.80662474 148.30781746 4
115 -08.80645523 148.30794326
120 Linear Feature 8
111 -08.80672090 148.30733079 3
112 -08.80661507 148.30746799 -08.80656505 148.30757293 3
112 -08.80658060 148.30774644 -08.80662330 148.30781804 3
112 -08.80674022 148.30797175 -08.80683952 148.30810516 3
111 -08.80722417 148.30796249 3
111 -08.80741251 148.30819398 3
111 -08.80664998 148.30881992 3
111 -08.80651089 148.30865325 3
112 -08.80657371 148.30810503 -08.80649758 148.30799688 3
112 -08.80642186 148.30790135 -08.80629156 148.30772979 3
115 -08.80599603 148.30790138
120 Linear Feature 17
111 -08.80674160 148.30863881 1
115 -08.80675896 148.30851651
120 Linear Feature 16
111 -08.80673135 148.30857851 1
115 -08.80683370 148.30859394
120 Linear Feature 15
112 -08.80669853 148.30809502 -08.80671167 148.30811259 1
112 -08.80668325 148.30836693 -08.80665817 148.30848984
111 -08.80668325 148.30836693
112 -08.80668325 148.30836693 -08.80666123 148.30847481 1
112 -08.80661217 148.30859091 -08.80660607 148.30860591
111 -08.80661217 148.30859091
112 -08.80661217 148.30859091 -08.80660348 148.30861455 1
116 -08.80673135 148.30857851 -08.80677773 148.30854573
120 Linear Feature 24
111 -08.79897187 148.31323542 1
111 -08.79886979 148.31331363 1
112 -08.79865931 148.31335635 -08.79853054 148.31337899
111 -08.79865931 148.31335635
112 -08.79865931 148.31335635 -08.79845903 148.31338997 1
112 -08.79852505 148.31359190 -08.79857138 148.31365521 1
112 -08.79871362 148.31356967 -08.79873261 148.31351217 1
112 -08.79874614 148.31341875 -08.79877705 148.31339260 1
115 -08.79878429 148.31338923
120 Linear Feature 23
111 -08.80965242 148.30486435 1
111 -08.80990813 148.30466407 1
112 -08.81029925 148.30462717 -08.81040417 148.30461482
111 -08.81029925 148.30462717
112 -08.81029925 148.30462717 -08.81038475 148.30461723 1
112 -08.81041747 148.30445531 -08.81041875 148.30437451
111 -08.81041747 148.30445531
112 -08.81041747 148.30445531 -08.81041701 148.30436043 1
112 -08.81022008 148.30434174 -08.81013691 148.30438701 1
116 -08.81010224 148.30450487 -08.81003819 148.30455014
120 Linear Feature 22
111 -08.79874307 148.31324948 24
111 -08.79855244 148.31327865 24
111 -08.79832768 148.31345965 24
115 -08.79838475 148.31353110
120 Linear Feature 21
111 -08.81001407 148.30474570 24
111 -08.81033773 148.30470369 24
111 -08.81056055 148.30452964 24
115 -08.81045868 148.30439675
120 Linear Feature 20
111 -08.80257134 148.31024247 24
111 -08.80235171 148.31026199 24
111 -08.80218777 148.31038487 24
115 -08.80217971 148.31055011
120 Linear Feature 23
111 -08.80698621 148.30925419 24
112 -08.80704634 148.30920861 -08.80706606 148.30919907 24
112 -08.80711286 148.30921539 -08.80714458 148.30918416 24
115 -08.80766221 148.30874882
120 Linear Feature 22
111 -08.80686604 148.30911267 24
112 -08.80693423 148.30905853 -08.80695923 148.30903985 24
112 -08.80701579 148.30917119 -08.80699972 148.30918686 24
115 -08.80695766 148.30922181
120 Linear Feature 21
112 -08.80769989 148.30869425 -08.80764862 148.30857417 24
115 -08.80757627 148.30853024
120 Linear Feature 18
111 -08.80679158 148.30882388 24
111 -08.80693732 148.30900308 24
115 -08.80683780 148.30908073
120 Linear Feature 24
111 -08.80685299 148.30877369 24
115 -08.80679136 148.30882375
20 -08.80703887 148.30854036 129.1800 0 3 {@Y}WELCOME_TO_GIRUA_AIRPORT_ORO_PROVINCE{@@}LUKIM_YU_BEHAIN
14 -08.80748872 148.30810921 9.84 0 New Tower Viewpoint 23
1300 -08.80715920 148.30826393 84.34 tie_down jets|turboprops|props|helos Airline 1
1301 B airline
1300 -08.80677416 148.30858515 171.10 tie_down jets|turboprops|props|helos Airline 2
1301 B airline
1300 -08.80606580 148.30901050 307.58 tie_down turboprops|props|helos General 1
1301 A general_aviation
1300 -08.80586759 148.30916493 308.87 tie_down turboprops|props|helos General 2
1301 A general_aviation
1300 -08.80569490 148.30930563 306.41 tie_down turboprops|props|helos General 3
1301 A general_aviation
19 -08.79968373 148.31374467 0 New Windsock 2
19 -08.80885931 148.30648762 0 New Windsock 1
99
