I
850 Generated by WorldEditor 2.4.0r2
1 120 0 0 AYGZ Gubam
1302 city Gubam
1302 country Papua New Guinea
1302 datum_lat -8.608765
1302 datum_lon 141.919638
1302 gui_label 3D
1302 iata_code
1302 icao_code
1302 local_authority
1302 local_code AG2613
1302 region_code AY
1302 state Western (Fly River)
1302 transition_alt 20000
1302 transition_level 21000
100 30.00 4 0 0.30 0 0 0 17 -08.60575974 141.91874414 0 0 0 0 0 0 35 -08.61193061 141.91949470 0 0 0 0 0 0
110 4 0.20 350.0 New Taxiway 2
112 -08.61184866 141.91956333 -08.61168041 141.91958977
112 -08.61162870 141.91980291 -08.61158379 141.91991071
112 -08.61135700 141.91976074 -08.6850529 141.91965734
114 -08.61108225 141.91938297 -08.61097367 141.91930243
130 Airport Boundary 1
111 -08.61171172 141.91972231
111 -08.61166750 141.91999365
111 -08.61114273 141.91992209
111 -08.61111270 141.91964724
111 -08.60534316 141.91893758
111 -08.60546163 141.91829107
111 -08.60605716 141.91827616
111 -08.60604242 141.91852066
111 -08.61210383 141.91921243
113 -08.61208024 141.91977300
14 -08.61126558 141.91985348 16 0 Gubam
1300 -08.61146216 141.91973855 197.0 misc turboprops|props|helos Startup Location
1301 A none
19 -08.61124329 141.91980032 0 New Windsock 32
19 -08.60589737 141.91838215 0 New Windsock 7
99
