I
850 Generated by WorldEditor 2.3.1r1

1     77 0 0 AYHK Hoskins
1302 city Hoskins
1302 country Papua New Guinea
1302 datum_lat -5.464166667
1302 datum_lon 150.406733333
1302 faa_code 
1302 gui_label 3D
1302 iata_code HKN
1302 icao_code AYHK
1302 region_code AY
1302 state West New Britain
1302 transition_alt 20000
1302 transition_level 21000
100 29.87 1 0 0.25 0 0 0 12 -05.45786725  150.40093159    0    0 2 0 0 0 30 -05.46948457  150.41353633    0    0 2 0 0 0
110 1 0.25 120.0000 N asphalt fuel lot
111 -05.45715856  150.40246625
112 -05.45714247  150.40241414 -05.45713247  150.40239980
112 -05.45686675  150.40201295 -05.45685199  150.40199908
112 -05.45674878  150.40197868 -05.45672498  150.40196482
112 -05.45652848  150.40171884 -05.45652848  150.40169397
112 -05.45664645  150.40161033 -05.45666311  150.40159981
112 -05.45691507  150.40151610 -05.45695315  150.40152279
112 -05.45721780  150.40177737 -05.45722160  150.40181467
112 -05.45702451  150.40197868 -05.45700642  150.40198633
111 -05.45693781  150.40198725
112 -05.45718653  150.40237417 -05.45719557  150.40238708
111 -05.45723113  150.40239705
113 -05.45719800  150.40243288
110 1 1.00 132.7700 Short turnaround Rwy 30
111 -05.46623696  150.41043707 20
111 -05.46618177  150.41015164
111 -05.46639761  150.41037764
111 -05.46653552  150.41053547 20
113 -05.46641734  150.41064575 20
110 1 1.00 132.7700 Turnaround Rwy 12
111 -05.45741002  150.40062497 20
111 -05.45770880  150.40034651 20
111 -05.45789075  150.40055531 20
111 -05.45796585  150.40083984
111 -05.45787283  150.40093180
113 -05.45776860  150.40102326 20
110 1 0.00 42.0000 Turnaround Rwy 30
111 -05.46938576  150.41362797
111 -05.46947949  150.41353773
111 -05.46958317  150.41344462
111 -05.46995408  150.41387777
111 -05.46974653  150.41404285
111 -05.46939228  150.41365614 20
111 -05.46929175  150.41374205 20
111 -05.46911036  150.41355126 20
111 -05.46904014  150.41325306
113 -05.46925199  150.41347660
110 1 0.00 42.0000 Main tarmac
112 -05.45802472  150.40236506 -05.45805812  150.40239369
111 -05.45802472  150.40236506
112 -05.45802472  150.40236506 -05.45809743  150.40242922
112 -05.45830344  150.40238717 -05.45837321  150.40232597
112 -05.45851127  150.40220051 -05.45856924  150.40214424
111 -05.45851127  150.40220051
112 -05.45851127  150.40220051 -05.45860363  150.40210575
112 -05.45852269  150.40184162 -05.45843426  150.40170245
111 -05.45852269  150.40184162
112 -05.45852269  150.40184162 -05.45856101  150.40188407
111 -05.45878193  150.40211153
112 -05.45902332  150.40238456 -05.45904395  150.40240924
111 -05.45902332  150.40238456
112 -05.45902332  150.40238456 -05.45888772  150.40231547
112 -05.45862364  150.40237475 -05.45852735  150.40245766
112 -05.45845983  150.40252212 -05.45841856  150.40256160
111 -05.45845983  150.40252212
112 -05.45845983  150.40252212 -05.45838122  150.40259812
112 -05.45845992  150.40283909 -05.45850119  150.40288450
111 -05.45845992  150.40283909
112 -05.45845992  150.40283909 -05.45850021  150.40288647
111 -05.45910539  150.40354399
111 -05.45853979  150.40406673
111 -05.45713882  150.40248500
113 -05.45766612  150.40198232
110 1 0.00 42.0000 Taxiway to Rwy 30
111 -05.45887138  150.40376028
112 -05.45889593  150.40388179 -05.45891600  150.40390426
112 -05.46225635  150.40752600 -05.46230548  150.40757634
111 -05.46225635  150.40752600
112 -05.46225635  150.40752600 -05.46237426  150.40765530
112 -05.46265889  150.40753343 -05.46276698  150.40743374
111 -05.46265889  150.40753343
112 -05.46265889  150.40753343 -05.46269820  150.40749691
112 -05.46308979  150.40708529 -05.46315169  150.40701422
111 -05.46306555  150.40677080
111 -05.46329258  150.40700642
111 -05.46352915  150.40727338
112 -05.46316978  150.40718594 -05.46310100  150.40725109
112 -05.46270047  150.40765037 -05.46265724  150.40768887
111 -05.46270047  150.40765037
112 -05.46270047  150.40765037 -05.46249708  150.40782113
112 -05.46215416  150.40761681 -05.46201365  150.40746480
111 -05.46215416  150.40761681
112 -05.46215416  150.40761681 -05.46208145  150.40754179
112 -05.45880553  150.40395187 -05.45878974  150.40393402
111 -05.45872069  150.40389953
113 -05.45878546  150.40383294
130 Airport Boundary 26
111 -05.45848886  150.39911218
111 -05.47173942  150.41364812
111 -05.46920895  150.41625270
111 -05.46446732  150.41106670
111 -05.46472814  150.41079182
111 -05.45826308  150.40386999
111 -05.45763056  150.40448772
111 -05.45644357  150.40319308
111 -05.45708883  150.40255103
113 -05.45438142  150.39960456
120 Tarmac outline
111 -05.45861658  150.40194389 20
112 -05.45854346  150.40221792 -05.45843452  150.40232168
111 -05.45854346  150.40221792
112 -05.45854346  150.40221792 -05.45844301  150.40231600 20
112 -05.45832132  150.40241833 -05.45826756  150.40246240
111 -05.45832132  150.40241833
112 -05.45832132  150.40241833 -05.45823926  150.40249367 20
112 -05.45797750  150.40237569 -05.45787846  150.40227051
111 -05.45797750  150.40237569
112 -05.45797750  150.40237569 -05.45791807  150.40231316 20
115 -05.45766763  150.40204310
120 Linear Feature 30
111 -05.45766197  150.40203741 20
111 -05.45717949  150.40248230 20
111 -05.45849536  150.40390934 20
111 -05.45896794  150.40345877 20
112 -05.45842178  150.40285753 -05.45838016  150.40280955
111 -05.45842178  150.40285753
112 -05.45842178  150.40285753 -05.45834058  150.40275609 20
112 -05.45841754  150.40251925 -05.45849396  150.40243905
111 -05.45841754  150.40251925
112 -05.45841754  150.40251925 -05.45846803  150.40247196 20
112 -05.45862977  150.40232168 -05.45869486  150.40225914
111 -05.45862977  150.40232168
112 -05.45862977  150.40232168 -05.45873872  150.40221650 20
115 -05.45893540  150.40228757
120 Hold
111 -05.45830418  150.40243404 5
115 -05.45839903  150.40254075
120 Linear Feature 3
112 -05.45824609  150.40257368 -05.45820004  150.40261309 10
112 -05.45818778  150.40273054 -05.45822018  150.40276823 10
112 -05.45869431  150.40330620 -05.45872672  150.40334218 10
112 -05.45868579  150.40343812 -05.45864997  150.40346725 10
111 -05.45859369  150.40346382 10
115 -05.45849306  150.40356491
120 Linear Feature 2
112 -05.45864188  150.40222765 -05.45874748  150.40213148 10
112 -05.45903766  150.40220584 -05.45914524  150.40232284
111 -05.45903766  150.40220584
112 -05.45903766  150.40220584 -05.45910675  150.40228219 10
115 -05.45936731  150.40256674
120 Linear Feature 1
111 -05.45750487  150.40238629 10
112 -05.45750289  150.40224947 -05.45753189  150.40219464 10
112 -05.45767068  150.40219295 -05.45771332  150.40224092 10
112 -05.45809607  150.40261235 -05.45812677  150.40263976
111 -05.45809607  150.40261235
112 -05.45809607  150.40261235 -05.45813906  150.40265484 10
111 -05.45824609  150.40257368 10
112 -05.45864188  150.40222765 -05.45868432  150.40218601
111 -05.45864188  150.40222765
112 -05.45864188  150.40222765 -05.45873959  150.40213743 10
112 -05.45870998  150.40185783 -05.45862312  150.40176364
111 -05.45870998  150.40185783
112 -05.45870998  150.40185783 -05.45866161  150.40180726 10
115 -05.45842967  150.40154948
120 Linear Feature 13
111 -05.45848385  150.40357183 2
112 -05.45843410  150.40361751 -05.45840753  150.40364461
111 -05.45843410  150.40361751
112 -05.45843410  150.40361751 -05.45839999  150.40364939 2
112 -05.45832040  150.40356326 -05.45831924  150.40352370
111 -05.45832040  150.40356326
112 -05.45832040  150.40356326 -05.45831622  150.40353453 2
115 -05.45832999  150.40345263
120 Linear Feature 12
112 -05.45818249  150.40322742 -05.45818331  150.40328774 1
112 -05.45823797  150.40338765 -05.45827992  150.40340913 2
115 -05.45835878  150.40337337
120 Linear Feature 11
112 -05.45781137  150.40297114 -05.45779804  150.40300509 2
112 -05.45786576  150.40307507 -05.45790717  150.40309468 2
115 -05.45798025  150.40307111
120 Linear Feature 6
111 -05.45818778  150.40273054 10
115 -05.45818249  150.40322742
120 Linear Feature 5
111 -05.45750487  150.40238629 10
115 -05.45745575  150.40253508
120 Linear Feature 4
112 -05.45809607  150.40261235 -05.45807071  150.40261050 10
112 -05.45787276  150.40260450 -05.45780170  150.40260946
111 -05.45787276  150.40260450
112 -05.45787276  150.40260450 -05.45784710  150.40260649 10
112 -05.45783183  150.40270216 -05.45783775  150.40272893 10
111 -05.45786765  150.40282552 10
115 -05.45781137  150.40297114
120 2_single_taxi_dash.lin
111 -05.45745575  150.40253508 2
112 -05.45748039  150.40264182 -05.45751823  150.40266578 2
115 -05.45760130  150.40265008
21 -05.46743026  150.41062286 2 312.7700 3.00 30 PAPI-4L
21 -05.45916206  150.40291748 2 132.7700 3.00 12 PAPI-4L
14 -05.45741164  150.40307640   6.56 0 New Tower Viewpoint 4
1300 -05.45851383  150.40354391  45.34 tie_down jets|turboprops|props New Ramp Start 18
1301 A none 
1300 -05.45818209  150.40320240  89.45 tie_down jets|turboprops|props New Ramp Start 17
1301 A none 
1300 -05.45782227  150.40294467  69.06 tie_down jets|turboprops|props New Ramp Start 16
1301 A none 
1300 -05.45746289  150.40251211  71.83 tie_down jets|turboprops|props New Ramp Start 15
1301 A none 
99
