I
850 Generated by WorldEditor 2.3.1r1

1     26 0 0 AYKA Losuia
1302 city Losuia
1302 country Papua New Guinea
1302 datum_lat -8.506283333
1302 datum_lon 151.080933333
1302 faa_code 
1302 gui_label 3D
1302 iata_code LSA
1302 icao_code AYKA
1302 region_code AY
1302 state Milne Bay
1302 transition_alt 20000
1302 transition_level 21000
100 35.00 4 0 0.30 0 0 0 14 -08.50042832  151.07591432    0    0 0 0 0 0 32 -08.51221384  151.08608108    0    0 0 0 0 0
110 4 0.30 0.0000 New Taxiway 4
111 -08.50972648  151.08402598
112 -08.50930304  151.08404062 -08.50921256  151.08409185
112 -08.50908589  151.08427482 -08.50900264  151.08442486
112 -08.50916551  151.08468834 -08.50908951  151.08482374
112 -08.50881083  151.08507258 -08.50873483  151.08511649
112 -08.50819195  151.08453464 -08.50827157  151.08442486
112 -08.50857196  151.08405160 -08.50865521  151.08394182
112 -08.50886150  151.08407722 -08.50900265  151.08407722
112 -08.50908589  151.08388693 -08.50912208  151.08381008
113 -08.50902436  151.08341852
130 Airport Boundary 3
111 -08.51300072  151.08617233
111 -08.51250811  151.08661960
111 -08.51224170  151.08666788
111 -08.51083676  151.08620791
111 -08.50927851  151.08466789
111 -08.50870045  151.08523968
111 -08.50816512  151.08472126
111 -08.50815758  151.08455099
111 -08.50878842  151.08371492
111 -08.49994157  151.07597175
113 -08.50038392  151.07524750
14 -08.50866465  151.08484946  39.37 0 New Tower Viewpoint 6
1300 -08.50857316  151.08455896  98.40 misc turboprops|props|helos Losuia Ramp
1301 B none 
19 -08.51011277  151.08475703 0 New Windsock 19
19 -08.50117143  151.07601644 0 New Windsock 17
99
