I
850 Generated by WorldEditor 2.3.0r2
1 9 0 0 AYKM Kerema
1302 city Kerema
1302 country Papua New Guinea
1302 datum_lat -7.963816667
1302 datum_lon 145.771866667
1302 faa_code
1302 gui_label 3D
1302 iata_code KMA
1302 icao_code AYKM
1302 region_code AY
1302 state Gulf
1302 transition_alt 20000
1302 transition_level 21000
100 18.29 1 0 0.25 0 1 0 14 -07.96012856 145.76891696 0 0 2 0 0 1 32 -07.96715910 145.77370415 0 0 2 0 0 1
102 H4 -07.96309182 145.77171206 234.22 11.10 10.20 2 0 0 0.00 0
110 2 0.00 157.0000 New Taxiway 8
111 -07.96685081 145.77338688
111 -07.96706107 145.77343765
111 -07.96730059 145.77360842
111 -07.96711958 145.77387058
111 -07.96687183 145.77370627
113 -07.96674750 145.77353272
110 2 0.00 157.0000 New Taxiway 7
111 -07.96041493 145.76921577
111 -07.96026639 145.76920469
111 -07.96001013 145.76901195
111 -07.96018455 145.76874810
111 -07.96045113 145.76893109
113 -07.96050598 145.76906955
110 2 0.00 157.0000 New Taxiway 1
111 -07.96371858 145.77145678
112 -07.96366055 145.77147203 -07.96363750 145.77149851
112 -07.96355544 145.77159797 -07.96352298 145.77164947
112 -07.96355700 145.77174697 -07.96359250 145.77177421
111 -07.96355700 145.77174697
112 -07.96355700 145.77174697 -07.96362286 145.77180040
112 -07.96368675 145.77176012 -07.96370218 145.77177139
111 -07.96368675 145.77176012
112 -07.96368675 145.77176012 -07.96373270 145.77179368
111 -07.96379954 145.77184034
111 -07.96363833 145.77210827
111 -07.96348028 145.77213709
111 -07.96293345 145.77177299
111 -07.96301750 145.77163942
111 -07.96310114 145.77150758
111 -07.96331966 145.77165355
112 -07.96339775 145.77164749 -07.96342992 145.77160107
112 -07.96352796 145.77142114 -07.96355196 145.77135079
113 -07.96350983 145.7713850
130 Airport Boundary 9
111 -07.95925097 145.76859525
111 -07.95952837 145.76821209
111 -07.96781806 145.77385520
111 -07.96748923 145.77433085
111 -07.96387160 145.77186212
111 -07.96356724 145.77223623
111 -07.96291195 145.77178822
111 -07.96273699 145.77183979
111 -07.96257363 145.77172487
113 -07.96263138 145.77155722
120 Linear Feature 6
111 -07.96361222 145.77139890 51 101
116 -07.96376511 145.77139107 -07.96386387 145.77145963
120 Linear Feature 5
111 -07.96355432 145.77124967 51 101
112 -07.96361222 145.77139890 -07.96357184 145.77147967 51 101
111 -07.96346726 145.77164654 51 101
112 -07.96347063 145.77175043 -07.96352040 145.77179131 51 101
111 -07.96356492 145.77183998 51 101
112 -07.96356001 145.77197934 -07.96349937 145.77205000 51 101
115 -07.96343134 145.77194382
120 Linear Feature 4
111 -07.96354021 145.77134373 20
112 -07.96353440 145.77143259 -07.96351869 145.77147121 20
111 -07.96340206 145.77165216 20
112 -07.96331610 145.77165784 -07.96326722 145.77161874 20
111 -07.96311787 145.77152319 20
111 -07.96299570 145.77171867 20
111 -07.96350433 145.77209074 20
111 -07.96361074 145.77207080 20
111 -07.96372483 145.77188803 20
111 -07.96354290 145.77175389 20
112 -07.96355156 145.77159890 -07.96362324 145.77147592 20
116 -07.96369676 145.77144869 -07.96371484 145.77144780
21 -07.96115270 145.76991526 2 145.3300 3.00 New Light Fixture 191
20 -07.96351931 145.77141894 234.6100 0 3 {@L}A{@R}32-14
20 -07.96363995 145.77150075 234.6100 0 3 {@L}A{@R}32-14
1300 -07.96341540 145.77191639 -55.56 tie_down jets|turboprops|props C1
1301 B general_aviation
1050 127700 KMA AWOS
1200
1201 -07.96358804 145.77191291 both 0 A_stop
1201 -07.96348770 145.77179099 both 1 A_stop
1201 -07.96344324 145.77172681 both 2 A_stop
1201 -07.96345537 145.77166746 both 3 A_stop
1201 -07.96700486 145.77359994 both 4 A_stop
1201 -07.96033596 145.76905917 both 5 A_start
1201 -07.96365739 145.77131956 both 6 A_start
1202 1 0 twoway taxiway_B A
1202 2 1 twoway taxiway_B A
1202 3 2 twoway taxiway_B A
1204 departure 14,32
1204 arrival 14,32
1202 6 3 twoway taxiway_B A
1204 departure 14,32
1204 arrival 14,32
1202 5 6 twoway runway 14/32
1204 departure 14,32
1204 arrival 14,32
1204 ils 14,32
1202 6 4 twoway runway 14/32
1204 departure 14,32
1204 arrival 14,32
1204 ils 14,32
99
