I
850 Generated by WorldEditor 2.3.1r1

1     12 0 0 AYKV Kavieng
1302 city Kavieng
1302 country Papua New Guinea
1302 datum_lat -2.578983333
1302 datum_lon 150.807433333
1302 faa_code 
1302 gui_label 3D
1302 iata_code KVG
1302 icao_code AYKV
1302 region_code AY
1302 state New Ireland
1302 transition_alt 20000
1302 transition_level 21000
100 30.00 1 0 1.00 0 1 0 12 -02.57499358  150.80177195    0    0 2 0 0 0 30 -02.58377867  150.81425442    0   60 2 0 0 0
110 1 0.00 0.0000 New Taxiway 2
111 -02.57857341  150.80674174
112 -02.57878728  150.80692568 -02.57890749  150.80701641
111 -02.57878728  150.80692568
112 -02.57878728  150.80692568 -02.57892370  150.80702865 102
112 -02.57920271  150.80708693 -02.57931103  150.80704533
111 -02.57920271  150.80708693
112 -02.57920271  150.80708693 -02.57923151  150.80707140 102
111 -02.57945229  150.80693351 102
111 -02.57958881  150.80684079 102
112 -02.57971424  150.80664933 -02.57974946  150.80653742 102
111 -02.57967564  150.80641201 102
111 -02.57942325  150.80608179 102
111 -02.57964826  150.80588601
111 -02.57969186  150.80584807
111 -02.57997820  150.80623149
111 -02.58011757  150.80612650
111 -02.58015135  150.80617414
111 -02.58014557  150.80617813
111 -02.58027869  150.80636846
111 -02.58015125  150.80646230
111 -02.58086025  150.80741026
111 -02.58082252  150.80743816 102
111 -02.58052013  150.80766178 102
111 -02.58000982  150.80699305 102
112 -02.57982083  150.80688863 -02.57973046  150.80687943 102
111 -02.57965144  150.80693725 102
112 -02.57927415  150.80719769 -02.57926090  150.80721294 102
112 -02.57920965  150.80738372 -02.57921227  150.80749988
111 -02.57920965  150.80738372
112 -02.57920965  150.80738372 -02.57921078  150.80743367 102
112 -02.57929480  150.80764195 -02.57933938  150.80774532
111 -02.57929480  150.80764195
112 -02.57929480  150.80764195 -02.57935388  150.80777894
111 -02.57942202  150.80791321
113 -02.57896443  150.80733622
110 1 0.00 0.0000 New Taxiway 6
111 -02.57531844  150.80212042
111 -02.57510093  150.80177144
111 -02.57510398  150.80169394 20
111 -02.57520178  150.80162466 20
112 -02.57536210  150.80186173 -02.57537182  150.80187804 20
112 -02.57540955  150.80202845 -02.57541350  150.80205845 20
113 -02.57542507  150.80215041
110 1 0.25 125.2000 New Taxiway 5
111 -02.58368899  150.81431670
111 -02.58366832  150.81433225 20
111 -02.58356813  150.81440403 20
112 -02.58345209  150.81424295 -02.58343724  150.81422257 20
111 -02.58341822  150.81415012 20
111 -02.58340607  150.81395964
113 -02.58340746  150.81390826
110 1 0.25 125.2000 New Taxiway 5
111 -02.58294234  150.81323841
111 -02.58277447  150.81324421
112 -02.58260657  150.81302644 -02.58259134  150.81300634
112 -02.58256584  150.81293427 -02.58255563  150.81289083
113 -02.58252453  150.81265270
130 Airport Boundary 1
111 -02.57918645  150.80517476
111 -02.57942506  150.80536430
111 -02.57968398  150.80552794
111 -02.58037806  150.80575351
111 -02.58057426  150.80593705
111 -02.58110682  150.80668770
111 -02.58116461  150.80670869
111 -02.58167713  150.80744821
111 -02.58185716  150.80761246
111 -02.58187595  150.80898310
111 -02.58492648  150.81325137
111 -02.58555020  150.81358625
111 -02.58626308  150.81457252
111 -02.58341051  150.81653605
111 -02.57398183  150.80316332
111 -02.57443855  150.80281653
111 -02.57284758  150.80051237
113 -02.57482176  150.79911941
120 Linear Feature 2
111 -02.57995253  150.80633672 1
115 -02.57996807  150.80633690
120 Linear Feature 2
111 -02.57995288  150.80632834 1
115 -02.57996842  150.80632851
120 Linear Feature 2
111 -02.58323543  150.81349579 1
112 -02.58344286  150.81379152 -02.58350015  150.81387261
111 -02.58344286  150.81379152
112 -02.58344286  150.81379152 -02.58349338  150.81390283 1
112 -02.58347883  150.81411696 -02.58348696  150.81420546 1
111 -02.58351421  150.81423412 2
115 -02.58357331  150.81431416
120 Linear Feature 1
112 -02.57547438  150.80244943 -02.57547438  150.80244946 1
112 -02.57536365  150.80228866 -02.57530968  150.80220834
111 -02.57536365  150.80228866
112 -02.57536365  150.80228866 -02.57533943  150.80224701 1
112 -02.57531061  150.80216845 -02.57530261  150.80213296
111 -02.57531061  150.80216845
112 -02.57531061  150.80216845 -02.57529719  150.80208419 1
112 -02.57527520  150.80186637 -02.57524600  150.80179401
111 -02.57527520  150.80186637
112 -02.57527520  150.80186637 -02.57526649  150.80184893 2
115 -02.57516820  150.80171178
120 Linear Feature 4
111 -02.57965485  150.80589469 3
111 -02.58081646  150.80742857 3
111 -02.58052398  150.80765001 3
111 -02.58001772  150.80698993 3
112 -02.57991447  150.80691228 -02.57984652  150.80687606 3
112 -02.57963937  150.80693732 -02.57951292  150.80702480
111 -02.57963937  150.80693732
112 -02.57963937  150.80693732 -02.57956753  150.80698702 3
112 -02.57926615  150.80719598 -02.57916023  150.80728456
111 -02.57926615  150.80719598
112 -02.57926615  150.80719598 -02.57918806  150.80729233 3
116 -02.57925965  150.80759353 -02.57937402  150.80775551
120 Line
111 -02.57975361  150.80679931 1
112 -02.58008960  150.80692649 -02.58022367  150.80711240 1
112 -02.58035499  150.80729347 -02.58050107  150.80749426
111 -02.58035499  150.80729347
112 -02.58035499  150.80729347 -02.58041703  150.80736814 1
112 -02.58047533  150.80720889 -02.58041919  150.80713421
111 -02.58047533  150.80720889
112 -02.58047533  150.80720889 -02.58043812  150.80715600 1
115 -02.58030951  150.80697117
120 Linear Feature 8
112 -02.57921476  150.80716712 -02.57914821  150.80718736 1
116 -02.57869476  150.80701507 -02.57847316  150.80669737
120 Linear Feature 7
112 -02.57915627  150.80767382 -02.57902814  150.80748729 1
112 -02.57921495  150.80716712 -02.57934560  150.80707272 1
112 -02.57988057  150.80671524 -02.57992577  150.80668862
111 -02.57988057  150.80671524
112 -02.57988057  150.80671524 -02.57993925  150.80667715 1
112 -02.57992687  150.80655260 -02.57993391  150.80647379
111 -02.57992687  150.80655260
112 -02.57992687  150.80655260 -02.57992587  150.80655308 1
115 -02.57992991  150.80632280
120 Linear Feature 11
112 -02.58030951  150.80697117 -02.58024220  150.80686635 2
116 -02.58006849  150.80682204 -02.57996078  150.80682759
120 Linear Feature 10
112 -02.57992983  150.80632274 -02.57982674  150.80628167 2
116 -02.57979394  150.80647548 -02.57979753  150.80658124
120 Linear Feature 3
111 -02.57965490  150.80589488 3
111 -02.57943016  150.80608482 3
111 -02.57967878  150.80640963 3
112 -02.57972237  150.80652228 -02.57973413  150.80659217 3
112 -02.57971867  150.80665280 -02.57971119  150.80668739 3
112 -02.57959534  150.80684739 -02.57953558  150.80689957
111 -02.57959534  150.80684739
112 -02.57959534  150.80684739 -02.57950017  150.80691962 3
112 -02.57919718  150.80709811 -02.57916065  150.80711818
111 -02.57919718  150.80709811
112 -02.57919718  150.80709811 -02.57905957  150.80714421 3
116 -02.57880584  150.80695260 -02.57872562  150.80684066
120 Linear Feature 12
111 -02.57947329  150.80693023 4
115 -02.57952823  150.80701071
120 Linear Feature 3
111 -02.58034049  150.80696286 1
115 -02.58035960  150.80695180
120 Linear Feature 3
111 -02.58033670  150.80695695 1
115 -02.58035580  150.80694590
21 -02.57632518  150.80426820 2 126.2500 3.00 New Light Fixture 37
21 -02.58253222  150.81163018 2 302.6200 3.00 New Light Fixture 39
20 -02.58054322  150.80670963 215.1498 0 3 {@Y}KAVIENG_AIRPORT{@@}LUKIM_YU_BEHAIN
14 -02.58034226  150.80659121   6.56 0 New Tower Viewpoint 31
1300 -02.57951333  150.80607990 133.00 tie_down turboprops|props|helos Ramp Start (General)
1301 A general_aviation 
1300 -02.58038112  150.80707284 305.38 tie_down jets|turboprops|props|helos Ramp Start (Airline)
1301 B airline 
19 -02.57934243  150.80600420 1 New Windsock 22
19 -02.57431655  150.80305946 1 New Windsock 33
19 -02.58420094  150.81285267 1 New Windsock 34
99
