I
850 Generated by WorldEditor 2.4.0r2
1 167 0 0 AYKY Lihir (Kunaye)
1302 city Londolovit
1302 country Papua New Guinea
1302 datum_lat -3.04361
1302 datum_lon 152.628998
1302 faa_code
1302 gui_label 3D
1302 iata_code LNV
1302 icao_code AYKY
1302 region_code AY
1302 state New Ireland
1302 transition_alt 20000
1302 transition_level 21000
100 30.00 5 0 0.25 0 1 0 12 -03.04004634 152.62536263 0 0 0 0 0 0 30 -03.04753549 152.63314463 0 0 0 0 0 0
110 5 0.20 0.0 New Taxiway 4
112 -03.04749699 152.63315897 -03.04749868 152.63315998
112 -03.04733099 152.63329638 -03.04726997 152.63331675
112 -03.04721702 152.63317440 -03.04719522 152.63307256
114 -03.04713196 152.63276086 -03.04713192 152.63276087
110 5 0.20 0.0 New Taxiway 3
112 -03.03968790 152.62529897 -03.03970696 152.62524480
112 -03.04002527 152.62497072 -03.04014450 152.62498796
111 -03.04037181 152.62533704
111 -03.04049671 152.62570577
111 -03.04012107 152.62530339
111 -03.04008555 152.62555834
114 -03.03979696 152.62542983 -03.03969703 152.62535329
110 5 0.00 0.0 New Taxiway 2
112 -03.04231216 152.62761055 -03.04232052 152.62761474
111 -03.04231216 152.62761055
112 -03.04231216 152.62761055 -03.04231573 152.62761234
112 -03.04240048 152.62761417 -03.04244658 152.62761372
111 -03.04240048 152.62761417
112 -03.04240048 152.62761417 -03.04246244 152.62761356 102
112 -03.04255937 152.62758960 -03.04258093 152.62757120
111 -03.04255937 152.62758960
112 -03.04255937 152.62758960 -03.04259696 152.62755752 102
112 -03.04263852 152.62751942 -03.04264270 152.62750487
112 -03.04245860 152.62733889 -03.04245860 152.62731101
112 -03.04278915 152.62698204 -03.04282184 152.62697840
111 -03.04278915 152.62698204
112 -03.04278915 152.62698204 -03.04279669 152.62698120
112 -03.04295309 152.62713099 -03.04295307 152.62713099
111 -03.04295309 152.62713099
112 -03.04295309 152.62713099 -03.04295309 152.62713100
112 -03.04303321 152.62704332 -03.04303318 152.62704328
111 -03.04303321 152.62704332
112 -03.04303321 152.62704332 -03.04303327 152.62704338
112 -03.04318010 152.62718247 -03.04322845 152.62723097
111 -03.04318010 152.62718247
112 -03.04318010 152.62718247 -03.04318233 152.62718471
112 -03.04309666 152.62727361 -03.04309891 152.62727586
111 -03.04309666 152.62727361
112 -03.04309666 152.62727361 -03.04342721 152.62760547
112 -03.04390424 152.62812384 -03.04390344 152.62814317
111 -03.04390424 152.62812384
112 -03.04390424 152.62812384 -03.04390303 152.62815294
112 -03.04368457 152.62832287 -03.04366036 152.62832287
112 -03.04355068 152.62820554 -03.04352404 152.62817887 102
112 -03.04341260 152.62821602 -03.04337265 152.62825361 102
112 -03.04323641 152.62838173 -03.04322029 152.62840022
111 -03.04323641 152.62838173
112 -03.04323641 152.62838173 -03.04322646 152.62839449 102
112 -03.04323955 152.62848559 -03.04324827 152.62853303
111 -03.04323955 152.62848559
112 -03.04323955 152.62848559 -03.04325235 152.62855521
111 -03.04327452 152.62863294
111 -03.04289376 152.62820974
112 -03.04302522 152.62826225 -03.04309023 152.62827821
111 -03.04302522 152.62826225
112 -03.04302522 152.62826225 -03.04306307 152.62827154 102
112 -03.04312389 152.62825792 -03.04314736 152.62824199
111 -03.04312389 152.62825792
112 -03.04312389 152.62825792 -03.04318767 152.62821461 102
112 -03.04332264 152.62808613 -03.04334443 152.62806673 102
112 -03.04332682 152.62797928 -03.04329898 152.62794776 102
112 -03.04293978 152.62758122 -03.04290467 152.62755697 102
112 -03.04283727 152.62757913 -03.04281801 152.62759478
111 -03.04283727 152.62757913
112 -03.04283727 152.62757913 -03.04282043 152.62759599 102
112 -03.04266798 152.62771958 -03.04261074 152.62778293
111 -03.04266798 152.62771958
112 -03.04266798 152.62771958 -03.04263765 152.62774417 102
112 -03.04263073 152.62785260 -03.04263110 152.62790362
111 -03.04263073 152.62785260
112 -03.04263073 152.62785260 -03.04263114 152.62790800
113 -03.04264061 152.62795623
130 Airport Boundary 4
111 -03.04079493 152.62554396
111 -03.04194144 152.62668324
111 -03.04257544 152.62615452
111 -03.04287366 152.62688676
111 -03.04297086 152.62698631
111 -03.04332216 152.62729777
111 -03.04328551 152.62733447
111 -03.04399552 152.62810512
111 -03.04366571 152.62847209
111 -03.04448656 152.62936247
111 -03.04522316 152.63007302
111 -03.04674396 152.63171065
111 -03.04707377 152.63210515
111 -03.04779294 152.63291250
111 -03.04860831 152.63369691
111 -03.04805404 152.63422902
111 -03.04666150 152.63280240
111 -03.04516361 152.63124734
111 -03.04293280 152.62896751
111 -03.04068824 152.62659135
111 -03.04059205 152.62656383
111 -03.03942854 152.62536657
113 -03.04007443 152.62472896
21 -03.04566433 152.63081269 2 312.2 3.00 New Light Fixture 4
21 -03.04191974 152.62772983 2 133.0 3.00 New Light Fixture 3
14 -03.04296139 152.62773263 16 0 Lihir (Kunaye)
1300 -03.04289054 152.62724403 136.7 tie_down jets|turboprops|props|helos Startup Location 1 (Airline)
1301 B airline
1300 -03.04320757 152.62762029 313.3 tie_down jets|turboprops|props|helos Startup Location 2 (Airline)
1301 B airline
1300 -03.04266640 152.62739613 148.4 tie_down jets|turboprops|props|helos Startup Location 3 (General)
1301 B general_aviation
1300 -03.04366233 152.62811239 317.5 tie_down jets|turboprops|props|helos Startup Location 4 (Cargo)
1301 B cargo
19 -03.04583500 152.63187268 0 New Windsock 1
19 -03.04239914 152.62659788 0 Windsock
99
