A
1000 Generated by WorldEditor
1 1750 0 0 AYLU Lumi
100 30.48 4 0 0.25 0 0 0 09 -03.47568214 142.03660732 0 0 0 0 0 0 27 -03.47544186 142.04350068 0 0 0 0 0 0
110 4 0.25 0.0000 xxx
111 -03.47539215 142.04339069
111 -03.47511785 142.04339069
111 -03.47511785 142.04320931
113 -03.47539215 142.04320931
110 4 0.25 270.6500 xxx
111 -03.47461583 142.04358990
111 -03.47460961 142.04304033
111 -03.47515817 142.04303410
113 -03.47516439 142.04358367
14 -03.47470300 142.04314000 6.00 0 Tower Viewpoint
15 -03.47472800 142.04349600 180.00 Custom Startup Location
19 -03.47584400 142.04350900 0 Windsock
50 12770 LMI AWOS
99
