I
850 Generated by WorldEditor 2.3.1r1
1 13 0 0 AYMO Momote
1302 city Lorengau
1302 country Papua New Guinea
1302 datum_lat -2.059983333
1302 datum_lon 147.424116667
1302 faa_code
1302 gui_label 3D
1302 iata_code MAS
1302 icao_code AYMO
1302 region_code AY
1302 state Manus
1302 transition_alt 20000
1302 transition_level 21000
100 45.00 1 0 0.00 0 1 0 16 -02.05395153 147.42139097 0 0 2 0 0 0 34 -02.06933233 147.42675662 0 60 2 0 0 0
110 1 0.10 250.8000 New Taxiway 5
111 -02.06417295 147.42279488 3 102
111 -02.06390134 147.42355113 3 102
111 -02.06352937 147.42341525 3 102
112 -02.06321174 147.42357520 -02.06312869 147.42380671 3 102
112 -02.06303340 147.42413014 -02.06297012 147.42432207
111 -02.06303340 147.42413014
112 -02.06303340 147.42413014 -02.06300827 147.42420634 3 102
112 -02.06308813 147.42436118 -02.06313592 147.42443327
111 -02.06308813 147.42436118
112 -02.06308813 147.42436118 -02.06316071 147.42447065
111 -02.06326957 147.42455553
111 -02.06241343 147.42421286
112 -02.06257985 147.42418907 -02.06266869 147.42416556
111 -02.06257985 147.42418907
112 -02.06257985 147.42418907 -02.06266934 147.42416539 3 102
112 -02.06281493 147.42402379 -02.06285958 147.42392947
111 -02.06281493 147.42402379
112 -02.06281493 147.42402379 -02.06290391 147.42383582 3 102
112 -02.06299797 147.42351568 -02.06308102 147.42327825 3 102
111 -02.06287398 147.42320255 3 102
111 -02.06230125 147.42300758 3 102
113 -02.06257285 147.42228087 3
110 1 0.30 160.7800 New Taxiway 2
111 -02.06080964 147.42387903
112 -02.06054249 147.42390987 -02.06040899 147.42394156
111 -02.06054249 147.42390987
112 -02.06054249 147.42390987 -02.06043030 147.42393650 3 102
112 -02.06028572 147.42407848 -02.06025321 147.42417086
111 -02.06028572 147.42407848
112 -02.06028572 147.42407848 -02.06026496 147.42413747 3 102
112 -02.06022674 147.42424270 -02.06020946 147.42429050
111 -02.06022674 147.42424270
112 -02.06022674 147.42424270 -02.06022574 147.42424544 3
112 -02.06022379 147.42425085 -02.06022281 147.42425355
111 -02.06022379 147.42425085
112 -02.06022379 147.42425085 -02.06018350 147.42436221 3 102
111 -02.06015741 147.42443117
111 -02.06016049 147.42443284
111 -02.06342480 147.42560966
112 -02.06364089 147.42548780 -02.06373526 147.42532637
111 -02.06364089 147.42548780
112 -02.06364089 147.42548780 -02.06369479 147.42539888
112 -02.06381305 147.42517410 -02.06386499 147.42507376
111 -02.06381305 147.42517410
112 -02.06381305 147.42517410 -02.06383244 147.42513664
112 -02.06383367 147.42505170 -02.06383110 147.42501132
111 -02.06383367 147.42505170
112 -02.06383367 147.42505170 -02.06382967 147.42498883
111 -02.06381025 147.42493610
111 -02.06421680 147.42507139
112 -02.06407704 147.42513750 -02.06401196 147.42516736
111 -02.06407704 147.42513750
112 -02.06407704 147.42513750 -02.06404173 147.42515370
112 -02.06398355 147.42521171 -02.06396017 147.42524609
111 -02.06398355 147.42521171
112 -02.06398355 147.42521171 -02.06389339 147.42536932
112 -02.06378284 147.42555497 -02.06372031 147.42566311
111 -02.06378284 147.42555497
112 -02.06378284 147.42555497 -02.06363169 147.42583260
111 -02.06337519 147.42574380
111 -02.06048624 147.42472791
111 -02.06011774 147.42570781
111 -02.06007591 147.42569325 3 102
111 -02.05956637 147.42551976 3 102
112 -02.06003273 147.42417550 -02.06017254 147.42376057
111 -02.06003273 147.42417550
112 -02.06003273 147.42417550 -02.06005735 147.42410243 3 102
112 -02.06008641 147.42401203 -02.06009665 147.42397875
111 -02.06008641 147.42401203
112 -02.06008641 147.42401203 -02.06011767 147.42391037 3 102
112 -02.06001222 147.42372023 -02.05995292 147.42363564
111 -02.06001222 147.42372023
112 -02.06001222 147.42372023 -02.05994189 147.42361990
113 -02.05985308 147.42354902
110 3 0.00 205.8000 New Taxiway 1
111 -02.06093499 147.42488571
111 -02.06087333 147.42504746
111 -02.06084368 147.42503693
111 -02.06055217 147.42492827
111 -02.06044307 147.42484639
111 -02.06044327 147.42484584
113 -02.06048625 147.42472792
130 Airport Boundary 1
111 -02.07310426 147.42807426
111 -02.07147344 147.42816247
111 -02.06913741 147.42830949
111 -02.06802890 147.42846695
111 -02.06731559 147.42845651
111 -02.06455349 147.42742740
111 -02.06258475 147.42689815
111 -02.06104209 147.42658942
111 -02.06077760 147.42674823
111 -02.05812652 147.42629920
111 -02.05778407 147.42613377
111 -02.05711096 147.42560203
111 -02.05650281 147.42501122
111 -02.05471968 147.42325648
111 -02.05307826 147.42157855
111 -02.05275352 147.42130087
111 -02.05243468 147.42093456
111 -02.05164349 147.41990063
111 -02.05182652 147.41974111
111 -02.05448350 147.42059189
111 -02.06122633 147.42080459
111 -02.06276304 147.42150002
111 -02.06419034 147.42203940
111 -02.06482211 147.42268340
111 -02.06456232 147.42419000
113 -02.07440496 147.42762860
120 Linear Feature 44
111 -02.06270247 147.42263318 74
115 -02.06273529 147.42262011
120 Linear Feature 44
111 -02.06320173 147.42267902 74
115 -02.06323455 147.42266594
120 Linear Feature 44
111 -02.06384236 147.42291424 74
115 -02.06387336 147.42289729
120 Linear Feature 43
111 -02.06271291 147.42266119 74
115 -02.06274576 147.42264780
120 Linear Feature 43
111 -02.06321216 147.42270702 74
115 -02.06324502 147.42269363
120 Linear Feature 43
111 -02.06385610 147.42294078 74
115 -02.06388710 147.42292351
120 Linear Feature 42
111 -02.06263764 147.42266011 2
116 -02.06249501 147.42271968 -02.06244591 147.42278852
120 Linear Feature 42
111 -02.06313689 147.42270594 2
116 -02.06299426 147.42276552 -02.06294516 147.42283435
120 Linear Feature 42
111 -02.06378125 147.42294881 2
116 -02.06364686 147.42302519 -02.06360644 147.42309946
120 Linear Feature 41
111 -02.06264937 147.42268879 2
116 -02.06250221 147.42275262 -02.06242982 147.42283732
120 Linear Feature 41
111 -02.06314862 147.42273463 2
116 -02.06300147 147.42279846 -02.06292908 147.42288315
120 Linear Feature 41
111 -02.06379636 147.42297586 2
116 -02.06365799 147.42305702 -02.06359637 147.42314985
120 Linear Feature 40
111 -02.06261925 147.42261774 1
115 -02.06258545 147.42253995
120 Linear Feature 40
111 -02.06311851 147.42266358 1
115 -02.06308471 147.42258578
120 Linear Feature 40
111 -02.06375788 147.42290898 1
115 -02.06371493 147.42283584
120 Linear Feature 39
111 -02.06269789 147.42280316 1
115 -02.06263764 147.42266011
120 Linear Feature 39
111 -02.06319864 147.42284500 1
115 -02.06313689 147.42270594
120 Linear Feature 39
111 -02.06385748 147.42308046 1
115 -02.06378125 147.42294881
120 Linear Feature 30
112 -02.06314310 147.42343180 -02.06319234 147.42329086 1
112 -02.06302207 147.42313536 -02.06300833 147.42312619 1
112 -02.06285582 147.42307716 -02.06280086 147.42305539 1
115 -02.06269789 147.42280316
120 Linear Feature 29
111 -02.06314422 147.42343239 1
112 -02.06328717 147.42304577 -02.06332590 147.42294248
111 -02.06328717 147.42304577
112 -02.06328717 147.42304577 -02.06328910 147.42304063 1
115 -02.06319864 147.42284500
120 Linear Feature 28
112 -02.06199247 147.42419158 -02.06202420 147.42420240 1
112 -02.06232585 147.42430766 -02.06247410 147.42435804
111 -02.06232585 147.42430766
112 -02.06232585 147.42430766 -02.06255568 147.42438095 1
116 -02.06289585 147.42414511 -02.06298624 147.42389252
120 Linear Feature 27
111 -02.06359576 147.42474811 1
111 -02.06323157 147.42462152 1
112 -02.06289583 147.42414420 -02.06302445 147.42379573
111 -02.06289583 147.42414420
112 -02.06289583 147.42414420 -02.06302643 147.42378385 1
112 -02.06314403 147.42343250 -02.06325088 147.42311373 1
112 -02.06378823 147.42339330 -02.06404710 147.42345633
111 -02.06378823 147.42339330
112 -02.06378823 147.42339330 -02.06396272 147.42343578 1
112 -02.06390772 147.42316631 -02.06387009 147.42305950
111 -02.06390772 147.42316631
112 -02.06390772 147.42316631 -02.06388262 147.42312194 1
115 -02.06385748 147.42308046
120 Linear Feature 25
111 -02.06044286 147.42484631 70
115 -02.06036648 147.42490423
120 Linear Feature 23
112 -02.06033986 147.42459143 -02.06003503 147.42448506 1
115 -02.05995132 147.42470223
120 Linear Feature 22
111 -02.06366455 147.42544744 4
115 -02.06381803 147.42549996
120 Linear Feature 19
111 -02.06111479 147.42389284 1
111 -02.06094098 147.42383297 1
116 -02.06018554 147.42404344 -02.06003212 147.42446082
120 Linear Feature 11
112 -02.05975497 147.42549232 -02.05989651 147.42559974 8
111 -02.05997161 147.42545070 8
115 -02.06018342 147.42486108
120 Linear Feature 8
111 -02.06011259 147.42496526 2
115 -02.06013698 147.42505091
120 Linear Feature 8
111 -02.05995196 147.42541086 2
115 -02.05997635 147.42549651
120 Linear Feature 7
111 -02.06022544 147.42497873 2
116 -02.06013002 147.42483020 -02.06000743 147.42479108
120 Linear Feature 7
111 -02.06006481 147.42542432 2
116 -02.05996939 147.42527579 -02.05984680 147.42523667
120 Linear Feature 6
111 -02.06017493 147.42499345 1
115 -02.06022570 147.42497897
120 Linear Feature 6
111 -02.06001430 147.42543905 1
115 -02.06006507 147.42542457
120 Linear Feature 6
111 -02.06025080 147.42497226 1
115 -02.06033137 147.42495135
120 Linear Feature 6
111 -02.06009017 147.42541786 1
115 -02.06017074 147.42539695
120 Linear Feature 6
111 -02.06012511 147.42500760 1
115 -02.06016741 147.42499586
120 Linear Feature 6
111 -02.05996448 147.42545319 1
115 -02.06000678 147.42544145
120 Linear Feature 5
111 -02.06036619 147.42490400 3
115 -02.06007591 147.42569325
120 Linear Feature 3
111 -02.05955433 147.42335081 1
111 -02.05976629 147.42342501 1
112 -02.06018554 147.42404344 -02.06003619 147.42446898
111 -02.06018554 147.42404344
112 -02.06018554 147.42404344 -02.06013293 147.42418982 1
111 -02.05971004 147.42538283 1
116 -02.06001430 147.42543905 -02.06026946 147.42515221
120 Linear Feature 16
111 -02.06048624 147.42472759 3
116 -02.06023313 147.42479368 -02.06015759 147.42493930
120 Linear Feature 15
111 -02.06036679 147.42490461 3 102
112 -02.06023313 147.42479368 -02.06016928 147.42472160
111 -02.06023313 147.42479368
112 -02.06023313 147.42479368 -02.06016114 147.42471241 3
116 -02.06015741 147.42443117 -02.06021641 147.42427346
120 Linear Feature 14
111 -02.06013135 147.42500593 8
116 -02.05991771 147.42503631 -02.05980162 147.42491059
120 Linear Feature 13
112 -02.05987384 147.42492128 -02.05987418 147.42492226 1
116 -02.06017493 147.42499345 -02.06043009 147.42470661
120 Linear Feature 46
111 -02.06311429 147.42388433 4
115 -02.06290349 147.42381270
120 Linear Feature 45
111 -02.06033986 147.42459143 1
112 -02.06331366 147.42565119 -02.06362267 147.42577945 1
111 -02.06373724 147.42548260 1
115 -02.06373959 147.42547741
120 Linear Feature 4
111 -02.06002946 147.42417921 4
115 -02.06022720 147.42424682
120 Linear Feature 2
112 -02.06045716 147.42569305 -02.06039350 147.42569305 24
112 -02.06027327 147.42580703 -02.06024060 147.42598007
111 -02.06027327 147.42580703
112 -02.06027327 147.42580703 -02.06025765 147.42592059 24
116 -02.06024153 147.42614675 -02.06022936 147.42635894
21 -02.06641731 147.42529666 2 341.9800 3.00 New Light Fixture 96
21 -02.05683789 147.42292494 2 163.8000 3.00 New Light Fixture 91
20 -02.06280740 147.42377093 250.5600 0 2 {@R}MILTITARY
20 -02.06323341 147.42390754 252.2800 0 2 {@R}MILTITARY
14 -02.06036260 147.42482550 32.81 0 New Tower Viewpoint 88
1300 -02.06264937 147.42268879 293.05 tie_down jets|turboprops|props|helos|fighters Military 3
1301 B military
1300 -02.06314862 147.42273463 294.54 tie_down jets|turboprops|props|helos|fighters Military 2
1301 B military
1300 -02.06379636 147.42297586 297.76 tie_down jets|turboprops|props|helos|fighters Military 1
1301 B military
1300 -02.06006507 147.42542457 195.25 tie_down turboprops|props|helos Ramp Start 1 (Airline)
1301 B airline
1300 -02.06022570 147.42497897 195.99 tie_down turboprops|props|helos Ramp Start 2 (Airline)
1301 B airline
1300 -02.06080161 147.42492477 254.12 tie_down turboprops|props|helos Ramp Start 3 (General)
1301 A general_aviation
18 -02.06124904 147.42621801 1 BCN
19 -02.05483443 147.42243863 0 New Windsock 10
19 -02.06799880 147.42826359 0 New Windsock 9
19 -02.05856720 147.42444726 1 New Windsock 6
99
