I
850 Generated by WorldEditor 2.4.0r2
1 6048 0 0 AYMW Marawaka
1302 city Marawaka
1302 country Papua New Guinea
1302 datum_lat -6.97200
1302 datum_lon 145.88600
1302 gui_label 3D
1302 iata_code MWG
1302 icao_code
1302 local_authority
1302 local_code
1302 region_code AY
1302 state Eastern Highlands
1302 transition_alt 20000
1302 transition_level 21000
100 30.00 3 0 0.00 0 0 0 04 -06.97489517 145.88346648 0 0 0 0 0 0 22 -06.96898177 145.88852556 0 0 0 0 0 0
110 3 0.20 130.0 New Taxiway 1
112 -06.96985838 145.88784936 -06.96977845 145.88799183
112 -06.96994358 145.88815468 -06.96992308 145.88827031
112 -06.96959789 145.88845880 -06.96943803 145.88846087
114 -06.96917017 145.88837732 -06.96905745 145.88841242
130 Airport Boundary 1
111 -06.97056924 145.88680658
111 -06.97033551 145.88643555
111 -06.97111460 145.88585759
111 -06.97141206 145.88617868
111 -06.97501710 145.88301060
111 -06.97542080 145.88301060
111 -06.97593075 145.88274659
111 -06.97578202 145.88223285
111 -06.97598033 145.88209728
111 -06.97649027 145.88275373
111 -06.96927306 145.88890177
113 -06.96855772 145.88849506
14 -06.96983928 145.88808588 7 0 Marawaka
1300 -06.96970651 145.88825248 1.7 misc turboprops|props|helos Startup Location
1301 A none
19 -06.97452295 145.88417465 0 Windsock
99
