I
850 Generated by WorldEditor 2.4.0r2
1 1384 0 0 AYNT Kantobo
1302 city Iamagu
1302 country Papua New Guinea
1302 gui_label 3D
1302 local_code AYNT
1302 region_code PG
1302 state Southern Higlands
100 28.00 3 0 0.45 0 0 0 09 -06.72180249 143.56098829 0 0 0 0 0 0 27 -06.72321577 143.56648021 0 0 0 0 0 0
110 3 0.55 104.5 Taxiway
112 -06.72313664 143.56479415 -06.72311462 143.56488126
112 -06.72309415 143.56502134 -06.72312403 143.56513538
112 -06.72334220 143.56582448 -06.72336733 143.56589377
112 -06.72347321 143.56591434 -06.72348741 143.56595613
111 -06.72362581 143.56638001
112 -06.72356540 143.56668981 -06.72351297 143.56674657
112 -06.72326905 143.56672191 -06.72319040 143.56672983
112 -06.72312890 143.56677693 -06.72305025 143.56673601
112 -06.72301024 143.56662841 -06.72297878 143.56656902
112 -06.72286700 143.56638761 -06.72285794 143.56630550
112 -06.72268142 143.56598679 -06.72265877 143.56587959
112 -06.72264922 143.56562575 -06.72263600 143.56555923
112 -06.72276761 143.56543711 -06.72274685 143.56533638
112 -06.72248933 143.56441121 -06.72245943 143.56433184
112 -06.72237501 143.56395270 -06.72239232 143.56390994
112 -06.72226979 143.56363762 -06.72228080 143.56359327
112 -06.72219803 143.56334532 -06.72217129 143.56327404
112 -06.72214584 143.56298404 -06.72213263 143.56289851
111 -06.72214584 143.56298404
112 -06.72214584 143.56298404 -06.72214004 143.56294649
112 -06.72202436 143.56247242 -06.72195923 143.56227260
111 -06.72202436 143.56247242
112 -06.72202436 143.56247242 -06.72194113 143.56221704
112 -06.72182953 143.56198850 -06.72182000 143.56195117
111 -06.72182953 143.56198850
112 -06.72182953 143.56198850 -06.72181254 143.56192197
112 -06.72169426 143.56170473 -06.72166594 143.56164581
111 -06.72160971 143.56111450
112 -06.72159280 143.56081371 -06.72161357 143.56074718
112 -06.72180135 143.56069453 -06.72187308 143.56068882
111 -06.72197044 143.56080236
111 -06.72207753 143.56098964
112 -06.72220821 143.56139523 -06.72220952 143.56148366
112 -06.72219595 143.56179681 -06.72221168 143.56187732
112 -06.72231337 143.56226975 -06.72233959 143.56239646
112 -06.72254466 143.56309616 -06.72257087 143.56319251
112 -06.72286494 143.56402665 -06.72287587 143.56405873
112 -06.72300315 143.56408997 -06.72303137 143.56413305
114 -06.72307370 143.56431896 -06.72310010 143.56439229
111 -06.72191490 143.56097866
111 -06.72169688 143.56103282
111 -06.72310784 143.56649157
113 -06.72332089 143.56644045
130 Boundary
111 -06.72384059 143.56670963
111 -06.72284717 143.56695390
111 -06.72205550 143.56402330
111 -06.72218597 143.56364232
111 -06.72134761 143.56063230
113 -06.72197999 143.56046381
1300 -06.72294563 143.56421444 14.3 tie_down turboprops|props|helos GA1 (A)
1301 A general_aviation
99
