I
1100 Generated by WorldEditor 1.7.21r1
1 127 1 0 AYPY Port Moresby Jacksons Intl
1302 city Port Moresby
1302 country Papua New Guinea
1302 datum_lat -9.441466667
1302 datum_lon 147.22045
1302 faa_code
1302 iata_code POM
1302 icao_code AYPY
1302 region_code AY
1302 state National Capital District (Port Moresby)
1302 transition_alt 20000
1302 transition_level 21000
1302 flatten 1
100 45.11 1 1 1.00 1 2 0 14L -09.43087950 147.21393267 0 0 3 0 1 1 32R -09.45207468 147.22700088 0 0 3 0 1 1
100 45.11 1 0 1.00 1 2 0 14R -09.43469461 147.21302181 0 0 2 0 1 1 32L -09.44476698 147.21923473 0 767 2 0 1 0
102 H1 -09.44844669 147.21847802 149.46 30.00 30.00 15 0 0 0.00 0
110 2 1.00 179.6900 New Taxiway 143
111 -09.43647411 147.21087581
111 -09.43666634 147.21087677
111 -09.43666557 147.21096975
113 -09.43647376 147.21096818
110 2 1.00 179.6900 New Taxiway 143
111 -09.43624341 147.21127739
111 -09.43643564 147.21127835
111 -09.43643486 147.21137134
113 -09.43624306 147.21136977
110 2 1.00 148.6500 New Taxiway 25
111 -09.44528093 147.21932330 3
112 -09.44553013 147.21927587 -09.44561180 147.21919945 3
111 -09.44566244 147.21912439
111 -09.44583184 147.21923107 3
111 -09.44576049 147.21937353 3
112 -09.44578143 147.21954549 -09.44582331 147.21965163 3
113 -09.44585870 147.21967422
110 2 1.00 148.6500 New Taxiway 23
111 -09.44451176 147.21641251
111 -09.44492430 147.21570558
111 -09.44552323 147.21608134
111 -09.44519863 147.21663966
111 -09.44473583 147.21635095
114 -09.44462903 147.21635519 -09.44457039 147.21637854
110 2 1.00 148.6500 New Taxiway 22
111 -09.44382565 147.21608685
111 -09.44398508 147.21580401
111 -09.44397588 147.21574806
111 -09.44419385 147.21538526
111 -09.44453111 147.21557740
111 -09.44434157 147.21588821
111 -09.44452275 147.21599841
113 -09.44427747 147.21638552
110 2 1.00 148.6500 New Taxiway 5
111 -09.45196995 147.22717778
111 -09.45185137 147.22736096
111 -09.45149138 147.22714200
113 -09.45141373 147.22682142
110 2 1.00 148.6500 New Taxiway 20
111 -09.43975223 147.21241202
111 -09.43926978 147.21318819
111 -09.43912621 147.21311216
113 -09.43956887 147.21230130
110 2 1.00 148.6500 New Taxiway 19
111 -09.43764349 147.21121813
111 -09.43780200 147.21131175
111 -09.43784920 147.21123418
111 -09.43793147 147.21128263
111 -09.43788196 147.21137294
111 -09.43829779 147.21162728
111 -09.43835574 147.21154247
111 -09.43843510 147.21158991
111 -09.43837426 147.21167406
111 -09.43881619 147.21193976
111 -09.43885555 147.21187058
111 -09.43893834 147.21191862
111 -09.43889035 147.21199074
111 -09.43925554 147.21220144
111 -09.43930255 147.21212008
111 -09.43937563 147.21216216
111 -09.43932425 147.21224542
111 -09.43946951 147.21233407
111 -09.43912499 147.21295275
113 -09.43730736 147.21186610
110 2 1.00 165.6500 New Taxiway 34
111 -09.43522880 147.21116694
111 -09.43544608 147.21122329
111 -09.43541892 147.21133084
113 -09.43520164 147.21127406
110 2 1.00 150.5400 New Taxiway 38
111 -09.43556445 147.21001611
111 -09.43551192 147.21011116
111 -09.43531592 147.20999951
113 -09.43537014 147.20990446
110 2 1.00 134.5100 New Taxiway 44
111 -09.43520774 147.21021110
111 -09.43536521 147.21037358
111 -09.43528769 147.21045073
113 -09.43512918 147.21028790
110 2 1.00 134.5100 New Taxiway 44
111 -09.43501569 147.21051382
111 -09.43517406 147.21067761
111 -09.43509611 147.21075376
113 -09.43493776 147.21059085
110 2 1.00 165.6500 New Taxiway 36
111 -09.43562490 147.21052484
111 -09.43584262 147.21058210
111 -09.43581540 147.21068933
113 -09.43559717 147.21063259
110 2 1.00 165.6500 New Taxiway 35
111 -09.43543785 147.21084974
111 -09.43565059 147.21092335
111 -09.43561525 147.21102827
113 -09.43540277 147.21095478
110 1 0.25 148.6500 New Taxiway 3
111 -09.43742253 147.21071211
111 -09.43892385 147.21162544
111 -09.43894351 147.21159871
111 -09.43903326 147.21166499
111 -09.43902013 147.21168402
111 -09.43986068 147.21219536
112 -09.43983067 147.21225875 -09.43981816 147.21229170
111 -09.43984317 147.21232720
111 -09.44045087 147.21270904
111 -09.44075846 147.21290231
111 -09.44222091 147.21378445
111 -09.44228264 147.21382169
111 -09.44430194 147.21503972
111 -09.44595450 147.21603654
111 -09.44776749 147.21713013
112 -09.44787703 147.21720346 -09.44788323 147.21720765
111 -09.44757527 147.21772519
111 -09.44778023 147.21785617
111 -09.44811790 147.21802824
111 -09.44849758 147.21824951
111 -09.44959437 147.21892894
111 -09.45033571 147.21945364
111 -09.45023322 147.21962680
111 -09.45038658 147.21970967
111 -09.44995328 147.22043605
112 -09.44902318 147.21984555 -09.44892735 147.21979222
111 -09.44887474 147.21986841
112 -09.44876012 147.22007223 -09.44872630 147.22014652
111 -09.44880803 147.22019983
112 -09.45091187 147.22146539 -09.45125692 147.22167666
111 -09.45112932 147.22206052
111 -09.45075611 147.22270858
112 -09.45043152 147.22248258 -09.45054762 147.22247408
111 -09.45043152 147.22248258
112 -09.45043152 147.22248258 -09.45059587 147.22252889
111 -09.45068471 147.22242286
112 -09.45089339 147.22209193 -09.45103995 147.22184240
111 -09.45087272 147.22166525
111 -09.44938475 147.22074036
111 -09.44895524 147.22048806
111 -09.44879238 147.22073204
111 -09.44844050 147.22051732
111 -09.44856519 147.22028701
111 -09.44675793 147.21915658
112 -09.44641353 147.21974061 -09.44632009 147.21990200
111 -09.44650184 147.22008157
112 -09.44628908 147.22042167 -09.44600591 147.22035253
111 -09.44592117 147.22052434
111 -09.44557210 147.22112547
111 -09.44519848 147.22178614
112 -09.44504759 147.22216120 -09.44500212 147.22230158
111 -09.44510340 147.22247968
112 -09.44434790 147.22200379 -09.44462742 147.22205961
111 -09.44490683 147.22167464
112 -09.44572576 147.22034394 -09.44582484 147.22017598
111 -09.44559102 147.21999350
112 -09.44581464 147.21959522 -09.44581619 147.21959994
112 -09.44593110 147.21968495 -09.44602428 147.21973532
111 -09.44616403 147.21963143
112 -09.44637099 147.21929193 -09.44642360 147.21920050
112 -09.44635596 147.21903859 -09.44632402 147.21899669
112 -09.44616054 147.21893573 -09.44607787 147.21893764
111 -09.44594634 147.21904050
111 -09.44582218 147.21923171
111 -09.44565278 147.21912503
112 -09.44575019 147.21895902 -09.44582965 147.21880548
111 -09.44567071 147.21859866
112 -09.44410844 147.21765153 -09.44390363 147.21753344
111 -09.44378274 147.21766988
112 -09.44355515 147.21799693 -09.44345011 147.21815158
111 -09.44358516 147.21828849
111 -09.44320975 147.21834322
112 -09.44305060 147.21795831 -09.44322340 147.21799058
111 -09.44333025 147.21791222
112 -09.44352351 147.21757572 -09.44365310 147.21732911
112 -09.44326205 147.21711245 -09.44317110 147.21705253
112 -09.44166954 147.21615890 -09.44156244 147.21610176
112 -09.44117148 147.21594360 -09.44101026 147.21588912
112 -09.44089038 147.21600436 -09.44086145 147.21602951
112 -09.44070833 147.21618661 -09.44068814 147.21620865
112 -09.44065382 147.21633348 -09.44065895 147.21641141
111 -09.44077340 147.21654128
112 -09.44066548 147.21694257 -09.44031617 147.21675400
111 -09.44019630 147.21695305
112 -09.43968359 147.21776668 -09.43967795 147.21779335
112 -09.43943368 147.21821812 -09.43936416 147.21833050
112 -09.43929276 147.21869240 -09.43928524 147.21881050
111 -09.43932625 147.21892985
112 -09.43861762 147.21844364 -09.43892145 147.21845411
111 -09.43917797 147.21805418
112 -09.44000091 147.21672541 -09.44002483 147.21665614
111 -09.43988063 147.21649025
111 -09.44010592 147.21614244
112 -09.44018859 147.21614663 -09.44023613 147.21614873
112 -09.44036221 147.21609425 -09.44038908 147.21606701
112 -09.44047796 147.21580092 -09.44050483 147.21572339
112 -09.44044075 147.21550758 -09.44040355 147.21545101
111 -09.44006045 147.21519329
112 -09.43553644 147.21239171 -09.43542370 147.21231898
112 -09.43525082 147.21248921 -09.43521821 147.21253959
112 -09.43511135 147.21274934 -09.43506631 147.21287055
111 -09.43514481 147.21307232
111 -09.43481340 147.21287343
112 -09.43511860 147.21229372 -09.43515898 147.21220871
111 -09.43504118 147.21208150
111 -09.43363866 147.21121136
111 -09.43331850 147.21107583
112 -09.43310478 147.21105278 -09.43298656 147.21106430
111 -09.43286151 147.21120720
111 -09.43154376 147.21335663
111 -09.43140269 147.21370284
112 -09.43148012 147.21374262 -09.43150133 147.21375230
111 -09.43148012 147.21374262
112 -09.43148012 147.21374262 -09.43151714 147.21376833
111 -09.43154922 147.21399170
111 -09.43152667 147.21398410
111 -09.43152089 147.21396216
111 -09.43147845 147.21378340
111 -09.43136035 147.21370919
111 -09.43138042 147.21367596
111 -09.43114130 147.21352799
111 -09.43112327 147.21355702
111 -09.43110981 147.21354541
111 -09.43107617 147.21351639
112 -09.43258164 147.21100111 -09.43265304 147.21089254
112 -09.43297623 147.21068873 -09.43317540 147.21062778
112 -09.43346014 147.21071185 -09.43351480 147.21073263
111 -09.43359509 147.21078284
112 -09.43403940 147.21104938 -09.43411382 147.21103309
111 -09.43425692 147.21078128
111 -09.43417400 147.21074199
112 -09.43479142 147.20974316 -09.43481324 147.20970757
111 -09.43479142 147.20974316
112 -09.43479142 147.20974316 -09.43482389 147.20969021
112 -09.43491283 147.20955998 -09.43491989 147.20954710
111 -09.43493259 147.20941831
112 -09.43502363 147.20934025 -09.43504289 147.20934962
111 -09.43502363 147.20934025
112 -09.43502363 147.20934025 -09.43529533 147.20946204
112 -09.43609703 147.20991453 -09.43649561 147.21014499
111 -09.43609703 147.20991453
112 -09.43609703 147.20991453 -09.43642032 147.21010145
112 -09.43698534 147.21044295 -09.43723008 147.21059198
111 -09.43698534 147.21044295
114 -09.43698534 147.21044295 -09.43724718 147.21060240
111 -09.43974257 147.21241267
111 -09.43926012 147.21318883
111 -09.43911655 147.21311280
111 -09.43887012 147.21343865
111 -09.43875654 147.21341475
111 -09.43867297 147.21380142
111 -09.43970798 147.21455303
112 -09.43978645 147.21454091 -09.43980970 147.21451036
112 -09.44053494 147.21344263 -09.44056891 147.21338748
111 -09.44045371 147.21327355
111 -09.44026085 147.21314973
111 -09.44018156 147.21309108
113 -09.44035942 147.21279782
112 -09.43791403 147.21284190 -09.43782877 147.21280262
111 -09.43739632 147.21266635
112 -09.43724210 147.21277767 -09.43721454 147.21283267
111 -09.43723991 147.21295504
112 -09.43765510 147.21327485 -09.43770591 147.21330366
111 -09.43815510 147.21345738
112 -09.43828443 147.21337236 -09.43834127 147.21329903
112 -09.43830987 147.21321753 -09.43830815 147.21319919
111 -09.43830987 147.21321753
114 -09.43830987 147.21321753 -09.43829437 147.21311539
112 -09.43560737 147.21186283 -09.43551180 147.21201194
111 -09.43560737 147.21186283
112 -09.43560737 147.21186283 -09.43551352 147.21202765
111 -09.43559238 147.21209273
111 -09.43614152 147.21243270
111 -09.43657198 147.21261949
112 -09.43685180 147.21255144 -09.43697840 147.21244057
111 -09.43685180 147.21255144
112 -09.43685180 147.21255144 -09.43691122 147.21247723
111 -09.43685695 147.21242892
113 -09.43580372 147.21176016
111 -09.43458110 147.21105543
112 -09.43445298 147.21107220 -09.43441992 147.21112772
112 -09.43440090 147.21117176 -09.43436886 147.21124300
111 -09.43441727 147.2850300
111 -09.43528633 147.21183853
112 -09.43538149 147.21181427 -09.43542386 147.21176189
112 -09.43545325 147.21166346 -09.43547082 147.21161108
113 -09.43537562 147.21154437
112 -09.44061146 147.21367869 -09.44055764 147.21365322
111 -09.44050109 147.21370132
111 -09.43997033 147.21461650
112 -09.43995573 147.21470569 -09.43998329 147.21472402
111 -09.44147555 147.21571833
112 -09.44160799 147.21572285 -09.44164087 147.21566882
112 -09.44221881 147.21473166 -09.44225669 147.21465638
111 -09.44221881 147.21473166
112 -09.44221881 147.21473166 -09.44225619 147.21466244
113 -09.44217553 147.21463256
111 -09.44178284 147.21583183
112 -09.44179570 147.21591438 -09.44182670 147.21593638
111 -09.44257131 147.21638257
112 -09.44282857 147.21630974 -09.44290546 147.21621420
112 -09.44315215 147.21582097 -09.44318563 147.21575685
111 -09.44308572 147.21563197
112 -09.44303429 147.21565804 -09.44300977 147.21565986
111 -09.44296143 147.21562763
111 -09.44286341 147.21581829
111 -09.44266785 147.21569497
111 -09.44270428 147.21563197
111 -09.44267398 147.21561066
111 -09.44273110 147.21548208
112 -09.44241930 147.21522928 -09.44240208 147.21520454
113 -09.44238218 147.21480947
112 -09.44305941 147.21638206 -09.44300286 147.21648011
111 -09.44304900 147.21658420
111 -09.44361746 147.21702621
112 -09.44390466 147.21697643 -09.44398800 147.21684971
111 -09.44392103 147.21668226
113 -09.44321269 147.21628853
111 -09.44633683 147.21841810
112 -09.44637290 147.21867926 -09.44652022 147.21878788
111 -09.44660915 147.21869061
111 -09.44677106 147.21857161
112 -09.44696773 147.21827811 -09.44709273 147.21806992
111 -09.44694529 147.21784515
112 -09.44673296 147.21773152 -09.44660052 147.21772549
111 -09.44673296 147.21773152
114 -09.44673296 147.21773152 -09.44669874 147.21773906
111 -09.44618037 147.21818693
111 -09.44445082 147.21701477
112 -09.44410761 147.21704543 -09.44402577 147.21722269
111 -09.44415309 147.21737198
112 -09.44591019 147.21840558 -09.44603792 147.21840558
113 -09.44612192 147.21832165
111 -09.44773179 147.21863732
112 -09.44790615 147.21820074 -09.44789409 147.21811693
111 -09.44754847 147.21787344
112 -09.44739367 147.21831330 -09.44738334 147.21835346
112 -09.44703202 147.21896246 -09.44704745 147.21909541
111 -09.44845836 147.21998705
112 -09.44859167 147.22000957 -09.44862870 147.21995719
112 -09.44890271 147.21948779 -09.44894319 147.21941795
113 -09.44887679 147.21936767
110 2 1.00 150.5400 New Taxiway 37
111 -09.43603109 147.21031617
111 -09.43597087 147.21040629
111 -09.43578349 147.21028352
113 -09.43583685 147.21019211
110 1 0.25 148.6500 New Taxiway 3
111 -09.43807338 147.21997133
112 -09.43849616 147.21929895 -09.43851870 147.21926086
112 -09.43854877 147.21905133 -09.43855253 147.21897895
111 -09.43853612 147.21886293
111 -09.43902380 147.21916198
112 -09.43883372 147.21925211 -09.43879051 147.21927687
111 -09.43860702 147.21948752
112 -09.43803806 147.22047262 -09.43796758 147.22058555
112 -09.43784134 147.22063955 -09.43781861 147.22065337
111 -09.43777996 147.22068795
111 -09.43728962 147.22156188
111 -09.43728734 147.22169700
112 -09.43720880 147.22155452 -09.43715093 147.22151681
111 -09.43706996 147.22154218
112 -09.43714886 147.22150512 -09.43718519 147.22148601
111 -09.43714886 147.22150512
112 -09.43714886 147.22150512 -09.43729096 147.22135121
111 -09.43770754 147.22066095
112 -09.43761887 147.22065173 -09.43756658 147.22064482
111 -09.43746199 147.22058489
112 -09.43688981 147.22026343 -09.43684729 147.22024568
112 -09.43666742 147.22016999 -09.43652712 147.22009469
111 -09.43642533 147.22026480
112 -09.43589195 147.22112637 -09.43588632 147.22113780
111 -09.43585249 147.22113970
111 -09.43555340 147.22094178
111 -09.43534080 147.22133702
111 -09.43470257 147.22093328
111 -09.43478400 147.22074626
112 -09.43439838 147.22044322 -09.43441203 147.22042435
111 -09.43439838 147.22044322
112 -09.43439838 147.22044322 -09.43442944 147.22040029
112 -09.43448557 147.22011120 -09.43447569 147.22007542
112 -09.43436699 147.22005682 -09.43430628 147.22003964
111 -09.43429076 147.21996159
111 -09.43415382 147.22012121
112 -09.43351114 147.21973415 -09.43338092 147.21965662
112 -09.43327655 147.21943976 -09.43320421 147.21934129
111 -09.43327655 147.21943976
112 -09.43327655 147.21943976 -09.43319801 147.21936015
111 -09.43309520 147.21930878
111 -09.43161805 147.21835418
111 -09.43231749 147.21721195
111 -09.43716049 147.22017337
112 -09.43762141 147.22044156 -09.43772475 147.22050651
111 -09.43778262 147.22042899
114 -09.43797485 147.22012727 -09.43801618 147.22004975
111 -09.43461031 147.22015032
111 -09.43498174 147.22037660
111 -09.43537460 147.21974121
113 -09.43499829 147.21951413
110 2 1.00 134.5100 New Taxiway 43
111 -09.43482925 147.21082541
111 -09.43498711 147.21098845
111 -09.43490945 147.21106674
113 -09.43475201 147.21090370
110 2 0.00 0.0000 New Taxiway 1
111 -09.43115096 147.21352735
111 -09.43139008 147.21367532
111 -09.43137001 147.21370855
111 -09.43148812 147.21378276
111 -09.43153055 147.21396151
111 -09.43151897 147.21410459
111 -09.43096193 147.21380456
111 -09.43111947 147.21354477
113 -09.43113325 147.21355605
130 Airport Boundary 20
111 -09.45444279 147.22525667
111 -09.45371159 147.22771510
111 -09.45253851 147.22892031
111 -09.44293314 147.22414854
111 -09.43812164 147.22374972
111 -09.42987028 147.21885225
111 -09.42607862 147.21478967
111 -09.42697673 147.21297666
111 -09.42750565 147.21197507
111 -09.43255740 147.20993775
111 -09.43548880 147.20861708
111 -09.43619818 147.20816938
111 -09.43658686 147.20844118
111 -09.43696720 147.20803107
111 -09.43772260 147.20856869
111 -09.43742727 147.20902888
111 -09.44467371 147.21409627
111 -09.44850242 147.21678331
113 -09.45083674 147.21900594
120 Linear Feature 1
111 -09.43548716 147.21190368 1
116 -09.43562156 147.21225551 -09.43580401 147.21235471
120 Linear Feature 6
111 -09.44389401 147.21505950 1
115 -09.44400589 147.21486659
120 Linear Feature 2
111 -09.43508232 147.21246635 4 103
115 -09.43517701 147.21252788
120 Linear Feature 141
111 -09.43645964 147.21032113 22
115 -09.43510712 147.20947480
120 Linear Feature 140
111 -09.44039091 147.21274701 22
111 -09.43912309 147.21195256 22
115 -09.43678084 147.21051576
120 Linear Feature 139
111 -09.44527088 147.21715472 22
111 -09.44520043 147.21725938 22
112 -09.44507411 147.21727293 -09.44500487 147.21722860 22
111 -09.44330725 147.21616098 22
112 -09.44326529 147.21605685 -09.44326852 147.21597818 22
111 -09.44329294 147.21527653 22
112 -09.44320449 147.21518121 -09.44314727 147.21514458 22
111 -09.44194342 147.21441581 22
111 -09.44082843 147.21372848 22
112 -09.44080115 147.21363923 -09.44079143 147.21358505 22
112 -09.44070792 147.21300279 -09.44068259 147.21288413
111 -09.44070792 147.21300279
112 -09.44070792 147.21300279 -09.44067846 147.21290823 22
116 -09.44039091 147.21274701 -09.44033721 147.21271360
120 Linear Feature 138
111 -09.44173513 147.21412568 3
115 -09.44201230 147.21370220
120 Linear Feature 137
111 -09.43498057 147.20939588 20
111 -09.43509054 147.20949882 20
115 -09.43639590 147.21032257
120 Linear Feature 136
111 -09.43512749 147.20944632 20
115 -09.43680302 147.21048324
120 Linear Feature 135
111 -09.43695786 147.21065800 20
111 -09.43807887 147.21133610 20
111 -09.43856987 147.21163514 20
111 -09.43912191 147.21197057 20
115 -09.43937770 147.21213953
120 Linear Feature 134
111 -09.43655136 147.21042170 20
115 -09.43695786 147.21065800
120 Linear Feature 133
111 -09.43938675 147.21210194 20
111 -09.43914307 147.21194646 20
115 -09.43680302 147.21048324
120 Linear Feature 132
111 -09.44471908 147.21701670 20
111 -09.44509350 147.21723920 20
112 -09.44519678 147.21720648 -09.44524197 147.21713886 20
115 -09.44524197 147.21713886
120 Linear Feature 131
111 -09.44229149 147.21382351 20
111 -09.44197207 147.21435897 20
112 -09.44199790 147.21441601 -09.44205125 147.21444485 20
111 -09.44323728 147.21516655 20
112 -09.44332706 147.21526088 -09.44332132 147.21531171 20
111 -09.44329744 147.21603679 20
112 -09.44332286 147.21612308 -09.44335373 147.21614096 20
115 -09.44455125 147.21691200
120 Linear Feature 130
111 -09.44031388 147.21266822 20
112 -09.44067408 147.21290041 -09.44078981 147.21300488
111 -09.44067408 147.21290041
112 -09.44067408 147.21290041 -09.44070820 147.21293121 20
112 -09.44073993 147.21301342 -09.44073509 147.21306245
111 -09.44073993 147.21301342
112 -09.44073993 147.21301342 -09.44073993 147.21307006 20
111 -09.44082862 147.21364331 20
112 -09.44085813 147.21371965 -09.44087167 147.21372324
111 -09.44085813 147.21371965
112 -09.44085813 147.21371965 -09.44089822 147.21374797 20
111 -09.44180830 147.21430350 20
112 -09.44192257 147.21431846 -09.44195458 147.21426077 20
115 -09.44223190 147.21378994
120 Linear Feature 129
111 -09.44529823 147.21716532 20
111 -09.44523418 147.21727614 20
112 -09.44506082 147.21730412 -09.44495040 147.21724256 20
111 -09.44327120 147.21617289 20
112 -09.44322466 147.21603637 -09.44322466 147.21592937 20
111 -09.44322913 147.21527791 20
112 -09.44319827 147.21521235 -09.44316741 147.21519298 20
111 -09.44078966 147.21372880 20
112 -09.44077064 147.21364951 -09.44076633 147.21361242 20
112 -09.44067678 147.21301705 -09.44066638 147.21296493 20
112 -09.44060373 147.21291740 -09.44056900 147.21289031 20
115 -09.44028585 147.21272164
120 Linear Feature 128
111 -09.44393869 147.21738982 1 101
116 -09.44392900 147.21722539 -09.44395810 147.21715327
120 Linear Feature 127
111 -09.44373406 147.21726276 1 101
112 -09.44392900 147.21722539 -09.44398514 147.21712103 1 101
115 -09.44406437 147.21694946
120 Linear Feature 126
111 -09.44282685 147.21669250 1 101
116 -09.44280683 147.21655441 -09.44284983 147.21646362
120 Linear Feature 125
111 -09.44267482 147.21659976 1 101
112 -09.44280683 147.21655441 -09.44285128 147.21648410 1 101
115 -09.44357497 147.21531993
120 Linear Feature 124
111 -09.44245311 147.21449971 1 101
115 -09.44165934 147.21585476
120 Linear Feature 123
111 -09.44120024 147.21379665 1 101
116 -09.44119746 147.21369822 -09.44122494 147.21365725
120 Linear Feature 117
111 -09.43961774 147.21471715 1
116 -09.43984692 147.21465646 -09.43992587 147.21453579
120 Linear Feature 122
111 -09.44105519 147.21370969 1 101
112 -09.44115058 147.21371133 -09.44119746 147.21369822 1 101
111 -09.44119746 147.21369822 1 101
115 -09.44170025 147.21357858
120 Linear Feature 121
111 -09.44135979 147.21389479 1 101
112 -09.44149008 147.21389980 -09.44156606 147.21387522 1 101
111 -09.44166144 147.21385719 1 101
115 -09.44186676 147.21380802
120 Linear Feature 120
111 -09.44151671 147.21399132 1 101
112 -09.44154666 147.21386374 -09.44160163 147.21381294 1 101
115 -09.44166144 147.21385719
120 Linear Feature 119
111 -09.44073770 147.21351195 1 101
111 -09.44105519 147.21370969 1 101
111 -09.44120024 147.21379665 1 101
111 -09.44135979 147.21389479 1 101
111 -09.44151671 147.21399132 1 101
115 -09.44173513 147.21412568
120 Linear Feature 118
111 -09.44056002 147.21351559 1 101
116 -09.44073770 147.21351195 -09.44083632 147.21358078
120 Linear Feature 116
111 -09.43989752 147.21488531 1 101
112 -09.43984692 147.21465646 -09.43990713 147.21453246 1 101
111 -09.44010726 147.21422037 1 101
111 -09.44056002 147.21351559 1 101
115 -09.44073681 147.21322637
120 Linear Feature 115
111 -09.43847476 147.21354716 51 101
116 -09.43857926 147.21404708 -09.43879912 147.21422693
120 Linear Feature 105
111 -09.43709390 147.21257325 1 101
116 -09.43760381 147.21247666 -09.43781501 147.21260501
120 Linear Feature 24
111 -09.43674043 147.21135999 1
115 -09.43669639 147.21134510
120 Linear Feature 23
111 -09.43728186 147.21150150 1 101
112 -09.43719389 147.21141531 -09.43713325 147.21138582
111 -09.43719389 147.21141531
112 -09.43719389 147.21141531 -09.43710621 147.21137336 1 101
112 -09.43702144 147.21144270 -09.43700423 147.21144976
111 -09.43702144 147.21144270
112 -09.43702144 147.21144270 -09.43701611 147.21144353 1 101
115 -09.43679403 147.21137439
120 Linear Feature 91
111 -09.43709390 147.21257325 1 101
112 -09.43708048 147.21243881 -09.43705323 147.21239256 1 101
112 -09.43691562 147.21226348 -09.43685396 147.21218163
111 -09.43691562 147.21226348
112 -09.43691562 147.21226348 -09.43690173 147.21224504 1 101
112 -09.43688956 147.21220726 -09.43688543 147.21218864
111 -09.43688956 147.21220726
112 -09.43688956 147.21220726 -09.43687537 147.21214324 1 101
111 -09.43690750 147.21208561 1 101
111 -09.43709401 147.21181423 1 101
111 -09.43721549 147.21162985 1 101
111 -09.43728186 147.21150150 1 101
115 -09.43742142 147.21123160
120 Linear Feature 75
111 -09.43642862 147.2850823 2
112 -09.43635089 147.21112345 -09.43624902 147.21107599
111 -09.43635089 147.21112345
112 -09.43635089 147.21112345 -09.43621242 147.21108036 2
115 -09.43617742 147.21119907
120 Linear Feature 75
111 -09.43666005 147.21091013 2
112 -09.43658790 147.21072624 -09.43644943 147.21068315 2
115 -09.43641385 147.21081976
120 Linear Feature 74
111 -09.43637782 147.21145876 1
115 -09.43637920 147.21137807
120 Linear Feature 74
111 -09.43640204 147.21144578 1
115 -09.43640204 147.21138052
120 Linear Feature 74
111 -09.43664254 147.21104412 1
115 -09.43664235 147.21098234
120 Linear Feature 74
111 -09.43661851 147.21105203 1
115 -09.43661791 147.21097889
120 Linear Feature 114
111 -09.43925931 147.21222732 1 101
111 -09.43888580 147.21289460 1 101
111 -09.43853798 147.21343089 1 101
111 -09.43847476 147.21354716 1 101
116 -09.43793052 147.21367297 -09.43758193 147.21355518
120 Linear Feature 113
112 -09.43883029 147.21320057 -09.43884011 147.21320105 1 101
116 -09.43888580 147.21289460 -09.43878408 147.21275381
120 Linear Feature 112
111 -09.43851973 147.21248986 1 101
115 -09.43880139 147.21198143
120 Linear Feature 111
111 -09.43830986 147.21284781 1 101
116 -09.43851973 147.21248986 -09.43844326 147.21225009
120 Linear Feature 110
111 -09.43825253 147.21281729 1 101
116 -09.43851973 147.21248986 -09.43878826 147.21242676
120 Linear Feature 109
111 -09.43794370 147.21233256 1 101
115 -09.43829606 147.21165425
120 Linear Feature 108
111 -09.43788528 147.21262852 1 101
116 -09.43794370 147.21233256 -09.43784817 147.21216271
120 Linear Feature 107
111 -09.43768844 147.21251212 1 101
116 -09.43794370 147.21233256 -09.43817739 147.21231617
120 Linear Feature 106
111 -09.43843419 147.21293663 1 101
116 -09.43853798 147.21343089 -09.43842484 147.21371742
120 Linear Feature 104
111 -09.43728888 147.21227658 1 101
111 -09.43760381 147.21247666 1 101
111 -09.43843419 147.21293663 1 101
115 -09.43883029 147.21320057
120 Linear Feature 103
111 -09.43744434 147.21197332 1
112 -09.43729702 147.21210814 -09.43724008 147.21220083 1
115 -09.43728888 147.21227658
120 Linear Feature 85
111 -09.43703231 147.21266890 1 101
111 -09.43709390 147.21257325 1 101
111 -09.43728888 147.21227658 1 101
111 -09.43744434 147.21197332 1 101
111 -09.43752571 147.21194071 1 101
115 -09.43781211 147.21136830
120 Linear Feature 84
111 -09.43712594 147.21315891 1 101
116 -09.43703231 147.21266890 -09.43714205 147.21236134
120 Linear Feature 83
111 -09.43650307 147.21278213 1 101
116 -09.43703401 147.21266546 -09.43723000 147.21241356
120 Linear Feature 82
111 -09.43549003 147.21190295 1 101
116 -09.43516190 147.21196749 -09.43501934 147.21190044
120 Linear Feature 17
111 -09.43614302 147.21169268 2
116 -09.43603592 147.21147906 -09.43584209 147.21147891
120 Linear Feature 14
112 -09.43571033 147.21155434 -09.43579968 147.21155063 1 101
111 -09.43584289 147.21164739 1 101
111 -09.43614302 147.21169268 1 101
115 -09.43621499 147.21170121
120 Linear Feature 20
111 -09.43618237 147.21064035 2
112 -09.43593547 147.21067280 -09.43580361 147.21062973
111 -09.43593547 147.21067280
112 -09.43593547 147.21067280 -09.43591183 147.21066508 2
112 -09.43585623 147.21064722 -09.43582865 147.21063657
111 -09.43585623 147.21064722
112 -09.43585623 147.21064722 -09.43572998 147.21059846 2
112 -09.43561768 147.21054947 -09.43560771 147.21054935 2
116 -09.43559711 147.21074836 -09.43567859 147.21083371
120 Linear Feature 19
111 -09.43612685 147.21043847 2
111 -09.43579189 147.21022876 2
116 -09.43575768 147.21043143 -09.43582507 147.21052202
120 Linear Feature 21
111 -09.43603353 147.21090572 1 101
112 -09.43586456 147.21062338 -09.43568423 147.21054200
111 -09.43586456 147.21062338
112 -09.43586456 147.21062338 -09.43570878 147.21055885 1 101
115 -09.43562261 147.21053821
120 Linear Feature 29
111 -09.43561881 147.21157423 1 101
116 -09.43571033 147.21155434 -09.43572680 147.21156024
120 Linear Feature 18
111 -09.43560009 147.21171643 1 101
111 -09.43560934 147.21161470 1 101
112 -09.43561881 147.21157423 -09.43563065 147.21154581
111 -09.43561881 147.21157423
112 -09.43561881 147.21157423 -09.43562339 147.21156323 1 101
112 -09.43563445 147.21154412 -09.43564427 147.21152795
111 -09.43563445 147.21154412
112 -09.43563445 147.21154412 -09.43566961 147.21148620 1 101
111 -09.43582902 147.21123865 1 101
111 -09.43603353 147.21090572 1 101
112 -09.43617317 147.21066897 -09.43621533 147.21059857
111 -09.43617317 147.21066897
112 -09.43617317 147.21066897 -09.43617809 147.21066076 1 101
112 -09.43618237 147.21064035 -09.43618371 147.21062962
111 -09.43618237 147.21064035
112 -09.43618237 147.21064035 -09.43619114 147.21057006 1 101
112 -09.43612685 147.21043847 -09.43610557 147.21040099
111 -09.43612685 147.21043847
112 -09.43612685 147.21043847 -09.43612351 147.21043258 1 101
112 -09.43611871 147.21042531 -09.43611673 147.21042253
111 -09.43611871 147.21042531
112 -09.43611871 147.21042531 -09.43609397 147.21039071 1 101
112 -09.43599107 147.21029793 -09.43594483 147.21026822
111 -09.43599107 147.21029793
112 -09.43599107 147.21029793 -09.43581202 147.21020449 1 101
115 -09.43582891 147.21021102
120 Linear Feature 69
111 -09.43513684 147.21249003 1 101
111 -09.43520963 147.21236119 1 101
111 -09.43548716 147.21190368 1 101
111 -09.43560009 147.21171643 1 101
111 -09.43571033 147.21155434 1 101
111 -09.43583423 147.21136028 1 101
115 -09.43608244 147.21095726
120 Linear Feature 68
111 -09.43562156 147.21225551 1 101
116 -09.43520963 147.21236119 -09.43504780 147.21257932
120 Linear Feature 67
111 -09.43894771 147.21915323 1
112 -09.43878391 147.21919863 -09.43872331 147.21927788 1 102
111 -09.43857368 147.21952221 4 103
115 -09.43843689 147.21943983
120 Linear Feature 66
111 -09.43856957 147.21891588 3
112 -09.43862505 147.21910010 -09.43856400 147.21922388 3 102
115 -09.43843689 147.21943983
120 Linear Feature 65
111 -09.43482021 147.21887399 1 101
116 -09.43457961 147.21892977 -09.43447880 147.21906071
120 Linear Feature 64
111 -09.43448966 147.21868410 1 101
112 -09.43457961 147.21892977 -09.43450085 147.21905432 1 101
115 -09.43447689 147.21908873
120 Linear Feature 63
111 -09.43872227 147.21911117 1 101
111 -09.43789829 147.22042706 1 101
112 -09.43747919 147.22050116 -09.43720060 147.22032696 1 101
111 -09.43664730 147.21997966 1 101
111 -09.43565431 147.21937891 1 101
111 -09.43482021 147.21887399 1 101
111 -09.43448966 147.21868410 1 101
115 -09.43238955 147.21737491
120 Linear Feature 62
111 -09.43913991 147.21900358 1
116 -09.43872227 147.21911117 -09.43858647 147.21931767
120 Linear Feature 61
111 -09.43809333 147.21837912 1
111 -09.43861201 147.21868456 1
116 -09.43872227 147.21911117 -09.43862642 147.21938284
120 Linear Feature 60
111 -09.43903543 147.21857408 1
116 -09.43861201 147.21868456 -09.43840992 147.21856493
120 Linear Feature 59
111 -09.44079124 147.21574024 1 101
111 -09.44048631 147.21624478 1 101
111 -09.43992321 147.21714283 1 101
111 -09.43930012 147.21815507 1 101
111 -09.43903543 147.21857408 1 101
112 -09.43913991 147.21900358 -09.43935155 147.21914660 1 101
115 -09.43961780 147.21930469
120 Linear Feature 58
111 -09.44070669 147.21539274 1 101
116 -09.44079124 147.21574024 -09.44068997 147.21596668
120 Linear Feature 57
111 -09.44112267 147.21565287 1 101
116 -09.44079124 147.21574024 -09.44068809 147.21591691
120 Linear Feature 56
111 -09.44373406 147.21726276 1
116 -09.44378624 147.21742670 -09.44373645 147.21754208
120 Linear Feature 55
111 -09.44393869 147.21738982 1 101
112 -09.44378624 147.21742670 -09.44372933 147.21752045 1 101
115 -09.44335501 147.21812137
120 Linear Feature 54
111 -09.44651148 147.21924709 51
116 -09.44644031 147.21892058 -09.44628170 147.21879440
120 Linear Feature 51
111 -09.44862634 147.21910532 1
112 -09.44862309 147.21895640 -09.44867306 147.21886701 1
115 -09.44879845 147.21866574
120 Linear Feature 50
111 -09.44895157 147.21930464 1
112 -09.44894250 147.21916276 -09.44899230 147.21908164 1
115 -09.44911747 147.21886239
120 Linear Feature 49
111 -09.44924699 147.21938454 1 101
112 -09.44941166 147.21932649 -09.44947326 147.21936662
111 -09.44941166 147.21932649
112 -09.44941166 147.21932649 -09.44948990 147.21937336 1 101
111 -09.44957088 147.21941974 1 101
115 -09.44953947 147.21947394
120 Linear Feature 48
111 -09.44914561 147.21954189 1 101
111 -09.44924388 147.21938573 1 101
115 -09.44944621 147.21906419
120 Linear Feature 47
111 -09.44896453 147.21959200 1 101
111 -09.44909373 147.21954945 1 101
112 -09.44914561 147.21954189 -09.44916976 147.21953766
111 -09.44914561 147.21954189
112 -09.44914561 147.21954189 -09.44919014 147.21953410 1 101
112 -09.44926322 147.21954315 -09.44928002 147.21956098
111 -09.44926322 147.21954315
112 -09.44926322 147.21954315 -09.44931657 147.21957740 1 101
111 -09.44943349 147.21964495 1 101
115 -09.44939863 147.21969735
120 Linear Feature 46
111 -09.44926560 147.21992333 1 101
112 -09.44947175 147.21982611 -09.44955711 147.21968008 1 101
115 -09.44969077 147.21947514
120 Linear Feature 45
111 -09.44884637 147.21978474 1 101
112 -09.44897068 147.21975204 -09.44904459 147.21979367 1 101
111 -09.44926560 147.21992333 1 101
111 -09.44958768 147.22011646 1 101
112 -09.44976937 147.22007907 -09.44982815 147.21998371 1 101
115 -09.45000976 147.21969189
120 Linear Feature 43
111 -09.44866104 147.22008911 1 101
111 -09.44884637 147.21978474 1 101
111 -09.44896453 147.21959200 1 101
111 -09.44900769 147.21951699 1 101
112 -09.44895157 147.21930464 -09.44882223 147.21922925 1 101
111 -09.44862634 147.21910532 1 101
111 -09.44827188 147.21889339 1 101
112 -09.44829365 147.21876315 -09.44834102 147.21868188 1 101
115 -09.44847085 147.21847620
120 Linear Feature 37
111 -09.44608244 147.21857659 1 101
116 -09.44594842 147.21861858 -09.44586692 147.21859285
120 Linear Feature 36
111 -09.44681688 147.21751637 1
116 -09.44667956 147.21759264 -09.44662460 147.21769261
120 Linear Feature 35
111 -09.44668499 147.21743536 1 101
112 -09.44667956 147.21759264 -09.44662460 147.21769261 1 101
111 -09.44608244 147.21857659 1 101
116 -09.44611969 147.21872426 -09.44618727 147.21878375
120 Linear Feature 42
111 -09.44848414 147.22011603 1 101
116 -09.44866104 147.22008911 -09.44871826 147.22001584
120 Linear Feature 41
111 -09.44868833 147.22023503 1 101
116 -09.44866104 147.22008911 -09.44869434 147.22002951
120 Linear Feature 40
111 -09.44676223 147.21905006 1 101
111 -09.44848414 147.22011603 1 101
111 -09.44868833 147.22023503 1 101
111 -09.45094611 147.22162494 1 101
112 -09.45107344 147.22195717 -09.45103680 147.22215510
111 -09.45107344 147.22195717
112 -09.45107344 147.22195717 -09.45100436 147.22212390 1 101
115 -09.45093580 147.22224075
120 Linear Feature 39
111 -09.44665647 147.21903250 1
112 -09.44673045 147.21902826 -09.44676223 147.21905006 1
115 -09.44676223 147.21905006
120 Linear Feature 38
111 -09.44672532 147.21891907 1
116 -09.44676223 147.21905006 -09.44682287 147.21908972
120 Linear Feature 34
111 -09.44480456 147.22215362 1 101
111 -09.44651148 147.21924709 1 101
111 -09.44665647 147.21903250 1 101
111 -09.44672532 147.21891907 1 101
111 -09.44677484 147.21883750 1 101
111 -09.44713340 147.21824682 1 101
112 -09.44707231 147.21769337 -09.44681526 147.21751637 1 101
111 -09.44681688 147.21751637 1 101
111 -09.44668499 147.21743536 1 101
115 -09.44605037 147.21704558
120 Linear Feature 33
111 -09.44554627 147.22297306 1 101
111 -09.44491975 147.22258655 1 101
116 -09.44480456 147.22215362 -09.44493938 147.22188519
120 Linear Feature 32
111 -09.44407634 147.22206371 1 101
111 -09.44437830 147.22224927 1 101
116 -09.44480456 147.22215362 -09.44494618 147.22192811
120 Linear Feature 31
111 -09.44621657 147.22038375 3 102
112 -09.44591571 147.22051342 -09.44579608 147.22070517 3 102
111 -09.44518875 147.22171603 3 102
111 -09.44503421 147.22215694 3 102
116 -09.44508857 147.22244712 -09.44520950 147.22255168
120 Linear Feature 30
111 -09.44440632 147.22202746 3 102
112 -09.44469984 147.22196361 -09.44478576 147.22187387 3 102
111 -09.44500804 147.22162227 3 102
111 -09.44576034 147.22037139 3 102
116 -09.44569047 147.22005050 -09.44555467 147.21994562
120 Linear Feature 29
111 -09.44498485 147.22167755 4 103
115 -09.44515048 147.22177625
120 Linear Feature 28
111 -09.44578324 147.22070427 4 103
115 -09.44562865 147.22060760
120 Linear Feature 27
111 -09.44634561 147.21938766 4 103
115 -09.44650944 147.21949112
120 Linear Feature 26
112 -09.44053860 147.21687627 -09.44026215 147.21674844 3 102
111 -09.44016239 147.21696431 3 102
111 -09.43941543 147.21818154 3 102
112 -09.43930294 147.21850168 -09.43920479 147.21879866
111 -09.43930294 147.21850168
112 -09.43930294 147.21850168 -09.43921778 147.21880256 3 102
115 -09.43934139 147.21890483
120 Linear Feature 25
112 -09.43862728 147.21844299 -09.43885005 147.21851605 3 102
112 -09.43921798 147.21807388 -09.43931919 147.21795384 3 102
112 -09.44000469 147.21682229 -09.44011032 147.21666761 3 102
115 -09.43992139 147.21650312
120 Linear Feature 24
111 -09.44004254 147.21712542 4 104
115 -09.43988590 147.21702485
120 Linear Feature 23
111 -09.43922060 147.21808116 4 103
115 -09.43939843 147.21819109
120 Linear Feature 22
111 -09.44055418 147.21583471 4 104
115 -09.44082186 147.21600913
120 Linear Feature 21
111 -09.43352063 147.21082594 4 103
115 -09.43340452 147.21101664
120 Linear Feature 20
111 -09.43201710 147.21243304 4 103
115 -09.43187053 147.21234040
120 Linear Feature 19
111 -09.43132165 147.21322851 4 103
115 -09.43148171 147.21332574
120 Linear Feature 17
111 -09.43111507 147.21353715 3 102
112 -09.43265968 147.21099964 -09.43293237 147.21055144
111 -09.43265968 147.21099964
112 -09.43265968 147.21099964 -09.43303726 147.21051932 3 102
115 -09.43349803 147.21079974
120 Linear Feature 16
111 -09.43688547 147.21238864 3 102
112 -09.43691315 147.21255253 -09.43684183 147.21264395 3 102
112 -09.43657772 147.21263224 -09.43645644 147.21257870 3 102
111 -09.43614798 147.21243996 3 102
111 -09.43560183 147.21210973 3 102
112 -09.43557808 147.21191092 -09.43563618 147.21180622 3 102
111 -09.43564634 147.21180028 3 102
114 -09.43585231 147.21176247 -09.43596851 147.21183227 3 102
120 Linear Feature 15
111 -09.43886900 147.21334649 3
112 -09.43880435 147.21332445 -09.43875585 147.21331134 3 102
112 -09.43862210 147.21362631 -09.43855420 147.21379184 3 102
111 -09.43865972 147.21389285 3 102
111 -09.43902247 147.21422956 3 102
112 -09.43961169 147.21458826 -09.43976492 147.21469338 3 102
111 -09.43983545 147.21457788 3 102
115 -09.44059273 147.21338294
120 Linear Feature 14
111 -09.44050719 147.21368546 3 102
112 -09.43993493 147.21459754 -09.43985850 147.21472269 3 102
111 -09.43995377 147.21479745 3 102
112 -09.44146629 147.21574194 -09.44157051 147.21580696 3 102
111 -09.44162021 147.21574129 3 102
112 -09.44226662 147.21470574 -09.44229678 147.21465685 3 102
115 -09.44221838 147.21462358
120 Linear Feature 13
111 -09.44240631 147.21473851 3 102
112 -09.44176502 147.21580835 -09.44171211 147.21589625 3 102
111 -09.44179073 147.21593467 3 102
112 -09.44251145 147.21638326 -09.44270317 147.21650083 3 102
111 -09.44284535 147.21635597 3 102
115 -09.44319746 147.21581154
120 Linear Feature 12
111 -09.44333610 147.21631940 3 102
112 -09.44317493 147.21624826 -09.44311474 147.21624976
111 -09.44317493 147.21624826
112 -09.44317493 147.21624826 -09.44312966 147.21624669 3 102
112 -09.44301657 147.21640849 -09.44292337 147.21657852 3 102
111 -09.44306404 147.21672224 3 102
112 -09.44363560 147.21707475 -09.44383121 147.21719193 3 102
115 -09.44397880 147.21696890
120 Linear Feature 11
112 -09.44439006 147.21689057 -09.44422222 147.21684258 3 102
112 -09.44406084 147.21709126 -09.44398553 147.21724178 3 102
111 -09.44414691 147.21740537 3 102
112 -09.44576949 147.21837404 -09.44600041 147.21851816 3 102
111 -09.44614947 147.21832732 3 102
115 -09.44621135 147.21820136
120 Linear Feature 10
112 -09.44633565 147.21841339 -09.44625643 147.21854778 3 102
111 -09.44632949 147.21866801 3 102
112 -09.44645900 147.21872872 -09.44654969 147.21876117 3 102
111 -09.44662261 147.21870889 3 102
112 -09.44679080 147.21858788 -09.44685004 147.21853161
111 -09.44679080 147.21858788
112 -09.44679080 147.21858788 -09.44683009 147.21854868 3 102
112 -09.44699615 147.21828770 -09.44710447 147.21809103 3 102
112 -09.44696905 147.21783014 -09.44690600 147.21771706 3 102
113 -09.44672551 147.21771550 3 102
120 Linear Feature 9
111 -09.44734339 147.21804230 3 102
111 -09.44730853 147.21821490 3 102
112 -09.44698400 147.21873519 -09.44684820 147.21895972 3 102
111 -09.44700673 147.21911541 3 102
112 -09.44842816 147.22000142 -09.44859918 147.22010706
111 -09.44842816 147.22000142
112 -09.44842816 147.22000142 -09.44860065 147.22012920 3 102
112 -09.44868724 147.21995555 -09.44869263 147.21994421
111 -09.44868724 147.21995555
112 -09.44868724 147.21995555 -09.44868732 147.21995539 3 102
112 -09.44897083 147.21948929 -09.44901625 147.21940969
111 -09.44897083 147.21948929
112 -09.44897083 147.21948929 -09.44898095 147.21941198 3 102
112 -09.44889653 147.21933093 -09.44884360 147.21928529
111 -09.44889653 147.21933093
112 -09.44889653 147.21933093 -09.44864458 147.21917421 3 102
115 -09.44814705 147.21887373
120 Linear Feature 8
112 -09.45026364 147.21992019 -09.45015141 147.22010033 3 102
112 -09.44995596 147.22039654 -09.44995243 147.22040034
111 -09.44995596 147.22039654
112 -09.44995596 147.22039654 -09.44987516 147.22035395 3 102
112 -09.44903448 147.21982484 -09.44896899 147.21978892
111 -09.44903448 147.21982484
112 -09.44903448 147.21982484 -09.44892753 147.21977437 3 102
111 -09.44887002 147.21984186 3 102
112 -09.44874789 147.22003360 -09.44873202 147.22006029
111 -09.44874789 147.22003360
112 -09.44874789 147.22003360 -09.44869068 147.22015446 3 102
111 -09.44879457 147.22020915 3 102
112 -09.44951495 147.22064407 -09.44991419 147.22089454
111 -09.44951495 147.22064407
112 -09.44951495 147.22064407 -09.45007858 147.22099767 3 102
112 -09.45098895 147.22158613 -09.45118004 147.22169317
111 -09.45098895 147.22158613
112 -09.45098895 147.22158613 -09.45131693 147.22180446 3 102
115 -09.45098495 147.22227346
120 Linear Feature 7
111 -09.45089096 147.22220110 3 102
111 -09.45100089 147.22198893
112 -09.45100089 147.22198893 -09.45106198 147.22178371 3 102
111 -09.45088904 147.22166130 3 102
111 -09.44675516 147.21910560 3 102
112 -09.44638523 147.21973224 -09.44630293 147.21988421
111 -09.44638523 147.21973224
112 -09.44638523 147.21973224 -09.44631397 147.21995025 3 102
115 -09.44648350 147.22004910
120 Linear Feature 6
111 -09.44586551 147.21910731 3
111 -09.44592163 147.21902740 3
112 -09.44629306 147.21895019 -09.44646141 147.21909377 3
111 -09.44637513 147.21928539 3
111 -09.44619856 147.21961860 3
116 -09.44585870 147.21967422 -09.44569688 147.21955908
120 Linear Feature 5
112 -09.44575084 147.21899237 -09.44588058 147.21873351 3 102
111 -09.44572761 147.21859170 3 102
112 -09.44412429 147.21760230 -09.44386288 147.21744727 3 102
115 -09.44369871 147.21776542
120 Linear Feature 4
112 -09.44351761 147.21765901 -09.44371322 147.21741564 3 102
111 -09.44345269 147.21720439 3 102
112 -09.44250995 147.21661307 -09.44200299 147.21632559
111 -09.44250995 147.21661307
112 -09.44250995 147.21661307 -09.44191244 147.21627424 3 102
112 -09.44115084 147.21591897 -09.44105796 147.21594641
111 -09.44115084 147.21591897
112 -09.44115084 147.21591897 -09.44101545 147.21587675 3 102
111 -09.44086609 147.21598465 3 102
112 -09.44062976 147.21623959 -09.44056669 147.21630916
111 -09.44062976 147.21623959
112 -09.44062976 147.21623959 -09.44058332 147.21637170 3 102
115 -09.44071747 147.21649145
120 Linear Feature 3
112 -09.44018567 147.21616512 -09.44034746 147.21619882 3 102
112 -09.44043227 147.21612155 -09.44044525 147.21610131 3 102
112 -09.44055186 147.21582563 -09.44055556 147.21581327
111 -09.44055186 147.21582563
112 -09.44055186 147.21582563 -09.44063840 147.21555322 3 102
111 -09.44042875 147.21538943 3 102
111 -09.44007026 147.21511132 3 102
112 -09.43563871 147.21238159 -09.43533995 147.21219771
111 -09.43563871 147.21238159
112 -09.43563871 147.21238159 -09.43536757 147.21221471 3 102
112 -09.43520691 147.21250445 -09.43517922 147.21255110
111 -09.43520691 147.21250445
112 -09.43520691 147.21250445 -09.43520458 147.21250934 3 102
115 -09.43509995 147.21268087
120 Linear Feature 2
111 -09.43483497 147.21286702 3 102
112 -09.43508103 147.21244819 -09.43508563 147.21244078
111 -09.43508103 147.21244819
112 -09.43508103 147.21244819 -09.43510147 147.21241529 3 102
112 -09.43515645 147.21220520 -09.43515588 147.21209475
111 -09.43515645 147.21220520
112 -09.43515645 147.21220520 -09.43515575 147.21206988 3 102
111 -09.43500446 147.21198796 3 102
111 -09.43371724 147.21117992 3 102
112 -09.43337795 147.21101576 -09.43307748 147.21087128 3 102
111 -09.43288093 147.21112129 3 102
112 -09.43262704 147.21144240 -09.43259127 147.21150041 3 102
111 -09.43151805 147.21328492 3 102
115 -09.43134188 147.21369601
120 Linear Feature 51
111 -09.43444706 147.21077551 1 101
112 -09.43474319 147.21081652 -09.43487159 147.21093906
111 -09.43474319 147.21081652
112 -09.43474319 147.21081652 -09.43487211 147.21095761 1 101
115 -09.43493845 147.21102873
120 Linear Feature 50
111 -09.43460677 147.21049318 1 101
112 -09.43468689 147.21045424 -09.43473559 147.21043965
111 -09.43468689 147.21045424
112 -09.43468689 147.21045424 -09.43469684 147.21045126 1 101
112 -09.43471878 147.21044681 -09.43473005 147.21044494
111 -09.43471878 147.21044681
112 -09.43471878 147.21044681 -09.43478247 147.21043623 1 101
112 -09.43494563 147.21053444 -09.43502593 147.21062093
111 -09.43494563 147.21053444
112 -09.43494563 147.21053444 -09.43510972 147.21071117 1 101
115 -09.43511265 147.21071414
120 Linear Feature 49
111 -09.43479199 147.21019000 1 101
112 -09.43491903 147.21010035 -09.43493462 147.21009645
111 -09.43491903 147.21010035
112 -09.43491903 147.21010035 -09.43508322 147.21003843 1 101
115 -09.43534168 147.21038428
120 Linear Feature 48
111 -09.43499719 147.20987855 2
112 -09.43509101 147.21019348 -09.43522214 147.21031768
111 -09.43509101 147.21019348
112 -09.43509101 147.21019348 -09.43518460 147.21028712 2
115 -09.43529138 147.21039186
120 Linear Feature 47
111 -09.43479199 147.21019000 2
112 -09.43488117 147.21053147 -09.43503940 147.21067849 2
115 -09.43509067 147.21073344
120 Linear Feature 46
111 -09.43460677 147.21049318 2
112 -09.43466867 147.21080472 -09.43477123 147.21089383 2
115 -09.43490314 147.21105572
120 Linear Feature 9
111 -09.43392369 147.21119273 1 101
112 -09.43425805 147.21108837 -09.43436725 147.21090849 1 101
111 -09.43444706 147.21077551 1 101
111 -09.43457899 147.21053866 1 101
111 -09.43460677 147.21049318 1 101
111 -09.43479199 147.21019000 1 101
111 -09.43496942 147.20989955 1 101
112 -09.43499719 147.20987855 -09.43501493 147.20986733
111 -09.43499719 147.20987855
112 -09.43499719 147.20987855 -09.43500962 147.20987069 1 101
112 -09.43504601 147.20985573 -09.43506664 147.20984933
111 -09.43504601 147.20985573
112 -09.43504601 147.20985573 -09.43505927 147.20985161 1 101
112 -09.43508923 147.20984682 -09.43510574 147.20984525
111 -09.43508923 147.20984682
112 -09.43508923 147.20984682 -09.4358501 147.20984456 1 101
112 -09.43518301 147.20984039 -09.43521326 147.20984728
111 -09.43518301 147.20984039
112 -09.43518301 147.20984039 -09.43531354 147.20987010 1 101
115 -09.43551411 147.21004973
120 Linear Feature 11
112 -09.43436672 147.21111135 -09.43444495 147.21097894
111 -09.43436672 147.21111135
112 -09.43436672 147.21111135 -09.43441983 147.21101823 1
112 -09.43464496 147.21100359 -09.43479511 147.21108661
111 -09.43464496 147.21100359
112 -09.43464496 147.21100359 -09.43470122 147.21103470 1
111 -09.43493565 147.21119727 1
111 -09.43542997 147.21150249 1
112 -09.43547327 147.21177720 -09.43535506 147.21194838
111 -09.43547327 147.21177720
112 -09.43547327 147.21177720 -09.43537917 147.21193354 1
112 -09.43516571 147.21183731 -09.43504130 147.21175904 1
113 -09.43437999 147.21133860 1
120 Linear Feature 10
111 -09.43432889 147.21143332 1 101
116 -09.43425805 147.21108837 -09.43435938 147.21087451
120 Linear Feature 53
111 -09.44677484 147.21883750 1 101
112 -09.44644031 147.21892058 -09.44626601 147.21880933 1 101
111 -09.44611969 147.21872426 1 101
111 -09.44594842 147.21861858 1 101
111 -09.44393869 147.21738982 1 101
111 -09.44373406 147.21726276 1 101
111 -09.44282685 147.21669250 1 101
111 -09.44267482 147.21659976 1 101
111 -09.44112267 147.21565287 1 101
111 -09.44070669 147.21539274 1 101
111 -09.43989712 147.21488604 1 101
111 -09.43961774 147.21471715 1 101
111 -09.43857926 147.21404708 1 101
111 -09.43793052 147.21367297 1 101
111 -09.43712594 147.21315891 1 101
111 -09.43650307 147.21278213 1 101
111 -09.43562156 147.21225551 1 101
111 -09.43552522 147.21219481 1 101
111 -09.43516190 147.21196749 1 101
111 -09.43432889 147.21143332 1 101
111 -09.43392369 147.21119273 1 101
111 -09.43349435 147.21091696 1 101
111 -09.43344745 147.21088275 1 101
112 -09.43268704 147.21114417 -09.43237515 147.21164556 1 101
115 -09.43122168 147.21357051
120 Linear Feature 102
111 -09.43752824 147.21262078 3 102
112 -09.43719852 147.21272135 -09.43706959 147.21292318 3 102
111 -09.43724538 147.21304404 3 102
112 -09.43760827 147.21331938 -09.43769508 147.21336463 3 102
112 -09.43803459 147.21352049 -09.43809288 147.21354186 3 102
112 -09.43837165 147.21339727 -09.43846768 147.21322240 3 102
112 -09.43829829 147.21302995 -09.43826605 147.21299978 3 102
114 -09.43795518 147.21277445 -09.43789628 147.21274721 3 102
120 Linear Feature 55
111 -09.43485701 147.2185051 1
115 -09.43489255 147.21109587
120 Linear Feature 55
111 -09.43506449 147.21080191 1
115 -09.43510003 147.21076727
120 Linear Feature 55
111 -09.43525738 147.21049383 1
115 -09.43529292 147.21045918
120 Linear Feature 55
111 -09.43483049 147.21111507 1
115 -09.43486603 147.21108043
120 Linear Feature 55
111 -09.43504429 147.21078321 1
115 -09.43507982 147.21074857
120 Linear Feature 55
111 -09.43523647 147.21047663 1
115 -09.43527201 147.21044198
120 Linear Feature 55
111 -09.43481012 147.21109288 1
115 -09.43484565 147.21105824
120 Linear Feature 55
111 -09.43502535 147.21076190 1
115 -09.43506089 147.21072726
120 Linear Feature 55
111 -09.43521791 147.21045595 1
115 -09.43525345 147.21042131
120 Linear Feature 54
111 -09.43544307 147.21014686 1
115 -09.43548339 147.21008312
120 Linear Feature 54
111 -09.43541915 147.21012885 1
115 -09.43545947 147.21006511
120 Linear Feature 45
111 -09.43518301 147.20984039 2
115 -09.43550615 147.21005475
120 Linear Feature 29
111 -09.43545046 147.21085584 1
115 -09.43546917 147.21079781
120 Linear Feature 29
111 -09.43543126 147.21084880 1
115 -09.43544998 147.21079077
120 Linear Feature 28
111 -09.43564698 147.21053254 1
115 -09.43566789 147.21047229
120 Linear Feature 28
111 -09.43562824 147.21052464 1
115 -09.43564915 147.21046438
120 Linear Feature 27
111 -09.43585269 147.21021410 1
115 -09.43588901 147.21015162
120 Linear Feature 27
111 -09.43583335 147.21020162 1
115 -09.43586967 147.21013913
120 Linear Feature 26
111 -09.43563445 147.21154412 1 101
112 -09.43560726 147.21139752 -09.43559137 147.21138297
111 -09.43560726 147.21139752
112 -09.43560726 147.21139752 -09.43557735 147.21135773 1 101
112 -09.43547000 147.21128055 -09.43540456 147.21125582
111 -09.43547000 147.21128055
112 -09.43547000 147.21128055 -09.43534408 147.21123297 1 101
115 -09.43521569 147.21118783
120 Linear Feature 25
111 -09.43582902 147.21123865 2
112 -09.43552446 147.21131801 -09.43535158 147.21125563 2
115 -09.43518442 147.21120784
120 Linear Feature 24
111 -09.43582902 147.21123865 1 101
112 -09.43581527 147.21111204 -09.43580748 147.21105979
111 -09.43581527 147.21111204
112 -09.43581527 147.21111204 -09.43581271 147.21109485 1 101
112 -09.43566062 147.21095973 -09.43560013 147.21093971
111 -09.43566062 147.21095973
112 -09.43566062 147.21095973 -09.43551704 147.21091221 1 101
115 -09.43542606 147.21085772
120 Linear Feature 23
111 -09.43603353 147.21090572 2
112 -09.43567478 147.21098921 -09.43542820 147.21090764
111 -09.43567478 147.21098921
112 -09.43567478 147.21098921 -09.43563919 147.21097923 2
111 -09.43541193 147.21088964 2
116 -09.43541339 147.21110270 -09.43551594 147.21118735
120 Linear Feature 16
111 -09.43612455 147.21177687 1
115 -09.43613092 147.21171601
120 Linear Feature 16
111 -09.43610085 147.21177600 1
115 -09.43610721 147.21171514
120 Linear Feature 15
111 -09.43599451 147.21172330 1
115 -09.43601089 147.21159881
120 Linear Feature 13
111 -09.43583423 147.21136028 1 101
112 -09.43591093 147.21131413 -09.43593904 147.21131110
111 -09.43591093 147.21131413
112 -09.43591093 147.21131413 -09.43594323 147.21131352 1 101
111 -09.43642862 147.2850823 1 101
115 -09.43646377 147.2850760
120 Linear Feature 13
112 -09.43608244 147.21095726 -09.43610971 147.21091361 1 101
111 -09.43618298 147.21091105 1 101
111 -09.43662572 147.21090942 1 101
111 -09.43666005 147.21091013 1 101
115 -09.43670092 147.21091098
120 Linear Feature 8
111 -09.43349803 147.21079974 3 102
111 -09.43391872 147.21107995 3 102
112 -09.43415313 147.21105173 -09.43423078 147.21093144 3 102
115 -09.43506296 147.20956459
120 Linear Feature 3
111 -09.44178183 147.21376054 1
115 -09.44181402 147.21388639
120 Linear Feature 2
111 -09.44148143 147.21357254 1
115 -09.44150596 147.21368752
120 Linear Feature 68
111 -09.44505045 147.21588357 1
115 -09.44506120 147.21574317
120 Linear Feature 68
111 -09.44489641 147.21618099 1
115 -09.44490717 147.21604059
120 Linear Feature 64
111 -09.44455591 147.21583712 1 101
112 -09.44466123 147.21578227 -09.44471746 147.21578227 1 101
111 -09.44471746 147.21578227 1 101
111 -09.44476102 147.21578368 1 101
115 -09.44522415 147.21583655
120 Linear Feature 64
111 -09.44436652 147.21614640 1 101
112 -09.44448225 147.21607917 -09.44453848 147.21607917 1 101
111 -09.44453848 147.21607917 1 101
111 -09.44458204 147.21608057 1 101
115 -09.44504518 147.21613344
120 Linear Feature 68
111 -09.44477048 147.21648596 1
115 -09.44478124 147.21634556
120 Linear Feature 64
111 -09.44419479 147.21642685 1 101
112 -09.44430341 147.21637361 -09.44435964 147.21637361 1 101
111 -09.44435964 147.21637361 1 101
111 -09.44440320 147.21637501 1 101
115 -09.44486634 147.21642788
120 Linear Feature 67
111 -09.44426448 147.21540715 1
115 -09.44436561 147.21533730
120 Linear Feature 67
111 -09.44408717 147.21568646 1
115 -09.44418830 147.21561661
120 Linear Feature 65
111 -09.44455591 147.21583712 1 101
112 -09.44455513 147.21572216 -09.44451977 147.21566583
111 -09.44455513 147.21572216
112 -09.44455513 147.21572216 -09.44454710 147.21570937 1 101
112 -09.44453560 147.21569094 -09.44453050 147.21568275
111 -09.44453560 147.21569094
112 -09.44453560 147.21569094 -09.44451824 147.21566304 1 101
111 -09.44451597 147.21565890 1 101
115 -09.44425770 147.21529311
120 Linear Feature 65
111 -09.44436652 147.21614640 1 101
112 -09.44437054 147.21601833 -09.44433518 147.21596200
111 -09.44437054 147.21601833
112 -09.44437054 147.21601833 -09.44436251 147.21600554 1 101
112 -09.44435101 147.21598711 -09.44434591 147.21597892
111 -09.44435101 147.21598711
112 -09.44435101 147.21598711 -09.44433365 147.21595922 1 101
111 -09.44433138 147.21595508 1 101
115 -09.44407311 147.21558928
120 Linear Feature 67
111 -09.44390370 147.21599098 1
115 -09.44400483 147.21592113
120 Linear Feature 65
111 -09.44419536 147.21642584 1 101
112 -09.44418829 147.21631011 -09.44415293 147.21625378
111 -09.44418829 147.21631011
112 -09.44418829 147.21631011 -09.44418026 147.21629732 1 101
112 -09.44416876 147.21627889 -09.44416366 147.21627070
111 -09.44416876 147.21627889
112 -09.44416876 147.21627889 -09.44415140 147.21625100 1 101
111 -09.44414913 147.21624686 1 101
115 -09.44389086 147.21588106
120 Linear Feature 63
111 -09.44406139 147.21695329 1 101
111 -09.44412333 147.21684945 1 101
112 -09.44412809 147.21677701 -09.44412333 147.21673596 1 101
111 -09.44410189 147.21661038 1 101
112 -09.44412333 147.21655725 -09.44414000 147.21652586 1 101
111 -09.44419479 147.21642685 1 101
111 -09.44436652 147.21614640 1 101
115 -09.44455591 147.21583712
120 Linear Feature 1
111 -09.44351312 147.21766532 4 103
115 -09.44368936 147.21777840
120 Linear Feature 14
111 -09.44958768 147.22011646 1 101
112 -09.44985326 147.22027599 -09.44993367 147.22032518 1 101
111 -09.45002719 147.22020604 1 101
115 -09.45022986 147.21987673
120 Linear Feature 19
111 -09.43631206 147.22021396 1 101
112 -09.43610976 147.22027225 -09.43601564 147.22022506 1 101
112 -09.43557986 147.21995846 -09.43553128 147.21992768 1 101
115 -09.43555187 147.21978827
120 Linear Feature 18
111 -09.43610488 147.22056107 1 101
112 -09.43589990 147.22063214 -09.43583664 147.22060436 1 101
112 -09.43539273 147.22031658 -09.43532998 147.22027349 1 101
115 -09.43533851 147.22016056
120 Linear Feature 17
112 -09.43640007 147.21982904 -09.43645498 147.21986368 1 101
115 -09.43641468 147.22004204
120 Linear Feature 16
111 -09.43585268 147.21949929 1 101
116 -09.43568129 147.21956844 -09.43559636 147.21966284
120 Linear Feature 15
112 -09.43664730 147.21997966 -09.43655660 147.21992070 1 101
111 -09.43641468 147.22004204 1 101
111 -09.43631206 147.22021396 1 101
111 -09.43610488 147.22056107 1 101
111 -09.43594711 147.22082538 1 101
112 -09.43575124 147.22088350 -09.43564371 147.22084360 1 101
112 -09.43521259 147.22057718 -09.43515308 147.22053040 1 101
111 -09.43521959 147.22035912 1 101
112 -09.43568129 147.21956844 -09.43573869 147.21948294 1 101
115 -09.43565431 147.21937891
120 Linear Feature 28
111 -09.43638183 147.21195639 1
115 -09.43632433 147.21194275
120 Linear Feature 27
111 -09.43688956 147.21220726 1 101
112 -09.43676959 147.21201101 -09.43675279 147.21199855 1 101
112 -09.43668043 147.21203281 -09.43666262 147.21203859 1 101
115 -09.43643588 147.21197402
120 Linear Feature 26
111 -09.43657561 147.21167887 1
115 -09.43650221 147.21166151
120 Linear Feature 25
111 -09.43709401 147.21181423 1 101
112 -09.43700952 147.21172268 -09.43693414 147.21168114
111 -09.43700952 147.21172268
112 -09.43700952 147.21172268 -09.43690341 147.21169236 1 101
111 -09.43684721 147.21174584 1 101
115 -09.43661476 147.21168755
120 Linear Feature 22
112 -09.43742320 147.21123264 -09.43743677 147.21120871 1 101
112 -09.43734384 147.21115616 -09.43730903 147.21114719 1 101
112 -09.43721624 147.21116133 -09.43718497 147.21117568
111 -09.43721624 147.21116133
112 -09.43721624 147.21116133 -09.43721382 147.21116337 1 101
112 -09.43698394 147.21100910 -09.43689444 147.21095028
111 -09.43698394 147.21100910
112 -09.43698394 147.21100910 -09.43696173 147.21099450
112 -09.43694015 147.21098312 -09.43692728 147.21097463
111 -09.43694015 147.21098312
112 -09.43694015 147.21098312 -09.43692895 147.21097573 1
115 -09.43691092 147.21096475
120 Linear Feature 21
111 -09.43728888 147.21227658 1 101
115 -09.43752571 147.21194071
120 Linear Feature 31
111 -09.43527367 147.21112118 1
115 -09.43525702 147.21117271
120 Linear Feature 30
111 -09.43525238 147.21111339 1
115 -09.43523644 147.21116593
21 -09.43395905 147.21523748 3 148.6500 3.00 14L PAPI-4L
21 -09.43346558 147.21608519 2 148.6500 3.00 14L PAPI-4L
21 -09.44898104 147.22562686 3 328.6500 3.00 32R PAPI-4L
21 -09.44946827 147.22484044 2 328.6500 3.00 32R PAPI-4L
21 -09.44302783 147.21763937 1 328.6800 3.00 VASI 32L
21 -09.43647566 147.21466584 1 148.7000 3.00 VASI 14R
20 -09.44653250 147.21855713 328.7000 0 2 {@L}A{@Y,^l}L{^r,@@,^l}M{^r,@L}A
20 -09.44603929 147.21812843 57.8300 0 2 {@L}L{@Y,^l}A{^r}
20 -09.44553477 147.21875377 152.3900 0 2 {@L}A{@Y,^l}L{^r}
20 -09.44423138 147.21728290 328.7000 0 2 {@L}A{@Y,^l}K{^r}
20 -09.44332269 147.21731899 152.3900 0 2 {@L}A{@Y,^l}K{^r}
20 -09.44305211 147.21649622 328.7000 0 2 {@Y,^l}J{@L}A
20 -09.44271593 147.21628266 152.3900 0 2 {@L}A{@Y}J{^r}
20 -09.44188150 147.21578940 328.7000 0 2 {@Y,^l}H{@L}A
20 -09.44154532 147.21557584 152.3900 0 2 {@L}A{@Y}H{^r}
20 -09.44107352 147.21604204 328.7000 0 2 {@Y,^l}F{@L}A
20 -09.44007117 147.21469639 328.7000 0 2 {@Y,^l}E{@L}A
20 -09.43966170 147.21444518 152.3900 0 2 {@L}A{@Y}E{^r}
20 -09.43874302 147.21367579 328.7000 0 2 {@Y,^l}D{@L}A
20 -09.43729573 147.21279912 328.7000 0 2 {@Y,^l}C{@L}A
20 -09.43819532 147.21334502 152.3900 0 2 {@L}A{@Y}D{^r}
20 -09.43668407 147.21249488 152.3900 0 2 {@L}A{@Y}C{^r}
20 -09.43499113 147.21215995 152.3100 0 2 {@L}A{@Y,^l}B{^r}
20 -09.44661912 147.21964059 217.9200 0 2 {@L}M{@Y,^u}A
20 -09.44475887 147.22154874 40.6600 0 2 {@L}M{@R}14L-32R
20 -09.44529969 147.22188434 74.1400 0 2 {@L}M{@R}14L-32R
20 -09.43952180 147.21829469 74.1400 0 2 {@L}F{@R}14L-32R
20 -09.43165633 147.21343376 75.9200 0 2 {@L}A{@R}14L
20 -09.43901867 147.21798235 40.4600 0 2 {@L}F{@R}14L-32R
20 -09.44036174 147.21559748 146.9900 0 2 {@Y,^l}F{@L}A
20 -09.44160074 147.21547850 59.9200 0 2 {@L}H{@Y,^l}A{^r}
20 -09.44195128 147.21569631 240.5200 0 2 {@L}H
20 -09.43532024 147.21259946 76.6600 0 2 {@R}14R{@L}B
20 -09.43492165 147.21236365 37.1400 0 2 {@R}14R{@L}B
20 -09.43538678 147.21165852 57.9900 0 2 {@L}B{@Y,^l}A{^r}
20 -09.43568561 147.21189643 57.9900 0 2 {@L}B{@Y,^l}A{^r}
20 -09.43670287 147.21244661 57.9900 0 2 {@L}C{@Y,^l}A{^r}
20 -09.43739909 147.21276388 57.9900 0 2 {@L}C{@Y,^l}A{^r}
20 -09.43819619 147.21324014 57.9900 0 2 {@L}D{@Y,^l}A{^r}
20 -09.43883096 147.21363375 57.9900 0 2 {@L}D{@Y,^l}A{^r}
20 -09.44007580 147.21456412 67.7600 0 2 {@L}E{@Y,^l}A{^r}
20 -09.43977240 147.21437113 30.7000 0 2 {@L}E{@Y,^l}A{^r}
20 -09.44277135 147.21614807 42.2700 0 2 {@L}J{@Y,^l}A{^r}
20 -09.44319910 147.21642054 29.0100 0 2 {@L}J{@Y,^l}A{^r}
20 -09.44386977 147.21683259 90.5700 0 2 {@L}K{@Y,^l}A{^r}
20 -09.44427096 147.21709213 26.9000 0 2 {@L}K{@Y,^l}A{^r}
20 -09.44865596 147.21986045 58.3100 0 2 {@L}N{@Y,^l}A{^r}
20 -09.44715484 147.21891494 296.9800 0 2 {@Y,^l}M{^r,@L}A
20 -09.44610640 147.21908998 149.4400 0 2 {@L}A{@Y,^l}M{^r,@@,^l}L{^r,@L}A
20 -09.44805096 147.22015102 147.4300 0 2 {@L}A{@Y}N{^r}
20 -09.44911983 147.22018385 330.5600 0 2 {@Y,^l}N{@L}A
20 -09.45113396 147.22236615 90.8600 0 2 {@L}A{@R}32L
20 -09.45071928 147.22211018 11.5000 0 2 {@L}A{@R}32L
20 -09.43115059 147.21312461 38.9900 0 2 {@L}A{@R}14L
1300 -09.44179786 147.21382442 193.98 gate jets|turboprops Itinerant Terminal 1
1301 B airline
1300 -09.43919698 147.21233515 -119.27 gate heavy|jets|turboprops International Gate 1
1301 D airline
1300 -09.43875453 147.21206225 -119.12 gate heavy|jets|turboprops International Gate 2
1301 E airline
1300 -09.43775991 147.21147076 -116.79 gate heavy|jets|turboprops International Gate 4
1301 E airline
1300 -09.43638757 147.21195857 -15.43 tie_down turboprops Domestic 4
1301 C airline
1300 -09.43636292 147.2850925 -179.98 tie_down turboprops Domestic 6
1301 C airline
1300 -09.43660687 147.21090949 -180.20 tie_down turboprops Domestic 5
1301 C airline
1300 -09.43565754 147.21054940 -20.27 tie_down turboprops Domestic 9
1301 C airline
1300 -09.43508252 147.21068196 -226.95 tie_down turboprops Domestic 13
1301 C airline
1300 -09.44493874 147.21611588 177.41 gate jets Cargo Ramp
1301 C cargo
1300 -09.44477495 147.21641622 175.07 gate heavy|jets|turboprops Cargo Ramp
1301 C cargo
1300 -09.44505403 147.21581816 175.07 gate heavy|jets|turboprops Cargo Ramp
1301 C cargo
1300 -09.44394673 147.21596135 304.75 gate heavy|jets|turboprops Cargo Ramp
1301 C cargo
1300 -09.44412609 147.21566204 304.75 gate heavy|jets|turboprops Cargo Ramp
1301 B cargo
1300 -09.44431605 147.21537551 304.75 gate heavy|jets|turboprops Cargo Ramp
1301 B cargo
1300 -09.44952370 147.21939067 146.61 gate props Light GA 1
1301 A general_aviation
1300 -09.44939439 147.21962002 146.75 gate props Light GA 2
1301 A general_aviation
1300 -09.44053098 147.21319965 237.12 gate helos Helifix 1
1301 B general_aviation
1300 -09.44034553 147.21307536 237.12 gate helos Helifix 2
1301 B general_aviation
1300 -09.43359851 147.21861918 151.81 tie_down heavy|jets|helos|fighters PNG DF 4
1301 C military
1300 -09.43337102 147.21897123 151.81 tie_down heavy|jets|helos|fighters PNG DF 5
1301 C military
1300 -09.43322843 147.21923352 151.81 tie_down heavy|jets|helos|fighters PNG DF 6
1301 B military
1300 -09.43296266 147.21825410 151.81 tie_down heavy|jets|helos|fighters PNG DF 7
1301 C military
1300 -09.43240775 147.21783666 146.77 tie_down heavy|jets|helos|fighters PNG DF 10
1301 C military
1300 -09.43240775 147.21783666 146.77 gate heavy|jets|helos|fighters PNG DF 2
1301 C military
1300 -09.43240775 147.21783666 146.77 gate heavy|jets|helos|fighters PNG DF 2
1301 C military
1300 -09.43219414 147.21817656 146.77 tie_down heavy|jets|helos|fighters PNG DF 11
1301 C military
1300 -09.43207244 147.21848877 146.77 tie_down jets|helos|fighters PNG DF 12
1301 B military
1300 -09.43263874 147.21885385 146.77 tie_down heavy|jets|helos|fighters PNG DF 9
1301 B military
1300 -09.43277286 147.21858948 146.77 tie_down heavy|jets|helos|fighters PNG DF 8
1301 C military
1300 -09.43554498 147.22077830 151.14 tie_down jets|turboprops|helos|fighters PNG DF 3
1301 B military
1300 -09.43569850 147.22052148 151.14 gate jets|turboprops|helos|fighters PNG DF 2
1301 B military
1300 -09.43595010 147.22018392 151.14 gate jets|turboprops|helos|fighters PNG DF 1
1301 E military
1300 -09.45022646 147.21988018 238.87 tie_down props GA 1
1301 B general_aviation
1300 -09.45000863 147.21969347 237.36 tie_down props New Ramp Start 30
1301 B general_aviation
1300 -09.44968911 147.21947790 -123.41 tie_down props GA 3
1301 A general_aviation
1300 -09.44944537 147.21905993 0.00 tie_down props|helos New Ramp Start 35
1301 A general_aviation
1300 -09.44912205 147.21886422 238.25 tie_down props|helos New Ramp Start 34
1301 B general_aviation
1300 -09.44874468 147.21874989 59.16 tie_down props|helos New Ramp Start 33
1301 B general_aviation
1300 -09.43914915 147.21305425 -25.32 tie_down jets|turboprops Corporate Ramp
1301 B general_aviation
1300 -09.43822845 147.21178263 240.88 gate heavy|jets|turboprops International Gate 3
1301 D airline
1300 -09.44149289 147.21362843 193.71 gate jets|turboprops Itinerant Terminal 2
1301 B airline
1300 -09.43548453 147.21003169 146.69 tie_down jets|turboprops Domestic 11
1301 C airline
1300 -09.43529699 147.21036424 137.18 tie_down jets|turboprops Domestic 12
1301 C airline
1300 -09.43492896 147.21101808 132.91 tie_down jets|turboprops Domestic 14
1301 C airline
1300 -09.43698402 147.21100187 -32.37 tie_down turboprops Domestic 1
1301 C airline
1300 -09.43673941 147.21136252 -16.85 tie_down turboprops Domestic 2
1301 C airline
1300 -09.43656111 147.21167257 -14.01 tie_down turboprops Domestic 3
1301 C airline
1300 -09.43614324 147.21169275 171.44 tie_down turboprops Domestic 7
1301 C airline
1300 -09.43585904 147.21022866 -31.71 tie_down jets|turboprops Domestic 10
1301 C airline
1300 -09.43546749 147.21087901 -22.29 tie_down jets|turboprops Domestic 8
1301 C airline
1300 -09.43527233 147.21121898 -19.89 tie_down jets|turboprops Domestic 7
1301 C airline
18 -09.43937052 147.22153430 1 New Airport Beacon 3
19 -09.43461206 147.21475836 1 New Windsock 1
19 -09.44985850 147.22368354 1 New Windsock 1
19 -09.44242698 147.21578195 1 New Windsock 2
50 11700 JACKSONS ATIS
50 12800 JACKSONS ATIS
53 12170 JACKSONS GND
54 11810 JACKSONS TWR
55 12580 JACKSONS APP
1000 Calm
1001 AYPY 000 360 2
1002 AYPY 500
1003 AYPY 0.2
1101 14L left
1100 14L 12580 arrivals|departures heavy|jets|turboprops|props|helos|fighters 000000 000000 Arr,Dep Rwy 14L
1100 14R 12580 arrivals|departures jets|turboprops|props|helos|fighters 000000 000000 Arr,Dep Rwy 14R
1000 RWY32 Active
1001 AYPY 230 050 35
1002 AYPY 500
1003 AYPY 0.2
1101 32L left
1100 32L 12580 arrivals|departures jets|turboprops|props|helos|fighters 000000 000000 Arr,Dep Rwy 32L
1100 32R 12580 arrivals|departures heavy|jets|turboprops|props|helos|fighters 000000 000000 Arr,Dep Rwy 32R
1000 RWY 14 Active
1001 AYPY 050 230 35
1002 AYPY 500
1003 AYPY 0.2
1101 14L left
1100 14L 12580 arrivals|departures heavy|jets|turboprops|props|helos|fighters 000000 000000 Arr,Dep Rwy 14L
1100 14R 12580 arrivals|departures jets|turboprops|props|helos|fighters 000000 000000 Arr,Dep Rwy 14R
1200
1201 -09.44987005 147.22028315 both 0 N_stop
1201 -09.44899113 147.21976591 both 1 N_stop
1201 -09.44826112 147.21888752 both 2 N_stop
1201 -09.44894042 147.21929301 both 3 N_stop
1201 -09.44902140 147.21946770 both 4 N_stop
1201 -09.45093479 147.22224733 both 5 _stop
1201 -09.45050338 147.22277277 both 6 _stop
1201 -09.44506286 147.22171257 both 7 M_stop
1201 -09.44569797 147.22063516 both 8 M_stop
1201 -09.44641503 147.21941706 both 9 M_stop
1201 -09.44716799 147.21814098 both 10 M_stop
1201 -09.44716026 147.21774171 both 11 M_stop
1201 -09.44603335 147.21704578 both 12 _stop
1201 -09.44576839 147.21911149 both 13 L_stop
1201 -09.44602090 147.21866977 both 14 L_stop
1201 -09.44675830 147.21748051 both 15 L_start
1201 -09.44360838 147.21771466 both 16 K_stop
1201 -09.44411044 147.21685269 both 17 K_stop
1201 -09.44410400 147.21659499 both 18 K_stop
1201 -09.44410563 147.21666034 both 19 K_stop
1201 -09.44456736 147.21579582 both 20 K_start
1201 -09.44357331 147.21530221 both 21 J_stop
1201 -09.44244681 147.21449484 both 22 H_stop
1201 -09.44068704 147.21590295 both 23 F_stop
1201 -09.44174293 147.21412626 both 24 _stop
1201 -09.44072663 147.21322803 both 25 E_stop
1201 -09.43996168 147.21708250 both 26 F_start
1201 -09.43901217 147.21884121 both 27 F_stop
1201 -09.43886469 147.21869171 both 28 F_stop
1201 -09.43903094 147.21856667 both 29 F_stop
1201 -09.43931465 147.21812984 both 30 F_start
1201 -09.44476297 147.21923678 both 31 _stop
1201 -09.44546661 147.21967150 both 32 _stop
1201 -09.44605328 147.22003159 both 33 _stop
1201 -09.43469771 147.21302422 both 34 _start
1201 -09.43480878 147.21309172 both 35 _start
1201 -09.44032141 147.21650282 both 36 _start
1201 -09.44324015 147.21829109 both 37 _start
1201 -09.45107480 147.22195145 both 38 A_stop
1201 -09.45097773 147.22165157 both 39 A_stop
1201 -09.43348816 147.21090887 both 40 A_stop
1201 -09.43411632 147.21128423 both 41 A_stop
1201 -09.43538514 147.21207407 both 42 A_stop
1201 -09.43682895 147.21295145 both 43 A_stop
1201 -09.43827307 147.21384390 both 44 A_stop
1201 -09.43976577 147.21480048 both 45 A_stop
1201 -09.44094446 147.21552783 both 46 A_stop
1201 -09.44157534 147.21594096 both 47 A_stop
1201 -09.44234019 147.21467176 both 48 A_stop
1201 -09.44275858 147.21664090 both 49 A_stop
1201 -09.44326829 147.21580340 both 50 A_stop
1201 -09.44386350 147.21731444 both 51 A_stop
1201 -09.44603894 147.21864068 both 52 A_stop
1201 -09.44666988 147.21900605 both 53 A_stop
1201 -09.44860801 147.22018353 both 54 A_stop
1201 -09.44886078 147.21976025 both 55 A_stop
1201 -09.44059167 147.21345378 both 56 A_stop
1201 -09.44079495 147.21357252 both 57 A_stop
1201 -09.43320660 147.21082461 both 58 A_stop
1201 -09.43273735 147.21104750 both 59 A_stop
1201 -09.43192912 147.21239201 both 60 A_stop
1201 -09.43121965 147.21356989 both 61 A_stop
1201 -09.45206757 147.22699724 both 62 _stop
1201 -09.43088372 147.21393273 both 63 _start
1201 -09.43105578 147.21403425 both 64 _start
1201 -09.43861207 147.21868233 both 65 _start
1201 -09.43913015 147.21900029 both 66 _start
1201 -09.44466507 147.22242248 both 67 _start
1201 -09.43523962 147.22031690 both 68 G_stop
1201 -09.43567536 147.21955806 both 69 G_stop
1201 -09.43594537 147.22082657 both 70 G_stop
1201 -09.43641462 147.22003941 both 71 G_stop
1201 -09.43238864 147.21738124 both 72 G_stop
1201 -09.43756788 147.22053661 both 73 G_stop
1201 -09.43663808 147.21996957 both 74 G_stop
1201 -09.43586902 147.21949766 both 75 G_stop
1201 -09.43785979 147.22048494 both 76 G_stop
1201 -09.43874138 147.21889171 both 77 G_stop
1201 -09.43848772 147.21947850 both 78 G_stop
1201 -09.43872359 147.21910568 both 79 G_stop
1201 -09.43889584 147.21898298 both 80 G_stop
1201 -09.43608533 147.21091598 both 81 B_stop
1201 -09.43513207 147.21249265 both 82 B_start
1201 -09.43873257 147.21313542 both 83 D_stop
1201 -09.43729230 147.21227037 both 84 C_stop
1201 -09.43496072 147.20990640 both 85 _stop
1201 -09.43510653 147.20947367 both 86 _stop
1201 -09.44069518 147.21298151 both 87 _stop
1201 -09.44063642 147.21291116 both 88 _stop
1201 -09.44033184 147.21270861 both 89 _stop
1201 -09.43839573 147.21150519 both 90 _stop
1201 -09.43650591 147.21033813 both 91 _stop
1201 -09.44081874 147.21371349 both 92 _stop
1201 -09.44189991 147.21439457 both 93 _stop
1201 -09.44329365 147.21527608 both 94 _stop
1201 -09.44320055 147.21517625 both 95 _stop
1201 -09.44327552 147.21612089 both 96 _stop
1201 -09.44500997 147.21723611 both 97 _stop
1201 -09.44514672 147.21729048 both 98 _stop
1201 -09.44589554 147.21606125 both 99 _start
1201 -09.44526527 147.21715993 both 100 _start
1201 -09.44225914 147.21380515 both 101 _stop
1201 -09.44191310 147.21439191 both 102 _start
1201 -09.43631945 147.21065093 both 103 _stop
1202 1 0 twoway taxiway_C N
1202 55 1 twoway taxiway_C N
1202 3 2 twoway taxiway_C N
1202 4 3 twoway taxiway_C N
1202 54 55 twoway taxiway_C N
1202 55 4 twoway taxiway_C N
1202 13 32 twoway taxiway_C L
1204 departure 14R,32L
1204 arrival 14R,32L
1202 5 38 twoway taxiway_D
1204 departure 14R,32L
1204 arrival 14R,32L
1202 6 5 twoway taxiway_D
1204 departure 14R,32L
1204 arrival 14R,32L
1202 31 32 twoway taxiway_D
1204 departure 14R,32L
1204 arrival 14R,32L
1202 32 33 twoway taxiway_D
1204 departure 14R,32L
1204 arrival 14R,32L
1202 33 6 twoway taxiway_D
1204 departure 14R,32L
1204 arrival 14R,32L
1202 7 67 twoway taxiway_C M
1204 departure 14L,32R
1204 arrival 14L,32R
1202 8 7 twoway taxiway_C M
1202 9 33 twoway taxiway_C M
1204 departure 14R,32L
1204 arrival 14R,32L
1202 33 8 twoway taxiway_C M
1204 departure 14R,32L
1204 arrival 14R,32L
1202 53 9 twoway taxiway_C M
1202 10 53 twoway taxiway_C M
1202 11 10 twoway taxiway_C M
1202 15 11 twoway taxiway_C M
1202 15 12 twoway taxiway_C
1202 14 13 twoway taxiway_C L
1202 15 52 twoway taxiway_C L
1202 52 14 twoway taxiway_C L
1202 16 37 twoway taxiway_C K
1204 departure 14R,32L
1204 arrival 14R,32L
1202 51 16 twoway taxiway_C K
1202 17 51 twoway taxiway_C K
1202 18 19 twoway taxiway_C K
1202 19 17 twoway taxiway_C K
1202 20 18 twoway taxiway_C K
1202 49 50 twoway taxiway_C J
1202 50 21 twoway taxiway_C J
1202 47 48 twoway taxiway_C H
1202 48 22 twoway taxiway_C H
1202 23 36 twoway taxiway_C F
1204 departure 14R,32L
1204 arrival 14R,32L
1202 46 23 twoway taxiway_C F
1202 56 57 twoway taxiway_C
1202 57 24 twoway taxiway_B
1202 45 56 twoway taxiway_C E
1202 56 25 twoway taxiway_B E
1202 26 30 twoway taxiway_C F
1202 26 36 twoway taxiway_C F
1204 departure 14R,32L
1204 arrival 14R,32L
1202 27 66 twoway taxiway_C F
1204 departure 14L,32R
1204 arrival 14L,32R
1202 29 27 twoway taxiway_C F
1204 departure 14L,32R
1204 arrival 14L,32R
1202 28 65 twoway taxiway_C F
1204 departure 14L,32R
1204 arrival 14L,32R
1202 29 28 twoway taxiway_C F
1204 departure 14L,32R
1204 arrival 14L,32R
1202 30 29 twoway taxiway_C F
1204 departure 14L,32R
1204 arrival 14L,32R
1202 34 35 twoway runway 14R/32L
1204 departure 14R,32L
1204 arrival 14R,32L
1204 ils 14R,32L
1202 35 36 twoway runway 14R/32L
1204 departure 14R,32L
1204 arrival 14R,32L
1204 ils 14R,32L
1202 36 37 twoway runway 14R/32L
1204 departure 14R,32L
1204 arrival 14R,32L
1204 ils 14R,32L
1202 37 31 twoway runway 14R/32L
1204 departure 14R,32L
1204 arrival 14R,32L
1204 ils 14R,32L
1202 63 64 twoway runway 14L/32R
1204 departure 14L,32R
1204 arrival 14L,32R
1204 ils 14L,32R
1202 39 38 twoway taxiway_D A
1202 40 41 twoway taxiway_D A
1202 41 42 twoway taxiway_D A
1202 42 43 twoway taxiway_D A
1202 43 44 twoway taxiway_D A
1202 44 45 twoway taxiway_D A
1202 45 46 twoway taxiway_D A
1202 46 47 twoway taxiway_D A
1202 47 49 twoway taxiway_D A
1202 49 51 twoway taxiway_D A
1202 51 52 twoway taxiway_D A
1202 52 53 twoway taxiway_D A
1202 53 54 twoway taxiway_D A
1202 54 39 twoway taxiway_D A
1202 58 40 twoway taxiway_D A
1202 59 58 twoway taxiway_D A
1202 60 59 twoway taxiway_D A
1202 61 60 twoway taxiway_D A
1204 departure 14L,32R
1204 arrival 14L,32R
1202 64 61 twoway taxiway_D A
1204 departure 14L,32R
1204 arrival 14L,32R
1202 64 65 twoway runway 14L/32R
1204 departure 14L,32R
1204 arrival 14L,32R
1204 ils 14L,32R
1202 65 66 twoway runway 14L/32R
1204 departure 14L,32R
1204 arrival 14L,32R
1204 ils 14L,32R
1202 66 67 twoway runway 14L/32R
1204 departure 14L,32R
1204 arrival 14L,32R
1204 ils 14L,32R
1202 67 62 twoway runway 14L/32R
1204 departure 14L,32R
1204 arrival 14L,32R
1204 ils 14L,32R
1202 69 68 twoway taxiway_C G
1202 75 69 twoway taxiway_C G
1202 71 70 twoway taxiway_C G
1202 74 71 twoway taxiway_C G
1202 73 74 twoway taxiway_C G
1202 74 75 twoway taxiway_C G
1202 75 72 twoway taxiway_C G
1202 76 73 twoway taxiway_C G
1202 78 76 twoway taxiway_C G
1202 77 79 twoway taxiway_C G
1204 departure 14L,32R
1204 arrival 14L,32R
1202 65 77 twoway taxiway_C G
1204 departure 14L,32R
1204 arrival 14L,32R
1202 79 78 twoway taxiway_C G
1204 departure 14L,32R
1204 arrival 14L,32R
1202 80 79 twoway taxiway_C G
1204 departure 14L,32R
1204 arrival 14L,32R
1202 66 80 twoway taxiway_C G
1204 departure 14L,32R
1204 arrival 14L,32R
1202 82 42 twoway taxiway_C B
1202 42 81 twoway taxiway_C B
1202 82 35 twoway taxiway_C B
1204 departure 14R,32L
1204 arrival 14R,32L
1202 83 84 twoway taxiway_C
1202 44 83 twoway taxiway_C D
1202 43 84 twoway taxiway_C C
1202 41 85 twoway taxiway_C
1206 87 88 twoway
1206 88 89 twoway
1206 89 90 twoway
1206 90 91 twoway
1206 91 86 twoway
1206 92 57 twoway
1206 57 87 twoway
1206 93 92 twoway
1206 94 95 twoway
1206 95 48 twoway
1206 48 93 twoway
1206 96 50 twoway
1206 50 94 twoway
1206 97 19 twoway
1206 19 96 twoway
1206 98 97 twoway
1206 99 100 twoway
1206 100 98 twoway
1206 102 101 twoway
1206 91 103 twoway
1400 -9.44557287 147.21632671 148.30 baggage_train 3 Baggage Train
1400 -9.44552748 147.21623751 148.80 baggage_loader 0 Baggage Loader
1400 -9.44555348 147.21618435 146.85 pushback 0 Pushback Truck
1400 -9.44570981 147.21597211 148.97 fuel_jets 0 Fuel Truck 1
1400 -9.44565319 147.21603432 147.55 fuel_liners 0 Fuel Truck 2
1400 -9.44566673 147.21599692 151.65 fuel_props 0 Fuel Truck 3
1400 -9.44562242 147.21613986 147.82 gpu 0 GPU
1400 -9.44561637 147.21609934 -210.76 food 0 Catering
1401 -9.43495406 147.20947670 151.39 baggage_loader|baggage_train|crew_car|fuel_jets|fuel_liners|fuel_props|food|gpu|pushback Truck Destination 1
1401 -9.43968222 147.21245135 330.10 baggage_loader|baggage_train|crew_car|fuel_jets|fuel_liners|fuel_props|food|gpu|pushback Truck Destination 2
99
