A
850 Generated by WorldEditor 2.2.0r2
1 35 0 0 AYRK Kairuku
1302 city Yule Island
1302 country Papua New Guinea
1302 datum_lat
1302 datum_lon
1302 faa_code
1302 gui_label 3D
1302 iata_code RKU
1302 icao_code
1302 region_code
1302 state Central
1302 transition_alt
1302 transition_level
1302 flatten 1
100 30.04 4 0 1.00 0 0 0 15 -08.81024168 146.52183473 0 0 0 0 0 0 33 -08.81697159 146.52507288 0 0 0 0 0 0
110 4 1.00 154.5700 New Taxiway 28
111 -08.81471188 146.52376693
112 -08.81487109 146.52367429 -08.81495865 146.52374679
112 -08.81519747 146.52398041 -08.81534077 146.52402472
112 -08.81569103 146.52420194 -08.81585821 146.52421403
112 -08.81622440 146.52426639 -08.81645525 146.52434695
112 -08.81669805 146.52453626 -08.81684532 146.52455237
112 -08.81713191 146.52468529 -08.81718365 146.52472154
112 -08.81713589 146.52487863 -08.81708414 146.52499141
112 -08.81688911 146.52520891 -08.81677368 146.52520891
112 -08.81647914 146.52514849 -08.81630400 146.52514849
112 -08.81617663 146.52508405 -08.81609703 146.52500752
112 -08.81596169 146.52498335 -08.81585821 146.52495918
112 -08.81546017 146.52475779 -08.81532882 146.52468126
112 -08.81497060 146.52448389 -08.81485517 146.52437917
112 -08.81474372 146.52418583 -08.81472780 146.52412541
113 -08.81470790 146.52407305
130 Airport Boundary 1
111 -08.81499513 146.52340223
111 -08.81526473 146.52377735
111 -08.81746480 146.52458118
111 -08.81702671 146.52552142
111 -08.81574614 146.52529245
111 -08.81464851 146.52431323
111 -08.81045055 146.52229637
111 -08.80825529 146.52164844
111 -08.80873759 146.52078929
113 -08.81395856 146.52326167
14 -08.81711599 146.52458459 6.56 0 New Tower Viewpoint 166
1300 -08.81631510 146.52497291 316.19 tie_down jets|turboprops|props|helos New Ramp Start 165
1301 B none
19 -08.81670939 146.52443518 0 New Windsock 167
99
