I
850 Generated by WorldEditor 2.3.1r1
1 5493 0 0 AYTA Tari
1302 city Tari
1302 country Papua New Guinea
1302 datum_lat -5.844833333
1302 datum_lon 142.9475
1302 faa_code
1302 gui_label 3D
1302 iata_code TIZ
1302 icao_code AYTA
1302 region_code AY
1302 state Hela
1302 transition_alt 20000
1302 transition_level 21000
100 35.00 5 0 0.70 0 0 0 14 -05.83882337 142.94316689 0 0 0 0 0 0 32 -05.85060939 142.95168941 0 0 0 0 0 0
110 5 0.70 0.0000 New Taxiway 2
112 -05.84901724 142.95064006 -05.84900477 142.95056067
112 -05.84914643 142.95049754 -05.84920463 142.95047665
112 -05.85000377 142.95099478 -05.85008691 142.95105328
112 -05.85015947 142.95126275 -05.85015703 142.95136450
112 -05.85006335 142.95135758 -05.84997008 142.95142615
114 -05.84964495 142.95126592 -05.84942880 142.95113221
110 5 0.70 0.0000 New Taxiway 1
112 -05.83934379 142.94375281 -05.83930095 142.94368529
111 -05.83934379 142.94375281
112 -05.83934379 142.94375281 -05.83932095 142.94370629
112 -05.83934096 142.94350729 -05.83937987 142.94344788
111 -05.83934096 142.94350729
112 -05.83934096 142.94350729 -05.83938326 142.94344271
112 -05.83958642 142.94347882 -05.83963156 142.94348583
111 -05.83958642 142.94347882
112 -05.83958642 142.94347882 -05.83967309 142.94349227
112 -05.84013358 142.94391879 -05.84021671 142.94397728
111 -05.84028075 142.94413411
111 -05.84049132 142.94433401
114 -05.83980121 142.94408966 -05.83958506 142.94395595
110 5 0.80 0.0000 New Taxiway 6
111 -05.84402008 142.94682071
111 -05.84417854 142.94660472
112 -05.84417134 142.94655452 -05.84413458 142.94652106
112 -05.84416051 142.94645960 -05.84417327 142.94642654
112 -05.84442739 142.94609811 -05.84447438 142.94607921
112 -05.84467133 142.94615699 -05.84476504 142.94622175
112 -05.84498946 142.94642571 -05.84502851 142.94651403
112 -05.84499513 142.94657093 -05.84497407 142.94660509
112 -05.84473062 142.94689077 -05.84466866 142.94690920
111 -05.84473062 142.94689077
112 -05.84473062 142.94689077 -05.84458497 142.94692359
112 -05.84443342 142.94684188 -05.84433895 142.94686761
111 -05.84443342 142.94684188
112 -05.84443342 142.94684188 -05.84432055 142.94687262
113 -05.84428773 142.94701204
130 Airport Boundary 3
111 -05.84514453 142.94646690
111 -05.84484236 142.94694589
111 -05.84603849 142.94788752
111 -05.84757445 142.94901841
111 -05.85077515 142.95137179
111 -05.85078621 142.95151955
111 -05.85057897 142.95184190
111 -05.85040789 142.95188022
111 -05.84716994 142.94954570
111 -05.84286662 142.94647719
111 -05.84061250 142.94484643
111 -05.83836612 142.94327241
111 -05.83875662 142.94267426
111 -05.83979376 142.94345279
111 -05.84095364 142.94426824
111 -05.84238836 142.94528081
111 -05.84384648 142.94633647
111 -05.84418029 142.94633531
111 -05.84433405 142.94612208
113 -05.84444179 142.94597213
14 -05.84427411 142.94623180 49.21 0 New Tower Viewpoint 6
1300 -05.84463582 142.94672320 196.29 misc turboprops|props|helos New Ramp Start 1
1301 B none
1300 -05.84463588 142.94636483 330.18 tie_down turboprops|props|helos New Ramp Start 2
1301 B none
19 -05.84396826 142.94640209 0 New Windsock 5
99
