I
850 Generated by WorldEditor 2.4.0r2
1 4950 0 0 AYTE Telefomin
1302 city Telefomin
1302 country Papua New Guinea
1302 datum_lat -5.12608
1302 datum_lon 141.641922
1302 faa_code
1302 gui_label 3D
1302 iata_code TFM
1302 icao_code AYTE
1302 local_authority
1302 local_code TLF
1302 region_code AY
1302 state Western (Fly River)
1302 transition_alt 20000
1302 transition_level 21000
100 30.00 4 0 0.40 0 0 0 04 -05.12960775 141.63779281 0 0 0 0 0 0 22 -05.12234979 141.64572942 0 0 0 0 0 0
110 4 0.20 220.0 New Taxiway 5
111 -05.12323291 141.64484052
112 -05.12237563 141.64597318 -05.12221211 141.64599763
111 -05.12237563 141.64597318
112 -05.12237563 141.64597318 -05.12225015 141.64599304
112 -05.12217953 141.64549766 -05.12244695 141.64522916
111 -05.12217953 141.64549766
112 -05.12217953 141.64549766 -05.12233282 141.64536514
113 -05.12315928 141.64471643
110 4 0.50 40.0 New Taxiway 4
112 -05.12686398 141.64072883 -05.12691788 141.64051661
112 -05.12683968 141.64017920 -05.12685976 141.64003596
112 -05.12718737 141.63980316 -05.12729516 141.63974204
112 -05.12762595 141.63987892 -05.12778806 141.63983075
111 -05.12762595 141.63987892
114 -05.12762595 141.63987892 -05.12762701 141.63987786
110 4 0.30 40.0 New Taxiway 3
112 -05.12577781 141.64209892 -05.12585517 141.64211350
111 -05.12577781 141.64209892
112 -05.12577781 141.64209892 -05.12567382 141.64237707
112 -05.12583751 141.64289814 -05.12585273 141.64299109
112 -05.12550456 141.64331379 -05.12534892 141.64338706
111 -05.12550456 141.64331379
112 -05.12550456 141.64331379 -05.12537809 141.64334886
114 -05.12467210 141.64327692 -05.12457445 141.64335077
130 Airport Boundary 1
111 -05.12578446 141.64262008
111 -05.12599274 141.64286087
111 -05.12552886 141.64334879
111 -05.12552886 141.64374166
111 -05.12505867 141.64333611
111 -05.12238900 141.64623826
111 -05.12181152 141.64564262
111 -05.12205766 141.64536065
111 -05.12231958 141.64529094
111 -05.12268879 141.64497095
111 -05.12317475 141.64443868
111 -05.12318422 141.64434046
111 -05.12684256 141.64040703
111 -05.12672861 141.64010780
111 -05.12720415 141.63972056
111 -05.12739480 141.63982617
111 -05.12942405 141.63762375
111 -05.12914635 141.63736584
111 -05.12932798 141.63717574
111 -05.12961522 141.63744275
111 -05.13017132 141.63686467
113 -05.13079149 141.63732232
14 -05.12575535 141.64253731 16 0 Telefomin
1300 -05.12543847 141.64315415 176.2 tie_down heavy|turboprops|props|helos Startup Location 1 (Airline)
1301 A airline
1300 -05.12576949 141.64288145 39.7 tie_down turboprops|props|helos Startup Location 2 (General)
1301 A general_aviation
1300 -05.12714454 141.63998963 90.5 tie_down turboprops|props|helos Startup Location 3 (Cargo)
1301 A cargo
19 -05.12928857 141.63734842 0 New Windsock 11
99
