I
850 Generated by WorldEditor 2.4.0r2

1     27 0 0 AYTK Tokua
1302 city Tokua
1302 country Papua New Guinea
1302 datum_lat -4.341033333
1302 datum_lon 152.379216667
1302 faa_code 
1302 gui_label 3D
1302 iata_code RAB
1302 icao_code AYTK
1302 region_code AY
1302 state East New Britain
1302 transition_alt 20000
1302 transition_level 21000
1302 drive_on_left 1
100 30.00 1 0 1.00 0 1 0  10 -04.33822040  152.37223725 0 58 2 0 0 0 28 -04.34264246  152.38711358 0 60 2 0 0 0
110 3 0.30 0.0 New Taxiway 1
111 -04.34133768  152.37540158
111 -04.34117730  152.37544911
111 -04.34104049  152.37501657
113 -04.34120275  152.37496931
110 1 0.00 0.0 Bus Walking zip
111 -04.34343729  152.37718762
111 -04.34345489  152.37724341
111 -04.34333273  152.37728050
113 -04.34331561  152.37722880
110 1 0.00 0.0 New Taxiway 01
111 -04.34304805  152.37669370
111 -04.34310731  152.37754411
111 -04.34312234  152.37759516
111 -04.34327447  152.37817422
112 -04.34330963  152.37829943 -04.34330963  152.37829944 102
111 -04.34336836  152.37854422
111 -04.34319184  152.37859306
112 -04.34299736  152.37789751 -04.34297691  152.37783412
112 -04.34287175  152.37785068 -04.34281784  152.37786746 102
111 -04.34212361  152.37805127 102
112 -04.34174884  152.37679754 -04.34170980  152.37667823 102
112 -04.34143564  152.37668747 -04.34126276  152.37673781 102
112 -04.34004146  152.37709446 -04.33991320  152.37713361
111 -04.34004146  152.37709446
112 -04.34004146  152.37709446 -04.33994247  152.37713236 102
112 -04.33988330  152.37730842 -04.33986601  152.37739052
111 -04.33988330  152.37730842
112 -04.33988330  152.37730842 -04.33988264  152.37731155 102
112 -04.33987874  152.37733311 -04.33987793  152.37733817
111 -04.33987874  152.37733311
112 -04.33987874  152.37733311 -04.33986800  152.37740045
111 -04.33987267  152.37745469
111 -04.33970099  152.37709285
111 -04.33963072  152.37662267
112 -04.33972082  152.37680975 -04.33978509  152.37689568
111 -04.33972082  152.37680975
112 -04.33972082  152.37680975 -04.33978002  152.37688890 102
112 -04.34000614  152.37691752 -04.34014044  152.37687991
111 -04.34000614  152.37691752
112 -04.34000614  152.37691752 -04.34010556  152.37688742 102
112 -04.34140801  152.37649720 -04.34147308  152.37647483 102
112 -04.34157217  152.37619887 -04.34153313  152.37601803
111 -04.34157217  152.37619887
112 -04.34157217  152.37619887 -04.34155015  152.37609688 102
112 -04.34133964  152.37540857 -04.34124382  152.37509830
111 -04.34133964  152.37540857
112 -04.34133964  152.37540857 -04.34126556  152.37516869
111 -04.34120275  152.37496931 102
111 -04.34188121  152.37475484
111 -04.34232879  152.37461335
111 -04.34255179  152.37538754
113 -04.34267993  152.37535299
110 1 0.25 106.5 New Taxiway 
111 -04.34246792  152.38680953
111 -04.34251281  152.38715164 20
111 -04.34236917  152.38719104 20
111 -04.34225824  152.38679833 20
113 -04.34235699  152.38662006
110 1 0.25 106.5 New Taxiway 
111 -04.33835029  152.37219960 20
111 -04.33848105  152.37216240 20
111 -04.33859326  152.37254279 20
111 -04.33850145  152.37271484
113 -04.33834751  152.37248698
130 Airport Boundary 5
111 -04.34529126  152.38799953
111 -04.34007375  152.38948179
111 -04.33865723  152.38507479
111 -04.33944875  152.38345416
111 -04.33513599  152.36907594
111 -04.33910154  152.36787297
111 -04.34062312  152.37292472
111 -04.34259736  152.37244548
111 -04.34478031  152.38007507
113 -04.34320505  152.38053011
120 Linear Feature 4
111 -04.34266894  152.37405581 1
112 -04.34254021  152.37369974 -04.34246166  152.37364366 1
112 -04.34227429  152.37379739 -04.34225832  152.37390421 1
113 -04.34236160  152.37414824 1
120 Linear Feature 5
112 -04.34278359  152.37402259 -04.34278199  152.37402099
111 -04.34278359  152.37402259
112 -04.34278359  152.37402259 -04.34278315  152.37402234 1
112 -04.34270126  152.37378218 -04.34265290  152.37366751
111 -04.34270126  152.37378218
112 -04.34270126  152.37378218 -04.34263144  152.37358647 1
112 -04.34235516  152.37356886 -04.34216427  152.37363525
111 -04.34235516  152.37356886
112 -04.34235516  152.37356886 -04.34215453  152.37363863 1
112 -04.34220383  152.37399360 -04.34225355  152.37423898
111 -04.34220383  152.37399360
112 -04.34220383  152.37399360 -04.34223112  152.37410772 1
113 -04.34226957  152.37419185
120 Linear Feature 16
111 -04.34333577  152.37728061 1
115 -04.34338814  152.37743895
120 Linear Feature 16
111 -04.34336114  152.37727168 1
115 -04.34341457  152.37743053
120 Linear Feature 16
111 -04.34341457  152.37743053 1
115 -04.34338814  152.37743895
120 Linear Feature 16
111 -04.34339744  152.37737978 1
115 -04.34337140  152.37738813
120 Linear Feature 15
111 -04.34338002  152.37732596 1
115 -04.34335358  152.37733421
120 Linear Feature 14
111 -04.34336114  152.37727168 1
115 -04.34333577  152.37728061
120 Linear Feature 13
111 -04.34334352  152.37721825 1
115 -04.34331757  152.37722637
120 Linear Feature 12
111 -04.34332418  152.37716324 1
115 -04.34329984  152.37717246
120 Linear Feature 11
111 -04.34330647  152.37710925 1
115 -04.34328130  152.37711809
120 Linear Feature 10
111 -04.34328795  152.37705185 1
115 -04.34326194  152.37706110
120 Linear Feature 9
111 -04.34326886  152.37699826 1
115 -04.34324453  152.37700667
120 Linear Feature 8
111 -04.34325094  152.37694290 1
115 -04.34322558  152.37694997
120 Linear Feature 7
111 -04.34322917  152.37687886 1
115 -04.34320433  152.37688546
120 Linear Feature 6
111 -04.34318981  152.37676137 1
115 -04.34316506  152.37676852
120 Linear Feature 6
111 -04.34320899  152.37681870 1
115 -04.34318424  152.37682586
120 Linear Feature 5
111 -04.34318981  152.37676137 1
115 -04.34334352  152.37721825
120 Linear Feature 13
111 -04.34316506  152.37676852 1
115 -04.34331757  152.37722637
120 Linear Feature 2
111 -04.34030025  152.37685704 12
115 -04.34033526  152.37697591
120 Linear Feature 1
111 -04.34150030  152.37573862 3
111 -04.34127456  152.37499879 3
115 -04.34135182  152.37497326
120 Linear Feature 2
111 -04.34176754  152.37567897 1
112 -04.34178540  152.37559295 -04.34176371  152.37552131 1
111 -04.34166846  152.37520744 1
116 -04.34173256  152.37510461 -04.34181927  152.37507735
120 Linear Feature 15
111 -04.34176749  152.37567893 1
112 -04.34178623  152.37559354 -04.34176514  152.37552460 1
111 -04.34166826  152.37520771 1
112 -04.34173243  152.37510432 -04.34181821  152.37507679 1
115 -04.34195202  152.37503664
120 Linear Feature 13
111 -04.34160523  152.37653363 1
112 -04.34170950  152.37636136 -04.34175296  152.37622257 1
111 -04.34171616  152.37615330 1
112 -04.34172633  152.37605626 -04.34176227  152.37604081 1
111 -04.34176726  152.37603906 1
111 -04.34178172  152.37603423 1
115 -04.34181375  152.37602254
120 Linear Feature 12
111 -04.34181375  152.37602254 1 2
111 -04.34216832  152.37590507 1 2
112 -04.34215342  152.37579658 -04.34211111  152.37575185 1 2
112 -04.34205507  152.37575759 -04.34204020  152.37576103 1 2
111 -04.34201046  152.37576791 1 2
111 -04.34199331  152.37575644 2
111 -04.34196471  152.37574726 2
112 -04.34192354  152.37577594 -04.34190867  152.37579773 2
115 -04.34190982  152.37584361
120 Linear Feature 12
111 -04.34194368  152.37642822 1
111 -04.34229937  152.37631123 1
112 -04.34228336  152.37620226 -04.34224104  152.37615753 1
112 -04.34218500  152.37616327 -04.34217013  152.37616671 1
111 -04.34214040  152.37617359 1
111 -04.34212324  152.37616212 2
111 -04.34209465  152.37615294 2
112 -04.34205348  152.37618162 -04.34203861  152.37620341 2
115 -04.34203975  152.37624929
120 Linear Feature 11
111 -04.34170444  152.37650386 1
112 -04.34188549  152.37664073 -04.34192562  152.37674759 1
111 -04.34191179  152.37682531 1
111 -04.34196389  152.37700584 1
111 -04.34208206  152.37741522 1
111 -04.34214364  152.37762859 1
112 -04.34234835  152.37774203 -04.34248674  152.37770317 1
111 -04.34248674  152.37770317 1
116 -04.34260763  152.37761362 -04.34264776  152.37753729
120 Linear Feature 2
111 -04.33859007  152.37347045 1
111 -04.33843185  152.37293584 1
112 -04.33842250  152.37269605 -04.33845953  152.37260602 1
112 -04.33848296  152.37250670 -04.33847735  152.37247294 1
111 -04.33846500  152.37241555 2
115 -04.33842236  152.37227488
120 Linear Feature 4
111 -04.34225124  152.38586100 1
111 -04.34244267  152.38651195 1
112 -04.34241526  152.38665324 -04.34237548  152.38674633 1
112 -04.34237275  152.38687642 -04.34238061  152.38692256 1
111 -04.34238846  152.38694957 2
115 -04.34243222  152.38709569
120 Linear Feature 10
111 -04.34249023  152.37669998 1
115 -04.34254046  152.37672593
120 Linear Feature 10
111 -04.34260888  152.37710836 1
115 -04.34265912  152.37713431
120 Linear Feature 10
111 -04.34274007  152.37748233 1
115 -04.34279030  152.37750828
120 Linear Feature 10
111 -04.34250545  152.37667097 1
115 -04.34255568  152.37669692
120 Linear Feature 10
111 -04.34262411  152.37707935 1
115 -04.34267434  152.37710531
120 Linear Feature 9
111 -04.34271876  152.37739378 1
115 -04.34274311  152.37734340
120 Linear Feature 9
111 -04.34248414  152.37658243 1
115 -04.34250849  152.37653205
120 Linear Feature 9
111 -04.34260280  152.37699081 1
115 -04.34262715  152.37694043
120 Linear Feature 8
111 -04.34269897  152.37743500 2
112 -04.34262894  152.37740600 -04.34258632  152.37739989 2
115 -04.34252847  152.37743348
120 Linear Feature 8
111 -04.34246435  152.37662365 2
112 -04.34239433  152.37659464 -04.34235170  152.37658853 2
115 -04.34229386  152.37662212
120 Linear Feature 8
111 -04.34258301  152.37703203 2
112 -04.34251298  152.37700302 -04.34247036  152.37699692 2
115 -04.34241251  152.37703050
120 Linear Feature 7
111 -04.34260763  152.37761362 1
115 -04.34269897  152.37743500
120 Linear Feature 4
111 -04.34237326  152.37680338 1
115 -04.34246559  152.37662455
120 Linear Feature 3
111 -04.34196350  152.37700513 1
112 -04.34220797  152.37704813 -04.34233784  152.37700344 1
116 -04.34237350  152.37680359 -04.34237413  152.37674485
120 Linear Feature 7
111 -04.34196389  152.37700584 1
112 -04.34219034  152.37705263 -04.34230756  152.37701904 1
112 -04.34236692  152.37686333 -04.34237301  152.37682058 1
111 -04.34237301  152.37680226 1
115 -04.34246435  152.37662365
120 Linear Feature 2
111 -04.34249209  152.37721135 1
115 -04.34258301  152.37703203
120 Linear Feature 1
111 -04.34208206  152.37741528 1
112 -04.34230934  152.37746173 -04.34242393  152.37742874 1
116 -04.34249237  152.37721166 -04.34249502  152.37709886
120 Linear Feature 7
111 -04.34208206  152.37741522 1
112 -04.34230900  152.37746101 -04.34242621  152.37742743 1
112 -04.34248558  152.37727171 -04.34249167  152.37722896 1
111 -04.34249167  152.37721064 1
115 -04.34258301  152.37703203
120 Linear Feature 5
111 -04.33990564  152.37786961 1
111 -04.33975341  152.37736009 1
116 -04.33990685  152.37704303 -04.34012827  152.37697919
120 Linear Feature 4
111 -04.33943665  152.37633383 1
111 -04.33959838  152.37686854 1
112 -04.33990685  152.37704303 -04.34011683  152.37698208 1
111 -04.34149962  152.37656538 1
111 -04.34170444  152.37650386 1
115 -04.34194368  152.37642822
120 Linear Feature 3
111 -04.34135182  152.37497326 3
111 -04.34189833  152.37480264 3
111 -04.34200911  152.37476806 3
111 -04.34290442  152.37779914 3
111 -04.34216613  152.37800829 3
111 -04.34181659  152.37682086 3
112 -04.34144793  152.37664595 -04.34115657  152.37673831 3
112 -04.34004048  152.37706648 -04.33999578  152.37709338 3
116 -04.33987874  152.37733311 -04.33989664  152.37750264
120 Linear Feature 1
112 -04.33971924  152.37681918 -04.33974804  152.37689825 3
112 -04.34000263  152.37694043 -04.34008651  152.37691954 3
111 -04.34142185  152.37652653 3
112 -04.34160598  152.37609820 -04.34150030  152.37573862 3
115 -04.34150030  152.37573862
120 Linear Feature 5
111 -04.34178193  152.37603376 1
112 -04.34179513  152.37601029 -04.34179797  152.37599655 1
112 -04.34179526  152.37597601 -04.34179131  152.37596215 1
111 -04.34172386  152.37574520 1
112 -04.34172975  152.37570671 -04.34173922  152.37569003 1
112 -04.34176729  152.37567861 -04.34178080  152.37567399 1
115 -04.34185203  152.37565337
120 Linear Feature 6
111 -04.34185190  152.37565329 1
115 -04.34209836  152.37557730
21 -04.34209975  152.38425801 2 287.1 3.00 New Light Fixture 2
21 -04.33860904  152.37473579 2 107.0 3.00 New Light Fixture 1
20 -04.34284581  152.37724360 196.1 0 3 {@Y}NEW_RABAUL_AIRPORT_-_TOKUA{@@}LUKIM_YU_BEHAIN
20 -04.34232622  152.37585193 198.1 0 3 {@Y}5
20 -04.34244846  152.37625911 198.7 0 3 {@Y}4
20 -04.34252083  152.37650559 241.6 0 3 {@Y}3
20 -04.34263969  152.37691500 244.6 0 3 {@Y}2
20 -04.34275450  152.37732253 243.4 0 3 {@Y}1
20 -04.34207363  152.37499644 199.2 0 3 {@Y}7
20 -04.34223267  152.37553328 196.9 0 3 {@Y}6
20 -04.34137265  152.37641483 196.2 0 3 {@Y,^r}_RAMP_5-7{@@,@R,^u}_10/28
20 -04.34146756  152.37679959 195.6 0 2 {@Y,^l}RAMP_1-3{@@,@R,^u}_10/28
20 -04.34038015  152.37710972 16.7 0 3 {@R,^r}_28_{@@,@Y,^u}_RAMP_
20 -04.34026145  152.37669798 15.0 0 3 {@R,^l}_1O_{@@,@Y,^u}_RAMP_
14 -04.34325767  152.37796566 82 0 Tokua
1300 -04.34269897  152.37743500 244.3 tie_down jets|turboprops|props Gate 1 (Airline)
1301 B airline 
1300 -04.34258301  152.37703203 240.9 tie_down jets|turboprops|props Gate 2 (Airline)
1301 B airline 
1300 -04.34246569  152.37662487 245.2 tie_down jets|turboprops|props Gate 3 (Airline)
1301 B airline 
1300 -04.34229937  152.37631123 198.2 tie_down jets|turboprops|props|helos|fighters Gate 4 (Cargo)
1301 B cargo 
1300 -04.34216832  152.37590507 196.9 tie_down jets|turboprops|props|helos|fighters Gate 5 (General)
1301 B general_aviation 
1300 -04.34209836  152.37557730 196.2 tie_down jets|turboprops|props|helos|fighters Gate 6 (General)
1301 B general_aviation 
1300 -04.34195259  152.37503639 196.8 tie_down props|helos Gate 7 (Helicopter)
1301 B general_aviation 
1300 -04.34122572  152.37532809 199.7 misc turboprops|props|helos General Start 8
1301 A none 
19 -04.33778549  152.37331331 1 New Windsock 2
19 -04.34082929  152.37586931 1 New Windsock 2
19 -04.34303115  152.38588461 1 New Windsock 2
1050 128300 ATIS
1054 118200 Tower
99
