I
850 Generated by WorldEditor 2.4.0r2

1   5789 0 0 AYWD Wapenamanda
1302 city 
1302 country Papua New Guinea
1302 datum_lat -5.635316667
1302 datum_lon 143.892316667
1302 faa_code 
1302 gui_label 3D
1302 iata_code WBM
1302 icao_code AYWD
1302 region_code AY
1302 state Enga
1302 transition_alt 20000
1302 transition_level 21000
1302 flatten 1
1302 drive_on_left 1
100 30.00 1 0 0.25 0 0 0  14 -05.63017768  143.88778103 0 65 2 0 0 0 32 -05.64057426  143.89685357 0 0 2 0 0 0
110 1 0.20 229.0 New Taxiway 8
112 -05.63349562  143.89083250 -05.63331581  143.89083789
111 -05.63349562  143.89083250
112 -05.63349562  143.89083250 -05.63348614  143.89083278
112 -05.63346841  143.89083366 -05.63345974  143.89083416
111 -05.63346841  143.89083366
112 -05.63346841  143.89083366 -05.63331257  143.89084254 3
112 -05.63321114  143.89096194 -05.63313996  143.89103858
111 -05.63321114  143.89096194
112 -05.63321114  143.89096194 -05.63318813  143.89098671 3
112 -05.63308822  143.8985014 -05.63306215  143.89119827
111 -05.63308822  143.8985014
112 -05.63308822  143.8985014 -05.63307570  143.89116286 3
112 -05.63310303  143.89122753 -05.63311422  143.89125302
111 -05.63310303  143.89122753
112 -05.63310303  143.89122753 -05.63318246  143.89129759 3
111 -05.63328273  143.89138459 3
111 -05.63294375  143.89180090
111 -05.63291447  143.89183687
111 -05.63240216  143.89140060
112 -05.63227157  143.89128823 -05.63223370  143.89125566
111 -05.63227157  143.89128823
112 -05.63227157  143.89128823 -05.63228015  143.89127751
112 -05.63229954  143.89125280 -05.63230075  143.89125129
111 -05.63229954  143.89125280
112 -05.63229954  143.89125280 -05.63237786  143.89115542 3
112 -05.63263623  143.89083363 -05.63268083  143.89077769
111 -05.63263623  143.89083363
112 -05.63263623  143.89083363 -05.63263939  143.89083304 3
112 -05.63280161  143.89097385 -05.63289551  143.89105117
111 -05.63280161  143.89097385
112 -05.63280161  143.89097385 -05.63282678  143.89098884 3
112 -05.63290623  143.89096836 -05.63294053  143.89095851
111 -05.63290623  143.89096836
112 -05.63290623  143.89096836 -05.63297984  143.89094721 3
112 -05.63308501  143.89085137 -05.63312150  143.89080492
111 -05.63308501  143.89085137
112 -05.63308501  143.89085137 -05.63317295  143.89072114 3
112 -05.63316876  143.89057231 -05.63315845  143.89046347
111 -05.63316876  143.89057231
112 -05.63316876  143.89057231 -05.63316712  143.89055494
112 -05.63316284  143.89051428 -05.63316062  143.89049275
111 -05.63316284  143.89051428
114 -05.63316284  143.89051428 -05.63314674  143.89035787
110 1 0.20 160.0 New Taxiway 76
111 -05.63055933  143.88775274
111 -05.63062071  143.88802457
111 -05.63025017  143.88770020
113 -05.63034110  143.88758465
110 1 0.30 160.0 New Taxiway 75
111 -05.64047110  143.89643125
111 -05.64073730  143.89666394
111 -05.64064836  143.89676504
113 -05.64017195  143.89635054
110 1 0.20 160.0 New Taxiway 74
111 -05.64050868  143.89692889
111 -05.64041657  143.89703483
111 -05.64018127  143.89685306
113 -05.64002783  143.89649519
110 1 0.20 0.0 New Taxiway 3
111 -05.63049899  143.88822450
111 -05.63025982  143.88819329
111 -05.63001599  143.88798261
113 -05.63010296  143.88786868
110 3 0.30 229.0 New Taxiway 18
111 -05.63272470  143.89072974
111 -05.63288785  143.89088079
111 -05.63280161  143.89097385
113 -05.63263705  143.89083224
110 3 0.30 229.0 New Taxiway 18
111 -05.63319502  143.8985048
111 -05.63337009  143.89128697
111 -05.63328273  143.89138459
113 -05.63310303  143.89122753
130 Airport Boundary 79
111 -05.62980779  143.88668912
111 -05.63207039  143.88850797
111 -05.63647681  143.89239578
111 -05.63907314  143.89469779
111 -05.63945779  143.89515250
111 -05.63971798  143.89562427
111 -05.64079272  143.89651097
111 -05.64083855  143.89671491
111 -05.64043919  143.89718529
111 -05.64032408  143.89719887
111 -05.63713925  143.89456335
111 -05.63351074  143.89130283
111 -05.63304408  143.89181912
111 -05.63311478  143.89189490
111 -05.63278011  143.89226910
111 -05.63188449  143.89144019
111 -05.63261984  143.89064444
111 -05.63128585  143.88947924
111 -05.63126699  143.88938451
111 -05.63055993  143.88879244
111 -05.63023468  143.88882085
111 -05.63021111  143.88871665
111 -05.62889126  143.88759408
113 -05.62967374  143.88668465
120 Linear Feature 21
111 -05.63294578  143.89203893 24
111 -05.63274517  143.89187006 24
115 -05.63278814  143.89181868
120 Linear Feature 14
111 -05.63295572  143.89113342 1
112 -05.63257079  143.89104931 -05.63256637  143.89110132
111 -05.63257079  143.89104931
112 -05.63257079  143.89104931 -05.63256775  143.89108505 1
112 -05.63257604  143.89137271 -05.63257942  143.89148130
111 -05.63257604  143.89137271
112 -05.63257604  143.89137271 -05.63257676  143.89139579
112 -05.63257789  143.89143033 -05.63257838  143.89144499
111 -05.63257789  143.89143033
112 -05.63257789  143.89143033 -05.63257845  143.89144709 1
115 -05.63257880  143.89147924
120 Linear Feature 13
111 -05.63296976  143.89022940 1
112 -05.63316214  143.89039477 -05.63325425  143.89047209 1
112 -05.63325517  143.89078532 -05.63313380  143.89092798 1
111 -05.63285195  143.89125266 1
111 -05.63287839  143.89148993
111 -05.63289719  143.89167760 1
115 -05.63290282  143.89172817
120 Linear Feature 12
111 -05.63322648  143.89094524 4
115 -05.63309929  143.89083483
120 Linear Feature 11
111 -05.63229964  143.89125239 3
115 -05.63294380  143.89180062
120 Linear Feature 22
111 -05.63274213  143.89178204 24
111 -05.63264644  143.89190595 24
111 -05.63259288  143.89186479 24
111 -05.63254941  143.89183324 24
112 -05.63253409  143.89184774 -05.63252461  143.89185653 24
112 -05.63248821  143.89184226 -05.63246925  143.89182686 24
111 -05.63246668  143.89182308 24
115 -05.63232505  143.89198299
120 Linear Feature 20
111 -05.63237224  143.89202906 24
112 -05.63245357  143.89193525 -05.63249033  143.89189673 24
111 -05.63259762  143.89197006 24
111 -05.63267457  143.89203822 24
111 -05.63271396  143.89199608 24
115 -05.63286748  143.89213230
120 Linear Feature 2
111 -05.63080551  143.88832993 1
112 -05.63058879  143.88814023 -05.63050855  143.88807261 1
112 -05.63044677  143.88778842 -05.63030854  143.88767565 1
112 -05.63025843  143.88802163 -05.63039887  143.88814429
111 -05.63025843  143.88802163
112 -05.63025843  143.88802163 -05.63034910  143.88808943 1
112 -05.63047962  143.88804497 -05.63054275  143.88809962
111 -05.63047962  143.88804497
112 -05.63047962  143.88804497 -05.63051551  143.88807520 1
115 -05.63050697  143.88806931
120 Linear Feature 4
111 -05.63992188  143.89628555 1
112 -05.64008836  143.89643071 -05.64012520  143.89646229 1
112 -05.64026589  143.89681389 -05.64032839  143.89686683
111 -05.64026589  143.89681389
112 -05.64026589  143.89681389 -05.64031231  143.89685122 1
112 -05.64048598  143.89677548 -05.64057238  143.89667186
111 -05.64048598  143.89677548
112 -05.64048598  143.89677548 -05.64056506  143.89667420 1
112 -05.64047386  143.89654780 -05.64042635  143.89651020
111 -05.64047386  143.89654780
112 -05.64047386  143.89654780 -05.64039841  143.89648663 1
112 -05.64020752  143.89653200 -05.64016707  143.89649738 1
115 -05.64016201  143.89649514
120 Linear Feature 16
111 -05.63377960  143.89093196 1
112 -05.63359472  143.89076983 -05.63342978  143.89061985 1
115 -05.63325517  143.89078532
120 Linear Feature 15
111 -05.63282532  143.89157497 1
115 -05.63279095  143.89157829
120 Linear Feature 15
111 -05.63282691  143.89159369 1
115 -05.63279255  143.89159700
120 Linear Feature 15
111 -05.63254424  143.89135267 1
115 -05.63250904  143.89135303
120 Linear Feature 15
111 -05.63254421  143.89137260 1
115 -05.63250901  143.89137297
120 Linear Feature 17
111 -05.63257604  143.89137271 2
116 -05.63270151  143.89127027 -05.63269549  143.89108698
120 Linear Feature 17
111 -05.63288836  143.89158904 2
116 -05.63301383  143.89148659 -05.63299351  143.89130461
120 Linear Feature 7
111 -05.63294645  143.89203812 24
115 -05.63286677  143.89213307
120 Linear Feature 6
111 -05.63274133  143.89178139 24
115 -05.63278814  143.89181868
20 -05.63259237  143.89157878 50.1 0 3 {@Y}WAPENAMANDA_AIRPORT
20 -05.63248857  143.89149138 50.7 0 3 {@Y}DEPARTURE
20 -05.63269361  143.89166608 49.8 0 3 {@Y}ARRIVAL
20 -05.63291050  143.89178387 96.0 0 3 {@Y}2
20 -05.63257932  143.89149654 90.2 0 3 {@Y}1
14 -05.63250956  143.89167558 50 0 Wapenamanda
1300 -05.63257604  143.89137271 91.6 tie_down jets|turboprops|props|helos Ramp 1 (Airline)
1301 B airline 
1300 -05.63288804  143.89158701 96.2 tie_down jets|turboprops|props|helos Ramp 2 (Airline)
1301 B airline 
1300 -05.63321816  143.89128742 47.7 tie_down turboprops|props|helos Ramp Start (General)
1301 A general_aviation 
1300 -05.63272821  143.89085646 48.8 tie_down helos Helicopters
1301 A general_aviation 
19 -05.63933224  143.89518987 0 New Windsock 38
19 -05.63030717  143.88874416 0 New Windsock 37
99
