A
1000 Generated by WorldEditor
1 600 0 0 AYYP Yapsiei
100 30.48 4 0 0.25 0 0 0 12 -04.62687279 141.09173518 0 0 0 0 0 0 30 -04.62935921 141.09588682 0 0 0 0 0 0
110 4 0.25 230.2600 xxx
111 -04.62847636 141.09604236
111 -04.62900244 141.09540752
111 -04.62914164 141.09552364
113 -04.62861556 141.09615848
110 4 0.25 316.5900 xxx
111 -04.62852665 141.09637364
111 -04.62792885 141.09580628
111 -04.62811735 141.09560636
113 -04.62871515 141.09617372
14 -04.62808600 141.09586700 6.56 0 Tower Viewpoint
15 -04.62839000 141.09615000 200.00 Custom Startup Location
19 -04.62851200 141.09551600 0 Windsock
50 12770 KPE AWOS
99
