I
850 Generated by WorldEditor 2.4.0r2

1     3300 0 1 EGA  Engati
100   30.48   4   0 0.25 0 0 0 35  -06.92012434  146.10601642    0.00    0.00 0  0 0 0 17  -06.91622366  146.10532358    0.00    0.00 0  0 0 0
10  -06.91712100  146.10595000 xxx  77.01   328 0.0 0.0    66 101101  4 0 0 0.25 0
10  -06.91708400  146.10628400 xxx 340.87   328 0.0 0.0   100 101101  4 0 0 0.25 0
14  -06.91719500  146.10640500    6 0 Tower Viewpoint
15  -06.91681700  146.10626600 180.00 Custom Startup Location
19  -06.91757300  146.10610800 0 Windsock
50 12770 EGA AWOS
99
