I
850 Generated by WorldEditor 2.4.0r2
1 5127 0 0 GBN Giramben
1302 city Giramben
1302 country Papua New Guinea
1302 gui_label 3D
1302 iata_code GBN
1302 region_code PG
100 40.00 3 0 0.40 0 0 0 16 -05.77968347 144.55658042 0 0 0 0 0 0 34 -05.78572764 144.55805532 0 0 0 0 0 0
110 3 0.60 166.4 Taxiway
112 -05.78518501 144.55761839 -05.78524486 144.55760471
111 -05.78534548 144.55754724
111 -05.78598985 144.55729523
112 -05.78618880 144.55789117 -05.78617574 144.55799945
112 -05.78595685 144.55822027 -05.78585239 144.55826948
112 -05.78561524 144.55830025 -05.78549772 144.55826416
112 -05.77960495 144.55682840 -05.77954619 144.55681856
112 -05.77956042 144.55657326 -05.77957674 144.55637639
112 -05.77971213 144.55632946 -05.77977415 144.55634914
113 -05.78502376 144.55760706
111 -05.77974697 144.55644644
111 -05.77967267 144.55673453
111 -05.78566663 144.55820283
113 -05.78573891 144.55789884
130 boundary
111 -05.78636120 144.55734648
111 -05.78627188 144.55792765
111 -05.78617316 144.55826784
111 -05.78565137 144.55848519
111 -05.77948706 144.55688193
111 -05.77943065 144.55645102
111 -05.77969014 144.55612217
111 -05.78508902 144.55742847
113 -05.78619608 144.55700310
1300 -05.78568200 144.55752024 16.3 tie_down turboprops|props|helos GA1 (A)
1301 A general_aviation
19 -05.77971401 144.55688013 0 WS2
19 -05.78607390 144.55765158 0 WS1
99
