A
1000 Generated by WorldEditor
1 10 0 0 IAM Iamalele
100 49.07 3 0 0.25 0 0 0 08 -09.51105799 150.52085474 0 0 0 0 0 0 26 -09.51010565 150.52974327 0 0 0 0 0 0
110 3 0.25 83.8000 New Taxiway 3
111 -09.51043610 150.52780204
112 -09.51068559 150.52855492 -09.51075093 150.52865732
112 -09.51101231 150.52871152 -09.51105983 150.52875971
112 -09.51112517 150.52906086 -09.51105983 150.52918132
112 -09.51081034 150.52944633 -09.51060837 150.52948850
112 -09.51041234 150.52951259 -09.51033511 150.52951861
113 -09.51029353 150.52952463
14 -09.51067965 150.52890426 6.00 0 New Tower Viewpoint 27
15 -09.51060837 150.52916325 335.23 New Ramp Start 26
19 -09.51059055 150.52849469 0 New Windsock 28
50 12770 IMA AWOS
99
