I
850 Generated by WorldEditor 2.3.1r1
1 13 0 0 IBK Iboki
1302 city Iboki
1302 country Papua New Guinea
1302 datum_lat -5.553
1302 datum_lon 149.19
1302 gui_label 3D
1302 iata_code IBI
1302 state West New Britain
1302 transition_alt 21000
1302 transition_level 20000
100 30.00 4 0 0.00 0 0 0 15 -05.54749045 149.18683135 0 0 0 0 0 0 33 -05.55512987 149.19015357 0 0 0 0 0 0
110 4 0.00 0.0000 New Taxiway 1
112 -05.54791309 149.18711099 -05.54797750 149.18715606
111 -05.54791309 149.18711099
112 -05.54791309 149.18711099 -05.54794090 149.18713045
112 -05.54775529 149.18739214 -05.54773565 149.18749843
111 -05.54775529 149.18739214
112 -05.54775529 149.18739214 -05.54772943 149.18753204
112 -05.54772442 149.18776504 -05.54764811 149.18784201
111 -05.54772442 149.18776504
112 -05.54772442 149.18776504 -05.54759013 149.18790048
112 -05.54726245 149.18776468 -05.54719427 149.18771019
112 -05.54730256 149.18737584 -05.54732890 149.18721809
111 -05.54730256 149.18737584
112 -05.54730256 149.18737584 -05.54734687 149.18722183
112 -05.54739637 149.18708014 -05.54741610 149.18702038
114 -05.54748213 149.18691998 -05.54748960 149.18691218
130 Airport Boundary 2
111 -05.54750740 149.18609626
111 -05.55545889 149.18942529
111 -05.55613267 149.19025420
111 -05.55567890 149.19133177
111 -05.54823993 149.18854113
111 -05.54796492 149.18895558
113 -05.54675488 149.18852731
1300 -05.54753697 149.18737098 164.96 misc jets|turboprops|props|helos New Ramp Start
1301 A none
19 -05.54835583 149.18769326 0 New Windsock 3
19 -05.55390926 149.19015405 0 New Windsock 17
99
