A
850 Generated by WorldEditor 2.2.0r2

1    250 0 0 JOP Josephstaal
1302 city Josephstaal
1302 country Papua New Guinea
1302 datum_lat 
1302 datum_lon 
1302 faa_code 
1302 gui_label 3D
1302 iata_code JOP
1302 icao_code 
1302 region_code 
1302 state Madang
1302 transition_alt 
1302 transition_level 
100 53.28 3 0 1.00 0 0 0 03 -04.75082125  145.00523493    0    0 0 0 0 0 21 -04.74217018  145.00944638    0    0 0 0 0 0
110 3 1.00 25.8800 New Taxiway 27
111 -04.74244506  145.00851842
111 -04.74198733  145.00750479
111 -04.74281370  145.00717806
111 -04.74297133  145.00759778
111 -04.74279102  145.00779477
111 -04.74304737  145.00826305
111 -04.74260104  145.00845468
111 -04.74282402  145.00891846
111 -04.74233392  145.00915836
113 -04.74214139  145.00865903
130 Airport Boundary 1
111 -04.74207388  145.01007732
111 -04.74095695  145.00783579
111 -04.74473616  145.00644634
111 -04.74545528  145.00672270
111 -04.75064979  145.00446580
113 -04.75123121  145.00588597
14 -04.74257679  145.00779559  19.69 0 New Tower Viewpoint 139
1300 -04.74276828  145.00804455  19.98 misc turboprops|props|helos GA start2
1301 A none 
1300 -04.74284122  145.00821594  19.98 misc turboprops|props|helos GA start1
1301 A none 
99
