A
1000 Generated by WorldEditor

1     20 0 0 MIS Misima
100 24.38 4 0 0.30 0 0 0 13 -10.68893300  152.84331211    0    0 0 0 0 0 31 -10.68949071  152.83248789    0    0 0 0 0 0
110 4 0.25 20.0300 xxx
111 -10.69031542  152.83622333
111 -10.68928459  152.83660576
111 -10.68922258  152.83643267
113 -10.69025341  152.83605024
110 4 0.25 359.0100 xxx
111 -10.69034352  152.83619092
111 -10.68979500  152.83618128
111 -10.68980448  152.83562308
113 -10.69035300  152.83563272
14 -10.69023600  152.83592500   6.56 0 Tower Viewpoint
15 -10.69007400  152.83572400   0.00 Custom Startup Location
19 -10.68976900  152.83689400 0 Windsock
50 12770 MIS AWOS
99
