I
1100 Generated by WorldEditor 1.6.0r1

1   3700 0 0 MYX Menyamya
1302 city Menyamya
1302 country Papua New Guinea
1302 datum_lat 
1302 datum_lon 
1302 faa_code 
1302 iata_code MYX
1302 icao_code 
1302 region_code 
1302 state Morobe
1302 transition_alt 
1302 transition_level 
100 30.48 4 0 0.25 0 0 0 16 -07.20860409  146.01811142    0    0 0 0 0 0 34 -07.21750391  146.02229458    0    0 0 0 0 0
110 4 0.25 65.5600 xxx
111 -07.21179852  146.01913597
111 -07.21162829  146.01951353
111 -07.21146348  146.01943803
113 -07.21163371  146.01906047
110 4 0.25 335.1100 xxx
111 -07.21216948  146.01936694
111 -07.21135335  146.01898526
111 -07.21152652  146.01860906
113 -07.21234265  146.01899074
130 Airport Boundary 3
111 -07.20872551  146.01745778
111 -07.21782809  146.02180210
111 -07.21739543  146.02267432
113 -07.20840933  146.01856483
14 -07.21222400  146.01900800   6.56 0 Tower Viewpoint
15 -07.21161100  146.01880900 180.00 Custom Startup Location
19 -07.21113700  146.01890800 0 Windsock
99
