I
850 Generated by WorldEditor 2.4.0r2
1 1876 0 0 PG-0093 Menjim
1302 city Menjim
1302 country Papua New Guinea
1302 datum_lat -5.502442
1302 datum_lon 144.458104
1302 gui_label 3D
1302 local_authority
1302 local_code AG9552
1302 region_code AY
1302 state Western Highlands
1302 transition_alt 20000
1302 transition_level 21000
100 30.00 4 0 0.20 0 0 0 01 -05.50428197 144.45754240 0 0 0 0 0 0 19 -05.50022033 144.45859235 0 0 0 0 0 0
110 4 0.20 14.4 New Taxiway 4
112 -05.50434369 144.45732179 -05.50447218 144.45744022
111 -05.50434369 144.45732179
112 -05.50434369 144.45732179 -05.50439716 144.45736921
112 -05.50442471 144.45774187 -05.50439456 144.45781786
111 -05.50442471 144.45774187
112 -05.50442471 144.45774187 -05.50434510 144.45791405
111 -05.50370444 144.45769793
112 -05.50392504 144.45751894 -05.50402221 144.45742724
111 -05.50392504 144.45751894
114 -05.50392504 144.45751894 -05.50398303 144.45746421
130 Airport Boundary 1
111 -05.50446570 144.45785534
111 -05.50003950 144.45900605
111 -05.49987883 144.45845413
113 -05.50438417 144.45723511
14 -05.50424956 144.45753654 16 0 Menjim
1300 -05.50433965 144.45750745 42.6 misc turboprops|props|helos Ramp Start
1301 A none
19 -05.50203569 144.45839848 0 Windsock 5
99
