A
1000 Generated by WorldEditor

1      0 0 0 TBE Timbunke
100 30.48 4 0 0.25 0 0 0 12 -04.18926544  143.51611558    0    0 0 0 0 0 30 -04.19217256  143.52078042    0    0 0 0 0 0
110 4 0.25 90.2500 xxx
111 -04.18940316  143.51541082
111 -04.18940914  143.51678598
111 -04.18913484  143.51678718
113 -04.18912886  143.51541202
110 4 0.25 37.2400 xxx
111 -04.18989445  143.51539265
111 -04.18934853  143.51580874
111 -04.18893355  143.51526135
113 -04.18947947  143.51484526
14 -04.18973700  143.51533800   6.00 0 Tower Viewpoint
15 -04.18948100  143.51508100   0.00 Custom Startup Location
19 -04.18892300  143.51628900 0 Windsock
50 12770 TBE AWOS
99
