A
1000 Generated by WorldEditor

1      0 0 0 TIG Tingwon
100 30.48 4 0 0.25 0 0 0 11 -02.60283677  149.70574845    0    0 0 0 0 0 29 -02.60515523  149.71072555    0    0 0 0 0 0
110 4 0.25 28.9400 xxx
111 -02.60288085  149.70593543
111 -02.60240076  149.70620116
111 -02.60231315  149.70604257
113 -02.60279324  149.70577684
14 -02.60238800  149.70603800   6.00 0 Tower Viewpoint
15 -02.60242500  149.70612400 180.00 Custom Startup Location
19 -02.60323500  149.70574300 0 Windsock
50 12770 TIG AWOS
99
