A
1000 Generated by WorldEditor
1 2980 0 0 WA0H Lelambo
100 24.08 3 0 1.60 0 0 0 18 -04.03290926 139.78634783 0 0 0 0 0 0 36 -04.02947360 139.78658022 0 0 0 0 0 0
110 3 1.20 3.8600 New Taxiway 71
111 -04.03218854 139.78630958
112 -04.03221212 139.78612048 -04.03220819 139.78607320
112 -04.03241255 139.78595501 -04.03249901 139.78595501
112 -04.03292737 139.78589591 -04.03311994 139.78584864
112 -04.03311601 139.78601411 -04.03310815 139.78606926
113 -04.03285663 139.78626625
14 -04.03246757 139.78608896 6.56 0 New Tower Viewpoint 62
1300 -04.03252576 139.78622636 87.30 gate turboprops|props New Ramp Start 61
19 -04.03230820 139.78616833 0 New Windsock 63
99
