A
1000 Generated by WorldEditor
1 170 0 0 WA0Y Waliburu
100 24.08 4 0 1.80 0 0 0 8 -05.40002851 140.19663312 0 0 0 0 0 0 26 -05.39932694 140.20093644 0 0 0 0 0 0
110 4 1.20 80.7000 New Taxiway 311
111 -05.39972263 140.19899007
112 -05.39979590 140.19911886 -05.39982520 140.19918142
112 -05.39983619 140.19918878 -05.39981788 140.19920350
112 -05.39969698 140.19923294 -05.39967134 140.19925502
111 -05.39946985 140.19958251
112 -05.39939658 140.19942428 -05.39938925 140.19933597
112 -05.39934163 140.19922926 -05.39929400 140.19914094
112 -05.39943688 140.19910415 -05.39949916 140.19908575
113 -05.39953213 140.19899007
14 -05.39958042 140.19840365 6.56 0 New Tower Viewpoint 225
1300 -05.39946985 140.19920718 92.63 gate turboprops|props New Ramp Start 223
19 -05.39954045 140.19818956 0 New Windsock 224
99
