A
1000 Generated by WorldEditor
1 5112 0 0 WABD Moanamani
100 20.12 1 0 1.50 0 0 0 03 -04.01034013 136.03555669 0 0 1 0 0 0 21 -04.00287570 136.03989427 0 0 1 0 0 0
110 1 1.20 30.1000 New Taxiway 111
111 -04.00846409 136.03659917
112 -04.00880389 136.03653874 -04.00877100 136.03656072
111 -04.00877283 136.03664862
111 -04.00892263 136.03688303
111 -04.00847688 136.03715407
112 -04.00833073 136.03689219 -04.00831429 136.03686838
113 -04.00826497 136.03686106
14 -04.00880572 136.03713209 6.56 0 New Tower Viewpoint 91
1300 -04.00868880 136.03687387 32.64 gate turboprops|props New Ramp Start 90
19 -04.00834966 136.03630031 0 New Windsock 93
99
