A
850 Generated by WorldEditor 2.4.0r2
1 5610 0 0 WABG Waghete
1302 city Deiyai
1302 country Indonesia
1302 datum_lat -4.06
1302 datum_lon 136.28
1302 faa_code
1302 gui_label 3D
1302 iata_code WET
1302 icao_code WABG
1302 region_code WA
1302 state Papua
1302 transition_alt 11000
1302 transition_level 13000
1302 drive_on_left 1
100 30.00 1 0 1.00 0 0 0 04 -04.06366681 136.27731735 0 0 3 0 0 0 22 -04.05467745 136.28616712 0 0 3 0 0 0
110 1 1.00 134.0 Apron
111 -04.05504158 136.28472580
111 -04.05451719 136.28525327
111 -04.05426495 136.28499254
113 -04.05478725 136.28446233
110 1 0.25 44.0 Taxiway
111 -04.05458074 136.28507473
111 -04.05501800 136.28553201
111 -04.05515889 136.28552561
111 -04.05489130 136.28578988
111 -04.05489731 136.28564735
113 -04.05446203 136.28519450
110 4 1.00 224.0 RESA 22
111 -04.05448774 136.28597221
111 -04.05486485 136.28635699
111 -04.05426142 136.28689919
113 -04.05389182 136.28650958
130 Airport Boundary 5
111 -04.05471025 136.28759180
111 -04.05285881 136.28553901
111 -04.06426227 136.27426943
111 -04.06448743 136.27445874
111 -04.06489053 136.27441141
113 -04.06639764 136.27586043
120 park line
112 -04.05436869 136.28499117 -04.05433783 136.28495973 1
112 -04.05437408 136.28491749 -04.05438584 136.28490570 1
112 -04.05444464 136.28490816 -04.05446914 136.28493370 1
112 -04.05456182 136.28503265 -04.05458717 136.28506052 1
112 -04.05456781 136.28514043 -04.05456657 136.28516374 1
112 -04.05457875 136.28519090 -04.05458548 136.28520049
111 -04.05457875 136.28519090
112 -04.05457875 136.28519090 -04.05454195 136.28517308 1
111 -04.05451342 136.28514220 1
115 -04.05445776 136.28508241
120 park line
112 -04.05454564 136.28481318 -04.05451477 136.28478174 1
112 -04.05455103 136.28473950 -04.05456279 136.28472771 1
112 -04.05462158 136.28473017 -04.05464608 136.28475571 1
112 -04.05473876 136.28485466 -04.05475395 136.28487234 1
112 -04.05473623 136.28493941 -04.05471125 136.28496348 1
112 -04.05461095 136.28506379 -04.05459866 136.28507517
111 -04.05461095 136.28506379
112 -04.05461095 136.28506379 -04.05466340 136.28501192 1
116 -04.05463470 136.28490442 -04.05459830 136.28486587
120 park line
112 -04.05472678 136.28463429 -04.05469591 136.28460286 1
112 -04.05473217 136.28456061 -04.05474393 136.28454883 1
112 -04.05480272 136.28455128 -04.05482722 136.28457682 1
112 -04.05491991 136.28467577 -04.05493510 136.28469345 1
112 -04.05491738 136.28476053 -04.05489239 136.28478460 1
112 -04.05479209 136.28488491 -04.05477980 136.28489628
111 -04.05479209 136.28488491
112 -04.05479209 136.28488491 -04.05484454 136.28483303 1
116 -04.05481584 136.28472553 -04.05477944 136.28468699
120 twy line
111 -04.05479210 136.28488491 1
111 -04.05459055 136.28508393 1
112 -04.05456790 136.28514039 -04.05456612 136.28517556 1
111 -04.05457868 136.28519084 1
111 -04.05495847 136.28558939 1
112 -04.05512340 136.28563688 -04.05522876 136.28562639 1
115 -04.05535803 136.28549812
120 rwy hold
111 -04.05484679 136.28535194 4
115 -04.05472508 136.28546924
14 -04.05501941 136.28400042 30 0 Waghete
1300 -04.05481590 136.28472534 133.9 gate turboprops Ramp Start 1
1301 B general_aviation
1300 -04.05462548 136.28489547 134.3 gate turboprops Ramp Start 2
1301 A general_aviation
1300 -04.05445703 136.28508242 135.2 gate turboprops Ramp Start 3
1301 B general_aviation
19 -04.05665684 136.28319852 0 New Windsock 1
1200
1201 -04.05491746 136.28476059 both 0 _stop
1201 -04.05453338 136.28514093 both 1 _stop
1201 -04.05478361 136.28540502 both 2 _start
1201 -04.05467993 136.28616849 both 3 _stop
1201 -04.06366753 136.27731594 both 4 _start
1201 -04.05511162 136.28574370 both 5 _start
1202 1 0 twoway taxiway_B
1202 2 1 twoway taxiway_B
1202 2 5 twoway taxiway_B
1204 departure 04,22
1204 arrival 04,22
1202 4 5 twoway runway 04/22
1204 departure 04,22
1204 arrival 04,22
1204 ils 04,22
1202 5 3 twoway runway 04/22
1204 departure 04,22
1204 arrival 04,22
1204 ils 04,22
99
