A
1000 Generated by WorldEditor

1   7964 0 0 WABL Illaga
100 17.99 1 0 1.40 0 0 0 07 -03.97699970  137.61950511    0    0 1 0 0 0 25 -03.97598874  137.62488382    0    0 1 0 0 0
110 2 1.20 79.3300 New Taxiway 32
111 -03.97620195  137.61980386
111 -03.97637600  137.61983026
111 -03.97637371  137.61984289
113 -03.97619852  137.61981763
110 1 1.20 79.3300 New Taxiway 29
111 -03.97685954  137.61992702
111 -03.97655342  137.61982165
112 -03.97648888  137.61995659 -03.97645753  137.61998617
112 -03.97636716  137.61991223 -03.97635057  137.61989189
112 -03.97640220  137.61963494 -03.97640405  137.61959797
112 -03.97647781  137.61952403 -03.97650547  137.61947596
112 -03.97654789  137.61940202 -03.97656080  137.61940202
111 -03.97662165  137.61941311
112 -03.97683742  137.61942975 -03.97691302  137.61942975
113 -03.97707531  137.61952033
110 4 1.20 79.3300 New Taxiway 30
111 -03.97642986  137.61966821
111 -03.97618644  137.61964788
111 -03.97623808  137.61917834
112 -03.97652945  137.61923380 -03.97657739  137.61924304
112 -03.97668804  137.61930405 -03.97671017  137.61934102
113 -03.97684295  137.61943160
110 3 1.20 79.3300 New Taxiway 31
111 -03.97655895  137.62027455
111 -03.97614218  137.61993256
111 -03.97618644  137.61964788
111 -03.97642986  137.61966821
111 -03.97645384  137.61993811
112 -03.97647228  137.62002314 -03.97652391  137.62006381
113 -03.97658846  137.62008599
14 -03.97630373  137.61974227   6.56 0 New Tower Viewpoint 24
1300 -03.97650984  137.61976063 254.66 gate turboprops|props New Ramp Start 23
19 -03.97611091  137.62271142 0 New Windsock 25
99
