A
1000 Generated by WorldEditor
1 389 0 0 WABM Sukubatom
100 27.13 3 0 1.80 0 0 0 07 -04.44337666 140.88054076 0 0 0 0 0 0 25 -04.44177405 140.88786400 0 0 0 0 0 0
110 3 1.20 77.6200 New Taxiway 254
111 -04.44349532 140.88057785
112 -04.44353802 140.88104899 -04.44354514 140.88128457
112 -04.44349532 140.88186994 -04.44334586 140.88212693
111 -04.44312523 140.88214121
113 -04.44317505 140.88138451
14 -04.44362343 140.88184852 6.56 0 New Tower Viewpoint 177
1300 -04.44323910 140.88089195 106.77 gate turboprops|props New Ramp Start 178
19 -04.44294729 140.88168433 0 New Windsock 179
99
