I
850 Generated by WorldEditor 2.4.0r2
1 5855 0 0 WABQ Mulia
1302 city Mulia
1302 country Indonesia
1302 datum_lat
1302 datum_lon
1302 faa_code
1302 gui_label 3D
1302 iata_code LII
1302 icao_code WABQ
1302 region_code WA
1302 state Unjung Pandang
1302 transition_alt
1302 transition_level
100 18.00 1 0 0.40 0 0 0 09 -03.70235125 137.95378581 0 0 1 0 0 0 27 -03.70141063 137.96093875 0 0 1 0 0 0
110 1 0.50 82.5 Apron
111 -03.70134989 137.96091569
111 -03.70148400 137.96093522
111 -03.70147713 137.96099839
111 -03.70132165 137.96098025
111 -03.70071927 137.96098674
111 -03.70075396 137.96040040
113 -03.70141891 137.96038924
130 Boundary
111 -03.70161065 137.96122393
111 -03.70136174 137.96136651
111 -03.70049604 137.96158112
111 -03.70037209 137.96112661
111 -03.70025658 137.96068439
111 -03.70019383 137.96050432
111 -03.70020443 137.96019775
111 -03.70113873 137.96021191
111 -03.70125285 137.96018953
111 -03.70135095 137.95977906
111 -03.70147441 137.95898431
111 -03.70234859 137.95251460
111 -03.70249203 137.95247156
111 -03.70267386 137.95248861
111 -03.70260839 137.95281875
113 -03.70262589 137.95302472
120 Linear Feature 10
111 -03.70121074 137.96053697 1
111 -03.70123893 137.96053820 1
115 -03.70126919 137.96053952
120 Linear Feature 10
111 -03.70100285 137.96053011 1
111 -03.70103103 137.96053134 1
115 -03.70106130 137.96053266
120 Linear Feature 10
111 -03.70081156 137.96053393 1
111 -03.70083975 137.96053516 1
115 -03.70087001 137.96053647
120 Linear Feature 9
111 -03.70124325 137.96043328 1
115 -03.70123893 137.96053820
120 Linear Feature 9
111 -03.70103536 137.96042641 1
115 -03.70103103 137.96053134
120 Linear Feature 9
111 -03.70084407 137.96043069 1
115 -03.70083975 137.96053516
120 Linear Feature 7
111 -03.70143162 137.96073264 10
111 -03.70140395 137.96093622 10
112 -03.70135120 137.96103761 -03.70130705 137.96107147
111 -03.70135120 137.96103761
112 -03.70135120 137.96103761 -03.70133577 137.96104944 10
112 -03.70130248 137.96106100 -03.70128650 137.96106535
111 -03.70130248 137.96106100
112 -03.70130248 137.96106100 -03.70127273 137.96106910 10
111 -03.70124755 137.96106737 10
111 -03.70108465 137.96107396 10
111 -03.70090244 137.96108133 10
112 -03.70082988 137.96105674 -03.70080270 137.96102581 10
111 -03.70080797 137.96098396 10
111 -03.70082580 137.96078601 10
112 -03.70089778 137.96071281 -03.70097225 137.96071281
111 -03.70089778 137.96071281
112 -03.70089778 137.96071281 -03.70093218 137.96071281 10
112 -03.70110470 137.96071377 -03.70119257 137.96071440
111 -03.70110470 137.96071377
112 -03.70110470 137.96071377 -03.70118009 137.96071431 10
112 -03.70130828 137.96071598 -03.70135872 137.96071691
111 -03.70130828 137.96071598
112 -03.70130828 137.96071598 -03.70132633 137.96071631 10
112 -03.70135056 137.96071705 -03.70136025 137.96071742
111 -03.70135056 137.96071705
112 -03.70135056 137.96071705 -03.70141889 137.96071971 10
111 -03.70144314 137.96065041 10
115 -03.70145770 137.96054203
120 Linear Feature 8
111 -03.70130248 137.96106100 1
112 -03.70123160 137.96104583 -03.70120402 137.96102357 1
111 -03.70121048 137.96098532 1
111 -03.70122861 137.96079439 1
116 -03.70130828 137.96071598 -03.70138813 137.96071652
120 Linear Feature 8
111 -03.70108466 137.96107393 1
112 -03.70102441 137.96104531 -03.70100437 137.96101604 1
111 -03.70100694 137.96098297 1
111 -03.70102592 137.96079084 1
116 -03.70110470 137.96071377 -03.70118455 137.96071431
14 -03.70056710 137.96035502 59 0 Mulia
1300 -03.70122861 137.96079439 264.5 tie_down turboprops|props GA 6 (B)
1301 B general_aviation
1300 -03.70102641 137.96079019 264.5 tie_down turboprops|props GA 4 (B)
1301 B general_aviation
1300 -03.70082558 137.96078599 264.5 tie_down turboprops|props GA 2 (B)
1301 B general_aviation
1300 -03.70123998 137.96053947 87.5 tie_down turboprops|props GA 3 (A)
1301 A general_aviation
1300 -03.70103227 137.96053247 87.5 tie_down turboprops|props|helos GA 3 (A)
1301 A general_aviation
1300 -03.70083970 137.96053527 87.5 tie_down turboprops|props|helos GA 1 (AH)
1301 A general_aviation
18 -03.70040438 137.96029255 1 Mulia
19 -03.70218259 137.95389223 0 WS1
99
