I
850 Generated by WorldEditor 2.4.0r2

1    289 0 0 WAJJ Jayapura Sentani
1302 city Jayapura-Papua Island
1302 country Indonesia
1302 datum_lat -2.576944444
1302 datum_lon 140.516388889
1302 faa_code 
1302 gui_label 3D
1302 iata_code DJJ
1302 icao_code WAJJ
1302 region_code WA
1302 state Papua
1302 transition_alt 18000
1302 transition_level 18000
100 45.11 1 0 0.00 0 2 0  12 -02.57110537  140.50858663 0 60 3 0 0 1 30 -02.58725331  140.53024908 0 186 3 6 0 1
102 H39 -02.57569517  140.51810832 303.6 23.10 22.50 2 0 0 0.00 0
110 2 0.00 157.0 New Taxiway 2
111 -02.57213141  140.51442479
112 -02.57263354  140.51414010 -02.57281103  140.51407787
111 -02.57263354  140.51414010
112 -02.57263354  140.51414010 -02.57267762  140.51412464
112 -02.57276988  140.51412055 -02.57281605  140.51412201
111 -02.57276988  140.51412055
111 -02.57420842  140.51615591
113 -02.57364389  140.51654201
110 2 0.00 125.5 rampA
111 -02.57203090  140.51428324
111 -02.57023027  140.51173353 20
111 -02.57085858  140.51127004
111 -02.57096245  140.51120927
111 -02.57098392  140.51105882
111 -02.57113888  140.51088930 53 102
112 -02.57118859  140.51114725 -02.57126307  140.51124488
111 -02.57118859  140.51114725
112 -02.57118859  140.51114725 -02.57125022  140.51122803 53 102
112 -02.57294688  140.51354226 -02.57340555  140.51412017
111 -02.57294688  140.51354226
112 -02.57294688  140.51354226 -02.57304259  140.51366285 53 102
111 -02.57320611  140.51364913
111 -02.57293169  140.51375250
113 -02.57275931  140.51376954 20
110 2 0.00 36.0 rampC
111 -02.57404302  140.51665923
111 -02.57465299  140.51620170
111 -02.57532803  140.51709995
111 -02.57471591  140.51753737
113 -02.57412360  140.51677394
110 2 0.00 37.0 rampD
111 -02.57574253  140.51765154
111 -02.57590756  140.51787114
111 -02.57583135  140.51819388
111 -02.57563482  140.51833790
111 -02.57534170  140.51793432
113 -02.57540902  140.51788674
110 2 0.00 36.0 seaplanepier
112 -02.59191838  140.52797064 -02.59195312  140.52794868
111 -02.59191838  140.52797064
111 -02.59197680  140.52804286
111 -02.59199712  140.52804112
111 -02.59205459  140.52812100
111 -02.59202917  140.52814231
111 -02.59214254  140.52828691
111 -02.59211145  140.52831070
111 -02.59204746  140.52823200
111 -02.59196152  140.52820271
111 -02.59191216  140.52823566
111 -02.59180245  140.52809839
112 -02.59178847  140.52805863 -02.59176164  140.52804933
111 -02.59178847  140.52805863
114 -02.59178847  140.52805863 -02.59188364  140.52799260
110 1 0.00 126.7 turn12R
111 -02.57149000  140.50830854 20
111 -02.57178447  140.50869504 20
111 -02.57168220  140.50903558
113 -02.57127171  140.50847200 20
110 1 0.00 157.0 New Taxiway 1
111 -02.56821326  140.50913718
111 -02.56831248  140.50906939
111 -02.57011539  140.51158468
111 -02.57065739  140.51117565
111 -02.57099780  140.51074861 53 102
111 -02.57160701  140.50998436 53 102
112 -02.57171367  140.50979787 -02.57174562  140.50972150
111 -02.57171367  140.50979787
112 -02.57171367  140.50979787 -02.57172508  140.50977060
112 -02.57172620  140.50973551 -02.57172135  140.50972339
111 -02.57172620  140.50973551
112 -02.57172620  140.50973551 -02.57170779  140.50968945
111 -02.57207893  140.51022062
112 -02.57200917  140.51018620 -02.57196884  140.51016868
111 -02.57200917  140.51018620
112 -02.57200917  140.51018620 -02.57194214  140.51015709 53 102
112 -02.57180288  140.51016842 -02.57176075  140.51021060
111 -02.57180288  140.51016842
112 -02.57180288  140.51016842 -02.57175499  140.51021636 53 102
112 -02.57113888  140.51088930 -02.57091508  140.51113398
111 -02.57113888  140.51088930
112 -02.57113888  140.51088930 -02.57104729  140.51098943
111 -02.57098392  140.51105882
111 -02.57096245  140.51120927
111 -02.57085858  140.51127004
111 -02.57023027  140.51173353
113 -02.57012592  140.51180386
110 1 0.00 157.0 New Taxiway 4
111 -02.57203090  140.51428324
111 -02.57275931  140.51376954
111 -02.57293169  140.51375250
111 -02.57320611  140.51364913 53 102
111 -02.57395061  140.51336870 53 102
112 -02.57414750  140.51322536 -02.57422836  140.51313376
111 -02.57414750  140.51322536
112 -02.57414750  140.51322536 -02.57419615  140.51317024 53 102
112 -02.57419250  140.51307873 -02.57418658  140.51304302
111 -02.57419250  140.51307873
112 -02.57419250  140.51307873 -02.57418858  140.51305509
111 -02.57418108  140.51304025
111 -02.57455286  140.51353486
112 -02.57452351  140.51352344 -02.57450523  140.51351683
111 -02.57452351  140.51352344
112 -02.57452351  140.51352344 -02.57447189  140.51350479 53 102
112 -02.57428259  140.51349225 -02.57420244  140.51351270
111 -02.57428259  140.51349225
112 -02.57428259  140.51349225 -02.57417406  140.51351994 53 102
111 -02.57341530  140.51379715 53 102
112 -02.57335428  140.51410281 -02.57350356  140.51434219 53 102
111 -02.57464030  140.51580073 53 102
112 -02.57496513  140.51589583 -02.57512755  140.51579767 53 102
111 -02.57552592  140.51552466 53 102
112 -02.57570672  140.51533141 -02.57573430  140.51522098
111 -02.57570672  140.51533141
112 -02.57570672  140.51533141 -02.57572491  140.51525858 53 102
112 -02.57572274  140.51512667 -02.57572061  140.51507825
111 -02.57572274  140.51512667
112 -02.57572274  140.51512667 -02.57572164  140.51510166
111 -02.57571998  140.51508601
111 -02.57615719  140.51568417
112 -02.57611661  140.51565308 -02.57609139  140.51563603
111 -02.57611661  140.51565308
112 -02.57611661  140.51565308 -02.57606544  140.51561849 53 102
112 -02.57588752  140.51560441 -02.57580131  140.51563729
111 -02.57588752  140.51560441
112 -02.57588752  140.51560441 -02.57575882  140.51565349 53 102
111 -02.57574656  140.51565656 53 102
111 -02.57513981  140.51612282 53 102
112 -02.57511835  140.51641731 -02.57522254  140.51657068 53 102
111 -02.57581958  140.51737576 53 102
112 -02.57601507  140.51740268 -02.57612880  140.51731384 53 102
111 -02.57678070  140.51683241 53 102
112 -02.57686078  140.51671014 -02.57686956  140.51664395
111 -02.57686078  140.51671014
112 -02.57686078  140.51671014 -02.57686390  140.51668657 53 102
112 -02.57686613  140.51665696 -02.57686682  140.51664457
111 -02.57686613  140.51665696
112 -02.57686613  140.51665696 -02.57686737  140.51663456
111 -02.57686583  140.51662791
111 -02.57709991  140.51695170
112 -02.57707777  140.51693808 -02.57706408  140.51693092
111 -02.57707777  140.51693808
112 -02.57707777  140.51693808 -02.57704915  140.51692310 53 102
112 -02.57695308  140.51693679 -02.57690845  140.51696849
111 -02.57695308  140.51693679
112 -02.57695308  140.51693679 -02.57688711  140.51698365 53 102
111 -02.57616356  140.51752260 53 102
112 -02.57608482  140.51773136 -02.57614228  140.51783148 53 102
111 -02.57730911  140.51933818 53 102
112 -02.57755297  140.51940387 -02.57767861  140.51930878 53 102
112 -02.57834089  140.51881847 -02.57839573  140.51869135
111 -02.57834089  140.51881847
112 -02.57834089  140.51881847 -02.57836558  140.51875190 53 102
112 -02.57836318  140.51866689 -02.57836664  140.51863404
111 -02.57836318  140.51866689
112 -02.57836318  140.51866689 -02.57836711  140.51862962
111 -02.57836285  140.51861262
111 -02.57871694  140.51910515
112 -02.57867385  140.51908847 -02.57866000  140.51908517
111 -02.57867385  140.51908847
112 -02.57867385  140.51908847 -02.57862149  140.51907600 53 102
112 -02.57848235  140.51905592 -02.57842176  140.51908261
111 -02.57848235  140.51905592
112 -02.57848235  140.51905592 -02.57840574  140.51908967 53 102
111 -02.57770635  140.51963168 53 102
112 -02.57772813  140.51994326 -02.57788295  140.52015649 53 102
111 -02.58065608  140.52382767 53 102
112 -02.58097126  140.52389112 -02.58116023  140.52377353 53 102
112 -02.58170935  140.52337956 -02.58174736  140.52328682
111 -02.58170935  140.52337956
112 -02.58170935  140.52337956 -02.58173356  140.52332048 53 102
112 -02.58173464  140.52318829 -02.58173325  140.52313720
111 -02.58173464  140.52318829
112 -02.58173464  140.52318829 -02.58173385  140.52315918
111 -02.58173180  140.52313981
111 -02.58211538  140.52364542
112 -02.58203977  140.52360280 -02.58199591  140.52358492
111 -02.58203977  140.52360280
112 -02.58203977  140.52360280 -02.58200020  140.52358667 53 102
112 -02.58190598  140.52359429 -02.58186117  140.52361248
111 -02.58190598  140.52359429
112 -02.58190598  140.52359429 -02.58181150  140.52363264 53 102
111 -02.58111182  140.52412601 53 102
112 -02.58107093  140.52437651 -02.58116980  140.52452567 53 102
111 -02.58315560  140.52714504 53 102
112 -02.58348868  140.52715229 -02.58369546  140.52700157 53 102
112 -02.58394348  140.52680564 -02.58406134  140.52669519
111 -02.58394348  140.52680564
112 -02.58394348  140.52680564 -02.58402559  140.52669264 53 102
112 -02.58397595  140.52642975 -02.58388657  140.52620395 53 102
111 -02.58381526  140.52598333
111 -02.58383975  140.52597388
111 -02.58460364  140.52698157
112 -02.58453741  140.52694952 -02.58449525  140.52693376
111 -02.58453741  140.52694952
112 -02.58453741  140.52694952 -02.58448808  140.52693108 53 102
112 -02.58432478  140.52692328 -02.58423556  140.52693321
111 -02.58432478  140.52692328
112 -02.58432478  140.52692328 -02.58415930  140.52694169 53 102
111 -02.58328022  140.52768299 53 102
112 -02.57672569  140.51895989 -02.57382381  140.51509812
111 -02.57672569  140.51895989
112 -02.57672569  140.51895989 -02.57659356  140.51878404
112 -02.57633437  140.51843912 -02.57620576  140.51826797
111 -02.57633437  140.51843912
112 -02.57633437  140.51843912 -02.57618939  140.51824619 53 102
112 -02.57590756  140.51787114 -02.57576819  140.51768568
111 -02.57590756  140.51787114
112 -02.57590756  140.51787114 -02.57585204  140.51779727
112 -02.57574253  140.51765154 -02.57568804  140.51757903
111 -02.57574253  140.51765154
112 -02.57574253  140.51765154 -02.57560054  140.51746259 53 102
112 -02.57532803  140.51709995 -02.57519390  140.51692146
111 -02.57532803  140.51709995
112 -02.57532803  140.51709995 -02.57508810  140.51678068
112 -02.57465299  140.51620170 -02.57444416  140.51592383
111 -02.57465299  140.51620170
112 -02.57465299  140.51620170 -02.57380678  140.51507571 53 102
112 -02.57322753  140.51430550 -02.57320795  140.51427985
111 -02.57322753  140.51430550
112 -02.57322753  140.51430550 -02.57314378  140.51419578 53 102
112 -02.57276988  140.51412055 -02.57254205  140.51411337
111 -02.57276988  140.51412055
112 -02.57276988  140.51412055 -02.57272371  140.51411909
112 -02.57263354  140.51414010 -02.57258946  140.51415556
111 -02.57263354  140.51414010
112 -02.57263354  140.51414010 -02.57245606  140.51420233
113 -02.57213141  140.51442479
110 2 0.00 125.0 New Taxiway 1
111 -02.56831248  140.50906939
111 -02.56909563  140.50841825
111 -02.56978260  140.50933855
112 -02.57006854  140.50937036 -02.57024329  140.50924314
111 -02.57095340  140.50870958
111 -02.57137731  140.50927196
111 -02.57112705  140.50928218
111 -02.57098149  140.50912369
112 -02.57086146  140.50911858 -02.57080784  140.50917226
111 -02.57016941  140.50961961
112 -02.57013111  140.50987523 -02.57020517  140.50998260
111 -02.57069664  140.51060520
112 -02.57099780  140.51074861 -02.57113438  140.51071156
111 -02.57099780  140.51074861
112 -02.57099780  140.51074861 -02.57083283  140.51095948
111 -02.57065739  140.51117565
113 -02.57011539  140.51158468
110 1 0.00 157.0 New Taxiway 62
111 -02.58710152  140.53036415
111 -02.58689732  140.53050684
111 -02.58660066  140.53012889
113 -02.58647159  140.52950604
110 1 0.00 157.0 New Taxiway 52
111 -02.57601335  140.51865686
111 -02.57633437  140.51843912
111 -02.57672569  140.51895989
111 -02.57637649  140.51919887
113 -02.57613489  140.51883827
130 Airport Boundary
111 -02.58423943  140.52378120
111 -02.58454012  140.52498954
111 -02.58538238  140.52542708
111 -02.58842115  140.52956945
111 -02.59208565  140.52777374
111 -02.59242424  140.52824871
111 -02.58891465  140.53036496
111 -02.58821986  140.53088499
111 -02.58853490  140.53129303
111 -02.58861617  140.53209832
111 -02.58847449  140.53190339
111 -02.58833123  140.53188692
111 -02.58814783  140.53198900
111 -02.58755359  140.53140861
111 -02.58732519  140.53160657
111 -02.58672610  140.53173834
111 -02.58356961  140.52751570
111 -02.58313900  140.52787193
111 -02.57889554  140.52229450
111 -02.57849097  140.52153169
111 -02.57699559  140.51963692
111 -02.57628196  140.51925560
111 -02.57464009  140.51829401
111 -02.57500011  140.51769782
111 -02.57471020  140.51755446
111 -02.57312470  140.51663829
111 -02.57147288  140.51574140
111 -02.57163160  140.51549077
111 -02.57168451  140.51537442
111 -02.57167103  140.51524257
111 -02.57160952  140.51515709
111 -02.57139406  140.51510188
111 -02.57123665  140.51497224
111 -02.57104297  140.51469148
111 -02.57080381  140.51480908
111 -02.57009320  140.51416107
111 -02.56990216  140.51393131
111 -02.56943323  140.51409126
111 -02.56926088  140.51354567
111 -02.56880595  140.51365389
111 -02.56800348  140.51161353
111 -02.56848104  140.51141930
111 -02.56747722  140.50980824
111 -02.56958390  140.50778178
111 -02.56964079  140.50758562
111 -02.57072288  140.50682536
113 -02.57159636  140.50693567
120 Linear Feature 17
111 -02.57049366  140.51082009 60 101
112 -02.57067753  140.51100836 -02.57079579  140.51109286
111 -02.57067753  140.51100836
112 -02.57067753  140.51100836 -02.57076823  140.51106262 60 101
112 -02.57097001  140.51111455 -02.57106911  140.51117148
111 -02.57097001  140.51111455
112 -02.57097001  140.51111455 -02.57108315  140.51117954 60 101
115 -02.57115983  140.51127975
120 lineP1a
112 -02.57117398  140.5850999 -02.57114302  140.5850193 51
112 -02.57104662  140.51143101 -02.57103335  140.51154797
111 -02.57104662  140.51143101
112 -02.57104662  140.51143101 -02.57117416  140.51145500 51
116 -02.57120179  140.51134944 -02.57120413  140.51131771
120 lineP1a
112 -02.57139761  140.51160661 -02.57136665  140.51159855 51
112 -02.57127025  140.51172763 -02.57125698  140.51184459
111 -02.57127025  140.51172763
112 -02.57127025  140.51172763 -02.57139779  140.51175162 51
116 -02.57142542  140.51164606 -02.57142776  140.51161433
120 lineP2a
112 -02.57162861  140.51192578 -02.57159765  140.51191773 51
112 -02.57150105  140.51204669 -02.57148778  140.51216366
111 -02.57150105  140.51204669
112 -02.57150105  140.51204669 -02.57162860  140.51207069 51
116 -02.57165643  140.51196523 -02.57165877  140.51193351
120 lineP3a
112 -02.57187438  140.51227664 -02.57184343  140.51226858 51
112 -02.57174690  140.51239748 -02.57173363  140.51251445
111 -02.57174690  140.51239748
112 -02.57174690  140.51239748 -02.57187444  140.51242148 51
116 -02.57190219  140.51231609 -02.57190454  140.51228436
120 holdA
111 -02.57096353  140.50904205 54
115 -02.57082971  140.50885122
120 holdA
111 -02.57154575  140.51044334 54
115 -02.57136792  140.51028493
120 holdB
111 -02.57384856  140.51363303 54
115 -02.57377442  140.51344396
120 holdC
111 -02.57550615  140.51583692 54
115 -02.57535807  140.51564011
120 holdD
111 -02.57810174  140.51932596 54
115 -02.57795894  140.51913661
120 holdD
111 -02.58394171  140.52715510 54
115 -02.58378306  140.52695140
120 holdD
111 -02.58147985  140.52385988 54
115 -02.58133944  140.52366835
120 holdD
111 -02.57654527  140.51723158 54
115 -02.57643850  140.51709054
120 Linear Feature 61
111 -02.58655099  140.52929170 60
112 -02.58672758  140.52984475 -02.58673694  140.52988627 60
112 -02.58685199  140.53017284 -02.58690889  140.53024800 60
112 -02.58709412  140.53021167 -02.58715967  140.53015275 60
112 -02.58713964  140.52993921 -02.58705465  140.52983609 60
116 -02.58686168  140.52972452 -02.58675332  140.52957722
120 Linear Feature 60
111 -02.58420476  140.52679538 60 101
116 -02.58473130  140.52684358 -02.58493036  140.52714890
120 Linear Feature 59
111 -02.57328195  140.51372432 60 101
112 -02.57317985  140.51402714 -02.57331161  140.51422846
111 -02.57317985  140.51402714
112 -02.57317985  140.51402714 -02.57321097  140.51407469 60 101
112 -02.57463576  140.51598105 -02.57548966  140.51712221
111 -02.57463576  140.51598105
112 -02.57463576  140.51598105 -02.57498035  140.51644157 60 101
112 -02.57579095  140.51752383 -02.57621086  140.51808435
111 -02.57579095  140.51752383
112 -02.57579095  140.51752383 -02.57584691  140.51759853 60 101
112 -02.57596021  140.51774957 -02.57601717  140.51782559
111 -02.57596021  140.51774957
112 -02.57596021  140.51774957 -02.57638977  140.51832291 60 101
112 -02.57731396  140.51955619 -02.57778089  140.52017902
111 -02.57731396  140.51955619
112 -02.57731396  140.51955619 -02.57738770  140.51965455 60 101
112 -02.57753586  140.51985217 -02.57761003  140.51995110
111 -02.57753586  140.51985217
112 -02.57753586  140.51985217 -02.57858709  140.52125430 60 101
112 -02.58060852  140.52394877 -02.58154192  140.52519289
111 -02.58060852  140.52394877
112 -02.58060852  140.52394877 -02.58073253  140.52411406 60 101
112 -02.58097190  140.52443310 -02.58108999  140.52459050
111 -02.58097190  140.52443310
112 -02.58097190  140.52443310 -02.58222331  140.52610099 60 101
111 -02.58311701  140.52729162 60 101
112 -02.58346375  140.52735911 -02.58365061  140.52721834 60 101
111 -02.58420448  140.52679379 60 101
116 -02.58433451  140.52631653 -02.58415632  140.52607389
120 Linear Feature 58
111 -02.57425353  140.51337234 60 101
116 -02.57471664  140.51343208 -02.57487460  140.51363455
120 Linear Feature 57
111 -02.57179374  140.51001283 60 101
116 -02.57223830  140.51010652 -02.57243094  140.51039191
120 Linear Feature 56
111 -02.57101626  140.51085376 60 101
112 -02.57108390  140.51117736 -02.57124479  140.51139117
111 -02.57108390  140.51117736
112 -02.57108390  140.51117736 -02.57109898  140.51119740 60 101
112 -02.57115983  140.51127975 -02.57119463  140.51132700
111 -02.57115983  140.51127975
112 -02.57115983  140.51127975 -02.57132927  140.51150976 60 101
112 -02.57203749  140.51249434 -02.57236858  140.51296127
111 -02.57203749  140.51249434
112 -02.57203749  140.51249434 -02.57205841  140.51252385 60 101
112 -02.57211182  140.51259967 -02.57213233  140.51262860
111 -02.57211182  140.51259967
112 -02.57211182  140.51259967 -02.57216694  140.51267742 60 101
112 -02.57228186  140.51284021 -02.57233228  140.51291138
111 -02.57228186  140.51284021
112 -02.57228186  140.51284021 -02.57230252  140.51286938 60 101
112 -02.57233689  140.51292055 -02.57235647  140.51294820
111 -02.57233689  140.51292055
112 -02.57233689  140.51292055 -02.57239648  140.51300469 60 101
112 -02.57248373  140.51312566 -02.57253015  140.51319125
111 -02.57248373  140.51312566
112 -02.57248373  140.51312566 -02.57250592  140.51315701 60 101
112 -02.57257851  140.51325365 -02.57259688  140.51327962
111 -02.57257851  140.51325365
112 -02.57257851  140.51325365 -02.57264571  140.51334861 60 101
111 -02.57270504  140.51343524 60 101
112 -02.57302030  140.51373529 -02.57311213  140.51375973 60 101
112 -02.57328195  140.51372432 -02.57341198  140.51368415 60 101
111 -02.57425460  140.51337168 60 101
116 -02.57443760  140.51306475 -02.57429313  140.51287835
120 Linear Feature 55
111 -02.56998746  140.50959551 60 101
112 -02.56992222  140.51004379 -02.57011408  140.51030527 60 101
111 -02.57042035  140.51073054 60 101
112 -02.57092343  140.51095419 -02.57111840  140.51076264
111 -02.57092343  140.51095419
112 -02.57092343  140.51095419 -02.57092399  140.51095363 60 101
112 -02.57101626  140.51085376 -02.57107124  140.51079423
111 -02.57101626  140.51085376
112 -02.57101626  140.51085376 -02.57118557  140.51067042 60 101
112 -02.57179374  140.51001283 -02.57202690  140.50976019
111 -02.57179374  140.51001283
112 -02.57179374  140.51001283 -02.57200617  140.50977908 60 101
116 -02.57181873  140.50954678 -02.57181960  140.50954581
120 Linear Feature 54
111 -02.57141893  140.50901390 60 101
112 -02.57103944  140.50887507 -02.57092193  140.50889435 60 101
111 -02.57086607  140.50895605 60 101
111 -02.56998886  140.50959443 60 101
112 -02.56957628  140.50950141 -02.56941330  140.50927589 60 101
115 -02.56915446  140.50893042
120 Linear Feature 72
111 -02.57053743  140.51122554 60
116 -02.57115983  140.51127975 -02.57128245  140.51146165
120 Linear Feature 71
111 -02.57093020  140.51094824 60
112 -02.57053743  140.51122554 -02.57033731  140.51128651
111 -02.57053743  140.51122554
112 -02.57053743  140.51122554 -02.57040956  140.51126450 60
112 -02.57018084  140.51108809 -02.57012869  140.51103484
111 -02.57018084  140.51108809
112 -02.57018084  140.51108809 -02.57004707  140.51095151 60
115 -02.56886920  140.50927008
120 Linear Feature 70
111 -02.57495906  140.51608466 60 101
111 -02.57457104  140.51639064 60
112 -02.57464594  140.51663222 -02.57479850  140.51682937 60
111 -02.57492056  140.51699320 60
116 -02.57485676  140.51720146 -02.57471528  140.51731530
120 Linear Feature 69
111 -02.57328195  140.51372432 60 101
111 -02.57277530  140.51394453 60 101
112 -02.57277174  140.51447525 -02.57303734  140.51485510 60
115 -02.57397203  140.51612888
120 Linear Feature 68
111 -02.57587055  140.51540564 60 101
116 -02.57590296  140.51501299 -02.57570619  140.51473661
120 Linear Feature 67
111 -02.57495906  140.51608466 60 101
116 -02.57492874  140.51637527 -02.57504357  140.51653155
120 Linear Feature 66
111 -02.57463576  140.51598105 60 101
112 -02.57495906  140.51608466 -02.57509221  140.51597470 60 101
111 -02.57587055  140.51540564 60 101
116 -02.57622672  140.51545562 -02.57635987  140.51564222
120 Linear Feature 65
111 -02.58104045  140.52402571 60 101
116 -02.58097190  140.52443310 -02.58113930  140.52466001
120 Linear Feature 64
111 -02.58187831  140.52343042 60 101
116 -02.58192403  140.52308595 -02.58177167  140.52289903
120 Linear Feature 63
111 -02.58060852  140.52394877 60 101
112 -02.58104045  140.52402571 -02.58123461  140.52389552 60 101
111 -02.58187831  140.52343042 60 101
116 -02.58229292  140.52358013 -02.58249358  140.52385652
120 Linear Feature 16
111 -02.57755669  140.51958630 60 101
116 -02.57753540  140.51985121 -02.57763595  140.51998190
120 Linear Feature 15
111 -02.57852443  140.51884618 60 101
116 -02.57880196  140.51891282 -02.57888536  140.51902496
120 Linear Feature 14
111 -02.57731396  140.51955619 60 101
112 -02.57755669  140.51958630 -02.57768323  140.51949285 60 101
111 -02.57852443  140.51884618 60 101
116 -02.57857223  140.51859947 -02.57849157  140.51848883
120 Linear Feature 13
111 -02.57600450  140.51754988 60 101
116 -02.57596034  140.51774994 -02.57602837  140.51783957
120 Linear Feature 12
111 -02.57579095  140.51752383 60 101
116 -02.57600356  140.51755026 -02.57611161  140.51746513
120 Linear Feature 11
111 -02.57697411  140.51679880 60 101
116 -02.57725891  140.51683706 -02.57733383  140.51697262
120 Linear Feature 10
111 -02.57579067  140.51771569 60 101
111 -02.57697411  140.51679880 60 101
116 -02.57701024  140.51650943 -02.57690700  140.51636733
120 Linear Feature 2
111 -02.57280639  140.51355237 60 101
116 -02.57318058  140.51402811 -02.57321463  140.51408158
120 Linear Feature 1
111 -02.57099401  140.51146164 60
115 -02.57082275  140.51158868
120 Linear Feature 1
111 -02.57121802  140.51176202 60
115 -02.57104676  140.51188907
120 Linear Feature 1
111 -02.57145047  140.51208145 60
115 -02.57127921  140.51220849
120 Linear Feature 1
111 -02.57168969  140.51244106 60
115 -02.57151843  140.51256810
120 Linear Feature 1
111 -02.57193801  140.51272471 60
115 -02.57176675  140.51285176
120 Linear Feature 1
111 -02.57215467  140.51302689 60
115 -02.57198341  140.51315393
120 Linear Feature 1
111 -02.57238400  140.51331640 60
115 -02.57221274  140.51344344
120 Linear Feature 1
111 -02.57258244  140.51361106 60
115 -02.57240242  140.51374602
120 Linear Feature 9
111 -02.57280639  140.51355237 60
112 -02.57264159  140.51357015 -02.57259100  140.51360993 60
116 -02.57270017  140.51342785 -02.57264932  140.51335753
120 Linear Feature 9
111 -02.57256129  140.51323415 60
112 -02.57246363  140.51325499 -02.57241304  140.51329477 60
116 -02.57250151  140.51314934 -02.57246405  140.51309238
120 Linear Feature 9
111 -02.57234885  140.51293997 60
112 -02.57224920  140.51296039 -02.57219861  140.51300017 60
116 -02.57228844  140.51285469 -02.57225098  140.51279772
120 Linear Feature 9
111 -02.57213763  140.51263381 60
112 -02.57203826  140.51265352 -02.57198767  140.51269330 60
116 -02.57207545  140.51254611 -02.57203799  140.51248914
21 -02.58314635  140.52403512 2 306.7 3.00 30  VASI
21 -02.57211490  140.51068159 2 123.2 3.00 New Light Fixture 35
20 -02.57353650  140.51409737 307.8 0 3 {@Y,^l,@L}A1{@Y,^u}APRON|M1{^r,@@,^u}30
20 -02.57524483  140.51639212 307.8 0 3 {@Y,^l,@L}A2{@Y,^u}APRON|M2{^r,@@,^u}30
20 -02.57616802  140.51780741 307.8 0 3 {@Y,^l,@L}A3{@Y,^u}APRON|M3{^r,@@,^u}30
20 -02.57674901  140.51853892 306.3 0 3 {@Y,^u}APRON|M4{^r,@@,^u}30
20 -02.57452819  140.51361331 305.7 0 3 {@Y}APRON_|G-M{^r}
20 -02.57615954  140.51584563 305.7 0 3 {@Y}APRON_|G-M{^r}
20 -02.57666798  140.51552572 305.7 0 3 {@Y}APRON_|G-M{^r}
20 -02.57492962  140.51328932 305.7 0 3 {@Y}APRON_|G-M{^r}
20 -02.58375777  140.52692316 217.2 0 3 {@L}A6{@R}30-22{@@,@Y,^u}G-M|APRON
20 -02.58395946  140.52717681 217.2 0 3 {@L}A6{@R}30-12{@@,@Y,^u}G-M|APRON
20 -02.58131132  140.52362859 216.6 0 3 {@L}A5{@R}30-12{@@,@Y,^l}G-M|APRON
20 -02.58150689  140.52389157 216.6 0 3 {@L}A5{@R}30-12{@@,@Y,^l}G-M|APRON
20 -02.57788151  140.51905957 214.8 0 3 {@L}A4{@R}30-12{@@,@Y,^l}G|APRON
20 -02.57812847  140.51936494 214.8 0 3 {@L}A4{@R}30-12{@@,@Y,^l}G|APRON
20 -02.57641376  140.51706211 215.6 0 3 {@L}A3{@R}30-12{@@,@Y,^l}G|APRON|{^u}M3
20 -02.57659012  140.51727517 215.6 0 3 {@L}A3{@R}30-12{@@,@Y,^l}G|APRON|{^u}M3
20 -02.57531182  140.51557759 217.9 0 3 {@L}A2{@R}30-12{@@,@Y,^l}G|APRON|{^u}M2
20 -02.57553336  140.51586479 217.9 0 3 {@L}A2{@R}30-12{@@,@Y,^l}G|APRON|{^u}M2
20 -02.57373968  140.51338407 199.6 0 3 {@L}A1{@R}30-12{@@,@Y,^l}G|APRON|M1{^r}
20 -02.57386326  140.51366430 199.6 0 3 {@L}A1{@R}30-12{@@,@Y,^l}G|APRON|M1{^r}
20 -02.57132758  140.51025983 227.7 0 3 {@L}B1{@R}30-12{@@,@Y,^l}B|APRON|G{^r}
20 -02.57157278  140.51046671 227.7 0 3 {@L}B1{@R}30-12{@@,@Y,^l}B|APRON|G{^r}
20 -02.57081082  140.50883582 227.3 0 3 {@L}B{@R}30-12{@@,@Y,^u}B-APRON
20 -02.57096344  140.50905981 202.8 0 3 {@L}B{@R}30-12{@@,@Y,^u}B-APRON
14 -02.57220630  140.51490581 66 0 Jayapura Sentani
1300 -02.57143743  140.51307761 33.5 gate jets|turboprops New Ramp Start 1
1301 C general_aviation 
1300 -02.57121329  140.51276343 33.5 gate jets|turboprops G4
1301 C general_aviation 
1300 -02.57097592  140.51242156 36.1 gate jets|turboprops G3
1301 C general_aviation 
1300 -02.57074329  140.51210093 35.8 gate jets G2
1301 C general_aviation 
18 -02.57861291  140.52025506 1 Jayapura Sentani
1050 126250 ATIS
1050 128800 ATIS
1054 118100 TWR
1055 119100 JAYAPURA APP
1200 
1201 -02.57802891  140.51922493 both 0 A_stop
1201 -02.57650007  140.51716521 both 1 A_stop
1201 -02.57543044  140.51572909 both 2 A_stop
1201 -02.58386774  140.52704682 both 3 A_stop
1201 -02.58347645  140.52734620 both 4 A_stop
1201 -02.58335600  140.52740218 both 5 A_stop
1201 -02.58321834  140.52737634 both 6 A_stop
1201 -02.58308499  140.52725362 both 7 A_stop
1201 -02.57320626  140.51406800 both 8 A_stop
1201 -02.57480689  140.51620468 both 9 A_stop
1201 -02.57588438  140.51764281 both 10 A_stop
1201 -02.57741803  140.51969002 both 11 A_stop
1201 -02.58079499  140.52419757 both 12 A_stop
1201 -02.57315079  140.51397282 both 13 A_stop
1201 -02.57314071  140.51387620 both 14 A_stop
1201 -02.57316204  140.51382651 both 15 A_stop
1201 -02.57321068  140.51376844 both 16 A_stop
1201 -02.57328195  140.51372432 both 17 A_stop
1201 -02.57381577  140.51353331 both 18 A_stop
1201 -02.58686168  140.52972452 both 19 A_stop
1201 -02.57120832  140.50872465 both 20 A_start
1201 -02.57200181  140.50978794 both 21 A_start
1201 -02.57459179  140.51325977 both 22 A_start
1201 -02.57608200  140.51525670 both 23 A_start
1201 -02.57713385  140.51666786 both 24 A_start
1201 -02.57867486  140.51873206 both 25 A_start
1201 -02.58207090  140.52328625 both 26 A_start
1201 -02.58141140  140.52376319 both 27 A_start
1201 -02.58452563  140.52657136 both 28 A_start
1201 -02.57084754  140.51266226 both 29 C_stop
1201 -02.57198973  140.51426352 both 30 C_stop
1201 -02.57191792  140.51434417 both 31 C_start
1201 -02.57099265  140.51254558 both 32 New Service Truck Destination 46
1201 -02.57146541  140.51037180 both 33 B_stop
1201 -02.57298046  140.51371956 both 34 B_stop
1201 -02.57315586  140.51376746 both 35 B_stop
1201 -02.57268725  140.51340253 both 36 B_stop
1201 -02.57114053  140.51125469 both 37 B_stop
1201 -02.56986961  140.50997378 both 38 B_stop
1201 -02.57049366  140.51082009 both 39 B_stop
1201 -02.57081767  140.51106550 both 40 B_stop
1201 -02.56984709  140.50982288 both 41 B_stop
1201 -02.56988294  140.50971523 both 42 B_stop
1201 -02.57000393  140.50958365 both 43 B_stop
1201 -02.57088941  140.50893415 both 44 B_stop
1202 1 10 twoway taxiway_C A
1202 0 11 twoway taxiway_C A
1202 26 27 twoway taxiway_C A
1204 departure 12,30
1204 arrival 12,30
1202 27 12 twoway taxiway_C A
1202 25 0 twoway taxiway_C A
1204 departure 12,30
1204 arrival 12,30
1202 24 1 twoway taxiway_C A
1204 departure 12,30
1204 arrival 12,30
1202 2 9 twoway taxiway_C A
1202 23 2 twoway taxiway_C A
1204 departure 12,30
1204 arrival 12,30
1202 3 28 twoway taxiway_C A
1204 departure 12,30
1204 arrival 12,30
1202 4 3 twoway taxiway_E A
1202 5 4 twoway taxiway_E A
1202 6 5 twoway taxiway_E A
1202 7 6 twoway taxiway_E A
1202 8 9 twoway taxiway_E A
1202 9 10 twoway taxiway_E A
1202 10 11 twoway taxiway_E A
1202 11 12 twoway taxiway_E A
1202 12 7 twoway taxiway_E A
1202 13 8 twoway taxiway_E A
1202 14 13 twoway taxiway_E A
1202 15 14 twoway taxiway_E A
1202 16 15 twoway taxiway_E A
1202 17 16 twoway taxiway_E A
1202 18 17 twoway taxiway_E A
1202 22 18 twoway taxiway_C A
1204 departure 12,30
1204 arrival 12,30
1202 20 21 twoway runway 12/30
1204 departure 12,30
1204 arrival 12,30
1204 ils 12,30
1202 21 22 twoway runway 12/30
1204 departure 12,30
1204 arrival 12,30
1204 ils 12,30
1202 22 23 twoway runway 12/30
1204 departure 12,30
1204 arrival 12,30
1204 ils 12,30
1202 23 24 twoway runway 12/30
1204 departure 12,30
1204 arrival 12,30
1204 ils 12,30
1202 24 25 twoway runway 12/30
1204 departure 12,30
1204 arrival 12,30
1204 ils 12,30
1202 25 26 twoway runway 12/30
1204 departure 12,30
1204 arrival 12,30
1204 ils 12,30
1202 26 28 twoway runway 12/30
1204 departure 12,30
1204 arrival 12,30
1204 ils 12,30
1202 28 19 twoway runway 12/30
1204 departure 12,30
1204 arrival 12,30
1204 ils 12,30
1202 33 40 twoway taxiway_C B
1202 21 33 twoway taxiway_C B
1204 departure 12,30
1204 arrival 12,30
1202 34 35 twoway taxiway_C B
1202 35 17 twoway taxiway_C B
1202 36 34 twoway taxiway_C B
1202 37 36 twoway taxiway_C B
1202 38 39 twoway taxiway_C B
1202 39 40 twoway taxiway_C B
1202 40 37 twoway taxiway_C B
1202 41 38 twoway taxiway_C B
1202 42 41 twoway taxiway_C B
1202 43 42 twoway taxiway_C B
1202 44 43 twoway taxiway_C B
1204 departure 12,30
1204 arrival 12,30
1202 20 44 twoway taxiway_C B
1204 departure 12,30
1204 arrival 12,30
1206 29 32 twoway C
1206 30 29 twoway C
1206 31 30 twoway C
1400 -02.57192326  140.51439833 -60.7 fuel_jets 0 New Service Truck 45
1401 -02.57099265  140.51254558 215.5 fuel_jets New Service Truck Destination 46
99
