A
1000 Generated by WorldEditor
1 217 0 0 WAJT Manggelum (ZGK)
100 29.87 3 0 1.80 0 0 0 1 -05.41874961 140.43614403 0 0 0 0 0 0 19 -05.41358971 140.43636308 0 0 0 0 0 0
110 3 1.20 2.4200 New Taxiway 89
111 -05.41686291 140.43613440
112 -05.41701962 140.43596235 -05.41710344 140.43586718
112 -05.41730023 140.43549379 -05.41732210 140.43540227
112 -05.41741685 140.43555236 -05.41746058 140.43567682
112 -05.41756626 140.43588182 -05.41766466 140.43600628
111 -05.41778492 140.43610512
111 -05.41668418 140.43633467
112 -05.41635787 140.43648970 -05.41630495 140.43652513
112 -05.41593013 140.43701236 -05.41578461 140.43714081
112 -05.41555531 140.43703008 -05.41548917 140.43692820
112 -05.41551563 140.43655171 -05.41549358 140.43641439
113 -05.41538775 140.43639225
14 -05.41734761 140.43578298 6.56 0 New Tower Viewpoint 74
1300 -05.41739863 140.43597334 354.76 gate turboprops|props New Ramp Start 73
19 -05.41592632 140.43648949 0 New Windsock 75
99
