A
1000 Generated by WorldEditor
1 122 0 0 WAKD Mindiptanah
100 16.85 1 0 0.25 0 0 0 16 -05.87434779 140.70874319 0 0 2 0 0 0 34 -05.87959380 140.71021663 0 0 2 0 0 0
110 2 1.20 160.2700 New Taxiway 109
111 -05.87896558 140.70872363
111 -05.87948607 140.70890971
111 -05.87947324 140.70895209
113 -05.87895092 140.70874205
110 1 1.20 164.3900 New Taxiway 106
111 -05.87859970 140.70986086 3
112 -05.87865763 140.70980886 -05.87867108 140.70976934 3
111 -05.87893274 140.70885721 3
111 -05.87943491 140.70901566
111 -05.87933777 140.70936019 3
111 -05.87902804 140.70927543 3
112 -05.87894374 140.70931413 -05.87892174 140.70937124 3
111 -05.87879345 140.70985579 3
112 -05.87882094 140.70992396 -05.87884294 140.70993318
113 -05.87869449 140.70999029
110 4 1.20 164.3900 New Taxiway 110
111 -05.88302924 140.71170999
112 -05.88120182 140.71137982 -05.88105865 140.71132056
112 -05.87971178 140.71101240 -05.87926545 140.71090235
112 -05.87932286 140.71123823 -05.87928829 140.71131642
112 -05.87908518 140.71103839 -05.87899011 140.71086027
112 -05.87841691 140.71072501 -05.87824959 140.71068822
112 -05.87784695 140.71084591 -05.87766917 140.71088271
112 -05.87752799 140.71087745 -05.87747047 140.71081437
112 -05.87738681 140.71020987 -05.87744432 140.71011525
112 -05.87798291 140.71032551 -05.87818161 140.71039385
112 -05.87844306 140.71030448 -05.87862084 140.71025718
111 -05.87861038 140.71016256
111 -05.87596759 140.70952871
112 -05.87575584 140.70937232 -05.87565645 140.70930715
111 -05.87422683 140.70889208
111 -05.87435254 140.70854454
112 -05.87848008 140.70970193 -05.87857453 140.70971380
111 -05.87864242 140.70959808
111 -05.87887855 140.70856845
112 -05.87900842 140.70858922 -05.87906745 140.70858922
112 -05.87906745 140.70871385 -05.87910878 140.70874945
112 -05.87975223 140.70899573 -05.87981126 140.70901353
112 -05.87967254 140.70911145 -05.87958104 140.70915003
112 -05.87952791 140.70926278 -05.87949839 140.70933103
112 -05.87956333 140.70934883 -05.87953381 140.70936663
112 -05.87942755 140.70941708 -05.87936557 140.70949126
112 -05.87914420 140.70944081 -05.87900842 140.70944081
111 -05.87896119 140.70947642
111 -05.87888445 140.70973457
111 -05.87986874 140.71000460
112 -05.88021446 140.70879688 -05.88023607 140.70870565
111 -05.88019718 140.70863614
111 -05.88059907 140.70877082
112 -05.88039164 140.70886205 -05.88032250 140.70888377
111 -05.88026413 140.70894871
111 -05.88011228 140.70961021
113 -05.88378197 140.71060880
120 Linear Feature 108
111 -05.87830773 140.70984616 1
111 -05.87861526 140.70993219 1
116 -05.87870930 140.70988928 -05.87872999 140.70981931
120 Linear Feature 107
111 -05.87898449 140.71003903 1
111 -05.87873724 140.70996832 1
112 -05.87870930 140.70988928 -05.87872792 140.70982792 1
111 -05.87889198 140.70923159 1
112 -05.87900398 140.70917744 -05.87909375 140.70920495 1
115 -05.87921345 140.70923932
14 -05.87934920 140.70884747 6.56 0 New Tower Viewpoint 88
1300 -05.87924424 140.70905516 339.37 gate turboprops|props New Ramp Start 87
19 -05.87933622 140.70968854 0 New Windsock 89
99
