A
1000 Generated by WorldEditor
1 9 0 0 WAPL Dumatubun
100 29.93 1 0 1.50 0 0 0 09 -05.66138818 132.72558988 0 0 2 0 0 0 27 -05.66185554 132.73732706 0 0 2 0 0 0
110 1 1.20 92.3900 New Taxiway 68
111 -05.66151191 132.72558608
111 -05.66167187 132.72559527
111 -05.66170272 132.72607407
111 -05.66155076 132.72636226
113 -05.66142622 132.72599139
110 1 1.20 92.3900 New Taxiway 67
111 -05.66181847 132.73696671
111 -05.66173938 132.73733196
111 -05.66155537 132.73733960
111 -05.66154624 132.73678027
113 -05.66168920 132.73644711
110 1 1.20 92.3900 New Taxiway 62
111 -05.66195045 132.73598513
112 -05.66214477 132.73608074 -05.66222776 132.73607870
111 -05.66249749 132.73605273
112 -05.66259929 132.73592896 -05.66259426 132.73583676
112 -05.66263197 132.73553490 -05.66263574 132.73550964
112 -05.66270284 132.73546898 -05.66277186 132.73546898
112 -05.66299452 132.73548688 -05.66300565 132.73548912
112 -05.66305241 132.73551149 -05.66306132 132.73551149
111 -05.66323944 132.73553834
111 -05.66323276 132.73558757
111 -05.66296780 132.73557414
111 -05.66298076 132.73584935
111 -05.66318378 132.73588068
111 -05.66316597 132.73592990
111 -05.66297995 132.73590082
111 -05.66298381 132.73609138
111 -05.66310583 132.73612711
111 -05.66309656 132.73615205
111 -05.66298472 132.73613662
111 -05.66298561 132.73618050
111 -05.66286092 132.73618274
111 -05.66285870 132.73634832
111 -05.66303014 132.73636845
111 -05.66302124 132.73640425
111 -05.66273150 132.73639603
112 -05.66270385 132.73642938 -05.66270385 132.73645299
111 -05.66272597 132.73670724
111 -05.66255592 132.73670724
111 -05.66252965 132.73619041
111 -05.66209139 132.73620986
112 -05.66195728 132.73634463 -05.66193378 132.73638631
113 -05.66183285 132.73617930
111 -05.66282275 132.73618347
111 -05.66270247 132.73618763
112 -05.66267482 132.73626683 -05.66267482 132.73630711
111 -05.66271076 132.73632796
113 -05.66282413 132.73633629
110 1 1.20 2.3900 New Taxiway 60
111 -05.66170051 132.73451122
112 -05.66164196 132.73465915 -05.66162690 132.73459527
111 -05.66155835 132.73454786
112 -05.65897055 132.73452055 -05.65895550 132.73452224
112 -05.65883505 132.73457771 -05.65879323 132.73461637
111 -05.65879657 132.73472396
112 -05.65868282 132.73470379 -05.65864099 132.73470379
111 -05.65852222 132.73471220
111 -05.65852389 132.73422805
111 -05.65879712 132.73423379
112 -05.65879587 132.73426410 -05.65879587 132.73427168
112 -05.65881095 132.73432094 -05.65881598 132.73433104
111 -05.65882854 132.73434998
111 -05.65882226 132.73442198
112 -05.66148588 132.73447216 -05.66158826 132.73447487
113 -05.66162867 132.73436657
110 5 1.20 92.3900 New Taxiway 61
112 -05.65895177 132.73453214 -05.65894675 132.73454054
112 -05.65885474 132.73457753 -05.65882296 132.73461283
111 -05.65877110 132.73477757
111 -05.65825418 132.73475572
111 -05.65827258 132.73415222
111 -05.65878448 132.73416567
112 -05.65880790 132.73429679 -05.65881459 132.73433377
114 -05.65891162 132.73442959 -05.65892668 132.73445145
120 Linear Feature 66
111 -05.66249058 132.73605664 4
115 -05.66249402 132.73618862
120 Linear Feature 65
111 -05.66183223 132.73661557 1
111 -05.66181885 132.73628272 1
116 -05.66195237 132.73615266 -05.66205777 132.73615098
120 Linear Feature 64
111 -05.66178706 132.73547260 1
111 -05.66180881 132.73599373 1
112 -05.66195070 132.73615098 -05.66205777 132.73615098 1
115 -05.66249438 132.73612564
14 -05.66303968 132.73578416 6.56 0 New Tower Viewpoint 56
1300 -05.66292228 132.73608114 272.60 gate turboprops|props SE Apron
1300 -05.65858648 132.73461641 264.92 gate turboprops|props N Apron
99
