I
1100 Generated by WorldEditor 1.6.1r1
1 461 1 0 WASF Fak Fak/Torea (DGAC)
1302 city Fakfak-Papua Island
1302 country Indonesia
1302 datum_lat -2.919444444
1302 datum_lon 132.264166667
1302 faa_code
1302 iata_code FKQ
1302 icao_code WASF
1302 region_code WA
1302 state West Papua
1302 transition_alt 11000
1302 transition_level 13000
100 29.87 1 0 0.00 0 0 0 10 -02.91961700 132.26238300 0 0 2 0 0 0 28 -02.92073788 132.27168610 0 0 2 0 0 0
110 1 0.00 0.2000 Taxiway 1
111 -02.91972630 132.26405631
112 -02.91969419 132.26401663 -02.91967618 132.26399555
111 -02.91969419 132.26401663
112 -02.91969419 132.26401663 -02.91967319 132.26399205 102
112 -02.91963148 132.26396453 -02.91961605 132.26396416
111 -02.91963148 132.26396453
112 -02.91963148 132.26396453 -02.91960282 132.26396384 20 102
111 -02.91955227 132.26398120 20 102
112 -02.91935343 132.26405388 -02.91926599 132.26408719
111 -02.91935343 132.26405388
112 -02.91935343 132.26405388 -02.91930373 132.26407282 20 102
112 -02.91925184 132.26409635 -02.91924080 132.26410262
111 -02.91925184 132.26409635
112 -02.91925184 132.26409635 -02.91922137 132.26411364 20 102
112 -02.91922911 132.26425019 -02.91922532 132.26426158
111 -02.91922911 132.26425019
112 -02.91922911 132.26425019 -02.91922775 132.26425428 20 102
112 -02.91908019 132.26427373 -02.91899735 132.26428370
111 -02.91908019 132.26427373
112 -02.91908019 132.26427373 -02.91906492 132.26427557 20 102
112 -02.91903279 132.26427927 -02.91901657 132.26428111
111 -02.91903279 132.26427927
112 -02.91903279 132.26427927 -02.91893148 132.26429078 20 102
112 -02.91875889 132.26430486 -02.91870060 132.26430792
111 -02.91875889 132.26430486
112 -02.91875889 132.26430486 -02.91875147 132.26430525 20 102
112 -02.91873948 132.26430563 -02.91873401 132.26430575
111 -02.91873948 132.26430563
112 -02.91873948 132.26430563 -02.91872819 132.26430587 20 102
112 -02.91872033 132.26430438 -02.91871927 132.26430326
111 -02.91872033 132.26430438
112 -02.91872033 132.26430438 -02.91871057 132.26429407 20 102
112 -02.91865011 132.26374578 -02.91865173 132.26373385 20 102
112 -02.91918945 132.26369680 -02.91919812 132.26370548 20 102
112 -02.91922390 132.26392992 -02.91923239 132.26393513 20 102
111 -02.91931566 132.26390934 20 102
112 -02.91961294 132.26379683 -02.91963407 132.26378435
111 -02.91961294 132.26379683
112 -02.91961294 132.26379683 -02.91962514 132.26378963 102
112 -02.91965915 132.26372320 -02.91967354 132.26369348
111 -02.91965915 132.26372320
112 -02.91965915 132.26372320 -02.91966968 132.26370146
113 -02.91967742 132.26368344
110 1 0.00 97.1000 turn28
111 -02.92057848 132.27105015
111 -02.92065555 132.27169624
111 -02.92052572 132.27170022 20
114 -02.92048039 132.27119592 -02.92048091 132.27119221
110 1 0.00 97.1000 turn10
111 -02.91956500 132.26280103
112 -02.91951184 132.26275527 -02.91950962 132.26274069 20
111 -02.91946518 132.26239812
113 -02.91952854 132.26239397
130 Airport Boundary
111 -02.91877605 132.26217541
111 -02.91927257 132.26213846
111 -02.91955438 132.26200745
111 -02.91987981 132.26216198
111 -02.91992006 132.26237697
111 -02.92008445 132.26352583
111 -02.92028910 132.26537342
111 -02.92056085 132.26748639
111 -02.92072188 132.26875619
111 -02.92087956 132.27045261
111 -02.92099699 132.27134282
111 -02.92135596 132.27207177
111 -02.92144319 132.27308291
111 -02.92068833 132.27307955
111 -02.92032936 132.27255886
111 -02.92002742 132.27145031
111 -02.91998381 132.27058362
111 -02.91979258 132.26916938
111 -02.91981271 132.26778873
111 -02.91974226 132.26743601
111 -02.91969529 132.26639128
111 -02.91949064 132.26549100
111 -02.91921889 132.26541710
111 -02.91880288 132.26554139
111 -02.91857475 132.26550444
111 -02.91836004 132.26539694
111 -02.91819229 132.26507445
113 -02.91799435 132.26481579
120 Linear Feature 20
111 -02.91867106 132.26376619 20
115 -02.91873211 132.26426352
120 Linear Feature 19
111 -02.91916154 132.26373303 20
115 -02.91869590 132.26378069
120 Linear Feature 24
111 -02.91872946 132.26402825 1
111 -02.91877632 132.26402423 1
115 -02.91892198 132.26401112
120 Linear Feature 23
111 -02.91870441 132.26384563 1
111 -02.91874935 132.26384134 1
115 -02.91890070 132.26382690
120 Linear Feature 30
111 -02.91874581 132.26415659 1
112 -02.91876256 132.26417867 -02.91876862 132.26418382 1
115 -02.91879565 132.26418662
120 Linear Feature 29
111 -02.91877632 132.26402423 1
112 -02.91874731 132.26404584 -02.91873651 132.26406254 1
115 -02.91873512 132.26407613
120 Linear Feature 28
111 -02.91872227 132.26397937 1
112 -02.91874452 132.26401231 -02.91875728 132.26402122 1
115 -02.91877632 132.26402423
120 Linear Feature 27
111 -02.91874935 132.26384134 1
112 -02.91872299 132.26385562 -02.91871394 132.26386556 1
115 -02.91870935 132.26388199
120 Linear Feature 26
111 -02.91870033 132.26381408 1
112 -02.91871842 132.26383101 -02.91872696 132.26383618 1
115 -02.91874935 132.26384134
120 Linear Feature 22
111 -02.91869590 132.26378069 1
111 -02.91870033 132.26381408 1
111 -02.91870452 132.26384562 1
111 -02.91870935 132.26388199 1
111 -02.91872227 132.26397937 1
111 -02.91872877 132.26402831 1
111 -02.91873512 132.26407613 1
111 -02.91874581 132.26415659 1
111 -02.91875041 132.26419126 1
115 -02.91876063 132.26426833
120 Linear Feature 4
111 -02.91967652 132.26386760 1 101
112 -02.91977822 132.26397195 -02.91982504 132.26408718 1 101
115 -02.91983934 132.26422846
120 Linear Feature 3
111 -02.91976078 132.26357229 1 101
112 -02.91973498 132.26377010 -02.91971353 132.26384041 1 101
111 -02.91967652 132.26386760 1 101
115 -02.91923181 132.26401091
120 Linear Feature 18
111 -02.91931566 132.26390866 4 103
115 -02.91935331 132.26405305
120 Linear Feature 21
111 -02.91873625 132.26428425 20
115 -02.91918327 132.26423555
120 Linear Feature 25
111 -02.91875007 132.26419130 1
111 -02.91879565 132.26418662 1
115 -02.91894053 132.26417173
21 -02.92074497 132.26963986 2 276.1200 3.00 PAPI 28
21 -02.91958619 132.26431965 1 96.1600 3.00 PAPI 10
14 -02.91906233 132.26479609 9.84 0 Viewpoint
1300 -02.91889799 132.26417649 185.79 tie_down jets|turboprops|props Ramp Start 1
1301 A general_aviation
1300 -02.91891789 132.26401068 -176.04 tie_down jets|turboprops|props Ramp Start 3
1301 A general_aviation
1300 -02.91888297 132.26382834 -174.66 tie_down jets|turboprops Ramp Start 2
1301 B airline
18 -02.91968055 132.26558795 1 Beacon
19 -02.91935817 132.26342939 0 WS1
54 11810 Torea Info
1200
1201 -02.91954758 132.26269951 both 0 B_stop
1201 -02.91952490 132.26250655 both 1 B_stop
1201 -02.91961883 132.26240115 both 2 B_stop
1201 -02.91972409 132.26246763 both 3 B_stop
1201 -02.91973882 132.26262057 both 4 B_stop
1201 -02.91911231 132.26399186 both 5 B_stop
1201 -02.91872818 132.26402809 both 6 B_start
1201 -02.91892289 132.26400849 both 7 unnamed entity(split)
1201 -02.91933841 132.26397678 both 8 B_stop
1201 -02.91875041 132.26419126 both 9 B_stop
1201 -02.91913436 132.26415083 both 10 B_stop
1201 -02.91894517 132.26416956 both 11 unnamed entity(split)
1201 -02.91917748 132.26409989 both 12 B_stop
1201 -02.91918274 132.26402842 both 13 B_stop
1201 -02.91914729 132.26384949 both 14 B_stop
1201 -02.91909297 132.26380546 both 15 B_stop
1201 -02.91870320 132.26384517 both 16 B_start
1201 -02.91890548 132.26382512 both 17 unnamed entity(split)
1201 -02.91977833 132.26397271 both 18 A_stop
1201 -02.91934883 132.26397329 both 19 A_stop
1201 -02.91967665 132.26386727 both 20 A_stop
1201 -02.91973452 132.26376976 both 21 A_stop
1201 -02.92077580 132.27126311 both 22 B_stop
1201 -02.92081358 132.27158394 both 23 B_stop
1201 -02.92072683 132.27163297 both 24 B_stop
1201 -02.92059530 132.27158954 both 25 B_stop
1201 -02.92057338 132.27129580 both 26 B_stop
1201 -02.92067239 132.27112553 both 27 N_stop
1201 -02.91984298 132.26422733 both 28 N_stop
1201 -02.91980007 132.26383416 both 29 N_stop
1201 -02.91976359 132.26357204 both 30 N_stop
1201 -02.91966952 132.26281054 both 31 N_start
1202 0 31 twoway taxiway_C B
1204 departure 10,28
1204 arrival 10,28
1204 ils 10,28
1202 1 0 twoway taxiway_C B
1204 departure 10,28
1204 arrival 10,28
1204 ils 10,28
1202 2 1 twoway taxiway_C B
1204 departure 10,28
1204 arrival 10,28
1204 ils 10,28
1202 3 2 twoway taxiway_C B
1204 departure 10,28
1204 arrival 10,28
1204 ils 10,28
1202 4 3 twoway taxiway_C B
1204 departure 10,28
1204 arrival 10,28
1204 ils 10,28
1202 31 4 twoway taxiway_C B
1204 departure 10,28
1204 arrival 10,28
1204 ils 10,28
1202 19 8 twoway taxiway_C B
1204 departure 10,28
1204 arrival 10,28
1204 ils 10,28
1202 5 13 twoway taxiway_A B
1204 departure 10,28
1204 arrival 10,28
1202 6 7 twoway taxiway_A B
1202 7 5 twoway taxiway_A B
1202 13 8 twoway taxiway_C B
1204 departure 10,28
1204 arrival 10,28
1202 10 11 twoway taxiway_A B
1202 11 9 twoway taxiway_A B
1202 12 10 twoway taxiway_B B
1204 departure 10,28
1204 arrival 10,28
1202 13 12 twoway taxiway_B B
1204 departure 10,28
1204 arrival 10,28
1202 14 13 twoway taxiway_C B
1204 departure 10,28
1204 arrival 10,28
1202 15 14 twoway taxiway_C B
1204 departure 10,28
1204 arrival 10,28
1202 16 17 twoway taxiway_C B
1202 17 15 twoway taxiway_C B
1202 18 20 twoway taxiway_C A
1204 departure 10,28
1204 arrival 10,28
1202 28 18 twoway taxiway_C A
1204 departure 10,28
1204 arrival 10,28
1202 20 19 twoway taxiway_C A
1204 departure 10,28
1204 arrival 10,28
1202 21 20 twoway taxiway_C A
1204 departure 10,28
1204 arrival 10,28
1202 30 21 twoway taxiway_C A
1204 departure 10,28
1204 arrival 10,28
1202 22 27 twoway taxiway_C B
1204 departure 10,28
1204 arrival 10,28
1204 ils 10,28
1202 23 22 twoway taxiway_C B
1204 departure 10,28
1204 arrival 10,28
1204 ils 10,28
1202 24 23 twoway taxiway_C B
1204 departure 10,28
1204 arrival 10,28
1204 ils 10,28
1202 25 24 twoway taxiway_C B
1204 departure 10,28
1204 arrival 10,28
1204 ils 10,28
1202 26 25 twoway taxiway_C B
1204 departure 10,28
1204 arrival 10,28
1204 ils 10,28
1202 27 26 twoway taxiway_C B
1204 departure 10,28
1204 arrival 10,28
1204 ils 10,28
1202 28 27 twoway runway 10/28
1204 departure 10,28
1204 arrival 10,28
1204 ils 10,28
1202 29 28 twoway runway 10/28
1204 departure 10,28
1204 arrival 10,28
1204 ils 10,28
1202 30 29 twoway runway 10/28
1204 departure 10,28
1204 arrival 10,28
1204 ils 10,28
1202 31 30 twoway runway 10/28
1204 departure 10,28
1204 arrival 10,28
1204 ils 10,28
1202 30 28 twoway taxiway_C B
1204 departure 10,28
1204 arrival 10,28
99
