I
1100 Generated by WorldEditor 1.7.1r2

1     19 1 0 WASK Kaimana
1302 city Kaimana-Papua Island
1302 country Indonesia
1302 datum_lat -3.644722222
1302 datum_lon 133.695555556
1302 faa_code 
1302 iata_code KNG
1302 icao_code WASK
1302 region_code WA
1302 state West Papua
1302 transition_alt 11000
1302 transition_level 13000
1302 flatten 1
100 30.00 1 0 0.20 0 1 0 01 -03.65326068  133.69351536    0    0 1 0 0 0 19 -03.63687259  133.69662824    0  160 1 0 0 0
110 1 0.50 10.4000 New Taxiway 9
111 -03.64377994  133.69545132
112 -03.64377063  133.69549251 -03.64379068  133.69550917
111 -03.64377063  133.69549251
112 -03.64377063  133.69549251 -03.64382142  133.69552605
111 -03.64412667  133.69571731
112 -03.64441631  133.69586859 -03.64448113  133.69586027
112 -03.64467156  133.69582339 -03.64472807  133.69581174
111 -03.64482555  133.69570052
112 -03.64515182  133.69523930 -03.64517955  133.69519980
111 -03.64512260  133.69519647
111 -03.64546630  133.69513083
112 -03.64536293  133.69520768 -03.64533799  133.69524599
111 -03.64481066  133.69596966
111 -03.64487163  133.69628259
111 -03.64357352  133.69652854
111 -03.64364355  133.69692860
111 -03.64335778  133.69698134
111 -03.64328174  133.69658383
111 -03.64319158  133.69610243
112 -03.64351489  133.69604154 -03.64355645  133.69603113
112 -03.64365757  133.69589718 -03.64366555  133.69585721
112 -03.64363842  133.69569573 -03.64361847  133.69565776
112 -03.64343145  133.69555202 -03.64340704  133.69553833
113 -03.64335850  133.69552940
110 1 0.30 100.4000 New Taxiway 1
111 -03.64002531  133.69616393 1
112 -03.63992684  133.69634585 -03.63994501  133.69645713 1
112 -03.63996185  133.69652415 -03.63998123  133.69662370 1
112 -03.64023452  133.69675123 -03.64034719  133.69673181 1
111 -03.64057742  133.69668681 1
111 -03.64073715  133.69754725 1
111 -03.63996502  133.69769293 1
112 -03.63971793  133.69638456 -03.63969690  133.69625881 1
113 -03.63951622  133.69625932 1
110 1 0.50 10.6000 New Taxiway 21
111 -03.65328258  133.69364383
111 -03.65332105  133.69384662
111 -03.65284833  133.69393758
113 -03.65237547  133.69381583
110 1 0.00 10.6000 New Taxiway 20
111 -03.63684797  133.69650058 1
111 -03.63680445  133.69627464 1
111 -03.63738108  133.69616708 1
113 -03.63776532  133.69632238 1
110 1 0.20 10.6000 New Taxiway 24
111 -03.65102775  133.69406754
111 -03.65107171  133.69426852
111 -03.65061217  133.69436061
113 -03.65029249  133.69421075
130 Airport Boundary 2
111 -03.63587009  133.69387801
111 -03.64890087  133.69177956
111 -03.65541626  133.69154640
111 -03.65583511  133.69401791
111 -03.65392703  133.69532361
111 -03.64983164  133.69756195
111 -03.64136163  133.70017335
111 -03.63498585  133.69910081
113 -03.63368278  133.69532361
120 Linear Feature 6
112 -03.63981574  133.69634919 -03.63979901  133.69626489 1
116 -03.64009617  133.69601453 -03.64027411  133.69597720
120 Linear Feature 5
112 -03.63946385  133.69613603 -03.63961249  133.69610876 1
112 -03.63981574  133.69634919 -03.63983846  133.69645457
111 -03.63981574  133.69634919
112 -03.63981574  133.69634919 -03.63983377  133.69643279 1
112 -03.64001737  133.69741121 -03.64004273  133.69754929
111 -03.64001737  133.69741121
112 -03.64001737  133.69741121 -03.64003514  133.69751687 1
112 -03.64018931  133.69752793 -03.64028386  133.69751028
111 -03.64018931  133.69752793
112 -03.64018931  133.69752793 -03.64032877  133.69750061 1
112 -03.64050853  133.69746445 -03.64060128  133.69744124
111 -03.64050853  133.69746445
112 -03.64050853  133.69746445 -03.64057130  133.69745016 1
112 -03.64058166  133.69733855 -03.64057082  133.69727429
111 -03.64058166  133.69733855
112 -03.64058166  133.69733855 -03.64055192  133.69718852 1
112 -03.64049766  133.69690444 -03.64048286  133.69682734
111 -03.64049766  133.69690444
112 -03.64049766  133.69690444 -03.64048443  133.69682577 1
112 -03.64038957  133.69682244 -03.64032141  133.69683618
111 -03.64038957  133.69682244
112 -03.64038957  133.69682244 -03.64031807  133.69683544 1
112 -03.64005773  133.69688605 -03.63992427  133.69691039
111 -03.64005773  133.69688605
112 -03.64005773  133.69688605 -03.63997367  133.69690218 1
115 -03.63990054  133.69678848
120 Linear Feature 12
112 -03.64523892  133.69523297 -03.64527032  133.69518813 1
116 -03.64508516  133.69506720 -03.64494956  133.69509263
120 Linear Feature 11
112 -03.64362568  133.69552203 -03.64355739  133.69546613 1
116 -03.64373281  133.69532377 -03.64380206  133.69530997
120 Linear Feature 10
112 -03.64330400  133.69540692 -03.64345149  133.69537881 1
112 -03.64362568  133.69552203 -03.64368627  133.69557022
111 -03.64362568  133.69552203
112 -03.64362568  133.69552203 -03.64367014  133.69555739 1
112 -03.64419660  133.69590840 -03.64426924  133.69595902
111 -03.64419660  133.69590840
112 -03.64419660  133.69590840 -03.64426552  133.69595972 1
112 -03.64439880  133.69597376 -03.64442467  133.69596914
111 -03.64439880  133.69597376
112 -03.64439880  133.69597376 -03.64449595  133.69595641 1
112 -03.64470558  133.69591343 -03.64476035  133.69590233 1
112 -03.64484770  133.69579358 -03.64489349  133.69572706 1
112 -03.64523892  133.69523297 -03.64526631  133.69519281 1
116 -03.64548385  133.69499089 -03.64556334  133.69497416
21 -03.63753921  133.69688210 2 190.3000 3.00 New Light Fixture 59
21 -03.65140390  133.69350064 1 11.8300 3.00 New Light Fixture 58
1300 -03.64449414  133.69613399   9.16 tie_down props New Ramp Start 67
1301 C general_aviation 
1300 -03.64037487  133.69736979 190.68 tie_down turboprops New Ramp Start 68
1301 D airline 
18 -03.64441875  133.69679813 1 New Airport Beacon 56
19 -03.64015012  133.69657383 0 New Windsock 62
19 -03.65271659  133.69331574 0 New Windsock 61
19 -03.63705123  133.69684870 0 New Windsock 60
19 -03.64394161  133.69651022 0 New Windsock 65
99
