I
850 Generated by WorldEditor 2.2.0r2

1      8 0 0 WASO Babo
1302 city Babo-Papua Island
1302 country Indonesia
1302 datum_lat -2.535277778
1302 datum_lon 133.438888889
1302 faa_code 
1302 gui_label 3D
1302 iata_code BXB
1302 icao_code WASO
1302 region_code WA
1302 state West Papua
1302 transition_alt 11000
1302 transition_level 13000
100 29.87 1 0 0.25 0 1 0 02 -02.53749338  133.43664046    0   12 2 0 0 1 20 -02.52665889  133.44111063    0    0 2 0 0 1
102 H6 -02.53666668  133.43832382  25.33 29.20 33.00 2 0 0 0.00 1
110 2 0.00 157.0000 New Taxiway 3
111 -02.52661226  133.44098566
111 -02.52657501  133.44089660
111 -02.52683485  133.44076775
113 -02.52714336  133.44078353
110 2 0.00 157.0000 New Taxiway 2
111 -02.53763595  133.43671383
111 -02.53769139  133.43684212
111 -02.53746871  133.43693976
113 -02.53711251  133.43693434
110 2 0.00 157.0000 New Taxiway 1
111 -02.53708262  133.43695044
112 -02.53708341  133.43712297 -02.53710769  133.43717311
111 -02.53726046  133.43752903
112 -02.53733409  133.43756997 -02.53737740  133.43754950
111 -02.53750267  133.43749063
111 -02.53773766  133.43802916
111 -02.53696275  133.43838675
111 -02.53658341  133.43856325
111 -02.53642504  133.43821994
111 -02.53677182  133.43805569
111 -02.53668581  133.43787205
111 -02.53709446  133.43768005
112 -02.53715360  133.43755872 -02.53711895  133.43748358
112 -02.53694981  133.43712116 -02.53688846  133.43707300
113 -02.53682146  133.43705954
130 Airport Boundary 9
111 -02.52250741  133.44252004
111 -02.53699913  133.43571218
111 -02.53892476  133.43583260
111 -02.53955683  133.43769029
111 -02.53617323  133.44036751
111 -02.53343787  133.43935905
113 -02.52292276  133.44367832
120 Default hold RWY 02 (near)
111 -02.53711596  133.43719922 4
115 -02.53702619  133.43724045
120 Linear Feature 5
111 -02.53724234  133.43761472 51
112 -02.53718010  133.43770739 -02.53709822  133.43774601 51
111 -02.53690036  133.43784049 51
112 -02.53683695  133.43793512 -02.53686712  133.43800055
111 -02.53683695  133.43793512
112 -02.53683695  133.43793512 -02.53686120  133.43798771 51
112 -02.53690659  133.43808427 -02.53691871  133.43811004
111 -02.53690659  133.43808427
112 -02.53690659  133.43808427 -02.53695421  133.43818221 51
111 -02.53700690  133.43814906 51
115 -02.53707452  133.43811577
120 Linear Feature 4
111 -02.53710931  133.43679586 51
112 -02.53701818  133.43709887 -02.53707684  133.43724566 51
111 -02.53724234  133.43761472 51
112 -02.53732905  133.43762551 -02.53740132  133.43758882 51
111 -02.53741277  133.43760173 51
112 -02.53746833  133.43767953 -02.53750709  133.43776655
111 -02.53746833  133.43767953
112 -02.53746833  133.43767953 -02.53749818  133.43774653 51
112 -02.53753508  133.43783019 -02.53754562  133.43785413
111 -02.53753508  133.43783019
112 -02.53753508  133.43783019 -02.53755057  133.43787579 51
111 -02.53752427  133.43788596 51
115 -02.53746573  133.43791100
120 Linear Feature 1
111 -02.53701818  133.43709887 51
116 -02.53672539  133.43695900 -02.53653859  133.43703730
21 -02.52947472  133.44040346 2 202.7600 3.00 New Light Fixture 8
20 -02.53701585  133.43724514 293.9600 0 3 {@L}A{@R}02-20
20 -02.53712709  133.43719558 293.9600 0 3 {@L}A{@R}02-20
1300 -02.53740832  133.43793552  21.93 tie_down turboprops|props G2
1301 B general_aviation 
1300 -02.53690659  133.43808427 116.28 tie_down turboprops|props G1
1301 B general_aviation 
1200 
1201 -02.53685144  133.43797652 both 0 A_stop
1201 -02.53683319  133.43789924 both 1 A_stop
1201 -02.53685284  133.43786833 both 2 A_stop
1201 -02.53688934  133.43784163 both 3 A_stop
1201 -02.53715324  133.43771658 both 4 A_stop
1201 -02.53721781  133.43768145 both 5 A_stop
1201 -02.53724448  133.43764351 both 6 A_stop
1201 -02.53723325  133.43759574 both 7 A_stop
1201 -02.53706901  133.43722339 both 8 A_stop
1201 -02.53732803  133.43670881 both 9 A_stop
1201 -02.52696005  133.44098432 both 10 A_start
1201 -02.53692336  133.43687754 both 11 A_start
1202 1 0 twoway taxiway_B A
1202 2 1 twoway taxiway_B A
1202 3 2 twoway taxiway_B A
1202 4 3 twoway taxiway_B A
1202 5 4 twoway taxiway_B A
1202 6 5 twoway taxiway_B A
1202 7 6 twoway taxiway_B A
1202 8 7 twoway taxiway_B A
1202 11 8 twoway taxiway_B A
1204 departure 02,20
1204 arrival 02,20
1202 10 11 twoway runway 02/20
1204 departure 02,20
1204 arrival 02,20
1204 ils 02,20
1202 11 9 twoway runway 02/20
1204 departure 02,20
1204 arrival 02,20
1204 ils 02,20
99
