I
850 Generated by WorldEditor 2.1.0r1
1 8 1 0 WASS Domine Eduard Osok
1302 city Sorong-Papua Island
1302 country Indonesia
1302 datum_lat -0.891666667
1302 datum_lon 131.286944444
1302 faa_code
1302 gui_label 2D
1302 iata_code SOQ
1302 icao_code WASS
1302 region_code WA
1302 state West Papua
1302 transition_alt 11000
1302 transition_level 13000
100 45.11 1 0 0.50 0 1 0 09 -00.89339172 131.27770930 0 59 3 10 0 1 27 -00.89488775 131.30017666 0 59 3 0 0 1
110 1 0.00 0.0000 ApronAsphalt
111 -00.89145554 131.28908895
111 -00.89206493 131.28905521
111 -00.89223540 131.29169739
113 -00.89162651 131.29172740
110 2 0.50 0.0000 Apron
111 -00.89145534 131.28908918 10
111 -00.89266742 131.28902180 10
111 -00.89372095 131.28895486 10
112 -00.89392860 131.28882127 -00.89397322 131.28866508
111 -00.89395802 131.28927026 10
112 -00.89375566 131.28914576 -00.89366146 131.28915320 10
111 -00.89286092 131.28919030 10
112 -00.89267500 131.28954566 -00.89269566 131.28983903 10
111 -00.89278605 131.29116757 10
112 -00.89311922 131.29147995 -00.89337181 131.29147290 10
112 -00.89343995 131.29146899 -00.89346943 131.29146661 10
111 -00.89390751 131.29143830 10
112 -00.89409222 131.29132359 -00.89412494 131.29123731
111 -00.89412642 131.29170271 10
112 -00.89396998 131.29159598 -00.89381530 131.29156325 10
111 -00.89340113 131.29160442 10
111 -00.89305722 131.29162164 10
112 -00.89284007 131.29194592 -00.89285197 131.29216905 10
111 -00.89295561 131.29396570 10
113 -00.89177803 131.29403784 10
110 1 0.25 0.0000 Turnbay 09
111 -00.89325985 131.27856255 24
111 -00.89308626 131.27819905 24
111 -00.89306330 131.27772559 24
113 -00.89320246 131.27772272
110 1 0.25 0.0000 Turnbay 27
111 -00.89468477 131.30018873 24
111 -00.89453151 131.30019180 24
111 -00.89451359 131.29971399 24
113 -00.89462521 131.29927327
130 Airport Boundary
111 -00.89582771 131.30175369
111 -00.89401508 131.30166482
111 -00.89393511 131.30032296
111 -00.89381797 131.29954282
111 -00.89281569 131.29913760
111 -00.89101265 131.29962360
111 -00.89006192 131.29955726
111 -00.88961973 131.29898233
111 -00.88999559 131.29789882
111 -00.89030513 131.29688164
111 -00.89048201 131.29566545
111 -00.89028302 131.29449349
111 -00.88968606 131.29352054
111 -00.88851174 131.29119871
111 -00.88771578 131.28973929
111 -00.88851174 131.28889017
111 -00.88869746 131.28827986
111 -00.88890971 131.28727153
111 -00.88910734 131.28642128
111 -00.88956796 131.28643970
111 -00.88973378 131.28614487
111 -00.88973378 131.28570262
111 -00.89083927 131.28485497
111 -00.89135517 131.28470756
111 -00.89087612 131.27884774
111 -00.89192634 131.27866347
111 -00.89206974 131.27705840
111 -00.89201642 131.27555658
111 -00.89287099 131.27375440
111 -00.89366180 131.27313234
111 -00.89456811 131.27499851
111 -00.89478688 131.27638933
111 -00.89630097 131.27794625
111 -00.89437240 131.27960634
111 -00.89420606 131.28042532
111 -00.89488364 131.29051868
111 -00.89567622 131.29043159
111 -00.89603564 131.29636391
111 -00.89557902 131.29706742
111 -00.89548646 131.29755495
113 -00.89583201 131.29777711
120 Displaced1
111 -00.89464461 131.29958210 24
111 -00.89473645 131.29927213 24
111 -00.89489285 131.29957349 24
115 -00.89502858 131.29925514
120 Displaced2
111 -00.89462453 131.29927356 24
111 -00.89476084 131.29957779 24
111 -00.89486989 131.29926209 24
115 -00.89504956 131.29956356
120 Linear Feature 9
111 -00.89462414 131.29927434 24
115 -00.89502934 131.29925580
21 -00.89312931 131.28033965 2 93.0000 3.00 RWY 09 PAPI
21 -00.89513260 131.29766327 2 273.0000 2.90 RWY 27 PAPI
14 -00.89110007 131.28687579 32.81 0 Tower
1300 -00.89175620 131.29230016 4.00 tie_down jets|turboprops Ramp 1
1301 C none
1300 -00.89172645 131.29189357 4.00 tie_down jets|turboprops Ramp 2
1301 C none
1300 -00.89178892 131.29148748 4.00 gate jets Gate 1
1301 D none
1300 -00.89167440 131.29112997 4.00 gate jets Gate 2
1301 D none
1300 -00.89162977 131.29077049 4.00 gate jets Gate 3
1301 D none
1300 -00.89160003 131.29037134 4.00 gate jets Gate 4
1301 D none
18 -00.89110281 131.28695415 1 Airport Beacon
1054 122400 TWR
99
