A
1000 Generated by WorldEditor

1   2200 0 0 WNU Wanuma
100 30.48 4 0 0.25 0 0 0 05 -04.89666740  145.31646093    0    0 0 0 0 0 23 -04.89397860  145.31967707    0    0 0 0 0 0
110 4 0.25 47.6500 xxx
111 -04.89578961  145.31744917
111 -04.89505047  145.31826302
111 -04.89474640  145.31798483
113 -04.89548553  145.31717098
14 -04.89490800  145.31794900   6.56 0 Tower Viewpoint
15 -04.89529500  145.31746800 180.00 Custom Startup Location
19 -04.89482500  145.31825400 0 Windsock
50 12770 WNU AWOS
99
