I
850 Generated by WorldEditor 2.3.0r2

1      3 0 0 WUV Wuvulu Island
1302 city Wuvulu Island
1302 country Papua New Guinea
1302 datum_lat 
1302 datum_lon 
1302 faa_code 
1302 gui_label 2D
1302 iata_code WUV
1302 icao_code 
1302 region_code AY
1302 state Manus
1302 transition_alt 
1302 transition_level 
100 32.00 3 0 1.00 0 0 0 15 -01.73249583  142.83439252    0    0 0 0 0 0 33 -01.73948466  142.83764851    0    0 0 0 0 0
110 3 1.00 155.0300 Apron
111 -01.73435191  142.83541522
112 -01.73362187  142.83546620 -01.73330035  142.83555958
112 -01.73288550  142.83518863 -01.73272474  142.83496036
113 -01.73271793  142.83465070
110 3 1.00 155.0300 West
111 -01.73301343  142.83448905
112 -01.73312447  142.83428639 -01.73319799  142.83423986
112 -01.73347558  142.83435395 -01.73355061  142.83445303
113 -01.73343817  142.83467642
110 3 1.00 155.0300 15 end
111 -01.73243564  142.83452291
111 -01.73235141  142.83448276
112 -01.73245029  142.83429961 -01.73249371  142.83422577
113 -01.73255710  142.83426226
110 3 1.00 155.0300 33 turning
111 -01.73847764  142.83702126
112 -01.73860857  142.83698867 -01.73865826  142.83697137
112 -01.73908392  142.83702326 -01.73923493  142.83710114
112 -01.73931512  142.83733670 -01.73933240  142.83736264
112 -01.73952447  142.83748886 -01.73956768  142.83752777
112 -01.73933949  142.83778928 -01.73926170  142.83780657
112 -01.73866618  142.83763892 -01.73842941  142.83752465
112 -01.73830294  142.83735220 -01.73830883  142.83728849
113 -01.73828721  142.83724886
130 Airport Boundary 5
111 -01.73733144  142.83586308
111 -01.73937539  142.83706367
111 -01.73962314  142.83751293
111 -01.73928248  142.83798542
111 -01.73807469  142.83738125
111 -01.73410917  142.83571139
111 -01.73307149  142.83558229
111 -01.73210909  142.83477006
111 -01.73228114  142.83422678
111 -01.73330806  142.83411382
113 -01.73432423  142.83476468
14 -01.73285269  142.83502999  82.02 0 New Tower Viewpoint 3
1300 -01.73299692  142.83503433 129.67 tie_down turboprops|props Apron
1301 B general_aviation 
19 -01.73328011  142.83444963 0 New Windsock 1
1050 127700 WUV AWOS
99
