A
1000 Generated by WorldEditor
1 4428 0 0 WW10 Menyembou (TEAM)
100 25.91 3 0 1.80 0 0 0 07 -01.13262406 133.86211703 0 0 0 0 0 0 25 -01.13154080 133.86615494 0 0 0 0 0 0
110 3 1.50 74.9800 New Taxiway 7
111 -01.13175051 133.86573512
111 -01.13204962 133.86584011
112 -01.13212008 133.86593217 -01.13213878 133.86597100
112 -01.13216610 133.86608750 -01.13214453 133.86613209
112 -01.13205106 133.86622271 -01.13198922 133.86623421
112 -01.13178646 133.86623709 -01.13171024 133.86622702
112 -01.13167142 133.86620545 -01.13165272 133.86618963
111 -01.13164122 133.86618100
113 -01.13161677 133.86586888
110 3 1.00 74.9800 New Taxiway 6
111 -01.13251392 133.86210219
112 -01.13252510 133.86198281 -01.13253629 133.86194177
112 -01.13258478 133.86181493 -01.13259970 133.86175151
112 -01.13262581 133.86163959 -01.13264819 133.86161347
112 -01.13278993 133.86168062 -01.13286079 133.86172912
111 -01.13281977 133.86183358
113 -01.13273398 133.86218426
14 -01.13189463 133.86583501 6.56 0 New Tower Viewpoint 94
1300 -01.13181424 133.86588287 321.95 gate turboprops|props New Ramp Start 93
19 -01.13141142 133.86590021 0 New Windsock 95
99
