A
1000 Generated by WorldEditor

1    205 0 0 WW13 Meyerga (TEAM)
100 28.96 3 0 1.50 0 0 0 17 -01.62651497  132.95434760    0    0 0 0 0 0 35 -01.63104400  132.95500051    0    0 0 0 0 0
110 3 1.50 171.8000 New Taxiway 8
111 -01.62966000  132.95489724
112 -01.62960130  132.95501190 -01.62959291  132.95506223
111 -01.62959012  132.95507062
111 -01.62716869  132.95470669
112 -01.62700088  132.95461661 -01.62692312  132.95458795
112 -01.62671030  132.95454701 -01.62665710  132.95454292
112 -01.62647702  132.95451835 -01.62639926  132.95451835
112 -01.62626420  132.95445693 -01.62617416  132.95444056
112 -01.62614142  132.95437095 -01.62614551  132.95428497
112 -01.62618234  132.95413758 -01.62619462  132.95412120
111 -01.62636242  132.95410482
111 -01.62949911  132.95457016
113 -01.62950587  132.95465476
14 -01.62898809  132.95521015   6.56 0 New Tower Viewpoint 128
1300 -01.62924330  132.95497636 311.78 gate turboprops|props New Ramp Start 127
19 -01.62915106  132.95531474 0 New Windsock 126
99
