I
1000 Generated by WorldEditor

1   5738 0 0 WW43 Oklip (AMA)
100 17.98 3 0 0.50 0 0 0 12 -04.75708512  140.77340945    0    0 0 0 0 0 30 -04.75900658  140.77674903    0    0 0 0 0 0
110 3 0.00 0.0000 New Taxiway 6
111 -04.75886518  140.77681886
112 -04.75883262  140.77710525 -04.75854460  140.77718553
112 -04.75823001  140.77717164 -04.75805000  140.77721178
112 -04.75752596  140.77732418 -04.75731395  140.77728403
112 -04.75690192  140.77716763 -04.75666591  140.77699101
112 -04.75670991  140.77673009 -04.75679392  140.77658559
112 -04.75689392  140.77656150 -04.75703793  140.77654946
112 -04.75739796  140.77650129 -04.75754996  140.77639692
112 -04.75766597  140.77623235 -04.75779798  140.77622432
112 -04.75832201  140.77645713 -04.75820122  140.77646082
112 -04.75843002  140.77676622 -04.75855803  140.77678629
114 -04.75879867  140.77706328 -04.75899868  140.77702314
111 -04.75681792  140.77680235
112 -04.75710594  140.77705925 -04.75728995  140.77701910
114 -04.75694193  140.77675819 -04.75690192  140.77668594
111 -04.75717394  140.77673009
112 -04.75736195  140.77697896 -04.75741396  140.77696692
114 -04.75750196  140.77679030 -04.75750996  140.77673009
111 -04.75774998  140.77691474
112 -04.75790599  140.77705523 -04.75797399  140.77699903
112 -04.75796599  140.77680235 -04.75795799  140.77672206
114 -04.75761397  140.77674615 -04.75754196  140.77675418
111 -04.75771798  140.77643706
112 -04.75790999  140.77655347 -04.75794999  140.77652136
114 -04.75790199  140.77640094 -04.75788199  140.77634474
111 -04.75820601  140.77699903
112 -04.75835402  140.77706727 -04.75839402  140.77696692
112 -04.75833401  140.77688263 -04.75833001  140.77687460
114 -04.75809800  140.77689065 -04.75804600  140.77690671
111 -04.75734195  140.77711143
112 -04.75764997  140.77723988 -04.75770197  140.77719171
112 -04.75766597  140.77702713 -04.75765397  140.77701509
112 -04.75755797  140.77713150 -04.75750996  140.77714756
114 -04.75740996  140.77705122 -04.75738195  140.77703918
111 -04.75750596  140.77650129
112 -04.75760197  140.77663777 -04.75761397  140.77661770
112 -04.75762997  140.77650932 -04.75763397  140.77643305
114 -04.75756597  140.77638488 -04.75752996  140.77639692
112 -04.75795399  140.77670199 -04.75796999  140.77669397
112 -04.75809000  140.77681840 -04.75812600  140.77686256
113 -04.75803400  140.77662573
111 -04.75811800  140.77650129
112 -04.75819401  140.77669397 -04.75821001  140.77669798
114 -04.75818600  140.77647721 -04.75818600  140.77647319
110 3 0.00 0.0000 Grass Shoulder
111 -04.75687816  140.77329822
111 -04.75709839  140.77317761
111 -04.75931577  140.77675321
113 -04.75884411  140.77700993
110 3 0.00 0.0000 New Taxiway 4
111 -04.75864513  140.77366791
112 -04.75925794  140.77509940 -04.75931195  140.77518811
111 -04.75931507  140.77520408
112 -04.75923581  140.77662540 -04.75889529  140.77697705
111 -04.75919632  140.77658492
112 -04.75921983  140.77525448 -04.75891899  140.77434219
114 -04.75848635  140.77353543 -04.75839896  140.77323473
130 Airport Boundary 18
111 -04.75871789  140.77336304
111 -04.75973128  140.77625017
111 -04.75968876  140.77657017
111 -04.75940530  140.77682618
111 -04.75892340  140.77711773
111 -04.75843442  140.77721018
111 -04.75809426  140.77735240
111 -04.75766906  140.77745196
111 -04.75701708  140.77740218
111 -04.75659188  140.77704662
111 -04.75655645  140.77654884
111 -04.75797378  140.77591595
111 -04.75676196  140.77332037
113 -04.75710921  140.77310704
14 -04.75848180  140.77543286   6.56 0 Viewpoint
1300 -04.75897820  140.77670035 300.18 misc props Runway 30
19 -04.75833355  140.77600555 0 Windsock
99
