A
1000 Generated by WorldEditor

1   5588 0 0 WW65 Piramid (CAMA)
100 27.13 3 0 0.50 0 0 0 04 -03.90388310  138.76224854    0    0 0 0 0 0 22 -03.89949890  138.76599346    0    0 0 0 0 0
110 3 0.00 40.4000 Field
111 -03.90314780  138.76300966
111 -03.90380701  138.76219243
112 -03.90448356  138.76224459 -03.90458765  138.76241267
112 -03.90418287  138.76293431 -03.90391109  138.76309660
114 -03.90353523  138.76295170 -03.90341958  138.76292272
14 -03.90363931  138.76214026   5.00 0 Viewpoint
19 -03.90330971  138.76306182 0 Windsock
99
