A
1000 Generated by WorldEditor
1 277 0 0 WX59 Dagai (UFM)
100 27.13 3 0 0.00 0 0 0 02 -03.30859600 137.94250900 0 0 0 0 0 0 20 -03.30334000 137.94479400 0 0 0 0 0 0
110 3 0.00 23.5000 runway20end
112 -03.30338943 137.94490452 -03.30335809 137.94491922
112 -03.30316796 137.94492066 -03.30310385 137.94490671
112 -03.30314742 137.94482438 -03.30318060 137.94478291
114 -03.30329324 137.94468246 -03.30332801 137.94466759
14 -03.30334320 137.94463480 5.00 0 Dagai Viewpoint
15 -03.30335600 137.94478718 203.50 Dagai Start
19 -03.30358649 137.94485179 0 Dagai Windsock
99
