A
1000 Generated by WorldEditor
1 130 0 0 WXZ6 Potowai
100 17.07 1 0 1.40 0 0 0 09 -04.28356319 134.97132425 0 0 1 0 0 0 27 -04.28383009 134.97728714 0 0 1 0 0 0
110 1 1.00 92.5700 New Taxiway 1
112 -04.28372827 134.97131210 -04.28374681 134.97131210
111 -04.28376536 134.97132901
111 -04.28376705 134.97147272
111 -04.28364397 134.97153865
111 -04.28351246 134.97154542
111 -04.28336578 134.97150991
113 -04.28336241 134.97133239
14 -04.28382280 134.97127536 6.56 0 New Tower Viewpoint 2
1300 -04.28370632 134.97138619 55.75 gate turboprops|props New Ramp Start 1
99
