A
1000 Generated by WorldEditor
1 435 0 0 WZ41 Keneyan (CAMA)
100 29.87 3 0 0.40 0 0 0 05 -04.60099165 138.38266190 0 0 0 0 0 0 23 -04.59773235 138.38593010 0 0 0 0 0 0
100 34.14 3 0 0.00 0 0 0 4 -04.60145515 138.38242703 0 0 0 0 0 0 22 -04.59738703 138.38636882 0 0 0 0 0 0
110 3 0.00 44.0000 SW-End
112 -04.60133704 138.38233501 -04.60138533 138.38228893
112 -04.60166783 138.38230851 -04.60170386 138.38231011
112 -04.60168102 138.38240647 -04.60164756 138.38244165
114 -04.60153339 138.38255730 -04.60148717 138.38260206
14 -04.60145165 138.38270112 5.00 0 Keneyan Viewpoint
15 -04.60138097 138.38249698 44.00 Keneyan Start
19 -04.60107038 138.38249913 0 Keneyan Windsock
99
