I
850 Generated by WorldEditor 2.3.1r1

1     98 0 0 XAY000D Sule
1302 city Sule
1302 country Papua New Guinea
1302 datum_lat -4.97472
1302 datum_lon 151.296997
1302 gui_label 3D
1302 iata_code ULE
1302 state West New Britain
1302 transition_alt 20000
1302 transition_level 21000
100 30.00 4 0 0.00 0 0 0 10 -04.97389163  151.29217375    0    0 0 0 0 0 28 -04.97569152  151.30039958    0    0 0 0 0 0
110 4 0.00 0.0000 New Taxiway 1
111 -04.97559504  151.30040813
112 -04.97543430  151.30043963 -04.97538289  151.30040660
112 -04.97528391  151.29989533 -04.97525120  151.29975371
111 -04.97528391  151.29989533
112 -04.97528391  151.29989533 -04.97527592  151.29986072
112 -04.97535632  151.29978555 -04.97542425  151.29977038
111 -04.97535632  151.29978555
112 -04.97535632  151.29978555 -04.97542454  151.29977594
113 -04.97539497  151.29948823
130 Airport Boundary
111 -04.97382842  151.29075033
111 -04.97478547  151.29497944
111 -04.97594303  151.30036819
111 -04.97540816  151.30048522
113 -04.97341775  151.29161149
14 -04.97543030  151.29926062  16.40 0 New Tower Viewpoint 6
1300 -04.97542935  151.30017231  99.66 misc turboprops|props|helos New Ramp Start
1301 A none 
19 -04.97514167  151.29920745 0 New Windsock 2
19 -04.97354771  151.29193067 0 New Windsock 1
99
