I
850 Generated by WorldEditor 2.3.1r1

1     88 0 0 XAY003K Bali
1302 city Bali
1302 country Papua New Guinea
1302 datum_lat -4.883333
1302 datum_lon 149.133333
1302 gui_label 3D
1302 iata_code BAJ
1302 icao_code 
1302 local_authority 
1302 local_code BALI
1302 region_code AY
1302 state West New Britain
1302 transition_alt 20000
1302 transition_level 21000
1302 flatten 1
100 30.00 3 0 0.50 0 0 0 01 -04.88714848  149.12195849    0    0 0 0 0 0 19 -04.88097800  149.12385779    0    0 0 0 0 0
110 3 0.40 106.0000 New Taxiway 7
112 -04.88479750  149.12261213 -04.88483861  149.12257489
111 -04.88479750  149.12261213
112 -04.88479750  149.12261213 -04.88481737  149.12259413
112 -04.88482488  149.12247893 -04.88481991  149.12241854
111 -04.88482488  149.12247893
112 -04.88482488  149.12247893 -04.88481956  149.12241437
112 -04.88483934  149.12230433 -04.88488138  149.12226522
111 -04.88483934  149.12230433
112 -04.88483934  149.12230433 -04.88492071  149.12222863
112 -04.88507673  149.12220868 -04.88517204  149.12218086
112 -04.88547528  149.12235999 -04.88563469  149.12234955
111 -04.88547528  149.12235999
114 -04.88547528  149.12235999 -04.88565202  149.12237738
130 Airport Boundary 4
111 -04.88745904  149.12217970
111 -04.88606072  149.12256436
111 -04.88286882  149.12353503
111 -04.88144267  149.12412235
111 -04.88106001  149.12411076
111 -04.88071778  149.12425278
111 -04.88054306  149.12393250
111 -04.88073944  149.12362236
111 -04.88620323  149.12181254
113 -04.88743687  149.12162553
14 -04.88457822  149.12256118  16.40 0 New Tower Viewpoint 15
1300 -04.88503787  149.12232850  60.95 misc turboprops|props|helos Ramp Start
1301 A none 
19 -04.88621500  149.12183132 0 New Windsock 11
19 -04.88143560  149.12409380 0 New Windsock 10
99
