I
850 Generated by WorldEditor 2.4.0r2

1   4965 0 0 XAY0023 Kar
1302 city Kar
1302 country Papua New Guinea
1302 datum_lat -6.2452
1302 datum_lon 143.5516
1302 gui_label 3D
1302 iata_code 
1302 icao_code 
1302 local_authority 
1302 local_code KAR
1302 region_code AY
1302 state Southern Highlands
1302 transition_alt 20000
1302 transition_level 21000
1302 flatten 1
100 25.00 4 0 0.00 0 0 0  11 -06.24333659  143.54950606 0 0 0 0 0 0 29 -06.24561999  143.55383720 0 0 0 0 0 0
110 4 0.20 207.0 New Taxiway 1
111 -06.24364267  143.55023891
112 -06.24339586  143.55010607 -06.24331602  143.55001957
112 -06.24321440  143.54967278 -06.24319455  143.54955299
111 -06.24321440  143.54967278
112 -06.24321440  143.54967278 -06.24320461  143.54961372
112 -06.24323728  143.54957902 -06.24325448  143.54956559
111 -06.24323728  143.54957902
112 -06.24323728  143.54957902 -06.24325496  143.54956522
113 -06.24327453  143.54956009
130 Airport Boundary 2
111 -06.24582170  143.55374417
111 -06.24537458  143.55398142
111 -06.24309722  143.54962442
113 -06.24353697  143.54937728
14 -06.24369804  143.55021398 16 0 Kar
1300 -06.24338275  143.54996529 300.3 misc turboprops|props|helos Ramp Start
1301 A none 
19 -06.24456640  143.55241547 0 New Windsock 5
99
