I
850 Generated by WorldEditor 2.4.0r2

1   4067 0 0 XAY002D Kumbwareta
1302 city Kumwareta
1302 country Papua New Guinea
1302 gui_label 3D
100 30.00 3 0 0.50 0 0 0  13 -05.50608961  144.11539516 0 0 0 0 0 0 31 -05.50937137  144.11863879 0 0 0 0 0 0
110 3 0.70 135.5 Taxiway
112 -05.50663365  144.11527849 -05.50672661  144.11534442
112 -05.50713524  144.11578469 -05.50713250  144.11585336
112 -05.50716831  144.11611219 -05.50725717  144.11619230
112 -05.50954596  144.11852921 -05.50954268  144.11859513
112 -05.50942216  144.11870903 -05.50937951  144.11873540
112 -05.50922868  144.11876065 -05.50914993  144.11876395
112 -05.50886641  144.11856682 -05.50877454  144.11849430
112 -05.50661325  144.11642791 -05.50652895  144.11630431
112 -05.50627401  144.11581418 -05.50620566  144.11568508
112 -05.50591836  144.11541337 -05.50589375  144.11529252
114 -05.50622676  144.11516946 -05.50633066  144.11514749
111 -05.50617169  144.11534664
111 -05.50603225  144.11548947
111 -05.50926895  144.11867641
113 -05.50940347  144.11852479
130 Boudary
111 -05.50662455  144.11517631
111 -05.50720396  144.11575049
111 -05.50719632  144.11603497
111 -05.50961366  144.11855530
111 -05.50940508  144.11875465
111 -05.50917920  144.11878872
111 -05.50884477  144.11863294
111 -05.50659674  144.11648624
111 -05.50629807  144.11590622
111 -05.50575667  144.11535634
113 -05.50609788  144.11505178
1300 -05.50702984  144.11585927 321.6 tie_down turboprops|props|helos GA1 (A)
1301 B general_aviation 
19 -05.50637230  144.11531541 0 WS1
19 -05.50948512  144.11852063 0 WS2
99
