I
850 Generated by WorldEditor 2.3.1r1

1   1548 0 0 XAY000B Assengseng
1302 city Assengseng
1302 country Papua New Guinea
1302 datum_lat -6.023611
1302 datum_lon 149.785833
1302 gui_label 3D
1302 iata_code 
1302 icao_code 
1302 local_authority 
1302 local_code LCL
1302 region_code 
1302 state West New Britain
1302 transition_alt 20000
1302 transition_level 21000
100 25.00 5 0 0.00 0 0 0 17 -06.02055125  149.78608400    0    0 0 0 0 0 35 -06.02549148  149.78630590    0    0 0 0 0 0
110 3 0.80 0.0000 New Taxiway 1
111 -06.02074608  149.78617109
112 -06.02069264  149.78625096 -06.02066272  149.78627840
112 -06.02056590  149.78632962 -06.02046380  149.78636856
112 -06.02035191  149.78632294 -06.02026741  149.78627302
112 -06.02023359  149.78611163 -06.02025683  149.78605322
112 -06.02037376  149.78599932 -06.02048783  149.78593772
113 -06.02059227  149.78598649
130 Airport Boundary 2
111 -06.02021718  149.78606527
111 -06.02054570  149.78588557
111 -06.02569424  149.78613134
111 -06.02566194  149.78660111
111 -06.02042743  149.78639825
113 -06.02022769  149.78628461
14 -06.02045222  149.78603640  16.40 0 New Tower Viewpoint 11
1300 -06.02048122  149.78620625 183.69 misc turboprops|props|helos Ramp Start
1301 A none 
19 -06.02484842  149.78651717 0 New Windsock 3
19 -06.02179831  149.78633793 0 New Windsock 2
99
