A
1000 Generated by WorldEditor
1 8 0 0 YBOI Boigu Island
100 18.00 1 0 1.50 0 0 0 09 -09.23225250 142.21481049 57 0 4 0 0 0 27 -09.23344600 142.22126500 58 0 2 0 0 0
110 1 2.00 40.0000 New Taxiway 13
112 -09.23330683 142.21843839 -09.23332876 142.21843543
112 -09.23335426 142.21847590 -09.23335505 142.21849908
112 -09.23331600 142.21852058 -09.23329687 142.21852143
114 -09.23327456 142.21848475 -09.23327375 142.21846916
110 1 2.00 40.0000 New Taxiway 13
112 -09.23329028 142.21816504 -09.23332692 142.21816031
112 -09.23336954 142.21822509 -09.23337087 142.21826220
112 -09.23330560 142.21829662 -09.23327363 142.21829797
114 -09.23323634 142.21823926 -09.23323500 142.21821430
110 1 2.00 10.0000 New Taxiway 5
111 -09.23294250 142.21846695
111 -09.23291336 142.21881457 3
111 -09.23287789 142.21878095
111 -09.23245603 142.21884813
111 -09.23235532 142.21831871
112 -09.23274102 142.21824259 -09.23277712 142.21823504 3
113 -09.23279764 142.21819333
111 -09.23282863 142.21837261 3
111 -09.23278858 142.21834181
111 -09.23261945 142.21837839
111 -09.23268216 142.21870567
111 -09.23285508 142.21867294 3
111 -09.23287989 142.21864100
113 -09.23288169 142.21847272
120 Linear Feature 7
111 -09.23264036 142.21837069 4
111 -09.23261945 142.21828020 3
111 -09.23237052 142.21833411 3
111 -09.23246553 142.21883851 3
111 -09.23272017 142.21880193 4
115 -09.23270496 142.21871530
14 -09.23250760 142.21877113 6.56 0 New Tower Viewpoint 9
1300 -09.23244524 142.21842428 181.30 misc props|helos New Ramp Start 119
19 -09.23330227 142.21823319 0 New Windsock 10
51 12030 BOIGU MULT
99
