I
850 Generated by WorldEditor 2.4.0r2
1 329 0 0 YMAE Murray/Mer Island
1302 city Murray Island
1302 country Australia
1302 datum_lat -9.913740603
1302 datum_lon 144.053711475
1302 faa_code
1302 gui_label 3D
1302 iata_code MYI
1302 icao_code YMAE
1302 region_code YB
1302 state Queensland
1302 transition_alt 10000
1302 transition_level 11000
1302 drive_on_left 1
100 14.02 1 0 0.25 0 0 0 14 -09.91283787 144.05321386 0 0 1 0 0 0 32 -09.91682914 144.05586776 0 0 1 0 0 0
110 1 0.25 146.9 Turnpad 32
111 -09.91634894 144.05560601
111 -09.91680089 144.05591156
111 -09.91675768 144.05597786
112 -09.91658194 144.05587101 -09.91655056 144.05585189
111 -09.91650035 144.05579880
113 -09.91634266 144.05562002
110 1 0.25 146.8 Apron
112 -09.91361242 144.05367043 -09.91362028 144.05367362
112 -09.91373151 144.05364876 -09.91376294 144.05360248
112 -09.91379513 144.05354907 -09.91380890 144.05352377
111 -09.91379145 144.05350762
111 -09.91371264 144.05345249
111 -09.91381502 144.05329518
112 -09.91384360 144.05328649 -09.91385932 144.05329374
111 -09.91412564 144.05346107
111 -09.91413418 144.05356866
111 -09.91413847 144.05362275
111 -09.91414878 144.05375255
111 -09.91390761 144.05359222
112 -09.91386771 144.05360487 -09.91385199 144.05362242
112 -09.91380169 144.05370379 -09.91378923 144.05372443
114 -09.91383207 144.05381093 -09.91386979 144.05384303
110 1 1.00 146.9 Turnpad 14
111 -09.91286902 144.05316542
111 -09.91290563 144.05310884
112 -09.91312586 144.05324420 -09.91324608 144.05331631
111 -09.91338543 144.05350519
113 -09.91337286 144.05351658
130 Airport Boundary 20
111 -09.91240843 144.05329162
111 -09.91274002 144.05279357
111 -09.91369152 144.05342143
111 -09.91382858 144.05325049
111 -09.91414579 144.05344727
111 -09.91419083 144.05375140
111 -09.91722977 144.05579084
111 -09.91690668 144.05628182
111 -09.91634667 144.05590415
111 -09.91571617 144.05603136
111 -09.91507392 144.05571531
111 -09.91482720 144.05533167
113 -09.91475867 144.05492418
120 Linear Feature 111
111 -09.91393048 144.05392747 1
111 -09.91376304 144.05381457 1
116 -09.91374060 144.05371148 -09.91376894 144.05365753
120 Linear Feature 110
111 -09.91346987 144.05362435 1
111 -09.91363904 144.05373306 1
112 -09.91374060 144.05371148 -09.91376894 144.05366471 1
115 -09.91384453 144.05355803
120 Linear Feature 109
111 -09.91380034 144.05351572 4
115 -09.91389431 144.05358485
120 Linear Feature 108
111 -09.91380290 144.05351213 3
111 -09.91372624 144.05345756 3
111 -09.91383028 144.05330252 3
111 -09.91410347 144.05346935 3
111 -09.91412642 144.05373303 3
115 -09.91389648 144.05358092
14 -09.91403948 144.05369420 7 0 Murray/Mer Island
1300 -09.91380768 144.05345653 57.3 gate props|helos 1
1301 A general_aviation
1300 -09.91400494 144.05359062 57.3 gate props|helos 2
1301 A general_aviation
19 -09.91555211 144.05575780 0 New Windsock 44
1051 126700 CTAF
99
