I
850 Generated by WorldEditor 2.4.0r2

1      9 0 0 YWBS Warraber Island
1302 city Sue Islet
1302 country Australia
1302 datum_lat -10.206666667
1302 datum_lon 142.823333333
1302 faa_code 
1302 gui_label 3D
1302 iata_code SYU
1302 icao_code YWBS
1302 region_code YB
1302 state Queensland
1302 transition_alt 10000
1302 transition_level 11000
1302 drive_on_left 1
100 18.00 1 0 0.25 0 0 0  12 -10.20571240  142.82092664 0 0 1 0 0 0 30 -10.20918562  142.82631758 0 0 1 0 0 0
110 1 0.25 123.2 12 turning node
111 -10.20564415  142.82097213
111 -10.20583437  142.82084550 24
111 -10.20599020  142.82110291 24
113 -10.20609107  142.82136532
110 1 0.25 123.2 30 turning node
111 -10.20925301  142.82627264
111 -10.20906097  142.82640117 24
111 -10.20888603  142.82611710 24
113 -10.20877897  142.82583491
110 1 0.25 33.2 A
111 -10.20687925  142.82288765 10
112 -10.20682316  142.82287079 -10.20678011  142.82286095 10
111 -10.20674997  142.82287498 10
111 -10.20658330  142.82297510 10
112 -10.20650658  142.82303649 -10.20648337  142.82305963 10
111 -10.20645756  142.82311423 10
111 -10.20640576  142.82321653
111 -10.20630362  142.82317270 10
111 -10.20639133  142.82300896 10
112 -10.20644321  142.82294786 -10.20646766  142.82292473 10
112 -10.20652662  142.82288537 -10.20651417  142.82289427 10
111 -10.20669568  142.82277487 10
112 -10.20673279  142.82272354 -10.20674121  142.82268723 10
113 -10.20672897  142.82265435
110 2 0.25 60.0 Apron
111 -10.20627617  142.82313147
111 -10.20653946  142.82327174
111 -10.20629768  142.82372291
111 -10.20598892  142.82353739
111 -10.20609728  142.82328250
111 -10.20594157  142.82318868
111 -10.20620565  142.82270860
113 -10.20644167  142.82283001
130 Airport Boundary 10
111 -10.20521754  142.82075799
111 -10.20576903  142.82039962
111 -10.20903916  142.82549674
111 -10.20930745  142.82531494
111 -10.20954364  142.82567682
111 -10.20927316  142.82586974
111 -10.20967420  142.82649577
111 -10.20915317  142.82685866
111 -10.20708577  142.82365802
111 -10.20655566  142.82339956
111 -10.20631305  142.82380353
111 -10.20588768  142.82360155
111 -10.20563224  142.82327467
111 -10.20615641  142.82254986
113 -10.20606197  142.82209190
120 Hold
111 -10.20666926  142.82291357 4
115 -10.20662202  142.82283776
120 Linear Feature 12
112 -10.20937594  142.82567343 -10.20937639  142.82569758 24
112 -10.20941556  142.82570887 -10.20943409  142.82570878 24
112 -10.20944932  142.82566962 -10.20944836  142.82564665 24
112 -10.20941548  142.82563286 -10.20939816  142.82563231 24
116 -10.20937594  142.82567343 -10.20937639  142.82569758
120 Linear Feature 12
112 -10.20922490  142.82549513 -10.20922569  142.82553545 24
112 -10.20929504  142.82555430 -10.20932783  142.82555415 24
112 -10.20935480  142.82548876 -10.20935309  142.82545041 24
112 -10.20929489  142.82542739 -10.20926424  142.82542647 24
116 -10.20922490  142.82549513 -10.20922569  142.82553545
14 -10.20610179  142.82325045 7 0 Warraber Island
1300 -10.20613429  142.82340854 63.6 gate turboprops RPT
1301 A airline 
1300 -10.20622335  142.82286646 147.4 tie_down turboprops|props GA
1301 A general_aviation 
1300 -10.20615032  142.82300583 147.4 tie_down turboprops|props GA
1301 A general_aviation 
1300 -10.20607105  142.82313886 147.4 tie_down turboprops|props GA
1301 A general_aviation 
1300 -10.20634997  142.82346510 -27.6 tie_down turboprops|props GA
1301 A general_aviation 
1300 -10.20627234  142.82361306 -27.6 tie_down turboprops|props GA
1301 A general_aviation 
19 -10.20928501  142.82548615 0 New Windsock 1
1051 126500 CTAF
99
