-115.7 6782.6 -3.2 346 0 12.4 9.2 2.5 2.5 2 0 1 3 3
-127.5 6779.1 -5.2 342 0 15.0 12.1 7.5 2.5 2 0 3 3 3
-102.5 6797.2 -4.8 352 0 10.1 13.9 2.5 2.5 2 1 1 1 1
-120.1 6798.9 -7.3 353 0 15.7 24.5 12.5 2.5 2 1 5 3 3
-107.5 6808.4 -6.4 347 0 7.6 11.4 7.5 2.5 2 1 3 0 0
-102.7 6823.8 -7.8 331 0 9.1 13.5 5.0 2.5 2 1 2 1 1
-116.4 6848.4 -13.0 338 0 10.1 10.2 2.5 2.5 2 1 1 3 3
-139.5 6843.6 -13.7 249 0 17.5 10.2 5.0 2.5 2 0 2 0 0
-133.9 6829.8 -11.4 267 0 16.7 12.5 5.0 2.5 2 0 2 3 3
-154.4 6823.2 -11.6 262 0 20.2 8.9 7.5 2.5 2 0 3 2 2
-168.6 6833.7 -13.9 249 0 6.7 8.4 7.5 2.5 2 1 3 3 3
-177.4 6826.8 -13.7 234 0 5.7 8.1 7.5 2.5 2 1 3 2 2
-186.2 6822.7 -14.5 238 0 7.0 10.8 2.5 2.5 2 1 1 3 3
-188.7 6810.5 -14.5 278 0 9.6 5.7 7.5 2.5 4 0 3 5 5
-191.0 6801.1 -14.5 264 0 14.0 10.0 7.5 2.5 2 0 3 5 5
-197.8 6784.5 -14.1 177 0 8.2 15.4 5.0 2.5 2 1 2 4 4
-167.3 6805.5 -12.1 276 0 19.2 21.3 12.5 2.5 4 1 5 5 5
-176.1 6764.3 -9.8 161 0 9.4 33.3 7.5 2.5 2 1 3 5 5
-194.4 6758.7 -12.4 160 0 12.6 14.6 10.0 2.5 2 1 4 3 3
-194.0 6740.4 -12.5 155 0 12.3 9.9 7.5 2.5 2 0 3 1 1
-182.8 6744.1 -10.6 154 0 13.2 10.4 7.5 2.5 2 0 3 1 1
-175.2 6733.3 -10.6 155 0 7.8 10.3 7.5 0.0 0 1 3 2 2
-174.2 6720.2 -11.6 142 0 7.4 13.4 5.0 2.5 2 1 2 1 1
-166.9 6747.1 -8.1 152 0 15.0 10.0 2.5 2.5 2 0 1 0 0
-159.0 6756.6 -6.8 158 0 9.3 20.7 5.0 2.5 2 1 2 4 4
-154.8 6747.4 -6.4 158 0 8.1 20.8 7.5 2.5 2 1 3 5 5
-93.9 6789.0 -1.9 340 0 7.4 10.2 7.5 2.5 2 1 3 4 4
-94.5 6772.8 -0.0 338 0 13.8 13.1 7.5 2.5 2 0 3 0 0
-113.3 6762.3 -2.5 343 0 9.7 17.5 5.0 0.0 0 1 2 5 5
-108.6 6751.5 -3.0 342 0 11.1 19.5 7.5 2.5 4 1 3 2 2
-144.8 6732.3 -6.6 155 0 11.4 16.4 7.5 2.5 2 1 3 0 0
-140.3 6721.3 -6.9 151 0 5.4 19.8 5.0 2.5 2 1 2 0 0
-132.1 6711.9 -6.8 150 0 13.3 17.5 2.5 2.5 2 1 1 4 4
-147.2 6697.3 -10.2 148 0 13.9 15.3 5.0 2.5 2 1 2 3 3
-134.7 6688.4 -9.4 155 0 8.9 10.7 7.5 2.5 2 1 3 4 4
-111.9 6676.3 -8.1 66 0 10.2 10.9 2.5 2.5 2 1 1 4 4
-92.2 6682.3 -5.1 70 0 14.5 8.6 5.0 2.5 2 0 2 1 1
-95.5 6693.9 -4.5 66 0 14.7 10.8 7.5 2.5 2 0 3 0 0
-95.0 6715.0 -2.4 78 0 15.5 10.3 7.5 0.0 0 0 3 4 4
-86.1 6757.8 1.4 346 0 11.7 15.6 7.5 2.5 2 1 3 0 0
-93.0 6739.9 -1.8 344 0 11.7 18.6 5.0 2.5 2 1 2 1 1
-65.8 6743.1 3.1 358 0 12.3 21.0 12.5 2.5 2 1 5 0 0
-70.3 6728.4 3.1 359 0 9.7 12.6 7.5 2.5 4 1 3 4 4
-56.6 6773.0 7.3 353 0 12.6 11.8 10.0 2.5 2 0 4 0 0
-68.4 6803.1 -2.9 342 0 28.3 17.4 12.5 2.5 2 0 5 5 5
-85.3 6822.8 -4.0 179 0 6.9 12.0 5.0 2.5 2 1 2 1 1
