896.1 -6745.4 1.1 30 0 10.9 20.3 2.5 2.5 2 1 1 3 3
907.4 -6733.2 1.5 30 0 10.6 20.3 7.5 2.5 2 1 3 1 1
892.0 -6700.5 -3.5 299 0 11.7 12.1 2.5 2.5 2 1 1 0 0
877.6 -6688.7 -8.4 298 0 11.4 16.0 7.5 2.5 2 1 3 3 3
861.7 -6689.3 -11.3 297 0 10.8 9.5 7.5 2.5 2 0 3 4 4
856.3 -6674.2 -15.1 303 0 10.4 20.0 5.0 2.5 2 1 2 0 0
868.4 -6711.9 -7.6 311 0 23.8 10.5 10.0 2.5 2 0 4 0 0
863.2 -6730.5 -8.0 44 0 7.0 22.3 5.0 2.5 2 1 2 5 5
854.1 -6733.0 -7.4 43 0 4.3 15.1 5.0 2.5 2 1 2 4 4
845.7 -6737.4 -7.5 43 0 6.8 12.4 7.5 2.5 2 1 3 0 0
827.4 -6691.3 -16.5 209 0 8.3 19.3 7.5 2.5 2 1 3 0 0
820.4 -6700.3 -16.3 211 0 8.7 23.7 7.5 2.5 2 1 3 1 1
811.3 -6707.5 -16.8 211 0 7.8 26.2 2.5 2.5 2 1 1 1 1
803.7 -6717.1 -16.2 210 0 9.3 22.4 7.5 2.5 4 1 3 3 3
837.0 -6744.5 -8.0 38 0 7.8 12.3 7.5 2.5 2 1 3 3 3
717.6 -6782.4 -16.5 233 0 11.2 18.8 5.0 2.5 2 1 2 3 3
727.6 -6776.7 -16.2 232 0 8.5 20.0 7.5 2.5 4 1 3 1 1
735.6 -6765.5 -18.1 234 0 12.4 24.1 10.0 2.5 2 1 4 3 3
749.2 -6758.0 -17.6 231 0 9.9 23.4 7.5 2.5 4 1 3 0 0
760.4 -6749.0 -17.6 230 0 10.8 24.1 12.5 2.5 2 1 5 1 1
776.0 -6746.4 -14.8 235 0 9.7 17.5 7.5 2.5 2 1 3 3 3
802.2 -6738.1 -10.8 229 0 8.7 10.3 7.5 0.0 0 1 3 0 0
811.0 -6766.8 -5.7 60 0 14.8 11.1 5.0 2.5 2 0 2 3 3
805.8 -6797.3 -6.5 59 0 13.7 35.4 10.0 2.5 2 1 4 2 2
777.5 -6864.2 10.7 62 0 18.7 12.9 7.5 2.5 2 0 3 3 3
769.0 -6805.7 -5.5 60 0 12.4 19.3 5.0 2.5 2 1 2 2 2
759.7 -6818.3 -4.5 59 0 9.5 22.2 7.5 2.5 2 1 3 3 3
748.1 -6826.3 -5.5 54 0 12.1 24.8 12.5 2.5 2 1 5 5 5
730.8 -6835.2 -3.9 61 0 10.4 18.6 5.0 0.0 0 1 2 5 5
717.5 -6847.0 -3.8 67 0 13.8 22.2 12.5 2.5 4 1 5 4 4
697.3 -6793.2 -17.3 234 0 8.8 21.9 7.5 2.5 2 1 3 5 5
691.2 -6809.5 -15.3 269 0 19.1 15.1 10.0 2.5 2 0 4 5 5
4041.9 5301.2 -13.4 168 0 12.4 28.8 2.5 2.5 2 1 1 3 3
4057.8 5285.5 -13.2 166 0 10.7 10.1 2.5 2.5 2 0 1 1 1
4085.1 5310.3 -13.2 350 0 12.1 12.7 2.5 2.5 2 1 1 1 1
4102.4 5230.4 -12.9 353 0 14.0 10.6 2.5 2.5 2 0 1 2 2
4100.5 5246.7 -12.7 352 0 14.0 9.1 2.5 2.5 2 0 1 1 1
4097.9 5262.4 -12.8 351 0 13.7 10.1 2.5 2.5 2 0 1 0 0
4094.6 5284.2 -13.0 352 0 20.0 11.3 2.5 2.5 4 0 1 4 4
4040.2 5281.6 -13.2 167 0 11.3 15.4 2.5 2.5 2 1 1 5 5
4026.1 5280.9 -13.3 168 0 16.7 11.6 2.5 2.5 2 0 1 4 4
4022.8 5297.8 -13.4 168 0 13.7 11.7 2.5 2.5 2 0 1 0 0
4018.5 5315.5 -13.6 167 0 17.4 10.2 2.5 2.5 4 0 1 5 5
4018.5 5341.2 -13.7 259 0 12.0 13.7 2.5 2.5 2 1 1 2 2
4013.4 5363.1 -13.8 258 0 12.7 19.7 2.5 2.5 2 1 1 0 0
4045.4 5347.3 -13.6 257 0 29.2 12.5 2.5 2.5 2 0 1 0 0
4084.0 5349.6 -13.5 345 0 11.5 20.8 2.5 2.5 2 1 1 4 4
