-6433.3 -6213.4 -6.3 1 0 14.8 24.9 2.5 2.5 2 1 1 4 4
-6439.8 -6196.8 -6.3 270 0 7.0 6.1 2.5 2.5 2 0 1 0 0
-6468.7 -6253.3 -6.3 104 0 13.5 9.4 2.5 2.5 2 0 1 4 4
-6481.6 -6245.2 -6.4 185 0 6.9 4.7 2.5 2.5 2 0 1 2 2
-6480.6 -6286.4 -6.4 7 0 5.4 6.0 2.5 0.0 0 1 1 3 3
-6472.5 -6283.7 -6.4 193 0 5.3 9.8 2.5 2.5 2 1 1 0 0
-6479.9 -6263.2 -6.4 282 0 7.6 6.1 2.5 2.5 2 0 1 0 0
-6478.3 -6273.7 -6.4 13 0 7.6 7.6 2.5 2.5 2 0 1 2 2
-6474.4 -6294.8 -6.4 189 0 5.1 7.6 2.5 2.5 2 1 1 2 2
-6470.3 -6269.7 -6.4 189 0 7.5 4.8 2.5 2.5 2 0 1 1 1
-6460.2 -6268.9 -6.4 280 0 6.9 8.9 2.5 2.5 2 1 1 0 0
-6447.8 -6279.1 -6.4 6 0 6.2 7.5 2.5 0.0 0 0 1 1 1
-6447.6 -6290.5 -6.4 8 0 8.7 10.0 2.5 2.5 2 1 1 4 4
-6449.8 -6303.7 -6.4 8 0 11.2 7.3 2.5 2.5 2 0 1 0 0
-6423.6 -6206.5 -6.3 185 0 4.8 7.1 2.5 2.5 2 1 1 0 0
-6423.7 -6219.5 -6.3 183 0 5.4 8.7 2.5 2.5 2 0 1 5 5
-6423.9 -6224.7 -6.3 183 0 5.1 8.7 2.5 2.5 2 0 1 3 3
-6424.3 -6230.2 -6.3 184 0 6.1 8.7 2.5 2.5 2 0 1 0 0
-6415.9 -6236.6 -6.3 4 0 5.6 8.8 2.5 2.5 2 0 1 4 4
-6425.2 -6241.5 -6.3 184 0 5.7 7.2 2.5 2.5 2 0 1 1 1
-6417.2 -6247.4 -6.3 2 0 4.9 8.3 2.5 2.5 2 0 1 1 1
-6417.5 -6252.9 -6.3 4 0 5.8 8.4 2.5 2.5 2 0 1 5 5
-6414.8 -6259.3 -6.3 7 0 6.1 13.4 2.5 2.5 2 0 1 3 3
-6423.2 -6267.7 -6.3 99 0 8.9 6.3 2.5 2.5 2 0 1 4 4
-6439.3 -6279.6 -6.3 182 0 12.2 7.6 5.0 2.5 2 0 2 1 1
-6425.4 -6273.9 -6.3 271 0 7.3 9.1 5.0 2.5 2 1 2 2 2
-6440.4 -6291.3 -6.4 183 0 8.5 9.1 5.0 2.5 4 0 2 4 4
-6421.8 -6293.3 -6.3 5 0 9.8 7.8 5.0 2.5 2 0 2 4 4
-6422.0 -6308.1 -6.4 6 0 9.0 7.3 5.0 2.5 2 0 2 3 3
-6440.1 -6306.3 -6.4 181 0 9.3 7.3 5.0 2.5 2 0 2 1 1
-6439.9 -6298.7 -6.4 182 0 5.9 7.3 5.0 2.5 2 0 2 4 4
-6445.9 -6367.1 -6.4 193 0 8.1 15.9 2.5 2.5 2 1 1 5 5
-6423.7 -6338.9 -6.4 94 0 8.4 4.7 5.0 2.5 2 0 2 5 5
