-5710.7 -1592.8 -2.7 36 0 8.1 16.5 2.5 2.5 2 1 1 1 1
-5691.1 -1585.0 -2.7 219 0 8.2 5.9 2.5 2.5 2 0 1 1 1
-5691.8 -1564.9 -2.7 29 0 10.1 12.8 2.5 2.5 2 1 1 0 0
-5680.9 -1569.8 -2.7 221 0 8.9 7.3 2.5 0.0 0 0 1 2 2
-5695.2 -1547.1 -2.7 215 0 10.0 10.5 2.5 2.5 2 1 1 3 3
-5687.8 -1537.8 -2.7 216 0 8.9 7.1 2.5 2.5 2 0 1 5 5
-5682.2 -1591.6 -2.7 221 0 6.8 6.2 2.5 2.5 2 0 1 1 1
-5662.6 -1603.2 -2.7 222 0 10.7 5.8 2.5 2.5 2 0 1 5 5
-5637.3 -1615.0 -2.7 48 0 7.0 5.2 2.5 2.5 2 0 1 3 3
-5619.9 -1595.7 -2.7 44 0 9.2 10.3 2.5 2.5 2 1 1 3 3
-5624.3 -1608.3 -2.7 55 0 5.0 5.0 2.5 0.0 0 0 1 4 4
-5610.9 -1586.1 -2.7 43 0 8.3 8.7 2.5 2.5 2 1 1 0 0
-5603.6 -1576.6 -2.6 41 0 7.2 7.8 2.5 2.5 2 1 1 0 0
-5627.7 -1551.8 -2.7 220 0 8.5 18.7 2.5 2.5 2 1 1 0 0
-5606.5 -1557.8 -2.6 41 0 5.1 18.2 2.5 2.5 2 1 1 2 2
-5594.4 -1543.0 -2.6 36 0 9.0 18.1 2.5 2.5 2 1 1 1 1
-5593.3 -1562.2 -2.6 39 0 8.5 5.4 2.5 2.5 2 0 1 1 1
-5582.9 -1525.0 -2.6 40 0 6.9 13.8 2.5 2.5 2 1 1 4 4
-5606.0 -1493.8 -2.6 213 0 6.8 4.7 2.5 2.5 2 0 1 5 5
-5617.6 -1485.3 -2.6 210 0 8.9 6.7 2.5 2.5 2 0 1 4 4
-5617.2 -1504.4 -2.6 216 0 4.4 3.9 2.5 2.5 2 0 1 4 4
-5664.5 -1552.0 -2.7 220 0 7.8 8.1 2.5 2.5 2 1 1 3 3
-5655.8 -1539.9 -2.7 215 0 8.0 6.8 2.5 2.5 2 0 1 0 0
-5649.0 -1545.0 -2.7 223 0 5.0 5.5 2.5 2.5 2 1 1 2 2
-5630.4 -1499.3 -2.7 210 0 9.6 10.2 2.5 2.5 2 1 1 1 1
-5549.9 -1527.8 -2.6 23 0 7.7 11.3 2.5 2.5 2 1 1 2 2
-5543.2 -1502.2 -2.6 31 0 13.6 9.5 2.5 2.5 2 0 1 0 0
-5566.1 -1477.3 -2.6 215 0 9.5 12.8 2.5 2.5 2 1 1 0 0
-5555.6 -1464.0 -2.6 211 0 9.3 7.7 2.5 2.5 2 0 1 1 1
-5520.4 -1474.6 -2.6 22 0 7.8 5.8 2.5 2.5 2 0 1 3 3
-5515.3 -1477.8 -2.5 23 0 5.1 4.9 2.5 2.5 2 0 1 5 5
-5525.0 -1439.9 -2.5 26 0 9.4 11.6 2.5 2.5 2 1 1 4 4
-5533.3 -1400.9 -2.5 210 0 13.7 9.0 2.5 2.5 2 0 1 3 3
-5547.5 -1389.2 -2.6 214 0 9.0 7.3 2.5 2.5 2 0 1 0 0
-5540.2 -1393.6 -2.6 215 0 3.8 4.1 2.5 2.5 2 1 1 0 0
-5556.6 -1404.2 -2.6 215 0 9.3 6.8 2.5 2.5 2 0 1 3 3
-5600.4 -1461.9 -2.6 217 0 11.3 7.8 2.5 2.5 2 0 1 4 4
-5592.3 -1468.6 -2.6 218 0 6.1 4.0 2.5 2.5 2 0 1 4 4
-5591.6 -1448.6 -2.6 215 0 10.0 7.2 2.5 2.5 2 0 1 0 0
-5572.4 -1426.9 -2.6 210 0 8.1 8.0 2.5 2.5 2 0 1 5 5
-5561.0 -1431.5 -2.6 209 0 5.2 5.3 2.5 2.5 2 1 1 4 4
-5513.3 -1365.1 -2.5 200 0 6.1 6.5 2.5 2.5 4 1 1 4 4
-5522.7 -1348.1 -2.5 210 0 9.1 7.6 2.5 2.5 2 0 1 1 1
-5513.4 -1353.7 -2.5 213 0 5.6 6.4 2.5 2.5 2 1 1 5 5
-5511.2 -1331.6 -2.5 209 0 7.1 11.3 2.5 2.5 2 1 1 1 1
-5504.1 -1319.4 -2.5 212 0 6.9 6.6 2.5 2.5 4 0 1 2 2
-5496.3 -1323.9 -2.5 215 0 7.0 4.9 2.5 2.5 2 0 1 3 3
-5492.1 -1301.2 -2.5 217 0 8.7 8.3 2.5 2.5 2 0 1 0 0
-5503.8 -1294.6 -2.5 33 0 10.8 14.0 2.5 2.5 2 1 1 4 4
-5489.0 -1262.1 -2.5 23 0 8.3 7.1 2.5 2.5 2 0 1 2 2
-5483.6 -1239.8 -2.5 207 0 5.3 6.9 2.5 2.5 4 1 1 1 1
-5467.5 -1223.4 -2.5 24 0 5.0 5.3 2.5 2.5 2 1 1 4 4
-5468.6 -1188.8 -2.4 188 0 8.6 6.7 2.5 2.5 4 0 1 3 3
-5466.1 -1171.5 -2.4 189 0 7.2 5.9 2.5 2.5 2 0 1 1 1
-5461.0 -1141.6 -2.4 190 0 10.7 9.0 2.5 2.5 2 0 1 5 5
-5457.1 -1128.2 -2.4 188 0 7.4 4.2 2.5 0.0 0 0 1 5 5
-5447.9 -1129.5 -2.4 9 0 4.3 4.2 2.5 0.0 0 0 1 0 0
-5460.0 -1115.1 -2.4 184 0 8.4 9.0 2.5 0.0 0 0 1 4 4
-5446.5 -1117.2 -2.4 4 0 4.9 4.7 2.5 0.0 0 0 1 2 2
-5456.7 -1105.0 -2.4 187 0 7.3 7.6 2.5 2.5 2 1 1 0 0
-5453.4 -1091.9 -2.4 185 0 4.5 5.6 2.5 2.5 2 0 1 4 4
-5454.6 -1087.0 -2.4 188 0 4.7 5.1 2.5 2.5 2 0 1 4 4
-5451.7 -1082.7 -2.4 190 0 4.7 5.8 2.5 2.5 2 0 1 4 4
-5450.8 -1075.5 -2.4 187 0 6.9 4.1 2.5 2.5 2 0 1 4 4
-5452.8 -1057.2 -2.4 185 0 4.4 8.5 2.5 2.5 2 1 1 4 4
-5449.8 -1041.7 -2.4 189 0 3.4 12.9 2.5 2.5 2 1 1 0 0
-5433.4 -980.7 -2.4 2 0 5.6 7.7 2.5 2.5 2 1 1 3 3
-5479.9 -958.5 -2.4 284 0 6.7 6.0 2.5 2.5 2 0 1 3 3
-5483.3 -975.8 -2.4 108 0 8.9 8.8 2.5 2.5 2 0 1 0 0
-5499.2 -970.3 -2.4 113 0 7.2 10.7 2.5 2.5 2 1 1 5 5
-5537.1 -940.2 -2.5 285 0 6.7 8.3 2.5 2.5 2 1 1 3 3
-5527.0 -961.9 -2.5 109 0 10.3 9.4 2.5 0.0 0 0 1 2 2
-5515.6 -965.3 -2.5 109 0 5.1 6.2 2.5 2.5 4 1 1 2 2
-5498.1 -999.4 -2.4 11 0 6.8 8.0 2.5 2.5 2 1 1 5 5
-5516.5 -1001.0 -2.5 207 0 5.6 5.5 2.5 2.5 2 0 1 0 0
-5530.8 -1015.8 -2.5 202 0 12.7 10.0 2.5 2.5 4 0 1 2 2
-5520.1 -1020.6 -2.5 202 0 6.5 6.8 2.5 2.5 2 1 1 0 0
-5538.8 -1034.1 -2.5 202 0 10.0 7.1 2.5 2.5 2 0 1 2 2
-5531.3 -1037.4 -2.5 205 0 5.2 3.5 2.5 2.5 2 0 1 1 1
-5520.5 -1041.5 -2.5 22 0 7.1 4.5 2.5 2.5 2 0 1 5 5
-5511.2 -1044.5 -2.5 21 0 10.9 7.5 2.5 2.5 2 0 1 5 5
-5455.6 -1006.9 -2.4 8 0 8.5 9.0 2.5 2.5 2 1 1 5 5
-5485.1 -1024.8 -2.4 196 0 8.5 7.9 2.5 0.0 0 0 1 0 0
-5466.9 -1026.8 -2.4 17 0 7.1 5.5 2.5 2.5 2 0 1 4 4
-5481.5 -1013.5 -2.4 198 0 5.1 6.2 2.5 0.0 0 1 1 5 5
-5472.2 -1035.6 -2.4 9 0 4.8 5.2 2.5 2.5 2 0 1 2 2
-5464.3 -1039.2 -2.4 9 0 9.6 8.4 2.5 2.5 2 0 1 1 1
-5490.7 -1043.4 -2.4 195 0 9.0 7.6 2.5 0.0 0 0 1 0 0
-5466.3 -1055.1 -2.4 9 0 9.6 10.5 2.5 2.5 2 1 1 2 2
-5468.5 -1070.4 -2.4 7 0 9.1 6.0 2.5 2.5 2 0 1 4 4
-5494.8 -1060.2 -2.4 195 0 5.3 6.0 2.5 2.5 2 1 1 2 2
-5470.9 -1086.0 -2.4 6 0 8.9 6.2 2.5 2.5 4 0 1 5 5
-5472.5 -1100.2 -2.4 6 0 8.3 7.8 2.5 2.5 2 0 1 1 1
-5476.1 -1070.6 -2.4 10 0 6.1 5.0 2.5 0.0 0 0 1 5 5
-5483.6 -1097.6 -2.4 5 0 7.9 5.6 2.5 2.5 2 0 1 3 3
-5477.9 -1112.6 -2.4 10 0 5.7 3.8 2.5 2.5 2 0 1 5 5
-5509.2 -1098.0 -2.5 194 0 10.1 8.7 2.5 2.5 2 0 1 3 3
-5512.8 -1112.4 -2.5 198 0 9.3 6.8 2.5 2.5 2 0 1 5 5
-5477.0 -1122.5 -2.4 13 0 10.4 7.8 2.5 2.5 4 0 1 1 1
-5482.1 -1140.6 -2.5 16 0 6.3 5.7 2.5 2.5 2 0 1 1 1
-5511.1 -1137.2 -2.5 192 0 6.9 4.9 2.5 2.5 2 0 1 0 0
-5512.6 -1145.7 -2.5 190 0 6.3 3.7 2.5 2.5 2 0 1 5 5
-5526.5 -1166.4 -2.5 110 0 10.3 8.7 2.5 2.5 2 0 1 3 3
-5517.0 -1168.4 -2.5 109 0 4.0 6.6 2.5 2.5 2 1 1 0 0
-5522.1 -1066.6 -2.5 110 0 8.0 10.0 2.5 2.5 2 1 1 2 2
-5529.9 -1063.3 -2.5 109 0 6.8 8.2 2.5 0.0 0 1 1 1 1
-5520.7 -1074.4 -2.5 21 0 5.2 6.2 2.5 2.5 2 1 1 0 0
-5552.8 -1066.8 -2.5 206 0 9.4 9.0 2.5 2.5 2 0 1 1 1
-5537.3 -1067.5 -2.5 297 0 6.5 4.8 2.5 2.5 2 0 1 0 0
-5515.5 -995.1 -2.5 202 0 3.1 4.7 2.5 0.0 0 1 1 2 2
-5533.1 -1078.1 -2.5 295 0 5.0 7.1 2.5 2.5 2 0 1 2 2
-5532.5 -1106.1 -2.5 17 0 9.5 6.6 2.5 2.5 2 0 1 4 4
-5534.8 -1087.8 -2.5 23 0 5.0 5.0 2.5 2.5 2 0 1 3 3
-5549.1 -1099.0 -2.5 202 0 8.7 5.4 2.5 2.5 4 0 1 4 4
-5538.9 -1115.8 -2.5 22 0 4.8 5.1 2.5 2.5 2 1 1 3 3
-5540.6 -1128.2 -2.5 17 0 8.1 9.3 2.5 0.0 0 1 1 2 2
-5561.6 -1114.1 -2.5 205 0 6.1 6.2 2.5 2.5 2 1 1 0 0
-5570.0 -1106.2 -2.5 202 0 10.9 9.6 2.5 2.5 2 0 1 5 5
-5577.9 -1128.0 -2.5 207 0 9.9 9.3 2.5 2.5 2 0 1 1 1
-5562.8 -1148.8 -2.5 118 0 4.6 4.7 2.5 0.0 0 1 1 2 2
-5614.7 -1119.2 -2.6 115 0 7.7 17.4 2.5 2.5 2 0 1 2 2
-5592.2 -1115.0 -2.5 25 0 5.0 6.4 2.5 2.5 2 1 1 0 0
-5602.4 -1101.9 -2.5 25 0 7.0 6.6 2.5 2.5 2 0 1 5 5
-5576.0 -1063.3 -2.5 23 0 6.4 9.2 2.5 2.5 2 1 1 2 2
-5559.8 -1051.0 -2.5 22 0 8.9 6.8 2.5 2.5 2 0 1 2 2
-5569.9 -1037.2 -2.5 290 0 12.7 12.0 2.5 2.5 2 0 1 0 0
-5578.9 -1026.0 -2.5 291 0 5.2 5.2 2.5 2.5 2 0 1 2 2
-5556.8 -1022.7 -2.5 113 0 8.7 11.0 2.5 2.5 2 1 1 3 3
-5546.8 -977.6 -2.5 292 0 7.0 5.3 2.5 2.5 2 0 1 3 3
-5590.3 -964.0 -2.5 130 0 8.3 7.6 2.5 2.5 2 0 1 5 5
-5599.9 -955.7 -2.5 132 0 5.2 5.8 2.5 2.5 2 1 1 3 3
-5618.2 -926.8 -2.5 141 0 6.2 8.2 2.5 2.5 2 1 1 3 3
-5642.8 -924.5 -2.6 326 0 11.2 11.6 2.5 2.5 2 1 1 2 2
-5640.0 -942.2 -2.6 330 0 6.4 7.7 2.5 2.5 4 1 1 1 1
-5624.2 -957.2 -2.5 334 0 8.0 8.2 2.5 2.5 2 1 1 3 3
-5610.8 -976.6 -2.5 333 0 6.3 7.8 2.5 2.5 2 1 1 5 5
-5639.5 -999.3 -2.6 220 0 7.5 7.4 2.5 2.5 2 0 1 3 3
-5632.0 -1007.2 -2.6 215 0 11.8 15.8 2.5 2.5 2 1 1 2 2
-5596.1 -1019.1 -2.5 292 0 9.6 7.9 2.5 2.5 2 0 1 4 4
-5636.6 -1029.9 -2.6 216 0 6.3 10.1 2.5 2.5 2 1 1 2 2
-5655.2 -1055.1 -2.6 204 0 8.0 6.1 2.5 2.5 2 0 1 0 0
-5620.4 -1077.1 -2.6 108 0 8.6 11.7 2.5 2.5 2 1 1 5 5
-5582.5 -1090.3 -2.5 31 0 8.1 10.9 2.5 2.5 2 1 1 3 3
-5607.1 -1085.0 -2.6 20 0 5.3 6.4 2.5 2.5 2 1 1 0 0
-5617.7 -1100.0 -2.6 118 0 7.9 13.0 2.5 0.0 0 1 1 3 3
-5633.2 -1106.3 -2.6 118 0 9.2 6.6 2.5 2.5 2 0 1 4 4
-5655.3 -1097.1 -2.6 114 0 7.2 7.9 2.5 2.5 2 0 1 1 1
-5650.9 -1090.4 -2.6 115 0 4.8 6.7 2.5 0.0 0 0 1 4 4
-5662.3 -1087.8 -2.6 25 0 7.8 8.9 2.5 2.5 2 1 1 2 2
-5658.0 -1049.2 -2.6 213 0 4.8 4.5 2.5 2.5 2 0 1 2 2
-5670.1 -1126.1 -2.6 34 0 8.0 6.0 2.5 2.5 2 0 1 0 0
-5694.5 -1126.3 -2.6 127 0 7.2 7.0 2.5 2.5 2 0 1 0 0
-5681.0 -1113.6 -2.6 26 0 5.2 3.9 2.5 2.5 2 0 1 2 2
-5709.5 -1119.3 -2.6 125 0 7.9 10.0 2.5 2.5 2 1 1 5 5
-5726.4 -1106.4 -2.7 125 0 8.3 8.2 2.5 0.0 0 0 1 2 2
-5720.6 -1100.6 -2.7 125 0 5.5 6.7 2.5 2.5 2 0 1 2 2
-5740.2 -1098.3 -2.7 124 0 7.6 9.7 2.5 2.5 2 1 1 3 3
-5758.5 -1089.4 -2.7 124 0 7.7 16.3 2.5 2.5 2 1 1 4 4
-5773.0 -1076.4 -2.7 120 0 9.8 12.4 2.5 2.5 2 0 1 5 5
-5767.6 -1065.2 -2.7 120 0 8.1 4.5 2.5 2.5 2 0 1 3 3
-5799.3 -1060.1 -2.7 124 0 7.0 13.3 2.5 2.5 2 1 1 1 1
-5633.3 -1231.6 -2.6 205 0 26.5 12.4 5.0 2.5 2 0 2 5 5
-5625.4 -1215.0 -2.6 206 0 10.2 12.7 5.0 2.5 2 0 2 3 3
-5618.7 -1263.2 -2.6 113 0 25.9 12.9 5.0 2.5 2 0 2 2 2
-5615.7 -1223.7 -2.6 207 0 10.7 28.6 5.0 2.5 2 1 2 3 3
-5586.6 -1251.2 -2.6 30 0 12.3 6.1 5.0 2.5 2 0 2 0 0
-5600.4 -1210.1 -2.6 295 0 6.7 6.7 5.0 2.5 2 0 2 5 5
-5659.6 -1226.8 -2.6 122 0 5.9 6.8 2.5 2.5 2 1 1 2 2
-5647.4 -1230.3 -2.6 33 0 7.1 6.9 2.5 2.5 2 0 1 4 4
-5646.2 -1196.4 -2.6 298 0 6.3 6.0 2.5 2.5 2 0 1 3 3
-5638.2 -1200.2 -2.6 296 0 9.5 8.0 2.5 2.5 2 0 1 2 2
-5675.1 -1179.5 -2.6 291 0 8.5 8.6 2.5 2.5 2 1 1 5 5
-5690.2 -1162.1 -2.6 37 0 10.1 7.9 5.0 2.5 4 0 2 0 0
-5702.5 -1147.3 -2.6 304 0 8.0 10.4 5.0 2.5 2 1 2 0 0
-5713.2 -1139.7 -2.7 303 0 6.8 9.4 5.0 2.5 2 1 2 5 5
-5730.9 -1120.6 -2.7 300 0 7.3 14.5 5.0 2.5 2 1 2 5 5
-5756.9 -1153.6 -2.7 129 0 9.3 12.3 5.0 2.5 2 1 2 3 3
-5753.8 -1110.4 -2.7 306 0 9.0 7.3 5.0 2.5 2 0 2 2 2
-5760.2 -1119.0 -2.7 307 0 6.7 4.3 5.0 0.0 0 0 2 4 4
-5740.2 -1164.6 -2.7 130 0 8.9 10.9 5.0 2.5 2 1 2 5 5
-5726.9 -1175.4 -2.7 127 0 8.4 11.6 5.0 2.5 4 1 2 5 5
-5700.9 -1183.9 -2.7 40 0 4.3 4.6 5.0 0.0 0 1 2 1 1
-5786.1 -1129.8 -2.7 129 0 9.3 10.7 5.0 0.0 0 1 2 0 0
-5779.1 -1103.3 -2.7 307 0 8.0 5.0 5.0 2.5 2 0 2 1 1
-5773.7 -1095.6 -2.7 306 0 8.1 7.9 5.0 2.5 2 0 2 4 4
-5787.9 -1096.2 -2.7 303 0 4.8 5.3 5.0 2.5 2 1 2 5 5
-5860.1 -1066.9 -2.8 126 0 10.1 14.6 2.5 2.5 2 1 1 3 3
-5908.3 -1038.1 -2.8 118 0 9.1 14.2 2.5 2.5 4 1 1 0 0
-5906.3 -983.2 -2.8 255 0 5.7 4.8 2.5 2.5 2 0 1 1 1
-5899.3 -981.6 -2.8 255 0 3.7 4.7 2.5 2.5 2 1 1 0 0
-5927.1 -1063.2 -2.8 202 0 6.4 4.3 5.0 2.5 4 0 2 1 1
-5915.1 -1055.5 -2.8 300 0 7.8 8.5 5.0 2.5 2 1 2 5 5
-5906.5 -1076.6 -2.8 297 0 6.0 6.2 5.0 2.5 2 1 2 2 2
-5909.7 -1083.7 -2.8 298 0 6.1 4.6 5.0 2.5 2 0 2 2 2
-5864.5 -1096.3 -2.8 301 0 8.1 12.0 5.0 0.0 0 1 2 3 3
-5842.4 -1110.4 -2.8 302 0 10.2 11.9 5.0 2.5 2 1 2 4 4
-5824.5 -1121.9 -2.8 309 0 9.9 12.5 5.0 2.5 2 1 2 0 0
-5835.1 -1133.9 -2.8 311 0 6.9 5.2 5.0 2.5 2 0 2 4 4
-5813.0 -1132.2 -2.7 307 0 7.4 9.7 5.0 2.5 2 1 2 1 1
-5801.0 -1140.4 -2.7 310 0 9.3 11.9 5.0 2.5 2 1 2 5 5
-5767.8 -1168.4 -2.7 310 0 10.0 8.1 5.0 2.5 2 0 2 3 3
-5774.3 -1176.6 -2.7 311 0 4.8 6.0 5.0 2.5 2 1 2 2 2
-5758.7 -1177.1 -2.7 309 0 6.6 6.0 5.0 2.5 4 0 2 2 2
-5737.2 -1192.4 -2.7 309 0 9.3 14.7 5.0 2.5 2 1 2 3 3
-5689.6 -1227.0 -2.6 302 0 5.2 14.7 5.0 2.5 2 1 2 0 0
-5762.3 -1231.4 -2.7 135 0 8.1 10.8 5.0 2.5 2 1 2 4 4
-5765.7 -1207.6 -2.7 134 0 6.4 5.5 5.0 2.5 2 0 2 1 1
-5796.6 -1198.9 -2.7 134 0 8.7 10.8 5.0 2.5 2 1 2 4 4
-5776.5 -1187.6 -2.7 308 0 5.0 3.5 5.0 2.5 2 0 2 2 2
-5783.5 -1206.1 -2.7 143 0 3.4 4.4 5.0 2.5 2 1 2 3 3
-5528.6 -1308.3 -2.5 210 0 8.1 7.1 2.5 2.5 2 0 1 2 2
-5536.9 -1322.8 -2.5 217 0 8.3 6.0 2.5 2.5 2 0 1 5 5
-5526.0 -1329.9 -2.5 27 0 4.7 5.1 2.5 2.5 2 1 1 2 2
-5547.1 -1335.3 -2.5 213 0 8.9 7.6 2.5 2.5 2 0 1 1 1
-5554.9 -1347.9 -2.6 218 0 8.6 7.1 2.5 0.0 0 0 1 0 0
-5548.9 -1363.2 -2.6 34 0 7.1 6.3 2.5 2.5 2 0 1 0 0
-5568.1 -1395.2 -2.6 33 0 7.5 16.6 2.5 2.5 2 1 1 5 5
-5589.3 -1396.1 -2.6 217 0 8.5 7.9 2.5 2.5 2 0 1 1 1
-5577.6 -1405.4 -2.6 33 0 4.7 4.5 2.5 2.5 2 0 1 3 3
-5595.8 -1406.6 -2.6 216 0 9.2 6.5 2.5 2.5 2 0 1 4 4
-5604.6 -1419.7 -2.6 217 0 9.2 6.3 2.5 2.5 2 0 1 3 3
-5594.2 -1427.3 -2.6 40 0 6.0 5.3 2.5 2.5 4 0 1 4 4
-5614.6 -1432.5 -2.6 216 0 7.6 7.6 2.5 2.5 2 0 1 0 0
-5603.1 -1440.3 -2.6 36 0 6.5 5.1 2.5 2.5 2 0 1 2 2
-5612.6 -1455.8 -2.6 34 0 8.7 16.7 2.5 2.5 2 1 1 2 2
-5635.7 -1468.8 -2.7 123 0 8.9 10.3 2.5 2.5 2 1 1 5 5
-5647.3 -1505.3 -2.7 31 0 10.2 15.4 2.5 2.5 2 1 1 3 3
-5670.5 -1531.2 -2.7 35 0 7.1 10.5 2.5 2.5 2 1 1 1 1
-5740.4 -1584.1 -2.8 33 0 11.0 10.3 5.0 2.5 2 0 2 4 4
-5733.1 -1575.2 -2.8 34 0 8.2 8.0 5.0 2.5 2 0 2 2 2
-5744.1 -1568.2 -2.8 214 0 6.2 3.2 5.0 2.5 2 0 2 5 5
-5724.5 -1560.3 -2.8 34 0 10.7 9.4 5.0 2.5 2 0 2 3 3
-5715.5 -1547.6 -2.7 31 0 9.1 7.7 5.0 2.5 2 0 2 1 1
-5729.6 -1540.3 -2.8 213 0 6.3 5.6 5.0 2.5 2 0 2 0 0
-5701.7 -1526.7 -2.7 34 0 9.3 8.9 5.0 2.5 4 0 2 1 1
-5702.7 -1504.9 -2.7 216 0 6.4 13.1 5.0 2.5 2 1 2 0 0
-5684.1 -1500.6 -2.7 34 0 9.5 10.4 5.0 0.0 0 1 2 3 3
-5674.5 -1486.8 -2.7 31 0 9.4 8.9 5.0 2.5 2 0 2 1 1
-5662.5 -1442.5 -2.7 217 0 3.6 4.4 5.0 2.5 2 1 2 5 5
-5650.7 -1451.2 -2.7 31 0 9.1 6.5 5.0 2.5 2 0 2 3 3
-5641.5 -1437.1 -2.6 37 0 10.0 7.2 5.0 2.5 2 0 2 0 0
-5651.4 -1430.1 -2.7 219 0 4.5 4.1 5.0 2.5 2 0 2 5 5
-5643.3 -1413.3 -2.6 218 0 5.5 4.3 5.0 2.5 2 0 2 2 2
-5630.9 -1422.6 -2.6 36 0 9.2 6.9 5.0 2.5 2 0 2 5 5
-5640.6 -1390.6 -2.6 209 0 4.6 4.9 5.0 2.5 2 1 2 2 2
-5595.2 -1372.5 -2.6 36 0 9.0 14.4 5.0 2.5 2 1 2 5 5
-5606.7 -1345.0 -2.6 291 0 8.3 8.5 5.0 2.5 2 1 2 0 0
-5587.6 -1354.8 -2.6 305 0 13.1 9.9 5.0 2.5 2 0 2 4 4
-5584.9 -1291.7 -2.6 205 0 11.0 12.0 2.5 2.5 2 1 1 4 4
-5581.1 -1277.5 -2.6 204 0 9.9 10.9 2.5 2.5 2 1 1 2 2
-5572.4 -1300.6 -2.6 210 0 7.3 5.7 2.5 0.0 0 0 1 2 2
-5570.5 -1282.3 -2.6 207 0 7.1 5.5 2.5 2.5 2 0 1 1 1
-5570.8 -1259.3 -2.5 202 0 10.5 13.6 2.5 2.5 2 1 1 5 5
-5570.4 -1321.2 -2.6 31 0 5.2 5.5 2.5 2.5 2 1 1 5 5
-5562.7 -1325.8 -2.6 36 0 8.3 7.3 2.5 2.5 2 0 1 5 5
-5545.4 -1297.7 -2.5 28 0 9.5 16.3 2.5 0.0 0 1 1 5 5
-5566.7 -1292.8 -2.6 208 0 3.8 5.0 2.5 2.5 2 1 1 1 1
-5537.7 -1285.5 -2.5 36 0 9.5 10.4 2.5 0.0 0 1 1 2 2
-5519.4 -1255.5 -2.5 32 0 4.2 3.5 2.5 0.0 0 0 1 4 4
-5514.0 -1247.3 -2.5 29 0 9.3 7.9 2.5 2.5 2 0 1 1 1
-5526.4 -1239.5 -2.5 27 0 7.4 5.2 2.5 2.5 2 0 1 0 0
-5493.9 -1217.2 -2.5 26 0 11.3 14.7 2.5 2.5 2 1 1 1 1
-5493.9 -1193.1 -2.5 293 0 12.0 10.1 2.5 2.5 2 0 1 1 1
-5502.3 -1189.6 -2.5 291 0 6.3 4.8 2.5 2.5 2 0 1 1 1
-5504.8 -1180.6 -2.5 113 0 5.2 6.7 2.5 2.5 2 1 1 3 3
-5549.0 -1234.6 -2.5 211 0 6.4 5.4 2.5 0.0 0 0 1 0 0
-5552.7 -1220.0 -2.5 202 0 9.8 7.5 2.5 2.5 2 0 1 2 2
-5543.0 -1197.5 -2.5 205 0 8.6 8.6 2.5 2.5 2 0 1 4 4
-5653.2 -1325.3 -2.6 113 0 29.4 17.3 2.5 2.5 2 0 1 4 4
-5659.4 -1368.9 -2.7 23 0 15.5 9.8 5.0 2.5 2 0 2 2 2
-5671.2 -1331.9 -2.7 290 0 8.1 8.5 5.0 2.5 2 1 2 3 3
-5683.9 -1345.2 -2.7 206 0 9.9 10.1 5.0 2.5 2 1 2 4 4
-5659.4 -1394.9 -2.7 29 0 8.3 10.1 5.0 2.5 2 1 2 1 1
-5671.2 -1416.2 -2.7 35 0 8.4 7.3 5.0 2.5 2 0 2 4 4
-5671.7 -1395.5 -2.7 23 0 4.7 4.4 5.0 2.5 2 0 2 0 0
-5677.1 -1426.8 -2.7 33 0 8.7 9.9 5.0 2.5 2 0 2 0 0
-5680.3 -1409.7 -2.7 27 0 4.6 5.3 5.0 2.5 2 1 2 2 2
-5685.4 -1421.6 -2.7 33 0 5.7 7.4 5.0 2.5 2 0 2 3 3
-5687.2 -1448.9 -2.7 32 0 10.6 13.5 5.0 2.5 2 1 2 5 5
-5699.7 -1478.1 -2.7 34 0 10.4 12.9 5.0 2.5 2 1 2 5 5
-5708.1 -1486.0 -2.7 28 0 11.5 17.3 5.0 2.5 2 1 2 3 3
-5723.4 -1511.9 -2.7 28 0 9.4 16.5 5.0 2.5 2 1 2 4 4
-5737.6 -1536.2 -2.8 34 0 8.8 23.4 5.0 2.5 2 1 2 3 3
-5747.1 -1545.9 -2.8 35 0 10.2 11.2 5.0 2.5 2 1 2 3 3
-5754.5 -1497.8 -2.8 206 0 13.5 16.5 5.0 2.5 2 0 2 4 4
-5754.4 -1509.0 -2.8 206 0 6.7 8.3 5.0 2.5 2 0 2 0 0
-5745.6 -1483.8 -2.8 203 0 8.3 8.9 5.0 2.5 2 1 2 1 1
-5739.1 -1469.9 -2.7 203 0 9.6 13.1 5.0 2.5 2 1 2 2 2
-5731.5 -1456.0 -2.7 208 0 8.9 12.6 5.0 2.5 4 1 2 5 5
-5720.5 -1452.2 -2.7 203 0 5.3 7.0 5.0 2.5 4 1 2 0 0
-5724.5 -1441.2 -2.7 205 0 8.5 7.8 5.0 2.5 2 0 2 3 3
-5720.4 -1431.8 -2.7 202 0 8.0 7.4 5.0 0.0 0 0 2 3 3
-5662.6 -1249.1 -2.6 293 0 9.7 12.7 5.0 2.5 2 1 2 5 5
-5670.1 -1275.9 -2.6 25 0 10.0 6.6 5.0 2.5 2 0 2 4 4
-5677.5 -1270.8 -2.6 19 0 6.0 6.9 5.0 2.5 4 1 2 2 2
-5685.6 -1288.8 -2.7 21 0 6.2 6.6 5.0 2.5 2 1 2 1 1
-5677.5 -1292.8 -2.7 22 0 10.1 7.1 5.0 2.5 2 0 2 4 4
-5686.1 -1310.8 -2.7 23 0 11.5 15.6 5.0 0.0 0 1 2 5 5
-5694.1 -1323.9 -2.7 20 0 8.5 10.1 5.0 2.5 2 1 2 4 4
-5766.7 -1493.3 -2.8 27 0 10.0 9.8 5.0 2.5 4 0 2 1 1
-5759.5 -1476.3 -2.8 23 0 9.2 14.7 5.0 2.5 2 1 2 1 1
-5755.5 -1467.2 -2.8 23 0 6.0 15.1 5.0 2.5 2 1 2 3 3
-5750.0 -1454.2 -2.8 24 0 10.4 9.8 5.0 0.0 0 0 2 4 4
-5743.4 -1439.8 -2.7 25 0 6.7 16.0 5.0 2.5 2 1 2 0 0
-5737.4 -1424.5 -2.7 22 0 8.7 6.4 5.0 2.5 2 0 2 0 0
-5729.3 -1406.8 -2.7 24 0 8.0 8.4 5.0 2.5 2 0 2 4 4
-5736.4 -1402.2 -2.7 23 0 5.5 5.9 5.0 0.0 0 0 2 1 1
-5722.5 -1389.3 -2.7 22 0 9.2 6.4 5.0 2.5 4 0 2 2 2
-5715.9 -1372.2 -2.7 25 0 8.5 8.6 5.0 2.5 2 1 2 1 1
-5750.6 -1358.3 -2.7 197 0 9.3 10.5 5.0 0.0 0 1 2 1 1
-5784.4 -1422.7 -2.8 198 0 15.7 12.2 5.0 2.5 2 0 2 2 2
-5778.0 -1402.2 -2.8 197 0 11.0 10.6 5.0 2.5 2 0 2 5 5
-5794.4 -1494.2 -2.8 207 0 6.8 9.6 5.0 2.5 2 1 2 1 1
-5726.7 -1330.9 -2.7 25 0 5.1 6.4 5.0 2.5 2 1 2 2 2
-5742.1 -1296.7 -2.7 182 0 9.9 15.2 5.0 2.5 2 1 2 4 4
-5723.3 -1285.7 -2.7 22 0 5.6 4.4 5.0 2.5 2 0 2 2 2
-5773.7 -1291.9 -2.7 165 0 6.3 5.3 5.0 2.5 2 0 2 0 0
-5697.7 -1256.5 -2.7 288 0 3.6 5.5 5.0 2.5 2 1 2 2 2
-5547.9 -1586.0 -2.6 129 0 8.6 7.0 5.0 2.5 2 0 2 1 1
-5823.1 -1686.6 -2.9 41 0 5.1 4.0 5.0 2.5 2 0 2 5 5
-5862.9 -1729.4 -2.9 35 0 4.2 3.3 5.0 2.5 2 0 2 4 4
-5863.0 -1680.5 -2.9 229 0 5.1 4.2 5.0 2.5 2 0 2 2 2
-5879.1 -1726.1 -2.9 37 0 5.6 3.9 5.0 2.5 2 0 2 1 1
-5884.5 -1767.0 -3.0 33 0 5.5 4.7 5.0 2.5 2 0 2 5 5
-5847.2 -1723.0 -2.9 40 0 4.0 4.2 5.0 2.5 2 1 2 2 2
-5825.7 -1735.5 -2.9 240 0 3.1 6.9 5.0 2.5 2 1 2 4 4
-5807.6 -1742.8 -2.9 35 0 5.7 4.5 5.0 2.5 4 0 2 4 4
-6052.5 -867.8 -2.9 321 0 12.2 28.3 5.0 2.5 2 1 2 0 0
-6064.8 -900.4 -2.9 354 0 10.6 18.2 5.0 2.5 2 1 2 4 4
-6105.9 -922.3 -3.0 228 0 12.8 7.4 5.0 2.5 2 0 2 5 5
-6119.8 -931.6 -3.0 232 0 15.3 12.9 5.0 2.5 2 0 2 1 1
-6086.7 -940.4 -3.0 319 0 20.8 10.6 5.0 2.5 2 0 2 4 4
-6074.3 -957.0 -3.0 327 0 6.9 10.4 5.0 0.0 0 1 2 4 4
-6066.5 -967.5 -3.0 324 0 8.4 11.5 5.0 2.5 2 1 2 1 1
-6057.3 -989.4 -2.9 53 0 12.4 11.8 5.0 2.5 2 0 2 1 1
-6136.5 -952.6 -3.0 227 0 11.5 15.7 5.0 0.0 0 1 2 5 5
-6105.1 -992.8 -3.0 52 0 11.9 30.6 5.0 2.5 2 1 2 4 4
-6161.4 -961.2 -3.0 230 0 30.7 11.5 5.0 2.5 2 0 2 5 5
-6179.7 -975.3 -3.1 232 0 12.3 11.8 5.0 2.5 2 0 2 4 4
-6169.8 -1023.9 -3.1 143 0 12.9 10.7 5.0 2.5 2 0 2 2 2
-6140.6 -1030.0 -3.0 73 0 15.0 20.5 5.0 2.5 4 1 2 4 4
-6115.1 -1009.5 -3.0 53 0 17.6 11.8 5.0 2.5 2 0 2 0 0
-6061.3 -1035.6 -3.0 239 0 12.0 11.6 5.0 2.5 2 0 2 0 0
-6053.4 -1044.0 -3.0 237 0 7.8 6.3 5.0 2.5 2 0 2 0 0
-6062.3 -1102.2 -3.0 359 0 7.5 6.4 5.0 2.5 2 0 2 0 0
-6148.2 -1106.0 -3.1 332 0 6.3 5.8 5.0 2.5 2 0 2 5 5
-6253.4 -1116.8 -3.2 58 0 8.6 10.5 7.5 2.5 2 1 3 4 4
-6418.5 -1205.6 -3.4 316 0 12.5 17.9 5.0 2.5 2 1 2 2 2
-6458.3 -1246.6 -3.4 134 0 12.9 11.9 5.0 2.5 4 0 2 5 5
-6429.4 -1267.3 -3.4 45 0 10.0 12.4 5.0 2.5 4 1 2 1 1
-6449.4 -1328.1 -3.4 28 0 9.7 11.2 5.0 2.5 2 1 2 4 4
