-3335.1 -1532.0 -0.6 246 0 15.4 8.5 2.5 2.5 2 0 1 0 0
-3504.9 -1142.6 2.3 153 0 7.6 12.9 5.0 2.5 2 1 2 0 0
-3412.7 -1326.1 2.0 247 0 8.3 9.9 2.5 2.5 2 1 1 5 5
-3405.8 -1352.3 1.3 155 0 9.1 8.4 2.5 2.5 2 0 1 3 3
-3582.1 -1255.1 1.4 327 0 7.7 12.9 5.0 0.0 0 1 2 2 2
-3559.2 -1283.8 0.7 323 0 7.9 17.7 7.5 2.5 2 1 3 0 0
-3531.1 -1365.7 2.3 229 0 8.1 5.3 2.5 2.5 2 0 1 0 0
-3478.7 -1366.5 4.5 341 0 6.5 11.3 2.5 2.5 2 1 1 2 2
-3475.5 -1389.5 4.8 69 0 9.4 7.3 2.5 2.5 2 0 1 1 1
-3409.9 -1418.7 4.0 341 0 8.1 13.7 2.5 2.5 2 1 1 5 5
-3411.1 -1436.2 3.4 72 0 13.8 7.7 2.5 0.0 0 0 1 2 2
-3396.0 -1464.1 1.1 246 0 21.1 13.9 2.5 2.5 2 0 1 1 1
-3426.5 -1459.2 4.2 59 0 11.7 7.5 2.5 2.5 2 0 1 5 5
-3423.8 -1476.6 4.5 244 0 8.6 7.5 2.5 2.5 2 0 1 3 3
-3417.2 -1493.0 5.5 243 0 8.9 5.9 2.5 2.5 2 0 1 4 4
-3400.5 -1534.3 6.1 148 0 6.2 11.1 2.5 2.5 2 1 1 5 5
-3390.7 -1554.2 6.3 155 0 7.1 12.4 2.5 2.5 2 1 1 3 3
-3298.2 -1514.3 -8.1 333 0 6.5 12.5 2.5 2.5 2 1 1 4 4
-3302.3 -1574.3 -0.7 335 0 7.0 14.6 2.5 2.5 2 1 1 0 0
-3270.5 -1561.1 -8.8 331 0 7.1 16.5 2.5 2.5 2 1 1 0 0
-3268.6 -1591.2 -6.3 340 0 5.3 8.9 2.5 2.5 2 1 1 0 0
-3251.3 -1638.6 -6.3 335 0 7.8 6.5 2.5 2.5 2 0 1 5 5
-3242.5 -1649.9 -7.2 333 0 5.9 10.5 2.5 2.5 2 1 1 1 1
-3220.4 -1697.2 -7.8 332 0 9.0 11.2 2.5 2.5 2 1 1 4 4
-3254.1 -1714.3 -3.7 333 0 9.2 16.4 2.5 2.5 2 1 1 0 0
-3219.6 -1773.1 -5.6 67 0 7.9 6.1 2.5 2.5 2 0 1 2 2
-3199.7 -1743.1 -8.4 339 0 5.7 10.4 2.5 2.5 2 1 1 4 4
-3196.3 -1756.1 -8.3 333 0 5.9 8.4 2.5 2.5 2 1 1 4 4
-3189.0 -1770.4 -8.6 330 0 5.4 8.5 2.5 2.5 2 1 1 1 1
-3176.4 -1799.4 -8.8 336 0 12.3 11.0 2.5 2.5 2 0 1 3 3
-3163.3 -1825.8 -8.8 331 0 8.5 11.6 2.5 2.5 2 1 1 1 1
-3154.5 -1846.6 -8.8 331 0 11.8 11.7 2.5 2.5 2 0 1 0 0
-3137.1 -1923.3 -8.8 151 0 6.8 12.4 5.0 2.5 2 1 2 2 2
-3088.0 -1990.5 -8.8 331 0 6.7 14.5 2.5 2.5 2 1 1 2 2
-3081.6 -2026.9 -8.8 65 0 10.2 6.2 2.5 2.5 2 0 1 0 0
-3044.8 -2098.6 -8.8 328 0 6.2 11.1 5.0 0.0 0 1 2 2 2
-3036.4 -2118.5 -8.8 331 0 6.1 11.3 5.0 2.5 2 1 2 1 1
-3021.9 -2137.1 -8.8 332 0 7.7 14.6 7.5 2.5 2 1 3 5 5
-2991.6 -2205.8 -8.8 329 0 8.2 11.5 5.0 2.5 2 1 2 1 1
-2974.7 -2234.6 -8.8 329 0 8.6 8.6 2.5 2.5 2 1 1 5 5
-2974.2 -2248.4 -8.6 328 0 4.9 7.8 5.0 2.5 2 1 2 0 0
-3380.3 -1574.5 6.0 149 0 7.7 8.8 2.5 2.5 2 1 1 2 2
-3373.0 -1591.5 5.2 148 0 8.7 9.4 2.5 2.5 2 1 1 4 4
-3366.4 -1615.4 4.0 149 0 8.2 16.0 2.5 2.5 2 1 1 3 3
-3317.8 -1639.6 -0.6 148 0 10.2 10.0 2.5 2.5 2 0 1 4 4
-3313.0 -1653.8 -0.8 149 0 7.5 9.7 2.5 2.5 2 1 1 5 5
-3338.4 -1712.5 6.6 149 0 14.6 8.9 2.5 2.5 2 0 1 1 1
-3327.5 -1695.4 3.4 149 0 7.6 11.9 2.5 2.5 4 1 1 1 1
-3319.5 -1706.2 4.0 148 0 7.4 11.7 2.5 2.5 2 1 1 1 1
-3313.4 -1718.8 5.4 148 0 10.2 7.6 2.5 2.5 2 0 1 1 1
-3306.6 -1731.8 5.0 149 0 7.6 13.6 2.5 2.5 2 1 1 3 3
-3296.8 -1747.4 2.8 149 0 8.4 12.3 2.5 2.5 2 1 1 0 0
-3290.8 -1759.8 1.4 148 0 7.7 12.3 2.5 2.5 4 1 1 1 1
-3285.8 -1772.4 0.4 148 0 8.7 11.2 2.5 2.5 2 1 1 5 5
-3277.2 -1784.6 -0.2 149 0 8.5 12.1 2.5 2.5 4 1 1 2 2
-3268.4 -1808.2 0.1 149 0 8.6 8.6 2.5 2.5 2 1 1 3 3
-3248.2 -1827.6 -0.4 329 0 9.2 12.1 2.5 2.5 2 1 1 5 5
-3240.8 -1844.6 -0.6 328 0 6.2 10.3 2.5 0.0 0 1 1 5 5
-3230.2 -1863.2 -1.0 329 0 7.5 10.4 2.5 0.0 0 1 1 1 1
-3223.6 -1883.8 -0.8 329 0 8.0 10.7 2.5 0.0 0 1 1 2 2
-3232.8 -1909.0 2.3 148 0 7.1 10.5 2.5 0.0 0 1 1 1 1
-3224.7 -1936.0 5.3 148 0 5.6 8.9 2.5 2.5 2 1 1 5 5
-3221.2 -1952.1 3.8 148 0 7.9 12.0 2.5 2.5 2 1 1 0 0
-3213.5 -1971.0 2.4 149 0 8.7 9.4 2.5 2.5 2 1 1 3 3
-3205.4 -1990.4 0.2 149 0 9.0 12.4 2.5 2.5 2 1 1 0 0
-3193.2 -2009.7 1.3 149 0 8.7 8.4 2.5 2.5 2 0 1 3 3
-3183.4 -2026.3 3.8 149 0 7.9 7.9 2.5 2.5 2 0 1 1 1
-3159.3 -2040.3 4.1 328 0 6.8 9.3 2.5 2.5 2 1 1 1 1
-3159.8 -2062.2 4.3 149 0 9.0 8.5 2.5 2.5 2 0 1 3 3
-3139.1 -2076.4 4.6 328 0 7.7 9.5 2.5 2.5 2 1 1 2 2
-3131.6 -2095.1 4.4 328 0 8.4 8.2 2.5 2.5 2 0 1 2 2
-3131.3 -2122.5 2.6 148 0 8.9 10.9 2.5 2.5 2 1 1 1 1
-3112.6 -2158.1 -1.0 148 0 8.1 11.1 2.5 2.5 2 1 1 1 1
-3074.7 -2214.0 1.5 148 0 7.8 9.2 2.5 0.0 0 1 1 0 0
-3064.7 -2233.0 1.3 149 0 9.1 9.3 2.5 2.5 4 1 1 5 5
-3055.8 -2248.6 1.5 149 0 8.6 11.4 2.5 2.5 2 1 1 1 1
-3037.4 -2269.0 0.8 59 0 11.6 7.9 2.5 2.5 2 0 1 3 3
