2947.3 2495.5 -2.1 22 0 10.4 8.5 5.0 2.5 2 0 2 3 3
2750.3 2478.3 -3.8 29 0 8.3 10.2 7.5 2.5 2 1 3 0 0
2682.4 2531.5 -1.7 297 0 8.1 9.4 2.5 2.5 2 1 1 5 5
2691.4 2505.2 -3.4 118 0 10.6 9.8 2.5 2.5 2 0 1 2 2
2597.6 2570.8 -0.9 298 0 12.9 11.3 5.0 2.5 2 0 2 1 1
2629.4 2542.2 -1.8 122 0 9.3 10.4 7.5 2.5 2 1 3 2 2
2606.6 2631.8 7.1 5 0 13.8 13.2 5.0 2.5 2 0 2 2 2
2542.5 2630.3 8.5 268 0 14.7 10.9 5.0 2.5 4 0 2 2 2
2510.6 2572.5 -4.6 175 0 13.5 10.0 7.5 0.0 0 0 3 4 4
2541.5 2581.8 -1.5 183 0 8.9 12.0 7.5 2.5 2 1 3 0 0
2546.5 2553.5 -4.8 94 0 11.0 9.6 5.0 2.5 4 0 2 1 1
2579.2 2540.3 -3.8 120 0 9.5 10.1 7.5 2.5 2 1 3 1 1
2588.7 2521.3 -5.9 120 0 7.6 10.8 2.5 2.5 2 1 1 1 1
2643.8 2504.8 -4.5 124 0 12.5 8.3 7.5 2.5 4 0 3 3 3
2658.1 2577.8 1.5 295 0 10.3 17.1 7.5 2.5 2 1 3 5 5
2802.9 2563.4 2.8 285 0 7.5 9.3 5.0 2.5 2 1 2 1 1
2822.9 2542.2 0.9 124 0 7.3 10.6 7.5 2.5 4 1 3 5 5
2855.5 2546.4 -0.0 292 0 8.7 17.6 2.5 2.5 2 1 1 1 1
2744.6 2534.3 -0.2 218 0 17.4 11.7 7.5 2.5 4 0 3 0 0
2720.6 2460.4 -5.4 126 0 11.6 10.7 7.5 2.5 2 0 3 3 3
2764.9 2485.9 -3.0 33 0 13.3 10.4 7.5 2.5 2 0 3 3 3
2855.6 2432.8 -1.7 97 0 11.8 12.8 10.0 0.0 0 1 4 2 2
2907.6 2464.4 -1.9 32 0 9.4 11.9 5.0 2.5 2 1 2 4 4
2847.9 2498.1 -2.0 205 0 10.5 14.3 2.5 2.5 2 1 1 3 3
2884.0 2471.1 -1.9 27 0 13.5 13.9 5.0 2.5 2 1 2 3 3
2896.7 2520.9 -1.4 294 0 6.8 10.7 7.5 2.5 2 1 3 0 0
2921.3 2511.5 -2.0 298 0 14.3 14.1 7.5 2.5 2 0 3 1 1
3002.6 2502.1 2.8 296 0 16.8 10.5 7.5 2.5 2 0 3 3 3
3023.5 2502.0 2.5 295 0 10.6 33.0 10.0 0.0 0 1 4 3 3
-2074.7 5111.2 -8.3 43 0 13.8 9.4 7.5 2.5 4 0 3 4 4
-1977.1 5081.8 -2.4 295 0 6.9 14.2 7.5 2.5 2 1 3 5 5
-1953.1 5050.4 -5.0 130 0 9.0 15.9 5.0 2.5 2 1 2 0 0
-1926.3 5056.3 -6.2 41 0 7.5 9.1 2.5 2.5 2 1 1 4 4
-529.0 2191.9 5.0 338 0 10.6 12.7 2.5 2.5 2 1 1 3 3
-462.6 2192.6 -5.7 174 0 8.6 13.9 2.5 2.5 2 1 1 3 3
-459.9 2178.2 -4.7 175 0 9.3 10.5 2.5 2.5 2 1 1 0 0
-455.5 2157.3 -6.2 174 0 8.4 13.8 2.5 2.5 2 1 1 2 2
-467.1 2155.3 0.7 352 0 8.7 13.7 2.5 2.5 4 1 1 2 2
-513.0 2198.9 2.0 175 0 9.0 15.8 2.5 2.5 2 1 1 3 3
-523.8 2270.6 1.1 169 0 13.0 11.0 2.5 2.5 2 0 1 3 3
-501.7 2261.2 0.7 351 0 10.0 12.6 2.5 2.5 2 1 1 4 4
-499.5 2241.8 0.8 353 0 10.2 13.7 2.5 2.5 4 1 1 5 5
-511.5 2224.8 1.1 176 0 11.1 12.9 2.5 2.5 2 1 1 5 5
-479.9 2203.1 0.6 357 0 10.9 15.9 2.5 2.5 2 1 1 4 4
-481.8 2216.3 0.3 355 0 10.3 13.1 2.5 2.5 2 1 1 4 4
-482.3 2233.3 0.0 351 0 11.6 11.0 2.5 2.5 2 0 1 1 1
-466.1 2220.2 -5.6 169 0 13.0 14.5 2.5 2.5 4 1 1 3 3
-470.9 2232.8 -3.6 167 0 9.0 16.1 2.5 2.5 2 1 1 1 1
-467.2 2256.6 -1.1 258 0 11.8 10.3 2.5 2.5 4 0 1 2 2
-449.7 2251.6 -6.2 176 0 7.9 8.8 2.5 2.5 2 1 1 3 3
-453.1 2263.6 -6.8 170 0 8.5 16.1 2.5 2.5 2 1 1 3 3
-464.0 2323.3 -6.3 152 0 11.2 18.9 2.5 0.0 0 1 1 0 0
-472.6 2337.2 -4.4 147 0 7.0 13.0 2.5 2.5 2 1 1 3 3
-477.5 2350.3 -5.7 143 0 8.8 13.8 2.5 2.5 2 1 1 2 2
-479.5 2325.6 1.3 326 0 7.9 9.5 2.5 0.0 0 1 1 5 5
-485.0 2338.2 0.8 328 0 13.1 11.9 2.5 0.0 0 0 1 5 5
-494.5 2353.1 0.5 328 0 10.3 16.5 2.5 2.5 2 1 1 3 3
-528.3 2341.3 0.6 328 0 19.3 13.9 2.5 2.5 2 0 1 5 5
-518.0 2357.5 0.3 144 0 9.2 12.0 2.5 2.5 2 1 1 1 1
-486.7 2365.1 -4.8 143 0 9.2 9.2 2.5 2.5 2 1 1 3 3
-485.6 2391.1 -7.3 316 0 14.8 6.9 2.5 2.5 2 0 1 1 1
-506.7 2396.4 -7.4 144 0 7.9 13.6 2.5 2.5 2 1 1 4 4
-514.5 2405.0 -6.1 141 0 6.9 10.5 2.5 2.5 2 1 1 4 4
-559.3 2415.8 -7.0 139 0 12.3 14.4 2.5 2.5 2 1 1 0 0
-555.7 2439.5 -9.3 319 0 10.4 12.3 2.5 2.5 2 1 1 3 3
-571.5 2452.4 -9.2 316 0 15.1 11.6 2.5 2.5 2 0 1 4 4
-596.5 2454.6 -7.3 137 0 12.1 11.7 2.5 2.5 2 0 1 4 4
-617.8 2479.9 -7.0 139 0 9.6 10.0 2.5 2.5 2 1 1 5 5
-630.9 2473.8 2.1 324 0 12.1 11.7 5.0 0.0 0 0 2 0 0
-808.0 2875.0 3.1 341 0 11.9 10.8 2.5 2.5 4 0 1 0 0
-785.2 2870.2 2.2 339 0 11.4 29.8 2.5 2.5 2 1 1 5 5
-847.1 3081.0 -9.3 358 0 9.4 9.9 5.0 2.5 2 1 2 3 3
-863.7 3101.4 -7.0 179 0 8.2 8.5 5.0 2.5 2 1 2 1 1
-858.4 3132.7 -8.8 359 0 9.7 8.1 5.0 2.5 4 0 2 3 3
-873.6 3153.9 -7.2 177 0 9.1 9.6 5.0 2.5 2 1 2 1 1
-860.6 3168.7 -10.4 356 0 9.6 7.1 5.0 2.5 4 0 2 0 0
-862.4 3179.5 -10.2 359 0 8.8 11.2 5.0 2.5 2 1 2 2 2
-882.8 3191.6 -8.1 170 0 9.1 15.1 5.0 2.5 2 1 2 3 3
-869.7 3209.6 -8.7 350 0 7.6 13.2 5.0 2.5 2 1 2 2 2
-903.8 3282.5 -7.1 157 0 9.6 12.9 2.5 2.5 2 1 1 1 1
-903.0 3303.3 -4.6 247 0 17.5 9.8 2.5 2.5 2 0 1 3 3
-905.7 3306.7 -5.4 67 0 15.7 8.2 2.5 0.0 0 0 1 2 2
-919.2 3319.6 -8.0 157 0 9.4 16.7 2.5 2.5 2 1 1 2 2
-926.3 3333.4 -8.0 157 0 9.4 17.7 2.5 0.0 0 1 1 3 3
-937.5 3356.8 -4.9 157 0 9.8 9.5 2.5 2.5 2 0 1 2 2
-960.6 3372.7 1.8 337 0 11.1 9.8 2.5 2.5 2 0 1 3 3
-952.0 3360.9 1.3 337 0 10.4 9.9 2.5 0.0 0 0 1 2 2
-956.7 3342.3 3.4 337 0 7.1 9.8 2.5 2.5 2 1 1 0 0
-939.6 3334.3 0.4 337 0 8.6 14.6 2.5 2.5 2 1 1 3 3
-935.0 3320.5 0.3 337 0 8.2 12.0 2.5 2.5 2 1 1 0 0
-930.8 3311.4 -0.0 337 0 6.5 12.3 2.5 2.5 4 1 1 5 5
-927.1 3298.4 -0.0 337 0 8.3 11.6 2.5 2.5 2 1 1 4 4
-922.2 3283.9 -1.4 337 0 10.2 11.8 2.5 0.0 0 1 1 0 0
-909.0 3241.2 -1.5 347 0 6.7 7.3 2.5 2.5 2 1 1 2 2
-910.5 3253.0 -1.7 359 0 9.1 10.9 2.5 2.5 2 1 1 1 1
-906.5 3223.3 -0.9 0 0 10.3 14.1 2.5 2.5 2 1 1 5 5
-900.3 3206.4 -0.2 351 0 12.1 6.5 2.5 2.5 2 0 1 0 0
-898.6 3188.5 1.2 352 0 9.3 8.9 2.5 2.5 2 0 1 5 5
-889.6 3171.9 2.2 353 0 9.2 13.4 2.5 2.5 4 1 1 0 0
-888.8 3155.9 3.3 348 0 5.8 8.7 2.5 2.5 2 1 1 0 0
-885.3 3140.7 3.7 350 0 8.5 13.2 2.5 2.5 2 1 1 1 1
-882.3 3129.1 4.0 346 0 9.5 11.2 2.5 2.5 2 1 1 1 1
-880.8 3112.1 6.0 350 0 10.9 11.6 2.5 2.5 2 1 1 0 0
-874.6 3089.2 6.5 332 0 12.4 9.7 2.5 2.5 2 0 1 4 4
-868.5 3074.3 7.1 332 0 12.4 11.0 2.5 2.5 2 0 1 1 1
-862.5 3055.8 7.9 332 0 11.4 11.8 2.5 0.0 0 1 1 1 1
-850.8 3050.8 -7.4 152 0 7.7 12.2 5.0 2.5 2 1 2 1 1
-842.2 3027.3 -8.3 152 0 9.3 12.4 5.0 2.5 2 1 2 3 3
-856.4 3037.8 6.8 332 0 12.9 9.9 2.5 2.5 2 0 1 5 5
-851.1 3019.8 5.6 332 0 8.7 13.8 2.5 0.0 0 1 1 0 0
-845.1 3003.2 3.8 332 0 9.2 17.7 2.5 2.5 2 1 1 4 4
-834.5 3007.7 -9.2 152 0 25.9 12.7 5.0 2.5 2 0 2 1 1
-818.8 2975.9 -8.8 152 0 7.8 9.8 5.0 2.5 2 1 2 3 3
-803.6 2914.9 0.8 332 0 11.9 18.6 2.5 2.5 2 1 1 5 5
-742.5 2848.3 -9.1 332 0 16.7 13.3 5.0 2.5 2 0 2 2 2
-784.1 2846.5 3.0 332 0 14.9 11.3 2.5 2.5 4 0 1 2 2
-766.2 2833.4 2.5 332 0 10.8 10.5 2.5 2.5 2 0 1 1 1
-794.8 2788.1 7.8 152 0 10.2 14.9 2.5 0.0 0 1 1 4 4
-766.8 2803.2 5.2 332 0 11.7 14.8 2.5 2.5 2 1 1 4 4
-755.7 2808.2 3.3 332 0 13.1 9.8 2.5 2.5 2 0 1 5 5
-746.7 2787.7 2.9 336 0 17.0 10.5 2.5 2.5 2 0 1 5 5
-739.7 2760.9 2.6 336 0 8.5 13.5 2.5 2.5 2 1 1 0 0
