6396.6 2200.2 3.9 80 0 7.0 8.3 2.5 2.5 2 1 1 4 4
6415.2 2203.1 1.7 78 0 10.5 6.9 2.5 2.5 2 0 1 1 1
6386.3 2222.2 5.1 259 0 7.5 8.6 2.5 2.5 2 1 1 4 4
6502.1 2135.7 -0.8 69 0 15.7 9.1 5.0 0.0 0 0 2 1 1
6481.5 2003.2 -4.5 57 0 10.3 6.5 2.5 2.5 2 0 1 0 0
6528.0 2066.8 -11.6 234 0 13.2 7.3 2.5 2.5 2 0 1 0 0
6464.3 2109.2 0.2 246 0 11.7 6.0 2.5 2.5 2 0 1 5 5
6544.3 2037.3 -13.7 54 0 8.1 6.9 2.5 2.5 2 0 1 5 5
6557.0 2084.3 -10.1 238 0 14.1 5.4 2.5 2.5 2 0 1 0 0
6540.5 2176.8 -5.2 171 0 5.8 6.0 5.0 2.5 2 1 2 1 1
6567.7 2203.9 -7.5 163 0 18.1 10.8 2.5 2.5 2 0 1 0 0
6417.9 2186.7 4.3 266 0 9.1 6.0 5.0 2.5 2 0 2 0 0
6492.4 2221.1 -4.9 85 0 7.9 8.1 2.5 2.5 2 1 1 2 2
6535.3 2091.8 -9.2 62 0 7.5 8.1 2.5 2.5 2 1 1 0 0
6541.3 2190.6 -5.8 90 0 7.8 7.5 5.0 0.0 0 0 2 4 4
6517.9 2083.3 -9.2 65 0 9.4 6.4 2.5 2.5 2 0 1 1 1
6573.8 2091.4 -8.6 257 0 9.7 6.3 2.5 2.5 2 0 1 2 2
6441.3 2209.8 -0.7 79 0 11.2 6.5 2.5 2.5 2 0 1 5 5
6510.2 2025.9 -9.4 59 0 8.4 5.9 2.5 2.5 2 0 1 3 3
6432.0 2034.0 2.9 56 0 9.8 6.7 2.5 2.5 2 0 1 1 1
6446.0 2045.4 -0.9 58 0 12.6 5.4 2.5 2.5 2 0 1 4 4
6576.8 2169.7 -6.9 160 0 7.9 6.6 2.5 2.5 2 0 1 1 1
6410.2 2057.8 5.5 163 0 6.9 9.2 2.5 2.5 2 1 1 5 5
6523.0 2126.8 -5.5 229 0 8.2 7.5 2.5 2.5 2 0 1 4 4
6569.8 2257.0 -8.3 349 0 27.0 13.7 2.5 2.5 2 0 1 4 4
6505.0 2119.4 -4.8 238 0 6.3 12.4 2.5 2.5 2 1 1 3 3
6523.5 2190.3 -4.2 75 0 9.4 7.4 5.0 2.5 2 0 2 1 1
6560.3 2061.5 -11.4 230 0 7.5 6.6 2.5 2.5 2 0 1 3 3
6400.3 2185.8 5.6 256 0 8.6 7.2 5.0 2.5 2 0 2 3 3
6408.5 2089.0 5.6 254 0 6.4 11.3 2.5 2.5 2 1 1 1 1
6477.0 2062.0 -5.5 65 0 13.5 5.6 2.5 2.5 2 0 1 0 0
6405.1 2161.7 6.4 78 0 10.3 6.4 5.0 2.5 2 0 2 0 0
6485.3 2264.8 -2.6 71 0 13.6 9.1 2.5 2.5 2 0 1 5 5
6426.9 2095.9 3.6 250 0 9.1 6.4 2.5 2.5 2 0 1 3 3
6379.0 2194.5 6.1 81 0 8.2 7.8 2.5 2.5 2 0 1 2 2
6471.3 2200.3 -0.4 258 0 8.0 6.8 5.0 2.5 2 0 2 3 3
6513.6 2055.7 -10.8 237 0 8.2 5.6 2.5 2.5 2 0 1 3 3
6558.3 2107.9 -7.7 49 0 6.3 7.6 2.5 2.5 2 1 1 3 3
6533.3 2210.8 -5.7 257 0 8.0 11.9 5.0 2.5 2 1 2 5 5
6594.8 2177.6 -7.2 339 0 6.2 7.3 2.5 2.5 2 1 1 0 0
6529.3 2029.0 -12.1 59 0 9.3 5.6 2.5 2.5 2 0 1 5 5
6466.4 2054.7 -4.0 66 0 9.5 6.7 2.5 2.5 2 0 1 5 5
6465.4 1992.7 -1.7 58 0 9.2 5.1 2.5 2.5 2 0 1 5 5
