6259.3 -4532.9 -14.2 338 0 5.6 9.9 5.0 2.5 2 1 2 5 5
6273.1 -4482.9 -12.8 158 0 8.4 9.1 2.5 2.5 2 1 1 3 3
6209.5 -4604.9 -13.6 260 0 10.1 6.4 2.5 2.5 2 0 1 1 1
6266.1 -4485.3 -12.8 164 0 7.1 5.5 2.5 2.5 2 0 1 2 2
6246.3 -4481.7 -13.5 349 0 7.8 9.2 2.5 0.0 0 1 1 1 1
6268.7 -4559.3 -12.9 344 0 6.2 7.0 5.0 2.5 2 1 2 1 1
6215.2 -4506.0 -14.8 77 0 6.9 9.1 2.5 2.5 2 1 1 5 5
6275.6 -4590.4 -11.7 250 0 9.4 7.6 2.5 2.5 2 0 1 4 4
6234.5 -4574.4 -14.0 72 0 6.9 11.2 5.0 2.5 2 1 2 4 4
6376.6 -4637.4 -6.0 322 0 23.3 9.9 2.5 2.5 2 0 1 2 2
6265.6 -4551.6 -13.3 343 0 6.4 7.2 5.0 2.5 2 1 2 5 5
6363.5 -4529.4 -11.2 73 0 8.5 9.2 2.5 2.5 2 1 1 4 4
6297.0 -4541.4 -12.6 169 0 11.1 16.6 2.5 2.5 2 1 1 3 3
6194.0 -4545.7 -16.3 257 0 15.6 8.5 5.0 2.5 2 0 2 4 4
6289.7 -4616.4 -11.0 342 0 7.7 6.4 2.5 2.5 2 0 1 3 3
6001.3 -6462.3 4.4 203 0 5.9 22.8 5.0 0.0 0 1 2 2 2
5971.4 -6485.5 -3.3 104 0 12.2 5.6 7.5 2.5 2 0 3 1 1
5998.6 -6473.6 4.7 200 0 6.0 20.1 5.0 2.5 2 1 2 1 1
5993.2 -6491.5 1.3 107 0 28.2 6.1 5.0 2.5 2 0 2 4 4
6017.7 -6506.7 5.5 109 0 12.4 5.0 2.5 2.5 2 0 1 3 3
6202.7 -4279.6 -12.1 154 0 13.4 7.2 7.5 2.5 2 0 3 0 0
