-3687.0 3547.3 217.4 90 0 7.6 6.2 5.0 2.5 2 0 2 0 0
-3675.5 3549.5 217.2 7 0 4.5 4.9 5.0 2.5 2 1 2 4 4
-3648.8 3505.2 216.9 89 0 5.0 6.7 2.5 2.5 2 1 1 5 5
-3648.2 3586.5 217.7 145 0 9.6 5.2 2.5 2.5 2 0 1 1 1
-3677.9 3586.1 216.4 349 0 7.9 9.3 5.0 0.0 0 1 2 4 4
-3738.7 3714.3 226.4 91 0 7.4 7.6 2.5 2.5 2 1 1 5 5
-3636.2 3592.1 218.7 317 0 4.2 5.8 2.5 2.5 2 1 1 1 1
-3684.5 3539.0 217.6 90 0 5.4 6.0 5.0 2.5 2 1 2 1 1
-3697.4 3537.7 217.9 85 0 5.8 6.6 5.0 2.5 2 1 2 3 3
-3636.2 3546.0 216.2 355 0 6.6 7.5 2.5 2.5 2 1 1 3 3
-6863.6 6510.6 -209.3 78 0 8.5 8.8 2.5 0.0 0 1 1 2 2
-6842.2 6520.4 -207.2 348 0 8.8 8.5 7.5 2.5 2 0 3 5 5
-6869.4 6544.8 -208.9 346 0 10.1 17.0 5.0 2.5 4 1 2 5 5
-6830.5 4826.9 -234.1 278 0 5.2 6.3 7.5 2.5 2 1 3 4 4
