1038.5 2708.8 -121.3 16 0 3.5 4.8 2.5 2.5 2 1 1 4 4
4305.2 2705.1 -130.9 126 0 3.8 4.7 7.5 2.5 2 1 3 1 1
-2030.7 4761.6 -103.6 32 0 4.7 4.3 2.5 2.5 2 0 1 1 1
1036.0 2688.6 -122.9 10 0 7.1 13.6 7.5 2.5 2 1 3 2 2
-6780.9 2578.1 124.7 139 0 3.9 6.1 7.5 2.5 2 1 3 1 1
1058.4 2865.3 -106.4 96 0 5.2 8.9 5.0 2.5 2 1 2 4 4
1027.2 2842.4 -111.3 186 0 10.1 7.9 5.0 2.5 2 0 2 4 4
977.1 2759.1 -119.8 270 0 5.1 4.9 5.0 2.5 2 0 2 0 0
986.1 2777.5 -118.9 180 0 6.8 4.2 7.5 2.5 2 0 3 4 4
1008.3 2783.8 -119.1 187 0 7.9 4.0 7.5 2.5 2 0 3 2 2
1010.8 2806.6 -116.2 182 0 7.6 5.9 7.5 2.5 2 0 3 3 3
1005.8 2771.7 -119.9 283 0 6.9 7.9 2.5 2.5 2 1 1 0 0
1034.9 2755.0 -119.1 8 0 6.1 7.0 7.5 2.5 4 1 3 0 0
1041.7 2774.1 -117.3 102 0 4.7 6.6 7.5 2.5 2 1 3 2 2
1035.3 2775.3 -117.9 98 0 5.9 7.1 5.0 2.5 2 1 2 2 2
1039.9 2794.7 -116.0 269 0 3.9 4.9 7.5 2.5 4 1 3 1 1
1040.2 2807.7 -115.1 279 0 6.5 7.6 2.5 2.5 2 1 1 0 0
1046.6 2805.4 -114.5 272 0 4.2 4.3 7.5 2.5 4 1 3 1 1
1062.7 2805.0 -114.2 276 0 7.3 8.8 7.5 2.5 2 1 3 4 4
1070.5 2802.3 -113.6 287 0 5.9 4.7 7.5 2.5 2 0 3 0 0
1051.2 2774.4 -116.7 100 0 3.6 4.6 7.5 0.0 0 1 3 0 0
1057.5 2770.8 -116.7 96 0 7.6 8.1 5.0 2.5 2 1 2 5 5
1070.1 2711.9 -118.3 100 0 7.1 7.2 2.5 2.5 2 1 1 3 3
1047.0 2716.5 -119.9 100 0 7.2 8.3 5.0 2.5 2 1 2 0 0
1041.2 2727.9 -120.1 279 0 4.0 6.4 7.5 2.5 2 1 3 4 4
1026.0 2729.6 -121.3 279 0 7.7 8.4 7.5 2.5 2 1 3 1 1
