-457.2 658.9 -33.3 325 0 5.8 8.0 10.5 3.5 2 1 3 3 3
-681.7 -536.1 -28.6 143 0 12.2 8.8 10.5 3.5 2 0 3 5 5
-498.1 56.4 -31.1 112 0 10.5 9.6 10.5 3.5 2 0 3 4 4
-662.5 -658.0 -33.2 228 0 5.4 7.1 10.5 3.5 2 1 3 1 1
-763.2 -720.6 -30.7 132 0 3.6 4.7 10.5 0.0 0 1 3 5 5
-341.8 -325.0 -35.2 1 0 5.2 6.1 10.5 3.5 2 1 3 5 5
-363.4 -481.8 -37.4 86 0 7.6 7.2 10.5 3.5 2 0 3 3 3
-371.5 -327.0 -35.2 85 0 6.6 8.8 10.5 3.5 2 1 3 3 3
-482.0 638.2 -33.5 52 0 8.3 3.9 10.5 3.5 2 0 3 3 3
-312.0 437.0 -34.9 319 0 5.1 7.3 10.5 3.5 2 1 3 1 1
-532.1 -13.1 -31.3 155 0 3.6 6.0 10.5 3.5 2 1 3 1 1
-627.6 -161.7 -30.6 315 0 8.9 8.7 10.5 3.5 2 0 3 5 5
-627.1 -696.6 -35.1 153 0 4.9 6.7 10.5 3.5 2 1 3 5 5
-582.6 -84.8 -29.7 134 0 4.0 5.7 10.5 3.5 2 1 3 0 0
-682.0 -280.7 -34.5 141 0 5.9 10.2 10.5 3.5 2 1 3 0 0
-316.4 472.8 -34.7 141 0 10.2 11.7 10.5 0.0 0 1 3 3 3
-724.2 -265.8 -33.4 129 0 3.3 8.3 10.5 3.5 2 1 3 1 1
-367.7 -536.1 -37.5 3 0 12.0 8.6 10.5 3.5 2 0 3 1 1
-402.9 580.4 -33.9 145 0 5.4 7.7 10.5 3.5 2 1 3 5 5
-346.3 480.4 -35.8 336 0 5.5 10.8 10.5 3.5 2 1 3 4 4
-675.6 -283.6 -34.4 135 0 3.1 6.6 10.5 3.5 2 1 3 3 3
-499.0 667.9 -32.8 316 0 10.4 9.2 10.5 3.5 2 0 3 0 0
-391.0 622.5 -33.3 139 0 7.2 8.6 10.5 3.5 4 1 3 4 4
-673.5 -528.3 -29.0 139 0 10.2 6.8 10.5 3.5 2 0 3 1 1
-795.8 -348.9 -29.9 221 0 18.3 8.3 10.5 3.5 2 0 3 0 0
-630.4 -668.5 -34.3 86 0 6.9 7.1 10.5 3.5 2 1 3 3 3
-297.2 -499.2 -38.8 359 0 10.8 24.6 10.5 3.5 2 1 3 1 1
-414.9 51.6 -31.9 268 0 10.6 28.0 14.0 3.5 2 1 4 3 3
-610.3 -687.9 -35.7 169 0 9.5 17.8 10.5 3.5 2 1 3 5 5
-362.7 -468.6 -37.5 84 0 10.3 9.4 10.5 3.5 4 0 3 4 4
-670.1 -699.5 -33.4 332 0 5.4 9.3 10.5 3.5 2 1 3 4 4
-352.2 -295.8 -34.8 1 0 7.8 5.5 10.5 3.5 2 0 3 4 4
-373.9 -239.6 -34.1 109 0 11.3 16.5 10.5 3.5 2 1 3 2 2
-585.7 -156.2 -31.5 309 0 7.0 10.6 10.5 3.5 2 1 3 3 3
-241.6 418.0 -32.7 157 0 11.7 7.2 10.5 3.5 2 0 3 4 4
-388.4 -549.8 -37.3 28 0 9.0 11.3 10.5 3.5 2 1 3 5 5
-703.1 -240.8 -32.1 147 0 3.7 8.8 10.5 3.5 2 1 3 4 4
-703.8 -327.6 -33.2 314 0 15.7 31.9 10.5 3.5 2 1 3 3 3
-433.2 570.3 -34.1 333 0 9.0 8.9 10.5 3.5 2 0 3 4 4
-689.3 -238.2 -32.4 125 0 10.5 11.7 14.0 3.5 2 1 4 3 3
-701.1 -514.6 -28.2 145 0 8.7 6.6 10.5 3.5 2 0 3 1 1
-350.0 508.5 -35.2 140 0 4.8 6.6 10.5 3.5 2 1 3 5 5
-446.4 638.8 -33.9 232 0 6.6 6.5 10.5 3.5 2 0 3 3 3
-706.2 -606.5 -30.3 80 0 8.3 12.3 10.5 3.5 2 1 3 3 3
-425.6 574.4 -34.0 333 0 8.4 5.9 10.5 3.5 2 0 3 2 2
-768.2 -356.4 -30.3 219 0 11.2 9.0 10.5 0.0 0 0 3 1 1
-490.9 45.6 -31.1 116 0 7.3 11.4 10.5 3.5 2 1 3 5 5
-453.8 37.2 -31.9 271 0 10.5 59.8 14.0 3.5 2 1 4 2 2
-525.7 -6.2 -31.4 122 0 5.9 5.6 10.5 3.5 2 0 3 4 4
-715.8 -604.8 -30.0 82 0 6.6 5.0 10.5 3.5 2 0 3 3 3
-759.6 -715.8 -30.9 131 0 5.9 7.3 10.5 3.5 4 1 3 5 5
-621.1 -216.8 -32.5 43 0 10.5 5.8 10.5 3.5 2 0 3 1 1
-630.7 -688.9 -34.8 66 0 9.4 14.1 10.5 3.5 2 1 3 2 2
-263.0 400.7 -33.4 141 0 8.3 12.1 10.5 3.5 2 1 3 3 3
-296.4 465.0 -34.0 139 0 4.1 3.8 10.5 3.5 4 0 3 0 0
-655.0 -597.1 -30.7 40 0 8.4 8.7 10.5 3.5 2 1 3 5 5
-577.0 -92.2 -30.0 132 0 6.6 8.6 10.5 3.5 2 1 3 2 2
-717.5 -272.0 -34.1 120 0 6.8 9.4 10.5 3.5 2 1 3 1 1
-371.2 -549.0 -37.4 3 0 7.0 12.2 10.5 3.5 2 1 3 2 2
-531.5 -330.7 -34.6 61 0 11.3 11.0 14.0 3.5 4 0 4 2 2
-349.9 -334.4 -35.4 356 0 5.1 5.4 10.5 3.5 2 1 3 2 2
-345.2 505.0 -35.1 146 0 3.5 4.9 10.5 3.5 4 1 3 4 4
-368.7 -446.8 -37.5 176 0 8.0 8.6 10.5 3.5 2 1 3 0 0
-760.1 -366.7 -29.9 219 0 5.5 3.7 10.5 3.5 2 0 3 1 1
-554.3 -264.6 -34.6 218 0 10.1 16.4 14.0 3.5 2 1 4 1 1
-412.2 17.1 -32.2 270 0 12.3 20.4 14.0 3.5 2 1 4 1 1
-349.8 -323.2 -35.2 355 0 7.5 6.8 10.5 0.0 0 0 3 3 3
-512.1 -5.6 -31.4 33 0 8.6 5.5 10.5 0.0 0 0 3 5 5
-506.3 12.6 -31.4 295 0 8.9 6.9 10.5 0.0 0 0 3 1 1
-658.1 -669.8 -33.5 135 0 5.9 11.0 10.5 3.5 2 1 3 5 5
-614.7 -221.9 -33.0 38 0 6.0 5.3 10.5 3.5 2 0 3 1 1
-682.1 -690.9 -33.0 239 0 7.1 6.9 10.5 3.5 2 0 3 0 0
-507.6 651.3 -32.5 297 0 5.9 7.4 10.5 3.5 2 1 3 3 3
-544.9 -50.0 -30.6 316 0 7.0 8.5 10.5 0.0 0 1 3 3 3
-333.9 492.8 -34.8 130 0 5.3 8.2 10.5 3.5 2 1 3 2 2
-302.9 459.1 -34.3 134 0 9.3 5.8 10.5 0.0 0 0 3 4 4
-529.6 -24.7 -31.3 139 0 7.7 8.8 10.5 0.0 0 1 3 3 3
-636.0 -169.5 -30.5 311 0 6.2 7.0 10.5 3.5 2 1 3 3 3
-385.4 553.1 -34.5 150 0 4.3 5.9 10.5 3.5 2 1 3 0 0
-776.4 -367.2 -29.5 222 0 9.0 10.8 10.5 3.5 2 1 3 1 1
-332.0 455.5 -35.5 326 0 9.3 6.7 10.5 3.5 2 0 3 3 3
-296.6 -529.3 -38.5 2 0 40.9 10.3 10.5 0.0 0 0 3 3 3
-366.0 569.1 -34.4 317 0 6.9 10.2 10.5 3.5 4 1 3 4 4
-369.0 -271.1 -34.6 269 0 6.2 14.5 10.5 3.5 2 1 3 5 5
-361.5 -580.8 -37.2 3 0 15.0 11.9 14.0 3.5 2 0 4 0 0
-812.8 -438.0 -30.7 139 0 8.8 15.3 10.5 3.5 2 1 3 4 4
-6719.4 4033.5 19.0 249 0 9.8 6.9 7.5 2.5 2 0 3 3 3
-6640.2 3834.2 31.3 166 0 6.0 6.0 5.0 2.5 2 0 2 3 3
-6720.8 3890.8 29.6 346 0 7.2 8.8 5.0 2.5 2 0 2 0 0
-6723.7 3882.9 30.0 76 0 3.7 3.4 5.0 2.5 2 0 2 2 2
-6761.3 3875.9 32.9 80 0 6.3 7.2 5.0 2.5 2 0 2 2 2
-6770.8 3883.9 33.9 79 0 5.7 4.4 5.0 2.5 2 0 2 3 3
4266.3 759.6 -0.4 360 0 5.2 16.3 7.5 0.0 0 1 3 3 3
-3860.7 -2465.1 1.0 308 0 6.9 6.8 5.0 2.5 4 0 2 4 4
-3963.0 -2200.2 1.0 302 0 7.7 11.5 2.5 2.5 2 1 1 5 5
-3975.5 -2232.3 -0.4 31 0 8.8 9.0 5.0 2.5 2 1 2 5 5
-3866.2 -2376.2 -8.8 104 0 9.6 9.4 2.5 2.5 2 0 1 4 4
-3890.8 -2357.4 -9.9 136 0 9.6 9.4 2.5 2.5 2 0 1 4 4
-3301.4 -2893.3 3.7 236 0 11.8 12.8 10.0 2.5 4 1 4 1 1
-3248.8 -2887.9 -0.2 337 0 9.0 15.5 5.0 2.5 2 1 2 3 3
-3139.5 -2823.9 -3.8 15 0 10.7 8.1 5.0 2.5 2 0 2 1 1
-3186.5 -2681.3 -2.3 141 0 18.4 25.5 2.5 2.5 2 1 1 2 2
-3206.6 -5301.3 2.4 330 0 5.8 12.1 7.5 2.5 2 1 3 3 3
-3223.7 -5328.0 3.9 186 0 14.5 6.9 7.5 2.5 2 0 3 3 3
-3257.8 -5248.3 8.2 270 0 6.8 6.8 2.5 2.5 2 0 1 0 0
-3291.0 -5296.3 8.7 171 0 4.1 5.8 2.5 2.5 2 1 1 3 3
-3304.1 -5288.4 9.6 181 0 6.7 9.6 2.5 0.0 0 1 1 2 2
-2781.8 -3102.7 -18.1 126 0 65.8 24.0 5.0 2.5 2 0 2 5 5
