6197.6 5349.9 114.3 122 0 5.7 5.0 2.5 2.5 2 0 1 0 0
6186.0 6067.2 203.0 40 0 4.3 6.1 2.5 2.5 2 1 1 5 5
6397.3 5570.9 125.4 141 0 4.8 9.2 2.5 2.5 2 1 1 4 4
6227.2 5449.1 119.5 169 0 3.8 4.0 5.0 2.5 2 1 2 1 1
6298.2 5660.4 134.5 270 0 7.2 9.6 5.0 2.5 2 1 2 2 2
6289.1 5592.7 129.3 3 0 8.0 3.7 5.0 2.5 2 0 2 2 2
6297.0 5590.5 128.8 2 0 8.4 7.3 5.0 2.5 2 0 2 4 4
6280.9 5585.3 129.5 356 0 5.1 4.2 5.0 2.5 2 0 2 1 1
6247.9 5562.1 127.2 219 0 8.1 8.0 5.0 2.5 2 0 2 5 5
6259.0 5530.9 125.7 238 0 8.8 7.8 5.0 2.5 2 0 2 2 2
6240.5 5529.0 124.4 65 0 8.6 7.7 5.0 2.5 2 0 2 1 1
6243.5 5522.3 124.2 243 0 8.1 7.6 5.0 2.5 2 0 2 5 5
6307.7 5515.2 123.8 358 0 8.9 7.1 5.0 2.5 2 0 2 5 5
6311.5 5495.1 122.5 0 0 3.1 4.7 5.0 0.0 0 1 2 2 2
6306.5 5478.6 121.8 3 0 6.1 3.2 5.0 2.5 4 0 2 4 4
6337.7 5495.4 120.9 343 0 8.0 6.4 2.5 2.5 2 0 1 3 3
6340.1 5487.9 120.3 343 0 7.7 6.4 2.5 2.5 2 0 1 2 2
6341.7 5482.7 120.1 343 0 3.1 6.4 2.5 2.5 2 0 1 0 0
6283.5 5366.5 120.3 33 0 5.3 5.9 5.0 2.5 2 1 2 0 0
6295.0 5342.3 119.3 191 0 7.2 5.6 2.5 0.0 0 0 1 5 5
6289.9 5300.3 119.9 191 0 6.7 8.1 2.5 2.5 2 1 1 3 3
6341.3 5235.5 116.3 12 0 11.8 9.1 2.5 2.5 2 0 1 2 2
6290.3 5246.2 117.8 192 0 10.7 31.8 2.5 2.5 2 1 1 0 0
6247.0 5278.2 120.7 161 0 4.0 3.9 5.0 2.5 2 0 2 0 0
6194.0 5265.8 113.1 339 0 7.9 6.1 5.0 2.5 4 0 2 2 2
6187.6 5084.1 113.6 65 0 12.2 8.7 5.0 2.5 2 0 2 1 1
6128.6 5037.9 116.3 39 0 9.1 3.6 5.0 2.5 2 0 2 5 5
6120.9 5047.7 116.2 220 0 9.6 7.8 5.0 2.5 2 0 2 2 2
6077.5 5035.8 116.4 222 0 5.3 7.4 5.0 2.5 2 1 2 1 1
6057.3 4957.7 118.6 193 0 7.6 9.6 5.0 2.5 2 1 2 5 5
5871.6 5167.2 117.2 117 0 4.0 7.6 5.0 2.5 2 1 2 3 3
5792.7 5235.0 125.5 24 0 7.0 6.2 7.5 2.5 2 0 3 4 4
2319.4 -5104.5 -189.3 345 0 9.2 10.3 7.5 2.5 2 1 3 5 5
2548.2 -5483.1 -205.3 16 0 5.3 5.5 2.5 0.0 0 1 1 3 3
2526.0 -5493.6 -204.7 191 0 7.7 7.9 2.5 2.5 2 1 1 4 4
2525.4 -5627.1 -204.7 0 0 3.9 4.0 2.5 2.5 2 1 1 0 0
2553.5 -5657.7 -205.5 90 0 4.0 3.9 5.0 2.5 2 0 2 0 0
2583.5 -5509.5 -205.7 180 0 3.9 4.0 5.0 2.5 2 1 2 0 0
2624.1 -5515.9 -205.3 283 0 4.0 3.9 5.0 2.5 2 0 2 5 5
2738.9 -5594.2 -210.6 3 0 7.8 7.9 2.5 2.5 4 1 1 1 1
2732.1 -5632.6 -211.0 2 0 3.8 3.8 2.5 2.5 4 1 1 4 4
2612.7 -6276.3 -212.5 78 0 6.7 13.1 2.5 2.5 2 1 1 0 0
2572.3 -5627.9 -206.0 180 0 9.1 25.6 5.0 2.5 4 1 2 2 2
2661.0 -5814.3 -210.4 187 0 8.4 8.6 2.5 2.5 2 1 1 4 4
2624.5 -5830.8 -208.9 7 0 8.4 8.6 2.5 2.5 2 1 1 4 4
2628.0 -5814.1 -209.6 7 0 8.4 8.6 2.5 2.5 2 1 1 1 1
2524.6 -5467.1 -204.9 206 0 7.5 14.8 2.5 2.5 4 1 1 3 3
2524.3 -5451.2 -204.7 178 0 10.9 11.1 2.5 2.5 2 1 1 1 1
2575.5 -5421.1 -208.0 304 0 16.2 8.9 2.5 2.5 2 0 1 0 0
2561.7 -5550.3 -204.7 178 0 9.0 14.1 5.0 2.5 2 1 2 2 2
2617.3 -5522.3 -205.2 279 0 6.1 13.2 5.0 2.5 2 1 2 2 2
2584.7 -5645.2 -205.9 90 0 7.3 7.1 5.0 2.5 2 0 2 0 0
2557.5 -5634.1 -205.4 180 0 8.4 8.6 5.0 2.5 2 1 2 2 2
2561.5 -5663.1 -205.8 105 0 7.3 15.7 5.0 2.5 2 1 2 1 1
2588.6 -5668.8 -206.9 106 0 21.3 12.2 5.0 2.5 2 0 2 5 5
2585.9 -5607.0 -205.7 180 0 26.3 11.9 5.0 2.5 2 0 2 1 1
2648.0 -5678.7 -209.1 8 0 8.4 13.8 5.0 0.0 0 1 2 5 5
2652.0 -5657.3 -208.7 12 0 8.4 8.6 5.0 2.5 2 1 2 0 0
2602.1 -5569.9 -205.5 193 0 8.4 8.6 5.0 0.0 0 1 2 2 2
2670.0 -5551.9 -207.0 7 0 8.4 8.6 5.0 2.5 2 1 2 4 4
2663.5 -5585.2 -207.5 4 0 6.6 6.8 5.0 0.0 0 1 2 3 3
2683.3 -5585.5 -208.6 187 0 8.4 8.6 2.5 2.5 2 1 1 4 4
2731.4 -5570.0 -210.0 280 0 15.4 8.4 2.5 2.5 2 0 1 5 5
2726.3 -5647.5 -210.9 7 0 8.4 8.6 2.5 2.5 2 1 1 1 1
2713.0 -5696.4 -210.7 92 0 12.6 8.4 2.5 2.5 2 0 1 1 1
2717.3 -5678.1 -210.8 89 0 10.0 9.8 2.5 2.5 2 0 1 1 1
2664.3 -5681.1 -209.9 188 0 8.1 12.0 2.5 2.5 2 1 1 1 1
2670.9 -5636.3 -209.7 188 0 8.4 17.3 2.5 2.5 2 1 1 3 3
2677.0 -5611.8 -209.0 187 0 8.4 8.6 2.5 2.5 2 1 1 0 0
2631.1 -5613.9 -206.9 13 0 10.3 4.8 5.0 2.5 2 0 2 1 1
2657.6 -5607.6 -207.7 9 0 7.1 13.3 5.0 2.5 2 1 2 5 5
2656.4 -5631.9 -208.3 11 0 8.1 17.3 5.0 2.5 2 1 2 2 2
