6593.2 5316.2 -17.4 185 0 10.7 7.3 2.5 2.5 2 0 1 2 2
6645.0 5183.9 -11.1 182 0 8.0 6.6 5.0 2.5 2 0 2 3 3
6609.8 5389.4 -18.2 133 0 10.7 12.8 5.0 2.5 2 1 2 2 2
6605.6 5779.9 -22.9 181 0 4.4 11.3 5.0 2.5 2 1 2 3 3
6481.7 5312.3 -22.6 141 0 6.8 3.1 5.0 2.5 2 0 2 5 5
6608.9 5319.4 -16.6 133 0 4.5 5.0 2.5 0.0 0 1 1 5 5
6558.1 5258.3 -13.1 222 0 9.2 15.2 5.0 2.5 2 1 2 4 4
6415.3 5254.0 -16.4 136 0 9.6 12.9 5.0 2.5 2 1 2 5 5
6522.7 5252.8 -13.0 38 0 6.1 11.6 5.0 2.5 2 1 2 5 5
6540.8 5297.1 -19.6 213 0 8.6 7.9 5.0 2.5 2 0 2 3 3
6596.3 5290.3 -16.2 234 0 16.7 44.3 5.0 2.5 2 1 2 1 1
6553.9 5319.4 -20.3 213 0 7.9 11.6 5.0 2.5 2 1 2 1 1
6503.2 5234.2 -4.8 266 0 7.0 8.2 5.0 2.5 2 1 2 2 2
6477.9 5249.7 -11.6 254 0 8.2 7.0 5.0 2.5 2 0 2 1 1
6629.3 5841.6 -18.6 354 0 4.5 5.1 5.0 0.0 0 1 2 0 0
6547.6 5332.7 -22.2 34 0 7.0 14.3 5.0 2.5 2 1 2 4 4
6604.8 5315.6 -16.6 133 0 3.7 4.4 2.5 0.0 0 1 1 5 5
6688.3 5521.9 -19.9 352 0 11.4 16.7 7.5 2.5 4 1 3 4 4
6128.5 4518.1 29.4 165 0 4.9 11.0 5.0 2.5 2 1 2 0 0
6516.7 5553.9 -9.3 186 0 8.2 9.8 7.5 2.5 2 1 3 5 5
6659.4 6631.6 -11.8 63 0 7.1 16.8 5.0 2.5 2 1 2 2 2
6672.0 5725.7 -25.7 305 0 6.4 12.8 2.5 2.5 2 1 1 0 0
6623.9 5816.6 -21.3 1 0 19.4 9.6 5.0 2.5 2 0 2 0 0
6821.4 4854.3 -38.6 240 0 5.9 10.7 2.5 2.5 2 1 1 4 4
6834.9 4869.0 -39.4 150 0 11.9 4.4 2.5 2.5 2 0 1 3 3
6835.3 4862.5 -39.0 240 0 22.5 13.7 2.5 2.5 2 0 1 4 4
6809.6 4900.9 -37.7 150 0 9.1 17.5 2.5 0.0 0 1 1 4 4
6819.0 4888.2 -39.5 150 0 14.7 11.8 2.5 2.5 2 0 1 1 1
6666.8 5157.3 -15.2 4 0 7.9 9.5 5.0 2.5 2 1 2 0 0
6670.8 5180.6 -16.5 356 0 5.0 11.9 5.0 2.5 2 1 2 4 4
6650.7 5215.0 -13.7 230 0 5.8 4.9 5.0 2.5 2 0 2 0 0
6521.3 5136.8 11.2 51 0 7.1 8.2 5.0 2.5 2 1 2 1 1
6494.7 5168.9 5.2 153 0 8.2 7.1 5.0 2.5 2 0 2 0 0
6545.2 5179.2 9.5 322 0 14.1 25.9 5.0 2.5 2 1 2 4 4
6770.8 5436.4 -23.5 180 0 10.3 13.1 7.5 2.5 2 1 3 0 0
6706.9 5499.0 -19.8 358 0 4.6 3.8 7.5 2.5 2 0 3 5 5
6699.4 5503.0 -19.7 302 0 5.1 6.1 7.5 2.5 4 1 3 1 1
6512.5 5289.4 -20.8 45 0 6.7 9.1 5.0 2.5 2 1 2 3 3
6524.9 5296.2 -20.7 31 0 7.8 7.8 5.0 2.5 2 1 2 0 0
6505.0 5326.2 -22.7 225 0 9.5 9.6 5.0 2.5 2 1 2 4 4
6508.4 5282.6 -20.0 46 0 6.7 6.7 5.0 2.5 2 1 2 1 1
6492.2 5283.8 -20.4 160 0 6.8 6.7 5.0 2.5 2 0 2 4 4
6464.8 5298.2 -23.5 330 0 7.0 8.2 5.0 2.5 2 1 2 4 4
6426.6 5232.9 -10.9 164 0 7.1 8.2 5.0 2.5 2 1 2 0 0
6470.0 5245.4 -11.4 254 0 8.2 7.1 5.0 2.5 4 0 2 4 4
6476.6 5222.6 -7.3 90 0 13.0 7.6 5.0 2.5 2 0 2 0 0
6502.2 5252.6 -11.4 175 0 7.6 8.2 5.0 2.5 2 1 2 3 3
6540.9 5243.0 -6.1 265 0 8.2 7.6 5.0 2.5 4 0 2 5 5
6667.8 5375.9 -17.9 40 0 13.5 31.4 5.0 2.5 2 1 2 4 4
6620.1 5358.7 -16.9 130 0 11.7 28.2 5.0 2.5 2 1 2 4 4
6602.6 5425.6 -18.5 271 0 7.5 8.7 5.0 2.5 2 1 2 4 4
6679.6 5248.4 -20.9 158 0 8.9 10.0 2.5 2.5 2 1 1 2 2
