5579.3 1801.6 -41.9 159 0 12.4 9.6 2.5 2.5 2 0 1 1 1
-4592.7 -1312.2 78.0 1 0 7.6 5.4 7.5 2.5 2 0 3 5 5
-4618.3 -1321.7 75.3 97 0 5.3 7.4 2.5 2.5 2 1 1 2 2
-4619.2 -1307.4 76.1 192 0 7.0 3.9 7.5 2.5 2 0 3 5 5
-2587.1 6928.2 -13.0 55 0 10.7 9.6 7.5 2.5 2 0 3 5 5
5851.9 -1606.5 -76.1 309 0 8.0 9.1 5.0 2.5 2 1 2 5 5
5796.3 -1598.5 -82.4 146 0 7.9 9.0 2.5 2.5 2 1 1 0 0
5807.0 -1607.4 -81.1 142 0 7.5 8.6 5.0 2.5 2 1 2 4 4
5791.2 -1578.4 -82.6 232 0 8.6 7.5 5.0 2.5 2 0 2 5 5
5591.2 1792.7 -41.1 339 0 8.6 9.1 7.5 2.5 2 1 3 1 1
5498.7 1807.0 -40.2 121 0 7.2 6.9 5.0 2.5 2 0 2 4 4
5504.3 1823.6 -40.4 254 0 5.5 7.4 5.0 2.5 2 1 2 5 5
