4731.8 4229.2 -0.8 88 0 7.8 7.9 2.5 2.5 2 1 1 5 5
4683.1 4757.9 1.6 169 0 5.5 8.4 7.5 2.5 2 1 3 3 3
-850.5 -607.0 -4.5 104 0 4.9 8.2 2.5 2.5 2 1 1 3 3
-807.0 -582.5 -6.5 23 0 6.7 5.4 7.5 2.5 2 0 3 5 5
-828.9 -566.8 -6.6 293 0 5.4 6.7 7.5 2.5 2 1 3 3 3
-850.3 -586.3 -5.6 195 0 10.3 12.5 5.0 2.5 2 1 2 1 1
-4309.0 1662.0 -7.2 231 0 12.2 25.2 10.0 2.5 2 1 4 2 2
-4252.1 1695.8 -10.0 289 0 15.8 12.6 5.0 2.5 2 0 2 1 1
2123.5 5880.8 5.3 88 0 21.8 13.1 7.5 2.5 2 0 3 1 1
1117.8 1543.6 0.4 189 0 6.3 5.4 7.5 2.5 2 0 3 5 5
1171.5 1488.9 -1.8 214 0 4.3 4.6 7.5 2.5 2 1 3 4 4
1159.9 1492.8 -1.8 207 0 5.8 6.7 7.5 2.5 2 1 3 4 4
1159.7 1484.9 -1.8 270 0 5.8 7.9 2.5 2.5 2 1 1 2 2
1151.8 1473.7 -1.7 220 0 10.9 8.6 7.5 2.5 4 0 3 5 5
1130.2 1483.7 -1.3 134 0 7.6 9.1 7.5 2.5 2 1 3 4 4
1137.1 1458.4 -1.7 130 0 5.8 3.7 5.0 2.5 2 0 2 3 3
1143.8 1465.1 -1.7 226 0 6.8 10.8 7.5 2.5 4 1 3 4 4
