-826.4 6374.9 -4.2 98 0 12.1 8.1 2.5 2.5 2 0 1 1 1
-739.9 6352.0 -4.5 98 0 10.4 7.4 2.5 2.5 2 0 1 2 2
-732.3 6339.2 -4.3 97 0 7.6 8.5 2.5 2.5 2 1 1 4 4
-372.3 6243.9 -4.8 87 0 6.4 5.2 5.0 2.5 2 0 2 4 4
-368.0 6261.0 -4.7 0 0 4.6 7.7 5.0 0.0 0 1 2 3 3
-398.0 6275.7 -4.5 276 0 3.5 6.6 5.0 2.5 2 1 2 1 1
-385.9 6257.7 -4.7 86 0 10.4 8.4 5.0 2.5 2 0 2 4 4
-390.5 6246.5 -4.6 89 0 12.5 7.4 5.0 2.5 2 0 2 5 5
-444.6 6247.8 -3.7 91 0 8.8 10.4 5.0 2.5 2 1 2 5 5
-426.5 6324.6 -4.5 4 0 8.2 11.5 5.0 2.5 2 1 2 1 1
-439.1 6307.0 -4.2 358 0 12.3 11.5 5.0 2.5 2 0 2 5 5
-442.9 6320.2 -4.1 1 0 5.9 8.1 5.0 2.5 2 1 2 2 2
-457.4 6328.1 -4.0 260 0 5.4 9.6 5.0 2.5 2 1 2 3 3
-461.6 6345.7 -4.4 150 0 7.1 7.6 5.0 2.5 2 1 2 5 5
-468.9 6376.5 -4.8 243 0 10.8 11.4 5.0 2.5 2 1 2 5 5
-477.0 6361.6 -4.2 64 0 8.1 9.4 5.0 2.5 2 1 2 2 2
-477.8 6318.4 -3.7 273 0 11.7 8.9 5.0 0.0 0 0 2 3 3
-503.6 6372.7 -4.1 266 0 10.2 8.1 5.0 2.5 2 0 2 4 4
-527.2 6380.5 -4.2 264 0 8.2 7.8 5.0 0.0 0 0 2 3 3
-528.5 6339.4 -3.8 58 0 7.1 9.2 5.0 2.5 4 1 2 0 0
-526.4 6275.8 -1.9 104 0 7.5 16.1 5.0 2.5 2 1 2 1 1
-530.0 6312.3 -2.5 236 0 8.4 9.3 5.0 2.5 2 1 2 1 1
-545.4 6311.2 -2.1 233 0 7.9 9.0 5.0 2.5 2 1 2 0 0
-576.7 6337.3 -3.1 61 0 7.9 6.2 5.0 2.5 2 0 2 2 2
-571.3 6325.3 -2.9 61 0 8.8 8.8 5.0 2.5 2 0 2 0 0
-560.5 6290.5 -1.4 92 0 8.7 7.4 5.0 2.5 2 0 2 4 4
-605.3 6349.2 -3.4 245 0 8.8 8.5 5.0 2.5 2 0 2 4 4
-588.3 6317.8 -2.7 59 0 8.2 9.8 5.0 2.5 4 1 2 1 1
-624.8 6314.4 -2.9 103 0 10.6 8.7 5.0 2.5 2 0 2 4 4
-652.1 6316.9 -3.7 92 0 8.1 6.9 5.0 2.5 2 0 2 1 1
-669.5 6323.6 -4.0 87 0 11.8 6.4 5.0 2.5 2 0 2 0 0
-710.6 6309.8 -4.0 282 0 8.4 11.2 2.5 2.5 2 1 1 0 0
-683.5 6289.3 -3.8 7 0 10.8 10.2 2.5 2.5 4 0 1 5 5
