-5465.8 -78.2 6.5 200 0 4.3 5.9 2.5 2.5 2 1 1 2 2
-5476.1 -75.4 6.9 210 0 3.3 5.4 7.5 2.5 2 1 3 2 2
-5472.5 -102.7 6.4 66 0 5.2 6.4 2.5 2.5 2 1 1 1 1
-5433.5 -91.7 5.5 105 0 5.2 4.8 7.5 2.5 2 0 3 4 4
-5489.0 -123.2 6.5 67 0 17.1 4.5 7.5 2.5 2 0 3 4 4
-5504.3 -97.8 7.3 132 0 5.3 5.6 5.0 2.5 2 1 2 5 5
-5491.5 -76.8 7.1 247 0 5.8 12.0 2.5 2.5 2 1 1 5 5
-5459.7 -99.2 6.2 31 0 6.8 9.7 5.0 2.5 2 1 2 0 0
-5474.7 -82.9 6.6 261 0 12.3 4.5 5.0 2.5 2 0 2 1 1
-4755.4 -3150.5 -11.6 171 0 10.0 12.5 7.5 2.5 2 1 3 2 2
2859.6 -6085.5 -1.2 94 0 7.3 7.8 7.5 2.5 2 1 3 0 0
2872.8 -6077.8 -0.7 281 0 11.1 13.8 7.5 2.5 2 1 3 4 4
237.7 3532.6 -10.4 231 0 10.6 9.6 2.5 2.5 2 0 1 0 0
157.6 3634.8 -10.0 0 0 8.6 12.8 7.5 2.5 4 1 3 2 2
185.6 3807.5 -9.1 3 0 10.4 11.2 2.5 2.5 2 1 1 4 4
172.8 3738.6 -10.3 182 0 9.4 12.1 2.5 2.5 2 1 1 5 5
188.2 3774.2 -9.7 176 0 13.8 8.0 2.5 2.5 2 0 1 3 3
207.9 3784.5 -10.0 264 0 7.1 18.4 2.5 2.5 2 1 1 3 3
226.8 3773.7 -10.4 177 0 8.8 10.9 2.5 2.5 2 1 1 5 5
279.7 3781.5 -10.8 359 0 12.9 7.5 2.5 2.5 2 0 1 1 1
261.5 3890.7 -8.2 179 0 12.5 9.6 2.5 2.5 2 0 1 0 0
64.6 4364.2 -6.4 182 0 10.0 9.6 5.0 2.5 2 0 2 4 4
45.5 4359.7 -7.3 102 0 9.1 9.7 5.0 2.5 2 1 2 5 5
19.0 4381.0 -7.5 182 0 7.0 7.8 5.0 2.5 4 1 2 5 5
30.1 4415.0 -7.5 280 0 11.2 29.4 5.0 2.5 2 1 2 1 1
33.8 4423.6 -6.2 190 0 12.1 31.8 5.0 2.5 2 1 2 0 0
71.5 4661.9 -8.9 276 0 28.2 13.0 5.0 2.5 2 0 2 5 5
67.6 4603.1 -8.9 93 0 13.5 35.0 5.0 2.5 2 1 2 2 2
60.2 4591.9 -8.8 184 0 15.2 14.1 5.0 2.5 2 0 2 5 5
84.1 4588.3 -8.2 180 0 10.4 23.6 5.0 2.5 2 1 2 4 4
90.0 4549.5 -7.2 193 0 12.1 21.3 5.0 2.5 2 1 2 0 0
155.2 4618.2 -6.9 3 0 25.7 9.8 5.0 2.5 2 0 2 4 4
132.5 4337.8 -4.6 24 0 9.6 8.8 5.0 2.5 2 0 2 0 0
139.1 4328.0 -4.8 24 0 21.2 6.9 5.0 2.5 2 0 2 2 2
171.7 4320.3 -3.6 22 0 11.6 8.7 5.0 2.5 2 0 2 4 4
110.5 4141.4 -7.9 17 0 8.2 5.2 5.0 2.5 2 0 2 3 3
116.0 4155.5 -7.8 23 0 7.3 7.2 5.0 2.5 2 0 2 5 5
82.6 4180.6 -7.6 32 0 8.9 6.5 5.0 2.5 2 0 2 2 2
59.4 4216.1 -7.4 215 0 10.2 12.8 5.0 2.5 2 1 2 0 0
99.4 4228.7 -8.1 20 0 23.5 14.4 5.0 2.5 2 0 2 4 4
98.2 4330.3 -5.8 104 0 9.1 8.6 5.0 0.0 0 0 2 5 5
87.7 4323.4 -6.5 196 0 9.0 13.7 5.0 2.5 4 1 2 2 2
80.5 4305.6 -7.5 197 0 23.8 15.5 5.0 2.5 2 0 2 0 0
123.5 4301.8 -6.1 25 0 17.7 11.0 5.0 2.5 2 0 2 3 3
114.3 4279.6 -6.9 22 0 10.9 12.0 5.0 2.5 2 1 2 3 3
163.4 4283.3 -4.6 17 0 7.7 10.5 5.0 2.5 2 1 2 0 0
158.6 4273.8 -4.9 14 0 7.3 8.8 5.0 2.5 4 1 2 3 3
154.6 4261.1 -5.3 21 0 8.0 11.2 5.0 2.5 2 1 2 2 2
177.4 4367.1 -2.7 1 0 12.5 11.1 5.0 2.5 2 0 2 5 5
158.7 4476.4 -4.3 0 0 8.0 10.5 5.0 2.5 2 1 2 3 3
164.5 4458.2 -4.1 359 0 13.4 12.7 5.0 2.5 4 0 2 5 5
224.3 4585.8 -4.6 180 0 25.9 8.6 5.0 2.5 2 0 2 1 1
222.9 4560.9 -4.5 180 0 12.0 8.6 5.0 2.5 2 0 2 3 3
223.5 4542.8 -4.3 179 0 10.4 9.9 5.0 2.5 2 0 2 1 1
123.2 4248.0 -7.5 24 0 14.2 16.2 5.0 2.5 2 1 2 5 5
143.0 4234.7 -6.6 23 0 7.9 9.9 5.0 2.5 2 1 2 4 4
170.3 4237.3 -5.1 200 0 8.1 9.6 5.0 2.5 2 1 2 5 5
159.0 4209.7 -6.2 199 0 11.9 11.3 5.0 2.5 2 0 2 2 2
224.3 4196.4 -5.3 8 0 8.3 9.6 5.0 2.5 2 1 2 4 4
220.1 4180.0 -5.4 4 0 9.8 11.7 5.0 2.5 2 1 2 4 4
-32.7 3774.1 -4.9 182 0 9.5 7.4 2.5 0.0 0 0 1 3 3
-26.1 3818.4 -4.9 185 0 9.2 8.6 2.5 2.5 2 0 1 3 3
-21.5 3838.5 -5.1 200 0 9.7 12.8 2.5 0.0 0 1 1 3 3
3.7 3877.5 -6.0 210 0 7.9 16.4 2.5 0.0 0 1 1 5 5
24.4 3951.3 -6.0 34 0 7.2 8.2 5.0 0.0 0 1 2 4 4
13.2 3935.3 -5.8 31 0 11.3 9.1 5.0 2.5 2 0 2 2 2
38.7 3980.7 -6.0 24 0 8.9 7.5 5.0 2.5 2 0 2 2 2
43.0 3990.1 -5.8 26 0 7.6 7.3 5.0 2.5 2 0 2 1 1
48.1 4000.3 -5.7 26 0 7.5 8.4 5.0 2.5 2 1 2 0 0
52.2 4011.5 -5.7 21 0 10.9 9.4 5.0 0.0 0 0 2 2 2
92.4 3955.6 -6.6 55 0 11.0 18.3 2.5 2.5 2 1 1 3 3
112.8 3959.3 -6.9 226 0 11.5 15.7 2.5 0.0 0 1 1 1 1
106.4 3980.0 -6.3 39 0 10.4 13.1 2.5 0.0 0 1 1 3 3
77.8 4007.2 -6.1 206 0 13.3 10.2 2.5 2.5 2 0 1 4 4
95.0 4032.5 -6.5 205 0 7.8 12.6 2.5 2.5 2 1 1 4 4
104.0 4065.1 -6.8 201 0 14.1 11.7 2.5 2.5 2 0 1 5 5
112.5 4083.3 -7.0 196 0 10.2 11.8 2.5 2.5 2 1 1 3 3
120.0 4098.5 -7.2 196 0 9.6 16.4 2.5 0.0 0 1 1 2 2
138.3 4135.6 -7.4 286 0 14.9 20.7 2.5 2.5 4 1 1 0 0
148.4 4184.3 -6.9 201 0 11.4 14.3 5.0 2.5 2 1 2 3 3
146.1 4152.7 -7.2 110 0 16.5 13.7 5.0 2.5 2 0 2 2 2
165.6 4129.4 -6.8 287 0 9.1 15.1 2.5 2.5 2 1 1 1 1
176.8 4128.9 -6.6 284 0 8.8 12.1 2.5 2.5 4 1 1 3 3
172.6 4115.5 -6.5 282 0 9.2 16.9 2.5 2.5 2 1 1 1 1
177.7 4144.1 -6.6 107 0 9.4 15.0 5.0 2.5 2 1 2 2 2
200.1 4136.3 -6.2 101 0 13.7 14.1 5.0 2.5 2 1 2 2 2
196.2 4123.3 -6.4 281 0 16.9 10.0 2.5 2.5 2 0 1 2 2
178.5 4034.0 -6.9 184 0 9.8 19.1 2.5 2.5 2 1 1 2 2
195.2 4087.4 -6.6 274 0 16.3 8.9 2.5 2.5 2 0 1 4 4
206.4 4097.9 -6.5 277 0 11.7 8.4 2.5 0.0 0 0 1 5 5
215.9 4117.8 -6.4 286 0 8.5 13.1 2.5 0.0 0 1 1 2 2
247.0 4077.3 -6.6 281 0 12.4 10.3 2.5 2.5 2 0 1 4 4
231.8 4042.6 -6.8 97 0 13.7 9.8 2.5 2.5 2 0 1 0 0
263.9 4090.7 -5.6 285 0 8.2 7.9 2.5 0.0 0 0 1 4 4
266.5 4132.3 -7.2 108 0 9.0 5.6 5.0 2.5 4 0 2 1 1
263.6 4120.5 -6.9 107 0 10.9 10.1 5.0 2.5 2 0 2 0 0
232.8 4234.7 -5.0 7 0 13.9 12.6 5.0 2.5 2 0 2 1 1
248.4 4284.3 -4.5 15 0 13.5 18.2 5.0 2.5 2 1 2 5 5
204.2 4295.8 -4.3 196 0 15.5 25.0 5.0 0.0 0 1 2 3 3
249.5 4332.2 -3.9 97 0 12.2 16.2 5.0 0.0 0 1 2 3 3
225.1 4335.4 -3.4 99 0 13.3 11.4 5.0 2.5 2 0 2 4 4
203.6 4371.3 -3.3 181 0 11.0 12.8 5.0 2.5 2 1 2 1 1
221.0 4369.6 -3.5 198 0 10.6 5.3 5.0 2.5 2 0 2 5 5
209.8 4386.1 -3.6 180 0 10.1 19.9 5.0 2.5 2 1 2 3 3
215.3 4399.1 -3.7 179 0 8.4 13.1 5.0 2.5 2 1 2 5 5
217.3 4413.9 -3.7 182 0 7.6 11.1 5.0 2.5 2 1 2 5 5
217.8 4428.7 -3.8 181 0 9.5 8.9 5.0 2.5 4 0 2 3 3
263.8 4468.2 -3.8 358 0 8.5 8.4 5.0 2.5 2 0 2 3 3
263.9 4448.7 -3.9 359 0 13.7 12.6 5.0 2.5 2 0 2 0 0
269.8 4410.1 -4.2 1 0 39.7 10.8 5.0 2.5 2 0 2 0 0
292.7 4423.6 -3.8 182 0 10.1 6.3 5.0 2.5 2 0 2 2 2
291.1 4410.0 -4.0 178 0 11.1 13.8 5.0 2.5 2 1 2 1 1
449.6 4651.0 -7.3 304 0 9.6 8.0 5.0 0.0 0 0 2 3 3
460.8 4625.4 -7.6 318 0 7.2 13.9 5.0 0.0 0 1 2 5 5
483.9 4616.4 -7.6 303 0 8.4 7.8 5.0 2.5 2 0 2 1 1
488.8 4624.0 -7.5 301 0 9.5 6.5 5.0 2.5 2 0 2 2 2
507.9 4612.4 -7.4 304 0 11.0 11.1 5.0 2.5 2 1 2 5 5
583.6 4568.2 -6.8 303 0 23.8 12.1 5.0 0.0 0 0 2 4 4
612.3 4586.2 -7.7 118 0 19.3 12.0 5.0 2.5 2 0 2 2 2
620.9 4628.8 -8.0 306 0 25.7 11.0 5.0 2.5 2 0 2 3 3
584.6 4604.1 -7.1 120 0 10.8 26.1 5.0 2.5 2 1 2 4 4
563.4 4613.6 -6.9 118 0 11.2 16.5 5.0 2.5 2 1 2 4 4
541.9 4628.2 -6.5 129 0 8.3 10.9 5.0 2.5 2 1 2 2 2
545.6 4678.3 -6.1 323 0 11.9 8.1 5.0 2.5 2 0 2 3 3
502.9 4646.9 -7.0 128 0 13.2 17.4 5.0 2.5 4 1 2 5 5
483.3 4660.0 -7.1 135 0 10.0 15.1 5.0 2.5 4 1 2 4 4
461.4 4680.3 -7.1 137 0 20.2 18.4 5.0 2.5 4 0 2 2 2
444.9 4703.7 -7.1 147 0 7.7 10.4 5.0 2.5 2 1 2 2 2
442.9 4739.7 -6.9 269 0 10.1 12.2 5.0 2.5 2 1 2 5 5
421.7 4707.2 -7.0 100 0 16.4 16.9 5.0 2.5 2 1 2 3 3
422.8 4501.2 -5.9 181 0 12.8 9.3 5.0 2.5 2 0 2 2 2
402.2 4448.6 -4.9 174 0 8.2 11.9 5.0 2.5 2 1 2 2 2
406.3 4402.0 -4.2 182 0 11.6 10.5 5.0 2.5 2 0 2 2 2
517.2 4426.3 -6.5 53 0 12.7 7.8 5.0 2.5 2 0 2 1 1
459.4 4409.2 -5.4 52 0 6.4 5.6 5.0 2.5 2 0 2 0 0
438.1 4413.2 -5.4 73 0 14.5 13.3 5.0 2.5 2 0 2 5 5
466.3 4394.3 -5.4 53 0 14.4 11.7 5.0 2.5 2 0 2 1 1
437.6 4375.5 -4.5 55 0 9.2 10.1 5.0 2.5 4 1 2 2 2
406.6 4355.2 -3.7 88 0 8.8 12.2 5.0 2.5 2 1 2 0 0
411.0 4324.5 -4.1 271 0 11.2 10.7 5.0 2.5 4 0 2 5 5
453.6 4346.6 -4.6 198 0 12.2 9.8 5.0 2.5 4 0 2 4 4
542.8 4124.4 4.5 91 0 10.0 13.8 5.0 2.5 2 1 2 5 5
509.5 4151.5 1.6 89 0 12.1 8.9 5.0 2.5 2 0 2 1 1
493.2 4181.8 0.1 1 0 9.9 25.7 5.0 2.5 2 1 2 1 1
403.0 4290.8 -3.7 181 0 8.2 14.5 5.0 2.5 2 1 2 1 1
454.1 4259.1 -1.9 359 0 9.5 23.9 5.0 2.5 2 1 2 5 5
458.5 4226.1 -0.9 1 0 13.4 8.0 5.0 2.5 2 0 2 3 3
402.4 4237.5 -3.5 177 0 9.9 30.3 5.0 0.0 0 1 2 2 2
436.5 4169.2 -2.9 90 0 13.3 7.6 5.0 2.5 2 0 2 5 5
437.4 4178.6 -3.3 91 0 18.8 8.0 5.0 2.5 4 0 2 4 4
409.1 4129.5 -4.5 91 0 15.8 15.7 5.0 2.5 2 0 2 4 4
372.6 4209.2 -4.0 177 0 6.4 4.3 5.0 2.5 4 0 2 4 4
