5515.3 -2074.0 -2.9 119 0 9.8 10.5 2.5 2.5 2 1 1 4 4
5539.2 -2030.3 -0.5 292 0 8.2 14.4 7.5 2.5 2 1 3 5 5
5642.4 -1857.1 -5.2 17 0 12.2 13.6 2.5 2.5 2 1 1 1 1
5640.3 -1872.0 -5.6 13 0 13.8 26.3 12.5 2.5 2 1 5 1 1
5635.5 -1884.7 -5.3 11 0 6.4 20.1 7.5 2.5 2 1 3 3 3
5633.0 -1895.8 -5.3 13 0 10.4 16.2 5.0 2.5 2 1 2 3 3
5604.2 -1901.9 -4.5 196 0 13.0 23.1 10.0 2.5 2 1 4 2 2
5626.6 -1925.0 -5.6 16 0 15.9 11.5 5.0 2.5 2 0 2 5 5
5602.0 -1920.6 -3.4 194 0 18.2 10.2 5.0 2.5 2 0 2 5 5
5579.7 -1897.0 0.1 199 0 13.6 15.0 7.5 2.5 2 1 3 4 4
5565.5 -1923.2 -2.2 206 0 15.6 14.3 10.0 2.5 2 0 4 1 1
5524.7 -1984.0 -1.1 210 0 24.0 10.0 2.5 2.5 2 0 1 5 5
