2651.8 -5644.2 -3.2 266 0 9.5 28.6 5.0 2.5 2 1 2 3 3
2665.9 -5635.8 -3.4 268 0 11.3 10.9 5.0 2.5 2 0 2 4 4
2685.1 -5635.0 -3.7 264 0 15.8 9.6 5.0 2.5 2 0 2 0 0
2756.3 -5673.0 -3.1 8 0 12.8 30.8 5.0 2.5 2 1 2 3 3
2772.4 -5659.8 -3.5 9 0 26.7 9.8 5.0 2.5 2 0 2 3 3
2747.4 -5700.7 -2.4 96 0 8.6 8.8 5.0 2.5 2 1 2 4 4
2734.1 -5702.8 -2.5 97 0 15.6 12.2 5.0 0.0 0 0 2 3 3
2721.1 -5696.2 -2.5 97 0 6.7 7.3 5.0 2.5 2 1 2 4 4
2649.9 -5700.3 -1.8 85 0 9.1 14.3 5.0 2.5 2 1 2 2 2
2647.5 -5683.6 -2.2 85 0 7.4 7.9 5.0 2.5 2 1 2 4 4
2622.8 -5662.5 -2.4 270 0 7.2 7.1 5.0 2.5 2 0 2 0 0
2646.7 -5635.6 -3.1 267 0 7.7 6.6 5.0 2.5 2 0 2 5 5
2586.4 -5664.0 -1.9 183 0 9.0 8.3 5.0 2.5 2 0 2 5 5
2573.4 -5663.3 -1.7 181 0 9.6 8.2 5.0 2.5 2 0 2 0 0
2560.0 -5643.0 -1.8 183 0 7.2 8.2 5.0 2.5 2 1 2 5 5
2680.1 -5481.2 -3.9 181 0 19.2 37.2 5.0 0.0 0 1 2 4 4
2695.7 -5515.6 -4.0 91 0 29.9 13.4 5.0 0.0 0 0 2 2 2
2781.0 -5471.4 -4.2 271 0 18.2 9.7 5.0 2.5 2 0 2 5 5
2829.7 -5490.7 -4.3 3 0 10.3 20.0 5.0 0.0 0 1 2 2 2
2845.0 -5489.2 -4.4 1 0 13.9 9.5 5.0 2.5 4 0 2 0 0
2846.5 -5507.8 -4.2 359 0 12.6 9.1 5.0 2.5 2 0 2 2 2
2827.8 -5456.6 -4.3 276 0 6.3 11.5 5.0 2.5 2 1 2 3 3
2831.8 -5438.0 -4.3 273 0 16.8 8.6 5.0 2.5 2 0 2 1 1
2787.8 -5437.0 -4.1 264 0 7.6 6.3 5.0 2.5 2 0 2 3 3
2808.2 -5436.9 -4.2 270 0 6.3 5.4 5.0 2.5 2 0 2 0 0
2810.7 -5447.3 -4.2 273 0 8.1 6.4 5.0 2.5 2 0 2 5 5
2809.5 -5456.8 -4.2 270 0 8.9 5.6 5.0 2.5 4 0 2 5 5
2739.9 -5462.1 -3.9 276 0 13.8 11.0 5.0 2.5 2 0 2 2 2
