-4836.2 4167.2 -2.9 148 0 25.4 18.4 5.0 0.0 0 0 2 4 4
-4661.8 4052.1 -0.8 147 0 9.7 11.6 5.0 2.5 2 1 2 1 1
-4559.6 4740.5 0.8 246 0 11.0 28.9 2.5 2.5 2 1 1 0 0
-4919.2 4353.5 1.0 160 0 8.3 15.1 5.0 2.5 2 1 2 0 0
-4787.0 4080.6 -1.9 145 0 9.4 29.0 5.0 2.5 2 1 2 5 5
-4412.4 3721.9 -2.7 134 0 34.1 11.9 5.0 0.0 0 0 2 5 5
-4527.2 3773.4 -7.8 312 0 9.2 9.3 5.0 2.5 2 1 2 0 0
-4786.1 4092.4 -1.5 144 0 5.4 15.9 5.0 2.5 2 1 2 1 1
-4436.6 3746.9 -5.4 135 0 10.6 24.4 5.0 2.5 2 1 2 0 0
-4384.1 3694.0 -3.0 136 0 12.5 14.1 5.0 2.5 2 1 2 0 0
-4548.5 4702.6 0.5 156 0 12.3 10.4 2.5 2.5 2 0 1 2 2
-4978.4 4388.4 0.5 180 0 13.4 14.0 2.5 2.5 2 1 1 0 0
-4986.9 4385.6 -0.2 179 0 8.4 6.0 2.5 2.5 2 0 1 4 4
-5504.7 6415.4 -2.6 155 0 18.6 25.2 5.0 2.5 2 1 2 1 1
-4776.6 4077.3 -1.8 144 0 5.5 17.3 5.0 0.0 0 1 2 2 2
-5652.6 6457.4 -7.8 246 0 13.0 8.1 5.0 2.5 2 0 2 5 5
-5636.1 6554.2 -6.0 67 0 33.1 10.9 5.0 0.0 0 0 2 3 3
-4356.4 3678.1 -4.0 143 0 9.5 12.7 5.0 2.5 4 1 2 1 1
-4967.2 4458.0 -1.0 84 0 10.3 14.5 2.5 2.5 2 1 1 4 4
-4963.9 4423.0 -0.1 343 0 8.7 12.6 2.5 2.5 2 1 1 1 1
-4983.8 4466.8 -4.9 350 0 20.8 13.7 2.5 2.5 2 0 1 5 5
-4750.3 4105.2 -0.7 329 0 13.2 8.7 5.0 2.5 2 0 2 4 4
-4942.5 4329.8 1.7 164 0 8.8 8.3 2.5 0.0 0 0 1 4 4
-5606.9 6471.3 -4.5 164 0 10.0 8.9 2.5 2.5 2 0 1 3 3
-4869.7 4232.3 0.7 156 0 9.0 21.1 5.0 2.5 2 1 2 1 1
-4327.2 3701.1 -3.2 323 0 10.5 18.7 5.0 2.5 2 1 2 3 3
-4507.5 3765.8 -7.8 315 0 17.7 10.0 7.5 2.5 2 0 3 3 3
-4322.2 3723.0 -1.9 325 0 13.6 10.0 5.0 2.5 2 0 2 1 1
-4657.1 4008.6 -0.5 327 0 9.3 18.2 5.0 0.0 0 1 2 0 0
-4838.1 4301.5 0.7 157 0 12.7 17.7 2.5 2.5 2 1 1 0 0
-4740.2 4167.2 0.4 144 0 23.6 8.6 2.5 2.5 2 0 1 5 5
-4863.1 4163.4 -4.7 156 0 8.1 11.2 2.5 2.5 2 1 1 3 3
-4617.9 3953.1 -0.4 325 0 5.4 19.3 5.0 2.5 2 1 2 2 2
-3854.9 3157.2 -2.7 131 0 4.6 4.2 5.0 2.5 2 0 2 3 3
-4517.1 4524.7 -1.4 58 0 11.8 25.8 2.5 2.5 2 1 1 3 3
-4618.8 4579.6 -1.6 70 0 7.6 9.9 2.5 2.5 2 1 1 3 3
-4637.3 4578.5 -1.7 71 0 10.6 8.0 2.5 0.0 0 0 1 5 5
-4663.8 4576.0 -1.7 68 0 11.1 13.3 2.5 2.5 2 1 1 0 0
-4638.2 4619.3 -1.2 334 0 11.0 15.5 2.5 2.5 2 1 1 5 5
-4659.2 4655.8 -1.1 245 0 11.4 9.8 2.5 2.5 2 0 1 5 5
-4608.6 4707.9 1.1 328 0 12.7 14.7 2.5 2.5 2 1 1 5 5
-4622.9 4699.0 0.5 329 0 13.1 17.1 2.5 2.5 2 1 1 0 0
-4565.5 4630.8 -0.8 333 0 11.6 16.1 2.5 2.5 2 1 1 0 0
