-6188.9 -4659.3 -6.1 209 0 11.0 3.1 2.5 2.5 2 0 1 2 2
-6152.7 -4611.4 -6.2 92 0 8.9 11.5 5.0 2.5 2 1 2 4 4
-6287.6 -4669.2 -6.7 35 0 10.5 8.2 2.5 2.5 2 0 1 4 4
-6254.5 -4653.8 -6.7 25 0 7.2 11.9 2.5 2.5 2 1 1 3 3
-6224.7 -4663.8 -6.4 39 0 6.1 11.3 2.5 0.0 0 1 1 3 3
-6229.5 -4674.2 -6.2 28 0 7.1 9.9 2.5 2.5 2 1 1 3 3
-6241.3 -4694.3 -6.0 28 0 10.1 10.2 2.5 2.5 2 1 1 5 5
-6245.5 -4705.8 -5.9 27 0 9.7 16.2 2.5 2.5 2 1 1 4 4
-6258.3 -4722.2 -5.6 26 0 10.8 10.2 2.5 2.5 2 0 1 2 2
-6148.8 -4657.3 -6.0 20 0 8.6 11.6 2.5 2.5 2 1 1 2 2
-6181.6 -4669.0 -5.9 188 0 6.3 6.9 2.5 2.5 2 1 1 1 1
-6201.0 -4645.1 -6.2 209 0 12.5 10.2 2.5 0.0 0 0 1 0 0
-6211.4 -4666.9 -6.1 206 0 10.9 11.5 2.5 2.5 2 1 1 2 2
-6220.1 -4688.0 -5.8 203 0 8.4 9.3 2.5 2.5 2 1 1 3 3
-6227.5 -4702.7 -5.7 208 0 14.5 17.6 2.5 2.5 2 1 1 1 1
-6247.8 -4743.3 -5.1 195 0 7.3 14.8 2.5 2.5 2 1 1 3 3
-6275.9 -4758.2 -5.0 22 0 6.8 6.4 2.5 2.5 2 0 1 4 4
-6215.3 -4946.3 -2.6 35 0 10.5 7.8 2.5 2.5 2 0 1 4 4
-6194.9 -4947.7 -3.9 191 0 7.9 7.1 2.5 2.5 2 0 1 5 5
-6184.3 -4921.4 -5.0 289 0 7.2 8.2 2.5 2.5 2 1 1 3 3
-6192.1 -4935.9 -4.7 190 0 10.0 10.4 2.5 2.5 2 1 1 2 2
-6201.3 -5023.6 -1.3 88 0 7.1 7.8 2.5 2.5 2 1 1 0 0
-6201.0 -4962.3 -3.3 189 0 5.7 9.9 2.5 2.5 2 1 1 3 3
-6089.2 -4665.3 -4.3 288 0 10.6 15.4 5.0 2.5 2 1 2 2 2
-6099.6 -4732.4 -4.6 295 0 6.9 8.4 2.5 2.5 2 1 1 1 1
-6078.6 -4734.9 -4.9 291 0 12.8 12.1 2.5 2.5 2 0 1 3 3
-6080.3 -4762.6 -4.9 21 0 8.1 11.1 2.5 2.5 2 1 1 1 1
-6085.6 -4785.4 -5.1 11 0 8.8 9.0 2.5 2.5 2 1 1 2 2
-6090.2 -4795.4 -5.1 12 0 11.0 12.0 2.5 2.5 2 1 1 2 2
-6128.8 -4807.6 -4.9 122 0 6.8 10.3 2.5 2.5 2 1 1 2 2
-6108.6 -4816.1 -5.2 115 0 11.4 15.0 2.5 2.5 2 1 1 2 2
-6114.6 -4725.9 -4.5 293 0 6.7 13.5 2.5 2.5 2 1 1 4 4
-6142.7 -4728.2 -4.2 198 0 8.0 7.5 2.5 2.5 2 0 1 5 5
-6144.7 -4740.8 -4.0 182 0 10.2 5.4 2.5 2.5 2 0 1 2 2
-6135.7 -4743.3 -4.2 184 0 11.2 5.8 2.5 2.5 2 0 1 4 4
-6151.2 -4759.3 -4.3 196 0 11.8 16.1 2.5 2.5 2 1 1 0 0
-6153.9 -4777.0 -4.5 190 0 9.8 16.7 2.5 2.5 2 1 1 4 4
-6162.8 -4913.1 -5.8 102 0 10.1 16.7 5.0 2.5 2 1 2 1 1
-6186.4 -4901.8 -5.6 189 0 7.9 14.7 5.0 2.5 2 1 2 0 0
-6179.0 -4882.5 -5.4 199 0 13.1 12.8 5.0 2.5 2 0 2 1 1
-6172.0 -4865.4 -5.3 188 0 12.1 13.6 5.0 2.5 2 1 2 5 5
-6164.7 -4845.3 -5.1 200 0 13.8 12.9 5.0 2.5 2 0 2 3 3
-6156.3 -4816.6 -4.8 283 0 5.8 10.6 5.0 2.5 2 1 2 3 3
-6135.0 -4818.2 -5.0 287 0 6.5 14.6 5.0 2.5 2 1 2 4 4
-6108.6 -4842.7 -5.5 1 0 12.2 11.4 5.0 0.0 0 0 2 1 1
-6106.9 -4824.6 -5.4 276 0 10.7 8.7 5.0 2.5 4 0 2 5 5
-6112.5 -4861.4 -5.7 12 0 12.6 9.5 5.0 2.5 2 0 2 3 3
-6107.6 -4910.9 -6.5 188 0 6.2 6.7 5.0 2.5 2 1 2 5 5
-6164.3 -5041.7 -3.7 109 0 10.5 6.5 2.5 2.5 2 0 1 5 5
-6133.5 -5023.0 -5.9 186 0 9.7 9.4 2.5 2.5 2 0 1 3 3
-6092.9 -5030.7 -7.2 10 0 7.9 12.6 2.5 2.5 4 1 1 3 3
-6099.2 -5040.6 -6.9 6 0 7.3 12.4 2.5 2.5 2 1 1 0 0
-6105.5 -5058.6 -6.9 101 0 9.0 8.8 2.5 2.5 2 0 1 0 0
-6128.5 -5052.1 -5.9 120 0 5.9 9.9 2.5 0.0 0 1 1 2 2
-6083.3 -4984.2 -7.7 18 0 5.5 7.6 2.5 2.5 2 1 1 1 1
-6074.1 -4988.6 -8.2 39 0 7.6 4.1 2.5 2.5 2 0 1 3 3
-6079.0 -5000.2 -7.9 19 0 9.2 18.5 2.5 2.5 2 1 1 5 5
-6120.1 -4958.5 -6.8 181 0 9.3 6.2 2.5 2.5 2 0 1 1 1
-6105.8 -4958.4 -7.2 284 0 7.4 8.3 2.5 2.5 4 1 1 2 2
-6106.9 -4971.4 -7.3 191 0 7.6 6.6 2.5 2.5 2 0 1 5 5
-6119.5 -4969.5 -7.0 199 0 8.7 9.8 2.5 2.5 4 1 1 4 4
-6112.6 -4991.9 -6.7 179 0 6.7 5.2 2.5 2.5 2 0 1 2 2
-6124.1 -4984.8 -6.6 203 0 8.7 10.2 2.5 2.5 2 1 1 3 3
-6069.6 -4959.0 -8.5 299 0 11.4 7.3 2.5 0.0 0 0 1 4 4
-6077.6 -4956.1 -8.0 0 0 4.3 4.7 2.5 0.0 0 1 1 4 4
-6090.6 -4962.4 -7.7 296 0 5.1 7.1 2.5 0.0 0 1 1 2 2
-6089.7 -4951.6 -7.8 265 0 8.5 8.8 2.5 0.0 0 1 1 3 3
-6105.7 -4895.1 -6.5 198 0 11.9 13.5 5.0 2.5 2 1 2 5 5
-6081.0 -4833.7 -6.0 295 0 13.0 7.4 5.0 2.5 2 0 2 4 4
-6093.5 -4853.6 -6.1 188 0 12.8 10.6 5.0 2.5 2 0 2 2 2
-6029.1 -4745.4 -5.4 109 0 5.4 8.4 5.0 2.5 2 1 2 2 2
-6005.0 -4679.2 -4.2 287 0 6.1 11.5 5.0 0.0 0 1 2 5 5
-6106.6 -4932.2 -6.8 117 0 5.6 7.4 5.0 2.5 2 1 2 3 3
-6096.3 -4938.2 -7.2 96 0 6.0 8.9 5.0 0.0 0 1 2 2 2
-6062.1 -4927.7 -7.8 31 0 6.4 7.7 5.0 0.0 0 1 2 2 2
-6074.6 -4945.6 -8.3 101 0 19.0 11.7 5.0 2.5 2 0 2 2 2
-6050.4 -4915.3 -7.8 12 0 11.5 10.6 5.0 2.5 2 0 2 1 1
-6045.7 -4901.9 -7.7 7 0 10.1 14.3 5.0 2.5 2 1 2 0 0
-6041.6 -4884.7 -7.5 19 0 6.5 3.3 5.0 2.5 2 0 2 5 5
-6042.9 -4891.7 -7.6 8 0 3.0 6.6 5.0 0.0 0 1 2 1 1
-6036.3 -4868.5 -7.4 17 0 20.6 20.4 5.0 2.5 2 0 2 2 2
-6051.3 -4837.4 -6.5 119 0 7.1 6.5 5.0 2.5 2 0 2 0 0
-6026.0 -4813.4 -6.6 18 0 6.5 4.7 5.0 2.5 2 0 2 5 5
-6018.5 -4817.7 -6.8 28 0 8.4 6.9 5.0 2.5 2 0 2 4 4
-6010.7 -4807.5 -6.8 22 0 10.0 11.1 5.0 2.5 2 1 2 5 5
-6033.0 -4811.3 -6.4 29 0 11.4 7.7 5.0 2.5 2 0 2 1 1
-6071.6 -4799.3 -5.6 199 0 8.2 8.0 5.0 2.5 4 0 2 1 1
-6055.3 -4773.5 -5.6 205 0 4.9 5.3 5.0 2.5 2 1 2 1 1
-6060.5 -4779.2 -5.6 213 0 7.3 5.8 5.0 2.5 2 0 2 5 5
-6055.2 -4784.1 -5.7 211 0 7.3 3.9 5.0 2.5 2 0 2 3 3
-6005.3 -4770.5 -6.4 293 0 12.6 13.2 5.0 2.5 2 1 2 2 2
-6019.6 -4768.9 -6.1 284 0 7.5 10.7 5.0 2.5 2 1 2 5 5
-5991.9 -4745.8 -5.9 16 0 7.1 5.3 5.0 2.5 2 0 2 4 4
-6005.3 -4759.3 -6.0 121 0 9.0 5.8 5.0 2.5 2 0 2 4 4
-6016.2 -4755.6 -5.7 109 0 9.0 9.5 5.0 0.0 0 1 2 4 4
-6002.2 -4718.6 -5.6 32 0 7.4 8.8 5.0 2.5 2 1 2 2 2
-6023.1 -4692.3 -4.5 194 0 6.8 9.8 5.0 2.5 2 1 2 0 0
-6014.9 -4677.1 -4.0 291 0 7.9 10.2 5.0 0.0 0 1 2 1 1
-6036.0 -4716.0 -4.9 205 0 7.2 7.5 5.0 2.5 2 1 2 2 2
-6040.1 -4741.9 -5.2 105 0 9.6 8.2 5.0 2.5 2 0 2 1 1
-6050.2 -4689.8 -4.4 16 0 8.2 9.7 5.0 2.5 2 1 2 2 2
-6064.9 -4684.8 -4.4 278 0 3.6 5.6 5.0 2.5 2 1 2 1 1
-6061.0 -4666.8 -4.2 277 0 9.9 9.9 5.0 2.5 4 1 2 2 2
-6056.5 -4706.0 -4.6 4 0 10.8 7.1 5.0 2.5 2 0 2 0 0
-6074.8 -4707.3 -4.6 116 0 3.8 7.2 5.0 2.5 2 1 2 5 5
-6070.1 -4727.3 -4.8 116 0 5.7 8.9 5.0 2.5 2 1 2 4 4
-6081.1 -4724.5 -4.8 91 0 7.1 7.7 5.0 2.5 2 1 2 1 1
-6094.3 -4718.8 -4.8 112 0 9.1 17.1 5.0 2.5 2 1 2 2 2
-6102.6 -4702.5 -4.6 120 0 6.3 5.7 5.0 2.5 2 0 2 0 0
-6117.2 -4653.4 -5.0 274 0 9.6 6.6 5.0 2.5 2 0 2 0 0
-6115.1 -4643.9 -4.9 285 0 14.3 6.5 5.0 2.5 4 0 2 4 4
-6123.6 -4672.3 -4.8 195 0 10.7 8.1 5.0 2.5 2 0 2 2 2
-6127.2 -4670.2 -5.0 196 0 5.0 4.0 5.0 2.5 2 0 2 5 5
-6114.9 -4684.2 -4.5 192 0 5.0 6.7 5.0 2.5 2 1 2 1 1
-6122.6 -4705.1 -4.7 128 0 5.7 5.8 5.0 2.5 2 1 2 5 5
-6116.6 -4699.0 -4.6 90 0 4.6 9.5 5.0 2.5 2 1 2 3 3
-6129.8 -4685.0 -4.6 198 0 7.5 6.1 5.0 0.0 0 0 2 0 0
-6153.7 -4674.0 -5.8 26 0 9.2 5.0 2.5 0.0 0 0 1 0 0
-6146.7 -4675.7 -5.7 9 0 10.3 6.4 2.5 2.5 2 0 1 4 4
-6159.3 -4671.6 -5.8 13 0 8.7 4.1 2.5 2.5 2 0 1 2 2
-6157.5 -4689.9 -5.3 21 0 9.4 10.0 2.5 2.5 2 1 1 3 3
-6150.9 -4694.0 -5.1 28 0 7.6 7.0 2.5 0.0 0 0 1 3 3
-6168.0 -4707.0 -4.7 14 0 8.1 5.6 2.5 0.0 0 0 1 3 3
-6159.3 -4711.0 -4.6 15 0 6.8 7.7 2.5 2.5 2 1 1 2 2
-6158.0 -4725.7 -4.1 355 0 10.5 5.5 2.5 2.5 2 0 1 1 1
-6165.8 -4722.3 -4.3 11 0 9.0 6.2 2.5 2.5 2 0 1 0 0
-6162.7 -4740.2 -4.1 11 0 8.2 9.7 2.5 2.5 2 1 1 2 2
-6171.3 -4767.3 -4.3 13 0 7.5 8.2 2.5 2.5 4 1 1 3 3
-6174.8 -4789.7 -4.4 20 0 7.5 6.7 2.5 2.5 2 0 1 0 0
-6220.4 -4965.0 -1.4 4 0 9.7 11.4 2.5 0.0 0 1 1 0 0
-6213.2 -4931.3 -3.0 15 0 9.6 7.0 2.5 2.5 2 0 1 3 3
-6205.8 -4906.1 -4.1 24 0 8.8 9.2 2.5 2.5 2 1 1 3 3
-6199.7 -4881.0 -4.7 23 0 6.3 11.7 2.5 2.5 2 1 1 0 0
-6192.1 -4807.8 -4.8 284 0 12.7 60.5 2.5 2.5 2 1 1 4 4
-6215.9 -4806.8 -4.5 280 0 14.5 7.3 2.5 2.5 2 0 1 5 5
-6381.5 -4606.1 -5.9 61 0 13.4 10.5 5.0 0.0 0 0 2 5 5
-6302.0 -4573.9 -5.6 71 0 32.0 14.2 5.0 2.5 4 0 2 0 0
-6299.2 -4539.4 -5.1 337 0 28.6 12.6 5.0 2.5 2 0 2 1 1
-6305.0 -4695.5 -6.4 35 0 8.5 8.3 2.5 2.5 4 0 1 1 1
-6308.4 -4673.9 -6.6 204 0 7.1 6.5 2.5 2.5 4 0 1 4 4
-6311.2 -4629.1 -7.1 248 0 6.8 7.4 2.5 2.5 2 1 1 2 2
-6349.7 -4646.3 -7.4 243 0 28.9 14.0 2.5 2.5 2 0 1 0 0
-6372.5 -4658.3 -6.9 266 0 11.4 11.4 2.5 2.5 2 0 1 1 1
-6392.6 -4663.9 -6.2 248 0 10.4 13.5 2.5 2.5 2 1 1 0 0
-6439.4 -4704.0 -4.0 200 0 8.2 5.3 2.5 2.5 2 0 1 4 4
-6134.6 -4461.0 -7.9 145 0 9.4 11.3 5.0 2.5 2 1 2 3 3
-6141.0 -4446.8 -7.7 138 0 8.3 9.7 5.0 0.0 0 1 2 4 4
-6151.0 -4436.3 -7.5 144 0 6.7 12.5 5.0 2.5 2 1 2 4 4
-6156.3 -4423.5 -7.2 145 0 8.1 10.9 5.0 2.5 2 1 2 4 4
-6162.7 -4410.9 -7.0 150 0 11.0 10.0 5.0 0.0 0 0 2 1 1
-6169.1 -4398.5 -6.7 143 0 8.5 9.7 5.0 2.5 2 1 2 4 4
-6175.6 -4385.9 -6.4 152 0 9.4 9.4 5.0 2.5 2 0 2 3 3
-6183.7 -4373.9 -6.2 153 0 8.8 10.6 5.0 2.5 2 1 2 3 3
-6267.0 -4418.9 -6.1 155 0 11.8 27.0 5.0 2.5 2 1 2 3 3
-6236.0 -4477.6 -6.8 163 0 49.6 16.4 5.0 2.5 2 0 2 2 2
-6265.3 -4464.4 -6.1 156 0 3.5 6.2 5.0 2.5 4 1 2 4 4
-6288.6 -4408.6 -5.8 153 0 26.5 10.7 5.0 2.5 4 0 2 3 3
-6286.2 -4548.1 -5.7 245 0 10.5 17.1 5.0 2.5 2 1 2 2 2
-6238.9 -4263.7 -4.2 242 0 10.1 8.7 5.0 2.5 2 0 2 4 4
-6224.9 -4279.4 -4.5 331 0 7.6 9.7 5.0 2.5 2 1 2 4 4
-6216.4 -4293.2 -4.7 332 0 7.7 10.4 5.0 2.5 2 1 2 0 0
-6209.2 -4307.4 -5.0 331 0 7.7 10.0 5.0 2.5 2 1 2 4 4
-6200.3 -4321.6 -5.3 334 0 7.5 10.1 5.0 2.5 2 1 2 5 5
-6197.8 -4338.2 -5.4 64 0 11.8 6.7 5.0 2.5 2 0 2 0 0
