-4422.5 -3029.2 -10.9 307 0 14.8 8.6 5.0 2.5 2 0 2 0 0
-4402.4 -3043.1 -10.2 307 0 15.3 5.9 5.0 2.5 2 0 2 3 3
-4447.2 -3048.4 -10.5 190 0 16.0 14.3 5.0 2.5 2 0 2 3 3
-4359.0 -2991.0 -11.3 307 0 11.9 12.2 2.5 2.5 2 1 1 5 5
-4373.4 -3014.3 -10.8 37 0 8.1 11.0 2.5 2.5 2 1 1 4 4
-4380.3 -3024.4 -10.8 37 0 9.7 15.3 2.5 2.5 2 1 1 1 1
-4400.4 -3035.7 -10.8 127 0 18.5 12.4 2.5 0.0 0 0 1 5 5
-4417.4 -3022.4 -11.4 127 0 14.2 9.8 2.5 2.5 2 0 1 5 5
-4410.6 -3002.3 -11.4 217 0 9.8 9.7 2.5 2.5 2 0 1 3 3
-4402.3 -2989.3 -13.2 217 0 10.8 9.4 2.5 2.5 2 0 1 3 3
-4382.2 -2972.6 -13.1 307 0 6.5 14.9 2.5 2.5 2 1 1 3 3
-4374.6 -2982.3 -12.4 307 0 10.6 12.5 2.5 0.0 0 1 1 1 1
-4337.0 -2971.2 -10.8 37 0 9.9 10.1 2.5 2.5 2 1 1 1 1
-4358.2 -2982.3 -11.8 127 0 17.6 11.3 2.5 2.5 2 0 1 5 5
-4376.0 -2968.8 -13.0 127 0 13.0 10.7 2.5 2.5 2 0 1 5 5
-4366.2 -2949.1 -12.6 217 0 10.2 9.7 2.5 2.5 2 0 1 0 0
-4336.8 -2917.7 -10.5 217 0 7.0 12.4 2.5 2.5 2 1 1 0 0
-4346.9 -2923.9 -10.8 217 0 6.9 16.9 2.5 2.5 2 1 1 3 3
-4356.7 -2934.3 -11.6 217 0 9.8 19.5 2.5 2.5 2 1 1 1 1
-4327.8 -2958.6 -10.6 37 0 9.9 12.0 2.5 2.5 2 1 1 1 1
-4309.4 -2926.3 -10.0 307 0 10.0 9.2 2.5 2.5 2 0 1 5 5
-4318.1 -2947.1 -10.3 37 0 9.7 10.4 2.5 2.5 2 1 1 4 4
-4238.6 -2834.1 -9.4 128 0 11.3 7.2 5.0 2.5 2 0 2 3 3
-4250.7 -2803.6 -11.0 217 0 10.5 11.7 5.0 2.5 2 1 2 0 0
-4263.4 -2820.7 -11.3 217 0 6.4 12.7 5.0 2.5 2 1 2 4 4
-4247.7 -2842.0 -9.8 127 0 11.8 8.6 5.0 2.5 2 0 2 1 1
-4252.5 -2850.2 -9.9 307 0 8.3 13.9 2.5 2.5 2 1 1 0 0
-4265.6 -2835.8 -11.7 307 0 15.7 14.2 2.5 2.5 2 0 1 3 3
-4286.1 -2849.4 -11.8 217 0 10.9 6.8 2.5 2.5 2 0 1 1 1
-4264.9 -2875.5 -9.6 37 0 7.3 11.5 2.5 2.5 2 1 1 3 3
-4272.2 -2889.2 -8.9 37 0 6.5 14.0 2.5 2.5 2 1 1 5 5
-4306.2 -2873.5 -9.9 217 0 7.7 18.3 2.5 2.5 2 1 1 4 4
-4279.8 -2898.8 -9.0 37 0 8.0 7.6 2.5 2.5 2 0 1 4 4
-4308.8 -2908.3 -10.0 127 0 28.2 12.5 2.5 2.5 2 0 1 4 4
-4269.4 -2907.5 -8.6 217 0 8.5 12.9 5.0 2.5 2 1 2 2 2
-4284.5 -2927.0 -9.0 217 0 19.2 14.6 5.0 2.5 2 0 2 3 3
-4296.9 -2941.4 -9.3 217 0 7.3 10.5 5.0 2.5 2 1 2 4 4
-4307.6 -2956.6 -9.6 217 0 10.2 23.9 5.0 2.5 2 1 2 5 5
-4318.6 -2968.3 -9.9 217 0 6.7 12.2 5.0 2.5 2 1 2 4 4
-4325.9 -2977.2 -10.1 218 0 8.4 10.0 5.0 2.5 2 1 2 3 3
-4326.9 -3006.8 -9.9 127 0 8.7 17.3 5.0 2.5 2 1 2 4 4
-4332.9 -3015.2 -9.8 307 0 9.0 18.2 5.0 2.5 2 1 2 3 3
-4351.2 -3012.6 -10.1 217 0 15.3 7.9 5.0 2.5 2 0 2 1 1
-4363.4 -3031.9 -10.0 217 0 12.7 7.8 5.0 2.5 2 0 2 5 5
-4378.2 -3048.3 -9.5 217 0 6.8 7.8 5.0 2.5 2 1 2 3 3
-4386.0 -3058.9 -9.2 217 0 7.9 11.2 5.0 2.5 2 1 2 3 3
-4396.7 -3068.1 -8.9 217 0 7.0 13.9 5.0 0.0 0 1 2 2 2
-4403.6 -3079.9 -8.4 217 0 5.2 13.7 5.0 2.5 4 1 2 1 1
-4414.0 -3091.4 -8.1 217 0 8.5 17.3 5.0 2.5 2 1 2 5 5
-4421.4 -3102.0 -7.7 217 0 8.3 16.1 5.0 2.5 2 1 2 2 2
-4428.8 -3111.3 -7.4 217 0 8.4 16.5 5.0 2.5 2 1 2 4 4
-4435.5 -3120.8 -7.1 217 0 6.8 17.5 5.0 2.5 2 1 2 3 3
-4442.9 -3128.9 -6.8 217 0 6.9 10.5 5.0 2.5 4 1 2 5 5
-4450.3 -3139.8 -6.4 217 0 5.0 10.2 5.0 2.5 2 1 2 1 1
-4473.0 -3134.2 -9.5 127 0 13.8 9.3 5.0 2.5 2 0 2 2 2
-4406.4 -3060.8 -9.7 37 0 6.7 11.8 5.0 2.5 2 1 2 3 3
-4421.9 -3073.2 -9.2 127 0 10.0 7.7 5.0 2.5 4 0 2 0 0
-4464.1 -3066.7 -10.5 217 0 10.4 9.4 5.0 2.5 2 0 2 5 5
-4432.9 -3085.4 -8.6 307 0 10.2 7.9 5.0 2.5 2 0 2 2 2
-4440.8 -3102.7 -8.3 37 0 13.8 7.9 5.0 2.5 2 0 2 1 1
-4448.5 -3114.5 -8.5 37 0 5.8 13.4 5.0 2.5 2 1 2 2 2
-4455.9 -3123.8 -8.8 37 0 8.7 12.6 5.0 2.5 2 1 2 2 2
-4481.2 -3087.9 -11.4 217 0 7.2 9.6 5.0 2.5 2 1 2 2 2
-4490.0 -3099.1 -11.9 217 0 10.8 9.0 5.0 2.5 2 0 2 4 4
-4511.8 -3092.8 -15.0 127 0 15.4 10.3 5.0 2.5 2 0 2 0 0
-4483.3 -3070.1 -14.0 37 0 9.5 17.0 5.0 2.5 2 1 2 1 1
-4476.5 -3060.8 -13.7 37 0 7.2 17.5 5.0 0.0 0 1 2 1 1
-4484.4 -3039.9 -13.5 217 0 8.8 16.8 5.0 2.5 2 1 2 1 1
-4476.6 -3031.6 -13.0 217 0 7.5 17.7 5.0 2.5 2 1 2 3 3
-4453.1 -3033.0 -12.5 37 0 11.1 18.2 5.0 0.0 0 1 2 5 5
-4446.6 -3022.1 -12.1 37 0 7.0 17.7 5.0 0.0 0 1 2 1 1
-4438.7 -3014.7 -12.2 37 0 7.8 18.7 5.0 2.5 2 1 2 5 5
-4430.9 -3006.4 -13.4 37 0 9.0 16.6 5.0 2.5 2 1 2 1 1
-4422.5 -2992.8 -15.1 37 0 7.4 15.3 5.0 2.5 2 1 2 0 0
-4414.4 -2982.9 -15.0 37 0 9.7 14.2 5.0 2.5 2 1 2 3 3
-4400.8 -2969.4 -15.1 37 0 16.4 19.1 5.0 0.0 0 1 2 3 3
-4394.7 -2952.8 -14.5 133 0 7.7 9.1 5.0 2.5 2 1 2 2 2
-4378.5 -2939.0 -14.7 43 0 11.4 17.5 5.0 0.0 0 1 2 4 4
-4379.8 -2914.3 -13.6 223 0 9.8 8.7 5.0 0.0 0 0 2 3 3
-4357.9 -2912.1 -12.4 43 0 9.1 13.3 5.0 2.5 2 1 2 3 3
-4349.7 -2902.3 -11.8 43 0 8.8 16.3 5.0 2.5 2 1 2 0 0
-4339.8 -2891.7 -10.9 43 0 10.2 15.2 5.0 2.5 2 1 2 1 1
-4330.0 -2880.1 -11.3 43 0 8.3 15.1 5.0 2.5 2 1 2 3 3
-4317.5 -2865.1 -12.9 43 0 10.2 14.4 5.0 2.5 2 1 2 3 3
-4307.6 -2852.4 -14.4 43 0 11.5 16.4 5.0 0.0 0 1 2 4 4
-4296.9 -2841.6 -14.2 43 0 11.5 16.0 5.0 2.5 4 1 2 5 5
-4285.9 -2825.8 -14.2 43 0 9.1 17.3 5.0 2.5 2 1 2 0 0
-4269.4 -2807.7 -13.6 43 0 11.5 13.9 5.0 2.5 2 1 2 4 4
-4244.7 -2775.7 -13.7 43 0 8.9 14.4 5.0 2.5 2 1 2 3 3
-4232.3 -2758.4 -13.8 43 0 9.8 16.1 5.0 2.5 2 1 2 3 3
-4224.0 -2749.8 -13.4 43 0 7.9 15.9 5.0 2.5 2 1 2 0 0
-4214.6 -2738.4 -13.1 43 0 13.9 17.5 5.0 2.5 4 1 2 2 2
-4211.2 -2707.8 -11.8 219 0 21.8 17.3 5.0 2.5 2 0 2 2 2
-4201.3 -2863.0 -9.8 35 0 40.4 12.4 5.0 2.5 2 0 2 3 3
-4689.4 -3342.7 -13.7 50 0 8.8 22.2 2.5 2.5 2 1 1 3 3
-4618.7 -3316.8 -1.2 206 0 13.6 9.1 5.0 0.0 0 0 2 4 4
-4560.1 -3268.9 -1.9 300 0 25.0 11.6 5.0 2.5 4 0 2 5 5
-4601.8 -3281.2 -1.8 210 0 39.1 13.6 5.0 0.0 0 0 2 5 5
-4563.1 -3318.5 -0.2 30 0 51.9 14.3 5.0 2.5 2 0 2 4 4
-4770.0 -3561.9 6.5 17 0 14.8 24.5 5.0 0.0 0 1 2 4 4
-4894.6 -3522.1 -10.4 214 0 11.6 14.4 5.0 2.5 2 1 2 1 1
-4862.4 -3502.0 -5.6 214 0 12.5 12.0 5.0 2.5 2 0 2 3 3
-4807.0 -3534.3 3.6 214 0 9.2 11.9 5.0 0.0 0 1 2 1 1
-4797.2 -3621.0 9.9 34 0 8.9 11.6 5.0 2.5 2 1 2 2 2
-4805.7 -3637.9 10.1 34 0 8.7 16.0 5.0 2.5 2 1 2 3 3
-4834.7 -3635.5 8.5 124 0 7.4 12.5 5.0 2.5 2 1 2 3 3
-4826.0 -3600.3 6.5 214 0 18.6 6.8 5.0 2.5 2 0 2 0 0
-4833.2 -3575.0 3.6 214 0 11.6 16.8 5.0 2.5 4 1 2 3 3
-4842.7 -3590.1 4.0 214 0 8.3 16.4 5.0 2.5 2 1 2 2 2
-4852.0 -3604.7 4.5 214 0 9.0 16.4 5.0 0.0 0 1 2 5 5
-4872.2 -3630.0 5.0 214 0 7.7 20.8 5.0 2.5 2 1 2 5 5
-4928.8 -3919.7 4.1 82 0 12.4 17.8 2.5 2.5 2 1 1 3 3
-4892.7 -3875.6 4.7 339 0 12.0 27.7 2.5 2.5 2 1 1 5 5
-4946.1 -3823.8 2.5 256 0 20.6 14.8 2.5 2.5 2 0 1 1 1
-4968.5 -3826.7 1.7 253 0 13.7 23.4 2.5 2.5 2 1 1 3 3
-5037.4 -3852.7 -1.5 218 0 13.3 12.4 2.5 2.5 4 0 1 1 1
-5081.9 -3826.3 -9.4 309 0 16.7 12.7 5.0 2.5 2 0 2 4 4
-5122.3 -3841.1 -12.3 131 0 13.6 20.7 5.0 2.5 2 1 2 4 4
-5150.0 -3986.8 -4.3 219 0 9.1 8.4 5.0 2.5 2 0 2 0 0
-5166.2 -4012.2 -3.3 212 0 19.0 12.0 5.0 2.5 2 0 2 3 3
-5177.3 -4030.1 -1.0 207 0 10.0 7.8 5.0 2.5 2 0 2 4 4
-5375.5 -4155.3 -12.8 124 0 7.9 15.2 5.0 0.0 0 1 2 4 4
-5345.5 -4177.6 -9.4 119 0 10.3 8.1 5.0 0.0 0 0 2 5 5
-5341.8 -4207.1 -8.1 299 0 11.3 11.9 5.0 2.5 2 1 2 0 0
