-3248.0 6086.6 -0.3 285 0 9.0 13.9 2.5 2.5 2 1 1 0 0
-3500.5 5903.2 8.9 23 0 10.6 11.9 5.0 2.5 2 1 2 1 1
-3506.7 5945.0 8.1 302 0 17.4 27.4 5.0 2.5 2 1 2 0 0
-3305.2 6042.5 2.7 189 0 6.5 8.4 2.5 2.5 2 1 1 4 4
-3285.5 6006.8 2.6 179 0 12.7 6.8 2.5 2.5 2 0 1 3 3
-3293.7 6008.9 2.9 358 0 8.1 8.6 2.5 0.0 0 1 1 4 4
-3310.0 6024.9 3.3 268 0 15.4 10.4 2.5 2.5 2 0 1 4 4
-3311.2 6002.7 2.9 90 0 6.8 10.4 2.5 2.5 2 1 1 4 4
-3329.0 6004.6 3.2 87 0 9.4 11.8 2.5 2.5 2 1 1 1 1
-3405.3 6017.6 3.2 271 0 22.0 12.4 2.5 2.5 2 0 1 4 4
-3409.9 5999.1 4.2 5 0 7.8 10.2 2.5 0.0 0 1 1 3 3
-3441.2 6002.5 4.8 273 0 17.4 9.0 7.5 2.5 2 0 3 3 3
-3461.8 6009.1 4.8 96 0 14.6 11.1 2.5 2.5 2 0 1 3 3
-3490.8 6021.2 5.4 6 0 17.7 9.0 5.0 0.0 0 0 2 2 2
-3509.8 6033.5 5.6 280 0 11.1 10.2 5.0 2.5 2 0 2 4 4
-3526.4 6032.5 6.2 281 0 9.7 6.9 5.0 0.0 0 0 2 3 3
-3555.2 6045.5 8.0 290 0 7.7 7.1 5.0 2.5 4 0 2 2 2
-3569.1 6051.5 8.2 296 0 9.5 14.1 5.0 2.5 2 1 2 4 4
-3623.8 6051.6 9.0 208 0 7.6 9.4 5.0 2.5 2 1 2 4 4
-3641.4 6060.2 9.4 215 0 5.8 10.2 5.0 2.5 2 1 2 0 0
-3633.0 6061.5 9.4 122 0 11.0 10.8 5.0 2.5 2 0 2 4 4
-3674.2 6100.8 8.7 299 0 8.6 8.1 5.0 2.5 2 0 2 5 5
-3688.2 6103.7 8.5 209 0 8.0 7.0 5.0 2.5 2 0 2 0 0
-3692.1 6087.9 8.9 207 0 11.3 8.4 5.0 2.5 2 0 2 1 1
-3698.2 6058.7 9.9 204 0 9.1 7.3 5.0 2.5 4 0 2 5 5
-3713.2 6048.8 10.1 204 0 10.1 13.6 5.0 2.5 2 1 2 1 1
-3717.4 6037.7 10.4 204 0 7.5 10.6 5.0 2.5 2 1 2 2 2
-3724.6 6038.7 10.2 26 0 5.8 9.4 2.5 2.5 2 1 1 5 5
-3739.8 6060.8 9.5 200 0 8.9 9.8 2.5 2.5 2 1 1 0 0
-3720.5 6053.7 9.7 22 0 11.4 9.4 2.5 2.5 4 0 1 1 1
-3714.2 6066.3 9.3 21 0 8.3 13.3 2.5 2.5 2 1 1 1 1
-3729.4 6085.6 8.8 203 0 7.9 20.4 2.5 2.5 2 1 1 1 1
-3740.1 6123.9 7.2 123 0 9.3 11.6 2.5 2.5 2 1 1 4 4
-3711.6 6106.4 8.0 123 0 6.2 10.2 2.5 2.5 2 1 1 0 0
-3680.0 6111.8 8.0 116 0 11.1 8.1 5.0 2.5 2 0 2 1 1
-3669.3 6146.0 7.2 211 0 5.9 8.5 5.0 2.5 2 1 2 0 0
-3671.9 6138.4 7.4 211 0 7.3 8.7 5.0 2.5 2 1 2 3 3
-3652.2 6130.1 7.8 303 0 13.6 10.2 5.0 2.5 2 0 2 3 3
-3619.3 6124.1 8.3 301 0 7.9 9.0 5.0 2.5 2 1 2 5 5
-3600.9 6114.3 10.4 298 0 16.5 13.7 5.0 2.5 2 0 2 4 4
-3580.9 6103.6 9.4 297 0 9.8 17.1 5.0 2.5 2 1 2 3 3
-3564.9 6087.0 9.0 28 0 15.2 11.7 5.0 2.5 2 0 2 2 2
-3552.1 6090.9 7.9 298 0 11.8 17.5 2.5 2.5 2 1 1 0 0
-3539.8 6081.6 7.0 294 0 8.3 12.7 2.5 2.5 2 1 1 1 1
-3524.3 6073.8 5.7 297 0 8.9 12.7 2.5 2.5 2 1 1 2 2
-3517.1 6054.0 4.8 117 0 9.2 7.7 2.5 2.5 2 0 1 5 5
-3509.0 6068.5 4.3 301 0 13.4 8.4 2.5 2.5 2 0 1 2 2
-3502.7 6048.6 4.6 115 0 9.2 6.4 2.5 2.5 2 0 1 5 5
-3496.8 6064.0 4.2 297 0 11.0 8.3 2.5 2.5 2 0 1 3 3
-3478.4 6050.3 3.5 180 0 19.7 11.6 2.5 2.5 2 0 1 0 0
-3449.1 6055.9 3.1 265 0 7.9 12.1 2.5 2.5 2 1 1 5 5
-3431.5 6053.9 2.9 268 0 12.6 7.8 2.5 2.5 4 0 1 1 1
-3432.2 6063.9 2.9 269 0 12.5 8.4 2.5 2.5 2 0 1 2 2
-3414.1 6063.8 3.0 269 0 10.0 14.9 2.5 2.5 2 1 1 5 5
-3411.1 6035.5 3.0 95 0 9.2 7.6 2.5 2.5 2 0 1 4 4
-3398.2 6033.9 3.0 92 0 8.0 8.1 2.5 2.5 4 1 1 5 5
-3396.8 6065.0 2.9 268 0 9.6 9.3 2.5 2.5 2 0 1 1 1
-3380.2 6067.0 2.5 267 0 14.1 13.6 2.5 2.5 2 0 1 3 3
-3352.4 6032.6 3.5 90 0 11.6 7.3 2.5 2.5 2 0 1 0 0
-3345.1 6067.6 2.0 269 0 12.4 16.1 2.5 2.5 2 1 1 4 4
-3329.1 6067.9 1.8 274 0 10.1 16.9 2.5 2.5 4 1 1 1 1
-3308.6 6058.3 1.7 8 0 15.4 10.6 2.5 2.5 2 0 1 5 5
-3297.7 6063.8 1.6 279 0 11.1 16.6 2.5 2.5 4 1 1 1 1
-3282.9 6060.4 1.6 281 0 10.5 14.4 2.5 2.5 2 1 1 2 2
-3271.0 6057.4 1.6 283 0 9.1 13.9 2.5 2.5 2 1 1 1 1
-3231.8 6039.6 1.7 17 0 10.3 7.1 2.5 0.0 0 0 1 0 0
-3245.4 6050.3 1.6 284 0 11.1 8.6 2.5 0.0 0 0 1 0 0
-3242.9 6062.5 0.7 194 0 7.2 6.2 2.5 0.0 0 0 1 1 1
-3228.3 6073.4 0.3 288 0 11.3 8.4 2.5 0.0 0 0 1 2 2
-3280.6 6089.9 -0.5 192 0 8.5 10.8 2.5 2.5 2 1 1 4 4
-3277.9 6069.1 0.6 103 0 13.0 9.0 2.5 2.5 2 0 1 5 5
-3295.2 6087.9 0.3 278 0 7.2 4.5 2.5 2.5 2 0 1 4 4
-3296.3 6073.0 0.6 101 0 10.5 8.2 2.5 2.5 2 0 1 2 2
-3311.9 6075.6 0.6 97 0 11.4 9.5 2.5 2.5 2 0 1 3 3
-3324.6 6086.0 0.7 270 0 12.0 8.1 2.5 2.5 2 0 1 0 0
-3345.0 6089.6 0.8 270 0 10.8 10.0 2.5 2.5 2 0 1 3 3
-3361.6 6089.9 1.1 270 0 8.6 5.7 2.5 2.5 2 0 1 5 5
-3378.0 6090.9 1.3 270 0 8.7 6.3 2.5 2.5 2 0 1 2 2
-3393.2 6075.4 1.8 90 0 9.0 9.6 2.5 2.5 2 1 1 5 5
-3404.5 6075.4 1.8 90 0 9.9 13.1 2.5 2.5 2 1 1 3 3
-3416.5 6090.0 1.8 268 0 9.2 14.9 2.5 2.5 2 1 1 2 2
-3460.4 6070.8 2.8 91 0 14.0 8.7 2.5 0.0 0 0 1 4 4
-3482.0 6091.5 2.7 273 0 9.4 13.1 2.5 2.5 4 1 1 4 4
-3495.8 6092.1 3.3 299 0 9.2 7.9 2.5 2.5 2 0 1 3 3
-3512.6 6099.4 4.4 299 0 11.7 6.7 2.5 2.5 2 0 1 3 3
-3520.6 6083.4 5.0 119 0 11.1 9.8 2.5 2.5 2 0 1 0 0
-3531.9 6098.8 5.4 119 0 13.7 6.1 2.5 2.5 4 0 1 4 4
-3548.9 6098.0 5.9 119 0 11.9 14.9 2.5 2.5 2 1 1 0 0
-3558.6 6126.4 6.2 299 0 7.9 9.9 2.5 2.5 2 1 1 3 3
-3580.3 6117.1 7.0 119 0 10.3 15.9 2.5 2.5 2 1 1 5 5
-3593.9 6121.9 9.7 119 0 10.7 6.3 2.5 2.5 2 0 1 2 2
-3608.4 6131.5 7.8 113 0 10.8 14.7 2.5 2.5 2 1 1 4 4
-3616.5 6157.0 7.2 293 0 12.6 7.5 2.5 2.5 2 0 1 2 2
-3623.8 6140.3 7.5 113 0 10.7 5.2 2.5 0.0 0 0 1 0 0
-3640.0 6147.5 7.0 113 0 11.2 11.2 2.5 0.0 0 0 1 0 0
-3658.2 6157.7 6.5 113 0 11.6 14.9 2.5 2.5 2 1 1 1 1
-3666.2 6180.1 6.2 293 0 9.4 9.3 2.5 2.5 2 0 1 5 5
-3680.8 6188.5 5.8 293 0 7.5 9.2 2.5 0.0 0 1 1 4 4
-3702.3 6180.1 5.8 113 0 10.6 6.8 2.5 2.5 2 0 1 4 4
-3712.4 6202.0 5.2 293 0 7.2 5.9 2.5 2.5 2 0 1 0 0
-3720.6 6208.3 5.1 293 0 7.6 11.4 2.5 2.5 2 1 1 5 5
-3748.3 6203.3 4.7 113 0 14.5 8.8 2.5 2.5 4 0 1 2 2
-3757.0 6218.5 4.4 293 0 8.1 10.2 2.5 2.5 2 1 1 4 4
5674.3 2942.5 -12.7 248 0 8.4 13.8 5.0 0.0 0 1 2 0 0
5684.0 2955.1 -11.7 254 0 9.7 16.7 5.0 2.5 2 1 2 1 1
5705.8 2956.4 -10.9 254 0 7.6 11.8 5.0 2.5 2 1 2 3 3
5717.9 2959.6 -10.4 258 0 9.2 10.1 5.0 2.5 2 1 2 4 4
5730.8 2962.7 -10.0 258 0 8.2 10.4 5.0 2.5 2 1 2 5 5
5751.7 2950.4 -11.1 325 0 8.8 6.5 5.0 2.5 2 0 2 3 3
5764.8 2952.0 -11.7 142 0 14.2 8.6 2.5 2.5 2 0 1 2 2
5755.4 2962.8 -9.4 147 0 7.1 8.8 2.5 2.5 2 1 1 1 1
5780.6 2957.9 -11.2 51 0 7.2 16.5 2.5 2.5 2 1 1 4 4
5793.1 2961.6 -11.7 51 0 11.3 10.4 2.5 2.5 2 0 1 3 3
5803.3 2969.9 -11.3 51 0 8.5 9.5 2.5 2.5 2 1 1 5 5
5792.1 2988.6 -6.6 57 0 10.3 11.4 2.5 2.5 2 1 1 3 3
5817.6 2985.1 -9.1 41 0 11.0 12.0 2.5 2.5 2 1 1 0 0
5827.4 2995.3 -7.4 32 0 8.4 16.2 2.5 0.0 0 1 1 3 3
5833.8 3008.0 -5.4 29 0 11.2 17.3 2.5 2.5 2 1 1 2 2
5837.6 3022.4 -3.2 26 0 9.2 11.3 2.5 2.5 2 1 1 3 3
5851.3 3045.0 -4.6 23 0 24.9 22.5 2.5 2.5 2 0 1 2 2
5865.5 3070.5 -7.0 28 0 14.0 12.5 2.5 0.0 0 0 1 2 2
5876.3 3091.1 -7.2 26 0 25.7 11.8 2.5 2.5 2 0 1 5 5
5888.5 3115.8 -7.8 22 0 21.3 12.0 2.5 2.5 2 0 1 0 0
5900.5 3145.4 -7.6 22 0 8.7 13.1 2.5 0.0 0 1 1 1 1
5910.4 3158.6 -8.7 18 0 13.5 22.3 2.5 2.5 2 1 1 2 2
5862.4 3327.2 -8.6 264 0 11.7 11.4 2.5 2.5 2 0 1 3 3
5892.3 3326.5 -13.9 354 0 12.0 20.4 2.5 2.5 2 1 1 5 5
5891.1 3291.9 -14.2 357 0 51.4 10.7 2.5 2.5 4 0 1 3 3
5900.0 3257.1 -11.4 356 0 12.6 17.2 2.5 0.0 0 1 1 2 2
5900.2 3245.9 -9.6 353 0 7.8 12.2 2.5 2.5 2 1 1 5 5
5900.3 3232.8 -8.0 357 0 10.8 9.7 2.5 2.5 2 0 1 3 3
5907.9 3218.5 -8.8 11 0 10.9 12.5 2.5 2.5 2 1 1 4 4
5926.7 3199.0 -11.2 24 0 8.1 10.4 2.5 2.5 2 1 1 0 0
5929.1 3213.2 -12.6 19 0 11.7 17.4 2.5 2.5 2 1 1 3 3
5926.4 3241.1 -16.8 17 0 9.3 11.8 2.5 2.5 2 1 1 0 0
5945.8 3207.5 -17.9 293 0 13.5 18.7 5.0 0.0 0 1 2 2 2
5927.4 3181.2 -17.4 205 0 8.5 18.0 5.0 2.5 2 1 2 2 2
5915.8 3156.1 -15.7 205 0 11.1 19.4 5.0 2.5 4 1 2 2 2
5909.5 3141.9 -15.4 205 0 13.3 22.0 5.0 2.5 2 1 2 0 0
5900.4 3119.1 -16.0 205 0 11.2 27.2 5.0 2.5 4 1 2 3 3
5891.6 3104.7 -12.6 205 0 16.1 11.9 5.0 2.5 4 0 2 4 4
5907.3 3088.9 -16.1 117 0 11.4 15.3 5.0 2.5 2 1 2 0 0
5881.2 3084.7 -14.7 203 0 10.7 16.4 2.5 2.5 2 1 1 5 5
5876.0 3072.1 -14.3 206 0 8.9 14.1 2.5 2.5 2 1 1 4 4
5863.5 3050.5 -13.5 205 0 11.9 20.3 2.5 2.5 2 1 1 3 3
5867.9 3034.3 -12.7 209 0 7.5 22.9 2.5 2.5 2 1 1 3 3
5855.4 3028.4 -10.7 208 0 10.2 21.0 2.5 2.5 2 0 1 0 0
5850.9 3020.0 -11.2 208 0 8.6 20.9 2.5 2.5 2 0 1 1 1
5846.8 3012.3 -11.8 208 0 8.9 21.0 2.5 2.5 2 0 1 4 4
5841.2 3002.1 -13.5 216 0 7.4 25.3 2.5 2.5 2 1 1 2 2
5863.3 2973.1 -16.3 42 0 7.6 20.7 2.5 2.5 4 1 1 4 4
5834.0 2984.4 -16.5 222 0 9.3 25.6 2.5 2.5 2 1 1 3 3
5823.1 2978.7 -16.0 229 0 9.5 17.0 2.5 2.5 2 1 1 5 5
5814.2 2969.8 -17.2 226 0 8.9 18.5 2.5 2.5 2 1 1 3 3
5804.4 2962.9 -15.8 228 0 10.7 14.6 2.5 2.5 2 1 1 0 0
5795.2 2954.2 -17.4 228 0 5.7 20.2 2.5 2.5 2 1 1 1 1
5789.1 2944.6 -16.2 228 0 11.6 11.2 2.5 2.5 2 0 1 2 2
5793.3 2919.4 -17.5 50 0 9.7 19.5 2.5 2.5 2 1 1 4 4
5773.6 2914.2 -17.3 134 0 10.5 9.9 2.5 2.5 2 0 1 1 1
5742.2 2924.4 -12.9 49 0 4.7 23.6 5.0 2.5 2 1 2 2 2
5732.9 2921.2 -13.3 51 0 8.7 12.7 5.0 2.5 2 1 2 3 3
5722.6 2916.1 -13.8 54 0 9.5 18.1 5.0 2.5 2 1 2 5 5
5713.6 2910.7 -14.2 53 0 6.3 19.4 5.0 2.5 2 1 2 3 3
5707.3 2904.7 -15.0 48 0 8.2 20.4 5.0 2.5 2 1 2 0 0
5667.7 2921.6 -13.6 59 0 9.5 11.0 5.0 2.5 2 1 2 0 0
5708.9 2973.0 -8.8 169 0 16.1 10.3 2.5 2.5 2 0 1 5 5
5702.8 2966.4 -8.6 80 0 8.1 17.3 2.5 2.5 4 1 1 4 4
5690.8 2965.0 -9.0 78 0 7.2 17.1 2.5 2.5 2 1 1 1 1
5671.5 2980.6 -7.6 84 0 12.5 12.0 2.5 2.5 2 0 1 5 5
5678.7 2967.3 -9.0 76 0 8.6 11.1 2.5 2.5 2 1 1 1 1
5663.9 2963.3 -9.6 74 0 8.4 17.1 2.5 2.5 2 1 1 2 2
5653.3 2961.9 -9.8 74 0 9.3 9.9 2.5 2.5 2 1 1 4 4
5642.1 2983.9 -7.5 87 0 10.4 10.2 2.5 0.0 0 0 1 0 0
5631.7 2962.8 -9.5 76 0 5.8 16.9 2.5 2.5 2 1 1 4 4
5620.5 2952.2 -10.4 79 0 5.2 10.9 2.5 2.5 2 1 1 3 3
5609.3 2951.5 -10.3 79 0 7.2 18.5 2.5 2.5 2 1 1 0 0
5598.4 2952.1 -9.8 72 0 6.9 17.5 2.5 2.5 2 1 1 1 1
5587.3 2949.5 -9.6 75 0 8.4 19.2 2.5 2.5 2 1 1 0 0
5556.2 2951.9 -8.3 122 0 9.1 17.3 2.5 2.5 2 1 1 3 3
5542.4 2962.3 -6.8 127 0 9.3 16.4 2.5 2.5 2 1 1 0 0
5530.7 2969.5 -5.9 125 0 14.1 10.9 2.5 2.5 2 0 1 5 5
5448.8 2915.7 -13.3 151 0 9.2 19.4 5.0 2.5 2 1 2 1 1
5488.3 2934.2 -16.1 326 0 13.3 14.8 2.5 2.5 2 1 1 3 3
5488.3 2968.7 -15.4 11 0 27.6 13.3 2.5 2.5 2 0 1 5 5
5454.9 3011.0 -4.6 284 0 53.7 14.1 2.5 2.5 2 0 1 2 2
5467.1 2966.1 -13.3 14 0 12.3 30.0 2.5 2.5 2 1 1 4 4
5404.6 2986.3 -10.8 196 0 29.2 13.3 2.5 2.5 2 0 1 5 5
