3899.5 1844.2 -11.7 192 0 10.1 19.4 2.5 2.5 2 1 1 5 5
3921.4 1814.7 -4.8 110 0 25.4 10.8 2.5 2.5 2 0 1 2 2
-4117.1 -305.6 -0.9 323 0 8.2 15.3 7.5 2.5 2 1 3 0 0
-4294.6 -307.8 9.7 224 0 14.5 10.9 2.5 2.5 2 0 1 2 2
-4304.5 -337.5 9.7 227 0 8.9 13.1 7.5 2.5 2 1 3 3 3
-4321.0 -390.4 5.7 144 0 34.4 9.8 7.5 2.5 2 0 3 1 1
-4276.2 -371.6 5.3 144 0 16.1 8.7 5.0 2.5 2 0 2 3 3
-4215.1 -271.9 7.6 234 0 9.3 9.8 2.5 2.5 2 1 1 0 0
-4175.4 -300.9 5.2 324 0 8.2 10.0 5.0 2.5 2 1 2 5 5
-4192.8 -319.9 5.1 54 0 8.2 9.8 5.0 2.5 2 1 2 5 5
-4214.0 -334.2 5.3 54 0 7.1 15.4 7.5 2.5 2 1 3 2 2
-4228.4 -346.0 5.2 54 0 9.8 13.5 7.5 2.5 2 1 3 4 4
-4193.3 -345.7 2.5 54 0 5.5 11.1 7.5 2.5 2 1 3 1 1
-4133.0 -341.5 -2.9 54 0 8.8 8.7 2.5 2.5 2 0 1 4 4
-4147.9 -352.7 -2.8 54 0 6.3 7.2 7.5 2.5 4 1 3 0 0
-4161.0 -361.9 -2.6 54 0 6.2 9.1 7.5 2.5 2 1 3 5 5
-4201.3 -379.2 -0.6 54 0 5.5 9.6 5.0 2.5 2 1 2 2 2
-4206.3 -396.2 -2.1 54 0 6.3 9.8 7.5 2.5 4 1 3 5 5
-4223.4 -406.2 -1.6 54 0 8.1 10.7 2.5 2.5 2 1 1 4 4
-4236.8 -415.7 -1.4 54 0 7.3 13.1 7.5 2.5 4 1 3 4 4
-4252.7 -394.8 2.2 54 0 6.2 10.6 7.5 2.5 2 1 3 1 1
-4259.6 -408.8 1.3 54 0 12.5 5.6 7.5 2.5 2 0 3 1 1
-4250.8 -423.9 -1.0 54 0 7.7 10.2 7.5 0.0 0 1 3 2 2
-4267.8 -437.1 -0.9 54 0 10.6 9.6 5.0 2.5 2 0 2 1 1
3915.0 2043.7 -12.7 207 0 21.8 23.1 2.5 2.5 2 1 1 4 4
