884.3 3754.5 0.6 248 0 8.7 7.3 2.5 2.5 2 0 1 5 5
837.8 3741.0 -0.0 248 0 8.1 7.5 2.5 2.5 2 0 1 2 2
751.8 3713.2 -0.6 248 0 9.7 7.5 2.5 2.5 2 0 1 1 1
645.5 3658.3 -0.5 248 0 8.8 4.4 2.5 2.5 2 0 1 5 5
604.3 3651.5 -0.5 248 0 10.1 5.4 2.5 0.0 0 0 1 3 3
534.0 3623.2 -0.0 248 0 6.4 6.3 2.5 2.5 2 0 1 4 4
438.0 3634.5 -1.7 68 0 4.7 5.4 2.5 2.5 2 1 1 5 5
1246.6 3915.5 0.7 248 0 7.3 4.0 5.0 2.5 2 0 2 3 3
1234.5 3962.4 -0.6 68 0 8.9 6.3 2.5 2.5 2 0 1 4 4
1427.2 4051.0 0.1 68 0 4.6 9.9 2.5 2.5 2 1 1 0 0
1603.8 4115.4 -1.9 68 0 8.9 7.2 2.5 2.5 2 0 1 0 0
1866.2 4159.3 -1.6 248 0 9.3 8.0 2.5 0.0 0 0 1 0 0
1838.8 4206.2 -3.7 68 0 8.4 7.4 2.5 2.5 2 0 1 5 5
1858.5 4485.6 -3.1 248 0 7.4 7.2 2.5 2.5 2 0 1 1 1
1949.4 4413.5 -4.5 68 0 9.1 8.4 2.5 2.5 2 0 1 4 4
1905.8 4361.1 -4.5 248 0 8.1 10.7 2.5 2.5 2 1 1 0 0
1889.3 4395.7 -4.0 68 0 8.9 4.7 2.5 2.5 2 0 1 2 2
1850.6 4383.0 -3.7 68 0 10.4 8.5 2.5 2.5 2 0 1 4 4
1733.9 4323.6 -3.1 68 0 9.3 8.0 2.5 2.5 2 0 1 4 4
1749.3 4297.6 -3.3 248 0 8.9 12.6 2.5 2.5 2 1 1 1 1
1712.9 4277.9 -3.3 338 0 9.7 8.3 2.5 2.5 2 0 1 3 3
1698.7 4307.8 -3.2 68 0 10.5 8.8 2.5 2.5 2 0 1 1 1
1636.8 4282.6 -2.9 68 0 10.3 19.1 2.5 2.5 2 1 1 0 0
1646.7 4254.9 -3.1 248 0 9.6 8.9 2.5 2.5 2 0 1 2 2
1615.7 4230.2 -2.9 248 0 11.6 6.8 2.5 2.5 2 0 1 2 2
1574.3 4213.6 -2.7 248 0 8.5 4.5 2.5 2.5 2 0 1 0 0
1596.6 4267.7 -2.9 68 0 7.9 9.2 2.5 2.5 2 1 1 2 2
1521.5 4236.4 -2.9 68 0 10.1 16.3 2.5 2.5 2 1 1 1 1
1454.4 4177.4 -3.5 248 0 7.7 9.6 2.5 2.5 2 1 1 5 5
1483.9 4222.1 -2.9 68 0 9.7 9.1 2.5 2.5 2 0 1 1 1
1443.7 4213.0 -2.9 68 0 9.8 7.8 2.5 2.5 2 0 1 5 5
1408.3 4191.0 -3.3 68 0 9.7 9.8 2.5 2.5 2 1 1 0 0
1370.3 4175.4 -3.2 68 0 8.3 12.6 2.5 2.5 2 1 1 2 2
1294.5 4144.8 -2.5 68 0 9.5 10.2 2.5 2.5 2 1 1 4 4
1267.7 4099.3 -1.8 248 0 7.6 7.8 2.5 2.5 2 1 1 3 3
1229.3 4085.0 -2.1 248 0 9.1 11.6 2.5 2.5 2 1 1 4 4
1190.5 4069.6 -2.2 248 0 9.2 10.9 2.5 2.5 2 1 1 5 5
1112.6 4204.6 -3.1 248 0 7.8 12.2 2.5 2.5 2 1 1 1 1
1099.6 4198.9 -3.0 248 0 7.9 11.8 2.5 2.5 2 1 1 1 1
1101.2 4221.7 -3.2 68 0 10.5 39.4 2.5 2.5 2 1 1 1 1
1073.3 4274.3 -3.4 158 0 25.2 11.8 2.5 2.5 2 0 1 1 1
1037.0 4287.8 -3.7 158 0 12.1 27.4 2.5 2.5 2 1 1 3 3
1027.5 4302.0 -3.9 158 0 7.7 7.9 2.5 2.5 2 1 1 0 0
1022.6 4313.9 -4.0 158 0 7.2 12.8 2.5 2.5 2 1 1 1 1
835.3 4630.9 0.9 248 0 5.9 6.8 2.5 2.5 2 1 1 5 5
857.3 4567.7 -0.6 338 0 5.2 6.9 2.5 2.5 2 1 1 2 2
932.6 4447.3 -3.5 338 0 10.3 10.8 2.5 2.5 2 1 1 3 3
957.8 4380.9 -4.0 338 0 17.4 12.1 2.5 2.5 2 0 1 5 5
990.4 4337.3 -3.5 338 0 22.1 14.0 2.5 2.5 2 0 1 5 5
995.0 4299.5 -2.9 338 0 26.4 18.9 2.5 2.5 4 0 1 1 1
1027.6 4247.7 -2.8 338 0 15.0 10.2 2.5 2.5 2 0 1 2 2
588.3 4032.5 1.4 68 0 8.6 5.5 2.5 2.5 2 0 1 1 1
855.1 4140.7 -0.8 68 0 14.3 21.3 2.5 2.5 2 1 1 5 5
849.7 4124.2 -1.0 68 0 14.9 7.0 2.5 2.5 4 0 1 0 0
1100.9 4064.0 -2.8 68 0 8.0 10.5 2.5 2.5 2 1 1 3 3
1123.6 4006.0 -2.0 338 0 9.5 10.5 2.5 2.5 2 1 1 0 0
1106.6 4025.8 -2.3 248 0 10.8 9.3 2.5 2.5 2 0 1 3 3
1074.2 4023.5 -2.7 248 0 10.8 11.9 2.5 2.5 2 1 1 1 1
1028.9 4034.8 -2.7 68 0 7.0 8.6 2.5 2.5 4 1 1 1 1
988.6 4016.7 -2.6 68 0 6.8 10.6 2.5 2.5 2 1 1 3 3
995.8 3978.5 -2.7 248 0 7.5 5.9 2.5 2.5 4 0 1 2 2
943.9 4012.8 -2.5 68 0 6.3 9.2 2.5 2.5 2 1 1 2 2
838.0 3954.9 -2.4 68 0 9.9 11.9 2.5 2.5 2 1 1 1 1
850.7 3928.7 -3.1 248 0 7.6 15.7 2.5 0.0 0 1 1 1 1
765.2 3925.2 -2.2 68 0 9.6 12.7 2.5 2.5 2 1 1 0 0
772.5 3899.7 -3.2 248 0 9.5 12.4 2.5 2.5 2 1 1 5 5
735.0 3866.3 -3.4 248 0 6.0 9.4 2.5 0.0 0 1 1 1 1
724.2 3910.1 -2.2 68 0 9.3 9.6 2.5 0.0 0 1 1 3 3
697.3 3867.7 -3.0 248 0 8.2 10.1 2.5 2.5 2 1 1 2 2
579.4 3821.7 -2.4 248 0 8.7 11.4 2.5 2.5 2 1 1 2 2
568.7 3845.6 -1.9 68 0 8.2 10.1 2.5 2.5 2 1 1 0 0
528.3 3842.3 -1.7 68 0 8.0 6.3 2.5 2.5 2 0 1 2 2
550.0 3793.1 -2.0 248 0 9.4 6.1 2.5 2.5 2 0 1 2 2
495.9 3816.3 -1.7 68 0 6.6 6.9 2.5 2.5 2 1 1 5 5
492.1 3827.2 -1.5 68 0 10.9 7.4 2.5 2.5 2 0 1 4 4
505.1 3790.0 -1.8 248 0 7.3 10.1 2.5 2.5 2 1 1 3 3
473.5 3759.6 -1.3 248 0 8.2 6.9 2.5 2.5 2 0 1 5 5
448.9 3807.8 -1.4 68 0 5.3 6.1 2.5 2.5 2 1 1 4 4
417.1 3784.2 -2.3 68 0 9.1 11.6 2.5 2.5 2 1 1 2 2
429.2 3756.7 -2.6 248 0 7.9 8.6 2.5 2.5 2 1 1 0 0
364.2 3718.4 -2.7 248 0 5.4 8.7 2.5 0.0 0 1 1 0 0
332.1 3761.6 -3.0 68 0 7.0 11.8 2.5 2.5 4 1 1 2 2
280.1 3756.6 -1.0 68 0 7.2 6.9 2.5 2.5 2 0 1 1 1
307.7 3693.8 -1.6 248 0 4.9 4.9 2.5 2.5 2 1 1 4 4
