6541.5 3215.0 -6.6 202 0 10.0 11.4 2.5 2.5 2 1 1 3 3
6556.1 3207.7 -6.3 112 0 8.2 6.0 2.5 2.5 2 0 1 5 5
6604.3 3162.0 -4.6 327 0 12.2 12.3 2.5 2.5 2 1 1 2 2
6584.9 3142.7 -5.3 57 0 25.8 10.7 2.5 0.0 0 0 1 0 0
6489.1 3056.4 -2.4 264 0 10.9 8.0 5.0 2.5 2 0 2 1 1
6472.6 3053.3 -2.8 0 0 6.1 9.7 5.0 2.5 2 1 2 1 1
6485.2 3071.5 -2.4 359 0 10.5 9.4 5.0 2.5 2 0 2 1 1
6495.6 3022.6 -2.3 159 0 7.6 11.2 5.0 2.5 2 1 2 4 4
6499.3 3011.2 -2.3 157 0 7.7 11.9 5.0 2.5 2 1 2 3 3
6484.0 3019.9 -2.8 346 0 5.5 10.7 5.0 2.5 2 1 2 1 1
6485.6 3011.8 -2.7 345 0 8.4 6.9 5.0 2.5 2 0 2 3 3
6488.3 3003.1 -2.7 341 0 7.3 8.6 5.0 2.5 2 1 2 1 1
6490.7 2993.5 -2.7 341 0 8.6 7.7 5.0 2.5 2 0 2 2 2
6502.2 2957.9 -2.8 336 0 7.1 10.4 5.0 2.5 2 1 2 3 3
6506.8 2943.5 -2.8 336 0 9.1 8.7 5.0 0.0 0 0 2 1 1
6515.8 2929.0 -2.8 336 0 8.4 12.8 5.0 2.5 2 1 2 0 0
6519.4 2919.9 -2.6 336 0 8.6 11.6 5.0 0.0 0 1 2 3 3
6526.5 2899.2 -2.1 336 0 6.9 10.0 5.0 2.5 4 1 2 4 4
6507.3 2987.4 -2.3 156 0 6.8 10.1 5.0 2.5 2 1 2 0 0
6511.0 2979.4 -2.3 156 0 7.2 10.6 5.0 2.5 2 1 2 0 0
6514.2 2970.7 -2.3 156 0 7.6 10.6 5.0 2.5 2 1 2 5 5
6517.4 2962.1 -2.3 156 0 7.7 11.5 5.0 2.5 2 1 2 4 4
6520.9 2953.5 -2.3 156 0 7.9 10.1 5.0 2.5 2 1 2 0 0
6524.7 2943.8 -2.3 156 0 7.1 9.4 5.0 2.5 2 1 2 0 0
6528.9 2933.9 -2.2 156 0 8.3 9.0 5.0 2.5 2 1 2 1 1
6532.7 2922.2 -2.2 159 0 10.1 10.2 5.0 2.5 4 1 2 1 1
6536.5 2910.0 -2.1 159 0 7.9 9.9 5.0 2.5 2 1 2 3 3
6548.4 2895.4 -1.7 158 0 16.9 6.7 5.0 2.5 2 0 2 3 3
6547.4 2880.8 -1.5 157 0 7.9 12.7 5.0 2.5 2 1 2 3 3
6551.2 2870.5 -1.6 157 0 8.0 13.5 5.0 2.5 2 1 2 1 1
6560.7 2847.3 -1.7 156 0 8.7 10.3 5.0 2.5 4 1 2 3 3
6570.0 2820.4 -2.0 160 0 20.6 12.4 5.0 2.5 2 0 2 0 0
6580.1 2795.8 -2.1 157 0 9.3 11.4 5.0 2.5 2 1 2 1 1
6585.2 2783.6 -2.1 157 0 7.4 10.5 5.0 2.5 2 1 2 3 3
6591.7 2767.3 -2.2 154 0 7.5 7.9 5.0 2.5 2 1 2 0 0
6596.0 2755.4 -2.2 154 0 8.7 12.0 5.0 2.5 2 1 2 3 3
6600.8 2744.2 -2.3 154 0 9.0 9.2 5.0 2.5 2 1 2 2 2
6530.1 2889.4 -1.9 334 0 9.2 10.8 5.0 2.5 2 1 2 3 3
6534.9 2878.0 -1.7 334 0 7.5 9.6 5.0 2.5 2 1 2 2 2
6540.0 2864.1 -1.8 334 0 8.2 10.8 5.0 2.5 2 1 2 3 3
6544.9 2852.1 -1.9 334 0 7.1 8.6 5.0 2.5 2 1 2 5 5
6548.1 2844.3 -2.0 334 0 6.7 11.2 5.0 2.5 2 1 2 5 5
6552.1 2832.5 -2.0 334 0 8.5 10.2 5.0 2.5 2 1 2 4 4
6560.3 2812.1 -2.2 334 0 7.5 9.9 5.0 2.5 2 1 2 5 5
6564.2 2803.0 -2.2 334 0 8.0 9.5 5.0 2.5 2 1 2 5 5
6568.1 2790.9 -2.3 334 0 7.3 10.3 5.0 2.5 2 1 2 3 3
6571.7 2780.4 -2.3 334 0 7.2 8.4 5.0 2.5 2 1 2 1 1
6576.2 2770.8 -2.4 334 0 8.1 10.9 5.0 0.0 0 1 2 1 1
6580.7 2760.8 -2.5 334 0 7.3 10.0 5.0 2.5 4 1 2 2 2
6584.2 2750.0 -2.5 334 0 6.9 10.6 5.0 2.5 2 1 2 1 1
6588.5 2738.4 -2.6 334 0 7.5 9.4 5.0 2.5 2 1 2 0 0
6595.7 2724.2 -2.6 334 0 7.1 9.6 5.0 2.5 2 1 2 4 4
6615.4 2716.4 -2.4 154 0 8.1 7.6 5.0 2.5 2 0 2 5 5
6620.3 2659.4 -2.1 334 0 7.3 8.3 5.0 2.5 4 1 2 4 4
6630.0 2648.7 -1.5 334 0 7.1 10.7 5.0 2.5 2 1 2 0 0
