5830.5 4212.8 -4.4 114 0 6.2 8.7 2.5 2.5 2 1 1 0 0
5771.4 4251.6 -4.4 294 0 6.8 3.6 2.5 2.5 2 0 1 2 2
5779.3 4345.3 -4.8 114 0 15.1 11.9 2.5 2.5 2 0 1 2 2
5811.8 4337.9 -4.8 114 0 8.7 7.3 2.5 2.5 2 0 1 1 1
5845.3 4326.9 -4.8 114 0 6.3 8.4 2.5 0.0 0 1 1 0 0
5910.4 4297.9 -4.7 114 0 7.8 8.3 2.5 2.5 2 1 1 1 1
5937.0 4276.6 -4.7 114 0 6.5 7.4 2.5 2.5 2 1 1 4 4
5999.3 4251.5 -4.7 114 0 7.9 8.0 2.5 2.5 2 1 1 0 0
5921.7 4189.9 -4.3 294 0 4.2 8.6 2.5 2.5 2 1 1 0 0
5950.1 4176.5 -4.3 294 0 10.1 9.3 2.5 2.5 2 0 1 5 5
5981.2 4162.0 -4.3 294 0 8.3 8.8 2.5 2.5 2 1 1 3 3
6038.0 4108.8 -4.2 114 0 9.6 6.0 2.5 0.0 0 0 1 0 0
6102.7 4215.4 -4.6 114 0 8.6 7.0 2.5 2.5 2 0 1 4 4
6167.6 4183.9 -4.6 114 0 6.3 8.5 2.5 2.5 2 1 1 1 1
6125.0 4103.8 -4.2 24 0 12.6 17.3 2.5 2.5 2 1 1 1 1
6114.1 4088.0 -4.2 24 0 12.5 14.0 2.5 2.5 2 1 1 5 5
6101.6 4069.5 -4.1 114 0 9.1 10.9 2.5 2.5 2 1 1 3 3
6124.2 4073.1 -4.1 24 0 10.2 7.7 2.5 2.5 2 0 1 4 4
6134.5 4073.5 -4.1 294 0 7.7 10.8 2.5 2.5 2 1 1 1 1
6152.4 4061.2 -4.1 204 0 10.8 24.9 2.5 2.5 2 1 1 2 2
6284.8 4128.6 -4.5 113 0 10.3 9.8 2.5 2.5 2 0 1 4 4
6273.3 4042.9 -4.1 293 0 28.0 9.0 2.5 2.5 2 0 1 4 4
6349.3 4086.7 -4.4 113 0 9.4 8.6 2.5 2.5 2 0 1 3 3
6321.1 4025.8 -4.1 293 0 8.2 17.6 2.5 2.5 2 1 1 1 1
6366.9 4006.8 -4.1 293 0 8.2 10.9 2.5 2.5 2 1 1 4 4
6393.9 4065.6 -4.4 113 0 8.5 10.2 2.5 2.5 2 1 1 5 5
6421.7 3984.0 -4.0 293 0 8.0 10.0 2.5 2.5 2 1 1 5 5
6440.7 4044.5 -4.3 113 0 8.8 8.7 2.5 2.5 2 0 1 1 1
6545.0 3992.1 -4.2 113 0 8.2 10.1 2.5 2.5 2 1 1 5 5
6492.6 4013.5 -4.3 113 0 7.8 10.5 2.5 2.5 2 1 1 2 2
6478.0 3961.0 -4.0 293 0 8.6 9.2 2.5 2.5 2 1 1 3 3
6524.5 3944.1 -4.0 293 0 7.2 11.3 2.5 2.5 2 1 1 5 5
6563.1 3931.7 -4.0 293 0 8.4 12.4 2.5 2.5 2 1 1 5 5
6611.1 3903.7 -3.9 23 0 12.8 7.4 2.5 2.5 2 0 1 2 2
6582.9 3978.8 -4.2 113 0 8.1 9.8 2.5 2.5 2 1 1 3 3
6634.8 3964.1 -4.2 23 0 10.0 9.6 2.5 2.5 2 0 1 4 4
