5226.0 4203.9 -7.5 89 0 9.4 9.9 5.0 2.5 2 1 2 4 4
5073.4 4247.8 -7.5 321 0 32.0 11.8 5.0 2.5 2 0 2 2 2
5419.1 4786.5 -6.4 187 0 8.8 15.4 2.5 2.5 2 1 1 5 5
5262.6 4290.1 -5.9 89 0 12.1 32.8 5.0 2.5 2 1 2 0 0
5180.0 4223.5 -7.6 271 0 5.5 8.4 5.0 0.0 0 1 2 5 5
5132.0 4201.4 -7.6 89 0 11.7 10.4 5.0 2.5 2 0 2 2 2
5053.9 4198.9 -7.3 90 0 7.3 9.7 5.0 2.5 2 1 2 4 4
5280.8 4276.9 -6.2 268 0 29.0 13.0 5.0 2.5 2 0 2 2 2
5388.2 4916.7 -6.4 4 0 11.7 12.5 2.5 2.5 2 1 1 5 5
5104.5 4200.4 -7.6 51 0 11.9 26.8 5.0 2.5 2 1 2 3 3
5381.4 4779.1 -5.6 3 0 11.0 14.4 5.0 2.5 2 1 2 2 2
5069.2 4199.7 -7.4 90 0 8.1 9.8 5.0 2.5 2 1 2 3 3
5087.0 4229.4 -7.6 320 0 7.0 11.0 5.0 2.5 2 1 2 5 5
5385.4 4864.6 -6.6 2 0 12.6 8.9 2.5 2.5 2 0 1 2 2
5051.9 4210.0 -7.3 92 0 7.4 4.8 5.0 2.5 2 0 2 4 4
5224.7 4223.7 -7.5 268 0 5.3 7.4 5.0 0.0 0 1 2 1 1
5182.0 4203.0 -7.5 88 0 10.1 11.5 5.0 2.5 2 1 2 1 1
5021.0 3566.7 -4.1 78 0 9.7 33.2 2.5 0.0 0 1 1 3 3
5092.5 3713.0 -5.2 74 0 11.9 5.6 2.5 2.5 4 0 1 5 5
5194.6 3777.0 -5.7 176 0 14.8 9.2 2.5 2.5 2 0 1 3 3
5375.2 4379.7 -6.6 184 0 10.0 20.2 2.5 2.5 2 1 1 5 5
5340.9 4409.4 -6.8 8 0 17.4 11.4 5.0 2.5 2 0 2 5 5
5090.4 3574.7 -3.8 360 0 17.5 11.9 2.5 2.5 2 0 1 1 1
5347.6 4454.6 -7.3 10 0 14.8 11.2 5.0 2.5 2 0 2 4 4
5050.1 3610.4 -3.7 270 0 20.9 9.8 2.5 2.5 2 0 1 4 4
5092.4 3702.7 -5.1 74 0 17.9 8.1 2.5 2.5 2 0 1 2 2
5134.0 3672.6 -4.4 274 0 10.7 16.2 5.0 2.5 2 1 2 3 3
5057.6 3562.8 -3.3 89 0 9.6 13.6 2.5 2.5 2 1 1 4 4
5166.6 3610.3 -4.3 274 0 7.6 10.1 5.0 2.5 2 1 2 0 0
5003.8 3609.9 -4.3 262 0 15.5 9.1 2.5 2.5 4 0 1 2 2
5158.1 3623.9 -4.3 95 0 13.0 14.1 5.0 2.5 2 1 2 2 2
5015.7 3629.0 -4.6 73 0 44.7 10.3 2.5 2.5 2 0 1 1 1
5294.2 4121.0 -7.3 181 0 7.5 4.8 2.5 2.5 2 0 1 3 3
5208.3 3619.7 -4.7 95 0 11.0 15.0 2.5 2.5 2 1 1 4 4
5395.7 4248.2 -7.3 1 0 13.4 11.7 2.5 2.5 2 0 1 4 4
5312.7 4022.2 -6.4 5 0 9.3 9.4 2.5 2.5 2 1 1 5 5
5378.2 4403.4 -6.8 184 0 7.6 9.9 2.5 2.5 2 1 1 2 2
5366.6 4198.3 -7.3 182 0 7.3 9.4 2.5 2.5 2 1 1 3 3
5115.7 3546.2 -4.2 262 0 7.7 11.6 2.5 2.5 2 1 1 3 3
5372.6 4297.2 -6.9 183 0 10.0 8.5 2.5 2.5 2 0 1 3 3
5328.5 4388.0 -6.5 9 0 6.2 3.4 5.0 2.5 2 0 2 5 5
5351.9 4481.1 -7.6 9 0 18.3 11.8 5.0 2.5 2 0 2 1 1
4965.8 3630.3 -4.7 261 0 12.4 8.2 2.5 2.5 2 0 1 4 4
5090.7 3688.0 -5.1 78 0 24.5 12.2 2.5 2.5 2 0 1 3 3
5153.6 3803.9 -6.1 80 0 18.8 7.7 2.5 2.5 2 0 1 5 5
5055.2 3599.9 -3.5 269 0 8.6 10.9 2.5 2.5 2 0 1 1 1
5179.1 3798.3 -6.0 81 0 8.4 18.4 2.5 2.5 2 1 1 5 5
5174.8 3771.7 -5.8 178 0 30.5 11.3 2.5 2.5 2 0 1 0 0
5343.8 4428.7 -6.9 10 0 8.8 11.5 5.0 2.5 2 1 2 2 2
5209.4 3666.1 -4.7 274 0 11.3 22.2 2.5 2.5 2 1 1 4 4
5370.7 4320.0 -6.8 184 0 8.7 13.9 2.5 2.5 4 1 1 5 5
4981.0 3640.6 -4.8 254 0 11.5 20.6 2.5 2.5 2 1 1 5 5
5306.1 4185.0 -7.2 270 0 5.1 12.3 2.5 2.5 2 0 1 4 4
5087.6 3671.2 -4.9 301 0 30.4 31.5 2.5 0.0 0 1 1 2 2
5169.5 3569.6 -4.5 1 0 10.1 57.0 5.0 0.0 0 1 2 0 0
5320.3 4145.2 -7.5 1 0 15.8 10.0 2.5 2.5 4 0 1 1 1
5126.6 3754.2 -6.1 92 0 10.6 44.2 2.5 2.5 2 1 1 5 5
5309.2 4001.8 -6.2 6 0 11.8 8.1 2.5 2.5 2 0 1 2 2
5163.7 3668.7 -4.4 274 0 10.2 16.8 5.0 2.5 2 1 2 1 1
5308.3 4093.1 -7.1 1 0 8.3 7.6 2.5 2.5 2 0 1 1 1
5366.6 4247.2 -7.1 181 0 15.3 10.9 2.5 2.5 2 0 1 1 1
5304.2 4041.0 -6.6 5 0 9.0 7.7 2.5 2.5 2 0 1 0 0
5316.8 4184.9 -7.2 271 0 16.3 12.3 2.5 2.5 2 0 1 0 0
5309.2 4122.6 -7.4 0 0 10.0 8.0 2.5 0.0 0 0 1 1 1
5452.2 4506.4 -7.6 358 0 10.5 15.3 5.0 0.0 0 1 2 3 3
5186.7 3823.1 -6.1 176 0 11.8 23.5 2.5 2.5 2 1 1 4 4
5381.0 4428.5 -7.1 183 0 9.1 10.5 2.5 0.0 0 1 1 0 0
5175.0 3690.9 -4.6 76 0 13.1 11.1 2.5 2.5 2 0 1 3 3
5338.2 4390.4 -6.6 9 0 14.1 9.1 5.0 2.5 2 0 2 3 3
5315.9 4123.8 -7.4 0 0 12.4 6.7 2.5 2.5 2 0 1 5 5
5046.2 3574.3 -3.7 89 0 10.1 25.6 2.5 2.5 2 0 1 4 4
5606.1 3532.8 -8.1 70 0 8.5 13.2 2.5 2.5 2 1 1 1 1
5744.2 3606.8 -8.9 290 0 5.6 9.7 2.5 2.5 2 1 1 5 5
5287.1 4346.7 -6.0 179 0 15.4 15.2 5.0 2.5 2 0 2 5 5
5298.2 4314.0 -6.0 87 0 11.2 20.8 5.0 2.5 2 1 2 3 3
5586.1 3541.3 -7.7 73 0 7.5 8.5 2.5 2.5 2 1 1 3 3
5262.3 4344.3 -5.9 177 0 13.4 14.6 5.0 2.5 2 1 2 3 3
5616.8 3563.9 -8.3 74 0 7.7 7.5 2.5 2.5 2 0 1 1 1
-6547.9 3856.3 -7.0 128 0 8.4 11.5 2.5 0.0 0 1 1 1 1
-6513.7 3859.9 -6.0 306 0 7.3 8.8 2.5 2.5 4 1 1 5 5
-6444.6 3797.3 -2.0 128 0 9.1 10.7 5.0 2.5 2 1 2 5 5
-6409.0 3771.4 -0.0 126 0 9.5 10.1 5.0 2.5 2 1 2 0 0
-6375.2 3749.0 0.4 130 0 6.9 10.3 5.0 2.5 2 1 2 0 0
-6326.0 3721.7 1.1 25 0 10.8 9.5 5.0 2.5 4 0 2 3 3
-6440.7 3716.9 -3.4 216 0 11.0 9.5 2.5 2.5 2 0 1 1 1
-6404.1 3685.5 -3.7 119 0 8.7 9.6 2.5 2.5 2 1 1 1 1
-6370.5 3662.8 -4.2 133 0 8.3 9.0 2.5 2.5 2 1 1 5 5
-6335.8 3642.3 -3.2 132 0 9.4 9.9 2.5 2.5 2 1 1 4 4
-6275.4 3612.5 -1.1 309 0 10.5 10.8 2.5 2.5 2 1 1 3 3
-6259.2 3583.1 -1.3 311 0 8.6 10.1 2.5 2.5 2 1 1 0 0
-6198.4 3549.4 -1.5 133 0 7.3 13.9 5.0 0.0 0 1 2 4 4
-6132.5 3591.9 -0.9 215 0 9.7 8.8 5.0 2.5 2 0 2 1 1
-6096.1 3575.0 -1.2 305 0 7.5 11.6 5.0 0.0 0 1 2 0 0
5295.3 3616.8 -5.6 277 0 12.1 10.7 2.5 2.5 2 0 1 3 3
4718.1 4506.2 -6.9 238 0 11.1 9.5 7.5 0.0 0 0 3 1 1
4618.8 4399.7 -7.6 323 0 11.8 14.5 7.5 2.5 2 1 3 3 3
4493.3 4295.4 -6.5 207 0 4.2 3.6 5.0 2.5 2 0 2 5 5
4484.1 4274.3 -6.3 221 0 3.2 7.0 7.5 2.5 2 1 3 4 4
4488.5 4278.4 -6.3 227 0 5.0 7.1 7.5 2.5 2 1 3 4 4
5086.5 3598.1 -3.8 1 0 15.0 17.7 2.5 2.5 4 1 1 4 4
