-4695.9 1072.4 -0.2 28 0 11.1 7.0 5.0 2.5 2 0 2 3 3
-5084.9 1237.0 -2.6 216 0 8.0 6.7 2.5 2.5 2 0 1 2 2
-5064.7 1247.0 -2.1 119 0 7.3 11.3 5.0 2.5 2 1 2 5 5
-5046.8 1241.4 -1.5 123 0 7.9 5.2 5.0 2.5 2 0 2 2 2
-5030.0 1229.6 -1.1 120 0 9.4 5.3 5.0 0.0 0 0 2 3 3
-5006.2 1190.7 -0.4 300 0 8.2 5.7 5.0 2.5 2 0 2 4 4
-5012.6 1217.0 -0.8 123 0 9.0 5.6 5.0 2.5 2 0 2 4 4
-5006.9 1227.0 -0.8 301 0 6.0 4.0 5.0 2.5 2 0 2 0 0
-4995.5 1226.8 -0.7 304 0 5.4 3.5 5.0 2.5 2 0 2 3 3
-4987.2 1217.8 -0.5 299 0 3.6 5.3 5.0 2.5 2 1 2 4 4
-4992.3 1207.7 -0.4 120 0 8.1 4.6 5.0 2.5 2 0 2 1 1
-4965.0 1208.2 -0.1 297 0 4.9 10.9 5.0 2.5 2 1 2 2 2
-4949.3 1197.4 0.0 298 0 7.8 4.4 5.0 2.5 2 0 2 0 0
-4923.9 1192.7 -0.2 293 0 5.1 11.0 5.0 0.0 0 1 2 5 5
-4889.1 1174.5 -0.4 301 0 6.7 4.5 5.0 0.0 0 0 2 3 3
-4959.3 1150.2 0.6 123 0 5.3 3.7 2.5 2.5 4 0 1 0 0
-4912.6 1128.0 0.8 121 0 5.2 5.4 2.5 2.5 2 1 1 4 4
-4896.3 1117.9 0.7 122 0 4.6 6.2 2.5 2.5 2 1 1 4 4
-4879.4 1108.0 0.9 126 0 4.8 4.6 2.5 2.5 2 0 1 5 5
-4865.6 1110.4 0.8 121 0 7.9 5.4 2.5 2.5 2 0 1 5 5
-4864.6 1101.9 0.9 123 0 3.5 4.1 2.5 2.5 2 1 1 5 5
-4848.3 1093.0 0.8 121 0 8.2 7.7 2.5 2.5 2 0 1 5 5
-4854.8 1159.5 -0.3 299 0 9.7 6.4 5.0 2.5 2 0 2 5 5
-4834.8 1149.8 -0.3 296 0 8.3 6.0 5.0 2.5 2 0 2 1 1
-4801.5 1136.8 -0.3 291 0 7.4 9.8 5.0 2.5 2 1 2 2 2
-4775.6 1119.8 -0.1 24 0 4.9 5.7 5.0 2.5 2 1 2 3 3
-4776.1 1110.8 0.2 26 0 6.5 9.1 5.0 2.5 2 1 2 0 0
-4817.4 1096.5 0.8 294 0 6.5 5.2 2.5 2.5 2 0 1 5 5
-4815.5 1079.6 0.7 124 0 3.6 4.3 2.5 2.5 2 1 1 2 2
-4808.2 1070.5 0.7 119 0 12.2 6.7 2.5 2.5 2 0 1 4 4
-4792.5 1069.8 0.7 117 0 3.1 4.5 2.5 2.5 2 1 1 2 2
-4782.5 1063.9 0.6 126 0 8.1 6.9 2.5 2.5 2 0 1 5 5
-4746.6 1044.5 0.7 120 0 9.7 8.3 2.5 2.5 2 0 1 0 0
-4740.3 1040.4 0.7 120 0 4.2 6.3 2.5 2.5 2 0 1 5 5
-4707.8 1026.3 0.6 117 0 5.7 15.8 2.5 2.5 2 1 1 2 2
-4686.7 1019.4 0.7 117 0 7.7 5.6 2.5 2.5 2 0 1 4 4
-3374.6 688.8 -3.3 198 0 5.9 8.4 2.5 2.5 2 1 1 2 2
-4400.2 1010.4 0.4 286 0 3.6 12.7 2.5 2.5 2 1 1 5 5
-4362.9 1003.9 -0.5 285 0 6.5 3.6 2.5 2.5 2 0 1 3 3
-4363.8 998.9 -0.6 283 0 7.8 6.5 2.5 2.5 2 0 1 2 2
-4376.6 990.5 -0.3 106 0 7.1 12.1 2.5 2.5 4 1 1 3 3
-4386.0 966.8 -1.1 113 0 8.1 5.3 5.0 2.5 2 0 2 5 5
-4424.2 982.7 -0.5 198 0 5.5 7.7 5.0 2.5 2 1 2 2 2
-4357.4 959.7 -1.3 111 0 8.6 6.3 5.0 2.5 2 0 2 4 4
-4316.9 989.0 -1.7 284 0 4.5 12.2 2.5 2.5 2 1 1 1 1
-4283.4 989.4 -1.1 15 0 4.4 8.0 2.5 2.5 2 0 1 1 1
-4284.9 983.7 -1.1 15 0 7.4 8.0 2.5 2.5 4 0 1 3 3
-4255.9 992.2 -0.7 288 0 5.3 4.1 5.0 2.5 2 0 2 5 5
-4262.3 973.0 -0.8 191 0 11.1 7.2 5.0 0.0 0 0 2 3 3
-4229.5 983.2 -1.1 297 0 5.6 9.2 5.0 2.5 2 1 2 5 5
-4228.0 948.4 -1.1 291 0 7.2 6.0 2.5 2.5 2 0 1 5 5
-4142.8 936.3 -4.3 201 0 6.9 5.7 2.5 0.0 0 0 1 1 1
-5989.7 1881.1 -4.2 221 0 5.9 5.0 5.0 2.5 2 0 2 4 4
-5189.1 1326.3 -5.1 214 0 6.0 7.0 2.5 2.5 2 1 1 4 4
-4542.4 976.4 -0.8 302 0 6.0 4.9 7.5 2.5 2 0 3 2 2
-4525.7 1002.7 0.0 112 0 5.2 11.3 5.0 0.0 0 1 2 3 3
-4508.0 997.1 -0.2 112 0 7.4 10.1 5.0 2.5 2 1 2 4 4
-4480.2 997.8 -0.3 22 0 5.7 7.9 5.0 2.5 2 1 2 0 0
-4448.4 1024.2 0.8 294 0 4.7 8.2 2.5 2.5 2 1 1 2 2
-4468.9 1031.6 0.6 289 0 9.3 6.7 2.5 2.5 2 0 1 2 2
-4492.0 1042.0 0.3 290 0 6.1 5.5 2.5 2.5 2 0 1 1 1
-4495.8 1027.0 0.3 110 0 7.5 9.2 2.5 2.5 2 1 1 3 3
-4510.0 1048.5 0.0 296 0 4.8 6.1 2.5 2.5 2 1 1 4 4
-4511.8 1032.7 0.1 109 0 7.5 6.2 2.5 2.5 2 0 1 4 4
-4525.2 1038.0 0.1 109 0 6.8 6.0 2.5 0.0 0 0 1 5 5
-4537.1 1021.4 0.4 293 0 9.0 6.4 5.0 2.5 4 0 2 2 2
-4572.0 1030.2 0.5 203 0 10.9 7.9 5.0 2.5 2 0 2 3 3
-4556.7 1044.8 0.2 112 0 5.7 12.1 2.5 2.5 2 1 1 3 3
-4569.9 1067.5 -0.0 294 0 9.1 6.9 2.5 2.5 2 0 1 3 3
-4577.8 1071.5 -0.1 298 0 4.2 6.3 2.5 2.5 2 1 1 5 5
-4605.0 1063.1 0.1 108 0 6.2 11.3 2.5 2.5 2 1 1 1 1
-4626.9 1086.5 -0.0 288 0 7.6 5.7 2.5 2.5 2 0 1 4 4
-4643.4 1094.1 -0.2 290 0 6.6 4.7 2.5 2.5 2 0 1 3 3
-4650.0 1101.1 -0.3 296 0 3.8 4.9 2.5 2.5 2 1 1 5 5
-4648.0 1076.8 -0.1 107 0 6.7 10.5 2.5 2.5 2 1 1 1 1
-4660.6 1086.9 -0.2 202 0 5.2 7.7 2.5 0.0 0 1 1 5 5
-4658.7 1056.2 0.1 28 0 10.9 12.8 2.5 2.5 2 1 1 0 0
-4645.9 1061.0 0.2 202 0 8.0 21.1 5.0 0.0 0 1 2 2 2
-4611.6 1039.6 0.7 20 0 12.3 8.3 5.0 2.5 2 0 2 4 4
-4632.8 1021.8 0.8 119 0 9.8 13.8 5.0 2.5 2 1 2 5 5
-4648.4 962.4 -1.6 32 0 9.0 5.7 2.5 2.5 2 0 1 5 5
-4652.4 954.9 -1.8 32 0 3.8 4.7 2.5 2.5 2 1 1 4 4
-4664.1 959.6 -1.5 118 0 5.3 3.9 2.5 2.5 2 0 1 2 2
-4655.9 971.4 -1.4 299 0 7.9 9.1 2.5 2.5 4 1 1 0 0
-4690.9 986.2 -1.0 213 0 11.3 25.2 2.5 2.5 2 1 1 1 1
