-4433.4 1593.3 -1.3 36 0 16.3 11.4 5.0 2.5 2 0 2 1 1
-4433.3 1613.3 -1.5 35 0 10.0 17.1 5.0 2.5 2 1 2 1 1
-4416.1 1610.8 -1.3 35 0 26.3 9.9 5.0 2.5 2 0 2 3 3
-4497.8 1653.1 -1.9 200 0 8.3 9.2 5.0 2.5 2 1 2 3 3
-4419.5 1627.7 -1.7 31 0 11.2 28.0 5.0 2.5 2 1 2 3 3
-5928.5 1843.8 -11.4 145 0 10.1 17.9 2.5 0.0 0 1 1 1 1
-4524.0 1528.7 -1.8 245 0 7.3 12.5 5.0 2.5 2 1 2 3 3
-4537.8 1520.7 -1.6 242 0 14.2 13.0 5.0 2.5 2 0 2 0 0
-4503.1 1630.0 -2.9 200 0 8.8 11.1 5.0 2.5 2 1 2 1 1
-4525.6 1637.4 -3.9 197 0 7.9 10.6 5.0 2.5 2 1 2 3 3
-4521.5 1662.5 -2.7 14 0 8.2 11.1 5.0 2.5 2 1 2 0 0
-4545.0 1661.5 -4.7 16 0 7.7 9.8 5.0 2.5 2 1 2 3 3
-4353.9 1647.1 0.3 100 0 13.2 27.5 7.5 2.5 2 1 3 2 2
-4433.6 1669.8 -2.0 274 0 10.0 6.4 5.0 2.5 2 0 2 3 3
-4407.7 1685.6 -1.8 272 0 11.4 15.9 5.0 2.5 2 1 2 2 2
-4404.3 1653.0 -1.8 6 0 16.1 11.1 5.0 2.5 2 0 2 3 3
-4448.5 1529.8 3.3 335 0 5.9 10.4 5.0 2.5 2 1 2 5 5
-4464.1 1534.2 1.2 330 0 6.5 8.7 5.0 0.0 0 1 2 5 5
-4485.5 1524.6 0.3 334 0 16.4 7.7 5.0 2.5 4 0 2 4 4
-4567.3 1595.4 -9.7 31 0 10.6 10.7 5.0 2.5 2 1 2 5 5
-4572.2 1566.8 -9.9 216 0 8.6 8.5 5.0 2.5 2 0 2 5 5
-4582.8 1586.3 -10.9 34 0 8.3 12.2 5.0 2.5 2 1 2 3 3
-4597.4 1569.9 -12.2 42 0 11.9 12.8 5.0 2.5 2 1 2 1 1
-4625.3 1552.0 -11.2 63 0 9.9 13.9 5.0 2.5 2 1 2 1 1
-4638.2 1538.9 -6.9 244 0 7.0 7.6 5.0 2.5 2 1 2 2 2
-4647.9 1535.5 -6.2 247 0 6.7 10.2 5.0 2.5 2 1 2 1 1
-4600.4 1526.4 -5.4 244 0 6.1 10.1 5.0 2.5 4 1 2 0 0
-4578.3 1545.0 -7.0 237 0 6.3 9.1 5.0 2.5 2 1 2 4 4
-4568.1 1542.0 -5.9 241 0 5.2 13.0 5.0 2.5 2 1 2 5 5
-4552.4 1548.4 -6.3 241 0 8.2 11.8 5.0 2.5 2 1 2 4 4
-4563.2 1561.0 -8.4 226 0 8.3 8.8 5.0 2.5 2 1 2 0 0
-4553.2 1572.0 -8.3 221 0 11.0 10.3 5.0 2.5 4 0 2 5 5
-4540.6 1569.8 -8.1 215 0 25.9 8.7 5.0 2.5 2 0 2 2 2
-4536.4 1555.3 -6.4 235 0 12.5 8.0 5.0 2.5 2 0 2 0 0
-4524.6 1563.8 -7.8 238 0 11.9 8.9 5.0 2.5 2 0 2 0 0
-4521.6 1597.2 -6.9 214 0 13.6 11.1 5.0 2.5 2 0 2 4 4
-4492.1 1598.1 -5.0 213 0 16.5 9.0 5.0 2.5 2 0 2 3 3
-4500.8 1586.5 -6.0 211 0 7.8 8.2 5.0 2.5 2 1 2 4 4
-4463.5 1644.6 -1.5 296 0 9.4 20.0 5.0 2.5 2 1 2 4 4
-4453.5 1638.2 -1.5 298 0 8.9 21.6 5.0 2.5 2 1 2 1 1
-5905.0 1852.1 -11.5 53 0 9.7 7.4 7.5 2.5 2 0 3 0 0
-4489.2 1476.4 6.1 65 0 11.7 17.7 5.0 2.5 2 1 2 4 4
-4521.5 1463.2 6.2 57 0 10.2 13.9 5.0 2.5 2 1 2 0 0
-4590.7 1443.0 8.6 159 0 7.5 17.4 5.0 2.5 2 1 2 1 1
-4603.7 1441.6 8.4 159 0 11.3 9.7 5.0 2.5 2 0 2 0 0
-4654.2 1456.9 3.6 156 0 11.3 9.5 5.0 2.5 2 0 2 4 4
-4613.1 1526.5 -5.7 246 0 11.4 17.9 5.0 2.5 2 1 2 0 0
-4623.7 1519.7 -4.5 245 0 8.4 15.2 5.0 0.0 0 1 2 5 5
-4650.1 1507.0 -2.6 248 0 7.9 14.6 5.0 2.5 4 1 2 1 1
-4642.5 1514.1 -3.6 245 0 7.2 18.6 5.0 2.5 2 1 2 3 3
-4633.9 1517.3 -4.1 247 0 6.5 12.9 5.0 2.5 2 1 2 0 0
-4615.2 1476.7 1.6 159 0 9.4 8.6 5.0 2.5 2 0 2 4 4
-4587.6 1495.5 0.1 246 0 11.6 16.0 5.0 2.5 2 1 2 1 1
-4574.7 1498.8 0.1 245 0 11.5 12.7 5.0 2.5 4 1 2 4 4
-4560.1 1507.0 -0.3 242 0 8.3 11.7 5.0 2.5 2 1 2 4 4
-4550.8 1510.7 -0.5 244 0 9.4 9.3 5.0 2.5 2 0 2 0 0
-4982.7 1385.9 -7.9 54 0 8.8 9.1 5.0 2.5 2 1 2 4 4
-4917.6 1341.7 2.6 76 0 11.6 16.5 5.0 0.0 0 1 2 0 0
-4905.9 1360.5 3.4 253 0 11.4 12.1 5.0 2.5 2 1 2 3 3
