-6047.6 -6118.7 -9.7 217 0 7.9 8.1 2.5 2.5 2 1 1 2 2
-6027.3 -6147.9 -19.3 37 0 9.3 12.3 2.5 2.5 2 1 1 3 3
-5970.3 -5996.8 -15.9 222 0 9.5 9.9 2.5 2.5 2 1 1 2 2
-5717.5 -5820.0 -16.6 49 0 8.0 15.3 2.5 2.5 2 1 1 0 0
-5635.2 -5744.6 -11.3 42 0 10.8 8.3 2.5 0.0 0 0 1 1 1
-5603.2 -5722.1 -14.1 46 0 8.1 12.9 2.5 2.5 2 1 1 4 4
-5496.0 -5588.3 -18.3 309 0 6.7 11.4 2.5 2.5 2 1 1 5 5
-5545.3 -5659.2 -19.6 44 0 9.8 11.2 2.5 2.5 2 1 1 2 2
-5551.5 -5608.3 -15.0 220 0 9.2 15.1 2.5 2.5 2 1 1 1 1
-5535.2 -5595.7 -15.0 220 0 7.9 10.5 2.5 2.5 2 1 1 5 5
-5529.7 -5589.2 -15.4 221 0 7.3 12.6 2.5 2.5 2 1 1 3 3
-5515.2 -5565.5 -13.7 214 0 5.0 8.3 2.5 0.0 0 1 1 3 3
5555.0 -5240.3 9.4 219 0 16.5 13.0 7.5 2.5 2 0 3 5 5
5619.0 -5238.3 10.1 313 0 14.7 42.5 7.5 2.5 2 1 3 3 3
2415.9 -3709.4 -14.9 347 0 7.1 9.1 7.5 2.5 2 1 3 1 1
2410.0 -3722.6 -16.1 171 0 10.6 13.4 2.5 2.5 2 1 1 2 2
2404.4 -3692.1 -13.4 306 0 9.9 12.1 7.5 2.5 4 1 3 1 1
2379.3 -3681.7 -11.3 219 0 16.0 11.1 7.5 2.5 2 0 3 1 1
