3061.4 -2969.4 -6.3 329 0 5.9 11.0 2.5 2.5 2 1 1 3 3
3124.3 -3014.2 -10.8 41 0 13.5 15.2 2.5 2.5 2 1 1 1 1
3100.7 -3059.6 -9.9 251 0 9.2 12.9 5.0 2.5 2 1 2 3 3
3083.1 -3032.2 -8.3 73 0 10.0 13.4 2.5 2.5 2 1 1 0 0
3050.0 -3058.1 -11.6 77 0 8.1 15.9 2.5 2.5 2 1 1 1 1
3032.8 -3109.5 -11.7 349 0 9.4 19.2 5.0 2.5 2 1 2 3 3
3017.1 -3126.3 -11.7 358 0 8.1 14.5 5.0 0.0 0 1 2 0 0
3000.7 -3162.3 -12.0 110 0 13.3 10.7 5.0 2.5 2 0 2 3 3
2982.3 -3115.2 -11.6 197 0 8.4 9.8 5.0 2.5 2 1 2 2 2
2913.1 -3077.2 -11.4 53 0 11.1 7.0 2.5 2.5 2 0 1 3 3
2824.8 -3148.7 -11.8 53 0 8.3 13.4 2.5 2.5 2 1 1 2 2
2807.5 -3165.6 -12.0 39 0 8.5 9.5 2.5 2.5 2 1 1 3 3
2792.4 -3176.0 -12.1 36 0 9.2 10.6 2.5 2.5 2 1 1 5 5
2806.9 -3227.7 -12.8 210 0 10.5 12.5 2.5 2.5 2 1 1 5 5
2797.2 -3240.6 -12.9 210 0 10.9 13.3 2.5 2.5 2 1 1 4 4
2766.2 -3349.9 -14.4 210 0 7.9 9.1 5.0 0.0 0 1 2 5 5
2790.3 -3385.7 -14.9 25 0 7.9 8.9 7.5 2.5 2 1 3 5 5
2774.1 -3415.7 -15.2 107 0 10.0 9.0 5.0 2.5 2 0 2 3 3
2737.4 -3396.5 -15.0 198 0 7.8 17.8 5.0 2.5 2 1 2 1 1
2669.7 -3271.3 -13.3 197 0 11.4 42.4 7.5 2.5 2 1 3 1 1
3442.7 -2662.5 12.2 35 0 11.2 7.7 2.5 2.5 2 0 1 2 2
3450.1 -2648.9 11.8 35 0 9.2 8.4 2.5 2.5 2 0 1 1 1
3605.6 -2761.4 5.4 305 0 7.3 8.8 5.0 2.5 2 1 2 0 0
3591.9 -2752.1 5.4 305 0 11.7 9.7 5.0 2.5 2 0 2 4 4
3578.2 -2744.4 5.6 305 0 8.3 7.3 5.0 2.5 2 0 2 5 5
3565.9 -2733.3 5.9 305 0 9.4 8.8 5.0 2.5 2 0 2 4 4
3552.7 -2725.2 6.1 305 0 9.8 8.7 5.0 2.5 2 0 2 0 0
3538.1 -2718.4 6.2 305 0 11.6 6.3 5.0 2.5 2 0 2 5 5
3524.3 -2707.1 6.5 305 0 10.5 6.3 5.0 2.5 4 0 2 2 2
3511.8 -2696.9 7.2 305 0 8.4 6.6 5.0 2.5 2 0 2 0 0
3497.9 -2688.5 7.9 305 0 9.8 6.2 5.0 2.5 2 0 2 0 0
3488.2 -2679.8 8.5 305 0 9.0 7.4 5.0 2.5 2 0 2 4 4
3499.6 -2658.8 8.6 125 0 8.2 6.5 5.0 2.5 2 0 2 3 3
3512.2 -2667.0 8.0 125 0 7.9 8.4 5.0 2.5 2 1 2 4 4
3524.3 -2678.4 7.4 125 0 7.0 9.2 5.0 2.5 2 1 2 4 4
3536.9 -2687.9 7.0 125 0 8.0 10.3 5.0 2.5 2 1 2 1 1
3552.1 -2693.6 6.9 125 0 9.1 6.7 5.0 2.5 2 0 2 0 0
3564.9 -2703.0 6.7 125 0 5.5 9.3 5.0 2.5 2 1 2 4 4
3578.1 -2712.2 6.6 125 0 7.4 9.6 5.0 2.5 2 1 2 0 0
3592.3 -2720.9 6.4 125 0 6.7 10.1 5.0 2.5 2 1 2 1 1
3605.5 -2729.2 6.1 125 0 6.3 9.1 5.0 2.5 2 1 2 0 0
3619.0 -2738.4 5.7 125 0 8.1 7.3 5.0 2.5 2 0 2 4 4
2343.5 -3580.3 -10.9 136 0 10.7 14.9 7.5 2.5 2 1 3 0 0
2388.4 -3628.8 -10.3 208 0 7.7 16.5 2.5 2.5 2 1 1 5 5
2420.8 -3606.5 -11.9 31 0 11.1 16.2 5.0 2.5 2 1 2 1 1
2418.6 -3562.7 -12.1 312 0 11.7 13.5 2.5 2.5 2 1 1 3 3
2386.3 -3525.3 -11.9 228 0 12.1 17.7 2.5 2.5 2 1 1 0 0
2379.7 -3342.3 -13.8 355 0 6.6 10.6 5.0 2.5 2 1 2 4 4
2394.0 -3394.8 -13.0 148 0 9.1 11.3 5.0 2.5 4 1 2 1 1
2420.1 -3406.5 -13.1 329 0 10.0 6.7 5.0 2.5 2 0 2 4 4
2430.9 -3416.6 -13.2 332 0 7.7 9.2 5.0 2.5 2 1 2 4 4
2431.5 -3367.1 -14.3 157 0 8.4 14.1 5.0 2.5 2 1 2 0 0
2437.4 -3387.1 -13.8 155 0 10.5 16.0 5.0 2.5 4 1 2 4 4
2488.5 -3557.7 -13.2 122 0 10.5 16.5 5.0 2.5 2 1 2 0 0
2498.1 -3483.2 -13.8 122 0 12.9 10.3 2.5 2.5 2 0 1 3 3
2546.0 -3505.8 -13.5 122 0 14.0 14.2 5.0 2.5 2 1 2 5 5
2562.5 -3543.4 -13.1 302 0 9.9 11.7 5.0 2.5 2 1 2 4 4
2575.9 -3553.0 -13.1 302 0 13.8 18.8 5.0 2.5 2 1 2 4 4
