-6561.0 6595.2 -2.9 199 0 6.5 9.7 2.5 2.5 2 1 1 4 4
-6537.3 6556.3 -4.0 19 0 8.3 10.4 2.5 2.5 2 1 1 3 3
-6553.6 6545.0 -4.6 199 0 6.8 8.0 2.5 2.5 2 1 1 0 0
-6420.3 6458.5 -9.5 19 0 10.2 15.0 2.5 2.5 2 1 1 0 0
-6439.6 6469.6 -9.0 289 0 6.0 6.4 7.5 2.5 2 1 3 0 0
-6478.6 6469.2 -8.4 109 0 11.3 13.9 7.5 2.5 2 1 3 1 1
-6496.9 6491.7 -7.0 199 0 5.7 7.5 5.0 2.5 2 1 2 5 5
-6511.1 6492.4 -6.9 109 0 10.0 8.4 2.5 2.5 2 0 1 1 1
-6525.2 6499.5 -6.6 109 0 10.3 6.7 2.5 2.5 2 0 1 5 5
-6546.0 6508.8 -6.6 199 0 9.9 9.5 2.5 2.5 2 0 1 3 3
-6526.5 6538.4 -5.0 289 0 10.6 7.7 2.5 0.0 0 0 1 4 4
-6512.4 6529.6 -5.2 289 0 7.7 5.1 2.5 2.5 2 0 1 0 0
-6496.5 6523.8 -5.5 289 0 7.4 6.9 2.5 2.5 2 0 1 3 3
-6481.4 6517.7 -5.8 289 0 8.0 7.8 2.5 2.5 2 0 1 3 3
-6467.1 6510.2 -6.0 289 0 7.8 6.5 2.5 2.5 2 0 1 4 4
-6452.1 6502.1 -6.2 289 0 7.4 4.1 2.5 2.5 2 0 1 3 3
-6438.4 6494.1 -6.3 289 0 6.1 3.3 2.5 2.5 2 0 1 4 4
-6429.1 6494.7 -6.7 289 0 5.8 14.3 2.5 2.5 2 1 1 2 2
-6420.7 6488.3 -6.2 289 0 7.3 6.3 2.5 2.5 2 0 1 4 4
-6403.0 6482.2 -6.6 289 0 8.2 9.1 2.5 2.5 2 1 1 0 0
-6405.6 6459.5 -8.3 109 0 9.0 6.8 2.5 2.5 2 0 1 5 5
-6386.6 6451.1 -8.7 109 0 7.1 7.8 2.5 2.5 2 1 1 5 5
-6371.0 6444.9 -9.0 109 0 10.6 7.4 2.5 2.5 2 0 1 0 0
-6354.6 6430.1 -10.3 109 0 9.7 14.8 2.5 2.5 2 1 1 5 5
