6158.4 -165.9 -4.5 116 0 10.8 9.0 5.0 2.5 2 0 2 2 2
6138.7 -654.4 -7.4 295 0 10.6 17.9 2.5 2.5 2 1 1 2 2
6506.9 1817.2 -8.6 51 0 8.1 11.9 7.5 2.5 2 1 3 0 0
6524.6 1852.2 -8.2 228 0 8.9 18.9 2.5 2.5 2 1 1 4 4
6246.5 2284.9 -15.7 45 0 8.2 13.5 5.0 2.5 2 1 2 4 4
6239.5 2239.0 -14.9 225 0 15.4 6.0 2.5 2.5 2 0 1 5 5
6272.3 2274.0 -15.3 314 0 8.6 7.2 2.5 2.5 2 0 1 1 1
6415.0 2171.6 -14.7 134 0 9.3 13.4 2.5 2.5 2 1 1 5 5
6395.0 2192.1 -14.7 135 0 7.9 12.2 2.5 2.5 2 1 1 5 5
6373.3 2174.7 -14.8 314 0 7.7 12.5 5.0 2.5 2 1 2 3 3
6402.1 2143.6 -14.8 314 0 8.3 12.0 5.0 2.5 2 1 2 4 4
6503.8 2084.8 -13.0 134 0 8.0 12.6 5.0 2.5 2 1 2 3 3
6539.1 2012.1 -11.2 315 0 10.4 13.7 5.0 2.5 2 1 2 0 0
6609.3 1982.8 -6.1 134 0 7.1 9.9 5.0 2.5 2 1 2 2 2
6588.9 1962.4 -7.5 314 0 7.5 11.8 2.5 0.0 0 1 1 5 5
6611.3 1941.2 -6.0 314 0 10.0 13.3 2.5 2.5 2 1 1 5 5
6581.1 2331.8 -12.9 44 0 7.8 10.0 5.0 2.5 2 1 2 3 3
6520.0 2313.6 -12.8 315 0 8.0 9.6 2.5 2.5 4 1 1 4 4
6494.8 2342.5 -13.2 314 0 8.2 9.4 2.5 2.5 2 1 1 2 2
6512.5 2492.8 -14.2 44 0 8.0 15.8 5.0 2.5 2 1 2 5 5
6520.3 2521.8 -14.5 224 0 9.4 13.9 5.0 2.5 2 1 2 3 3
6540.8 2554.3 -15.4 225 0 8.3 12.8 5.0 2.5 2 1 2 3 3
6219.3 3779.9 -19.8 224 0 8.7 9.4 5.0 0.0 0 1 2 1 1
6264.2 3729.5 -19.7 134 0 8.3 8.8 5.0 2.5 2 1 2 2 2
6297.4 3660.0 -19.3 314 0 8.1 9.9 5.0 2.5 2 1 2 3 3
6315.3 3637.2 -19.1 315 0 9.1 11.3 5.0 2.5 2 1 2 1 1
6363.4 3631.5 -19.3 135 0 7.5 9.9 5.0 2.5 2 1 2 4 4
6408.0 3586.3 -19.1 134 0 7.8 12.8 5.0 2.5 2 1 2 3 3
6428.4 3567.5 -19.3 135 0 7.7 14.1 5.0 2.5 2 1 2 1 1
6504.3 3496.1 -19.7 135 0 8.2 9.6 5.0 2.5 4 1 2 1 1
6479.2 3520.2 -19.7 134 0 9.4 9.3 5.0 2.5 2 0 2 2 2
6457.4 3490.2 -19.8 314 0 14.1 9.4 5.0 2.5 2 0 2 5 5
6445.9 3428.3 -20.0 44 0 11.8 13.0 5.0 2.5 2 1 2 1 1
5991.3 3685.8 -20.0 134 0 7.5 8.0 5.0 2.5 2 1 2 3 3
6033.8 3642.3 -19.8 134 0 7.3 10.6 5.0 2.5 2 1 2 0 0
6054.5 3625.1 -19.6 134 0 6.7 8.0 5.0 2.5 2 1 2 4 4
6014.4 3620.7 -18.5 315 0 8.7 8.3 2.5 2.5 2 0 1 3 3
6033.9 3601.4 -18.5 315 0 10.7 12.3 2.5 2.5 2 1 1 3 3
6084.3 3554.4 -18.8 314 0 8.7 10.0 2.5 2.5 2 1 1 4 4
6103.4 3573.6 -19.1 134 0 8.7 11.9 2.5 0.0 0 1 1 4 4
6141.3 3567.4 -19.5 314 0 10.5 12.6 2.5 2.5 2 1 1 1 1
6156.4 3482.6 -18.8 315 0 7.1 8.2 2.5 2.5 2 1 1 3 3
6252.7 3384.0 -18.3 314 0 8.0 7.7 2.5 2.5 2 0 1 1 1
6319.9 3369.2 -19.3 135 0 10.1 7.2 5.0 2.5 2 0 2 2 2
6296.0 3345.2 -18.8 314 0 6.9 10.8 2.5 2.5 2 1 1 1 1
6327.3 3322.8 -19.1 314 0 7.4 14.2 2.5 2.5 2 1 1 2 2
6432.2 3252.6 -19.9 135 0 6.0 12.6 5.0 2.5 2 1 2 5 5
6477.7 3206.3 -18.9 135 0 9.0 12.5 5.0 2.5 2 1 2 0 0
6500.7 3180.9 -18.4 134 0 7.6 11.5 5.0 2.5 2 1 2 3 3
6573.1 3112.5 -17.9 135 0 9.9 17.8 5.0 2.5 2 1 2 2 2
6598.2 3043.9 -17.5 314 0 8.0 6.8 5.0 2.5 4 0 2 0 0
6617.5 3023.5 -17.0 315 0 7.0 7.7 5.0 2.5 2 1 2 4 4
6487.1 2862.4 -18.2 44 0 13.3 9.0 5.0 2.5 2 0 2 5 5
6617.8 2731.1 -17.5 314 0 9.2 14.8 5.0 2.5 2 1 2 1 1
6277.5 2720.6 -16.8 315 0 7.8 11.3 5.0 2.5 4 1 2 0 0
6333.9 2720.5 -15.8 314 0 7.6 11.5 5.0 2.5 2 1 2 2 2
6387.5 2649.6 -15.0 134 0 6.6 13.4 2.5 2.5 2 1 1 3 3
6385.9 2607.4 -15.7 314 0 7.3 8.9 2.5 2.5 2 1 1 5 5
6409.6 2629.1 -14.8 135 0 15.4 11.1 2.5 2.5 2 0 1 4 4
6432.9 2561.8 -15.3 315 0 6.3 9.7 2.5 2.5 4 1 1 4 4
6447.7 2591.9 -14.4 134 0 8.0 14.7 2.5 2.5 2 1 1 0 0
6463.9 2533.4 -14.9 315 0 17.0 9.6 2.5 2.5 4 0 1 0 0
6491.6 2545.4 -14.6 134 0 13.6 17.9 2.5 2.5 2 1 1 1 1
6361.3 2411.5 -14.2 44 0 9.1 9.2 5.0 2.5 2 1 2 4 4
6340.9 2395.6 -14.2 134 0 7.4 7.9 5.0 0.0 0 1 2 5 5
6295.6 2391.0 -14.4 314 0 7.4 9.0 5.0 2.5 2 1 2 5 5
6280.6 2410.6 -14.7 314 0 18.6 14.0 5.0 2.5 2 0 2 4 4
6242.1 2484.0 -16.0 134 0 6.8 15.6 2.5 0.0 0 1 1 1 1
6222.7 2503.8 -16.6 134 0 6.6 9.8 2.5 0.0 0 1 1 3 3
6151.7 2532.6 -16.6 315 0 7.2 8.1 2.5 2.5 2 1 1 1 1
6169.7 2557.2 -16.8 135 0 7.2 12.8 5.0 2.5 2 1 2 2 2
6078.4 2608.3 -15.5 315 0 8.2 12.6 2.5 2.5 2 1 1 2 2
6075.1 2648.3 -15.7 134 0 7.1 12.4 5.0 2.5 2 1 2 0 0
6005.1 2721.2 -17.0 134 0 6.7 9.1 2.5 2.5 2 1 1 1 1
4234.4 -3239.6 -5.1 46 0 11.8 15.5 2.5 2.5 2 1 1 1 1
4437.3 -3013.0 4.2 313 0 11.8 10.0 2.5 2.5 2 0 1 5 5
4406.3 -3058.8 3.4 46 0 7.3 10.8 2.5 2.5 2 1 1 0 0
4374.5 -3099.3 6.0 41 0 11.5 14.4 2.5 2.5 2 1 1 5 5
4342.9 -3134.5 3.7 41 0 13.8 15.0 2.5 2.5 2 1 1 3 3
4309.3 -3174.8 0.5 42 0 8.6 16.3 2.5 2.5 2 1 1 1 1
4276.1 -3203.6 -2.3 49 0 8.0 9.2 2.5 2.5 2 1 1 5 5
4356.7 -3218.5 -1.0 229 0 8.6 12.5 2.5 0.0 0 1 1 4 4
4389.9 -3183.0 1.6 217 0 8.9 9.5 2.5 2.5 4 1 1 5 5
4420.5 -3143.7 4.1 216 0 8.1 9.7 2.5 2.5 2 1 1 1 1
4455.7 -3102.1 4.6 215 0 5.7 9.5 2.5 2.5 2 1 1 3 3
4487.1 -3066.3 5.2 221 0 8.4 8.9 2.5 2.5 2 1 1 1 1
4521.2 -3025.0 4.8 231 0 8.7 10.3 2.5 2.5 4 1 1 4 4
6019.8 -1745.0 -8.3 115 0 6.8 9.3 5.0 2.5 2 1 2 2 2
5908.2 -1724.8 -8.2 296 0 10.5 14.7 5.0 2.5 2 1 2 2 2
5967.1 -1719.5 -8.1 115 0 8.0 10.2 5.0 2.5 2 1 2 3 3
5934.8 -1702.3 -7.9 115 0 7.2 9.0 5.0 2.5 2 1 2 3 3
5668.6 -1851.8 -7.6 25 0 9.4 7.9 2.5 2.5 2 0 1 4 4
5657.3 -1793.4 -8.5 296 0 8.7 12.1 7.5 2.5 2 1 3 5 5
5594.1 -1765.6 -9.7 295 0 7.2 9.5 2.5 2.5 4 1 1 2 2
5542.6 -1791.1 -10.0 205 0 8.1 8.3 7.5 2.5 2 1 3 2 2
5565.4 -1752.6 -9.9 295 0 6.6 8.9 7.5 2.5 2 1 3 2 2
5454.1 -1752.8 -10.9 116 0 7.3 8.2 7.5 2.5 2 1 3 2 2
5505.2 -1727.3 -10.6 25 0 7.1 8.4 5.0 2.5 2 1 2 4 4
5475.4 -1710.0 -10.7 296 0 9.0 5.9 5.0 2.5 2 0 2 3 3
5454.9 -1681.8 -10.8 206 0 8.6 10.4 7.5 2.5 2 1 3 3 3
5359.5 -1664.2 -11.4 115 0 8.5 7.7 7.5 2.5 4 0 3 0 0
5651.8 -1566.0 -9.5 115 0 8.3 10.2 5.0 2.5 2 1 2 5 5
5574.9 -1565.9 -10.0 295 0 6.9 7.7 5.0 0.0 0 1 2 3 3
5546.2 -1552.0 -10.2 295 0 7.9 7.2 5.0 2.5 2 0 2 2 2
5587.4 -1536.1 -9.9 115 0 9.2 7.5 5.0 2.5 2 0 2 1 1
5561.0 -1522.9 -10.0 115 0 8.4 7.3 5.0 2.5 2 0 2 2 2
5558.5 -1415.4 -9.5 205 0 8.0 10.9 5.0 2.5 2 1 2 2 2
5910.0 -1257.0 -6.0 296 0 7.0 8.4 5.0 2.5 2 1 2 3 3
5817.9 -1213.1 -7.3 296 0 6.1 7.9 2.5 2.5 2 1 1 0 0
5765.5 -1185.8 -8.0 296 0 8.6 10.0 2.5 2.5 2 1 1 4 4
5732.0 -1231.9 -8.1 26 0 18.8 10.8 2.5 2.5 2 0 1 1 1
5691.5 -1254.4 -8.2 115 0 7.5 10.5 2.5 2.5 2 1 1 5 5
5678.4 -1247.3 -8.4 115 0 10.0 10.5 2.5 2.5 2 1 1 1 1
5709.5 -1240.6 -8.5 26 0 10.3 31.4 2.5 2.5 2 1 1 0 0
5636.5 -1242.1 -8.8 206 0 5.9 12.5 2.5 2.5 2 1 1 2 2
5605.3 -1305.6 -8.6 205 0 12.2 10.7 5.0 0.0 0 0 2 4 4
5663.2 -1375.1 -8.3 295 0 9.0 7.1 5.0 2.5 2 0 2 4 4
5720.6 -1412.5 -7.7 115 0 8.1 10.8 5.0 2.5 2 1 2 4 4
5751.6 -1408.5 -7.4 295 0 4.9 12.1 5.0 2.5 2 1 2 5 5
5750.1 -1391.0 -7.2 116 0 6.8 9.4 5.0 0.0 0 1 2 3 3
5760.8 -1388.9 -7.1 115 0 9.0 13.2 5.0 2.5 2 1 2 2 2
5818.3 -1441.0 -6.8 296 0 8.3 17.3 2.5 2.5 2 1 1 1 1
5819.0 -1421.4 -6.5 115 0 9.5 17.1 5.0 2.5 2 1 2 1 1
5850.7 -1432.1 -6.2 116 0 8.5 13.6 5.0 2.5 2 1 2 2 2
5845.3 -1460.8 -6.5 295 0 7.8 11.3 2.5 2.5 2 1 1 1 1
5889.3 -1479.0 -6.1 295 0 8.6 11.0 2.5 2.5 2 1 1 3 3
5906.2 -1460.0 -5.7 115 0 8.7 12.9 5.0 2.5 2 1 2 4 4
5934.5 -1504.7 -5.6 295 0 7.5 13.6 2.5 2.5 4 1 1 1 1
5948.2 -1481.0 -5.3 115 0 8.5 14.0 5.0 2.5 2 1 2 3 3
5982.9 -1524.6 -5.6 206 0 9.0 9.5 2.5 2.5 2 1 1 4 4
6124.9 -1359.8 -5.5 296 0 8.1 8.3 5.0 2.5 2 1 2 5 5
6127.9 -1326.9 -5.1 116 0 7.2 10.8 5.0 2.5 2 1 2 5 5
6040.6 -1252.2 -5.3 295 0 9.1 7.9 2.5 2.5 2 0 1 2 2
6033.2 -1270.8 -5.4 115 0 10.5 9.0 2.5 2.5 2 0 1 2 2
5924.8 -1229.3 -5.9 116 0 5.6 7.6 5.0 2.5 2 1 2 3 3
5859.1 -1198.6 -6.8 116 0 7.1 9.3 5.0 2.5 2 1 2 5 5
5832.1 -1187.3 -7.1 115 0 9.1 11.4 5.0 2.5 2 1 2 5 5
5731.2 -1135.7 -8.3 116 0 11.9 10.3 5.0 2.5 2 0 2 5 5
5755.3 -1092.7 -7.7 26 0 18.1 8.5 5.0 2.5 2 0 2 3 3
5773.4 -1059.9 -7.6 25 0 11.8 10.3 5.0 2.5 4 0 2 3 3
5780.8 -1042.3 -7.6 25 0 11.2 11.8 5.0 2.5 2 1 2 1 1
5789.3 -1022.2 -7.5 26 0 16.4 8.8 5.0 2.5 4 0 2 5 5
5799.7 -1005.0 -7.5 25 0 13.5 12.7 5.0 2.5 4 0 2 2 2
5811.0 -988.6 -7.3 25 0 10.9 13.2 5.0 2.5 2 1 2 1 1
5819.5 -970.6 -7.1 296 0 9.3 12.0 5.0 2.5 2 1 2 1 1
5956.3 -1046.4 -5.5 296 0 8.5 17.7 5.0 2.5 2 1 2 5 5
5990.2 -1058.3 -5.6 295 0 8.1 12.0 5.0 2.5 2 1 2 4 4
6027.3 -1080.8 -5.1 296 0 8.1 9.0 5.0 2.5 2 1 2 3 3
6130.2 -1098.2 -4.3 116 0 8.2 13.6 5.0 2.5 2 1 2 1 1
6100.8 -1082.8 -4.8 115 0 8.3 9.2 5.0 0.0 0 1 2 4 4
6035.0 -1048.0 -5.2 115 0 12.3 8.5 5.0 2.5 2 0 2 5 5
6011.9 -1039.3 -5.5 115 0 7.6 9.4 5.0 2.5 2 1 2 0 0
5952.9 -1012.4 -6.0 115 0 8.7 14.0 5.0 0.0 0 1 2 4 4
5922.3 -998.0 -5.5 115 0 7.0 8.6 5.0 2.5 2 1 2 0 0
5821.8 -943.6 -7.0 115 0 8.3 19.0 2.5 2.5 2 1 1 0 0
5938.1 -859.4 -9.4 116 0 11.3 17.8 2.5 2.5 2 1 1 5 5
5954.5 -836.9 -9.2 25 0 10.9 10.8 2.5 2.5 2 0 1 0 0
5960.8 -807.6 -8.5 295 0 12.6 16.1 2.5 2.5 2 1 1 0 0
5956.3 -788.3 -7.8 295 0 15.6 11.7 2.5 2.5 4 0 1 3 3
5930.5 -776.7 -8.0 295 0 29.5 10.9 2.5 2.5 2 0 1 1 1
5900.9 -764.0 -8.2 295 0 20.5 11.1 2.5 2.5 2 0 1 5 5
5868.9 -781.4 -8.9 206 0 18.3 17.7 2.5 0.0 0 0 1 1 1
5874.8 -753.5 -8.0 205 0 7.8 15.7 2.5 2.5 2 1 1 0 0
5929.1 -749.3 -7.5 116 0 11.3 9.0 2.5 2.5 2 0 1 5 5
5978.7 -778.2 -7.1 116 0 8.7 12.1 2.5 2.5 2 1 1 1 1
6007.2 -816.5 -7.6 295 0 9.2 14.1 2.5 2.5 2 1 1 0 0
6035.9 -830.7 -7.4 295 0 7.4 13.1 2.5 0.0 0 1 1 1 1
6180.8 -915.8 -5.7 116 0 7.7 13.6 5.0 2.5 2 1 2 4 4
6197.1 -877.3 -5.5 115 0 7.7 7.6 5.0 2.5 2 0 2 3 3
6224.3 -890.4 -5.3 115 0 4.7 7.0 5.0 2.5 2 1 2 2 2
6590.4 -837.3 -0.3 115 0 7.5 8.8 2.5 2.5 2 1 1 0 0
6546.8 -859.3 -0.1 116 0 8.3 10.2 5.0 2.5 2 1 2 4 4
6514.1 -804.0 -0.2 115 0 10.0 10.0 2.5 2.5 2 1 1 5 5
6459.5 -807.6 -1.9 296 0 7.7 10.9 5.0 2.5 2 1 2 5 5
6412.4 -750.2 0.1 115 0 8.2 10.8 2.5 2.5 2 1 1 4 4
6365.2 -768.7 -1.1 206 0 7.4 8.3 5.0 2.5 4 1 2 3 3
6303.8 -695.0 -2.2 115 0 9.9 10.7 5.0 2.5 2 1 2 5 5
6292.9 -723.8 -3.7 295 0 8.9 17.4 2.5 2.5 2 1 1 3 3
6251.8 -703.6 -5.7 295 0 21.3 10.9 2.5 2.5 2 0 1 0 0
6214.2 -686.9 -6.3 296 0 8.1 8.3 2.5 2.5 2 1 1 0 0
6180.1 -671.1 -7.1 296 0 12.8 9.7 2.5 2.5 2 0 1 4 4
6112.7 -600.8 -6.6 115 0 7.1 8.5 5.0 2.5 2 1 2 4 4
6288.9 109.1 7.3 205 0 18.0 7.7 5.0 2.5 2 0 2 3 3
6324.7 -236.5 -4.6 116 0 7.6 5.8 2.5 2.5 2 0 1 0 0
6283.7 -251.2 -3.9 295 0 8.8 12.9 2.5 2.5 2 1 1 0 0
6271.0 -205.0 -3.7 206 0 11.0 7.6 2.5 2.5 2 0 1 4 4
6245.1 -200.3 -3.7 115 0 6.8 10.2 5.0 2.5 2 1 2 5 5
6205.7 -89.5 -4.5 205 0 6.1 14.5 5.0 0.0 0 1 2 2 2
6232.2 -146.3 -3.9 295 0 6.9 11.0 5.0 2.5 2 1 2 4 4
6212.0 -140.6 -4.4 205 0 15.1 14.4 5.0 2.5 2 0 2 2 2
6205.8 -190.6 -4.4 115 0 15.4 8.1 5.0 2.5 2 0 2 0 0
6179.1 -164.8 -4.5 115 0 23.1 10.5 5.0 0.0 0 0 2 4 4
6163.5 -195.0 -4.7 295 0 17.8 9.4 2.5 2.5 4 0 1 5 5
6132.3 -154.6 -4.7 27 0 5.7 5.9 2.5 0.0 0 1 1 5 5
6134.2 -151.5 -4.7 118 0 7.8 9.3 2.5 0.0 0 1 1 3 3
6144.2 -66.2 -4.2 209 0 14.3 20.2 5.0 2.5 2 1 2 1 1
5796.6 -12.0 -7.2 298 0 8.2 12.3 5.0 2.5 2 1 2 0 0
5915.2 -44.3 -6.8 118 0 8.0 8.4 2.5 2.5 2 1 1 0 0
6008.4 -78.7 -6.2 118 0 4.7 7.1 2.5 2.5 2 1 1 4 4
5965.2 -101.9 -5.6 298 0 7.1 7.6 5.0 0.0 0 1 2 1 1
6065.6 -119.2 -5.6 118 0 9.1 13.5 2.5 2.5 2 1 1 1 1
6064.4 -143.0 -4.8 298 0 9.1 12.1 5.0 2.5 4 1 2 1 1
6081.9 -158.0 -4.6 298 0 8.0 7.7 5.0 2.5 4 0 2 4 4
6098.6 -231.9 -5.3 28 0 9.6 11.9 5.0 2.5 2 1 2 4 4
6106.5 -216.8 -5.1 28 0 14.0 9.5 5.0 2.5 2 0 2 2 2
6116.7 -199.3 -4.9 28 0 10.2 13.5 5.0 2.5 2 1 2 2 2
5999.8 -439.5 -6.3 28 0 10.7 15.7 5.0 2.5 2 1 2 2 2
5964.2 -570.4 -6.3 208 0 21.8 15.7 2.5 2.5 2 0 1 3 3
5987.8 -547.8 -6.1 118 0 20.2 16.9 5.0 2.5 2 0 2 0 0
5947.1 -530.8 -6.2 118 0 23.5 11.4 2.5 2.5 2 0 1 2 2
6282.6 -487.0 -2.6 298 0 12.0 13.6 2.5 0.0 0 1 1 3 3
6218.4 -456.1 -5.1 298 0 7.7 7.7 2.5 2.5 2 0 1 3 3
6231.2 -428.6 -1.5 118 0 8.9 11.0 5.0 0.0 0 1 2 4 4
6206.1 -415.2 -2.3 118 0 9.7 8.7 5.0 2.5 2 0 2 1 1
6129.2 -409.3 -5.9 298 0 8.9 10.7 5.0 2.5 2 1 2 5 5
6140.3 -383.5 -4.2 118 0 8.6 8.9 5.0 2.5 2 1 2 1 1
6117.7 -373.9 -4.8 118 0 8.9 9.9 5.0 2.5 2 1 2 2 2
6064.0 -414.8 -6.5 118 0 13.1 9.2 5.0 2.5 2 0 2 5 5
6072.8 -391.5 -6.5 298 0 13.4 11.9 5.0 2.5 2 0 2 0 0
6066.1 -358.3 -6.2 118 0 11.2 10.4 5.0 2.5 4 0 2 5 5
6039.5 -364.8 -6.5 28 0 12.5 7.2 5.0 0.0 0 0 2 5 5
6040.2 -305.1 -6.3 298 0 9.3 10.2 5.0 2.5 2 1 2 0 0
6009.8 -322.1 -6.6 118 0 9.0 8.7 5.0 0.0 0 0 2 0 0
5975.8 -304.6 -6.7 118 0 8.0 8.7 5.0 2.5 2 1 2 3 3
5913.0 -278.3 -6.9 118 0 8.7 15.9 5.0 2.5 2 1 2 3 3
5886.5 -261.8 -6.8 118 0 7.4 8.0 5.0 2.5 2 1 2 3 3
5821.5 -233.5 -6.9 118 0 7.8 16.5 5.0 2.5 2 1 2 4 4
5806.3 -268.2 -7.3 118 0 9.4 12.6 5.0 2.5 2 1 2 3 3
5797.7 -223.8 -7.1 118 0 10.3 14.6 5.0 2.5 2 1 2 0 0
5765.8 -232.3 -7.8 298 0 7.4 12.9 5.0 2.5 2 1 2 5 5
5706.5 -175.0 -8.1 118 0 7.5 10.0 5.0 2.5 4 1 2 0 0
5722.0 -213.8 -8.7 298 0 9.9 17.1 5.0 2.5 2 1 2 5 5
5606.5 -391.1 -11.0 298 0 9.7 15.9 5.0 2.5 2 1 2 1 1
5691.5 -433.9 -9.1 298 0 11.6 13.4 5.0 2.5 2 1 2 0 0
5743.7 -432.8 -8.0 118 0 9.0 16.9 2.5 2.5 2 1 1 3 3
5784.4 -478.2 -7.4 298 0 10.4 9.9 5.0 2.5 2 0 2 3 3
5812.3 -491.5 -7.2 298 0 9.6 10.2 5.0 2.5 2 1 2 5 5
5831.8 -502.9 -7.0 298 0 9.0 12.7 5.0 2.5 2 1 2 2 2
5872.9 -521.3 -6.7 298 0 7.7 9.9 5.0 2.5 2 1 2 4 4
5900.8 -534.7 -6.5 298 0 9.1 7.6 5.0 2.5 2 0 2 0 0
5942.9 -544.6 -6.2 298 0 10.4 15.8 5.0 2.5 2 1 2 4 4
5919.1 -605.4 -6.5 28 0 10.0 14.6 5.0 2.5 2 1 2 0 0
5793.1 -683.9 -7.3 118 0 8.8 6.9 2.5 2.5 2 0 1 1 1
5846.8 -761.4 -7.4 28 0 14.8 19.6 5.0 2.5 2 1 2 1 1
5818.2 -785.5 -7.3 28 0 8.3 10.4 5.0 2.5 2 1 2 5 5
5820.1 -826.0 -7.5 28 0 8.3 10.2 5.0 2.5 2 1 2 4 4
5641.7 -612.1 -8.1 118 0 9.9 11.0 5.0 2.5 2 1 2 3 3
5631.2 -639.0 -8.1 298 0 11.3 10.2 5.0 2.5 2 0 2 2 2
5593.8 -591.4 -8.9 118 0 9.8 13.5 5.0 2.5 2 1 2 0 0
5522.6 -556.6 -9.5 118 0 9.8 12.0 5.0 2.5 2 1 2 0 0
5556.6 -597.7 -9.2 298 0 7.7 12.9 5.0 2.5 2 1 2 5 5
5446.6 -770.7 -10.1 118 0 8.0 13.2 5.0 2.5 2 1 2 2 2
5507.7 -801.0 -9.7 118 0 8.3 15.9 5.0 2.5 2 1 2 4 4
5518.2 -805.5 -9.7 118 0 8.4 11.8 5.0 2.5 2 1 2 4 4
5537.7 -822.8 -9.6 118 0 7.3 11.4 5.0 2.5 2 1 2 5 5
5563.6 -826.0 -9.4 118 0 12.5 10.0 5.0 2.5 2 0 2 0 0
5597.2 -844.9 -9.2 118 0 9.1 17.0 5.0 2.5 2 1 2 1 1
5604.7 -855.8 -9.2 118 0 9.7 14.6 5.0 2.5 2 1 2 2 2
5628.9 -858.4 -9.0 118 0 6.5 12.4 5.0 2.5 4 1 2 0 0
5648.8 -860.6 -8.9 118 0 8.1 11.9 5.0 2.5 2 1 2 1 1
5776.2 -883.6 -8.0 298 0 7.7 12.4 5.0 2.5 2 1 2 4 4
5759.5 -867.8 -8.1 298 0 9.6 18.7 5.0 2.5 2 1 2 1 1
5734.4 -900.2 -8.4 118 0 8.6 19.3 5.0 2.5 2 1 2 5 5
5721.2 -896.6 -8.4 118 0 8.1 19.6 5.0 2.5 2 1 2 3 3
5721.9 -909.1 -8.5 118 0 6.7 10.0 5.0 2.5 2 1 2 0 0
5737.7 -912.5 -8.4 118 0 10.1 5.7 5.0 2.5 2 0 2 2 2
5727.9 -913.1 -8.5 118 0 5.9 10.6 5.0 2.5 2 1 2 1 1
5750.4 -924.8 -8.4 118 0 19.6 11.9 5.0 2.5 2 0 2 4 4
5317.1 -17.7 -11.8 298 0 7.7 9.0 2.5 2.5 4 1 1 1 1
5353.7 -9.1 -11.9 118 0 8.2 11.3 5.0 2.5 2 1 2 4 4
5343.0 -30.9 -11.8 298 0 8.8 13.3 2.5 0.0 0 1 1 3 3
5443.1 -50.9 -11.6 118 0 9.4 10.3 5.0 2.5 2 1 2 5 5
5432.9 -72.7 -11.3 298 0 8.4 12.8 5.0 0.0 0 1 2 4 4
5494.7 -100.6 -11.7 298 0 8.1 8.9 5.0 2.5 2 1 2 2 2
5590.0 -122.9 -9.7 118 0 7.1 10.1 2.5 2.5 2 1 1 3 3
5618.7 -138.2 -8.7 118 0 9.0 18.1 2.5 2.5 2 1 1 5 5
5611.6 -156.9 -9.8 298 0 7.2 15.2 5.0 2.5 4 1 2 1 1
5399.0 -260.4 -12.1 118 0 7.8 9.8 5.0 2.5 4 1 2 5 5
5238.8 -186.0 -14.4 118 0 7.8 7.9 5.0 2.5 2 1 2 5 5
5245.6 -219.4 -13.6 298 0 6.6 9.3 5.0 0.0 0 1 2 0 0
5293.7 -254.2 -12.6 118 0 8.5 9.5 5.0 2.5 2 1 2 4 4
5387.3 -289.6 -11.3 298 0 7.6 4.6 2.5 0.0 0 0 1 5 5
5477.7 -331.2 -11.6 298 0 7.6 8.3 2.5 2.5 2 1 1 2 2
5554.1 -374.7 -11.2 28 0 9.0 19.1 5.0 2.5 2 1 2 0 0
5359.6 -480.9 -10.4 118 0 7.7 14.8 2.5 2.5 2 1 1 0 0
5185.5 -394.7 -13.8 118 0 8.8 7.8 2.5 2.5 2 0 1 3 3
5217.6 -442.6 -13.1 298 0 13.8 11.9 5.0 2.5 2 0 2 1 1
5260.0 -460.7 -12.3 298 0 9.9 13.2 5.0 2.5 2 1 2 0 0
5315.1 -490.8 -11.6 298 0 8.8 6.6 5.0 2.5 2 0 2 2 2
5402.8 -542.7 -9.8 118 0 10.0 8.9 5.0 2.5 2 0 2 4 4
5436.0 -548.2 -9.2 298 0 6.1 8.2 5.0 2.5 2 1 2 4 4
5343.9 -728.7 -11.5 118 0 6.6 12.7 5.0 0.0 0 1 2 4 4
5320.6 -708.0 -10.8 118 0 8.3 8.9 5.0 2.5 2 1 2 3 3
5258.4 -677.6 -10.7 118 0 7.3 9.5 2.5 2.5 4 1 1 2 2
5245.0 -705.3 -10.0 298 0 10.6 9.0 5.0 2.5 2 0 2 0 0
5339.8 -747.6 -11.4 298 0 7.6 11.5 2.5 2.5 2 1 1 5 5
5083.6 -1060.2 -12.3 118 0 7.1 6.4 2.5 2.5 2 0 1 2 2
5139.5 -1087.8 -11.8 118 0 6.8 8.2 2.5 2.5 2 1 1 3 3
5258.2 -911.9 -11.0 118 0 9.9 11.2 5.0 2.5 2 1 2 3 3
5322.3 -967.6 -10.3 298 0 8.9 16.4 5.0 0.0 0 1 2 1 1
5564.2 -1061.7 -9.9 118 0 9.2 12.5 5.0 2.5 4 1 2 2 2
5543.3 -1047.3 -10.1 118 0 8.8 20.4 5.0 2.5 2 1 2 4 4
5514.9 -1041.4 -10.3 118 0 13.1 13.5 5.0 2.5 2 1 2 3 3
5510.6 -1057.8 -10.6 298 0 13.0 11.8 5.0 2.5 4 0 2 3 3
5468.7 -805.6 -10.2 298 0 8.4 8.4 5.0 2.5 2 1 2 1 1
5503.5 -828.9 -10.1 298 0 22.1 10.2 5.0 2.5 4 0 2 5 5
5528.7 -843.6 -9.9 298 0 12.9 10.1 5.0 2.5 2 0 2 4 4
5590.5 -865.6 -9.5 298 0 13.2 15.9 5.0 2.5 2 1 2 5 5
5615.3 -881.1 -9.4 298 0 10.7 13.0 5.0 2.5 2 1 2 3 3
5686.9 -927.6 -9.0 298 0 11.0 12.4 5.0 2.5 2 1 2 0 0
5703.9 -930.0 -8.9 298 0 16.1 21.2 5.0 0.0 0 1 2 4 4
5678.9 -1014.2 -9.0 208 0 8.9 6.8 5.0 2.5 2 0 2 2 2
5654.4 -1017.1 -9.2 208 0 13.1 27.7 5.0 2.5 2 1 2 1 1
5668.7 -1053.0 -9.2 28 0 11.3 7.5 5.0 2.5 2 0 2 5 5
5653.4 -1073.0 -9.3 118 0 10.5 9.5 5.0 2.5 2 0 2 0 0
5641.3 -1091.3 -9.4 118 0 16.0 13.7 5.0 2.5 2 0 2 0 0
5673.5 -1113.8 -9.1 118 0 8.7 12.3 5.0 2.5 2 1 2 2 2
5630.9 -1222.9 -9.4 28 0 14.4 17.3 2.5 2.5 4 1 1 1 1
5577.2 -1304.3 -8.9 118 0 17.8 18.5 5.0 2.5 2 1 2 3 3
5571.9 -1344.2 -9.1 28 0 9.9 8.3 5.0 2.5 2 0 2 5 5
5557.1 -1319.5 -9.2 298 0 18.5 11.3 5.0 2.5 2 0 2 5 5
5514.4 -1266.4 -8.9 118 0 8.6 7.7 5.0 2.5 2 0 2 1 1
5449.9 -1236.1 -9.3 118 0 7.3 10.4 5.0 2.5 4 1 2 5 5
5438.1 -1263.1 -9.8 298 0 7.6 11.2 2.5 2.5 4 1 1 3 3
5419.1 -1221.9 -9.5 118 0 7.4 9.0 5.0 2.5 4 1 2 2 2
5409.2 -1250.2 -10.0 298 0 7.2 11.6 2.5 2.5 2 1 1 2 2
5351.1 -1223.9 -10.3 298 0 6.6 10.2 2.5 2.5 4 1 1 0 0
5362.1 -1197.3 -10.0 118 0 7.9 10.7 5.0 2.5 2 1 2 0 0
5332.3 -1179.5 -10.1 118 0 6.9 7.4 5.0 2.5 4 1 2 0 0
5320.7 -1204.3 -10.5 298 0 9.2 13.7 2.5 2.5 2 1 1 2 2
5241.7 -1137.3 -10.6 118 0 9.0 11.9 5.0 2.5 2 1 2 3 3
5215.5 -1129.9 -10.9 118 0 5.4 6.3 5.0 2.5 2 1 2 2 2
5257.6 -1178.2 -10.9 298 0 7.8 9.2 2.5 2.5 2 1 1 2 2
5200.7 -1152.8 -11.0 208 0 6.7 4.5 2.5 2.5 2 0 1 0 0
5127.4 -1112.7 -12.2 298 0 20.5 16.0 2.5 2.5 4 0 1 1 1
5371.1 -1433.5 -10.7 118 0 9.9 10.5 5.0 2.5 2 1 2 0 0
5424.7 -1458.3 -10.5 118 0 7.2 6.8 5.0 2.5 2 0 2 1 1
5481.2 -1508.7 -10.5 298 0 4.5 6.7 2.5 2.5 2 1 1 3 3
5439.5 -1499.8 -10.8 298 0 6.9 8.0 2.5 2.5 4 1 1 3 3
5414.2 -1489.0 -10.9 298 0 3.1 7.0 2.5 2.5 2 1 1 4 4
5348.4 -1457.9 -11.4 298 0 7.1 7.6 2.5 2.5 2 1 1 4 4
5318.2 -1450.8 -11.6 118 0 7.3 7.3 2.5 2.5 4 1 1 4 4
5260.4 -1413.3 -12.0 298 0 10.3 11.0 2.5 2.5 4 1 1 3 3
5220.1 -1393.8 -12.1 305 0 8.0 11.0 2.5 2.5 4 1 1 0 0
5156.6 -1361.6 -12.4 305 0 8.0 14.1 2.5 2.5 4 1 1 0 0
6856.8 1227.2 2.3 28 0 9.3 13.5 5.0 2.5 2 1 2 0 0
6775.9 1226.7 8.5 208 0 9.3 14.1 5.0 2.5 2 1 2 2 2
6786.6 1062.6 14.1 28 0 8.1 12.1 5.0 2.5 2 1 2 4 4
6631.6 3371.3 -19.9 135 0 9.7 9.7 5.0 0.0 0 1 2 0 0
6653.8 3344.5 -19.6 135 0 7.4 10.7 5.0 2.5 2 1 2 4 4
6684.5 3269.1 -18.7 315 0 8.4 10.9 5.0 2.5 2 1 2 4 4
6700.1 3256.1 -18.8 315 0 8.0 10.5 5.0 2.5 2 1 2 2 2
6705.0 3296.5 -19.8 135 0 8.4 13.0 5.0 2.5 2 1 2 3 3
6726.7 3273.2 -19.3 135 0 8.2 12.8 5.0 2.5 2 1 2 0 0
6772.5 3227.6 -19.1 135 0 8.4 12.6 5.0 2.5 2 1 2 2 2
6847.5 3156.0 -18.8 135 0 8.4 13.5 5.0 0.0 0 1 2 3 3
6849.8 3109.0 -18.3 315 0 9.9 12.0 5.0 2.5 4 1 2 3 3
6690.7 3604.9 -20.4 135 0 4.8 10.3 2.5 2.5 2 1 1 0 0
6717.8 3579.7 -20.4 135 0 8.6 11.6 2.5 2.5 2 1 1 5 5
6758.8 3537.8 -20.3 135 0 8.2 10.3 2.5 2.5 2 1 1 4 4
6723.3 3513.9 -20.6 225 0 12.2 6.7 2.5 0.0 0 0 1 1 1
6778.2 3475.9 -20.8 315 0 6.5 8.6 2.5 2.5 2 1 1 4 4
6814.6 3446.1 -21.0 315 0 9.7 13.9 2.5 2.5 2 1 1 4 4
6833.0 3461.9 -20.4 135 0 9.5 15.8 2.5 2.5 2 1 1 1 1
6893.6 3365.1 -20.3 315 0 6.9 9.5 5.0 2.5 2 1 2 5 5
6907.3 3016.9 -18.2 315 0 7.8 15.4 5.0 2.5 2 1 2 3 3
6822.8 2874.4 -17.0 45 0 16.0 16.0 5.0 2.5 2 0 2 1 1
6778.9 2902.7 -16.7 135 0 10.1 12.2 5.0 2.5 2 1 2 1 1
6735.5 2960.4 -16.6 135 0 8.0 10.5 5.0 2.5 2 1 2 2 2
6707.5 2985.1 -17.0 135 0 9.2 12.2 5.0 2.5 2 1 2 2 2
6710.0 2936.6 -17.1 315 0 8.0 13.9 2.5 2.5 2 1 1 2 2
6760.0 2889.2 -15.7 315 0 7.8 16.2 5.0 2.5 2 1 2 3 3
6773.4 2788.9 -15.9 225 0 20.4 21.2 5.0 2.5 2 1 2 1 1
6729.2 2739.6 -16.2 225 0 14.9 10.3 5.0 2.5 2 0 2 0 0
6636.4 2752.9 -17.9 135 0 8.2 9.9 2.5 2.5 2 1 1 1 1
6644.2 2695.6 -17.3 45 0 7.1 12.2 5.0 2.5 2 1 2 3 3
6689.1 2700.8 -17.0 225 0 14.9 16.2 5.0 2.5 2 1 2 2 2
6661.7 2671.3 -17.1 225 0 6.3 7.6 5.0 2.5 2 1 2 3 3
6892.6 1664.8 -3.1 315 0 9.5 16.2 2.5 2.5 2 1 1 2 2
6787.7 1765.1 -4.2 315 0 8.6 8.2 2.5 2.5 2 0 1 3 3
6763.4 1796.4 -3.5 315 0 6.9 9.0 2.5 2.5 2 1 1 0 0
6780.0 1811.9 -4.0 135 0 9.0 12.0 5.0 2.5 2 1 2 2 2
6755.8 1834.5 -3.5 135 0 10.5 14.3 5.0 2.5 2 1 2 2 2
6741.1 1817.4 -3.4 315 0 10.1 16.0 2.5 2.5 2 1 1 1 1
6626.1 1920.7 -4.9 315 0 9.0 13.7 2.5 0.0 0 1 1 5 5
6656.2 1940.4 -3.3 135 0 8.0 13.5 5.0 2.5 2 1 2 5 5
6678.5 1910.2 -3.1 135 0 8.6 14.5 5.0 2.5 2 1 2 3 3
6701.5 1887.7 -2.9 135 0 7.4 14.9 5.0 2.5 4 1 2 4 4
6679.2 2229.4 -7.0 315 0 8.0 10.9 5.0 2.5 2 1 2 4 4
6691.1 2192.1 -5.8 135 0 7.1 16.8 5.0 2.5 2 1 2 1 1
6676.4 2170.7 -6.8 315 0 6.7 10.9 5.0 2.5 2 1 2 3 3
6723.3 2104.8 -4.1 315 0 6.7 11.8 5.0 2.5 2 1 2 0 0
6754.1 2131.4 -3.1 135 0 6.7 16.4 5.0 2.5 4 1 2 1 1
6782.7 2116.6 -3.5 45 0 15.6 12.2 5.0 2.5 2 0 2 2 2
6748.4 2091.4 -4.0 315 0 6.7 8.0 5.0 2.5 2 1 2 0 0
6797.6 2042.5 -4.8 315 0 6.5 12.0 5.0 2.5 2 1 2 3 3
6821.0 2021.4 -4.8 315 0 10.7 8.2 5.0 2.5 2 0 2 2 2
6881.2 2036.2 -4.7 45 0 6.7 13.9 5.0 2.5 2 1 2 4 4
6906.0 2059.1 -4.3 45 0 6.5 14.1 5.0 0.0 0 1 2 3 3
4022.4 -3602.3 6.9 30 0 8.6 17.2 2.5 2.5 2 1 1 2 2
4041.9 -3561.9 2.5 31 0 9.1 8.8 2.5 2.5 2 0 1 3 3
4068.7 -3522.7 -3.8 36 0 8.5 12.0 2.5 2.5 2 1 1 2 2
4093.5 -3465.1 -4.1 39 0 10.4 13.7 2.5 2.5 2 1 1 3 3
4107.1 -3397.5 -1.9 33 0 12.9 22.1 2.5 2.5 4 1 1 5 5
4130.4 -3405.4 -4.2 29 0 9.2 13.5 2.5 0.0 0 1 1 4 4
4143.4 -3360.1 -3.2 42 0 8.4 13.8 2.5 2.5 2 1 1 1 1
4172.4 -3327.0 -4.1 41 0 6.7 11.6 2.5 0.0 0 1 1 2 2
4200.0 -3282.7 -4.3 38 0 8.3 9.7 2.5 2.5 4 1 1 2 2
4279.5 -3286.6 0.0 221 0 6.3 15.4 2.5 2.5 2 1 1 4 4
4250.9 -3320.1 -1.3 212 0 9.5 10.2 2.5 2.5 2 1 1 5 5
4223.7 -3368.6 -1.8 205 0 7.9 7.9 2.5 2.5 4 1 1 1 1
4198.3 -3405.7 -2.6 215 0 11.4 17.7 2.5 2.5 2 1 1 3 3
4205.6 -3471.1 2.7 203 0 10.0 8.2 2.5 2.5 2 0 1 2 2
4197.8 -3442.0 -0.2 207 0 14.7 17.3 2.5 2.5 2 1 1 1 1
4193.1 -3465.7 1.0 218 0 9.5 4.8 2.5 2.5 2 0 1 3 3
4173.6 -3454.4 -2.0 204 0 9.5 16.2 2.5 2.5 2 1 1 2 2
4167.1 -3496.9 -0.5 215 0 5.8 11.2 2.5 0.0 0 1 1 2 2
4111.1 -3541.1 -1.6 200 0 14.5 9.9 2.5 2.5 4 0 1 5 5
4100.3 -3592.1 1.9 200 0 8.8 15.1 2.5 2.5 2 1 1 5 5
3981.6 -3687.8 0.5 20 0 11.3 10.7 2.5 2.5 4 0 1 5 5
3970.9 -3740.1 -1.8 20 0 7.6 14.6 2.5 2.5 2 1 1 3 3
4061.3 -3673.9 6.9 200 0 8.7 12.3 2.5 0.0 0 1 1 4 4
4079.2 -3640.3 8.0 200 0 9.1 16.9 2.5 2.5 4 1 1 1 1
4097.7 -3649.0 7.0 200 0 8.4 26.9 2.5 0.0 0 1 1 2 2
4047.0 -3721.3 3.8 200 0 11.4 21.1 2.5 2.5 2 1 1 3 3
4026.7 -3766.8 0.7 200 0 7.3 12.8 2.5 2.5 2 1 1 2 2
3997.1 -3814.8 -0.6 200 0 6.0 17.1 2.5 2.5 2 1 1 3 3
3970.6 -3895.3 0.9 200 0 10.0 17.5 2.5 2.5 2 1 1 2 2
3985.1 -3854.1 -1.3 200 0 7.0 16.1 2.5 2.5 2 1 1 0 0
3942.7 -3993.7 6.7 200 0 8.1 9.7 2.5 0.0 0 1 1 4 4
3954.8 -3946.2 3.8 200 0 9.6 10.4 2.5 0.0 0 1 1 1 1
3937.4 -3828.2 -3.3 20 0 6.7 12.1 2.5 2.5 2 1 1 4 4
3939.5 -3838.9 -2.7 20 0 7.1 14.8 2.5 2.5 2 1 1 4 4
3909.1 -3873.4 -0.7 20 0 9.5 19.6 2.5 2.5 2 1 1 1 1
3901.6 -3934.6 2.5 20 0 11.6 19.1 2.5 2.5 2 1 1 5 5
3878.9 -3982.8 5.7 20 0 7.5 12.4 2.5 2.5 2 1 1 4 4
3869.3 -4011.8 7.3 20 0 6.8 18.4 2.5 2.5 2 1 1 0 0
3824.8 -4139.7 -3.0 20 0 10.5 12.9 2.5 2.5 2 1 1 5 5
3909.7 -4123.1 5.6 200 0 7.7 15.5 2.5 2.5 4 1 1 3 3
3895.6 -4165.3 5.1 200 0 8.6 21.1 2.5 2.5 2 1 1 5 5
3873.9 -4266.7 -1.0 25 0 7.9 15.1 2.5 2.5 4 1 1 1 1
3853.1 -4311.7 -1.0 15 0 8.0 10.4 2.5 2.5 2 1 1 3 3
3667.6 -4604.1 -7.4 287 0 6.2 10.3 2.5 2.5 2 1 1 2 2
3687.0 -4626.4 -8.9 8 0 8.7 11.5 2.5 2.5 2 1 1 5 5
3684.3 -4684.4 -9.6 14 0 8.6 12.4 2.5 2.5 4 1 1 0 0
3667.7 -4711.3 -9.8 3 0 11.4 13.7 2.5 2.5 2 1 1 3 3
3291.7 -5208.4 -18.8 268 0 9.1 10.7 5.0 0.0 0 1 2 5 5
3241.8 -5219.5 -19.4 176 0 8.4 12.0 5.0 2.5 2 1 2 3 3
3465.1 -5542.3 -14.0 1 0 14.3 14.6 5.0 2.5 2 1 2 1 1
3462.9 -5712.8 -14.7 4 0 13.7 10.6 5.0 2.5 2 0 2 5 5
3704.7 -5881.4 -12.7 184 0 9.3 11.9 5.0 2.5 2 1 2 2 2
3847.0 -6102.6 -6.1 92 0 10.3 8.7 2.5 2.5 2 0 1 1 1
3745.3 -6078.9 -9.7 275 0 7.9 14.7 5.0 2.5 2 1 2 2 2
3682.0 -6131.7 -9.9 186 0 8.4 9.7 5.0 2.5 2 1 2 5 5
3687.2 -6164.4 -9.0 180 0 7.5 8.3 5.0 0.0 0 1 2 1 1
3737.1 -6256.2 -5.8 100 0 8.1 11.8 5.0 2.5 2 1 2 5 5
3911.7 -6255.4 -5.2 93 0 8.4 11.1 5.0 2.5 2 1 2 3 3
3910.2 -6308.9 -5.7 3 0 13.1 5.3 2.5 0.0 0 0 1 3 3
3802.1 -6255.6 -4.5 93 0 4.4 8.3 5.0 2.5 2 1 2 0 0
3816.3 -6243.6 -4.4 3 0 9.6 7.9 5.0 2.5 4 0 2 3 3
3808.9 -6305.0 -4.9 93 0 11.4 10.7 5.0 0.0 0 0 2 4 4
3733.5 -6283.7 -5.4 273 0 7.2 12.0 5.0 2.5 2 1 2 3 3
3710.9 -6280.7 -6.2 273 0 7.9 15.6 5.0 2.5 2 1 2 4 4
3658.9 -6277.7 -7.4 273 0 8.3 13.5 5.0 2.5 2 1 2 3 3
3534.6 -6266.4 -7.5 273 0 8.5 15.9 5.0 2.5 2 1 2 4 4
3493.0 -6200.6 -7.2 183 0 6.0 21.1 2.5 2.5 2 1 1 4 4
3520.5 -6199.6 -7.5 273 0 6.6 25.7 2.5 2.5 2 1 1 5 5
3518.1 -6240.5 -7.0 93 0 10.1 12.7 2.5 2.5 2 1 1 3 3
3496.2 -6241.4 -7.3 93 0 20.3 17.7 2.5 2.5 2 0 1 4 4
3510.2 -6275.1 -7.8 273 0 6.3 11.6 5.0 2.5 2 1 2 0 0
3469.9 -6369.1 -9.3 183 0 6.1 8.6 5.0 2.5 4 1 2 2 2
3743.1 -6475.4 -6.9 273 0 13.8 9.3 5.0 2.5 2 0 2 5 5
3740.3 -6456.5 -6.4 93 0 7.2 10.5 5.0 2.5 2 1 2 4 4
3705.2 -6448.2 -6.7 93 0 8.9 14.1 5.0 2.5 2 1 2 4 4
3578.1 -6434.7 -8.2 273 0 7.7 7.5 5.0 2.5 2 0 2 5 5
3560.3 -6454.1 -8.7 93 0 8.9 12.7 5.0 2.5 2 1 2 0 0
3538.0 -6450.9 -9.1 93 0 9.9 11.5 5.0 2.5 2 1 2 0 0
3505.6 -6441.9 -9.7 93 0 7.3 8.4 5.0 2.5 2 1 2 1 1
3474.0 -6452.0 -10.4 93 0 8.7 10.3 5.0 0.0 0 1 2 5 5
3524.8 -6492.0 -9.4 93 0 7.1 13.5 2.5 2.5 2 1 1 5 5
3640.9 -6476.0 -8.1 273 0 10.8 17.2 2.5 2.5 2 1 1 2 2
3661.1 -6688.4 -6.5 273 0 12.4 8.9 2.5 2.5 2 0 1 1 1
3652.4 -6665.9 -7.4 93 0 6.4 8.7 2.5 2.5 2 1 1 5 5
3623.8 -6659.1 -7.8 93 0 8.5 8.8 2.5 2.5 2 1 1 4 4
3526.9 -6695.7 -7.8 273 0 8.2 8.1 5.0 2.5 2 0 2 0 0
3473.8 -6685.0 -9.1 273 0 7.6 15.3 5.0 2.5 2 1 2 4 4
3476.4 -6718.6 -7.7 93 0 14.8 7.8 5.0 2.5 2 0 2 5 5
3404.7 -6645.3 -12.0 93 0 7.0 10.2 5.0 2.5 2 1 2 5 5
3324.9 -6682.6 -12.3 273 0 5.0 7.7 5.0 0.0 0 1 2 5 5
3051.8 -6482.9 -15.1 93 0 10.0 8.2 2.5 2.5 2 0 1 3 3
3023.3 -6460.4 -14.2 273 0 8.6 7.0 2.5 2.5 2 0 1 2 2
3226.2 -6430.4 -13.8 93 0 8.5 8.2 2.5 2.5 2 0 1 3 3
3278.0 -6477.4 -13.7 273 0 8.3 14.4 5.0 2.5 2 1 2 0 0
3316.5 -6472.7 -14.1 273 0 8.9 19.8 5.0 2.5 2 1 2 0 0
3391.1 -6467.5 -14.4 273 0 11.4 10.7 2.5 2.5 2 0 1 0 0
3437.5 -6530.3 -13.8 3 0 8.7 21.0 2.5 2.5 2 1 1 2 2
3435.4 -6464.4 -13.0 273 0 17.7 8.6 2.5 0.0 0 0 1 1 1
3439.6 -6397.3 -11.4 3 0 8.8 22.1 5.0 2.5 2 1 2 4 4
3441.6 -6373.6 -10.9 3 0 13.8 15.1 5.0 2.5 2 1 2 5 5
3445.2 -6339.7 -10.2 3 0 11.1 20.6 5.0 2.5 2 1 2 4 4
3409.4 -6299.1 -9.3 183 0 5.7 6.6 5.0 2.5 2 1 2 4 4
3450.8 -6299.8 -9.3 3 0 10.2 14.1 5.0 2.5 2 1 2 4 4
3453.1 -6267.5 -8.7 3 0 14.1 14.2 5.0 2.5 2 1 2 5 5
3450.3 -6282.9 -8.9 3 0 9.0 14.4 5.0 2.5 2 1 2 4 4
3390.2 -6260.6 -9.7 273 0 6.8 8.1 5.0 0.0 0 1 2 1 1
3392.7 -6231.2 -10.3 93 0 11.4 11.6 2.5 2.5 2 1 1 3 3
3313.3 -6265.0 -11.5 273 0 10.6 16.0 2.5 2.5 2 1 1 2 2
3290.5 -6218.4 -13.3 93 0 12.6 17.0 5.0 2.5 2 1 2 3 3
3213.5 -6260.6 -15.2 273 0 8.0 6.9 5.0 2.5 2 0 2 3 3
3217.0 -6221.0 -14.9 93 0 8.4 18.6 2.5 2.5 2 1 1 5 5
3192.5 -6198.5 -15.3 273 0 7.4 12.3 2.5 2.5 2 1 1 4 4
2711.1 -5994.5 -20.5 93 0 8.0 14.1 2.5 2.5 2 1 1 5 5
2714.3 -6040.6 -21.2 3 0 10.9 10.2 2.5 0.0 0 0 1 4 4
2785.9 -6049.7 -21.1 93 0 8.8 9.4 5.0 2.5 2 1 2 1 1
2807.4 -6003.1 -19.8 93 0 6.8 13.8 5.0 2.5 2 1 2 2 2
2894.2 -6003.2 -20.1 93 0 10.3 15.4 5.0 2.5 2 1 2 0 0
2997.6 -5993.3 -18.2 273 0 5.8 9.2 5.0 2.5 2 1 2 3 3
3017.6 -6055.8 -16.6 183 0 9.0 7.0 5.0 2.5 2 0 2 0 0
3035.7 -6045.1 -16.7 273 0 8.3 12.3 5.0 2.5 2 1 2 2 2
3124.6 -6005.4 -16.5 93 0 16.6 13.6 2.5 2.5 2 0 1 3 3
3099.3 -6043.9 -16.4 273 0 11.0 18.1 5.0 0.0 0 1 2 0 0
3121.5 -6053.2 -16.2 273 0 9.3 11.5 5.0 0.0 0 1 2 0 0
3144.1 -6058.7 -16.0 3 0 16.6 9.6 5.0 0.0 0 0 2 5 5
3198.9 -6007.6 -14.6 93 0 8.7 16.8 5.0 2.5 2 1 2 1 1
3225.1 -6017.3 -13.9 93 0 14.3 17.7 5.0 2.5 2 1 2 2 2
3320.9 -6047.2 -12.7 273 0 9.4 15.4 5.0 2.5 2 1 2 2 2
3512.7 -5990.6 -11.9 3 0 33.2 14.5 2.5 2.5 2 0 1 2 2
3402.9 -6050.8 -11.9 273 0 7.7 14.1 5.0 2.5 2 1 2 3 3
3454.3 -6010.3 -12.1 3 0 20.0 19.9 2.5 2.5 4 0 1 1 1
3453.9 -6071.2 -11.2 3 0 10.6 9.3 5.0 2.5 2 0 2 4 4
3453.3 -6088.0 -11.0 3 0 10.8 14.3 5.0 2.5 2 1 2 3 3
3494.2 -6175.1 -8.1 183 0 15.5 12.9 2.5 2.5 2 0 1 2 2
3494.9 -6140.5 -9.3 183 0 19.8 8.6 2.5 2.5 2 0 1 3 3
3489.0 -6095.4 -10.5 183 0 8.9 17.7 2.5 2.5 2 1 1 0 0
3557.0 -6120.8 -10.2 93 0 12.6 11.0 2.5 2.5 2 0 1 3 3
3550.8 -6089.2 -10.7 183 0 14.4 14.5 2.5 2.5 2 1 1 5 5
3594.4 -6024.2 -11.7 273 0 11.1 88.9 2.5 2.5 2 1 1 5 5
3129.3 -5843.8 -17.9 273 0 8.1 10.2 5.0 2.5 2 1 2 3 3
3130.1 -5803.0 -18.5 93 0 7.2 18.2 5.0 2.5 2 1 2 2 2
3178.7 -5837.2 -17.1 273 0 7.2 18.5 5.0 2.5 2 1 2 0 0
3203.5 -5835.7 -16.6 273 0 7.4 20.3 5.0 2.5 4 1 2 2 2
3229.0 -5848.0 -15.7 273 0 6.2 8.1 5.0 2.5 2 1 2 0 0
3230.4 -5808.3 -16.2 93 0 8.0 14.4 5.0 2.5 4 1 2 5 5
3292.4 -5836.0 -14.0 273 0 9.1 7.9 5.0 2.5 2 0 2 0 0
3306.1 -5855.4 -13.7 3 0 13.3 9.5 5.0 2.5 2 0 2 0 0
3300.6 -5814.9 -13.9 93 0 7.4 14.4 5.0 2.5 2 1 2 2 2
3298.1 -5772.7 -14.2 273 0 10.7 6.8 5.0 2.5 4 0 2 5 5
3354.9 -5813.3 -14.0 93 0 16.3 14.2 5.0 2.5 2 0 2 0 0
3381.6 -5817.0 -14.2 93 0 9.2 19.8 5.0 0.0 0 1 2 5 5
3394.1 -5859.4 -13.7 183 0 11.5 16.4 5.0 2.5 4 1 2 1 1
3438.6 -5807.9 -14.2 93 0 13.0 8.4 5.0 2.5 2 0 2 5 5
3458.1 -5838.8 -14.0 273 0 17.3 10.3 5.0 0.0 0 0 2 1 1
3463.5 -5896.9 -13.4 3 0 24.6 23.2 5.0 2.5 2 0 2 4 4
3459.6 -5920.4 -13.1 3 0 16.3 17.4 5.0 2.5 2 1 2 1 1
3513.0 -5843.9 -13.7 273 0 15.9 8.2 2.5 2.5 2 0 1 4 4
3501.9 -5902.1 -13.0 183 0 9.7 15.9 2.5 2.5 2 1 1 1 1
3532.1 -5919.4 -12.5 93 0 22.9 11.2 2.5 2.5 2 0 1 2 2
3556.8 -5901.6 -12.2 93 0 17.0 10.0 2.5 2.5 2 0 1 4 4
3552.1 -5878.6 -12.4 273 0 11.4 11.3 2.5 2.5 2 0 1 3 3
3577.9 -5864.0 -12.2 273 0 10.7 26.2 2.5 2.5 4 1 1 3 3
3606.1 -5899.8 -12.5 3 0 9.0 33.4 2.5 2.5 2 1 1 1 1
3625.2 -5894.3 -12.8 273 0 31.6 10.7 2.5 2.5 2 0 1 3 3
3676.7 -5901.7 -13.1 3 0 9.3 13.8 2.5 2.5 2 1 1 5 5
3655.7 -5873.0 -12.9 273 0 9.8 19.3 2.5 2.5 2 1 1 1 1
3604.7 -5820.0 -12.9 93 0 10.4 13.6 5.0 2.5 2 1 2 1 1
3577.1 -5820.7 -13.5 93 0 13.2 16.7 5.0 2.5 2 1 2 5 5
3558.0 -5817.6 -13.8 93 0 8.9 13.5 5.0 2.5 4 1 2 5 5
3504.0 -5817.8 -14.4 93 0 18.3 15.5 5.0 2.5 2 0 2 3 3
3507.3 -5714.5 -14.9 183 0 8.4 7.6 5.0 2.5 2 0 2 3 3
3490.6 -5710.9 -14.9 183 0 18.5 12.2 5.0 2.5 4 0 2 0 0
3523.5 -5745.3 -14.8 3 0 8.0 5.6 5.0 0.0 0 0 2 5 5
3612.6 -5657.8 -15.7 3 0 9.5 5.8 7.5 2.5 2 0 3 4 4
3552.9 -5659.7 -15.4 93 0 6.3 10.7 5.0 2.5 2 1 2 1 1
3568.2 -5645.7 -15.5 273 0 8.1 11.1 2.5 2.5 2 1 1 3 3
3616.4 -5431.5 -13.5 273 0 6.0 10.7 5.0 2.5 2 1 2 4 4
3580.7 -5399.9 -14.2 93 0 7.3 8.7 2.5 2.5 2 1 1 3 3
3534.1 -5298.2 -15.9 93 0 9.1 8.5 2.5 2.5 2 0 1 3 3
3522.3 -5396.4 -15.1 93 0 9.1 7.9 2.5 2.5 2 0 1 0 0
3534.6 -5401.5 -15.0 93 0 11.2 22.0 2.5 2.5 2 1 1 5 5
3371.1 -5415.6 -16.7 273 0 11.8 7.1 5.0 2.5 4 0 2 1 1
3415.6 -5392.4 -16.4 93 0 7.3 22.1 5.0 2.5 2 1 2 1 1
3460.5 -5288.8 -16.7 93 0 14.1 9.3 5.0 2.5 2 0 2 2 2
3478.4 -5204.9 -17.4 273 0 13.0 8.1 5.0 2.5 2 0 2 5 5
3471.7 -5193.4 -17.4 93 0 17.1 16.0 5.0 2.5 2 0 2 0 0
3402.5 -5182.4 -17.4 93 0 8.4 11.7 5.0 2.5 2 1 2 4 4
3373.0 -5183.4 -17.7 93 0 11.6 13.1 5.0 2.5 2 1 2 0 0
3249.2 -5177.5 -19.4 90 0 9.5 15.5 5.0 2.5 2 1 2 4 4
