-3510.0 4105.4 -33.0 202 0 14.6 15.0 5.0 2.5 2 1 2 5 5
-3626.6 3903.0 -34.4 202 0 6.0 16.7 5.0 2.5 2 1 2 2 2
-3471.3 4353.5 -24.0 195 0 8.3 10.1 5.0 2.5 2 1 2 1 1
-3505.0 4327.1 -25.7 27 0 7.5 10.7 2.5 2.5 2 1 1 5 5
-3666.0 3863.2 -34.5 23 0 9.8 11.8 2.5 2.5 2 1 1 3 3
-3658.2 3888.6 -34.3 23 0 12.3 19.5 2.5 0.0 0 1 1 3 3
-3653.0 3908.1 -34.1 23 0 18.2 9.1 2.5 2.5 2 0 1 1 1
-3644.3 3924.5 -33.9 23 0 7.9 11.8 2.5 2.5 2 1 1 4 4
-3632.5 3963.5 -34.9 23 0 17.8 15.3 2.5 2.5 2 0 1 5 5
-3621.1 3986.8 -35.5 23 0 7.8 16.2 2.5 2.5 2 1 1 2 2
-3617.1 4042.7 -37.4 23 0 22.0 14.9 2.5 0.0 0 0 1 5 5
-3549.8 4176.8 -34.6 23 0 18.1 10.4 2.5 2.5 2 0 1 3 3
-3559.0 4185.8 -34.3 23 0 12.8 12.3 2.5 2.5 2 0 1 3 3
-3546.5 4194.6 -33.1 23 0 9.9 20.7 2.5 2.5 2 1 1 3 3
-3542.5 4207.2 -31.8 23 0 7.6 11.8 2.5 2.5 2 1 1 0 0
-3535.0 4231.5 -30.2 23 0 7.9 14.1 2.5 2.5 2 1 1 5 5
-3531.0 4246.4 -29.5 23 0 9.6 14.3 2.5 2.5 2 1 1 0 0
-3526.2 4261.0 -28.9 23 0 9.3 20.9 2.5 2.5 2 1 1 3 3
-3521.3 4279.3 -28.1 23 0 10.8 7.1 2.5 2.5 2 0 1 4 4
-3515.7 4292.1 -27.4 23 0 9.4 8.5 2.5 2.5 2 0 1 5 5
-3479.6 4322.9 -25.4 203 0 8.2 11.8 5.0 2.5 2 1 2 2 2
-3486.9 4300.2 -26.5 203 0 7.8 11.2 5.0 0.0 0 1 2 5 5
-3496.4 4279.8 -27.5 203 0 9.5 12.6 5.0 2.5 2 1 2 2 2
-3366.2 4100.2 -27.2 113 0 9.5 8.7 5.0 2.5 2 0 2 3 3
-3352.1 4127.9 -26.4 23 0 15.0 9.2 5.0 2.5 2 0 2 3 3
-3372.9 4140.2 -27.1 293 0 9.4 10.7 5.0 2.5 2 1 2 2 2
-3383.9 4107.7 -27.7 113 0 9.0 9.3 5.0 2.5 2 1 2 4 4
-3391.1 4148.3 -27.7 293 0 10.2 11.1 5.0 2.5 2 1 2 0 0
-3402.4 4115.6 -28.3 113 0 8.5 8.3 5.0 2.5 4 0 2 5 5
-3428.7 4128.3 -29.2 113 0 8.2 8.9 5.0 2.5 2 1 2 0 0
-3415.3 4156.8 -28.5 293 0 10.0 9.1 5.0 2.5 2 0 2 5 5
-3423.3 4206.3 -27.5 293 0 14.5 8.4 5.0 2.5 2 0 2 3 3
-3433.2 4187.4 -28.5 293 0 12.5 9.0 5.0 2.5 2 0 2 5 5
-3440.7 4169.0 -29.4 293 0 13.0 8.9 5.0 2.5 2 0 2 5 5
-3452.9 4139.6 -30.1 113 0 12.1 8.8 5.0 2.5 2 0 2 5 5
-3460.1 4122.6 -29.6 113 0 11.6 10.1 5.0 2.5 2 0 2 2 2
-3464.9 4091.6 -29.7 23 0 17.7 10.6 5.0 2.5 2 0 2 0 0
-3477.6 4180.5 -30.5 203 0 8.7 15.7 5.0 2.5 2 1 2 4 4
-3486.7 4159.3 -31.2 203 0 7.8 15.9 5.0 2.5 2 1 2 3 3
-3491.3 4143.5 -31.0 203 0 7.9 13.3 5.0 2.5 2 1 2 1 1
-3506.6 4246.1 -29.0 203 0 9.0 14.4 5.0 2.5 2 1 2 3 3
-3514.9 4220.2 -30.2 203 0 8.3 13.9 5.0 2.5 2 1 2 1 1
-3519.7 4205.7 -30.9 203 0 8.1 13.8 5.0 2.5 2 1 2 3 3
-3527.2 4178.7 -32.8 201 0 9.2 14.5 5.0 2.5 2 1 2 2 2
-3532.3 4165.0 -33.5 201 0 9.4 13.2 5.0 2.5 2 1 2 2 2
-3529.8 4138.8 -33.8 204 0 11.9 29.3 5.0 0.0 0 1 2 2 2
-3546.2 4093.7 -35.1 202 0 11.4 31.5 5.0 2.5 2 1 2 2 2
-3514.8 4081.2 -33.5 203 0 9.5 7.0 5.0 2.5 2 0 2 4 4
-3476.9 4067.8 -30.8 23 0 10.2 6.6 5.0 2.5 2 0 2 4 4
-3484.4 4030.0 -33.4 21 0 9.4 22.4 5.0 2.5 2 1 2 1 1
-3514.7 3977.9 -33.9 24 0 15.8 10.3 5.0 2.5 4 0 2 4 4
-3499.4 4011.6 -34.0 18 0 9.6 13.1 5.0 2.5 2 1 2 3 3
-3537.2 4063.7 -34.9 201 0 11.0 14.3 5.0 2.5 2 1 2 2 2
-3542.4 4044.2 -35.3 200 0 7.1 10.0 5.0 2.5 2 1 2 5 5
-3577.7 4038.2 -36.3 202 0 8.2 12.1 5.0 2.5 4 1 2 0 0
-3585.2 4013.9 -35.6 202 0 9.8 11.7 5.0 2.5 2 1 2 0 0
-3583.7 3973.5 -34.3 201 0 9.7 25.3 5.0 2.5 2 1 2 0 0
-3591.4 3990.6 -34.9 200 0 8.3 14.7 5.0 2.5 2 1 2 5 5
-3617.7 3917.2 -34.2 200 0 13.0 9.6 5.0 2.5 2 0 2 3 3
-3606.9 3875.6 -34.9 201 0 14.7 24.9 5.0 2.5 2 1 2 0 0
-3625.6 3766.9 -33.8 202 0 10.4 16.1 5.0 2.5 2 1 2 0 0
-3613.8 3696.0 -31.6 27 0 9.6 9.5 5.0 2.5 2 0 2 1 1
-3636.9 3700.4 -31.2 117 0 12.8 9.3 5.0 2.5 2 0 2 3 3
-3665.8 3717.9 -30.9 207 0 13.7 23.0 5.0 2.5 2 1 2 3 3
-3681.8 3724.2 -30.2 207 0 11.7 10.5 5.0 0.0 0 0 2 0 0
-6127.2 -3488.0 -11.1 56 0 8.8 19.8 5.0 2.5 2 1 2 3 3
-3758.1 -1858.3 -20.1 91 0 11.3 22.0 5.0 0.0 0 1 2 1 1
-3882.7 460.1 -30.5 92 0 9.7 11.5 5.0 2.5 2 1 2 5 5
-3853.4 465.1 -30.2 3 0 6.4 6.7 5.0 0.0 0 1 2 1 1
-3865.4 454.7 -30.4 91 0 6.3 14.2 5.0 2.5 2 1 2 5 5
-3770.0 402.6 -25.2 274 0 9.7 10.0 5.0 2.5 2 1 2 2 2
-3123.2 433.1 -4.3 98 0 9.8 11.0 2.5 2.5 2 1 1 1 1
-3092.3 422.7 -5.9 95 0 9.2 9.1 2.5 2.5 2 0 1 2 2
-3089.7 378.3 -6.7 98 0 8.4 8.7 5.0 2.5 2 1 2 0 0
-3135.5 373.6 -4.7 94 0 10.3 12.3 5.0 2.5 2 1 2 5 5
-3140.4 434.0 -4.4 95 0 8.2 12.7 2.5 2.5 2 1 1 2 2
-3199.8 437.1 -8.8 92 0 7.9 7.6 2.5 2.5 2 0 1 2 2
-3206.2 384.3 -9.4 193 0 8.3 8.1 5.0 2.5 2 0 2 0 0
-3398.1 371.6 -19.0 280 0 7.1 11.1 5.0 2.5 2 1 2 2 2
-3369.1 384.6 -18.3 281 0 8.3 11.1 7.5 2.5 2 1 3 5 5
-3350.1 354.5 -16.8 106 0 10.8 7.9 7.5 0.0 0 0 3 5 5
-3309.8 372.3 -17.1 279 0 16.4 39.7 15.0 0.0 0 1 6 1 1
-3330.5 443.0 -13.1 92 0 9.9 11.5 2.5 2.5 2 1 1 0 0
-3377.7 449.6 -13.5 106 0 10.1 12.7 2.5 2.5 2 1 1 3 3
-3429.2 490.1 -13.9 265 0 11.7 10.2 2.5 2.5 2 0 1 5 5
-3489.3 481.3 -17.7 179 0 9.1 38.7 2.5 2.5 4 1 1 2 2
-3493.7 450.0 -19.3 86 0 8.7 29.6 2.5 2.5 2 1 1 5 5
-3471.7 380.5 -17.1 89 0 9.4 9.8 2.5 2.5 2 1 1 5 5
-3525.2 446.9 -19.4 89 0 8.7 10.5 2.5 2.5 4 1 1 1 1
-3539.6 448.4 -19.4 89 0 8.1 10.8 2.5 2.5 2 1 1 3 3
-3539.9 390.8 -18.3 359 0 13.2 9.1 5.0 0.0 0 0 2 5 5
-3556.6 394.0 -19.3 359 0 9.2 8.2 5.0 2.5 4 0 2 0 0
-3582.1 451.6 -19.4 89 0 7.5 10.7 2.5 0.0 0 1 1 5 5
-3619.2 453.0 -20.6 89 0 8.3 10.7 2.5 0.0 0 1 1 0 0
-3617.0 399.4 -20.5 269 0 9.1 9.6 5.0 2.5 2 1 2 0 0
-3655.8 390.8 -22.1 89 0 9.6 10.4 5.0 2.5 2 1 2 1 1
-3668.0 453.9 -22.6 89 0 7.7 11.6 2.5 0.0 0 1 1 3 3
-3704.6 410.4 -24.0 269 0 6.9 8.5 5.0 2.5 2 1 2 0 0
-3696.2 405.4 -23.6 269 0 7.2 10.9 5.0 2.5 2 1 2 1 1
-3836.3 400.0 -27.1 89 0 8.3 8.1 5.0 2.5 2 0 2 4 4
-3930.6 394.1 -28.4 89 0 9.1 9.5 7.5 2.5 2 1 3 1 1
-4022.7 397.5 -28.5 89 0 9.0 9.2 7.5 2.5 2 1 3 4 4
-4448.6 432.1 -25.1 89 0 5.9 9.7 5.0 2.5 2 1 2 5 5
-4938.1 415.0 -30.1 89 0 6.7 13.0 2.5 2.5 2 1 1 3 3
-4904.9 444.2 -30.4 269 0 11.1 11.8 2.5 2.5 2 1 1 0 0
-4943.9 475.7 -32.9 89 0 7.2 11.0 2.5 2.5 2 1 1 0 0
-5226.2 468.8 -32.5 89 0 11.8 11.3 5.0 2.5 2 0 2 5 5
-5197.1 469.5 -32.2 89 0 6.1 13.6 5.0 2.5 2 1 2 2 2
-5172.1 466.1 -32.3 89 0 9.8 17.8 5.0 2.5 4 1 2 0 0
-5139.0 469.0 -32.7 89 0 8.8 8.1 5.0 2.5 2 0 2 3 3
-5112.9 493.5 -32.5 269 0 6.9 10.0 5.0 2.5 2 1 2 5 5
-5085.3 472.1 -33.9 89 0 8.5 8.6 5.0 2.5 2 1 2 1 1
-5044.9 496.8 -33.5 269 0 8.4 9.5 5.0 2.5 2 1 2 3 3
-5043.7 474.5 -34.1 89 0 9.4 11.0 5.0 2.5 2 1 2 0 0
-5009.0 489.8 -33.4 359 0 10.1 8.4 5.0 0.0 0 0 2 1 1
-5002.2 439.8 -34.2 269 0 10.0 7.1 2.5 0.0 0 0 1 3 3
-5031.7 434.1 -34.5 269 0 9.5 14.4 2.5 2.5 2 1 1 0 0
-5058.1 434.0 -34.7 269 0 8.8 7.8 2.5 2.5 2 0 1 5 5
-5084.0 433.4 -34.7 269 0 7.5 9.8 2.5 2.5 2 1 1 0 0
-5110.4 434.1 -33.9 269 0 8.7 10.2 2.5 0.0 0 1 1 0 0
-5135.6 432.9 -33.4 269 0 8.7 12.4 2.5 0.0 0 1 1 2 2
-5164.7 433.2 -33.3 271 0 9.8 12.8 2.5 2.5 2 1 1 2 2
-5192.5 432.7 -33.2 271 0 8.2 16.4 2.5 2.5 2 1 1 2 2
-5241.4 437.9 -33.5 273 0 8.4 13.4 5.0 2.5 2 1 2 1 1
-5281.8 430.7 -33.6 211 0 9.3 8.5 5.0 2.5 2 0 2 3 3
-5316.0 404.0 -35.5 31 0 13.4 18.6 5.0 2.5 2 1 2 1 1
-5300.9 400.0 -33.7 211 0 5.7 12.2 5.0 2.5 2 1 2 5 5
-5217.4 392.8 -33.5 211 0 7.5 11.5 2.5 2.5 4 1 1 5 5
-5227.7 367.9 -33.7 211 0 9.6 13.0 2.5 0.0 0 1 1 1 1
-5238.1 350.2 -33.9 211 0 9.0 12.6 2.5 2.5 2 1 1 0 0
-5246.4 405.1 -33.6 31 0 8.0 10.8 5.0 2.5 2 1 2 4 4
-5258.1 382.1 -33.7 31 0 8.1 10.4 5.0 2.5 2 1 2 4 4
-5267.9 364.0 -33.8 31 0 11.1 11.7 5.0 2.5 2 1 2 0 0
-5276.8 345.7 -33.8 31 0 8.0 8.6 5.0 2.5 2 1 2 4 4
-5285.5 327.3 -33.9 31 0 8.1 15.2 5.0 2.5 2 1 2 5 5
-5308.5 300.2 -33.8 31 0 8.2 8.6 5.0 2.5 2 1 2 1 1
-5296.8 304.2 -33.9 31 0 8.3 15.5 5.0 2.5 4 1 2 3 3
-5333.9 218.9 -31.9 31 0 7.9 14.8 5.0 2.5 2 1 2 2 2
-5352.7 196.9 -31.0 31 0 8.2 12.2 5.0 2.5 4 1 2 5 5
-5317.5 209.7 -31.6 211 0 6.7 17.2 5.0 2.5 4 1 2 1 1
-6476.1 -4133.9 -15.8 56 0 15.7 13.4 5.0 2.5 2 0 2 5 5
-6577.4 -3863.8 -16.4 99 0 9.7 9.7 2.5 2.5 2 0 1 5 5
-6534.8 -3782.2 -15.6 39 0 7.7 10.2 5.0 2.5 2 1 2 1 1
-6406.6 -3691.8 -9.7 134 0 7.2 14.5 5.0 2.5 2 1 2 3 3
-6369.8 -3645.5 -10.4 221 0 10.0 17.0 5.0 2.5 2 1 2 4 4
-6343.0 -3547.1 -13.9 51 0 7.8 7.8 5.0 2.5 2 0 2 5 5
-6317.5 -3625.2 -13.7 39 0 8.8 10.1 5.0 0.0 0 1 2 3 3
-6303.4 -3516.1 -13.3 50 0 8.1 12.7 5.0 2.5 2 1 2 1 1
-6296.0 -3588.4 -15.0 231 0 12.7 10.8 5.0 2.5 2 0 2 0 0
-6268.0 -3561.7 -14.5 217 0 11.5 10.6 5.0 0.0 0 0 2 0 0
-6219.9 -3543.8 -13.3 43 0 8.0 11.0 5.0 2.5 2 1 2 1 1
-6258.5 -3494.5 -12.6 46 0 9.0 12.3 5.0 2.5 2 1 2 0 0
-6230.9 -3477.4 -12.1 52 0 7.1 9.0 5.0 2.5 2 1 2 4 4
-6210.4 -3481.9 -11.9 58 0 6.1 8.8 5.0 2.5 2 1 2 5 5
-6181.6 -3465.5 -12.3 56 0 4.6 10.5 5.0 2.5 2 1 2 3 3
-6116.7 -3485.7 -10.1 148 0 8.3 9.3 5.0 2.5 4 1 2 2 2
-6140.9 -3484.7 -10.9 57 0 7.8 9.2 5.0 2.5 4 1 2 3 3
-6089.8 -3462.3 -9.4 51 0 9.9 10.4 5.0 2.5 2 1 2 2 2
-6086.5 -3382.9 -15.4 53 0 7.2 14.3 5.0 2.5 2 1 2 1 1
-6136.0 -3412.7 -14.7 51 0 7.4 15.2 5.0 2.5 2 1 2 1 1
-5986.4 -3309.6 -16.3 49 0 7.9 10.2 5.0 2.5 2 1 2 2 2
-6042.7 -3324.5 -15.0 236 0 8.4 14.0 5.0 2.5 2 1 2 5 5
-6049.9 -3356.9 -15.5 54 0 16.0 12.5 5.0 2.5 2 0 2 0 0
-6061.5 -3445.9 -8.1 51 0 16.2 12.3 5.0 2.5 2 0 2 1 1
-6027.5 -3422.5 -8.6 54 0 12.6 11.6 5.0 2.5 2 0 2 4 4
-5997.3 -3403.8 -9.6 57 0 8.7 12.7 5.0 2.5 2 1 2 4 4
-5971.9 -3381.2 -12.8 59 0 7.5 11.1 5.0 2.5 2 1 2 4 4
-5937.2 -3355.2 -14.8 57 0 8.8 15.6 5.0 2.5 2 1 2 5 5
-5897.5 -3319.8 -14.6 322 0 14.2 8.9 5.0 2.5 4 0 2 4 4
-5938.9 -3275.5 -17.8 55 0 6.5 10.4 5.0 2.5 2 1 2 2 2
-5863.9 -3240.5 -17.9 55 0 6.1 7.0 2.5 2.5 2 1 1 5 5
-5816.0 -3198.3 -16.9 55 0 8.3 13.8 2.5 2.5 2 1 1 0 0
-5798.7 -3182.4 -16.0 55 0 10.1 8.8 2.5 2.5 2 0 1 5 5
-4280.0 -1477.5 -27.2 93 0 7.1 7.4 2.5 2.5 2 1 1 2 2
-4021.3 -1437.6 -26.4 178 0 9.0 10.2 2.5 0.0 0 1 1 1 1
-4070.4 -1742.3 -25.1 9 0 9.8 18.1 5.0 2.5 2 1 2 4 4
-3830.7 -1888.3 -22.4 277 0 22.7 14.1 2.5 2.5 2 0 1 4 4
-3792.7 -1893.5 -22.2 277 0 29.4 12.0 2.5 2.5 2 0 1 4 4
-3779.0 -1943.4 -23.7 96 0 12.8 13.5 2.5 2.5 2 1 1 1 1
-3595.5 -1245.8 -23.4 180 0 7.5 11.9 2.5 2.5 2 1 1 5 5
-3617.8 -1242.5 -24.0 359 0 7.6 18.1 5.0 2.5 2 1 2 3 3
-3601.6 -1311.8 -23.4 181 0 7.2 11.2 2.5 2.5 2 1 1 2 2
-3606.3 -1340.4 -22.9 180 0 6.6 13.2 2.5 2.5 2 1 1 5 5
-3627.9 -1308.7 -24.1 2 0 7.6 14.4 5.0 2.5 2 1 2 0 0
-3631.2 -1338.9 -23.3 1 0 7.9 10.6 5.0 0.0 0 1 2 1 1
-3635.8 -1415.5 -23.1 3 0 9.1 17.0 5.0 2.5 2 1 2 3 3
-3636.0 -1449.7 -23.1 0 0 7.3 9.6 5.0 0.0 0 1 2 3 3
-3607.5 -1460.5 -24.1 180 0 9.4 9.2 5.0 2.5 2 0 2 0 0
-3635.7 -1525.4 -21.1 3 0 8.1 9.5 5.0 2.5 2 1 2 1 1
-3614.8 -1518.9 -23.4 178 0 7.5 12.1 5.0 2.5 2 1 2 3 3
-3617.0 -1550.0 -22.2 181 0 8.2 11.5 5.0 0.0 0 1 2 5 5
-3624.5 -1614.4 -21.8 183 0 9.0 13.8 5.0 2.5 2 1 2 4 4
-3648.6 -1610.1 -22.1 1 0 7.5 8.7 2.5 2.5 4 1 1 0 0
-3651.4 -1649.3 -21.9 1 0 8.1 12.8 2.5 2.5 2 1 1 4 4
-3626.4 -1652.2 -21.5 183 0 7.9 10.3 5.0 2.5 2 1 2 0 0
-3654.7 -1719.5 -21.6 2 0 9.2 20.5 2.5 2.5 2 1 1 2 2
-3659.1 -1743.3 -21.0 2 0 7.9 8.7 2.5 2.5 2 1 1 2 2
-3633.9 -1719.7 -21.5 181 0 6.6 15.9 5.0 2.5 2 1 2 1 1
-3634.3 -1746.7 -20.9 182 0 9.7 21.4 5.0 2.5 2 1 2 3 3
-3120.5 -1904.5 -17.8 92 0 7.1 14.8 5.0 2.5 2 1 2 4 4
-3210.2 -1648.1 -19.6 180 0 9.0 12.9 5.0 2.5 2 1 2 3 3
-3236.5 -1651.9 -20.1 4 0 8.2 14.0 5.0 2.5 2 1 2 2 2
-3237.7 -1685.3 -19.9 4 0 7.9 13.7 5.0 2.5 2 1 2 4 4
-3378.2 -1054.6 -22.0 181 0 8.2 10.4 5.0 2.5 2 1 2 5 5
-3387.2 -1157.4 -21.4 185 0 7.9 12.3 2.5 2.5 2 1 1 1 1
-3411.0 -1153.0 -21.5 6 0 7.2 12.8 5.0 2.5 2 1 2 3 3
-3417.1 -1211.6 -21.5 1 0 10.4 8.7 5.0 2.5 2 0 2 0 0
-3429.6 -1226.7 -21.7 21 0 15.3 12.9 5.0 2.5 2 0 2 0 0
-3420.5 -1253.4 -21.2 2 0 8.2 8.7 5.0 2.5 2 1 2 4 4
-3393.6 -1252.3 -20.8 183 0 15.4 10.7 2.5 0.0 0 0 1 0 0
-3401.8 -1303.0 -20.5 185 0 7.2 12.1 2.5 2.5 4 1 1 0 0
-3427.7 -1360.6 -20.9 359 0 7.9 9.6 5.0 2.5 2 1 2 2 2
-3404.3 -1432.7 -21.3 181 0 8.4 14.3 2.5 0.0 0 1 1 1 1
-3431.3 -1431.8 -21.5 5 0 9.1 9.3 5.0 2.5 2 1 2 0 0
-3432.5 -1466.7 -22.0 2 0 7.5 13.6 5.0 2.5 2 1 2 0 0
-3404.9 -1468.8 -21.8 185 0 9.4 17.8 2.5 2.5 2 1 1 3 3
-3405.4 -1507.9 -21.4 183 0 9.0 11.7 2.5 2.5 2 1 1 4 4
-3438.9 -1561.0 -20.5 359 0 8.2 11.0 5.0 2.5 2 1 2 2 2
-3414.6 -1628.4 -19.4 182 0 9.2 9.6 5.0 2.5 2 1 2 5 5
-3417.6 -1661.6 -19.4 179 0 9.1 15.5 5.0 2.5 4 1 2 5 5
-3454.1 -1758.6 -19.8 3 0 7.6 14.4 2.5 0.0 0 1 1 4 4
-3425.0 -1733.9 -19.9 182 0 8.8 17.7 5.0 2.5 2 1 2 3 3
-3426.5 -1761.5 -19.6 179 0 10.9 10.5 5.0 0.0 0 0 2 3 3
-3435.0 -1832.1 -19.3 182 0 17.0 15.8 5.0 2.5 2 0 2 5 5
-3265.3 -2085.6 -18.6 2 0 7.0 11.7 5.0 2.5 2 1 2 3 3
-3241.7 -2089.3 -18.4 179 0 7.6 11.2 2.5 2.5 2 1 1 0 0
-3253.1 -1865.3 -19.4 0 0 7.0 6.5 5.0 2.5 2 0 2 5 5
-3249.3 -1850.2 -19.6 1 0 6.9 14.7 5.0 2.5 2 1 2 4 4
-3249.0 -1789.2 -19.3 0 0 7.2 8.3 5.0 2.5 2 1 2 4 4
-3238.9 -1780.3 -19.1 2 0 8.7 19.1 5.0 2.5 2 1 2 4 4
-3242.9 -1753.4 -19.1 359 0 7.8 13.3 5.0 2.5 4 1 2 1 1
-3220.1 -1757.0 -19.1 179 0 9.5 13.8 5.0 2.5 2 1 2 2 2
-3222.3 -1786.0 -18.9 182 0 9.5 17.0 5.0 2.5 2 1 2 0 0
-3221.8 -1822.4 -19.3 180 0 7.5 8.7 5.0 2.5 2 1 2 2 2
-3174.0 -1902.9 -18.5 94 0 10.2 16.8 5.0 2.5 2 1 2 0 0
-3185.2 -1896.7 -18.7 91 0 6.9 16.9 5.0 2.5 2 1 2 4 4
-3211.2 -1908.1 -18.8 93 0 10.1 15.4 5.0 2.5 2 1 2 1 1
-3229.5 -1909.3 -19.0 98 0 6.5 18.2 5.0 2.5 2 1 2 1 1
-3236.7 -1895.6 -19.1 187 0 18.8 5.1 5.0 2.5 2 0 2 4 4
-3214.4 -1952.8 -18.5 359 0 9.7 8.7 5.0 2.5 2 0 2 2 2
-3234.1 -1947.0 -18.6 182 0 14.0 9.6 5.0 2.5 2 0 2 3 3
-3235.0 -1959.0 -18.6 180 0 7.3 10.4 5.0 2.5 2 1 2 4 4
-3236.3 -1985.7 -18.6 182 0 12.4 12.5 5.0 2.5 2 1 2 5 5
-3257.5 -1986.3 -18.8 3 0 9.6 23.1 5.0 2.5 2 1 2 5 5
-3254.6 -1946.5 -18.9 4 0 15.7 13.4 5.0 0.0 0 0 2 5 5
-3288.4 -1902.6 -19.3 93 0 15.6 25.2 5.0 2.5 2 1 2 5 5
-3334.8 -1897.7 -19.5 91 0 10.9 16.7 5.0 2.5 2 1 2 0 0
-3376.7 -1889.7 -19.6 95 0 7.8 11.1 5.0 2.5 2 1 2 2 2
-3431.7 -1864.2 -19.7 181 0 8.4 12.5 5.0 0.0 0 1 2 5 5
-3443.4 -1888.4 -19.8 183 0 13.1 18.8 5.0 2.5 2 1 2 3 3
-3394.7 -1929.5 -19.5 2 0 9.7 10.9 5.0 2.5 2 1 2 5 5
-3413.1 -1922.7 -19.6 272 0 7.7 12.4 5.0 2.5 2 1 2 1 1
-3448.3 -1925.6 -19.7 181 0 13.6 28.7 5.0 2.5 2 1 2 0 0
-3441.4 -1941.0 -19.6 183 0 13.9 16.0 5.0 2.5 2 1 2 1 1
-3449.2 -1957.2 -19.6 181 0 7.6 17.0 5.0 2.5 2 1 2 0 0
-3449.0 -2018.7 -19.3 180 0 7.6 19.3 5.0 2.5 2 1 2 3 3
-3465.0 -2015.1 -19.8 1 0 10.4 14.6 5.0 2.5 4 1 2 0 0
-3471.3 -2038.4 -19.7 3 0 8.1 14.6 5.0 2.5 2 1 2 3 3
-3656.2 -2057.4 -23.0 180 0 7.6 11.6 5.0 2.5 2 1 2 4 4
-3663.7 -2156.4 -21.5 184 0 7.2 10.4 5.0 2.5 2 1 2 4 4
-3669.2 -2127.5 -21.8 183 0 7.9 19.8 5.0 2.5 2 1 2 0 0
-3685.9 -2104.9 -22.5 3 0 8.4 8.6 2.5 2.5 2 1 1 2 2
-3681.8 -2055.3 -23.6 6 0 9.4 14.9 2.5 2.5 2 1 1 5 5
-3679.9 -2021.9 -23.5 2 0 14.3 15.6 2.5 2.5 2 1 1 5 5
-3537.3 -1914.3 -21.1 271 0 12.8 11.9 5.0 2.5 2 0 2 5 5
-3460.5 -1892.8 -20.0 95 0 11.2 26.2 5.0 2.5 2 1 2 5 5
-3472.0 -1889.6 -20.1 95 0 9.0 16.6 5.0 2.5 2 1 2 1 1
-3482.0 -1886.9 -20.1 95 0 8.9 17.4 5.0 2.5 2 1 2 0 0
-3511.5 -1882.1 -20.3 93 0 17.1 15.2 5.0 2.5 4 0 2 0 0
-3529.2 -1881.6 -20.4 94 0 12.9 11.7 5.0 2.5 2 0 2 5 5
-3540.7 -1882.1 -20.4 92 0 7.5 17.6 5.0 0.0 0 1 2 1 1
-3560.4 -1876.4 -20.5 112 0 10.4 14.4 5.0 2.5 4 1 2 5 5
-3583.7 -1869.9 -20.6 95 0 10.6 37.7 5.0 2.5 2 1 2 0 0
-3615.3 -1834.7 -20.4 185 0 11.5 25.2 5.0 2.5 2 1 2 1 1
-3638.2 -1815.6 -20.3 181 0 7.9 12.2 5.0 2.5 2 1 2 3 3
-3640.8 -1843.3 -20.7 186 0 33.0 11.3 5.0 2.5 2 0 2 2 2
-3627.7 -1900.5 -21.4 271 0 16.2 11.5 5.0 2.5 2 0 2 4 4
-3654.5 -1902.1 -21.5 181 0 16.0 12.3 5.0 2.5 2 0 2 4 4
-3641.4 -1935.1 -22.1 181 0 19.9 8.8 5.0 2.5 4 0 2 5 5
-3677.6 -1922.0 -22.2 1 0 9.0 9.6 2.5 2.5 2 1 1 2 2
-3740.3 -1898.2 -22.2 271 0 16.1 11.8 2.5 0.0 0 0 1 1 1
-3718.8 -1899.6 -22.4 271 0 8.8 15.2 2.5 2.5 2 1 1 2 2
-3694.6 -1897.9 -22.2 271 0 12.5 16.8 2.5 2.5 2 1 1 1 1
-3679.9 -1866.2 -20.7 91 0 13.2 16.2 5.0 2.5 2 1 2 5 5
-3704.2 -1853.8 -20.4 91 0 8.4 10.6 5.0 2.5 2 1 2 2 2
-3718.4 -1860.7 -20.4 91 0 15.2 9.5 5.0 0.0 0 0 2 5 5
-3786.0 -1855.8 -20.1 91 0 16.3 8.2 5.0 2.5 2 0 2 0 0
-3834.8 -1653.9 -22.6 181 0 8.8 10.8 5.0 2.5 2 1 2 0 0
-3837.7 -1698.7 -22.3 181 0 7.2 9.9 5.0 2.5 2 1 2 2 2
-3836.8 -1709.1 -22.2 181 0 7.6 13.8 5.0 2.5 2 1 2 3 3
-3860.9 -1627.9 -23.3 1 0 7.6 10.2 5.0 0.0 0 1 2 2 2
-3863.2 -1693.9 -22.7 1 0 7.8 13.5 5.0 2.5 2 1 2 4 4
-3862.6 -1730.2 -22.4 1 0 6.7 13.1 5.0 2.5 4 1 2 0 0
-3878.6 -1941.5 -23.1 1 0 7.1 12.6 5.0 2.5 2 1 2 2 2
-3878.7 -1931.3 -22.9 1 0 9.8 16.6 5.0 2.5 2 1 2 5 5
-3878.7 -1909.1 -22.4 1 0 7.3 10.4 5.0 2.5 2 1 2 4 4
-3875.0 -1839.2 -21.4 1 0 8.1 9.5 5.0 2.5 2 1 2 5 5
-3955.7 -1829.9 -22.7 271 0 9.9 10.2 5.0 2.5 2 1 2 0 0
-3959.6 -1901.7 -22.8 91 0 9.8 18.4 5.0 0.0 0 1 2 3 3
-4033.3 -1585.7 -24.8 181 0 7.8 12.9 5.0 2.5 4 1 2 3 3
-4041.3 -1687.4 -24.0 181 0 7.7 11.9 5.0 2.5 2 1 2 4 4
-4045.9 -1719.0 -24.4 181 0 7.1 19.7 5.0 2.5 2 1 2 2 2
-4026.3 -1775.5 -24.3 1 0 10.7 4.9 5.0 2.5 4 0 2 0 0
-4050.2 -1786.4 -24.6 181 0 7.0 14.1 5.0 2.5 2 1 2 3 3
-4023.1 -1847.7 -23.8 91 0 12.1 11.0 5.0 2.5 4 0 2 4 4
-4038.2 -1842.6 -24.0 91 0 12.3 11.1 5.0 2.5 2 0 2 1 1
-4055.2 -1594.0 -25.0 1 0 12.1 10.0 5.0 2.5 2 0 2 2 2
-4056.1 -1582.2 -25.3 1 0 7.3 15.6 5.0 2.5 2 1 2 1 1
-4063.0 -1616.1 -24.8 1 0 7.0 9.5 5.0 2.5 2 1 2 2 2
-4063.1 -1685.6 -24.5 1 0 6.5 20.6 5.0 0.0 0 1 2 0 0
-4075.1 -1783.1 -25.3 1 0 10.6 17.2 5.0 2.5 2 1 2 4 4
-4075.1 -1818.4 -25.1 1 0 6.9 17.2 5.0 2.5 2 1 2 5 5
-4274.0 -1666.9 -27.2 1 0 6.2 12.0 5.0 2.5 2 1 2 5 5
-4248.4 -1669.5 -26.9 181 0 7.7 11.4 2.5 2.5 2 1 1 0 0
-4252.3 -1700.2 -26.9 181 0 8.3 15.0 2.5 2.5 2 1 1 1 1
-4190.1 -1830.4 -26.3 91 0 15.5 14.3 5.0 2.5 2 0 2 5 5
-4257.9 -1800.8 -26.0 181 0 5.9 12.6 5.0 2.5 2 1 2 4 4
-4286.5 -1813.9 -25.2 1 0 10.3 9.3 5.0 2.5 2 0 2 0 0
-4290.9 -1876.6 -25.0 1 0 8.6 13.8 2.5 2.5 2 1 1 0 0
-4148.4 -2088.8 -24.5 271 0 9.6 7.9 2.5 2.5 2 0 1 0 0
-4270.7 -1881.2 -25.2 181 0 6.2 13.2 2.5 0.0 0 1 1 1 1
-4268.2 -1861.3 -25.2 181 0 20.3 16.8 2.5 2.5 2 0 1 0 0
-4289.5 -2194.6 -27.2 181 0 8.2 9.5 5.0 2.5 4 1 2 3 3
-4304.8 -2386.4 -24.7 181 0 8.7 12.1 2.5 2.5 2 1 1 2 2
-4234.9 -2582.1 -21.2 91 0 7.7 8.6 5.0 2.5 2 1 2 3 3
-4340.8 -2542.1 -21.9 1 0 7.5 10.7 2.5 2.5 2 1 1 1 1
-4354.6 -2675.9 -22.2 1 0 7.5 4.8 5.0 2.5 2 0 2 1 1
-4324.5 -2679.4 -22.1 181 0 6.6 9.7 5.0 2.5 2 1 2 0 0
-4021.7 -1879.7 -23.7 271 0 8.8 13.1 5.0 2.5 2 1 2 4 4
-4081.2 -1885.4 -24.8 1 0 14.1 12.2 5.0 2.5 2 0 2 5 5
-4085.0 -1924.7 -24.8 1 0 7.4 15.4 5.0 2.5 2 1 2 5 5
-4062.4 -1927.6 -24.3 181 0 8.3 21.0 5.0 2.5 2 1 2 5 5
-4063.8 -1969.8 -24.3 181 0 7.9 15.3 5.0 2.5 2 1 2 3 3
-4090.6 -2089.8 -24.9 1 0 7.3 7.3 2.5 2.5 2 0 1 1 1
-4101.0 -2122.5 -24.9 1 0 6.5 14.1 2.5 2.5 2 1 1 2 2
-4080.2 -2194.9 -23.5 181 0 8.5 11.3 5.0 2.5 2 1 2 1 1
-4108.7 -2184.5 -23.9 1 0 6.2 10.4 2.5 2.5 4 1 1 3 3
-4110.5 -2224.7 -23.5 1 0 7.7 6.7 2.5 2.5 2 0 1 5 5
-4108.2 -2291.5 -21.3 1 0 6.9 20.6 2.5 2.5 2 1 1 2 2
-4088.4 -2295.2 -20.3 181 0 6.6 12.2 5.0 2.5 2 1 2 2 2
-4091.8 -2327.9 -20.0 181 0 7.7 12.8 5.0 2.5 4 1 2 0 0
-4117.4 -2324.8 -21.1 1 0 7.1 15.3 2.5 2.5 4 1 1 4 4
-4121.0 -2375.8 -21.3 1 0 7.5 8.3 2.5 2.5 4 1 1 2 2
-4122.9 -2392.2 -21.4 1 0 7.8 13.1 2.5 2.5 4 1 1 0 0
-4098.6 -2405.1 -20.4 181 0 6.2 14.3 5.0 2.5 2 1 2 4 4
-4099.5 -2434.7 -20.5 181 0 6.9 11.0 5.0 2.5 2 1 2 5 5
-4121.9 -2432.7 -20.9 1 0 7.4 13.5 2.5 2.5 2 1 1 0 0
-4103.4 -2504.1 -20.2 181 0 6.3 10.1 5.0 2.5 4 1 2 1 1
-4132.5 -2502.8 -20.6 1 0 6.8 11.1 2.5 2.5 2 1 1 1 1
-4133.4 -2534.4 -20.3 1 0 6.9 11.6 2.5 2.5 2 1 1 4 4
-4138.1 -2602.1 -20.8 1 0 6.0 11.5 2.5 0.0 0 1 1 0 0
-4138.9 -2631.0 -21.2 1 0 10.3 19.4 2.5 2.5 2 1 1 3 3
-4115.1 -2633.9 -21.0 181 0 7.4 14.1 5.0 2.5 2 1 2 0 0
-4116.2 -2677.0 -20.6 181 0 8.6 11.3 5.0 2.5 2 1 2 3 3
-4143.3 -2701.5 -20.5 1 0 8.3 14.3 2.5 0.0 0 1 1 2 2
-4127.0 -2807.6 -19.8 184 0 11.5 17.1 5.0 2.5 4 1 2 2 2
-4153.6 -2834.5 -19.5 4 0 7.9 11.4 5.0 2.5 2 1 2 2 2
-1884.8 400.0 -15.9 90 0 15.7 28.3 2.5 2.5 2 1 1 0 0
-3021.8 -1910.0 -15.7 96 0 13.1 16.2 5.0 2.5 2 1 2 4 4
-3029.0 -2003.9 -15.2 186 0 8.8 9.2 5.0 0.0 0 1 2 3 3
-3025.3 -1972.7 -15.3 186 0 7.4 12.3 5.0 2.5 2 1 2 0 0
-3059.6 -1973.7 -16.6 6 0 7.2 13.8 5.0 2.5 2 1 2 2 2
-3064.4 -1942.0 -16.7 276 0 11.7 23.8 5.0 2.5 2 1 2 1 1
-3055.5 -2003.6 -16.2 6 0 8.6 15.4 5.0 2.5 2 1 2 2 2
-3062.9 -2071.2 -15.4 6 0 8.3 9.8 5.0 2.5 2 1 2 4 4
-3073.0 -2171.9 -14.6 6 0 9.1 12.1 5.0 2.5 2 1 2 2 2
-3071.2 -2200.8 -14.5 6 0 8.6 14.9 5.0 2.5 2 1 2 5 5
-3034.4 -2072.0 -14.8 186 0 7.6 16.8 5.0 2.5 2 1 2 4 4
-3035.3 -2104.0 -14.6 186 0 8.6 17.5 5.0 2.5 2 1 2 1 1
-3038.0 -2177.9 -14.0 186 0 8.1 8.8 5.0 2.5 2 1 2 3 3
-933.8 244.0 -16.4 188 0 18.7 9.0 2.5 2.5 2 0 1 2 2
-900.8 245.1 -16.3 5 0 9.6 20.4 2.5 2.5 2 1 1 4 4
-2452.8 276.4 0.5 203 0 8.1 10.7 5.0 2.5 2 1 2 3 3
-2468.4 230.1 3.5 203 0 8.6 11.2 5.0 2.5 2 1 2 1 1
-2484.0 157.6 6.0 203 0 10.7 10.1 2.5 2.5 2 0 1 5 5
-2328.1 351.4 -2.6 90 0 10.1 9.2 2.5 2.5 2 0 1 4 4
-2260.7 359.8 -5.4 270 0 9.8 7.2 2.5 2.5 2 0 1 1 1
-2205.1 356.2 -8.9 0 0 9.5 10.7 2.5 0.0 0 1 1 1 1
-1870.4 665.4 -14.5 0 0 6.9 11.6 5.0 2.5 2 1 2 0 0
-1847.9 556.5 -15.2 180 0 8.1 10.7 5.0 2.5 2 1 2 3 3
-1872.8 526.1 -15.1 0 0 7.5 11.3 2.5 2.5 2 1 1 0 0
-1931.8 408.4 -16.3 90 0 13.6 20.0 2.5 2.5 2 1 1 1 1
-1855.3 342.9 -15.9 180 0 8.7 11.6 5.0 0.0 0 1 2 4 4
-1868.8 99.8 -16.1 180 0 9.3 11.3 2.5 2.5 2 1 1 2 2
-1871.7 60.1 -16.2 180 0 8.1 10.1 2.5 2.5 2 1 1 5 5
-1896.0 102.1 -16.0 0 0 9.8 7.4 5.0 2.5 4 0 2 5 5
-1897.5 146.5 -15.9 0 0 6.0 11.9 5.0 2.5 2 1 2 0 0
-1888.9 155.3 -16.0 0 0 8.1 13.6 5.0 2.5 2 1 2 2 2
-1864.3 154.1 -16.0 180 0 8.1 10.4 2.5 2.5 2 1 1 0 0
-1866.1 207.8 -16.0 180 0 9.8 18.7 2.5 2.5 2 1 1 5 5
-1886.0 241.0 -15.9 0 0 7.8 13.9 5.0 2.5 2 1 2 3 3
-1882.4 339.9 -15.7 0 0 8.7 18.4 5.0 2.5 2 1 2 5 5
-1877.4 311.7 -15.8 0 0 7.8 9.2 5.0 2.5 2 1 2 5 5
-1857.2 312.2 -15.9 180 0 9.8 12.4 5.0 2.5 2 1 2 2 2
-1854.0 431.2 -15.8 180 0 13.4 10.7 2.5 2.5 2 0 1 0 0
-1847.7 392.3 -16.0 90 0 6.5 11.9 2.5 2.5 2 1 1 1 1
-1859.6 369.3 -16.0 180 0 16.1 11.3 5.0 2.5 2 0 2 4 4
-1825.8 360.4 -16.3 270 0 8.9 8.9 5.0 2.5 2 1 2 1 1
-1779.3 365.4 -16.9 270 0 7.7 10.7 5.0 2.5 4 1 2 3 3
-1751.9 756.3 -19.2 90 0 8.6 6.6 2.5 2.5 2 0 1 3 3
-1669.0 740.9 -20.6 0 0 14.0 8.3 5.0 2.5 4 0 2 0 0
-1640.0 768.8 -21.1 180 0 6.6 11.9 2.5 0.0 0 1 1 1 1
-1617.0 718.1 -20.5 90 0 11.6 11.0 2.5 2.5 2 0 1 5 5
-1632.9 564.3 -19.6 180 0 11.6 7.7 5.0 0.0 0 0 2 2 2
-1643.0 530.0 -19.5 180 0 10.4 7.4 5.0 2.5 4 0 2 0 0
-1609.5 507.4 -18.9 0 0 11.9 9.5 5.0 2.5 2 0 2 0 0
-1667.6 528.2 -16.9 0 0 11.0 8.3 5.0 2.5 2 0 2 1 1
-1671.4 428.5 -18.0 0 0 9.3 8.9 5.0 2.5 4 0 2 4 4
-1666.1 461.2 -17.7 0 0 11.3 8.3 5.0 2.5 2 0 2 3 3
-1648.3 459.9 -19.1 180 0 8.6 12.2 5.0 2.5 2 1 2 5 5
-1645.3 429.6 -18.9 180 0 10.7 13.0 5.0 0.0 0 1 2 2 2
-1649.8 412.3 -18.9 180 0 18.5 10.7 5.0 2.5 4 0 2 3 3
-1627.1 406.3 -19.3 90 0 9.8 12.2 5.0 2.5 2 1 2 5 5
-1645.9 342.9 -19.1 180 0 12.2 9.8 5.0 2.5 2 0 2 0 0
-1649.8 309.4 -18.6 180 0 13.7 7.7 5.0 0.0 0 0 2 4 4
-1718.7 367.8 -17.7 270 0 6.8 11.9 5.0 2.5 2 1 2 0 0
-1675.0 339.2 -18.1 0 0 13.1 12.7 5.0 0.0 0 0 2 4 4
-1669.6 306.5 -17.8 0 0 11.0 19.5 5.0 2.5 4 1 2 1 1
-1653.3 210.7 -18.7 180 0 10.4 15.7 5.0 0.0 0 1 2 5 5
-1672.6 242.1 -18.0 0 0 11.6 13.0 5.0 0.0 0 1 2 3 3
-1675.9 208.7 -17.8 0 0 5.7 8.9 5.0 2.5 4 1 2 0 0
-1677.1 141.4 -18.8 0 0 8.4 9.8 5.0 2.5 2 1 2 4 4
-1678.2 103.3 -19.5 0 0 9.3 8.3 5.0 2.5 2 0 2 4 4
-1651.9 34.1 -21.3 180 0 7.5 10.4 5.0 2.5 2 1 2 0 0
-1677.9 33.7 -21.0 0 0 8.9 10.7 5.0 0.0 0 1 2 3 3
-1676.5 0.4 -21.9 0 0 9.8 14.8 5.0 2.5 4 1 2 5 5
-1647.1 -5.0 -22.2 180 0 9.8 8.9 5.0 2.5 2 0 2 1 1
-1638.2 -42.7 -21.6 0 0 6.6 13.9 5.0 2.5 2 1 2 1 1
-1460.3 832.0 -20.6 0 0 9.5 8.0 2.5 2.5 2 0 1 2 2
-1429.5 831.4 -23.9 180 0 10.7 12.5 5.0 2.5 2 1 2 2 2
-1462.0 731.5 -20.2 0 0 6.0 9.2 5.0 0.0 0 1 2 2 2
-1434.5 733.6 -23.5 180 0 9.0 13.9 2.5 2.5 2 1 1 3 3
-1459.7 655.6 -20.6 0 0 8.1 8.9 2.5 2.5 2 1 1 5 5
-1462.3 629.5 -20.1 0 0 7.2 9.5 2.5 2.5 2 1 1 5 5
-1435.4 630.8 -23.1 180 0 13.4 14.8 5.0 2.5 2 1 2 2 2
-1437.7 552.6 -22.7 180 0 8.1 13.6 5.0 2.5 2 1 2 2 2
-1439.5 523.7 -22.6 180 0 11.6 15.4 5.0 2.5 2 1 2 3 3
-1438.3 472.5 -22.4 180 0 7.8 12.5 5.0 2.5 4 1 2 2 2
-1449.2 -202.8 -17.4 180 0 9.2 14.8 5.0 2.5 2 1 2 1 1
-1452.7 -151.4 -18.0 180 0 12.2 17.5 5.0 2.5 2 1 2 0 0
-1470.8 -1.1 -16.9 0 0 7.5 13.6 2.5 0.0 0 1 1 1 1
-1442.6 99.3 -19.7 180 0 8.9 12.1 5.0 2.5 2 1 2 1 1
-1442.9 129.1 -19.9 180 0 10.1 8.9 5.0 2.5 2 0 2 4 4
-1471.4 130.3 -19.7 0 0 9.6 9.2 2.5 2.5 2 0 1 0 0
-1466.9 241.3 -21.1 0 0 13.7 12.7 2.5 2.5 4 0 1 1 1
-1467.2 207.3 -20.8 0 0 10.7 12.4 2.5 2.5 2 1 1 0 0
-1442.9 204.8 -21.1 180 0 7.5 15.7 5.0 0.0 0 1 2 1 1
-1440.6 236.3 -21.5 180 0 11.3 8.6 5.0 2.5 2 0 2 3 3
-1437.5 370.2 -21.8 270 0 11.0 13.1 5.0 2.5 2 1 2 3 3
-1410.2 363.1 -22.5 270 0 13.3 18.8 5.0 2.5 2 1 2 2 2
-1440.6 304.1 -22.1 180 0 7.5 14.8 5.0 2.5 2 1 2 3 3
-1465.2 305.2 -21.7 0 0 9.5 13.3 2.5 2.5 2 1 1 0 0
-1463.7 350.5 -21.7 0 0 8.9 9.2 2.5 2.5 2 1 1 4 4
-1458.6 363.3 -21.6 0 0 9.0 9.8 2.5 2.5 4 1 1 2 2
-1457.4 408.4 -21.3 0 0 19.7 9.5 2.5 0.0 0 0 1 1 1
-1481.0 399.1 -21.3 90 0 11.0 16.4 2.5 2.5 2 1 1 3 3
-1463.7 452.8 -20.7 0 0 9.5 10.7 2.5 2.5 2 1 1 2 2
-1436.4 451.1 -22.5 180 0 8.4 16.6 5.0 2.5 2 1 2 3 3
-1441.1 397.8 -22.1 180 0 9.8 14.5 5.0 2.5 2 1 2 2 2
-1389.9 392.6 -23.2 90 0 8.9 12.5 5.0 2.5 4 1 2 0 0
-1320.2 359.2 -21.8 270 0 11.3 9.5 5.0 0.0 0 0 2 0 0
-1254.5 518.6 -20.2 0 0 7.5 9.8 2.5 2.5 2 1 1 1 1
-1229.6 449.0 -19.2 180 0 7.2 13.3 5.0 2.5 2 1 2 5 5
-1256.5 303.4 -20.0 0 0 6.6 10.4 5.0 2.5 2 1 2 2 2
-1257.7 334.9 -20.3 0 0 8.7 9.2 5.0 2.5 2 1 2 5 5
-1275.8 360.7 -20.8 270 0 10.7 11.6 5.0 2.5 2 1 2 5 5
-1259.2 413.9 -20.6 0 0 9.3 8.0 5.0 2.5 2 0 2 4 4
-1263.0 390.2 -20.6 90 0 7.1 10.4 5.0 2.5 4 1 2 0 0
-1240.8 388.1 -19.9 180 0 10.7 10.1 5.0 2.5 2 0 2 1 1
-1221.6 320.4 -19.8 180 0 17.9 10.7 2.5 0.0 0 0 1 2 2
-1211.0 350.8 -19.8 270 0 13.9 11.0 2.5 0.0 0 0 1 1 1
-1186.3 351.4 -19.6 270 0 10.7 10.1 2.5 2.5 4 0 1 0 0
-1168.5 351.1 -19.5 270 0 12.5 11.3 2.5 2.5 2 0 1 5 5
-1162.6 327.1 -19.5 0 0 8.7 14.8 2.5 2.5 2 1 1 1 1
-1167.8 288.5 -19.4 90 0 11.6 29.8 2.5 2.5 2 1 1 2 2
-1235.5 235.1 -18.6 180 0 8.9 9.8 2.5 2.5 2 1 1 3 3
-1258.3 264.0 -19.8 0 0 8.4 11.3 5.0 2.5 2 1 2 4 4
-1258.9 234.6 -19.7 0 0 6.9 11.3 5.0 2.5 2 1 2 0 0
-1259.5 203.0 -19.5 0 0 8.7 10.7 5.0 2.5 2 1 2 5 5
-1238.8 126.9 -18.1 180 0 10.4 15.4 5.0 0.0 0 1 2 2 2
-1271.9 23.2 -18.5 90 0 8.3 7.2 5.0 2.5 2 0 2 2 2
-1238.8 26.5 -17.4 180 0 9.0 11.9 2.5 2.5 2 1 1 1 1
-1269.6 -72.4 -17.9 0 0 8.7 7.7 2.5 2.5 2 0 1 0 0
-1239.3 -72.4 -16.8 180 0 9.8 11.6 2.5 2.5 2 1 1 3 3
-1242.6 -104.3 -16.8 180 0 8.1 12.2 2.5 2.5 2 1 1 3 3
-1268.7 -103.6 -17.7 0 0 6.6 8.6 2.5 2.5 2 1 1 4 4
-1271.0 -171.6 -17.3 0 0 7.2 6.8 2.5 2.5 2 0 1 5 5
-1271.0 -204.7 -17.2 0 0 7.2 13.0 2.5 2.5 2 1 1 4 4
-1245.3 -146.7 -16.7 180 0 8.1 6.5 2.5 2.5 2 0 1 1 1
-1242.0 -173.5 -16.3 180 0 8.7 11.9 2.5 0.0 0 1 1 0 0
-1241.7 -203.6 -16.1 180 0 9.8 11.6 2.5 2.5 2 1 1 3 3
-1243.2 -235.3 -15.9 180 0 6.3 11.0 2.5 2.5 2 1 1 0 0
-1244.7 -303.6 -15.6 180 0 7.5 11.6 5.0 2.5 2 1 2 1 1
-827.6 798.3 -18.8 0 0 6.6 10.7 5.0 2.5 2 1 2 0 0
-836.5 705.4 -17.8 0 0 8.1 12.2 2.5 2.5 2 1 1 0 0
-808.0 706.1 -17.2 180 0 10.7 11.3 5.0 2.5 2 1 2 0 0
-808.9 637.2 -16.7 180 0 8.4 13.6 5.0 2.5 2 1 2 1 1
-810.4 610.1 -16.3 180 0 11.9 12.5 5.0 2.5 2 1 2 1 1
-835.6 643.8 -17.3 0 0 8.4 9.2 2.5 2.5 2 1 1 1 1
-838.2 605.7 -16.7 0 0 6.9 8.3 2.5 2.5 2 1 1 3 3
-837.0 533.0 -16.1 0 0 5.1 12.4 5.0 2.5 2 1 2 2 2
-814.8 530.4 -15.6 180 0 8.4 14.5 5.0 2.5 2 1 2 5 5
-840.9 500.9 -16.5 0 0 8.4 10.4 5.0 2.5 2 1 2 5 5
-815.7 498.2 -16.0 180 0 10.1 11.0 5.0 2.5 2 1 2 5 5
-962.4 505.4 -18.2 90 0 10.4 10.1 7.5 0.0 0 0 3 0 0
-1047.3 515.5 -19.2 0 0 9.0 11.6 5.0 2.5 2 1 2 4 4
-980.0 389.3 -18.3 90 0 10.1 13.7 5.0 2.5 2 1 2 4 4
-959.6 384.8 -18.2 90 0 6.5 14.3 5.0 2.5 2 1 2 2 2
-950.0 385.4 -18.1 90 0 8.0 15.8 5.0 2.5 2 1 2 0 0
-940.0 385.4 -18.1 90 0 7.1 14.0 5.0 2.5 2 1 2 0 0
-923.0 382.4 -18.0 90 0 13.9 11.0 5.0 2.5 2 0 2 0 0
-880.6 382.4 -17.7 90 0 15.1 8.1 5.0 2.5 2 0 2 1 1
-864.3 382.7 -17.3 90 0 4.4 11.9 5.0 0.0 0 1 2 5 5
-855.9 381.3 -17.1 90 0 6.5 10.4 5.0 2.5 2 1 2 3 3
-860.2 344.9 -16.9 270 0 11.0 17.3 2.5 2.5 2 1 1 1 1
-884.0 321.1 -17.0 180 0 8.1 15.4 2.5 2.5 2 1 1 0 0
-896.8 336.5 -17.6 0 0 16.1 11.3 2.5 2.5 2 0 1 2 2
-900.6 315.3 -17.3 0 0 13.1 12.5 2.5 2.5 2 0 1 0 0
-924.0 319.6 -17.4 0 0 11.6 22.8 2.5 2.5 2 1 1 0 0
-960.2 312.6 -17.3 90 0 13.6 10.1 2.5 0.0 0 0 1 3 3
-977.1 348.1 -17.8 270 0 9.5 11.3 2.5 2.5 2 1 1 0 0
-958.3 349.0 -17.7 270 0 15.1 13.1 2.5 2.5 2 0 1 1 1
-1014.4 341.0 -17.8 180 0 6.6 10.1 2.5 2.5 2 1 1 4 4
-996.9 325.2 -17.8 90 0 10.7 21.5 2.5 2.5 2 1 1 3 3
-1023.3 443.0 -18.8 180 0 13.1 12.5 5.0 2.5 2 0 2 5 5
-1087.0 388.7 -18.5 90 0 11.3 17.0 5.0 2.5 2 1 2 3 3
-1046.4 396.0 -18.6 0 0 20.6 18.7 5.0 2.5 2 0 2 3 3
-1031.9 393.5 -18.6 180 0 15.5 5.9 5.0 2.5 2 0 2 0 0
-1019.6 385.4 -18.4 90 0 7.4 20.9 5.0 2.5 2 1 2 3 3
-1010.1 386.0 -18.4 90 0 6.8 14.6 5.0 2.5 4 1 2 5 5
-1104.5 319.5 -18.9 90 0 8.9 9.2 2.5 2.5 2 1 1 3 3
-1058.3 338.7 -18.6 0 0 21.2 13.3 2.5 2.5 2 0 1 1 1
-1026.9 246.4 -16.6 180 0 7.2 11.9 2.5 2.5 2 1 1 2 2
-1051.2 282.5 -17.1 0 0 7.2 9.2 2.5 2.5 2 1 1 1 1
-1051.2 250.7 -16.5 0 0 6.9 11.0 2.5 2.5 2 1 1 1 1
-1054.4 135.0 -15.8 0 0 6.9 11.0 5.0 2.5 2 1 2 2 2
-1029.2 43.7 -15.7 180 0 8.1 12.7 2.5 2.5 2 1 1 2 2
-1024.8 0.4 -15.5 180 0 6.9 11.0 2.5 0.0 0 1 1 3 3
-630.5 687.5 -15.2 0 0 6.9 10.4 5.0 2.5 2 1 2 1 1
-602.6 680.0 -14.7 180 0 8.1 10.4 5.0 2.5 4 1 2 0 0
-607.1 660.5 -14.5 180 0 7.8 12.2 5.0 2.5 2 1 2 4 4
-604.4 605.2 -13.2 180 0 8.7 10.1 5.0 2.5 2 1 2 4 4
-631.7 640.1 -14.8 0 0 9.3 8.3 5.0 2.5 4 0 2 4 4
-630.8 610.1 -14.9 0 0 7.8 14.8 5.0 2.5 2 1 2 1 1
-633.8 530.9 -13.8 0 0 7.5 8.3 5.0 2.5 4 1 2 5 5
-606.5 532.2 -13.3 180 0 9.0 13.3 5.0 2.5 2 1 2 2 2
-608.0 499.2 -12.4 180 0 7.5 16.6 5.0 2.5 2 1 2 3 3
-512.8 479.4 -9.0 90 0 10.1 7.8 7.5 2.5 2 0 3 3 3
-609.5 431.4 -12.0 180 0 10.1 13.0 5.0 2.5 2 1 2 4 4
-617.7 379.8 -11.0 180 0 9.5 12.4 5.0 2.5 2 1 2 3 3
-641.8 379.8 -11.7 90 0 7.1 15.5 5.0 2.5 2 1 2 0 0
-666.9 380.6 -12.4 90 0 4.1 15.2 5.0 2.5 4 1 2 0 0
-718.8 383.9 -13.8 90 0 11.3 12.8 5.0 2.5 2 1 2 2 2
-740.3 389.6 -14.4 90 0 8.6 14.9 5.0 0.0 0 1 2 3 3
-743.5 380.9 -14.2 90 0 16.3 6.9 5.0 2.5 2 0 2 1 1
-772.6 325.5 -14.9 90 0 7.4 8.7 5.0 2.5 2 1 2 3 3
-752.6 331.3 -14.5 0 0 5.7 8.6 5.0 2.5 2 1 2 1 1
-637.6 331.6 -11.3 0 0 16.4 11.6 5.0 2.5 2 0 2 5 5
-638.2 291.2 -11.3 0 0 6.6 8.9 5.0 2.5 2 1 2 4 4
-613.9 289.5 -10.2 180 0 6.3 16.3 2.5 2.5 2 1 1 1 1
-614.2 340.7 -10.3 180 0 17.3 16.6 2.5 2.5 2 0 1 5 5
-590.6 349.9 -9.7 270 0 7.4 15.5 2.5 2.5 2 1 1 4 4
-513.7 325.5 -8.6 90 0 7.1 12.8 5.0 2.5 2 1 2 0 0
-464.5 335.3 -8.0 270 0 6.5 13.1 5.0 2.5 2 1 2 3 3
-391.0 315.6 -7.0 90 0 5.9 10.7 7.5 2.5 2 1 3 5 5
-207.7 244.4 -1.2 42 0 12.7 24.4 7.5 2.5 2 1 3 2 2
1810.8 1842.5 20.9 255 0 8.9 14.2 2.5 2.5 2 1 1 3 3
1841.0 1774.8 26.7 3 0 11.6 10.5 2.5 0.0 0 0 1 4 4
1590.5 1680.8 34.7 77 0 7.4 9.5 5.0 2.5 2 1 2 3 3
1667.3 1704.1 32.5 266 0 9.0 14.6 5.0 2.5 2 1 2 2 2
2564.5 2253.3 -1.4 84 0 10.4 9.3 7.5 2.5 2 0 3 4 4
2512.4 2241.8 3.3 85 0 8.1 6.9 2.5 2.5 4 0 1 4 4
3167.8 2687.1 -20.5 97 0 11.4 61.9 2.5 2.5 4 1 1 2 2
3065.6 2373.5 -19.4 92 0 8.8 8.4 2.5 2.5 2 0 1 3 3
2835.4 2380.8 -17.2 90 0 6.5 7.8 5.0 0.0 0 1 2 2 2
2966.7 2373.8 -18.4 92 0 7.7 9.5 2.5 2.5 2 1 1 1 1
2936.0 2345.7 -17.3 268 0 8.0 9.0 5.0 2.5 2 1 2 0 0
2855.3 2285.2 -13.8 97 0 12.7 17.7 7.5 2.5 2 1 3 2 2
2928.2 2277.5 -12.9 95 0 9.0 22.2 5.0 0.0 0 1 2 4 4
2979.7 2275.1 -13.9 6 0 18.9 10.6 5.0 2.5 2 0 2 1 1
3070.4 2250.3 -14.6 92 0 5.9 8.4 5.0 2.5 2 1 2 0 0
3362.9 3621.1 -23.0 92 0 12.7 9.2 2.5 2.5 2 0 1 2 2
3345.5 3534.1 -23.8 182 0 10.0 18.0 5.0 2.5 4 1 2 0 0
3339.2 3390.6 -25.5 272 0 10.4 6.4 5.0 2.5 2 0 2 3 3
3334.8 3434.1 -25.8 182 0 12.3 9.9 2.5 2.5 2 0 1 4 4
3358.8 3417.3 -26.7 92 0 9.9 5.5 2.5 2.5 2 0 1 2 2
3395.8 3417.7 -27.8 92 0 6.9 13.4 2.5 0.0 0 1 1 4 4
3444.4 3385.2 -26.6 272 0 8.0 15.2 5.0 0.0 0 1 2 1 1
3511.3 3407.2 -28.6 92 0 9.0 12.0 5.0 2.5 2 1 2 1 1
3444.2 3205.9 -25.5 92 0 6.7 11.9 5.0 0.0 0 1 2 0 0
3375.8 3201.6 -26.5 92 0 12.2 7.6 5.0 2.5 2 0 2 1 1
3285.3 3208.3 -25.6 92 0 20.9 11.0 5.0 2.5 2 0 2 5 5
3263.2 3108.9 -24.9 182 0 8.1 16.9 5.0 0.0 0 1 2 1 1
3213.0 3185.5 -23.0 272 0 18.9 8.8 5.0 2.5 2 0 2 2 2
3215.8 3209.6 -23.5 92 0 13.4 14.6 2.5 2.5 2 1 1 4 4
3107.3 3194.2 -22.3 272 0 6.1 10.4 2.5 2.5 2 1 1 5 5
3047.8 3221.6 -23.9 92 0 11.1 10.9 5.0 2.5 2 0 2 0 0
2909.4 3202.0 -21.7 272 0 7.9 11.7 5.0 2.5 2 1 2 1 1
2865.7 3245.9 -21.0 272 0 8.7 11.7 5.0 2.5 2 1 2 4 4
3104.9 2968.0 -23.4 92 0 11.3 7.6 5.0 0.0 0 0 2 3 3
3153.3 3010.8 -24.1 272 0 10.0 9.1 5.0 2.5 2 0 2 2 2
3150.6 2964.9 -23.7 92 0 19.7 11.5 5.0 2.5 2 0 2 1 1
3216.1 2932.8 -23.4 2 0 10.5 17.4 5.0 2.5 2 1 2 1 1
3218.0 3021.0 -23.9 2 0 8.9 22.8 5.0 0.0 0 1 2 1 1
3266.0 3027.1 -25.2 182 0 9.8 13.9 5.0 2.5 2 1 2 4 4
3254.5 2960.7 -24.4 182 0 9.4 19.2 2.5 2.5 2 1 1 2 2
3316.0 2967.3 -24.8 272 0 12.4 16.9 2.5 2.5 2 1 1 5 5
3332.5 2991.6 -25.2 92 0 10.0 8.8 5.0 2.5 2 0 2 5 5
3372.1 2988.3 -25.3 92 0 11.5 8.2 5.0 2.5 2 0 2 2 2
3419.4 2983.0 -25.7 92 0 10.3 18.6 5.0 2.5 2 1 2 4 4
3418.6 2964.2 -25.3 272 0 8.0 8.1 2.5 2.5 2 1 1 0 0
3480.4 2955.6 -25.6 272 0 8.4 5.7 2.5 2.5 2 0 1 5 5
2670.2 2222.9 -0.5 272 0 10.3 8.5 5.0 2.5 2 0 2 5 5
2750.4 2226.5 -1.5 272 0 11.8 10.0 5.0 2.5 2 0 2 2 2
2770.6 2282.1 -8.2 2 0 12.4 10.8 2.5 2.5 2 0 1 4 4
2723.5 2304.9 -9.3 272 0 11.1 19.5 2.5 2.5 2 1 1 4 4
2727.4 2474.3 -13.9 92 0 8.0 6.9 2.5 2.5 4 0 1 1 1
2972.1 2554.6 -18.6 272 0 9.4 11.1 5.0 2.5 2 1 2 4 4
3072.1 2578.1 -19.2 92 0 11.6 13.3 2.5 2.5 2 1 1 1 1
3028.0 2578.2 -18.7 92 0 7.7 14.6 2.5 2.5 2 1 1 3 3
2972.6 2581.1 -18.1 92 0 9.4 10.8 2.5 2.5 2 1 1 4 4
2887.3 2804.3 -19.5 92 0 5.4 13.9 5.0 2.5 2 1 2 2 2
2954.3 2798.0 -19.8 92 0 7.8 12.8 5.0 2.5 4 1 2 1 1
2982.4 2796.5 -19.8 92 0 8.9 8.4 5.0 2.5 4 0 2 3 3
3098.6 2759.9 -20.3 272 0 7.6 10.8 2.5 2.5 2 1 1 0 0
3145.3 2786.7 -20.3 92 0 8.1 13.7 5.0 2.5 2 1 2 0 0
3183.6 2787.9 -20.7 92 0 6.5 15.5 5.0 2.5 2 1 2 0 0
3258.5 2828.1 -22.2 182 0 9.7 11.2 5.0 2.5 2 1 2 1 1
3241.7 2799.4 -21.5 182 0 16.1 13.6 5.0 0.0 0 0 2 4 4
3246.0 2779.1 -21.2 92 0 13.3 8.9 5.0 2.5 2 0 2 1 1
3235.4 2748.5 -20.5 182 0 12.3 15.5 5.0 2.5 2 1 2 0 0
3245.4 2676.1 -20.1 182 0 8.8 12.1 5.0 2.5 2 1 2 4 4
3589.9 1410.4 -14.3 92 0 9.8 8.7 5.0 2.5 4 0 2 3 3
3497.6 1476.4 -15.4 272 0 7.1 9.8 2.5 2.5 2 1 1 0 0
3364.9 1512.5 -13.7 92 0 6.1 11.0 5.0 2.5 2 1 2 2 2
3397.6 1517.8 -14.7 272 0 7.4 7.7 5.0 2.5 2 1 2 4 4
3364.3 1485.0 -14.8 272 0 9.0 16.4 5.0 2.5 2 1 2 1 1
3132.0 1921.9 -18.6 274 0 8.9 12.9 2.5 2.5 2 1 1 1 1
3127.1 1947.8 -19.7 95 0 20.5 9.6 2.5 2.5 2 0 1 2 2
3183.0 2219.6 -16.2 278 0 9.5 8.7 5.0 2.5 2 0 2 5 5
3200.3 2216.0 -16.7 276 0 7.9 10.8 5.0 2.5 2 1 2 1 1
3285.6 2322.8 -17.4 2 0 10.9 11.7 5.0 2.5 2 1 2 2 2
3234.2 2366.0 -20.2 182 0 8.7 8.0 5.0 2.5 2 0 2 0 0
3253.7 2364.3 -19.8 2 0 8.6 5.3 5.0 2.5 4 0 2 0 0
3247.9 2289.1 -17.3 92 0 7.1 7.1 5.0 2.5 4 1 2 1 1
3230.6 2293.6 -18.3 182 0 6.4 9.8 5.0 2.5 2 1 2 4 4
3188.7 2339.1 -19.9 272 0 19.4 12.4 5.0 2.5 2 0 2 5 5
3201.7 2466.3 -20.4 2 0 15.8 22.2 5.0 2.5 2 1 2 1 1
3184.7 2600.1 -20.2 182 0 9.6 8.5 5.0 2.5 2 0 2 0 0
3210.3 2580.1 -20.2 2 0 14.4 8.6 5.0 2.5 2 0 2 4 4
3192.3 2563.2 -20.1 92 0 11.9 7.6 5.0 2.5 2 0 2 2 2
3330.1 2537.9 -20.2 272 0 10.7 8.2 5.0 2.5 2 0 2 0 0
3329.7 2562.6 -20.0 92 0 8.8 10.8 5.0 2.5 2 1 2 2 2
3294.8 2570.5 -20.0 92 0 17.1 9.6 5.0 2.5 2 0 2 5 5
3244.4 2562.9 -20.0 92 0 11.8 9.4 5.0 2.5 2 0 2 5 5
3259.8 2544.2 -20.3 272 0 7.7 7.8 5.0 2.5 2 1 2 3 3
3278.4 2545.5 -20.4 272 0 7.7 12.1 5.0 2.5 2 1 2 4 4
3445.6 2286.8 -15.0 92 0 8.0 14.3 7.5 2.5 4 1 3 0 0
3695.2 2230.3 -20.6 182 0 7.2 8.6 5.0 2.5 2 1 2 2 2
3722.2 2336.3 -22.3 92 0 9.2 7.5 2.5 2.5 2 0 1 2 2
3749.8 2306.5 -22.3 272 0 8.5 9.6 5.0 2.5 2 1 2 2 2
3921.1 2326.8 -25.2 92 0 8.7 13.2 2.5 2.5 2 1 1 1 1
3918.9 2299.4 -25.0 272 0 8.2 10.5 5.0 2.5 2 1 2 1 1
4154.5 2104.2 -24.0 92 0 8.8 9.6 5.0 2.5 2 1 2 5 5
4111.8 2112.0 -24.2 182 0 12.8 7.5 5.0 2.5 2 0 2 3 3
4062.8 2104.5 -24.8 92 0 9.1 18.6 5.0 2.5 2 1 2 5 5
4048.2 2085.8 -24.5 272 0 8.4 21.5 2.5 2.5 2 1 1 3 3
4014.7 2107.2 -24.8 92 0 7.1 9.2 5.0 2.5 2 1 2 5 5
4012.3 2081.9 -24.4 272 0 11.2 8.8 2.5 2.5 2 0 1 2 2
3945.0 2086.7 -24.0 272 0 10.3 10.6 2.5 2.5 2 1 1 1 1
3842.3 2096.8 -22.7 272 0 8.2 17.0 5.0 2.5 2 1 2 5 5
3743.9 2096.8 -22.3 272 0 9.3 12.3 5.0 2.5 4 1 2 4 4
3745.8 2124.2 -22.0 92 0 9.8 14.7 2.5 0.0 0 1 1 5 5
3715.2 2126.9 -21.7 92 0 7.3 9.6 2.5 0.0 0 1 1 4 4
3712.6 2102.5 -22.2 272 0 10.4 15.3 5.0 2.5 2 1 2 2 2
3608.8 2131.7 -21.2 92 0 6.8 15.5 2.5 2.5 2 1 1 1 1
3538.8 2108.1 -20.8 272 0 7.0 10.1 5.0 2.5 2 1 2 5 5
3488.5 2112.7 -20.4 272 0 10.5 13.2 5.0 2.5 2 1 2 4 4
3407.0 2114.1 -19.7 272 0 7.0 11.6 5.0 2.5 2 1 2 1 1
3353.4 2119.5 -19.2 272 0 10.9 8.8 5.0 2.5 2 0 2 3 3
3339.3 2121.6 -19.1 272 0 8.3 16.2 5.0 2.5 2 1 2 2 2
3307.2 2120.4 -18.8 272 0 8.0 8.4 5.0 2.5 2 1 2 5 5
3280.0 2125.0 -18.6 272 0 16.8 9.3 5.0 2.5 2 0 2 5 5
3225.8 2119.1 -17.0 182 0 13.4 6.9 5.0 2.5 4 0 2 2 2
3252.9 1959.8 -21.2 2 0 11.7 9.6 2.5 2.5 2 0 1 1 1
3227.4 1868.1 -18.3 272 0 13.6 9.5 5.0 2.5 2 0 2 1 1
3230.0 1819.6 -17.0 2 0 13.6 10.7 5.0 2.5 2 0 2 5 5
3226.2 1785.0 -16.5 2 0 9.9 7.9 5.0 2.5 2 0 2 0 0
3220.1 1740.5 -15.8 92 0 8.6 14.7 5.0 2.5 2 1 2 5 5
3388.3 1696.4 -16.8 272 0 8.7 6.3 2.5 2.5 2 0 1 4 4
3519.7 1690.7 -18.3 272 0 7.4 8.4 5.0 2.5 4 1 2 3 3
3487.4 1693.1 -17.9 272 0 6.1 10.7 5.0 2.5 2 1 2 4 4
3488.1 1718.2 -17.2 92 0 7.2 13.1 5.0 2.5 4 1 2 0 0
3526.8 1719.9 -17.4 92 0 13.4 6.8 5.0 2.5 2 0 2 1 1
3568.1 1715.5 -18.0 92 0 8.9 15.3 5.0 0.0 0 1 2 4 4
3584.1 1685.9 -18.9 272 0 4.7 8.0 5.0 2.5 2 1 2 2 2
3617.8 1685.2 -19.4 272 0 12.0 12.1 5.0 2.5 2 1 2 4 4
3692.6 1680.3 -19.7 272 0 7.1 8.0 5.0 2.5 2 1 2 1 1
3794.8 1681.5 -18.7 272 0 7.1 16.7 2.5 2.5 2 1 1 5 5
3822.5 1676.4 -18.3 272 0 6.3 12.8 2.5 0.0 0 1 1 4 4
3923.9 1668.9 -17.5 272 0 6.2 9.2 2.5 2.5 2 1 1 0 0
4008.6 1698.5 -19.1 92 0 6.8 7.1 5.0 2.5 2 1 2 3 3
4139.6 1726.9 -22.2 92 0 5.6 7.4 2.5 0.0 0 1 1 1 1
4238.8 1632.5 -21.1 92 0 8.4 4.8 2.5 2.5 2 0 1 2 2
4251.3 1645.9 -21.6 2 0 9.5 5.6 5.0 2.5 2 0 2 5 5
4387.3 1846.8 -19.3 272 0 9.5 7.5 2.5 2.5 2 0 1 0 0
4349.5 1814.8 -22.8 92 0 12.1 8.8 7.5 2.5 2 0 3 1 1
4240.6 1890.1 -22.5 92 0 5.3 9.2 5.0 2.5 2 1 2 2 2
4184.6 1834.8 -24.7 92 0 10.1 7.3 5.0 2.5 2 0 2 2 2
4144.3 1896.0 -23.0 92 0 7.1 8.9 5.0 2.5 2 1 2 1 1
4049.3 1916.6 -21.7 2 0 12.9 9.3 5.0 2.5 2 0 2 5 5
4011.8 1875.7 -21.4 272 0 6.7 11.6 5.0 2.5 2 1 2 0 0
3932.0 1908.8 -21.6 92 0 7.4 8.9 2.5 2.5 4 1 1 5 5
3929.2 1876.0 -19.8 272 0 8.3 8.4 5.0 2.5 2 1 2 5 5
3831.3 1911.2 -23.5 92 0 7.5 13.1 2.5 2.5 2 1 1 5 5
3799.6 1886.2 -22.8 272 0 8.6 8.1 5.0 2.5 2 0 2 5 5
3704.7 1891.3 -21.7 272 0 10.3 9.1 2.5 2.5 2 0 1 2 2
3628.2 1922.8 -20.8 92 0 8.5 9.3 5.0 2.5 2 1 2 3 3
3597.3 1924.0 -20.4 92 0 9.4 10.2 5.0 2.5 2 1 2 0 0
3597.7 1898.4 -20.7 272 0 6.3 12.5 5.0 2.5 2 1 2 2 2
3580.6 1899.9 -20.6 272 0 9.0 11.4 5.0 2.5 2 1 2 1 1
3497.1 1903.8 -20.4 272 0 9.0 11.4 5.0 2.5 2 1 2 1 1
3398.6 1934.1 -18.9 92 0 11.6 13.9 2.5 2.5 2 1 1 5 5
3330.1 1938.4 -19.4 92 0 7.4 8.0 2.5 2.5 2 1 1 0 0
3298.2 1940.1 -20.2 92 0 8.1 13.2 2.5 2.5 2 1 1 2 2
3273.3 1946.2 -20.6 182 0 8.8 10.0 2.5 2.5 2 1 1 2 2
3354.1 1905.2 -19.8 272 0 7.0 10.4 2.5 2.5 2 1 1 0 0
3325.4 1913.7 -20.0 272 0 10.9 16.6 2.5 2.5 2 1 1 5 5
3286.7 1866.6 -18.1 182 0 11.3 13.2 2.5 0.0 0 1 1 0 0
3301.6 1832.9 -16.9 2 0 13.2 17.3 2.5 2.5 2 1 1 0 0
3281.8 1794.7 -16.6 182 0 18.4 12.0 2.5 2.5 2 0 1 3 3
3280.7 1757.9 -15.7 182 0 11.1 15.3 2.5 2.5 2 1 1 3 3
3311.9 1731.5 -15.3 92 0 15.9 10.2 2.5 2.5 2 0 1 5 5
3280.8 1647.8 -14.8 92 0 7.7 9.3 2.5 2.5 2 1 1 3 3
3312.0 1701.8 -16.1 272 0 30.3 10.6 2.5 2.5 2 0 1 1 1
6750.5 300.1 17.5 51 0 12.3 17.5 5.0 2.5 4 1 2 3 3
