-256.9 3819.7 7.7 180 0 8.8 15.6 2.5 2.5 2 1 1 3 3
-2818.5 1012.5 10.9 201 0 8.8 22.4 7.5 2.5 2 1 3 2 2
-2989.1 647.8 12.2 28 0 8.1 16.8 5.0 2.5 2 1 2 5 5
-2980.8 697.2 11.9 208 0 9.1 12.2 5.0 0.0 0 1 2 5 5
-2965.9 738.2 11.6 206 0 8.6 15.4 5.0 2.5 2 1 2 3 3
-2947.3 781.4 11.2 200 0 7.1 20.2 5.0 2.5 2 1 2 4 4
-2924.3 813.2 11.1 210 0 7.9 13.9 5.0 2.5 2 1 2 0 0
-2895.1 839.2 11.0 27 0 8.5 13.6 5.0 2.5 2 1 2 4 4
-2883.1 878.2 9.0 21 0 9.4 14.3 5.0 2.5 2 1 2 0 0
-2795.9 1086.8 11.4 200 0 7.8 13.9 2.5 2.5 2 1 1 1 1
-2744.0 1158.0 11.8 30 0 9.9 17.6 5.0 2.5 2 1 2 5 5
-2758.9 1197.4 11.9 211 0 11.0 9.6 5.0 2.5 2 0 2 5 5
-2736.9 1203.9 11.4 212 0 8.6 13.5 5.0 2.5 2 1 2 2 2
-2717.0 1252.4 11.0 210 0 7.4 18.3 5.0 2.5 2 1 2 1 1
-2679.6 1282.7 10.0 29 0 9.3 13.7 5.0 2.5 2 1 2 5 5
-2653.4 1333.8 8.7 27 0 8.9 10.6 5.0 0.0 0 1 2 0 0
-2635.5 1386.2 8.3 34 0 8.9 11.2 5.0 2.5 2 1 2 3 3
-2592.3 1457.8 10.8 140 0 10.0 8.2 5.0 0.0 0 0 2 0 0
-2558.1 1495.5 10.5 235 0 8.8 13.1 5.0 2.5 4 1 2 5 5
-2514.9 1520.7 9.2 236 0 8.9 11.7 5.0 2.5 2 1 2 5 5
-2479.6 1526.4 8.6 56 0 8.0 13.3 5.0 2.5 2 1 2 0 0
-2431.7 1559.9 10.2 53 0 8.2 15.5 5.0 2.5 2 1 2 3 3
-2381.2 1644.4 10.3 226 0 6.4 8.8 5.0 2.5 2 1 2 1 1
-2386.9 1587.4 10.7 49 0 8.4 15.1 5.0 2.5 2 1 2 5 5
-2341.2 1632.9 11.1 314 0 16.1 8.6 5.0 2.5 2 0 2 2 2
-2350.5 1723.6 6.5 23 0 9.4 16.4 2.5 2.5 2 1 1 0 0
-2288.9 1684.0 8.7 37 0 8.9 18.5 2.5 2.5 4 1 1 0 0
-2280.1 1741.2 7.6 300 0 16.3 10.5 2.5 2.5 2 0 1 2 2
-2160.6 1994.9 9.9 60 0 14.6 9.1 5.0 2.5 2 0 2 0 0
-2044.0 2013.4 7.8 34 0 12.0 21.5 5.0 2.5 2 1 2 2 2
-2004.0 2088.1 8.7 311 0 10.6 17.9 5.0 2.5 4 1 2 2 2
-3133.3 2122.9 7.1 60 0 8.6 10.8 5.0 2.5 2 1 2 2 2
-3237.3 2068.7 5.8 75 0 8.2 11.4 2.5 2.5 2 1 1 3 3
-3199.5 2086.4 5.8 348 0 10.3 7.8 2.5 2.5 2 0 1 1 1
-3197.6 2029.5 8.5 256 0 7.4 10.5 5.0 2.5 2 1 2 1 1
-3238.6 2002.0 7.9 166 0 14.8 10.1 5.0 2.5 2 0 2 4 4
-3412.5 2030.1 9.4 185 0 9.1 7.9 5.0 2.5 2 0 2 3 3
-3347.4 1985.3 7.7 266 0 8.9 9.7 2.5 2.5 2 1 1 4 4
-3371.9 1960.3 7.6 78 0 6.8 20.1 2.5 2.5 2 1 1 5 5
-3411.3 1964.2 8.1 91 0 7.9 10.6 2.5 2.5 2 1 1 1 1
-3534.1 2027.7 9.2 93 0 7.5 10.2 5.0 2.5 2 1 2 1 1
-3509.7 1965.2 9.1 15 0 10.0 8.2 5.0 2.5 2 0 2 1 1
-3781.5 2026.8 4.5 105 0 7.7 14.8 5.0 2.5 2 1 2 0 0
-4417.8 2135.0 -8.2 72 0 8.0 12.4 5.0 2.5 2 1 2 4 4
-4403.4 2156.3 -8.8 248 0 7.6 13.0 5.0 2.5 2 1 2 3 3
-4383.9 2164.8 -9.0 245 0 8.9 11.3 5.0 2.5 2 1 2 4 4
-4366.6 2174.5 -8.4 248 0 7.7 10.9 5.0 0.0 0 1 2 5 5
-4340.2 2170.9 -7.8 75 0 7.9 9.3 5.0 2.5 4 1 2 1 1
-4312.5 2178.0 -7.0 81 0 7.9 9.0 5.0 2.5 2 1 2 3 3
-4281.3 2188.7 -6.1 86 0 7.5 12.1 5.0 2.5 2 1 2 4 4
-4248.2 2210.9 -5.2 263 0 7.5 12.9 5.0 2.5 2 1 2 1 1
-4206.5 2215.8 -5.7 270 0 10.8 15.4 5.0 2.5 2 1 2 1 1
-4169.6 2210.0 -6.2 276 0 9.4 13.8 5.0 2.5 4 1 2 3 3
-4073.3 2193.0 -3.0 184 0 17.8 9.2 2.5 2.5 2 0 1 5 5
-4013.2 2189.1 -0.1 93 0 9.9 18.5 2.5 2.5 2 1 1 2 2
-3960.9 2190.6 3.3 292 0 8.0 13.5 2.5 0.0 0 1 1 3 3
-3943.0 2181.8 3.6 292 0 9.4 13.4 2.5 2.5 2 1 1 2 2
-3927.7 2156.0 3.9 112 0 8.8 15.1 2.5 2.5 2 1 1 5 5
-3904.0 2143.8 3.9 112 0 9.0 13.9 2.5 2.5 2 1 1 0 0
-3859.7 2134.0 2.8 22 0 13.6 11.8 2.5 2.5 2 0 1 3 3
-3766.4 2109.3 3.6 292 0 8.6 16.1 5.0 2.5 4 1 2 2 2
-3726.6 2087.5 4.8 22 0 12.7 9.2 5.0 2.5 2 0 2 5 5
-3660.7 2066.4 6.7 112 0 8.7 13.1 5.0 2.5 2 1 2 4 4
-3679.1 2004.5 7.4 22 0 10.6 6.8 2.5 2.5 2 0 1 1 1
-3712.9 2008.4 6.6 112 0 7.7 10.0 2.5 2.5 2 1 1 0 0
-3886.9 2067.5 3.1 22 0 9.7 9.3 2.5 2.5 2 0 1 3 3
-3926.9 2079.3 4.0 112 0 8.9 12.4 2.5 2.5 2 1 1 2 2
-3955.3 2089.4 5.0 112 0 8.9 12.2 2.5 0.0 0 1 1 4 4
-3974.3 2105.5 5.4 202 0 10.4 9.1 2.5 0.0 0 0 1 2 2
-4069.6 2126.9 -1.0 1 0 10.6 9.8 2.5 0.0 0 0 1 5 5
-4102.8 2133.2 -2.6 274 0 8.5 13.5 2.5 2.5 2 1 1 3 3
-4143.9 2131.2 -4.8 275 0 8.4 10.5 2.5 2.5 2 1 1 5 5
-4236.0 2134.1 -6.9 350 0 14.8 9.3 5.0 2.5 2 0 2 2 2
-4277.5 2132.8 -7.8 252 0 7.6 16.9 5.0 2.5 2 1 2 3 3
-4310.0 2114.2 -8.8 245 0 8.5 10.7 5.0 0.0 0 1 2 2 2
-4326.3 2087.4 -9.6 61 0 5.9 11.7 5.0 2.5 2 1 2 1 1
-4359.2 2097.6 -10.0 246 0 7.8 10.0 5.0 0.0 0 1 2 3 3
-4381.6 2087.5 -9.5 248 0 8.6 9.0 5.0 0.0 0 1 2 3 3
-4411.6 2072.0 -8.5 245 0 8.1 10.7 5.0 2.5 2 1 2 0 0
-4437.6 2051.5 -7.8 163 0 11.5 9.0 5.0 2.5 2 0 2 1 1
-4832.9 1965.2 -13.0 79 0 9.3 10.0 2.5 2.5 2 1 1 3 3
-4793.3 1979.7 -13.7 66 0 7.4 12.2 2.5 2.5 2 1 1 4 4
-4770.6 1987.3 -13.1 76 0 7.7 10.6 2.5 2.5 2 1 1 2 2
-4749.9 1997.0 -12.3 81 0 8.8 10.1 2.5 0.0 0 1 1 4 4
-4719.1 2001.6 -11.8 78 0 8.7 13.4 2.5 2.5 4 1 1 2 2
-4695.1 2015.1 -11.0 64 0 8.3 11.7 2.5 2.5 2 1 1 5 5
-4676.7 2038.4 -11.6 247 0 8.8 13.7 2.5 2.5 2 1 1 2 2
-4645.4 2036.5 -12.3 72 0 8.1 10.0 2.5 2.5 2 1 1 0 0
-4618.7 2053.6 -13.0 340 0 11.9 8.7 2.5 2.5 4 0 1 5 5
-4588.3 1986.0 -13.1 352 0 11.3 9.3 5.0 2.5 2 0 2 3 3
-4617.7 1983.0 -13.8 260 0 8.6 12.8 5.0 2.5 2 1 2 2 2
-4640.2 1952.7 -14.5 65 0 8.3 19.2 5.0 2.5 2 1 2 0 0
-4662.1 1937.5 -14.7 61 0 9.0 8.9 5.0 2.5 2 0 2 4 4
-4699.6 1925.3 -15.0 68 0 26.4 11.8 5.0 2.5 2 0 2 5 5
-4717.4 1919.8 -14.8 66 0 9.4 26.8 5.0 2.5 2 1 2 5 5
-4770.7 1925.9 -13.8 236 0 7.6 10.4 5.0 2.5 2 1 2 0 0
-4806.2 1902.8 -12.9 146 0 9.7 4.0 5.0 2.5 2 0 2 4 4
-4801.1 1912.5 -13.1 236 0 7.6 9.0 5.0 0.0 0 1 2 5 5
-739.2 2719.6 7.8 194 0 11.5 9.7 5.0 2.5 2 0 2 3 3
-675.1 2696.4 8.0 90 0 11.1 11.2 5.0 2.5 2 1 2 2 2
-623.6 2699.2 7.4 84 0 8.5 8.7 5.0 0.0 0 1 2 1 1
-519.9 2751.7 7.9 42 0 8.0 10.1 5.0 2.5 2 1 2 4 4
-471.6 2771.4 9.1 39 0 11.0 19.4 5.0 2.5 2 1 2 2 2
-478.9 2803.7 9.3 210 0 10.1 15.4 5.0 2.5 2 1 2 1 1
-456.0 2820.6 8.8 21 0 7.6 10.1 5.0 2.5 2 1 2 5 5
-434.9 2876.1 4.6 0 0 9.2 14.5 5.0 2.5 4 1 2 1 1
-403.2 3206.3 3.4 238 0 8.2 10.8 5.0 2.5 2 1 2 4 4
-338.1 3206.2 4.6 57 0 9.3 12.5 5.0 0.0 0 1 2 2 2
-308.5 3222.8 5.1 57 0 8.8 10.2 5.0 2.5 2 1 2 5 5
-145.0 3325.0 7.4 114 0 13.8 8.6 5.0 2.5 2 0 2 5 5
-128.8 3405.2 6.5 90 0 14.1 12.7 7.5 2.5 2 0 3 5 5
-167.6 3453.8 5.6 152 0 9.3 18.8 7.5 2.5 4 1 3 5 5
-181.9 3488.6 4.9 153 0 7.3 12.4 5.0 2.5 2 1 2 1 1
-197.4 3545.7 4.1 164 0 8.4 14.6 2.5 2.5 4 1 1 5 5
-213.5 3568.9 4.3 163 0 7.0 13.2 2.5 2.5 2 1 1 0 0
-218.5 3585.4 4.4 166 0 8.5 11.6 5.0 2.5 2 1 2 5 5
-228.1 3617.0 4.6 164 0 8.8 12.5 5.0 2.5 2 1 2 5 5
-225.8 3666.8 4.9 358 0 11.5 12.5 5.0 0.0 0 1 2 0 0
-242.8 3728.8 6.2 356 0 9.1 16.3 7.5 0.0 0 1 3 2 2
-242.2 3765.4 6.8 358 0 8.5 15.2 5.0 2.5 2 1 2 3 3
-255.6 3875.1 8.7 178 0 9.6 15.1 2.5 0.0 0 1 1 0 0
-264.1 3943.8 7.1 169 0 8.6 25.8 5.0 2.5 2 1 2 4 4
-261.5 3998.1 4.3 170 0 8.8 16.0 5.0 2.5 2 1 2 2 2
-469.3 5368.4 0.0 313 0 11.9 6.7 2.5 2.5 2 0 1 5 5
-470.7 5339.5 -0.3 40 0 9.5 8.0 2.5 2.5 2 0 1 1 1
-507.5 5330.2 -2.5 213 0 9.6 10.1 2.5 2.5 2 1 1 0 0
-525.4 5265.1 -4.2 26 0 10.6 16.2 2.5 2.5 2 1 1 2 2
-549.1 5249.4 -5.0 203 0 8.9 15.9 2.5 2.5 4 1 1 2 2
-540.6 5203.5 -5.1 26 0 8.6 10.7 2.5 2.5 2 1 1 5 5
-556.5 5162.0 -4.9 97 0 22.2 9.2 2.5 0.0 0 0 1 3 3
-499.1 5145.4 -0.2 198 0 11.1 11.6 5.0 2.5 2 1 2 1 1
-487.5 5182.5 1.1 194 0 9.4 19.3 5.0 2.5 2 1 2 1 1
-467.3 5214.7 1.7 5 0 10.5 13.4 5.0 2.5 2 1 2 1 1
-465.6 5278.7 1.8 211 0 9.8 9.6 5.0 2.5 2 0 2 4 4
-450.4 5298.1 2.5 218 0 6.7 9.4 5.0 2.5 2 1 2 2 2
-411.7 5306.5 3.3 29 0 8.3 18.9 5.0 2.5 2 1 2 4 4
-385.0 5350.7 2.5 32 0 10.0 12.6 5.0 2.5 2 1 2 4 4
-298.0 5458.6 1.0 224 0 9.9 9.1 2.5 2.5 2 0 1 2 2
-283.0 5443.7 1.7 40 0 8.3 10.4 2.5 2.5 2 1 1 1 1
-130.2 5511.0 3.8 136 0 11.2 28.0 2.5 2.5 2 1 1 2 2
-47.9 5769.0 0.9 69 0 10.6 18.0 7.5 2.5 2 1 3 3 3
-91.2 5710.6 1.2 48 0 8.5 10.3 5.0 2.5 2 1 2 2 2
-92.4 5697.3 0.7 48 0 7.6 18.8 5.0 2.5 2 1 2 5 5
-145.0 5701.1 2.6 228 0 10.6 18.7 5.0 2.5 2 1 2 2 2
-161.6 5690.5 3.8 228 0 8.8 11.1 5.0 2.5 2 1 2 0 0
-181.0 5681.7 3.8 228 0 10.1 21.3 5.0 2.5 2 1 2 3 3
-171.2 5649.3 3.4 48 0 8.5 7.6 5.0 2.5 2 0 2 0 0
-195.9 5655.9 3.9 228 0 7.7 10.7 5.0 2.5 2 1 2 1 1
-239.7 5604.9 1.1 228 0 8.4 12.4 5.0 0.0 0 1 2 1 1
-249.7 5569.1 0.4 48 0 7.0 12.6 5.0 2.5 2 1 2 5 5
-259.8 5567.0 0.3 48 0 9.0 14.1 5.0 2.5 2 1 2 5 5
-303.1 5536.3 -0.6 48 0 9.5 18.5 5.0 0.0 0 1 2 5 5
-325.3 5511.9 -1.3 48 0 8.4 10.8 5.0 2.5 2 1 2 3 3
-351.4 5484.8 -2.0 48 0 9.2 10.8 5.0 2.5 2 1 2 4 4
-390.0 5457.7 -2.0 138 0 13.3 8.8 5.0 2.5 2 0 2 2 2
-339.9 5401.5 1.6 138 0 14.3 9.7 2.5 2.5 2 0 1 0 0
-315.6 5438.1 1.3 228 0 7.6 10.0 2.5 2.5 2 1 1 3 3
-245.3 5476.2 1.1 48 0 8.9 18.0 2.5 2.5 4 1 1 0 0
-229.1 5522.5 0.7 228 0 10.4 12.8 2.5 2.5 2 1 1 2 2
-205.2 5546.0 0.5 228 0 9.3 14.2 2.5 2.5 2 1 1 4 4
-183.7 5564.7 0.5 228 0 9.1 10.7 2.5 2.5 2 1 1 0 0
-122.1 5633.9 -0.2 228 0 6.8 12.9 2.5 2.5 2 1 1 3 3
-143.8 5620.3 -0.1 228 0 9.1 8.4 2.5 2.5 2 0 1 2 2
-123.2 5599.3 0.2 48 0 9.0 10.3 2.5 2.5 2 1 1 5 5
-110.2 5609.6 0.2 48 0 9.1 10.0 2.5 0.0 0 1 1 5 5
-88.9 5620.3 0.6 48 0 9.0 10.3 2.5 2.5 2 1 1 5 5
-78.8 5629.5 0.5 48 0 7.5 9.8 2.5 2.5 2 1 1 2 2
-60.8 5648.9 0.3 48 0 8.4 7.3 2.5 0.0 0 0 1 4 4
-60.2 5662.1 0.1 228 0 8.6 9.9 2.5 2.5 2 1 1 3 3
-47.7 5674.2 -0.1 228 0 8.2 13.9 2.5 2.5 2 1 1 5 5
-25.4 5672.8 0.6 48 0 9.3 6.2 2.5 2.5 2 0 1 2 2
-32.1 5689.8 -0.4 228 0 8.3 9.1 2.5 2.5 2 1 1 0 0
-7.5 5704.6 -0.1 228 0 9.1 10.7 2.5 2.5 2 1 1 5 5
26.1 5710.9 -0.1 48 0 8.6 14.7 2.5 2.5 2 1 1 1 1
49.8 5748.8 1.0 230 0 8.7 12.4 2.5 0.0 0 1 1 3 3
56.8 5756.5 1.1 231 0 9.0 9.6 2.5 2.5 2 1 1 0 0
111.0 5795.4 2.2 347 0 11.0 15.7 2.5 2.5 2 1 1 4 4
187.5 5798.2 3.6 147 0 9.1 9.7 5.0 2.5 2 1 2 4 4
193.1 5788.7 4.1 52 0 9.0 4.6 5.0 2.5 2 0 2 2 2
50.1 5831.7 0.6 154 0 10.6 9.8 5.0 2.5 2 0 2 4 4
75.3 5834.3 0.3 61 0 15.8 8.0 5.0 2.5 2 0 2 1 1
109.9 5856.2 0.3 64 0 9.9 9.6 5.0 2.5 2 0 2 5 5
127.3 5847.4 -0.3 65 0 6.3 10.9 5.0 2.5 2 1 2 0 0
149.1 5888.3 -1.0 247 0 9.6 14.7 5.0 2.5 2 1 2 5 5
212.0 5905.2 -2.4 334 0 7.5 8.5 5.0 2.5 2 1 2 3 3
196.9 5893.2 -2.1 65 0 8.2 9.9 5.0 2.5 2 1 2 5 5
253.0 5817.0 3.5 60 0 8.0 14.4 5.0 2.5 2 1 2 2 2
283.1 5841.7 2.6 61 0 10.2 11.9 5.0 2.5 2 1 2 5 5
312.6 5939.1 -4.1 341 0 11.7 9.2 2.5 2.5 2 0 1 3 3
337.0 5863.2 1.8 59 0 11.0 11.1 5.0 2.5 2 1 2 0 0
369.5 5887.4 -1.2 63 0 8.5 11.3 5.0 2.5 2 1 2 1 1
414.7 5906.0 -1.3 63 0 8.7 11.7 5.0 2.5 2 1 2 0 0
441.2 5921.5 -1.6 66 0 8.3 10.1 5.0 2.5 4 1 2 0 0
556.4 5970.7 5.4 63 0 7.4 8.7 5.0 2.5 2 1 2 2 2
498.8 6015.9 1.0 53 0 8.9 9.2 2.5 2.5 2 1 1 3 3
560.4 6043.6 1.3 71 0 7.5 16.5 2.5 2.5 2 1 1 0 0
615.4 6087.7 0.1 320 0 10.7 8.4 2.5 2.5 2 0 1 0 0
651.1 6047.6 2.8 226 0 7.8 8.8 2.5 2.5 2 1 1 1 1
-6576.3 -4470.9 -6.6 33 0 8.8 12.5 2.5 2.5 2 1 1 4 4
-6885.1 -4855.3 -12.4 218 0 7.2 11.9 5.0 2.5 2 1 2 1 1
-6620.4 -4539.7 -8.1 302 0 11.6 6.1 7.5 2.5 2 0 3 3 3
-6647.4 -4569.9 -9.2 212 0 6.3 14.6 2.5 2.5 2 1 1 3 3
-6665.5 -4595.8 -10.2 212 0 7.3 11.2 2.5 2.5 2 1 1 2 2
-6477.2 -4102.4 -3.8 116 0 7.2 6.9 5.0 2.5 2 0 2 5 5
-6517.1 -4177.3 -7.1 25 0 8.5 9.1 7.5 2.5 2 1 3 5 5
-6545.9 -4240.7 -7.7 32 0 6.7 7.2 5.0 2.5 2 1 2 5 5
-6644.3 -4438.6 -12.0 125 0 6.5 7.3 5.0 0.0 0 1 2 4 4
-6152.6 -3770.0 2.0 49 0 5.4 13.3 7.5 2.5 2 1 3 3 3
-6187.8 -3777.6 3.5 223 0 6.9 9.2 2.5 2.5 4 1 1 4 4
-6198.9 -3801.0 4.0 49 0 10.1 11.8 2.5 2.5 2 1 1 5 5
-6289.4 -3926.3 2.5 303 0 10.3 8.7 2.5 2.5 4 0 1 5 5
-6318.6 -3955.8 1.0 213 0 8.8 13.1 2.5 2.5 2 1 1 1 1
-6332.1 -3984.4 -0.0 213 0 8.0 12.5 2.5 2.5 2 1 1 3 3
-6344.4 -4015.8 -0.3 213 0 6.5 7.5 2.5 2.5 4 1 1 5 5
-6361.2 -4043.3 -0.2 213 0 9.2 13.2 2.5 0.0 0 1 1 0 0
-6374.3 -4059.8 -0.2 213 0 9.7 11.8 2.5 2.5 2 1 1 3 3
-6377.8 -4073.1 0.1 213 0 5.8 13.9 2.5 2.5 2 1 1 4 4
-6390.0 -4101.1 0.4 213 0 8.6 11.8 2.5 2.5 2 1 1 3 3
-6408.1 -4127.3 0.5 213 0 7.5 13.9 2.5 2.5 2 1 1 2 2
-6427.5 -4165.5 0.1 213 0 8.2 10.0 2.5 2.5 2 1 1 0 0
-6441.1 -4217.7 -0.2 33 0 5.9 10.3 2.5 2.5 2 1 1 5 5
-6484.0 -4268.8 -2.5 213 0 8.8 12.0 2.5 2.5 2 1 1 2 2
-6506.7 -4306.3 -4.0 213 0 6.9 11.8 2.5 2.5 2 1 1 1 1
-6518.1 -4333.6 -4.9 213 0 8.5 11.5 2.5 2.5 2 1 1 3 3
-6542.1 -4378.5 -5.8 213 0 9.6 13.9 2.5 2.5 2 1 1 3 3
-6566.0 -4421.0 -6.2 213 0 10.0 10.6 2.5 2.5 2 1 1 1 1
-6672.4 -4640.8 -6.4 32 0 8.8 11.3 7.5 2.5 2 1 3 2 2
-6693.1 -4679.0 -4.1 32 0 5.2 12.9 7.5 2.5 2 1 3 0 0
-6722.7 -4713.3 -2.7 122 0 14.3 8.5 7.5 2.5 2 0 3 5 5
-6763.1 -4777.7 -5.5 302 0 9.7 7.4 5.0 2.5 2 0 2 2 2
-6771.4 -4812.7 -6.5 32 0 8.8 10.3 5.0 2.5 2 1 2 4 4
-6777.2 -4831.4 -7.0 32 0 8.6 11.1 2.5 2.5 2 1 1 5 5
-6793.7 -4862.6 -8.2 32 0 9.1 11.8 5.0 2.5 2 1 2 2 2
-6828.6 -4936.3 -10.4 302 0 10.4 8.6 2.5 2.5 2 0 1 0 0
-6848.1 -4977.9 -11.2 32 0 7.4 10.1 2.5 2.5 2 1 1 3 3
-6869.9 -5015.7 -12.0 39 0 10.0 12.3 2.5 2.5 2 1 1 2 2
-6899.9 -5034.8 -12.7 219 0 6.8 10.5 2.5 2.5 2 1 1 1 1
-6874.4 -6040.6 -16.8 112 0 26.7 15.8 12.5 2.5 2 0 5 0 0
