-4648.0 2313.7 -22.8 27 0 15.6 24.8 2.5 0.0 0 1 1 3 3
-4836.8 1793.5 -10.1 22 0 11.9 23.3 2.5 2.5 2 1 1 1 1
-4779.5 1970.6 -12.4 117 0 9.1 9.2 5.0 2.5 2 1 2 4 4
-4683.6 2236.5 -20.4 114 0 10.5 8.8 5.0 2.5 2 0 2 5 5
-4630.7 2370.2 -20.7 26 0 9.8 10.4 2.5 2.5 2 1 1 0 0
-4645.7 2397.4 -21.0 207 0 9.0 13.3 2.5 2.5 2 1 1 2 2
-4634.1 2438.4 -20.0 201 0 9.0 21.3 2.5 2.5 2 1 1 4 4
-4599.2 2420.9 -18.4 20 0 5.6 10.8 2.5 2.5 2 1 1 3 3
-4595.0 2346.8 -17.9 201 0 10.2 19.6 5.0 2.5 2 1 2 5 5
-4599.5 2319.1 -18.3 203 0 8.9 13.7 5.0 2.5 2 1 2 2 2
-4615.7 2275.5 -17.3 205 0 7.9 12.9 5.0 2.5 2 1 2 1 1
-4636.2 2215.6 -15.3 206 0 11.1 10.1 5.0 2.5 2 0 2 5 5
-4644.6 2191.5 -14.5 207 0 9.0 9.6 5.0 2.5 2 1 2 5 5
-4650.7 2175.6 -14.4 209 0 9.3 9.3 5.0 0.0 0 0 2 5 5
-4657.4 2159.9 -14.6 204 0 9.7 10.5 5.0 2.5 2 1 2 5 5
-4662.9 2143.4 -14.9 206 0 9.3 10.7 5.0 0.0 0 1 2 4 4
-4669.6 2117.6 -14.3 208 0 9.0 11.9 5.0 2.5 4 1 2 0 0
-4676.2 2068.4 -12.5 208 0 27.4 11.3 5.0 2.5 2 0 2 5 5
-4685.9 2048.5 -12.0 209 0 10.0 10.5 5.0 2.5 2 1 2 5 5
-4695.1 2029.4 -11.8 208 0 27.1 10.8 5.0 2.5 2 0 2 3 3
-4706.9 2009.2 -11.4 206 0 9.1 9.4 5.0 2.5 2 1 2 4 4
-4718.7 2002.4 -11.5 206 0 7.6 9.8 5.0 2.5 2 1 2 2 2
-4727.0 1985.4 -11.3 208 0 11.3 9.0 5.0 2.5 2 0 2 0 0
-4731.8 1959.9 -10.7 207 0 9.5 10.4 5.0 2.5 2 1 2 2 2
-4740.3 1937.3 -10.2 201 0 10.2 16.4 5.0 2.5 4 1 2 2 2
-4756.9 1899.4 -9.6 202 0 10.0 11.9 5.0 2.5 2 1 2 1 1
-4776.4 1874.4 -9.5 204 0 6.7 10.5 5.0 2.5 2 1 2 1 1
-4770.5 1848.2 -8.7 206 0 8.4 15.3 5.0 2.5 2 1 2 2 2
-4787.6 1795.4 -8.6 205 0 8.9 12.6 5.0 2.5 2 1 2 3 3
-4797.1 1753.0 -9.5 23 0 8.9 9.7 5.0 2.5 4 1 2 1 1
-4817.1 1668.5 -10.6 299 0 13.0 9.3 7.5 2.5 2 0 3 1 1
-4838.6 1640.9 -10.8 204 0 9.8 12.0 5.0 2.5 2 1 2 1 1
-4843.0 1595.2 -11.0 14 0 9.8 12.4 5.0 2.5 2 1 2 1 1
-4856.0 1551.7 -11.3 22 0 9.5 14.4 5.0 2.5 2 1 2 0 0
-4866.9 1537.4 -11.4 22 0 10.8 8.0 2.5 2.5 2 0 1 2 2
-4869.7 1507.5 -11.8 18 0 8.8 16.1 2.5 2.5 2 1 1 0 0
-4985.8 1423.2 -10.5 110 0 10.2 8.6 5.0 0.0 0 0 2 4 4
-5013.0 1149.6 -7.1 295 0 15.1 10.0 2.5 2.5 2 0 1 4 4
-5038.1 1109.2 -7.2 199 0 9.4 12.9 5.0 2.5 2 1 2 5 5
-5056.3 1077.3 -7.4 202 0 9.0 11.9 2.5 2.5 2 1 1 4 4
-5070.0 1051.9 -7.5 202 0 13.6 11.0 5.0 2.5 2 0 2 0 0
-5084.1 1033.2 -7.6 206 0 11.3 28.4 10.0 2.5 2 1 4 5 5
-5068.5 982.6 -7.8 16 0 9.0 13.8 7.5 2.5 2 1 3 2 2
-5080.0 963.9 -8.6 358 0 9.1 11.2 5.0 2.5 4 1 2 4 4
-5092.2 935.0 -9.6 28 0 11.3 9.5 5.0 2.5 2 0 2 1 1
-5116.9 889.8 -8.9 114 0 10.3 8.9 5.0 2.5 2 0 2 4 4
-5171.8 723.7 -4.2 26 0 8.6 9.7 5.0 0.0 0 1 2 3 3
-5200.7 665.5 -7.8 28 0 8.3 11.8 5.0 2.5 4 1 2 1 1
-5230.7 584.6 -8.2 114 0 10.9 9.5 5.0 2.5 2 0 2 1 1
-5317.8 583.9 -9.9 125 0 11.4 10.7 7.5 2.5 2 0 3 1 1
-5249.1 516.6 -8.1 298 0 16.5 11.3 7.5 2.5 4 0 3 5 5
-5281.6 491.1 -9.0 199 0 10.2 11.6 10.0 2.5 2 1 4 4 4
-5287.3 430.2 -10.7 206 0 8.9 15.0 5.0 2.5 2 1 2 1 1
-5306.1 383.4 -10.4 201 0 9.1 8.9 5.0 2.5 2 0 2 5 5
-5325.3 342.4 -10.3 200 0 9.9 12.1 5.0 2.5 2 1 2 3 3
-5344.6 279.0 -10.4 204 0 10.4 7.0 5.0 2.5 2 0 2 0 0
-5340.0 259.3 -10.4 20 0 9.1 13.3 5.0 0.0 0 1 2 3 3
-5356.2 234.1 -10.4 111 0 17.3 9.1 2.5 2.5 2 0 1 2 2
-5532.8 -226.1 -9.1 306 0 9.0 8.4 7.5 2.5 2 0 3 5 5
-5554.9 -261.4 -9.9 207 0 10.1 9.3 7.5 0.0 0 0 3 5 5
-5548.7 -299.1 -11.5 23 0 8.1 20.0 7.5 2.5 2 1 3 1 1
-5659.4 -392.4 -19.4 26 0 7.3 10.8 5.0 2.5 2 1 2 3 3
-5670.3 -434.0 -19.9 22 0 17.7 11.7 5.0 0.0 0 0 2 4 4
-5710.7 -387.4 -23.4 203 0 7.9 14.4 5.0 2.5 2 1 2 2 2
-5671.4 -406.3 -20.6 26 0 9.7 13.2 5.0 2.5 2 1 2 5 5
-5592.6 -375.5 -13.3 295 0 16.1 8.7 5.0 2.5 2 0 2 3 3
-5621.4 -426.4 -14.2 200 0 8.1 18.1 5.0 2.5 2 1 2 1 1
-5605.7 -463.6 -13.4 22 0 32.7 11.5 5.0 2.5 2 0 2 4 4
-5653.3 -463.6 -16.7 206 0 12.9 15.5 5.0 0.0 0 1 2 1 1
-5660.3 -524.2 -16.2 204 0 8.6 12.4 5.0 2.5 2 1 2 2 2
-5672.0 -562.1 -15.9 205 0 19.1 9.0 5.0 2.5 2 0 2 3 3
-5700.4 -481.7 -20.8 28 0 16.7 9.9 5.0 2.5 2 0 2 1 1
-5709.8 -502.0 -19.9 27 0 8.7 9.2 5.0 2.5 2 1 2 2 2
-5724.2 -538.0 -18.5 27 0 8.5 10.2 5.0 2.5 2 1 2 5 5
-5722.4 -563.5 -17.4 24 0 16.5 11.1 5.0 2.5 2 0 2 4 4
-5779.0 -560.5 -18.3 203 0 12.5 9.8 5.0 2.5 4 0 2 3 3
-5786.9 -583.0 -17.3 204 0 11.4 10.5 5.0 2.5 2 0 2 3 3
-5748.2 -600.0 -16.1 30 0 8.7 11.1 5.0 2.5 2 1 2 2 2
-5765.3 -615.6 -15.5 120 0 7.7 7.8 5.0 2.5 2 1 2 3 3
-5764.9 -641.9 -14.4 120 0 13.1 10.9 5.0 2.5 2 0 2 4 4
-5679.7 -617.8 -13.6 30 0 9.9 9.2 5.0 2.5 2 0 2 4 4
-5686.2 -651.0 -12.5 30 0 10.1 17.9 5.0 2.5 2 1 2 3 3
-5715.4 -669.5 -13.1 210 0 7.6 11.2 5.0 2.5 2 1 2 1 1
-5732.2 -690.4 -13.9 210 0 8.6 10.1 5.0 0.0 0 1 2 1 1
-5742.4 -739.5 -12.6 210 0 8.2 9.1 5.0 2.5 2 1 2 4 4
-5758.9 -763.4 -11.9 210 0 10.9 21.3 5.0 2.5 2 1 2 1 1
-5764.3 -796.8 -11.1 120 0 10.3 8.6 5.0 0.0 0 0 2 2 2
-5852.1 -880.1 -13.1 23 0 17.2 9.5 5.0 2.5 2 0 2 0 0
-5789.8 -862.8 -10.0 298 0 8.6 8.5 5.0 2.5 2 0 2 5 5
-5795.2 -886.9 -9.8 28 0 9.4 8.8 5.0 2.5 2 0 2 3 3
-5957.8 -1059.5 -13.4 118 0 10.7 9.1 5.0 2.5 2 0 2 2 2
-5854.3 -1017.9 -8.7 298 0 10.4 10.3 5.0 2.5 4 0 2 4 4
-5860.2 -1059.2 -9.3 28 0 8.3 17.4 5.0 2.5 2 1 2 0 0
-5884.8 -1071.3 -10.6 208 0 8.2 9.4 5.0 0.0 0 1 2 5 5
-5885.5 -1106.1 -12.8 28 0 9.1 17.0 5.0 2.5 2 1 2 4 4
-5905.6 -1145.4 -13.2 28 0 7.9 15.1 5.0 2.5 2 1 2 0 0
-5929.6 -1188.8 -13.5 28 0 9.5 11.2 5.0 2.5 2 1 2 2 2
-5950.8 -1246.1 -11.6 28 0 8.9 12.8 5.0 2.5 2 1 2 0 0
-5974.6 -1288.8 -8.8 118 0 13.2 8.1 5.0 2.5 2 0 2 1 1
-6002.6 -1411.6 -6.8 298 0 14.6 8.6 2.5 2.5 2 0 1 2 2
-6031.5 -1455.4 -6.5 208 0 11.2 10.9 2.5 2.5 2 0 1 3 3
-6026.3 -1494.5 -6.6 28 0 11.5 8.9 2.5 2.5 2 0 1 4 4
-6059.2 -1519.5 -6.4 208 0 6.9 12.3 2.5 2.5 2 1 1 1 1
-6078.5 -1583.3 -6.2 118 0 14.4 8.7 2.5 2.5 2 0 1 3 3
-6108.2 -1645.4 -6.1 298 0 10.1 8.8 5.0 2.5 2 0 2 0 0
-6108.7 -1665.8 -6.2 28 0 8.1 11.7 5.0 0.0 0 1 2 1 1
-6123.0 -1700.7 -6.1 28 0 8.7 12.2 5.0 0.0 0 1 2 3 3
-6140.8 -1748.4 -5.2 28 0 7.4 12.2 5.0 2.5 2 1 2 2 2
-6188.1 -1844.0 -4.0 298 0 11.3 8.4 2.5 2.5 2 0 1 0 0
-6201.2 -1898.1 -4.3 28 0 8.8 12.1 2.5 2.5 2 1 1 3 3
-6222.7 -1942.7 -4.9 28 0 7.9 10.0 2.5 0.0 0 1 1 0 0
-6231.9 -1966.0 -5.0 27 0 8.0 9.2 2.5 0.0 0 1 1 3 3
-6282.8 -2049.5 -5.8 118 0 10.6 8.9 2.5 2.5 2 0 1 4 4
-6330.2 -2141.0 -6.3 203 0 9.7 21.0 7.5 2.5 2 1 3 2 2
-3205.9 6739.5 -22.7 124 0 14.8 13.7 5.0 2.5 2 0 2 1 1
-3203.2 4316.8 -12.6 300 0 11.5 15.1 10.0 2.5 2 1 4 3 3
-3234.0 4300.2 -12.9 211 0 16.6 24.7 10.0 2.5 4 1 4 0 0
-711.7 4369.4 -8.7 327 0 16.9 8.4 5.0 2.5 2 0 2 2 2
-736.0 4333.8 -9.1 57 0 7.4 18.6 5.0 2.5 2 1 2 1 1
-751.0 4323.6 -9.0 57 0 11.8 14.0 5.0 2.5 2 1 2 0 0
-778.5 4303.5 -8.8 57 0 10.0 12.3 5.0 2.5 2 1 2 2 2
-818.3 4272.7 -8.6 57 0 8.9 14.4 5.0 2.5 2 1 2 0 0
-838.2 4264.0 -8.5 57 0 9.6 9.9 5.0 2.5 2 1 2 5 5
-133.2 4954.2 -4.2 304 0 14.2 9.8 7.5 2.5 2 0 3 5 5
-154.5 4918.4 -4.8 34 0 10.3 8.1 2.5 0.0 0 0 1 2 2
-195.5 4853.7 -6.4 34 0 9.0 12.2 2.5 2.5 2 1 1 1 1
-213.4 4823.9 -6.4 34 0 8.6 12.3 2.5 2.5 2 1 1 1 1
-234.1 4796.3 -6.4 34 0 10.9 9.9 2.5 2.5 4 0 1 0 0
-256.6 4765.1 -6.3 34 0 10.0 11.8 2.5 2.5 4 1 1 2 2
-277.7 4735.3 -6.3 34 0 9.9 9.0 2.5 2.5 2 0 1 3 3
-178.0 4766.1 -5.7 135 0 10.3 8.2 5.0 2.5 2 0 2 5 5
-297.6 4710.0 -6.7 45 0 8.4 11.8 2.5 2.5 2 1 1 1 1
-239.5 4663.7 -2.7 315 0 8.4 8.4 2.5 2.5 2 1 1 5 5
-274.8 4632.7 -3.4 225 0 9.0 9.9 2.5 2.5 2 1 1 3 3
-302.0 4600.2 -4.5 225 0 8.2 9.0 2.5 2.5 2 1 1 3 3
-321.1 4590.0 -5.4 225 0 9.3 11.4 2.5 2.5 2 1 1 4 4
-336.5 4562.2 -5.9 225 0 8.8 9.0 2.5 2.5 2 1 1 0 0
-374.9 4516.7 -5.8 131 0 10.1 7.2 2.5 2.5 2 0 1 0 0
-405.2 4575.6 -6.3 44 0 10.3 12.2 5.0 2.5 2 1 2 0 0
-434.1 4548.1 -6.3 48 0 7.6 10.5 5.0 2.5 2 1 2 2 2
-458.1 4451.0 -3.0 321 0 14.6 10.4 5.0 2.5 2 0 2 1 1
-475.7 4517.1 -6.2 54 0 11.7 15.7 5.0 2.5 2 1 2 1 1
-503.7 4497.8 -6.1 49 0 9.1 13.7 5.0 2.5 2 1 2 4 4
-534.6 4476.2 -6.1 48 0 8.4 8.2 5.0 2.5 4 0 2 5 5
-576.0 4473.0 -5.4 230 0 9.3 13.5 5.0 2.5 4 1 2 4 4
-564.2 4443.4 -6.3 51 0 8.0 7.0 5.0 2.5 2 0 2 4 4
-605.6 4453.0 -6.4 235 0 9.4 14.1 5.0 2.5 2 1 2 3 3
-635.4 4409.0 -6.7 144 0 12.8 13.3 5.0 2.5 2 1 2 0 0
-604.2 4326.7 -3.3 47 0 10.1 18.9 5.0 2.5 2 1 2 2 2
-673.0 4332.2 -7.3 236 0 13.8 17.6 5.0 2.5 2 1 2 1 1
-663.6 4300.0 -4.6 56 0 7.4 5.8 5.0 2.5 2 0 2 2 2
-693.0 4278.2 -5.6 56 0 8.6 8.6 5.0 2.5 2 1 2 0 0
-723.9 4256.3 -6.5 56 0 7.1 10.6 5.0 2.5 2 1 2 0 0
-753.4 4235.9 -5.7 56 0 8.7 10.3 5.0 2.5 2 1 2 1 1
-782.8 4214.5 -4.3 56 0 10.1 8.7 5.0 2.5 2 0 2 3 3
-812.4 4191.6 -4.0 56 0 9.5 13.7 5.0 2.5 2 1 2 5 5
-851.2 4181.3 -3.1 236 0 10.5 10.9 5.0 2.5 4 1 2 4 4
-882.1 4150.3 -3.7 146 0 16.1 9.5 5.0 2.5 2 0 2 3 3
-1015.7 4141.6 -9.3 153 0 6.3 10.7 7.5 2.5 2 1 3 0 0
-981.2 4244.0 -10.2 243 0 10.0 10.7 2.5 2.5 2 1 1 0 0
-1035.8 4214.0 -10.0 63 0 13.0 10.8 2.5 2.5 2 0 1 3 3
-1065.7 4227.4 -8.6 243 0 8.2 9.2 2.5 2.5 2 1 1 4 4
-1078.4 4193.3 -8.9 63 0 8.5 13.1 2.5 0.0 0 1 1 4 4
-1105.2 4178.6 -8.5 63 0 9.6 13.2 2.5 2.5 2 1 1 0 0
-1138.1 4160.3 -7.7 63 0 8.9 16.5 2.5 2.5 2 1 1 5 5
-1171.4 4146.0 -6.5 63 0 7.8 22.4 2.5 2.5 2 1 1 4 4
-1206.8 4132.1 -5.6 63 0 9.7 16.1 2.5 2.5 2 1 1 4 4
-1248.6 4132.7 -5.7 243 0 10.1 15.6 2.5 2.5 2 1 1 1 1
-1280.8 4114.1 -5.9 243 0 9.3 13.3 2.5 2.5 2 1 1 5 5
-1314.0 4086.9 -6.1 153 0 10.5 8.2 2.5 2.5 2 0 1 1 1
-1250.2 4054.3 -6.1 243 0 11.0 16.1 2.5 2.5 2 1 1 2 2
-1283.1 4034.0 -5.9 243 0 8.4 14.8 2.5 2.5 2 1 1 3 3
-1316.3 4016.2 -5.8 243 0 10.4 14.8 2.5 0.0 0 1 1 0 0
-1351.2 3994.5 -6.0 153 0 11.6 8.1 2.5 2.5 2 0 1 4 4
-1388.5 4057.6 -6.2 243 0 8.2 13.2 2.5 0.0 0 1 1 2 2
-1418.9 4039.9 -6.5 243 0 8.5 7.1 2.5 2.5 2 0 1 1 1
-1458.6 4005.5 -6.9 153 0 9.3 13.8 2.5 2.5 2 1 1 4 4
-3283.2 6746.8 -22.5 25 0 8.5 20.4 5.0 2.5 2 1 2 3 3
-3069.5 6924.6 -21.5 304 0 9.4 12.7 5.0 2.5 2 1 2 1 1
-3123.4 6893.5 -22.7 214 0 10.2 14.6 5.0 2.5 4 1 2 5 5
-3140.0 6875.7 -23.2 214 0 14.3 20.2 5.0 2.5 2 1 2 5 5
-3202.9 6953.2 -22.9 214 0 11.9 15.3 5.0 2.5 2 1 2 0 0
-3215.3 6941.6 -23.0 304 0 7.8 8.7 5.0 2.5 2 1 2 4 4
-3200.3 6925.4 -23.2 34 0 10.8 14.2 5.0 2.5 2 1 2 2 2
-3133.8 6953.1 -22.6 214 0 6.5 12.0 5.0 2.5 2 1 2 0 0
-3143.4 6941.0 -22.4 214 0 8.9 14.4 5.0 0.0 0 1 2 4 4
-3136.9 6918.8 -22.6 34 0 5.6 10.7 5.0 2.5 2 1 2 4 4
-3143.3 6905.4 -22.9 34 0 7.9 16.9 5.0 2.5 4 1 2 4 4
-3187.6 6915.6 -23.3 214 0 11.2 18.4 5.0 0.0 0 1 2 4 4
-3196.9 6817.2 -23.2 34 0 14.7 7.5 5.0 0.0 0 0 2 4 4
-3231.0 6810.2 -23.3 214 0 11.5 16.9 5.0 2.5 2 1 2 0 0
-3195.1 6763.8 -22.5 214 0 10.4 12.2 5.0 2.5 2 1 2 3 3
-3193.8 6784.5 -22.6 214 0 14.3 21.7 5.0 2.5 2 1 2 3 3
-3172.7 6821.5 -22.8 214 0 10.8 11.0 5.0 2.5 2 1 2 0 0
-3146.2 6816.2 -22.7 214 0 12.8 9.8 5.0 2.5 2 0 2 5 5
-3108.3 6817.8 -21.2 34 0 9.0 10.5 5.0 0.0 0 1 2 3 3
-3108.9 6791.2 -21.4 34 0 11.1 18.0 5.0 2.5 4 1 2 2 2
-3134.6 6756.0 -22.1 34 0 10.4 13.2 5.0 2.5 2 1 2 2 2
-3143.5 6734.9 -21.8 34 0 12.6 14.5 5.0 0.0 0 1 2 5 5
-2965.2 6954.8 -20.4 222 0 9.7 7.5 5.0 2.5 2 0 2 0 0
-3030.7 6934.9 -22.6 122 0 14.0 13.3 2.5 2.5 2 0 1 2 2
-3003.1 6917.6 -19.9 212 0 14.4 18.5 5.0 2.5 2 1 2 0 0
-3010.8 6896.7 -19.5 212 0 16.5 16.7 5.0 2.5 2 1 2 2 2
-3040.1 6863.3 -19.5 212 0 8.6 18.7 5.0 2.5 2 1 2 1 1
-3048.3 6850.4 -19.3 212 0 12.4 16.6 5.0 2.5 2 1 2 5 5
-3051.4 6828.9 -18.7 212 0 11.0 15.0 5.0 2.5 4 1 2 5 5
-3063.9 6785.6 -17.7 212 0 11.2 8.4 5.0 0.0 0 0 2 5 5
-3086.9 6778.2 -19.1 212 0 13.9 9.8 5.0 2.5 2 0 2 0 0
-3094.3 6760.2 -19.3 212 0 8.4 15.1 5.0 0.0 0 1 2 4 4
-3108.4 6736.2 -20.0 212 0 9.0 16.1 5.0 2.5 2 1 2 5 5
-3123.1 6711.1 -20.7 213 0 9.1 15.6 5.0 2.5 2 1 2 2 2
-3145.2 6672.3 -21.0 222 0 19.2 15.4 5.0 2.5 2 0 2 1 1
-3199.6 6643.5 -21.0 139 0 11.8 18.8 5.0 2.5 2 1 2 0 0
-3169.7 6638.5 -20.5 315 0 10.1 12.2 5.0 2.5 2 1 2 2 2
-3314.0 6609.6 -21.5 205 0 18.8 24.5 2.5 2.5 2 1 1 4 4
-3282.8 6508.5 -19.0 298 0 7.6 42.9 2.5 2.5 2 1 1 2 2
-3270.9 6502.5 -18.7 299 0 7.7 42.7 2.5 2.5 2 1 1 5 5
-3004.3 4904.7 -13.0 202 0 11.1 24.6 5.0 2.5 2 1 2 1 1
-2848.8 5034.9 -16.2 292 0 10.7 7.6 2.5 2.5 2 0 1 5 5
-2888.3 4994.3 -15.7 202 0 8.2 13.0 2.5 2.5 2 1 1 3 3
-2961.5 4982.9 -14.8 292 0 13.3 6.7 5.0 2.5 2 0 2 5 5
-2899.1 4946.2 -15.3 202 0 9.4 13.5 2.5 2.5 2 1 1 3 3
-2978.4 4944.2 -13.9 202 0 8.3 10.1 5.0 2.5 2 1 2 5 5
-2909.3 4897.2 -15.6 202 0 9.9 6.9 2.5 2.5 2 0 1 1 1
-2918.2 4868.2 -15.8 202 0 7.0 13.2 2.5 2.5 2 1 1 1 1
-2918.2 4849.1 -15.8 202 0 7.1 10.2 2.5 2.5 2 1 1 0 0
-2898.4 4779.1 -14.1 22 0 7.4 13.3 2.5 2.5 2 1 1 5 5
-2931.5 4815.7 -15.5 202 0 8.5 11.9 2.5 2.5 2 1 1 3 3
-2943.5 4803.9 -15.9 202 0 6.1 5.5 2.5 2.5 2 0 1 0 0
-2944.3 4776.5 -15.7 202 0 8.3 14.6 2.5 2.5 2 1 1 2 2
-2960.6 4731.5 -15.6 202 0 7.0 10.0 2.5 2.5 2 1 1 1 1
-2973.6 4706.0 -15.1 202 0 8.7 18.0 2.5 2.5 4 1 1 0 0
-2965.0 4676.4 -14.5 22 0 7.0 12.2 2.5 2.5 2 1 1 1 1
-2978.8 4628.9 -13.7 22 0 7.8 15.7 2.5 2.5 2 1 1 0 0
-3013.1 4586.2 -13.9 202 0 6.4 14.1 2.5 2.5 2 1 1 2 2
-3010.2 4845.6 -12.0 202 0 8.0 13.1 5.0 2.5 2 1 2 2 2
-3023.6 4796.6 -11.9 202 0 9.1 13.6 5.0 2.5 2 1 2 4 4
-3040.3 4751.1 -11.3 202 0 8.8 12.1 5.0 2.5 2 1 2 3 3
-3052.8 4707.7 -10.5 202 0 8.4 10.4 5.0 2.5 4 1 2 4 4
-3068.9 4656.4 -9.5 202 0 7.8 15.1 5.0 2.5 2 1 2 3 3
-3077.0 4611.0 -9.6 202 0 9.1 11.1 5.0 2.5 2 1 2 2 2
-3094.8 4558.2 -9.9 202 0 7.1 10.2 5.0 2.5 2 1 2 0 0
-3110.7 4511.3 -10.3 115 0 18.4 14.8 5.0 2.5 2 0 2 5 5
-3095.9 4313.6 -12.0 110 0 8.2 13.0 7.5 2.5 2 1 3 1 1
-3300.3 4073.6 -14.4 293 0 13.6 10.0 5.0 2.5 2 0 2 2 2
-3237.9 4034.5 -14.2 120 0 17.0 10.3 5.0 2.5 2 0 2 2 2
-3294.7 3970.8 -14.4 209 0 11.2 11.4 5.0 2.5 2 1 2 0 0
-3314.6 3932.0 -13.1 213 0 11.0 8.2 5.0 2.5 4 0 2 5 5
-3331.2 3900.4 -12.1 206 0 8.3 11.5 5.0 2.5 2 1 2 2 2
-2932.2 1628.2 -4.5 214 0 7.9 9.6 5.0 0.0 0 1 2 2 2
-2957.7 1580.6 -4.9 201 0 9.2 11.9 5.0 2.5 2 1 2 0 0
-2967.2 1532.8 -5.2 21 0 9.2 9.5 5.0 2.5 4 1 2 2 2
-3114.2 1261.3 -3.3 209 0 9.2 10.0 5.0 2.5 2 1 2 3 3
-3210.2 1045.9 -6.8 297 0 8.3 12.4 5.0 2.5 2 1 2 3 3
-3266.5 1059.5 -5.9 119 0 11.2 7.5 2.5 2.5 2 0 1 5 5
-3233.5 985.5 -2.6 29 0 11.2 12.1 5.0 2.5 2 1 2 3 3
-3260.3 931.6 2.5 31 0 11.1 11.4 5.0 2.5 2 1 2 3 3
-4387.8 3059.8 -15.4 20 0 10.5 11.3 5.0 2.5 2 1 2 2 2
-4393.5 3043.5 -15.7 20 0 9.2 10.2 5.0 2.5 4 1 2 1 1
-4472.5 3089.5 -15.4 290 0 12.0 7.9 5.0 2.5 2 0 2 3 3
-4489.6 3057.0 -16.1 200 0 8.1 19.5 5.0 0.0 0 1 2 5 5
-4443.9 3024.1 -16.7 20 0 9.2 14.7 5.0 2.5 2 1 2 3 3
-4458.4 3003.2 -17.7 20 0 7.2 11.9 5.0 2.5 2 1 2 2 2
-4503.8 3000.0 -21.2 200 0 8.2 10.9 5.0 2.5 2 1 2 4 4
-4373.8 3016.5 -16.4 200 0 18.0 16.8 5.0 2.5 2 0 2 2 2
-4381.7 2993.9 -17.0 200 0 9.8 11.0 5.0 2.5 2 1 2 0 0
-4387.4 2983.8 -17.4 200 0 6.0 9.5 5.0 2.5 2 1 2 5 5
-4429.0 2906.3 -20.3 20 0 13.9 6.0 2.5 2.5 2 0 1 3 3
-4438.9 2890.8 -20.5 20 0 7.6 10.2 2.5 2.5 2 1 1 0 0
-4443.3 2871.0 -20.7 20 0 11.0 10.8 2.5 2.5 2 0 1 3 3
-4446.5 2856.1 -20.8 20 0 12.2 15.1 2.5 0.0 0 1 1 4 4
-4435.0 2847.4 -20.7 200 0 6.6 10.9 5.0 2.5 2 1 2 1 1
-4416.2 2886.5 -20.2 200 0 9.2 8.6 5.0 2.5 4 0 2 4 4
-4413.3 2900.6 -20.1 200 0 6.8 7.3 5.0 2.5 2 1 2 2 2
-4411.0 2914.4 -19.8 200 0 13.4 12.2 5.0 2.5 2 0 2 2 2
-4406.9 2936.8 -19.2 200 0 14.7 23.4 5.0 2.5 2 1 2 0 0
-4430.2 2960.0 -18.9 200 0 6.9 14.5 5.0 2.5 2 1 2 0 0
-4425.9 2975.6 -18.3 200 0 11.0 9.9 5.0 2.5 2 0 2 2 2
-4419.9 2992.9 -17.6 200 0 11.6 15.0 5.0 0.0 0 1 2 5 5
-4354.3 3151.4 -14.0 20 0 8.6 7.9 5.0 2.5 4 0 2 2 2
-4354.8 3137.6 -14.3 20 0 10.0 10.9 5.0 2.5 2 1 2 2 2
-4368.3 3106.9 -15.1 20 0 40.0 12.0 5.0 2.5 2 0 2 3 3
-4406.0 3029.9 -16.2 200 0 9.5 6.9 5.0 2.5 4 0 2 4 4
-4502.4 2983.1 -22.5 110 0 8.5 8.8 5.0 2.5 2 1 2 5 5
-4467.2 2980.3 -20.1 20 0 15.3 9.6 5.0 2.5 4 0 2 3 3
-4451.9 2987.0 -18.3 20 0 9.4 8.3 5.0 2.5 2 0 2 1 1
-4454.9 2968.5 -19.5 20 0 9.5 10.1 5.0 2.5 2 1 2 5 5
-4501.9 3013.3 -19.8 198 0 10.7 12.3 5.0 2.5 2 1 2 3 3
-4464.0 2928.1 -20.9 20 0 10.8 13.0 5.0 2.5 2 1 2 2 2
-4476.5 2884.8 -21.1 23 0 13.9 14.8 5.0 0.0 0 1 2 3 3
-4509.2 2866.7 -21.7 108 0 8.7 12.5 5.0 2.5 2 1 2 0 0
-4456.0 2792.2 -19.8 199 0 10.1 14.9 5.0 2.5 2 1 2 5 5
-4470.1 2739.2 -17.2 200 0 16.1 11.2 5.0 2.5 2 0 2 2 2
-4525.8 2768.8 -19.3 202 0 11.2 6.8 2.5 2.5 2 0 1 4 4
-4472.1 2794.1 -19.3 24 0 10.1 16.6 2.5 2.5 2 1 1 3 3
-4478.9 2778.0 -18.2 18 0 11.9 11.5 2.5 2.5 2 0 1 2 2
-4485.6 2749.7 -16.9 24 0 20.2 15.9 2.5 2.5 2 0 1 5 5
-4536.5 2607.9 -13.8 28 0 8.8 15.5 5.0 2.5 2 1 2 0 0
-4476.1 2579.7 -12.7 38 0 6.4 8.7 5.0 2.5 2 1 2 0 0
-4508.0 2550.2 -13.0 211 0 10.4 12.0 5.0 2.5 2 1 2 5 5
-4558.2 2457.7 -15.1 204 0 9.7 16.6 5.0 2.5 2 1 2 5 5
-4571.1 2437.4 -16.1 205 0 14.4 9.1 5.0 2.5 2 0 2 3 3
-4330.6 2139.0 -15.2 18 0 31.3 8.4 7.5 2.5 2 0 3 2 2
-4344.0 2177.4 -15.0 290 0 21.1 17.7 7.5 2.5 4 0 3 4 4
-4380.7 2155.9 -15.3 199 0 30.2 10.7 15.0 0.0 0 0 6 5 5
-4408.2 1977.9 -15.0 18 0 19.4 28.4 10.0 2.5 2 1 4 5 5
-4433.7 1941.8 -14.3 106 0 29.2 17.4 7.5 2.5 2 0 3 1 1
-4126.0 2519.2 -14.1 306 0 10.5 8.9 7.5 2.5 2 0 3 0 0
-4130.2 2502.5 -14.2 36 0 7.8 10.9 2.5 2.5 2 1 1 1 1
-4135.7 2493.7 -14.4 36 0 8.7 11.8 7.5 2.5 2 1 3 4 4
-4150.8 2482.4 -14.7 126 0 13.2 9.2 5.0 2.5 2 0 2 5 5
-4173.6 2538.3 -15.2 299 0 15.4 11.6 10.0 2.5 2 0 4 3 3
-4217.1 2553.8 -15.4 207 0 10.8 33.3 7.5 2.5 4 1 3 0 0
-4212.8 2654.1 -14.0 208 0 13.2 8.4 2.5 2.5 2 0 1 1 1
-4244.5 2668.0 -14.4 28 0 12.8 7.6 2.5 2.5 2 0 1 0 0
-2058.7 1238.7 11.6 306 0 12.5 25.8 5.0 2.5 4 1 2 1 1
-1869.4 1001.6 15.6 216 0 9.3 9.1 2.5 2.5 4 0 1 5 5
-1886.0 1016.3 16.3 306 0 10.9 10.2 2.5 2.5 4 0 1 2 2
-1916.8 1034.8 16.8 306 0 8.1 11.5 2.5 2.5 4 1 1 2 2
-1948.2 1053.3 16.7 306 0 10.1 8.9 2.5 2.5 2 0 1 3 3
-1974.3 1062.2 16.2 306 0 8.0 18.8 2.5 2.5 2 1 1 4 4
-2010.4 1091.1 14.6 306 0 8.6 18.5 2.5 2.5 2 1 1 0 0
-2036.1 1108.5 14.3 306 0 7.1 21.1 2.5 2.5 4 1 1 4 4
-2067.9 1128.1 15.1 306 0 8.6 17.4 2.5 2.5 2 1 1 1 1
-2099.2 1148.3 16.1 306 0 8.5 25.1 2.5 2.5 2 1 1 5 5
-2154.9 1096.2 18.8 36 0 9.2 13.5 2.5 0.0 0 1 1 3 3
-2168.9 1124.4 18.3 126 0 11.1 27.7 2.5 2.5 2 1 1 2 2
-2168.3 1182.3 18.9 306 0 8.3 9.8 2.5 2.5 2 1 1 2 2
-2198.2 1204.5 20.1 306 0 9.7 13.4 2.5 0.0 0 1 1 3 3
-2229.3 1223.1 20.3 306 0 9.0 8.8 2.5 2.5 2 0 1 0 0
-2263.3 1245.4 19.5 306 0 9.6 8.5 2.5 2.5 2 0 1 4 4
-2289.9 1260.5 18.8 306 0 7.2 9.7 2.5 2.5 2 1 1 1 1
-2317.5 1288.7 17.7 306 0 7.8 10.9 2.5 2.5 2 1 1 4 4
-2343.1 1305.1 16.1 306 0 9.7 8.9 2.5 0.0 0 0 1 2 2
-2370.5 1326.9 14.1 306 0 7.8 10.9 2.5 2.5 2 1 1 3 3
-2401.0 1344.0 12.2 306 0 7.1 10.0 2.5 2.5 2 1 1 2 2
-2430.2 1365.2 10.8 306 0 8.1 11.5 2.5 2.5 2 1 1 5 5
-2413.8 1405.9 11.1 126 0 8.4 11.5 2.5 2.5 2 1 1 2 2
-2379.1 1382.1 12.7 126 0 7.8 8.7 2.5 2.5 2 1 1 1 1
-2352.0 1360.1 14.3 126 0 8.1 8.1 2.5 2.5 4 0 1 0 0
-2335.1 1350.8 15.4 126 0 6.0 10.7 2.5 2.5 2 1 1 0 0
-2318.8 1338.0 16.5 126 0 8.0 14.0 2.5 2.5 2 1 1 5 5
-2291.4 1319.1 17.0 126 0 5.8 12.4 2.5 2.5 4 1 1 1 1
-2254.1 1313.1 16.6 306 0 7.6 16.9 2.5 0.0 0 1 1 3 3
-2235.6 1276.8 17.4 126 0 6.8 12.3 2.5 2.5 2 1 1 4 4
-2207.7 1256.2 17.4 126 0 9.0 11.8 2.5 2.5 2 1 1 3 3
-2179.2 1234.1 16.5 126 0 9.7 11.3 2.5 2.5 4 1 1 4 4
-2142.8 1218.3 15.7 36 0 11.6 7.8 2.5 2.5 2 0 1 0 0
-2112.1 1203.9 14.8 216 0 15.7 8.2 5.0 2.5 2 0 2 2 2
-2081.2 1177.7 14.5 126 0 7.8 11.6 5.0 0.0 0 1 2 2 2
-2047.5 1172.1 13.4 306 0 9.0 10.8 5.0 2.5 2 1 2 5 5
-2017.8 1139.4 12.1 126 0 10.6 16.6 5.0 2.5 2 1 2 3 3
-1985.9 1122.9 13.6 126 0 8.0 10.0 5.0 2.5 2 1 2 1 1
-1954.0 1106.6 16.8 126 0 7.6 8.4 5.0 2.5 2 1 2 4 4
-1923.2 1088.8 17.5 126 0 6.9 11.9 5.0 2.5 2 1 2 2 2
-1886.1 1092.1 16.9 306 0 8.0 5.9 5.0 2.5 2 0 2 5 5
-1891.6 1066.4 16.8 126 0 7.9 14.9 5.0 2.5 2 1 2 3 3
-1865.4 1047.4 16.2 126 0 9.1 9.9 5.0 2.5 2 1 2 1 1
-1832.7 1028.6 15.4 36 0 11.1 14.0 5.0 0.0 0 1 2 0 0
