822.6 -6087.4 9.1 272 0 8.6 7.2 5.0 2.5 2 0 2 4 4
729.4 -6081.3 7.4 270 0 7.7 7.2 5.0 2.5 2 0 2 0 0
700.2 -6082.8 6.5 188 0 11.4 5.5 5.0 2.5 2 0 2 5 5
711.2 -6101.1 6.6 91 0 5.7 11.0 5.0 2.5 2 1 2 4 4
772.3 -6082.5 7.3 270 0 10.1 14.6 5.0 2.5 2 1 2 3 3
798.1 -6087.0 8.4 270 0 7.7 10.1 5.0 2.5 2 1 2 3 3
843.3 -6091.4 10.0 257 0 8.2 13.5 5.0 0.0 0 1 2 0 0
993.9 -5958.8 12.2 225 0 10.3 12.0 5.0 2.5 2 1 2 1 1
995.3 -6007.8 12.8 45 0 9.5 10.7 5.0 2.5 2 1 2 4 4
974.3 -6029.2 12.1 45 0 8.8 16.8 5.0 2.5 2 1 2 2 2
973.4 -5978.8 11.8 225 0 8.6 8.2 5.0 2.5 2 0 2 4 4
950.9 -5997.9 11.2 225 0 6.1 11.1 5.0 2.5 2 1 2 3 3
927.0 -6022.3 10.7 225 0 5.9 10.5 5.0 2.5 2 1 2 5 5
949.9 -6048.1 11.6 45 0 5.9 12.6 5.0 2.5 2 1 2 3 3
924.3 -6073.6 11.6 45 0 9.0 12.4 5.0 2.5 2 1 2 0 0
899.6 -6048.1 10.5 225 0 7.1 9.2 5.0 2.5 2 1 2 1 1
882.0 -6063.9 10.5 225 0 5.7 8.6 5.0 0.0 0 1 2 2 2
905.8 -6095.5 11.7 45 0 6.9 11.1 5.0 2.5 2 1 2 4 4
889.8 -6109.5 11.6 45 0 7.8 11.6 5.0 0.0 0 1 2 1 1
863.9 -6080.4 10.4 225 0 8.0 8.2 5.0 2.5 4 1 2 2 2
1017.6 -5931.1 12.7 241 0 6.9 15.9 5.0 2.5 2 1 2 3 3
1040.6 -5919.0 15.8 241 0 8.6 10.3 5.0 2.5 2 1 2 5 5
1066.3 -5902.3 19.6 241 0 8.6 15.3 5.0 2.5 2 1 2 3 3
972.5 -5923.8 11.1 241 0 6.3 12.9 5.0 2.5 2 1 2 0 0
951.2 -5936.9 9.9 241 0 7.5 10.2 5.0 2.5 2 1 2 0 0
930.1 -5947.1 9.2 241 0 7.6 14.1 5.0 2.5 2 1 2 5 5
914.0 -5996.2 9.2 61 0 6.7 9.2 5.0 2.5 2 1 2 4 4
908.1 -5960.6 8.5 241 0 6.6 10.3 5.0 2.5 4 1 2 1 1
885.6 -5972.2 7.8 241 0 6.4 9.4 5.0 2.5 2 1 2 5 5
893.9 -6007.6 8.6 61 0 8.9 9.0 5.0 2.5 2 1 2 1 1
870.2 -6021.0 8.2 61 0 6.2 10.9 5.0 2.5 2 1 2 2 2
863.8 -5981.8 7.3 241 0 6.8 12.6 5.0 2.5 2 1 2 4 4
842.2 -5994.8 7.0 241 0 6.1 11.9 5.0 2.5 4 1 2 0 0
839.4 -6014.3 7.5 241 0 6.5 19.5 5.0 2.5 2 1 2 4 4
827.3 -6043.7 7.6 61 0 6.3 9.8 5.0 2.5 2 1 2 3 3
820.2 -6006.8 6.6 241 0 6.3 15.5 5.0 2.5 2 1 2 0 0
799.0 -6020.7 6.4 241 0 7.3 13.0 5.0 2.5 2 1 2 1 1
784.6 -6041.3 6.1 61 0 7.6 12.8 5.0 2.5 2 1 2 0 0
819.5 -5945.1 4.8 241 0 9.1 19.4 5.0 2.5 2 1 2 3 3
799.8 -5960.9 5.2 241 0 6.8 13.2 5.0 2.5 2 1 2 0 0
774.5 -5970.2 5.9 241 0 5.8 14.5 5.0 2.5 2 1 2 5 5
742.7 -6008.5 6.5 151 0 8.9 17.9 5.0 2.5 2 1 2 1 1
777.3 -6012.3 6.1 61 0 5.3 14.8 5.0 2.5 2 1 2 3 3
800.8 -5999.9 5.6 61 0 6.2 13.9 5.0 2.5 2 1 2 5 5
823.2 -5987.8 5.7 61 0 7.7 9.3 5.0 2.5 2 1 2 2 2
846.8 -5975.6 5.8 61 0 5.4 15.7 5.0 2.5 2 1 2 4 4
866.9 -5962.4 6.3 61 0 8.1 11.2 5.0 2.5 2 1 2 5 5
890.6 -5952.0 7.1 61 0 6.7 13.6 5.0 2.5 2 1 2 2 2
910.3 -5938.6 7.8 61 0 7.8 10.7 5.0 2.5 2 1 2 3 3
931.8 -5928.0 9.1 61 0 6.1 13.3 5.0 0.0 0 1 2 3 3
954.2 -5918.9 10.6 61 0 8.0 12.3 5.0 2.5 4 1 2 3 3
976.0 -5905.4 12.5 61 0 6.9 12.2 5.0 2.5 2 1 2 1 1
995.6 -5892.7 14.2 61 0 6.4 12.4 5.0 2.5 2 1 2 3 3
1016.2 -5881.3 15.8 61 0 6.7 11.2 5.0 2.5 2 1 2 4 4
1037.8 -5870.1 18.8 61 0 7.3 12.3 5.0 2.5 2 1 2 1 1
1057.9 -5857.7 21.8 61 0 7.9 14.0 5.0 2.5 4 1 2 3 3
1036.6 -5846.3 20.4 61 0 4.5 12.8 5.0 2.5 2 1 2 1 1
1017.2 -5857.2 17.3 61 0 9.0 11.7 5.0 2.5 2 1 2 4 4
995.0 -5867.7 15.7 61 0 8.4 14.4 5.0 2.5 2 1 2 4 4
974.9 -5878.5 14.2 61 0 5.8 11.4 5.0 2.5 4 1 2 5 5
951.9 -5890.5 12.4 61 0 8.0 12.3 5.0 2.5 2 1 2 1 1
925.7 -5891.7 10.8 241 0 5.6 11.5 5.0 2.5 2 1 2 0 0
904.2 -5905.4 9.1 241 0 5.4 9.3 5.0 2.5 2 1 2 2 2
885.9 -5913.9 7.5 241 0 8.5 12.6 5.0 2.5 2 1 2 3 3
863.7 -5926.7 6.1 241 0 8.4 10.7 5.0 2.5 2 1 2 2 2
842.6 -5937.9 5.2 241 0 6.7 13.0 5.0 2.5 2 1 2 4 4
882.4 -5891.4 9.2 61 0 5.7 10.5 5.0 2.5 2 1 2 2 2
862.0 -5902.7 7.6 61 0 5.8 10.7 5.0 2.5 2 1 2 0 0
840.6 -5915.6 5.9 61 0 4.2 16.0 5.0 2.5 2 1 2 2 2
819.4 -5926.2 5.0 61 0 6.0 11.7 5.0 0.0 0 1 2 5 5
797.7 -5939.7 5.4 61 0 5.7 16.9 5.0 2.5 2 1 2 2 2
779.8 -5948.4 5.9 61 0 5.4 15.0 5.0 0.0 0 1 2 4 4
754.3 -5962.4 6.5 61 0 8.1 9.1 5.0 2.5 2 1 2 4 4
616.3 -5786.7 8.3 77 0 14.3 10.1 5.0 0.0 0 0 2 5 5
-88.3 -5780.5 -3.9 113 0 20.0 11.0 5.0 2.5 2 0 2 3 3
-18.1 -5789.8 -5.5 290 0 18.9 14.2 5.0 2.5 2 0 2 1 1
239.8 -5731.6 2.1 115 0 9.7 17.3 7.5 2.5 2 1 3 3 3
194.5 -5666.3 -0.6 203 0 9.1 15.3 7.5 0.0 0 1 3 4 4
213.5 -5688.8 0.6 293 0 14.1 10.0 7.5 2.5 2 0 3 3 3
197.6 -5733.8 -0.3 26 0 8.9 11.5 7.5 2.5 2 1 3 2 2
172.0 -5707.5 -1.1 204 0 17.6 11.8 7.5 2.5 2 0 3 2 2
140.0 -5746.8 -1.4 115 0 13.9 8.5 5.0 2.5 2 0 2 4 4
111.7 -5746.2 -2.0 121 0 8.0 12.8 5.0 2.5 2 1 2 4 4
62.0 -5730.6 -3.4 182 0 18.2 11.4 7.5 2.5 2 0 3 3 3
-8.1 -5642.0 -5.7 245 0 6.8 10.3 2.5 0.0 0 1 1 3 3
3.7 -5635.8 -5.5 245 0 7.0 9.9 2.5 2.5 4 1 1 2 2
15.6 -5629.8 -5.4 245 0 6.8 10.3 2.5 2.5 2 1 1 1 1
28.6 -5624.1 -5.2 245 0 7.0 9.9 2.5 2.5 2 1 1 5 5
40.2 -5619.3 -5.0 245 0 6.8 10.3 2.5 2.5 2 1 1 1 1
42.6 -5585.6 -5.3 65 0 7.0 9.9 5.0 2.5 4 1 2 4 4
32.8 -5563.2 -5.5 245 0 6.8 10.3 5.0 2.5 2 1 2 3 3
30.8 -5591.9 -5.5 65 0 7.0 9.9 5.0 2.5 4 1 2 1 1
20.9 -5569.5 -5.6 245 0 6.8 10.3 5.0 2.5 2 1 2 3 3
19.2 -5597.6 -5.6 65 0 7.0 9.9 5.0 2.5 2 1 2 0 0
9.4 -5575.2 -5.8 245 0 6.8 10.3 5.0 2.5 2 1 2 2 2
-31.4 -5596.3 -6.4 155 0 10.3 6.8 5.0 2.5 2 0 2 5 5
-20.7 -5612.6 -6.2 65 0 7.0 9.9 5.0 2.5 2 1 2 3 3
-151.0 -5656.7 -8.8 66 0 11.0 12.7 5.0 2.5 2 1 2 5 5
-176.6 -5635.9 -10.0 327 0 7.1 13.1 5.0 2.5 2 1 2 3 3
-209.4 -5642.3 -10.0 215 0 8.3 6.4 5.0 0.0 0 0 2 3 3
-1253.4 -3500.4 -0.7 154 0 20.8 22.0 2.5 2.5 2 1 1 5 5
-1283.2 -3459.5 -3.2 155 0 14.9 12.1 5.0 2.5 2 0 2 5 5
-1271.5 -3501.7 1.2 330 0 14.8 8.0 5.0 0.0 0 0 2 1 1
-1296.2 -3503.4 1.7 247 0 15.4 8.9 5.0 2.5 2 0 2 3 3
-1301.9 -3460.3 -4.6 322 0 21.8 8.2 2.5 2.5 2 0 1 0 0
-1333.9 -3488.2 -4.7 50 0 7.9 7.4 2.5 2.5 2 0 1 1 1
-1344.8 -3498.5 -5.3 54 0 8.2 12.8 2.5 2.5 2 1 1 4 4
-1505.2 -3194.5 7.5 314 0 8.6 16.4 2.5 2.5 4 1 1 4 4
-1480.8 -3264.6 8.6 45 0 11.4 58.0 2.5 2.5 2 1 1 2 2
-1720.1 -2996.9 -5.1 281 0 26.2 9.8 5.0 0.0 0 0 2 0 0
-1662.2 -3014.2 -5.4 269 0 7.7 12.8 5.0 2.5 2 1 2 3 3
-1613.3 -3081.3 -3.4 215 0 17.7 7.6 5.0 2.5 2 0 2 0 0
-1642.0 -3056.2 -4.3 35 0 6.1 5.2 5.0 2.5 2 0 2 4 4
-1632.2 -3063.6 -4.0 35 0 14.5 10.9 5.0 2.5 2 0 2 3 3
-1669.8 -3118.8 -2.4 35 0 11.0 7.5 5.0 2.5 2 0 2 0 0
-1680.9 -3131.8 -2.0 35 0 8.5 12.2 5.0 2.5 2 1 2 5 5
-1688.9 -3144.3 -1.4 35 0 10.5 11.5 5.0 2.5 4 1 2 1 1
-1699.3 -3159.3 -1.0 35 0 8.6 7.1 5.0 2.5 2 0 2 3 3
-1706.8 -3172.9 -0.6 35 0 11.2 16.1 5.0 2.5 2 1 2 5 5
-1715.8 -3188.1 0.0 35 0 8.2 11.3 5.0 2.5 2 1 2 1 1
-1728.1 -3198.2 1.3 35 0 7.6 9.9 5.0 2.5 2 1 2 0 0
-1736.6 -3210.8 1.9 35 0 8.4 10.5 5.0 2.5 2 1 2 3 3
-1744.8 -3224.7 2.3 35 0 10.4 7.6 5.0 0.0 0 0 2 2 2
-1756.1 -3237.9 2.7 35 0 8.2 7.7 5.0 0.0 0 0 2 2 2
-1760.8 -3252.5 2.8 35 0 6.1 13.5 5.0 2.5 2 1 2 4 4
-1773.1 -3264.6 3.5 35 0 8.6 15.4 5.0 2.5 2 1 2 5 5
-1779.6 -3278.7 3.4 35 0 9.5 17.3 5.0 2.5 2 1 2 3 3
-1789.2 -3291.9 2.5 35 0 8.9 18.0 5.0 0.0 0 1 2 5 5
-1641.5 -3120.6 -2.2 215 0 10.0 10.8 5.0 2.5 2 1 2 0 0
-1658.6 -3145.8 -1.5 215 0 10.4 12.3 5.0 2.5 2 1 2 2 2
-1668.8 -3159.1 -1.2 215 0 12.1 16.9 5.0 2.5 2 1 2 5 5
-1677.6 -3172.9 -0.7 215 0 10.4 14.9 5.0 2.5 2 1 2 4 4
-1687.0 -3186.0 -0.4 215 0 9.7 10.3 5.0 2.5 2 1 2 3 3
-1697.5 -3199.0 -0.2 215 0 8.0 15.1 5.0 2.5 2 1 2 2 2
-1705.9 -3211.1 -0.9 215 0 11.8 15.3 5.0 2.5 2 1 2 5 5
-1715.1 -3228.2 -1.0 215 0 8.8 13.1 5.0 2.5 4 1 2 5 5
-1727.0 -3242.4 -0.0 215 0 9.8 9.9 5.0 2.5 4 1 2 3 3
-1735.6 -3254.9 0.7 215 0 8.4 12.6 5.0 2.5 4 1 2 4 4
-1742.1 -3267.0 1.3 215 0 8.8 13.1 5.0 2.5 2 1 2 0 0
-1750.9 -3278.7 2.0 215 0 11.7 16.5 5.0 2.5 2 1 2 4 4
-1648.8 -3233.7 -4.3 35 0 8.3 10.6 5.0 2.5 2 1 2 0 0
-1658.1 -3247.6 -4.3 35 0 8.3 10.6 5.0 2.5 2 1 2 1 1
-1631.0 -3204.5 -2.9 35 0 8.3 10.6 5.0 2.5 2 1 2 5 5
-1612.0 -3175.0 -2.0 305 0 10.6 8.3 5.0 2.5 2 0 2 5 5
-1684.5 -3286.0 -1.9 35 0 8.3 10.6 5.0 2.5 2 1 2 2 2
-1649.6 -3212.9 -3.6 215 0 8.3 10.6 5.0 2.5 2 1 2 1 1
-1694.4 -3299.4 -0.9 35 0 8.3 10.6 5.0 2.5 2 1 2 5 5
-1711.9 -3315.8 0.3 125 0 10.6 8.3 5.0 2.5 2 0 2 0 0
-1639.9 -3273.9 -3.0 35 0 8.3 10.6 5.0 2.5 4 1 2 3 3
-1618.9 -3243.6 -1.7 35 0 8.3 10.6 5.0 2.5 2 1 2 0 0
-1628.8 -3258.2 -2.3 35 0 8.3 10.6 5.0 2.5 4 1 2 5 5
-1649.8 -3288.4 -3.4 35 0 8.3 10.6 5.0 2.5 4 1 2 5 5
-1659.8 -3303.0 -3.0 35 0 8.3 10.6 5.0 2.5 2 1 2 0 0
-1669.7 -3317.6 -2.1 35 0 8.3 10.6 5.0 2.5 2 1 2 3 3
-1679.2 -3334.2 -1.0 35 0 8.3 10.6 5.0 2.5 2 1 2 1 1
-1689.1 -3348.7 0.0 35 0 8.3 10.6 5.0 2.5 2 1 2 5 5
-5380.3 -1845.4 -12.3 92 0 9.2 18.8 2.5 2.5 2 1 1 2 2
-5367.7 -1772.9 -11.8 91 0 10.7 13.1 5.0 2.5 2 1 2 0 0
-5370.3 -1740.1 -11.1 272 0 7.8 15.5 5.0 0.0 0 1 2 0 0
-5426.0 -1735.5 -11.6 267 0 12.0 12.2 5.0 2.5 2 1 2 2 2
-5412.4 -1829.2 -11.7 272 0 7.8 11.0 2.5 2.5 4 1 1 0 0
-5438.3 -1827.5 -11.4 272 0 9.2 11.6 2.5 2.5 2 1 1 2 2
-5464.4 -1826.9 -10.6 289 0 8.5 8.5 2.5 2.5 4 0 1 2 2
-5442.0 -1773.4 -13.3 91 0 7.8 12.2 5.0 2.5 2 1 2 2 2
-5462.1 -1729.1 -12.0 268 0 7.3 15.5 5.0 2.5 2 1 2 3 3
-5494.9 -1819.9 -11.4 283 0 7.6 11.9 2.5 2.5 2 1 1 1 1
-5524.3 -1815.7 -12.3 282 0 8.7 11.3 2.5 2.5 2 1 1 1 1
-5555.2 -1808.8 -12.3 280 0 9.7 10.3 2.5 2.5 2 1 1 4 4
-5521.7 -1721.8 -14.1 277 0 10.9 14.1 5.0 2.5 2 1 2 3 3
-5567.8 -1716.7 -14.5 279 0 7.5 14.8 5.0 2.5 2 1 2 4 4
-5614.0 -1710.7 -15.1 278 0 8.8 18.7 5.0 2.5 2 1 2 5 5
-5669.5 -1704.3 -16.1 268 0 7.9 23.0 5.0 2.5 2 1 2 1 1
-5579.9 -1803.0 -12.2 287 0 9.4 11.0 2.5 2.5 2 1 1 1 1
-5620.7 -1795.4 -12.4 287 0 8.6 14.8 2.5 0.0 0 1 1 1 1
-5646.9 -1786.8 -13.1 287 0 10.2 11.5 2.5 0.0 0 1 1 0 0
-5676.0 -1778.7 -13.7 287 0 8.3 12.5 2.5 2.5 2 1 1 4 4
-5709.5 -1771.6 -15.5 287 0 8.4 13.4 2.5 0.0 0 1 1 3 3
-5736.9 -1707.9 -18.0 0 0 8.7 7.4 2.5 2.5 2 0 1 4 4
-5743.3 -1771.6 -15.7 270 0 8.0 8.9 2.5 2.5 2 1 1 5 5
-5774.2 -1766.8 -16.6 270 0 9.5 10.1 2.5 2.5 2 1 1 1 1
-5789.9 -1765.3 -16.9 270 0 11.9 9.0 2.5 2.5 2 0 1 3 3
-5812.9 -1759.6 -17.5 270 0 8.6 11.6 2.5 2.5 2 1 1 4 4
-5789.9 -1697.3 -18.7 270 0 10.1 14.6 2.5 2.5 2 1 1 1 1
-5840.2 -1714.6 -19.1 90 0 8.0 15.8 2.5 0.0 0 1 1 1 1
-5845.8 -1757.1 -17.3 273 0 8.6 12.5 2.5 2.5 2 1 1 3 3
-5869.5 -1758.9 -17.1 268 0 6.8 10.1 2.5 2.5 2 1 1 5 5
-5890.3 -1696.8 -18.5 266 0 6.7 9.9 2.5 2.5 2 1 1 2 2
-5944.8 -1696.6 -17.7 268 0 7.3 9.6 2.5 2.5 2 1 1 3 3
-5917.0 -1785.8 -16.7 86 0 20.3 13.2 2.5 2.5 2 0 1 2 2
-5946.5 -1782.3 -16.5 87 0 9.2 10.2 2.5 2.5 2 1 1 5 5
-5978.8 -1783.3 -16.2 92 0 5.1 8.7 2.5 2.5 2 1 1 0 0
-6003.8 -1787.2 -16.1 83 0 8.0 11.7 2.5 2.5 2 1 1 3 3
-5995.9 -1695.7 -17.0 268 0 8.9 10.7 2.5 2.5 2 1 1 2 2
-6043.7 -1691.8 -16.7 274 0 6.4 14.1 2.5 0.0 0 1 1 5 5
-6072.6 -1769.0 -15.7 271 0 9.6 12.5 2.5 2.5 2 1 1 4 4
-6040.0 -1773.0 -15.9 266 0 10.1 13.5 2.5 0.0 0 1 1 1 1
-6093.1 -1687.1 -16.4 281 0 6.6 21.0 2.5 2.5 2 1 1 0 0
-6117.4 -1759.8 -15.6 281 0 10.9 9.3 2.5 2.5 2 0 1 3 3
-6154.0 -1756.3 -15.5 281 0 9.9 9.8 2.5 2.5 2 0 1 2 2
-6175.9 -1744.7 -15.5 281 0 9.3 14.6 2.5 0.0 0 1 1 4 4
-6150.7 -1690.7 -18.1 296 0 9.5 12.5 2.5 2.5 2 1 1 2 2
-6177.4 -1696.9 -19.9 116 0 7.7 13.4 2.5 0.0 0 1 1 5 5
-6206.9 -1694.5 -22.1 116 0 10.6 14.4 2.5 0.0 0 1 1 3 3
-6232.7 -1690.5 -23.4 116 0 8.6 8.8 2.5 2.5 2 1 1 5 5
-6257.2 -1684.6 -26.0 116 0 8.8 13.2 2.5 2.5 2 1 1 2 2
-6282.1 -1681.1 -26.7 116 0 6.8 9.9 2.5 2.5 2 1 1 3 3
-6300.0 -1674.9 -27.3 116 0 9.9 13.0 2.5 2.5 2 1 1 2 2
-6322.2 -1660.0 -27.6 116 0 13.8 9.0 2.5 2.5 2 0 1 1 1
-6349.7 -1656.9 -27.9 116 0 10.6 8.1 2.5 2.5 2 0 1 3 3
-6381.1 -1639.0 -27.8 206 0 9.6 9.9 2.5 2.5 4 1 1 3 3
-6278.0 -1730.3 -19.1 284 0 6.7 8.9 2.5 2.5 4 1 1 0 0
-6237.1 -1741.8 -16.9 286 0 26.6 11.5 2.5 2.5 2 0 1 1 1
-6294.0 -1725.5 -20.1 297 0 8.1 16.0 2.5 2.5 2 1 1 3 3
-6316.8 -1718.8 -21.8 297 0 8.7 12.2 2.5 0.0 0 1 1 4 4
-6367.9 -1702.7 -26.3 298 0 7.7 13.0 2.5 2.5 2 1 1 2 2
-6390.4 -1693.3 -27.7 297 0 8.4 9.7 2.5 2.5 2 1 1 4 4
-6425.3 -1702.8 -26.1 117 0 7.4 13.6 2.5 2.5 2 1 1 2 2
-6457.4 -1656.6 -25.5 298 0 8.4 9.7 2.5 2.5 2 1 1 5 5
-6442.1 -1602.4 -26.6 32 0 9.1 14.1 2.5 2.5 2 1 1 2 2
-6536.8 -1432.1 -27.5 90 0 7.4 8.1 2.5 2.5 2 1 1 0 0
5200.5 3846.6 19.8 125 0 5.4 7.7 2.5 2.5 4 1 1 5 5
5228.1 3868.1 21.1 319 0 4.9 14.1 2.5 2.5 2 1 1 3 3
