648.0 -348.0 -10.3 117 0 8.6 14.5 2.5 2.5 2 1 1 5 5
-346.3 -307.0 -20.0 29 0 6.5 10.1 2.5 2.5 2 1 1 1 1
-434.8 -489.5 -14.2 27 0 10.4 12.8 2.5 2.5 2 1 1 3 3
-407.2 -503.2 -14.9 208 0 10.9 14.3 5.0 2.5 2 1 2 0 0
-578.8 -869.3 -16.4 295 0 13.5 13.5 5.0 0.0 0 0 2 1 1
-625.3 -742.8 -19.0 29 0 9.7 10.1 2.5 2.5 2 1 1 4 4
-641.0 -773.1 -20.0 26 0 10.5 9.9 2.5 2.5 2 0 1 4 4
-674.1 -753.8 -20.9 209 0 10.5 13.8 2.5 2.5 2 1 1 2 2
-656.9 -787.7 -20.7 26 0 13.9 9.9 2.5 2.5 2 0 1 0 0
-694.7 -926.7 -15.0 211 0 10.0 10.8 2.5 2.5 2 1 1 3 3
-710.1 -911.2 -15.6 36 0 7.7 4.9 2.5 2.5 2 0 1 0 0
-696.2 -886.9 -17.3 30 0 10.2 13.0 2.5 0.0 0 1 1 4 4
-706.3 -860.9 -18.4 209 0 8.0 10.8 2.5 2.5 2 1 1 3 3
-670.4 -841.7 -20.6 27 0 9.9 14.8 2.5 2.5 2 1 1 0 0
-655.6 -847.6 -20.9 205 0 8.4 8.0 2.5 2.5 2 0 1 5 5
-617.9 -888.5 -19.5 28 0 12.3 16.1 2.5 2.5 2 1 1 1 1
-632.3 -900.9 -18.1 27 0 9.2 9.7 2.5 2.5 2 1 1 3 3
-655.8 -868.0 -19.5 209 0 7.7 10.5 2.5 2.5 2 1 1 5 5
-622.9 -784.3 -19.1 208 0 11.0 13.2 2.5 2.5 2 1 1 1 1
-616.5 -767.5 -18.1 206 0 9.9 11.0 2.5 2.5 2 1 1 0 0
-576.9 -791.4 -16.8 27 0 18.3 8.6 2.5 2.5 2 0 1 3 3
-465.0 -563.9 -14.4 24 0 9.3 20.0 2.5 2.5 2 1 1 2 2
-469.6 -577.8 -14.5 18 0 10.7 14.5 2.5 2.5 2 1 1 2 2
-274.8 -354.4 -17.4 300 0 13.4 25.8 5.0 2.5 2 1 2 4 4
-348.5 -420.1 -19.1 209 0 25.3 10.2 5.0 2.5 2 0 2 5 5
-365.1 -450.1 -17.7 208 0 33.3 10.7 5.0 2.5 2 0 2 3 3
-331.5 -446.0 -18.6 29 0 28.7 11.6 5.0 2.5 2 0 2 5 5
18.0 310.1 -9.8 301 0 13.4 9.9 5.0 2.5 2 0 2 0 0
9.9 285.0 -9.7 122 0 20.2 11.6 5.0 2.5 2 0 2 2 2
-84.8 106.9 -11.6 302 0 8.2 11.1 2.5 2.5 4 1 1 5 5
-91.8 147.9 -13.8 121 0 11.5 9.1 5.0 2.5 2 0 2 4 4
-123.1 222.7 -19.3 31 0 9.6 14.7 5.0 2.5 2 1 2 3 3
-114.8 197.5 -16.1 212 0 12.6 14.4 5.0 2.5 2 1 2 2 2
-102.0 228.9 -16.4 211 0 9.4 12.2 5.0 2.5 2 1 2 5 5
-59.6 320.0 -15.8 211 0 12.1 12.7 5.0 2.5 2 1 2 5 5
-80.7 281.8 -16.1 212 0 8.5 8.4 5.0 2.5 2 0 2 3 3
-110.7 288.0 -20.2 31 0 10.4 6.7 5.0 2.5 2 0 2 4 4
-87.0 312.6 -19.2 31 0 10.5 9.5 5.0 2.5 2 0 2 0 0
-95.0 295.8 -19.7 31 0 10.5 13.1 5.0 2.5 2 1 2 4 4
-110.1 364.1 -23.8 301 0 6.8 13.9 5.0 2.5 2 1 2 0 0
-81.5 419.5 -24.9 121 0 8.9 12.6 5.0 2.5 2 1 2 1 1
-60.1 470.0 -24.7 212 0 9.4 11.9 5.0 2.5 2 1 2 5 5
-66.2 357.2 -19.3 32 0 9.8 9.5 5.0 2.5 2 0 2 5 5
-30.6 380.0 -15.9 211 0 12.0 9.7 5.0 2.5 2 0 2 2 2
-53.0 386.1 -20.0 32 0 10.4 9.5 5.0 2.5 2 0 2 1 1
-35.5 423.1 -20.3 31 0 10.3 7.8 5.0 2.5 2 0 2 5 5
-24.3 439.1 -21.4 31 0 13.3 21.2 5.0 0.0 0 1 2 0 0
-17.7 461.5 -19.8 31 0 11.8 10.5 5.0 2.5 2 0 2 3 3
-8.0 480.7 -19.1 31 0 12.2 7.7 5.0 2.5 2 0 2 0 0
0.6 454.8 -15.9 211 0 8.4 11.2 5.0 2.5 2 1 2 5 5
64.6 480.4 -14.4 31 0 11.6 11.6 5.0 2.5 2 0 2 5 5
22.5 503.8 -15.8 211 0 10.6 17.7 5.0 2.5 4 1 2 0 0
32.3 526.4 -15.9 212 0 12.3 15.0 5.0 2.5 2 1 2 3 3
10.5 519.2 -17.8 31 0 10.4 12.1 5.0 2.5 2 1 2 1 1
18.2 538.7 -17.3 31 0 11.1 13.7 5.0 2.5 2 1 2 5 5
26.3 556.7 -18.0 31 0 8.0 11.3 5.0 2.5 4 1 2 2 2
5317.6 6256.1 4.8 152 0 17.8 12.1 2.5 2.5 2 0 1 0 0
5310.8 6149.5 1.8 206 0 10.8 45.0 12.5 2.5 2 1 5 0 0
5353.2 6078.0 0.7 117 0 44.5 12.8 15.0 0.0 0 0 6 2 2
3048.7 2139.3 -6.7 14 0 7.7 10.7 5.0 2.5 2 1 2 0 0
3063.0 2151.9 -7.1 19 0 7.3 13.0 5.0 2.5 2 1 2 2 2
3055.5 2166.0 -7.4 6 0 5.7 8.6 5.0 2.5 2 1 2 2 2
3058.8 2189.8 -6.8 19 0 6.6 9.6 5.0 2.5 2 1 2 2 2
3063.8 2221.1 -6.4 0 0 11.3 8.3 5.0 2.5 2 0 2 3 3
3079.4 2282.8 -5.8 355 0 6.3 16.6 5.0 0.0 0 1 2 1 1
3085.5 2312.7 -5.5 5 0 6.6 9.7 5.0 2.5 2 1 2 1 1
3073.8 2347.4 -4.5 195 0 7.1 12.7 5.0 0.0 0 1 2 4 4
3097.0 2353.9 -5.5 18 0 13.6 6.3 5.0 2.5 2 0 2 3 3
3093.8 2376.9 -4.5 18 0 7.2 9.8 5.0 2.5 2 1 2 4 4
3100.9 2408.7 -4.5 18 0 6.9 9.9 5.0 2.5 2 1 2 5 5
3107.1 2417.5 -5.1 18 0 7.3 11.1 5.0 2.5 2 1 2 1 1
3109.2 2434.0 -4.9 18 0 7.2 13.6 5.0 0.0 0 1 2 1 1
3117.7 2457.9 -5.3 18 0 7.7 13.4 5.0 2.5 2 1 2 1 1
3122.1 2484.0 -5.2 18 0 7.9 8.1 5.0 0.0 0 1 2 0 0
3125.7 2513.7 -5.7 288 0 14.6 8.3 5.0 0.0 0 0 2 4 4
3190.7 2510.8 -3.4 302 0 7.8 9.5 5.0 2.5 2 1 2 3 3
3179.3 2494.5 -3.3 205 0 5.6 8.2 5.0 2.5 2 1 2 4 4
3173.3 2468.4 -3.1 192 0 7.3 18.2 5.0 2.5 2 1 2 5 5
3167.5 2449.8 -4.0 191 0 6.4 14.6 5.0 2.5 2 1 2 1 1
3160.7 2422.8 -5.4 189 0 7.3 13.0 5.0 2.5 2 1 2 3 3
3155.5 2400.2 -6.7 204 0 8.1 9.6 5.0 0.0 0 1 2 4 4
3143.6 2366.7 -8.7 195 0 8.0 12.7 5.0 2.5 2 1 2 1 1
3116.2 2283.6 -10.3 206 0 8.3 13.8 5.0 2.5 2 1 2 1 1
3116.7 2209.0 -5.2 280 0 12.4 5.4 5.0 2.5 2 0 2 3 3
3121.4 2177.6 -3.0 14 0 9.8 9.6 5.0 2.5 2 0 2 5 5
3113.2 2152.4 -2.0 22 0 7.4 9.4 5.0 2.5 2 1 2 2 2
3110.7 2129.0 -1.5 10 0 7.0 10.6 5.0 2.5 2 1 2 3 3
3111.6 2100.0 -1.9 17 0 8.4 13.7 5.0 2.5 4 1 2 2 2
3100.8 2077.3 -2.3 19 0 7.5 9.4 5.0 2.5 2 1 2 5 5
3091.5 2051.2 -2.9 29 0 6.1 9.4 5.0 2.5 2 1 2 0 0
3076.2 2035.0 -3.7 127 0 10.6 5.7 5.0 2.5 2 0 2 3 3
2926.0 1689.4 -10.3 208 0 10.1 16.5 5.0 2.5 2 1 2 2 2
2879.4 1543.3 -13.0 213 0 9.6 18.5 7.5 2.5 2 1 3 5 5
2817.9 1370.6 -11.9 303 0 12.5 10.7 5.0 0.0 0 0 2 4 4
2797.0 1309.9 -11.9 33 0 7.6 11.7 7.5 2.5 2 1 3 1 1
2781.7 1277.7 -11.8 33 0 9.7 13.2 7.5 2.5 2 1 3 0 0
2743.9 1220.9 -13.0 213 0 10.5 11.2 7.5 2.5 2 1 3 3 3
2698.3 1162.9 -13.1 213 0 9.7 15.3 5.0 2.5 2 1 2 2 2
2664.4 1093.7 -13.2 213 0 8.2 9.0 5.0 2.5 4 1 2 4 4
3343.1 454.1 -14.3 182 0 9.0 8.0 5.0 2.5 2 0 2 2 2
3386.0 501.7 -14.1 272 0 8.7 4.5 5.0 2.5 2 0 2 5 5
3421.7 492.2 -14.2 272 0 7.4 9.0 7.5 0.0 0 1 3 3 3
3423.3 446.1 -14.4 2 0 14.4 8.6 5.0 0.0 0 0 2 5 5
3393.9 451.0 -14.3 92 0 7.1 8.9 7.5 2.5 4 1 3 2 2
3194.7 447.1 -13.8 182 0 11.0 12.6 2.5 2.5 2 1 1 3 3
3199.7 409.7 -13.6 92 0 11.7 10.9 2.5 2.5 2 0 1 2 2
3143.0 378.2 -13.6 2 0 8.1 8.6 2.5 2.5 2 1 1 1 1
3118.0 420.6 -13.7 182 0 14.7 8.6 2.5 2.5 4 0 1 3 3
3129.6 452.4 -13.9 2 0 15.3 10.1 2.5 2.5 2 0 1 3 3
3131.1 469.8 -14.0 2 0 11.1 8.2 2.5 2.5 2 0 1 0 0
3136.2 517.0 -13.7 2 0 10.8 10.0 2.5 2.5 2 0 1 1 1
3136.8 541.5 -13.5 2 0 8.4 8.0 2.5 2.5 2 0 1 3 3
3138.2 567.5 -13.4 2 0 10.8 8.8 2.5 2.5 2 0 1 4 4
3211.7 570.1 -13.8 272 0 11.1 12.1 2.5 2.5 2 1 1 2 2
3203.2 533.7 -13.6 182 0 20.6 8.4 2.5 0.0 0 0 1 4 4
3215.7 512.0 -13.5 2 0 11.3 15.1 2.5 2.5 2 1 1 2 2
3140.9 626.8 -13.9 114 0 32.0 9.7 2.5 2.5 2 0 1 5 5
3080.5 612.6 -13.5 282 0 8.0 10.1 2.5 2.5 2 1 1 2 2
2991.3 701.7 -13.8 123 0 7.4 11.0 5.0 0.0 0 1 2 0 0
2950.3 727.5 -15.4 113 0 9.2 11.6 5.0 2.5 2 1 2 5 5
2962.9 677.3 -13.9 293 0 7.5 10.7 2.5 2.5 2 1 1 3 3
2994.8 663.4 -13.6 295 0 6.6 15.7 2.5 2.5 2 1 1 2 2
2820.1 756.1 -12.3 295 0 7.0 12.1 2.5 2.5 2 1 1 0 0
2824.2 793.7 -12.1 119 0 9.9 6.8 5.0 2.5 2 0 2 4 4
2737.6 833.9 -12.9 123 0 6.7 10.3 5.0 2.5 2 1 2 5 5
2750.7 778.8 -12.4 26 0 10.9 12.5 5.0 2.5 2 1 2 5 5
2616.2 892.4 -14.8 117 0 6.6 12.7 5.0 2.5 2 1 2 0 0
2572.7 865.6 -13.9 300 0 10.9 7.2 5.0 2.5 4 0 2 4 4
2666.7 826.3 -14.1 304 0 7.8 12.6 5.0 2.5 2 1 2 5 5
2516.9 936.8 -14.2 222 0 9.1 10.3 2.5 2.5 2 1 1 3 3
2496.1 980.9 -14.2 312 0 18.1 8.5 2.5 2.5 2 0 1 2 2
2451.1 920.3 -15.3 42 0 12.2 12.7 2.5 2.5 2 1 1 1 1
2430.0 842.4 -13.9 222 0 8.1 17.7 5.0 2.5 2 1 2 4 4
2417.7 828.8 -14.0 222 0 7.2 21.3 5.0 2.5 2 1 2 2 2
2357.9 826.5 -15.5 138 0 8.8 12.4 5.0 2.5 2 1 2 1 1
2413.7 783.0 -13.9 49 0 7.3 11.4 5.0 2.5 2 1 2 5 5
1993.5 81.6 -11.1 110 0 13.2 11.1 5.0 2.5 2 0 2 1 1
2098.9 342.7 -15.3 210 0 10.0 13.5 5.0 2.5 4 1 2 4 4
2122.7 402.0 -15.6 210 0 12.1 9.9 5.0 2.5 2 0 2 2 2
2055.8 402.2 -15.8 300 0 12.9 10.3 2.5 2.5 4 0 1 5 5
2039.7 346.9 -15.5 30 0 10.0 10.0 2.5 2.5 4 1 1 5 5
2014.5 301.8 -15.3 30 0 7.8 10.8 2.5 2.5 2 1 1 5 5
1990.8 237.7 -10.9 30 0 8.7 11.0 2.5 2.5 2 1 1 5 5
1960.2 181.7 -6.2 300 0 11.7 9.6 2.5 2.5 2 0 1 1 1
1928.0 127.5 -6.9 209 0 8.5 10.3 2.5 2.5 2 1 1 5 5
1903.3 73.1 -5.5 215 0 8.3 9.6 2.5 2.5 2 1 1 0 0
1879.0 19.7 -3.8 217 0 8.9 9.5 2.5 2.5 2 1 1 5 5
1850.5 -31.3 -0.0 214 0 9.0 9.4 2.5 2.5 2 1 1 5 5
1818.7 -87.8 -7.1 127 0 13.5 8.9 2.5 2.5 2 0 1 0 0
1771.1 -151.7 -13.1 216 0 7.0 13.5 7.5 2.5 2 1 3 2 2
1751.2 -202.5 -11.6 39 0 7.6 11.8 7.5 2.5 2 1 3 3 3
1689.5 -255.6 -10.9 117 0 8.6 11.1 5.0 2.5 2 1 2 0 0
1718.4 -325.6 -10.2 312 0 13.1 18.7 2.5 2.5 2 1 1 4 4
1784.1 -459.0 -4.0 92 0 5.3 8.4 7.5 2.5 2 1 3 2 2
1797.0 -1005.6 -4.1 10 0 8.5 6.1 2.5 2.5 4 0 1 5 5
1809.0 -939.8 -5.6 282 0 11.6 5.8 2.5 2.5 2 0 1 1 1
1841.8 -792.7 -4.8 20 0 7.0 6.0 5.0 2.5 2 0 2 0 0
1848.6 -756.5 -4.2 20 0 7.0 6.5 5.0 2.5 2 0 2 2 2
1867.3 -587.8 -2.5 5 0 7.5 9.8 2.5 2.5 2 1 1 2 2
1891.6 -443.2 -1.0 245 0 15.0 7.8 5.0 2.5 2 0 2 5 5
1914.9 -495.1 1.2 333 0 7.1 13.0 5.0 2.5 2 1 2 3 3
1929.7 -551.1 4.0 357 0 6.3 8.9 5.0 2.5 2 1 2 1 1
1932.2 -597.1 4.4 2 0 7.2 9.9 5.0 2.5 2 1 2 1 1
1922.5 -648.3 4.2 185 0 7.2 15.9 5.0 2.5 2 1 2 1 1
1909.0 -703.1 2.5 194 0 8.9 12.2 5.0 2.5 2 1 2 4 4
1899.5 -759.9 1.0 194 0 8.6 10.0 5.0 2.5 2 1 2 2 2
1904.5 -823.7 -0.4 39 0 7.6 10.9 5.0 2.5 4 1 2 4 4
1882.7 -866.1 -1.6 190 0 7.3 8.7 5.0 2.5 2 1 2 4 4
1871.3 -917.7 -2.8 201 0 7.6 8.0 5.0 2.5 2 1 2 2 2
1873.4 -973.9 1.2 19 0 6.3 11.9 5.0 2.5 2 1 2 1 1
1730.9 -1529.1 -10.4 183 0 5.4 14.5 5.0 2.5 2 1 2 2 2
1769.0 -1232.3 -8.1 10 0 6.7 5.5 5.0 2.5 2 0 2 3 3
1756.3 -1200.6 -7.2 194 0 8.6 7.5 5.0 2.5 2 0 2 2 2
1830.9 -1262.0 1.3 95 0 10.9 9.6 5.0 2.5 2 0 2 5 5
1821.9 -1345.8 0.1 281 0 10.6 9.1 5.0 2.5 2 0 2 2 2
1817.3 -1406.5 0.5 24 0 6.5 8.7 5.0 2.5 2 1 2 0 0
1800.7 -1456.0 0.3 185 0 7.2 10.4 5.0 2.5 2 1 2 3 3
1806.5 -1513.4 1.1 16 0 7.7 9.9 5.0 2.5 2 1 2 0 0
1801.1 -1579.4 2.3 30 0 8.3 9.2 5.0 2.5 2 1 2 1 1
1785.1 -1634.5 -4.6 109 0 9.8 8.5 5.0 2.5 2 0 2 1 1
1762.4 -2380.2 -17.2 266 0 12.4 9.3 7.5 2.5 2 0 3 5 5
1773.2 -2441.2 -17.3 354 0 8.4 16.4 5.0 2.5 2 1 2 5 5
1773.2 -2496.4 -17.1 352 0 7.2 12.3 5.0 2.5 2 1 2 5 5
1792.7 -4048.1 -2.9 276 0 9.1 11.1 2.5 2.5 2 1 1 3 3
1796.7 -4107.8 -5.3 9 0 9.4 9.7 2.5 2.5 2 1 1 4 4
1793.7 -4149.1 -7.8 14 0 8.6 11.0 5.0 2.5 2 1 2 2 2
1793.9 -4218.5 -4.4 95 0 10.9 9.9 7.5 0.0 0 0 3 0 0
1718.0 -4212.5 -6.5 280 0 9.1 13.6 7.5 2.5 2 1 3 3 3
1709.0 -4285.2 -3.3 14 0 8.9 9.8 5.0 0.0 0 1 2 0 0
1782.8 -4372.0 -5.4 14 0 10.1 10.9 5.0 2.5 2 1 2 2 2
1748.8 -4408.6 -6.1 194 0 9.8 13.7 5.0 2.5 2 1 2 4 4
1683.3 -4416.7 -4.1 25 0 11.5 10.4 7.5 2.5 2 0 3 0 0
1662.1 -4466.4 -4.9 20 0 13.3 6.6 5.0 2.5 2 0 2 3 3
1677.7 -4629.4 -8.3 210 0 10.9 16.7 5.0 2.5 2 1 2 2 2
1671.5 -4678.7 -8.7 33 0 11.7 13.6 5.0 2.5 2 1 2 5 5
1539.1 -4942.1 -0.9 209 0 15.6 10.2 5.0 2.5 4 0 2 5 5
1547.3 -4999.6 -3.9 28 0 8.8 13.5 5.0 0.0 0 1 2 5 5
1453.0 -5001.6 -3.1 115 0 26.2 12.8 5.0 0.0 0 0 2 2 2
1370.2 -5072.7 -6.0 204 0 13.7 6.8 2.5 2.5 2 0 1 4 4
1388.0 -5079.6 -8.3 298 0 11.0 38.4 10.0 2.5 2 1 4 3 3
1363.3 -5144.4 -9.9 28 0 10.1 8.8 7.5 2.5 2 0 3 5 5
1347.4 -5205.6 -11.5 21 0 7.6 10.1 5.0 2.5 2 1 2 2 2
1464.3 -6313.9 -12.6 300 0 9.0 7.2 5.0 0.0 0 0 2 0 0
1497.1 -6171.2 -3.3 117 0 7.2 6.7 7.5 2.5 2 0 3 5 5
1584.8 -5890.5 -5.1 108 0 9.2 6.9 2.5 2.5 4 0 1 1 1
1686.1 -5705.6 -11.0 199 0 8.2 8.4 5.0 2.5 2 1 2 3 3
1684.0 -5751.4 -13.9 187 0 7.5 7.8 5.0 2.5 2 1 2 0 0
1687.7 -5860.4 -7.5 281 0 8.9 7.9 5.0 2.5 2 0 2 4 4
1680.6 -5910.0 -7.8 11 0 6.4 8.8 7.5 2.5 2 1 3 4 4
1676.5 -5952.4 -8.1 15 0 7.1 7.7 2.5 2.5 2 1 1 2 2
1624.1 -6070.1 -9.3 210 0 11.2 12.5 5.0 2.5 2 1 2 4 4
1609.8 -6106.5 -9.6 210 0 9.8 9.5 5.0 2.5 2 0 2 1 1
1590.0 -6151.8 -10.2 210 0 9.9 6.7 5.0 2.5 4 0 2 5 5
1567.7 -6197.7 -10.5 209 0 7.9 8.7 5.0 2.5 2 1 2 0 0
1545.0 -6247.7 -10.5 216 0 9.4 10.3 5.0 2.5 2 1 2 5 5
1521.1 -6293.4 -9.6 216 0 7.2 9.8 5.0 2.5 2 1 2 3 3
1495.9 -6333.8 -8.8 216 0 11.3 11.3 5.0 2.5 2 1 2 5 5
1473.2 -6382.0 -6.9 216 0 8.0 9.2 5.0 2.5 2 1 2 2 2
1450.3 -6419.8 -6.1 216 0 9.9 11.1 5.0 2.5 2 1 2 5 5
1426.7 -6460.6 -5.2 216 0 9.8 10.2 5.0 2.5 2 1 2 3 3
1399.3 -6504.2 -5.3 216 0 9.3 9.4 5.0 2.5 2 1 2 0 0
1315.8 -6528.0 -4.4 306 0 13.2 6.9 2.5 2.5 4 0 1 1 1
1360.7 -6560.1 -5.3 216 0 7.3 8.7 5.0 2.5 2 1 2 0 0
1315.9 -6656.8 -4.4 36 0 7.4 11.0 2.5 2.5 2 1 1 0 0
1270.7 -6567.8 -3.5 216 0 7.0 11.5 2.5 2.5 2 1 1 2 2
1250.7 -6610.7 -4.3 216 0 8.5 9.6 2.5 2.5 2 1 1 3 3
1236.8 -6649.5 -5.1 36 0 9.3 9.4 2.5 2.5 2 1 1 0 0
1198.0 -6692.0 -6.0 126 0 10.0 8.3 2.5 2.5 2 0 1 0 0
6309.2 -2121.1 21.4 299 0 10.1 6.1 2.5 2.5 2 0 1 1 1
6339.8 -2079.5 21.4 27 0 8.7 8.5 5.0 2.5 2 0 2 4 4
5186.5 6324.0 4.8 61 0 5.6 5.0 5.0 2.5 2 0 2 1 1
