4297.1 -5468.1 0.2 296 0 43.7 14.7 2.5 2.5 2 0 1 0 0
4350.3 -5498.4 2.5 26 0 11.4 26.1 2.5 2.5 2 1 1 0 0
4352.3 -5520.0 3.7 26 0 7.6 7.5 2.5 2.5 2 0 1 2 2
4349.7 -5536.0 4.4 26 0 8.9 12.8 2.5 2.5 2 1 1 0 0
4124.2 -5439.2 0.5 257 0 8.8 19.0 2.5 0.0 0 1 1 4 4
4163.5 -5475.0 1.0 353 0 24.1 21.5 2.5 2.5 2 0 1 1 1
4154.6 -5526.4 1.3 92 0 16.2 30.5 2.5 2.5 2 1 1 2 2
4219.9 -5439.3 -0.6 206 0 11.3 36.5 2.5 2.5 2 1 1 5 5
4261.1 -5466.1 -0.5 116 0 12.3 10.0 2.5 2.5 2 0 1 3 3
4307.0 -5551.3 4.3 116 0 14.3 18.2 2.5 2.5 2 1 1 1 1
4279.7 -5547.0 3.0 116 0 24.2 24.5 2.5 0.0 0 1 1 4 4
6065.0 5325.7 -6.3 164 0 17.4 8.4 2.5 2.5 2 0 1 1 1
6059.9 5344.4 -6.1 161 0 12.9 8.4 2.5 0.0 0 0 1 5 5
6051.8 5360.9 -5.9 161 0 19.0 11.7 2.5 2.5 2 0 1 4 4
6008.8 5411.8 -8.2 232 0 12.5 15.8 2.5 2.5 2 1 1 4 4
6022.3 5380.8 -7.0 157 0 24.3 12.8 2.5 2.5 2 0 1 3 3
6031.3 5417.3 -8.7 220 0 11.8 32.5 2.5 2.5 2 1 1 1 1
6068.6 5395.4 -7.2 312 0 8.5 11.6 2.5 2.5 2 1 1 3 3
6097.5 5388.1 -7.2 340 0 10.9 24.0 2.5 2.5 2 1 1 3 3
6051.6 5314.0 -6.4 255 0 7.3 44.6 2.5 2.5 2 1 1 1 1
6087.2 5269.7 -6.5 345 0 8.6 22.1 2.5 2.5 2 1 1 0 0
6093.4 5248.8 -6.4 343 0 14.3 12.3 2.5 2.5 2 0 1 0 0
-2341.5 -1449.3 -4.4 270 0 9.5 4.8 2.5 2.5 2 0 1 5 5
-2313.8 -1440.2 -1.8 284 0 3.9 9.8 2.5 2.5 2 1 1 3 3
-2306.9 -1443.8 -1.3 282 0 4.6 8.5 2.5 2.5 2 1 1 2 2
-2300.6 -1456.3 -0.6 103 0 3.7 9.5 2.5 2.5 2 1 1 3 3
-2288.8 -1453.2 -0.2 9 0 12.1 5.9 2.5 2.5 2 0 1 3 3
-2280.2 -1443.3 0.4 24 0 5.2 9.5 2.5 2.5 2 1 1 3 3
-2274.3 -1428.5 0.9 20 0 5.4 10.6 2.5 2.5 2 1 1 5 5
-2392.5 -1434.1 -6.5 186 0 10.8 9.7 2.5 2.5 2 0 1 0 0
-2385.1 -1446.0 -7.2 186 0 10.7 24.0 2.5 2.5 2 1 1 5 5
-2360.5 -1434.8 -6.1 6 0 8.0 8.5 2.5 2.5 2 1 1 5 5
-2357.6 -1422.3 -5.5 5 0 8.7 18.5 2.5 2.5 2 1 1 5 5
-2358.4 -1409.9 -4.8 5 0 9.3 13.5 2.5 2.5 2 1 1 0 0
-2333.9 -1402.5 -4.1 5 0 7.2 18.3 2.5 2.5 2 1 1 0 0
-2302.9 -1396.9 -0.8 73 0 23.0 13.4 2.5 2.5 2 0 1 3 3
-2328.7 -1715.4 -7.8 180 0 10.1 8.0 2.5 2.5 2 0 1 5 5
-2304.7 -1689.9 -8.9 356 0 9.3 22.0 5.0 2.5 2 1 2 2 2
-2349.2 -1824.2 -3.1 186 0 11.1 13.3 2.5 2.5 2 1 1 0 0
-2259.7 -1826.5 -2.4 97 0 12.5 12.9 5.0 2.5 2 1 2 1 1
-2228.6 -1822.5 -2.3 82 0 21.5 9.7 7.5 2.5 2 0 3 1 1
