2510.3 6246.5 -24.1 272 0 22.4 43.1 2.5 0.0 0 1 1 5 5
2574.0 6296.3 -25.0 4 0 11.3 26.6 2.5 2.5 2 1 1 5 5
2445.2 6359.0 -23.8 97 0 51.3 11.6 2.5 2.5 2 0 1 0 0
2451.1 6320.8 -23.6 95 0 31.1 10.9 2.5 2.5 2 0 1 0 0
2507.7 6281.7 -24.2 94 0 13.1 17.3 2.5 0.0 0 1 1 3 3
2531.3 6241.5 -24.3 271 0 13.8 36.1 2.5 2.5 2 1 1 5 5
2571.3 6158.3 -25.2 5 0 18.0 18.9 2.5 2.5 2 1 1 2 2
2545.4 6139.8 -25.1 183 0 13.4 22.8 2.5 2.5 2 1 1 0 0
2575.8 6114.5 -25.0 4 0 17.4 10.7 2.5 2.5 2 0 1 1 1
2602.7 6112.0 -25.5 183 0 14.9 10.4 2.5 2.5 2 0 1 1 1
2600.0 6048.4 -25.1 184 0 64.7 10.3 2.5 0.0 0 0 1 1 1
2618.4 6272.9 -26.1 184 0 67.8 10.3 2.5 2.5 2 0 1 4 4
2626.3 6351.5 -25.4 185 0 65.0 9.4 2.5 2.5 2 0 1 3 3
2632.3 6423.8 -25.5 183 0 50.0 8.5 2.5 2.5 2 0 1 1 1
2318.0 6542.4 -22.7 185 0 62.7 10.7 2.5 2.5 2 0 1 3 3
2341.5 6508.4 -22.8 96 0 11.5 64.7 2.5 2.5 2 1 1 1 1
2376.8 6504.8 -23.3 96 0 11.2 66.4 2.5 2.5 2 1 1 2 2
2383.0 6475.8 -23.0 276 0 11.0 86.2 2.5 2.5 2 1 1 3 3
2356.6 6478.3 -22.6 274 0 12.5 86.1 2.5 2.5 2 1 1 1 1
2327.2 6479.6 -22.2 275 0 11.4 84.6 2.5 2.5 2 1 1 0 0
2297.4 6439.1 -21.7 184 0 77.5 12.5 2.5 2.5 2 0 1 3 3
2415.8 6477.5 -23.5 274 0 12.4 85.9 2.5 2.5 2 1 1 4 4
2483.9 6470.9 -24.5 275 0 12.7 88.1 2.5 2.5 2 1 1 0 0
2440.5 6475.7 -23.8 276 0 12.1 86.4 2.5 2.5 2 1 1 0 0
2403.7 6503.4 -23.6 94 0 11.8 70.2 2.5 2.5 2 1 1 5 5
2431.9 6501.7 -24.0 93 0 13.1 66.7 2.5 2.5 2 1 1 4 4
2458.5 6298.2 -23.6 94 0 10.9 18.4 2.5 2.5 2 1 1 0 0
2476.5 6277.2 -23.8 94 0 11.9 27.5 2.5 2.5 2 1 1 0 0
2396.8 6282.0 -23.5 96 0 13.2 33.6 2.5 2.5 2 1 1 1 1
2208.2 6175.2 -20.8 93 0 14.8 13.9 2.5 2.5 2 0 1 1 1
2229.4 6171.8 -20.9 95 0 12.6 14.5 2.5 2.5 2 1 1 3 3
2249.3 6170.9 -21.7 94 0 12.8 14.2 2.5 2.5 2 1 1 3 3
2272.2 6169.5 -23.0 93 0 13.5 13.4 2.5 2.5 2 0 1 3 3
2300.4 6240.3 -24.8 274 0 14.7 14.8 2.5 2.5 2 1 1 1 1
2276.2 6241.7 -24.4 271 0 17.2 15.0 2.5 2.5 2 0 1 3 3
2293.2 6167.2 -24.2 94 0 13.5 14.4 2.5 2.5 2 1 1 0 0
2295.5 6190.1 -25.0 93 0 13.6 15.1 2.5 2.5 2 1 1 1 1
2273.6 6191.7 -23.7 94 0 12.8 14.7 2.5 2.5 2 1 1 3 3
2256.5 6241.4 -23.6 274 0 13.1 12.4 2.5 2.5 2 0 1 0 0
2330.2 6234.0 -24.8 278 0 16.6 10.8 2.5 2.5 2 0 1 3 3
2292.0 6306.8 -23.0 187 0 7.7 22.4 2.5 2.5 2 1 1 2 2
2185.4 6322.1 -21.6 184 0 16.0 14.1 5.0 2.5 2 0 2 3 3
2686.8 5308.9 -19.9 275 0 10.0 66.2 5.0 2.5 2 1 2 2 2
2666.4 5310.4 -21.2 276 0 11.7 65.9 5.0 2.5 2 1 2 3 3
2646.8 5313.3 -21.8 275 0 10.5 67.9 5.0 2.5 2 1 2 5 5
-1904.6 1101.3 20.9 271 0 27.5 12.8 2.5 2.5 2 0 1 5 5
-1943.7 1102.0 22.1 269 0 40.3 12.5 2.5 2.5 2 0 1 4 4
-1849.8 944.9 21.3 184 0 69.4 16.0 2.5 2.5 2 0 1 5 5
-1809.9 906.1 20.2 90 0 14.8 68.6 2.5 2.5 4 1 1 5 5
-1798.2 1072.5 17.9 280 0 13.3 67.4 2.5 2.5 2 1 1 3 3
-1849.3 1044.2 19.1 187 0 71.5 14.9 5.0 2.5 2 0 2 1 1
