5586.3 713.8 -0.7 134 0 15.5 11.6 5.0 2.5 2 0 2 3 3
5517.5 702.8 -0.1 320 0 9.6 14.8 2.5 2.5 2 1 1 3 3
5509.5 680.2 0.7 143 0 6.4 8.9 2.5 2.5 2 1 1 2 2
5124.9 168.5 -4.7 274 0 10.4 17.7 2.5 2.5 2 1 1 5 5
5120.2 128.5 -5.0 94 0 9.8 18.0 2.5 0.0 0 1 1 5 5
5087.8 172.2 -5.0 274 0 13.0 19.4 2.5 2.5 2 1 1 4 4
5078.2 140.7 -5.0 184 0 16.1 13.2 2.5 2.5 2 0 1 1 1
5057.5 165.4 -5.0 184 0 16.5 10.2 2.5 2.5 2 0 1 5 5
5055.8 143.6 -4.8 184 0 18.9 9.7 2.5 2.5 2 0 1 2 2
5068.5 187.6 -5.0 94 0 16.7 8.6 2.5 2.5 2 0 1 0 0
5046.0 188.8 -5.1 94 0 17.9 7.8 2.5 0.0 0 0 1 1 1
5048.3 165.3 -4.6 4 0 17.7 9.8 5.0 2.5 2 0 2 0 0
5047.5 144.0 -4.3 4 0 17.3 13.4 5.0 2.5 2 0 2 2 2
5042.4 101.3 -4.0 4 0 18.7 6.8 5.0 2.5 2 0 2 3 3
5041.0 80.4 -3.9 4 0 16.9 6.0 5.0 2.5 2 0 2 2 2
5051.6 100.5 -4.5 184 0 17.9 9.4 2.5 2.5 2 0 1 0 0
5048.3 75.4 -4.4 184 0 22.7 11.0 2.5 2.5 2 0 1 1 1
