-5261.2 6782.0 -9.4 24 0 8.0 10.1 2.5 2.5 2 1 1 4 4
-5268.3 6765.6 -11.1 17 0 8.7 12.1 2.5 2.5 2 1 1 5 5
-5281.3 6744.7 -13.5 7 0 8.9 9.0 2.5 2.5 2 1 1 5 5
-5335.1 6631.1 -24.1 234 0 8.6 9.0 2.5 2.5 2 1 1 2 2
-5386.0 6632.0 -19.8 63 0 14.3 11.7 5.0 0.0 0 0 2 2 2
-5437.7 6599.6 -20.8 62 0 10.4 12.8 5.0 2.5 2 1 2 3 3
-5492.6 6575.2 -20.7 59 0 11.3 10.6 5.0 2.5 2 0 2 5 5
-5519.0 6562.2 -20.5 58 0 9.4 8.7 5.0 2.5 2 0 2 5 5
-5540.4 6546.5 -21.2 64 0 7.0 11.3 5.0 2.5 2 1 2 5 5
-5562.9 6542.5 -21.3 66 0 13.4 8.3 5.0 2.5 2 0 2 3 3
-5734.8 6516.7 -21.5 90 0 8.3 8.1 5.0 2.5 2 0 2 3 3
-5663.7 6545.9 -19.7 90 0 11.7 10.0 2.5 2.5 2 0 1 1 1
-6022.8 6445.4 -18.9 44 0 8.1 7.8 5.0 2.5 2 0 2 5 5
-6074.9 6397.7 -17.8 45 0 10.2 5.8 5.0 2.5 2 0 2 2 2
-6262.1 6240.1 -13.0 120 0 8.3 8.9 2.5 2.5 2 1 1 1 1
-6208.3 6297.2 -19.6 316 0 13.5 8.0 2.5 0.0 0 0 1 1 1
-6205.5 6281.0 -21.5 316 0 8.8 14.4 2.5 2.5 2 1 1 5 5
-5797.3 -5765.4 -5.6 201 0 10.1 9.4 5.0 2.5 2 0 2 4 4
-5771.3 -5767.8 -7.6 301 0 13.3 9.7 5.0 2.5 4 0 2 3 3
-5785.8 -5804.7 -7.9 205 0 10.5 9.3 5.0 2.5 2 0 2 1 1
-5795.7 -5829.3 -7.9 211 0 8.7 9.6 5.0 2.5 2 1 2 4 4
-5803.7 -5849.9 -7.9 199 0 9.0 9.5 5.0 2.5 2 1 2 5 5
-5812.2 -5872.6 -8.2 202 0 10.1 9.8 5.0 2.5 2 0 2 0 0
-5739.9 -5844.1 -15.8 5 0 10.3 8.1 5.0 2.5 2 0 2 4 4
-5752.4 -5846.7 -14.0 5 0 18.1 10.8 5.0 2.5 2 0 2 0 0
-5771.1 -5870.4 -11.9 18 0 9.1 8.3 5.0 2.5 2 0 2 0 0
-5772.2 -5883.2 -12.6 13 0 7.3 11.0 5.0 2.5 4 1 2 5 5
-5780.6 -5905.7 -10.7 22 0 8.7 8.3 5.0 2.5 2 0 2 0 0
-5775.4 -5928.8 -12.2 14 0 13.1 10.1 5.0 2.5 2 0 2 0 0
-5791.2 -5936.5 -11.8 27 0 8.3 9.2 5.0 2.5 2 1 2 3 3
-5799.1 -5957.1 -15.0 22 0 9.8 9.2 5.0 2.5 2 0 2 1 1
-5798.5 -5979.5 -18.8 14 0 7.7 19.0 5.0 2.5 4 1 2 5 5
-5829.3 -5919.3 -9.7 207 0 7.3 9.0 5.0 2.5 2 1 2 1 1
-5843.0 -5943.6 -11.2 192 0 7.9 15.1 5.0 2.5 2 1 2 0 0
-5847.6 -5959.0 -12.2 214 0 9.9 14.6 5.0 2.5 2 1 2 5 5
-5824.0 -6003.7 -20.5 41 0 7.2 9.7 5.0 2.5 2 1 2 1 1
-5859.2 -5981.2 -12.9 221 0 7.8 10.3 5.0 2.5 2 1 2 0 0
-5839.8 -6022.2 -19.0 41 0 7.5 12.9 5.0 2.5 2 1 2 1 1
-5863.3 -6043.2 -14.5 41 0 8.3 12.5 5.0 2.5 2 1 2 4 4
-5880.9 -6057.8 -12.0 41 0 8.1 11.3 5.0 2.5 2 1 2 3 3
-5918.3 -6035.7 -5.5 221 0 7.7 10.7 5.0 2.5 2 1 2 2 2
-5910.3 -6076.7 -4.5 133 0 10.7 8.3 5.0 2.5 2 0 2 0 0
3382.5 3720.6 -6.8 30 0 9.1 12.3 5.0 2.5 2 1 2 4 4
3416.3 3758.3 -5.6 26 0 7.8 11.8 2.5 2.5 2 1 1 5 5
3494.5 3890.0 -0.2 129 0 12.0 9.0 7.5 2.5 2 0 3 5 5
3522.6 3920.8 -0.4 39 0 8.5 10.9 2.5 2.5 2 1 1 4 4
3551.4 3955.8 -1.4 39 0 8.0 13.8 5.0 2.5 2 1 2 3 3
3605.6 4039.8 -3.0 129 0 10.0 8.7 2.5 2.5 2 0 1 5 5
3648.0 4080.0 -2.2 39 0 8.1 11.2 2.5 2.5 2 1 1 3 3
3677.2 4113.3 -3.7 39 0 7.6 13.2 7.5 2.5 2 1 3 0 0
3734.6 4189.8 -2.9 127 0 17.1 7.4 5.0 2.5 2 0 2 0 0
3752.9 4229.0 -3.3 213 0 7.1 11.5 7.5 2.5 2 1 3 4 4
3782.2 4267.0 -5.3 213 0 8.2 16.8 7.5 0.0 0 1 3 4 4
3842.9 4302.3 -5.8 48 0 9.8 17.1 7.5 2.5 2 1 3 3 3
3855.8 4318.2 -6.0 51 0 9.2 15.7 5.0 2.5 2 1 2 0 0
3890.2 4373.4 -6.4 231 0 9.5 15.7 7.5 2.5 2 1 3 0 0
3948.2 4395.3 -6.6 47 0 8.4 17.6 7.5 2.5 4 1 3 4 4
3981.8 4439.3 -8.5 314 0 18.7 10.1 10.0 2.5 2 0 4 5 5
4098.4 4475.9 -11.9 78 0 10.8 13.3 5.0 2.5 2 1 2 2 2
4155.9 4519.4 -10.1 216 0 8.3 13.4 5.0 2.5 2 1 2 4 4
4205.8 4557.4 -8.4 30 0 8.4 11.5 5.0 2.5 2 1 2 2 2
4238.5 4637.8 -7.3 108 0 10.6 8.0 5.0 2.5 2 0 2 0 0
4241.7 4743.9 -7.2 188 0 8.6 14.1 5.0 0.0 0 1 2 4 4
4248.2 4800.2 -8.1 1 0 9.8 10.9 2.5 2.5 2 1 1 5 5
4234.9 4856.2 -9.4 3 0 9.2 15.1 7.5 2.5 2 1 3 5 5
4207.7 4913.5 -10.1 178 0 9.7 10.3 7.5 0.0 0 1 3 3 3
4224.0 4963.1 -8.0 1 0 9.3 10.6 7.5 2.5 2 1 3 1 1
4236.9 5018.2 -5.7 217 0 8.6 13.3 7.5 2.5 2 1 3 0 0
4267.6 5070.5 -3.1 217 0 8.4 10.2 7.5 2.5 2 1 3 0 0
4315.3 5138.7 -3.8 125 0 12.3 9.2 5.0 2.5 2 0 2 4 4
4408.5 5279.6 -5.5 133 0 9.9 9.4 5.0 2.5 2 0 2 1 1
4452.1 5363.1 -7.1 127 0 11.1 9.3 7.5 2.5 2 0 3 1 1
4546.9 5517.7 -5.9 125 0 12.1 8.1 7.5 0.0 0 0 3 1 1
4636.1 5648.3 -9.5 126 0 9.9 9.4 7.5 2.5 4 0 3 4 4
4684.5 5677.3 -8.9 43 0 6.8 10.9 5.0 2.5 2 1 2 4 4
4714.1 5723.0 -10.0 35 0 8.9 12.6 2.5 2.5 2 1 1 2 2
4870.1 6054.4 -9.6 123 0 10.3 11.1 2.5 2.5 4 1 1 2 2
4891.4 6107.2 -10.5 218 0 9.3 11.9 2.5 2.5 2 1 1 2 2
4918.6 6121.6 -10.6 36 0 9.1 11.4 2.5 2.5 2 1 1 3 3
4937.4 6169.7 -11.2 215 0 9.5 10.0 2.5 2.5 2 1 1 0 0
4965.4 6200.4 -11.2 305 0 10.8 9.4 2.5 2.5 2 0 1 2 2
5081.4 6367.1 -12.0 127 0 12.8 9.0 2.5 2.5 2 0 1 3 3
5115.0 6409.3 -12.1 33 0 8.6 10.3 5.0 2.5 4 1 2 3 3
-2105.3 -6181.3 -13.9 39 0 10.4 36.2 5.0 0.0 0 1 2 4 4
1516.2 -1350.0 -7.1 109 0 8.3 13.9 7.5 2.5 2 1 3 1 1
1513.9 -1310.4 -7.3 298 0 12.2 20.9 10.0 2.5 2 1 4 5 5
2191.0 -1524.7 0.6 124 0 8.5 11.9 5.0 2.5 2 1 2 1 1
2227.6 -1544.2 1.0 124 0 7.7 11.2 5.0 2.5 2 1 2 2 2
2277.1 -1498.6 0.2 124 0 26.6 50.6 2.5 0.0 0 1 1 5 5
2258.9 -1559.0 1.3 34 0 11.7 8.5 5.0 2.5 2 0 2 0 0
2340.3 -1618.9 -0.6 305 0 8.9 11.9 5.0 2.5 2 1 2 5 5
2373.0 -1627.3 -1.9 311 0 9.0 21.9 5.0 2.5 2 1 2 5 5
2369.9 -1661.9 -2.9 132 0 8.8 25.9 5.0 2.5 4 1 2 0 0
2426.4 -1708.9 -0.3 211 0 20.6 10.2 5.0 2.5 2 0 2 0 0
2452.3 -1742.3 1.9 132 0 6.7 12.1 5.0 0.0 0 1 2 3 3
2480.1 -1761.6 1.6 130 0 11.8 10.2 5.0 2.5 2 0 2 3 3
2510.1 -1787.1 0.6 122 0 7.0 10.2 5.0 2.5 2 1 2 3 3
2547.6 -1805.8 0.3 39 0 15.8 8.0 5.0 2.5 2 0 2 4 4
2676.8 -1913.3 6.1 120 0 8.8 10.9 7.5 2.5 2 1 3 3 3
2736.2 -1942.8 13.8 216 0 12.7 9.4 5.0 2.5 2 0 2 0 0
2797.9 -1961.5 16.5 305 0 10.1 13.8 2.5 2.5 4 1 1 5 5
2856.1 -1995.6 15.2 205 0 9.3 7.5 5.0 2.5 2 0 2 0 0
2920.3 -2020.6 13.5 116 0 7.8 9.2 5.0 2.5 2 1 2 5 5
2954.6 -2023.3 13.2 37 0 8.8 7.1 5.0 2.5 2 0 2 1 1
2994.0 -1966.2 17.4 84 0 8.0 9.1 5.0 2.5 2 1 2 0 0
2957.4 -1969.1 15.1 103 0 7.9 10.2 5.0 2.5 2 1 2 3 3
2921.8 -1963.3 15.5 117 0 7.6 10.7 5.0 0.0 0 1 2 3 3
2889.0 -1977.6 15.2 299 0 12.6 10.1 5.0 0.0 0 0 2 5 5
2855.3 -1885.1 16.9 297 0 9.7 18.5 2.5 2.5 2 1 1 2 2
2789.4 -1894.8 16.4 114 0 7.2 7.5 2.5 2.5 2 1 1 4 4
2753.4 -1877.5 14.4 116 0 9.4 15.9 2.5 2.5 2 1 1 0 0
2667.7 -1815.1 1.5 122 0 9.6 18.8 2.5 0.0 0 1 1 4 4
2606.5 -1777.2 1.2 128 0 8.4 15.1 5.0 2.5 2 1 2 0 0
2586.2 -1742.1 1.2 126 0 10.8 18.6 5.0 2.5 2 1 2 1 1
2573.4 -1702.4 1.4 307 0 9.8 14.9 5.0 2.5 2 1 2 1 1
2545.8 -1678.5 1.8 308 0 9.0 9.9 5.0 2.5 2 1 2 5 5
2508.6 -1667.9 2.6 126 0 8.3 11.8 5.0 2.5 2 1 2 4 4
2479.1 -1625.4 1.4 221 0 10.7 8.3 5.0 2.5 2 0 2 3 3
2415.5 -1581.1 -1.0 35 0 9.4 8.1 5.0 2.5 2 0 2 2 2
2368.6 -1561.6 0.9 115 0 8.0 11.7 5.0 2.5 4 1 2 0 0
2265.1 -1475.6 -0.0 115 0 9.6 9.4 2.5 2.5 4 0 1 0 0
2233.3 -1459.4 -1.0 115 0 9.0 11.0 2.5 2.5 4 1 1 5 5
2181.6 -1425.5 -0.8 298 0 8.3 8.9 2.5 0.0 0 1 1 2 2
2125.1 -1423.0 -0.1 184 0 10.3 7.2 2.5 2.5 2 0 1 4 4
1705.3 -1249.2 -7.5 274 0 9.1 12.1 2.5 2.5 2 1 1 4 4
1751.8 -1254.3 -6.7 276 0 9.8 9.9 2.5 2.5 2 1 1 5 5
1789.0 -1260.7 -6.6 291 0 7.8 10.9 2.5 2.5 2 1 1 0 0
1826.8 -1268.9 -5.5 295 0 8.1 11.0 2.5 2.5 2 1 1 1 1
1898.0 -1314.3 -4.7 214 0 12.6 9.8 2.5 0.0 0 0 1 2 2
1910.1 -1325.2 -4.8 114 0 4.7 9.1 2.5 2.5 2 1 1 0 0
1932.8 -1345.7 -4.7 131 0 6.9 10.4 2.5 2.5 2 1 1 1 1
1977.8 -1375.6 -3.1 125 0 6.4 10.7 2.5 2.5 2 1 1 4 4
2006.6 -1392.4 -0.5 121 0 8.5 10.6 2.5 2.5 4 1 1 1 1
2045.6 -1402.8 0.7 32 0 20.1 8.2 2.5 2.5 2 0 1 5 5
1997.7 -1474.2 1.5 40 0 11.7 8.5 5.0 2.5 2 0 2 3 3
1972.0 -1447.0 -0.0 312 0 8.4 13.5 5.0 2.5 2 1 2 0 0
1943.1 -1424.4 -1.9 300 0 7.9 13.7 5.0 2.5 2 1 2 2 2
1905.9 -1399.6 -3.3 296 0 10.2 22.2 5.0 2.5 2 1 2 1 1
1883.1 -1386.9 -3.8 297 0 7.6 10.9 5.0 2.5 2 1 2 4 4
1854.1 -1383.7 -4.0 117 0 7.8 11.3 5.0 0.0 0 1 2 1 1
1795.3 -1352.2 -5.3 97 0 7.8 9.3 5.0 2.5 2 1 2 4 4
1753.8 -1345.5 -6.8 97 0 8.9 11.6 5.0 2.5 2 1 2 3 3
1726.0 -1327.5 -6.8 275 0 9.6 17.4 5.0 0.0 0 1 2 5 5
1688.6 -1330.2 -6.6 273 0 9.4 18.1 5.0 2.5 2 1 2 4 4
1655.0 -1331.2 -6.3 269 0 7.7 12.2 5.0 2.5 2 1 2 2 2
1656.7 -1263.6 -7.8 111 0 7.9 10.7 2.5 2.5 2 1 1 3 3
1623.6 -1265.1 -7.7 112 0 11.7 15.9 2.5 2.5 2 1 1 5 5
1560.2 -1230.1 -6.9 293 0 8.9 16.8 5.0 2.5 2 1 2 1 1
1532.7 -1235.2 -6.6 116 0 7.8 11.7 2.5 2.5 2 1 1 5 5
1511.1 -1229.7 -6.2 118 0 7.2 10.3 7.5 2.5 2 1 3 5 5
1476.9 -1218.5 -6.2 120 0 8.1 18.5 7.5 2.5 2 1 3 0 0
1451.9 -1209.3 -6.9 117 0 8.3 11.7 7.5 2.5 2 1 3 4 4
1430.2 -1198.2 -7.9 116 0 9.1 11.7 7.5 2.5 2 1 3 5 5
1394.6 -1339.3 -10.3 119 0 9.3 17.8 5.0 2.5 2 1 2 2 2
1102.7 -1301.7 -8.0 70 0 7.7 14.2 5.0 2.5 2 1 2 0 0
1046.4 -1304.2 -9.6 76 0 7.5 8.9 5.0 2.5 2 1 2 0 0
990.4 -1268.7 -10.6 283 0 11.1 29.1 5.0 2.5 4 1 2 3 3
938.3 -1301.9 -11.4 99 0 12.3 10.4 5.0 2.5 2 0 2 1 1
892.5 -1315.7 -10.9 99 0 12.2 9.7 5.0 2.5 2 0 2 0 0
851.0 -1305.4 -10.3 189 0 9.1 31.8 5.0 2.5 2 1 2 2 2
859.3 -1371.1 -9.4 352 0 9.5 8.7 5.0 2.5 2 0 2 4 4
233.2 -2069.8 -3.8 106 0 10.2 9.4 5.0 2.5 2 0 2 4 4
305.5 -1910.1 -8.6 119 0 12.8 10.2 7.5 2.5 2 0 3 4 4
372.5 -1761.1 -8.5 32 0 8.8 8.9 7.5 2.5 2 1 3 3 3
360.2 -1119.5 -14.1 123 0 7.3 12.4 2.5 2.5 2 1 1 2 2
337.1 -1164.5 -14.2 290 0 8.6 8.0 5.0 2.5 2 0 2 0 0
356.6 -1180.1 -13.7 291 0 8.3 8.1 5.0 2.5 2 0 2 5 5
345.6 -1211.0 -13.3 200 0 9.4 9.5 5.0 2.5 2 1 2 2 2
388.1 -1258.3 -12.1 115 0 10.0 7.8 5.0 2.5 2 0 2 3 3
359.1 -1278.9 -12.2 116 0 18.3 12.6 5.0 2.5 2 0 2 3 3
354.6 -1302.4 -11.6 287 0 9.7 7.8 5.0 2.5 2 0 2 1 1
606.0 -1136.1 -9.9 289 0 11.4 7.3 5.0 2.5 2 0 2 2 2
547.8 -1085.4 -9.7 115 0 6.1 10.5 5.0 2.5 2 1 2 4 4
541.8 -1112.2 -10.8 292 0 6.9 12.7 2.5 2.5 2 1 1 3 3
560.0 -1129.8 -10.7 23 0 8.1 11.1 2.5 2.5 2 1 1 3 3
536.7 -1184.6 -11.3 20 0 9.0 8.1 2.5 0.0 0 0 1 1 1
525.4 -1038.6 -9.5 290 0 9.4 9.4 5.0 2.5 2 1 2 5 5
512.7 -1072.5 -10.4 110 0 8.3 12.7 5.0 2.5 2 1 2 4 4
468.7 -1053.9 -11.7 117 0 9.3 10.0 5.0 2.5 2 1 2 5 5
455.1 -1057.8 -11.9 117 0 6.8 11.3 5.0 0.0 0 1 2 3 3
429.8 -1066.1 -13.0 297 0 8.2 10.1 2.5 2.5 2 1 1 0 0
385.9 -1043.2 -14.3 297 0 13.9 7.5 2.5 0.0 0 0 1 4 4
383.8 -1061.3 -14.0 297 0 8.4 10.5 2.5 0.0 0 1 1 2 2
355.1 -1056.2 -15.8 207 0 10.9 7.8 2.5 2.5 2 0 1 1 1
358.8 -1082.2 -14.3 207 0 9.5 11.4 2.5 2.5 2 1 1 5 5
415.4 -1130.6 -13.2 117 0 5.4 8.7 2.5 2.5 2 1 1 0 0
446.2 -1180.8 -12.3 117 0 8.1 9.7 2.5 2.5 2 1 1 0 0
397.3 -1181.2 -13.1 297 0 12.7 10.9 5.0 2.5 2 0 2 2 2
421.6 -1174.0 -12.8 117 0 7.2 10.9 2.5 2.5 2 1 1 1 1
486.3 -1090.9 -11.8 297 0 13.9 8.7 2.5 2.5 4 0 1 3 3
480.8 -1125.0 -12.1 27 0 7.5 7.0 2.5 0.0 0 0 1 5 5
501.5 -1133.9 -11.5 27 0 10.9 7.8 2.5 0.0 0 0 1 5 5
519.2 -1143.0 -11.0 207 0 9.0 10.6 2.5 2.5 2 1 1 1 1
549.9 -1158.0 -11.0 27 0 8.9 10.7 2.5 2.5 2 1 1 5 5
565.1 -1165.8 -10.9 207 0 7.8 11.5 5.0 2.5 2 1 2 3 3
554.0 -1194.9 -11.4 207 0 7.9 9.8 5.0 2.5 2 1 2 2 2
506.9 -1174.3 -11.2 207 0 7.7 8.6 2.5 2.5 2 1 1 2 2
539.8 -1222.3 -11.2 207 0 13.8 16.2 5.0 0.0 0 1 2 0 0
543.6 -1246.4 -10.4 207 0 10.4 12.1 5.0 2.5 4 1 2 0 0
509.1 -1245.2 -10.8 27 0 8.7 9.3 5.0 2.5 2 1 2 0 0
503.1 -1269.4 -10.7 27 0 10.3 13.9 5.0 0.0 0 1 2 2 2
489.1 -1165.2 -11.9 27 0 12.7 12.6 2.5 2.5 2 0 1 3 3
473.1 -1191.0 -11.8 117 0 7.0 9.0 2.5 2.5 2 1 1 2 2
444.8 -1200.6 -12.1 297 0 10.0 10.2 5.0 2.5 2 1 2 2 2
468.5 -1209.8 -11.7 297 0 8.4 19.1 5.0 2.5 2 1 2 0 0
441.3 -1247.9 -11.7 27 0 13.7 13.3 5.0 2.5 2 0 2 1 1
446.8 -1278.2 -11.2 27 0 14.7 9.3 5.0 2.5 2 0 2 0 0
460.8 -1244.2 -11.4 27 0 9.7 10.6 5.0 2.5 4 1 2 1 1
475.4 -1254.9 -11.0 207 0 9.3 10.0 5.0 0.0 0 1 2 3 3
468.3 -1285.1 -10.7 207 0 13.5 12.2 5.0 2.5 2 0 2 3 3
497.8 -1291.8 -10.4 27 0 10.2 9.7 5.0 0.0 0 0 2 4 4
515.5 -1292.8 -9.9 207 0 10.4 11.1 5.0 2.5 2 1 2 4 4
537.4 -1314.2 -9.1 207 0 10.4 8.4 5.0 2.5 2 0 2 4 4
582.8 -1315.1 -8.0 297 0 7.7 17.2 5.0 2.5 2 1 2 3 3
559.9 -1334.7 -8.3 117 0 11.5 15.9 5.0 2.5 2 1 2 0 0
548.9 -1379.4 -8.3 297 0 10.4 13.5 5.0 2.5 2 1 2 0 0
525.6 -1346.4 -9.1 117 0 11.0 11.9 5.0 2.5 2 1 2 0 0
503.1 -1338.9 -9.5 117 0 9.5 13.3 5.0 2.5 2 1 2 2 2
493.9 -1357.1 -9.5 207 0 8.6 15.1 5.0 2.5 4 1 2 4 4
484.0 -1382.6 -9.7 207 0 7.6 9.5 5.0 2.5 2 1 2 0 0
478.6 -1412.1 -10.0 207 0 8.1 14.7 5.0 2.5 2 1 2 4 4
452.7 -1413.5 -10.5 27 0 9.8 14.9 5.0 2.5 2 1 2 4 4
463.9 -1381.0 -10.7 27 0 8.0 19.2 5.0 2.5 2 1 2 2 2
470.4 -1341.8 -10.5 297 0 11.9 24.7 5.0 2.5 2 1 2 3 3
442.4 -1339.5 -10.9 207 0 8.9 18.1 5.0 2.5 2 1 2 0 0
422.9 -1332.9 -11.2 27 0 10.7 10.3 5.0 2.5 2 0 2 2 2
396.1 -1315.3 -11.6 297 0 8.1 18.7 5.0 2.5 2 1 2 3 3
376.2 -1444.3 -10.4 117 0 8.9 10.8 5.0 2.5 2 1 2 3 3
391.1 -1407.5 -11.2 297 0 8.2 9.6 5.0 2.5 2 1 2 0 0
406.1 -1383.9 -11.6 27 0 9.7 9.6 5.0 2.5 2 0 2 5 5
424.8 -1418.0 -11.0 297 0 5.8 8.7 5.0 2.5 2 1 2 4 4
425.3 -1456.3 -10.6 27 0 12.7 8.4 5.0 2.5 2 0 2 1 1
443.4 -1437.4 -10.3 27 0 11.8 10.6 5.0 0.0 0 0 2 4 4
461.5 -1445.4 -10.3 207 0 8.9 9.2 5.0 2.5 2 1 2 4 4
464.8 -1474.1 -10.5 207 0 14.3 8.1 5.0 2.5 2 0 2 1 1
442.7 -1484.8 -10.2 210 0 8.6 9.6 5.0 2.5 2 1 2 5 5
1390.6 -301.1 -8.2 27 0 6.3 9.2 5.0 0.0 0 1 2 3 3
1419.7 -240.5 -8.6 205 0 8.7 10.3 5.0 2.5 2 1 2 1 1
1452.0 -183.2 -8.9 112 0 11.4 11.1 5.0 2.5 2 0 2 1 1
1697.3 542.5 -2.2 206 0 9.1 12.7 5.0 2.5 2 1 2 2 2
1727.9 594.1 -0.3 33 0 9.2 11.7 5.0 2.5 2 1 2 2 2
1744.9 635.4 2.3 28 0 9.1 12.9 5.0 2.5 2 1 2 2 2
1823.0 808.6 4.4 123 0 10.2 8.5 5.0 2.5 2 0 2 3 3
1933.4 1432.7 5.0 113 0 13.9 8.8 5.0 2.5 2 0 2 1 1
1980.9 1483.2 4.3 23 0 7.8 16.3 7.5 2.5 2 1 3 0 0
1996.1 1547.5 3.9 220 0 8.9 13.7 2.5 2.5 2 1 1 1 1
2035.5 1587.3 3.8 310 0 10.4 8.9 2.5 2.5 2 0 1 3 3
2122.3 1694.6 3.7 38 0 8.8 15.1 5.0 2.5 2 1 2 2 2
2164.2 1742.5 3.7 43 0 8.4 14.4 7.5 2.5 2 1 3 3 3
2193.5 1844.9 3.3 213 0 7.1 15.0 5.0 2.5 2 1 2 2 2
2205.5 1851.8 3.7 213 0 6.8 17.9 5.0 2.5 2 1 2 3 3
2273.3 1929.7 9.3 123 0 13.3 9.2 7.5 2.5 2 0 3 0 0
2329.1 2034.6 4.6 123 0 10.6 9.9 2.5 2.5 2 0 1 2 2
2374.4 2101.8 7.0 123 0 12.0 7.5 7.5 2.5 2 0 3 2 2
2411.0 2177.0 7.0 213 0 9.0 14.0 7.5 2.5 2 1 3 1 1
2441.0 2196.2 6.3 33 0 9.2 13.0 7.5 2.5 2 1 3 5 5
2461.6 2256.9 3.5 213 0 7.9 11.3 7.5 2.5 2 1 3 5 5
2479.2 2293.6 1.2 213 0 7.6 11.9 5.0 2.5 4 1 2 3 3
2504.1 2332.1 -1.5 213 0 10.5 12.5 7.5 2.5 2 1 3 4 4
2527.8 2370.7 -3.8 213 0 8.3 13.2 7.5 2.5 2 1 3 4 4
2557.8 2413.1 -3.4 213 0 7.4 12.2 2.5 2.5 2 1 1 1 1
2593.0 2446.7 -2.4 33 0 8.3 9.9 5.0 2.5 2 1 2 3 3
2624.0 2495.5 -1.0 33 0 8.8 11.6 7.5 2.5 2 1 3 0 0
2643.9 2524.2 -0.1 33 0 8.6 11.8 7.5 2.5 2 1 3 1 1
2658.0 2576.0 0.2 213 0 8.8 12.4 7.5 2.5 2 1 3 2 2
2681.2 2621.7 -0.4 213 0 8.0 13.1 5.0 2.5 2 1 2 0 0
2708.5 2667.4 -0.5 213 0 8.6 14.8 2.5 2.5 2 1 1 3 3
2742.3 2683.7 -0.3 33 0 7.7 14.0 7.5 2.5 2 1 3 2 2
2752.1 2702.3 -0.5 33 0 9.6 12.8 7.5 2.5 2 1 3 4 4
2760.0 2751.7 -1.1 213 0 8.6 13.2 5.0 2.5 2 1 2 3 3
2786.9 2787.5 -1.3 213 0 8.6 12.7 5.0 0.0 0 1 2 2 2
2826.7 2836.2 -1.1 303 0 15.3 10.3 5.0 0.0 0 0 2 3 3
2873.7 2911.6 -5.3 123 0 20.1 9.3 5.0 2.5 4 0 2 2 2
2904.8 2972.1 -3.7 213 0 10.0 15.4 5.0 2.5 2 1 2 3 3
2923.0 3005.7 -2.9 213 0 13.7 20.7 5.0 2.5 2 1 2 5 5
2972.6 3016.8 -1.8 33 0 11.3 22.2 5.0 2.5 4 1 2 4 4
2977.7 3056.9 -1.7 33 0 7.4 13.3 5.0 2.5 2 1 2 1 1
3006.0 3108.8 -1.6 33 0 7.8 12.3 5.0 2.5 4 1 2 2 2
3023.5 3128.3 -1.4 33 0 7.9 11.5 5.0 2.5 2 1 2 2 2
3075.0 3176.4 -0.4 33 0 11.5 9.1 5.0 2.5 2 0 2 4 4
3038.5 3185.7 -0.6 213 0 10.2 27.9 5.0 2.5 2 1 2 5 5
3052.9 3207.6 -0.3 213 0 12.3 29.6 5.0 2.5 2 1 2 1 1
3071.2 3219.8 0.1 216 0 8.4 10.4 5.0 0.0 0 1 2 3 3
3087.8 3246.5 -0.2 214 0 9.5 10.9 5.0 2.5 2 1 2 2 2
3113.3 3277.0 -0.8 223 0 9.3 11.1 5.0 2.5 2 1 2 1 1
3130.2 3286.8 -1.0 310 0 10.7 10.5 5.0 2.5 2 0 2 3 3
3214.3 3425.1 -8.2 210 0 8.6 12.2 2.5 2.5 2 1 1 2 2
3245.7 3470.5 -7.9 28 0 8.4 12.3 2.5 2.5 2 1 1 2 2
190.0 -2178.6 1.1 124 0 8.1 10.1 2.5 2.5 2 1 1 5 5
142.6 -2316.7 -6.9 296 0 11.0 10.7 5.0 2.5 2 0 2 5 5
107.5 -2379.7 -7.4 204 0 8.5 12.3 5.0 2.5 2 1 2 5 5
61.6 -2507.6 -1.9 118 0 9.3 9.6 2.5 2.5 2 1 1 3 3
-39.4 -2726.6 -0.2 121 0 10.2 8.8 5.0 2.5 2 0 2 4 4
-70.9 -2799.5 0.3 118 0 9.5 9.3 2.5 0.0 0 0 1 1 1
-139.4 -3018.2 -1.8 28 0 10.3 7.1 7.5 2.5 2 0 3 2 2
-150.3 -2995.8 -2.5 299 0 8.8 8.5 7.5 2.5 4 0 3 3 3
-186.6 -3088.8 -2.5 29 0 9.2 8.2 5.0 2.5 4 0 2 2 2
-208.5 -3144.8 -2.5 27 0 8.3 13.5 5.0 2.5 2 1 2 3 3
-255.8 -3215.2 -3.7 303 0 8.8 9.8 5.0 2.5 4 1 2 2 2
-272.8 -3245.3 -4.9 37 0 8.2 7.6 7.5 2.5 2 0 3 0 0
-295.4 -3284.6 -5.9 36 0 7.9 10.1 7.5 2.5 2 1 3 4 4
-340.0 -3335.5 -6.8 303 0 10.0 9.0 7.5 2.5 2 0 3 1 1
-370.3 -3363.4 -5.0 209 0 9.0 9.9 5.0 2.5 2 1 2 4 4
-380.2 -3409.6 -5.1 31 0 9.0 17.2 5.0 2.5 4 1 2 4 4
-389.3 -3428.8 -5.5 31 0 16.5 17.5 7.5 2.5 2 1 3 1 1
-400.5 -3445.5 -5.6 32 0 7.9 17.0 7.5 2.5 2 1 3 5 5
-443.1 -3509.1 -6.3 294 0 13.0 8.3 5.0 2.5 4 0 2 4 4
-459.3 -3553.8 -6.4 25 0 8.9 13.0 5.0 2.5 2 1 2 0 0
-489.3 -3575.7 -6.6 209 0 10.4 9.9 5.0 0.0 0 0 2 5 5
-519.8 -3622.2 -6.9 209 0 10.0 11.3 5.0 2.5 2 1 2 3 3
-540.4 -3659.6 -7.2 207 0 8.7 10.3 5.0 2.5 2 1 2 5 5
-573.4 -3716.4 -7.0 209 0 5.3 9.2 5.0 2.5 4 1 2 1 1
-588.0 -3771.8 -4.8 31 0 8.0 11.4 5.0 2.5 2 1 2 3 3
-624.0 -3794.1 -3.4 209 0 9.0 8.7 5.0 2.5 2 0 2 2 2
-638.2 -3818.3 -2.2 204 0 8.0 16.6 5.0 0.0 0 1 2 5 5
-651.8 -3860.6 -1.1 42 0 8.4 9.7 5.0 2.5 2 1 2 0 0
-701.2 -3940.7 -3.0 126 0 8.4 7.7 2.5 2.5 4 0 1 3 3
-697.0 -4054.9 -3.4 37 0 7.6 16.9 5.0 2.5 2 1 2 5 5
-728.5 -4016.5 -4.2 306 0 6.1 12.7 7.5 2.5 2 1 3 3 3
-741.5 -4011.0 -4.6 307 0 8.7 12.3 7.5 2.5 2 1 3 1 1
-755.3 -4035.6 -4.7 123 0 21.4 7.6 2.5 0.0 0 0 1 5 5
-784.6 -4098.2 -1.0 34 0 9.5 9.5 7.5 2.5 4 0 3 2 2
-806.9 -4149.1 -1.3 27 0 7.3 18.0 7.5 2.5 2 1 3 1 1
-866.4 -4236.4 -4.7 304 0 9.6 8.5 5.0 2.5 2 0 2 2 2
-903.0 -4277.5 -5.5 219 0 9.6 11.9 2.5 2.5 2 1 1 5 5
-930.3 -4319.8 -4.1 219 0 8.3 14.1 5.0 2.5 2 1 2 1 1
-943.5 -4366.2 -2.9 39 0 9.2 8.8 2.5 2.5 2 0 1 5 5
-959.5 -4399.3 -2.3 39 0 9.8 16.2 5.0 2.5 2 1 2 3 3
-986.0 -4433.6 -2.4 39 0 10.1 10.9 5.0 2.5 2 1 2 3 3
-1023.6 -4467.4 -4.9 219 0 9.0 10.3 5.0 2.5 2 1 2 0 0
-1046.2 -4512.0 -6.6 129 0 10.3 9.2 5.0 2.5 2 0 2 3 3
-1084.4 -4582.3 -6.6 129 0 18.8 12.7 2.5 2.5 2 0 1 4 4
-1148.5 -4688.8 -7.2 309 0 17.2 9.7 5.0 2.5 2 0 2 3 3
-1183.2 -4719.2 -6.1 220 0 8.9 9.2 5.0 2.5 2 1 2 4 4
-1206.5 -4749.6 -4.8 220 0 8.7 10.2 5.0 2.5 2 1 2 3 3
-1229.4 -4787.3 -3.3 219 0 9.0 9.8 5.0 2.5 2 1 2 4 4
-1259.7 -4824.7 -4.1 220 0 9.9 16.5 5.0 2.5 2 1 2 4 4
-1285.8 -4863.8 -5.8 219 0 10.1 14.2 5.0 2.5 2 1 2 5 5
-1314.3 -4910.9 -7.3 220 0 8.2 17.5 5.0 2.5 2 1 2 3 3
-1340.2 -4943.0 -7.2 219 0 10.3 17.9 5.0 2.5 2 1 2 4 4
-1370.5 -4984.9 -7.0 220 0 8.6 12.2 5.0 2.5 4 1 2 0 0
-1397.1 -5026.3 -6.9 219 0 9.8 11.0 5.0 2.5 2 1 2 2 2
-1423.7 -5068.1 -6.6 219 0 10.0 17.2 5.0 2.5 2 1 2 5 5
-1451.9 -5108.1 -6.4 219 0 8.5 10.6 5.0 2.5 2 1 2 4 4
-1479.3 -5148.5 -5.5 219 0 9.5 11.4 5.0 2.5 2 1 2 4 4
-1510.4 -5189.3 -6.6 219 0 8.6 12.2 5.0 2.5 2 1 2 5 5
-1542.6 -5234.0 -7.4 219 0 8.3 11.8 5.0 0.0 0 1 2 0 0
-1570.5 -5269.8 -7.7 220 0 8.2 10.4 5.0 2.5 2 1 2 0 0
-1597.7 -5309.0 -5.9 219 0 9.7 9.5 5.0 2.5 2 0 2 1 1
-1627.5 -5348.9 -4.1 219 0 8.5 9.4 5.0 0.0 0 1 2 5 5
-1657.9 -5390.8 -4.6 215 0 8.0 15.4 5.0 2.5 2 1 2 5 5
-1689.8 -5433.5 -6.2 216 0 9.5 10.3 5.0 2.5 2 1 2 2 2
-1720.4 -5469.2 -7.9 224 0 8.5 9.5 5.0 2.5 2 1 2 1 1
-1749.9 -5508.1 -10.0 224 0 6.9 10.1 5.0 2.5 2 1 2 5 5
-1777.7 -5549.4 -9.8 224 0 9.1 10.8 5.0 2.5 4 1 2 4 4
-1806.7 -5588.2 -8.2 224 0 8.7 15.4 5.0 2.5 2 1 2 0 0
-1839.3 -5630.5 -6.3 224 0 9.3 10.4 5.0 2.5 2 1 2 4 4
-1869.8 -5666.6 -5.6 224 0 11.0 13.8 5.0 2.5 2 1 2 5 5
-1900.8 -5713.7 -4.9 224 0 8.3 13.8 5.0 2.5 2 1 2 5 5
-1924.2 -5738.8 -5.9 222 0 8.5 14.7 5.0 2.5 2 1 2 5 5
-1955.7 -5781.8 -7.9 222 0 8.2 13.9 5.0 0.0 0 1 2 3 3
-1985.8 -5828.6 -8.0 224 0 7.3 13.9 5.0 2.5 2 1 2 2 2
-2022.2 -5872.1 -7.1 219 0 8.5 9.4 5.0 2.5 2 1 2 3 3
-2049.3 -5906.3 -6.7 222 0 8.3 16.8 5.0 2.5 2 1 2 0 0
-2079.1 -5946.9 -6.2 221 0 9.3 8.8 5.0 2.5 2 0 2 0 0
-2112.0 -5991.0 -7.2 217 0 9.3 18.8 5.0 2.5 2 1 2 0 0
-2147.8 -6040.2 -9.8 215 0 8.1 11.4 5.0 2.5 4 1 2 2 2
-2263.6 -6106.6 -13.3 212 0 10.0 11.7 5.0 0.0 0 1 2 1 1
-2279.5 -6124.8 -13.7 216 0 9.5 8.8 5.0 2.5 4 0 2 4 4
-2504.4 -6298.1 -13.9 49 0 10.5 14.9 2.5 2.5 2 1 1 5 5
-2488.2 -6284.6 -13.9 49 0 7.6 14.3 2.5 2.5 4 1 1 4 4
-2495.7 -6252.7 -14.1 229 0 7.6 14.5 2.5 2.5 2 1 1 4 4
-2461.3 -6257.8 -15.9 49 0 11.6 20.7 2.5 2.5 2 1 1 4 4
-2440.4 -6263.2 -13.6 229 0 6.3 14.2 5.0 2.5 2 1 2 5 5
-2425.5 -6304.3 -12.6 319 0 13.1 7.6 5.0 2.5 4 0 2 4 4
-2421.3 -6298.4 -12.7 139 0 11.8 6.2 5.0 2.5 2 0 2 1 1
-2383.4 -6276.2 -13.0 49 0 6.5 15.7 5.0 2.5 2 1 2 3 3
-2402.5 -6294.9 -12.7 48 0 8.1 13.2 5.0 2.5 2 1 2 2 2
-2347.0 -6122.5 -16.0 310 0 14.3 9.4 5.0 2.5 2 0 2 3 3
-2366.0 -6111.1 -17.4 314 0 11.2 13.8 5.0 2.5 2 1 2 3 3
-2398.4 -6136.3 -17.4 226 0 8.5 11.4 5.0 0.0 0 1 2 5 5
-2407.3 -6151.1 -17.1 224 0 9.3 13.5 5.0 2.5 2 1 2 4 4
-2397.4 -6190.6 -14.6 46 0 8.8 18.6 5.0 0.0 0 1 2 5 5
-2367.1 -6196.8 -13.7 223 0 7.8 11.8 5.0 2.5 4 1 2 4 4
-2333.3 -6217.4 -13.4 41 0 9.2 19.7 5.0 0.0 0 1 2 1 1
-2304.7 -6200.8 -13.2 39 0 8.5 19.4 5.0 0.0 0 1 2 2 2
-2200.7 -6281.0 -10.3 132 0 13.7 6.5 5.0 2.5 4 0 2 0 0
-2216.5 -6275.9 -11.0 127 0 13.1 14.4 5.0 2.5 2 1 2 3 3
-2163.5 -6179.4 -14.6 219 0 54.9 13.1 5.0 2.5 2 0 2 0 0
-2150.7 -6236.3 -14.4 38 0 5.7 36.7 5.0 2.5 2 1 2 2 2
-2165.5 -6244.6 -12.9 39 0 8.3 13.6 5.0 0.0 0 1 2 3 3
-2172.1 -6229.9 -13.8 39 0 9.9 14.5 5.0 2.5 2 1 2 0 0
-2191.9 -6208.9 -14.5 309 0 17.5 10.4 5.0 2.5 2 0 2 0 0
-2225.8 -6204.4 -14.4 220 0 11.9 15.1 5.0 2.5 2 1 2 5 5
-2252.8 -6205.3 -14.2 219 0 9.2 11.9 5.0 2.5 2 1 2 1 1
-2257.4 -6215.4 -13.8 218 0 7.5 10.2 5.0 2.5 2 1 2 2 2
-2270.4 -6254.9 -13.0 219 0 8.9 8.1 5.0 2.5 2 0 2 2 2
-2347.6 -6706.9 -13.9 229 0 9.5 23.3 5.0 2.5 2 1 2 2 2
-2803.3 -6771.0 -15.9 67 0 15.6 10.0 5.0 2.5 2 0 2 3 3
-2861.9 -6841.3 -17.5 223 0 15.8 7.4 5.0 2.5 2 0 2 1 1
-2910.9 -6842.7 -17.3 34 0 9.8 12.1 2.5 2.5 4 1 1 4 4
-2949.3 -6810.7 -17.0 214 0 10.7 17.0 2.5 2.5 2 1 1 3 3
-3143.3 -6889.0 -17.5 34 0 12.2 9.1 2.5 2.5 2 0 1 2 2
-3166.2 -6928.5 -17.2 34 0 14.1 17.2 2.5 2.5 2 1 1 3 3
-3207.2 -6919.5 -17.2 214 0 11.5 17.9 2.5 2.5 2 1 1 0 0
-3232.0 -6948.3 -17.2 124 0 4.7 11.6 2.5 2.5 2 1 1 3 3
-3013.8 -6896.2 -17.5 224 0 11.0 16.0 2.5 2.5 2 1 1 5 5
-2971.2 -6776.3 -18.1 44 0 7.5 18.4 2.5 2.5 2 1 1 5 5
-2930.8 -6704.2 -15.8 44 0 17.2 10.4 2.5 2.5 2 0 1 3 3
-2834.5 -6633.0 -18.1 44 0 8.6 13.3 2.5 2.5 2 1 1 2 2
-2817.7 -6619.6 -18.1 44 0 15.8 17.0 2.5 2.5 2 1 1 0 0
-2772.7 -6540.3 -20.1 44 0 15.7 9.8 2.5 2.5 2 0 1 2 2
-2792.6 -6532.1 -20.8 224 0 12.5 6.3 2.5 2.5 2 0 1 0 0
-2454.7 -6343.7 -12.8 44 0 9.3 12.2 5.0 2.5 2 1 2 5 5
-2442.4 -6301.1 -12.8 314 0 16.0 8.1 5.0 2.5 2 0 2 0 0
-2445.7 -6326.3 -12.8 44 0 8.8 17.1 5.0 2.5 4 1 2 0 0
-2470.1 -6304.9 -12.9 224 0 8.6 9.9 5.0 0.0 0 1 2 2 2
-2482.0 -6317.2 -13.0 224 0 9.6 5.9 5.0 0.0 0 0 2 5 5
-2474.6 -6323.6 -12.9 224 0 13.2 5.6 5.0 2.5 2 0 2 0 0
-2486.5 -6374.9 -13.6 44 0 23.0 10.8 5.0 2.5 2 0 2 5 5
-2525.2 -6315.0 -13.8 44 0 11.9 15.9 2.5 2.5 2 1 1 1 1
-2546.1 -6397.9 -15.1 223 0 10.8 11.5 5.0 2.5 2 1 2 5 5
-2532.6 -6421.0 -15.4 43 0 6.8 11.0 5.0 2.5 2 1 2 1 1
-2564.1 -6429.0 -16.0 134 0 13.5 9.8 5.0 2.5 4 0 2 4 4
-2569.6 -6447.0 -16.5 134 0 12.9 8.3 5.0 2.5 2 0 2 1 1
-2594.0 -6343.5 -14.7 224 0 10.4 5.0 2.5 2.5 2 0 1 4 4
-2586.3 -6349.2 -14.7 224 0 11.3 8.0 2.5 2.5 2 0 1 1 1
-2608.1 -6372.0 -15.2 223 0 10.1 9.2 2.5 2.5 2 0 1 2 2
-2606.7 -6398.2 -15.5 44 0 9.6 14.1 2.5 2.5 2 1 1 4 4
-2581.4 -6405.3 -15.6 224 0 7.2 11.8 5.0 2.5 4 1 2 3 3
-2592.6 -6426.6 -16.1 134 0 15.1 9.4 5.0 2.5 2 0 2 3 3
-2615.1 -6433.0 -16.8 224 0 7.0 21.5 5.0 0.0 0 1 2 1 1
-2582.4 -6458.5 -17.4 314 0 16.4 9.4 5.0 2.5 2 0 2 3 3
-2629.9 -6418.6 -16.0 44 0 14.5 8.5 2.5 2.5 4 0 1 5 5
-2648.3 -6426.5 -15.9 44 0 10.7 10.3 2.5 2.5 2 0 1 1 1
-2680.6 -6404.1 -17.6 224 0 12.2 9.6 2.5 2.5 2 0 1 1 1
-2654.8 -6437.8 -16.0 43 0 5.8 17.1 2.5 2.5 2 1 1 5 5
-2662.1 -6449.3 -17.1 44 0 7.7 15.2 2.5 2.5 2 1 1 5 5
-2627.6 -6450.0 -16.9 224 0 8.0 11.4 5.0 2.5 2 1 2 3 3
-2601.5 -6474.6 -17.5 44 0 9.8 9.5 5.0 2.5 2 0 2 3 3
-2647.5 -6464.4 -16.6 217 0 10.4 13.8 5.0 2.5 2 1 2 0 0
-2620.4 -6494.4 -16.8 37 0 8.6 9.8 5.0 0.0 0 1 2 5 5
-2444.2 -6437.8 -14.8 37 0 20.8 13.9 2.5 2.5 2 0 1 4 4
-2494.9 -6489.0 -16.4 37 0 10.9 15.7 2.5 2.5 2 1 1 1 1
-2514.0 -6435.1 -15.4 217 0 10.0 17.3 2.5 2.5 2 1 1 3 3
-2496.7 -6422.4 -14.8 217 0 13.5 20.6 2.5 2.5 2 1 1 4 4
-2473.0 -6391.8 -13.7 217 0 18.3 14.2 2.5 2.5 2 0 1 3 3
-2451.5 -6402.6 -13.9 217 0 20.0 8.0 2.5 2.5 2 0 1 3 3
-2422.7 -6414.8 -14.2 37 0 22.5 17.0 2.5 2.5 2 0 1 0 0
-2257.5 -6434.1 -9.9 37 0 10.8 18.2 2.5 2.5 2 1 1 5 5
-2379.1 -6338.4 -12.3 127 0 8.2 7.9 5.0 2.5 2 0 2 1 1
-2356.3 -6302.7 -12.6 217 0 11.9 7.5 5.0 0.0 0 0 2 1 1
-2388.0 -6311.7 -12.3 217 0 9.0 9.8 5.0 2.5 2 1 2 2 2
-2369.7 -6323.7 -12.5 127 0 14.4 9.2 5.0 2.5 2 0 2 5 5
-2321.1 -6319.1 -12.9 217 0 7.3 13.0 2.5 2.5 2 1 1 0 0
-2315.6 -6337.5 -13.1 217 0 10.1 13.8 2.5 2.5 2 1 1 4 4
-2326.8 -6356.4 -12.9 224 0 6.5 12.1 2.5 2.5 2 1 1 0 0
-2317.5 -6384.8 -12.9 314 0 12.2 12.6 2.5 2.5 2 1 1 4 4
-2345.0 -6372.3 -12.7 224 0 11.0 14.3 2.5 2.5 2 1 1 1 1
-2354.9 -6395.7 -11.7 224 0 7.8 27.0 2.5 0.0 0 1 1 2 2
-2310.0 -6470.8 -9.7 134 0 6.5 16.5 2.5 2.5 2 1 1 2 2
-2389.6 -6474.3 -12.7 44 0 11.4 13.5 2.5 2.5 2 1 1 1 1
-2422.1 -6440.1 -14.0 224 0 9.3 18.6 2.5 2.5 2 1 1 3 3
-2440.6 -6465.8 -14.5 224 0 8.9 13.5 2.5 2.5 2 1 1 0 0
-2425.1 -6478.3 -13.7 224 0 9.4 12.0 2.5 2.5 2 1 1 2 2
-2428.3 -6505.2 -13.9 44 0 7.5 9.8 2.5 2.5 2 1 1 5 5
-2442.9 -6489.4 -14.3 224 0 11.3 6.8 2.5 2.5 2 0 1 3 3
-2467.4 -6493.8 -15.3 224 0 9.4 19.4 2.5 0.0 0 1 1 4 4
-2468.1 -6535.8 -14.6 134 0 14.3 10.5 2.5 2.5 2 0 1 5 5
-2450.3 -6562.3 -13.3 134 0 11.8 9.2 2.5 2.5 2 0 1 2 2
-2445.7 -6613.0 -11.4 314 0 11.9 7.6 5.0 2.5 2 0 2 4 4
-2473.4 -6576.4 -13.1 314 0 9.8 8.4 5.0 2.5 2 0 2 3 3
-2500.7 -6659.3 -10.7 134 0 11.1 13.6 5.0 2.5 2 1 2 4 4
-2517.0 -6596.8 -12.8 224 0 7.1 10.6 5.0 2.5 2 1 2 3 3
-2507.6 -6622.7 -12.1 134 0 6.3 10.4 5.0 2.5 2 1 2 4 4
-2531.3 -6607.3 -12.6 224 0 9.8 6.2 5.0 0.0 0 0 2 0 0
-2522.0 -6587.9 -13.2 224 0 11.3 7.2 5.0 2.5 2 0 2 2 2
-2535.2 -6510.0 -16.6 314 0 13.5 24.2 5.0 2.5 2 1 2 2 2
-2557.4 -6543.8 -15.4 44 0 8.9 16.1 5.0 2.5 2 1 2 3 3
-2605.4 -6538.7 -15.3 224 0 9.0 12.9 5.0 2.5 2 1 2 4 4
-2616.1 -6545.9 -15.2 224 0 9.1 14.6 5.0 2.5 2 1 2 1 1
-2577.6 -6636.9 -11.9 224 0 7.3 10.0 5.0 2.5 2 1 2 5 5
-2616.7 -6621.5 -13.9 44 0 12.0 15.4 5.0 2.5 2 1 2 5 5
-2641.2 -6567.6 -15.3 224 0 12.9 6.3 5.0 0.0 0 0 2 2 2
-2658.8 -6582.6 -15.4 224 0 11.7 9.7 5.0 0.0 0 0 2 4 4
-2664.8 -6677.0 -15.8 44 0 8.6 12.5 5.0 0.0 0 1 2 4 4
-2636.7 -6641.6 -14.8 44 0 10.0 10.1 5.0 2.5 2 1 2 0 0
-2598.5 -6656.2 -11.4 224 0 9.6 8.5 5.0 2.5 4 0 2 5 5
-2606.8 -6675.8 -11.2 224 0 7.7 9.5 5.0 2.5 2 1 2 1 1
-2620.3 -6697.9 -12.1 224 0 17.0 9.4 5.0 2.5 2 0 2 2 2
-2744.4 -6736.6 -15.7 44 0 8.8 11.8 5.0 2.5 2 1 2 0 0
-2727.5 -6726.7 -15.6 44 0 12.4 10.3 5.0 2.5 2 0 2 1 1
-2687.5 -6704.5 -15.8 134 0 10.7 16.6 5.0 2.5 4 1 2 2 2
-2699.9 -6695.6 -15.7 134 0 4.4 11.4 5.0 2.5 2 1 2 0 0
-2734.3 -6661.0 -15.2 134 0 9.5 9.4 5.0 2.5 2 0 2 1 1
-2758.4 -6636.3 -15.6 134 0 15.4 8.2 5.0 2.5 2 0 2 2 2
-2770.4 -6595.9 -16.2 224 0 9.5 14.1 5.0 2.5 2 1 2 5 5
-2787.3 -6605.4 -16.2 224 0 10.3 13.7 5.0 2.5 2 1 2 1 1
-2745.2 -6567.3 -16.3 224 0 10.4 18.3 5.0 2.5 2 1 2 4 4
-2712.4 -6604.4 -15.8 44 0 10.6 17.7 5.0 2.5 2 1 2 3 3
-2692.9 -6569.3 -15.8 44 0 9.6 7.2 5.0 0.0 0 0 2 3 3
-2685.2 -6577.3 -15.6 44 0 11.3 7.6 5.0 2.5 2 0 2 4 4
-2699.2 -6540.9 -16.1 224 0 12.6 13.5 5.0 2.5 4 1 2 1 1
-2700.8 -6484.4 -19.3 44 0 9.1 14.2 2.5 2.5 2 1 1 4 4
-2715.0 -6493.9 -19.8 44 0 9.1 15.4 2.5 2.5 2 1 1 3 3
-2770.0 -6515.2 -20.7 224 0 9.3 13.1 2.5 2.5 4 1 1 3 3
-2762.0 -6501.2 -21.0 224 0 9.9 27.4 2.5 2.5 2 1 1 1 1
-2745.0 -6541.1 -19.0 44 0 10.6 16.9 2.5 2.5 2 1 1 3 3
-2806.5 -6540.6 -20.7 224 0 8.3 19.2 2.5 2.5 2 1 1 5 5
-2766.2 -6557.7 -19.0 44 0 9.3 13.9 2.5 2.5 2 1 1 4 4
-2775.6 -6571.1 -18.5 44 0 6.1 13.4 2.5 2.5 2 1 1 5 5
-2786.7 -6593.3 -18.1 44 0 6.4 19.9 2.5 2.5 2 1 1 5 5
-2790.6 -6574.5 -19.3 44 0 8.1 19.0 2.5 2.5 4 1 1 1 1
-2802.8 -6595.8 -18.3 44 0 9.7 13.9 2.5 2.5 2 1 1 4 4
-2820.4 -6588.1 -19.8 44 0 10.3 15.4 2.5 0.0 0 1 1 1 1
-2909.5 -6756.9 -16.2 134 0 18.5 12.7 5.0 2.5 2 0 2 3 3
-2892.3 -6731.2 -16.0 224 0 13.2 9.9 5.0 2.5 2 0 2 2 2
-2847.2 -6726.5 -16.2 134 0 12.6 10.9 5.0 2.5 2 0 2 1 1
-2854.3 -6683.0 -16.2 224 0 11.2 17.9 5.0 2.5 2 1 2 1 1
-2822.9 -6666.4 -15.8 224 0 17.4 8.1 5.0 2.5 2 0 2 2 2
-2835.4 -6662.1 -16.1 224 0 17.6 9.2 5.0 2.5 2 0 2 3 3
-2943.3 -6655.4 -21.0 224 0 10.7 10.8 2.5 2.5 2 1 1 4 4
-2888.5 -6672.8 -19.5 44 0 7.1 20.9 2.5 2.5 2 1 1 0 0
-2867.0 -6667.0 -18.2 44 0 9.1 15.0 2.5 2.5 2 1 1 2 2
-2857.8 -6648.1 -18.6 44 0 10.9 13.5 2.5 2.5 2 1 1 0 0
-2852.8 -6584.6 -20.6 224 0 11.2 15.4 2.5 2.5 4 1 1 3 3
-2876.3 -6611.1 -20.5 224 0 8.0 11.4 2.5 2.5 2 1 1 1 1
-2886.2 -6620.5 -20.6 224 0 7.6 12.7 2.5 2.5 2 1 1 1 1
-2887.9 -6640.5 -20.6 44 0 7.2 13.1 2.5 2.5 2 1 1 3 3
-2904.0 -6654.0 -20.3 44 0 12.8 7.2 2.5 2.5 2 0 1 4 4
-2896.8 -6687.3 -16.2 39 0 6.9 11.8 2.5 2.5 2 1 1 4 4
-2983.5 -6688.0 -19.6 214 0 9.4 12.6 2.5 2.5 2 1 1 5 5
-2953.4 -6749.6 -18.2 34 0 13.0 14.7 2.5 2.5 4 1 1 3 3
-2980.1 -6785.9 -17.3 34 0 7.5 13.8 2.5 2.5 2 1 1 3 3
-3003.2 -6747.5 -19.6 214 0 13.3 15.2 2.5 2.5 2 1 1 5 5
-3027.9 -6740.9 -20.6 304 0 15.2 12.7 2.5 2.5 2 0 1 3 3
-3002.9 -6767.8 -18.8 34 0 8.7 11.0 2.5 2.5 2 1 1 3 3
-3001.0 -6805.7 -16.8 34 0 8.1 12.4 2.5 2.5 2 1 1 5 5
-2989.4 -6799.4 -16.8 34 0 10.2 16.7 2.5 2.5 2 1 1 3 3
-3030.1 -6843.2 -16.9 34 0 13.3 9.5 2.5 2.5 2 0 1 3 3
-3069.5 -6791.8 -19.6 34 0 7.0 13.4 2.5 2.5 4 1 1 1 1
-3070.4 -6817.1 -18.7 34 0 12.2 21.7 2.5 2.5 2 1 1 0 0
-3088.1 -6823.8 -19.0 34 0 10.4 16.9 2.5 2.5 2 1 1 4 4
-3105.1 -6847.5 -19.0 34 0 8.0 14.1 2.5 2.5 2 1 1 0 0
-3136.4 -6836.8 -20.0 214 0 9.3 13.2 2.5 2.5 4 1 1 1 1
-3120.7 -6865.5 -19.4 34 0 8.4 15.1 2.5 2.5 2 1 1 2 2
-3054.4 -6874.7 -17.2 34 0 10.1 13.7 2.5 2.5 4 1 1 0 0
-3063.4 -6889.6 -17.5 34 0 10.7 14.9 2.5 2.5 2 1 1 2 2
-3095.0 -6894.2 -17.7 214 0 8.8 11.8 2.5 2.5 2 1 1 1 1
-3091.8 -6924.3 -17.6 34 0 9.9 17.6 2.5 2.5 2 1 1 4 4
-3136.0 -6916.4 -17.4 214 0 9.1 13.1 2.5 0.0 0 1 1 2 2
-3143.0 -6924.9 -17.2 214 0 8.8 9.3 2.5 0.0 0 1 1 1 1
-3152.4 -6934.4 -17.2 214 0 7.2 14.3 2.5 2.5 2 1 1 3 3
-2961.2 -6940.9 -16.3 138 0 8.4 14.7 5.0 0.0 0 1 2 4 4
-2926.1 -6904.9 -17.2 224 0 13.2 13.5 5.0 2.5 2 1 2 5 5
-2944.7 -6921.5 -16.6 226 0 12.8 9.9 5.0 2.5 2 0 2 3 3
-2991.6 -6926.0 -17.8 38 0 17.2 9.9 2.5 0.0 0 0 1 4 4
-2963.4 -6888.0 -17.5 51 0 9.3 7.6 2.5 2.5 2 0 1 4 4
-2979.7 -6845.0 -17.0 212 0 9.8 12.8 2.5 2.5 2 1 1 0 0
-2995.3 -6832.9 -16.9 212 0 11.6 16.8 2.5 2.5 2 1 1 4 4
-3011.4 -6851.9 -17.0 212 0 9.9 16.7 2.5 2.5 2 1 1 0 0
-3011.1 -6877.8 -17.3 212 0 11.8 16.9 2.5 2.5 2 1 1 2 2
-3019.9 -6949.9 -17.8 122 0 9.4 13.8 2.5 0.0 0 1 1 4 4
-3048.0 -6905.4 -17.5 212 0 14.9 15.4 2.5 2.5 2 1 1 2 2
-3072.1 -6932.9 -17.8 212 0 15.1 22.8 2.5 2.5 2 1 1 4 4
5712.7 6948.6 -12.2 229 0 6.2 12.3 7.5 0.0 0 1 3 0 0
5687.7 6926.8 -10.3 229 0 8.0 11.6 2.5 2.5 2 1 1 5 5
5665.2 6909.8 -10.3 229 0 8.0 11.2 5.0 2.5 2 1 2 3 3
5636.8 6887.5 -11.3 229 0 7.8 13.3 2.5 2.5 2 1 1 4 4
5618.1 6867.8 -11.6 229 0 7.8 11.4 7.5 2.5 2 1 3 1 1
5592.6 6849.9 -11.4 229 0 7.8 13.7 5.0 2.5 2 1 2 3 3
5571.3 6830.6 -11.2 229 0 8.5 10.8 7.5 2.5 2 1 3 0 0
5553.7 6791.5 -10.8 49 0 6.0 10.2 5.0 2.5 2 1 2 5 5
5515.0 6773.5 -10.2 49 0 8.5 10.4 2.5 2.5 2 1 1 5 5
5474.1 6740.2 -9.7 49 0 7.9 11.0 7.5 2.5 2 1 3 1 1
5325.1 6649.7 -9.8 39 0 8.0 10.3 2.5 2.5 2 1 1 2 2
5165.1 6492.3 -16.3 32 0 6.3 11.3 5.0 2.5 2 1 2 0 0
5138.4 6450.1 -11.8 32 0 7.3 11.2 5.0 2.5 2 1 2 3 3
-2176.6 -6308.6 -8.8 125 0 4.8 10.4 5.0 2.5 2 1 2 2 2
-2223.8 -6380.8 -9.4 304 0 16.1 7.8 2.5 2.5 4 0 1 2 2
-2263.2 -6129.1 -13.7 43 0 6.5 10.3 5.0 2.5 4 1 2 0 0
-2246.9 -6094.7 -12.9 220 0 9.9 6.8 5.0 2.5 2 0 2 3 3
-2184.3 -6112.2 -13.1 305 0 17.1 10.3 5.0 2.5 2 0 2 0 0
