5029.1 1728.3 -9.0 7 0 10.3 11.2 2.5 2.5 2 1 1 1 1
4981.3 1751.4 -7.3 70 0 9.4 4.5 2.5 2.5 2 0 1 0 0
4966.2 1725.7 -7.2 75 0 9.3 12.9 2.5 2.5 2 1 1 4 4
4988.0 1706.5 -8.1 258 0 7.2 13.8 2.5 2.5 2 1 1 3 3
4975.5 1712.6 -7.9 252 0 7.7 14.2 2.5 0.0 0 1 1 4 4
4965.8 1710.2 -7.5 250 0 6.6 9.8 2.5 2.5 2 1 1 4 4
4957.2 1707.2 -7.1 257 0 6.0 9.8 2.5 2.5 2 1 1 4 4
4951.3 1721.6 -6.6 73 0 8.2 14.9 2.5 2.5 2 1 1 1 1
4935.0 1702.1 -6.3 250 0 9.1 9.5 2.5 2.5 2 1 1 4 4
4932.1 1717.7 -5.8 75 0 7.9 15.3 2.5 2.5 2 1 1 3 3
4908.7 1711.6 -4.8 74 0 6.0 5.9 2.5 2.5 2 0 1 3 3
4893.1 1705.6 -4.1 79 0 7.4 10.6 2.5 0.0 0 1 1 3 3
4862.6 1698.0 -3.9 73 0 12.7 16.8 2.5 2.5 2 1 1 2 2
4859.1 1764.5 -3.9 272 0 10.4 18.3 2.5 2.5 2 1 1 4 4
4914.5 1778.5 -5.2 90 0 8.6 8.5 2.5 2.5 2 0 1 3 3
4872.5 1779.5 -5.6 90 0 8.7 8.0 2.5 2.5 2 0 1 2 2
4853.3 1780.2 -5.6 91 0 7.5 7.3 2.5 2.5 2 0 1 4 4
4834.8 1779.6 -5.9 87 0 7.2 14.5 2.5 2.5 2 1 1 4 4
4812.4 1779.7 -5.5 90 0 7.2 7.0 2.5 2.5 2 0 1 0 0
4804.0 1761.1 -4.1 273 0 8.5 10.3 2.5 2.5 2 1 1 4 4
4778.9 1766.1 -5.0 270 0 7.1 15.9 2.5 2.5 2 1 1 5 5
4796.3 1779.0 -6.1 85 0 7.7 17.5 2.5 2.5 2 1 1 0 0
4773.2 1778.3 -6.3 90 0 9.3 12.5 2.5 2.5 2 1 1 1 1
4754.5 1724.2 -6.4 81 0 11.7 7.8 2.5 2.5 2 0 1 5 5
4765.1 1762.1 -5.6 270 0 7.2 10.1 2.5 2.5 2 1 1 1 1
4742.3 1739.6 -6.5 157 0 7.3 8.1 2.5 2.5 2 1 1 2 2
4755.0 1781.3 -6.9 88 0 7.3 8.6 2.5 2.5 2 1 1 5 5
4740.2 1758.4 -6.5 256 0 7.0 6.0 2.5 2.5 2 0 1 0 0
4705.1 1776.1 -7.8 68 0 13.8 19.0 2.5 2.5 2 1 1 1 1
4665.9 1790.6 -7.9 184 0 10.6 23.7 2.5 2.5 2 1 1 1 1
4555.0 1632.1 -6.3 29 0 5.7 7.5 2.5 2.5 2 1 1 1 1
4579.8 1629.1 -7.4 206 0 5.9 13.1 2.5 2.5 2 1 1 4 4
4570.0 1625.4 -6.9 213 0 5.0 10.2 2.5 2.5 2 1 1 0 0
4532.3 1606.2 -5.3 23 0 9.1 8.0 2.5 2.5 2 0 1 1 1
4538.2 1603.0 -5.4 23 0 9.4 4.9 2.5 2.5 2 0 1 0 0
4551.5 1589.8 -5.4 204 0 7.4 10.1 2.5 2.5 2 1 1 3 3
4522.7 1566.1 -4.1 30 0 10.5 9.0 2.5 2.5 2 0 1 3 3
4538.6 1557.6 -5.2 211 0 10.2 11.5 2.5 2.5 2 1 1 5 5
4528.9 1544.2 -5.2 212 0 5.7 13.4 2.5 2.5 2 1 1 4 4
4522.4 1535.8 -5.0 213 0 10.6 9.4 2.5 2.5 2 0 1 3 3
4515.3 1521.8 -4.9 209 0 5.6 10.5 2.5 2.5 2 1 1 2 2
4501.5 1528.0 -4.3 29 0 10.5 13.5 2.5 2.5 2 1 1 0 0
4487.5 1506.6 -4.3 30 0 7.1 12.3 2.5 2.5 2 1 1 1 1
4470.1 1486.1 -3.7 31 0 7.5 10.7 2.5 2.5 2 1 1 2 2
4476.4 1480.7 -4.0 31 0 8.0 6.2 2.5 2.5 2 0 1 5 5
4469.8 1422.3 -3.4 200 0 7.4 9.5 2.5 2.5 2 1 1 2 2
5291.6 1627.5 -5.7 44 0 10.3 11.2 5.0 2.5 2 1 2 5 5
5302.4 1653.0 -5.1 267 0 7.2 8.3 5.0 2.5 4 1 2 3 3
5313.2 1653.6 -4.4 273 0 3.8 6.0 5.0 2.5 2 1 2 0 0
5318.4 1660.0 -4.4 258 0 8.6 7.8 5.0 2.5 2 0 2 5 5
5339.0 1663.7 -3.4 260 0 8.5 7.0 5.0 2.5 4 0 2 1 1
5365.0 1670.2 -3.8 260 0 8.5 7.0 5.0 2.5 2 0 2 2 2
5385.0 1672.4 -4.1 260 0 8.5 7.0 5.0 2.5 2 0 2 5 5
5409.3 1677.2 -4.6 260 0 8.5 7.0 5.0 2.5 2 0 2 4 4
5425.2 1683.3 -4.8 270 0 8.6 10.3 5.0 2.5 2 1 2 5 5
5451.1 1706.9 -5.3 80 0 8.5 7.0 2.5 2.5 2 0 1 1 1
5468.7 1691.8 -5.1 260 0 8.5 7.0 5.0 2.5 2 0 2 3 3
5500.7 1691.3 -5.0 260 0 8.5 7.0 5.0 2.5 2 0 2 0 0
5517.4 1688.9 -4.8 260 0 8.5 7.0 5.0 2.5 2 0 2 4 4
5514.4 1710.6 -4.9 90 0 6.9 8.5 2.5 2.5 2 1 1 1 1
5530.6 1709.2 -4.5 90 0 6.9 8.5 2.5 0.0 0 1 1 5 5
5543.7 1706.1 -4.5 90 0 6.9 8.5 2.5 2.5 2 1 1 1 1
5568.1 1698.6 -5.2 90 0 6.9 8.5 2.5 0.0 0 1 1 2 2
5581.9 1673.1 -5.7 270 0 6.9 8.5 5.0 0.0 0 1 2 1 1
5592.7 1673.7 -6.0 270 0 6.9 8.5 5.0 0.0 0 1 2 0 0
5632.2 1683.3 -6.6 90 0 6.9 8.5 2.5 2.5 2 1 1 0 0
5653.6 1679.4 -7.1 90 0 6.9 8.5 2.5 2.5 2 1 1 1 1
5676.4 1671.0 -7.6 90 0 6.9 8.5 2.5 2.5 2 1 1 2 2
5690.0 1666.4 -7.9 90 0 6.9 8.5 2.5 2.5 2 1 1 4 4
5677.6 1681.4 -7.4 90 0 6.9 8.5 2.5 2.5 2 1 1 5 5
5793.5 1641.5 -7.2 90 0 6.9 8.5 5.0 2.5 2 1 2 4 4
5843.2 1596.2 -6.8 270 0 6.9 8.5 5.0 2.5 2 1 2 2 2
5861.3 1543.8 -6.7 103 0 8.3 16.8 5.0 0.0 0 1 2 3 3
5889.6 1569.2 -7.0 282 0 9.3 26.0 5.0 2.5 2 1 2 0 0
5911.7 1571.0 -7.1 283 0 6.9 8.5 5.0 2.5 2 1 2 3 3
5948.3 1601.2 -7.4 13 0 8.5 6.9 5.0 2.5 2 0 2 5 5
5949.6 1552.4 -7.6 283 0 6.9 8.5 5.0 2.5 2 1 2 2 2
5969.8 1546.4 -7.5 283 0 6.9 8.5 5.0 2.5 2 1 2 5 5
5981.5 1541.9 -7.4 283 0 6.9 8.5 5.0 0.0 0 1 2 3 3
5992.5 1536.4 -7.4 283 0 6.9 8.5 5.0 2.5 2 1 2 2 2
6034.9 1557.3 -8.0 103 0 6.9 8.5 5.0 2.5 2 1 2 4 4
6078.7 1582.3 -8.3 283 0 6.9 8.5 5.0 2.5 2 1 2 4 4
5981.9 1507.1 -6.9 193 0 8.5 6.9 5.0 2.5 2 0 2 3 3
5975.2 1476.9 -6.4 193 0 8.5 6.9 5.0 2.5 2 0 2 3 3
5972.8 1457.6 -6.0 193 0 8.5 6.9 5.0 2.5 2 0 2 0 0
5983.1 1454.7 -6.0 193 0 8.5 6.9 5.0 2.5 4 0 2 4 4
6008.3 1274.8 -4.2 211 0 14.7 7.2 2.5 2.5 2 0 1 0 0
6017.2 1288.7 -4.4 211 0 14.7 7.2 2.5 2.5 2 0 1 3 3
6028.0 1303.0 -4.5 211 0 14.7 7.2 2.5 2.5 2 0 1 5 5
6035.5 1314.2 -4.6 213 0 7.2 14.7 2.5 2.5 2 1 1 2 2
6048.3 1338.7 -5.0 207 0 10.5 8.6 2.5 2.5 2 0 1 4 4
6058.7 1351.9 -5.1 207 0 10.5 8.6 2.5 0.0 0 0 1 2 2
6064.3 1362.4 -5.2 207 0 10.5 8.6 2.5 0.0 0 0 1 0 0
6073.8 1375.0 -5.4 207 0 10.5 8.6 2.5 2.5 2 0 1 0 0
6085.5 1341.8 -4.4 117 0 8.6 10.5 2.5 2.5 2 1 1 1 1
6106.0 1334.2 -4.1 117 0 8.6 10.5 2.5 0.0 0 1 1 5 5
6118.5 1325.6 -4.0 117 0 8.6 10.5 2.5 2.5 2 1 1 4 4
6132.7 1320.7 -4.0 117 0 8.6 10.5 2.5 2.5 2 1 1 4 4
6147.1 1323.9 -4.1 117 0 8.6 10.5 2.5 2.5 2 1 1 0 0
6166.6 1350.7 -4.8 27 0 10.5 8.6 2.5 2.5 4 0 1 5 5
6132.1 1398.4 -5.3 297 0 8.6 10.5 2.5 2.5 2 1 1 2 2
6134.4 1486.7 -7.2 297 0 8.6 10.5 2.5 0.0 0 1 1 4 4
6122.2 1570.0 -8.0 297 0 8.6 10.5 5.0 2.5 2 1 2 0 0
6123.4 1536.2 -7.7 117 0 8.6 10.5 5.0 2.5 2 1 2 1 1
6117.0 1520.5 -7.7 117 0 8.6 10.5 5.0 2.5 2 1 2 3 3
6102.2 1528.3 -7.9 117 0 8.6 10.5 5.0 2.5 2 1 2 4 4
6142.5 1549.0 -7.5 297 0 8.6 10.5 5.0 2.5 2 1 2 5 5
6191.5 1476.7 -7.0 117 0 8.6 10.5 5.0 2.5 2 1 2 3 3
6208.2 1470.8 -7.0 117 0 8.6 10.5 5.0 2.5 4 1 2 2 2
6226.6 1465.0 -7.0 117 0 8.6 10.5 5.0 2.5 2 1 2 1 1
6241.7 1455.2 -7.2 117 0 8.6 10.5 5.0 2.5 2 1 2 4 4
6265.0 1449.0 -7.4 117 0 8.6 10.5 5.0 2.5 2 1 2 3 3
6256.2 1426.1 -6.9 297 0 8.6 10.5 2.5 2.5 2 1 1 5 5
6268.1 1417.9 -6.7 297 0 8.6 10.5 2.5 2.5 2 1 1 3 3
6283.2 1436.0 -7.4 117 0 8.6 10.5 5.0 2.5 2 1 2 0 0
6304.1 1423.5 -6.8 117 0 8.6 10.5 5.0 0.0 0 1 2 3 3
6329.9 1416.3 -6.2 27 0 10.5 8.6 5.0 2.5 2 0 2 2 2
6299.6 1399.1 -6.1 297 0 8.6 10.5 2.5 2.5 2 1 1 3 3
6284.3 1407.7 -6.1 297 0 8.6 10.5 2.5 2.5 2 1 1 2 2
6316.3 1383.6 -5.8 27 0 10.5 8.6 2.5 0.0 0 0 1 2 2
6335.4 1410.5 -5.7 207 0 10.5 8.6 2.5 0.0 0 0 1 5 5
6361.0 1393.3 -5.5 117 0 8.6 10.5 2.5 2.5 2 1 1 0 0
6344.8 1371.1 -4.9 297 0 8.6 10.5 5.0 2.5 2 1 2 1 1
6362.6 1363.6 -5.0 297 0 8.6 10.5 5.0 2.5 2 1 2 2 2
6379.9 1382.7 -6.0 117 0 8.6 10.5 2.5 2.5 2 1 1 3 3
6391.3 1375.9 -6.2 117 0 8.6 10.5 2.5 2.5 2 1 1 5 5
6376.2 1355.3 -5.4 297 0 8.6 10.5 5.0 2.5 2 1 2 3 3
6388.3 1344.1 -5.8 297 0 8.6 10.5 5.0 2.5 4 1 2 2 2
6408.0 1367.7 -6.5 117 0 8.6 10.5 2.5 2.5 2 1 1 5 5
6419.5 1354.5 -6.5 117 0 8.6 10.5 2.5 2.5 2 1 1 3 3
6410.5 1337.0 -6.3 297 0 8.6 10.5 5.0 2.5 2 1 2 4 4
6479.0 1375.0 -8.9 27 0 10.5 8.6 2.5 2.5 2 0 1 0 0
6489.6 1380.4 -9.8 117 0 8.6 10.5 2.5 2.5 2 1 1 3 3
6491.0 1316.6 -9.0 117 0 8.6 10.5 5.0 2.5 2 1 2 0 0
6512.3 1299.5 -9.8 117 0 8.6 10.5 5.0 2.5 2 1 2 2 2
6581.9 1400.3 -10.4 70 0 8.6 10.5 5.0 2.5 2 1 2 2 2
6600.0 1411.1 -9.8 70 0 8.6 10.5 5.0 2.5 2 1 2 2 2
6625.1 1424.2 -9.1 70 0 8.6 10.5 5.0 2.5 2 1 2 0 0
6644.7 1422.7 -8.6 70 0 8.6 10.5 5.0 2.5 4 1 2 3 3
6654.0 1433.4 -8.3 70 0 8.6 10.5 5.0 2.5 2 1 2 4 4
6675.2 1438.0 -7.7 70 0 8.6 10.5 5.0 2.5 4 1 2 0 0
6698.0 1451.5 -7.0 70 0 8.6 10.5 5.0 2.5 4 1 2 5 5
6671.7 1530.7 -6.4 340 0 10.5 8.6 2.5 2.5 2 0 1 4 4
6695.5 1542.6 -5.8 160 0 10.5 8.6 2.5 2.5 2 0 1 3 3
6737.8 1441.2 -6.5 250 0 8.6 10.5 5.0 2.5 2 1 2 3 3
6722.1 1441.6 -6.8 250 0 8.6 10.5 5.0 2.5 2 1 2 0 0
6707.1 1429.6 -7.4 250 0 8.6 10.5 5.0 2.5 2 1 2 1 1
6684.3 1421.7 -8.1 250 0 8.6 10.5 5.0 2.5 2 1 2 4 4
6662.0 1411.1 -8.8 250 0 8.6 10.5 5.0 0.0 0 1 2 2 2
6639.8 1403.7 -9.4 250 0 8.6 10.5 5.0 2.5 2 1 2 4 4
6619.9 1388.6 -10.2 250 0 8.6 10.5 5.0 2.5 2 1 2 3 3
6600.1 1387.4 -10.6 250 0 8.6 10.5 5.0 0.0 0 1 2 5 5
6788.5 1462.1 -5.0 250 0 8.6 10.5 5.0 2.5 2 1 2 3 3
6772.0 1482.7 -4.9 70 0 8.6 10.5 5.0 2.5 2 1 2 0 0
6737.1 1465.8 -5.9 70 0 8.6 10.5 5.0 2.5 2 1 2 1 1
6790.4 1484.3 -4.5 340 0 10.5 8.6 5.0 2.5 2 0 2 2 2
6826.7 1475.0 -4.3 250 0 8.6 10.5 5.0 2.5 2 1 2 4 4
6807.0 1497.7 -3.8 70 0 8.6 10.5 5.0 2.5 4 1 2 1 1
6823.9 1501.8 -1.4 70 0 8.6 10.5 5.0 2.5 4 1 2 2 2
6850.3 1483.0 -4.7 250 0 8.6 10.5 5.0 2.5 2 1 2 3 3
6861.4 1492.0 -4.4 250 0 8.6 10.5 5.0 2.5 2 1 2 5 5
6846.5 1516.5 0.2 70 0 8.6 10.5 5.0 2.5 2 1 2 3 3
6861.7 1521.6 0.7 70 0 8.6 10.5 5.0 2.5 2 1 2 0 0
6872.7 1531.9 1.8 70 0 8.6 10.5 5.0 2.5 2 1 2 0 0
6909.0 1507.8 -2.9 340 0 10.5 8.6 5.0 2.5 2 0 2 5 5
6902.2 1547.0 3.1 53 0 8.3 27.8 5.0 2.5 2 1 2 4 4
6718.4 1469.6 -6.2 153 0 28.9 13.1 5.0 2.5 2 0 2 1 1
6390.8 1358.6 -5.6 296 0 15.0 9.6 5.0 2.5 2 0 2 5 5
6296.8 1337.9 -6.5 20 0 8.6 10.4 2.5 2.5 2 1 1 1 1
6286.6 1303.6 -6.8 20 0 8.6 10.4 2.5 2.5 2 1 1 2 2
6274.6 1267.2 -7.1 20 0 8.7 10.4 2.5 2.5 4 1 1 4 4
6290.9 1258.9 -6.4 200 0 8.7 10.4 5.0 2.5 2 1 2 0 0
6298.7 1284.0 -6.2 200 0 8.6 10.4 5.0 2.5 2 1 2 4 4
6251.0 1229.6 -7.3 20 0 8.7 10.4 2.5 2.5 2 1 1 3 3
6239.1 1179.6 -7.7 20 0 8.6 10.4 2.5 2.5 2 1 1 0 0
6259.8 1184.0 -7.5 200 0 8.6 10.4 5.0 2.5 2 1 2 1 1
6250.0 1135.5 -8.3 200 0 8.6 10.4 5.0 2.5 2 1 2 0 0
6089.7 1368.2 -4.8 206 0 11.2 25.4 2.5 2.5 2 1 1 3 3
6093.7 1548.3 -8.2 114 0 37.1 15.3 5.0 2.5 4 0 2 0 0
6016.2 1525.3 -7.4 291 0 11.0 42.5 5.0 2.5 2 1 2 5 5
6036.8 1526.6 -7.6 294 0 17.1 11.0 5.0 2.5 2 0 2 1 1
6032.6 1454.5 -6.8 28 0 12.5 26.4 5.0 2.5 2 1 2 3 3
5983.9 1426.0 -6.0 206 0 11.2 25.4 5.0 2.5 2 1 2 5 5
5950.3 1396.1 -5.1 206 0 11.2 25.4 5.0 2.5 2 1 2 2 2
5985.6 1372.4 -5.4 116 0 25.4 11.2 5.0 2.5 2 0 2 4 4
6028.0 1362.0 -5.6 27 0 10.5 8.6 5.0 2.5 2 0 2 5 5
6033.5 1372.4 -5.8 27 0 10.5 8.6 5.0 2.5 2 0 2 2 2
6026.2 1399.1 -6.0 27 0 10.5 8.6 5.0 2.5 2 0 2 3 3
6045.7 1383.4 -5.9 27 0 10.5 8.6 5.0 2.5 2 0 2 3 3
6050.1 1395.0 -6.1 27 0 10.5 8.6 5.0 2.5 2 0 2 3 3
6057.7 1411.1 -6.3 27 0 10.5 8.6 5.0 2.5 2 0 2 1 1
