-5101.9 2529.5 -125.0 329 0 10.5 34.9 10.5 3.5 2 1 3 2 2
-2454.1 -520.4 -303.5 17 0 10.2 11.3 5.0 2.5 2 1 2 4 4
-2459.4 -536.7 -303.6 17 0 10.2 11.3 7.5 2.5 2 1 3 4 4
-5114.6 2498.6 -127.2 59 0 5.4 10.5 10.5 3.5 2 1 3 4 4
-4992.2 3502.9 12.1 43 0 6.3 6.3 10.5 3.5 2 1 3 3 3
-5000.5 3496.1 12.1 43 0 6.3 6.3 10.5 0.0 0 1 3 2 2
-5014.1 3486.0 11.9 66 0 19.2 6.2 10.5 3.5 2 0 3 0 0
-6303.5 3665.7 498.3 153 0 7.7 16.3 7.5 2.5 2 1 3 5 5
-6205.1 3717.7 495.0 333 0 6.1 67.1 7.5 2.5 2 1 3 2 2
-6305.3 3679.9 503.9 153 0 12.9 81.2 10.0 2.5 2 1 4 3 3
-6265.6 3729.5 513.6 243 0 44.7 12.8 12.5 2.5 2 0 5 3 3
-6180.0 3220.0 394.5 43 0 36.5 16.9 15.0 0.0 0 0 6 1 1
-2392.5 -526.5 -293.8 118 0 6.7 10.0 7.5 2.5 2 1 3 2 2
-2536.4 -590.4 -319.5 107 0 11.3 10.2 2.5 2.5 2 0 1 4 4
-2557.0 -578.5 -322.3 197 0 10.2 11.3 7.5 2.5 4 1 3 3 3
-2552.6 -563.1 -319.2 197 0 10.2 11.3 7.5 2.5 2 1 3 3 3
-2532.5 -574.7 -317.0 107 0 11.3 10.2 5.0 2.5 2 0 2 1 1
-2532.2 -553.5 -314.1 197 0 10.2 11.3 7.5 2.5 4 1 3 5 5
-2549.2 -548.4 -316.4 197 0 10.2 11.3 2.5 2.5 2 1 1 4 4
-2545.4 -534.4 -315.8 197 0 10.2 11.3 7.5 2.5 4 1 3 5 5
-2529.2 -539.8 -312.9 197 0 10.2 11.3 7.5 2.5 2 1 3 3 3
-2524.8 -525.0 -313.0 197 0 10.2 11.3 7.5 2.5 2 1 3 0 0
-2446.7 -480.9 -303.2 287 0 11.3 10.2 10.0 0.0 0 0 4 4 4
-2452.9 -497.4 -303.5 287 0 11.3 10.2 5.0 2.5 2 0 2 2 2
-2470.7 -495.1 -305.0 287 0 11.3 10.2 2.5 2.5 2 0 1 1 1
-2507.3 -526.8 -309.8 197 0 10.2 11.3 5.0 2.5 2 1 2 5 5
-2502.2 -512.2 -309.0 197 0 10.2 11.3 10.0 2.5 2 1 4 0 0
-2476.0 -511.0 -305.3 287 0 11.3 10.2 7.5 2.5 2 0 3 0 0
-2477.8 -532.1 -306.0 17 0 10.2 11.3 7.5 2.5 2 1 3 2 2
-2493.4 -566.0 -308.4 107 0 11.3 10.2 5.0 0.0 0 0 2 1 1
-2468.7 -568.8 -304.7 17 0 10.2 11.3 5.0 2.5 2 1 2 3 3
-2464.1 -553.1 -303.6 17 0 10.2 11.3 7.5 2.5 2 1 3 5 5
-2481.6 -548.5 -306.6 17 0 10.2 11.3 5.0 2.5 2 1 2 5 5
-2511.5 -541.0 -309.9 197 0 10.2 11.3 2.5 2.5 2 1 1 1 1
-2511.9 -561.6 -311.4 107 0 11.3 10.2 5.0 2.5 2 0 2 5 5
-2515.9 -577.1 -314.0 107 0 11.3 10.2 7.5 2.5 2 0 3 3 3
-2520.0 -592.8 -316.2 107 0 11.3 10.2 2.5 2.5 2 0 1 2 2
-2501.5 -595.6 -312.5 107 0 11.3 10.2 5.0 2.5 2 0 2 2 2
-2497.8 -580.3 -310.5 107 0 11.3 10.2 7.5 2.5 2 0 3 0 0
-2473.9 -583.6 -307.2 17 0 10.2 11.3 7.5 0.0 0 1 3 0 0
-2485.2 -602.6 -309.6 107 0 11.3 10.2 7.5 2.5 2 0 3 0 0
-5128.5 3142.1 -34.2 161 0 22.6 7.4 10.5 3.5 2 0 3 2 2
-4957.0 2809.0 -78.8 1 0 7.2 14.8 10.5 3.5 2 1 3 3 3
-4978.2 2809.9 -79.6 1 0 8.9 14.8 10.5 3.5 2 1 3 2 2
-3276.1 -892.8 -514.0 27 0 8.5 12.9 5.0 2.5 2 1 2 2 2
-3271.5 -874.1 -511.5 27 0 9.2 10.6 5.0 2.5 2 1 2 0 0
-3293.8 -917.7 -518.3 61 0 7.1 10.1 5.0 2.5 2 1 2 1 1
-3283.0 -903.2 -515.9 26 0 7.2 10.0 5.0 0.0 0 1 2 0 0
-3299.5 -877.9 -515.1 207 0 6.9 9.3 5.0 2.5 2 1 2 1 1
-3291.7 -862.9 -512.9 238 0 8.5 9.6 5.0 0.0 0 1 2 3 3
-3301.0 -887.9 -516.4 219 0 7.1 8.6 5.0 2.5 2 1 2 3 3
-3162.5 -785.9 -483.9 49 0 7.1 8.6 5.0 0.0 0 1 2 4 4
-3230.1 -793.9 -495.9 221 0 7.8 7.7 5.0 2.5 2 0 2 4 4
-3228.2 -820.9 -497.6 32 0 7.1 8.7 5.0 2.5 2 1 2 4 4
-3237.0 -840.9 -501.5 38 0 8.9 14.5 5.0 2.5 2 1 2 3 3
-3277.3 -827.6 -506.7 181 0 8.6 21.0 5.0 2.5 2 1 2 0 0
-3091.6 -723.6 -469.7 243 0 6.3 11.1 5.0 0.0 0 1 2 0 0
-3096.1 -768.5 -467.9 51 0 7.1 8.6 5.0 2.5 2 1 2 0 0
-3107.5 -778.8 -469.2 51 0 7.1 8.6 5.0 0.0 0 1 2 2 2
-3121.0 -788.2 -473.9 57 0 7.1 8.6 5.0 0.0 0 1 2 4 4
-3134.6 -797.2 -477.6 57 0 7.1 8.6 5.0 2.5 2 1 2 0 0
-3111.6 -735.8 -467.9 237 0 7.1 8.6 5.0 2.5 2 1 2 4 4
-3122.8 -745.7 -473.5 237 0 7.1 8.6 5.0 2.5 2 1 2 4 4
-3136.0 -755.5 -476.9 237 0 7.1 8.6 5.0 2.5 2 1 2 2 2
-3461.8 -998.6 -518.8 295 0 12.1 8.8 2.5 2.5 2 0 1 3 3
-3424.3 -882.0 -506.7 25 0 8.8 12.1 5.0 0.0 0 1 2 0 0
-3427.7 -891.7 -506.8 25 0 8.8 12.1 5.0 2.5 4 1 2 2 2
-3431.4 -902.1 -507.7 25 0 8.8 12.1 5.0 2.5 2 1 2 3 3
-3433.7 -911.7 -509.6 6 0 8.8 12.0 5.0 2.5 2 1 2 3 3
-3434.6 -921.5 -511.5 6 0 8.8 12.0 5.0 2.5 2 1 2 0 0
-3435.7 -933.0 -513.4 11 0 8.8 12.0 5.0 2.5 2 1 2 5 5
-3438.5 -974.7 -518.5 11 0 8.8 12.0 5.0 2.5 2 1 2 4 4
-3437.0 -964.4 -517.7 11 0 8.8 12.0 5.0 2.5 4 1 2 1 1
-3435.4 -953.1 -517.0 11 0 8.8 12.0 5.0 2.5 2 1 2 4 4
-3433.9 -944.1 -516.5 11 0 8.8 12.0 5.0 2.5 2 1 2 4 4
-3459.2 -939.5 -510.1 191 0 8.8 12.0 5.0 2.5 2 1 2 1 1
-3460.5 -948.8 -510.7 191 0 8.8 12.0 5.0 2.5 2 1 2 5 5
-3461.6 -958.7 -511.8 191 0 8.8 12.0 5.0 2.5 2 1 2 3 3
-3463.9 -969.4 -512.1 191 0 8.8 12.0 5.0 2.5 2 1 2 1 1
-3411.5 -829.2 -511.5 14 0 9.1 13.0 5.0 2.5 2 1 2 1 1
-3407.7 -818.6 -511.4 14 0 9.1 13.0 5.0 0.0 0 1 2 2 2
-3400.6 -807.0 -509.6 14 0 9.1 13.0 5.0 2.5 2 1 2 2 2
-3397.7 -795.2 -507.8 14 0 9.1 13.0 5.0 2.5 2 1 2 2 2
-3615.7 -492.7 -477.8 231 0 32.1 11.3 5.0 0.0 0 0 2 3 3
-3574.4 -423.1 -475.5 23 0 12.0 10.5 5.0 2.5 2 0 2 1 1
-3592.8 -450.6 -480.8 113 0 9.9 18.9 5.0 2.5 2 1 2 0 0
-3486.1 -474.7 -481.6 298 0 5.4 6.9 5.0 2.5 2 1 2 1 1
-3406.3 -531.3 -498.6 171 0 17.0 8.6 2.5 0.0 0 0 1 3 3
-3437.3 -499.0 -489.9 349 0 10.7 12.5 5.0 2.5 2 1 2 2 2
-3417.4 -542.0 -492.6 355 0 9.8 13.4 5.0 2.5 2 1 2 3 3
-3423.6 -555.3 -489.3 355 0 13.9 8.7 5.0 2.5 2 0 2 2 2
-3410.0 -576.6 -495.1 349 0 20.9 25.9 5.0 2.5 2 1 2 3 3
-3395.5 -628.4 -496.9 349 0 9.2 35.9 5.0 2.5 4 1 2 0 0
-3416.2 -658.6 -491.7 350 0 27.6 11.7 5.0 2.5 2 0 2 2 2
-3389.3 -679.4 -498.0 18 0 10.0 23.6 5.0 2.5 2 1 2 2 2
-3393.1 -691.7 -498.2 16 0 6.4 18.0 5.0 2.5 2 1 2 1 1
-3380.7 -759.2 -506.0 14 0 59.6 20.2 5.0 2.5 2 0 2 5 5
-3442.2 -826.5 -500.2 93 0 17.1 27.4 5.0 2.5 2 1 2 5 5
-3439.8 -793.2 -489.9 14 0 7.6 13.2 5.0 0.0 0 1 2 3 3
-3437.3 -783.4 -489.6 14 0 7.6 13.2 5.0 0.0 0 1 2 4 4
-3433.9 -774.2 -490.0 14 0 7.6 13.2 5.0 2.5 2 1 2 4 4
-3431.4 -765.1 -489.8 14 0 7.6 13.2 5.0 2.5 2 1 2 1 1
-3428.0 -754.4 -490.1 14 0 7.6 13.2 5.0 2.5 2 1 2 3 3
-3424.4 -744.7 -490.8 14 0 7.6 13.2 5.0 0.0 0 1 2 0 0
-3421.0 -735.1 -491.5 14 0 7.6 13.2 5.0 2.5 2 1 2 1 1
-3423.2 -794.3 -500.5 14 0 10.1 13.2 5.0 2.5 2 1 2 2 2
-3419.5 -782.6 -500.6 14 0 10.1 13.2 5.0 2.5 2 1 2 0 0
-3415.8 -770.9 -500.6 14 0 10.1 13.2 5.0 2.5 2 1 2 3 3
-3412.3 -759.1 -500.5 14 0 10.1 13.2 5.0 2.5 2 1 2 2 2
-3409.3 -747.6 -500.2 14 0 10.1 13.2 5.0 2.5 2 1 2 4 4
-3406.0 -735.4 -499.1 14 0 10.1 13.2 5.0 2.5 2 1 2 3 3
-3649.2 -848.4 -380.1 129 0 7.9 13.0 5.0 2.5 4 1 2 2 2
-3639.5 -853.1 -384.9 129 0 7.9 13.0 5.0 2.5 4 1 2 3 3
-3629.3 -858.1 -390.7 129 0 7.9 13.0 5.0 2.5 4 1 2 2 2
-3641.1 -868.9 -390.6 129 0 7.9 13.0 5.0 2.5 2 1 2 3 3
-3650.6 -863.7 -384.6 129 0 7.9 13.0 5.0 2.5 2 1 2 5 5
-3659.6 -858.1 -379.7 129 0 7.9 13.0 5.0 2.5 2 1 2 4 4
-3684.3 -839.8 -365.6 129 0 7.9 13.0 5.0 2.5 2 1 2 1 1
-3676.3 -845.8 -370.2 129 0 7.9 13.0 5.0 2.5 2 1 2 2 2
-3668.5 -852.2 -374.8 129 0 7.9 13.0 5.0 2.5 2 1 2 2 2
-3657.1 -842.7 -375.7 129 0 7.9 13.0 5.0 2.5 2 1 2 4 4
-3664.9 -837.6 -371.7 129 0 7.9 13.0 5.0 2.5 2 1 2 5 5
-3672.5 -831.5 -368.8 129 0 7.9 13.0 5.0 2.5 2 1 2 1 1
-3665.4 -819.6 -370.4 129 0 7.9 13.0 5.0 2.5 2 1 2 3 3
-3658.6 -825.5 -373.0 129 0 7.9 13.0 5.0 2.5 4 1 2 2 2
-3649.9 -831.4 -376.3 129 0 7.9 13.0 5.0 2.5 2 1 2 1 1
-3640.8 -836.3 -379.7 129 0 7.9 13.0 5.0 2.5 4 1 2 3 3
-3631.5 -840.6 -383.6 129 0 7.9 13.0 5.0 2.5 4 1 2 2 2
-3619.2 -845.2 -389.4 129 0 7.9 13.0 5.0 2.5 2 1 2 2 2
-3619.4 -830.4 -386.5 129 0 7.9 13.0 5.0 2.5 2 1 2 5 5
-3630.7 -825.5 -382.4 129 0 7.9 13.0 5.0 2.5 2 1 2 5 5
-3639.8 -820.5 -379.0 129 0 7.9 13.0 5.0 2.5 2 1 2 5 5
-3648.9 -814.6 -375.6 129 0 7.9 13.0 5.0 2.5 2 1 2 3 3
-3656.0 -809.4 -372.9 129 0 7.9 13.0 5.0 2.5 2 1 2 4 4
-3646.3 -799.5 -375.4 129 0 7.9 13.0 5.0 0.0 0 1 2 1 1
-3639.0 -805.3 -378.3 129 0 7.9 13.0 5.0 2.5 2 1 2 2 2
-3630.2 -810.8 -381.6 129 0 7.9 13.0 5.0 2.5 2 1 2 3 3
-3619.8 -814.9 -385.4 129 0 7.9 13.0 5.0 0.0 0 1 2 2 2
-3607.4 -818.6 -389.7 129 0 7.9 13.0 5.0 2.5 2 1 2 3 3
-3603.2 -804.4 -391.0 129 0 7.9 13.0 5.0 2.5 2 1 2 2 2
-3614.6 -801.2 -386.2 129 0 7.9 13.0 5.0 2.5 2 1 2 0 0
-3626.6 -796.5 -381.9 129 0 7.9 13.0 5.0 2.5 2 1 2 4 4
-3635.1 -791.4 -378.7 129 0 7.9 13.0 5.0 2.5 2 1 2 1 1
-3596.7 -771.5 -393.5 129 0 7.9 13.0 5.0 2.5 4 1 2 4 4
-3606.8 -766.7 -386.6 129 0 7.9 13.0 5.0 2.5 4 1 2 4 4
-3615.9 -779.4 -384.3 129 0 7.9 13.0 5.0 2.5 2 1 2 1 1
-3605.6 -784.0 -388.1 129 0 7.9 13.0 5.0 2.5 2 1 2 5 5
-3684.4 -857.5 -371.1 129 0 7.9 13.0 5.0 2.5 2 1 2 4 4
-3676.9 -863.3 -375.5 129 0 7.9 13.0 5.0 2.5 2 1 2 0 0
-3668.5 -869.6 -380.3 129 0 7.9 13.0 5.0 2.5 2 1 2 5 5
-3658.8 -875.1 -386.1 129 0 7.9 13.0 5.0 2.5 2 1 2 3 3
-3673.3 -882.7 -383.5 129 0 7.9 13.0 5.0 2.5 2 1 2 5 5
-3682.4 -877.2 -378.0 129 0 8.0 13.0 5.0 2.5 2 1 2 1 1
-3691.2 -872.1 -373.4 129 0 7.9 13.0 5.0 2.5 2 1 2 3 3
-3692.7 -851.4 -366.5 129 0 7.9 13.0 5.0 2.5 2 1 2 2 2
-3560.2 -723.2 -406.4 33 0 9.1 13.0 5.0 2.5 2 1 2 5 5
-3552.1 -713.8 -410.3 33 0 9.2 13.0 5.0 2.5 4 1 2 0 0
-3567.6 -733.8 -403.1 33 0 9.1 13.1 5.0 2.5 2 1 2 3 3
-3586.2 -737.1 -399.6 213 0 9.2 13.0 5.0 2.5 2 1 2 5 5
-3712.4 -672.9 -444.9 124 0 10.1 7.6 5.0 2.5 2 0 2 3 3
-3718.4 -681.6 -441.2 125 0 10.1 7.6 5.0 2.5 2 0 2 1 1
-3700.7 -656.0 -452.0 124 0 10.1 7.6 5.0 2.5 2 0 2 5 5
-3706.7 -664.6 -448.4 125 0 10.1 7.6 5.0 2.5 2 0 2 2 2
-3713.1 -650.6 -454.2 124 0 10.1 7.6 5.0 2.5 2 0 2 1 1
-3719.1 -659.2 -451.6 124 0 10.1 7.6 5.0 2.5 4 0 2 2 2
-3724.8 -667.6 -448.0 125 0 10.1 7.6 5.0 2.5 2 0 2 5 5
-3730.8 -676.2 -444.4 124 0 10.1 7.6 5.0 2.5 2 0 2 1 1
-3726.3 -644.8 -457.3 124 0 11.3 10.0 5.0 2.5 2 0 2 5 5
-3740.1 -664.9 -451.2 124 0 11.3 10.0 5.0 2.5 2 0 2 3 3
-3746.8 -675.1 -446.8 124 0 11.3 10.0 5.0 2.5 2 0 2 3 3
-3733.3 -654.9 -454.7 124 0 11.3 10.0 5.0 2.5 2 0 2 0 0
-3739.1 -630.1 -460.1 214 0 10.0 11.3 5.0 2.5 2 1 2 3 3
-3751.0 -657.4 -455.0 124 0 11.3 10.0 5.0 2.5 2 0 2 4 4
-3757.7 -667.6 -450.9 124 0 11.3 10.0 5.0 2.5 2 0 2 3 3
-3746.1 -640.1 -457.5 214 0 10.0 11.3 5.0 2.5 2 1 2 4 4
-3753.0 -623.6 -462.7 214 0 10.0 11.3 5.0 2.5 2 1 2 3 3
-3766.8 -643.7 -457.6 214 0 10.0 11.3 5.0 2.5 2 1 2 4 4
-3771.7 -661.2 -454.6 124 0 11.3 10.0 5.0 2.5 2 0 2 4 4
-3760.0 -633.7 -460.1 214 0 10.0 11.3 5.0 2.5 2 1 2 5 5
-3766.4 -617.5 -463.3 214 0 10.0 11.3 5.0 2.5 2 1 2 3 3
-3780.2 -637.5 -458.8 214 0 10.0 11.3 5.0 2.5 2 1 2 4 4
-3786.9 -647.8 -455.4 214 0 10.0 11.3 5.0 2.5 2 1 2 0 0
-3773.4 -627.6 -461.0 214 0 10.0 11.3 5.0 2.5 4 1 2 2 2
-3788.9 -623.6 -460.3 214 0 10.0 11.3 5.0 2.5 2 1 2 5 5
-3796.1 -633.5 -457.2 214 0 10.0 11.3 5.0 2.5 2 1 2 4 4
-3781.6 -613.4 -463.3 214 0 10.0 11.3 5.0 2.5 2 1 2 4 4
-3794.9 -604.8 -463.0 214 0 10.0 11.3 5.0 2.5 2 1 2 5 5
-3802.2 -615.0 -459.6 214 0 10.0 11.3 5.0 2.5 2 1 2 0 0
-3809.3 -624.9 -456.3 214 0 10.0 11.3 5.0 0.0 0 1 2 0 0
-3341.2 3984.8 436.1 44 0 7.0 9.2 7.5 2.5 2 1 3 1 1
-3609.9 3294.0 407.7 47 0 12.7 11.0 5.0 2.5 2 0 2 5 5
-3621.1 3327.8 412.8 227 0 12.7 11.0 5.0 2.5 2 0 2 5 5
-3642.9 3307.6 407.5 227 0 12.7 11.0 5.0 2.5 2 0 2 2 2
-3669.7 3224.0 406.8 42 0 13.0 44.5 5.0 2.5 2 1 2 1 1
-3683.2 3211.7 405.0 42 0 11.3 47.3 5.0 2.5 2 1 2 5 5
-3698.0 3200.8 403.6 42 0 12.4 30.8 5.0 2.5 2 1 2 4 4
-3722.1 3173.4 400.3 77 0 12.8 28.7 5.0 2.5 2 1 2 0 0
-3581.6 3358.1 396.7 225 0 28.2 71.5 5.0 0.0 0 1 2 4 4
-3533.6 3403.7 408.0 229 0 12.0 6.1 5.0 2.5 4 0 2 5 5
-3483.9 3358.3 399.2 39 0 21.3 55.5 5.0 2.5 2 1 2 5 5
-3374.7 3591.3 424.2 33 0 13.9 9.7 5.0 0.0 0 0 2 5 5
-3415.6 3596.3 415.5 208 0 5.6 7.8 5.0 2.5 2 1 2 3 3
-3396.3 3602.9 416.2 27 0 15.7 13.0 5.0 2.5 2 0 2 2 2
-3383.6 3571.7 420.2 27 0 9.5 9.6 5.0 2.5 2 1 2 3 3
-3395.8 3556.4 413.0 28 0 13.8 45.5 5.0 2.5 2 1 2 0 0
-3446.8 3560.7 411.2 297 0 5.7 7.3 5.0 2.5 2 1 2 0 0
-3410.0 3534.5 411.0 28 0 12.2 42.0 5.0 2.5 2 1 2 0 0
-3470.4 3456.8 405.6 227 0 37.0 14.3 5.0 0.0 0 0 2 2 2
-3564.1 3563.5 390.5 12 0 31.4 12.2 5.0 2.5 2 0 2 1 1
-3571.8 3539.3 390.7 17 0 15.4 13.2 5.0 0.0 0 0 2 4 4
-3578.6 3528.1 391.8 17 0 10.0 10.1 5.0 2.5 2 0 2 5 5
-3581.9 3508.0 392.5 17 0 30.4 12.9 5.0 2.5 2 0 2 4 4
-3574.1 3494.0 397.6 189 0 22.2 11.0 5.0 2.5 2 0 2 4 4
-3765.0 4215.6 382.3 228 0 13.3 18.8 5.0 0.0 0 1 2 4 4
-3594.7 4097.5 384.3 43 0 42.4 13.3 5.0 2.5 2 0 2 5 5
-3603.6 4141.5 391.3 323 0 36.5 14.6 5.0 2.5 2 0 2 4 4
-3728.9 4186.6 383.4 155 0 16.6 25.9 2.5 2.5 2 1 1 1 1
-3677.9 4204.4 388.2 345 0 15.0 26.2 2.5 2.5 2 1 1 3 3
-3714.0 4214.6 390.2 68 0 18.9 18.1 5.0 2.5 2 0 2 2 2
-3514.0 4031.8 388.3 228 0 10.7 17.7 5.0 2.5 2 1 2 3 3
-3486.5 3987.8 386.3 359 0 24.4 12.8 5.0 2.5 2 0 2 3 3
-3497.7 3968.6 385.8 283 0 12.0 22.3 5.0 2.5 2 1 2 5 5
-3535.1 3904.3 385.3 180 0 14.6 21.4 5.0 2.5 2 1 2 4 4
-3546.9 3942.2 380.1 85 0 10.6 37.1 5.0 2.5 2 1 2 5 5
-3524.6 3975.0 382.6 271 0 10.7 37.1 5.0 2.5 2 1 2 4 4
-3539.4 4049.2 385.6 100 0 36.7 12.8 10.0 2.5 2 0 4 1 1
-3597.9 4036.3 379.1 120 0 12.8 31.2 5.0 2.5 2 1 2 2 2
-3583.6 4026.9 379.2 120 0 12.8 31.2 5.0 2.5 2 1 2 0 0
-3628.9 4063.3 378.8 342 0 35.9 15.5 2.5 2.5 2 0 1 3 3
-3645.1 4102.0 381.1 346 0 36.0 15.5 2.5 2.5 2 0 1 0 0
-3658.6 4145.6 383.5 1 0 37.2 15.5 2.5 2.5 2 0 1 2 2
-3678.0 4063.5 378.7 178 0 24.3 15.5 2.5 2.5 2 0 1 3 3
-3698.5 4149.0 381.9 173 0 24.3 15.5 2.5 2.5 2 0 1 0 0
-3693.2 4123.5 380.5 188 0 24.3 15.5 2.5 2.5 2 0 1 0 0
-3692.1 4091.3 379.9 164 0 24.3 15.5 2.5 2.5 2 0 1 5 5
-3711.2 4129.9 378.8 358 0 24.3 15.5 5.0 2.5 2 0 2 1 1
-3708.7 4095.5 376.9 347 0 24.3 15.5 5.0 2.5 2 0 2 2 2
-3738.6 3833.1 363.9 176 0 11.7 24.2 5.0 2.5 2 1 2 2 2
-3754.5 3845.5 365.0 153 0 24.3 13.4 5.0 2.5 2 0 2 2 2
-3731.0 3893.9 367.7 27 0 24.3 13.4 5.0 2.5 4 0 2 3 3
-3718.0 3915.1 367.5 25 0 13.4 24.2 5.0 2.5 2 1 2 1 1
-3690.9 4041.3 375.3 336 0 24.4 13.4 5.0 2.5 2 0 2 4 4
-3680.2 4010.3 374.0 343 0 24.4 13.4 5.0 2.5 2 0 2 3 3
-3684.1 3966.8 373.5 88 0 13.3 24.4 5.0 2.5 2 1 2 2 2
-3701.9 3952.7 370.2 88 0 13.4 24.4 5.0 2.5 2 1 2 3 3
-3656.2 3945.3 371.0 319 0 13.4 24.3 5.0 2.5 2 1 2 0 0
-3620.0 3859.5 369.5 350 0 13.8 21.8 5.0 2.5 2 1 2 3 3
-3650.1 3846.7 368.7 83 0 10.2 32.1 5.0 2.5 2 1 2 5 5
-3630.4 3901.3 370.5 331 0 10.4 30.8 5.0 2.5 2 1 2 5 5
-3602.8 3883.6 372.2 166 0 44.6 34.9 2.5 0.0 0 0 1 3 3
-3685.0 3619.0 360.4 209 0 31.5 11.7 2.5 2.5 2 0 1 2 2
-3702.0 3586.1 360.2 198 0 31.5 11.7 2.5 0.0 0 0 1 0 0
-3712.5 3547.8 362.1 194 0 38.1 11.7 2.5 2.5 2 0 1 2 2
-3716.5 3504.5 364.1 191 0 38.1 11.7 2.5 0.0 0 0 1 0 0
-3723.9 3440.2 370.3 104 0 11.7 40.6 2.5 2.5 2 1 1 5 5
-3640.6 3703.6 366.0 202 0 24.0 13.1 2.5 2.5 2 0 1 0 0
-3650.9 3677.7 365.2 202 0 24.0 13.1 2.5 2.5 2 0 1 0 0
-3662.0 3650.3 364.1 202 0 24.0 13.1 2.5 2.5 4 0 1 2 2
-3624.8 3790.3 367.9 22 0 24.0 13.1 5.0 2.5 4 0 2 5 5
-3634.1 3761.8 365.5 13 0 24.0 13.1 5.0 2.5 2 0 2 0 0
-3643.5 3732.9 362.6 19 0 24.0 13.1 5.0 0.0 0 0 2 5 5
-3657.2 3706.1 360.0 22 0 24.0 13.1 5.0 2.5 2 0 2 1 1
-5124.7 3557.9 29.5 266 0 14.6 11.2 14.0 3.5 2 0 4 5 5
-5074.5 2442.8 -137.3 348 0 12.0 8.0 5.0 2.5 2 0 2 1 1
-4972.8 1934.8 -212.8 163 0 19.7 5.1 2.5 2.5 2 0 1 4 4
-5024.9 2204.2 -172.3 174 0 6.4 7.6 2.5 2.5 2 1 1 1 1
-5001.8 2146.7 -177.2 179 0 7.1 8.4 2.5 2.5 2 1 1 4 4
-5012.4 2157.7 -174.2 169 0 17.7 9.4 2.5 2.5 2 0 1 1 1
-5020.0 2186.2 -172.3 167 0 20.0 8.1 2.5 2.5 2 0 1 2 2
-5007.5 2122.8 -188.0 170 0 17.7 21.3 2.5 2.5 2 1 1 4 4
-4979.2 1970.3 -210.7 159 0 42.7 23.4 2.5 0.0 0 0 1 3 3
-5073.6 4003.4 161.6 341 0 12.9 11.3 5.0 2.5 2 0 2 3 3
-5089.5 4030.6 161.4 341 0 31.0 7.4 5.0 2.5 2 0 2 1 1
-5108.9 4069.9 161.0 101 0 14.5 19.9 5.0 2.5 2 1 2 3 3
-5128.2 4049.6 151.9 264 0 12.7 24.6 5.0 2.5 2 1 2 5 5
-5163.1 4050.6 146.7 297 0 10.1 7.1 5.0 2.5 2 0 2 1 1
-4714.2 3516.1 9.0 124 0 9.8 28.0 10.5 3.5 4 1 3 1 1
-4801.4 3494.5 -0.3 25 0 7.6 49.0 10.5 3.5 2 1 3 5 5
-5043.5 3560.0 25.6 356 0 11.2 14.6 14.0 3.5 2 1 4 5 5
-5069.7 3562.8 27.0 266 0 14.6 11.2 14.0 3.5 2 0 4 3 3
-5088.9 3560.8 27.5 266 0 14.6 11.2 14.0 3.5 2 0 4 3 3
-5107.9 3559.1 28.0 266 0 14.6 11.2 14.0 0.0 0 0 4 0 0
-5068.7 3573.9 31.2 356 0 6.6 9.7 10.5 3.5 2 1 3 5 5
-5072.6 3589.4 32.9 266 0 15.0 10.1 14.0 3.5 2 0 4 4 4
-5093.6 3585.6 33.0 256 0 14.0 10.1 14.0 3.5 2 0 4 1 1
-5110.1 3580.7 32.7 256 0 14.0 10.1 14.0 0.0 0 0 4 3 3
-5127.8 3576.2 32.9 256 0 14.0 10.1 14.0 3.5 2 0 4 4 4
-5092.4 3599.3 37.8 69 0 12.3 10.1 14.0 3.5 2 0 4 3 3
-5107.8 3593.1 37.0 69 0 12.3 10.1 14.0 3.5 2 0 4 3 3
-5123.0 3586.6 36.4 69 0 12.3 10.1 14.0 3.5 2 0 4 0 0
-5108.8 3616.9 41.5 79 0 15.9 10.1 14.0 0.0 0 0 4 5 5
-5124.7 3613.4 41.5 79 0 12.3 10.1 14.0 3.5 2 0 4 1 1
-5136.1 3606.5 40.2 52 0 12.3 10.0 14.0 3.5 2 0 4 1 1
-5164.5 3623.1 42.4 254 0 8.3 15.2 10.5 3.5 2 1 3 2 2
-5162.6 3639.3 47.3 344 0 17.8 9.9 10.5 3.5 2 0 3 5 5
-5147.5 3646.2 46.1 182 0 7.7 7.6 2.5 2.5 2 0 1 0 0
-5140.7 3661.7 47.2 276 0 12.3 10.1 2.5 2.5 2 0 1 4 4
-5125.4 3660.2 47.1 276 0 12.3 10.1 2.5 2.5 2 0 1 0 0
-5129.5 3687.7 55.8 279 0 12.3 10.1 2.5 2.5 2 0 1 4 4
-5151.5 3686.1 52.3 189 0 10.1 12.3 2.5 2.5 2 1 1 1 1
-5171.3 3695.0 57.2 9 0 14.8 19.5 14.0 3.5 2 1 4 2 2
-5164.0 3667.4 52.2 9 0 14.8 19.5 14.0 3.5 4 1 4 2 2
-4917.4 3380.2 -7.6 69 0 15.4 10.8 10.5 3.5 2 0 3 1 1
-4908.6 3400.3 -7.7 223 0 15.5 10.8 10.5 3.5 2 0 3 3 3
-4934.6 3374.7 -6.7 69 0 15.4 10.8 10.5 3.5 4 0 3 0 0
-4951.3 3368.0 -6.6 69 0 15.4 10.8 10.5 3.5 2 0 3 2 2
-5003.1 3347.4 -6.7 69 0 15.4 10.8 10.5 3.5 2 0 3 5 5
-4969.3 3360.9 -6.6 69 0 15.4 10.8 10.5 3.5 2 0 3 3 3
-4986.0 3354.3 -6.7 69 0 15.4 10.8 10.5 3.5 4 0 3 4 4
-5019.8 3340.7 -6.5 69 0 15.4 10.8 10.5 3.5 2 0 3 5 5
-5062.8 3348.6 -2.6 69 0 15.4 10.8 10.5 0.0 0 0 3 2 2
-4927.9 3423.2 -3.9 230 0 15.4 10.8 10.5 3.5 2 0 3 4 4
-4941.5 3411.4 -3.6 230 0 15.4 10.8 10.5 3.5 4 0 3 3 3
-4954.6 3392.7 -3.3 69 0 15.4 10.8 10.5 3.5 2 0 3 4 4
-4971.3 3386.1 -3.0 69 0 15.4 10.8 10.5 3.5 2 0 3 3 3
-4993.3 3389.1 -3.1 249 0 15.4 10.8 10.5 0.0 0 0 3 4 4
-5010.0 3382.5 -3.0 249 0 15.4 10.8 10.5 3.5 2 0 3 0 0
-5027.1 3375.5 -2.9 249 0 15.4 10.8 10.5 3.5 4 0 3 2 2
-5043.8 3368.9 -2.7 249 0 15.4 10.8 10.5 3.5 2 0 3 2 2
-4924.0 3449.4 -1.0 320 0 11.0 16.9 10.5 3.5 2 1 3 3 3
-4941.2 3427.4 -0.8 50 0 16.9 11.0 10.5 0.0 0 0 3 4 4
-4976.0 3408.8 0.2 65 0 16.8 11.0 10.5 3.5 4 0 3 1 1
-4959.0 3416.9 -0.3 65 0 16.8 11.0 10.5 3.5 2 0 3 5 5
-4949.4 3458.9 2.9 57 0 16.8 11.0 10.5 0.0 0 0 3 5 5
-4965.2 3448.6 3.4 57 0 16.8 11.0 10.5 3.5 2 0 3 2 2
-4987.9 3449.6 4.1 244 0 16.8 11.0 10.5 3.5 2 0 3 4 4
-4972.3 3468.4 6.2 51 0 16.5 8.3 10.5 3.5 2 0 3 4 4
-4960.8 3496.9 7.1 321 0 12.4 16.9 14.0 3.5 2 1 4 0 0
-4985.5 3484.9 7.5 231 0 16.9 11.0 14.0 0.0 0 0 4 5 5
-4999.4 3473.5 7.8 231 0 16.9 11.0 14.0 3.5 2 0 4 1 1
-5015.7 3465.9 7.8 250 0 16.8 13.6 14.0 3.5 2 0 4 2 2
-5033.6 3459.2 8.5 250 0 16.8 13.6 14.0 3.5 2 0 4 0 0
-5051.9 3452.6 8.9 250 0 16.8 13.6 14.0 3.5 2 0 4 1 1
-4889.5 3337.8 -14.2 340 0 9.5 10.4 10.5 3.5 2 0 3 2 2
-4904.8 3337.4 -14.0 250 0 8.1 9.5 10.5 3.5 4 0 3 0 0
-4956.0 3311.9 -16.6 248 0 12.2 36.5 14.0 3.5 4 1 4 1 1
-4996.9 3290.0 -14.3 161 0 10.2 35.2 14.0 0.0 0 1 4 2 2
-4988.0 3266.5 -17.3 160 0 10.7 35.2 14.0 3.5 2 1 4 5 5
-4893.7 3250.0 -21.2 1 0 13.5 7.7 10.5 3.5 2 0 3 1 1
-4916.2 3265.2 -20.5 340 0 18.3 28.1 14.0 3.5 4 1 4 4 4
-4987.5 3230.4 -23.3 161 0 38.0 48.3 14.0 0.0 0 1 4 3 3
-4985.2 3203.4 -24.6 160 0 11.3 92.9 14.0 3.5 2 1 4 3 3
-4903.1 3140.1 -31.9 360 0 11.6 53.3 14.0 0.0 0 1 4 4 4
-4904.4 3161.2 -30.3 341 0 17.0 19.3 14.0 3.5 2 1 4 1 1
-4968.9 3160.5 -29.2 161 0 19.4 69.1 14.0 3.5 2 0 4 4 4
-4908.9 3198.2 -26.1 341 0 11.4 15.9 14.0 3.5 2 0 4 3 3
-4979.7 3188.3 -26.3 161 0 17.4 70.0 14.0 3.5 2 0 4 3 3
-5132.2 3713.9 62.6 51 0 16.9 10.0 14.0 0.0 0 0 4 1 1
-5144.3 3744.9 64.9 333 0 10.0 16.9 14.0 3.5 2 1 4 3 3
-5196.4 3779.3 78.6 277 0 10.0 17.0 10.5 3.5 2 1 3 5 5
-5169.0 3755.4 69.9 337 0 10.0 16.9 14.0 3.5 4 1 4 4 4
-5000.0 3541.0 18.1 84 0 17.1 29.3 14.0 0.0 0 1 4 5 5
-5013.9 3286.8 -13.7 345 0 10.8 7.5 10.5 3.5 2 0 3 5 5
-5035.3 3285.4 -14.5 255 0 19.3 7.4 10.5 3.5 2 0 3 1 1
-5048.1 3297.3 -13.5 255 0 61.5 12.3 14.0 3.5 2 0 4 4 4
-5110.2 3280.1 -13.4 255 0 54.6 11.5 14.0 3.5 2 0 4 1 1
-5041.5 2813.5 -77.5 266 0 12.7 5.8 10.5 3.5 2 0 3 3 3
-5067.8 2788.6 -80.2 167 0 18.3 12.9 10.5 3.5 2 0 3 2 2
-5017.3 2718.3 -89.3 347 0 8.3 13.7 10.5 0.0 0 1 3 1 1
-4890.3 3493.1 -1.1 144 0 6.3 10.8 10.5 0.0 0 1 3 1 1
-4932.9 3486.4 3.1 107 0 11.9 12.0 14.0 3.5 2 0 4 2 2
-4967.2 3530.6 11.4 150 0 11.1 11.5 14.0 3.5 2 1 4 3 3
-4948.6 3579.2 15.5 188 0 10.1 11.5 14.0 3.5 4 1 4 4 4
-4953.5 3556.7 11.4 195 0 32.8 12.3 14.0 3.5 2 0 4 0 0
-4926.3 3588.7 8.2 278 0 12.1 60.8 14.0 3.5 2 1 4 2 2
-4910.9 3584.9 5.7 279 0 12.4 60.8 14.0 3.5 2 1 4 0 0
-4895.5 3582.9 7.7 282 0 9.3 28.9 10.5 3.5 2 0 3 3 3
-4901.5 3554.6 4.5 288 0 9.4 28.9 10.5 3.5 2 0 3 1 1
-4840.0 3369.6 -9.6 181 0 15.1 12.3 14.0 0.0 0 0 4 1 1
-4862.5 3370.6 -10.5 181 0 9.0 15.6 10.5 3.5 4 1 3 3 3
-4870.4 3354.0 -12.3 181 0 9.1 7.4 10.5 3.5 2 0 3 4 4
-4861.3 3360.7 -11.4 181 0 8.2 13.3 10.5 3.5 4 1 3 4 4
-4744.7 3368.6 -2.9 237 0 10.7 30.1 10.5 0.0 0 1 3 5 5
-4715.4 3263.0 -8.6 272 0 11.6 15.0 10.5 3.5 2 1 3 3 3
-4729.4 3264.6 -10.9 295 0 13.1 13.9 10.5 3.5 2 1 3 3 3
-4745.7 3272.5 -12.1 305 0 9.3 14.2 10.5 0.0 0 1 3 5 5
-4760.0 3285.3 -12.5 327 0 12.9 14.3 10.5 3.5 2 1 3 3 3
-4774.5 3299.8 -12.7 309 0 8.9 13.3 10.5 3.5 2 1 3 3 3
-4754.0 3333.9 -7.7 322 0 17.8 15.0 10.5 3.5 2 0 3 5 5
-4741.4 3315.2 -7.3 322 0 12.0 12.8 10.5 3.5 2 1 3 3 3
-4729.3 3302.4 -7.0 307 0 15.0 12.5 10.5 3.5 2 0 3 3 3
-4717.4 3282.4 -5.8 106 0 18.0 13.1 10.5 3.5 2 0 3 1 1
-4656.6 3314.4 11.6 65 0 7.7 11.8 10.5 3.5 2 1 3 0 0
-4584.0 3648.7 41.4 228 0 19.1 18.8 14.0 3.5 2 0 4 4 4
-4525.3 3688.1 45.1 319 0 16.2 43.1 14.0 3.5 2 1 4 0 0
-4540.3 3491.7 56.1 153 0 25.5 33.0 5.0 0.0 0 1 2 1 1
-4874.4 3568.0 7.1 283 0 26.4 18.1 14.0 3.5 2 0 4 2 2
-4911.6 3480.3 0.1 108 0 11.0 69.5 14.0 3.5 4 1 4 0 0
-4906.7 3452.5 -4.3 144 0 35.7 39.1 14.0 0.0 0 1 4 2 2
-4864.9 3542.5 -0.4 291 0 20.3 39.0 14.0 0.0 0 1 4 1 1
-4835.4 3450.0 -2.9 111 0 46.8 33.0 14.0 0.0 0 0 4 4 4
-4916.7 2438.5 -91.1 331 0 12.0 7.1 5.0 2.5 2 0 2 2 2
-4928.4 2464.2 -90.5 334 0 39.8 8.4 5.0 0.0 0 0 2 1 1
-4919.3 2380.0 -102.6 87 0 17.3 19.3 10.5 3.5 2 1 3 3 3
-4937.9 2424.8 -96.5 69 0 23.8 53.7 5.0 2.5 2 1 2 4 4
-4927.9 2547.3 -83.7 161 0 35.0 9.6 5.0 2.5 2 0 2 5 5
-4912.5 2504.8 -81.8 160 0 35.0 9.6 5.0 2.5 2 0 2 3 3
-4905.6 2581.9 -78.3 337 0 21.2 9.6 5.0 2.5 2 0 2 4 4
-4893.8 2553.0 -77.3 337 0 21.2 9.6 5.0 2.5 4 0 2 4 4
-4882.1 2524.7 -75.6 337 0 21.2 9.6 5.0 2.5 2 0 2 0 0
-4895.3 2475.8 -81.8 152 0 21.2 9.6 5.0 0.0 0 0 2 4 4
-4872.3 2482.8 -76.1 72 0 9.6 21.3 5.0 2.5 2 1 2 0 0
-4864.7 2525.4 -68.2 160 0 21.2 9.6 10.5 3.5 2 0 3 2 2
-4851.2 2557.9 -64.6 69 0 9.6 21.3 10.5 3.5 2 1 3 4 4
-4875.6 2553.2 -70.0 159 0 21.3 9.6 10.5 3.5 4 0 3 2 2
-4867.2 2600.0 -67.9 330 0 21.2 9.6 10.5 0.0 0 0 3 4 4
-4886.6 2580.4 -71.3 150 0 21.2 9.6 10.5 3.5 2 0 3 0 0
-4903.8 2608.9 -75.8 155 0 21.2 9.6 10.5 3.5 2 0 3 5 5
-4879.9 2670.4 -67.5 250 0 9.6 21.3 10.5 3.5 2 1 3 3 3
-4859.5 2632.1 -63.0 135 0 21.2 9.6 10.5 3.5 2 0 3 4 4
-4718.4 3115.3 -11.0 357 0 17.8 11.0 10.5 3.5 2 0 3 1 1
-4724.4 3148.5 -9.5 177 0 19.8 10.8 10.5 3.5 2 0 3 3 3
-4725.7 3208.5 -9.6 105 0 12.2 17.1 10.5 3.5 4 1 3 0 0
-4780.7 3244.2 -18.6 263 0 15.5 13.9 10.5 0.0 0 0 3 5 5
-4799.1 3230.1 -19.9 94 0 16.5 10.4 10.5 3.5 2 0 3 5 5
-4810.8 3249.2 -19.8 292 0 8.3 15.1 10.5 3.5 4 1 3 1 1
-4740.5 3231.6 -12.6 292 0 16.8 12.2 10.5 3.5 2 0 3 2 2
-4758.3 3237.9 -15.2 292 0 14.5 11.6 10.5 3.5 2 0 3 0 0
-4741.2 3182.4 -12.7 133 0 14.8 9.5 10.5 3.5 2 0 3 3 3
-4749.6 3201.7 -15.1 301 0 14.7 9.5 10.5 3.5 2 0 3 2 2
-4766.5 3208.7 -18.3 296 0 14.7 9.5 10.5 3.5 2 0 3 2 2
-4787.4 3213.1 -22.3 268 0 14.7 9.6 10.5 3.5 2 0 3 0 0
-4805.0 3213.8 -22.8 272 0 14.7 9.6 10.5 3.5 2 0 3 3 3
-4821.6 3219.7 -22.6 293 0 14.7 9.5 10.5 3.5 2 0 3 0 0
-4836.1 2966.3 -48.4 170 0 17.2 10.2 14.0 3.5 2 0 4 1 1
-4832.9 2945.7 -49.4 171 0 17.2 10.2 14.0 3.5 2 0 4 1 1
-4840.4 2999.7 -46.1 15 0 17.2 10.2 10.5 3.5 2 0 3 5 5
-4844.7 2978.9 -51.0 6 0 17.2 10.2 10.5 3.5 2 0 3 4 4
-4842.8 2959.9 -52.6 349 0 17.2 10.2 10.5 3.5 2 0 3 5 5
-4839.8 2936.1 -53.4 353 0 17.2 10.2 10.5 3.5 2 0 3 2 2
-4842.9 2909.9 -56.0 16 0 16.1 10.2 10.5 3.5 2 0 3 5 5
-4830.3 2922.4 -50.3 178 0 16.1 10.2 14.0 3.5 2 0 4 4 4
-4825.0 2898.6 -53.0 23 0 16.1 10.2 14.0 0.0 0 0 4 5 5
-4833.8 2878.4 -56.1 22 0 16.1 10.2 14.0 3.5 2 0 4 3 3
-4852.4 2889.1 -57.4 33 0 16.1 10.2 10.5 3.5 2 0 3 1 1
-4848.8 2848.7 -56.6 184 0 16.1 10.2 14.0 3.5 2 0 4 4 4
-4857.2 2840.8 -60.1 359 0 17.6 10.4 10.5 3.5 2 0 3 1 1
-4850.8 2809.8 -61.8 344 0 25.4 9.9 10.5 3.5 2 0 3 1 1
-4816.7 2767.7 -49.7 183 0 24.6 9.2 10.5 3.5 2 0 3 1 1
-4816.0 2792.7 -49.7 195 0 11.2 19.0 10.5 0.0 0 1 3 0 0
-4817.7 2817.7 -50.4 181 0 25.2 9.4 10.5 3.5 2 0 3 4 4
-4819.9 2842.3 -51.4 190 0 11.8 17.7 10.5 3.5 2 1 3 2 2
-4816.2 2878.0 -50.5 185 0 24.0 11.0 10.5 3.5 2 0 3 4 4
-4788.8 2868.2 -47.8 13 0 33.7 11.4 10.5 3.5 2 0 3 2 2
-4802.4 2904.4 -46.0 193 0 11.9 19.3 10.5 3.5 2 1 3 4 4
-4798.1 2923.2 -43.7 193 0 11.9 19.2 10.5 3.5 2 1 3 4 4
-4782.1 2946.2 -42.2 283 0 30.3 12.6 10.5 3.5 2 0 3 1 1
-4781.8 3048.3 -33.2 44 0 14.8 9.5 10.5 0.0 0 0 3 2 2
-4800.9 3039.5 -36.6 80 0 14.7 9.6 10.5 3.5 2 0 3 5 5
-4794.7 2957.7 -41.6 80 0 14.7 9.6 10.5 0.0 0 0 3 2 2
-4758.4 2964.5 -30.7 80 0 14.7 9.6 10.5 3.5 2 0 3 2 2
-4776.3 2960.9 -36.6 80 0 14.7 9.6 10.5 3.5 2 0 3 4 4
-4806.6 2992.2 -39.9 80 0 14.7 9.6 10.5 3.5 2 0 3 2 2
-4805.2 2984.0 -41.8 260 0 14.7 9.6 10.5 3.5 2 0 3 4 4
-4770.3 2998.9 -30.1 80 0 14.7 9.6 10.5 3.5 2 0 3 5 5
-4788.2 2995.4 -35.1 80 0 14.7 9.6 10.5 0.0 0 0 3 0 0
-4768.9 2990.8 -30.9 260 0 14.7 9.6 10.5 3.5 2 0 3 1 1
-4786.8 2987.2 -36.5 260 0 14.7 9.6 10.5 3.5 2 0 3 3 3
-4776.0 3034.9 -32.7 260 0 14.7 9.6 10.5 3.5 2 0 3 0 0
-4772.0 3011.6 -31.5 80 0 14.7 9.6 10.5 3.5 2 0 3 2 2
-4793.8 3031.3 -37.1 260 0 14.7 9.6 10.5 3.5 2 0 3 5 5
-4789.9 3008.0 -36.6 80 0 14.7 9.6 10.5 3.5 2 0 3 1 1
-4816.4 3008.2 -39.7 170 0 9.6 14.7 10.5 3.5 2 1 3 5 5
-4812.3 3028.1 -39.0 260 0 14.7 9.6 10.5 0.0 0 0 3 1 1
-4818.2 3036.1 -38.3 80 0 14.7 9.6 10.5 0.0 0 0 3 1 1
-4803.1 3073.5 -33.5 243 0 14.7 9.5 10.5 0.0 0 0 3 1 1
-4818.5 3067.1 -36.0 251 0 14.7 9.6 10.5 3.5 2 0 3 5 5
-4784.7 3078.6 -28.9 261 0 14.7 9.6 10.5 3.5 4 0 3 2 2
-4786.5 3090.3 -29.9 83 0 14.7 9.6 10.5 3.5 2 0 3 1 1
-4803.6 3090.7 -32.1 90 0 14.7 9.6 10.5 3.5 2 0 3 5 5
-4820.1 3101.3 -32.7 270 0 14.7 9.6 10.5 3.5 2 0 3 3 3
-4820.8 3117.5 -31.1 82 0 14.7 9.6 10.5 3.5 2 0 3 3 3
-4804.3 3128.8 -30.6 270 0 14.7 9.6 10.5 0.0 0 0 3 1 1
-4787.5 3126.9 -29.3 272 0 14.7 9.6 10.5 3.5 2 0 3 4 4
-4773.0 3110.1 -26.1 120 0 14.7 9.5 10.5 3.5 2 0 3 5 5
-4772.2 3136.7 -24.5 120 0 14.7 9.5 10.5 3.5 2 0 3 2 2
-4783.8 3154.4 -28.2 291 0 14.7 9.5 10.5 3.5 2 0 3 5 5
-4802.8 3159.9 -28.2 276 0 14.7 9.6 10.5 3.5 2 0 3 3 3
-4824.0 3159.2 -28.8 267 0 14.7 9.6 10.5 3.5 2 0 3 3 3
-4826.0 3190.6 -25.8 276 0 14.7 9.6 10.5 0.0 0 0 3 3 3
-4808.2 3188.2 -25.6 280 0 14.7 9.6 10.5 3.5 2 0 3 0 0
-4790.8 3184.1 -25.1 285 0 14.7 9.6 10.5 3.5 4 0 3 5 5
-4773.1 3178.1 -23.2 292 0 14.7 9.6 10.5 3.5 2 0 3 0 0
-4760.9 3161.8 -19.7 117 0 14.7 9.5 10.5 3.5 2 0 3 3 3
-4746.3 3152.9 -16.6 120 0 14.7 9.5 10.5 3.5 4 0 3 4 4
-5044.2 2651.0 -96.4 27 0 21.5 8.2 10.5 3.5 2 0 3 5 5
-5036.2 2631.1 -98.5 13 0 14.2 8.5 10.5 3.5 2 0 3 2 2
-5024.6 2621.1 -98.5 4 0 7.9 11.6 10.5 3.5 2 1 3 5 5
-5048.6 2585.3 -110.8 46 0 31.4 10.5 10.5 3.5 2 0 3 2 2
-5012.4 2802.2 -84.4 261 0 20.1 36.3 10.5 0.0 0 1 3 3 3
-4945.5 2773.8 -84.9 359 0 19.8 50.4 10.5 3.5 2 1 3 3 3
-5125.5 2860.5 -65.1 103 0 19.2 14.5 10.5 3.5 2 0 3 2 2
-5111.0 2845.5 -68.6 205 0 15.1 11.6 10.5 3.5 2 0 3 4 4
-5154.4 2875.0 -60.9 105 0 18.1 13.5 10.5 3.5 2 0 3 0 0
-5187.3 2906.2 -57.2 215 0 14.8 12.4 10.5 3.5 2 0 3 5 5
-5153.1 2827.5 -63.9 27 0 15.1 16.6 10.5 3.5 2 1 3 0 0
-5189.7 2840.4 -62.6 254 0 14.1 18.4 10.5 3.5 2 1 3 5 5
-5222.5 2830.0 -62.0 171 0 14.3 19.9 10.5 3.5 4 1 3 3 3
-5217.6 2799.2 -64.2 106 0 14.5 15.0 10.5 3.5 2 1 3 5 5
-5095.3 2732.1 -84.2 173 0 15.8 15.5 10.5 3.5 2 0 3 5 5
-5123.8 2779.0 -72.8 339 0 14.9 13.5 14.0 3.5 4 0 4 5 5
-5119.2 2755.2 -75.6 356 0 12.4 15.7 14.0 3.5 2 1 4 2 2
-5150.1 2746.5 -72.1 85 0 16.5 13.4 14.0 3.5 2 0 4 0 0
-5158.5 2779.7 -69.4 260 0 18.5 12.6 14.0 3.5 2 0 4 4 4
-5162.5 2797.6 -65.8 92 0 16.2 17.1 10.5 3.5 2 1 3 3 3
-5199.6 2796.0 -64.9 132 0 14.0 19.1 10.5 3.5 2 1 3 1 1
-5186.0 2778.2 -67.2 261 0 16.2 13.2 14.0 3.5 2 0 4 3 3
-5215.6 2734.2 -68.8 77 0 10.8 13.5 14.0 3.5 4 1 4 1 1
-5197.3 2735.4 -69.1 77 0 16.0 12.5 14.0 3.5 2 0 4 3 3
-5170.2 2739.8 -69.4 77 0 16.1 13.7 14.0 3.5 2 0 4 2 2
-5090.2 2687.6 -89.5 158 0 21.2 14.0 10.5 3.5 2 0 3 2 2
-5086.7 2670.6 -92.2 254 0 12.4 18.4 10.5 3.5 2 1 3 2 2
-5102.5 2644.5 -95.4 266 0 19.0 11.9 10.5 3.5 2 0 3 2 2
-5149.5 2654.3 -85.9 266 0 15.3 8.7 10.5 3.5 2 0 3 4 4
-5115.7 2697.9 -81.8 348 0 20.5 17.7 14.0 3.5 2 0 4 4 4
-5147.9 2680.1 -78.5 77 0 24.3 12.6 14.0 3.5 4 0 4 1 1
-5162.7 2713.7 -73.3 265 0 14.8 13.1 14.0 3.5 2 0 4 4 4
-5183.3 2712.1 -73.0 265 0 16.9 13.8 14.0 3.5 2 0 4 3 3
-5214.1 2701.5 -72.8 190 0 13.6 14.7 14.0 3.5 2 1 4 2 2
-5179.0 2678.6 -75.0 83 0 17.0 14.2 14.0 3.5 4 0 4 5 5
-5203.0 2675.6 -74.9 82 0 16.8 14.7 14.0 3.5 2 0 4 0 0
-5203.8 2643.2 -88.2 254 0 20.4 13.7 10.5 3.5 4 0 3 0 0
-5174.8 2643.6 -89.5 253 0 19.9 15.0 10.5 3.5 2 0 3 0 0
-5128.9 2630.7 -95.7 269 0 22.2 14.0 10.5 3.5 2 0 3 5 5
-5043.0 3243.2 -20.3 96 0 36.6 31.2 14.0 0.0 0 0 4 3 3
-5002.9 3119.5 -36.3 75 0 28.3 92.9 10.5 0.0 0 1 3 0 0
-5172.4 3181.6 -24.3 331 0 9.4 47.9 10.5 0.0 0 1 3 0 0
-5171.5 3153.6 -28.8 331 0 9.4 42.2 10.5 3.5 2 1 3 1 1
-5204.1 3108.5 -31.8 151 0 9.4 42.2 10.5 3.5 2 1 3 3 3
-5222.1 3048.0 -36.6 197 0 24.2 17.5 14.0 0.0 0 0 4 3 3
-5200.7 3082.1 -32.3 288 0 16.2 24.0 14.0 3.5 2 1 4 0 0
-5205.9 3002.9 -42.2 107 0 15.3 73.2 14.0 3.5 2 1 4 3 3
-5251.7 3007.4 -36.9 45 0 44.7 11.9 14.0 3.5 2 0 4 1 1
-5288.7 2862.7 -55.9 301 0 15.4 12.3 14.0 3.5 2 0 4 5 5
-5307.2 2872.9 -53.4 296 0 15.4 12.3 14.0 3.5 2 0 4 1 1
-5324.8 2882.4 -50.5 296 0 15.4 12.3 14.0 0.0 0 0 4 5 5
-5343.4 2892.5 -46.8 296 0 15.4 12.3 14.0 3.5 2 0 4 2 2
-5338.9 2904.1 -43.8 116 0 15.4 12.3 14.0 3.5 2 0 4 1 1
-5319.2 2895.2 -47.4 116 0 15.4 12.3 14.0 3.5 2 0 4 2 2
-5290.0 2910.0 -50.1 296 0 15.4 12.3 14.0 3.5 2 0 4 0 0
-5301.9 2885.8 -50.8 116 0 15.4 12.3 14.0 3.5 2 0 4 5 5
-5283.6 2875.5 -54.5 116 0 15.4 12.3 14.0 3.5 2 0 4 2 2
-5271.1 2900.6 -53.6 296 0 15.4 12.3 14.0 3.5 2 0 4 2 2
-5218.9 2980.2 -49.5 300 0 15.6 13.3 14.0 3.5 2 0 4 0 0
-5239.1 2990.2 -47.1 300 0 15.9 11.9 14.0 3.5 2 0 4 2 2
-5229.9 2947.9 -52.4 30 0 14.0 15.2 14.0 3.5 2 1 4 5 5
-5262.1 2965.2 -51.0 207 0 13.1 14.8 14.0 3.5 2 1 4 5 5
-5265.1 2912.4 -53.5 112 0 17.1 14.9 14.0 3.5 2 0 4 1 1
-5283.0 2925.2 -49.4 115 0 14.0 16.0 14.0 3.5 4 1 4 0 0
-5286.1 2956.3 -45.5 315 0 11.7 42.1 14.0 3.5 2 1 4 3 3
-5122.0 2802.1 -72.9 169 0 14.0 17.6 10.5 3.5 2 1 3 5 5
-5120.5 2824.2 -70.3 179 0 17.8 13.9 10.5 0.0 0 0 3 2 2
-5104.6 2781.9 -77.3 169 0 17.7 13.9 10.5 3.5 2 0 3 5 5
-5098.4 2758.6 -80.7 169 0 17.7 13.9 10.5 3.5 2 0 3 5 5
-5043.0 2858.1 -71.4 348 0 12.5 36.3 10.5 3.5 2 1 3 1 1
-5042.7 2883.8 -67.5 348 0 12.5 36.3 10.5 3.5 2 1 3 3 3
-5054.5 2924.0 -61.1 2 0 12.5 36.3 10.5 0.0 0 1 3 5 5
-5061.9 2950.0 -56.8 11 0 12.5 36.3 10.5 3.5 2 1 3 0 0
-5054.4 2977.5 -52.8 11 0 12.5 36.3 10.5 0.0 0 1 3 5 5
-5051.1 3004.7 -49.7 12 0 12.5 36.3 10.5 3.5 2 1 3 0 0
-5112.4 2975.0 -56.3 274 0 11.0 35.2 10.5 3.5 2 1 3 0 0
-5114.0 2901.5 -62.0 94 0 11.0 30.3 10.5 3.5 2 1 3 1 1
-5143.5 2899.9 -60.5 99 0 30.1 11.1 10.5 0.0 0 0 3 3 3
-5164.5 2934.5 -55.4 218 0 30.2 11.0 10.5 3.5 2 0 3 0 0
-5138.5 2973.7 -53.2 210 0 30.3 11.0 10.5 3.5 2 0 3 1 1
-5117.3 3009.7 -48.6 204 0 30.3 11.0 10.5 3.5 2 0 3 4 4
-5067.0 3050.4 -44.1 125 0 11.0 30.2 10.5 3.5 4 1 3 1 1
-5094.5 3052.0 -42.9 125 0 11.0 30.3 10.5 3.5 2 1 3 4 4
-5370.4 2831.9 -35.6 285 0 15.9 12.3 10.5 3.5 2 0 3 5 5
-5381.3 2860.4 -38.0 103 0 15.3 15.9 14.0 3.5 2 1 4 3 3
-5362.4 2906.5 -37.0 30 0 13.9 13.9 14.0 0.0 0 1 4 0 0
-5412.5 2864.3 -28.7 119 0 13.1 29.9 14.0 3.5 2 1 4 0 0
-5293.7 2828.2 -56.5 24 0 12.8 16.7 14.0 3.5 2 1 4 5 5
-5322.9 2834.3 -53.7 114 0 16.7 12.8 14.0 3.5 2 0 4 2 2
-5341.5 2843.8 -51.0 114 0 16.7 12.8 14.0 3.5 2 0 4 0 0
-5360.1 2852.6 -47.3 114 0 16.7 12.8 14.0 3.5 2 0 4 3 3
-5343.8 2820.5 -45.0 294 0 15.8 12.8 10.5 3.5 2 0 3 5 5
-5325.7 2810.7 -50.5 294 0 15.4 12.5 10.5 3.5 4 0 3 1 1
-5289.9 2712.1 -58.5 327 0 11.7 20.6 10.5 3.5 4 1 3 3 3
-5297.0 2730.4 -54.7 347 0 14.3 12.9 10.5 3.5 2 0 3 0 0
-5301.5 2793.2 -55.1 24 0 12.2 16.7 10.5 3.5 2 1 3 1 1
-5294.8 2776.2 -56.9 193 0 14.8 13.0 10.5 3.5 2 0 3 3 3
-5293.5 2749.3 -59.1 171 0 15.2 11.3 10.5 3.5 2 0 3 0 0
-5305.9 2754.0 -52.9 330 0 13.6 13.9 10.5 3.5 2 1 3 5 5
-5309.6 2773.1 -50.6 5 0 16.1 14.1 10.5 3.5 2 0 3 0 0
-4979.9 2990.6 -52.6 271 0 29.1 16.2 14.0 3.5 2 0 4 0 0
-5025.4 2975.6 -53.3 181 0 16.8 30.6 14.0 3.5 2 1 4 2 2
