5482.1 6348.5 -2.2 272 0 7.9 4.9 2.5 2.5 2 0 1 5 5
5481.2 6333.9 0.3 278 0 12.1 12.7 2.5 2.5 2 1 1 1 1
5502.9 6295.2 1.5 157 0 10.9 8.7 2.5 2.5 2 0 1 5 5
5516.4 6246.5 1.1 115 0 7.6 8.0 2.5 0.0 0 1 1 0 0
5528.5 6241.9 1.1 115 0 7.5 8.0 2.5 2.5 2 1 1 2 2
5539.4 6235.2 1.0 115 0 7.6 8.0 2.5 2.5 2 1 1 4 4
5553.9 6229.8 0.9 115 0 7.6 8.0 2.5 2.5 2 1 1 5 5
5566.7 6224.5 0.8 115 0 7.5 8.0 2.5 2.5 2 1 1 5 5
5580.1 6219.9 0.8 115 0 7.5 8.0 2.5 2.5 2 1 1 4 4
5592.7 6213.4 0.6 115 0 7.5 8.0 2.5 2.5 2 1 1 2 2
5605.8 6206.5 0.4 115 0 7.5 8.0 2.5 0.0 0 1 1 0 0
5617.8 6201.0 0.4 115 0 7.5 8.0 2.5 2.5 2 1 1 1 1
5630.4 6195.0 0.3 115 0 7.5 8.0 2.5 2.5 2 1 1 5 5
5627.9 6186.0 0.2 295 0 7.3 8.0 2.5 2.5 2 1 1 2 2
5611.7 6189.4 0.4 295 0 7.3 8.0 2.5 2.5 2 1 1 1 1
5600.2 6198.4 0.4 295 0 7.3 8.0 2.5 2.5 2 1 1 1 1
5586.6 6200.2 0.7 295 0 7.3 8.0 2.5 2.5 2 1 1 1 1
5574.1 6208.9 0.8 295 0 7.3 8.0 2.5 2.5 2 1 1 0 0
5561.4 6212.5 1.0 295 0 7.3 8.0 2.5 2.5 2 1 1 0 0
5547.9 6219.2 1.0 295 0 7.3 8.0 2.5 2.5 2 1 1 1 1
5534.2 6225.4 1.0 295 0 7.3 8.0 2.5 2.5 2 1 1 3 3
5522.6 6231.0 1.2 295 0 7.3 8.0 2.5 2.5 2 1 1 4 4
5509.5 6232.3 1.3 295 0 7.3 8.0 2.5 2.5 2 1 1 0 0
5819.5 6128.1 2.8 115 0 7.6 8.0 2.5 2.5 2 1 1 3 3
5875.9 6160.1 -0.4 177 0 8.0 7.3 2.5 2.5 2 0 1 3 3
5891.8 6160.4 -0.8 177 0 8.0 7.3 2.5 2.5 2 0 1 5 5
5914.1 6163.6 -1.1 357 0 8.0 7.3 2.5 2.5 2 0 1 4 4
5922.4 6160.7 -1.1 87 0 7.3 8.0 2.5 2.5 2 1 1 1 1
5944.6 6165.5 -0.9 357 0 8.0 7.3 2.5 2.5 2 0 1 5 5
5957.1 6171.3 -0.9 267 0 7.3 8.0 2.5 2.5 2 1 1 5 5
5979.4 6167.5 -0.7 357 0 8.0 7.3 5.0 2.5 2 0 2 3 3
5988.7 6167.6 -0.6 177 0 8.0 7.3 5.0 2.5 2 0 2 3 3
6006.1 6176.9 -0.6 267 0 7.3 8.0 2.5 2.5 2 1 1 3 3
6020.1 6171.5 -0.1 177 0 8.0 7.3 5.0 2.5 2 0 2 1 1
6034.8 6172.9 0.3 177 0 8.0 7.3 5.0 2.5 2 0 2 1 1
6057.0 6175.4 0.8 357 0 8.0 7.3 5.0 2.5 2 0 2 5 5
6063.4 6173.9 1.2 177 0 8.0 7.3 5.0 2.5 2 0 2 5 5
6082.7 6181.5 1.5 267 0 7.3 8.0 2.5 2.5 2 1 1 0 0
6088.6 6174.7 1.2 177 0 8.0 7.3 5.0 2.5 2 0 2 0 0
6112.0 6178.6 0.7 357 0 8.0 7.3 5.0 2.5 2 0 2 3 3
6116.2 6176.6 0.5 177 0 8.0 7.3 5.0 2.5 2 0 2 1 1
6129.3 6177.9 0.2 177 0 8.0 7.3 5.0 2.5 2 0 2 1 1
6153.9 6181.2 -0.4 267 0 7.3 8.0 5.0 2.5 2 1 2 5 5
6167.0 6181.7 -0.9 267 0 7.3 8.0 5.0 2.5 2 1 2 4 4
6176.2 6181.3 -1.3 177 0 8.0 7.3 5.0 0.0 0 0 2 3 3
6161.0 6223.5 1.7 177 0 8.0 7.3 2.5 2.5 4 0 1 0 0
5860.8 6135.1 1.2 267 0 7.3 8.0 2.5 2.5 4 1 1 4 4
5898.0 6143.3 -0.1 267 0 7.3 8.0 2.5 2.5 2 1 1 1 1
5910.8 6145.7 -0.0 267 0 7.3 8.0 2.5 2.5 2 1 1 0 0
5929.2 6142.7 -0.0 267 0 7.3 8.0 2.5 2.5 4 1 1 3 3
5947.6 6137.1 0.1 357 0 8.0 7.3 2.5 2.5 2 0 1 1 1
5961.6 6133.1 0.1 87 0 7.3 8.0 5.0 2.5 2 1 2 3 3
5975.8 6138.9 0.2 177 0 8.0 7.3 5.0 2.5 2 0 2 5 5
5994.7 6147.0 0.3 267 0 7.3 8.0 5.0 2.5 4 1 2 4 4
6006.9 6150.1 0.3 267 0 7.3 8.0 5.0 2.5 2 1 2 4 4
6024.4 6148.5 0.8 267 0 7.3 8.0 5.0 2.5 2 1 2 4 4
6037.0 6153.1 0.8 267 0 7.3 8.0 5.0 2.5 2 1 2 2 2
6051.3 6151.9 1.0 267 0 7.3 8.0 5.0 2.5 2 1 2 3 3
6067.3 6149.5 1.6 267 0 7.3 8.0 5.0 2.5 2 1 2 4 4
6083.3 6150.8 1.8 267 0 7.3 8.0 5.0 2.5 2 1 2 5 5
6102.7 6156.3 1.2 267 0 7.3 8.0 5.0 2.5 2 1 2 4 4
6115.4 6155.5 1.0 267 0 7.3 8.0 5.0 2.5 2 1 2 3 3
6127.8 6158.6 0.7 267 0 7.3 8.0 5.0 2.5 2 1 2 4 4
6144.7 6157.5 0.0 267 0 7.3 8.0 5.0 0.0 0 1 2 3 3
6158.5 6159.4 -0.6 267 0 7.3 8.0 5.0 2.5 2 1 2 1 1
6180.8 6155.3 -1.9 267 0 7.3 8.0 5.0 0.0 0 1 2 5 5
6194.7 6157.9 -2.7 267 0 7.3 8.0 5.0 2.5 2 1 2 3 3
6204.2 6181.7 -2.5 177 0 8.0 7.3 2.5 0.0 0 0 1 3 3
6209.7 6153.1 -3.6 267 0 7.3 8.0 5.0 2.5 2 1 2 2 2
6225.3 6150.2 -4.4 293 0 10.7 14.3 5.0 2.5 2 1 2 1 1
6226.6 6176.7 -3.3 94 0 12.3 20.5 2.5 2.5 2 1 1 5 5
6292.0 6144.6 -5.3 115 0 27.0 11.3 2.5 0.0 0 0 1 2 2
6301.7 6077.0 -6.9 194 0 31.3 33.4 2.5 0.0 0 1 1 4 4
6291.5 6031.5 -7.4 212 0 7.8 10.4 2.5 2.5 2 1 1 3 3
6283.6 6019.3 -7.8 212 0 7.8 10.4 2.5 2.5 2 1 1 5 5
6270.5 5996.9 -9.0 212 0 7.8 10.4 2.5 2.5 2 1 1 1 1
6260.8 5982.0 -9.2 212 0 7.8 10.4 2.5 2.5 2 1 1 2 2
6250.3 5967.5 -9.5 212 0 7.8 10.4 2.5 2.5 2 1 1 3 3
6236.2 5947.2 -10.2 212 0 7.8 10.4 2.5 2.5 2 1 1 0 0
6223.4 5933.8 -10.7 212 0 7.8 10.4 2.5 0.0 0 1 1 5 5
6212.3 5915.9 -11.8 212 0 7.8 10.4 2.5 2.5 4 1 1 2 2
6199.7 5898.1 -12.4 212 0 7.8 10.4 2.5 2.5 2 1 1 1 1
6187.9 5880.9 -12.5 212 0 7.8 10.4 2.5 2.5 2 1 1 2 2
6175.6 5862.2 -12.7 212 0 7.8 10.4 2.5 2.5 2 1 1 2 2
6164.5 5846.5 -12.5 212 0 7.8 10.4 2.5 2.5 4 1 1 2 2
6152.4 5828.8 -12.3 212 0 7.8 10.4 2.5 2.5 2 1 1 4 4
6141.9 5813.5 -12.1 212 0 7.8 10.4 2.5 2.5 2 1 1 0 0
6121.7 5777.7 -11.3 212 0 7.8 10.4 2.5 2.5 2 1 1 1 1
6114.7 5768.3 -11.4 212 0 7.8 10.4 2.5 2.5 2 1 1 1 1
6108.3 5759.3 -11.6 212 0 7.8 10.4 2.5 2.5 2 1 1 1 1
6090.8 5704.5 -13.9 32 0 7.8 10.4 2.5 2.5 2 1 1 3 3
6026.0 5684.6 -6.9 32 0 7.8 10.4 2.5 0.0 0 1 1 5 5
6031.2 5700.2 -6.8 122 0 10.4 7.8 2.5 0.0 0 0 1 1 1
6077.2 5753.6 -8.1 32 0 7.8 10.4 2.5 2.5 2 1 1 5 5
6092.7 5768.2 -9.0 32 0 7.8 10.4 2.5 2.5 2 1 1 1 1
6106.4 5789.3 -9.7 32 0 7.8 10.4 2.5 0.0 0 1 1 0 0
6120.7 5813.4 -10.2 32 0 7.8 10.4 2.5 2.5 2 1 1 3 3
6140.3 5837.6 -10.7 32 0 7.8 10.4 2.5 2.5 2 1 1 3 3
6154.9 5855.9 -10.9 32 0 7.8 10.4 2.5 2.5 2 1 1 2 2
6163.4 5873.2 -11.1 32 0 7.8 10.4 2.5 2.5 4 1 1 4 4
6178.5 5891.6 -11.2 32 0 7.8 10.4 5.0 2.5 2 1 2 3 3
6182.9 5899.5 -11.2 32 0 7.8 10.4 5.0 0.0 0 1 2 3 3
6191.2 5913.3 -11.2 32 0 7.8 10.4 5.0 2.5 2 1 2 0 0
6201.8 5923.6 -10.5 32 0 7.8 10.4 5.0 2.5 2 1 2 1 1
6211.0 5942.2 -9.5 32 0 7.8 10.4 5.0 2.5 2 1 2 3 3
6221.1 5955.8 -8.6 122 0 10.4 7.8 5.0 2.5 2 0 2 3 3
6236.8 5978.1 -8.0 32 0 7.8 10.4 5.0 2.5 2 1 2 4 4
6243.2 5988.9 -7.8 122 0 10.4 7.8 5.0 2.5 2 0 2 5 5
6255.1 6005.1 -7.5 122 0 10.4 7.8 5.0 2.5 4 0 2 0 0
6271.4 6025.2 -7.5 32 0 7.8 10.4 5.0 2.5 2 1 2 4 4
6111.1 5916.3 -9.9 302 0 10.4 7.8 2.5 2.5 2 0 1 3 3
6121.1 5932.4 -10.0 122 0 10.4 7.8 5.0 2.5 2 0 2 3 3
5509.6 6180.9 2.0 122 0 10.4 7.8 2.5 2.5 2 0 1 0 0
5485.9 6269.2 0.3 2 0 14.4 17.0 2.5 2.5 2 1 1 2 2
