-2813.2 -6185.3 -9.6 233 0 5.0 13.0 2.5 2.5 2 0 1 4 4
-2816.1 -6183.7 -9.6 324 0 6.2 5.0 2.5 2.5 2 0 1 3 3
-2847.7 -6171.6 -9.3 276 0 27.5 11.8 2.5 2.5 2 0 1 5 5
-2842.0 -6154.3 -9.5 7 0 6.6 12.3 5.0 0.0 0 1 2 4 4
-2838.1 -6145.5 -9.8 8 0 8.4 10.7 2.5 2.5 2 1 1 2 2
-2784.3 -6173.7 -10.0 55 0 5.7 12.0 5.0 2.5 2 1 2 0 0
-2790.8 -6174.8 -9.8 48 0 4.8 7.9 5.0 2.5 2 1 2 0 0
-2805.5 -6149.8 -9.9 234 0 11.2 14.6 5.0 2.5 2 1 2 2 2
-2811.2 -6142.7 -10.0 60 0 11.2 7.3 5.0 2.5 2 0 2 1 1
-2815.0 -6133.6 -10.0 53 0 10.7 5.7 5.0 2.5 2 0 2 4 4
-2819.6 -6118.5 -10.1 256 0 7.3 9.3 5.0 2.5 2 1 2 2 2
-2846.9 -6121.1 -10.0 343 0 7.2 10.4 5.0 2.5 2 1 2 0 0
-2862.9 -6124.4 -9.1 158 0 3.7 5.3 5.0 2.5 2 1 2 0 0
-2852.7 -6111.0 -10.0 337 0 8.0 7.8 5.0 0.0 0 0 2 4 4
-2845.1 -6062.9 -9.4 336 0 3.2 11.7 5.0 0.0 0 1 2 3 3
-2851.5 -6049.2 -9.1 338 0 7.0 8.5 5.0 2.5 4 1 2 2 2
-2872.5 -6060.9 -9.1 334 0 7.7 8.2 5.0 2.5 2 1 2 5 5
-2861.1 -6018.1 -8.3 336 0 6.7 12.6 5.0 2.5 2 1 2 2 2
-2870.6 -6004.4 -7.9 339 0 7.3 9.2 5.0 2.5 2 1 2 3 3
-2879.0 -5992.0 -7.5 337 0 5.5 7.5 5.0 2.5 2 1 2 4 4
-2888.1 -5958.0 -6.7 333 0 6.2 7.6 5.0 2.5 2 1 2 4 4
-2890.7 -5947.3 -6.4 335 0 4.4 8.7 5.0 2.5 2 1 2 0 0
-2898.5 -5928.3 -5.9 333 0 6.6 9.4 5.0 2.5 2 1 2 3 3
-2904.1 -5914.7 -5.6 339 0 7.5 11.7 5.0 2.5 4 1 2 4 4
-2911.6 -5889.9 -5.2 344 0 6.6 8.0 5.0 2.5 2 1 2 1 1
-2929.5 -5852.0 -3.8 337 0 7.0 10.0 5.0 2.5 2 1 2 2 2
-2939.9 -5833.7 -3.0 336 0 5.3 9.0 5.0 2.5 2 1 2 0 0
-2868.6 -5931.6 -6.4 155 0 4.4 8.7 2.5 2.5 2 1 1 5 5
-2868.9 -5917.8 -6.2 242 0 4.4 8.8 2.5 2.5 4 1 1 3 3
-2875.8 -5911.2 -5.9 152 0 8.8 4.4 2.5 2.5 2 0 1 0 0
-2866.5 -5909.9 -5.9 62 0 4.4 8.8 2.5 2.5 2 1 1 4 4
-2882.5 -5895.3 -5.8 152 0 8.8 4.4 2.5 2.5 2 0 1 4 4
-2892.6 -5879.4 -5.4 156 0 4.9 5.3 2.5 2.5 2 1 1 5 5
-2898.3 -5863.3 -5.0 152 0 8.8 4.4 2.5 2.5 2 0 1 5 5
-2899.7 -5836.0 -4.2 153 0 7.4 9.1 2.5 2.5 2 1 1 5 5
-2925.8 -5773.0 -1.8 145 0 7.4 9.1 2.5 2.5 2 1 1 5 5
-2856.9 -5945.6 -6.8 68 0 9.1 7.5 2.5 2.5 2 0 1 5 5
-2856.4 -5971.1 -7.5 167 0 6.7 9.6 5.0 2.5 2 1 2 1 1
-2840.1 -6012.6 -8.4 160 0 7.9 9.5 5.0 2.5 2 1 2 2 2
-2824.7 -6040.5 -8.8 156 0 5.6 8.7 5.0 2.5 2 1 2 3 3
-2807.2 -6035.4 -8.6 152 0 7.9 11.3 5.0 2.5 2 1 2 0 0
-2816.7 -6059.7 -9.1 159 0 6.0 5.3 5.0 2.5 2 0 2 5 5
-2816.5 -6072.5 -9.4 150 0 9.6 11.3 5.0 0.0 0 1 2 2 2
-2804.0 -6095.6 -9.7 153 0 6.9 8.5 5.0 2.5 4 1 2 4 4
-2797.8 -6105.1 -9.9 158 0 4.3 3.7 5.0 2.5 2 0 2 2 2
-2795.7 -6123.0 -10.0 149 0 3.2 3.8 5.0 2.5 2 1 2 5 5
-2780.6 -6121.6 -10.0 63 0 6.7 6.9 5.0 2.5 4 1 2 0 0
-2770.7 -6119.3 -9.9 78 0 8.8 7.9 5.0 2.5 2 0 2 5 5
-2755.6 -6114.6 -9.8 69 0 9.4 6.9 5.0 2.5 2 0 2 2 2
-2728.6 -6106.1 -9.5 72 0 8.5 6.5 5.0 2.5 2 0 2 4 4
-2723.4 -6112.9 -9.7 253 0 22.3 12.7 2.5 2.5 4 0 1 2 2
-2695.7 -6106.5 -9.3 345 0 3.3 3.3 2.5 2.5 2 1 1 5 5
-2680.9 -6097.2 -8.7 80 0 8.7 6.5 5.0 2.5 2 0 2 3 3
-2669.6 -6095.9 -8.6 82 0 8.4 8.0 5.0 2.5 2 0 2 2 2
-2770.6 -6142.9 -10.0 71 0 6.4 5.6 2.5 2.5 2 0 1 3 3
-2758.8 -6136.1 -9.9 66 0 8.8 4.6 2.5 2.5 2 0 1 5 5
-2037.3 -5945.2 -2.8 229 0 11.4 14.1 5.0 0.0 0 1 2 2 2
-2035.8 -5927.5 -4.8 50 0 7.3 5.9 5.0 2.5 2 0 2 4 4
-2043.9 -5900.5 -6.0 229 0 7.4 9.1 5.0 0.0 0 1 2 1 1
-2051.6 -5908.4 -3.9 231 0 9.1 7.4 5.0 2.5 2 0 2 1 1
-2061.1 -5922.7 -2.5 141 0 7.4 9.1 5.0 0.0 0 1 2 3 3
-2061.7 -5935.1 -1.4 321 0 7.4 9.1 5.0 2.5 2 1 2 5 5
-2067.1 -5894.9 -3.3 51 0 9.1 7.4 2.5 2.5 2 0 1 3 3
-2135.8 -5832.8 -3.2 141 0 7.4 9.1 2.5 2.5 2 1 1 5 5
-2166.0 -5831.8 -1.3 321 0 7.4 9.1 5.0 2.5 2 1 2 5 5
-2049.5 -5943.9 -1.7 50 0 7.3 5.9 5.0 2.5 2 0 2 1 1
-2075.2 -5917.5 -1.7 320 0 5.9 7.3 5.0 2.5 2 1 2 4 4
-2057.4 -5901.7 -3.1 320 0 5.9 7.3 5.0 2.5 2 1 2 4 4
-2050.3 -5928.4 -2.8 140 0 5.9 7.3 5.0 0.0 0 1 2 2 2
-2055.4 -5894.0 -4.6 140 0 5.9 7.3 2.5 2.5 2 1 1 3 3
-2058.7 -5879.7 -4.0 320 0 5.9 7.3 2.5 2.5 2 1 1 4 4
-2089.1 -5907.6 -1.6 320 0 5.9 7.3 5.0 2.5 2 1 2 0 0
-2099.0 -5896.4 -1.8 320 0 5.9 7.3 5.0 2.5 2 1 2 2 2
-2111.5 -5912.7 -0.6 320 0 5.9 7.3 5.0 2.5 2 1 2 2 2
-2117.5 -5891.6 -1.3 320 0 5.9 7.3 5.0 0.0 0 1 2 1 1
-2123.2 -5884.1 -1.4 320 0 5.9 7.3 5.0 2.5 2 1 2 3 3
-2135.6 -5878.4 -1.2 320 0 5.9 7.3 5.0 2.5 2 1 2 4 4
-2147.3 -5869.7 -1.1 320 0 5.9 7.3 5.0 2.5 2 1 2 4 4
-2159.0 -5860.9 -0.8 320 0 5.9 7.3 5.0 2.5 2 1 2 5 5
-2162.1 -5849.1 -1.0 320 0 5.9 7.3 5.0 2.5 2 1 2 2 2
-2125.4 -5836.6 -3.5 140 0 5.9 7.3 2.5 2.5 2 1 1 3 3
-2110.2 -5849.5 -3.8 140 0 5.9 7.3 2.5 2.5 2 1 1 3 3
-2086.5 -5864.9 -4.1 140 0 5.9 7.3 2.5 2.5 2 1 1 3 3
-2146.2 -5819.2 -2.8 230 0 7.3 5.9 2.5 2.5 2 0 1 5 5
-2174.9 -5838.2 -0.6 320 0 5.9 7.3 5.0 2.5 2 1 2 1 1
-2182.3 -5818.9 -0.5 320 0 5.9 7.3 5.0 2.5 2 1 2 4 4
-2202.8 -5817.3 1.0 320 0 5.9 7.3 5.0 2.5 2 1 2 3 3
-2193.5 -5801.2 -0.3 103 0 5.9 7.3 2.5 2.5 2 1 1 5 5
-2208.2 -5797.2 0.7 124 0 5.9 7.3 2.5 0.0 0 1 1 1 1
-2225.0 -5790.3 1.9 113 0 7.4 5.9 2.5 2.5 2 0 1 5 5
-2239.2 -5796.2 3.5 324 0 5.9 7.3 5.0 2.5 2 1 2 0 0
-2225.5 -5810.0 2.7 323 0 5.9 7.3 5.0 0.0 0 1 2 2 2
