-1375.5 2032.7 -5.2 161 0 10.5 8.7 5.0 2.5 2 0 2 0 0
-1382.0 2063.3 -4.7 251 0 8.7 10.5 5.0 2.5 2 1 2 0 0
-1319.6 2081.9 -3.4 264 0 10.4 8.8 5.0 2.5 2 0 2 1 1
-1269.1 2134.0 -1.1 348 0 17.8 8.1 5.0 2.5 2 0 2 5 5
686.7 2425.2 1.7 35 0 8.2 17.7 5.0 2.5 2 1 2 1 1
651.7 2361.8 0.9 258 0 8.1 17.8 2.5 2.5 2 1 1 5 5
6805.1 -5458.0 -3.1 107 0 5.3 7.6 2.5 0.0 0 1 1 3 3
6026.9 -4380.9 -4.9 312 0 14.4 9.1 5.0 2.5 2 0 2 4 4
6021.6 -4397.4 -4.6 42 0 9.1 14.4 5.0 2.5 2 1 2 0 0
5984.0 -4401.3 -5.7 132 0 14.4 9.1 5.0 2.5 2 0 2 3 3
5976.0 -4368.2 -8.2 221 0 14.8 18.9 5.0 2.5 2 1 2 3 3
4729.9 -4818.4 0.6 236 0 9.5 3.9 2.5 2.5 2 0 1 4 4
4956.5 -4892.5 -7.9 274 0 15.9 9.9 2.5 0.0 0 0 1 3 3
4850.2 -4830.7 -7.9 142 0 9.5 3.9 2.5 2.5 2 0 1 4 4
4809.0 -4829.5 -5.1 12 0 13.3 7.9 2.5 2.5 2 0 1 2 2
4766.2 -4887.1 -0.6 32 0 22.3 8.9 2.5 2.5 2 0 1 4 4
4736.5 -4889.0 -0.3 122 0 22.9 31.5 2.5 0.0 0 1 1 0 0
2690.9 -6176.7 1.7 142 0 6.5 35.4 7.5 2.5 2 1 3 5 5
2747.3 -6143.2 2.0 351 0 8.1 9.7 5.0 2.5 2 1 2 5 5
2752.2 -6156.9 1.8 318 0 14.7 12.3 5.0 2.5 2 0 2 0 0
2755.6 -6219.4 1.2 56 0 12.1 39.6 7.5 2.5 2 1 3 5 5
2778.6 -6202.6 1.3 55 0 28.5 12.1 10.0 2.5 2 0 4 4 4
6811.3 -4878.5 -2.7 331 0 6.7 11.3 2.5 0.0 0 1 1 2 2
6816.4 -4888.9 -2.6 329 0 10.6 16.9 2.5 2.5 2 1 1 5 5
1582.6 4934.8 -7.7 324 0 4.5 20.9 3.5 2.5 2 1 1 2 2
