-3391.8 6889.6 -11.1 2 0 14.3 33.6 2.5 0.0 0 1 1 2 2
-3462.3 6891.2 -12.9 183 0 23.7 17.3 2.5 2.5 2 0 1 4 4
-3497.6 6936.2 -13.5 273 0 9.6 11.4 2.5 2.5 2 1 1 1 1
-3529.0 6935.2 -13.8 272 0 11.0 12.1 2.5 2.5 2 1 1 4 4
-3554.1 6935.2 -14.1 270 0 11.0 10.0 2.5 0.0 0 0 1 0 0
-3507.8 6902.7 -13.5 93 0 13.9 9.2 2.5 2.5 2 0 1 5 5
-3426.6 6832.2 -6.8 186 0 19.7 10.6 2.5 2.5 2 0 1 2 2
-3426.9 6816.2 -5.5 273 0 10.2 7.7 2.5 2.5 2 0 1 5 5
-3441.7 6813.1 -6.6 276 0 12.9 9.7 2.5 2.5 2 0 1 4 4
-3477.2 6828.6 -10.6 275 0 11.4 10.5 2.5 2.5 2 0 1 4 4
-3464.2 6818.9 -8.8 273 0 10.7 9.7 2.5 2.5 2 0 1 1 1
-3495.8 6825.5 -12.3 5 0 10.2 12.1 2.5 0.0 0 1 1 1 1
-3494.9 6848.6 -13.3 2 0 10.5 10.5 2.5 2.5 2 1 1 2 2
-3495.2 6863.2 -13.3 3 0 11.5 10.1 2.5 2.5 2 0 1 1 1
-3507.8 6886.2 -13.5 272 0 11.1 12.0 2.5 2.5 2 1 1 4 4
-3535.6 6856.7 -13.7 180 0 11.7 10.0 2.5 2.5 2 0 1 4 4
-3552.5 6857.7 -14.0 2 0 10.7 10.7 2.5 2.5 2 1 1 0 0
-3554.7 6839.2 -14.0 1 0 9.8 12.8 2.5 2.5 2 1 1 4 4
-3561.0 6781.0 -13.2 93 0 9.8 47.0 2.5 2.5 2 1 1 2 2
-3631.1 6908.5 -13.2 91 0 5.3 5.3 5.0 2.5 2 0 2 3 3
4074.1 5784.3 -11.5 24 0 6.5 10.2 5.0 2.5 2 1 2 0 0
4077.9 5670.8 -10.3 111 0 6.5 10.3 7.5 2.5 2 1 3 0 0
4290.5 5539.7 -11.5 111 0 6.5 10.3 5.0 2.5 2 1 2 2 2
4427.3 5484.2 -12.8 111 0 6.5 10.3 5.0 2.5 2 1 2 2 2
-6176.7 5054.1 4.4 70 0 7.1 13.9 5.0 2.5 2 1 2 1 1
5043.3 5259.9 -12.8 296 0 6.7 6.8 7.5 2.5 2 1 3 0 0
5088.6 5230.5 -13.3 303 0 6.7 6.8 5.0 2.5 2 1 2 1 1
5603.9 5031.8 -11.5 78 0 6.8 6.7 5.0 2.5 4 0 2 4 4
5685.8 5049.0 -11.0 78 0 6.8 6.7 5.0 2.5 2 0 2 0 0
5762.9 5042.8 -12.0 78 0 6.8 6.7 2.5 2.5 2 0 1 0 0
