-3411.6 -386.2 -17.2 64 0 5.8 4.6 2.5 2.5 2 0 1 5 5
-3436.7 -300.0 -12.3 210 0 5.0 5.7 7.5 2.5 2 1 3 5 5
-3406.8 -236.2 -5.9 214 0 6.2 6.1 2.5 2.5 2 0 1 4 4
-3415.0 -127.3 10.1 199 0 7.4 17.4 7.5 2.5 2 1 3 1 1
-3365.4 20.0 30.6 39 0 5.9 6.5 7.5 2.5 2 1 3 5 5
-3335.3 -308.5 -10.9 44 0 7.2 7.6 5.0 2.5 2 1 2 2 2
-3305.5 -236.9 -5.9 355 0 6.1 5.5 2.5 2.5 2 0 1 0 0
-3313.2 -237.8 -7.2 359 0 10.4 8.4 5.0 2.5 2 0 2 1 1
-3485.8 -771.1 -32.5 269 0 3.9 6.9 5.0 2.5 2 1 2 0 0
-3523.4 -776.1 -19.7 92 0 3.2 4.6 7.5 2.5 2 1 3 2 2
-3536.5 -788.9 -14.2 150 0 6.2 4.7 7.5 2.5 2 0 3 3 3
-3547.7 -782.1 -11.4 136 0 6.8 4.9 7.5 2.5 2 0 3 2 2
-3531.5 -786.1 -17.3 145 0 8.0 7.0 2.5 2.5 2 0 1 0 0
-3516.6 -805.8 -21.4 129 0 8.2 10.9 7.5 2.5 4 1 3 1 1
