6706.2 -6807.1 -10.5 271 0 9.5 15.5 2.5 2.5 2 1 1 1 1
6716.9 -6809.0 -10.5 271 0 9.5 15.5 2.5 2.5 2 1 1 2 2
6727.8 -6803.4 -10.4 271 0 7.5 10.3 2.5 2.5 2 1 1 1 1
6761.6 -6793.0 -9.3 271 0 7.5 10.3 2.5 2.5 2 1 1 1 1
6772.1 -6794.2 -9.3 271 0 7.6 10.3 2.5 0.0 0 1 1 5 5
6783.3 -6791.2 -9.1 271 0 7.6 10.3 2.5 2.5 2 1 1 4 4
6795.4 -6789.1 -8.8 271 0 7.5 10.3 2.5 2.5 2 1 1 4 4
6807.0 -6789.0 -8.4 271 0 7.6 10.3 2.5 2.5 2 1 1 2 2
6817.3 -6787.9 -8.0 271 0 7.5 10.3 2.5 2.5 2 1 1 5 5
6828.4 -6787.8 -7.5 271 0 7.5 10.3 2.5 2.5 2 1 1 4 4
6846.9 -6787.5 -6.3 271 0 7.5 10.3 2.5 2.5 2 1 1 3 3
6857.8 -6785.4 -5.5 271 0 7.6 10.3 2.5 0.0 0 1 1 4 4
6870.5 -6785.0 -5.0 270 0 7.6 11.1 2.5 2.5 2 1 1 3 3
6882.6 -6783.8 -4.5 271 0 7.5 10.3 2.5 2.5 2 1 1 2 2
6903.8 -6781.7 -4.1 271 0 7.6 10.3 2.5 2.5 2 1 1 1 1
6718.5 -6787.7 -9.7 91 0 7.6 10.3 2.5 2.5 2 1 1 1 1
6748.7 -6780.8 -8.9 91 0 7.6 10.3 2.5 2.5 2 1 1 4 4
6805.5 -6774.1 -7.5 91 0 7.6 10.3 2.5 2.5 2 1 1 3 3
6828.3 -6771.4 -6.2 91 0 7.5 10.3 2.5 2.5 2 1 1 0 0
6854.2 -6773.0 -4.8 91 0 7.5 10.3 2.5 2.5 2 1 1 0 0
6884.0 -6830.6 -6.4 107 0 7.6 10.3 2.5 2.5 2 1 1 0 0
6909.9 -6792.3 -4.0 181 0 10.3 7.6 2.5 2.5 2 0 1 1 1
