-2451.2 1581.6 -1.2 203 0 8.8 10.8 5.0 2.5 2 1 2 2 2
-2443.8 1606.8 -1.0 186 0 8.8 10.8 5.0 2.5 2 1 2 2 2
-2441.1 1618.8 -0.6 194 0 8.0 8.7 5.0 2.5 2 1 2 3 3
-2437.8 1630.9 -0.4 194 0 8.1 8.7 5.0 2.5 2 1 2 2 2
-2432.8 1653.4 -0.1 194 0 8.0 8.7 5.0 2.5 2 1 2 3 3
-2424.9 1695.6 0.3 194 0 8.1 8.7 5.0 2.5 2 1 2 2 2
-2422.9 1706.1 -0.2 194 0 8.0 8.7 5.0 0.0 0 1 2 0 0
-2420.1 1716.8 -0.7 194 0 8.0 8.7 5.0 2.5 2 1 2 3 3
-2417.0 1728.2 -1.3 194 0 8.0 8.7 5.0 2.5 2 1 2 0 0
-2414.2 1739.0 -1.7 194 0 8.1 8.7 5.0 2.5 2 1 2 5 5
-2414.6 1749.5 -2.2 194 0 8.0 8.7 5.0 2.5 2 1 2 4 4
-2411.5 1759.9 -2.4 194 0 8.0 8.7 5.0 2.5 2 1 2 0 0
-2407.1 1771.1 -2.6 194 0 8.1 8.7 5.0 2.5 2 1 2 2 2
-2406.2 1781.5 -2.8 194 0 8.1 8.7 5.0 2.5 2 1 2 1 1
-2402.3 1803.3 -3.2 194 0 8.1 8.7 5.0 2.5 2 1 2 5 5
-2399.9 1829.6 -3.5 194 0 8.0 8.7 5.0 2.5 2 1 2 0 0
-2396.7 1842.0 -3.6 194 0 8.1 8.7 5.0 0.0 0 1 2 5 5
-2396.0 1853.3 -3.6 194 0 8.1 8.7 5.0 2.5 2 1 2 0 0
-2391.7 1864.9 -3.6 194 0 8.0 8.7 5.0 0.0 0 1 2 0 0
-2386.9 1891.7 -3.5 194 0 8.1 8.7 5.0 2.5 4 1 2 1 1
-2384.2 1906.3 -3.6 194 0 8.1 8.7 5.0 2.5 2 1 2 1 1
-2380.4 1918.8 -3.8 194 0 8.1 8.7 5.0 2.5 2 1 2 0 0
-2376.0 1931.8 -3.9 194 0 8.0 8.7 5.0 2.5 2 1 2 4 4
-2376.7 1944.5 -4.0 194 0 8.1 8.7 5.0 2.5 2 1 2 1 1
-2373.3 1958.1 -3.9 194 0 8.0 8.7 5.0 2.5 2 1 2 1 1
-2367.8 1982.1 -3.8 194 0 8.0 8.7 5.0 2.5 2 1 2 1 1
-2365.3 1994.5 -3.6 194 0 8.1 8.7 5.0 2.5 2 1 2 3 3
-2363.4 2006.6 -3.7 194 0 8.1 8.7 5.0 2.5 4 1 2 5 5
-2360.8 2019.1 -4.2 194 0 8.0 8.7 5.0 2.5 2 1 2 0 0
-2358.8 2034.8 -4.3 194 0 8.0 8.7 5.0 2.5 2 1 2 4 4
-2351.1 2056.9 -4.6 194 0 8.1 8.7 5.0 2.5 2 1 2 1 1
-2345.3 2078.1 -3.7 194 0 8.0 8.7 5.0 2.5 2 1 2 3 3
-2342.1 2095.3 -4.1 194 0 8.0 8.7 5.0 2.5 4 1 2 5 5
-2395.6 2029.6 -3.4 194 0 8.0 8.7 5.0 2.5 2 1 2 2 2
-2374.0 2022.6 -3.3 14 0 8.1 8.7 5.0 2.5 2 1 2 2 2
-2380.5 2010.0 -3.3 14 0 8.1 8.7 5.0 2.5 2 1 2 1 1
-2381.0 1997.0 -3.4 14 0 8.1 8.7 5.0 2.5 2 1 2 4 4
-2382.5 1982.2 -3.7 14 0 8.0 8.7 5.0 2.5 2 1 2 4 4
-2384.6 1971.9 -3.8 14 0 8.1 8.7 5.0 2.5 2 1 2 5 5
-2386.4 1959.0 -3.9 14 0 8.1 8.7 5.0 2.5 2 1 2 5 5
-2394.7 1944.4 -3.9 104 0 8.7 8.1 5.0 2.5 2 0 2 0 0
-2409.9 1947.6 -4.0 104 0 8.7 8.0 5.0 2.5 2 0 2 1 1
-2410.7 1965.2 -4.0 194 0 8.1 8.7 5.0 2.5 2 1 2 2 2
-2408.7 1977.9 -3.9 194 0 8.0 8.7 5.0 2.5 2 1 2 0 0
-2399.8 1898.2 -3.7 14 0 8.0 8.7 2.5 2.5 2 1 1 4 4
-2421.7 1913.0 -3.8 194 0 8.0 8.7 2.5 2.5 2 1 1 0 0
-2402.6 1879.9 -3.8 14 0 8.0 8.7 2.5 2.5 2 1 1 2 2
-2406.5 1853.8 -3.9 14 0 8.1 8.7 2.5 2.5 2 1 1 4 4
-2411.5 1841.5 -3.9 14 0 8.0 8.7 2.5 2.5 2 1 1 5 5
-2417.5 1828.6 -3.9 104 0 8.7 8.1 2.5 2.5 2 0 1 3 3
-2418.3 1820.4 -3.7 284 0 8.7 8.0 5.0 2.5 2 0 2 3 3
-2416.2 1802.3 -3.6 14 0 8.1 8.7 5.0 2.5 2 1 2 5 5
-2416.4 1791.2 -3.4 14 0 8.1 8.7 5.0 2.5 2 1 2 1 1
-2423.1 1759.4 -2.4 14 0 8.1 8.7 5.0 2.5 2 1 2 0 0
-2429.3 1730.2 -1.0 14 0 8.1 8.7 2.5 2.5 4 1 1 4 4
-2432.1 1717.1 -0.4 14 0 8.0 8.7 2.5 2.5 2 1 1 5 5
-2433.7 1706.9 -0.1 14 0 8.1 8.7 2.5 2.5 2 1 1 5 5
-2436.3 1696.4 -0.0 14 0 8.1 8.7 2.5 2.5 2 1 1 1 1
-2438.8 1685.6 -0.2 14 0 8.1 8.7 2.5 2.5 4 1 1 0 0
-2441.3 1674.7 -0.4 14 0 8.1 8.7 2.5 2.5 2 1 1 5 5
-2451.0 1668.6 -0.5 194 0 8.1 8.7 2.5 2.5 2 1 1 2 2
-2446.7 1660.4 -0.7 284 0 8.7 8.0 5.0 2.5 2 0 2 5 5
-2445.6 1642.1 -0.8 14 0 8.0 8.7 5.0 2.5 2 1 2 4 4
-2447.2 1629.5 -1.0 14 0 8.1 8.7 5.0 2.5 2 1 2 0 0
-2449.2 1617.2 -1.1 14 0 8.0 8.7 5.0 2.5 2 1 2 4 4
-2452.2 1607.9 -1.1 14 0 8.0 8.7 5.0 2.5 2 1 2 0 0
-2455.4 1592.6 -1.2 14 0 8.0 8.7 5.0 2.5 2 1 2 2 2
-2465.5 1645.7 -1.4 14 0 8.1 8.7 5.0 2.5 2 1 2 4 4
-2465.9 1665.8 -1.2 284 0 8.7 8.0 5.0 0.0 0 0 2 3 3
-2459.9 1680.4 -0.9 14 0 8.1 8.7 5.0 2.5 2 1 2 5 5
-2457.5 1703.0 -1.2 14 0 8.0 8.7 5.0 0.0 0 1 2 2 2
-2468.9 1708.0 -1.6 14 0 8.1 8.7 5.0 2.5 2 1 2 0 0
-2456.3 1713.4 -1.3 14 0 8.1 8.7 5.0 0.0 0 1 2 4 4
-2455.4 1725.6 -1.4 14 0 8.0 8.7 5.0 2.5 2 1 2 5 5
-2452.0 1733.6 -1.4 14 0 8.1 8.7 5.0 2.5 2 1 2 2 2
-2449.3 1759.8 -2.0 12 0 12.1 6.7 5.0 2.5 2 0 2 0 0
-2440.8 1785.8 -3.1 14 0 8.1 8.7 5.0 2.5 2 1 2 3 3
-2438.9 1796.2 -3.5 14 0 8.1 8.7 5.0 0.0 0 1 2 3 3
-2438.8 1806.5 -3.9 14 0 8.0 8.7 5.0 2.5 2 1 2 0 0
-2440.5 1862.2 -4.2 14 0 8.1 8.7 5.0 0.0 0 1 2 3 3
-2433.9 1887.0 -4.0 14 0 8.1 8.7 5.0 0.0 0 1 2 2 2
-2431.2 1900.8 -4.0 14 0 8.0 8.7 5.0 2.5 2 1 2 5 5
-2428.9 1913.7 -4.0 14 0 8.0 8.7 5.0 2.5 2 1 2 3 3
-2426.5 1925.8 -4.1 14 0 8.1 8.7 5.0 2.5 2 1 2 5 5
-2425.0 1941.2 -3.9 14 0 8.1 8.7 5.0 2.5 2 1 2 1 1
-2422.6 1956.4 -4.2 14 0 8.1 8.7 5.0 2.5 2 1 2 3 3
-2396.7 1921.0 -3.8 9 0 16.4 12.2 2.5 0.0 0 0 1 1 1
-2425.5 1977.1 -4.4 104 0 8.7 10.5 2.5 2.5 4 1 1 5 5
-2414.0 1992.8 -4.1 14 0 8.0 8.7 2.5 2.5 2 1 1 4 4
-2411.4 2006.1 -3.9 14 0 8.1 8.7 2.5 2.5 2 1 1 5 5
-2410.5 2024.9 -3.6 284 0 8.7 8.1 2.5 2.5 2 0 1 2 2
-2500.7 1902.1 -3.4 104 0 8.7 8.1 5.0 2.5 4 0 2 4 4
-2454.5 1746.1 -1.9 11 0 9.3 12.3 5.0 2.5 2 1 2 4 4
-2372.8 2040.8 -3.5 14 0 9.6 14.2 5.0 2.5 4 1 2 3 3
-2367.9 2054.2 -3.9 17 0 11.3 9.2 5.0 2.5 2 0 2 3 3
-2400.3 2091.8 -5.4 12 0 11.4 23.0 2.5 2.5 2 1 1 3 3
-2394.5 2083.7 -5.2 192 0 11.4 23.0 5.0 2.5 2 1 2 5 5
-2332.9 2149.3 -4.0 194 0 8.0 8.7 5.0 2.5 2 1 2 4 4
-2325.9 2175.5 -4.4 194 0 8.0 8.7 5.0 2.5 2 1 2 2 2
-2361.0 2167.5 -6.3 14 0 8.0 8.7 2.5 0.0 0 1 1 2 2
-2317.4 2207.5 -6.1 194 0 8.0 8.7 5.0 2.5 2 1 2 1 1
-2266.6 3492.3 4.2 273 0 8.4 4.2 5.0 2.5 2 0 2 0 0
-2178.4 2993.6 -5.1 23 0 8.7 9.0 2.5 2.5 2 1 1 2 2
-2167.1 3019.5 -4.9 23 0 8.7 9.0 2.5 2.5 2 1 1 3 3
-2156.1 2977.4 -4.7 198 0 9.0 7.6 2.5 2.5 2 0 1 1 1
-2142.5 3008.6 -4.7 198 0 9.0 7.6 2.5 2.5 2 0 1 3 3
-2168.6 2977.6 -4.9 198 0 9.0 7.6 2.5 2.5 2 0 1 4 4
-2138.2 3020.4 -4.8 198 0 9.0 7.6 2.5 2.5 4 0 1 4 4
-2111.3 3091.9 -4.6 198 0 9.0 7.6 2.5 2.5 2 0 1 5 5
-2096.6 3128.8 -3.9 198 0 9.0 7.6 2.5 0.0 0 0 1 3 3
-2088.6 3140.7 -3.7 288 0 7.6 9.0 2.5 2.5 2 1 1 2 2
-2064.6 3139.5 -2.2 288 0 7.6 9.0 2.5 2.5 2 1 1 0 0
-2067.2 3123.0 -2.7 18 0 9.1 7.6 2.5 2.5 2 0 1 3 3
-2070.7 3114.2 -3.1 18 0 9.1 7.6 2.5 2.5 2 0 1 2 2
-2073.0 3106.7 -3.3 18 0 9.1 7.6 2.5 2.5 2 0 1 1 1
-2076.9 3098.3 -3.6 18 0 9.1 7.6 2.5 2.5 4 0 1 3 3
-2080.0 3087.8 -3.8 18 0 9.1 7.6 2.5 2.5 2 0 1 1 1
-2084.1 3077.3 -3.9 18 0 9.0 7.6 2.5 2.5 2 0 1 2 2
-2091.3 3058.3 -4.6 18 0 9.0 7.6 2.5 2.5 2 0 1 2 2
-2101.9 3028.7 -5.2 18 0 9.1 7.6 2.5 2.5 2 0 1 2 2
-2046.1 3131.1 -1.0 288 0 7.6 9.0 2.5 2.5 2 1 1 2 2
-2060.7 3104.7 -2.1 198 0 9.0 7.6 2.5 2.5 2 0 1 4 4
-2068.9 3088.0 -3.6 198 0 9.0 7.6 2.5 0.0 0 0 1 5 5
-2072.2 3063.7 -4.0 288 0 7.6 9.0 5.0 2.5 2 1 2 2 2
-2082.3 3046.9 -4.6 198 0 9.0 7.6 5.0 2.5 2 0 2 4 4
-2089.0 3014.7 -5.6 108 0 7.6 9.0 5.0 2.5 2 1 2 0 0
-2101.0 3001.6 -5.7 198 0 9.0 7.6 2.5 2.5 2 0 1 4 4
-2105.3 2989.4 -5.4 198 0 9.0 7.6 2.5 2.5 2 0 1 1 1
-2110.1 2977.1 -5.1 198 0 9.0 7.6 2.5 0.0 0 0 1 0 0
-2113.8 2997.5 -4.9 18 0 9.0 7.6 2.5 2.5 2 0 1 1 1
-2117.3 2983.8 -4.7 18 0 9.1 7.6 2.5 2.5 2 0 1 5 5
-2121.8 2973.5 -4.5 18 0 9.1 7.6 2.5 2.5 2 0 1 3 3
-2126.0 2961.1 -4.3 18 0 9.1 7.6 2.5 2.5 2 0 1 3 3
-2132.0 2948.6 -4.2 18 0 9.1 7.6 2.5 2.5 4 0 1 4 4
-2122.5 2941.5 -4.3 198 0 9.0 7.6 2.5 0.0 0 0 1 1 1
-2116.6 2916.0 -4.2 108 0 7.6 9.0 2.5 2.5 2 1 1 5 5
-2117.9 2901.3 -3.3 288 0 7.6 9.0 5.0 2.5 2 1 2 3 3
-2122.1 2915.4 -3.7 288 0 7.6 9.0 5.0 2.5 2 1 2 5 5
-2146.5 2927.6 -4.1 288 0 7.6 9.0 2.5 2.5 2 1 1 5 5
-2158.6 2932.8 -4.5 288 0 7.6 9.0 2.5 2.5 2 1 1 3 3
-2199.7 2948.7 -5.2 288 0 7.6 9.0 2.5 0.0 0 1 1 3 3
-2179.1 3033.6 -5.0 18 0 9.1 7.6 2.5 2.5 2 0 1 0 0
-2153.1 3059.9 -5.0 18 0 9.1 7.6 2.5 2.5 2 0 1 0 0
-2158.7 3045.2 -5.0 18 0 9.1 7.6 2.5 2.5 2 0 1 2 2
-2141.9 3088.1 -5.0 18 0 9.0 7.6 2.5 2.5 4 0 1 1 1
-2125.2 3128.4 -5.1 18 0 9.1 7.6 2.5 2.5 2 0 1 3 3
-2217.2 3275.8 -2.9 166 0 7.6 9.0 7.5 2.5 2 1 3 5 5
