-2419.0 732.1 -5.1 75 0 8.2 7.6 2.5 2.5 2 0 1 4 4
-2406.0 733.2 -4.9 75 0 8.2 7.6 2.5 2.5 2 0 1 3 3
-2392.8 736.6 -4.7 75 0 8.2 7.6 2.5 2.5 2 0 1 2 2
-2395.6 825.0 -5.6 255 0 8.2 7.6 2.5 2.5 2 0 1 1 1
-2369.9 830.6 -5.1 255 0 8.2 7.6 2.5 0.0 0 0 1 3 3
-2434.2 692.5 -5.2 75 0 10.2 20.4 5.0 2.5 2 1 2 4 4
-2413.3 697.0 -5.0 76 0 7.9 23.4 5.0 2.5 2 1 2 2 2
-2403.1 698.3 -4.8 76 0 7.9 23.4 5.0 2.5 2 1 2 4 4
-2388.7 699.7 -4.6 76 0 7.9 23.4 5.0 2.5 2 1 2 2 2
-2377.4 703.0 -4.4 76 0 7.9 23.4 5.0 2.5 2 1 2 5 5
-2366.7 704.4 -4.3 76 0 7.9 23.4 5.0 2.5 2 1 2 5 5
-2357.2 706.7 -4.2 76 0 7.9 23.4 5.0 2.5 2 1 2 5 5
-2480.4 728.7 -5.9 166 0 23.4 7.9 2.5 2.5 2 0 1 5 5
-2455.0 722.8 -5.8 76 0 7.9 23.4 2.5 2.5 2 1 1 5 5
-2444.0 726.7 -5.7 76 0 7.9 23.4 2.5 2.5 2 1 1 2 2
-2431.0 730.1 -5.5 76 0 7.9 23.4 2.5 2.5 2 1 1 4 4
-2425.9 706.0 -5.1 75 0 8.2 7.6 5.0 0.0 0 0 2 3 3
-2367.6 843.3 -4.9 75 0 8.2 7.6 2.5 2.5 2 0 1 1 1
-2386.3 845.9 -5.1 165 0 7.6 8.2 2.5 2.5 2 1 1 1 1
-2395.3 844.5 -5.4 345 0 7.6 8.2 5.0 2.5 2 1 2 2 2
-2409.6 837.1 -5.7 75 0 8.2 7.6 5.0 2.5 2 0 2 4 4
-2356.4 846.8 -4.7 75 0 8.2 7.6 2.5 2.5 2 0 1 2 2
-2352.9 800.0 -4.7 75 0 8.2 7.6 2.5 2.5 2 0 1 1 1
-2350.4 725.9 -4.0 75 0 8.2 7.6 5.0 2.5 4 0 2 2 2
-2339.6 728.8 -3.9 75 0 8.2 7.6 5.0 2.5 2 0 2 2 2
-2341.6 753.2 -4.2 75 0 8.2 7.6 5.0 2.5 2 0 2 5 5
-2330.8 757.3 -4.1 75 0 8.2 7.6 5.0 2.5 2 0 2 1 1
-2317.5 760.6 -4.0 75 0 8.2 7.6 5.0 2.5 2 0 2 5 5
-2306.8 766.8 -4.0 75 0 8.2 7.6 5.0 2.5 2 0 2 5 5
-2297.1 770.6 -4.1 75 0 8.2 7.6 5.0 2.5 2 0 2 3 3
-2352.8 770.0 -4.5 75 0 8.2 7.6 2.5 2.5 2 0 1 2 2
-2342.8 775.3 -4.4 75 0 8.2 7.6 2.5 2.5 4 0 1 3 3
-2329.3 779.5 -4.3 75 0 8.2 7.6 2.5 2.5 2 0 1 2 2
-2322.1 784.6 -4.3 75 0 8.2 7.6 2.5 2.5 2 0 1 4 4
-2311.2 788.2 -4.2 75 0 8.2 7.6 2.5 2.5 2 0 1 5 5
-2300.3 793.7 -4.3 75 0 8.2 7.6 2.5 2.5 2 0 1 2 2
-2288.9 800.6 -4.4 75 0 8.2 7.6 2.5 2.5 2 0 1 2 2
-2277.5 804.8 -4.7 75 0 8.2 7.6 2.5 2.5 2 0 1 0 0
-2255.1 812.8 -4.7 75 0 8.2 7.6 2.5 2.5 2 0 1 4 4
-2262.1 790.2 -4.8 66 0 8.2 7.6 5.0 2.5 2 0 2 5 5
-2242.9 800.3 -4.8 66 0 8.2 7.6 5.0 2.5 2 0 2 4 4
-2229.8 804.9 -4.7 66 0 8.2 7.6 5.0 2.5 2 0 2 3 3
-2212.0 805.3 -4.6 66 0 8.2 7.6 5.0 2.5 2 0 2 3 3
-2257.3 781.9 -4.8 66 0 8.2 7.6 5.0 2.5 2 0 2 2 2
-2216.4 812.6 -4.6 66 0 8.2 7.6 5.0 2.5 2 0 2 1 1
-2370.4 766.4 -4.7 66 0 8.2 7.6 2.5 2.5 2 0 1 2 2
-2386.0 768.7 -5.0 66 0 8.2 7.6 2.5 0.0 0 0 1 0 0
-2664.3 1143.9 1.4 167 0 11.9 6.9 5.0 2.5 2 0 2 2 2
-2701.3 1099.9 1.6 184 0 7.0 11.7 5.0 2.5 2 1 2 5 5
-2681.5 1072.4 1.4 178 0 11.7 6.9 5.0 2.5 2 0 2 0 0
-2684.8 1050.7 1.1 184 0 7.0 11.6 5.0 2.5 4 1 2 2 2
-2646.6 1098.3 1.3 178 0 11.7 6.9 5.0 2.5 2 0 2 3 3
-2616.0 1099.1 1.3 181 0 7.0 11.7 5.0 2.5 2 1 2 5 5
-2414.0 1099.6 -1.5 263 0 19.8 15.8 5.0 2.5 2 0 2 2 2
-2895.9 914.6 -2.2 197 0 13.5 6.6 5.0 2.5 4 0 2 5 5
-2912.2 878.3 -2.0 197 0 13.5 6.6 5.0 2.5 2 0 2 3 3
-2889.1 881.4 -2.2 197 0 13.5 6.6 5.0 2.5 2 0 2 1 1
-2874.0 883.0 -2.3 197 0 13.5 6.6 5.0 2.5 2 0 2 1 1
-2871.8 906.4 -2.3 197 0 13.5 6.6 5.0 2.5 2 0 2 4 4
-2851.9 903.4 -2.5 197 0 13.5 6.6 5.0 2.5 2 0 2 2 2
-2835.7 897.6 -2.8 197 0 13.5 6.6 5.0 2.5 2 0 2 4 4
-2819.9 891.9 -2.9 197 0 13.5 6.6 5.0 2.5 2 0 2 5 5
-2847.7 869.3 -2.4 197 0 13.5 6.6 5.0 2.5 2 0 2 2 2
-2828.1 864.7 -2.5 197 0 13.5 6.6 5.0 2.5 2 0 2 1 1
-2799.7 885.1 -3.0 197 0 13.5 6.6 5.0 0.0 0 0 2 0 0
-2803.0 856.4 -2.7 197 0 13.5 6.6 5.0 2.5 2 0 2 4 4
-2772.4 883.0 -3.2 197 0 13.5 6.6 5.0 0.0 0 0 2 5 5
-2782.5 852.6 -3.0 197 0 13.5 6.6 5.0 2.5 2 0 2 4 4
-2760.9 845.7 -3.0 197 0 13.5 6.6 5.0 0.0 0 0 2 1 1
-2730.9 869.0 -3.1 197 0 13.5 6.6 5.0 2.5 2 0 2 1 1
-2749.2 841.1 -3.0 197 0 13.5 6.6 5.0 2.5 2 0 2 0 0
-2724.9 837.3 -2.9 197 0 13.5 6.6 5.0 2.5 2 0 2 5 5
-2708.9 861.5 -2.9 197 0 13.5 6.6 5.0 2.5 2 0 2 4 4
-2690.2 857.5 -3.1 197 0 13.5 6.6 5.0 0.0 0 0 2 1 1
-2827.8 1346.7 4.9 161 0 6.6 13.4 5.0 2.5 2 1 2 5 5
-2745.2 1367.6 1.9 164 0 9.7 24.0 5.0 0.0 0 1 2 1 1
-2655.6 805.2 -3.3 190 0 6.5 11.1 5.0 2.5 2 1 2 0 0
-2642.5 799.1 -3.5 188 0 11.1 6.4 5.0 2.5 2 0 2 0 0
-2629.2 797.7 -3.8 188 0 11.1 6.4 5.0 2.5 2 0 2 3 3
-2618.7 796.5 -4.0 188 0 11.1 6.4 5.0 2.5 2 0 2 2 2
-2603.4 796.1 -4.2 188 0 11.1 6.4 5.0 2.5 2 0 2 5 5
-2583.0 792.0 -4.6 188 0 11.1 6.4 5.0 0.0 0 0 2 3 3
-2562.6 793.4 -5.3 179 0 11.2 6.4 5.0 2.5 2 0 2 0 0
-2546.0 789.1 -5.7 181 0 16.2 11.5 5.0 2.5 2 0 2 5 5
-2513.8 799.5 -6.4 268 0 6.4 11.2 5.0 2.5 2 1 2 1 1
-2464.4 805.4 -6.7 269 0 6.4 11.2 2.5 2.5 2 1 1 0 0
-2453.7 807.1 -6.5 269 0 6.4 11.2 2.5 2.5 2 1 1 4 4
-2431.6 809.3 -6.1 265 0 17.3 6.6 2.5 2.5 2 0 1 1 1
-2407.1 823.5 -5.8 260 0 6.4 11.1 2.5 2.5 2 1 1 3 3
-2380.1 830.7 -5.3 260 0 6.4 11.1 2.5 2.5 2 1 1 5 5
-2356.7 833.7 -4.9 260 0 6.4 11.1 2.5 2.5 2 1 1 3 3
-2348.1 834.3 -4.8 255 0 8.2 7.6 2.5 2.5 2 0 1 3 3
-2338.3 836.8 -4.6 255 0 8.2 7.6 2.5 2.5 2 0 1 5 5
-2328.1 840.0 -4.4 255 0 8.2 7.6 2.5 0.0 0 0 1 1 1
-2317.2 841.2 -4.2 255 0 8.2 7.6 2.5 2.5 2 0 1 2 2
-2306.3 844.3 -4.2 255 0 8.2 7.6 2.5 0.0 0 0 1 2 2
-2288.7 848.0 -4.0 255 0 8.2 7.6 2.5 2.5 2 0 1 2 2
-2278.1 849.8 -4.0 255 0 8.2 7.6 2.5 2.5 2 0 1 5 5
-2267.1 852.7 -4.0 255 0 8.2 7.6 2.5 0.0 0 0 1 0 0
-2253.0 856.3 -3.9 255 0 8.2 7.6 2.5 2.5 4 0 1 0 0
-2239.6 858.8 -3.8 255 0 8.2 7.6 2.5 2.5 2 0 1 5 5
-2227.6 859.4 -3.8 255 0 8.2 7.6 2.5 2.5 2 0 1 4 4
-2217.2 862.0 -3.7 255 0 8.2 7.6 2.5 2.5 2 0 1 1 1
-2206.8 865.2 -3.6 255 0 8.2 7.6 2.5 2.5 2 0 1 4 4
-2195.9 859.6 -3.5 75 0 8.2 7.6 2.5 0.0 0 0 1 5 5
-2187.1 868.3 -3.3 255 0 8.2 7.6 5.0 2.5 2 0 2 5 5
-2176.8 871.5 -3.4 255 0 8.2 7.6 5.0 2.5 2 0 2 0 0
-2167.6 874.0 -3.4 255 0 8.2 7.6 5.0 2.5 2 0 2 1 1
-2157.4 877.5 -3.2 255 0 8.2 7.6 5.0 2.5 2 0 2 3 3
-2146.1 882.2 -3.1 255 0 8.2 7.6 5.0 2.5 2 0 2 1 1
-2318.7 855.2 -4.0 75 0 8.2 7.6 2.5 2.5 2 0 1 0 0
-2289.0 861.7 -3.6 75 0 8.2 7.6 2.5 2.5 2 0 1 3 3
-2275.7 865.3 -3.4 75 0 8.2 7.6 2.5 2.5 2 0 1 3 3
-2263.7 867.7 -3.3 75 0 8.2 7.6 2.5 2.5 2 0 1 1 1
-2252.0 869.1 -3.3 75 0 8.2 7.6 2.5 2.5 2 0 1 5 5
-2241.0 870.2 -3.3 75 0 8.2 7.6 2.5 2.5 2 0 1 2 2
-2229.7 872.9 -3.2 75 0 8.2 19.3 2.5 2.5 2 1 1 0 0
-2216.4 874.7 -3.1 75 0 8.2 7.6 2.5 0.0 0 0 1 0 0
-2204.6 876.9 -3.0 75 0 8.2 7.6 2.5 2.5 2 0 1 2 2
-2191.7 879.3 -2.8 75 0 8.2 7.6 2.5 2.5 2 0 1 4 4
-2181.0 882.8 -2.6 75 0 8.2 7.6 2.5 2.5 2 0 1 4 4
-2165.7 887.3 -2.5 75 0 8.2 7.6 2.5 0.0 0 0 1 0 0
-2204.7 966.6 0.5 75 0 8.2 7.6 5.0 2.5 2 0 2 2 2
-2217.4 964.1 0.4 75 0 8.2 7.6 5.0 2.5 2 0 2 2 2
-2248.3 957.2 0.0 75 0 8.2 7.6 5.0 2.5 2 0 2 3 3
-2259.4 955.0 -0.2 75 0 8.2 7.6 5.0 2.5 2 0 2 5 5
-2275.6 953.1 -0.4 75 0 8.2 7.6 5.0 2.5 2 0 2 4 4
-2294.2 948.5 -0.8 75 0 8.2 7.6 5.0 2.5 4 0 2 4 4
-2306.6 946.3 -1.0 75 0 8.2 7.6 5.0 2.5 4 0 2 3 3
-2344.1 938.8 -1.6 75 0 8.2 7.6 5.0 2.5 4 0 2 1 1
-2357.9 936.4 -1.8 75 0 8.2 7.6 5.0 2.5 2 0 2 4 4
-2379.4 931.1 -2.2 75 0 8.2 7.6 5.0 2.5 2 0 2 3 3
-2386.5 915.7 -2.8 165 0 7.6 8.2 2.5 2.5 2 1 1 2 2
-2401.6 929.4 -2.4 89 0 8.3 7.6 5.0 2.5 2 0 2 1 1
-2420.6 929.8 -2.5 89 0 8.3 7.6 5.0 2.5 2 0 2 0 0
-2410.5 918.7 -3.3 269 0 8.2 7.6 5.0 2.5 2 0 2 2 2
-2444.8 931.1 -2.5 89 0 8.3 7.6 5.0 2.5 2 0 2 1 1
-2455.8 933.0 -2.5 89 0 8.3 7.6 5.0 2.5 2 0 2 5 5
-2421.5 836.3 -5.9 88 0 8.3 6.3 5.0 2.5 2 0 2 3 3
-2425.2 864.1 -5.2 102 0 9.3 13.2 5.0 2.5 4 1 2 5 5
-2443.2 877.8 -5.1 96 0 16.2 9.4 5.0 2.5 2 0 2 2 2
-2435.7 853.9 -6.3 265 0 12.8 18.3 5.0 2.5 4 1 2 5 5
-2457.5 856.2 -6.8 280 0 11.1 15.8 5.0 2.5 4 1 2 1 1
-2471.3 877.7 -5.8 276 0 24.8 11.4 5.0 2.5 2 0 2 0 0
-2496.9 879.5 -5.7 274 0 23.9 8.4 5.0 2.5 2 0 2 5 5
-2527.7 882.8 -5.4 270 0 8.2 7.6 5.0 2.5 2 0 2 2 2
-2554.7 897.9 -5.3 272 0 11.8 21.9 5.0 2.5 2 1 2 2 2
-2566.9 896.2 -4.9 276 0 6.9 13.7 5.0 2.5 2 1 2 4 4
-2575.1 881.2 -5.2 273 0 13.0 5.8 5.0 2.5 2 0 2 5 5
-2589.9 900.3 -4.7 277 0 10.1 17.2 5.0 2.5 2 1 2 1 1
-2621.6 889.2 -4.0 190 0 10.0 7.3 5.0 2.5 4 0 2 1 1
-2615.9 906.0 -4.0 275 0 6.8 10.5 5.0 2.5 2 1 2 4 4
-2609.4 897.0 -4.2 278 0 6.3 4.0 5.0 2.5 4 0 2 5 5
-2665.3 875.5 -3.4 180 0 7.7 8.3 5.0 2.5 2 1 2 3 3
-2438.4 1101.7 -0.3 269 0 8.2 7.6 5.0 2.5 2 0 2 3 3
-2467.9 1099.3 0.6 269 0 8.2 7.6 5.0 2.5 2 0 2 4 4
-2141.5 899.9 -2.9 56 0 8.2 7.6 2.5 2.5 2 0 1 2 2
-2129.0 904.2 -3.3 56 0 8.2 7.6 2.5 2.5 2 0 1 0 0
-2118.3 911.5 -3.3 56 0 8.2 7.6 2.5 2.5 2 0 1 3 3
-2108.0 916.9 -3.4 56 0 8.2 7.6 2.5 2.5 2 0 1 5 5
-2097.3 923.5 -3.3 56 0 8.2 7.6 2.5 2.5 2 0 1 0 0
-2082.0 931.6 -3.3 56 0 8.2 7.6 2.5 2.5 2 0 1 1 1
-2067.1 942.2 -3.0 56 0 8.2 7.6 2.5 2.5 2 0 1 1 1
-2055.7 933.2 -3.1 236 0 8.2 7.6 5.0 0.0 0 0 2 3 3
-2067.3 926.6 -3.3 236 0 8.2 7.6 5.0 0.0 0 0 2 2 2
-2080.4 919.7 -3.4 236 0 8.2 7.6 5.0 2.5 2 0 2 1 1
-2090.7 911.6 -3.5 236 0 8.2 7.6 5.0 2.5 2 0 2 0 0
-2108.2 902.7 -3.5 236 0 8.2 7.6 5.0 2.5 4 0 2 2 2
-2124.1 892.6 -3.5 236 0 8.2 7.6 5.0 2.5 2 0 2 3 3
-2045.4 940.7 -3.0 236 0 8.2 7.6 5.0 2.5 2 0 2 1 1
-2056.6 952.1 -3.1 146 0 7.6 8.2 5.0 2.5 2 1 2 3 3
-2083.4 986.6 -3.2 146 0 7.6 8.2 5.0 2.5 2 1 2 2 2
-2092.6 1003.9 -3.3 146 0 7.6 8.2 5.0 2.5 2 1 2 2 2
-2113.3 991.9 -1.7 56 0 8.2 7.6 5.0 2.5 2 0 2 2 2
-2126.3 986.6 -0.9 56 0 8.2 7.6 5.0 2.5 2 0 2 4 4
-2140.6 984.6 -0.2 56 0 8.2 7.6 5.0 2.5 4 0 2 5 5
-2040.4 959.4 -3.3 56 0 8.2 7.6 5.0 2.5 2 0 2 4 4
-2028.3 967.1 -3.4 56 0 8.2 7.6 5.0 2.5 2 0 2 0 0
-2009.4 978.7 -3.6 56 0 8.2 7.6 5.0 2.5 2 0 2 2 2
-1992.5 990.3 -3.8 56 0 8.2 7.6 5.0 2.5 2 0 2 5 5
-1984.7 998.0 -3.9 56 0 8.2 7.6 5.0 2.5 2 0 2 2 2
-1976.5 1003.6 -4.0 56 0 8.2 7.6 5.0 2.5 2 0 2 5 5
-1967.8 1009.1 -4.1 56 0 8.2 7.6 5.0 2.5 2 0 2 1 1
-1957.1 1016.3 -4.2 56 0 8.2 7.6 5.0 2.5 2 0 2 0 0
-1946.3 1025.1 -4.3 56 0 8.2 7.6 5.0 2.5 2 0 2 5 5
-1934.4 1014.4 -4.3 326 0 7.6 8.2 5.0 2.5 2 1 2 0 0
-1952.0 1008.6 -4.2 236 0 8.2 7.6 5.0 2.5 2 0 2 3 3
-1960.4 1003.7 -4.1 236 0 8.2 7.6 5.0 2.5 2 0 2 2 2
-1973.4 993.1 -3.9 236 0 8.2 7.6 5.0 2.5 2 0 2 1 1
-1996.8 977.5 -3.6 236 0 8.2 7.6 5.0 2.5 2 0 2 3 3
-2011.0 968.0 -3.5 236 0 8.2 7.6 5.0 2.5 2 0 2 5 5
-1856.6 1058.3 -1.9 330 0 9.9 20.5 5.0 2.5 2 1 2 4 4
-1834.5 1073.6 -2.7 330 0 9.9 20.5 5.0 2.5 2 1 2 5 5
-1814.4 1088.3 -3.9 330 0 9.9 20.5 5.0 2.5 4 1 2 2 2
-1882.7 1136.8 -2.3 322 0 11.2 30.5 5.0 2.5 2 0 2 5 5
-6895.7 -6784.6 -10.1 271 0 7.6 10.3 2.5 2.5 2 1 1 0 0
-6883.5 -6783.4 -9.9 271 0 7.6 10.3 2.5 0.0 0 1 1 5 5
-6875.1 -6780.2 -9.8 271 0 7.5 10.3 2.5 2.5 2 1 1 2 2
-6865.7 -6777.4 -9.8 271 0 7.6 10.3 2.5 2.5 4 1 1 2 2
-6846.5 -6776.2 -9.7 271 0 7.6 10.3 2.5 2.5 4 1 1 4 4
-6828.8 -6772.0 -9.8 271 0 7.6 10.3 2.5 2.5 2 1 1 1 1
-6815.7 -6768.0 -9.8 271 0 7.6 10.3 2.5 2.5 2 1 1 1 1
-6775.7 -6760.8 -9.9 271 0 7.6 10.3 2.5 0.0 0 1 1 1 1
-6762.9 -6770.1 -10.0 91 0 7.6 10.3 2.5 2.5 2 1 1 3 3
-6775.6 -6747.8 -10.3 82 0 7.6 10.3 5.0 2.5 2 1 2 1 1
-6790.0 -6752.4 -10.2 82 0 7.6 10.3 5.0 2.5 2 1 2 3 3
-6807.6 -6753.5 -10.2 82 0 7.6 10.3 5.0 2.5 2 1 2 5 5
-6821.6 -6757.8 -10.2 82 0 7.6 10.3 5.0 0.0 0 1 2 4 4
-6847.0 -6762.9 -10.1 82 0 7.6 10.3 5.0 2.5 4 1 2 2 2
-6878.8 -6768.5 -10.2 82 0 7.6 10.3 5.0 2.5 2 1 2 3 3
-6842.8 -6800.8 -9.3 352 0 10.3 7.6 2.5 0.0 0 0 1 5 5
-6869.8 -6805.5 -9.7 82 0 7.6 10.3 2.5 2.5 2 1 1 4 4
-6885.6 -6807.1 -9.9 82 0 7.6 10.3 2.5 2.5 2 1 1 3 3
-6891.1 -6817.3 -11.0 262 0 7.6 10.3 5.0 2.5 2 1 2 4 4
-6869.1 -6824.3 -10.5 262 0 7.6 10.3 5.0 2.5 2 1 2 5 5
-6852.5 -6821.8 -9.6 262 0 7.6 10.3 5.0 2.5 2 1 2 1 1
-6837.5 -6817.9 -8.8 262 0 7.6 10.3 5.0 2.5 2 1 2 1 1
-6803.3 -6820.0 -8.9 352 0 10.3 7.6 5.0 2.5 4 0 2 5 5
-6795.7 -6817.3 -8.9 172 0 10.3 7.6 5.0 0.0 0 0 2 4 4
-6786.4 -6815.6 -9.0 172 0 10.3 7.6 5.0 2.5 2 0 2 0 0
-6771.0 -6808.1 -9.0 262 0 7.6 10.3 5.0 0.0 0 1 2 4 4
-6450.1 -6620.7 -9.2 39 0 6.9 8.8 2.5 2.5 2 1 1 3 3
-6414.5 -6546.6 -11.5 73 0 6.8 8.8 2.5 2.5 2 1 1 4 4
-6404.2 -6541.4 -11.7 73 0 6.8 8.8 2.5 2.5 2 1 1 5 5
-6375.2 -6525.9 -12.2 73 0 6.8 8.8 2.5 2.5 2 1 1 2 2
-6362.0 -6525.1 -12.0 73 0 6.8 8.8 2.5 2.5 2 1 1 0 0
-6337.3 -6515.0 -12.0 73 0 6.8 8.8 2.5 2.5 2 1 1 4 4
-5608.5 -5173.3 -8.5 18 0 8.3 10.9 5.0 2.5 2 1 2 0 0
-5601.5 -5157.3 -8.4 17 0 8.3 10.9 5.0 2.5 2 1 2 0 0
-5591.2 -5135.9 -8.2 18 0 8.3 10.9 5.0 2.5 2 1 2 4 4
-5588.4 -5124.4 -8.1 18 0 8.3 10.9 5.0 2.5 2 1 2 4 4
-5583.5 -5112.6 -7.8 18 0 8.3 10.9 5.0 2.5 2 1 2 1 1
-5579.8 -5101.1 -7.7 18 0 8.3 10.9 5.0 2.5 2 1 2 4 4
-5575.7 -5088.2 -7.6 18 0 8.3 10.9 5.0 2.5 2 1 2 4 4
-5586.1 -5177.4 -8.1 198 0 8.3 10.9 5.0 2.5 2 1 2 1 1
-5579.5 -5155.1 -8.1 197 0 8.3 10.9 5.0 2.5 2 1 2 1 1
-5574.5 -5140.7 -8.0 198 0 8.3 10.9 5.0 2.5 2 1 2 2 2
-5569.4 -5129.0 -7.9 198 0 8.3 10.9 5.0 2.5 2 1 2 4 4
-5565.1 -5117.3 -7.9 198 0 8.3 10.9 5.0 2.5 2 1 2 3 3
-5560.8 -5107.5 -7.8 198 0 8.4 10.9 5.0 2.5 2 1 2 0 0
-5544.7 -5059.3 -7.1 198 0 8.3 10.9 5.0 2.5 2 1 2 5 5
-5539.3 -5044.3 -7.7 198 0 8.3 10.9 5.0 2.5 2 1 2 1 1
-5563.3 -5050.6 -6.8 17 0 8.4 10.9 5.0 0.0 0 1 2 5 5
-5550.8 -5018.1 -8.8 18 0 8.3 10.9 5.0 2.5 2 1 2 4 4
-5528.9 -5013.2 -10.5 197 0 8.4 10.9 5.0 2.5 2 1 2 3 3
-5518.7 -4987.7 -11.9 197 0 8.3 10.9 5.0 2.5 2 1 2 0 0
-5511.3 -4966.8 -10.9 198 0 8.3 10.9 5.0 0.0 0 1 2 4 4
-5505.3 -4943.7 -10.1 197 0 8.3 10.9 5.0 2.5 2 1 2 3 3
-5498.8 -4932.3 -9.6 198 0 8.3 10.9 5.0 2.5 2 1 2 0 0
-5429.6 -4999.8 -8.6 18 0 8.3 10.9 5.0 2.5 2 1 2 3 3
-5435.2 -5015.1 -8.9 18 0 8.3 10.9 5.0 2.5 2 1 2 1 1
-5395.0 -5009.4 -7.7 18 0 8.3 10.9 2.5 2.5 2 1 1 4 4
-5390.8 -5059.7 -6.5 197 0 8.3 10.9 5.0 2.5 2 1 2 3 3
-5383.3 -5043.6 -6.7 198 0 8.4 10.9 5.0 2.5 2 1 2 3 3
-5374.6 -5017.6 -6.8 197 0 8.3 10.9 5.0 2.5 4 1 2 4 4
-5345.4 -4956.1 -6.6 198 0 8.4 10.9 5.0 2.5 2 1 2 0 0
-5331.9 -4928.0 -6.7 198 0 8.3 10.9 5.0 2.5 2 1 2 4 4
-5326.9 -4918.5 -6.5 198 0 8.4 10.9 5.0 2.5 2 1 2 3 3
-5321.1 -4906.7 -6.2 198 0 8.3 10.9 5.0 2.5 2 1 2 5 5
-5309.4 -4884.6 -5.4 198 0 8.3 10.9 5.0 2.5 2 1 2 2 2
-5294.2 -4850.4 -4.2 213 0 8.3 11.0 5.0 2.5 2 1 2 5 5
-5289.5 -4839.7 -4.3 213 0 8.3 11.0 5.0 2.5 2 1 2 0 0
-5277.0 -4820.8 -4.3 213 0 8.3 11.0 5.0 2.5 2 1 2 3 3
-5264.2 -4798.0 -4.4 213 0 8.3 11.0 5.0 2.5 2 1 2 2 2
-5257.2 -4778.4 -4.9 213 0 8.3 11.0 5.0 2.5 2 1 2 0 0
-5231.3 -4732.9 -4.5 213 0 8.3 11.0 5.0 2.5 2 1 2 5 5
-5204.5 -4691.5 -3.6 213 0 8.3 11.0 5.0 2.5 4 1 2 1 1
-5196.8 -4682.4 -3.8 213 0 8.3 11.0 5.0 2.5 2 1 2 4 4
-5180.8 -4661.4 -4.9 213 0 8.3 11.0 5.0 0.0 0 1 2 0 0
-5162.2 -4635.8 -7.0 213 0 8.3 11.0 5.0 2.5 2 1 2 0 0
-5180.1 -4630.5 -7.2 33 0 8.3 11.0 5.0 2.5 4 1 2 3 3
-5197.5 -4639.4 -6.6 123 0 11.0 8.3 5.0 2.5 2 0 2 2 2
-5233.1 -4693.4 -5.5 33 0 8.3 11.0 5.0 2.5 2 1 2 5 5
-5235.7 -4706.1 -5.3 33 0 8.3 11.0 5.0 2.5 2 1 2 0 0
-5253.5 -4736.2 -5.4 33 0 8.3 11.0 5.0 2.5 2 1 2 4 4
-5258.8 -4745.2 -5.4 33 0 8.3 11.0 5.0 2.5 2 1 2 0 0
-5280.4 -4766.6 -5.6 33 0 8.3 11.0 5.0 2.5 2 1 2 0 0
-5286.0 -4805.1 -5.4 33 0 8.3 11.0 5.0 2.5 4 1 2 3 3
-5299.4 -4822.9 -5.4 33 0 8.3 11.0 5.0 2.5 2 1 2 0 0
-5305.0 -4833.3 -5.3 33 0 8.3 11.0 5.0 0.0 0 1 2 2 2
-5325.0 -4827.8 -5.8 123 0 11.0 8.3 5.0 2.5 2 0 2 3 3
-5335.1 -4820.9 -6.3 123 0 11.0 8.3 5.0 2.5 2 0 2 1 1
-5345.3 -4800.0 -7.0 123 0 11.0 8.3 5.0 2.5 2 0 2 1 1
-5360.5 -4806.4 -7.3 123 0 11.0 8.3 5.0 2.5 2 0 2 5 5
-5374.1 -4796.3 -7.8 123 0 11.0 8.3 5.0 2.5 2 0 2 5 5
-5375.8 -4826.1 -8.1 303 0 11.0 8.3 5.0 2.5 2 0 2 5 5
-5482.8 -4882.9 -8.5 213 0 8.3 11.0 5.0 2.5 2 1 2 3 3
-5456.3 -4879.1 -8.1 33 0 8.3 11.0 5.0 2.5 2 1 2 2 2
-5456.7 -4850.2 -7.7 214 0 8.3 11.0 5.0 2.5 2 1 2 3 3
-5448.6 -4835.2 -7.9 214 0 8.3 11.0 5.0 0.0 0 1 2 3 3
-5425.0 -4811.9 -8.3 303 0 11.0 8.3 5.0 2.5 2 0 2 3 3
-5481.8 -4832.2 -7.5 33 0 8.3 11.0 5.0 2.5 4 1 2 3 3
-5509.9 -4885.2 -8.4 33 0 8.3 11.0 5.0 2.5 2 1 2 0 0
-5521.2 -4906.0 -7.7 33 0 8.3 11.0 5.0 2.5 2 1 2 5 5
-5539.3 -4958.6 -9.6 33 0 8.3 11.0 5.0 2.5 2 1 2 5 5
-5571.7 -4950.1 -6.4 123 0 11.0 8.3 5.0 2.5 2 0 2 4 4
-5572.0 -4968.2 -5.7 33 0 8.3 11.0 5.0 2.5 2 1 2 1 1
-5584.3 -4957.2 -3.7 33 0 8.3 11.0 5.0 0.0 0 1 2 5 5
-5587.6 -4964.9 -3.0 33 0 8.3 11.0 5.0 2.5 4 1 2 2 2
-5553.6 -4863.3 -5.2 213 0 8.3 11.0 5.0 2.5 2 1 2 0 0
-5487.7 -4783.8 -5.7 31 0 13.1 26.8 5.0 2.5 2 1 2 1 1
-5480.1 -4752.6 -4.9 33 0 8.3 11.0 5.0 2.5 4 1 2 4 4
-5470.8 -4730.7 -4.9 33 0 8.3 11.0 5.0 2.5 2 1 2 3 3
-5456.7 -4739.9 -6.8 33 0 8.3 11.0 5.0 2.5 4 1 2 4 4
-5448.5 -4722.6 -7.5 33 0 8.3 11.0 5.0 2.5 2 1 2 1 1
-5445.2 -4701.2 -6.7 33 0 8.3 11.0 5.0 2.5 2 1 2 5 5
-5434.3 -4705.8 -8.5 37 0 8.4 7.8 5.0 2.5 2 0 2 1 1
-5460.9 -4717.3 -5.8 33 0 8.3 11.0 5.0 2.5 2 1 2 0 0
-5420.3 -4723.6 -8.6 211 0 13.1 26.8 5.0 0.0 0 1 2 0 0
-5379.6 -4734.4 -7.5 33 0 8.3 11.0 5.0 2.5 2 1 2 2 2
-5401.4 -4674.0 -6.9 213 0 8.3 11.0 5.0 2.5 2 1 2 3 3
-5378.3 -4634.4 -7.1 213 0 8.3 11.0 5.0 2.5 2 1 2 5 5
-5400.2 -4628.0 -5.7 33 0 8.3 11.0 5.0 2.5 2 1 2 5 5
-5349.9 -4588.3 -8.1 213 0 8.3 11.0 5.0 2.5 2 1 2 4 4
-5343.5 -4578.2 -8.4 213 0 8.3 11.0 5.0 2.5 2 1 2 3 3
-5335.4 -4565.9 -8.7 213 0 8.3 11.0 5.0 2.5 2 1 2 4 4
-5326.3 -4556.7 -8.6 213 0 8.3 11.0 5.0 2.5 4 1 2 3 3
-5349.9 -4560.8 -8.5 33 0 8.3 11.0 5.0 2.5 2 1 2 1 1
-5341.9 -4546.4 -8.8 33 0 8.3 11.0 5.0 2.5 2 1 2 1 1
-5311.5 -4504.5 -7.9 33 0 8.3 11.0 5.0 2.5 2 1 2 3 3
-5299.6 -4489.9 -7.5 33 0 8.3 11.0 5.0 2.5 2 1 2 2 2
-5292.4 -4481.5 -7.4 33 0 8.3 11.0 5.0 2.5 4 1 2 1 1
-5299.0 -4529.3 -8.1 213 0 8.3 11.0 5.0 2.5 4 1 2 2 2
-5291.4 -4518.3 -8.1 213 0 8.3 11.0 5.0 2.5 2 1 2 1 1
-5276.7 -4492.0 -8.0 213 0 8.3 11.0 5.0 2.5 2 1 2 5 5
-5265.7 -4481.0 -8.6 213 0 8.3 11.0 5.0 2.5 2 1 2 0 0
-5258.4 -4471.4 -9.0 213 0 8.3 11.0 5.0 2.5 2 1 2 0 0
-5251.3 -4462.4 -9.0 213 0 8.3 11.0 5.0 2.5 2 1 2 5 5
-5244.8 -4452.8 -9.0 213 0 8.3 11.0 5.0 2.5 2 1 2 3 3
-5235.0 -4440.8 -8.8 213 0 8.3 11.0 5.0 2.5 2 1 2 4 4
-5221.7 -4419.0 -7.9 213 0 8.3 11.0 5.0 2.5 2 1 2 0 0
-5245.8 -4418.1 -8.1 33 0 8.3 11.0 5.0 2.5 2 1 2 1 1
-5236.2 -4405.3 -7.2 33 0 8.3 11.0 5.0 2.5 2 1 2 1 1
-5224.8 -4389.2 -6.2 33 0 8.3 11.0 5.0 2.5 2 1 2 0 0
-5230.0 -4366.3 -5.4 123 0 11.0 8.3 5.0 2.5 2 0 2 0 0
-5243.9 -4361.9 -4.0 123 0 11.0 8.3 5.0 2.5 2 0 2 4 4
-5274.8 -4573.0 -7.7 123 0 11.0 8.3 5.0 2.5 2 0 2 0 0
-3193.0 -2710.9 -1.8 287 0 10.9 8.3 2.5 2.5 4 0 1 3 3
-3203.6 -2706.0 -1.7 287 0 10.9 8.3 2.5 2.5 2 0 1 4 4
-3219.6 -2700.4 -1.4 287 0 10.9 8.3 2.5 2.5 2 0 1 5 5
-3233.7 -2697.2 -1.3 287 0 10.9 8.3 2.5 2.5 2 0 1 5 5
-3219.0 -2666.8 -1.4 197 0 8.3 10.9 2.5 2.5 4 1 1 0 0
-3370.8 -2648.4 -2.6 106 0 10.9 8.3 5.0 2.5 4 0 2 1 1
-3402.7 -2639.6 -3.0 106 0 10.9 8.3 5.0 2.5 4 0 2 5 5
-3464.2 -2635.8 -4.1 108 0 8.3 11.0 5.0 2.5 2 1 2 0 0
-3474.2 -2628.6 -4.5 106 0 10.9 8.3 5.0 2.5 2 0 2 3 3
-3487.0 -2627.0 -4.9 106 0 10.9 8.3 5.0 0.0 0 0 2 3 3
-3474.5 -2641.0 -4.6 286 0 10.9 8.3 2.5 2.5 2 0 1 1 1
-3498.3 -2623.6 -4.9 106 0 10.9 8.3 5.0 2.5 4 0 2 4 4
-3511.1 -2621.9 -4.8 106 0 10.9 8.3 5.0 2.5 2 0 2 1 1
-3504.8 -2633.5 -5.3 287 0 10.9 8.3 2.5 2.5 2 0 1 0 0
-3560.0 -2607.9 -4.2 106 0 10.9 8.3 5.0 0.0 0 0 2 1 1
-3573.0 -2605.4 -4.1 106 0 10.9 8.3 5.0 2.5 2 0 2 4 4
-3596.1 -2600.0 -4.2 106 0 10.9 8.3 5.0 2.5 2 0 2 2 2
-3607.4 -2599.1 -4.3 106 0 10.9 8.3 5.0 2.5 2 0 2 1 1
-3566.5 -2624.2 -5.1 287 0 10.9 8.3 2.5 0.0 0 0 1 5 5
-3582.8 -2619.1 -5.2 287 0 10.9 8.3 2.5 2.5 2 0 1 4 4
-3595.5 -2617.0 -5.3 286 0 10.9 8.3 2.5 2.5 2 0 1 2 2
-3616.6 -2612.9 -5.3 287 0 10.9 8.3 2.5 2.5 2 0 1 4 4
-3627.0 -2611.2 -5.4 287 0 10.9 8.3 2.5 0.0 0 0 1 4 4
-3639.7 -2610.1 -5.5 286 0 10.9 8.3 2.5 2.5 2 0 1 5 5
-3652.2 -2606.9 -5.4 287 0 10.9 8.3 2.5 2.5 2 0 1 2 2
-3634.1 -2593.2 -4.3 106 0 10.9 8.3 5.0 2.5 2 0 2 1 1
-3647.3 -2590.4 -4.5 106 0 10.9 8.3 5.0 2.5 2 0 2 2 2
-3659.2 -2589.0 -4.7 106 0 10.9 8.3 5.0 2.5 2 0 2 1 1
-3675.1 -2584.4 -4.8 106 0 10.9 8.3 5.0 2.5 4 0 2 5 5
-3683.2 -2599.8 -5.4 287 0 10.9 8.3 2.5 2.5 2 0 1 4 4
-3696.6 -2596.2 -5.3 287 0 10.9 8.3 2.5 2.5 2 0 1 1 1
-3712.7 -2590.8 -5.1 287 0 10.9 8.3 2.5 2.5 4 0 1 3 3
-3731.4 -2587.1 -5.2 287 0 10.9 8.3 2.5 0.0 0 0 1 2 2
-3752.6 -2556.0 -5.5 17 0 8.3 10.9 2.5 2.5 2 1 1 2 2
-3777.3 -2540.0 -6.6 16 0 8.3 10.9 2.5 2.5 2 1 1 0 0
-3811.7 -2527.4 -7.3 197 0 8.3 10.9 2.5 2.5 4 1 1 4 4
-3827.9 -2547.3 -7.9 106 0 10.9 8.3 2.5 2.5 2 0 1 4 4
-3741.8 -2531.9 -5.3 164 0 8.3 10.9 5.0 2.5 2 1 2 5 5
-3749.4 -2510.7 -5.8 17 0 8.3 10.9 2.5 0.0 0 1 1 1 1
-3746.6 -2500.7 -5.7 16 0 8.3 10.9 2.5 0.0 0 1 1 5 5
-3743.0 -2485.7 -5.6 17 0 8.3 10.9 2.5 2.5 2 1 1 5 5
-3738.6 -2510.3 -5.6 106 0 10.9 8.3 5.0 2.5 2 0 2 3 3
-3739.1 -2495.0 -5.6 197 0 8.3 10.9 5.0 2.5 2 1 2 4 4
-3737.6 -2483.2 -5.6 197 0 8.3 10.9 5.0 2.5 2 1 2 3 3
-3785.0 -2291.6 -7.1 181 0 8.3 10.9 2.5 2.5 2 1 1 0 0
-3773.6 -2268.4 -7.2 181 0 8.3 10.9 2.5 0.0 0 1 1 2 2
-3806.8 -2266.1 -7.7 316 0 8.3 11.0 5.0 2.5 2 1 2 5 5
-3819.7 -2232.2 -7.9 345 0 8.3 10.9 5.0 2.5 2 1 2 5 5
-3805.2 -2236.4 -6.9 165 0 8.3 10.9 2.5 2.5 4 1 1 3 3
-3786.9 -2222.3 -6.3 255 0 10.9 8.3 2.5 2.5 2 0 1 4 4
-3768.6 -2217.4 -6.5 255 0 10.9 8.3 2.5 2.5 2 0 1 2 2
-3748.6 -2208.4 -7.1 257 0 27.4 11.7 2.5 2.5 2 0 1 5 5
-3730.4 -2205.0 -7.1 251 0 7.7 8.5 2.5 2.5 2 1 1 3 3
-3721.1 -2201.9 -7.1 251 0 7.7 8.5 2.5 2.5 2 1 1 3 3
-3710.5 -2197.3 -7.1 251 0 7.6 8.5 2.5 2.5 2 1 1 1 1
-3698.5 -2192.2 -6.9 251 0 7.7 8.5 2.5 2.5 2 1 1 2 2
-3686.7 -2188.6 -6.6 251 0 7.6 8.5 2.5 2.5 2 1 1 3 3
-3674.9 -2184.2 -6.4 251 0 7.6 8.5 2.5 2.5 2 1 1 1 1
-3664.8 -2179.8 -6.2 251 0 7.6 8.5 2.5 2.5 2 1 1 4 4
-3655.0 -2176.1 -6.3 251 0 7.7 8.5 2.5 2.5 2 1 1 3 3
-3642.2 -2171.3 -6.6 251 0 7.6 8.5 2.5 2.5 2 1 1 1 1
-3632.6 -2167.5 -6.6 251 0 7.7 8.5 2.5 2.5 2 1 1 1 1
-3620.5 -2162.7 -6.8 251 0 7.7 8.5 2.5 2.5 2 1 1 2 2
-3610.5 -2158.9 -7.2 251 0 7.7 8.5 2.5 2.5 4 1 1 5 5
-3599.3 -2154.4 -7.6 251 0 7.7 8.5 2.5 0.0 0 1 1 1 1
-3587.3 -2150.8 -7.9 251 0 7.7 8.5 2.5 2.5 2 1 1 3 3
-3577.0 -2147.2 -8.1 251 0 7.7 8.5 2.5 0.0 0 1 1 0 0
-3567.8 -2142.8 -8.3 251 0 7.7 8.5 2.5 2.5 4 1 1 4 4
-3556.6 -2137.6 -8.4 251 0 7.6 8.5 2.5 2.5 2 1 1 3 3
-3545.0 -2133.4 -8.3 251 0 7.7 8.5 2.5 2.5 2 1 1 3 3
-3549.7 -2119.8 -8.6 71 0 7.6 8.5 5.0 2.5 4 1 2 4 4
-3563.6 -2124.5 -8.7 71 0 7.7 8.5 5.0 2.5 2 1 2 4 4
-3582.7 -2134.0 -8.6 71 0 7.7 8.5 5.0 2.5 2 1 2 1 1
-3593.9 -2136.7 -8.5 71 0 7.6 8.5 5.0 0.0 0 1 2 3 3
-3605.2 -2141.1 -8.2 71 0 7.7 8.5 5.0 2.5 4 1 2 1 1
-3615.4 -2145.0 -7.8 71 0 7.7 8.5 5.0 2.5 2 1 2 2 2
-3625.3 -2149.5 -7.1 71 0 7.7 8.5 5.0 2.5 2 1 2 1 1
-3637.2 -2151.1 -6.7 71 0 7.7 8.5 5.0 0.0 0 1 2 2 2
-3649.6 -2155.7 -6.3 71 0 7.6 8.5 5.0 2.5 2 1 2 5 5
-3661.0 -2159.1 -6.0 71 0 7.7 8.5 5.0 0.0 0 1 2 0 0
-3672.9 -2164.6 -6.2 71 0 7.7 8.5 5.0 2.5 4 1 2 3 3
-3683.2 -2169.4 -6.4 71 0 7.6 8.5 5.0 0.0 0 1 2 2 2
-3693.4 -2173.5 -6.6 71 0 7.7 8.5 5.0 0.0 0 1 2 0 0
-3706.9 -2177.5 -6.8 71 0 7.7 8.5 5.0 2.5 4 1 2 4 4
-3716.9 -2182.5 -6.8 71 0 7.7 8.5 5.0 2.5 2 1 2 5 5
-3727.4 -2185.9 -6.8 71 0 7.7 8.5 5.0 2.5 2 1 2 1 1
-3745.0 -2188.9 -7.2 74 0 16.5 10.8 5.0 2.5 2 0 2 0 0
-3382.6 -943.6 3.5 312 0 10.4 12.2 5.0 2.5 2 1 2 2 2
-3436.9 -953.8 0.2 215 0 26.4 12.2 5.0 2.5 2 0 2 3 3
-3383.1 -988.9 2.8 35 0 26.4 12.2 5.0 2.5 2 0 2 5 5
-3432.6 -1034.1 1.1 214 0 15.3 11.9 5.0 2.5 2 0 2 4 4
-3505.2 -1141.4 3.0 45 0 12.2 26.4 2.5 2.5 2 1 1 4 4
-3483.6 -1166.4 5.0 208 0 8.6 7.7 5.0 2.5 2 0 2 0 0
-3493.1 -1188.4 4.4 208 0 8.6 7.7 5.0 0.0 0 0 2 0 0
-3499.4 -1197.8 3.9 208 0 8.6 7.7 5.0 2.5 2 0 2 1 1
-3505.1 -1207.5 4.0 208 0 8.6 7.7 5.0 2.5 2 0 2 4 4
-3515.0 -1225.4 4.5 208 0 8.6 7.7 5.0 2.5 2 0 2 5 5
-3523.5 -1236.2 4.9 208 0 8.6 7.7 5.0 2.5 2 0 2 5 5
-3529.4 -1247.0 5.2 208 0 8.6 7.7 5.0 2.5 4 0 2 4 4
-3536.7 -1260.2 5.7 208 0 8.6 7.7 5.0 2.5 2 0 2 1 1
-3542.2 -1270.4 5.7 208 0 8.6 7.7 5.0 2.5 2 0 2 3 3
-3549.3 -1280.7 5.7 208 0 8.6 7.7 5.0 0.0 0 0 2 1 1
-3556.2 -1290.6 5.6 208 0 8.6 7.7 5.0 2.5 2 0 2 2 2
-3563.6 -1305.2 5.0 208 0 8.6 7.7 5.0 2.5 2 0 2 2 2
-3569.0 -1315.7 4.9 208 0 8.6 7.7 5.0 2.5 2 0 2 0 0
-3575.7 -1327.7 4.7 208 0 8.6 7.7 5.0 2.5 4 0 2 1 1
-3581.5 -1335.7 4.3 208 0 8.6 7.7 5.0 2.5 2 0 2 1 1
-3588.4 -1348.0 4.0 208 0 8.6 7.7 5.0 0.0 0 0 2 5 5
-3592.7 -1358.3 3.9 208 0 8.6 7.7 5.0 2.5 2 0 2 0 0
-3600.0 -1366.1 3.6 217 0 8.6 7.7 5.0 2.5 2 0 2 5 5
-3607.8 -1374.9 3.3 217 0 8.6 7.7 5.0 2.5 2 0 2 3 3
-3615.6 -1382.2 3.0 217 0 8.6 7.7 5.0 2.5 2 0 2 1 1
-3622.3 -1393.0 2.8 217 0 8.6 7.7 5.0 2.5 2 0 2 5 5
-3630.6 -1403.4 2.8 217 0 8.6 7.7 5.0 2.5 2 0 2 4 4
-3639.2 -1412.9 3.1 217 0 8.6 7.7 5.0 2.5 2 0 2 5 5
-3646.0 -1422.2 3.1 217 0 8.6 7.7 5.0 2.5 4 0 2 1 1
-3654.1 -1427.9 3.0 217 0 8.6 7.7 5.0 2.5 2 0 2 3 3
-3641.8 -1444.5 3.3 37 0 8.6 7.7 5.0 0.0 0 0 2 1 1
-3594.5 -1414.4 3.6 37 0 8.6 7.7 5.0 2.5 2 0 2 4 4
-3569.3 -1403.9 4.4 37 0 8.6 7.7 5.0 2.5 2 0 2 2 2
-3559.6 -1393.5 4.7 37 0 8.6 7.7 5.0 2.5 2 0 2 2 2
-3552.1 -1376.7 5.0 307 0 7.7 8.6 5.0 2.5 2 1 2 3 3
-3517.3 -1173.2 3.6 208 0 8.6 7.7 2.5 2.5 2 0 1 3 3
-3522.1 -1196.5 3.8 28 0 8.6 7.7 2.5 2.5 2 0 1 4 4
-3536.6 -1204.8 4.0 208 0 8.6 7.7 2.5 2.5 2 0 1 5 5
-3535.1 -1220.6 4.1 28 0 8.6 7.7 2.5 2.5 2 0 1 2 2
-3541.9 -1230.7 4.2 28 0 8.6 7.7 2.5 2.5 2 0 1 2 2
-3553.2 -1251.0 4.5 28 0 8.6 7.7 2.5 2.5 2 0 1 2 2
-3558.5 -1262.3 4.6 28 0 8.6 7.7 2.5 2.5 2 0 1 2 2
-3565.8 -1271.5 4.7 28 0 8.6 7.7 2.5 2.5 4 0 1 4 4
-3571.5 -1280.1 4.9 28 0 8.6 7.7 2.5 2.5 2 0 1 3 3
-3577.4 -1291.4 5.1 28 0 8.6 7.7 2.5 2.5 2 0 1 3 3
-3585.2 -1305.1 4.7 28 0 8.6 7.7 2.5 2.5 2 0 1 0 0
-3592.3 -1316.1 4.3 28 0 8.6 7.7 2.5 2.5 2 0 1 5 5
-3599.4 -1326.5 4.0 28 0 8.6 7.7 2.5 2.5 2 0 1 3 3
-3604.1 -1334.6 3.9 28 0 8.6 7.7 2.5 2.5 2 0 1 2 2
-3608.5 -1346.6 3.6 28 0 8.6 7.7 2.5 2.5 2 0 1 1 1
-3621.7 -1334.7 3.8 208 0 8.6 7.7 2.5 2.5 2 0 1 2 2
-3616.6 -1355.2 3.3 28 0 8.6 7.7 2.5 2.5 2 0 1 2 2
-3627.9 -1362.5 3.1 28 0 8.6 7.7 2.5 2.5 2 0 1 3 3
-3635.1 -1372.5 2.7 28 0 8.6 7.7 2.5 2.5 2 0 1 0 0
-3643.6 -1382.4 2.5 28 0 8.6 7.7 2.5 2.5 2 0 1 4 4
-3652.3 -1392.2 2.5 28 0 8.6 7.7 2.5 2.5 2 0 1 1 1
-3659.8 -1403.2 2.4 28 0 8.6 7.7 2.5 2.5 2 0 1 5 5
-3667.6 -1411.0 2.3 28 0 8.6 7.7 2.5 2.5 2 0 1 1 1
-3686.8 -1412.2 2.2 208 0 8.6 7.7 2.5 2.5 2 0 1 0 0
-3553.4 -1201.0 3.4 28 0 8.6 7.7 2.5 2.5 2 0 1 2 2
-3558.5 -1211.0 3.5 28 0 8.6 7.7 2.5 2.5 2 0 1 4 4
-3564.8 -1220.6 3.6 28 0 8.6 7.7 2.5 2.5 2 0 1 4 4
-3570.9 -1227.3 3.7 28 0 8.6 7.7 2.5 0.0 0 0 1 4 4
-3577.4 -1236.7 3.8 33 0 6.9 7.4 2.5 2.5 2 1 1 5 5
-3582.7 -1244.9 3.9 33 0 6.9 7.4 2.5 2.5 2 1 1 3 3
-3589.6 -1253.7 3.9 33 0 6.9 7.4 2.5 2.5 2 1 1 2 2
-3596.3 -1262.9 4.0 33 0 6.9 7.4 2.5 2.5 2 1 1 1 1
-3603.0 -1270.0 4.2 33 0 6.9 7.3 2.5 2.5 2 1 1 1 1
-3609.0 -1280.2 4.4 33 0 6.9 7.3 2.5 2.5 2 1 1 2 2
-3616.1 -1290.5 4.9 33 0 6.9 7.3 2.5 0.0 0 1 1 1 1
-3630.7 -1311.2 4.5 33 0 6.9 7.4 2.5 2.5 2 1 1 3 3
-3638.8 -1320.8 4.2 33 0 6.9 7.4 2.5 2.5 2 1 1 4 4
-3645.8 -1331.2 3.8 40 0 6.9 7.3 2.5 2.5 2 1 1 1 1
-3653.1 -1339.7 3.5 40 0 6.9 7.4 2.5 2.5 2 1 1 3 3
-3661.1 -1349.1 3.2 40 0 6.9 7.4 2.5 2.5 2 1 1 4 4
-3669.9 -1358.2 2.9 40 0 6.9 7.4 2.5 2.5 2 1 1 5 5
-3679.9 -1370.6 2.4 40 0 6.9 7.4 2.5 2.5 2 1 1 5 5
-3687.2 -1378.6 2.0 38 0 10.4 7.1 2.5 0.0 0 0 1 2 2
-3699.0 -1393.4 2.3 40 0 6.9 7.4 2.5 2.5 2 1 1 2 2
-3707.6 -1403.3 2.7 40 0 6.9 7.4 2.5 2.5 2 1 1 3 3
-3727.5 -1420.7 3.5 130 0 7.4 6.9 2.5 2.5 2 0 1 5 5
-3692.3 -1451.5 3.1 356 0 7.5 6.7 2.5 2.5 2 0 1 5 5
-3706.5 -1452.1 3.4 264 0 6.7 7.4 2.5 2.5 2 1 1 5 5
-3717.1 -1455.0 3.8 266 0 7.0 7.3 2.5 2.5 2 1 1 3 3
-3734.9 -1464.3 4.5 85 0 6.6 7.4 2.5 0.0 0 1 1 3 3
-3761.6 -1441.1 5.2 264 0 6.7 7.4 2.5 2.5 2 1 1 1 1
-3818.3 -1430.8 6.2 84 0 6.6 7.4 2.5 2.5 2 1 1 5 5
-3801.2 -1446.7 6.3 217 0 10.8 16.8 2.5 2.5 2 1 1 2 2
