-4628.9 5915.6 31.8 198 0 15.4 21.9 5.0 2.5 2 0 2 0 0
-4459.4 6090.5 28.0 21 0 39.4 61.0 5.0 0.0 0 1 2 0 0
-4589.2 6133.8 28.5 201 0 46.0 45.0 5.0 0.0 0 0 2 2 2
-4391.0 5520.2 26.8 177 0 42.0 43.1 5.0 0.0 0 1 2 0 0
-4347.1 5344.0 28.1 355 0 23.5 21.2 2.5 2.5 4 0 1 2 2
-4320.6 5343.8 28.4 357 0 12.5 12.1 2.5 0.0 0 0 1 2 2
-4327.4 5371.4 28.3 268 0 11.0 12.1 2.5 2.5 2 1 1 2 2
-4391.1 5346.3 28.2 267 0 12.1 12.5 2.5 2.5 2 1 1 3 3
-4391.3 5355.8 28.0 88 0 11.0 12.1 2.5 2.5 2 1 1 1 1
-4233.7 5374.7 33.0 149 0 37.4 38.3 5.0 0.0 0 1 2 1 1
-4102.4 5423.0 26.1 60 0 28.6 19.7 5.0 2.5 2 0 2 4 4
-4112.4 5439.7 26.2 60 0 7.4 37.3 5.0 2.5 2 0 2 3 3
-4075.8 5460.6 27.3 60 0 14.7 24.9 5.0 2.5 2 1 2 4 4
-4661.2 5529.4 34.8 221 0 62.9 14.3 5.0 2.5 2 0 2 5 5
-4594.2 5528.2 32.6 217 0 15.3 33.9 5.0 2.5 2 0 2 1 1
-4631.9 5558.2 32.6 220 0 16.1 33.3 5.0 2.5 2 1 2 1 1
-4659.1 5502.0 31.1 218 0 24.5 48.2 5.0 0.0 0 1 2 1 1
-4340.2 5137.2 29.1 111 0 26.0 30.1 2.5 0.0 0 1 1 0 0
-4162.8 5216.5 22.8 251 0 26.1 41.0 2.5 0.0 0 1 1 4 4
-4736.8 4888.8 32.5 12 0 8.2 31.1 2.5 2.5 2 1 1 3 3
-4733.5 4905.1 33.4 13 0 18.8 10.3 2.5 2.5 2 0 1 4 4
-4728.6 4922.9 33.3 13 0 10.9 22.1 2.5 2.5 2 1 1 5 5
-4722.8 4937.6 34.3 11 0 9.5 12.7 2.5 2.5 2 1 1 1 1
-4265.9 6382.4 36.2 143 0 34.8 11.4 5.0 2.5 2 0 2 3 3
-4249.8 6432.7 35.3 232 0 11.4 34.8 5.0 2.5 2 1 2 4 4
-4281.1 6402.8 37.9 144 0 11.4 34.7 5.0 2.5 2 1 2 1 1
-4218.5 6402.5 34.6 324 0 11.4 34.7 5.0 2.5 2 1 2 1 1
-4161.3 6324.6 36.7 96 0 34.7 11.5 5.0 2.5 2 0 2 3 3
-4123.9 6364.2 32.8 6 0 11.4 34.7 5.0 2.5 2 1 2 5 5
-4167.9 6373.8 33.0 276 0 11.4 34.9 5.0 0.0 0 1 2 2 2
-4127.2 6338.2 34.3 6 0 34.9 11.4 5.0 2.5 2 0 2 3 3
-4167.6 6161.9 35.0 8 0 44.6 12.1 5.0 2.5 2 0 2 2 2
-4129.3 6094.7 30.7 168 0 44.6 12.1 5.0 2.5 2 0 2 5 5
-4054.0 6041.7 31.1 87 0 44.3 12.2 5.0 2.5 2 0 2 0 0
-4122.2 6019.4 33.5 308 0 44.4 12.2 5.0 2.5 4 0 2 3 3
-4004.5 6115.3 29.6 1 0 44.6 12.1 5.0 2.5 2 0 2 2 2
-3983.4 6048.2 31.3 209 0 44.5 12.1 5.0 2.5 2 0 2 5 5
-4156.1 6200.6 35.8 42 0 14.2 16.4 5.0 2.5 2 1 2 4 4
-4144.7 6213.4 36.0 42 0 14.2 16.4 5.0 2.5 2 1 2 1 1
-4133.7 6226.5 36.7 42 0 14.2 16.4 5.0 2.5 2 1 2 0 0
-4122.5 6239.4 37.8 42 0 14.2 16.4 5.0 2.5 2 1 2 3 3
-4111.7 6251.3 38.9 42 0 14.2 16.4 5.0 2.5 2 1 2 2 2
-4269.0 5358.7 30.7 242 0 22.1 20.8 5.0 2.5 2 0 2 4 4
93.0 5416.2 11.6 180 0 17.5 33.8 5.0 2.5 2 1 2 2 2
92.9 5393.4 12.2 179 0 18.1 34.5 5.0 0.0 0 1 2 5 5
96.4 5437.1 11.2 180 0 17.6 31.1 5.0 2.5 2 1 2 3 3
197.3 5458.5 13.2 0 0 12.2 31.9 5.0 2.5 2 1 2 5 5
197.6 5476.9 14.4 0 0 14.0 31.2 5.0 0.0 0 1 2 2 2
186.6 5499.0 16.0 358 0 12.6 20.3 5.0 0.0 0 1 2 3 3
130.3 5498.5 15.4 180 0 12.2 29.4 5.0 0.0 0 1 2 2 2
149.2 5523.2 16.9 271 0 19.6 12.4 7.0 2.5 2 0 2 1 1
179.3 5522.5 17.2 269 0 25.6 12.1 5.0 2.5 2 0 2 3 3
112.2 5522.4 16.3 269 0 20.3 11.2 7.0 2.5 2 0 2 3 3
126.6 5262.2 14.0 0 0 16.8 35.5 5.0 2.5 2 1 2 0 0
4917.7 3877.7 -27.7 2 0 9.1 17.4 2.5 2.5 2 1 1 1 1
4918.4 3944.2 -28.5 272 0 10.6 18.2 2.5 2.5 2 1 1 3 3
4917.2 3892.0 -27.6 359 0 10.4 17.8 2.5 2.5 2 1 1 4 4
4921.1 3868.9 -27.8 2 0 4.2 8.4 2.5 2.5 2 1 1 2 2
4902.4 3858.8 -27.7 112 0 10.9 12.4 2.5 2.5 2 1 1 4 4
4909.4 3847.7 -28.2 270 0 10.7 12.9 2.5 2.5 2 1 1 2 2
4899.7 3850.3 -27.8 269 0 4.8 5.4 2.5 0.0 0 1 1 5 5
4888.5 3825.3 -27.9 90 0 9.3 9.5 2.5 2.5 2 1 1 2 2
4870.1 3827.6 -27.6 92 0 14.5 14.6 2.5 2.5 2 1 1 0 0
4974.4 3933.2 -28.4 275 0 11.0 17.7 2.5 2.5 4 1 1 5 5
4938.6 3809.3 -28.8 274 0 10.8 15.4 2.5 2.5 2 1 1 3 3
4957.1 3806.9 -28.9 273 0 16.7 15.3 2.5 2.5 2 0 1 2 2
4900.1 3810.0 -28.3 272 0 11.3 14.9 2.5 2.5 2 1 1 0 0
4876.3 3793.2 -28.0 183 0 8.5 14.6 2.5 2.5 2 1 1 4 4
4872.4 3756.6 -27.5 184 0 13.1 9.0 2.5 2.5 2 0 1 5 5
4871.6 3744.2 -27.4 179 0 8.5 11.0 2.5 2.5 2 1 1 5 5
4863.1 3816.4 -27.6 271 0 7.2 14.2 5.0 0.0 0 1 2 0 0
4855.2 3816.2 -27.6 271 0 7.2 14.2 2.5 2.5 2 1 1 4 4
4842.6 3809.0 -27.5 181 0 14.3 7.2 2.5 2.5 2 0 1 5 5
4842.0 3799.1 -27.5 226 0 10.5 13.1 5.0 0.0 0 1 2 3 3
4865.6 3793.5 -27.6 2 0 11.7 10.2 2.5 2.5 2 0 1 2 2
4863.5 3754.3 -27.3 4 0 7.1 11.3 2.5 2.5 2 1 1 1 1
4863.8 3762.2 -27.4 4 0 7.1 11.3 2.5 2.5 2 1 1 4 4
4839.5 3758.9 -27.2 183 0 11.4 7.1 2.5 2.5 2 0 1 2 2
4862.0 3744.5 -27.2 4 0 7.1 11.3 2.5 2.5 4 1 1 1 1
4838.5 3747.1 -27.1 183 0 11.4 7.1 2.5 2.5 2 0 1 5 5
4827.8 3759.2 -27.2 3 0 11.4 7.1 5.0 0.0 0 0 2 1 1
4828.6 3777.9 -27.1 3 0 11.4 7.1 2.5 2.5 2 0 1 4 4
4830.5 3796.6 -27.2 3 0 11.4 7.1 2.5 2.5 2 0 1 2 2
4827.4 3817.4 -27.3 273 0 7.1 11.4 2.5 2.5 2 1 1 5 5
4805.4 3749.8 -27.6 182 0 7.3 9.7 2.5 2.5 2 1 1 5 5
4805.0 3759.0 -27.6 181 0 7.1 11.3 2.5 2.5 2 1 1 5 5
4809.0 3797.3 -27.3 183 0 11.4 7.1 2.5 2.5 2 0 1 5 5
4809.6 3811.6 -27.2 183 0 11.4 7.1 2.5 2.5 2 0 1 1 1
4919.7 4014.8 -28.1 92 0 27.7 15.1 2.5 2.5 2 0 1 5 5
4925.7 4062.4 -27.8 330 0 13.1 28.3 2.5 2.5 2 1 1 0 0
4878.5 4040.4 -28.0 182 0 11.1 23.7 2.5 2.5 2 1 1 5 5
4856.7 4029.5 -28.2 182 0 17.3 10.6 2.5 2.5 2 0 1 5 5
4855.7 3997.6 -28.5 185 0 29.1 15.0 2.5 2.5 2 0 1 0 0
6812.2 -2413.0 -47.4 129 0 9.4 9.2 2.5 0.0 0 0 1 2 2
-3952.6 5744.0 32.4 48 0 16.3 8.8 5.0 2.5 2 0 2 3 3
-3997.1 5693.7 37.9 321 0 13.1 8.3 5.0 2.5 2 0 2 0 0
-3988.3 5690.0 36.6 228 0 5.3 8.9 5.0 2.5 2 1 2 4 4
4067.9 754.8 -30.9 180 0 9.2 21.0 5.0 2.5 4 1 2 2 2
4068.5 789.6 -30.6 180 0 9.8 9.2 5.0 2.5 4 0 2 5 5
4070.9 855.6 -30.1 180 0 12.5 14.2 5.0 2.5 4 1 2 1 1
4073.5 951.6 -29.3 180 0 8.6 12.4 5.0 2.5 2 1 2 0 0
4072.3 892.3 -29.8 180 0 9.2 13.9 5.0 2.5 2 1 2 2 2
4034.2 854.1 -31.8 0 0 8.9 14.8 5.0 2.5 2 1 2 2 2
4036.3 890.3 -31.1 0 0 8.6 15.1 5.0 2.5 2 1 2 5 5
4037.2 947.1 -29.5 0 0 18.8 12.4 5.0 2.5 2 0 2 3 3
3909.5 1109.7 -28.1 227 0 7.3 16.4 5.0 2.5 2 1 2 1 1
3885.6 1135.4 -28.6 47 0 9.5 9.2 5.0 2.5 2 0 2 1 1
3810.8 1316.4 -25.0 284 0 7.5 23.0 5.0 2.5 2 1 2 1 1
3816.2 1319.4 -22.9 106 0 23.0 12.9 5.0 2.5 2 0 2 4 4
3337.9 1012.6 -26.3 317 0 8.6 14.6 2.5 2.5 2 1 1 2 2
3339.8 998.0 -26.1 318 0 10.5 7.7 2.5 2.5 4 0 1 4 4
3364.6 971.8 -26.7 317 0 9.7 13.4 2.5 2.5 2 1 1 4 4
3408.7 925.5 -26.4 313 0 8.4 13.4 2.5 2.5 4 1 1 2 2
3434.6 899.1 -26.8 316 0 8.6 13.9 2.5 2.5 4 1 1 1 1
3477.1 851.4 -29.3 320 0 8.2 10.7 2.5 2.5 2 1 1 2 2
3503.0 827.8 -30.8 318 0 7.9 10.8 2.5 2.5 2 1 1 3 3
3544.4 782.4 -28.6 316 0 11.8 18.3 2.5 2.5 2 1 1 2 2
3572.9 755.3 -27.1 319 0 7.6 11.4 2.5 2.5 2 1 1 5 5
3454.2 1011.1 -27.1 41 0 7.7 9.7 5.0 2.5 2 1 2 2 2
3428.4 985.6 -26.8 45 0 6.9 8.4 5.0 2.5 2 1 2 0 0
3453.4 959.0 -26.3 224 0 7.4 8.2 5.0 0.0 0 1 2 3 3
3479.7 984.8 -26.2 226 0 8.5 15.9 5.0 2.5 2 1 2 0 0
3647.1 1192.4 -26.9 45 0 8.2 15.5 5.0 2.5 2 1 2 1 1
3557.7 1049.1 -26.0 226 0 10.5 20.7 5.0 0.0 0 1 2 1 1
3652.7 1141.6 -25.9 238 0 7.3 8.3 5.0 2.5 2 1 2 5 5
3655.6 1163.8 -26.1 241 0 6.6 9.1 5.0 2.5 2 1 2 5 5
3672.3 1167.0 -26.0 235 0 7.2 8.0 5.0 2.5 2 1 2 5 5
3501.6 1054.9 -27.2 43 0 7.0 10.7 5.0 2.5 2 1 2 3 3
3527.6 1080.2 -27.3 43 0 6.4 14.9 5.0 2.5 2 1 2 4 4
3573.6 1123.6 -27.0 43 0 6.1 8.5 5.0 2.5 4 1 2 2 2
3598.6 1148.8 -27.1 43 0 7.0 9.7 5.0 2.5 4 1 2 0 0
3673.6 1217.8 -26.7 43 0 6.8 9.9 5.0 2.5 2 1 2 3 3
3696.4 1192.7 -25.9 223 0 8.4 11.6 5.0 2.5 2 1 2 0 0
3744.1 1236.5 -25.9 223 0 7.7 15.6 5.0 2.5 2 1 2 2 2
3771.0 1259.9 -25.9 223 0 8.6 12.5 5.0 2.5 2 1 2 4 4
3746.2 1287.0 -25.6 43 0 7.9 14.5 5.0 2.5 2 1 2 0 0
3719.7 1261.8 -26.2 43 0 8.4 15.3 5.0 2.5 2 1 2 3 3
3786.5 1045.1 -31.2 47 0 9.4 12.1 5.0 2.5 2 1 2 2 2
3675.7 854.8 -28.3 244 0 9.7 6.4 5.0 2.5 2 0 2 5 5
3595.2 811.5 -29.0 227 0 8.6 8.9 5.0 2.5 2 1 2 5 5
3569.7 837.3 -29.1 47 0 8.1 9.8 5.0 2.5 2 1 2 5 5
3595.7 862.0 -29.4 47 0 6.4 14.2 5.0 2.5 2 1 2 2 2
3665.9 879.6 -28.8 227 0 5.7 8.9 5.0 2.5 2 1 2 4 4
3641.1 906.1 -29.9 47 0 7.7 14.8 5.0 2.5 2 1 2 3 3
3667.5 930.9 -30.3 47 0 7.9 13.1 5.0 2.5 2 1 2 5 5
3692.7 904.8 -28.8 227 0 9.4 9.1 5.0 2.5 2 0 2 2 2
3739.8 1000.6 -31.1 47 0 7.3 8.7 5.0 2.5 2 1 2 0 0
3713.7 974.8 -30.8 47 0 6.9 10.2 5.0 2.5 2 1 2 5 5
3739.0 949.5 -28.6 227 0 7.4 8.6 5.0 2.5 2 1 2 1 1
3764.4 974.4 -28.6 227 0 7.4 8.8 5.0 2.5 4 1 2 3 3
3810.9 1018.2 -28.4 227 0 6.4 9.3 5.0 2.5 2 1 2 0 0
3813.0 1069.0 -30.5 47 0 8.2 8.8 5.0 2.5 2 1 2 4 4
3837.8 1042.7 -28.4 227 0 7.5 8.9 5.0 2.5 2 1 2 4 4
3884.6 1086.9 -28.2 227 0 7.8 14.7 5.0 2.5 2 1 2 2 2
3694.8 707.0 -27.9 272 0 10.5 15.2 2.5 2.5 2 1 1 4 4
3792.4 708.6 -29.4 272 0 9.0 17.4 2.5 2.5 2 1 1 1 1
3795.5 672.5 -28.5 272 0 12.9 6.4 2.5 2.5 2 0 1 5 5
3756.9 708.9 -28.1 272 0 7.2 9.1 2.5 2.5 2 1 1 0 0
3758.6 745.3 -28.9 91 0 6.4 9.2 5.0 2.5 2 1 2 5 5
3795.4 744.1 -30.0 92 0 7.1 16.1 5.0 0.0 0 1 2 3 3
3892.6 705.5 -31.2 272 0 6.8 18.8 2.5 2.5 2 1 1 5 5
3856.5 707.4 -31.2 272 0 7.2 13.5 2.5 0.0 0 1 1 2 2
3859.5 742.2 -31.4 92 0 6.7 11.3 5.0 2.5 2 1 2 5 5
3894.7 741.1 -32.2 91 0 7.0 12.8 5.0 2.5 2 1 2 3 3
3958.8 739.5 -34.2 92 0 7.5 14.0 5.0 2.5 2 1 2 0 0
3957.6 703.1 -31.8 272 0 7.6 8.5 2.5 0.0 0 1 1 1 1
3993.4 701.5 -31.7 272 0 8.0 8.1 2.5 2.5 4 1 1 0 0
3862.9 72.7 -33.2 317 0 7.7 8.5 2.5 0.0 0 1 1 0 0
3844.9 90.3 -33.0 317 0 7.0 11.2 2.5 0.0 0 1 1 2 2
3801.7 138.7 -32.3 317 0 7.2 12.1 2.5 2.5 2 1 1 3 3
3776.2 163.3 -32.0 317 0 7.8 13.6 2.5 2.5 2 1 1 0 0
3732.1 209.6 -31.3 317 0 8.4 14.2 2.5 2.5 2 1 1 0 0
3708.5 236.5 -31.0 317 0 8.6 18.3 2.5 2.5 2 1 1 1 1
3639.3 308.4 -29.9 317 0 8.1 10.5 2.5 2.5 2 1 1 4 4
3594.5 354.8 -29.3 317 0 7.4 15.9 2.5 2.5 2 1 1 1 1
3569.9 380.6 -28.9 317 0 6.3 12.2 2.5 2.5 4 1 1 3 3
3595.0 406.1 -28.4 137 0 9.8 11.8 5.0 2.5 4 1 2 3 3
3620.8 379.2 -28.5 137 0 6.9 16.1 5.0 2.5 2 1 2 2 2
3665.3 334.5 -29.0 137 0 6.8 8.2 5.0 2.5 2 1 2 5 5
3690.7 307.3 -29.4 137 0 7.2 8.9 5.0 2.5 2 1 2 5 5
3734.6 260.7 -30.0 137 0 6.4 8.9 5.0 2.5 2 1 2 5 5
3759.2 234.5 -30.4 137 0 8.2 14.7 5.0 2.5 2 1 2 4 4
3801.8 187.2 -31.1 137 0 8.0 11.2 5.0 2.5 2 1 2 3 3
3828.1 162.3 -31.4 136 0 7.4 14.2 5.0 2.5 2 1 2 4 4
3889.6 97.6 -32.2 136 0 7.7 17.5 5.0 0.0 0 1 2 5 5
3872.0 115.6 -32.0 136 0 7.3 9.6 5.0 2.5 4 1 2 5 5
3601.4 585.3 -28.5 1 0 8.0 10.7 2.5 2.5 2 1 1 1 1
3602.0 620.9 -27.3 1 0 8.0 9.4 2.5 2.5 4 1 1 3 3
3639.3 670.3 -28.1 181 0 7.5 9.2 2.5 2.5 2 1 1 5 5
3637.5 633.7 -28.0 181 0 7.1 9.5 2.5 2.5 2 0 1 0 0
3647.0 633.6 -27.9 181 0 7.2 6.4 2.5 2.5 4 0 1 3 3
3638.1 569.3 -27.7 180 0 8.2 13.3 2.5 2.5 2 1 1 4 4
3637.7 533.9 -28.2 181 0 7.9 15.1 2.5 2.5 2 1 1 3 3
3843.5 503.9 -27.5 98 0 7.8 8.9 2.5 2.5 4 1 1 2 2
3855.8 487.6 -28.6 90 0 7.5 14.9 2.5 0.0 0 1 1 0 0
3754.6 453.7 -29.8 270 0 8.0 12.5 5.0 2.5 2 1 2 5 5
3705.7 488.6 -29.0 87 0 9.5 12.5 2.5 0.0 0 1 1 2 2
3755.2 489.6 -28.8 93 0 8.9 14.9 2.5 2.5 2 1 1 1 1
3790.2 453.9 -30.3 273 0 8.1 10.1 5.0 2.5 2 1 2 3 3
3792.1 488.6 -28.8 93 0 7.5 15.3 2.5 2.5 2 1 1 3 3
3854.0 452.4 -32.4 273 0 7.6 13.5 5.0 2.5 2 1 2 1 1
3891.2 487.3 -28.6 93 0 8.0 9.3 2.5 2.5 2 1 1 2 2
3890.3 451.6 -32.4 273 0 6.9 13.0 5.0 2.5 2 1 2 0 0
3990.9 486.8 -28.4 93 0 8.1 9.0 2.5 2.5 2 1 1 5 5
3955.2 486.2 -28.4 93 0 8.9 12.4 2.5 2.5 2 1 1 2 2
3954.4 451.2 -31.0 273 0 8.1 21.6 5.0 2.5 2 1 2 4 4
3991.2 450.9 -30.2 273 0 7.9 17.3 5.0 2.5 2 1 2 5 5
3961.7 186.2 -30.8 26 0 11.0 15.8 5.0 2.5 2 1 2 2 2
4050.2 204.5 -32.2 180 0 8.3 15.4 5.0 2.5 2 1 2 0 0
4048.1 216.9 -31.9 180 0 8.0 12.1 5.0 2.5 2 1 2 3 3
4015.3 217.6 -31.0 0 0 7.7 10.1 5.0 2.5 2 1 2 2 2
4020.6 327.6 -30.1 0 0 8.0 10.1 5.0 2.5 2 1 2 1 1
4018.8 290.7 -30.4 0 0 14.0 20.4 5.0 2.5 2 1 2 0 0
4053.4 290.0 -31.4 180 0 10.7 9.2 5.0 2.5 2 0 2 3 3
4055.2 326.1 -31.3 180 0 9.8 19.2 5.0 2.5 2 1 2 0 0
4057.6 390.9 -31.4 180 0 9.5 15.1 5.0 2.5 2 1 2 5 5
4053.7 427.2 -31.3 180 0 8.3 14.2 5.0 2.5 2 1 2 1 1
4063.2 544.6 -32.3 180 0 7.4 8.0 5.0 2.5 2 1 2 5 5
4064.1 581.0 -32.2 180 0 8.0 7.7 5.0 0.0 0 0 2 5 5
4065.2 645.0 -31.8 180 0 8.6 14.8 5.0 2.5 2 1 2 4 4
4065.8 682.0 -31.5 180 0 8.9 9.8 5.0 2.5 2 1 2 0 0
4060.2 705.8 -31.6 180 0 13.7 6.5 5.0 2.5 2 0 2 0 0
