304.2 4416.4 -7.7 88 0 10.1 21.4 2.5 2.5 2 1 1 5 5
-5449.2 5234.9 -2.2 208 0 3.9 6.4 2.5 2.5 2 1 1 4 4
-5337.8 5107.6 -3.1 99 0 3.9 6.5 7.5 2.5 2 1 3 1 1
-5267.4 5081.8 -3.6 16 0 6.5 3.9 2.5 2.5 2 0 1 5 5
-5284.9 5086.9 -3.4 106 0 6.4 3.9 7.5 2.5 2 0 3 2 2
-5293.6 5199.1 -1.4 109 0 9.9 6.7 7.5 2.5 2 0 3 0 0
-4627.6 5148.7 -1.4 262 0 3.9 6.5 5.0 2.5 2 1 2 1 1
-4887.1 5100.7 2.2 176 0 3.9 6.4 2.5 2.5 2 1 1 0 0
-4992.2 5237.6 0.8 179 0 5.8 11.7 5.0 2.5 2 1 2 2 2
-3998.7 5259.2 -2.0 81 0 8.4 7.4 5.0 2.5 2 0 2 3 3
-3981.3 5271.0 -1.9 261 0 8.4 7.4 5.0 2.5 2 0 2 2 2
-3886.6 5210.7 1.6 351 0 7.4 8.4 2.5 2.5 2 1 1 0 0
-3880.0 5229.0 0.4 175 0 9.4 12.8 2.5 2.5 2 1 1 1 1
-3868.2 5201.1 1.7 265 0 9.8 29.1 2.5 0.0 0 1 1 4 4
-2877.7 -1379.8 0.7 157 0 7.5 13.3 2.5 2.5 2 1 1 5 5
-2133.3 5325.4 -1.4 96 0 4.8 6.5 7.5 2.5 2 1 3 2 2
