1762.0 3346.9 -9.7 343 0 36.7 125.5 5.0 0.0 0 1 2 0 0
1672.5 3422.2 -10.0 343 0 10.5 83.9 5.0 2.5 2 1 2 5 5
302.5 2597.3 -3.9 20 0 22.3 18.6 12.5 2.5 2 0 5 4 4
1681.4 3376.4 -9.0 342 0 20.6 43.8 5.0 2.5 2 1 2 2 2
1781.4 3295.7 -10.3 343 0 36.9 127.8 5.0 0.0 0 1 2 5 5
1785.5 3223.1 -10.4 343 0 38.3 126.4 5.0 0.0 0 1 2 2 2
645.9 3760.7 -8.9 215 0 48.5 21.6 2.5 2.5 2 0 1 0 0
577.4 3690.1 -8.7 122 0 19.7 46.8 2.5 2.5 2 1 1 2 2
614.9 3741.3 -9.3 215 0 8.9 48.3 2.5 2.5 2 1 1 3 3
492.3 3705.8 -9.4 109 0 14.6 32.0 5.0 2.5 2 1 2 1 1
484.8 3571.2 -2.9 103 0 9.4 53.3 2.5 2.5 2 1 1 3 3
913.3 3846.4 -10.8 304 0 13.5 17.7 2.5 2.5 2 1 1 0 0
-4269.6 -4497.1 3.3 78 0 11.9 27.0 2.5 2.5 2 1 1 5 5
-4301.8 -4463.5 5.5 167 0 12.2 25.6 2.5 2.5 2 1 1 5 5
-4304.8 -4465.0 3.9 348 0 11.9 26.0 2.5 0.0 0 1 1 2 2
-4344.8 -4478.8 2.1 169 0 17.5 12.9 2.5 2.5 2 0 1 4 4
-4331.6 -4512.2 -0.5 79 0 12.8 26.6 2.5 2.5 2 0 1 1 1
-4348.5 -4515.5 -1.1 169 0 12.5 10.7 2.5 2.5 2 0 1 4 4
-5108.5 -4656.2 -9.6 183 0 6.0 7.1 2.5 2.5 2 1 1 0 0
-5065.3 -4667.1 -8.2 265 0 5.9 7.2 2.5 2.5 2 1 1 5 5
-5044.7 -4678.5 -8.2 88 0 12.5 6.2 2.5 2.5 2 0 1 2 2
-5039.4 -4692.7 -5.7 85 0 5.9 7.2 2.5 2.5 2 1 1 5 5
-5040.9 -4743.3 1.9 265 0 8.5 9.1 5.0 2.5 2 1 2 4 4
-5087.8 -4757.1 5.7 264 0 11.3 13.6 5.0 2.5 2 1 2 4 4
-5148.7 -4730.4 3.8 83 0 14.7 13.6 5.0 2.5 2 0 2 1 1
1747.4 2846.7 -9.4 0 0 26.2 31.3 5.0 0.0 0 1 2 1 1
1711.3 2847.1 -8.9 0 0 26.2 31.3 5.0 0.0 0 1 2 2 2
1601.8 2846.0 -8.4 0 0 26.2 31.3 5.0 0.0 0 1 2 1 1
