-3637.8 1327.0 0.3 178 0 11.0 10.2 2.5 2.5 2 0 1 2 2
-3620.5 1295.1 0.1 88 0 9.7 26.2 2.5 2.5 2 1 1 0 0
-3560.8 1268.3 -0.7 260 0 42.1 10.1 2.5 2.5 2 0 1 1 1
-3579.4 1320.2 -2.2 84 0 7.5 11.2 2.5 2.5 2 1 1 0 0
-3590.0 1331.7 -2.2 265 0 7.3 10.9 2.5 0.0 0 1 1 3 3
-3598.1 1318.9 -1.3 77 0 6.7 9.2 2.5 2.5 2 1 1 2 2
-3610.7 1337.4 -1.3 262 0 9.0 10.1 2.5 2.5 2 1 1 3 3
-3607.4 1316.0 -0.8 83 0 8.4 7.5 2.5 2.5 2 0 1 5 5
-3599.9 1290.1 -0.9 89 0 9.3 23.8 2.5 2.5 2 1 1 2 2
-3582.3 1289.5 -1.8 88 0 18.4 10.8 2.5 2.5 2 0 1 1 1
-3560.8 1290.3 -2.0 87 0 18.1 10.5 2.5 2.5 2 0 1 2 2
-3537.9 1331.5 -2.6 350 0 10.0 9.2 2.5 0.0 0 0 1 2 2
-3550.5 1329.9 -2.4 353 0 11.3 23.4 2.5 2.5 2 1 1 1 1
