2695.7 -10.0 -2.1 209 0 9.4 8.2 5.0 2.5 2 0 2 2 2
2618.8 -98.9 -2.6 116 0 13.3 7.6 5.0 2.5 2 0 2 5 5
2622.5 -81.6 -2.3 209 0 13.0 8.4 5.0 2.5 2 0 2 5 5
2621.5 -10.6 -1.3 30 0 9.4 10.2 2.5 2.5 2 1 1 5 5
2609.1 -30.7 -1.3 31 0 24.8 8.4 2.5 2.5 2 0 1 5 5
2593.7 -26.8 -1.3 28 0 17.7 18.7 2.5 0.0 0 1 1 5 5
2575.5 -35.1 -1.3 29 0 7.1 17.7 2.5 2.5 2 1 1 2 2
2594.5 -73.4 -2.1 33 0 10.8 42.0 2.5 2.5 2 1 1 4 4
2540.1 -50.6 -1.0 210 0 10.2 15.0 2.5 2.5 2 1 1 3 3
2520.5 -54.4 -0.9 209 0 10.9 28.4 2.5 2.5 2 1 1 1 1
2514.4 -76.8 -1.1 209 0 25.9 14.4 2.5 0.0 0 0 1 1 1
2576.2 -149.0 -4.2 214 0 45.7 20.2 5.0 2.5 2 0 2 2 2
2619.1 -143.0 -3.5 304 0 12.4 22.4 5.0 2.5 2 1 2 4 4
2632.4 -121.2 -2.9 307 0 15.6 15.6 5.0 2.5 2 1 2 2 2
2650.8 -114.1 -2.2 35 0 10.5 7.4 5.0 2.5 2 0 2 1 1
2671.1 -87.2 -1.5 122 0 22.6 9.8 5.0 2.5 2 0 2 2 2
2708.9 -36.4 -1.9 27 0 9.0 10.9 5.0 2.5 2 1 2 2 2
2715.0 -50.2 -1.9 32 0 18.1 10.6 5.0 0.0 0 0 2 5 5
2701.7 -72.4 -1.7 33 0 9.8 11.6 5.0 2.5 4 1 2 1 1
2546.7 -33.3 -1.2 201 0 6.1 9.9 2.5 2.5 2 1 1 5 5
2538.5 -26.0 -1.3 201 0 6.1 9.9 2.5 2.5 2 1 1 5 5
2524.9 -6.4 -1.3 207 0 10.0 6.0 2.5 2.5 2 0 1 3 3
2555.5 1.1 -1.3 222 0 16.7 6.2 2.5 2.5 2 0 1 2 2
2581.0 24.3 -1.2 207 0 10.0 6.0 2.5 2.5 2 0 1 3 3
2587.3 38.5 -1.3 208 0 6.1 9.9 2.5 2.5 2 1 1 2 2
2601.4 46.9 -1.7 207 0 10.0 6.0 2.5 2.5 2 0 1 4 4
2615.3 40.5 -1.7 27 0 10.0 6.0 2.5 2.5 2 0 1 5 5
2630.1 33.9 -1.7 27 0 10.0 6.0 2.5 2.5 2 0 1 2 2
2640.3 27.2 -1.7 27 0 10.0 6.0 2.5 2.5 2 0 1 2 2
2653.7 44.6 -2.2 27 0 10.0 6.0 2.5 2.5 2 0 1 0 0
2588.0 60.9 -1.7 125 0 7.6 24.8 2.5 2.5 2 1 1 4 4
2660.9 70.6 -2.3 30 0 15.5 52.5 2.5 2.5 2 1 1 5 5
2599.7 101.0 0.1 297 0 6.0 10.0 2.5 2.5 2 1 1 4 4
2639.4 129.9 -1.2 207 0 10.0 6.0 2.5 2.5 2 0 1 3 3
2718.5 72.8 -4.2 213 0 16.5 9.8 5.0 2.5 2 0 2 3 3
2663.3 92.7 -2.5 27 0 10.0 6.0 2.5 2.5 2 0 1 2 2
2639.6 149.6 -0.7 210 0 6.1 10.0 2.5 2.5 2 1 1 1 1
2645.6 159.0 -0.6 210 0 6.1 10.0 2.5 0.0 0 1 1 2 2
2649.4 168.5 -0.4 210 0 6.1 10.0 2.5 2.5 2 1 1 0 0
2655.7 177.9 -0.3 210 0 6.1 9.9 2.5 2.5 2 1 1 2 2
2642.1 200.2 0.8 210 0 6.1 9.9 2.5 2.5 2 1 1 5 5
2664.0 212.1 0.5 210 0 6.1 9.9 2.5 2.5 2 1 1 0 0
2698.7 121.8 -2.9 30 0 6.1 9.9 2.5 2.5 2 1 1 2 2
2726.7 64.1 -3.9 209 0 9.4 8.2 5.0 2.5 2 0 2 3 3
2727.8 -50.6 -2.0 29 0 9.4 8.2 5.0 2.5 2 0 2 5 5
2821.3 68.0 -4.2 33 0 16.5 9.8 5.0 2.5 2 0 2 2 2
2755.2 159.4 -4.0 213 0 16.5 9.8 5.0 2.5 2 0 2 5 5
2793.8 197.9 -3.7 213 0 16.5 9.8 5.0 2.5 2 0 2 3 3
2767.1 178.8 -3.8 211 0 9.9 16.4 5.0 2.5 4 1 2 1 1
2819.3 154.7 -4.1 31 0 9.9 16.4 5.0 2.5 2 1 2 1 1
2794.4 231.2 -3.1 213 0 16.5 9.8 5.0 2.5 2 0 2 4 4
2834.9 228.9 -3.5 303 0 9.8 16.5 5.0 2.5 2 1 2 2 2
2812.1 265.0 -2.9 213 0 16.5 9.8 5.0 2.5 2 0 2 4 4
2777.6 267.1 -1.7 33 0 16.5 9.8 2.5 2.5 2 0 1 5 5
2728.0 170.2 -2.4 29 0 9.8 28.7 2.5 2.5 2 1 1 2 2
2752.3 221.5 -2.0 29 0 9.8 28.7 2.5 2.5 2 1 1 1 1
2660.7 262.1 2.1 209 0 12.9 10.0 2.5 2.5 2 0 1 0 0
2786.3 305.0 -1.0 31 0 9.9 16.4 2.5 0.0 0 1 1 4 4
2817.2 301.3 -2.3 31 0 9.9 16.4 2.5 2.5 2 1 1 5 5
2765.5 345.5 0.9 31 0 9.9 16.4 2.5 2.5 2 1 1 4 4
2822.4 326.8 -1.8 302 0 8.1 6.5 2.5 0.0 0 0 1 1 1
2840.3 345.4 -1.6 32 0 6.6 8.1 5.0 0.0 0 1 2 1 1
2846.4 361.7 -1.5 32 0 6.5 8.1 5.0 2.5 2 1 2 0 0
2855.2 379.2 -1.5 302 0 8.1 6.6 5.0 2.5 2 0 2 5 5
2839.8 390.9 -1.2 302 0 8.1 6.6 5.0 2.5 2 0 2 4 4
2816.4 359.6 -1.0 212 0 6.5 8.1 5.0 2.5 2 1 2 1 1
2827.3 392.2 -1.1 32 0 6.5 8.1 2.5 0.0 0 1 1 5 5
2819.1 378.4 -1.0 32 0 6.6 8.1 2.5 2.5 2 1 1 1 1
2810.5 362.4 -0.8 32 0 6.5 8.1 2.5 0.0 0 1 1 0 0
2804.1 354.4 -0.8 32 0 6.5 8.1 2.5 2.5 2 1 1 0 0
2806.2 406.0 -0.9 212 0 6.6 8.1 2.5 2.5 2 1 1 3 3
2799.1 394.6 -0.8 212 0 6.6 8.1 2.5 2.5 2 1 1 2 2
2792.4 383.2 -0.7 212 0 6.5 8.1 2.5 2.5 2 1 1 5 5
2786.9 374.7 -0.6 212 0 6.5 8.1 2.5 2.5 2 1 1 3 3
2780.6 364.9 -0.2 212 0 6.5 8.1 2.5 0.0 0 1 1 0 0
2798.2 344.0 -0.6 32 0 6.5 8.1 2.5 2.5 4 1 1 5 5
2798.6 414.8 -0.7 302 0 8.1 6.6 2.5 2.5 2 0 1 1 1
2789.4 392.0 -0.5 32 0 6.5 8.1 2.5 2.5 2 1 1 0 0
2781.6 380.1 -0.1 32 0 6.5 8.1 2.5 2.5 2 1 1 4 4
2773.2 367.7 0.5 32 0 6.6 8.1 2.5 2.5 4 1 1 1 1
2768.3 358.3 0.8 32 0 6.5 8.1 2.5 2.5 2 1 1 3 3
2734.3 313.8 1.3 122 0 8.1 6.6 2.5 2.5 2 0 1 5 5
2782.1 423.1 -0.4 302 0 8.1 6.5 2.5 2.5 2 0 1 3 3
2750.6 442.2 0.4 302 0 8.1 6.6 2.5 2.5 2 0 1 3 3
2718.4 457.5 1.5 302 0 8.1 6.5 2.5 2.5 2 0 1 5 5
2707.3 462.3 1.8 302 0 8.1 6.5 2.5 2.5 2 0 1 1 1
2693.7 473.3 2.1 302 0 8.1 6.5 2.5 0.0 0 0 1 2 2
2680.2 480.2 2.5 302 0 8.1 6.5 2.5 2.5 2 0 1 2 2
2650.8 491.4 3.4 302 0 8.1 6.6 2.5 0.0 0 0 1 2 2
2638.4 498.1 3.7 302 0 8.1 6.5 2.5 2.5 2 0 1 5 5
2629.3 507.2 3.8 302 0 8.1 6.5 2.5 2.5 2 0 1 0 0
2615.7 504.9 4.2 122 0 8.1 6.5 2.5 0.0 0 0 1 0 0
2664.9 483.1 3.0 298 0 6.3 7.9 2.5 2.5 4 1 1 5 5
2658.5 513.0 2.1 122 0 8.1 6.5 5.0 2.5 2 0 2 4 4
2674.0 524.6 1.2 212 0 6.5 8.1 5.0 2.5 2 1 2 1 1
2683.3 503.8 1.4 122 0 8.1 6.6 5.0 2.5 2 0 2 4 4
2701.3 494.2 0.9 122 0 8.1 6.5 5.0 0.0 0 0 2 5 5
2712.5 487.2 0.6 122 0 8.1 6.5 5.0 0.0 0 0 2 5 5
2725.1 470.2 0.6 122 0 8.1 6.6 5.0 2.5 2 0 2 0 0
2730.2 478.6 0.1 122 0 8.1 6.6 5.0 2.5 2 0 2 1 1
2735.1 485.8 -0.1 122 0 8.1 6.5 5.0 2.5 2 0 2 3 3
2737.7 461.9 0.3 122 0 8.1 6.6 5.0 2.5 2 0 2 1 1
2766.9 446.1 -0.3 122 0 8.1 6.6 5.0 2.5 2 0 2 0 0
2750.7 457.6 0.2 122 0 8.1 6.5 5.0 2.5 2 0 2 3 3
2777.0 440.7 -0.4 122 0 8.1 6.6 5.0 2.5 4 0 2 3 3
2803.0 421.8 -0.8 122 0 8.1 6.5 5.0 2.5 2 0 2 1 1
2814.2 433.4 -0.7 32 0 6.5 8.1 5.0 2.5 2 1 2 5 5
2827.3 407.6 -1.0 122 0 8.1 6.6 2.5 2.5 2 0 1 2 2
2838.6 417.7 -0.9 122 0 8.1 6.5 5.0 2.5 2 0 2 0 0
2844.4 396.3 -1.2 122 0 8.1 6.5 2.5 2.5 2 0 1 0 0
2864.8 393.3 -1.3 302 0 8.1 6.6 2.5 0.0 0 0 1 2 2
2870.3 403.0 -1.3 122 0 8.1 6.6 5.0 0.0 0 0 2 4 4
2855.6 410.7 -1.1 122 0 8.1 6.5 5.0 2.5 2 0 2 4 4
2823.2 445.5 -0.7 32 0 6.5 8.1 5.0 2.5 2 1 2 0 0
2812.8 450.1 -0.5 32 0 6.5 8.1 5.0 2.5 2 1 2 2 2
2842.7 466.2 -0.5 212 0 6.6 8.1 5.0 0.0 0 1 2 2 2
2863.2 454.1 -0.9 301 0 26.7 22.3 5.0 0.0 0 0 2 3 3
2828.8 471.1 -0.6 32 0 6.6 8.1 5.0 2.5 2 1 2 5 5
2810.9 477.7 -0.7 32 0 6.5 8.1 5.0 2.5 2 1 2 4 4
2814.1 495.1 -0.8 302 0 8.1 6.6 5.0 2.5 2 0 2 4 4
2826.5 485.0 -0.7 32 0 6.6 8.1 5.0 2.5 2 1 2 3 3
2840.6 490.5 -0.8 21 0 6.6 8.1 5.0 2.5 2 1 2 1 1
2834.7 480.2 -0.7 32 0 6.5 8.1 5.0 2.5 4 1 2 4 4
2842.5 502.5 -0.9 32 0 6.5 8.1 5.0 2.5 4 1 2 3 3
2815.8 503.8 -0.9 302 0 8.1 6.5 5.0 2.5 4 0 2 2 2
2819.3 514.2 -1.0 302 0 8.1 6.5 5.0 2.5 2 0 2 1 1
2802.7 521.8 -1.1 302 0 8.1 6.6 5.0 2.5 2 0 2 0 0
2791.8 523.1 -1.0 302 0 8.1 6.6 5.0 2.5 2 0 2 2 2
2782.8 526.5 -1.0 302 0 8.1 6.5 5.0 2.5 2 0 2 1 1
2767.4 528.4 -0.9 302 0 8.1 6.6 5.0 2.5 2 0 2 5 5
2734.8 535.4 -0.7 302 0 8.1 6.5 5.0 2.5 2 0 2 3 3
2720.9 544.1 -0.8 280 0 8.1 6.6 5.0 2.5 2 0 2 5 5
2708.1 545.5 -0.7 280 0 8.0 6.6 5.0 2.5 2 0 2 2 2
2696.2 548.2 -0.5 280 0 8.1 6.6 5.0 2.5 2 0 2 5 5
2675.2 550.6 -0.1 280 0 8.0 6.6 5.0 2.5 2 0 2 1 1
2632.3 577.1 2.5 100 0 8.1 6.6 5.0 2.5 4 0 2 0 0
2641.7 574.4 1.6 100 0 8.1 6.6 5.0 2.5 2 0 2 5 5
2616.3 547.5 3.9 280 0 8.1 6.6 5.0 2.5 4 0 2 2 2
2585.8 558.2 5.5 280 0 8.1 6.6 5.0 2.5 2 0 2 2 2
2615.7 602.2 3.6 190 0 6.6 8.1 5.0 0.0 0 1 2 4 4
2621.9 614.4 3.2 190 0 6.6 8.1 5.0 2.5 2 1 2 5 5
2664.2 569.0 0.6 100 0 8.1 6.6 5.0 2.5 2 0 2 1 1
2685.7 561.3 -0.2 103 0 6.6 11.5 5.0 2.5 2 1 2 1 1
2695.8 557.6 -0.4 103 0 6.6 11.5 5.0 2.5 2 1 2 4 4
2707.2 555.1 -0.6 103 0 6.6 11.5 5.0 0.0 0 1 2 5 5
2734.0 551.2 -0.7 103 0 6.6 11.5 5.0 2.5 2 1 2 3 3
2755.1 542.1 -0.9 103 0 6.6 11.5 5.0 2.5 2 1 2 3 3
2764.7 541.2 -0.9 103 0 6.6 11.5 5.0 0.0 0 1 2 4 4
2773.3 538.9 -0.9 103 0 6.6 11.5 5.0 2.5 2 1 2 2 2
2806.8 528.9 -1.2 109 0 11.5 6.6 5.0 2.5 2 0 2 0 0
2835.1 537.4 -1.2 19 0 6.6 11.5 5.0 2.5 2 1 2 3 3
2843.9 551.7 -1.1 19 0 6.6 11.5 5.0 2.5 2 1 2 5 5
2852.6 568.0 -0.9 19 0 6.6 11.5 5.0 2.5 2 1 2 0 0
2845.3 485.7 -0.7 201 0 6.6 8.1 2.5 2.5 4 1 1 1 1
2849.2 497.0 -0.9 201 0 6.6 8.1 2.5 2.5 2 1 1 1 1
2874.7 488.5 -1.2 22 0 7.9 6.5 2.5 2.5 2 0 1 3 3
2869.0 475.4 -1.0 21 0 7.9 6.5 2.5 2.5 2 0 1 2 2
2877.7 503.7 -1.4 108 0 6.3 7.9 2.5 2.5 2 1 1 1 1
2893.1 440.8 -1.3 23 0 6.6 8.1 5.0 2.5 2 1 2 0 0
2903.6 452.2 -1.5 23 0 6.6 8.1 5.0 2.5 2 1 2 2 2
2908.5 479.3 -1.8 293 0 8.1 6.6 5.0 2.5 2 0 2 3 3
2895.0 484.4 -1.6 293 0 8.1 6.6 5.0 2.5 2 0 2 1 1
2913.9 440.7 -1.8 203 0 6.6 8.1 5.0 2.5 2 1 2 3 3
2909.6 425.8 -1.7 203 0 6.6 8.1 5.0 2.5 2 1 2 2 2
2905.4 403.8 -1.6 113 0 8.1 6.6 5.0 2.5 2 0 2 2 2
2898.1 386.8 -1.5 293 0 8.1 6.6 5.0 2.5 4 0 2 2 2
2882.7 371.5 -1.6 203 0 6.6 8.1 5.0 2.5 2 1 2 4 4
2901.2 371.0 -1.6 293 0 8.1 6.6 5.0 2.5 2 0 2 5 5
2873.5 372.6 -1.6 203 0 6.6 8.1 5.0 2.5 2 1 2 4 4
2885.6 393.3 -1.5 203 0 6.6 8.1 5.0 2.5 2 1 2 0 0
2932.0 367.3 -1.7 300 0 8.1 6.6 5.0 2.5 2 0 2 2 2
2925.9 362.6 -1.7 300 0 8.1 6.5 5.0 2.5 2 0 2 5 5
2950.8 356.7 -1.7 300 0 8.1 6.6 5.0 2.5 2 0 2 2 2
2964.0 374.5 -2.3 120 0 8.1 6.6 5.0 2.5 4 0 2 5 5
2931.4 401.5 -2.0 120 0 8.1 6.6 5.0 2.5 2 0 2 1 1
2977.9 337.2 -1.8 300 0 8.1 6.6 5.0 2.5 2 0 2 0 0
2992.2 374.9 -2.9 120 0 8.1 6.5 5.0 2.5 2 0 2 5 5
2968.7 307.0 -2.1 120 0 8.1 6.6 5.0 2.5 2 0 2 0 0
2977.3 319.7 -1.9 300 0 8.1 6.6 5.0 2.5 2 0 2 3 3
2985.9 327.1 -1.9 300 0 8.1 6.5 5.0 2.5 2 0 2 2 2
3010.0 312.1 -2.0 300 0 8.1 6.6 5.0 2.5 2 0 2 1 1
3018.5 303.0 -2.0 300 0 8.1 6.5 5.0 2.5 2 0 2 3 3
2992.2 353.9 -2.4 127 0 18.7 7.0 5.0 2.5 2 0 2 5 5
3031.7 275.3 -2.3 217 0 7.0 18.7 2.5 2.5 2 1 1 4 4
3128.0 414.1 -1.3 37 0 7.0 18.7 5.0 2.5 2 1 2 5 5
3141.9 430.7 -1.1 37 0 7.0 18.7 5.0 0.0 0 1 2 2 2
3151.1 459.5 -1.1 307 0 18.7 7.0 5.0 2.5 2 0 2 5 5
3052.6 353.4 -3.0 30 0 6.6 8.1 5.0 2.5 2 1 2 0 0
3077.1 365.0 -2.4 30 0 6.5 8.1 5.0 2.5 2 1 2 5 5
3099.8 391.0 -2.1 30 0 6.6 8.1 5.0 0.0 0 1 2 2 2
3033.6 418.4 -2.6 30 0 6.6 8.1 5.0 2.5 2 1 2 2 2
3010.1 242.1 -3.3 210 0 6.5 8.1 2.5 2.5 4 1 1 4 4
3042.5 244.9 -2.7 30 0 6.6 8.1 2.5 2.5 2 1 1 1 1
2963.1 193.6 -4.1 210 0 6.6 8.1 2.5 2.5 2 1 1 1 1
2950.1 178.3 -4.0 120 0 8.1 6.6 2.5 2.5 2 0 1 1 1
2928.2 445.1 -2.1 210 0 6.6 8.1 5.0 2.5 2 1 2 3 3
2921.7 458.7 -2.0 210 0 6.6 8.1 5.0 2.5 2 1 2 1 1
2920.4 470.4 -2.1 210 0 6.6 8.1 5.0 2.5 2 1 2 3 3
2931.6 465.7 -2.2 210 0 6.6 8.1 5.0 2.5 2 1 2 5 5
2922.6 480.6 -2.1 210 0 6.5 8.1 5.0 2.5 2 1 2 4 4
2933.7 477.0 -2.2 210 0 6.6 8.1 5.0 2.5 2 1 2 2 2
2930.7 496.0 -2.1 210 0 6.6 8.1 5.0 2.5 2 1 2 3 3
2942.5 503.8 -2.1 202 0 9.9 15.2 5.0 2.5 2 1 2 5 5
2942.2 516.1 -1.9 210 0 6.5 8.1 5.0 2.5 2 1 2 4 4
2941.7 525.8 -1.8 210 0 6.6 8.1 5.0 2.5 2 1 2 3 3
2949.6 539.3 -1.6 210 0 6.6 8.1 5.0 2.5 2 1 2 4 4
2965.8 562.0 -1.5 289 0 18.1 10.1 5.0 2.5 2 0 2 5 5
2993.8 500.5 -1.6 300 0 8.1 6.5 5.0 2.5 2 0 2 1 1
3005.2 491.8 -1.6 300 0 8.1 6.6 5.0 0.0 0 0 2 1 1
3054.0 505.5 -1.3 300 0 8.1 6.6 5.0 2.5 4 0 2 5 5
3081.0 527.9 -1.3 120 0 8.1 6.6 5.0 2.5 2 0 2 4 4
3128.4 500.2 -1.0 120 0 8.1 6.6 5.0 0.0 0 0 2 0 0
3151.0 482.1 -0.9 120 0 8.1 6.6 5.0 2.5 2 0 2 4 4
3194.0 526.0 0.7 210 0 6.6 8.1 5.0 2.5 2 1 2 3 3
3163.9 422.3 -0.4 210 0 6.6 8.1 2.5 2.5 2 1 1 4 4
3141.0 392.2 -0.6 210 0 6.6 8.1 2.5 2.5 2 1 1 5 5
3121.6 382.4 -1.1 210 0 6.5 8.1 2.5 2.5 2 1 1 2 2
3111.1 345.5 -0.4 210 0 6.6 8.1 2.5 2.5 2 1 1 0 0
3129.6 332.0 0.3 30 0 6.6 8.1 2.5 2.5 2 1 1 4 4
3100.3 318.5 -0.0 210 0 6.6 8.1 2.5 2.5 2 1 1 0 0
3091.5 382.4 -2.4 30 0 6.6 8.1 5.0 2.5 4 1 2 0 0
3082.4 319.4 -0.8 223 0 22.1 9.1 2.5 2.5 2 0 1 4 4
3100.2 289.7 0.6 133 0 9.1 22.1 2.5 2.5 2 1 1 4 4
3228.6 540.4 1.1 30 0 6.5 8.1 5.0 2.5 2 1 2 1 1
3236.1 553.2 1.1 30 0 6.5 8.1 5.0 2.5 2 1 2 4 4
3239.0 507.3 0.8 210 0 6.6 8.1 5.0 2.5 2 1 2 4 4
3247.8 519.1 1.0 210 0 6.6 8.1 5.0 2.5 2 1 2 1 1
3261.2 557.0 1.1 210 0 6.6 8.1 5.0 2.5 2 1 2 1 1
3265.5 573.6 0.7 210 0 6.6 8.1 5.0 2.5 2 1 2 2 2
3278.8 584.2 0.6 210 0 6.5 8.1 5.0 2.5 2 1 2 4 4
3271.4 622.2 0.5 175 0 6.6 8.1 5.0 2.5 2 1 2 3 3
3259.9 620.1 1.1 355 0 6.6 8.1 5.0 2.5 2 1 2 0 0
3300.1 435.3 2.8 85 0 8.1 6.6 7.5 2.5 2 0 3 5 5
2911.4 487.6 -1.9 113 0 8.1 6.6 2.5 2.5 2 0 1 1 1
2921.1 502.5 -1.9 23 0 6.6 8.1 2.5 2.5 2 1 1 5 5
2922.8 519.8 -1.9 293 0 8.1 6.6 2.5 2.5 2 0 1 4 4
2908.0 529.1 -1.7 293 0 8.1 6.6 2.5 2.5 2 0 1 3 3
2898.1 507.5 -1.7 113 0 8.1 6.6 2.5 2.5 2 0 1 0 0
2893.6 494.0 -1.7 113 0 8.1 6.6 2.5 2.5 2 0 1 4 4
2859.9 507.9 -1.1 113 0 8.1 6.6 2.5 2.5 2 0 1 3 3
2861.9 525.5 -1.3 203 0 6.6 8.1 2.5 2.5 2 1 1 0 0
2873.3 541.3 -1.5 293 0 8.1 6.6 2.5 2.5 2 0 1 3 3
2879.3 550.3 -1.5 113 0 8.1 6.6 5.0 2.5 2 0 2 1 1
2887.6 572.2 -1.3 293 0 8.1 6.6 5.0 2.5 2 0 2 4 4
2903.7 561.9 -1.4 23 0 6.6 8.1 5.0 2.5 2 1 2 3 3
2897.5 545.8 -1.6 23 0 6.6 8.1 5.0 2.5 2 1 2 3 3
2887.1 587.6 -1.2 203 0 6.6 8.1 2.5 2.5 2 1 1 4 4
2910.0 577.5 -1.2 23 0 6.6 8.1 2.5 2.5 2 1 1 0 0
2896.0 605.1 -1.0 203 0 6.6 8.1 2.5 2.5 2 1 1 4 4
2915.0 597.1 -1.1 23 0 6.6 8.1 2.5 2.5 2 1 1 3 3
2907.7 544.3 -1.6 203 0 6.6 8.1 5.0 2.5 2 1 2 5 5
2924.8 533.4 -1.7 113 0 8.1 6.6 5.0 2.5 2 0 2 2 2
2937.5 549.9 -1.5 23 0 6.6 8.1 5.0 2.5 2 1 2 5 5
2942.6 563.8 -1.5 23 0 6.6 8.1 5.0 2.5 2 1 2 0 0
2917.5 573.8 -1.4 203 0 6.6 8.1 5.0 2.5 2 1 2 3 3
2946.8 575.3 -1.5 23 0 6.6 8.1 5.0 2.5 2 1 2 2 2
2950.6 586.9 -1.5 23 0 6.6 8.1 5.0 2.5 2 1 2 0 0
2932.4 592.5 -1.4 203 0 6.6 8.1 5.0 2.5 4 1 2 5 5
2923.1 595.1 -1.3 203 0 6.6 8.1 5.0 2.5 2 1 2 1 1
2927.0 606.1 -1.3 203 0 6.6 8.1 5.0 2.5 2 1 2 4 4
2932.3 621.0 -1.4 203 0 6.6 8.1 5.0 2.5 2 1 2 0 0
2959.0 610.6 -1.6 23 0 6.6 8.1 5.0 2.5 2 1 2 0 0
2922.3 612.1 -1.2 23 0 6.6 8.1 2.5 2.5 2 1 1 3 3
2905.1 615.9 -1.1 113 0 8.1 6.6 2.5 2.5 2 0 1 2 2
2858.7 595.8 -0.9 113 0 8.1 6.6 2.5 2.5 2 0 1 5 5
2843.0 601.6 -0.2 113 0 8.1 6.6 2.5 2.5 2 0 1 0 0
2830.8 594.1 0.0 293 0 8.1 6.6 5.0 2.5 2 0 2 4 4
2735.0 579.4 0.2 203 0 6.6 8.1 5.0 2.5 4 1 2 0 0
2734.2 595.5 1.1 23 0 6.6 8.1 5.0 2.5 2 1 2 0 0
2740.1 604.6 1.5 23 0 6.6 8.1 5.0 0.0 0 1 2 3 3
2754.9 611.2 1.5 203 0 6.6 8.1 5.0 2.5 2 1 2 0 0
2756.7 637.1 3.0 23 0 6.6 8.1 5.0 2.5 4 1 2 2 2
2716.8 668.2 2.8 293 0 8.1 6.6 5.0 2.5 2 0 2 3 3
2707.2 675.4 2.7 293 0 8.1 6.6 5.0 2.5 2 0 2 1 1
2693.9 684.3 2.6 293 0 8.1 6.6 5.0 2.5 2 0 2 1 1
2681.8 691.7 2.5 293 0 8.1 6.6 5.0 2.5 2 0 2 5 5
2668.6 699.9 2.4 293 0 8.1 6.6 5.0 2.5 2 0 2 5 5
2659.4 709.9 2.3 301 0 6.5 8.1 5.0 2.5 2 1 2 5 5
2635.6 688.7 2.0 203 0 6.6 8.1 5.0 2.5 4 1 2 3 3
2656.0 726.1 2.0 121 0 6.5 8.1 2.5 2.5 2 1 1 2 2
2665.5 719.7 2.1 121 0 6.5 8.1 2.5 0.0 0 1 1 3 3
2678.4 711.6 2.3 121 0 6.5 8.1 2.5 2.5 2 1 1 3 3
2687.5 704.3 2.4 121 0 6.5 8.1 2.5 2.5 2 1 1 3 3
2698.5 698.3 2.5 121 0 6.5 8.1 2.5 2.5 2 1 1 3 3
2622.7 756.8 3.8 31 0 8.1 6.5 7.5 2.5 2 0 3 0 0
2662.7 751.4 1.8 211 0 8.1 6.5 2.5 2.5 2 0 1 5 5
2718.8 683.4 2.7 121 0 6.5 8.1 2.5 2.5 2 1 1 5 5
2742.5 666.8 3.0 121 0 6.5 8.1 2.5 2.5 2 1 1 4 4
2754.9 657.0 3.2 121 0 6.5 8.1 2.5 2.5 2 1 1 1 1
2775.2 644.7 2.7 121 0 6.3 7.9 2.5 0.0 0 1 1 5 5
2885.8 608.6 -0.9 35 0 7.9 6.5 2.5 2.5 2 0 1 2 2
2891.9 617.8 -0.9 35 0 7.9 6.5 2.5 2.5 2 0 1 0 0
2894.8 629.6 -1.0 121 0 6.5 8.1 2.5 2.5 2 1 1 1 1
2905.2 647.4 -1.1 301 0 6.5 8.1 2.5 2.5 2 1 1 4 4
2926.7 625.6 -1.3 31 0 8.1 6.5 2.5 0.0 0 0 1 3 3
2918.0 628.4 -1.2 31 0 8.1 6.5 2.5 2.5 2 0 1 4 4
2934.6 640.7 -1.4 31 0 8.1 6.5 2.5 0.0 0 0 1 1 1
2949.2 628.9 -1.5 211 0 8.1 6.5 5.0 2.5 4 0 2 5 5
2951.2 642.1 -1.5 215 0 8.1 6.5 5.0 2.5 2 0 2 1 1
2946.0 655.7 -1.5 203 0 6.6 8.1 5.0 2.5 2 1 2 0 0
2950.7 667.7 -1.6 203 0 6.6 8.1 5.0 2.5 4 1 2 0 0
2955.6 679.6 -1.7 203 0 6.6 8.1 5.0 2.5 2 1 2 2 2
2960.8 688.8 -1.7 203 0 6.6 8.1 5.0 2.5 4 1 2 3 3
2930.8 663.0 -1.5 203 0 6.6 8.1 2.5 2.5 2 1 1 5 5
2944.0 670.3 -1.6 23 0 6.6 8.1 2.5 2.5 2 1 1 5 5
2949.2 682.0 -1.8 23 0 6.6 8.1 2.5 2.5 2 1 1 4 4
2945.9 698.0 -1.9 203 0 6.6 8.1 2.5 2.5 2 1 1 3 3
2959.2 704.9 -2.1 23 0 6.6 8.1 2.5 0.0 0 1 1 4 4
2963.6 717.8 -2.1 23 0 6.6 8.1 2.5 2.5 2 1 1 3 3
2969.7 730.0 -2.1 23 0 6.6 8.1 2.5 2.5 2 1 1 1 1
2974.5 742.2 -2.1 23 0 6.6 8.1 2.5 2.5 2 1 1 1 1
2970.3 754.9 -2.1 203 0 6.6 8.1 2.5 0.0 0 1 1 3 3
2982.9 761.0 -2.0 23 0 6.6 8.1 2.5 2.5 2 1 1 2 2
2987.5 771.5 -1.9 23 0 6.6 8.1 2.5 2.5 2 1 1 1 1
2983.7 787.3 -1.7 203 0 6.6 8.1 2.5 2.5 2 1 1 2 2
2966.4 701.4 -1.7 203 0 6.6 8.1 5.0 2.5 2 1 2 1 1
2971.0 714.0 -1.7 203 0 6.6 8.1 5.0 2.5 2 1 2 5 5
2977.6 726.8 -1.7 203 0 6.6 8.1 5.0 2.5 2 1 2 0 0
2985.9 741.7 -1.7 203 0 6.6 8.1 5.0 2.5 2 1 2 0 0
2989.7 753.1 -1.6 203 0 6.6 8.1 5.0 2.5 2 1 2 5 5
3011.2 747.6 -1.3 23 0 6.6 8.1 5.0 2.5 2 1 2 3 3
3004.7 729.3 -1.4 23 0 6.6 8.1 5.0 2.5 2 1 2 4 4
2998.0 713.4 -1.4 23 0 6.6 8.1 5.0 2.5 2 1 2 0 0
2991.6 691.5 -1.3 23 0 6.6 8.1 5.0 2.5 2 1 2 1 1
2984.9 679.3 -1.3 23 0 6.6 8.1 5.0 2.5 2 1 2 1 1
2976.1 655.2 -1.3 23 0 6.6 8.1 5.0 2.5 2 1 2 0 0
2913.1 661.3 -1.3 23 0 6.6 8.1 2.5 2.5 2 1 1 0 0
2919.6 679.9 -1.6 113 0 8.1 6.6 5.0 2.5 2 0 2 4 4
2931.3 692.7 -1.8 23 0 6.6 8.1 5.0 2.5 2 1 2 0 0
2935.8 704.5 -2.0 23 0 6.6 8.1 5.0 2.5 2 1 2 3 3
2946.4 724.9 -2.3 23 0 6.6 8.1 5.0 2.5 2 1 2 4 4
2956.7 746.8 -2.3 23 0 6.6 8.1 5.0 2.5 2 1 2 5 5
2961.4 757.8 -2.2 23 0 6.6 8.1 5.0 2.5 2 1 2 5 5
2964.9 769.6 -1.9 23 0 6.6 8.1 5.0 2.5 2 1 2 0 0
2979.3 551.5 -1.5 293 0 8.1 6.6 5.0 2.5 2 0 2 1 1
2966.1 583.8 -1.6 199 0 10.1 18.1 5.0 2.5 4 1 2 5 5
2975.3 611.5 -1.6 203 0 6.6 8.1 5.0 2.5 4 1 2 0 0
2980.4 625.2 -1.3 203 0 6.6 8.1 5.0 2.5 2 1 2 3 3
2996.0 661.4 -0.4 203 0 6.6 8.1 5.0 0.0 0 1 2 3 3
3004.5 697.4 -0.7 203 0 6.6 8.1 5.0 2.5 2 1 2 1 1
3012.1 710.4 -0.5 203 0 6.6 8.1 5.0 2.5 2 1 2 4 4
3018.8 725.9 -0.5 203 0 6.6 8.1 5.0 2.5 4 1 2 1 1
3022.2 738.8 -0.6 203 0 6.6 8.1 5.0 2.5 2 1 2 0 0
3025.1 752.5 -0.7 203 0 6.6 8.1 5.0 2.5 2 1 2 1 1
3043.4 796.0 -0.6 203 0 6.6 8.1 5.0 0.0 0 1 2 4 4
3048.4 819.2 -0.8 203 0 6.6 8.1 5.0 2.5 2 1 2 2 2
3055.6 837.4 -0.3 203 0 6.6 8.1 5.0 2.5 4 1 2 1 1
3005.6 634.9 -0.7 203 0 6.6 8.1 5.0 2.5 2 1 2 5 5
2996.8 777.5 -1.5 203 0 6.6 8.1 5.0 2.5 2 1 2 4 4
3001.9 786.8 -1.5 203 0 6.6 8.1 5.0 0.0 0 1 2 2 2
3005.4 798.0 -1.6 203 0 6.6 8.1 5.0 2.5 2 1 2 4 4
3014.0 820.2 -1.7 203 0 6.6 8.1 5.0 2.5 2 1 2 4 4
3032.6 812.7 -1.5 23 0 6.6 8.1 5.0 2.5 2 1 2 5 5
3027.4 800.8 -1.5 23 0 6.6 8.1 5.0 0.0 0 1 2 2 2
3023.3 791.9 -1.4 23 0 6.6 8.1 5.0 2.5 4 1 2 1 1
3019.2 779.5 -1.3 23 0 6.6 8.1 5.0 2.5 2 1 2 2 2
3009.5 767.4 -1.3 113 0 8.1 6.6 5.0 2.5 2 0 2 1 1
2999.8 804.8 -1.6 23 0 6.6 8.1 5.0 2.5 2 1 2 5 5
3008.2 822.8 -1.7 23 0 6.6 8.1 5.0 0.0 0 1 2 4 4
3012.3 836.5 -1.5 23 0 6.6 8.1 5.0 2.5 2 1 2 1 1
2987.8 647.8 -0.8 199 0 10.1 18.1 5.0 2.5 2 1 2 3 3
3033.0 769.4 -0.7 199 0 10.1 18.1 5.0 2.5 2 1 2 2 2
3036.4 783.9 -0.8 199 0 10.1 18.1 5.0 2.5 2 1 2 2 2
3027.5 844.5 -1.1 111 0 29.0 9.9 5.0 2.5 2 0 2 0 0
3047.6 860.0 -0.8 23 0 6.6 8.1 5.0 2.5 2 1 2 4 4
3055.2 887.3 -1.2 23 0 6.6 8.1 5.0 2.5 2 1 2 4 4
3067.4 926.1 -1.7 23 0 6.6 8.1 5.0 2.5 2 1 2 5 5
3080.5 881.3 1.5 203 0 6.6 8.1 5.0 2.5 2 1 2 1 1
3086.3 914.9 0.2 203 0 6.6 8.1 5.0 2.5 2 1 2 5 5
3092.5 938.3 0.8 203 0 6.6 8.1 5.0 2.5 2 1 2 5 5
3099.7 979.8 0.8 203 0 6.6 8.1 5.0 2.5 2 1 2 3 3
3108.9 955.2 0.8 203 0 6.6 8.1 5.0 2.5 2 1 2 4 4
3129.3 946.0 1.7 23 0 6.6 8.1 5.0 2.5 2 1 2 3 3
3076.8 956.7 -0.6 23 0 6.6 8.1 5.0 2.5 2 1 2 0 0
3112.1 828.9 5.0 113 0 8.1 6.6 5.0 2.5 2 0 2 2 2
2975.8 806.3 -1.6 293 0 8.1 6.6 5.0 2.5 2 0 2 5 5
2966.3 814.7 -1.5 293 0 8.1 6.6 5.0 2.5 2 0 2 5 5
2957.9 820.4 -1.5 293 0 8.1 6.6 5.0 2.5 2 0 2 3 3
2943.8 828.7 -1.1 312 0 8.1 6.5 5.0 2.5 4 0 2 4 4
2933.9 840.6 -0.5 312 0 8.1 6.5 5.0 2.5 2 0 2 2 2
2919.9 843.7 -0.2 312 0 8.1 6.5 5.0 2.5 2 0 2 5 5
2905.3 862.5 0.8 312 0 8.1 6.5 5.0 2.5 2 0 2 3 3
2896.0 870.4 1.3 312 0 8.1 6.5 5.0 2.5 2 0 2 3 3
2889.0 876.9 1.7 312 0 8.1 6.5 5.0 2.5 2 0 2 1 1
2878.8 884.3 2.1 312 0 8.1 6.5 5.0 0.0 0 0 2 2 2
2912.8 874.8 1.4 132 0 8.1 6.5 5.0 2.5 2 0 2 3 3
2921.4 864.7 0.8 132 0 8.1 6.5 5.0 2.5 2 0 2 1 1
2930.6 855.3 0.3 132 0 8.1 6.5 5.0 0.0 0 0 2 4 4
2946.4 841.0 -0.5 132 0 8.1 6.5 5.0 2.5 2 0 2 3 3
2954.3 833.7 -0.9 126 0 6.5 8.1 5.0 2.5 2 1 2 1 1
2961.0 827.9 -1.2 126 0 6.5 8.1 5.0 2.5 2 1 2 1 1
2969.0 819.0 -1.5 126 0 6.5 8.1 5.0 2.5 2 1 2 2 2
2977.0 813.3 -1.6 126 0 6.5 8.1 5.0 2.5 4 1 2 5 5
2868.6 899.9 3.2 110 0 6.3 7.9 5.0 2.5 2 1 2 1 1
2855.7 898.2 3.0 294 0 6.5 7.9 5.0 2.5 2 1 2 3 3
2847.7 901.7 3.3 294 0 6.5 7.9 5.0 2.5 2 1 2 0 0
2839.0 906.2 3.6 294 0 6.5 7.9 5.0 2.5 2 1 2 4 4
2827.6 910.7 3.8 290 0 6.5 8.1 5.0 2.5 2 1 2 3 3
2794.5 921.2 3.7 294 0 6.5 7.9 5.0 0.0 0 1 2 3 3
2782.9 923.4 3.8 294 0 6.5 7.9 5.0 2.5 2 1 2 4 4
2773.3 927.4 3.7 294 0 6.5 7.9 5.0 2.5 2 1 2 4 4
2763.9 929.4 3.6 290 0 6.5 8.1 5.0 2.5 2 1 2 1 1
2755.2 863.8 1.5 110 0 6.2 7.9 5.0 2.5 2 1 2 3 3
2767.0 860.3 1.1 110 0 6.3 7.9 5.0 2.5 2 1 2 1 1
2778.2 854.7 0.8 140 0 6.3 7.8 5.0 2.5 4 1 2 2 2
2785.5 833.8 0.3 164 0 6.6 8.1 5.0 0.0 0 1 2 1 1
2759.2 830.8 -0.2 131 0 6.5 8.1 5.0 2.5 4 1 2 2 2
2737.9 842.9 1.6 41 0 8.1 6.5 5.0 2.5 2 0 2 5 5
2739.5 833.2 1.2 310 0 6.5 8.1 5.0 2.5 4 1 2 0 0
2752.8 820.0 0.5 311 0 6.5 8.1 5.0 2.5 2 1 2 3 3
2763.6 811.5 0.1 311 0 6.5 8.1 5.0 2.5 2 1 2 2 2
2784.3 793.5 -0.2 311 0 6.5 8.1 5.0 2.5 2 1 2 0 0
2795.2 782.3 -0.2 310 0 6.5 8.1 5.0 2.5 4 1 2 4 4
2824.7 785.6 -0.7 130 0 6.5 8.1 5.0 2.5 2 1 2 5 5
2832.8 743.6 -0.7 310 0 6.5 8.1 5.0 2.5 2 1 2 1 1
2849.8 726.9 -1.0 310 0 6.5 8.1 5.0 2.5 2 1 2 0 0
2780.2 946.8 4.7 95 0 6.5 8.1 5.0 2.5 2 1 2 2 2
2793.6 945.3 5.0 95 0 6.5 7.9 5.0 2.5 2 1 2 3 3
2810.1 946.0 5.2 99 0 6.5 7.9 5.0 0.0 0 1 2 5 5
2837.3 933.7 5.1 110 0 6.3 7.9 5.0 2.5 2 1 2 4 4
2846.6 928.7 4.7 110 0 6.5 8.1 5.0 0.0 0 1 2 4 4
2872.8 931.2 4.2 294 0 6.5 7.9 5.0 2.5 4 1 2 0 0
3067.1 859.2 0.6 204 0 8.1 6.5 5.0 0.0 0 0 2 0 0
3082.7 856.2 2.1 204 0 8.1 6.5 5.0 0.0 0 0 2 1 1
3076.3 842.6 1.7 204 0 8.1 6.5 5.0 2.5 4 0 2 4 4
3059.8 846.7 0.0 200 0 8.1 6.5 5.0 2.5 2 0 2 5 5
3079.9 1021.3 0.0 4 0 13.8 8.9 5.0 2.5 2 0 2 5 5
3078.9 1055.6 -0.2 4 0 13.8 8.9 5.0 2.5 2 0 2 4 4
3075.3 1080.4 -0.4 4 0 13.8 8.9 5.0 0.0 0 0 2 1 1
3102.4 1042.4 0.1 185 0 36.4 8.8 5.0 2.5 2 0 2 3 3
3111.5 1089.8 -2.4 277 0 9.8 25.5 5.0 2.5 2 1 2 1 1
3119.7 1024.4 0.7 183 0 9.4 8.2 5.0 2.5 2 0 2 2 2
3140.4 1038.3 0.9 3 0 9.4 8.2 5.0 2.5 2 0 2 2 2
3063.6 1073.7 -0.1 3 0 9.3 8.2 5.0 2.5 2 0 2 0 0
3042.2 1086.9 0.3 183 0 9.4 8.2 5.0 2.5 2 0 2 1 1
3071.1 1102.8 -1.1 3 0 9.4 8.2 5.0 0.0 0 0 2 1 1
3158.8 1053.6 -0.7 169 0 8.1 8.2 5.0 2.5 2 1 2 5 5
3160.9 1042.0 0.7 169 0 8.1 8.3 5.0 2.5 2 1 2 0 0
3156.7 1062.7 -1.8 169 0 8.1 8.2 5.0 2.5 2 1 2 5 5
3154.3 1073.7 -3.2 169 0 8.1 8.2 5.0 2.5 2 1 2 3 3
3137.4 1091.0 -3.5 326 0 8.1 8.3 5.0 2.5 4 1 2 1 1
3132.5 1099.6 -3.6 326 0 8.1 8.3 5.0 2.5 2 1 2 5 5
3127.4 1109.1 -3.8 326 0 8.1 8.3 5.0 2.5 2 1 2 4 4
3137.9 1104.9 -4.6 146 0 8.1 8.3 5.0 0.0 0 1 2 5 5
3144.5 1095.3 -4.5 146 0 8.1 8.3 5.0 2.5 2 1 2 1 1
3158.9 1105.9 -5.6 146 0 8.1 8.3 5.0 2.5 2 1 2 3 3
3153.6 1113.2 -5.7 146 0 8.1 8.3 5.0 2.5 2 1 2 1 1
3149.0 1120.6 -5.8 146 0 8.1 8.3 5.0 2.5 4 1 2 4 4
3145.3 1133.0 -5.8 236 0 8.3 8.1 5.0 2.5 2 0 2 2 2
3143.9 1116.0 -5.1 56 0 8.3 8.1 5.0 0.0 0 0 2 2 2
3175.8 1105.7 -6.4 146 0 8.1 8.3 5.0 2.5 2 1 2 3 3
3126.1 1122.3 -4.7 146 0 8.1 8.3 5.0 2.5 2 1 2 3 3
3119.6 1128.9 -4.8 146 0 8.1 8.3 5.0 2.5 2 1 2 4 4
3109.9 1145.1 -5.7 146 0 8.1 8.3 5.0 2.5 2 1 2 5 5
3141.1 1142.2 -6.3 56 0 8.3 8.1 5.0 2.5 2 0 2 2 2
3107.7 1158.1 -6.5 146 0 8.1 8.3 5.0 2.5 2 1 2 2 2
3097.7 1148.4 -5.5 56 0 8.3 8.1 5.0 2.5 2 0 2 2 2
3079.8 1158.2 -6.6 139 0 13.0 13.2 5.0 2.5 4 1 2 2 2
3108.7 1130.5 -4.3 357 0 14.2 16.6 5.0 2.5 2 1 2 4 4
3071.8 1167.6 -7.4 134 0 10.1 16.1 5.0 0.0 0 1 2 3 3
3023.6 1123.7 -2.6 178 0 18.1 34.1 5.0 0.0 0 1 2 3 3
3057.7 1145.3 -4.0 273 0 8.2 9.3 5.0 2.5 4 1 2 0 0
3056.6 1160.9 -5.4 273 0 8.2 9.3 5.0 0.0 0 1 2 5 5
3048.2 1160.0 -5.6 3 0 9.3 8.2 5.0 2.5 2 0 2 3 3
3014.3 1158.9 -5.4 93 0 8.2 9.3 5.0 2.5 2 1 2 2 2
2995.4 1164.6 -5.5 93 0 8.2 9.3 5.0 2.5 2 1 2 1 1
2955.7 1166.7 -4.5 93 0 8.2 9.3 5.0 2.5 2 1 2 2 2
2919.3 1180.4 -2.7 273 0 8.2 9.3 5.0 2.5 2 1 2 2 2
2901.3 1179.3 -0.4 273 0 8.2 9.3 5.0 2.5 2 1 2 3 3
2879.1 1172.2 1.1 183 0 9.3 8.2 5.0 2.5 4 0 2 0 0
3045.8 1061.7 0.2 183 0 9.3 8.2 5.0 2.5 2 0 2 4 4
3433.6 677.0 2.8 0 0 8.5 6.1 2.5 0.0 0 0 1 1 1
2856.2 -235.8 0.5 72 0 8.4 9.3 2.5 2.5 2 1 1 5 5
2834.4 -245.3 0.1 72 0 8.4 9.3 2.5 2.5 2 1 1 1 1
2819.0 -247.2 -0.2 72 0 8.4 9.3 2.5 2.5 2 1 1 0 0
2798.4 -252.6 -0.4 72 0 8.4 9.3 2.5 2.5 2 1 1 2 2
2803.1 -270.8 -0.6 253 0 8.4 9.3 2.5 2.5 2 1 1 4 4
2821.9 -262.2 -0.4 252 0 8.4 9.3 2.5 2.5 2 1 1 4 4
2855.4 -254.7 0.2 252 0 8.4 9.3 2.5 2.5 2 1 1 4 4
2841.8 -262.4 -0.2 252 0 8.4 9.3 2.5 2.5 2 1 1 5 5
2781.7 -257.1 -0.5 72 0 8.4 9.3 2.5 2.5 2 1 1 3 3
2767.3 -262.8 -0.7 72 0 8.4 9.3 2.5 2.5 2 1 1 2 2
2744.4 -262.9 -1.0 72 0 8.4 9.3 2.5 2.5 2 1 1 1 1
2724.8 -273.3 -1.4 72 0 8.4 9.3 2.5 2.5 2 1 1 1 1
2678.6 -290.7 -2.1 72 0 8.4 9.3 2.5 2.5 2 1 1 2 2
2658.4 -293.3 -2.5 72 0 8.4 9.3 2.5 2.5 2 1 1 1 1
2649.4 -314.3 -1.5 252 0 8.4 9.3 2.5 2.5 2 1 1 3 3
2714.3 -301.0 2.8 252 0 8.4 9.3 2.5 2.5 2 1 1 4 4
2689.2 -299.4 2.9 253 0 8.4 9.3 2.5 2.5 2 1 1 1 1
2753.7 -285.3 -1.1 252 0 8.4 9.3 2.5 0.0 0 1 1 3 3
2768.3 -280.1 -0.9 253 0 8.4 9.3 2.5 2.5 2 1 1 4 4
2783.4 -275.7 -0.7 252 0 8.4 9.3 2.5 2.5 2 1 1 5 5
2780.7 -186.0 -1.0 162 0 9.3 8.4 2.5 2.5 2 0 1 5 5
2606.7 -317.9 -1.8 234 0 8.4 9.3 2.5 2.5 2 1 1 2 2
2607.2 -303.3 -2.8 234 0 8.4 9.2 2.5 2.5 2 1 1 2 2
2590.2 -320.1 -1.9 223 0 8.4 9.2 2.5 2.5 2 1 1 3 3
2577.1 -332.9 -1.5 223 0 8.4 9.2 2.5 0.0 0 1 1 5 5
2566.2 -344.3 -1.6 223 0 8.4 9.2 2.5 2.5 2 1 1 5 5
1967.8 -684.8 5.1 43 0 8.4 9.2 5.0 2.5 2 1 2 5 5
1970.7 -701.2 4.4 43 0 8.4 9.2 5.0 2.5 2 1 2 3 3
1960.5 -709.8 3.6 43 0 8.4 9.3 5.0 2.5 2 1 2 3 3
1960.1 -692.7 4.4 43 0 8.4 9.2 5.0 2.5 2 1 2 1 1
1944.1 -701.3 3.7 133 0 9.2 8.4 5.0 2.5 2 0 2 5 5
1961.6 -775.3 0.4 213 0 8.4 9.2 5.0 2.5 2 1 2 2 2
1978.4 -777.1 0.6 303 0 9.2 8.4 5.0 0.0 0 0 2 1 1
1997.8 -783.0 1.0 7 0 8.4 9.2 5.0 2.5 2 1 2 1 1
1999.7 -804.3 0.1 338 0 8.4 9.2 5.0 2.5 2 1 2 5 5
1990.6 -815.9 -0.4 68 0 9.2 8.4 5.0 2.5 2 0 2 4 4
2010.8 -787.3 1.5 68 0 9.2 8.4 5.0 2.5 2 0 2 3 3
2053.2 -785.1 2.8 248 0 9.2 8.4 5.0 2.5 2 0 2 1 1
2076.3 -773.8 3.5 248 0 9.2 8.4 5.0 2.5 2 0 2 4 4
2093.2 -766.6 3.3 248 0 9.2 8.4 5.0 2.5 2 0 2 5 5
2174.1 -715.3 4.9 248 0 9.2 8.4 2.5 2.5 2 0 1 0 0
2196.9 -730.2 6.1 338 0 8.4 9.2 2.5 2.5 4 1 1 4 4
2160.7 -736.3 5.2 158 0 8.4 9.2 2.5 2.5 2 1 1 0 0
