780.0 -4764.9 -3.1 108 0 9.6 7.2 2.5 2.5 2 0 1 3 3
936.0 -4484.6 15.1 303 0 7.6 5.7 5.0 2.5 2 0 2 0 0
930.8 -4527.8 13.0 211 0 9.4 7.0 5.0 2.5 2 0 2 4 4
1087.4 -4613.0 15.2 106 0 7.6 10.8 5.0 2.5 2 1 2 1 1
1057.0 -4541.8 18.7 192 0 8.2 9.7 5.0 0.0 0 1 2 1 1
1039.7 -4506.0 19.3 201 0 36.4 16.4 5.0 2.5 2 0 2 5 5
1051.4 -4803.0 3.5 201 0 11.8 6.5 5.0 2.5 2 0 2 3 3
1060.1 -4775.4 5.4 199 0 8.0 7.5 5.0 2.5 2 0 2 4 4
1083.8 -4770.3 5.7 16 0 23.1 9.2 5.0 2.5 2 0 2 1 1
1222.5 -5022.0 -1.6 286 0 8.5 7.0 5.0 2.5 2 0 2 2 2
1213.1 -5017.5 -1.9 285 0 8.3 8.0 5.0 2.5 2 0 2 4 4
1191.2 -4889.5 -1.1 300 0 8.6 13.8 5.0 2.5 2 1 2 4 4
1295.6 -4971.3 0.7 117 0 8.1 15.4 5.0 2.5 2 1 2 3 3
1331.3 -4950.4 0.9 295 0 29.8 9.9 5.0 2.5 2 0 2 1 1
1370.8 -4959.6 2.2 295 0 7.0 6.2 5.0 2.5 2 0 2 4 4
1385.2 -4973.9 1.9 294 0 8.0 34.0 5.0 2.5 2 1 2 5 5
1380.7 -5157.5 -1.9 24 0 13.4 25.8 5.0 0.0 0 1 2 5 5
-1855.5 -2876.2 -1.9 106 0 11.9 16.0 2.5 2.5 2 1 1 1 1
-1882.6 -2903.4 -2.7 22 0 10.0 13.6 5.0 2.5 2 1 2 5 5
-1878.1 -2903.8 -1.9 203 0 11.4 29.3 2.5 2.5 2 1 1 2 2
-1869.0 -2933.1 -1.7 199 0 20.6 10.6 2.5 2.5 2 0 1 3 3
-1875.6 -2952.3 -2.0 199 0 12.6 10.9 2.5 2.5 2 0 1 5 5
-1900.0 -2964.0 -2.6 200 0 11.2 30.2 2.5 2.5 2 1 1 5 5
-1908.1 -2961.2 -3.9 19 0 10.7 24.4 5.0 2.5 2 1 2 2 2
-1953.5 -2961.2 -4.8 112 0 9.6 8.6 5.0 2.5 2 0 2 3 3
-1933.3 -2952.4 -4.8 21 0 10.4 20.8 5.0 2.5 2 1 2 4 4
-1961.3 -2921.7 -5.1 208 0 11.2 13.5 5.0 2.5 2 1 2 3 3
-1930.1 -2924.1 -4.1 29 0 20.1 11.2 5.0 2.5 2 0 2 0 0
-1923.1 -2896.8 -3.8 298 0 13.6 14.5 5.0 2.5 2 1 2 1 1
-1947.5 -2895.1 -4.3 206 0 14.3 10.9 5.0 2.5 4 0 2 1 1
-1929.8 -2874.7 -4.2 295 0 11.7 16.2 5.0 2.5 2 1 2 0 0
-1911.4 -2883.0 -3.7 294 0 18.3 14.1 5.0 2.5 2 0 2 2 2
-1499.6 -3882.0 -19.7 207 0 11.2 25.3 10.5 3.5 2 1 3 0 0
-1453.4 -3859.9 -17.6 204 0 8.9 10.5 10.5 3.5 2 1 3 4 4
-1502.3 -3840.9 -18.5 24 0 8.9 10.5 10.5 3.5 2 1 3 4 4
-1493.5 -3767.6 -16.5 204 0 8.9 10.5 10.5 3.5 2 1 3 1 1
-1706.3 -3668.0 -22.3 120 0 10.5 8.9 10.5 3.5 2 0 3 4 4
-1866.0 -3491.6 -17.9 117 0 16.6 7.8 10.5 3.5 2 0 3 1 1
-1828.7 -3508.7 -17.6 117 0 16.6 7.8 10.5 3.5 2 0 3 0 0
