-6053.4 -2738.8 -2.1 234 0 9.1 11.6 10.5 3.5 2 1 3 5 5
-6034.7 -2700.9 -2.8 235 0 9.9 7.4 10.5 3.5 2 0 3 5 5
-5979.7 -2669.7 -3.6 237 0 13.7 11.9 10.5 3.5 2 0 3 1 1
-5987.8 -2698.2 -2.8 59 0 12.0 12.3 10.5 3.5 2 1 3 2 2
-5864.0 -2845.2 -2.6 307 0 7.1 12.9 10.5 3.5 2 1 3 1 1
-5776.4 -2905.7 -3.3 310 0 13.1 10.2 14.0 3.5 2 0 4 5 5
-5757.9 -2917.8 -3.5 310 0 18.0 6.9 10.5 3.5 2 0 3 0 0
-5735.2 -2930.2 -3.6 313 0 13.6 13.5 14.0 3.5 2 0 4 3 3
-5719.0 -2943.0 -3.7 320 0 9.0 9.2 10.5 3.5 2 1 3 0 0
-5708.4 -2959.1 -4.0 321 0 11.4 10.7 14.0 0.0 0 0 4 3 3
-5686.0 -2993.0 -4.3 235 0 15.2 8.9 10.5 3.5 2 0 3 1 1
-5691.9 -2969.0 -4.1 322 0 9.2 8.9 10.5 3.5 2 0 3 1 1
-5773.5 -3043.6 -4.2 233 0 5.2 7.4 10.5 3.5 2 1 3 3 3
-5780.0 -3044.3 -4.0 313 0 10.2 9.4 10.5 3.5 2 0 3 2 2
-5797.8 -3054.0 -3.5 229 0 13.4 25.8 14.0 3.5 2 1 4 2 2
-5836.5 -3006.5 -3.2 326 0 9.4 8.8 10.5 3.5 2 0 3 1 1
-5826.8 -3019.8 -3.3 60 0 18.2 7.8 10.5 3.5 4 0 3 1 1
-5847.0 -3026.7 -3.0 60 0 12.5 12.7 10.5 3.5 2 1 3 0 0
-5854.7 -3001.4 -3.0 315 0 7.4 8.7 10.5 3.5 2 1 3 5 5
-5876.9 -2983.1 -2.9 305 0 10.7 10.1 10.5 3.5 2 0 3 1 1
-6003.3 -2948.0 -1.1 252 0 8.2 14.9 10.5 3.5 2 1 3 3 3
-5980.7 -2930.5 -2.0 240 0 15.1 12.9 14.0 3.5 2 0 4 2 2
-6004.4 -2924.2 -1.7 54 0 13.7 13.2 14.0 3.5 2 0 4 2 2
-6018.8 -2906.2 -1.5 327 0 13.3 10.8 14.0 3.5 2 0 4 0 0
-6043.1 -2908.0 -1.4 329 0 4.9 4.6 10.5 3.5 2 0 3 2 2
-6037.5 -2926.3 -1.2 60 0 8.2 13.1 10.5 3.5 2 1 3 2 2
-6074.3 -2873.2 -1.6 314 0 7.0 4.2 10.5 3.5 2 0 3 5 5
-6079.8 -2879.3 -1.6 327 0 11.0 17.5 14.0 3.5 2 1 4 4 4
-6087.1 -2868.0 -1.5 328 0 7.9 19.4 10.5 3.5 2 1 3 3 3
-6105.7 -2852.4 -1.6 309 0 9.9 8.8 10.5 3.5 2 0 3 5 5
-6116.2 -2847.0 -1.6 319 0 9.0 11.3 10.5 3.5 2 1 3 4 4
-6175.7 -2849.5 -1.7 143 0 9.4 27.8 10.5 3.5 2 1 3 2 2
-6161.3 -2815.1 -1.6 313 0 11.0 13.3 14.0 3.5 2 1 4 0 0
-6177.7 -2839.5 -1.4 53 0 10.4 12.2 14.0 3.5 2 1 4 0 0
-6233.9 -2815.4 -0.9 234 0 10.3 13.2 14.0 3.5 2 1 4 2 2
-6209.8 -2799.9 -1.7 228 0 18.3 10.8 14.0 3.5 2 0 4 1 1
-6221.9 -2789.6 -1.7 50 0 12.5 23.1 14.0 3.5 2 1 4 4 4
-6245.2 -2834.9 0.2 253 0 11.9 8.0 10.5 3.5 2 0 3 2 2
-6237.7 -2859.0 0.6 72 0 12.0 13.4 14.0 3.5 2 1 4 0 0
-6247.1 -2892.3 1.8 75 0 13.0 14.8 14.0 3.5 2 1 4 0 0
-6258.2 -2858.2 1.5 252 0 11.0 15.6 14.0 3.5 2 1 4 4 4
-6281.7 -2847.0 0.9 252 0 47.0 11.9 14.0 3.5 2 0 4 3 3
-6310.5 -2858.7 2.0 251 0 11.6 32.3 14.0 3.5 2 1 4 2 2
-6335.6 -2939.0 2.2 339 0 10.7 10.2 14.0 3.5 2 0 4 5 5
-6368.5 -2908.4 2.2 69 0 6.2 16.3 10.5 3.5 2 1 3 2 2
-6355.6 -2909.0 2.1 67 0 12.2 24.1 14.0 3.5 2 1 4 3 3
-6559.7 -2795.7 0.7 67 0 11.4 10.3 3.5 3.5 2 0 1 4 4
-6531.6 -2851.6 1.4 242 0 13.6 13.3 14.0 3.5 2 0 4 4 4
-6543.5 -2861.3 1.4 244 0 13.2 11.2 14.0 3.5 2 0 4 0 0
-6559.7 -2869.5 1.5 244 0 13.9 11.7 14.0 3.5 2 0 4 3 3
-6542.9 -2913.5 1.8 155 0 35.8 11.6 14.0 3.5 2 0 4 4 4
-6505.7 -2916.3 2.1 62 0 30.9 10.3 14.0 3.5 4 0 4 1 1
-6482.2 -2902.8 2.0 64 0 18.4 11.2 14.0 3.5 2 0 4 2 2
-6489.5 -2886.3 1.6 61 0 11.1 30.0 14.0 3.5 2 1 4 0 0
-6489.6 -2792.8 1.0 235 0 6.6 6.8 10.5 3.5 2 1 3 5 5
-6497.3 -2839.0 1.4 241 0 11.0 22.6 14.0 3.5 2 1 4 3 3
-6476.2 -2877.7 1.6 62 0 12.2 19.7 14.0 3.5 4 1 4 0 0
-6451.6 -2823.2 1.4 258 0 8.5 8.0 10.5 3.5 2 0 3 4 4
-6414.7 -2865.6 1.7 63 0 10.3 20.0 14.0 3.5 4 1 4 4 4
-6389.4 -2852.4 1.8 64 0 22.7 10.6 14.0 3.5 2 0 4 5 5
-6366.7 -2843.7 1.7 64 0 12.9 14.2 14.0 3.5 2 1 4 5 5
-6406.5 -2812.2 1.5 157 0 5.0 6.6 10.5 0.0 0 1 3 5 5
-6354.6 -2808.9 1.5 335 0 11.3 15.8 14.0 3.5 2 1 4 5 5
-6363.8 -2791.4 1.3 331 0 8.5 18.0 10.5 3.5 2 1 3 5 5
-6393.0 -2779.6 0.8 152 0 9.6 16.0 10.5 0.0 0 1 3 1 1
-6352.3 -2782.4 0.7 337 0 5.1 6.9 10.5 0.0 0 1 3 2 2
-6360.0 -2772.0 0.3 339 0 16.2 7.6 10.5 3.5 2 0 3 3 3
-6414.8 -2723.7 -0.4 149 0 4.3 4.1 10.5 3.5 2 0 3 0 0
-6370.8 -2713.2 -1.6 313 0 10.1 23.3 14.0 3.5 2 1 4 5 5
-6382.6 -2700.3 -1.7 320 0 8.8 24.3 10.5 3.5 2 1 3 2 2
-6397.1 -2689.9 -1.7 320 0 11.0 20.3 14.0 3.5 2 1 4 4 4
-6425.1 -2682.7 -1.6 330 0 4.0 11.1 10.5 3.5 2 1 3 2 2
-6431.2 -2673.4 -1.7 324 0 8.3 23.3 10.5 3.5 2 1 3 5 5
-6443.3 -2669.5 -1.7 319 0 7.9 30.9 10.5 3.5 2 1 3 0 0
-6460.1 -2667.2 -1.5 319 0 14.7 21.5 14.0 3.5 2 1 4 5 5
-6474.1 -2654.3 -1.7 320 0 19.8 24.2 14.0 3.5 2 1 4 2 2
-6518.1 -2630.0 -1.6 316 0 15.3 16.9 14.0 3.5 2 1 4 4 4
-6541.4 -2620.5 -1.4 300 0 14.9 16.5 14.0 3.5 2 1 4 2 2
-6550.8 -2687.8 0.2 70 0 11.0 14.4 14.0 0.0 0 1 4 5 5
-6597.5 -2660.4 -0.2 116 0 5.6 7.0 10.5 3.5 4 1 3 3 3
-6555.0 -2612.3 -1.4 291 0 5.7 4.4 10.5 3.5 2 0 3 2 2
-6590.1 -2613.0 -0.6 298 0 41.4 36.2 14.0 0.0 0 0 4 3 3
4973.0 1318.4 -8.2 353 0 20.8 14.3 5.0 2.5 2 0 2 5 5
4995.2 1291.8 -6.7 161 0 13.7 10.4 2.5 2.5 4 0 1 2 2
4998.8 1265.3 -6.8 167 0 9.7 8.4 2.5 2.5 2 0 1 4 4
4959.1 1258.3 -8.0 347 0 5.4 9.3 5.0 2.5 2 1 2 1 1
4974.9 1239.7 -7.3 342 0 7.9 5.5 5.0 2.5 2 0 2 1 1
4978.8 1227.4 -7.1 354 0 7.0 5.5 5.0 2.5 2 0 2 3 3
5030.2 1324.6 -1.1 344 0 13.3 8.5 2.5 2.5 2 0 1 5 5
5044.9 1250.3 -4.9 70 0 8.2 13.5 2.5 2.5 2 1 1 3 3
4996.1 1128.5 -7.9 342 0 9.0 9.9 5.0 0.0 0 1 2 5 5
5024.3 1172.3 -6.0 169 0 13.0 15.6 5.0 2.5 2 1 2 5 5
