4335.8 -6179.4 11.9 302 0 11.3 10.6 5.0 2.5 2 0 2 5 5
4363.3 -6231.3 15.1 7 0 9.9 11.5 5.0 2.5 2 1 2 2 2
4315.7 -6248.6 18.3 183 0 12.5 8.4 5.0 2.5 2 0 2 4 4
4220.1 -6299.5 19.1 88 0 6.1 9.8 5.0 2.5 2 1 2 2 2
4207.3 -6302.5 17.8 90 0 10.1 9.5 5.0 2.5 2 0 2 5 5
4187.9 -6300.3 16.4 116 0 11.7 10.9 5.0 2.5 2 0 2 0 0
4169.7 -6301.0 15.5 112 0 9.6 17.9 5.0 0.0 0 1 2 5 5
4046.5 -6317.2 14.0 87 0 10.6 10.2 5.0 2.5 2 0 2 2 2
4014.6 -6331.6 15.9 82 0 11.6 10.8 5.0 2.5 2 0 2 4 4
3969.4 -6428.9 16.6 30 0 11.3 9.7 2.5 2.5 2 0 1 2 2
3903.7 -6309.1 14.4 118 0 8.8 10.1 2.5 2.5 2 1 1 5 5
3930.3 -6297.9 15.7 295 0 9.3 14.5 2.5 0.0 0 1 1 3 3
3956.8 -6329.5 16.3 297 0 9.4 11.7 2.5 2.5 2 1 1 2 2
3978.9 -6355.6 17.0 282 0 10.7 8.5 2.5 2.5 2 0 1 3 3
4036.4 -6341.4 15.0 274 0 11.9 12.6 2.5 2.5 2 1 1 5 5
4071.3 -6331.7 13.4 279 0 10.7 15.7 2.5 2.5 2 1 1 2 2
4094.7 -6331.1 12.4 276 0 10.1 14.7 2.5 2.5 2 1 1 4 4
4118.9 -6368.7 10.4 118 0 9.1 16.5 2.5 2.5 2 1 1 1 1
4125.8 -6336.1 12.2 272 0 11.1 9.5 2.5 2.5 2 0 1 1 1
4138.4 -6321.9 12.1 263 0 10.4 25.5 2.5 2.5 2 1 1 3 3
4201.0 -6316.8 15.6 282 0 16.2 14.0 2.5 2.5 2 0 1 5 5
4159.1 -6389.8 8.7 128 0 9.8 11.4 2.5 2.5 2 1 1 3 3
4161.7 -6412.1 8.2 160 0 10.5 12.5 2.5 2.5 2 1 1 5 5
4188.8 -6445.5 7.7 60 0 14.8 12.2 2.5 2.5 2 0 1 5 5
4230.6 -6390.2 8.6 68 0 14.4 12.2 2.5 2.5 2 0 1 1 1
4250.6 -6326.5 16.1 268 0 12.0 7.5 2.5 2.5 2 0 1 4 4
4265.2 -6316.0 17.8 270 0 12.1 8.3 2.5 2.5 2 0 1 4 4
4291.9 -6313.7 17.1 263 0 17.6 9.6 2.5 2.5 2 0 1 2 2
4335.7 -6293.9 17.7 86 0 9.2 8.4 5.0 2.5 2 0 2 3 3
4343.9 -6321.1 13.9 279 0 16.8 18.1 2.5 2.5 2 1 1 4 4
4362.2 -6331.0 11.3 286 0 11.7 17.6 2.5 2.5 2 1 1 0 0
4380.2 -6342.6 9.8 262 0 7.2 10.8 2.5 2.5 2 1 1 2 2
4392.3 -6334.5 9.9 271 0 8.0 13.7 2.5 2.5 2 1 1 2 2
4418.9 -6338.2 7.4 285 0 20.5 8.3 2.5 2.5 2 0 1 1 1
4448.2 -6339.5 6.4 270 0 8.0 11.0 2.5 2.5 2 1 1 3 3
4451.6 -6401.0 5.9 193 0 10.4 14.5 2.5 2.5 2 1 1 4 4
4499.3 -6347.4 6.3 262 0 19.1 16.9 2.5 2.5 2 0 1 4 4
4529.2 -6293.1 9.5 46 0 9.9 14.5 5.0 2.5 2 1 2 5 5
4519.9 -6302.7 9.0 58 0 7.3 14.4 5.0 2.5 2 1 2 2 2
4522.7 -6322.4 7.7 216 0 12.1 19.1 2.5 2.5 2 1 1 3 3
4577.5 -6345.8 7.0 79 0 12.7 6.4 2.5 2.5 2 0 1 3 3
4637.0 -6343.5 7.8 7 0 14.1 8.9 2.5 2.5 2 0 1 3 3
4580.8 -6282.7 8.5 101 0 11.6 17.9 5.0 2.5 2 1 2 5 5
4606.4 -6277.6 7.2 106 0 9.1 9.6 5.0 2.5 2 1 2 1 1
4645.9 -6291.2 7.0 90 0 8.9 14.9 5.0 2.5 2 1 2 4 4
4662.4 -6293.5 7.4 89 0 11.2 15.2 5.0 2.5 2 1 2 3 3
4658.8 -6301.4 7.9 89 0 25.2 5.1 5.0 2.5 2 0 2 5 5
4704.4 -6323.5 8.6 288 0 10.3 10.9 2.5 2.5 2 1 1 1 1
4728.5 -6320.6 8.7 260 0 7.7 10.0 2.5 2.5 2 1 1 5 5
1846.0 -159.1 -17.2 324 0 12.2 14.2 2.5 2.5 4 1 1 0 0
1843.6 -87.9 -20.1 184 0 9.3 18.5 2.5 2.5 2 1 1 2 2
1842.3 -111.4 -19.0 174 0 8.7 14.1 2.5 2.5 2 1 1 4 4
1851.2 -140.1 -18.2 162 0 12.8 12.0 2.5 2.5 2 0 1 5 5
1824.4 -109.2 -18.0 9 0 9.9 8.8 2.5 2.5 4 0 1 5 5
1832.6 -48.3 -20.7 19 0 9.4 7.1 2.5 2.5 2 0 1 4 4
1851.3 -49.1 -20.9 203 0 9.4 11.3 2.5 2.5 2 1 1 2 2
1852.2 55.5 -20.0 13 0 13.3 10.1 2.5 2.5 2 0 1 0 0
1848.8 37.8 -20.6 13 0 6.8 9.7 2.5 2.5 2 1 1 1 1
1846.8 20.6 -21.9 13 0 12.0 12.5 2.5 2.5 4 1 1 5 5
1845.1 0.8 -22.9 13 0 12.2 11.0 2.5 2.5 2 0 1 2 2
1858.7 -16.8 -22.0 190 0 13.3 15.9 2.5 2.5 4 1 1 1 1
1864.7 1.3 -21.7 186 0 16.5 9.5 2.5 2.5 2 0 1 1 1
1865.6 22.6 -21.0 197 0 8.1 10.7 2.5 2.5 2 1 1 1 1
1872.2 51.5 -19.8 191 0 11.5 12.7 2.5 0.0 0 1 1 0 0
1862.6 86.7 -19.6 22 0 10.9 9.3 2.5 0.0 0 0 1 0 0
1901.1 150.7 -21.4 202 0 8.2 12.0 2.5 0.0 0 1 1 1 1
1880.4 150.2 -19.8 22 0 7.7 11.6 2.5 0.0 0 1 1 3 3
1876.2 136.6 -19.4 22 0 9.4 18.3 2.5 2.5 2 1 1 4 4
1861.0 125.3 -18.6 22 0 9.9 10.1 2.5 2.5 2 1 1 0 0
1863.2 110.2 -19.2 22 0 7.7 18.0 2.5 2.5 2 1 1 3 3
1877.6 84.1 -19.5 202 0 10.4 14.3 2.5 2.5 2 1 1 3 3
1885.1 104.5 -19.5 202 0 9.4 15.1 2.5 2.5 2 1 1 5 5
1890.8 122.9 -20.5 202 0 6.7 12.3 2.5 2.5 2 1 1 4 4
1896.5 133.2 -20.9 202 0 7.1 10.7 2.5 2.5 2 1 1 1 1
1908.2 173.0 -21.9 210 0 7.1 9.2 2.5 2.5 2 1 1 5 5
1915.4 190.1 -23.0 210 0 8.8 18.6 2.5 2.5 2 1 1 5 5
1884.2 171.3 -20.7 30 0 8.4 7.8 2.5 2.5 2 0 1 3 3
1887.3 207.1 -21.0 30 0 16.0 7.9 2.5 2.5 2 0 1 3 3
1905.0 219.3 -21.3 30 0 12.6 23.3 2.5 0.0 0 1 1 3 3
1939.9 297.7 -20.3 30 0 16.6 7.8 5.0 2.5 4 0 2 1 1
1935.8 272.4 -20.9 30 0 10.4 15.9 2.5 2.5 2 1 1 1 1
1928.8 251.8 -21.4 30 0 9.8 15.6 2.5 2.5 2 1 1 5 5
1919.8 237.4 -21.4 30 0 12.4 11.5 2.5 2.5 2 0 1 5 5
1919.4 205.7 -22.8 216 0 9.0 19.4 2.5 2.5 2 1 1 0 0
1932.9 225.6 -22.3 216 0 13.9 8.9 2.5 2.5 2 0 1 0 0
1941.3 244.9 -21.6 199 0 7.3 8.8 2.5 2.5 2 1 1 3 3
1945.5 258.5 -21.2 199 0 7.7 17.4 2.5 2.5 2 1 1 1 1
1951.0 271.7 -20.6 199 0 8.6 17.2 2.5 2.5 2 1 1 1 1
1957.4 283.2 -20.2 199 0 9.4 14.5 2.5 2.5 2 1 1 5 5
1961.2 295.9 -20.0 199 0 9.2 15.4 2.5 2.5 2 1 1 4 4
1970.5 317.6 -19.5 199 0 9.8 11.4 2.5 0.0 0 1 1 3 3
1950.0 320.2 -19.8 19 0 9.2 12.6 2.5 0.0 0 1 1 0 0
1956.7 332.1 -19.6 19 0 10.0 13.9 2.5 2.5 2 1 1 4 4
1969.8 365.5 -20.1 19 0 7.5 10.3 2.5 2.5 2 1 1 1 1
2000.0 366.4 -19.9 199 0 7.5 9.4 2.5 0.0 0 1 1 0 0
1989.0 369.8 -20.5 199 0 11.0 8.5 2.5 2.5 2 0 1 3 3
1999.3 394.1 -20.3 199 0 8.9 10.5 2.5 2.5 2 1 1 1 1
1980.3 400.5 -19.9 18 0 6.7 7.8 2.5 2.5 2 1 1 3 3
1987.1 413.4 -19.9 19 0 6.5 8.2 2.5 2.5 4 1 1 5 5
1991.3 422.9 -20.3 19 0 8.4 10.0 2.5 2.5 2 1 1 4 4
2009.1 416.0 -20.5 199 0 7.2 9.2 2.5 0.0 0 1 1 4 4
2012.5 434.8 -21.9 199 0 17.2 13.0 2.5 2.5 2 0 1 4 4
2015.4 492.4 -23.1 19 0 11.5 8.1 2.5 2.5 2 0 1 2 2
2009.4 468.8 -22.1 19 0 8.4 11.9 2.5 2.5 2 1 1 3 3
2026.4 469.5 -23.9 199 0 11.3 16.9 2.5 2.5 2 1 1 4 4
