-2599.2 -5380.4 -3.5 281 0 14.8 15.3 10.5 3.5 2 1 3 1 1
-2615.9 -5356.1 -3.3 280 0 12.1 10.7 10.5 3.5 2 0 3 5 5
-2612.1 -5338.2 -3.0 280 0 11.3 16.5 10.5 3.5 2 1 3 0 0
-2601.4 -5304.2 -2.6 281 0 16.4 29.8 10.5 3.5 2 1 3 0 0
-2626.4 -5333.6 -3.1 280 0 12.3 13.9 10.5 3.5 2 1 3 5 5
-2619.5 -5296.9 -2.7 280 0 12.2 35.1 10.5 3.5 2 1 3 1 1
-2624.0 -5288.9 -2.0 100 0 10.8 37.6 10.5 0.0 0 1 3 2 2
-2631.0 -5300.3 -2.5 11 0 9.5 20.9 10.5 3.5 2 1 3 0 0
-2672.7 -5292.4 -2.6 189 0 11.9 18.1 10.5 3.5 2 1 3 1 1
-2686.8 -5316.9 -3.4 282 0 11.9 29.7 10.5 3.5 2 1 3 0 0
-2688.8 -5299.3 -3.0 194 0 28.4 10.3 10.5 3.5 2 0 3 3 3
-2679.4 -5208.6 -2.2 279 0 9.5 48.8 10.5 3.5 2 1 3 2 2
