-3187.7 863.8 -1.6 24 0 8.7 15.9 5.0 2.5 2 1 2 2 2
-3074.3 1025.0 1.3 87 0 11.6 27.8 7.5 2.5 2 1 3 1 1
-3071.2 1011.6 0.3 269 0 11.8 20.3 5.0 2.5 2 1 2 5 5
-3070.0 984.3 -1.5 269 0 14.2 27.7 5.0 2.5 2 1 2 2 2
-3062.8 903.1 -2.9 87 0 5.7 12.7 5.0 0.0 0 1 2 5 5
-3065.6 922.6 -2.6 87 0 12.2 29.4 5.0 2.5 2 1 2 5 5
-3091.2 921.3 -2.3 87 0 33.2 13.3 5.0 2.5 2 0 2 5 5
-3128.7 907.3 -3.1 182 0 10.6 7.8 5.0 2.5 2 0 2 0 0
-3113.0 902.2 -3.0 89 0 7.4 11.8 5.0 2.5 2 1 2 4 4
-3120.8 927.4 -2.8 178 0 16.0 10.5 5.0 2.5 2 0 2 5 5
-3123.0 946.3 -2.5 178 0 17.6 11.7 5.0 2.5 2 0 2 1 1
-3123.3 965.1 -1.4 178 0 13.6 10.8 5.0 2.5 2 0 2 4 4
-3124.6 985.4 -0.4 180 0 18.9 11.7 5.0 2.5 2 0 2 5 5
-3137.2 1003.4 0.8 178 0 9.5 20.9 5.0 2.5 2 1 2 1 1
-3141.9 1015.0 1.4 358 0 11.5 17.3 2.5 2.5 2 1 1 1 1
