-6418.9 6954.7 -64.5 210 0 15.7 13.0 2.5 2.5 2 0 1 1 1
2081.2 2650.6 -57.2 285 0 9.2 7.6 2.5 2.5 2 0 1 0 0
2136.6 2652.4 -58.5 285 0 18.7 7.0 2.5 2.5 2 0 1 2 2
2225.7 2611.2 -50.0 273 0 10.8 12.1 2.5 0.0 0 1 1 2 2
2369.5 2502.9 -49.8 94 0 22.9 50.8 2.5 2.5 2 1 1 0 0
-6.9 1467.4 -60.7 247 0 9.1 6.9 2.5 2.5 2 0 1 2 2
32.0 1472.2 -57.7 338 0 7.7 9.0 2.5 2.5 2 1 1 1 1
20.5 1414.1 -55.8 343 0 7.7 12.4 2.5 2.5 2 1 1 5 5
-17.0 1330.8 -49.6 91 0 10.2 18.1 2.5 2.5 2 1 1 1 1
-33.7 1385.4 -52.8 181 0 14.1 8.4 2.5 2.5 2 0 1 5 5
-35.9 1371.1 -51.7 180 0 9.7 17.3 2.5 0.0 0 1 1 0 0
-35.0 1357.9 -49.3 182 0 9.6 8.3 2.5 2.5 2 0 1 2 2
-36.6 1345.8 -47.9 182 0 10.1 9.2 2.5 2.5 2 0 1 4 4
-32.5 1327.7 -46.3 91 0 8.6 8.8 2.5 2.5 2 1 1 3 3
-47.8 1383.1 -49.5 0 0 8.1 8.4 2.5 2.5 2 1 1 4 4
-48.2 1370.2 -48.0 1 0 8.2 10.2 2.5 2.5 2 1 1 5 5
-48.8 1357.8 -46.8 4 0 10.2 8.8 2.5 2.5 2 0 1 1 1
-48.9 1344.2 -45.1 1 0 7.7 8.9 2.5 2.5 2 1 1 1 1
-49.0 1331.8 -45.0 3 0 9.9 8.5 2.5 2.5 2 0 1 1 1
-61.4 1274.8 -44.5 183 0 6.3 6.4 2.5 2.5 2 1 1 1 1
-54.9 1310.6 -44.8 0 0 13.7 12.9 2.5 2.5 2 0 1 3 3
-1330.2 409.7 -49.8 143 0 7.0 10.1 5.0 2.5 2 1 2 0 0
-1315.8 413.1 -49.1 58 0 6.0 5.1 5.0 2.5 2 0 2 1 1
-1308.6 415.2 -48.5 92 0 4.4 8.3 5.0 2.5 2 1 2 5 5
-1289.4 428.0 -47.6 342 0 7.0 5.7 5.0 2.5 2 0 2 2 2
-1301.9 447.7 -48.5 253 0 10.5 18.5 5.0 2.5 2 1 2 3 3
3467.6 2403.8 -45.1 85 0 16.2 10.8 2.5 2.5 2 0 1 5 5
2454.1 2611.7 -57.6 253 0 19.7 6.5 2.5 2.5 2 0 1 5 5
2439.2 2607.2 -57.9 262 0 5.5 7.5 2.5 2.5 2 1 1 1 1
2424.4 2618.3 -61.6 273 0 6.5 8.8 2.5 2.5 2 1 1 2 2
2430.6 2595.5 -57.8 95 0 6.1 7.4 2.5 2.5 2 1 1 1 1
2195.6 2625.9 -50.5 277 0 9.4 7.9 2.5 2.5 2 0 1 5 5
2207.0 2624.9 -51.0 276 0 12.4 8.3 2.5 2.5 2 0 1 0 0
2071.2 2657.4 -58.2 297 0 11.3 8.1 2.5 2.5 2 0 1 3 3
2052.1 2668.6 -59.7 301 0 15.3 6.9 2.5 2.5 2 0 1 0 0
-6650.1 4796.4 -47.0 316 0 10.5 16.0 2.5 2.5 2 1 1 3 3
-6056.9 4455.9 -60.2 213 0 7.4 7.8 5.0 2.5 2 1 2 1 1
-6079.4 4450.8 -59.9 96 0 7.8 12.3 2.5 2.5 2 1 1 1 1
-6064.7 4438.9 -59.5 221 0 10.3 10.5 5.0 2.5 2 1 2 3 3
-6037.6 4436.4 -59.6 308 0 11.9 16.0 5.0 2.5 2 1 2 2 2
-5979.2 4439.3 -61.2 128 0 10.1 14.6 5.0 2.5 2 1 2 2 2
-5913.0 4393.6 -59.2 138 0 8.4 10.5 5.0 2.5 2 1 2 1 1
-5893.9 4413.6 -58.5 319 0 4.1 5.5 5.0 0.0 0 1 2 1 1
-5897.6 4407.8 -58.8 316 0 9.4 6.1 5.0 2.5 4 0 2 0 0
-5876.7 4385.9 -58.1 53 0 8.9 11.2 5.0 2.5 2 1 2 5 5
-5212.9 3666.3 -63.2 266 0 7.1 9.8 7.5 2.5 2 1 3 1 1
-5206.9 3620.2 -62.9 357 0 5.6 5.3 2.5 2.5 2 0 1 3 3
-5200.4 3598.4 -63.2 339 0 11.8 6.4 5.0 2.5 2 0 2 2 2
-5194.9 3580.5 -63.4 331 0 10.7 18.0 7.5 2.5 2 1 3 2 2
-5215.1 3560.7 -60.9 180 0 12.0 15.6 7.5 0.0 0 1 3 0 0
-5204.3 3540.4 -57.9 81 0 8.0 9.0 7.5 2.5 2 1 3 2 2
-5178.0 3537.0 -58.5 337 0 10.3 18.8 5.0 2.5 2 1 2 2 2
-5000.9 3411.9 -60.5 121 0 8.7 7.4 5.0 2.5 2 0 2 5 5
-4983.3 3405.1 -59.6 116 0 20.3 13.7 5.0 2.5 2 0 2 4 4
-4945.7 3407.6 -64.0 207 0 11.5 17.0 2.5 2.5 2 1 1 3 3
4394.6 -6469.9 46.1 261 0 6.4 5.1 7.5 2.5 2 0 3 5 5
4413.1 -6478.7 44.3 352 0 6.3 8.1 5.0 2.5 2 1 2 4 4
4385.3 -6482.8 45.2 171 0 10.2 10.4 5.0 2.5 2 1 2 2 2
4082.8 -6085.1 52.0 180 0 8.4 9.0 5.0 2.5 2 1 2 0 0
4081.2 -6064.9 52.2 178 0 7.7 7.0 5.0 0.0 0 0 2 0 0
4072.1 -6021.1 57.0 181 0 7.1 6.3 5.0 2.5 2 0 2 2 2
4063.3 -6020.8 54.0 180 0 7.2 8.0 5.0 0.0 0 1 2 1 1
4062.9 -6007.4 54.7 179 0 3.8 5.8 5.0 2.5 2 1 2 4 4
4045.3 -6024.5 49.9 271 0 9.1 7.6 5.0 2.5 2 0 2 2 2
4047.8 -6035.6 49.9 0 0 5.5 7.0 5.0 2.5 2 1 2 0 0
4053.9 -6045.2 49.8 360 0 7.8 8.7 5.0 2.5 2 1 2 0 0
4054.5 -6058.1 49.6 1 0 7.3 11.5 5.0 0.0 0 1 2 4 4
4010.0 -6087.0 48.2 180 0 11.4 6.6 5.0 2.5 2 0 2 3 3
4039.1 -5964.9 49.8 277 0 8.9 11.7 5.0 0.0 0 1 2 2 2
3985.9 -5961.6 47.2 266 0 16.0 7.9 5.0 0.0 0 0 2 5 5
4015.0 -5994.1 48.6 92 0 8.3 6.9 5.0 2.5 2 0 2 2 2
3998.5 -6003.1 47.9 86 0 6.6 8.0 5.0 2.5 2 1 2 3 3
3981.9 -5999.3 47.4 177 0 10.4 7.6 5.0 2.5 2 0 2 4 4
3990.8 -6020.1 47.5 270 0 12.2 7.9 5.0 2.5 2 0 2 4 4
3970.1 -6025.2 46.7 355 0 8.7 13.9 5.0 2.5 2 1 2 0 0
3939.2 -5989.7 47.4 89 0 7.4 7.1 5.0 0.0 0 0 2 3 3
3947.4 -5998.0 47.0 91 0 9.7 7.4 5.0 2.5 2 0 2 4 4
3948.3 -6026.8 46.9 270 0 9.6 5.3 5.0 2.5 2 0 2 1 1
3929.8 -6024.5 47.8 270 0 8.5 12.0 5.0 2.5 2 1 2 2 2
3900.6 -6031.9 49.0 269 0 7.9 5.9 5.0 2.5 2 0 2 0 0
3900.0 -6023.8 49.0 270 0 9.4 7.5 5.0 2.5 2 0 2 5 5
3917.2 -6000.1 48.3 92 0 10.3 9.8 5.0 2.5 2 0 2 3 3
3916.0 -5958.4 48.3 295 0 13.6 9.3 5.0 2.5 4 0 2 0 0
3883.3 -5997.8 49.7 90 0 15.1 11.3 5.0 2.5 2 0 2 4 4
