2385.2 789.1 -51.6 227 0 5.8 9.8 5.0 2.5 2 1 2 2 2
2409.6 812.5 -50.1 228 0 6.6 10.5 5.0 2.5 2 1 2 4 4
2052.4 -239.1 -28.3 141 0 7.9 10.8 5.0 2.5 2 1 2 4 4
2465.7 865.3 -47.6 224 0 6.2 8.3 5.0 2.5 2 1 2 3 3
2535.1 971.1 -51.1 53 0 7.0 10.2 5.0 2.5 2 1 2 3 3
2585.6 980.1 -53.2 232 0 6.1 10.4 5.0 0.0 0 1 2 2 2
2315.8 715.0 -43.7 222 0 6.5 9.8 5.0 2.5 2 1 2 1 1
1830.5 18.4 -39.4 141 0 34.4 11.4 2.5 2.5 2 0 1 5 5
2203.7 -370.0 -21.2 126 0 11.1 8.2 2.5 2.5 2 0 1 1 1
2138.2 -326.7 -23.7 131 0 7.6 11.0 2.5 2.5 2 1 1 4 4
2063.7 -316.4 -25.6 40 0 9.1 7.9 2.5 0.0 0 0 1 3 3
2420.1 822.6 -49.4 229 0 7.1 7.0 5.0 2.5 2 0 2 1 1
2453.8 854.3 -47.9 227 0 7.1 8.8 5.0 2.5 2 1 2 3 3
2399.8 802.7 -50.8 227 0 8.4 10.5 5.0 2.5 2 1 2 0 0
2292.9 689.4 -44.2 219 0 7.1 12.1 5.0 2.5 2 1 2 2 2
2280.6 669.9 -44.1 222 0 6.7 5.5 5.0 2.5 2 0 2 5 5
2006.2 -244.1 -28.6 310 0 7.2 17.3 2.5 0.0 0 1 1 3 3
2346.7 749.4 -49.9 225 0 7.4 7.8 5.0 2.5 2 1 2 5 5
2478.8 879.7 -47.5 227 0 6.8 10.3 5.0 2.5 2 1 2 3 3
2375.9 780.0 -52.2 225 0 6.8 10.4 5.0 2.5 2 1 2 3 3
2199.1 -397.8 -20.3 310 0 7.9 7.0 2.5 2.5 2 0 1 5 5
2272.6 643.9 -44.2 41 0 5.7 10.3 5.0 2.5 2 1 2 5 5
2334.7 737.1 -47.0 225 0 7.8 12.0 5.0 2.5 2 1 2 1 1
2442.8 843.7 -48.1 227 0 7.3 8.4 5.0 2.5 4 1 2 3 3
2235.4 605.2 -44.3 43 0 6.6 7.1 5.0 2.5 2 1 2 0 0
2033.8 -208.3 -30.2 229 0 9.8 7.5 5.0 2.5 2 0 2 1 1
2064.1 -252.2 -27.3 135 0 7.3 8.2 5.0 2.5 2 1 2 4 4
2243.9 616.1 -44.3 41 0 6.4 6.9 5.0 2.5 2 1 2 4 4
2323.9 725.0 -43.4 224 0 8.8 10.4 5.0 2.5 4 1 2 2 2
4032.3 1405.0 -46.8 106 0 3.7 5.8 5.0 2.5 2 1 2 0 0
4031.5 1394.5 -45.8 112 0 6.1 7.6 5.0 2.5 2 1 2 3 3
4043.5 1390.2 -44.7 106 0 4.8 7.3 5.0 2.5 2 1 2 0 0
2177.6 -352.8 -22.2 121 0 6.8 10.3 2.5 2.5 2 1 1 4 4
4007.5 1401.6 -47.9 107 0 5.2 8.9 5.0 2.5 2 1 2 3 3
4022.9 1397.4 -46.5 111 0 5.9 7.3 5.0 2.5 2 1 2 0 0
4025.3 1406.7 -47.5 109 0 5.3 6.5 5.0 2.5 2 1 2 5 5
4052.2 1407.5 -45.8 295 0 6.6 4.5 5.0 2.5 2 0 2 1 1
2072.7 337.8 -45.3 205 0 8.8 11.6 5.0 2.5 2 1 2 3 3
1934.1 95.6 -39.3 31 0 11.8 13.9 2.5 2.5 2 1 1 5 5
1915.5 68.9 -38.7 36 0 13.8 9.2 2.5 2.5 2 0 1 1 1
2042.3 -270.3 -27.2 311 0 7.5 11.3 2.5 2.5 2 1 1 0 0
2725.3 -1657.5 33.9 260 0 5.9 7.2 5.0 2.5 2 1 2 3 3
2763.8 -1731.2 43.2 261 0 5.3 7.5 5.0 2.5 2 1 2 2 2
2782.4 -1732.6 44.6 353 0 7.9 6.6 5.0 2.5 2 0 2 2 2
2757.8 -1669.7 35.5 89 0 6.1 7.5 5.0 2.5 2 1 2 4 4
2770.1 -1675.4 36.6 88 0 4.4 6.0 5.0 0.0 0 1 2 5 5
2782.8 -1682.4 38.5 92 0 10.0 7.2 5.0 2.5 4 0 2 3 3
1441.8 -209.4 -36.1 215 0 7.0 7.0 5.0 2.5 2 0 2 5 5
1507.6 -187.3 -38.2 127 0 7.3 6.0 5.0 2.5 2 0 2 0 0
1494.4 -172.0 -38.8 41 0 7.5 17.4 5.0 2.5 2 1 2 2 2
1482.8 -192.1 -37.4 312 0 7.1 8.5 5.0 2.5 2 1 2 5 5
1112.2 -1588.1 -43.2 36 0 6.3 8.7 5.0 2.5 2 1 2 4 4
1121.0 -1570.6 -43.0 21 0 7.8 8.9 5.0 2.5 2 1 2 3 3
1127.2 -1552.3 -42.9 23 0 8.2 12.6 5.0 2.5 2 1 2 2 2
1118.4 -1485.3 -41.5 218 0 7.4 11.1 5.0 2.5 2 1 2 5 5
1138.5 -1501.0 -42.0 35 0 5.5 6.2 5.0 2.5 2 1 2 5 5
1156.5 -1488.1 -41.8 29 0 6.0 7.9 5.0 2.5 2 1 2 3 3
1152.0 -1497.4 -41.9 27 0 5.0 7.8 5.0 2.5 2 1 2 4 4
1170.4 -1462.5 -41.4 23 0 7.8 8.6 5.0 2.5 2 1 2 0 0
1169.0 -1446.9 -41.2 25 0 4.8 4.5 5.0 2.5 2 0 2 4 4
1183.0 -1432.8 -40.8 25 0 8.4 9.1 5.0 2.5 2 1 2 0 0
1190.6 -1418.1 -40.5 23 0 8.7 11.5 5.0 2.5 2 1 2 1 1
1212.9 -1337.6 -38.9 22 0 8.1 8.2 5.0 2.5 2 1 2 5 5
1241.9 -1351.6 -38.1 197 0 7.9 7.4 2.5 0.0 0 0 1 5 5
1223.2 -1404.5 -39.1 206 0 8.3 8.1 2.5 2.5 2 0 1 2 2
1229.6 -1386.2 -39.2 202 0 7.7 8.7 2.5 0.0 0 1 1 1 1
1246.6 -1321.9 -37.3 191 0 11.2 7.8 2.5 0.0 0 0 1 5 5
3596.2 1430.6 -45.1 192 0 10.1 7.5 2.5 2.5 2 0 1 0 0
3650.4 1430.5 -45.3 291 0 6.9 7.2 2.5 2.5 2 1 1 3 3
3670.4 1432.4 -48.3 7 0 3.1 3.2 2.5 2.5 2 1 1 0 0
3667.6 1411.7 -45.0 6 0 3.7 4.6 2.5 2.5 2 1 1 5 5
3618.2 1398.7 -44.9 90 0 5.6 5.2 2.5 2.5 2 0 1 5 5
3579.9 1406.0 -45.9 93 0 7.7 13.8 2.5 2.5 2 1 1 0 0
3594.0 1446.4 -45.3 272 0 5.2 5.5 2.5 2.5 2 1 1 3 3
3604.5 1448.1 -45.1 289 0 7.4 8.4 2.5 2.5 2 1 1 1 1
3619.9 1422.4 -44.9 116 0 7.6 8.1 2.5 2.5 2 1 1 5 5
3628.4 1440.6 -44.9 294 0 7.4 7.4 2.5 2.5 2 1 1 2 2
3637.2 1433.8 -44.7 270 0 4.9 10.4 2.5 2.5 2 1 1 0 0
3636.7 1415.3 -44.7 94 0 4.1 6.1 2.5 2.5 2 1 1 0 0
3644.0 1412.6 -44.7 108 0 8.0 8.6 2.5 0.0 0 1 1 2 2
3654.5 1442.5 -47.7 290 0 8.0 8.0 2.5 2.5 4 1 1 0 0
2544.9 927.6 -49.4 233 0 12.3 12.6 5.0 0.0 0 1 2 2 2
2561.2 917.9 -49.1 322 0 8.4 13.8 5.0 2.5 2 1 2 2 2
2570.9 894.0 -47.4 322 0 9.3 15.2 5.0 2.5 2 1 2 2 2
2492.7 897.4 -47.8 224 0 14.7 18.7 5.0 2.5 4 1 2 3 3
2054.0 351.9 -44.6 29 0 14.8 11.2 5.0 2.5 2 0 2 1 1
2094.8 384.3 -47.4 212 0 7.4 8.3 5.0 2.5 4 1 2 1 1
2083.2 369.5 -45.6 207 0 7.8 6.6 5.0 2.5 2 0 2 4 4
2068.6 346.8 -45.0 206 0 5.8 5.1 5.0 2.5 2 0 2 3 3
2064.0 314.8 -45.0 205 0 8.4 9.4 5.0 2.5 2 1 2 4 4
2035.9 320.0 -44.0 32 0 8.1 10.4 5.0 2.5 2 1 2 5 5
2013.3 304.4 -43.5 131 0 10.7 9.4 5.0 2.5 2 0 2 1 1
1941.1 62.0 -38.8 131 0 7.6 14.0 2.5 2.5 2 1 1 1 1
1958.0 62.7 -37.9 132 0 6.9 4.0 2.5 2.5 2 0 1 1 1
1952.2 55.8 -38.4 131 0 7.3 8.1 2.5 0.0 0 1 1 0 0
1970.9 50.6 -37.3 131 0 8.4 5.2 2.5 2.5 2 0 1 4 4
1963.7 42.6 -38.0 130 0 7.6 9.8 2.5 2.5 2 1 1 3 3
1922.8 7.3 -38.0 209 0 16.9 10.0 5.0 0.0 0 0 2 4 4
2035.0 -75.4 -34.6 357 0 8.4 9.3 5.0 2.5 2 1 2 5 5
2035.8 -93.7 -34.1 357 0 5.8 6.2 5.0 2.5 2 1 2 1 1
2038.5 -111.9 -33.5 358 0 9.5 11.1 5.0 2.5 2 1 2 3 3
2040.3 -129.5 -32.8 357 0 8.1 8.5 5.0 0.0 0 1 2 4 4
1814.1 -53.5 -36.9 53 0 5.7 6.4 2.5 0.0 0 1 1 1 1
1877.6 55.8 -38.9 45 0 9.2 9.4 2.5 2.5 2 1 1 1 1
1898.6 34.7 -39.1 46 0 8.7 9.1 2.5 2.5 2 1 1 3 3
1888.3 45.2 -39.1 46 0 8.1 8.9 2.5 2.5 2 1 1 5 5
1859.0 74.9 -38.3 224 0 6.5 8.9 2.5 2.5 2 1 1 2 2
1896.1 -32.2 -36.3 225 0 7.6 11.4 5.0 2.5 2 1 2 3 3
1919.2 -124.1 -33.4 132 0 7.8 10.4 5.0 2.5 2 1 2 2 2
1930.0 -135.4 -33.1 135 0 8.6 11.2 5.0 2.5 2 1 2 5 5
1965.6 -211.6 -29.8 310 0 8.1 7.6 2.5 2.5 2 0 1 0 0
1985.7 -235.5 -29.4 307 0 3.6 7.3 2.5 2.5 2 1 1 3 3
1954.1 -158.4 -32.1 130 0 7.8 8.0 5.0 2.5 2 1 2 2 2
1966.7 -173.6 -31.7 130 0 7.3 15.3 5.0 0.0 0 1 2 5 5
1982.8 -186.8 -31.2 132 0 7.9 16.8 5.0 0.0 0 1 2 4 4
2027.6 -202.9 -30.4 49 0 9.8 7.5 5.0 2.5 2 0 2 1 1
2194.4 -353.2 -21.8 120 0 7.9 7.0 2.5 2.5 2 0 1 0 0
2190.7 -359.5 -21.7 120 0 7.9 7.0 2.5 2.5 2 0 1 3 3
2235.4 -381.7 -20.3 112 0 7.1 14.7 2.5 0.0 0 1 1 2 2
2278.2 -390.6 -18.5 86 0 7.3 6.8 2.5 2.5 2 0 1 4 4
2316.4 -389.6 -17.1 104 0 9.3 9.5 2.5 2.5 2 1 1 2 2
2359.9 -397.2 -14.9 99 0 13.3 9.2 2.5 0.0 0 0 1 5 5
2848.0 -930.8 52.0 91 0 11.6 7.9 5.0 2.5 2 0 2 3 3
2847.8 -1021.9 39.4 31 0 6.2 7.2 7.5 2.5 2 1 3 5 5
2810.2 -1049.5 27.7 236 0 9.4 8.4 7.5 2.5 2 0 3 2 2
2810.9 -1070.4 26.7 192 0 9.9 8.1 7.5 2.5 4 0 3 3 3
2815.6 -1105.7 26.8 107 0 7.0 7.3 7.5 2.5 2 1 3 2 2
2862.3 -1126.5 28.7 111 0 8.2 7.2 7.5 2.5 2 0 3 1 1
2873.6 -1136.5 26.9 121 0 7.0 8.4 7.5 2.5 2 1 3 3 3
2917.1 -1153.0 25.0 118 0 8.1 7.6 5.0 2.5 2 0 2 3 3
2997.7 -1199.0 32.9 46 0 7.5 8.5 7.5 2.5 2 1 3 0 0
2987.4 -1178.6 33.1 242 0 4.7 8.6 2.5 0.0 0 1 1 1 1
3077.1 -1257.7 36.0 331 0 13.7 8.5 5.0 2.5 2 0 2 3 3
-1751.3 -4802.1 -54.7 47 0 9.3 12.0 5.0 2.5 2 1 2 4 4
-1613.7 -4710.2 -48.6 212 0 6.9 17.7 5.0 2.5 2 1 2 2 2
-1694.2 -4776.3 -52.9 220 0 8.1 8.2 5.0 2.5 2 1 2 4 4
-1686.4 -4782.1 -52.9 220 0 5.4 5.0 5.0 2.5 2 0 2 2 2
-1688.4 -4839.6 -53.0 42 0 7.3 5.1 5.0 2.5 2 0 2 5 5
-1719.6 -4841.0 -53.1 227 0 8.8 10.5 5.0 2.5 2 1 2 2 2
-1717.3 -4866.2 -52.9 47 0 9.8 5.3 5.0 2.5 2 0 2 0 0
-1731.7 -4850.6 -53.3 229 0 9.7 15.2 5.0 2.5 2 1 2 5 5
-1747.8 -4870.3 -53.1 227 0 8.8 7.6 5.0 0.0 0 0 2 3 3
-1774.8 -4894.1 -52.9 225 0 9.5 14.1 5.0 2.5 2 1 2 2 2
-1765.2 -4915.9 -52.4 47 0 4.8 4.4 5.0 2.5 2 0 2 0 0
-1800.1 -4906.5 -52.7 229 0 11.2 25.9 5.0 0.0 0 1 2 4 4
-1802.0 -4939.1 -52.4 53 0 9.4 9.4 5.0 2.5 2 1 2 5 5
-1830.1 -4913.6 -51.9 227 0 7.7 11.9 5.0 2.5 4 1 2 5 5
-1847.4 -4895.1 -51.0 49 0 5.4 7.9 5.0 2.5 2 1 2 0 0
-1831.8 -4879.4 -51.6 50 0 7.7 10.7 5.0 2.5 2 1 2 4 4
-1822.3 -4869.1 -51.9 47 0 6.5 11.2 5.0 2.5 2 1 2 5 5
-1814.3 -4861.6 -52.1 46 0 5.9 10.2 5.0 2.5 2 1 2 3 3
-1790.4 -4838.7 -52.9 49 0 7.6 13.9 5.0 2.5 2 1 2 2 2
-1779.5 -4827.9 -53.5 44 0 13.6 7.7 5.0 2.5 2 0 2 1 1
-1713.7 -4759.1 -54.0 43 0 9.4 16.2 5.0 2.5 2 1 2 4 4
-1701.8 -4746.6 -53.6 45 0 6.8 11.9 5.0 2.5 2 1 2 2 2
-1700.9 -4686.8 -50.8 231 0 3.7 4.2 5.0 2.5 2 1 2 1 1
-1715.2 -4702.1 -52.2 228 0 4.4 3.9 5.0 2.5 2 0 2 5 5
-1686.7 -4735.8 -53.2 44 0 8.5 10.7 5.0 2.5 2 1 2 1 1
-1656.1 -4684.1 -49.2 38 0 9.8 6.4 5.0 2.5 2 0 2 4 4
-1650.2 -4690.7 -49.7 38 0 11.0 8.2 5.0 2.5 2 0 2 2 2
-1637.6 -4679.2 -49.0 39 0 8.9 14.7 5.0 2.5 2 1 2 5 5
-1655.4 -4739.0 -52.0 227 0 7.5 9.4 5.0 2.5 2 1 2 5 5
-1647.1 -4789.7 -52.5 41 0 7.9 11.1 5.0 2.5 4 1 2 5 5
-1620.1 -4758.9 -49.8 40 0 7.9 11.2 5.0 2.5 2 1 2 5 5
-1605.2 -4736.9 -47.9 310 0 3.8 10.4 5.0 2.5 2 1 2 1 1
-1622.7 -4731.6 -49.0 220 0 9.3 14.5 5.0 2.5 2 1 2 5 5
-1614.5 -4652.1 -47.5 39 0 9.1 6.9 5.0 2.5 2 0 2 0 0
-1601.5 -4637.1 -46.7 35 0 10.1 15.2 5.0 2.5 2 1 2 5 5
-1556.3 -4672.0 -45.3 42 0 9.3 4.9 5.0 2.5 2 0 2 5 5
-1562.2 -4670.5 -46.3 42 0 10.5 9.7 5.0 2.5 2 0 2 0 0
-1554.3 -4576.1 -45.7 39 0 11.0 13.3 2.5 2.5 4 1 1 2 2
-1555.1 -4524.9 -45.7 223 0 11.8 12.3 2.5 2.5 2 1 1 3 3
-1011.0 -4013.3 -42.0 42 0 8.2 9.3 5.0 2.5 2 1 2 0 0
-998.2 -3986.7 -41.3 224 0 8.8 8.4 5.0 2.5 2 0 2 4 4
-987.2 -3975.1 -42.1 223 0 10.4 9.8 5.0 2.5 2 0 2 2 2
-875.7 -3907.3 -48.8 49 0 7.1 7.7 2.5 2.5 2 1 1 5 5
-902.6 -3879.5 -49.8 229 0 9.1 7.7 2.5 2.5 2 0 1 1 1
-829.0 -3799.7 -46.6 230 0 10.8 7.7 5.0 2.5 2 0 2 0 0
-818.5 -3729.8 -48.3 25 0 9.1 8.1 2.5 2.5 2 0 1 2 2
-2377.8 -5783.8 -40.8 48 0 9.9 11.0 5.0 0.0 0 1 2 2 2
-2738.5 -6372.5 -12.4 169 0 8.2 8.4 2.5 2.5 2 1 1 5 5
-2733.5 -6410.4 -11.1 166 0 8.3 9.6 2.5 0.0 0 1 1 3 3
-2731.3 -6442.3 -13.1 176 0 5.5 3.6 2.5 2.5 2 0 1 1 1
-2727.2 -6443.2 -13.3 176 0 7.7 8.1 2.5 2.5 2 1 1 1 1
-2723.9 -6469.6 -15.0 169 0 7.7 9.1 2.5 2.5 2 1 1 1 1
-2709.3 -6627.0 -11.2 184 0 8.3 8.9 2.5 0.0 0 1 1 4 4
-2628.0 -6680.2 -7.5 19 0 9.3 15.7 2.5 2.5 4 1 1 2 2
-2719.3 -6502.0 -14.2 173 0 10.4 10.6 2.5 0.0 0 1 1 4 4
-2719.7 -6522.9 -12.9 175 0 7.1 4.7 2.5 0.0 0 0 1 4 4
-2714.3 -6524.0 -13.7 174 0 10.4 9.2 2.5 2.5 2 0 1 2 2
-2698.2 -6521.8 -14.3 353 0 10.8 6.4 2.5 2.5 2 0 1 1 1
-2712.9 -6542.4 -13.7 165 0 8.0 9.5 2.5 2.5 2 1 1 2 2
-2709.9 -6562.3 -13.7 171 0 8.8 8.6 2.5 2.5 2 0 1 3 3
-2707.0 -6580.8 -13.7 175 0 9.8 7.7 2.5 2.5 2 0 1 2 2
-2676.9 -6574.3 -16.0 268 0 8.0 7.8 2.5 2.5 4 0 1 5 5
-2664.2 -6598.5 -15.3 0 0 12.0 15.9 2.5 2.5 4 1 1 2 2
-2636.8 -6618.1 -13.5 5 0 8.0 12.5 2.5 2.5 2 1 1 0 0
-2678.4 -6625.2 -12.3 178 0 8.6 13.0 2.5 2.5 2 1 1 3 3
-2662.0 -6646.2 -9.9 19 0 3.8 4.6 2.5 0.0 0 1 1 0 0
-2712.6 -6653.9 -8.5 183 0 11.0 14.3 2.5 2.5 2 1 1 1 1
-2716.0 -6665.9 -6.8 184 0 5.0 8.7 2.5 2.5 2 1 1 1 1
-2707.7 -6689.0 -5.9 118 0 5.2 8.0 2.5 2.5 2 1 1 5 5
-2713.9 -6684.7 -5.6 118 0 7.4 8.4 2.5 2.5 2 1 1 5 5
-2673.1 -6700.1 -7.2 120 0 7.9 11.6 2.5 2.5 2 1 1 5 5
-2690.2 -6694.0 -6.5 116 0 8.7 14.3 2.5 2.5 2 1 1 3 3
-2727.3 -6751.3 -8.1 37 0 10.3 10.3 5.0 0.0 0 0 2 4 4
-2735.8 -6766.9 -8.2 313 0 5.6 7.3 5.0 2.5 2 1 2 2 2
-2747.5 -6760.8 -8.2 225 0 8.1 8.9 5.0 2.5 2 1 2 0 0
-2744.8 -6824.3 -5.2 46 0 7.0 5.3 5.0 2.5 2 0 2 3 3
-2748.4 -6819.4 -5.6 47 0 7.9 6.9 5.0 2.5 2 0 2 0 0
-2762.1 -6773.0 -8.2 228 0 10.3 15.6 5.0 2.5 2 1 2 2 2
-2776.2 -6790.1 -7.6 222 0 8.7 7.1 5.0 2.5 2 0 2 4 4
-2785.7 -6805.3 -7.1 221 0 9.2 10.8 5.0 2.5 4 1 2 0 0
-2800.6 -6817.3 -6.9 227 0 7.6 7.2 5.0 0.0 0 0 2 3 3
-2848.7 -6870.7 -6.3 45 0 7.8 7.7 7.5 2.5 2 0 3 2 2
6882.3 2417.5 -47.1 280 0 7.6 9.1 2.5 2.5 2 1 1 5 5
6890.4 2386.9 -45.0 22 0 14.3 10.3 2.5 2.5 2 0 1 5 5
6910.1 2440.9 -51.3 187 0 19.4 8.6 2.5 2.5 2 0 1 5 5
3938.3 1427.2 -46.2 106 0 4.5 5.1 2.5 2.5 2 1 1 2 2
4014.4 1398.7 -47.1 109 0 7.2 7.3 5.0 2.5 2 1 2 4 4
4037.3 1401.1 -46.3 106 0 4.2 6.9 5.0 2.5 2 1 2 3 3
2359.0 758.0 -52.1 225 0 8.8 7.5 5.0 2.5 2 0 2 5 5
6122.6 2044.8 -54.2 66 0 19.6 17.8 2.5 2.5 2 0 1 2 2
6911.6 2349.8 -41.4 21 0 10.1 31.7 2.5 2.5 2 1 1 0 0
