-3116.1 6598.5 6.2 55 0 8.5 8.7 5.0 2.5 2 1 2 5 5
-3484.3 6556.3 -6.6 162 0 8.8 9.1 5.0 2.5 2 1 2 4 4
-4750.1 5604.1 -17.7 239 0 16.7 11.1 5.0 2.5 2 0 2 3 3
-3877.3 6445.8 -19.3 225 0 7.7 11.5 2.5 2.5 2 1 1 4 4
-4785.7 5618.2 -20.9 59 0 10.6 10.6 2.5 2.5 2 1 1 3 3
-3229.9 6661.8 3.8 152 0 7.1 8.8 5.0 2.5 2 1 2 1 1
-4003.1 6255.4 -20.0 23 0 16.9 9.6 2.5 0.0 0 0 1 5 5
-4272.0 6006.8 -21.8 334 0 16.8 13.8 5.0 2.5 2 0 2 3 3
-3510.8 6574.3 -9.4 250 0 9.6 9.3 5.0 2.5 2 0 2 3 3
-3389.8 6628.5 1.6 243 0 8.8 8.9 5.0 2.5 2 1 2 2 2
-4888.9 5507.5 -18.0 238 0 14.7 13.9 5.0 2.5 2 0 2 1 1
-3164.3 6650.8 4.1 327 0 8.4 8.6 5.0 2.5 2 1 2 5 5
-3413.3 6508.4 2.3 66 0 9.4 9.8 5.0 2.5 2 1 2 2 2
-4374.9 5925.1 -19.6 57 0 7.4 6.7 5.0 2.5 2 0 2 4 4
-3461.2 6570.5 -4.3 248 0 8.9 8.9 5.0 2.5 2 1 2 3 3
-3350.4 6645.5 3.5 242 0 8.2 7.7 5.0 0.0 0 0 2 5 5
-4344.3 5936.7 -18.8 62 0 7.0 6.9 5.0 2.5 2 0 2 1 1
-3223.0 6704.0 2.2 245 0 8.0 7.8 5.0 0.0 0 0 2 2 2
-3490.5 6581.9 -7.9 244 0 9.5 11.6 5.0 2.5 4 1 2 3 3
-4682.1 5648.9 -17.4 233 0 10.5 14.1 2.5 2.5 2 1 1 0 0
-4767.5 5590.8 -17.7 243 0 11.3 10.3 5.0 2.5 2 0 2 5 5
-3212.6 6624.1 5.3 158 0 8.3 8.0 5.0 2.5 2 0 2 2 2
-3994.2 6281.9 -20.0 18 0 11.3 11.6 2.5 2.5 2 1 1 1 1
-3287.3 6636.7 4.4 338 0 8.2 9.2 5.0 2.5 2 1 2 2 2
-4274.8 5886.3 -15.1 60 0 11.0 34.7 5.0 2.5 2 1 2 2 2
-3442.3 6578.7 -2.5 243 0 9.2 8.6 5.0 2.5 2 0 2 2 2
-3370.0 6637.7 3.4 248 0 8.3 9.6 5.0 2.5 2 1 2 4 4
-3149.5 6660.5 3.6 330 0 8.4 8.2 5.0 2.5 2 0 2 0 0
-3920.0 6389.6 -19.5 211 0 8.9 13.9 2.5 2.5 2 1 1 1 1
-4317.1 5955.9 -18.8 70 0 12.0 11.8 5.0 2.5 2 0 2 1 1
-3338.2 6618.3 6.9 245 0 8.9 6.5 5.0 2.5 4 0 2 1 1
-4440.7 5844.9 -18.6 239 0 7.3 13.7 5.0 2.5 2 1 2 3 3
-3214.7 6670.2 3.3 157 0 8.7 10.1 5.0 2.5 2 1 2 5 5
-4612.6 5762.6 -22.5 141 0 12.6 10.9 5.0 2.5 2 0 2 1 1
-3268.2 6645.7 3.6 332 0 7.7 8.4 5.0 2.5 2 1 2 5 5
-3931.6 6359.9 -19.6 205 0 11.9 7.7 2.5 2.5 2 0 1 1 1
-3262.1 6681.5 2.9 333 0 8.3 8.1 5.0 2.5 2 0 2 0 0
-4186.3 6021.1 -20.7 62 0 15.7 11.3 2.5 2.5 2 0 1 3 3
-3181.2 6719.2 1.2 335 0 8.5 5.8 5.0 2.5 2 0 2 3 3
-3286.9 6674.6 2.4 242 0 8.2 9.1 5.0 2.5 2 1 2 2 2
-3164.3 6693.8 2.3 334 0 8.7 8.8 5.0 2.5 2 1 2 4 4
-3307.9 6515.5 12.3 59 0 8.9 8.4 5.0 2.5 2 0 2 3 3
-3203.8 6565.7 12.3 244 0 9.5 8.6 5.0 2.5 2 0 2 3 3
-3227.5 6618.2 5.6 333 0 16.2 10.1 5.0 2.5 2 0 2 0 0
-4463.1 5828.7 -18.7 231 0 7.2 11.6 5.0 2.5 2 1 2 1 1
-4625.9 5751.7 -21.5 319 0 16.3 13.8 2.5 2.5 2 0 1 3 3
-3263.0 6543.5 17.7 246 0 8.4 9.5 5.0 2.5 2 1 2 3 3
-3257.6 6672.1 3.4 324 0 7.6 7.8 5.0 0.0 0 1 2 4 4
-4044.3 6146.4 -22.4 37 0 6.5 7.1 2.5 2.5 4 1 1 5 5
-3179.4 6726.8 0.9 248 0 3.8 4.1 5.0 2.5 4 1 2 0 0
-3287.8 6524.5 15.5 65 0 9.9 8.4 5.0 2.5 2 0 2 4 4
-4617.1 5675.8 -17.9 55 0 16.7 15.4 2.5 2.5 2 0 1 3 3
-3186.1 6633.8 4.7 71 0 8.6 7.9 5.0 2.5 2 0 2 3 3
-4864.5 5521.9 -17.8 235 0 12.3 14.0 5.0 2.5 4 1 2 0 0
-3218.2 6587.8 7.2 67 0 9.4 7.5 5.0 2.5 2 0 2 2 2
-4842.9 5716.6 -25.1 58 0 9.9 9.6 5.0 2.5 2 0 2 2 2
-4458.3 5878.5 -21.5 54 0 7.8 11.3 5.0 2.5 2 1 2 3 3
-3247.6 6654.3 4.1 336 0 8.2 8.3 5.0 2.5 4 1 2 3 3
-3175.8 6782.7 -3.9 47 0 10.6 12.8 5.0 2.5 2 1 2 4 4
-4887.6 5701.5 -26.3 138 0 26.3 9.0 5.0 2.5 2 0 2 5 5
-3376.7 6554.9 4.9 66 0 7.6 8.0 5.0 2.5 2 1 2 5 5
-4581.2 5739.2 -19.8 229 0 8.6 17.6 2.5 2.5 2 1 1 4 4
-3175.5 6607.4 5.6 63 0 9.5 7.3 5.0 2.5 4 0 2 4 4
-4815.6 5556.1 -17.7 236 0 9.0 7.8 5.0 2.5 2 0 2 1 1
-4853.9 5696.9 -25.6 53 0 7.4 19.3 5.0 2.5 2 1 2 3 3
-3245.4 6689.7 2.7 157 0 8.2 10.6 5.0 2.5 2 1 2 1 1
-4483.5 5858.8 -21.7 48 0 6.1 10.4 5.0 2.5 2 1 2 2 2
-3325.2 6657.9 3.0 241 0 9.8 8.5 5.0 2.5 2 0 2 3 3
-3203.1 6712.3 1.7 250 0 8.0 7.8 5.0 2.5 2 0 2 3 3
-3993.4 6165.3 -21.7 205 0 6.9 15.4 2.5 0.0 0 1 1 0 0
-4909.9 5695.9 -26.4 326 0 14.0 7.3 5.0 2.5 2 0 2 3 3
-3407.7 6619.8 -0.1 246 0 9.6 10.3 5.0 0.0 0 1 2 2 2
-3179.7 6577.8 9.8 239 0 9.3 8.0 5.0 2.5 2 0 2 5 5
-3953.8 6315.9 -20.5 214 0 10.3 9.3 2.5 2.5 2 0 1 5 5
-3468.6 6524.5 -4.6 154 0 8.4 8.4 5.0 2.5 2 1 2 3 3
-3918.5 6327.4 -19.0 109 0 6.3 8.1 2.5 2.5 2 1 1 5 5
-3231.3 6669.5 3.6 154 0 3.7 6.1 5.0 0.0 0 1 2 1 1
-3432.7 6608.3 -2.4 238 0 10.2 9.2 5.0 2.5 2 0 2 3 3
-3399.9 6538.2 3.3 74 0 5.8 4.8 5.0 0.0 0 0 2 1 1
-3313.7 6630.6 6.0 249 0 8.7 8.6 5.0 0.0 0 0 2 4 4
-3182.8 6685.8 2.7 331 0 8.8 10.6 5.0 2.5 2 1 2 4 4
-3359.5 6613.6 5.4 243 0 8.5 8.3 5.0 2.5 2 0 2 0 0
-4643.9 5722.3 -20.8 50 0 10.2 10.1 2.5 2.5 2 0 1 3 3
-4015.0 6201.1 -20.8 26 0 11.7 10.0 2.5 2.5 2 0 1 4 4
-3392.8 6515.6 4.4 68 0 8.0 8.8 5.0 2.5 2 1 2 4 4
-3242.8 6551.5 15.6 253 0 9.4 7.3 5.0 0.0 0 0 2 5 5
-4895.6 5657.7 -26.2 314 0 14.9 17.2 5.0 2.5 2 1 2 0 0
-3948.5 6335.5 -20.4 212 0 13.5 11.8 2.5 2.5 2 0 1 0 0
-3402.4 6545.3 2.4 67 0 8.4 7.6 5.0 2.5 2 0 2 5 5
-3425.4 6592.0 -0.9 243 0 5.8 4.6 5.0 2.5 2 0 2 3 3
-3305.5 6666.4 2.1 244 0 9.8 9.6 5.0 2.5 2 0 2 1 1
-3449.4 6531.7 -1.6 152 0 8.3 7.2 5.0 2.5 2 0 2 3 3
-4674.8 5700.1 -20.1 61 0 8.8 11.1 2.5 2.5 4 1 1 1 1
-3342.2 6498.9 9.3 61 0 10.4 9.4 5.0 2.5 2 0 2 0 0
-4296.0 5960.2 -17.9 66 0 8.2 4.3 5.0 2.5 2 0 2 2 2
-3219.5 6546.2 13.7 66 0 9.3 12.8 5.0 2.5 2 1 2 3 3
-4866.6 5564.9 -21.3 54 0 24.8 11.0 2.5 2.5 2 0 1 2 2
-3234.9 6684.1 3.0 127 0 3.3 4.9 5.0 2.5 2 1 2 1 1
-3807.2 6500.8 -18.9 262 0 9.3 10.3 7.5 2.5 2 1 3 3 3
-3967.7 6378.2 -20.8 31 0 10.6 9.0 2.5 0.0 0 0 1 2 2
-3439.1 6504.6 -0.2 166 0 9.2 9.4 5.0 2.5 2 1 2 2 2
-4907.4 5541.1 -19.4 62 0 12.3 16.9 2.5 2.5 2 1 1 3 3
-3974.7 6204.9 -21.9 207 0 9.5 15.4 2.5 0.0 0 1 1 2 2
-3421.6 6586.2 -0.4 244 0 8.1 7.4 5.0 2.5 2 0 2 3 3
-4534.2 5863.6 -23.5 233 0 11.9 5.4 5.0 2.5 2 0 2 2 2
-3534.4 6559.1 -10.2 161 0 11.7 10.7 5.0 2.5 2 0 2 0 0
-3327.0 6505.9 10.5 60 0 11.0 9.6 5.0 2.5 2 0 2 3 3
-3194.4 6602.8 6.0 59 0 8.5 7.9 5.0 2.5 4 0 2 0 0
-3452.3 6599.6 -4.4 249 0 10.3 9.1 5.0 2.5 2 0 2 5 5
-4916.0 5735.3 -26.4 139 0 9.0 19.1 5.0 0.0 0 1 2 4 4
-3770.7 6507.5 -18.3 255 0 9.2 10.6 5.0 2.5 2 1 2 0 0
-3948.3 6409.0 -20.6 29 0 7.7 9.3 2.5 2.5 2 1 1 2 2
-3399.4 6597.1 1.6 242 0 9.0 8.8 5.0 2.5 2 0 2 1 1
-4960.5 5424.2 -16.9 310 0 11.6 12.8 2.5 2.5 2 1 1 5 5
-3161.1 6587.4 6.6 238 0 9.0 8.9 5.0 2.5 2 0 2 0 0
-3430.5 6538.0 0.3 156 0 7.6 9.6 5.0 2.5 4 1 2 5 5
-4530.9 5815.7 -22.0 49 0 9.4 14.1 5.0 2.5 2 1 2 0 0
-3136.8 6633.5 4.4 58 0 7.5 8.3 5.0 2.5 2 1 2 0 0
-3506.3 6547.1 -9.3 163 0 9.0 8.7 5.0 2.5 2 0 2 1 1
-3896.5 6422.5 -19.5 230 0 14.5 8.4 2.5 2.5 2 0 1 1 1
-4796.3 5569.0 -17.7 223 0 15.3 10.1 5.0 2.5 2 0 2 0 0
-3972.4 6225.4 -21.6 201 0 9.1 11.8 2.5 0.0 0 1 1 4 4
-4878.6 5745.2 -26.1 320 0 9.5 27.8 5.0 0.0 0 1 2 1 1
-3601.8 6544.0 -13.3 319 0 11.9 12.2 5.0 2.5 2 1 2 1 1
-3378.5 6607.0 3.5 240 0 9.5 8.0 5.0 2.5 2 0 2 1 1
-4902.0 5479.5 -16.8 57 0 17.5 17.5 5.0 0.0 0 1 2 3 3
-3141.7 6596.1 5.9 236 0 8.9 8.6 5.0 2.5 2 0 2 5 5
-4393.6 5914.2 -20.0 59 0 8.8 8.1 5.0 2.5 2 0 2 0 0
-3470.6 6590.8 -6.1 249 0 10.2 12.5 5.0 2.5 2 1 2 4 4
-3349.4 6654.2 2.7 247 0 4.1 3.3 5.0 2.5 2 0 2 1 1
-4486.7 5755.2 -18.4 51 0 11.7 32.1 5.0 2.5 2 1 2 3 3
-3197.7 6758.8 -1.8 60 0 14.3 8.6 5.0 2.5 2 0 2 5 5
