328.8 4644.4 -24.4 348 0 8.5 14.5 5.0 2.5 2 1 2 4 4
332.2 4630.3 -24.2 351 0 8.5 17.5 5.0 2.5 2 1 2 1 1
291.9 4819.8 -27.1 79 0 13.8 10.9 2.5 2.5 2 0 1 3 3
342.7 4582.7 -23.6 356 0 10.4 14.9 5.0 2.5 2 1 2 4 4
82.6 5478.1 -37.1 159 0 15.8 10.2 2.5 0.0 0 0 1 4 4
-2703.0 4714.6 -33.7 205 0 11.1 8.5 5.0 2.5 2 0 2 3 3
-2672.5 4694.0 -33.7 115 0 6.7 8.7 5.0 2.5 2 1 2 0 0
-2787.2 4782.9 -34.4 195 0 7.1 9.8 5.0 2.5 2 1 2 2 2
-2618.4 4676.7 -34.1 15 0 10.7 10.6 5.0 2.5 2 0 2 0 0
346.8 4783.1 -26.4 202 0 15.4 16.0 2.5 2.5 2 1 1 2 2
-2797.1 4802.2 -35.6 17 0 7.3 10.3 2.5 0.0 0 1 1 3 3
-2712.3 4726.3 -33.5 17 0 9.2 9.1 5.0 2.5 2 0 2 4 4
-2747.3 4795.1 -35.0 282 0 8.2 6.3 5.0 2.5 2 0 2 3 3
-2653.4 4685.7 -34.0 108 0 14.9 11.9 5.0 2.5 2 0 2 0 0
-2789.6 4760.9 -33.5 198 0 5.2 7.4 5.0 2.5 2 1 2 3 3
-2809.3 4764.7 -33.9 357 0 8.6 9.7 2.5 2.5 2 1 1 0 0
-2690.2 4793.6 -35.6 287 0 7.7 7.1 5.0 2.5 2 0 2 3 3
-2744.0 4727.1 -33.3 108 0 8.9 12.1 5.0 2.5 2 1 2 5 5
-2643.5 4762.5 -35.3 287 0 6.4 5.5 5.0 2.5 4 0 2 1 1
-2767.2 4734.7 -33.2 109 0 8.6 13.3 5.0 2.5 2 1 2 0 0
-2744.1 4810.5 -35.7 290 0 7.5 7.4 5.0 2.5 2 0 2 2 2
-2645.0 4753.7 -35.2 287 0 7.8 7.2 5.0 2.5 2 0 2 4 4
-2793.1 4750.1 -33.1 198 0 10.8 10.3 5.0 2.5 2 0 2 4 4
-2671.3 4770.6 -35.4 196 0 7.1 8.9 5.0 2.5 2 1 2 5 5
-2717.0 4798.0 -35.5 291 0 12.2 8.4 5.0 2.5 2 0 2 0 0
-2795.0 4812.7 -36.0 16 0 6.5 10.2 2.5 2.5 2 1 1 1 1
-2706.1 4818.9 -35.9 112 0 6.4 9.3 2.5 2.5 4 1 1 4 4
-2602.0 4673.1 -34.2 200 0 26.9 10.6 2.5 2.5 2 0 1 5 5
48.2 6100.9 -50.2 251 0 11.3 37.1 2.5 2.5 2 1 1 1 1
105.0 5552.1 -38.6 344 0 10.8 43.9 2.5 2.5 2 1 1 2 2
50.3 5578.2 -39.2 163 0 13.7 7.7 2.5 2.5 2 0 1 4 4
76.0 5499.2 -37.5 160 0 14.4 9.2 2.5 2.5 2 0 1 3 3
375.0 4272.9 -18.7 291 0 29.0 30.2 2.5 0.0 0 1 1 3 3
102.8 6062.3 -49.1 164 0 15.1 12.0 5.0 2.5 2 0 2 0 0
125.2 6091.4 -48.5 253 0 9.4 28.0 5.0 2.5 2 1 2 5 5
227.2 6126.9 -50.1 90 0 11.8 11.5 7.5 2.5 2 0 3 4 4
406.6 4052.7 -16.6 77 0 57.3 91.4 2.5 0.0 0 1 1 1 1
184.7 5819.5 -40.6 96 0 15.4 27.3 2.5 2.5 2 1 1 1 1
519.0 4002.2 -19.8 169 0 106.1 90.4 2.5 0.0 0 0 1 2 2
-5.0 5828.6 -45.2 192 0 15.0 11.0 5.0 2.5 2 0 2 4 4
172.7 5351.0 -34.1 247 0 6.8 9.4 5.0 2.5 2 1 2 1 1
268.4 5078.5 -32.0 157 0 6.4 15.4 2.5 2.5 2 1 1 1 1
254.5 5123.3 -33.0 157 0 7.6 8.8 2.5 2.5 2 1 1 4 4
155.1 5337.5 -34.0 157 0 10.9 15.1 5.0 0.0 0 1 2 3 3
258.3 5112.3 -32.9 157 0 8.6 15.5 2.5 2.5 4 1 1 4 4
47.4 5463.2 -36.3 337 0 11.7 12.1 2.5 2.5 4 1 1 3 3
208.1 5296.2 -34.3 67 0 8.5 14.5 5.0 2.5 2 1 2 0 0
17.2 4995.1 -30.5 258 0 9.8 17.9 2.5 2.5 2 1 1 0 0
43.4 5479.4 -36.6 337 0 7.0 8.8 2.5 2.5 4 1 1 3 3
268.0 5089.8 -32.4 157 0 9.0 19.2 2.5 2.5 2 1 1 4 4
248.4 5161.3 -34.1 157 0 6.8 10.7 2.5 2.5 2 1 1 2 2
109.7 5421.5 -35.5 157 0 7.7 27.9 2.5 2.5 2 1 1 5 5
37.9 5489.0 -36.9 336 0 10.6 19.2 2.5 2.5 4 1 1 1 1
244.2 5150.1 -33.8 157 0 6.8 17.4 2.5 2.5 2 1 1 0 0
186.7 5294.1 -34.3 157 0 12.4 13.5 5.0 2.5 2 1 2 0 0
29.1 5506.5 -37.2 339 0 11.8 17.6 2.5 2.5 2 1 1 3 3
263.6 5100.5 -32.6 157 0 9.5 14.0 2.5 2.5 2 1 1 2 2
54.3 5447.8 -36.0 337 0 7.6 16.1 2.5 2.5 4 1 1 4 4
125.9 5018.8 -30.9 247 0 10.8 12.7 5.0 2.5 2 1 2 2 2
236.7 5103.9 -32.4 337 0 6.5 22.6 5.0 2.5 2 1 2 5 5
197.4 5193.0 -33.4 337 0 11.9 17.6 5.0 2.5 2 1 2 3 3
240.6 5305.1 -34.6 337 0 9.3 14.5 5.0 2.5 2 1 2 2 2
228.8 5195.4 -34.3 157 0 8.7 16.3 2.5 2.5 2 1 1 5 5
650.4 3813.1 -12.4 282 0 15.0 19.4 2.5 2.5 2 1 1 1 1
18.7 4732.8 -25.8 260 0 7.4 7.5 2.5 0.0 0 1 1 4 4
19.9 4584.1 -23.7 13 0 10.8 11.5 5.0 2.5 2 1 2 4 4
-70.0 5113.2 -32.3 170 0 7.0 11.6 2.5 2.5 2 1 1 2 2
-12.7 5014.3 -30.7 74 0 8.3 13.2 2.5 2.5 2 1 1 0 0
-40.7 4811.5 -27.1 350 0 5.4 7.5 5.0 2.5 2 1 2 1 1
-27.9 4790.0 -26.7 350 0 8.2 11.9 5.0 2.5 2 1 2 5 5
32.1 4633.6 -24.2 170 0 9.9 7.9 2.5 2.5 2 0 1 4 4
25.8 4672.0 -24.9 170 0 8.2 14.8 2.5 2.5 2 1 1 4 4
-18.0 4870.5 -28.1 170 0 6.6 10.6 2.5 2.5 2 1 1 0 0
-51.8 4863.2 -27.8 350 0 9.9 12.5 5.0 2.5 2 1 2 2 2
-84.6 5018.4 -29.3 350 0 6.8 16.2 5.0 2.5 2 1 2 0 0
-14.5 4701.5 -25.5 350 0 9.5 13.7 5.0 2.5 2 1 2 3 3
5.4 4777.0 -26.8 170 0 8.7 10.2 2.5 2.5 2 1 1 5 5
-32.1 4769.0 -26.2 350 0 7.8 7.9 5.0 0.0 0 1 2 0 0
-88.6 5031.0 -30.0 350 0 11.4 16.0 5.0 2.5 4 1 2 1 1
3.2 4614.5 -24.4 350 0 7.9 14.6 5.0 2.5 2 1 2 5 5
-14.6 4686.4 -25.4 350 0 10.1 8.6 5.0 2.5 2 0 2 4 4
-21.6 4911.5 -29.5 170 0 9.5 8.0 2.5 2.5 2 0 1 2 2
-20.0 4712.9 -25.6 350 0 7.0 9.5 5.0 2.5 2 1 2 3 3
-2.6 4796.4 -26.8 170 0 8.4 10.8 2.5 2.5 2 1 1 1 1
11.6 4605.7 -24.1 350 0 7.4 11.6 5.0 2.5 2 1 2 4 4
4.0 5023.9 -30.9 70 0 8.7 14.2 2.5 2.5 2 1 1 4 4
40.6 4614.7 -23.9 170 0 6.1 9.2 2.5 2.5 2 1 1 2 2
-104.0 5108.1 -32.8 350 0 8.8 15.1 5.0 2.5 2 1 2 5 5
-18.1 4975.4 -30.4 170 0 12.0 10.4 2.5 2.5 2 0 1 2 2
-8.0 4664.9 -25.1 350 0 8.1 13.5 5.0 0.0 0 1 2 5 5
1.5 4657.2 -24.9 350 0 8.7 11.1 5.0 2.5 2 1 2 2 2
-42.6 4820.5 -27.4 350 0 8.8 11.3 5.0 0.0 0 1 2 5 5
-6.0 4700.0 -25.3 350 0 7.5 6.4 5.0 2.5 2 0 2 3 3
-65.1 5065.6 -31.4 170 0 17.2 14.5 2.5 2.5 2 0 1 2 2
-65.4 5124.5 -32.4 170 0 9.9 7.0 2.5 0.0 0 0 1 1 1
-83.1 5177.6 -33.5 170 0 9.0 18.1 2.5 2.5 2 1 1 5 5
-8.0 4828.6 -27.4 170 0 13.3 19.1 2.5 2.5 2 1 1 2 2
436.9 4447.6 -21.5 169 0 7.9 5.9 5.0 2.5 2 0 2 2 2
353.4 5018.8 -32.0 349 0 11.9 9.2 5.0 2.5 4 0 2 1 1
342.6 4732.2 -25.4 167 0 7.0 29.3 2.5 2.5 2 1 1 3 3
408.1 4453.3 -22.0 167 0 10.1 21.6 5.0 0.0 0 1 2 4 4
202.8 5040.7 -30.7 258 0 12.1 16.3 5.0 2.5 2 1 2 2 2
287.2 4522.7 -20.9 262 0 20.4 10.6 2.5 2.5 2 0 1 0 0
351.0 4473.9 -22.0 349 0 5.7 8.7 2.5 2.5 2 1 1 5 5
460.4 4438.3 -21.2 78 0 9.3 6.1 5.0 2.5 2 0 2 1 1
326.9 4843.9 -28.9 172 0 16.3 16.9 2.5 2.5 2 1 1 5 5
361.2 4682.8 -24.8 173 0 8.8 9.1 2.5 2.5 4 1 1 0 0
313.9 4728.9 -25.3 347 0 8.3 12.6 5.0 2.5 2 1 2 4 4
272.6 4824.6 -27.0 82 0 19.0 10.5 2.5 2.5 2 0 1 3 3
394.1 4814.7 -26.8 262 0 11.2 19.2 2.5 2.5 2 1 1 0 0
291.3 4441.3 -18.6 172 0 8.9 13.6 2.5 2.5 2 1 1 0 0
291.0 4458.6 -19.2 172 0 9.8 9.9 2.5 2.5 2 1 1 5 5
309.0 4748.9 -25.8 347 0 8.0 14.3 5.0 2.5 2 1 2 1 1
367.6 4431.9 -21.7 352 0 10.9 8.9 2.5 0.0 0 0 1 3 3
368.1 4489.9 -22.7 352 0 10.8 13.2 2.5 2.5 2 1 1 4 4
381.0 4436.6 -22.0 349 0 9.7 6.1 2.5 2.5 2 0 1 5 5
396.9 4484.4 -22.6 173 0 8.1 12.1 5.0 2.5 2 1 2 5 5
444.3 4492.2 -22.4 172 0 5.6 7.2 5.0 0.0 0 1 2 3 3
381.0 4720.2 -25.3 82 0 7.9 19.2 2.5 2.5 2 1 1 3 3
306.1 4774.0 -26.3 353 0 10.7 13.9 5.0 2.5 2 1 2 4 4
390.1 4534.7 -23.2 172 0 8.1 7.2 5.0 0.0 0 0 2 0 0
301.3 4938.8 -29.6 168 0 20.8 10.6 5.0 2.5 2 0 2 5 5
282.1 4554.5 -22.4 82 0 9.6 7.8 5.0 2.5 2 0 2 5 5
369.9 4445.0 -22.1 347 0 8.9 10.8 2.5 2.5 2 1 1 0 0
394.8 4568.1 -23.6 83 0 13.9 4.8 2.5 2.5 2 0 1 4 4
379.0 4565.7 -23.7 82 0 8.4 13.8 2.5 2.5 4 1 1 0 0
302.7 4982.1 -31.2 168 0 8.7 11.8 5.0 0.0 0 1 2 5 5
361.7 4464.3 -22.2 352 0 5.6 7.9 2.5 2.5 2 1 1 3 3
474.2 4431.5 -21.0 82 0 8.0 8.8 5.0 2.5 2 1 2 5 5
365.9 4646.8 -24.5 172 0 11.8 18.5 2.5 2.5 2 1 1 0 0
375.6 4460.6 -22.4 353 0 11.7 10.6 2.5 2.5 2 0 1 2 2
400.4 4473.6 -22.4 173 0 9.4 15.6 5.0 2.5 2 1 2 3 3
246.8 4498.2 -19.6 349 0 7.0 16.5 2.5 0.0 0 1 1 4 4
400.0 4426.7 -21.7 169 0 7.6 12.6 5.0 2.5 4 1 2 2 2
67.6 4997.4 -30.5 172 0 18.1 7.7 5.0 2.5 2 0 2 3 3
1619.9 3405.1 -15.9 176 0 11.6 12.2 2.5 2.5 2 1 1 1 1
93.2 5910.0 -46.0 217 0 14.8 23.1 5.0 0.0 0 1 2 5 5
542.6 3742.4 -10.1 166 0 9.5 20.8 2.5 2.5 2 1 1 0 0
1703.5 3339.9 -13.8 356 0 11.2 16.6 2.5 2.5 2 1 1 0 0
673.8 3648.8 -9.1 170 0 7.5 14.7 5.0 0.0 0 1 2 3 3
801.3 3326.1 -3.3 269 0 7.4 4.9 5.0 2.5 2 0 2 2 2
485.2 3776.0 -9.2 256 0 10.1 16.3 5.0 0.0 0 1 2 1 1
421.5 4340.3 -20.8 166 0 11.2 25.8 5.0 0.0 0 1 2 3 3
1304.7 3384.1 -8.4 88 0 13.6 20.4 5.0 0.0 0 1 2 0 0
794.2 3622.7 -8.8 171 0 7.2 6.0 5.0 2.5 2 0 2 1 1
3213.8 5240.8 -46.1 222 0 8.2 10.1 5.0 2.5 2 1 2 5 5
737.8 3326.6 -3.4 268 0 3.1 3.9 5.0 2.5 4 1 2 0 0
232.9 3984.1 -10.1 344 0 7.5 5.9 2.5 2.5 2 0 1 2 2
139.2 5923.2 -45.6 219 0 10.0 22.7 5.0 2.5 2 1 2 5 5
522.1 3928.0 -14.7 172 0 13.0 8.7 5.0 2.5 2 0 2 5 5
1753.6 3510.9 -18.4 269 0 5.6 3.3 2.5 2.5 2 0 1 2 2
442.1 4215.4 -18.7 163 0 4.8 4.4 5.0 2.5 2 0 2 1 1
2038.8 3555.8 -23.1 178 0 7.8 11.7 5.0 2.5 2 1 2 0 0
563.7 3648.8 -7.8 168 0 7.1 7.3 2.5 2.5 2 1 1 4 4
719.5 3404.3 -5.5 171 0 4.9 8.1 5.0 2.5 2 1 2 5 5
-287.0 5919.1 -43.4 347 0 7.3 7.3 5.0 2.5 2 1 2 2 2
3477.7 5309.3 -47.7 243 0 3.9 4.8 5.0 2.5 2 1 2 5 5
1284.8 3461.6 -7.8 271 0 7.4 6.8 5.0 2.5 2 0 2 1 1
613.4 3419.1 -4.1 166 0 3.3 4.9 2.5 2.5 2 1 1 1 1
3501.1 5349.3 -47.3 149 0 4.9 5.1 5.0 2.5 2 1 2 3 3
1526.9 3154.1 -8.4 268 0 7.0 7.8 2.5 2.5 2 1 1 2 2
541.1 3511.4 -3.1 260 0 3.0 7.4 5.0 2.5 2 1 2 0 0
-398.7 5918.7 -43.9 265 0 4.2 5.4 5.0 0.0 0 1 2 2 2
643.1 3648.3 -9.1 357 0 6.4 11.1 2.5 2.5 2 1 1 3 3
2023.4 3454.0 -19.8 178 0 6.4 6.3 2.5 0.0 0 0 1 5 5
504.4 3408.9 -4.4 179 0 3.6 3.5 5.0 2.5 2 0 2 5 5
534.0 3747.4 -9.9 170 0 4.4 6.2 2.5 2.5 2 1 1 4 4
349.6 4171.5 -16.2 169 0 14.3 10.1 5.0 2.5 2 0 2 1 1
1501.5 3474.1 -14.4 236 0 5.2 8.6 5.0 0.0 0 1 2 0 0
448.7 4045.6 -15.2 255 0 16.4 8.6 2.5 2.5 2 0 1 1 1
1274.7 3343.0 -9.1 270 0 10.1 9.9 5.0 0.0 0 0 2 5 5
584.9 3494.8 -3.1 166 0 6.6 6.2 2.5 2.5 2 0 1 3 3
3667.3 5375.5 -47.8 235 0 6.1 4.9 5.0 2.5 2 0 2 0 0
1596.3 3456.9 -16.2 344 0 18.9 7.4 5.0 2.5 2 0 2 2 2
-477.5 5939.7 -45.6 84 0 5.4 4.7 5.0 2.5 2 0 2 4 4
516.7 3533.7 -3.5 255 0 6.0 4.8 5.0 0.0 0 0 2 4 4
474.2 3810.7 -9.2 70 0 3.3 4.9 2.5 2.5 2 1 1 3 3
2290.2 3444.8 -24.2 179 0 11.0 12.0 2.5 2.5 4 1 1 1 1
22.8 4519.8 -22.3 349 0 6.3 12.4 5.0 2.5 4 1 2 4 4
-446.8 5915.5 -45.1 265 0 5.8 6.7 5.0 2.5 2 1 2 1 1
1892.0 3432.1 -18.3 1 0 6.6 9.9 2.5 2.5 2 1 1 5 5
1365.4 3608.4 -13.9 87 0 7.4 5.9 5.0 0.0 0 0 2 5 5
2179.1 3547.5 -22.4 88 0 8.1 12.8 5.0 2.5 2 1 2 4 4
392.1 4341.4 -19.8 360 0 7.1 9.0 2.5 2.5 2 1 1 5 5
3696.3 5434.8 -46.8 54 0 10.2 16.8 5.0 2.5 2 1 2 5 5
1469.3 3560.0 -12.8 1 0 9.9 4.1 5.0 2.5 2 0 2 4 4
461.1 4147.0 -18.4 168 0 14.8 8.7 5.0 0.0 0 0 2 4 4
1831.7 3435.8 -18.3 85 0 4.4 12.6 2.5 2.5 4 1 1 1 1
697.8 3660.4 -9.3 170 0 11.4 7.7 5.0 2.5 2 0 2 0 0
1985.5 3498.7 -20.3 270 0 11.5 11.7 5.0 0.0 0 1 2 4 4
-520.2 5904.5 -46.1 264 0 9.6 7.2 5.0 2.5 2 0 2 1 1
2525.9 4157.9 -36.6 1 0 9.7 10.5 5.0 2.5 2 1 2 5 5
1385.8 3578.9 -13.0 271 0 8.4 10.6 5.0 2.5 2 1 2 0 0
2124.9 3739.2 -27.7 49 0 4.1 4.8 5.0 2.5 2 1 2 1 1
3988.2 5562.1 -45.1 234 0 6.5 7.9 5.0 2.5 2 1 2 2 2
3692.5 3461.4 -13.6 328 0 8.2 10.2 2.5 2.5 2 1 1 4 4
1630.3 2977.3 -9.6 176 0 7.8 11.6 5.0 2.5 2 1 2 1 1
1835.8 3553.1 -21.3 88 0 8.5 5.7 5.0 2.5 2 0 2 4 4
298.6 3875.1 -7.2 166 0 4.2 11.7 2.5 2.5 4 1 1 5 5
214.6 4293.3 -16.4 167 0 17.6 12.4 2.5 2.5 2 0 1 2 2
4368.9 4066.5 -7.2 219 0 6.5 7.6 5.0 2.5 2 1 2 1 1
2307.9 3540.0 -25.0 89 0 6.1 10.1 5.0 2.5 2 1 2 5 5
7.7 6026.9 -48.2 73 0 8.2 8.7 5.0 2.5 2 1 2 0 0
163.5 5849.7 -41.5 183 0 6.4 7.7 5.0 2.5 2 1 2 5 5
220.7 4560.8 -22.1 350 0 4.0 4.8 2.5 2.5 2 1 1 5 5
556.2 3782.7 -10.3 260 0 6.6 5.5 2.5 2.5 2 0 1 4 4
4027.8 3719.2 -9.1 221 0 6.7 7.6 5.0 2.5 2 1 2 4 4
1623.5 3178.8 -9.1 181 0 7.3 7.3 5.0 2.5 2 0 2 2 2
617.5 3661.3 -9.1 357 0 3.1 4.3 2.5 2.5 2 1 1 5 5
4505.7 4259.3 -7.4 38 0 5.0 3.7 2.5 2.5 2 0 1 4 4
205.3 6460.8 -54.8 22 0 8.8 15.5 2.5 2.5 2 1 1 3 3
2845.2 4750.6 -41.4 34 0 6.5 8.6 5.0 2.5 2 1 2 0 0
743.9 3576.6 -8.2 257 0 6.3 11.2 5.0 2.5 2 1 2 3 3
2348.6 3631.4 -25.5 272 0 7.9 8.5 5.0 2.5 2 1 2 5 5
382.1 4001.0 -11.8 175 0 11.6 11.3 2.5 2.5 2 0 1 5 5
2971.5 4988.5 -42.2 126 0 11.1 27.1 5.0 2.5 2 1 2 5 5
1690.1 3633.6 -19.8 353 0 8.9 8.8 5.0 2.5 2 0 2 0 0
570.3 3630.3 -7.5 169 0 7.8 19.1 2.5 2.5 2 1 1 2 2
4006.4 3756.0 -11.8 42 0 3.9 3.8 5.0 2.5 2 0 2 3 3
1645.9 3500.5 -16.0 252 0 4.4 4.0 2.5 2.5 2 0 1 3 3
84.8 4891.7 -28.4 160 0 7.4 6.1 5.0 2.5 2 0 2 2 2
2043.1 3611.4 -24.7 264 0 4.3 9.9 5.0 2.5 2 1 2 0 0
408.8 3876.2 -8.1 169 0 6.7 3.3 2.5 2.5 2 0 1 5 5
4561.9 4309.6 -7.6 40 0 6.5 10.0 2.5 2.5 2 1 1 4 4
675.2 3961.8 -18.2 70 0 10.5 11.3 5.0 2.5 2 1 2 3 3
268.7 4396.2 -16.6 351 0 6.3 9.7 2.5 2.5 2 1 1 3 3
819.6 3780.7 -13.4 79 0 6.4 8.6 5.0 2.5 2 1 2 2 2
-648.1 5891.0 -46.2 175 0 6.8 9.3 5.0 2.5 2 1 2 4 4
3141.2 5091.7 -44.3 203 0 3.0 3.2 5.0 2.5 2 1 2 0 0
4119.4 3855.3 -5.4 46 0 6.7 8.2 5.0 2.5 2 1 2 5 5
2014.6 3657.5 -26.2 43 0 6.1 10.7 5.0 2.5 2 1 2 1 1
-366.4 5692.2 -44.1 99 0 9.7 8.9 5.0 2.5 4 0 2 0 0
2135.6 3653.9 -25.4 90 0 10.3 10.3 5.0 2.5 2 1 2 2 2
800.9 3544.3 -8.7 179 0 3.1 5.7 5.0 2.5 2 1 2 3 3
107.3 5331.5 -33.5 329 0 7.6 10.9 2.5 2.5 2 1 1 4 4
3152.2 5115.3 -44.6 301 0 4.3 3.4 5.0 2.5 2 0 2 3 3
4276.4 3949.8 -5.4 38 0 8.0 6.3 5.0 2.5 2 0 2 2 2
1487.0 3041.9 -8.8 360 0 7.6 16.5 2.5 2.5 2 1 1 0 0
271.1 6383.1 -49.6 334 0 8.3 15.6 5.0 2.5 2 1 2 3 3
1729.2 3505.9 -18.1 179 0 7.8 12.5 2.5 2.5 2 1 1 1 1
722.4 3840.4 -14.8 257 0 5.7 4.5 5.0 2.5 4 0 2 2 2
141.3 4550.8 -22.1 354 0 6.0 7.1 5.0 2.5 2 1 2 0 0
626.7 3344.3 -3.2 180 0 11.8 8.5 5.0 0.0 0 0 2 4 4
1354.5 3399.1 -9.7 177 0 14.4 6.5 2.5 2.5 4 0 1 0 0
1504.2 3298.8 -11.1 178 0 3.4 5.1 5.0 2.5 2 1 2 5 5
39.5 4622.6 -24.0 166 0 6.1 9.4 2.5 2.5 2 1 1 1 1
1729.4 3456.0 -17.8 180 0 6.8 10.9 2.5 2.5 2 1 1 5 5
407.8 4610.0 -24.0 358 0 8.6 9.8 2.5 2.5 4 1 1 3 3
463.3 4121.8 -18.1 168 0 9.4 9.4 5.0 2.5 4 1 2 0 0
2278.8 3815.7 -29.3 259 0 5.9 8.0 5.0 2.5 2 1 2 1 1
425.2 3817.5 -8.0 170 0 5.8 7.8 2.5 0.0 0 1 1 1 1
667.5 3689.5 -9.7 171 0 7.6 16.5 5.0 2.5 2 1 2 1 1
1398.8 3469.5 -11.1 262 0 6.3 8.3 2.5 2.5 2 1 1 2 2
1004.7 3357.4 -9.1 268 0 5.9 4.1 5.0 2.5 2 0 2 2 2
84.4 4947.6 -29.5 169 0 6.5 6.1 5.0 2.5 2 0 2 0 0
3589.4 5388.7 -47.3 58 0 8.2 9.0 5.0 0.0 0 1 2 5 5
1515.6 3343.3 -12.8 178 0 7.9 9.6 5.0 2.5 2 1 2 5 5
34.3 6148.5 -51.3 4 0 7.6 8.6 5.0 2.5 2 1 2 0 0
643.8 3630.6 -8.6 356 0 12.4 9.7 2.5 2.5 2 0 1 0 0
27.6 4528.9 -22.6 353 0 6.0 16.1 5.0 2.5 2 1 2 3 3
79.4 5046.3 -31.3 64 0 5.7 5.0 2.5 2.5 2 0 1 3 3
2495.0 3619.0 -27.0 270 0 17.7 8.8 5.0 0.0 0 0 2 0 0
1366.7 3504.4 -11.0 87 0 4.0 10.1 5.0 2.5 2 1 2 4 4
757.2 3608.3 -8.6 349 0 3.7 5.9 5.0 2.5 4 1 2 5 5
951.7 3386.1 -9.3 176 0 14.3 17.5 5.0 2.5 2 1 2 2 2
417.4 4197.3 -17.8 341 0 7.5 11.3 5.0 2.5 2 1 2 2 2
3628.4 5391.1 -47.5 46 0 7.2 6.4 5.0 2.5 2 0 2 1 1
1530.3 3331.8 -12.8 177 0 5.4 3.8 5.0 2.5 2 0 2 0 0
280.4 3752.8 -6.2 91 0 5.5 3.8 2.5 2.5 2 0 1 3 3
90.2 5878.5 -45.0 214 0 3.7 4.6 5.0 2.5 4 1 2 1 1
1615.4 2934.3 -9.9 357 0 8.6 4.3 2.5 2.5 2 0 1 2 2
614.0 3753.3 -10.6 345 0 7.2 8.9 2.5 2.5 2 1 1 0 0
1936.3 3503.7 -19.7 271 0 7.6 7.2 5.0 2.5 2 0 2 2 2
18.1 4973.0 -30.2 265 0 3.9 4.6 2.5 2.5 2 1 1 4 4
2440.3 4059.7 -35.8 96 0 3.9 3.9 5.0 2.5 2 0 2 1 1
1273.4 3551.1 -10.0 178 0 5.7 4.3 5.0 2.5 2 0 2 0 0
2205.7 3618.7 -24.0 268 0 7.1 9.3 5.0 2.5 2 1 2 4 4
612.5 3739.6 -10.4 349 0 6.6 5.2 2.5 2.5 2 0 1 4 4
936.9 3526.6 -12.9 83 0 6.0 6.1 5.0 0.0 0 1 2 3 3
-26.8 4729.9 -25.8 356 0 7.6 8.7 5.0 2.5 2 1 2 0 0
3837.8 5516.1 -43.8 67 0 8.3 7.6 5.0 2.5 2 0 2 5 5
725.9 3762.8 -12.3 357 0 12.4 14.5 5.0 2.5 2 1 2 3 3
1693.2 3073.1 -11.5 358 0 6.6 4.8 5.0 2.5 2 0 2 4 4
1941.4 3518.7 -19.9 266 0 5.0 4.8 5.0 2.5 2 0 2 0 0
16.5 4672.9 -24.9 163 0 6.2 5.2 2.5 2.5 2 0 1 0 0
-559.1 6014.5 -46.6 334 0 7.3 8.4 5.0 2.5 4 1 2 0 0
4182.1 3918.3 -4.5 41 0 6.9 9.1 5.0 2.5 2 1 2 0 0
2710.8 4596.2 -40.3 220 0 5.7 12.4 2.5 2.5 2 1 1 3 3
751.5 3614.4 -8.6 345 0 7.4 6.9 5.0 2.5 2 0 2 2 2
-610.3 6155.5 -46.8 336 0 7.1 6.3 2.5 2.5 4 0 1 5 5
1130.0 3385.4 -8.1 95 0 3.7 7.5 5.0 2.5 4 1 2 0 0
3628.8 3821.4 -19.6 186 0 9.2 7.5 5.0 2.5 2 0 2 1 1
1511.5 3561.7 -14.4 178 0 6.5 9.8 5.0 2.5 2 1 2 0 0
3938.9 3610.1 -6.8 229 0 7.6 6.2 5.0 2.5 2 0 2 3 3
1636.1 3101.9 -9.7 179 0 4.3 4.1 5.0 2.5 2 0 2 0 0
-304.2 5968.1 -43.3 86 0 5.9 9.1 5.0 2.5 2 1 2 2 2
354.3 3946.2 -8.8 349 0 8.8 5.4 2.5 2.5 2 0 1 4 4
-258.4 5930.3 -43.2 170 0 5.7 5.9 5.0 2.5 4 1 2 5 5
4382.1 4138.5 -9.2 37 0 7.9 6.2 2.5 2.5 2 0 1 3 3
456.4 3864.4 -9.7 348 0 8.9 5.1 2.5 2.5 2 0 1 0 0
2733.7 4549.1 -39.9 212 0 6.0 9.6 2.5 2.5 4 1 1 0 0
2433.7 3560.6 -26.8 94 0 6.8 6.6 5.0 2.5 2 0 2 5 5
388.3 4303.9 -19.1 76 0 19.9 9.9 2.5 2.5 2 0 1 0 0
425.3 4211.9 -18.2 353 0 5.1 5.8 5.0 2.5 2 1 2 4 4
533.1 3511.8 -3.3 260 0 7.4 10.8 5.0 2.5 4 1 2 0 0
3961.1 3634.1 -8.5 227 0 6.1 5.7 5.0 2.5 2 0 2 2 2
1623.1 3384.1 -14.1 177 0 7.2 10.2 2.5 0.0 0 1 1 3 3
421.3 3409.9 -3.7 85 0 7.3 8.8 5.0 2.5 2 1 2 3 3
242.8 4781.9 -26.3 261 0 12.8 9.0 5.0 2.5 2 0 2 0 0
4430.1 4182.4 -10.4 47 0 5.9 10.5 2.5 2.5 2 1 1 4 4
725.0 3777.6 -12.6 358 0 6.1 9.2 5.0 2.5 2 1 2 3 3
-330.9 6269.2 -49.4 267 0 6.6 8.9 5.0 2.5 2 1 2 1 1
2313.8 3713.8 -26.1 272 0 4.3 3.8 5.0 2.5 4 0 2 4 4
412.1 3808.8 -7.7 174 0 9.1 13.0 2.5 2.5 2 1 1 5 5
555.3 4409.6 -20.5 172 0 7.5 14.6 5.0 2.5 2 1 2 4 4
1631.0 3562.4 -16.6 182 0 4.9 9.7 5.0 0.0 0 1 2 0 0
-343.8 5717.2 -44.0 266 0 4.8 5.5 5.0 2.5 2 1 2 3 3
1609.4 3432.7 -16.2 181 0 15.0 10.0 2.5 2.5 2 0 1 3 3
-272.8 5939.3 -43.4 175 0 11.5 8.7 5.0 0.0 0 0 2 3 3
2121.7 3620.6 -24.4 269 0 5.6 7.0 5.0 2.5 2 1 2 3 3
-493.1 5898.6 -45.8 250 0 10.4 6.4 5.0 2.5 2 0 2 4 4
-210.8 5688.1 -44.9 87 0 11.8 12.0 2.5 2.5 2 1 1 4 4
343.6 3643.2 -5.5 166 0 7.8 9.0 5.0 2.5 2 1 2 0 0
399.0 3875.5 -7.9 169 0 7.0 8.1 2.5 0.0 0 1 1 2 2
2047.6 3685.1 -26.8 49 0 12.7 10.2 5.0 2.5 2 0 2 5 5
787.8 3636.6 -9.1 168 0 9.0 17.8 5.0 2.5 2 1 2 5 5
219.0 4799.8 -26.4 73 0 9.0 11.8 2.5 2.5 2 1 1 0 0
3183.9 5221.8 -46.0 221 0 6.8 7.3 5.0 2.5 2 1 2 3 3
4187.8 3876.6 -4.2 310 0 7.1 6.4 5.0 2.5 2 0 2 4 4
1485.0 3147.9 -8.5 1 0 7.4 11.7 2.5 2.5 4 1 1 2 2
65.4 4782.7 -26.6 78 0 4.6 7.3 2.5 2.5 2 1 1 4 4
1698.7 3396.5 -16.6 0 0 10.7 9.3 2.5 2.5 2 0 1 1 1
-34.2 6188.1 -53.0 99 0 10.2 24.2 5.0 2.5 4 1 2 0 0
274.1 5061.8 -31.4 266 0 4.8 3.7 5.0 2.5 2 0 2 0 0
825.5 3679.2 -10.4 269 0 7.8 8.4 5.0 2.5 4 1 2 0 0
275.7 3929.6 -8.6 168 0 9.4 9.4 2.5 2.5 4 0 1 4 4
3236.7 5267.9 -46.4 239 0 8.8 18.5 5.0 2.5 2 1 2 5 5
1258.9 3464.4 -7.4 267 0 5.6 8.3 5.0 2.5 2 1 2 0 0
353.3 3905.9 -7.5 343 0 3.6 4.9 2.5 2.5 2 1 1 4 4
4236.1 3876.4 -3.6 135 0 5.2 4.6 5.0 2.5 2 0 2 1 1
1519.3 3086.9 -8.1 179 0 7.4 8.4 2.5 0.0 0 1 1 4 4
117.0 6291.2 -54.0 57 0 7.9 10.1 2.5 0.0 0 1 1 1 1
90.4 5936.9 -46.9 39 0 8.7 6.8 5.0 2.5 2 0 2 5 5
1686.6 3294.2 -9.9 185 0 3.2 3.2 2.5 2.5 2 0 1 4 4
202.6 4458.0 -19.0 247 0 7.7 10.3 2.5 2.5 2 1 1 2 2
733.6 3662.6 -9.3 354 0 9.7 9.2 5.0 2.5 2 0 2 2 2
418.9 3645.9 -5.2 348 0 9.7 9.0 5.0 2.5 2 0 2 3 3
720.4 3392.4 -5.4 180 0 4.7 3.8 5.0 0.0 0 0 2 3 3
496.7 3856.3 -11.1 343 0 5.8 5.1 2.5 2.5 2 0 1 5 5
3486.7 5297.1 -47.9 246 0 8.6 9.6 5.0 2.5 2 1 2 4 4
1282.8 3451.5 -7.7 274 0 5.2 5.4 5.0 0.0 0 1 2 3 3
796.3 3335.1 -3.4 270 0 4.3 7.5 5.0 2.5 2 1 2 1 1
285.8 6407.7 -49.5 146 0 8.3 8.8 5.0 2.5 2 1 2 1 1
3517.8 5339.1 -47.5 63 0 6.0 4.6 5.0 2.5 2 0 2 1 1
1522.9 3179.7 -8.9 90 0 9.1 8.0 5.0 2.5 2 0 2 0 0
33.6 6354.9 -54.8 272 0 4.1 3.8 2.5 2.5 2 0 1 0 0
-285.8 5813.5 -43.3 357 0 7.1 9.2 5.0 2.5 4 1 2 1 1
2026.2 3443.3 -19.7 181 0 8.4 12.9 2.5 2.5 2 1 1 2 2
618.5 3254.4 -0.2 333 0 7.6 10.3 5.0 2.5 2 1 2 4 4
568.3 3571.6 -4.6 172 0 4.8 7.5 2.5 0.0 0 1 1 3 3
298.1 4418.9 -18.3 166 0 8.5 12.4 2.5 2.5 2 1 1 4 4
2335.1 3716.3 -26.6 271 0 8.7 5.8 5.0 2.5 2 0 2 5 5
1462.9 3471.9 -12.9 267 0 5.7 12.5 2.5 2.5 2 1 1 2 2
1284.9 3347.4 -9.3 267 0 7.3 13.5 5.0 0.0 0 1 2 2 2
200.2 3717.4 -6.5 260 0 8.0 10.1 5.0 2.5 4 1 2 4 4
3666.8 5414.9 -47.2 59 0 7.4 7.4 5.0 0.0 0 0 2 4 4
1584.2 3435.0 -16.6 351 0 6.2 12.2 5.0 2.5 4 1 2 1 1
1822.2 3441.1 -18.3 80 0 9.1 10.6 2.5 2.5 2 1 1 1 1
60.7 5852.1 -44.9 208 0 8.0 9.5 5.0 2.5 4 1 2 3 3
1596.3 3088.6 -8.8 359 0 7.2 10.5 2.5 2.5 2 1 1 2 2
268.1 3769.9 -6.7 74 0 6.2 7.1 2.5 2.5 2 1 1 4 4
606.0 6673.1 -51.8 43 0 7.2 5.1 5.0 2.5 2 0 2 2 2
2279.5 3444.1 -23.7 176 0 11.1 8.0 2.5 2.5 4 0 1 2 2
239.7 6474.4 -52.9 209 0 7.4 7.2 5.0 2.5 2 0 2 2 2
542.0 3574.2 -4.0 344 0 7.2 9.0 5.0 2.5 2 1 2 0 0
2330.3 3840.6 -30.9 242 0 8.4 9.3 5.0 2.5 2 1 2 4 4
1421.9 3452.7 -11.6 273 0 3.4 3.5 2.5 2.5 2 1 1 4 4
349.8 6260.0 -49.8 222 0 8.6 14.2 2.5 2.5 2 1 1 5 5
-185.2 5955.2 -42.1 258 0 6.3 5.8 5.0 0.0 0 0 2 5 5
3672.1 5472.3 -46.5 233 0 3.6 7.3 5.0 2.5 2 1 2 1 1
1463.2 3563.4 -12.7 3 0 4.6 3.0 5.0 0.0 0 0 2 0 0
337.9 3661.0 -5.5 164 0 7.7 10.2 5.0 2.5 4 1 2 1 1
20.8 4572.6 -23.4 342 0 8.8 23.1 5.0 0.0 0 1 2 4 4
1630.5 2949.8 -10.1 176 0 11.6 15.4 5.0 2.5 4 1 2 4 4
-319.1 5926.5 -43.4 273 0 4.4 5.5 5.0 2.5 2 1 2 0 0
1985.8 3432.3 -19.0 87 0 5.0 14.0 5.0 2.5 2 1 2 3 3
510.8 3901.2 -13.3 178 0 4.9 9.7 5.0 2.5 2 1 2 2 2
258.5 4921.9 -27.2 167 0 6.4 9.2 5.0 0.0 0 1 2 1 1
-360.0 5928.5 -43.7 257 0 7.6 7.4 5.0 2.5 4 0 2 1 1
1389.1 3562.3 -12.7 271 0 5.4 4.5 5.0 2.5 2 0 2 5 5
1006.6 3410.3 -11.2 268 0 6.6 5.8 5.0 2.5 2 0 2 1 1
-517.7 5771.0 -46.1 334 0 10.1 7.9 5.0 2.5 2 0 2 0 0
4000.5 5564.3 -45.2 245 0 3.2 9.9 5.0 2.5 2 1 2 2 2
1467.9 3527.9 -13.0 358 0 4.2 4.4 5.0 2.5 2 1 2 1 1
81.4 4746.5 -26.2 249 0 16.6 9.4 2.5 0.0 0 0 1 5 5
3713.9 3435.9 -12.2 324 0 6.8 14.8 2.5 2.5 2 1 1 3 3
1637.4 2989.3 -9.7 170 0 9.4 8.2 5.0 2.5 2 0 2 5 5
1837.4 3545.4 -20.9 89 0 4.7 6.1 5.0 2.5 2 1 2 5 5
276.4 4305.8 -16.3 345 0 3.6 6.1 2.5 2.5 2 1 1 3 3
4380.1 4056.3 -6.4 43 0 6.7 6.0 5.0 2.5 4 0 2 4 4
12.6 6220.2 -52.9 357 0 9.7 34.5 5.0 2.5 2 1 2 5 5
2551.8 4326.2 -38.1 216 0 9.4 9.7 5.0 2.5 2 1 2 2 2
346.9 6319.8 -49.6 134 0 9.1 9.7 5.0 0.0 0 1 2 4 4
-176.3 5959.3 -42.6 255 0 7.2 7.3 5.0 2.5 2 1 2 4 4
4046.6 5588.2 -45.7 241 0 6.6 7.9 5.0 2.5 2 1 2 2 2
1569.4 3621.0 -16.2 89 0 8.0 6.7 5.0 2.5 2 0 2 4 4
681.0 3602.4 -8.5 165 0 6.5 10.9 5.0 2.5 4 1 2 2 2
2032.0 3618.5 -25.0 265 0 11.2 16.1 5.0 0.0 0 1 2 3 3
-469.4 5911.8 -45.5 264 0 7.6 10.2 5.0 2.5 2 1 2 2 2
4542.6 4288.4 -7.8 39 0 7.1 7.8 2.5 2.5 2 1 1 1 1
2839.6 4739.1 -41.3 37 0 10.0 10.2 5.0 2.5 2 1 2 0 0
3007.4 5012.4 -42.8 303 0 26.3 9.2 5.0 2.5 2 0 2 3 3
4015.6 3761.6 -10.7 39 0 4.0 3.6 5.0 2.5 2 0 2 0 0
1698.4 3468.6 -17.3 1 0 8.1 16.3 2.5 2.5 2 1 1 3 3
2051.3 3609.3 -24.5 264 0 7.5 8.1 5.0 2.5 4 1 2 1 1
-257.6 5942.0 -43.2 261 0 6.9 6.8 5.0 0.0 0 0 2 0 0
-9.9 6101.6 -50.1 349 0 15.4 15.8 5.0 0.0 0 1 2 5 5
4587.3 4319.6 -6.7 45 0 9.2 5.7 2.5 2.5 2 0 1 1 1
821.1 3775.6 -13.2 173 0 6.3 6.8 5.0 2.5 2 1 2 5 5
519.5 4466.1 -21.1 359 0 7.3 7.0 5.0 2.5 2 0 2 1 1
1685.5 3553.6 -17.6 91 0 4.3 6.1 5.0 2.5 2 1 2 3 3
592.6 3788.1 -10.8 256 0 3.2 5.8 2.5 2.5 2 1 1 4 4
4123.6 3878.1 -5.3 48 0 3.6 7.7 5.0 2.5 2 1 2 1 1
1463.6 3349.9 -12.1 360 0 8.9 4.4 2.5 2.5 2 0 1 1 1
2019.9 3661.6 -26.1 42 0 3.9 4.3 5.0 2.5 2 1 2 3 3
-625.8 5665.2 -44.9 91 0 8.5 12.4 5.0 2.5 2 1 2 5 5
693.1 6692.2 -51.3 305 0 3.0 3.4 2.5 2.5 2 1 1 2 2
-344.1 5709.9 -44.1 269 0 4.8 4.7 5.0 2.5 2 0 2 5 5
2146.8 3655.4 -25.4 90 0 7.6 7.5 5.0 2.5 4 0 2 3 3
-462.3 5934.6 -45.5 89 0 3.7 4.5 5.0 2.5 2 1 2 1 1
194.8 4422.3 -18.6 174 0 6.7 4.9 2.5 0.0 0 0 1 3 3
3149.8 5132.6 -44.9 291 0 8.7 7.7 5.0 2.5 2 0 2 1 1
1330.1 3391.8 -8.6 358 0 6.6 8.3 5.0 2.5 4 1 2 0 0
4143.8 3872.3 -5.2 40 0 6.3 4.3 5.0 2.5 2 0 2 2 2
1718.5 3523.3 -17.9 185 0 3.6 4.0 2.5 2.5 2 1 1 0 0
173.5 3712.2 -6.5 267 0 7.2 10.7 5.0 2.5 2 1 2 0 0
3.1 6144.8 -51.4 98 0 14.9 12.3 5.0 2.5 2 0 2 2 2
2246.9 3665.2 -25.2 2 0 7.3 14.0 5.0 2.5 2 1 2 0 0
269.7 4135.9 -13.8 168 0 5.2 5.5 5.0 2.5 2 1 2 4 4
625.9 3332.9 -2.7 185 0 6.2 8.3 5.0 0.0 0 1 2 0 0
3365.7 5287.1 -47.3 262 0 11.4 6.6 5.0 2.5 2 0 2 1 1
681.1 3140.4 1.7 170 0 7.6 6.6 2.5 2.5 2 0 1 2 2
267.5 4966.7 -28.2 353 0 7.0 8.7 5.0 2.5 2 1 2 3 3
349.5 3357.5 -3.0 87 0 9.6 11.1 2.5 2.5 2 1 1 1 1
1742.2 3457.2 -17.8 179 0 5.1 4.7 2.5 2.5 2 0 1 5 5
383.8 3953.1 -9.9 172 0 8.3 10.2 2.5 2.5 2 1 1 4 4
360.7 3660.8 -5.4 165 0 3.7 4.6 5.0 2.5 2 1 2 2 2
2280.9 3803.9 -28.8 168 0 3.6 5.5 5.0 2.5 2 1 2 0 0
600.1 3435.3 -3.9 166 0 5.8 7.5 2.5 2.5 2 1 1 0 0
369.2 3515.1 -3.9 79 0 3.3 6.5 5.0 0.0 0 1 2 1 1
534.4 3795.3 -10.2 259 0 6.9 5.4 2.5 2.5 2 0 1 1 1
1415.2 3470.6 -11.5 272 0 7.8 12.3 2.5 2.5 2 1 1 2 2
1031.6 3345.6 -8.7 269 0 11.7 18.8 5.0 2.5 2 1 2 1 1
451.0 3968.8 -12.8 349 0 9.8 4.7 2.5 2.5 2 0 1 1 1
3584.1 5377.3 -47.4 67 0 8.2 3.6 5.0 2.5 2 0 2 2 2
699.1 3504.2 -4.9 175 0 8.4 13.7 5.0 0.0 0 1 2 5 5
1725.3 3352.2 -16.1 179 0 7.6 8.7 2.5 2.5 2 1 1 1 1
468.7 3545.3 -4.4 167 0 6.6 6.5 5.0 2.5 2 0 2 2 2
-161.1 5961.3 -43.1 261 0 6.6 8.1 5.0 2.5 2 1 2 4 4
2142.4 3507.2 -21.6 268 0 9.2 15.7 2.5 2.5 2 1 1 1 1
-289.7 5805.1 -43.3 1 0 5.0 6.2 5.0 0.0 0 1 2 1 1
218.3 6415.5 -52.2 211 0 10.0 7.9 5.0 2.5 2 0 2 1 1
2482.1 3663.5 -27.7 90 0 7.8 9.9 5.0 2.5 2 1 2 0 0
1307.6 3572.9 -11.9 267 0 7.0 7.2 5.0 2.5 2 1 2 1 1
2389.5 3508.5 -26.8 268 0 6.6 8.6 2.5 2.5 2 1 1 2 2
243.9 4199.5 -14.7 164 0 3.3 4.3 5.0 0.0 0 1 2 0 0
1131.6 3278.4 -8.5 88 0 9.1 14.5 5.0 2.5 2 1 2 0 0
3623.2 5398.8 -47.4 51 0 8.4 7.5 5.0 0.0 0 0 2 5 5
1591.6 3191.9 -9.7 358 0 7.4 8.5 5.0 2.5 2 1 2 1 1
-240.4 5695.1 -45.1 185 0 9.6 8.6 2.5 2.5 2 0 1 3 3
1733.6 3311.4 -13.5 177 0 7.0 5.6 2.5 2.5 2 0 1 5 5
1615.4 2919.4 -10.1 355 0 5.0 3.0 2.5 2.5 2 0 1 0 0
577.8 3675.2 -9.1 172 0 6.1 6.5 2.5 0.0 0 1 1 2 2
1923.3 3494.5 -19.5 180 0 7.1 6.6 5.0 2.5 2 0 2 1 1
614.7 4355.0 -21.8 80 0 7.6 11.6 5.0 2.5 2 1 2 2 2
310.9 3410.7 -3.0 355 0 15.9 9.7 2.5 2.5 2 0 1 3 3
302.0 6501.9 -51.8 301 0 10.0 7.3 5.0 2.5 2 0 2 1 1
680.2 3055.6 2.2 175 0 4.3 5.8 2.5 2.5 2 1 1 2 2
421.3 3590.3 -4.7 342 0 6.3 7.3 5.0 0.0 0 1 2 2 2
1948.9 3429.9 -18.8 90 0 4.9 6.8 5.0 0.0 0 1 2 5 5
-207.5 5624.5 -42.6 359 0 4.2 3.3 5.0 0.0 0 0 2 1 1
76.0 5922.6 -46.8 28 0 5.5 5.4 5.0 2.5 2 0 2 4 4
664.8 6754.1 -51.4 18 0 6.3 9.4 5.0 2.5 2 1 2 4 4
2443.2 4125.8 -36.7 114 0 8.9 6.7 5.0 2.5 2 0 2 3 3
233.2 4186.3 -14.7 164 0 12.0 20.0 5.0 2.5 2 1 2 5 5
2233.1 3611.4 -23.7 266 0 7.4 5.9 5.0 2.5 2 0 2 0 0
1137.1 3384.4 -8.2 92 0 7.1 9.1 5.0 2.5 2 1 2 0 0
3672.4 3738.8 -19.2 186 0 8.0 16.7 2.5 2.5 2 1 1 1 1
1522.6 3562.7 -14.5 178 0 7.4 3.7 5.0 2.5 2 0 2 1 1
-271.6 5971.6 -43.1 84 0 5.9 6.3 5.0 2.5 2 1 2 1 1
3929.8 3661.2 -13.2 44 0 6.6 8.9 5.0 2.5 2 1 2 1 1
1632.2 3109.1 -9.6 179 0 8.0 9.9 5.0 2.5 2 1 2 4 4
456.7 4021.7 -14.8 353 0 8.4 11.2 2.5 2.5 2 1 1 3 3
1958.3 3564.9 -22.7 276 0 6.0 6.9 5.0 2.5 2 1 2 5 5
436.2 4273.1 -19.7 168 0 9.4 8.8 5.0 2.5 2 0 2 2 2
76.5 5832.6 -44.3 12 0 7.5 8.7 5.0 2.5 2 1 2 2 2
4391.4 4131.0 -9.5 41 0 6.7 9.8 2.5 2.5 2 1 1 4 4
641.5 6659.3 -51.9 206 0 7.1 7.2 2.5 2.5 2 1 1 3 3
-341.3 5677.0 -44.3 89 0 4.4 4.3 5.0 2.5 4 0 2 5 5
2401.1 3624.9 -26.4 269 0 10.9 8.4 5.0 2.5 2 0 2 1 1
167.1 4602.1 -23.9 166 0 7.7 4.7 2.5 2.5 4 0 1 0 0
442.9 3580.9 -4.7 343 0 5.9 7.2 5.0 2.5 2 1 2 4 4
2972.7 4863.6 -42.1 220 0 7.1 10.1 2.5 2.5 2 1 1 4 4
109.0 6004.5 -48.2 220 0 3.5 5.0 5.0 2.5 2 1 2 1 1
1622.8 3393.2 -14.9 177 0 6.8 13.1 2.5 2.5 2 1 1 4 4
476.9 6481.0 -51.1 26 0 23.3 7.6 5.0 2.5 2 0 2 2 2
4453.9 4194.8 -9.2 45 0 7.3 8.9 2.5 2.5 4 1 1 1 1
78.4 5881.5 -45.5 298 0 6.2 4.9 5.0 2.5 2 0 2 2 2
641.3 3606.6 -7.6 347 0 11.5 5.6 2.5 0.0 0 0 1 1 1
2341.7 3703.7 -26.4 1 0 4.3 6.9 5.0 2.5 2 1 2 0 0
-203.5 5962.2 -42.4 249 0 5.0 4.5 5.0 2.5 2 0 2 5 5
532.0 3847.4 -11.6 163 0 4.5 5.1 5.0 2.5 2 1 2 2 2
1629.9 3570.7 -16.7 177 0 9.4 8.4 5.0 2.5 2 0 2 1 1
539.1 6580.7 -51.9 35 0 5.8 4.9 5.0 2.5 2 0 2 4 4
4059.7 3796.5 -6.0 41 0 3.4 5.2 5.0 2.5 2 1 2 4 4
1622.4 3445.4 -16.4 178 0 6.7 12.3 2.5 2.5 2 1 1 3 3
4790.3 4519.8 -10.1 223 0 4.9 4.9 5.0 2.5 4 1 2 1 1
528.8 3496.2 -3.5 257 0 7.7 11.2 5.0 2.5 2 1 2 5 5
687.5 3061.2 2.1 177 0 3.1 3.2 2.5 2.5 2 1 1 0 0
501.0 6377.8 -52.1 48 0 7.8 11.2 2.5 2.5 4 1 1 3 3
3095.5 5027.4 -43.4 214 0 4.7 8.0 5.0 2.5 2 1 2 5 5
637.5 3702.8 -9.7 348 0 6.4 7.1 2.5 2.5 2 1 1 4 4
4194.9 3870.1 -3.9 306 0 7.0 7.1 5.0 2.5 2 1 2 0 0
1479.2 3140.4 -8.4 359 0 5.1 5.9 2.5 2.5 2 1 1 1 1
1687.8 3395.8 -16.2 357 0 9.2 5.8 2.5 2.5 2 0 1 4 4
-467.2 5943.2 -45.6 73 0 8.6 10.0 5.0 2.5 2 1 2 3 3
534.2 6513.6 -51.9 212 0 3.8 7.5 2.5 2.5 4 1 1 5 5
285.4 4305.5 -16.3 347 0 11.3 6.4 2.5 2.5 2 0 1 4 4
3262.5 5278.6 -46.7 248 0 8.3 7.0 5.0 2.5 2 0 2 2 2
4222.0 3916.2 -4.1 222 0 6.7 8.0 5.0 2.5 2 1 2 3 3
1518.1 3154.5 -8.2 269 0 5.3 8.0 2.5 2.5 2 1 1 4 4
-618.7 6269.6 -51.3 77 0 7.0 7.6 2.5 2.5 2 1 1 3 3
315.7 4103.4 -13.8 350 0 13.6 8.3 5.0 2.5 2 0 2 1 1
185.3 4656.0 -25.4 175 0 7.5 6.8 2.5 2.5 2 0 1 2 2
705.3 6770.5 -49.2 203 0 6.6 10.6 2.5 2.5 4 1 1 5 5
438.2 3790.2 -8.1 73 0 9.3 6.6 2.5 2.5 2 0 1 2 2
-445.9 5906.7 -45.0 264 0 6.6 5.5 5.0 2.5 2 0 2 4 4
385.6 4023.7 -12.4 260 0 8.0 10.6 2.5 2.5 2 1 1 5 5
74.4 4786.9 -26.6 343 0 4.2 5.5 2.5 2.5 4 1 1 3 3
3494.5 5304.5 -47.8 244 0 8.9 5.2 5.0 2.5 2 0 2 5 5
1299.9 3465.6 -7.7 269 0 8.6 11.6 5.0 2.5 4 1 2 3 3
803.1 3335.4 -3.4 271 0 4.9 7.5 5.0 2.5 2 1 2 3 3
230.3 4034.2 -11.0 349 0 14.3 17.6 2.5 2.5 2 1 1 2 2
3529.0 5345.4 -47.5 62 0 5.7 7.4 5.0 2.5 2 1 2 4 4
1518.3 3194.4 -9.2 175 0 7.1 10.8 5.0 2.5 2 1 2 3 3
1759.6 3467.8 -18.0 179 0 6.5 9.5 2.5 2.5 2 1 1 5 5
-414.3 5952.2 -44.3 85 0 7.7 8.2 5.0 2.5 2 1 2 4 4
619.4 3692.3 -9.6 353 0 3.4 7.9 2.5 2.5 2 1 1 5 5
2036.5 3423.7 -19.4 94 0 5.7 9.4 2.5 2.5 2 1 1 0 0
75.9 4795.5 -26.6 345 0 7.1 8.3 2.5 2.5 4 1 1 1 1
2334.6 3731.0 -26.8 269 0 8.8 12.7 5.0 2.5 2 1 2 1 1
1472.2 3472.5 -13.3 268 0 7.0 9.9 2.5 2.5 2 1 1 1 1
-418.1 6286.8 -51.9 84 0 10.8 7.2 2.5 0.0 0 0 1 3 3
1313.5 3351.3 -9.6 266 0 7.5 10.6 5.0 2.5 2 1 2 1 1
3596.4 5340.6 -48.0 232 0 12.1 5.8 5.0 2.5 2 0 2 3 3
457.5 4210.7 -19.1 161 0 5.4 3.7 5.0 2.5 2 0 2 1 1
1824.9 3431.0 -18.1 78 0 7.0 7.9 2.5 2.5 2 1 1 2 2
-715.5 6253.6 -49.8 81 0 7.5 7.9 2.5 0.0 0 1 1 3 3
-602.3 6133.2 -46.6 336 0 6.9 10.0 2.5 2.5 2 1 1 3 3
-42.3 4701.4 -25.7 173 0 3.6 4.1 5.0 2.5 2 1 2 4 4
2274.5 3500.4 -23.8 174 0 9.7 6.7 2.5 0.0 0 0 1 1 1
438.7 6372.6 -50.9 230 0 8.0 10.5 2.5 2.5 2 1 1 2 2
85.5 5949.0 -47.0 38 0 9.1 13.3 5.0 2.5 2 1 2 2 2
2194.8 3506.3 -21.3 270 0 9.5 10.3 2.5 2.5 2 1 1 4 4
293.2 3975.0 -9.6 172 0 5.5 4.8 2.5 2.5 2 0 1 0 0
924.9 3446.6 -10.1 356 0 6.7 9.4 5.0 2.5 2 1 2 1 1
449.5 3622.9 -5.5 172 0 7.0 11.5 5.0 2.5 2 1 2 0 0
1843.8 3500.2 -19.4 270 0 8.5 12.7 2.5 2.5 2 1 1 2 2
1647.9 2947.6 -10.3 177 0 8.9 4.5 5.0 2.5 2 0 2 3 3
1985.5 3450.9 -19.1 3 0 3.7 3.7 5.0 2.5 2 0 2 4 4
695.6 3814.0 -13.4 267 0 10.5 12.4 5.0 2.5 4 1 2 2 2
443.3 3414.6 -4.2 83 0 6.8 6.2 5.0 2.5 2 0 2 1 1
247.4 4772.0 -26.3 265 0 6.8 4.9 5.0 2.5 2 0 2 4 4
1402.2 3579.9 -13.0 268 0 7.4 10.8 5.0 2.5 2 1 2 0 0
2244.2 3547.1 -23.3 89 0 6.1 9.2 5.0 2.5 4 1 2 3 3
335.5 3523.9 -4.2 346 0 9.6 9.4 5.0 2.5 2 0 2 4 4
-388.8 5913.8 -43.8 264 0 10.0 6.5 5.0 2.5 2 0 2 4 4
3716.0 3426.0 -12.2 329 0 5.1 9.9 2.5 2.5 2 1 1 2 2
1647.8 2990.2 -9.9 176 0 10.4 3.9 5.0 2.5 2 0 2 3 3
159.3 6336.4 -53.9 5 0 10.7 16.4 2.5 2.5 2 1 1 3 3
1880.5 3552.9 -21.8 91 0 6.3 7.8 5.0 2.5 2 1 2 3 3
360.9 3947.5 -8.9 348 0 9.1 4.7 2.5 0.0 0 0 1 3 3
4392.4 4091.2 -7.3 224 0 7.3 6.5 5.0 2.5 2 0 2 3 3
273.9 3980.7 -9.9 170 0 11.2 14.8 2.5 2.5 2 1 1 2 2
2322.4 3561.0 -25.1 83 0 3.8 5.2 5.0 2.5 2 1 2 3 3
-309.0 5925.8 -43.4 265 0 7.0 6.8 5.0 2.5 2 0 2 2 2
4055.5 5594.7 -45.8 236 0 6.7 7.8 5.0 0.0 0 1 2 2 2
1572.7 3633.6 -16.3 356 0 5.7 7.0 5.0 2.5 4 1 2 3 3
735.9 6826.6 -49.8 206 0 7.4 15.0 2.5 2.5 2 1 1 0 0
3857.8 3603.9 -10.9 127 0 6.0 6.1 5.0 2.5 2 1 2 1 1
1630.8 3214.0 -8.7 179 0 6.7 5.8 5.0 2.5 2 0 2 3 3
2020.4 3599.9 -24.4 177 0 4.3 4.8 5.0 0.0 0 1 2 1 1
441.2 3399.6 -4.2 94 0 7.1 7.5 5.0 2.5 2 1 2 2 2
4453.9 4154.7 -8.0 224 0 6.7 7.3 5.0 2.5 2 1 2 5 5
2877.4 4836.1 -42.0 40 0 7.6 6.9 5.0 2.5 2 0 2 0 0
51.5 6329.6 -54.5 91 0 3.5 5.0 2.5 2.5 2 1 1 2 2
2342.0 3653.8 -25.7 89 0 7.0 11.0 5.0 2.5 2 1 2 0 0
-595.1 5732.0 -46.2 297 0 4.2 13.1 5.0 2.5 4 1 2 2 2
-528.0 5766.2 -46.5 335 0 10.7 6.2 5.0 2.5 4 0 2 4 4
2935.0 4937.1 -42.2 311 0 15.4 17.8 5.0 2.5 2 1 2 4 4
1566.5 3584.7 -15.4 267 0 10.4 15.2 5.0 2.5 2 1 2 4 4
4034.2 3768.9 -9.1 45 0 6.7 8.4 5.0 2.5 2 1 2 5 5
1621.8 3330.2 -11.7 179 0 6.4 7.2 2.5 2.5 2 1 1 0 0
224.7 5212.3 -34.3 146 0 6.7 7.6 2.5 2.5 2 1 1 2 2
4583.8 4333.0 -8.2 44 0 6.4 8.1 2.5 2.5 2 1 1 1 1
212.6 4705.6 -25.7 353 0 8.7 19.4 2.5 2.5 2 1 1 0 0
2301.1 3677.6 -25.2 180 0 3.6 4.3 5.0 2.5 2 1 2 0 0
832.0 3785.5 -13.5 358 0 6.8 6.8 5.0 2.5 2 1 2 0 0
3143.6 5109.5 -44.6 213 0 6.6 5.9 5.0 2.5 2 0 2 2 2
451.6 6599.4 -51.1 147 0 7.1 12.9 7.5 2.5 4 1 3 0 0
4138.9 3876.1 -5.2 41 0 6.6 6.4 5.0 2.5 2 0 2 4 4
2009.7 3674.8 -26.4 230 0 3.5 4.5 5.0 2.5 2 1 2 1 1
581.2 3511.9 -2.7 170 0 10.4 6.7 2.5 2.5 2 0 1 2 2
666.4 3698.7 -9.8 169 0 7.6 11.4 5.0 2.5 2 1 2 1 1
296.6 6469.1 -51.4 21 0 9.7 9.2 5.0 2.5 2 0 2 5 5
2142.2 3670.8 -25.6 92 0 4.2 3.9 5.0 2.5 2 0 2 2 2
226.0 6409.0 -51.7 209 0 14.2 7.2 5.0 2.5 2 0 2 2 2
81.8 4881.7 -28.1 161 0 5.3 14.1 5.0 2.5 2 1 2 2 2
1343.2 3394.6 -9.4 179 0 15.5 9.3 2.5 2.5 2 0 1 5 5
261.4 3834.9 -7.1 348 0 5.5 4.9 2.5 2.5 2 0 1 5 5
4135.2 3867.2 -5.3 41 0 4.6 3.9 5.0 2.5 2 0 2 2 2
1485.3 2992.8 -8.8 357 0 5.8 11.1 2.5 2.5 2 1 1 1 1
592.6 3670.6 -9.1 160 0 3.8 3.1 2.5 2.5 4 0 1 5 5
-28.0 6306.5 -54.0 97 0 15.1 10.6 2.5 0.0 0 0 1 4 4
1697.1 3456.8 -17.3 359 0 10.2 15.8 2.5 0.0 0 1 1 1 1
25.4 5881.7 -46.7 16 0 13.2 9.5 5.0 2.5 2 0 2 5 5
424.6 4035.4 -14.1 260 0 7.5 11.6 2.5 2.5 2 1 1 5 5
2269.2 3811.1 -29.4 167 0 6.0 4.9 5.0 2.5 2 0 2 4 4
512.8 3707.5 -8.6 351 0 8.5 13.9 5.0 2.5 2 1 2 2 2
628.0 3325.4 -2.5 183 0 4.2 5.3 5.0 2.5 2 1 2 0 0
-92.2 5065.2 -31.0 339 0 6.2 7.2 5.0 2.5 2 1 2 2 2
3369.4 5296.3 -47.3 258 0 6.7 7.0 5.0 2.5 2 1 2 2 2
1371.4 3394.7 -10.4 88 0 6.5 6.5 2.5 2.5 2 0 1 2 2
700.8 3142.9 1.1 349 0 6.5 9.3 2.5 2.5 2 1 1 3 3
237.8 4173.6 -14.1 168 0 7.7 7.6 5.0 2.5 2 0 2 3 3
-559.0 5721.3 -46.9 60 0 9.8 10.0 5.0 2.5 2 1 2 4 4
448.2 4300.9 -20.3 262 0 5.3 11.7 5.0 2.5 2 1 2 5 5
675.5 3580.9 -7.8 170 0 6.5 12.4 5.0 2.5 2 1 2 0 0
2274.1 3786.9 -28.2 175 0 6.8 10.8 5.0 2.5 2 1 2 3 3
-516.8 5894.7 -46.0 260 0 4.0 4.0 5.0 2.5 2 0 2 5 5
3417.6 5295.8 -47.6 246 0 5.0 7.7 5.0 2.5 2 1 2 4 4
1407.9 3408.0 -11.4 75 0 7.1 14.3 2.5 2.5 2 1 1 1 1
3592.6 5380.4 -47.4 63 0 7.0 3.1 5.0 2.5 2 0 2 3 3
1731.5 3339.0 -15.5 181 0 10.8 6.7 2.5 2.5 2 0 1 1 1
389.3 4042.6 -13.3 72 0 7.2 5.0 5.0 2.5 2 0 2 1 1
2140.8 3427.2 -21.0 85 0 11.5 16.2 2.5 0.0 0 1 1 5 5
285.2 3777.2 -6.4 348 0 8.2 13.5 2.5 2.5 4 1 1 5 5
436.9 6430.3 -51.0 46 0 7.0 13.5 5.0 2.5 2 1 2 1 1
2506.3 3671.0 -28.0 0 0 10.5 15.5 5.0 2.5 2 1 2 3 3
1470.7 3422.7 -12.8 83 0 9.3 9.5 2.5 2.5 2 1 1 1 1
460.9 3818.5 -9.2 78 0 9.5 22.3 2.5 0.0 0 1 1 4 4
1137.5 3350.0 -8.7 269 0 11.4 12.7 5.0 2.5 2 1 2 4 4
3649.6 5373.7 -47.8 232 0 7.1 7.6 5.0 2.5 2 1 2 4 4
1591.4 3201.3 -9.7 356 0 7.5 6.3 5.0 0.0 0 0 2 3 3
662.4 3135.7 2.1 171 0 8.9 16.6 2.5 2.5 2 1 1 5 5
1740.2 3310.3 -13.6 180 0 4.6 4.5 2.5 0.0 0 0 1 3 3
-40.3 6254.6 -52.9 285 0 7.1 11.2 5.0 2.5 2 1 2 2 2
524.4 6561.3 -51.7 43 0 6.4 5.4 5.0 2.5 2 0 2 0 0
193.3 6355.5 -51.9 193 0 11.5 10.0 5.0 2.5 4 0 2 2 2
2224.4 3429.8 -22.2 92 0 8.5 11.1 2.5 2.5 2 1 1 1 1
736.3 3774.4 -12.7 351 0 7.0 5.9 5.0 2.5 4 0 2 3 3
365.8 3633.8 -5.4 172 0 4.7 4.5 5.0 2.5 2 0 2 5 5
1275.8 3610.4 -13.7 88 0 7.8 8.8 2.5 2.5 2 1 1 3 3
2225.3 3602.1 -23.5 266 0 6.9 4.0 5.0 2.5 2 0 2 1 1
911.0 3533.2 -11.9 354 0 9.4 9.6 5.0 2.5 2 1 2 3 3
1463.1 3616.9 -13.3 89 0 7.7 8.2 5.0 2.5 4 1 2 3 3
1941.5 3433.3 -18.8 89 0 6.1 9.5 5.0 2.5 2 1 2 4 4
1641.4 2899.6 -11.0 178 0 7.5 8.7 5.0 2.5 2 1 2 0 0
734.2 3724.6 -10.9 346 0 7.7 8.7 5.0 2.5 2 1 2 2 2
4200.2 3951.6 -3.8 40 0 5.9 5.3 5.0 2.5 2 0 2 1 1
461.2 3804.3 -8.8 76 0 5.8 10.8 2.5 2.5 2 1 1 4 4
2233.9 3623.0 -24.0 267 0 9.0 9.7 5.0 2.5 2 1 2 1 1
671.2 3656.2 -9.2 169 0 10.2 11.7 5.0 2.5 2 1 2 2 2
1528.8 3559.1 -14.6 179 0 6.8 7.2 5.0 2.5 2 1 2 5 5
1636.1 3095.4 -9.9 177 0 5.1 4.9 5.0 2.5 2 0 2 0 0
318.3 4248.1 -16.6 162 0 5.1 3.1 5.0 2.5 2 0 2 3 3
1988.2 3542.4 -22.1 92 0 9.4 6.9 5.0 0.0 0 0 2 5 5
278.9 4475.6 -19.3 167 0 7.4 12.6 2.5 2.5 2 1 1 2 2
4435.2 4175.8 -10.2 42 0 6.5 6.5 2.5 2.5 2 1 1 2 2
681.8 3127.4 1.6 175 0 5.0 6.8 2.5 2.5 2 1 1 1 1
195.4 6282.2 -50.8 92 0 6.6 8.2 5.0 2.5 4 1 2 3 3
2393.8 3614.4 -26.3 271 0 4.3 3.5 5.0 2.5 2 0 2 3 3
410.9 3859.5 -8.0 177 0 9.0 6.4 2.5 2.5 2 0 1 5 5
262.9 3758.2 -6.8 68 0 6.8 10.7 2.5 2.5 2 1 1 3 3
2983.9 4853.9 -41.7 40 0 6.4 3.6 2.5 2.5 4 0 1 5 5
1517.5 3622.5 -14.5 84 0 6.7 4.9 5.0 2.5 2 0 2 4 4
3980.2 3654.3 -9.9 224 0 8.0 7.2 5.0 2.5 2 0 2 2 2
493.2 3721.6 -8.3 348 0 7.2 6.6 5.0 2.5 2 0 2 2 2
2000.5 3581.3 -23.6 40 0 6.8 6.2 5.0 2.5 4 0 2 4 4
-57.5 5084.1 -31.7 160 0 5.4 10.1 2.5 2.5 2 1 1 0 0
4474.9 4216.5 -8.0 43 0 7.6 8.3 2.5 2.5 2 1 1 4 4
-784.0 5236.3 -41.0 212 0 6.8 9.6 5.0 2.5 2 1 2 0 0
2298.8 3622.4 -24.1 270 0 10.7 10.4 5.0 2.5 2 0 2 1 1
-338.9 5958.6 -43.2 79 0 6.0 4.6 5.0 2.5 2 0 2 1 1
756.9 3770.2 -12.9 167 0 12.4 7.7 5.0 2.5 2 0 2 2 2
1606.7 3566.2 -16.4 179 0 10.1 21.9 5.0 0.0 0 1 2 4 4
744.7 3665.4 -9.3 348 0 6.7 8.8 5.0 2.5 2 1 2 5 5
4064.7 3814.5 -6.0 46 0 3.7 4.2 5.0 2.5 2 1 2 4 4
1622.3 3453.4 -16.2 176 0 6.2 11.1 2.5 2.5 2 1 1 4 4
2135.5 3621.7 -24.4 269 0 7.1 13.8 5.0 2.5 2 1 2 4 4
-28.9 6340.9 -55.0 177 0 6.0 11.6 2.5 2.5 2 1 1 3 3
532.4 3549.5 -3.6 79 0 6.6 6.4 5.0 2.5 2 0 2 3 3
4783.3 4494.8 -9.8 231 0 3.5 4.1 5.0 2.5 2 1 2 1 1
2059.1 3639.2 -25.6 88 0 5.0 6.6 5.0 2.5 2 1 2 3 3
14.0 4683.1 -25.0 171 0 5.1 6.3 2.5 0.0 0 1 1 0 0
758.5 3815.9 -14.4 179 0 8.8 9.2 5.0 2.5 2 1 2 4 4
3100.0 5050.0 -43.8 210 0 7.9 9.6 5.0 2.5 2 1 2 3 3
1478.7 3292.6 -10.8 358 0 5.0 10.1 2.5 2.5 2 1 1 1 1
-620.9 5832.0 -46.3 153 0 7.4 9.0 5.0 2.5 2 1 2 3 3
1467.4 3127.6 -8.4 180 0 5.9 3.4 2.5 2.5 2 0 1 0 0
436.6 4261.0 -19.6 168 0 9.6 12.2 5.0 2.5 2 1 2 2 2
446.1 3650.1 -5.9 169 0 8.9 14.6 5.0 2.5 4 1 2 4 4
4806.7 4570.6 -11.9 42 0 5.6 8.2 5.0 2.5 2 1 2 3 3
-378.0 5924.4 -43.8 266 0 6.2 6.0 5.0 2.5 4 0 2 5 5
460.2 3970.4 -13.3 350 0 9.5 7.3 2.5 0.0 0 0 1 2 2
2201.7 3764.8 -27.9 248 0 7.3 7.4 5.0 2.5 2 1 2 0 0
-155.4 5965.7 -43.4 246 0 4.6 6.3 5.0 2.5 2 1 2 1 1
356.3 3966.0 -9.3 353 0 6.5 12.6 2.5 2.5 2 1 1 0 0
193.3 4750.0 -26.1 359 0 13.7 6.8 2.5 2.5 2 0 1 5 5
4229.4 3921.0 -4.2 227 0 4.8 7.5 5.0 2.5 2 1 2 4 4
558.0 6531.0 -52.1 219 0 6.9 5.7 2.5 2.5 2 0 1 1 1
1702.5 3303.9 -11.2 3 0 7.5 16.0 2.5 2.5 2 1 1 0 0
402.2 3867.4 -7.9 173 0 5.9 8.3 2.5 2.5 2 1 1 5 5
96.8 4949.2 -29.5 357 0 6.5 3.9 5.0 2.5 2 0 2 4 4
2245.6 3796.1 -28.8 258 0 7.6 11.4 5.0 2.5 2 1 2 3 3
-505.4 5833.3 -45.9 343 0 7.4 8.7 5.0 2.5 2 1 2 0 0
3498.1 5290.7 -48.0 244 0 4.0 5.3 5.0 2.5 2 1 2 1 1
1310.6 3464.2 -7.5 267 0 6.3 6.5 5.0 2.5 2 1 2 1 1
811.2 3319.3 -3.5 93 0 5.3 3.7 5.0 2.5 2 0 2 0 0
362.5 4309.1 -17.9 86 0 3.6 4.9 2.5 2.5 2 1 1 3 3
3526.8 5353.8 -47.4 59 0 5.1 3.9 5.0 2.5 2 0 2 2 2
1533.0 3182.5 -9.0 102 0 6.2 4.4 5.0 2.5 2 0 2 1 1
211.5 4325.6 -16.8 174 0 7.2 8.2 2.5 2.5 2 1 1 1 1
2042.6 3438.7 -19.9 93 0 3.4 9.2 2.5 2.5 2 1 1 2 2
455.7 4282.0 -20.2 250 0 5.7 7.0 5.0 2.5 4 1 2 5 5
-572.9 6112.3 -47.1 171 0 7.0 8.8 2.5 2.5 2 1 1 4 4
2342.3 3722.0 -26.8 271 0 3.5 4.2 5.0 2.5 2 1 2 0 0
1473.6 3456.8 -13.1 1 0 6.2 4.2 2.5 2.5 2 0 1 3 3
874.8 3388.6 -7.0 267 0 8.3 8.2 5.0 2.5 2 0 2 0 0
3562.7 5413.9 -47.0 147 0 5.3 10.8 5.0 2.5 2 1 2 2 2
1593.0 3417.4 -16.0 355 0 6.4 14.1 5.0 0.0 0 1 2 4 4
1726.8 3412.6 -17.7 174 0 7.2 3.0 2.5 2.5 2 0 1 0 0
187.9 6417.7 -54.3 25 0 9.8 12.9 2.5 2.5 2 1 1 1 1
1575.2 2940.4 -9.4 266 0 10.5 4.6 2.5 2.5 2 0 1 2 2
-311.4 5967.1 -43.3 87 0 4.6 3.5 5.0 2.5 2 0 2 3 3
247.0 4134.0 -13.7 166 0 12.1 20.8 5.0 2.5 2 1 2 3 3
327.5 4058.6 -12.6 343 0 4.6 7.9 5.0 2.5 2 1 2 1 1
99.0 5314.1 -33.4 154 0 7.8 10.6 2.5 2.5 2 1 1 0 0
-240.0 5951.3 -42.9 249 0 8.6 5.8 5.0 2.5 2 0 2 1 1
1405.7 3507.9 -11.9 86 0 6.4 8.0 5.0 0.0 0 1 2 4 4
2225.2 3545.7 -22.7 94 0 8.8 14.9 5.0 2.5 2 1 2 3 3
950.6 3423.7 -10.3 171 0 10.7 9.8 5.0 0.0 0 0 2 3 3
313.6 4151.1 -14.9 355 0 9.2 10.5 5.0 2.5 2 1 2 5 5
3729.7 5494.4 -45.3 316 0 15.8 9.6 5.0 2.5 4 0 2 0 0
1572.1 3410.5 -16.1 1 0 5.3 3.7 5.0 2.5 2 0 2 3 3
1833.8 3498.7 -19.3 271 0 7.5 8.8 2.5 2.5 2 1 1 1 1
-389.6 5923.3 -43.8 263 0 9.5 7.0 5.0 2.5 4 0 2 1 1
1534.5 2936.7 -9.0 251 0 4.8 3.8 2.5 2.5 2 0 1 1 1
229.3 6258.4 -50.5 268 0 5.6 5.8 5.0 0.0 0 1 2 2 2
544.3 3785.7 -10.2 260 0 8.1 9.6 2.5 2.5 2 1 1 3 3
523.4 6477.5 -51.7 220 0 8.0 7.2 2.5 2.5 2 0 1 5 5
2476.1 3916.7 -33.4 125 0 5.1 8.9 2.5 2.5 2 1 1 5 5
1401.2 3567.6 -12.8 268 0 10.6 6.2 5.0 2.5 2 0 2 3 3
2261.4 3555.1 -24.1 357 0 12.8 8.5 5.0 2.5 2 0 2 1 1
51.3 6335.9 -54.8 85 0 7.4 10.4 2.5 2.5 2 1 1 4 4
1522.2 3510.0 -14.9 83 0 6.6 10.5 5.0 2.5 2 1 2 4 4
125.7 6401.5 -56.4 302 0 9.1 7.1 2.5 2.5 2 0 1 2 2
3698.9 3443.3 -12.7 319 0 5.2 4.1 2.5 2.5 2 0 1 4 4
1630.9 3042.5 -9.6 178 0 6.8 11.3 5.0 2.5 2 1 2 1 1
387.3 4328.6 -19.3 346 0 7.9 8.8 2.5 2.5 2 1 1 4 4
-561.2 6236.6 -48.3 263 0 8.1 5.0 5.0 0.0 0 0 2 5 5
1895.1 3566.6 -22.6 86 0 9.4 8.9 5.0 2.5 2 0 2 5 5
446.9 4276.6 -19.9 167 0 6.2 5.4 5.0 2.5 2 0 2 3 3
4402.5 4081.2 -6.6 44 0 6.7 6.0 5.0 2.5 2 0 2 2 2
449.4 3639.8 -5.7 165 0 5.8 14.7 5.0 2.5 2 1 2 1 1
1078.8 3424.4 -10.9 263 0 20.7 11.8 5.0 2.5 2 0 2 0 0
305.8 4251.5 -16.4 350 0 9.2 13.0 5.0 2.5 2 1 2 1 1
4022.9 5605.6 -45.6 55 0 6.3 8.7 5.0 2.5 2 1 2 3 3
-2.8 4972.4 -30.4 175 0 8.3 6.1 2.5 2.5 2 0 1 0 0
3887.9 3617.9 -10.6 40 0 8.5 11.4 5.0 0.0 0 1 2 3 3
1977.1 3624.1 -25.5 50 0 10.1 9.1 5.0 2.5 2 0 2 4 4
493.4 6509.7 -51.3 28 0 7.0 15.1 5.0 2.5 2 1 2 1 1
4460.9 4148.0 -7.2 220 0 7.7 6.5 5.0 2.5 2 0 2 4 4
557.0 3478.2 -3.1 350 0 12.4 7.1 5.0 2.5 2 0 2 2 2
2887.9 4840.1 -42.1 40 0 7.7 13.2 5.0 2.5 2 1 2 4 4
2279.1 3657.7 -24.6 179 0 9.7 11.4 5.0 2.5 2 1 2 3 3
678.1 3381.6 -4.8 86 0 6.1 7.0 2.5 2.5 2 1 1 3 3
3031.1 4930.3 -42.5 230 0 3.7 3.4 5.0 2.5 2 0 2 3 3
1609.1 3526.9 -15.5 180 0 10.6 10.8 5.0 2.5 2 1 2 4 4
5.9 6271.2 -52.8 277 0 10.3 10.5 5.0 0.0 0 1 2 0 0
4027.5 3776.5 -10.1 41 0 6.4 8.2 5.0 0.0 0 1 2 5 5
-38.8 5117.9 -32.3 334 0 5.6 5.1 2.5 2.5 2 0 1 0 0
2049.2 3588.8 -24.0 182 0 6.1 4.2 5.0 2.5 2 0 2 2 2
525.1 3816.5 -10.4 170 0 3.5 4.1 5.0 2.5 2 1 2 5 5
662.2 3654.4 -9.2 169 0 5.2 7.4 5.0 2.5 2 1 2 3 3
74.3 4954.5 -29.6 180 0 5.6 7.1 5.0 2.5 4 1 2 2 2
668.8 3376.2 -4.6 90 0 9.1 8.1 2.5 2.5 2 0 1 5 5
2281.1 3705.9 -25.5 180 0 7.8 10.1 5.0 2.5 2 1 2 5 5
-486.1 6244.4 -48.8 269 0 6.1 4.4 5.0 2.5 2 0 2 2 2
1702.1 3641.4 -20.7 2 0 6.4 5.2 5.0 2.5 2 0 2 3 3
254.7 4083.6 -12.6 165 0 13.8 14.9 5.0 2.5 2 1 2 4 4
1483.5 3380.3 -12.4 330 0 4.7 9.3 2.5 2.5 2 1 1 1 1
22.3 6056.0 -49.0 77 0 4.4 4.2 5.0 2.5 2 0 2 3 3
396.0 3956.9 -10.5 173 0 12.9 7.8 2.5 2.5 2 0 1 1 1
-10.2 6241.2 -52.8 241 0 6.8 7.6 5.0 2.5 2 1 2 1 1
232.9 4019.4 -10.7 350 0 7.1 11.9 2.5 2.5 2 1 1 4 4
179.2 6024.8 -49.4 208 0 7.8 11.5 5.0 2.5 2 1 2 5 5
819.6 3839.6 -15.4 266 0 8.1 7.6 5.0 2.5 4 0 2 3 3
3174.8 5150.4 -45.2 127 0 6.8 5.2 5.0 2.5 2 0 2 3 3
213.6 4118.7 -12.6 352 0 7.0 7.8 2.5 2.5 2 1 1 3 3
4142.3 3835.5 -4.4 224 0 6.7 7.3 5.0 2.5 2 1 2 5 5
367.2 3888.9 -6.9 348 0 10.4 13.8 2.5 2.5 2 1 1 1 1
1693.3 3505.0 -16.9 360 0 7.7 10.8 2.5 2.5 2 1 1 5 5
-530.1 5840.7 -46.4 152 0 7.7 7.3 5.0 2.5 2 0 2 4 4
2176.0 3650.4 -25.2 88 0 7.2 11.7 5.0 2.5 2 1 2 0 0
619.5 3325.6 -2.3 170 0 9.4 3.4 5.0 2.5 2 0 2 3 3
1203.9 3556.3 -11.5 276 0 9.9 16.7 5.0 2.5 2 1 2 5 5
671.7 3204.9 1.5 173 0 5.8 7.8 2.5 0.0 0 1 1 0 0
1517.9 3000.5 -8.5 174 0 6.7 8.7 2.5 2.5 2 1 1 1 1
373.4 3794.5 -6.2 74 0 5.5 7.9 2.5 0.0 0 1 1 1 1
1751.1 3499.7 -18.3 273 0 4.7 3.2 2.5 0.0 0 0 1 2 2
-24.1 6179.4 -52.2 186 0 10.2 27.1 5.0 0.0 0 1 2 5 5
2287.1 3786.7 -27.9 176 0 6.1 5.9 5.0 2.5 2 0 2 4 4
186.7 6309.5 -51.3 188 0 10.7 11.0 5.0 2.5 4 1 2 2 2
659.8 3346.8 -3.7 270 0 6.3 9.9 5.0 2.5 2 1 2 5 5
272.7 4938.0 -27.4 346 0 10.6 11.4 5.0 2.5 2 1 2 0 0
1435.7 3418.0 -12.1 61 0 15.4 7.3 2.5 2.5 2 0 1 5 5
1101.1 3360.0 -8.9 265 0 47.5 60.6 5.0 0.0 0 1 2 5 5
3464.9 5337.6 -47.3 334 0 6.4 8.2 5.0 2.5 4 1 2 5 5
1735.2 3348.5 -16.1 180 0 6.0 6.2 2.5 2.5 2 1 1 1 1
449.8 3662.1 -6.3 163 0 6.8 12.9 5.0 2.5 4 1 2 3 3
48.7 4574.8 -23.2 158 0 6.6 6.8 2.5 0.0 0 1 1 3 3
262.2 4034.5 -11.6 163 0 12.6 13.0 5.0 2.5 2 1 2 4 4
2193.8 3431.9 -21.6 84 0 6.4 12.3 2.5 0.0 0 1 1 0 0
553.2 3663.7 -8.1 167 0 6.5 5.7 2.5 2.5 2 0 1 2 2
2552.7 3576.0 -27.9 180 0 7.9 6.5 5.0 2.5 2 0 2 0 0
1479.5 3437.5 -13.0 359 0 6.1 3.3 2.5 2.5 2 0 1 0 0
2407.0 3519.2 -27.1 266 0 11.2 13.2 2.5 2.5 2 1 1 4 4
39.1 6268.7 -53.2 275 0 7.5 8.7 5.0 2.5 2 1 2 2 2
3654.8 5365.8 -47.9 231 0 7.5 4.6 5.0 2.5 4 0 2 3 3
1538.4 3391.3 -14.6 182 0 3.9 5.2 5.0 2.5 2 1 2 3 3
552.4 3505.7 -3.0 349 0 14.8 6.5 5.0 0.0 0 0 2 1 1
1722.7 3285.6 -11.6 182 0 6.6 13.9 2.5 2.5 2 1 1 2 2
556.4 3646.0 -7.5 166 0 8.8 5.6 2.5 2.5 2 0 1 1 1
2256.5 3423.8 -23.0 92 0 10.8 5.6 2.5 2.5 2 0 1 4 4
377.1 3513.6 -4.0 79 0 8.6 10.1 5.0 2.5 2 1 2 0 0
426.1 4299.7 -19.8 171 0 6.4 4.8 5.0 2.5 2 0 2 3 3
332.7 4487.3 -21.4 350 0 6.4 7.0 2.5 2.5 2 1 1 0 0
2460.5 4123.7 -36.6 10 0 7.2 8.9 5.0 2.5 4 1 2 0 0
1262.7 3609.9 -13.6 91 0 8.5 10.0 2.5 2.5 2 1 1 5 5
2090.9 3546.5 -22.9 85 0 10.1 13.1 5.0 2.5 2 1 2 5 5
208.5 6255.0 -51.4 270 0 32.0 7.8 5.0 2.5 2 0 2 5 5
296.9 3562.1 -4.6 165 0 5.4 7.5 5.0 0.0 0 1 2 5 5
3889.9 5545.5 -44.3 58 0 7.2 9.9 5.0 2.5 2 1 2 3 3
1463.3 3573.9 -12.9 267 0 6.9 3.4 5.0 2.5 4 0 2 3 3
1955.2 3427.5 -18.8 90 0 5.0 10.8 5.0 2.5 2 1 2 2 2
1651.9 2897.8 -11.2 178 0 10.2 5.5 5.0 0.0 0 0 2 5 5
554.6 3384.6 -3.3 87 0 16.8 7.8 5.0 2.5 2 0 2 3 3
1958.5 3495.7 -19.8 275 0 5.7 6.2 5.0 0.0 0 1 2 1 1
277.8 4355.1 -15.8 343 0 8.9 5.7 2.5 2.5 2 0 1 3 3
294.2 3881.9 -7.5 164 0 7.5 5.4 2.5 2.5 2 0 1 0 0
4216.8 3968.6 -3.8 43 0 6.7 5.3 5.0 0.0 0 0 2 0 0
586.5 3927.2 -15.8 82 0 10.8 7.2 5.0 2.5 2 0 2 2 2
2462.1 4155.2 -36.9 9 0 8.4 11.4 5.0 2.5 2 1 2 0 0
315.2 3835.8 -6.7 166 0 10.0 5.3 2.5 2.5 2 0 1 5 5
2091.4 3725.6 -27.5 51 0 8.6 14.0 5.0 2.5 2 1 2 1 1
625.1 3436.9 -4.5 168 0 11.3 14.4 2.5 2.5 2 1 1 2 2
611.7 3475.3 -3.6 165 0 9.1 5.6 2.5 2.5 2 0 1 5 5
3935.6 5572.9 -44.7 51 0 5.0 4.7 5.0 0.0 0 0 2 5 5
1508.1 3590.2 -14.0 270 0 10.9 7.3 5.0 2.5 2 0 2 3 3
65.3 4525.7 -22.4 84 0 6.6 6.6 2.5 2.5 4 0 1 3 3
3675.6 3671.3 -19.0 179 0 6.9 13.7 2.5 2.5 2 1 1 3 3
1643.5 3106.8 -10.0 178 0 7.7 6.1 5.0 2.5 2 0 2 0 0
-378.6 6266.3 -49.6 263 0 5.7 8.0 5.0 2.5 2 1 2 0 0
2000.5 3554.5 -22.5 359 0 6.6 8.9 5.0 2.5 2 1 2 4 4
598.6 4366.1 -21.3 80 0 7.2 7.3 5.0 2.5 2 1 2 5 5
195.4 5065.1 -31.8 85 0 6.8 8.1 5.0 2.5 2 1 2 1 1
4246.1 3982.4 -4.6 39 0 6.9 8.3 5.0 2.5 2 1 2 5 5
-546.2 5717.0 -47.0 91 0 5.9 5.8 5.0 2.5 2 0 2 3 3
2387.5 3612.7 -26.3 271 0 3.1 4.1 5.0 2.5 2 1 2 1 1
29.9 6109.4 -50.3 253 0 8.3 10.2 5.0 2.5 2 1 2 3 3
1530.4 3616.5 -14.8 88 0 6.3 5.5 5.0 2.5 2 0 2 2 2
1626.6 3120.3 -9.6 177 0 6.5 9.2 5.0 2.5 4 1 2 1 1
599.3 3581.7 -5.8 76 0 8.1 9.3 2.5 2.5 2 1 1 1 1
2017.5 3615.2 -24.9 179 0 5.7 5.7 5.0 2.5 2 1 2 0 0
-470.4 5955.8 -45.4 77 0 7.7 5.0 5.0 2.5 2 0 2 4 4
4467.8 4224.7 -8.0 40 0 6.3 7.6 2.5 2.5 2 1 1 0 0
2786.3 4575.6 -40.1 303 0 3.4 4.2 2.5 2.5 2 1 1 1 1
31.1 5994.1 -47.7 270 0 10.3 11.2 5.0 2.5 2 1 2 2 2
2309.1 3621.2 -24.3 271 0 4.3 9.8 5.0 2.5 4 1 2 0 0
390.7 4370.9 -20.5 344 0 6.3 9.2 2.5 2.5 2 1 1 4 4
767.7 3772.5 -13.0 169 0 12.0 7.2 5.0 0.0 0 0 2 5 5
-220.5 5621.0 -42.9 91 0 4.5 6.0 5.0 2.5 2 1 2 3 3
1639.7 3572.0 -16.8 173 0 8.6 4.5 5.0 2.5 2 0 2 1 1
231.0 4241.6 -15.4 253 0 9.9 8.1 5.0 0.0 0 0 2 0 0
1615.8 3467.8 -16.3 179 0 14.4 24.6 2.5 2.5 2 1 1 5 5
444.0 4206.5 -18.7 163 0 4.5 5.9 5.0 2.5 4 1 2 0 0
4791.6 4503.6 -10.0 225 0 3.4 6.1 5.0 2.5 2 1 2 5 5
570.6 3729.3 -10.1 165 0 3.9 3.5 2.5 2.5 2 0 1 2 2
2060.4 3651.7 -25.9 169 0 7.9 14.7 5.0 2.5 2 1 2 1 1
771.0 3810.1 -14.1 182 0 4.1 3.9 5.0 2.5 2 0 2 3 3
3119.3 5069.4 -44.0 214 0 7.7 9.4 5.0 2.5 2 1 2 2 2
1476.1 3299.2 -10.9 357 0 4.8 7.5 2.5 0.0 0 1 1 1 1
334.4 4101.9 -14.0 348 0 7.3 13.9 5.0 2.5 4 1 2 1 1
4087.2 3839.7 -5.7 44 0 4.1 3.3 5.0 0.0 0 0 2 5 5
1964.5 3651.9 -26.0 231 0 3.8 5.3 5.0 2.5 2 1 2 0 0
-615.7 6173.3 -46.9 336 0 9.9 12.2 2.5 2.5 2 1 1 5 5
4814.0 4576.0 -12.6 39 0 7.1 11.8 5.0 2.5 2 1 2 4 4
312.6 3656.6 -5.9 346 0 6.7 17.5 5.0 2.5 2 1 2 1 1
2205.1 3752.3 -27.4 85 0 3.7 3.4 5.0 2.5 2 0 2 3 3
3271.2 5283.1 -46.8 248 0 6.6 9.9 5.0 2.5 4 1 2 5 5
4245.1 3940.3 -4.7 224 0 7.1 7.5 5.0 2.5 2 1 2 0 0
509.6 3410.6 -4.3 179 0 3.0 7.3 5.0 2.5 2 1 2 5 5
-206.5 5946.8 -42.1 256 0 8.2 14.5 5.0 2.5 2 1 2 4 4
48.2 6120.8 -50.6 263 0 5.8 3.4 5.0 2.5 2 0 2 5 5
173.1 6278.7 -51.4 181 0 4.5 4.0 5.0 2.5 2 0 2 5 5
53.8 4850.9 -27.5 348 0 11.7 6.7 2.5 0.0 0 0 1 5 5
2238.3 3721.4 -25.9 270 0 13.2 9.2 5.0 0.0 0 0 2 5 5
775.2 3387.3 -6.1 87 0 7.9 7.7 5.0 2.5 2 0 2 0 0
3288.2 5281.8 -46.9 256 0 5.2 11.5 5.0 2.5 2 1 2 3 3
824.0 3331.9 -3.9 268 0 5.5 4.7 5.0 2.5 4 0 2 5 5
3548.0 5355.7 -47.5 51 0 13.6 9.5 5.0 2.5 2 0 2 2 2
1511.2 3282.3 -11.0 176 0 9.1 12.3 5.0 2.5 2 1 2 3 3
1793.3 3433.0 -18.0 82 0 6.5 8.2 2.5 2.5 2 1 1 0 0
-93.9 5971.3 -45.6 258 0 7.5 9.0 5.0 2.5 2 1 2 4 4
521.6 3853.6 -11.9 169 0 7.8 13.6 5.0 2.5 2 1 2 0 0
531.8 3668.5 -7.8 344 0 5.5 9.3 5.0 2.5 2 1 2 0 0
2092.7 3429.8 -20.4 91 0 10.6 11.9 2.5 2.5 2 1 1 3 3
1309.0 3503.6 -8.4 90 0 4.8 5.2 5.0 2.5 2 1 2 1 1
291.4 3988.9 -9.9 258 0 5.1 9.4 2.5 2.5 2 1 1 1 1
921.3 3348.4 -6.6 267 0 5.6 5.7 5.0 2.5 4 1 2 2 2
3567.9 5406.8 -47.1 245 0 3.9 4.2 5.0 2.5 2 1 2 1 1
1584.1 3410.0 -15.8 2 0 3.7 5.2 5.0 2.5 2 1 2 1 1
249.3 4436.7 -17.7 352 0 5.4 6.4 2.5 2.5 2 1 1 0 0
1731.5 3413.2 -18.0 173 0 7.9 8.7 2.5 2.5 2 1 1 0 0
1575.8 2934.6 -9.6 269 0 11.2 5.0 2.5 2.5 2 0 1 3 3
-386.9 6288.5 -52.2 83 0 10.1 9.3 2.5 2.5 2 0 1 0 0
586.7 6581.7 -51.9 205 0 7.2 5.8 2.5 2.5 2 0 1 0 0
2087.4 3508.0 -21.6 264 0 6.4 12.6 2.5 2.5 2 1 1 2 2
76.7 4899.8 -28.6 167 0 7.0 9.7 5.0 2.5 2 1 2 1 1
388.1 3537.8 -4.2 88 0 3.1 4.0 5.0 2.5 4 1 2 5 5
2375.8 3846.1 -32.1 70 0 5.6 7.0 5.0 2.5 2 1 2 5 5
1416.5 3499.0 -11.7 89 0 6.0 10.0 5.0 2.5 2 1 2 0 0
2235.0 3550.2 -22.8 91 0 3.4 5.0 5.0 2.5 2 1 2 1 1
531.3 6553.3 -51.8 40 0 7.7 8.0 5.0 2.5 4 1 2 0 0
950.9 3435.0 -10.8 172 0 6.8 12.1 5.0 2.5 2 1 2 5 5
55.6 4837.8 -27.3 349 0 11.2 5.9 2.5 2.5 2 0 1 1 1
3719.2 5501.3 -45.3 317 0 4.5 6.0 5.0 2.5 2 1 2 5 5
1588.0 3334.0 -13.4 1 0 6.5 13.4 5.0 2.5 2 1 2 1 1
682.8 6785.7 -51.1 22 0 6.7 10.1 5.0 0.0 0 1 2 0 0
1820.4 3506.8 -19.4 269 0 8.3 12.6 2.5 2.5 2 1 1 3 3
217.9 4087.9 -12.0 353 0 5.0 8.9 2.5 2.5 2 1 1 4 4
2001.3 3449.4 -19.2 359 0 8.3 9.8 5.0 2.5 2 1 2 0 0
41.6 4636.1 -24.2 167 0 4.6 4.2 2.5 2.5 2 0 1 2 2
-473.2 5968.5 -45.4 249 0 7.0 4.8 5.0 2.5 2 0 2 2 2
1403.6 3558.3 -12.6 270 0 4.9 3.4 5.0 2.5 2 0 2 4 4
2247.0 3561.5 -23.3 359 0 4.8 5.7 5.0 2.5 2 1 2 5 5
194.5 4229.3 -14.8 357 0 15.1 9.1 2.5 2.5 2 0 1 1 1
1526.5 3484.8 -15.2 327 0 9.0 20.6 5.0 2.5 2 1 2 4 4
460.6 3920.6 -11.5 341 0 7.4 4.8 2.5 2.5 2 0 1 1 1
3868.2 3595.7 -10.2 38 0 7.0 7.8 5.0 2.5 2 1 2 4 4
260.8 3874.1 -7.8 348 0 9.3 11.0 2.5 2.5 2 1 1 3 3
631.8 3626.1 -8.0 354 0 7.5 5.4 2.5 2.5 2 0 1 3 3
279.9 4966.5 -28.7 342 0 8.6 5.3 5.0 2.5 2 0 2 0 0
285.1 4425.0 -18.0 162 0 6.6 16.5 2.5 2.5 2 1 1 1 1
4423.8 4118.7 -7.2 233 0 10.5 9.2 5.0 2.5 2 0 2 1 1
210.8 4429.5 -18.4 173 0 6.3 7.7 2.5 2.5 2 1 1 0 0
534.6 6573.8 -51.8 44 0 4.3 4.1 5.0 2.5 2 0 2 2 2
2358.6 3557.6 -26.0 88 0 4.3 3.6 5.0 2.5 4 0 2 2 2
233.6 3931.8 -9.0 161 0 3.1 6.0 2.5 2.5 2 1 1 1 1
4029.5 5613.7 -45.7 54 0 6.9 14.4 5.0 2.5 4 1 2 0 0
1570.6 3512.1 -15.4 88 0 6.7 11.2 5.0 2.5 2 1 2 3 3
403.4 3746.9 -6.3 346 0 7.0 16.2 5.0 2.5 2 1 2 5 5
1624.7 3244.0 -8.0 179 0 7.9 9.5 5.0 2.5 2 1 2 2 2
736.5 3716.4 -10.5 349 0 6.2 13.7 5.0 2.5 2 1 2 0 0
1935.2 3554.4 -22.0 276 0 8.1 10.4 5.0 2.5 2 1 2 3 3
414.0 4215.5 -18.1 350 0 10.3 8.1 5.0 2.5 2 0 2 1 1
4475.1 4176.7 -8.7 222 0 7.2 6.9 5.0 2.5 2 0 2 3 3
-380.6 5955.8 -43.6 75 0 7.7 6.5 5.0 2.5 2 0 2 1 1
2859.8 4820.6 -41.9 36 0 4.2 3.7 5.0 2.5 2 0 2 0 0
611.7 3497.1 -2.8 165 0 6.6 12.9 2.5 2.5 4 1 1 5 5
-448.0 5959.8 -44.9 79 0 5.1 4.5 5.0 0.0 0 0 2 2 2
693.2 3056.4 2.1 175 0 3.4 3.4 2.5 2.5 2 0 1 5 5
149.5 5976.8 -47.5 214 0 8.4 16.1 5.0 2.5 2 1 2 4 4
21.9 4659.5 -24.6 173 0 6.6 7.2 2.5 2.5 2 1 1 2 2
4051.8 3742.4 -6.6 230 0 6.9 7.1 5.0 2.5 4 1 2 0 0
4578.7 4379.8 -13.4 292 0 6.1 5.0 2.5 2.5 2 0 1 0 0
387.8 3803.4 -6.4 346 0 10.2 11.0 2.5 2.5 2 1 1 1 1
-447.2 5946.2 -45.1 83 0 7.2 10.1 5.0 2.5 2 1 2 3 3
2292.0 3700.3 -25.4 182 0 3.5 3.3 5.0 2.5 2 0 2 2 2
-216.3 5944.7 -42.3 254 0 4.5 7.6 5.0 0.0 0 1 2 4 4
614.5 3651.1 -8.7 348 0 6.1 4.1 2.5 0.0 0 0 1 3 3
3054.7 4958.7 -42.3 213 0 6.9 10.7 5.0 2.5 2 1 2 0 0
1397.7 3323.6 -11.5 170 0 7.9 13.8 2.5 2.5 4 1 1 5 5
44.2 6313.4 -54.0 84 0 3.4 3.6 2.5 2.5 2 1 1 4 4
1470.5 3393.5 -12.5 245 0 9.6 13.7 2.5 2.5 2 1 1 4 4
2036.0 3674.3 -26.7 53 0 10.7 16.6 5.0 2.5 2 1 2 1 1
303.7 3832.2 -6.6 167 0 9.6 10.6 2.5 0.0 0 1 1 2 2
4733.7 4487.8 -11.5 46 0 7.0 6.3 5.0 2.5 2 0 2 0 0
2146.8 3712.3 -26.6 266 0 9.5 9.5 5.0 0.0 0 0 2 4 4
561.1 3666.1 -8.3 168 0 5.7 5.4 2.5 0.0 0 0 1 2 2
822.1 3856.5 -16.2 263 0 5.0 12.0 5.0 2.5 2 1 2 5 5
368.8 3530.1 -4.1 168 0 11.6 3.1 5.0 2.5 2 0 2 5 5
1425.3 3195.3 -9.5 177 0 8.2 16.8 2.5 2.5 4 1 1 3 3
4154.5 3824.4 -3.9 41 0 7.6 6.7 5.0 2.5 2 0 2 5 5
1481.8 3194.2 -9.1 0 0 7.1 11.5 2.5 2.5 2 1 1 5 5
219.3 4541.5 -21.7 82 0 8.2 12.8 2.5 2.5 2 1 1 1 1
356.2 4148.7 -15.9 170 0 13.8 13.3 5.0 2.5 2 0 2 2 2
196.4 6439.1 -54.5 21 0 8.4 13.4 2.5 2.5 2 1 1 1 1
-486.8 6252.6 -48.8 269 0 6.6 6.3 5.0 2.5 2 0 2 5 5
514.6 4498.9 -22.2 355 0 6.3 8.1 5.0 2.5 2 1 2 5 5
95.8 6289.8 -54.2 53 0 9.5 12.0 2.5 2.5 2 1 1 2 2
647.6 3325.9 -3.0 87 0 7.6 5.9 5.0 2.5 2 0 2 5 5
3391.7 5287.1 -47.4 259 0 7.3 13.4 5.0 0.0 0 1 2 3 3
1247.2 3493.3 -8.7 86 0 6.7 7.0 5.0 2.5 2 1 2 0 0
669.6 3214.5 1.3 179 0 4.0 7.4 2.5 2.5 2 1 1 2 2
568.3 3745.7 -10.2 161 0 4.7 4.3 2.5 2.5 2 0 1 0 0
3398.2 5334.8 -47.0 248 0 7.4 5.6 5.0 2.5 2 0 2 4 4
1516.6 3017.2 -8.5 181 0 7.5 10.2 2.5 2.5 2 1 1 4 4
325.7 3555.1 -4.5 348 0 7.2 18.1 5.0 2.5 2 1 2 3 3
-440.9 6258.4 -49.1 259 0 8.3 10.1 5.0 2.5 2 1 2 3 3
295.9 3618.5 -5.6 172 0 9.6 6.7 5.0 2.5 2 0 2 4 4
2291.2 3775.8 -27.7 185 0 8.1 8.5 5.0 0.0 0 1 2 5 5
658.3 3327.3 -3.3 95 0 6.4 7.2 5.0 2.5 2 1 2 5 5
455.0 3404.3 -4.5 87 0 7.0 11.1 5.0 2.5 2 1 2 1 1
3463.7 5298.5 -47.8 243 0 6.6 7.2 5.0 2.5 2 1 2 4 4
1456.4 3423.2 -12.6 61 0 16.5 6.6 2.5 2.5 4 0 1 4 4
748.5 3337.3 -3.9 269 0 10.2 8.8 5.0 2.5 2 0 2 5 5
-608.2 6173.3 -46.8 339 0 3.8 3.7 2.5 2.5 2 0 1 0 0
3461.0 5343.7 -47.2 331 0 5.3 9.6 5.0 2.5 4 1 2 1 1
1499.2 3410.1 -13.8 174 0 7.8 10.3 5.0 0.0 0 1 2 0 0
440.6 3703.9 -6.9 170 0 8.2 8.5 5.0 2.5 2 1 2 4 4
297.8 3720.2 -6.4 353 0 9.4 15.6 5.0 2.5 2 1 2 0 0
696.5 3645.0 -9.1 173 0 7.4 7.3 5.0 2.5 2 0 2 2 2
-505.8 5741.5 -46.1 338 0 7.8 7.5 5.0 2.5 2 0 2 1 1
2223.8 3410.1 -22.4 268 0 6.8 8.1 2.5 2.5 2 1 1 5 5
525.3 3900.0 -13.7 163 0 7.9 8.6 5.0 0.0 0 1 2 3 3
2551.5 3564.0 -28.0 184 0 4.7 7.6 5.0 2.5 4 1 2 1 1
1488.7 3436.5 -13.4 1 0 8.7 7.7 2.5 2.5 2 0 1 4 4
2434.0 3508.0 -27.4 271 0 10.1 12.8 2.5 2.5 2 1 1 0 0
308.3 3818.3 -6.4 176 0 7.7 10.5 2.5 2.5 2 1 1 0 0
-352.0 5696.0 -44.1 91 0 7.2 8.0 5.0 2.5 2 1 2 1 1
3659.2 5359.0 -48.0 229 0 6.5 4.6 5.0 2.5 2 0 2 2 2
1557.0 3444.9 -16.6 252 0 7.5 8.0 5.0 2.5 2 1 2 3 3
1730.5 3293.1 -12.1 180 0 6.2 6.4 2.5 2.5 2 1 1 2 2
471.3 4149.5 -18.8 167 0 16.1 9.2 5.0 2.5 2 0 2 1 1
758.4 3616.6 -8.7 346 0 9.1 4.8 5.0 2.5 2 0 2 1 1
2262.4 3434.6 -23.0 1 0 7.3 10.6 2.5 2.5 2 1 1 3 3
551.4 3551.9 -3.6 77 0 5.5 5.9 5.0 2.5 2 1 2 1 1
348.9 3511.6 -3.9 345 0 4.7 5.4 5.0 2.5 2 1 2 5 5
1263.2 3631.5 -14.0 268 0 9.0 9.4 2.5 2.5 2 1 1 0 0
220.1 4078.0 -11.9 353 0 11.1 12.6 2.5 2.5 2 1 1 1 1
923.7 3494.3 -11.7 356 0 5.6 7.6 5.0 2.5 4 1 2 5 5
3908.3 5520.2 -44.2 237 0 8.0 5.7 5.0 2.5 2 0 2 4 4
1462.9 3582.0 -13.0 264 0 7.2 7.0 5.0 0.0 0 0 2 3 3
-61.3 6267.7 -53.1 269 0 8.2 11.2 5.0 2.5 2 1 2 5 5
1988.3 3394.8 -19.0 271 0 9.0 7.2 2.5 2.5 2 0 1 2 2
599.0 3348.8 -2.8 3 0 11.1 7.1 2.5 2.5 2 0 1 1 1
1965.8 3494.5 -19.9 269 0 3.9 4.4 5.0 2.5 2 1 2 2 2
123.8 5992.4 -48.1 47 0 4.4 9.4 5.0 0.0 0 1 2 2 2
192.4 4286.0 -16.1 350 0 4.3 9.1 2.5 2.5 4 1 1 5 5
4224.3 3960.8 -4.0 41 0 7.9 7.7 5.0 2.5 2 0 2 0 0
-250.4 5692.1 -44.9 182 0 8.7 6.7 2.5 2.5 2 0 1 4 4
2441.7 4145.0 -36.8 200 0 4.9 3.4 5.0 2.5 2 0 2 3 3
1365.3 3615.8 -14.3 87 0 7.4 7.8 5.0 2.5 2 1 2 5 5
2122.4 3745.9 -27.9 51 0 8.0 7.7 5.0 2.5 2 0 2 2 2
202.8 5387.4 -34.5 235 0 10.9 8.7 5.0 2.5 4 0 2 0 0
648.2 3750.7 -10.9 174 0 7.1 6.5 5.0 0.0 0 0 2 1 1
3953.7 5543.4 -44.7 247 0 9.7 9.8 5.0 2.5 2 1 2 5 5
225.3 6488.2 -54.5 23 0 7.5 9.5 2.5 0.0 0 1 1 2 2
3696.9 3670.6 -19.0 85 0 7.8 16.2 2.5 2.5 2 1 1 2 2
1786.3 3547.2 -20.3 91 0 12.8 8.7 5.0 2.5 2 0 2 1 1
541.1 3554.7 -3.7 75 0 7.3 7.0 5.0 2.5 2 0 2 1 1
4332.3 4028.9 -7.0 226 0 7.2 11.2 5.0 2.5 4 1 2 4 4
199.9 4075.6 -11.9 165 0 10.8 5.4 2.5 2.5 2 0 1 0 0
2447.0 3625.1 -26.7 270 0 10.5 9.4 5.0 2.5 2 0 2 5 5
-784.8 5217.2 -39.3 41 0 7.1 8.6 5.0 2.5 2 1 2 1 1
369.6 3849.9 -7.1 344 0 10.7 10.6 2.5 2.5 2 0 1 5 5
2999.6 4874.1 -41.9 309 0 3.7 11.7 2.5 0.0 0 1 1 5 5
514.4 3907.3 -13.6 176 0 4.2 6.7 5.0 2.5 2 1 2 5 5
4000.9 3676.4 -9.3 220 0 8.6 6.9 5.0 2.5 2 0 2 1 1
366.1 3934.9 -8.5 345 0 8.3 6.8 2.5 2.5 2 0 1 4 4
2017.1 3608.2 -24.6 177 0 4.8 5.3 5.0 2.5 4 1 2 3 3
-507.5 5943.3 -45.9 173 0 13.3 8.9 5.0 2.5 2 0 2 4 4
4496.0 4239.3 -7.1 42 0 7.2 7.7 2.5 2.5 4 1 1 2 2
520.9 3606.6 -5.0 343 0 8.3 4.4 5.0 0.0 0 0 2 1 1
2875.4 4726.3 -41.3 212 0 8.6 13.0 2.5 0.0 0 1 1 3 3
2336.7 3625.3 -25.2 270 0 6.1 13.1 5.0 2.5 2 1 2 5 5
222.7 4501.9 -19.6 257 0 5.3 4.5 2.5 2.5 2 0 1 0 0
759.0 3805.1 -14.0 177 0 8.0 8.8 5.0 2.5 2 1 2 0 0
1662.9 3629.3 -18.8 174 0 13.3 10.4 5.0 2.5 2 0 2 3 3
463.3 3794.2 -8.8 83 0 6.7 8.9 2.5 0.0 0 1 1 0 0
1630.4 3495.4 -16.0 266 0 11.5 15.3 2.5 2.5 2 1 1 1 1
2173.1 3624.6 -24.3 267 0 7.9 6.0 5.0 2.5 2 0 2 0 0
391.1 4212.5 -17.6 346 0 9.2 8.3 5.0 2.5 2 0 2 5 5
207.0 4446.0 -18.7 246 0 6.6 5.9 2.5 2.5 2 0 1 1 1
4818.3 4489.4 -11.3 47 0 9.8 16.4 5.0 2.5 2 1 2 1 1
2075.3 3667.0 -26.1 258 0 5.9 5.8 5.0 0.0 0 0 2 1 1
381.8 3472.7 -4.1 177 0 9.8 22.1 5.0 2.5 2 1 2 0 0
572.5 3564.2 -4.5 171 0 6.7 12.4 2.5 0.0 0 1 1 1 1
3124.4 5093.9 -44.4 206 0 7.5 8.0 5.0 0.0 0 1 2 4 4
1463.1 3141.2 -8.7 179 0 3.4 3.0 2.5 2.5 2 0 1 4 4
298.7 3844.8 -6.9 167 0 9.0 8.8 2.5 2.5 4 0 1 1 1
1950.0 3664.2 -26.1 243 0 4.7 4.3 5.0 2.5 2 0 2 1 1
550.1 3465.9 -3.3 349 0 35.8 9.1 5.0 2.5 2 0 2 4 4
4824.7 4603.4 -13.8 37 0 6.4 5.9 5.0 2.5 2 0 2 0 0
2095.9 3680.9 -26.3 253 0 11.7 9.1 5.0 2.5 2 0 2 3 3
528.8 3570.9 -4.1 80 0 4.3 4.2 5.0 2.5 2 0 2 5 5
3286.9 5289.0 -46.9 255 0 7.5 5.8 5.0 0.0 0 0 2 3 3
1255.2 3388.6 -7.4 89 0 6.7 12.3 5.0 2.5 4 1 2 2 2
-350.6 6266.9 -49.7 272 0 7.5 11.1 5.0 2.5 4 1 2 1 1
4253.0 3933.3 -5.0 219 0 7.9 9.1 5.0 2.5 2 1 2 5 5
-220.8 5644.7 -43.7 267 0 12.4 12.7 5.0 0.0 0 1 2 1 1
-493.2 5910.3 -45.7 257 0 8.4 9.4 5.0 2.5 2 1 2 1 1
1697.5 3348.4 -13.8 357 0 4.1 8.2 2.5 2.5 2 1 1 3 3
-183.3 5988.2 -43.7 78 0 7.3 9.4 5.0 0.0 0 1 2 1 1
567.8 3639.8 -7.8 168 0 7.0 18.2 2.5 2.5 2 1 1 4 4
184.8 6009.7 -48.9 198 0 5.9 8.3 5.0 2.5 2 1 2 1 1
2248.7 3737.4 -26.3 271 0 9.0 6.8 5.0 0.0 0 0 2 2 2
439.5 4299.8 -20.1 261 0 7.9 12.3 5.0 0.0 0 1 2 2 2
1323.5 3461.6 -7.9 2 0 6.2 7.4 5.0 2.5 2 1 2 4 4
876.9 3341.4 -5.4 268 0 7.3 10.4 5.0 2.5 2 1 2 3 3
3500.8 5279.9 -47.9 59 0 5.1 3.6 5.0 2.5 2 0 2 5 5
1513.2 3293.3 -11.5 177 0 6.2 12.0 5.0 2.5 2 1 2 1 1
88.6 5041.4 -31.3 79 0 7.1 12.3 2.5 2.5 2 1 1 2 2
-14.0 6253.7 -52.8 244 0 9.5 10.1 5.0 2.5 2 1 2 3 3
-292.4 5935.1 -43.4 352 0 12.9 7.0 5.0 0.0 0 0 2 0 0
301.3 3883.7 -7.4 151 0 5.5 5.1 2.5 2.5 2 0 1 2 2
1363.9 3468.2 -9.8 266 0 7.8 8.2 2.5 2.5 2 1 1 3 3
507.5 4475.7 -21.5 350 0 4.1 6.6 5.0 2.5 4 1 2 3 3
953.6 3345.4 -7.4 269 0 6.9 7.1 5.0 2.5 2 1 2 1 1
479.2 4562.3 -23.4 268 0 7.0 10.1 5.0 2.5 2 1 2 3 3
3571.1 5396.1 -47.2 230 0 4.4 4.8 5.0 2.5 2 1 2 3 3
1534.8 3298.5 -11.8 359 0 8.8 5.6 5.0 2.5 2 0 2 3 3
-114.8 5996.4 -45.7 88 0 8.0 7.2 5.0 2.5 2 0 2 4 4
1741.9 3414.1 -18.2 174 0 7.1 6.3 2.5 2.5 2 0 1 4 4
1532.5 2945.2 -9.0 258 0 6.9 7.4 2.5 2.5 4 1 1 5 5
427.0 3809.5 -7.9 169 0 7.0 6.3 2.5 2.5 2 0 1 3 3
2098.1 3507.8 -21.6 267 0 10.3 16.7 2.5 2.5 2 1 1 1 1
103.0 6365.1 -55.8 263 0 10.1 7.6 2.5 2.5 2 0 1 3 3
324.4 3715.0 -5.6 175 0 7.5 6.4 5.0 0.0 0 0 2 0 0
204.6 4382.7 -17.8 165 0 12.6 4.8 2.5 2.5 2 0 1 3 3
2471.7 3905.7 -33.2 125 0 7.9 7.7 2.5 2.5 2 0 1 3 3
2302.8 3510.3 -24.8 261 0 9.8 9.8 2.5 2.5 2 0 1 0 0
957.3 3443.5 -11.1 167 0 3.8 6.5 5.0 2.5 2 1 2 2 2
171.5 6010.1 -48.7 202 0 4.1 7.3 5.0 0.0 0 1 2 4 4
3715.8 5506.4 -45.3 311 0 3.3 3.1 5.0 2.5 2 0 2 4 4
1821.0 3492.3 -19.0 270 0 8.5 3.9 2.5 2.5 2 0 1 1 1
470.2 3924.0 -12.0 344 0 8.0 8.0 2.5 2.5 2 0 1 4 4
588.2 3479.2 -3.5 166 0 8.6 12.4 2.5 2.5 2 1 1 5 5
694.9 3603.6 -8.5 161 0 6.7 8.2 5.0 2.5 2 1 2 1 1
2493.4 3980.2 -34.7 25 0 8.9 8.5 2.5 2.5 4 0 1 2 2
1414.5 3567.4 -12.8 272 0 9.1 6.6 5.0 2.5 2 0 2 3 3
2260.4 3573.3 -24.0 359 0 8.7 9.8 5.0 2.5 2 1 2 3 3
626.8 3497.7 -2.8 162 0 10.5 6.1 2.5 2.5 2 0 1 2 2
935.0 3505.2 -12.6 179 0 7.1 7.3 5.0 2.5 2 1 2 3 3
723.2 3059.9 1.6 6 0 5.0 5.1 2.5 2.5 2 1 1 2 2
3771.0 5478.8 -44.3 63 0 7.3 9.5 5.0 0.0 0 1 2 3 3
653.6 6676.8 -51.8 208 0 7.2 7.5 2.5 2.5 2 1 1 4 4
27.5 6332.5 -54.6 96 0 12.5 15.9 2.5 2.5 2 1 1 4 4
271.1 3759.1 -6.5 73 0 6.2 8.8 2.5 2.5 2 1 1 3 3
326.4 3745.2 -5.6 257 0 14.6 8.5 5.0 2.5 4 0 2 0 0
302.6 4050.3 -12.3 76 0 3.3 4.0 5.0 2.5 4 1 2 2 2
227.0 4746.8 -26.0 169 0 7.1 8.6 5.0 2.5 2 1 2 1 1
257.2 4186.7 -14.7 159 0 4.8 5.7 5.0 2.5 2 1 2 5 5
1585.1 3521.5 -15.4 357 0 11.6 8.8 5.0 2.5 2 0 2 3 3
384.2 3519.3 -4.0 78 0 4.8 7.0 5.0 2.5 2 1 2 1 1
3907.2 3635.7 -11.6 44 0 7.1 10.2 5.0 0.0 0 1 2 1 1
1946.4 3558.3 -22.4 277 0 9.6 20.9 5.0 2.5 2 1 2 1 1
496.8 3713.4 -8.2 346 0 6.7 6.3 5.0 2.5 2 0 2 0 0
266.0 4406.6 -16.9 349 0 9.2 11.2 2.5 2.5 2 1 1 0 0
4311.2 4046.9 -6.8 46 0 7.8 11.3 2.5 2.5 2 1 1 4 4
61.6 6384.3 -55.9 241 0 7.7 6.5 2.5 2.5 2 0 1 5 5
2712.9 4583.4 -40.2 133 0 4.4 4.0 2.5 0.0 0 0 1 5 5
627.1 3707.4 -9.8 348 0 7.6 8.9 2.5 0.0 0 1 1 2 2
573.4 6624.9 -51.3 42 0 6.6 7.9 5.0 2.5 2 1 2 3 3
121.2 6301.0 -54.0 54 0 4.4 3.9 2.5 2.5 4 0 1 3 3
546.8 4111.8 -20.2 256 0 11.9 11.6 5.0 2.5 2 0 2 3 3
4063.4 3728.4 -5.9 48 0 6.9 8.1 5.0 2.5 2 1 2 3 3
2065.5 3608.1 -24.4 272 0 3.9 4.1 5.0 0.0 0 1 2 5 5
434.1 3737.4 -7.4 169 0 8.4 6.4 5.0 2.5 4 0 2 2 2
4664.0 4417.8 -13.9 42 0 6.8 8.3 5.0 2.5 2 1 2 3 3
-623.8 6150.1 -46.7 153 0 6.9 5.6 2.5 2.5 2 0 1 3 3
2296.8 3722.9 -26.0 269 0 9.9 9.4 5.0 2.5 2 0 2 2 2
1405.8 3286.5 -10.9 179 0 7.3 17.4 2.5 2.5 2 1 1 5 5
1456.5 3396.6 -12.3 242 0 7.2 7.4 2.5 0.0 0 1 1 4 4
2080.6 3607.4 -24.2 262 0 7.6 4.7 5.0 0.0 0 0 2 0 0
224.7 4275.0 -15.8 80 0 10.5 7.8 2.5 2.5 2 0 1 3 3
26.5 4559.0 -23.2 347 0 7.4 8.9 5.0 2.5 2 1 2 0 0
767.6 3671.8 -9.6 176 0 7.1 7.1 5.0 2.5 2 0 2 0 0
3176.0 5201.3 -45.8 221 0 8.0 6.0 5.0 2.5 2 0 2 3 3
1481.4 3245.1 -10.0 359 0 9.4 14.3 2.5 2.5 2 1 1 4 4
4161.2 3854.4 -4.3 223 0 6.7 7.2 5.0 2.5 2 1 2 1 1
1483.6 3205.1 -9.3 360 0 10.2 13.0 2.5 2.5 2 1 1 1 1
260.1 4418.2 -17.3 337 0 7.6 13.8 2.5 2.5 2 1 1 3 3
243.3 4718.9 -25.7 176 0 11.7 9.9 5.0 2.5 2 0 2 2 2
-562.6 5741.1 -47.0 238 0 5.5 4.6 5.0 2.5 2 0 2 5 5
2187.2 3721.7 -26.6 271 0 19.1 8.4 5.0 0.0 0 0 2 2 2
-652.5 6261.2 -50.1 85 0 8.7 11.0 2.5 2.5 2 1 1 4 4
647.5 3346.1 -3.4 269 0 7.9 11.8 5.0 2.5 2 1 2 5 5
3191.1 5213.6 -45.9 225 0 8.2 10.6 5.0 2.5 2 1 2 3 3
1250.4 3463.9 -7.2 271 0 7.1 8.6 5.0 2.5 2 1 2 5 5
733.6 3231.6 -0.4 269 0 6.9 7.4 2.5 2.5 2 1 1 5 5
724.0 3582.1 -8.1 79 0 9.5 7.0 5.0 0.0 0 0 2 2 2
3401.6 5324.5 -47.1 73 0 4.8 3.9 5.0 2.5 2 0 2 5 5
1521.3 3028.0 -8.5 177 0 7.4 13.2 2.5 2.5 2 1 1 0 0
565.4 3820.6 -11.7 83 0 9.8 13.1 5.0 2.5 2 1 2 5 5
1750.4 3505.5 -18.3 270 0 3.1 4.2 2.5 2.5 2 1 1 3 3
600.5 3929.7 -16.1 83 0 6.7 7.6 5.0 2.5 2 1 2 3 3
545.8 6575.2 -51.9 35 0 6.3 6.6 5.0 2.5 2 1 2 5 5
334.3 4494.1 -21.7 351 0 3.8 10.3 2.5 2.5 2 1 1 1 1
2041.8 3539.1 -22.7 89 0 6.8 8.8 5.0 2.5 2 1 2 1 1
659.2 3355.0 -3.9 270 0 6.7 6.6 5.0 0.0 0 0 2 3 3
3467.8 5291.0 -47.8 242 0 5.6 7.0 5.0 2.5 2 1 2 0 0
1517.0 3426.6 -14.6 269 0 9.4 14.2 5.0 2.5 2 1 2 2 2
255.9 4719.7 -25.6 179 0 11.0 6.8 5.0 2.5 2 0 2 5 5
1762.6 3514.8 -18.5 267 0 8.0 7.8 2.5 2.5 2 0 1 5 5
44.4 6303.1 -53.9 91 0 9.9 7.6 2.5 2.5 2 0 1 5 5
331.7 3532.6 -4.2 347 0 5.3 7.5 5.0 2.5 2 1 2 0 0
2044.0 3507.5 -21.3 269 0 12.3 12.6 2.5 2.5 2 1 1 5 5
-50.7 6304.6 -53.8 96 0 9.8 9.1 2.5 2.5 2 0 1 5 5
704.8 3814.7 -13.6 267 0 4.6 8.7 5.0 2.5 2 1 2 5 5
2552.8 3554.9 -28.1 88 0 7.5 3.3 5.0 2.5 2 0 2 1 1
1502.7 3458.8 -14.6 238 0 6.3 14.0 5.0 2.5 2 1 2 2 2
2439.6 3517.9 -27.2 271 0 7.6 7.7 2.5 0.0 0 1 1 4 4
-313.4 5974.2 -43.2 88 0 6.3 6.8 5.0 0.0 0 1 2 3 3
-620.2 5737.2 -46.0 213 0 9.9 20.8 5.0 2.5 2 1 2 5 5
1562.1 3422.2 -16.3 270 0 3.9 9.1 5.0 2.5 2 1 2 1 1
350.2 3661.3 -5.5 165 0 10.5 7.8 5.0 2.5 2 0 2 2 2
243.1 3976.6 -10.0 343 0 8.0 13.9 2.5 2.5 2 1 1 1 1
16.4 6345.3 -54.6 279 0 7.5 11.0 2.5 2.5 2 1 1 4 4
2256.6 3446.7 -22.8 356 0 9.3 12.0 2.5 2.5 2 1 1 4 4
346.1 3994.7 -10.2 348 0 8.8 8.2 2.5 2.5 2 0 1 5 5
633.7 3677.5 -9.4 3 0 8.7 10.0 2.5 2.5 2 1 1 1 1
1238.8 3612.5 -13.4 91 0 7.8 12.8 2.5 2.5 2 1 1 0 0
2140.8 3544.6 -22.6 90 0 9.7 12.9 5.0 0.0 0 1 2 0 0
677.6 3573.6 -7.4 165 0 4.0 9.4 5.0 2.5 2 1 2 0 0
1478.4 3559.0 -13.1 357 0 7.8 7.9 5.0 2.5 2 1 2 5 5
543.4 3619.0 -5.9 345 0 6.6 7.3 5.0 2.5 2 1 2 5 5
463.7 3565.4 -4.4 171 0 9.1 18.8 5.0 2.5 2 1 2 3 3
1648.4 2915.4 -10.9 181 0 7.4 4.9 5.0 2.5 2 0 2 3 3
356.2 3897.3 -7.1 342 0 6.0 5.7 2.5 2.5 2 0 1 5 5
208.7 4515.6 -20.2 253 0 7.3 5.1 2.5 0.0 0 0 1 4 4
474.1 3770.7 -8.7 257 0 4.5 5.5 5.0 2.5 2 1 2 0 0
435.1 3716.1 -7.1 168 0 7.1 12.5 5.0 2.5 2 1 2 4 4
2511.5 4106.9 -36.0 99 0 9.0 8.5 5.0 2.5 2 0 2 1 1
1374.9 3608.7 -14.1 88 0 7.6 13.0 5.0 2.5 2 1 2 3 3
-281.4 6277.8 -48.5 263 0 8.1 18.4 5.0 2.5 2 1 2 1 1
247.1 6403.0 -51.0 31 0 28.3 7.5 5.0 2.5 2 0 2 3 3
3950.2 5604.2 -45.0 241 0 6.3 9.2 5.0 2.5 2 1 2 2 2
1464.1 3509.4 -13.1 90 0 6.5 14.5 5.0 2.5 2 1 2 5 5
400.2 6380.3 -49.8 46 0 5.7 6.1 5.0 0.0 0 1 2 2 2
3682.2 3476.5 -13.9 317 0 9.6 10.6 2.5 2.5 2 1 1 4 4
528.6 4477.2 -21.4 348 0 6.7 10.8 5.0 2.5 2 1 2 4 4
1788.3 3562.7 -20.7 271 0 6.6 4.9 5.0 2.5 2 0 2 5 5
724.7 3721.7 -10.7 343 0 5.6 4.2 5.0 2.5 2 0 2 3 3
4350.6 4047.6 -7.1 223 0 6.1 11.0 5.0 2.5 2 1 2 4 4
598.9 3534.4 -2.6 253 0 15.7 9.5 2.5 2.5 2 0 1 2 2
543.7 3402.8 -3.5 89 0 3.7 4.9 5.0 2.5 2 1 2 5 5
653.4 3825.1 -12.8 265 0 4.8 8.3 5.0 2.5 2 1 2 3 3
1631.9 3153.8 -10.0 180 0 6.1 7.8 5.0 2.5 2 1 2 5 5
2016.4 3625.0 -25.1 180 0 4.1 3.5 5.0 2.5 2 0 2 0 0
62.0 5920.9 -47.2 31 0 9.7 8.4 5.0 2.5 2 0 2 0 0
362.0 3577.7 -4.8 167 0 8.1 7.8 5.0 2.5 2 0 2 5 5
4489.0 4245.6 -7.5 45 0 7.7 11.5 2.5 2.5 2 1 1 4 4
53.7 4534.2 -22.6 161 0 6.2 8.6 2.5 2.5 2 1 1 2 2
2890.1 4680.5 -40.0 124 0 4.9 5.0 2.5 2.5 2 1 1 1 1
405.2 4768.7 -25.9 347 0 8.6 15.9 2.5 2.5 4 1 1 2 2
278.1 4341.3 -16.0 349 0 7.4 9.0 2.5 2.5 2 1 1 5 5
426.9 4021.7 -13.7 257 0 7.1 5.2 2.5 2.5 4 0 1 1 1
1662.0 3642.2 -19.1 173 0 5.9 12.5 5.0 2.5 2 1 2 5 5
184.9 6276.0 -51.1 89 0 5.0 4.0 5.0 2.5 2 0 2 3 3
1621.1 3487.5 -15.8 268 0 5.2 8.5 2.5 2.5 4 1 1 5 5
193.5 4438.0 -18.9 240 0 4.4 6.3 2.5 2.5 2 1 1 2 2
2188.4 3614.0 -23.9 267 0 13.1 6.9 5.0 2.5 2 0 2 0 0
4537.1 4296.7 -8.0 39 0 6.6 5.7 2.5 0.0 0 0 1 1 1
394.0 6369.3 -49.7 38 0 8.0 8.2 5.0 2.5 2 1 2 3 3
255.4 3942.8 -8.9 352 0 5.7 5.5 2.5 2.5 4 0 1 0 0
2091.8 3653.0 -25.8 87 0 12.5 7.4 5.0 0.0 0 0 2 0 0
247.9 4177.5 -14.4 167 0 7.9 7.9 5.0 2.5 2 0 2 0 0
811.9 3855.1 -16.0 266 0 7.7 11.1 5.0 2.5 2 1 2 5 5
-387.1 6264.8 -49.5 266 0 7.6 6.7 5.0 2.5 2 0 2 3 3
3133.2 5089.1 -44.3 209 0 5.5 5.5 5.0 2.5 2 0 2 4 4
1684.9 3580.2 -18.1 2 0 14.1 7.0 5.0 2.5 2 0 2 3 3
-601.0 6143.6 -46.6 336 0 6.4 10.6 2.5 2.5 4 1 1 5 5
4111.9 3862.7 -5.4 43 0 6.8 6.5 5.0 2.5 2 0 2 2 2
192.0 4267.5 -15.6 349 0 6.2 4.5 2.5 2.5 2 0 1 5 5
1997.2 3640.8 -25.8 52 0 9.5 8.4 5.0 2.5 2 0 2 3 3
611.2 3409.6 -4.0 170 0 11.5 13.8 2.5 2.5 2 1 1 1 1
-392.1 5953.2 -43.8 83 0 8.7 8.1 5.0 2.5 2 0 2 1 1
4832.4 4597.3 -14.4 35 0 6.6 7.9 5.0 2.5 2 1 2 2 2
419.8 3862.3 -8.4 168 0 5.0 7.0 2.5 2.5 2 1 1 1 1
807.6 3537.7 -8.9 173 0 6.2 3.3 5.0 2.5 2 0 2 5 5
1262.0 3396.0 -7.4 89 0 4.6 9.2 5.0 2.5 2 1 2 1 1
653.4 3596.6 -7.8 349 0 7.7 14.5 2.5 2.5 2 1 1 1 1
4265.5 3960.7 -5.4 222 0 6.8 7.0 5.0 2.5 2 1 2 3 3
1488.0 3052.6 -8.8 0 0 10.6 14.4 2.5 2.5 2 1 1 1 1
688.0 6695.7 -51.3 302 0 3.6 3.7 2.5 2.5 2 1 1 4 4
545.2 4402.3 -19.9 353 0 8.2 7.5 5.0 2.5 2 0 2 0 0
-617.8 5709.7 -45.5 210 0 6.4 5.7 5.0 2.5 2 0 2 3 3
2256.2 3726.3 -25.9 0 0 4.0 5.2 5.0 2.5 2 1 2 4 4
677.2 3247.6 0.1 267 0 8.3 10.1 2.5 2.5 2 1 1 1 1
3325.5 5271.1 -46.8 268 0 4.8 6.0 5.0 2.5 2 1 2 1 1
1295.7 3503.0 -7.8 90 0 6.1 7.8 5.0 2.5 2 1 2 1 1
3506.4 5286.9 -48.0 56 0 3.7 3.9 5.0 2.5 2 1 2 0 0
1511.8 3301.7 -11.6 172 0 8.2 9.9 5.0 2.5 2 1 2 5 5
687.2 3055.9 2.1 176 0 3.6 5.0 2.5 2.5 2 1 1 1 1
223.3 4496.1 -19.5 257 0 10.5 6.7 2.5 2.5 2 0 1 1 1
83.0 6266.3 -53.7 277 0 11.7 8.9 5.0 2.5 2 0 2 2 2
2081.0 3402.4 -20.1 269 0 4.7 5.5 2.5 2.5 2 1 1 3 3
597.0 6575.1 -51.9 33 0 4.9 4.1 2.5 2.5 2 0 1 3 3
190.1 4275.9 -15.9 350 0 6.6 5.6 2.5 0.0 0 0 1 5 5
2351.1 3777.1 -28.8 0 0 13.0 10.2 5.0 2.5 2 0 2 4 4
1374.9 3470.7 -10.4 269 0 9.7 17.7 2.5 2.5 2 1 1 0 0
953.9 3331.6 -7.3 88 0 10.3 5.3 5.0 2.5 2 0 2 5 5
3583.6 5397.9 -47.2 63 0 7.3 4.1 5.0 2.5 2 0 2 1 1
1731.1 3397.9 -17.8 180 0 8.0 10.9 2.5 2.5 2 1 1 0 0
599.5 3939.2 -16.5 81 0 7.1 8.0 5.0 2.5 2 1 2 2 2
519.9 3524.6 -3.5 261 0 7.7 9.4 5.0 2.5 2 1 2 0 0
299.0 4002.6 -10.3 258 0 8.4 17.7 2.5 0.0 0 1 1 3 3
2086.9 3488.8 -21.3 272 0 4.4 3.9 2.5 2.5 2 0 1 0 0
-526.7 6247.0 -48.3 261 0 6.1 5.1 5.0 2.5 2 0 2 2 2
2498.0 3551.0 -27.2 90 0 6.5 12.9 5.0 2.5 2 1 2 0 0
1352.0 3510.6 -10.9 179 0 11.0 10.5 5.0 0.0 0 0 2 2 2
2334.1 3517.7 -25.7 266 0 8.4 10.7 2.5 2.5 2 1 1 0 0
1580.5 3343.2 -13.7 356 0 4.9 6.8 5.0 2.5 2 1 2 4 4
583.8 3936.5 -16.1 79 0 7.8 7.2 5.0 2.5 2 0 2 1 1
1873.7 3512.8 -20.0 268 0 10.0 6.7 2.5 2.5 2 0 1 3 3
672.3 6703.9 -51.4 212 0 7.3 8.9 2.5 2.5 2 1 1 3 3
1611.3 2917.4 -10.1 0 0 7.4 8.8 2.5 2.5 2 1 1 5 5
657.7 3752.8 -11.1 180 0 11.9 7.5 5.0 2.5 2 0 2 0 0
1932.6 3491.0 -19.6 180 0 3.6 8.1 5.0 2.5 2 1 2 0 0
750.0 6854.4 -50.5 211 0 7.5 8.4 2.5 0.0 0 1 1 0 0
283.8 4372.7 -15.9 16 0 6.7 6.2 2.5 2.5 2 0 1 2 2
450.7 4209.7 -18.9 161 0 6.1 4.9 5.0 2.5 2 0 2 0 0
2441.2 4047.1 -35.7 96 0 4.7 4.5 5.0 0.0 0 0 2 5 5
1322.6 3570.1 -11.9 360 0 7.3 7.0 5.0 2.5 2 0 2 4 4
2206.6 3606.9 -23.7 272 0 7.7 7.1 5.0 0.0 0 0 2 0 0
593.4 6647.2 -51.5 41 0 6.6 11.8 5.0 2.5 4 1 2 0 0
3764.3 5492.7 -44.3 326 0 5.3 4.9 5.0 2.5 2 0 2 1 1
1552.7 3483.9 -15.6 240 0 5.6 6.3 5.0 2.5 2 1 2 4 4
1686.4 3074.9 -11.3 359 0 10.3 7.0 5.0 2.5 2 0 2 0 0
205.3 4174.5 -13.7 349 0 9.1 12.1 2.5 2.5 2 1 1 3 3
1931.4 3513.2 -19.8 267 0 6.0 5.2 5.0 0.0 0 0 2 4 4
-48.7 5070.9 -31.4 168 0 6.4 4.8 2.5 2.5 2 0 1 4 4
4162.2 3898.5 -5.0 42 0 7.6 9.0 5.0 2.5 2 1 2 2 2
-155.5 5994.2 -44.8 87 0 7.6 9.5 5.0 2.5 2 1 2 3 3
2621.6 4523.7 -39.8 267 0 4.0 4.0 7.5 2.5 2 0 3 3 3
2398.6 3556.3 -26.8 88 0 12.9 9.0 5.0 2.5 2 0 2 2 2
516.4 3742.3 -9.3 349 0 6.3 6.0 5.0 2.5 2 0 2 4 4
574.8 6580.5 -51.9 209 0 4.8 4.8 2.5 0.0 0 1 1 3 3
3807.3 5462.5 -43.8 231 0 6.3 5.4 5.0 2.5 2 0 2 2 2
3932.3 3619.1 -8.0 226 0 6.7 8.8 5.0 2.5 2 1 2 2 2
1626.7 3095.9 -9.7 178 0 6.4 8.1 5.0 2.5 2 1 2 5 5
287.3 3867.2 -7.3 198 0 12.4 12.6 2.5 2.5 2 1 1 2 2
1952.8 3542.7 -22.0 97 0 4.1 7.6 5.0 2.5 4 1 2 2 2
4328.5 4065.5 -7.4 39 0 6.0 9.7 2.5 2.5 2 1 1 1 1
-560.4 5816.1 -47.2 308 0 6.7 4.2 5.0 2.5 2 0 2 2 2
2442.1 3557.3 -26.8 94 0 7.1 7.5 5.0 2.5 2 1 2 5 5
461.7 3939.7 -12.2 344 0 6.0 3.5 2.5 2.5 4 0 1 3 3
4.6 4627.9 -24.4 349 0 7.8 9.2 5.0 2.5 2 1 2 3 3
-561.6 6244.3 -48.6 264 0 8.2 5.0 5.0 0.0 0 0 2 4 4
2788.7 4801.2 -41.6 122 0 4.7 3.9 7.5 2.5 2 0 3 0 0
1644.6 3542.7 -16.3 88 0 5.9 7.0 5.0 2.5 2 1 2 2 2
354.4 3645.6 -5.5 167 0 6.7 6.2 5.0 0.0 0 0 2 2 2
1623.0 3373.3 -13.4 176 0 9.9 11.8 2.5 2.5 2 1 1 0 0
257.7 4620.0 -24.1 173 0 8.8 18.8 5.0 2.5 2 1 2 0 0
-234.3 5991.0 -43.3 81 0 13.7 6.5 5.0 2.5 2 0 2 3 3
4652.3 4428.4 -14.2 220 0 6.1 5.6 5.0 0.0 0 0 2 5 5
432.6 4383.5 -21.1 164 0 7.7 6.1 5.0 2.5 2 0 2 3 3
2305.8 3721.7 -26.1 270 0 4.3 6.5 5.0 0.0 0 1 2 5 5
267.2 4336.5 -16.2 347 0 15.0 7.1 2.5 0.0 0 0 1 1 1
258.1 4179.8 -14.7 168 0 5.1 9.6 5.0 2.5 2 1 2 0 0
3073.3 4968.6 -42.1 216 0 5.0 4.4 5.0 2.5 2 0 2 4 4
1626.3 3553.7 -16.3 179 0 7.2 13.5 5.0 2.5 2 1 2 0 0
335.1 4297.3 -17.1 82 0 7.2 5.3 2.5 0.0 0 0 1 4 4
1433.8 3364.4 -11.9 266 0 10.3 16.2 2.5 2.5 2 1 1 2 2
273.2 4286.7 -16.0 81 0 7.1 8.2 2.5 2.5 2 1 1 5 5
352.5 3576.1 -4.8 167 0 7.0 7.1 5.0 2.5 2 1 2 1 1
502.0 4102.8 -18.6 258 0 7.0 5.8 5.0 2.5 2 0 2 2 2
151.3 4597.4 -23.8 167 0 8.6 13.9 2.5 2.5 2 1 1 3 3
2031.7 3698.1 -26.9 225 0 6.1 8.3 5.0 2.5 2 1 2 4 4
-553.1 5820.9 -47.2 321 0 7.1 7.0 5.0 2.5 2 0 2 5 5
776.9 3673.3 -9.7 160 0 6.7 5.0 5.0 2.5 2 0 2 5 5
3181.2 5194.3 -45.7 221 0 8.2 7.3 5.0 2.5 2 0 2 3 3
600.9 3512.4 -2.5 165 0 7.2 9.4 2.5 2.5 2 1 1 4 4
4167.2 3846.5 -4.0 222 0 6.8 6.3 5.0 2.5 2 0 2 3 3
1475.7 3186.7 -9.1 0 0 5.4 4.5 2.5 2.5 2 0 1 5 5
-311.8 5935.9 -43.3 256 0 8.4 7.7 5.0 2.5 2 0 2 1 1
1701.1 3385.5 -15.6 1 0 6.6 12.4 2.5 2.5 2 1 1 0 0
682.9 3394.9 -4.9 1 0 8.1 3.8 2.5 2.5 2 0 1 5 5
570.7 4354.7 -20.1 167 0 16.4 8.1 5.0 2.5 2 0 2 2 2
266.8 4149.1 -14.1 167 0 3.9 8.4 5.0 0.0 0 1 2 0 0
779.9 3518.2 -7.9 1 0 9.6 8.8 5.0 2.5 2 0 2 5 5
2161.9 3752.0 -27.9 238 0 3.7 5.0 5.0 2.5 2 1 2 2 2
-467.1 6255.1 -49.0 263 0 4.6 11.8 5.0 2.5 4 1 2 0 0
2535.6 4158.9 -36.5 359 0 7.4 7.2 5.0 2.5 2 0 2 5 5
-101.4 5062.6 -31.2 347 0 7.6 5.2 5.0 2.5 2 0 2 2 2
507.9 3720.6 -8.7 350 0 10.9 10.1 5.0 2.5 2 0 2 5 5
3134.7 5114.7 -44.7 209 0 7.1 8.0 5.0 2.5 2 1 2 3 3
1647.1 3551.1 -16.6 89 0 10.7 6.4 5.0 2.5 2 0 2 1 1
2139.7 3723.9 -27.2 262 0 9.6 10.8 5.0 2.5 2 1 2 4 4
112.7 5916.4 -46.0 125 0 9.9 9.3 5.0 2.5 2 0 2 3 3
-704.0 6255.2 -49.9 83 0 6.0 8.4 2.5 2.5 4 1 1 3 3
528.5 3639.2 -6.6 357 0 9.4 21.4 5.0 2.5 2 1 2 5 5
590.5 3638.6 -8.1 168 0 14.3 8.3 2.5 2.5 2 0 1 4 4
2149.7 3620.0 -24.3 276 0 13.0 7.5 5.0 2.5 2 0 2 0 0
-560.6 6111.8 -47.3 169 0 9.1 14.1 2.5 2.5 2 1 1 2 2
452.3 4263.8 -20.0 163 0 11.1 7.5 5.0 2.5 2 0 2 3 3
4752.2 4512.0 -11.2 43 0 6.2 8.0 5.0 2.5 2 1 2 3 3
3491.3 5343.8 -47.4 148 0 11.0 9.4 5.0 2.5 4 0 2 5 5
926.5 3483.5 -11.4 357 0 8.5 13.4 5.0 2.5 2 1 2 5 5
4238.6 3989.6 -4.4 43 0 7.0 8.2 5.0 2.5 2 1 2 0 0
249.6 4964.9 -28.2 170 0 8.4 7.2 5.0 2.5 2 0 2 5 5
623.6 6633.1 -51.8 207 0 7.6 8.3 2.5 2.5 2 1 1 3 3
948.0 3452.4 -11.4 168 0 8.3 13.7 5.0 2.5 2 1 2 2 2
1517.0 3042.5 -8.5 177 0 5.9 15.8 2.5 2.5 2 1 1 4 4
383.7 3780.6 -6.4 81 0 5.4 12.5 2.5 2.5 2 1 1 1 1
-170.7 5716.8 -44.0 269 0 7.7 18.9 2.5 2.5 2 1 1 5 5
518.6 3671.8 -7.8 348 0 11.0 14.3 5.0 2.5 2 1 2 1 1
990.9 3383.9 -10.4 86 0 11.9 18.6 5.0 2.5 2 1 2 4 4
600.5 4351.1 -21.3 79 0 7.2 12.6 5.0 2.5 2 1 2 4 4
2028.6 3595.8 -24.4 175 0 7.6 10.5 5.0 2.5 2 1 2 5 5
443.1 3550.0 -4.5 344 0 9.5 16.5 5.0 2.5 2 1 2 4 4
2225.8 3651.6 -25.0 94 0 7.9 9.5 5.0 2.5 2 1 2 0 0
3338.6 5288.9 -47.2 247 0 7.5 8.6 5.0 0.0 0 1 2 1 1
634.1 3168.7 2.5 349 0 8.1 11.8 5.0 2.5 2 1 2 3 3
283.6 3738.8 -6.4 259 0 15.5 9.6 5.0 2.5 2 0 2 0 0
75.9 5870.6 -45.1 268 0 9.5 15.5 5.0 2.5 2 1 2 2 2
2128.0 3506.3 -21.6 270 0 7.1 11.7 2.5 2.5 2 1 1 5 5
1412.3 3583.2 -13.0 269 0 8.8 14.2 5.0 0.0 0 1 2 4 4
607.4 3584.5 -6.2 80 0 7.6 7.9 2.5 2.5 2 1 1 3 3
312.7 4031.9 -12.1 75 0 6.9 14.4 5.0 2.5 2 1 2 1 1
2958.9 4848.9 -42.1 219 0 6.9 14.7 2.5 2.5 2 1 1 3 3
50.9 4885.5 -28.5 347 0 8.0 10.4 2.5 0.0 0 1 1 0 0
4784.7 4548.5 -10.7 40 0 8.5 11.8 5.0 2.5 2 1 2 3 3
326.5 3586.3 -5.1 346 0 8.1 16.7 5.0 2.5 2 1 2 5 5
2176.7 3760.8 -28.1 245 0 11.6 15.1 5.0 0.0 0 1 2 4 4
2180.3 3508.2 -21.4 269 0 9.0 18.1 2.5 2.5 4 1 1 1 1
937.3 3422.5 -9.6 343 0 8.3 14.5 5.0 2.5 2 1 2 1 1
635.5 3689.6 -9.6 349 0 5.7 12.7 2.5 0.0 0 1 1 1 1
4039.6 3705.9 -8.4 46 0 4.7 8.6 5.0 0.0 0 1 2 1 1
2332.7 3657.7 -25.7 90 0 8.3 11.9 5.0 2.5 2 1 2 5 5
596.8 3470.7 -3.8 164 0 9.1 13.3 2.5 2.5 2 1 1 5 5
544.4 4430.0 -20.3 171 0 6.8 15.6 5.0 2.5 2 1 2 0 0
540.6 3771.6 -10.1 168 0 5.9 11.6 2.5 2.5 2 1 1 0 0
1495.6 2985.4 -8.7 359 0 8.8 15.2 2.5 2.5 2 1 1 3 3
187.7 6055.2 -48.9 196 0 9.3 11.7 5.0 0.0 0 1 2 5 5
641.9 3146.1 3.3 351 0 6.6 23.9 5.0 2.5 2 1 2 0 0
3515.0 5314.2 -47.9 235 0 3.7 9.9 5.0 2.5 2 1 2 1 1
1516.2 2980.9 -8.5 181 0 6.3 9.9 2.5 2.5 2 1 1 2 2
535.7 4419.2 -20.2 347 0 8.0 11.4 5.0 2.5 2 1 2 3 3
516.0 3880.1 -12.9 166 0 10.2 13.1 5.0 2.5 2 1 2 2 2
505.1 3766.8 -9.4 348 0 6.7 15.3 5.0 0.0 0 1 2 1 1
1292.5 3607.1 -14.5 86 0 8.7 21.5 2.5 2.5 2 1 1 5 5
2737.1 4558.1 -40.0 209 0 4.0 16.1 2.5 2.5 2 1 1 2 2
3974.5 3663.0 -10.9 224 0 6.5 8.5 5.0 0.0 0 1 2 5 5
699.1 3389.7 -5.1 0 0 13.1 14.0 2.5 2.5 2 1 1 3 3
3092.2 5020.2 -43.3 216 0 8.5 5.3 5.0 2.5 2 0 2 5 5
487.1 3864.7 -11.1 354 0 8.0 12.9 2.5 2.5 2 1 1 0 0
2061.5 3694.1 -27.1 53 0 5.6 18.1 5.0 2.5 2 1 2 5 5
1481.7 3284.1 -10.7 359 0 9.3 13.0 2.5 2.5 2 1 1 1 1
2195.5 3748.2 -28.0 62 0 5.5 15.6 5.0 2.5 2 1 2 4 4
221.2 4511.4 -19.9 258 0 5.1 7.7 2.5 2.5 4 1 1 5 5
675.9 3617.5 -8.7 172 0 7.1 16.9 5.0 2.5 2 1 2 5 5
2340.3 3858.6 -32.0 253 0 8.9 13.8 5.0 2.5 2 1 2 3 3
1426.9 3472.4 -11.8 271 0 7.4 12.2 2.5 2.5 2 1 1 0 0
298.3 3606.6 -5.4 164 0 5.7 6.6 5.0 2.5 2 1 2 5 5
2534.2 4230.8 -37.4 95 0 13.7 10.7 5.0 2.5 2 0 2 2 2
685.1 3592.3 -8.3 169 0 8.2 13.1 5.0 2.5 2 1 2 1 1
2051.3 3626.6 -25.1 264 0 4.4 16.0 5.0 2.5 2 1 2 4 4
557.6 3927.5 -15.6 75 0 6.7 12.8 5.0 2.5 2 1 2 4 4
3159.5 5152.6 -45.3 117 0 12.9 7.9 5.0 2.5 2 0 2 0 0
625.3 3757.3 -10.7 344 0 4.0 10.8 2.5 2.5 2 1 1 5 5
545.1 3717.9 -10.0 168 0 7.3 26.1 2.5 2.5 2 1 1 2 2
483.9 3840.5 -10.2 348 0 5.4 7.9 2.5 2.5 2 1 1 3 3
1604.3 2895.0 -10.0 358 0 9.1 7.9 2.5 2.5 2 0 1 5 5
2458.2 4068.7 -35.9 6 0 9.3 12.7 5.0 2.5 2 1 2 5 5
-287.0 5792.0 -43.3 354 0 7.0 12.2 5.0 2.5 2 1 2 5 5
627.8 3741.7 -10.5 347 0 6.2 13.4 2.5 2.5 2 1 1 5 5
394.2 3903.3 -8.9 165 0 11.1 13.9 2.5 2.5 4 1 1 3 3
1157.0 3392.6 -8.0 359 0 6.0 9.1 5.0 2.5 2 1 2 5 5
3915.4 5554.5 -44.5 58 0 6.4 12.6 5.0 2.5 2 1 2 5 5
533.9 3608.6 -5.4 340 0 13.2 11.0 5.0 0.0 0 0 2 4 4
2739.8 4569.4 -40.1 207 0 8.0 10.1 2.5 2.5 4 1 1 3 3
525.8 3362.1 -3.4 273 0 9.6 18.4 2.5 2.5 2 1 1 1 1
1683.8 3406.1 -16.6 355 0 6.4 8.5 2.5 2.5 2 1 1 1 1
319.6 3609.0 -5.4 346 0 5.9 12.7 5.0 2.5 2 1 2 2 2
2001.3 3438.2 -19.0 358 0 7.3 11.5 5.0 2.5 2 1 2 0 0
2620.8 4419.5 -38.9 220 0 8.1 15.0 2.5 2.5 2 1 1 2 2
2351.9 3545.7 -26.0 89 0 9.1 13.5 5.0 2.5 2 1 2 0 0
550.2 3697.7 -9.7 170 0 6.4 20.5 2.5 2.5 2 1 1 0 0
601.8 3830.2 -13.0 85 0 7.5 14.2 5.0 2.5 2 1 2 0 0
4605.7 4356.0 -11.8 48 0 7.9 17.6 2.5 2.5 2 1 1 2 2
830.6 3750.3 -12.8 78 0 3.8 8.8 5.0 2.5 2 1 2 5 5
3047.5 4963.4 -42.5 212 0 10.0 6.9 5.0 2.5 2 0 2 4 4
3435.6 5296.9 -47.7 243 0 7.2 16.2 5.0 2.5 4 1 2 1 1
1157.2 3350.3 -8.4 271 0 14.2 15.5 5.0 0.0 0 1 2 5 5
916.8 3511.6 -12.1 353 0 9.5 13.2 5.0 2.5 2 1 2 0 0
515.9 3758.9 -9.5 349 0 9.7 22.6 5.0 2.5 2 1 2 4 4
3993.6 3683.0 -10.6 225 0 7.2 7.5 5.0 2.5 2 1 2 2 2
18.4 5904.8 -47.3 191 0 11.7 13.8 5.0 2.5 2 1 2 1 1
4074.6 3808.2 -6.0 39 0 8.1 9.5 5.0 2.5 2 1 2 2 2
112.5 5987.4 -48.0 33 0 15.0 16.0 5.0 2.5 2 1 2 3 3
124.1 5934.9 -46.5 127 0 7.7 9.5 5.0 2.5 2 1 2 4 4
797.1 3575.9 -9.0 177 0 8.1 19.2 5.0 2.5 2 1 2 5 5
450.3 4197.7 -19.0 173 0 4.7 15.1 5.0 0.0 0 1 2 0 0
477.3 3956.2 -13.4 349 0 8.0 18.6 2.5 2.5 2 1 1 2 2
171.5 6383.1 -54.2 22 0 12.5 12.7 2.5 2.5 2 1 1 0 0
1546.5 2946.3 -9.2 260 0 7.2 15.5 2.5 2.5 2 1 1 4 4
1068.3 3372.8 -10.1 83 0 4.0 16.2 5.0 2.5 2 1 2 4 4
69.3 4839.3 -27.2 351 0 8.1 11.8 2.5 2.5 2 1 1 1 1
3787.2 5445.6 -44.4 233 0 6.1 10.3 5.0 2.5 2 1 2 3 3
2591.6 4432.6 -39.1 49 0 9.4 10.5 2.5 2.5 2 1 1 3 3
1097.7 3377.6 -9.2 97 0 6.2 24.4 5.0 2.5 2 1 2 2 2
331.3 3567.9 -4.9 346 0 8.0 19.4 5.0 2.5 4 1 2 2 2
2416.0 3546.5 -26.9 88 0 8.1 16.6 5.0 2.5 2 1 2 5 5
3039.4 4949.1 -42.6 208 0 4.5 9.4 5.0 2.5 2 1 2 1 1
1622.7 3344.1 -12.2 179 0 7.7 12.0 2.5 2.5 2 1 1 4 4
2065.5 3625.6 -24.9 267 0 4.7 10.6 5.0 2.5 2 1 2 5 5
450.0 4165.3 -18.5 166 0 7.5 14.7 5.0 2.5 2 1 2 4 4
421.8 4180.1 -17.5 351 0 11.3 12.5 5.0 2.5 2 1 2 4 4
415.1 4378.6 -21.3 167 0 12.0 15.8 5.0 2.5 2 1 2 1 1
3169.9 5173.0 -45.4 217 0 9.1 8.4 5.0 2.5 2 0 2 0 0
1703.1 3509.0 -17.3 358 0 5.5 8.9 2.5 2.5 2 1 1 3 3
250.5 3922.9 -8.8 346 0 9.6 11.1 2.5 2.5 2 1 1 0 0
2191.3 3652.9 -25.3 87 0 6.7 13.8 5.0 2.5 2 1 2 4 4
513.6 3891.7 -13.1 170 0 8.9 7.6 5.0 2.5 2 0 2 3 3
1588.3 3173.7 -9.6 92 0 12.7 7.0 5.0 2.5 2 0 2 2 2
382.8 3830.7 -6.9 348 0 7.0 19.7 2.5 2.5 4 1 1 1 1
345.2 3631.4 -5.5 168 0 10.4 18.3 5.0 2.5 2 1 2 2 2
1637.5 2913.9 -10.8 181 0 8.3 9.5 5.0 2.5 2 1 2 1 1
1519.6 3611.4 -14.4 89 0 7.8 9.1 5.0 2.5 2 1 2 3 3
-621.6 5895.0 -46.5 355 0 13.2 14.7 5.0 2.5 2 1 2 5 5
524.5 3821.2 -10.5 171 0 4.0 3.8 5.0 2.5 2 0 2 3 3
2767.7 4584.0 -40.1 224 0 5.8 9.5 2.5 2.5 2 1 1 1 1
1536.5 3612.4 -15.1 89 0 4.0 10.5 5.0 0.0 0 1 2 4 4
1630.6 3162.7 -9.8 179 0 7.2 12.7 5.0 2.5 2 1 2 2 2
722.9 3571.0 -7.8 272 0 13.4 11.8 5.0 2.5 4 0 2 1 1
226.0 3722.0 -6.5 256 0 6.9 10.2 5.0 2.5 2 1 2 5 5
684.8 3660.7 -9.2 173 0 6.5 10.6 5.0 2.5 2 1 2 5 5
-626.0 6198.7 -46.9 344 0 4.4 7.9 2.5 2.5 2 1 1 5 5
313.4 4310.4 -16.8 171 0 11.0 11.4 2.5 2.5 2 1 1 0 0
797.3 3538.2 -8.7 172 0 4.3 8.9 5.0 0.0 0 1 2 4 4
239.3 3874.7 -8.0 164 0 8.3 7.7 2.5 2.5 2 0 1 2 2
512.6 3397.3 -4.2 89 0 4.4 10.2 5.0 2.5 2 1 2 2 2
677.7 3061.1 2.0 178 0 7.5 8.7 2.5 2.5 2 1 1 4 4
2087.5 3406.4 -20.3 269 0 7.7 12.8 2.5 2.5 2 1 1 5 5
1424.0 3506.7 -11.9 86 0 5.6 13.0 5.0 2.5 2 1 2 0 0
1590.5 3349.7 -14.1 358 0 4.0 18.1 5.0 2.5 2 1 2 2 2
1607.4 2933.2 -9.9 359 0 14.9 12.4 2.5 2.5 2 0 1 5 5
-11.9 6088.8 -49.6 307 0 5.8 8.9 5.0 2.5 2 1 2 4 4
1113.8 3382.5 -8.6 96 0 9.1 13.8 5.0 2.5 2 1 2 3 3
4106.1 5616.7 -46.7 246 0 6.7 9.4 5.0 2.5 2 1 2 5 5
2432.4 3546.7 -26.9 94 0 10.0 10.8 5.0 2.5 2 1 2 1 1
3052.0 4938.1 -42.2 29 0 3.9 5.4 5.0 2.5 2 1 2 3 3
1621.5 3353.0 -12.5 177 0 8.4 19.5 2.5 2.5 2 1 1 2 2
359.4 3547.6 -4.4 168 0 9.1 13.7 5.0 2.5 2 1 2 5 5
3065.5 4976.1 -42.3 213 0 8.4 9.3 5.0 2.5 2 1 2 3 3
286.8 3932.2 -8.6 169 0 9.2 11.5 2.5 2.5 2 1 1 0 0
640.3 3657.4 -9.2 358 0 8.7 14.5 2.5 2.5 2 1 1 2 2
1704.1 3407.9 -17.0 1 0 6.1 14.4 2.5 2.5 2 1 1 1 1
400.3 3917.4 -9.5 173 0 11.5 13.4 2.5 0.0 0 1 1 5 5
696.3 6811.6 -51.4 17 0 6.7 11.8 5.0 2.5 2 1 2 1 1
207.1 4749.1 -26.1 359 0 6.6 12.1 2.5 2.5 2 1 1 5 5
236.8 4808.5 -26.6 73 0 14.8 19.6 2.5 2.5 2 1 1 1 1
1972.2 3493.9 -19.9 269 0 8.1 10.8 5.0 2.5 2 1 2 5 5
2295.5 3558.0 -24.8 179 0 7.7 12.9 5.0 2.5 2 1 2 5 5
4015.0 3705.5 -10.0 223 0 6.3 9.4 5.0 2.5 2 1 2 0 0
204.2 4656.2 -25.4 358 0 7.5 9.8 2.5 2.5 2 1 1 1 1
639.5 3126.0 3.6 354 0 7.7 12.9 5.0 2.5 2 1 2 3 3
-259.7 5974.5 -43.6 76 0 9.0 13.4 5.0 2.5 2 1 2 5 5
1511.9 3331.6 -12.7 178 0 9.3 13.9 5.0 2.5 2 1 2 3 3
2074.2 3623.6 -24.8 266 0 9.8 12.7 5.0 2.5 2 1 2 2 2
680.1 3095.4 1.8 175 0 10.6 9.7 2.5 2.5 2 0 1 5 5
290.4 4266.7 -16.4 262 0 13.1 9.8 5.0 2.5 4 0 2 1 1
4056.1 3790.0 -6.9 42 0 7.3 9.4 5.0 0.0 0 1 2 0 0
-237.7 5975.7 -43.3 78 0 7.5 12.3 5.0 2.5 2 1 2 4 4
4769.6 4530.4 -11.0 37 0 7.4 12.8 5.0 2.5 2 1 2 3 3
-549.6 5902.0 -46.9 267 0 7.2 12.7 5.0 2.5 2 1 2 2 2
-292.9 5967.0 -43.4 84 0 3.4 13.3 5.0 2.5 2 1 2 3 3
4224.6 3868.1 -3.8 136 0 21.5 10.1 5.0 2.5 2 0 2 5 5
1484.1 3513.5 -13.7 359 0 8.3 14.6 5.0 2.5 2 1 2 3 3
-348.2 5963.0 -43.1 86 0 5.8 16.9 5.0 2.5 2 1 2 2 2
592.4 3498.5 -3.1 170 0 8.4 15.1 2.5 2.5 2 1 1 3 3
1503.9 3360.9 -12.9 183 0 3.6 15.3 5.0 2.5 2 1 2 3 3
2248.1 3621.1 -23.9 264 0 7.7 15.8 5.0 2.5 2 1 2 0 0
1985.8 3596.3 -24.1 227 0 14.3 12.5 5.0 2.5 2 0 2 4 4
2223.9 3784.7 -28.6 242 0 5.7 18.4 5.0 2.5 2 1 2 5 5
-567.2 6153.3 -47.4 164 0 25.5 13.1 2.5 2.5 2 0 1 2 2
3745.3 5465.8 -45.3 47 0 8.0 21.2 5.0 2.5 4 1 2 2 2
1594.5 3379.3 -14.8 358 0 7.2 14.4 5.0 2.5 2 1 2 5 5
282.8 4252.1 -16.2 259 0 14.1 17.8 5.0 2.5 2 1 2 1 1
1497.6 3515.1 -14.6 182 0 14.0 13.0 5.0 2.5 2 0 2 5 5
1078.0 3382.6 -10.1 81 0 9.9 16.1 5.0 2.5 2 1 2 4 4
1509.8 3393.1 -14.1 177 0 7.5 18.6 5.0 2.5 2 1 2 3 3
723.5 3811.1 -14.0 356 0 7.1 15.0 5.0 0.0 0 1 2 0 0
1057.3 3380.6 -10.5 80 0 8.7 16.8 5.0 2.5 2 1 2 1 1
3984.0 5589.0 -45.3 66 0 7.6 12.3 5.0 2.5 2 1 2 2 2
476.8 3938.1 -12.9 349 0 8.0 12.6 2.5 2.5 2 1 1 4 4
164.6 5999.1 -48.3 208 0 8.8 16.9 5.0 2.5 2 1 2 0 0
436.9 3590.7 -4.7 350 0 11.2 13.3 5.0 2.5 2 1 2 5 5
480.1 3877.6 -11.2 348 0 11.5 15.0 2.5 2.5 2 1 1 2 2
710.3 6840.5 -52.4 22 0 7.2 12.7 5.0 2.5 4 1 2 3 3
1218.3 3346.3 -7.9 279 0 10.8 15.4 5.0 2.5 2 1 2 5 5
2125.8 3542.8 -22.7 86 0 9.3 17.5 5.0 0.0 0 1 2 1 1
3319.2 5289.7 -47.1 288 0 9.4 13.2 5.0 2.5 2 1 2 4 4
2337.8 3757.9 -28.1 88 0 3.9 15.8 5.0 2.5 2 1 2 1 1
458.4 3494.5 -4.8 348 0 12.3 14.7 5.0 2.5 2 1 2 3 3
2167.6 3732.5 -27.0 268 0 11.1 10.5 5.0 2.5 2 0 2 5 5
332.3 3682.4 -5.5 166 0 8.8 22.6 5.0 2.5 2 1 2 3 3
4013.2 3747.9 -11.4 44 0 6.7 8.7 5.0 2.5 2 1 2 2 2
1725.8 3488.0 -18.0 177 0 8.7 11.8 2.5 2.5 2 1 1 1 1
592.3 3610.8 -7.2 173 0 25.4 10.6 2.5 2.5 2 0 1 1 1
-2271.6 4471.1 -35.1 272 0 6.8 8.8 2.5 0.0 0 1 1 1 1
-2390.7 4531.0 -39.5 297 0 8.6 10.5 2.5 2.5 2 1 1 5 5
-6651.6 2444.3 -40.6 166 0 10.8 12.1 2.5 2.5 4 1 1 1 1
-6885.8 2484.9 -54.3 327 0 13.0 8.4 5.0 2.5 2 0 2 5 5
-6907.4 2465.0 -51.8 187 0 7.7 7.8 5.0 2.5 2 1 2 5 5
-6877.0 2415.0 -49.1 108 0 10.3 8.7 5.0 2.5 2 0 2 0 0
-6835.0 2399.4 -48.7 99 0 5.3 3.5 5.0 0.0 0 0 2 2 2
-6857.4 2406.4 -49.5 113 0 13.8 10.0 5.0 2.5 2 0 2 5 5
-6705.1 2605.8 -47.9 5 0 7.8 12.7 2.5 2.5 2 1 1 4 4
-6706.0 2587.3 -44.9 355 0 8.0 11.5 2.5 2.5 4 1 1 0 0
-6701.0 2530.6 -44.2 345 0 8.0 15.6 2.5 2.5 2 1 1 5 5
-6694.1 2494.4 -44.1 348 0 12.8 20.7 2.5 2.5 2 1 1 1 1
-6677.5 2443.9 -42.9 348 0 8.3 5.8 2.5 2.5 2 0 1 3 3
-6687.8 2479.4 -42.9 345 0 7.7 6.5 2.5 2.5 2 0 1 3 3
-6682.2 2458.3 -43.7 344 0 9.0 14.9 2.5 2.5 2 1 1 5 5
-6668.0 2576.8 -41.6 261 0 16.9 7.5 2.5 2.5 2 0 1 1 1
-6640.6 2620.2 -44.2 259 0 6.0 7.8 5.0 2.5 2 1 2 0 0
-6633.2 2597.3 -40.6 75 0 14.4 8.2 5.0 2.5 4 0 2 0 0
-6628.0 2579.4 -38.4 258 0 11.8 8.2 2.5 0.0 0 0 1 2 2
-6617.3 2554.0 -37.2 167 0 8.3 9.7 2.5 2.5 2 1 1 3 3
-6618.5 2529.4 -37.1 175 0 8.3 13.9 2.5 2.5 2 1 1 1 1
-6621.4 2506.2 -37.2 174 0 8.2 10.1 2.5 2.5 2 1 1 0 0
-6656.2 2546.9 -40.8 349 0 14.7 11.6 2.5 2.5 2 0 1 0 0
-6654.7 2517.4 -40.2 353 0 8.1 7.8 2.5 2.5 2 0 1 4 4
-6644.5 2502.7 -40.0 352 0 8.1 15.3 2.5 2.5 4 1 1 5 5
-6640.0 2483.9 -40.1 353 0 8.0 16.3 2.5 2.5 2 1 1 2 2
-6640.0 2462.7 -40.3 351 0 8.2 12.5 2.5 2.5 2 1 1 4 4
-6655.0 2421.7 -41.3 161 0 11.0 34.9 2.5 2.5 2 1 1 3 3
-5410.4 3416.8 -37.3 232 0 4.8 9.9 5.0 0.0 0 1 2 1 1
-5388.9 3433.0 -41.0 230 0 5.2 9.6 5.0 0.0 0 1 2 5 5
-3828.7 4341.5 -26.4 207 0 8.4 11.3 5.0 2.5 2 1 2 5 5
-3801.8 4346.4 -30.4 12 0 7.1 12.4 5.0 2.5 2 1 2 3 3
-3798.7 4373.4 -36.3 21 0 8.2 9.3 5.0 2.5 2 1 2 1 1
-3787.1 4393.6 -36.7 19 0 11.6 9.1 5.0 2.5 2 0 2 0 0
-3755.6 4385.6 -34.6 203 0 14.8 9.5 2.5 2.5 2 0 1 0 0
-3751.6 4457.5 -36.5 36 0 10.0 4.2 5.0 2.5 2 0 2 1 1
-3767.1 4427.1 -36.2 34 0 8.2 5.2 5.0 0.0 0 0 2 3 3
-3750.0 4407.1 -34.7 211 0 10.9 6.9 2.5 2.5 4 0 1 3 3
-3731.1 4480.9 -37.4 41 0 8.4 6.9 5.0 2.5 2 0 2 2 2
-3717.7 4424.5 -33.4 222 0 7.7 5.4 2.5 2.5 2 0 1 5 5
-3723.5 4429.3 -33.8 223 0 10.2 6.3 2.5 2.5 2 0 1 4 4
-3700.2 4519.7 -39.1 42 0 6.9 10.2 5.0 2.5 2 1 2 1 1
-3653.9 4532.7 -36.4 223 0 8.1 11.2 2.5 0.0 0 1 1 5 5
-3658.6 4523.3 -35.9 226 0 9.6 6.3 2.5 2.5 4 0 1 5 5
-3629.6 4603.4 -41.1 50 0 8.1 9.4 5.0 2.5 2 1 2 3 3
-3550.0 4605.6 -39.1 343 0 4.6 5.0 2.5 2.5 2 1 1 5 5
-3564.6 4602.1 -38.8 242 0 11.2 19.3 2.5 2.5 4 1 1 5 5
-3560.0 4577.7 -37.5 333 0 10.9 7.1 2.5 2.5 2 0 1 5 5
-3362.6 4625.9 -40.1 95 0 8.8 8.2 5.0 2.5 2 0 2 0 0
-3397.2 4629.2 -40.2 89 0 6.9 13.2 5.0 2.5 2 1 2 3 3
-3345.9 4578.6 -37.7 267 0 4.5 7.3 5.0 2.5 2 1 2 5 5
-3341.9 4567.7 -37.2 358 0 5.4 5.2 5.0 2.5 2 0 2 3 3
-3425.8 4574.6 -38.4 180 0 15.5 13.2 5.0 2.5 2 0 2 2 2
-3355.0 4535.8 -37.5 87 0 10.4 35.6 5.0 2.5 4 1 2 5 5
-3361.3 4530.0 -35.3 360 0 10.5 21.2 5.0 2.5 4 1 2 5 5
-3413.5 4529.8 -36.3 179 0 14.7 27.9 5.0 2.5 2 1 2 3 3
-3036.7 4686.7 -32.3 72 0 7.2 11.3 2.5 2.5 2 1 1 2 2
-3057.5 4675.9 -32.2 68 0 12.9 9.7 2.5 2.5 2 0 1 0 0
-3033.9 4628.8 -27.0 152 0 15.3 11.6 5.0 2.5 2 0 2 0 0
-2981.7 4713.2 -33.9 75 0 11.2 10.3 2.5 2.5 2 0 1 0 0
-2968.7 4717.2 -34.2 71 0 10.0 10.2 2.5 2.5 4 1 1 0 0
-2912.6 4751.1 -34.5 254 0 30.0 11.0 2.5 0.0 0 0 1 0 0
-2879.1 4746.7 -34.3 80 0 7.7 10.3 2.5 2.5 2 1 1 3 3
-2833.0 4783.9 -35.0 278 0 7.8 12.5 2.5 2.5 2 1 1 5 5
-2602.4 4731.3 -35.0 25 0 6.6 6.2 5.0 2.5 2 0 2 5 5
-2568.6 4757.5 -35.1 105 0 6.2 13.7 2.5 2.5 2 1 1 4 4
-2527.6 4710.1 -34.5 284 0 7.3 14.6 2.5 2.5 2 1 1 1 1
-2506.4 4724.8 -34.2 103 0 6.9 11.0 2.5 0.0 0 1 1 0 0
-2502.8 4708.0 -34.7 288 0 6.4 7.9 2.5 2.5 2 1 1 4 4
-2501.5 4693.7 -34.9 25 0 6.8 9.6 2.5 2.5 2 1 1 4 4
-2622.2 4751.5 -35.2 294 0 9.6 8.2 5.0 2.5 2 0 2 4 4
-2596.5 4738.1 -35.1 19 0 5.6 8.4 5.0 2.5 2 1 2 3 3
-2610.5 4777.4 -35.4 112 0 6.2 7.7 2.5 2.5 2 1 1 2 2
-2594.5 4770.2 -35.3 108 0 5.5 8.3 2.5 2.5 2 1 1 5 5
-2585.8 4767.5 -35.2 111 0 5.7 10.3 2.5 2.5 2 1 1 5 5
-2577.8 4728.3 -34.9 204 0 6.8 8.2 2.5 2.5 2 1 1 0 0
-2553.1 4713.3 -34.5 295 0 6.5 5.0 2.5 0.0 0 0 1 4 4
-2570.5 4663.3 -34.1 101 0 6.0 6.6 2.5 2.5 2 1 1 1 1
-2574.2 4655.6 -34.1 101 0 7.9 7.1 2.5 2.5 4 0 1 3 3
-2551.2 4648.3 -34.4 108 0 7.9 7.1 2.5 2.5 2 0 1 3 3
-2521.2 4646.3 -35.1 20 0 14.2 8.5 2.5 2.5 2 0 1 5 5
-2503.3 4638.1 -35.8 200 0 16.7 8.6 2.5 2.5 2 0 1 5 5
-2476.8 4615.9 -37.0 110 0 10.8 26.3 2.5 2.5 2 1 1 3 3
-2491.5 4671.8 -35.4 282 0 6.9 6.7 2.5 2.5 2 0 1 2 2
-2488.4 4666.0 -35.8 196 0 10.4 27.3 2.5 0.0 0 1 1 4 4
-2469.8 4704.5 -34.7 200 0 8.7 8.2 2.5 2.5 2 0 1 1 1
-2481.2 4689.6 -34.9 199 0 7.6 9.4 2.5 0.0 0 1 1 0 0
318.4 5819.7 -30.7 266 0 12.6 18.7 5.0 2.5 2 1 2 2 2
327.9 5778.7 -30.4 356 0 38.9 13.6 5.0 2.5 2 0 2 0 0
-3566.5 4652.9 -40.3 340 0 7.9 9.8 5.0 2.5 2 1 2 5 5
-3298.0 4612.8 -39.4 87 0 9.8 19.8 5.0 2.5 2 1 2 4 4
-2084.3 4522.3 -33.2 87 0 10.4 8.1 5.0 2.5 2 0 2 1 1
-2096.3 4482.9 -32.1 273 0 10.4 14.5 5.0 2.5 2 1 2 3 3
1583.7 3630.5 -16.7 359 0 20.3 9.0 5.0 2.5 2 0 2 5 5
2029.0 3499.3 -21.2 179 0 9.4 7.4 2.5 2.5 2 0 1 0 0
1259.6 3498.8 -8.6 88 0 9.6 13.0 5.0 2.5 4 1 2 3 3
5185.9 4958.2 -24.9 44 0 8.9 7.2 5.0 2.5 2 0 2 4 4
5197.1 4999.0 -27.2 217 0 7.4 10.9 5.0 2.5 2 1 2 4 4
5239.5 5002.3 -28.0 53 0 6.9 9.5 5.0 2.5 2 1 2 4 4
5248.1 4968.6 -24.9 237 0 6.3 5.7 2.5 2.5 2 0 1 3 3
5268.3 4964.3 -24.9 45 0 6.0 4.9 2.5 2.5 2 0 1 0 0
5247.7 4940.8 -23.2 143 0 6.7 8.8 2.5 2.5 2 1 1 4 4
4825.6 4533.6 -13.2 221 0 9.2 11.2 5.0 2.5 2 1 2 4 4
4999.8 4769.1 -19.4 41 0 8.6 11.8 5.0 2.5 2 1 2 4 4
5018.6 4788.7 -19.7 41 0 7.6 9.4 5.0 2.5 4 1 2 5 5
5029.0 4822.6 -19.3 215 0 6.1 6.3 5.0 2.5 2 1 2 5 5
5039.5 4810.2 -19.6 43 0 6.6 7.7 5.0 2.5 2 1 2 0 0
5059.2 4831.6 -19.4 41 0 7.7 8.7 5.0 0.0 0 1 2 1 1
5081.8 4853.9 -20.9 36 0 7.5 8.9 5.0 2.5 2 1 2 5 5
5115.3 4907.2 -23.2 224 0 8.6 14.2 5.0 0.0 0 1 2 0 0
5137.3 4929.9 -24.0 220 0 7.7 12.6 5.0 2.5 2 1 2 1 1
4914.0 4681.2 -18.9 38 0 8.0 9.2 5.0 2.5 2 1 2 4 4
4903.3 4593.1 -15.5 301 0 8.1 10.6 5.0 2.5 2 1 2 5 5
4862.1 4623.2 -17.4 38 0 8.7 13.0 5.0 2.5 2 1 2 1 1
684.8 3372.3 -4.8 97 0 3.3 4.4 2.5 2.5 2 1 1 0 0
2534.2 3759.2 -31.0 181 0 4.6 3.3 2.5 2.5 2 0 1 4 4
2529.5 3748.0 -30.6 184 0 8.0 6.4 2.5 2.5 2 0 1 3 3
2539.2 3738.0 -30.5 179 0 15.4 7.9 2.5 2.5 2 0 1 2 2
1639.3 2699.7 -7.1 357 0 15.1 6.7 5.0 2.5 2 0 2 0 0
1444.7 4051.0 -27.2 77 0 7.3 10.3 5.0 2.5 2 1 2 0 0
1356.7 4030.2 -24.8 94 0 6.1 10.0 5.0 2.5 2 1 2 1 1
-6895.2 2350.9 -39.7 205 0 8.9 9.1 5.0 2.5 2 1 2 4 4
-6842.4 2323.8 -36.8 30 0 8.1 11.1 5.0 2.5 2 1 2 1 1
-6836.6 2339.7 -39.0 30 0 9.1 9.1 5.0 2.5 2 1 2 5 5
-6860.6 2367.7 -41.8 297 0 6.2 8.9 5.0 2.5 4 1 2 1 1
-6866.7 2353.0 -39.9 295 0 8.9 7.4 5.0 2.5 2 0 2 0 0
-6875.8 2332.5 -38.0 115 0 8.9 7.5 5.0 0.0 0 0 2 4 4
-610.4 1235.2 47.6 127 0 7.8 6.6 2.5 2.5 4 0 1 2 2
-529.0 1222.7 53.1 248 0 9.6 14.9 2.5 0.0 0 1 1 0 0
-694.5 2119.4 32.0 94 0 7.9 6.7 5.0 2.5 2 0 2 0 0
-663.4 2051.1 32.0 64 0 7.1 7.1 7.5 0.0 0 1 3 0 0
-566.4 1946.3 31.6 249 0 8.1 9.6 5.0 2.5 2 1 2 4 4
-564.6 1912.1 32.7 163 0 6.4 6.5 5.0 2.5 2 1 2 2 2
-577.8 1922.7 32.6 160 0 9.4 5.6 5.0 2.5 2 0 2 2 2
-575.5 1907.1 33.0 160 0 8.5 9.7 5.0 2.5 4 1 2 4 4
-645.9 5875.1 -46.2 178 0 8.8 14.9 5.0 2.5 2 1 2 1 1
791.2 3365.2 -5.5 82 0 10.5 18.7 5.0 2.5 2 1 2 3 3
739.3 3371.8 -5.8 84 0 14.1 15.5 5.0 2.5 2 1 2 5 5
727.2 3308.9 -3.5 95 0 15.7 15.5 5.0 2.5 2 0 2 0 0
718.7 3346.2 -4.6 268 0 7.8 17.5 5.0 2.5 2 1 2 1 1
706.8 3446.4 -5.4 167 0 8.9 17.8 5.0 2.5 2 1 2 2 2
503.0 3790.8 -9.7 253 0 11.0 11.3 5.0 2.5 2 1 2 0 0
517.1 3835.6 -11.2 166 0 13.0 12.1 5.0 2.5 2 0 2 4 4
407.9 4026.6 -13.3 257 0 8.0 17.4 2.5 2.5 2 1 1 2 2
317.0 4163.1 -15.2 351 0 8.1 10.0 5.0 2.5 2 1 2 5 5
334.0 4081.4 -13.5 343 0 8.7 15.4 5.0 2.5 4 1 2 4 4
504.9 4415.7 -20.5 78 0 7.2 10.2 5.0 2.5 2 1 2 3 3
527.2 4455.2 -20.8 349 0 9.4 15.5 5.0 2.5 2 1 2 1 1
528.3 4440.8 -20.5 351 0 9.5 9.1 5.0 2.5 4 0 2 4 4
515.9 4521.7 -23.0 356 0 9.3 11.4 5.0 2.5 2 1 2 3 3
443.1 4821.3 -26.7 260 0 8.5 12.2 2.5 0.0 0 1 1 5 5
432.9 4820.4 -26.8 262 0 7.9 16.9 2.5 2.5 4 1 1 2 2
305.3 4802.9 -26.9 257 0 6.6 4.7 5.0 2.5 2 0 2 4 4
268.4 4794.5 -26.6 258 0 11.2 19.5 5.0 2.5 4 1 2 2 2
310.4 4787.9 -26.7 351 0 10.6 25.6 5.0 2.5 2 1 2 4 4
330.8 4710.0 -25.1 350 0 8.6 10.2 5.0 2.5 2 1 2 4 4
284.7 4721.2 -25.4 348 0 9.6 5.5 5.0 2.5 2 0 2 4 4
308.5 4702.7 -25.0 349 0 9.0 20.5 5.0 2.5 2 1 2 1 1
51.6 4556.5 -22.9 169 0 8.3 5.6 2.5 2.5 2 0 1 5 5
53.9 4546.0 -22.7 170 0 8.1 11.4 2.5 0.0 0 1 1 0 0
20.5 4706.2 -25.6 167 0 5.7 12.8 2.5 2.5 2 1 1 5 5
138.4 5019.2 -30.9 252 0 9.2 13.4 5.0 2.5 2 1 2 0 0
114.9 5016.1 -30.8 261 0 7.9 15.7 5.0 2.5 2 1 2 1 1
107.8 5038.6 -31.3 76 0 8.4 18.6 2.5 2.5 2 1 1 0 0
53.1 5052.5 -31.4 253 0 8.9 4.3 2.5 0.0 0 0 1 1 1
60.5 5041.2 -31.3 76 0 9.5 5.2 2.5 2.5 4 0 1 1 1
64.6 5028.3 -31.1 78 0 11.5 9.8 2.5 2.5 2 0 1 2 2
92.6 4841.0 -27.2 165 0 9.6 10.9 5.0 0.0 0 1 2 1 1
89.6 4850.9 -27.3 169 0 4.9 10.2 5.0 2.5 2 1 2 1 1
137.8 4873.7 -27.5 260 0 7.1 10.3 5.0 2.5 2 1 2 4 4
143.6 4744.8 -26.1 259 0 10.8 6.5 2.5 2.5 2 0 1 4 4
157.0 4747.2 -26.2 265 0 10.8 23.7 2.5 2.5 2 1 1 1 1
408.2 5682.2 -29.1 84 0 9.4 16.5 5.0 2.5 2 1 2 4 4
331.8 5834.8 -29.4 264 0 14.5 8.1 5.0 2.5 2 0 2 2 2
308.3 5830.2 -31.5 264 0 13.4 6.1 5.0 2.5 2 0 2 2 2
347.3 5740.3 -28.6 0 0 9.1 8.1 5.0 2.5 2 0 2 1 1
376.0 5776.0 -27.4 174 0 29.4 11.5 5.0 2.5 2 0 2 5 5
372.9 5818.6 -26.7 270 0 24.9 9.9 5.0 2.5 2 0 2 4 4
340.2 5816.3 -29.2 264 0 17.0 9.0 5.0 0.0 0 0 2 3 3
300.7 5804.3 -31.4 180 0 15.5 8.8 5.0 2.5 2 0 2 0 0
3729.8 3407.3 -12.1 330 0 8.3 9.4 2.5 2.5 2 1 1 4 4
3990.1 3533.3 -0.4 237 0 7.2 8.1 5.0 2.5 2 1 2 2 2
4010.6 3563.8 -0.8 225 0 8.1 5.2 5.0 2.5 4 0 2 2 2
4227.3 3845.6 -2.4 321 0 10.5 13.6 5.0 2.5 4 1 2 3 3
4342.8 4097.0 -7.9 43 0 10.2 7.3 2.5 2.5 2 0 1 5 5
4412.2 4170.4 -10.7 61 0 9.4 9.4 2.5 2.5 2 0 1 1 1
4497.0 4205.2 -7.3 228 0 9.5 7.3 5.0 2.5 2 0 2 3 3
4657.1 4328.1 -8.2 127 0 9.6 7.9 5.0 2.5 2 0 2 3 3
4814.6 4472.2 -10.2 49 0 14.5 31.4 5.0 2.5 2 1 2 0 0
4054.4 2958.3 5.4 5 0 12.3 22.3 5.0 0.0 0 1 2 2 2
4017.9 2952.3 3.7 90 0 7.0 12.2 5.0 2.5 2 1 2 5 5
4014.7 2982.6 3.5 274 0 10.6 8.1 5.0 2.5 2 0 2 3 3
5506.3 2351.0 44.1 180 0 4.1 6.8 5.0 2.5 2 1 2 5 5
5512.7 2312.3 45.8 174 0 7.4 6.1 5.0 2.5 2 0 2 1 1
5490.3 2399.2 42.0 354 0 7.6 5.6 5.0 2.5 2 0 2 4 4
5435.5 2389.8 43.4 180 0 5.1 5.8 5.0 2.5 2 1 2 1 1
5431.9 2349.8 45.2 174 0 5.8 8.8 5.0 2.5 4 1 2 0 0
5486.3 2254.6 49.0 90 0 6.3 6.6 5.0 2.5 2 1 2 5 5
5434.2 2283.3 48.2 174 0 11.2 7.2 5.0 2.5 4 0 2 5 5
5336.0 2400.9 39.2 264 0 9.0 6.9 2.5 2.5 2 0 1 2 2
5316.1 2398.9 38.5 270 0 8.6 8.4 2.5 2.5 2 0 1 5 5
5284.6 2397.1 38.9 270 0 7.1 8.9 2.5 2.5 2 1 1 5 5
5315.9 2334.4 44.2 0 0 6.3 9.6 2.5 2.5 2 1 1 5 5
5254.5 2380.9 40.7 270 0 7.3 10.9 2.5 2.5 4 1 1 1 1
5243.0 2391.7 40.0 264 0 8.2 7.9 2.5 2.5 2 0 1 5 5
5270.2 2328.3 44.0 84 0 8.0 6.4 2.5 2.5 2 0 1 2 2
5241.4 2324.9 44.7 90 0 5.8 7.3 2.5 2.5 2 1 1 4 4
5213.6 2393.6 40.3 264 0 11.0 18.6 2.5 2.5 2 1 1 5 5
5161.1 2484.8 33.3 84 0 8.4 7.9 5.0 2.5 2 0 2 5 5
5189.8 2320.5 44.2 174 0 11.1 11.6 2.5 0.0 0 1 1 4 4
5142.9 2412.6 36.9 174 0 7.7 20.7 5.0 2.5 2 1 2 4 4
5138.2 2437.0 35.2 174 0 11.4 16.9 5.0 2.5 2 1 2 1 1
5132.0 2456.1 33.9 180 0 8.9 10.8 5.0 0.0 0 1 2 3 3
5135.3 2483.9 32.2 180 0 19.5 10.6 5.0 2.5 2 0 2 1 1
5120.9 2428.0 34.4 0 0 8.6 11.6 5.0 2.5 2 1 2 2 2
1641.9 3592.7 -17.2 273 0 5.2 11.2 5.0 2.5 2 1 2 3 3
1605.7 3589.9 -16.8 178 0 10.4 22.8 5.0 2.5 4 1 2 3 3
1301.6 3355.7 -9.2 264 0 7.8 7.5 5.0 2.5 2 0 2 0 0
1299.1 3345.4 -9.6 264 0 16.0 12.3 5.0 2.5 2 0 2 4 4
1137.4 3559.5 -13.5 89 0 8.2 10.8 5.0 2.5 2 1 2 1 1
623.1 3803.2 -12.0 347 0 16.9 9.9 2.5 2.5 2 0 1 0 0
641.7 3876.0 -14.5 282 0 8.1 10.9 5.0 2.5 2 1 2 2 2
798.1 3813.8 -14.2 282 0 5.4 12.3 5.0 0.0 0 1 2 0 0
824.2 3808.9 -14.2 12 0 9.0 6.9 5.0 2.5 2 0 2 4 4
674.3 3808.3 -12.6 282 0 7.8 12.8 5.0 2.5 2 1 2 0 0
573.2 3588.5 -5.7 169 0 12.1 14.1 2.5 0.0 0 1 1 5 5
369.1 5005.6 -32.1 346 0 8.9 12.1 5.0 2.5 2 1 2 4 4
320.6 5136.9 -33.6 258 0 8.2 7.0 2.5 2.5 2 0 1 3 3
405.6 4582.3 -23.8 80 0 10.6 10.0 2.5 2.5 2 0 1 0 0
335.6 5068.0 -32.1 252 0 11.9 10.9 5.0 0.0 0 0 2 2 2
287.6 5059.3 -31.6 254 0 16.9 20.8 5.0 2.5 4 1 2 5 5
2000.8 3530.4 -22.0 88 0 7.8 11.2 5.0 2.5 2 1 2 0 0
1925.4 3529.5 -20.7 90 0 10.1 5.4 5.0 2.5 2 0 2 2 2
1800.5 3507.2 -19.2 268 0 16.9 14.6 2.5 2.5 2 0 1 2 2
1441.8 3380.1 -11.8 255 0 7.7 13.1 2.5 2.5 2 1 1 2 2
1384.2 3388.8 -10.8 90 0 8.4 14.8 2.5 2.5 2 1 1 1 1
1047.6 3371.2 -10.1 87 0 5.6 13.7 5.0 2.5 2 1 2 1 1
928.9 3344.0 -6.8 262 0 7.2 8.1 5.0 2.5 2 1 2 2 2
938.4 3342.5 -7.0 262 0 8.3 9.7 5.0 2.5 2 1 2 0 0
706.3 3470.1 -5.4 173 0 8.4 19.4 5.0 2.5 2 1 2 0 0
519.4 4489.4 -21.9 353 0 6.0 7.2 5.0 2.5 2 1 2 3 3
398.8 4458.3 -22.2 172 0 7.5 11.0 5.0 2.5 2 1 2 1 1
371.5 4476.4 -22.5 352 0 10.4 16.7 2.5 0.0 0 1 1 3 3
