-6685.7 1554.1 -16.9 155 0 9.1 6.9 2.5 2.5 2 0 1 3 3
-6651.2 1484.8 -16.7 155 0 5.0 7.7 2.5 2.5 2 1 1 0 0
-6643.8 1521.1 -17.1 333 0 7.0 24.3 2.5 2.5 2 1 1 4 4
-6631.7 1463.6 -16.7 338 0 7.9 9.8 2.5 2.5 2 1 1 3 3
-6645.0 1394.5 -13.9 335 0 7.5 11.2 5.0 0.0 0 1 2 0 0
-6701.7 1348.3 -15.7 69 0 10.6 10.3 5.0 2.5 2 0 2 5 5
-6657.1 1417.2 -15.3 334 0 8.1 9.0 5.0 2.5 2 1 2 1 1
-6680.9 1455.0 -15.8 331 0 10.5 21.0 5.0 2.5 2 1 2 3 3
-6702.7 1400.1 -15.0 160 0 9.5 9.0 5.0 2.5 2 0 2 5 5
-6681.9 1424.2 -15.5 338 0 9.1 7.1 5.0 2.5 2 0 2 1 1
-6711.8 1413.8 -15.1 155 0 8.0 8.9 5.0 2.5 2 1 2 0 0
-6685.1 1497.8 -16.2 337 0 8.5 11.7 5.0 2.5 2 1 2 3 3
-6708.2 1485.0 -15.7 333 0 8.9 9.4 5.0 2.5 2 1 2 2 2
-6726.7 1510.0 -15.8 246 0 8.8 14.1 5.0 2.5 2 1 2 2 2
-6692.2 1515.4 -16.3 339 0 6.5 11.0 5.0 2.5 2 1 2 4 4
-6756.5 1445.1 -15.0 153 0 10.6 26.2 5.0 0.0 0 1 2 5 5
-6390.0 -553.6 -1.3 10 0 6.9 11.8 2.5 2.5 2 1 1 3 3
-6395.4 -580.0 -0.4 13 0 6.3 10.1 2.5 2.5 2 1 1 5 5
-6376.2 -610.7 -0.3 196 0 6.8 12.3 5.0 2.5 2 1 2 0 0
-6401.3 -606.0 -1.6 14 0 7.9 17.4 2.5 2.5 2 1 1 2 2
-6406.6 -631.1 -2.0 9 0 7.6 12.0 2.5 2.5 2 1 1 5 5
-6340.4 101.5 -12.3 180 0 8.1 7.9 5.0 2.5 2 0 2 4 4
-6344.0 93.9 -11.1 172 0 3.2 4.0 5.0 2.5 2 1 2 3 3
-6300.5 -173.2 -3.9 358 0 7.7 7.9 2.5 0.0 0 1 1 2 2
-6316.5 -207.7 -4.3 87 0 11.0 35.7 2.5 2.5 2 1 1 5 5
-6335.4 -169.8 -4.6 178 0 9.9 6.6 2.5 2.5 2 0 1 5 5
-6343.1 -151.6 -4.7 176 0 8.3 17.1 2.5 2.5 2 1 1 3 3
-6332.5 -355.9 -9.1 2 0 7.9 8.1 5.0 2.5 2 1 2 4 4
-6365.9 -353.1 -8.8 3 0 7.5 11.3 2.5 2.5 2 1 1 0 0
-6368.1 -379.7 -8.5 5 0 7.0 10.8 2.5 2.5 4 1 1 4 4
-6368.9 -404.6 -6.7 10 0 10.7 13.1 2.5 2.5 2 1 1 0 0
-6347.3 -383.3 -8.5 180 0 8.4 13.2 5.0 2.5 2 1 2 1 1
-6347.1 -409.2 -6.5 183 0 7.5 10.9 5.0 2.5 2 1 2 5 5
-6319.3 -439.8 -7.3 358 0 7.6 6.7 5.0 2.5 2 0 2 5 5
-6347.1 -434.5 -6.5 185 0 7.9 10.7 5.0 2.5 2 1 2 2 2
-6370.8 -429.5 -4.8 6 0 7.3 11.1 2.5 2.5 2 1 1 1 1
-6372.9 -454.8 -4.7 9 0 7.5 11.7 2.5 2.5 2 1 1 5 5
-6350.0 -461.1 -6.4 196 0 11.0 11.9 5.0 2.5 2 1 2 0 0
-6376.4 -480.4 -4.5 10 0 6.4 11.6 2.5 2.5 2 1 1 3 3
-6352.5 -485.3 -6.2 195 0 7.2 10.3 5.0 0.0 0 1 2 0 0
-6380.5 -507.5 -4.2 13 0 7.9 11.6 2.5 2.5 2 1 1 5 5
-6354.7 -509.0 -6.1 196 0 7.0 10.0 5.0 2.5 2 1 2 5 5
-6363.2 -535.1 -4.9 195 0 10.6 12.6 5.0 2.5 2 1 2 0 0
-6367.2 -591.4 -1.7 196 0 6.6 8.9 5.0 2.5 2 1 2 3 3
-6385.2 -530.7 -2.7 12 0 6.9 13.6 2.5 2.5 2 1 1 1 1
-6381.4 -635.3 -0.1 193 0 6.6 15.5 5.0 0.0 0 1 2 5 5
-6387.1 -660.9 -1.1 196 0 7.6 8.1 5.0 2.5 4 1 2 2 2
-6389.0 -689.4 -2.4 194 0 7.8 9.1 5.0 2.5 2 1 2 0 0
-6414.3 -681.5 -4.1 11 0 7.6 16.0 2.5 2.5 2 1 1 0 0
-6412.2 -656.2 -2.9 3 0 8.2 11.6 2.5 2.5 2 1 1 2 2
-6428.8 -732.6 -6.3 15 0 6.8 14.0 2.5 2.5 2 1 1 0 0
-6397.4 -723.4 -5.0 196 0 13.2 12.6 5.0 2.5 2 0 2 2 2
-6438.8 -758.6 -6.9 13 0 7.3 8.2 2.5 2.5 2 1 1 2 2
-6405.8 -769.9 -5.9 198 0 11.0 9.2 5.0 2.5 2 0 2 2 2
-6419.5 -791.6 -6.6 196 0 9.1 12.6 5.0 2.5 4 1 2 3 3
-6483.1 -738.9 -6.4 197 0 9.6 7.7 2.5 2.5 2 0 1 1 1
-6488.5 -768.1 -6.9 113 0 7.5 8.2 2.5 2.5 2 1 1 1 1
-6443.1 -785.6 -6.9 10 0 6.8 7.5 2.5 2.5 2 1 1 4 4
-6397.8 -834.8 -6.5 24 0 7.3 7.0 5.0 2.5 2 0 2 3 3
-6422.6 -817.4 -6.6 193 0 7.9 8.7 5.0 2.5 2 1 2 4 4
-6469.2 -863.3 -6.7 1 0 6.7 8.9 2.5 2.5 2 1 1 5 5
-6449.4 -827.0 -6.7 19 0 5.3 5.2 2.5 2.5 2 0 1 1 1
-6433.1 -840.7 -6.6 199 0 7.7 11.6 5.0 2.5 2 1 2 1 1
-6458.1 -837.0 -6.8 19 0 9.8 12.5 2.5 0.0 0 1 1 1 1
-6442.9 -864.1 -6.6 197 0 7.9 20.6 5.0 0.0 0 1 2 0 0
-6470.8 -885.8 -6.5 2 0 7.0 11.0 2.5 2.5 2 1 1 4 4
-6450.7 -914.8 -6.0 194 0 8.6 8.9 5.0 0.0 0 1 2 3 3
-6478.3 -913.7 -6.0 16 0 6.8 10.9 2.5 2.5 2 1 1 4 4
-6469.7 -1041.2 -4.3 186 0 8.4 7.8 5.0 2.5 2 0 2 5 5
-6494.6 -1017.2 -4.5 6 0 14.2 7.6 2.5 2.5 2 0 1 1 1
-6467.2 -1017.4 -4.3 188 0 10.7 9.6 5.0 2.5 2 0 2 3 3
-6466.4 -989.4 -4.6 191 0 6.7 15.8 5.0 2.5 2 1 2 4 4
-6489.2 -990.0 -4.8 349 0 7.6 21.4 2.5 2.5 2 1 1 1 1
-6488.4 -937.9 -5.5 11 0 9.4 8.0 2.5 2.5 2 0 1 1 1
-6487.7 -961.7 -5.2 13 0 14.2 12.4 2.5 2.5 2 0 1 3 3
-6479.1 -961.7 -5.1 11 0 4.6 4.8 2.5 2.5 2 1 1 5 5
-6458.8 -964.4 -5.1 191 0 6.8 7.9 5.0 2.5 2 1 2 2 2
-6454.7 -940.7 -5.5 196 0 9.4 9.1 5.0 2.5 2 0 2 3 3
-6362.1 -927.6 -5.9 267 0 7.6 6.7 7.5 2.5 2 0 3 2 2
-6494.2 -1228.7 -4.0 350 0 7.6 8.7 5.0 0.0 0 1 2 5 5
-6498.3 -1118.2 -5.1 357 0 7.5 12.2 5.0 2.5 4 1 2 0 0
-6495.4 -1143.9 -5.3 352 0 7.4 11.7 5.0 2.5 2 1 2 3 3
-6475.1 -1090.9 -4.7 186 0 8.1 12.8 5.0 2.5 2 1 2 2 2
-6473.9 -1117.0 -4.9 185 0 6.6 10.1 5.0 2.5 2 1 2 5 5
-6476.3 -1139.4 -5.1 181 0 8.1 17.6 5.0 2.5 2 1 2 4 4
-6543.0 -1129.0 -5.3 81 0 8.8 7.9 5.0 2.5 2 0 2 1 1
-6493.0 -1054.0 -4.6 331 0 6.7 5.8 5.0 2.5 4 0 2 0 0
-6552.9 -1106.7 -5.2 86 0 7.5 7.6 5.0 2.5 2 1 2 3 3
-6515.0 -1084.0 -5.0 356 0 23.5 15.8 5.0 2.5 2 0 2 2 2
-6583.8 -1067.9 -5.3 262 0 19.5 15.4 5.0 2.5 2 0 2 4 4
-6593.4 -1092.1 -5.4 158 0 6.9 4.3 5.0 2.5 2 0 2 2 2
-6398.1 -1766.8 -4.3 354 0 7.7 18.8 2.5 2.5 2 1 1 5 5
-6359.6 -1740.0 -4.0 258 0 14.8 12.5 5.0 0.0 0 0 2 3 3
-6395.1 -1828.3 -4.9 353 0 11.4 12.2 2.5 2.5 2 1 1 5 5
-6392.7 -1864.4 -2.9 354 0 9.6 16.0 2.5 2.5 2 1 1 2 2
-6382.8 -1898.6 -2.5 348 0 6.6 13.8 2.5 2.5 2 1 1 3 3
-6305.1 -2050.2 -3.4 160 0 8.3 17.6 5.0 2.5 2 1 2 2 2
-6232.9 -2260.7 -2.5 145 0 6.3 13.7 2.5 2.5 2 1 1 1 1
-6237.6 -2247.6 -2.3 144 0 8.0 7.7 2.5 2.5 2 0 1 3 3
-6072.7 -2561.4 -3.5 239 0 10.2 12.4 5.0 2.5 2 1 2 3 3
-6141.6 -2581.4 -0.9 319 0 7.6 8.5 5.0 2.5 2 1 2 0 0
-6113.2 -2647.7 -4.5 357 0 8.9 11.9 5.0 2.5 2 1 2 1 1
-6105.2 -2714.9 -4.3 336 0 12.2 12.2 5.0 2.5 4 1 2 3 3
-6094.1 -2742.5 -4.3 326 0 6.2 8.5 5.0 2.5 4 1 2 4 4
-6092.2 -2861.2 -2.8 220 0 6.4 8.4 5.0 2.5 2 1 2 2 2
-6058.3 -2821.1 -3.7 332 0 12.2 7.2 5.0 2.5 2 0 2 4 4
-6040.0 -2886.0 -3.1 337 0 8.3 11.6 5.0 2.5 2 1 2 2 2
-5953.2 -2806.2 -4.9 346 0 12.3 12.6 5.0 2.5 2 1 2 5 5
-5992.1 -3015.4 -6.5 336 0 17.8 9.9 5.0 2.5 2 0 2 2 2
-5949.1 -3142.3 -4.6 340 0 12.9 10.6 5.0 2.5 2 0 2 0 0
-5890.2 -3271.5 -5.1 341 0 9.8 13.7 5.0 2.5 2 1 2 5 5
-5865.5 -3267.9 -4.8 167 0 19.6 14.7 2.5 0.0 0 0 1 3 3
-5817.0 -3064.0 -4.4 154 0 8.0 6.7 2.5 2.5 2 0 1 2 2
-5756.2 -3153.7 -11.8 66 0 10.7 8.4 2.5 0.0 0 0 1 0 0
-5759.5 -3219.2 -10.1 0 0 10.8 9.2 2.5 2.5 2 0 1 4 4
-5809.3 -3216.8 -4.3 78 0 8.6 17.2 2.5 2.5 2 1 1 5 5
-5819.3 -3288.0 -4.4 2 0 16.4 15.6 2.5 0.0 0 0 1 5 5
-5709.5 -3563.1 -10.1 163 0 16.9 9.4 5.0 2.5 2 0 2 0 0
-5727.8 -3526.1 -8.5 170 0 16.3 9.5 5.0 2.5 2 0 2 4 4
-5508.6 -4327.4 -5.3 346 0 8.9 9.2 5.0 0.0 0 1 2 5 5
-5513.9 -4294.9 -4.2 339 0 10.6 10.8 5.0 2.5 2 1 2 3 3
-5520.5 -4254.6 -1.8 322 0 9.4 7.7 5.0 2.5 2 0 2 2 2
-5402.0 -5849.6 -5.0 24 0 9.2 7.6 5.0 0.0 0 0 2 1 1
-5367.0 -5813.2 -4.1 12 0 4.0 9.5 5.0 2.5 2 1 2 4 4
-5308.7 -5855.1 -13.8 9 0 11.5 14.5 5.0 0.0 0 1 2 2 2
-5586.3 -5653.3 -2.6 46 0 12.2 11.3 5.0 2.5 2 0 2 1 1
-5683.3 -5580.7 2.2 115 0 8.5 13.1 2.5 2.5 2 1 1 5 5
-5668.9 -5548.0 2.5 353 0 11.2 12.3 2.5 2.5 2 1 1 1 1
-5661.9 -5491.8 3.8 9 0 11.2 8.4 2.5 2.5 2 0 1 4 4
-5650.0 -5464.1 2.9 356 0 12.5 13.9 2.5 2.5 2 1 1 2 2
-5607.7 -5397.3 0.9 152 0 19.5 15.3 2.5 2.5 2 0 1 5 5
-5629.9 -5325.9 1.3 3 0 9.1 10.9 2.5 2.5 2 1 1 5 5
-5621.1 -5272.5 0.9 0 0 9.9 12.5 2.5 2.5 2 1 1 5 5
-5608.4 -5196.1 3.7 8 0 20.0 6.2 2.5 2.5 2 0 1 5 5
-5556.6 -5171.5 8.9 89 0 7.1 7.0 2.5 2.5 2 0 1 1 1
