3028.0 -1560.3 -84.4 359 0 12.1 8.1 2.5 2.5 2 0 1 4 4
2985.6 -1504.9 -78.2 251 0 11.8 14.2 2.5 2.5 2 1 1 4 4
2961.9 -1538.3 -86.3 175 0 16.2 11.5 5.0 0.0 0 0 2 2 2
6074.6 -2897.1 48.7 343 0 14.0 9.0 5.0 2.5 2 0 2 3 3
6055.1 -2924.2 53.3 51 0 7.8 11.0 5.0 2.5 2 1 2 4 4
6036.1 -2924.7 55.5 225 0 6.5 7.3 5.0 2.5 2 1 2 0 0
6016.8 -2908.5 53.7 179 0 9.3 9.3 5.0 2.5 2 1 2 2 2
6011.8 -2951.8 60.8 213 0 7.5 8.7 5.0 2.5 2 1 2 2 2
5986.2 -2920.2 52.9 316 0 10.2 10.1 5.0 2.5 2 0 2 1 1
5984.6 -2958.3 57.3 360 0 7.2 9.0 5.0 2.5 2 1 2 3 3
5990.7 -2965.3 62.5 2 0 8.3 5.0 5.0 2.5 2 0 2 4 4
6001.1 -2962.4 62.5 1 0 14.4 9.6 5.0 2.5 2 0 2 4 4
5995.2 -2988.5 66.5 359 0 9.1 7.6 5.0 2.5 2 0 2 5 5
6002.9 -2996.6 66.7 180 0 13.1 8.5 5.0 0.0 0 0 2 2 2
5997.0 -3008.6 69.3 0 0 10.6 9.2 5.0 2.5 2 0 2 3 3
5999.8 -3078.2 74.5 174 0 13.1 9.1 5.0 0.0 0 0 2 3 3
5984.0 -3089.7 73.5 24 0 9.8 7.4 5.0 2.5 4 0 2 3 3
5991.8 -3159.4 77.1 185 0 9.6 8.6 5.0 2.5 2 0 2 5 5
6000.1 -3121.8 74.8 215 0 14.2 10.3 5.0 2.5 2 0 2 1 1
5991.5 -3105.7 75.9 0 0 14.3 10.1 5.0 2.5 2 0 2 4 4
6005.9 -3098.6 73.6 177 0 8.8 10.1 5.0 2.5 2 1 2 3 3
2958.8 -1559.6 -91.4 182 0 17.1 14.6 7.5 2.5 2 0 3 5 5
2966.9 -1585.4 -95.2 168 0 9.8 24.3 2.5 2.5 2 1 1 1 1
2995.2 -1614.3 -98.2 70 0 8.4 14.4 7.5 2.5 4 1 3 5 5
2979.3 -1616.6 -100.2 156 0 7.2 9.9 7.5 2.5 2 1 3 0 0
3003.6 -1627.1 -101.4 75 0 7.5 9.7 7.5 2.5 2 1 3 2 2
3052.3 -1628.1 -106.0 352 0 14.9 13.8 10.0 0.0 0 0 4 4 4
3033.6 -1686.5 -117.4 155 0 10.7 6.7 5.0 2.5 2 0 2 5 5
3065.3 -1691.7 -116.0 58 0 12.8 13.4 2.5 2.5 2 1 1 5 5
3736.3 -2459.6 -32.5 23 0 6.6 8.9 5.0 2.5 2 1 2 4 4
3713.2 -2458.4 -32.0 116 0 11.7 9.3 5.0 2.5 2 0 2 2 2
3706.1 -2444.8 -32.0 293 0 9.2 9.7 5.0 2.5 2 1 2 0 0
3679.8 -2439.1 -31.3 272 0 7.9 8.1 5.0 2.5 2 1 2 1 1
3671.3 -2439.6 -29.9 303 0 5.5 4.9 5.0 2.5 2 0 2 5 5
3652.7 -2439.0 -28.0 240 0 9.5 7.2 5.0 2.5 2 0 2 2 2
3595.0 -2456.2 -18.8 228 0 9.3 11.0 5.0 2.5 2 1 2 1 1
3581.8 -2472.0 -16.3 236 0 8.9 9.1 5.0 2.5 2 1 2 1 1
3573.2 -2480.4 -14.8 243 0 8.7 6.4 5.0 2.5 2 0 2 1 1
3443.1 -2695.3 20.8 69 0 13.1 10.0 5.0 2.5 2 0 2 0 0
3305.5 -2704.0 37.6 54 0 8.8 8.2 2.5 2.5 2 0 1 0 0
3285.9 -2716.0 39.4 56 0 10.7 6.1 2.5 2.5 2 0 1 1 1
3273.4 -2724.7 40.4 54 0 8.8 7.1 2.5 2.5 2 0 1 3 3
3258.4 -2735.3 41.7 54 0 10.1 8.4 2.5 2.5 2 0 1 4 4
3237.2 -2751.5 44.0 10 0 8.4 9.8 2.5 2.5 2 1 1 0 0
3364.1 -2730.5 33.9 336 0 10.4 12.6 2.5 2.5 2 1 1 3 3
3348.0 -2745.9 35.6 66 0 10.9 9.8 2.5 2.5 2 0 1 3 3
3325.5 -2744.9 40.6 246 0 7.0 9.9 2.5 2.5 2 1 1 5 5
3314.0 -2751.8 43.7 238 0 8.0 6.8 2.5 2.5 4 0 1 4 4
3300.1 -2762.5 45.0 148 0 7.6 10.3 2.5 2.5 2 1 1 1 1
3390.4 -2964.4 89.9 42 0 8.3 10.5 5.0 2.5 2 1 2 5 5
3392.6 -2970.8 90.9 132 0 9.2 9.2 5.0 2.5 2 0 2 5 5
3244.0 -2958.2 98.3 115 0 9.9 6.6 5.0 2.5 4 0 2 3 3
3254.3 -2967.0 99.3 115 0 12.0 8.1 5.0 2.5 2 0 2 3 3
3266.8 -2968.7 97.8 119 0 10.3 11.2 5.0 2.5 2 1 2 3 3
3277.3 -2972.2 98.6 118 0 9.3 10.7 5.0 2.5 2 1 2 1 1
3289.7 -2975.4 99.2 91 0 6.3 12.1 5.0 2.5 2 1 2 1 1
3306.3 -2973.6 99.5 91 0 13.2 8.3 5.0 2.5 2 0 2 5 5
3323.9 -2972.5 97.3 90 0 11.0 9.7 5.0 2.5 2 0 2 5 5
3353.7 -2967.1 93.0 93 0 5.4 5.6 5.0 2.5 2 1 2 0 0
3364.4 -2973.7 92.0 92 0 6.4 10.7 5.0 2.5 2 1 2 0 0
3403.1 -2957.2 88.6 91 0 4.8 5.6 5.0 2.5 2 1 2 3 3
3416.1 -2944.2 84.9 273 0 11.2 9.7 5.0 0.0 0 0 2 1 1
3399.7 -3017.0 88.6 51 0 12.7 15.2 2.5 2.5 2 1 1 1 1
3342.1 -3042.1 96.0 55 0 6.9 4.6 2.5 0.0 0 0 1 5 5
3351.5 -3044.3 94.3 47 0 8.2 5.4 2.5 0.0 0 0 1 4 4
3357.4 -3053.2 93.3 49 0 9.3 8.4 2.5 2.5 2 0 1 3 3
3344.6 -3060.3 95.4 46 0 11.8 8.0 2.5 2.5 2 0 1 0 0
3332.4 -3076.5 97.2 43 0 11.4 10.3 2.5 2.5 2 0 1 4 4
3322.2 -3087.7 98.8 47 0 8.6 12.2 2.5 2.5 2 1 1 1 1
3311.2 -3093.6 100.6 48 0 11.1 10.6 2.5 2.5 2 0 1 0 0
3300.4 -3103.6 102.4 48 0 10.9 14.1 2.5 2.5 2 1 1 3 3
3286.7 -3113.7 103.7 51 0 12.0 18.0 2.5 2.5 2 1 1 1 1
3274.4 -3125.0 105.5 52 0 12.1 15.3 2.5 2.5 2 1 1 3 3
3269.0 -3137.8 106.8 50 0 10.2 7.8 2.5 2.5 2 0 1 5 5
3249.5 -3145.4 109.4 47 0 13.2 9.4 2.5 2.5 2 0 1 4 4
3245.8 -3074.8 106.1 234 0 10.6 17.8 2.5 2.5 2 1 1 4 4
3277.6 -3004.5 102.2 247 0 11.3 19.2 2.5 2.5 2 1 1 4 4
3275.4 -2985.9 102.2 293 0 10.1 9.1 2.5 0.0 0 0 1 2 2
3213.3 -2964.5 96.4 2 0 7.4 8.6 5.0 2.5 4 1 2 3 3
3217.5 -2953.5 91.1 22 0 10.9 16.6 5.0 2.5 2 1 2 4 4
3231.3 -2959.5 99.0 20 0 8.2 12.6 5.0 2.5 2 1 2 5 5
3227.4 -2981.2 100.8 5 0 8.3 16.5 5.0 2.5 2 1 2 4 4
3225.4 -2995.0 99.7 7 0 12.0 19.9 5.0 2.5 2 1 2 3 3
3226.9 -3005.6 103.3 6 0 7.7 11.3 5.0 2.5 2 1 2 4 4
3219.6 -3019.6 102.1 7 0 8.0 10.7 5.0 2.5 4 1 2 3 3
3214.4 -3038.3 101.6 18 0 12.2 13.4 5.0 2.5 2 1 2 1 1
3203.1 -3044.5 99.6 1 0 6.8 11.6 5.0 2.5 2 1 2 5 5
3207.1 -3050.4 102.2 1 0 4.5 6.0 5.0 2.5 2 1 2 3 3
3210.1 -3072.1 101.2 360 0 10.8 17.6 5.0 2.5 2 1 2 3 3
3496.7 -2948.5 68.9 229 0 10.8 12.3 5.0 2.5 2 1 2 2 2
3460.1 -2963.1 80.4 49 0 8.8 13.8 5.0 2.5 2 1 2 1 1
3450.1 -2974.5 83.4 49 0 9.4 12.1 5.0 0.0 0 1 2 5 5
3468.8 -2978.7 77.1 264 0 4.1 9.6 2.5 2.5 2 1 1 2 2
3458.3 -2992.4 75.3 219 0 9.1 12.4 2.5 2.5 2 1 1 4 4
3433.2 -3007.2 80.2 226 0 4.2 8.1 2.5 0.0 0 1 1 3 3
3443.4 -3007.7 76.3 225 0 7.0 10.5 2.5 2.5 4 1 1 5 5
3446.0 -2999.4 76.8 227 0 7.2 10.1 2.5 2.5 2 1 1 1 1
3428.3 -3013.0 79.0 227 0 7.6 15.0 2.5 2.5 2 1 1 2 2
3417.3 -3034.3 82.9 275 0 8.6 11.8 2.5 2.5 2 1 1 3 3
3415.5 -3027.0 84.3 234 0 5.4 3.9 2.5 2.5 2 0 1 0 0
3386.6 -3062.0 87.5 228 0 7.3 6.4 2.5 0.0 0 0 1 5 5
3394.3 -3042.8 86.8 235 0 10.7 8.9 2.5 2.5 2 0 1 2 2
3357.8 -3080.0 91.7 228 0 9.8 7.3 2.5 2.5 2 0 1 1 1
3324.9 -3116.6 98.0 227 0 8.9 7.2 2.5 2.5 2 0 1 2 2
3320.3 -3127.3 99.1 225 0 9.2 7.4 2.5 2.5 2 0 1 2 2
3312.7 -3135.9 100.4 227 0 10.8 8.8 2.5 2.5 2 0 1 2 2
3276.0 -3152.6 107.0 272 0 4.4 6.1 2.5 2.5 4 1 1 4 4
3287.3 -3152.5 105.0 237 0 9.3 7.2 2.5 2.5 2 0 1 0 0
3182.8 -3203.2 114.8 105 0 13.1 21.5 2.5 2.5 2 1 1 1 1
