6384.7 4877.9 -13.0 71 0 8.7 17.3 2.5 2.5 2 1 1 2 2
6578.1 5323.7 -10.4 224 0 7.0 5.1 2.5 2.5 2 0 1 5 5
-40.3 1618.7 6.3 74 0 8.0 6.6 2.5 2.5 2 0 1 3 3
-30.3 1587.0 4.4 258 0 7.3 7.0 5.0 2.5 2 0 2 2 2
-11.4 1591.8 4.2 251 0 5.9 6.9 5.0 0.0 0 1 2 4 4
18.5 1602.2 4.3 260 0 7.3 9.9 5.0 2.5 2 1 2 4 4
50.4 1602.8 3.7 259 0 9.5 15.1 5.0 2.5 2 1 2 3 3
13.8 1629.4 7.2 75 0 8.9 12.8 2.5 2.5 2 1 1 3 3
33.8 1634.5 6.9 75 0 8.3 8.5 2.5 2.5 2 1 1 0 0
72.5 1607.4 4.0 258 0 6.3 10.1 5.0 2.5 2 1 2 4 4
57.2 1633.7 6.2 77 0 15.7 10.5 2.5 2.5 2 0 1 0 0
88.1 1638.4 6.1 78 0 7.5 6.7 2.5 0.0 0 0 1 3 3
89.2 1611.0 3.7 255 0 7.3 11.5 5.0 2.5 2 1 2 5 5
109.3 1642.9 4.6 77 0 10.8 9.3 2.5 2.5 2 0 1 2 2
117.8 1616.8 2.1 259 0 6.4 9.8 5.0 2.5 2 1 2 4 4
135.0 1620.6 1.1 259 0 9.2 11.5 5.0 2.5 2 1 2 2 2
144.3 1588.9 0.1 80 0 9.0 11.4 5.0 2.5 2 1 2 0 0
185.4 1664.6 0.5 69 0 10.7 8.4 2.5 2.5 2 0 1 0 0
195.2 1631.9 -1.0 339 0 14.0 8.3 5.0 2.5 2 0 2 1 1
241.3 1710.1 0.1 244 0 9.5 12.2 2.5 2.5 4 1 1 5 5
235.0 1619.5 -3.3 155 0 19.2 10.6 5.0 2.5 2 0 2 4 4
308.7 1460.5 -5.8 308 0 6.9 6.4 5.0 2.5 2 0 2 4 4
317.0 1458.0 -6.0 311 0 6.2 7.1 5.0 2.5 2 1 2 0 0
267.7 1446.1 -4.9 236 0 4.8 6.8 5.0 0.0 0 1 2 5 5
277.0 1464.3 -5.0 144 0 9.9 6.4 5.0 2.5 2 0 2 2 2
281.3 1436.0 -5.4 235 0 6.1 9.3 5.0 2.5 2 1 2 4 4
246.8 1593.5 -3.9 155 0 25.3 11.5 5.0 2.5 2 0 2 0 0
239.9 1560.6 -3.7 154 0 11.1 8.2 5.0 2.5 2 0 2 1 1
223.0 1591.1 -3.4 157 0 26.3 10.6 5.0 2.5 2 0 2 3 3
240.3 1519.5 -3.5 327 0 11.3 27.4 5.0 0.0 0 1 2 4 4
212.7 1500.3 -2.9 64 0 3.7 4.5 5.0 2.5 4 1 2 5 5
227.4 1553.3 -3.3 339 0 12.7 12.6 5.0 2.5 2 0 2 3 3
209.8 1594.4 -2.8 336 0 14.2 6.4 5.0 2.5 2 0 2 2 2
217.7 1574.6 -3.1 333 0 16.7 6.7 5.0 2.5 2 0 2 1 1
261.6 1689.8 -1.3 63 0 4.6 10.6 2.5 2.5 2 1 1 4 4
317.5 1615.9 -4.8 55 0 7.2 9.7 5.0 2.5 2 1 2 3 3
290.5 1675.7 -3.8 238 0 9.6 8.7 5.0 2.5 2 0 2 5 5
318.4 1692.0 -4.2 234 0 9.8 9.8 5.0 2.5 2 1 2 3 3
344.5 1675.3 -4.8 57 0 7.2 8.3 5.0 2.5 2 1 2 0 0
335.4 1708.0 -4.4 236 0 10.2 9.5 5.0 2.5 2 0 2 3 3
304.9 1726.7 -2.1 48 0 7.2 7.7 2.5 2.5 2 1 1 2 2
318.5 1739.2 -2.4 55 0 7.2 11.2 2.5 2.5 2 1 1 3 3
325.2 1792.5 2.2 316 0 6.2 6.8 2.5 2.5 2 1 1 2 2
372.4 1695.4 -5.2 57 0 9.2 6.7 5.0 2.5 2 0 2 2 2
354.0 1723.4 -4.7 239 0 9.0 12.9 5.0 2.5 2 1 2 5 5
341.6 1765.2 -2.2 60 0 6.0 9.9 2.5 2.5 2 1 1 0 0
355.3 1774.5 -1.8 55 0 11.2 12.9 2.5 2.5 2 1 1 1 1
367.1 1739.2 -4.9 236 0 7.4 13.3 5.0 0.0 0 1 2 2 2
702.1 1768.9 5.2 155 0 7.2 15.8 2.5 2.5 4 1 1 3 3
742.6 1758.1 5.1 72 0 6.6 16.1 2.5 2.5 4 1 1 5 5
737.3 1798.6 5.7 247 0 10.9 8.3 2.5 2.5 2 0 1 3 3
770.6 1776.2 5.0 337 0 5.2 9.6 2.5 2.5 2 1 1 2 2
769.5 1817.8 5.6 245 0 10.4 10.1 2.5 2.5 4 0 1 5 5
760.3 1841.4 7.4 66 0 7.8 10.2 5.0 2.5 2 1 2 3 3
787.0 1827.5 5.6 246 0 6.8 8.8 2.5 2.5 2 1 1 4 4
777.6 1848.8 7.2 73 0 6.4 7.9 5.0 2.5 2 1 2 0 0
794.8 1856.7 7.1 65 0 6.6 8.3 5.0 2.5 4 1 2 3 3
803.5 1835.1 5.7 248 0 7.5 9.0 2.5 2.5 2 1 1 0 0
823.9 1843.9 5.9 251 0 10.9 4.2 2.5 2.5 2 0 1 2 2
828.3 1868.7 6.7 69 0 10.2 8.5 5.0 2.5 2 0 2 2 2
845.1 1853.0 6.4 248 0 5.3 8.0 2.5 2.5 2 1 1 2 2
845.3 1878.9 6.6 66 0 9.5 12.1 5.0 2.5 4 1 2 0 0
874.6 1864.7 6.9 247 0 10.9 9.0 2.5 2.5 2 0 1 3 3
865.9 1888.1 6.6 62 0 13.8 10.9 5.0 2.5 4 0 2 4 4
882.8 1895.5 6.9 66 0 7.4 10.5 5.0 2.5 2 1 2 0 0
897.6 1873.7 7.3 251 0 9.4 7.7 2.5 2.5 2 0 1 5 5
914.6 1908.9 7.4 69 0 6.8 12.5 5.0 2.5 2 1 2 4 4
923.7 1884.8 7.7 249 0 10.5 9.6 2.5 2.5 2 0 1 3 3
950.0 1923.5 8.0 69 0 8.8 8.2 5.0 0.0 0 0 2 3 3
968.0 1904.0 8.5 247 0 8.0 8.7 2.5 2.5 2 1 1 0 0
967.0 1930.8 8.0 68 0 10.7 12.9 5.0 0.0 0 1 2 1 1
985.4 1910.3 8.8 249 0 10.0 6.7 2.5 2.5 2 0 1 4 4
999.7 1917.2 9.0 245 0 11.0 4.8 2.5 2.5 2 0 1 2 2
988.8 1940.8 8.0 62 0 10.1 10.2 5.0 2.5 2 1 2 4 4
1014.5 1978.4 7.4 329 0 8.1 7.4 5.0 2.5 2 0 2 3 3
1021.0 1952.3 8.0 75 0 7.1 9.6 5.0 0.0 0 1 2 5 5
1038.9 1962.5 7.9 72 0 8.2 6.1 5.0 2.5 2 0 2 3 3
1057.7 1938.5 8.9 245 0 8.1 9.9 2.5 0.0 0 1 1 0 0
1928.4 2321.5 2.7 137 0 9.4 7.6 2.5 2.5 2 0 1 1 1
1970.7 2391.4 4.4 115 0 6.5 9.2 5.0 2.5 2 1 2 2 2
1977.9 2415.4 5.1 202 0 9.0 9.5 5.0 2.5 2 1 2 4 4
2011.4 2481.7 5.8 27 0 7.7 8.6 2.5 2.5 2 1 1 1 1
2015.4 2563.5 0.9 203 0 7.7 7.1 2.5 2.5 2 0 1 2 2
2012.8 2533.6 2.9 206 0 7.3 10.4 2.5 0.0 0 1 1 3 3
2051.9 2601.1 2.1 22 0 7.2 11.7 2.5 2.5 4 1 1 5 5
2013.4 2673.4 -1.5 19 0 6.9 6.7 2.5 2.5 2 0 1 3 3
2014.4 2693.1 -1.4 20 0 5.8 5.2 2.5 2.5 2 0 1 0 0
2025.6 2712.1 -2.3 19 0 10.1 8.2 2.5 2.5 2 0 1 0 0
2032.1 2736.3 -2.4 16 0 7.0 8.6 2.5 2.5 4 1 1 5 5
2037.7 2753.1 -2.5 16 0 6.0 7.3 2.5 2.5 2 1 1 4 4
2077.4 2727.2 0.9 105 0 8.7 7.6 5.0 2.5 2 0 2 1 1
2041.6 2776.4 -2.5 18 0 6.7 8.1 2.5 2.5 2 1 1 5 5
2080.6 2756.8 1.3 197 0 10.5 10.7 5.0 2.5 2 1 2 1 1
2048.0 2803.9 -2.3 15 0 6.8 7.6 2.5 2.5 2 1 1 2 2
2054.3 2830.3 -2.2 20 0 5.7 8.3 2.5 2.5 2 1 1 4 4
2058.1 2857.9 -2.6 9 0 5.9 10.4 2.5 0.0 0 1 1 0 0
2067.6 2887.4 -3.1 6 0 6.9 7.3 2.5 0.0 0 1 1 4 4
2100.2 2883.9 -1.2 190 0 7.2 11.5 5.0 2.5 2 1 2 3 3
2058.9 2946.9 -4.4 8 0 6.0 6.5 2.5 2.5 2 1 1 0 0
2065.6 2916.0 -3.9 10 0 6.1 6.9 2.5 0.0 0 1 1 1 1
2101.6 2911.2 -1.9 190 0 5.7 12.2 5.0 2.5 4 1 2 0 0
2120.0 2943.2 -2.1 277 0 6.0 7.9 5.0 2.5 2 1 2 3 3
2072.2 2961.4 -4.5 11 0 6.7 8.5 2.5 2.5 2 1 1 0 0
2070.2 2979.5 -4.4 11 0 11.3 8.3 2.5 2.5 2 0 1 5 5
2073.1 3110.5 -4.8 13 0 8.9 7.4 5.0 2.5 2 0 2 1 1
2049.0 3138.5 -4.9 17 0 11.5 43.8 5.0 0.0 0 1 2 3 3
1973.8 3143.3 -5.7 100 0 9.4 8.5 5.0 2.5 2 0 2 5 5
1937.0 3177.0 -5.8 286 0 8.3 5.7 5.0 2.5 2 0 2 2 2
1929.4 3194.3 -4.9 286 0 14.6 8.3 5.0 2.5 2 0 2 4 4
1951.2 3188.6 -5.5 287 0 14.7 8.4 5.0 2.5 2 0 2 5 5
1944.5 3236.5 -3.9 107 0 9.3 7.3 5.0 2.5 2 0 2 2 2
1966.1 3255.6 -4.5 13 0 15.2 9.1 5.0 2.5 2 0 2 3 3
1940.5 3257.2 -2.7 106 0 6.6 9.0 5.0 2.5 4 1 2 3 3
1901.6 3255.6 -0.5 195 0 6.8 9.5 5.0 2.5 2 1 2 3 3
1921.5 3257.5 -1.3 104 0 6.9 11.0 5.0 2.5 2 1 2 1 1
1960.9 3281.0 -3.0 16 0 9.2 8.9 5.0 2.5 2 0 2 3 3
1960.7 3328.2 -1.6 105 0 16.3 8.3 5.0 2.5 2 0 2 4 4
1982.2 3320.5 -3.5 107 0 15.8 8.5 5.0 2.5 2 0 2 1 1
1988.8 3214.1 -4.4 285 0 8.8 7.4 5.0 0.0 0 0 2 3 3
1987.5 3186.4 -4.7 286 0 14.5 10.3 5.0 0.0 0 0 2 1 1
6616.8 5377.9 -9.0 207 0 8.9 8.7 2.5 2.5 2 0 1 4 4
6573.5 5386.7 -9.2 28 0 5.1 9.4 5.0 2.5 2 1 2 4 4
6542.5 5347.2 -10.9 46 0 12.0 10.5 5.0 2.5 2 0 2 5 5
6412.7 5261.9 -11.0 46 0 9.1 7.2 5.0 2.5 2 0 2 1 1
6389.3 5253.0 -11.1 46 0 10.7 13.8 5.0 2.5 4 1 2 0 0
6350.5 5237.4 -12.1 64 0 7.9 6.9 5.0 2.5 4 0 2 2 2
6319.9 5191.6 -11.7 236 0 5.5 7.3 2.5 2.5 2 1 1 3 3
6294.3 5184.2 -13.0 254 0 7.0 7.8 2.5 0.0 0 1 1 2 2
6286.3 5216.5 -13.8 79 0 12.3 11.3 5.0 2.5 2 0 2 4 4
6204.4 5160.4 -14.5 247 0 8.3 9.7 2.5 2.5 4 1 1 2 2
6220.3 5067.7 -10.6 306 0 8.1 13.2 5.0 2.5 2 1 2 0 0
6240.6 5083.6 -11.6 131 0 11.4 12.6 2.5 2.5 2 1 1 2 2
6258.1 5099.2 -11.3 316 0 9.3 11.4 2.5 2.5 2 1 1 5 5
6168.4 5119.1 -14.1 300 0 7.5 13.1 5.0 2.5 2 1 2 2 2
6135.8 5156.1 -11.8 330 0 11.6 10.6 5.0 2.5 2 0 2 4 4
6123.7 5177.0 -11.4 328 0 6.4 16.6 5.0 2.5 2 1 2 4 4
6168.4 5180.6 -14.3 55 0 15.2 7.9 5.0 2.5 2 0 2 5 5
6147.1 5202.8 -14.2 167 0 11.9 11.2 5.0 2.5 2 0 2 3 3
6098.0 5231.1 -12.3 329 0 14.4 13.3 5.0 2.5 2 0 2 1 1
6066.3 5248.9 -12.2 163 0 10.3 8.7 5.0 2.5 2 0 2 3 3
6074.7 5268.6 -13.1 323 0 8.9 8.4 5.0 2.5 2 0 2 4 4
6107.9 5304.2 -12.8 147 0 8.8 7.5 5.0 2.5 2 0 2 3 3
6062.6 5286.8 -12.1 336 0 7.6 11.3 5.0 2.5 2 1 2 2 2
6803.6 6409.6 -1.4 241 0 7.9 13.1 2.5 2.5 2 1 1 2 2
6855.8 6389.7 -1.6 321 0 10.8 13.6 2.5 2.5 4 1 1 4 4
6881.8 6359.5 -1.6 326 0 12.3 13.4 2.5 2.5 2 1 1 4 4
6889.6 6496.2 -3.5 319 0 9.2 9.9 5.0 2.5 4 1 2 3 3
