-3111.9 -6776.8 -4.5 81 0 13.5 8.3 2.5 2.5 2 0 1 0 0
-3128.5 -6773.3 -4.4 349 0 9.0 15.7 7.5 2.5 2 1 3 5 5
-3027.6 -6763.0 -2.7 82 0 8.5 11.1 2.5 2.5 2 1 1 3 3
-3013.9 -6767.2 -2.4 84 0 10.6 15.2 7.5 2.5 2 1 3 2 2
-3044.3 -6701.5 -8.8 267 0 6.5 17.3 7.5 2.5 2 1 3 0 0
-3059.1 -6708.5 -8.3 269 0 13.1 14.1 5.0 2.5 2 1 2 0 0
-3086.7 -6718.8 -8.1 265 0 7.2 15.4 2.5 2.5 2 1 1 2 2
-3077.1 -6773.6 -4.2 86 0 11.6 12.0 5.0 2.5 2 1 2 1 1
-3099.9 -6723.7 -8.0 263 0 8.1 11.1 5.0 2.5 2 1 2 5 5
-3102.1 -6739.5 -7.2 261 0 12.9 5.3 7.5 2.5 2 0 3 2 2
-3148.8 -6755.7 -6.1 265 0 24.5 7.3 7.5 2.5 2 0 3 1 1
-3120.4 -6749.9 -6.4 261 0 16.1 7.7 7.5 2.5 2 0 3 5 5
-3144.3 -6724.8 -9.8 266 0 4.7 13.6 2.5 2.5 2 1 1 3 3
-3158.2 -6737.4 -9.0 258 0 11.2 11.4 7.5 2.5 4 1 3 4 4
-3183.2 -6739.6 -9.7 238 0 5.4 8.3 7.5 2.5 2 1 3 5 5
-3176.7 -6736.2 -9.7 248 0 5.6 11.7 5.0 2.5 2 1 2 3 3
-3204.9 -6756.7 -9.2 251 0 6.9 11.0 7.5 2.5 4 1 3 4 4
-3189.4 -6750.2 -9.2 249 0 6.8 8.8 2.5 2.5 2 1 1 0 0
-3189.5 -6761.4 -7.6 255 0 8.5 10.1 7.5 2.5 4 1 3 0 0
-3175.5 -6760.3 -6.9 261 0 10.8 8.4 7.5 2.5 2 0 3 0 0
-3163.5 -6794.5 -2.6 167 0 12.3 7.4 7.5 2.5 2 0 3 5 5
-3127.2 -6809.8 -0.7 345 0 10.1 18.7 10.0 0.0 0 1 4 1 1
-3139.1 -6855.8 1.5 82 0 9.7 27.6 7.5 2.5 2 1 3 4 4
-3130.6 -6866.3 4.5 80 0 15.0 8.6 2.5 2.5 2 0 1 0 0
-3080.8 -6861.6 4.4 355 0 11.3 15.9 5.0 2.5 2 1 2 2 2
-2951.4 -6750.3 -1.8 0 0 6.1 15.9 7.5 2.5 2 1 3 4 4
-2976.3 -6742.9 -2.6 265 0 10.6 7.0 7.5 2.5 2 0 3 4 4
-2988.8 -6745.9 -2.5 265 0 7.9 11.1 7.5 2.5 2 1 3 1 1
-2996.1 -6729.7 -4.7 263 0 9.9 7.3 5.0 0.0 0 0 2 3 3
-3016.9 -6732.9 -4.8 264 0 12.4 6.0 5.0 2.5 2 0 2 1 1
-3033.5 -6732.1 -5.1 265 0 12.6 10.4 7.5 2.5 2 0 3 0 0
-3032.5 -6701.6 -8.7 267 0 10.0 5.4 5.0 2.5 2 0 2 2 2
-3029.6 -6707.4 -8.0 268 0 9.6 8.4 2.5 2.5 2 0 1 2 2
-3013.9 -6707.4 -7.7 267 0 6.5 14.5 5.0 2.5 2 1 2 0 0
-2971.3 -6688.2 -9.4 268 0 9.9 5.1 7.5 2.5 2 0 3 2 2
-2971.9 -6694.8 -8.6 267 0 10.2 6.4 2.5 2.5 2 0 1 1 1
-2975.4 -6704.8 -7.4 267 0 14.0 10.9 5.0 2.5 2 0 2 5 5
-2960.4 -6712.1 -6.2 268 0 8.9 19.4 7.5 2.5 2 1 3 1 1
-2948.6 -6711.3 -6.4 268 0 9.7 11.6 7.5 0.0 0 1 3 5 5
-2930.1 -6714.8 -7.2 0 0 18.2 7.9 7.5 2.5 2 0 3 0 0
-3014.4 -6810.2 2.5 91 0 17.5 11.8 5.0 2.5 2 0 2 2 2
-2935.1 -6813.2 5.0 6 0 26.2 11.3 12.5 2.5 2 0 5 4 4
-3781.3 -25.0 -5.8 262 0 13.5 10.2 5.0 2.5 4 0 2 3 3
-3560.8 5.6 -10.3 262 0 10.0 8.4 2.5 2.5 4 0 1 4 4
-3546.6 34.3 -8.1 349 0 9.1 8.4 2.5 2.5 2 0 1 5 5
-3593.5 57.7 -6.8 257 0 8.8 23.9 2.5 2.5 2 1 1 1 1
-3646.0 -39.6 -7.2 5 0 10.6 5.3 2.5 0.0 0 0 1 1 1
-3671.0 -12.5 -7.5 265 0 9.2 12.7 2.5 0.0 0 1 1 1 1
-3677.0 35.6 -7.5 266 0 9.5 9.7 5.0 0.0 0 1 2 1 1
-3671.4 5.2 -7.6 83 0 12.0 8.9 5.0 0.0 0 0 2 3 3
-3692.0 2.4 -7.4 80 0 10.8 9.7 5.0 2.5 2 0 2 0 0
-3712.0 5.8 -5.7 78 0 9.5 12.9 5.0 2.5 2 1 2 1 1
-3728.2 3.7 -4.8 79 0 10.4 11.2 5.0 2.5 2 1 2 5 5
-3703.7 57.3 -3.2 76 0 11.5 10.8 5.0 2.5 2 0 2 2 2
-3658.2 77.5 -6.3 343 0 12.4 35.6 5.0 0.0 0 1 2 3 3
-3639.6 72.8 -7.3 166 0 12.4 13.0 5.0 2.5 2 1 2 5 5
-3657.7 44.2 -7.5 264 0 6.4 9.1 5.0 0.0 0 1 2 5 5
-3628.6 49.5 -6.7 252 0 7.8 10.5 2.5 0.0 0 1 1 1 1
-3628.9 9.8 -8.1 86 0 9.3 16.1 2.5 2.5 2 1 1 2 2
-3610.5 15.2 -8.0 79 0 10.0 9.0 2.5 2.5 2 0 1 1 1
-3591.6 1.0 -9.6 262 0 6.8 12.5 2.5 2.5 2 1 1 5 5
-3624.5 -6.6 -8.4 266 0 9.8 11.7 2.5 2.5 2 1 1 0 0
-3615.8 -38.0 -7.1 179 0 12.8 8.1 2.5 0.0 0 0 1 3 3
-3583.1 -32.1 -7.0 354 0 10.4 10.7 2.5 2.5 4 1 1 0 0
-3558.7 -34.0 -7.4 159 0 8.3 5.4 2.5 2.5 2 0 1 3 3
-3562.2 -23.2 -8.6 163 0 9.1 6.9 2.5 2.5 2 0 1 1 1
-3542.6 -29.6 -8.4 60 0 6.8 7.4 2.5 2.5 2 1 1 1 1
-3530.3 -24.7 -9.6 52 0 8.3 12.7 2.5 2.5 4 1 1 3 3
-3515.9 -23.0 -10.1 50 0 9.0 13.8 2.5 2.5 2 1 1 2 2
