-4103.9 3106.5 2.6 317 0 7.0 7.6 2.5 2.5 2 1 1 3 3
-4110.4 3122.6 2.1 313 0 7.0 7.7 2.5 2.5 2 1 1 4 4
-4091.0 3136.2 2.5 136 0 10.0 8.3 5.0 2.5 2 0 2 0 0
-4120.7 3166.9 3.0 143 0 7.0 8.3 5.0 2.5 2 1 2 2 2
-4109.2 3151.4 2.6 134 0 8.6 8.1 5.0 2.5 2 0 2 2 2
-4141.5 3153.2 1.7 312 0 8.5 8.9 2.5 2.5 2 1 1 5 5
-4154.3 3165.9 2.1 309 0 8.1 6.5 2.5 0.0 0 0 1 3 3
-4131.8 3188.0 2.3 129 0 6.2 9.8 5.0 2.5 2 1 2 1 1
-4165.7 3178.2 2.5 313 0 10.6 8.3 2.5 2.5 2 0 1 4 4
-4164.4 3208.9 3.6 137 0 10.1 7.6 5.0 2.5 2 0 2 2 2
-4180.0 3191.1 3.4 312 0 8.5 7.4 2.5 2.5 2 0 1 5 5
-4193.7 3205.3 4.0 313 0 9.2 10.5 2.5 0.0 0 1 1 3 3
-4222.2 3231.7 6.1 314 0 9.3 9.6 2.5 2.5 2 1 1 1 1
-4208.5 3219.0 4.7 311 0 9.4 12.7 2.5 2.5 2 1 1 0 0
-4231.1 3178.2 1.3 134 0 8.6 10.4 2.5 2.5 2 1 1 1 1
-4187.6 3229.0 4.6 134 0 9.6 13.0 5.0 2.5 2 1 2 0 0
-4203.5 3248.6 5.8 135 0 11.3 10.0 5.0 2.5 2 0 2 3 3
-4219.3 3263.0 6.7 139 0 8.8 7.8 5.0 2.5 2 0 2 1 1
-4254.7 3261.6 8.0 309 0 8.7 8.5 2.5 2.5 4 0 1 5 5
-4269.2 3276.1 7.7 314 0 7.8 7.4 2.5 2.5 2 0 1 3 3
-4254.0 3302.6 5.8 138 0 23.1 12.3 5.0 2.5 2 0 2 0 0
-4269.9 3320.2 5.5 139 0 18.0 12.5 5.0 2.5 2 0 2 5 5
-4297.7 3302.2 7.1 314 0 13.7 8.4 2.5 2.5 2 0 1 2 2
-4315.4 3320.1 7.0 307 0 8.4 7.7 2.5 2.5 2 0 1 5 5
-4294.5 3337.2 6.0 136 0 8.1 6.0 5.0 2.5 2 0 2 2 2
-4301.1 3353.9 5.0 136 0 17.5 7.4 5.0 2.5 2 0 2 5 5
-4334.5 3363.8 4.9 135 0 10.5 23.2 5.0 2.5 2 1 2 0 0
-4355.9 3345.7 6.6 314 0 10.2 6.8 2.5 2.5 2 0 1 4 4
-4349.7 3374.9 5.8 135 0 8.0 13.8 5.0 2.5 2 1 2 4 4
-4416.0 3399.5 7.0 307 0 10.6 6.5 2.5 2.5 2 0 1 2 2
-4392.5 3384.7 6.8 308 0 10.4 8.9 2.5 2.5 4 0 1 2 2
-4380.5 3362.6 6.4 309 0 11.9 8.8 2.5 2.5 2 0 1 1 1
-4401.0 3418.5 6.3 122 0 7.7 5.5 5.0 2.5 2 0 2 5 5
-4442.5 3422.6 6.5 303 0 8.0 5.0 2.5 2.5 2 0 1 5 5
-4445.6 3448.5 4.1 125 0 7.1 16.6 5.0 0.0 0 1 2 5 5
-4415.2 3431.1 6.1 129 0 5.8 9.6 5.0 2.5 2 1 2 5 5
-4481.1 3448.9 4.1 305 0 6.9 8.1 2.5 2.5 2 1 1 1 1
-4465.2 3470.0 2.7 129 0 8.1 8.4 5.0 2.5 2 1 2 2 2
-4488.1 3487.3 1.2 122 0 10.1 13.9 5.0 2.5 2 1 2 4 4
-4535.3 3494.4 0.4 306 0 7.6 7.9 2.5 2.5 2 1 1 1 1
-4506.8 3509.5 1.2 122 0 8.5 6.5 5.0 0.0 0 0 2 0 0
-4598.7 3575.4 -2.4 37 0 6.6 6.1 2.5 2.5 2 0 1 1 1
-4574.0 3556.7 -1.8 121 0 8.6 9.8 5.0 2.5 2 1 2 1 1
-4587.4 3536.0 -1.7 299 0 5.1 8.1 2.5 2.5 2 1 1 1 1
-4560.8 3542.9 -1.4 127 0 18.9 11.7 5.0 2.5 2 0 2 3 3
-4532.0 3522.2 -0.2 127 0 9.3 8.9 5.0 2.5 2 0 2 0 0
-4564.9 3522.1 -1.1 302 0 7.6 6.6 2.5 2.5 2 0 1 2 2
-4582.6 3657.2 -4.6 31 0 8.8 8.6 2.5 2.5 2 0 1 4 4
-4636.6 3569.5 -4.3 304 0 7.0 8.3 2.5 2.5 2 1 1 4 4
-4617.5 3558.1 -3.4 304 0 9.9 11.1 2.5 2.5 2 1 1 2 2
-4612.5 3583.1 -3.0 114 0 10.5 9.3 2.5 2.5 2 0 1 3 3
-4696.2 3613.2 -5.7 310 0 9.5 8.4 2.5 2.5 4 0 1 4 4
-4679.8 3597.9 -5.5 307 0 8.9 6.7 2.5 2.5 2 0 1 1 1
-4663.3 3588.1 -5.2 309 0 8.6 9.2 2.5 2.5 2 1 1 4 4
-4693.9 3641.9 -4.6 122 0 8.8 17.4 2.5 2.5 2 1 1 0 0
-4670.2 3636.5 -4.5 304 0 6.8 6.1 2.5 2.5 4 0 1 0 0
-4426.0 4032.0 2.2 8 0 9.9 7.1 2.5 2.5 2 0 1 2 2
-4538.9 4780.3 -3.9 74 0 12.0 23.6 10.0 2.5 2 1 4 3 3
-4532.5 4894.3 -13.1 348 0 11.3 9.7 2.5 2.5 2 0 1 5 5
-4550.7 4897.6 -14.5 347 0 8.0 11.4 2.5 2.5 2 1 1 5 5
-4545.3 4937.2 -15.2 344 0 7.7 8.7 2.5 2.5 2 1 1 3 3
-4524.9 4913.6 -13.2 167 0 4.8 4.2 2.5 2.5 2 0 1 4 4
-4546.2 4949.1 -16.7 344 0 11.9 7.3 2.5 2.5 2 0 1 3 3
-4561.3 4933.4 -15.8 343 0 7.6 7.2 2.5 2.5 2 0 1 3 3
-4582.9 4930.7 -16.4 256 0 9.3 7.0 2.5 0.0 0 0 1 4 4
-4603.1 4923.3 -17.5 168 0 6.0 9.2 2.5 0.0 0 1 1 0 0
-4484.6 4910.0 -13.8 72 0 12.2 16.0 2.5 0.0 0 1 1 1 1
-4518.2 4950.9 -15.4 164 0 8.0 16.2 2.5 0.0 0 1 1 2 2
-4532.9 4949.5 -15.2 170 0 5.7 8.3 2.5 2.5 2 1 1 5 5
-4491.8 4961.3 -15.5 252 0 10.0 6.7 2.5 2.5 2 0 1 0 0
-4475.3 4962.0 -15.8 252 0 8.5 7.0 2.5 2.5 2 0 1 3 3
-4478.4 4970.8 -16.3 251 0 7.0 6.4 2.5 2.5 2 0 1 3 3
-4459.6 4974.5 -16.8 250 0 5.1 14.0 2.5 2.5 2 1 1 5 5
-4459.8 4923.1 -14.9 75 0 8.2 11.0 2.5 2.5 2 1 1 4 4
-4438.8 4929.5 -15.8 73 0 10.4 9.8 2.5 2.5 2 0 1 2 2
-4446.1 4978.2 -17.0 254 0 8.7 14.1 2.5 2.5 2 1 1 1 1
-4420.8 4937.5 -16.0 70 0 8.2 7.5 2.5 2.5 2 0 1 4 4
-4394.7 4949.6 -15.3 341 0 7.4 8.4 2.5 2.5 2 1 1 5 5
-227.7 4176.4 1.5 28 0 8.5 7.2 5.0 2.5 2 0 2 4 4
-213.7 4137.6 -1.6 211 0 8.4 7.1 5.0 2.5 2 0 2 1 1
-204.8 4152.9 -2.0 210 0 9.5 8.6 5.0 0.0 0 0 2 1 1
-194.4 4239.1 0.6 32 0 8.3 8.1 5.0 2.5 2 0 2 3 3
-157.0 4255.5 -0.0 189 0 7.1 8.3 2.5 2.5 2 1 1 4 4
-126.6 4251.4 -1.1 109 0 8.5 8.4 2.5 2.5 2 0 1 0 0
-153.6 4275.1 -1.7 192 0 8.7 9.7 2.5 2.5 2 1 1 0 0
-117.7 4270.2 -2.4 15 0 7.7 8.3 2.5 2.5 2 1 1 4 4
-146.8 4300.2 -3.8 195 0 7.7 11.0 2.5 2.5 2 1 1 1 1
-124.0 4398.7 -14.3 90 0 11.4 33.1 2.5 2.5 2 1 1 2 2
-128.6 4390.4 -11.7 267 0 14.4 6.9 2.5 2.5 2 0 1 1 1
-139.4 4388.6 -11.1 268 0 4.7 3.9 2.5 2.5 2 0 1 1 1
-131.2 4380.8 -11.0 267 0 8.1 11.1 2.5 2.5 2 1 1 2 2
-111.5 4391.1 -12.1 270 0 7.0 6.7 2.5 2.5 2 0 1 5 5
-98.3 4391.5 -12.5 269 0 9.5 6.0 2.5 0.0 0 0 1 1 1
-68.4 4377.6 -12.4 262 0 7.5 5.9 2.5 2.5 2 0 1 2 2
-83.5 4375.8 -11.7 261 0 5.5 5.2 2.5 0.0 0 0 1 4 4
-84.7 4392.0 -12.9 262 0 9.1 6.2 2.5 2.5 2 0 1 2 2
-54.8 4427.0 -16.0 88 0 10.7 10.7 2.5 2.5 2 1 1 0 0
-84.8 4397.3 -14.0 89 0 10.1 11.5 2.5 0.0 0 1 1 2 2
-97.3 4405.8 -13.6 91 0 5.1 4.4 2.5 2.5 2 0 1 1 1
-70.9 4428.6 -15.9 90 0 7.6 6.0 2.5 2.5 2 0 1 5 5
-70.6 4415.6 -15.3 88 0 7.5 7.9 2.5 2.5 2 1 1 4 4
-86.9 4427.2 -15.6 91 0 7.1 7.6 2.5 2.5 4 1 1 2 2
-97.7 4413.4 -14.6 90 0 12.2 9.9 2.5 2.5 2 0 1 1 1
-79.4 4413.3 -15.2 92 0 5.2 11.5 2.5 0.0 0 1 1 5 5
-72.8 4389.6 -13.5 174 0 6.1 10.6 2.5 2.5 2 1 1 2 2
-72.5 4399.7 -14.0 181 0 6.0 7.4 2.5 2.5 2 1 1 4 4
-54.6 4392.9 -13.9 269 0 11.3 6.2 2.5 2.5 2 0 1 4 4
-53.8 4407.2 -14.7 271 0 8.5 8.0 2.5 2.5 2 0 1 0 0
-53.1 4416.7 -15.5 89 0 11.6 6.9 2.5 2.5 2 0 1 4 4
-31.9 4421.6 -16.0 86 0 8.4 17.2 2.5 2.5 4 1 1 5 5
-19.8 4425.5 -15.7 356 0 6.1 6.0 2.5 2.5 2 0 1 1 1
-36.6 4407.4 -15.0 267 0 11.8 8.9 2.5 2.5 2 0 1 4 4
-35.9 4394.5 -14.5 265 0 13.3 6.1 2.5 2.5 2 0 1 4 4
-21.5 4406.9 -15.0 266 0 7.3 12.0 2.5 2.5 2 1 1 1 1
-10.0 4437.0 -15.7 266 0 6.4 11.2 2.5 2.5 2 1 1 1 1
-3.0 4408.5 -14.8 265 0 10.7 9.0 2.5 2.5 2 0 1 5 5
8.4 4392.0 -13.8 255 0 6.6 6.6 2.5 0.0 0 1 1 4 4
16.6 4412.8 -13.9 267 0 7.6 12.9 2.5 2.5 2 1 1 5 5
13.7 4432.8 -14.8 83 0 11.2 7.0 2.5 2.5 2 0 1 4 4
33.4 4433.2 -13.6 72 0 6.6 8.6 2.5 0.0 0 1 1 2 2
28.9 4398.4 -12.7 257 0 7.0 5.7 2.5 2.5 2 0 1 4 4
53.2 4405.7 -11.7 79 0 10.4 9.7 2.5 2.5 2 0 1 0 0
38.2 4426.2 -12.8 164 0 9.0 6.0 2.5 2.5 2 0 1 0 0
36.3 4405.8 -12.4 261 0 6.3 6.0 2.5 2.5 2 0 1 0 0
1.2 4482.4 -16.1 170 0 9.0 8.4 2.5 2.5 4 0 1 0 0
-17.2 4498.5 -16.9 168 0 8.8 8.5 2.5 2.5 2 0 1 5 5
-9.3 4449.4 -15.9 166 0 8.5 6.6 2.5 0.0 0 0 1 4 4
-13.4 4464.2 -16.4 171 0 8.3 8.2 2.5 2.5 2 0 1 2 2
16.9 4501.4 -16.2 344 0 6.0 9.0 2.5 2.5 2 1 1 5 5
-28.9 4526.0 -17.3 77 0 9.2 6.9 2.5 2.5 2 0 1 1 1
-42.5 4535.9 -17.3 253 0 6.1 5.9 2.5 2.5 2 0 1 4 4
-15.5 4521.6 -17.2 77 0 9.3 6.2 2.5 2.5 2 0 1 3 3
-42.1 4504.1 -16.7 43 0 3.7 4.5 2.5 2.5 2 1 1 4 4
-70.2 4522.7 -17.4 170 0 6.9 9.5 2.5 2.5 2 1 1 5 5
-34.8 4508.4 -17.0 79 0 7.7 6.5 2.5 2.5 2 0 1 0 0
-104.9 4432.5 -15.2 177 0 5.3 8.8 2.5 2.5 2 1 1 3 3
-150.7 4418.9 -13.1 360 0 23.6 11.7 2.5 2.5 2 0 1 5 5
-160.3 4401.4 -11.5 1 0 11.8 37.6 2.5 2.5 2 1 1 4 4
-163.7 4363.7 -9.4 15 0 6.7 6.8 2.5 2.5 2 1 1 2 2
-157.4 4381.4 -10.5 8 0 13.5 10.9 2.5 2.5 2 0 1 5 5
-201.5 4380.6 -9.0 91 0 7.8 9.2 2.5 2.5 2 1 1 2 2
-211.4 4415.9 -10.8 176 0 6.6 9.2 2.5 2.5 2 1 1 3 3
-192.2 4450.2 -13.0 272 0 10.7 9.4 2.5 2.5 2 0 1 1 1
-178.8 4465.3 -14.2 271 0 10.5 8.1 2.5 2.5 4 0 1 5 5
-152.5 4463.0 -15.0 271 0 9.0 6.7 2.5 2.5 2 0 1 3 3
-158.0 4444.5 -13.9 1 0 5.8 8.2 2.5 2.5 2 1 1 2 2
-150.8 4450.7 -14.3 4 0 3.1 5.4 2.5 2.5 2 1 1 3 3
-206.6 4449.5 -12.4 269 0 10.1 7.0 2.5 2.5 2 0 1 0 0
-235.9 4450.6 -9.3 272 0 8.4 9.8 2.5 2.5 2 1 1 5 5
-193.5 4464.6 -13.7 271 0 9.3 7.2 2.5 2.5 2 0 1 0 0
-206.6 4465.4 -13.2 271 0 9.2 6.6 2.5 2.5 2 0 1 1 1
-149.2 4479.5 -16.4 76 0 7.1 8.4 2.5 2.5 2 1 1 3 3
-179.9 4477.3 -16.2 79 0 8.3 7.3 2.5 2.5 2 0 1 3 3
-192.6 4475.9 -16.7 85 0 10.5 12.1 2.5 2.5 2 1 1 3 3
-207.1 4476.3 -15.3 91 0 6.8 6.1 2.5 0.0 0 0 1 3 3
-220.8 4473.4 -14.8 95 0 6.8 6.7 2.5 0.0 0 0 1 1 1
-218.0 4489.3 -17.0 263 0 5.7 7.4 2.5 2.5 2 1 1 2 2
4013.5 500.8 4.4 126 0 7.2 9.3 5.0 0.0 0 1 2 4 4
4054.2 467.7 -0.1 124 0 8.6 10.5 5.0 2.5 2 1 2 1 1
4074.2 452.6 1.1 123 0 8.5 10.5 5.0 2.5 2 1 2 2 2
4094.6 438.5 3.2 126 0 7.4 9.8 5.0 2.5 2 1 2 5 5
1137.7 554.7 5.0 351 0 19.2 18.1 7.5 0.0 0 0 3 2 2
1122.7 504.8 4.8 145 0 16.8 11.0 7.5 2.5 2 0 3 5 5
1161.0 396.0 9.5 73 0 11.4 8.1 5.0 0.0 0 0 2 2 2
885.4 548.4 4.7 289 0 9.1 8.0 5.0 2.5 2 0 2 3 3
807.9 567.8 3.8 286 0 7.8 11.3 5.0 2.5 2 1 2 1 1
644.4 526.2 8.4 317 0 9.8 13.7 7.5 2.5 2 1 3 2 2
541.7 681.4 8.0 111 0 11.4 9.0 5.0 2.5 2 0 2 4 4
430.2 596.6 7.4 234 0 9.1 8.2 5.0 2.5 2 0 2 4 4
411.6 633.6 8.5 51 0 8.4 7.7 5.0 2.5 2 0 2 0 0
430.5 649.0 9.3 68 0 8.9 8.3 5.0 2.5 2 0 2 2 2
455.4 666.6 9.3 341 0 7.9 9.1 5.0 2.5 2 1 2 1 1
390.9 539.7 6.9 149 0 6.8 7.1 5.0 2.5 2 1 2 3 3
389.2 616.6 7.9 57 0 8.6 8.1 5.0 2.5 2 0 2 0 0
318.4 578.8 7.3 144 0 7.9 8.2 5.0 2.5 2 1 2 2 2
347.2 591.7 7.4 53 0 8.4 8.2 5.0 2.5 2 0 2 3 3
323.4 656.7 13.9 320 0 7.0 5.9 5.0 2.5 2 0 2 1 1
198.8 627.9 2.2 137 0 11.3 11.6 2.5 2.5 2 1 1 1 1
164.2 629.1 0.1 313 0 8.3 8.9 5.0 2.5 2 1 2 0 0
171.3 656.9 0.7 133 0 8.0 10.8 2.5 2.5 2 1 1 0 0
119.5 659.5 -2.6 318 0 11.1 9.3 5.0 2.5 4 0 2 2 2
71.9 761.8 -3.0 137 0 7.8 9.0 2.5 2.5 2 1 1 3 3
86.8 697.0 -3.7 323 0 9.4 11.3 5.0 2.5 2 1 2 4 4
64.8 727.0 -3.8 319 0 10.1 11.1 5.0 2.5 2 1 2 3 3
31.6 761.2 -3.4 317 0 7.7 8.7 5.0 2.5 2 1 2 1 1
0.6 745.8 -3.7 234 0 9.9 10.1 5.0 2.5 2 1 2 1 1
50.2 778.0 -2.2 140 0 8.2 15.0 2.5 0.0 0 1 1 2 2
43.1 784.4 -1.9 142 0 6.2 6.7 2.5 2.5 2 1 1 4 4
42.2 794.7 -1.0 141 0 7.4 9.8 2.5 2.5 4 1 1 5 5
8.9 780.4 -2.5 56 0 8.9 8.7 2.5 2.5 4 0 1 2 2
19.9 834.8 -0.6 162 0 8.1 7.9 2.5 2.5 2 0 1 1 1
30.7 812.4 -0.9 161 0 6.9 8.0 2.5 2.5 2 1 1 1 1
-9.8 820.6 -1.2 335 0 12.7 10.1 2.5 0.0 0 0 1 3 3
-139.6 672.3 -6.7 66 0 7.7 10.2 2.5 2.5 2 1 1 4 4
-127.5 733.3 -5.3 253 0 8.5 10.2 2.5 2.5 2 1 1 3 3
-127.1 699.3 -6.0 74 0 12.0 18.9 2.5 2.5 2 1 1 3 3
-116.5 665.1 -4.8 238 0 9.1 11.3 5.0 2.5 2 1 2 2 2
-99.6 678.9 -4.3 240 0 5.0 11.8 5.0 2.5 2 1 2 3 3
-95.9 703.2 -4.8 57 0 9.7 13.3 2.5 0.0 0 1 1 0 0
-73.1 693.8 -3.8 236 0 8.7 8.7 5.0 2.5 2 1 2 0 0
-75.2 720.3 -3.8 55 0 8.7 7.6 2.5 2.5 2 0 1 3 3
-54.2 735.5 -3.1 56 0 11.2 8.7 2.5 2.5 2 0 1 4 4
-40.3 745.7 -3.2 56 0 8.1 8.3 2.5 2.5 2 1 1 3 3
-40.2 717.3 -3.4 236 0 9.0 7.5 5.0 2.5 2 0 2 1 1
-26.7 726.5 -3.6 237 0 8.2 7.7 5.0 2.5 4 0 2 1 1
-13.4 736.1 -3.7 234 0 8.8 8.4 5.0 0.0 0 0 2 4 4
-252.9 3905.9 -4.7 171 0 9.1 8.2 5.0 0.0 0 0 2 2 2
-249.6 3885.0 -3.6 170 0 9.0 10.0 5.0 2.5 2 1 2 0 0
-245.4 3865.1 -2.4 171 0 7.4 7.1 5.0 2.5 2 0 2 0 0
-236.5 3818.5 0.3 169 0 7.4 7.8 5.0 2.5 2 1 2 2 2
-240.8 3845.6 -1.2 170 0 6.7 5.7 5.0 2.5 2 0 2 3 3
-234.1 3848.1 -1.2 175 0 6.8 6.5 5.0 2.5 2 0 2 4 4
-259.2 3751.3 -0.0 357 0 7.8 8.2 2.5 2.5 2 1 1 5 5
-322.9 3765.3 -1.7 180 0 8.0 7.4 2.5 2.5 2 0 1 5 5
-268.1 3802.1 -1.1 356 0 5.9 7.2 2.5 2.5 2 1 1 3 3
-270.5 3824.0 -1.5 347 0 5.8 8.8 2.5 2.5 2 1 1 2 2
-302.5 3830.8 -1.9 272 0 7.5 8.0 2.5 2.5 2 1 1 4 4
-323.7 3830.4 -2.0 270 0 8.1 8.0 2.5 2.5 2 0 1 0 0
-344.1 3829.5 -2.1 270 0 7.6 6.8 2.5 2.5 2 0 1 0 0
-322.2 3864.4 -2.9 95 0 9.5 9.3 2.5 2.5 2 0 1 3 3
-337.8 3864.1 -2.6 96 0 10.0 9.6 2.5 2.5 2 0 1 1 1
-366.9 3831.2 -2.1 269 0 7.4 8.3 2.5 2.5 2 1 1 2 2
-353.0 3864.6 -2.3 93 0 10.0 8.6 2.5 2.5 2 0 1 5 5
-301.0 3869.8 -3.5 86 0 10.0 11.9 2.5 2.5 2 1 1 2 2
-297.4 3894.2 -3.8 354 0 17.4 12.3 2.5 2.5 2 0 1 3 3
-299.5 3927.3 -3.6 354 0 14.2 11.6 2.5 2.5 2 0 1 2 2
-332.7 3972.9 -2.2 173 0 7.8 6.8 2.5 2.5 2 0 1 0 0
-379.1 3856.2 -2.3 92 0 7.1 9.7 2.5 2.5 2 1 1 3 3
-386.5 3830.1 -1.8 271 0 8.5 9.0 2.5 2.5 2 1 1 0 0
-409.3 3830.9 -0.9 262 0 7.4 11.8 2.5 2.5 2 1 1 4 4
-427.8 3825.9 -0.7 260 0 7.7 7.8 2.5 2.5 2 1 1 4 4
-448.1 3823.3 -0.7 264 0 7.7 7.0 2.5 2.5 2 0 1 1 1
1217.1 211.3 13.2 162 0 8.4 8.5 2.5 2.5 2 1 1 2 2
1194.3 145.4 8.8 252 0 9.8 10.6 5.0 2.5 2 1 2 4 4
1245.4 116.0 13.1 73 0 5.7 9.0 5.0 2.5 2 1 2 2 2
1235.4 143.4 13.7 165 0 7.6 8.6 5.0 2.5 4 1 2 0 0
1216.9 49.6 5.3 354 0 11.8 10.7 5.0 2.5 2 0 2 3 3
1235.3 -43.0 5.6 346 0 10.6 8.8 5.0 2.5 2 0 2 4 4
1231.0 -17.3 5.8 348 0 6.1 6.9 5.0 2.5 2 1 2 3 3
1252.2 -8.6 10.5 166 0 10.9 12.3 5.0 2.5 2 1 2 4 4
1239.7 -72.0 5.8 71 0 7.3 9.4 5.0 2.5 2 1 2 2 2
1253.1 -21.7 10.4 156 0 3.9 5.0 5.0 2.5 2 1 2 4 4
1529.3 -1193.1 14.0 172 0 10.3 8.2 5.0 2.5 4 0 2 5 5
1516.6 -1278.7 8.5 359 0 10.2 9.7 5.0 2.5 2 0 2 4 4
1511.9 -1259.2 9.4 352 0 6.6 10.2 5.0 2.5 2 1 2 0 0
1542.2 -1541.4 11.7 352 0 8.0 7.8 5.0 2.5 2 0 2 1 1
1540.7 -1516.0 12.4 352 0 6.5 9.3 5.0 2.5 2 1 2 0 0
1538.1 -1491.0 13.2 353 0 8.0 8.2 5.0 2.5 2 1 2 3 3
1563.3 -1509.3 13.7 172 0 11.0 14.9 2.5 2.5 2 1 1 2 2
1558.8 -1444.8 15.4 182 0 9.2 11.1 2.5 2.5 2 1 1 2 2
1551.2 -1587.9 10.3 355 0 10.4 10.8 5.0 2.5 2 1 2 4 4
1546.2 -1566.9 10.9 354 0 9.1 8.7 5.0 2.5 2 0 2 2 2
1575.2 -1602.3 11.0 180 0 9.5 8.3 2.5 2.5 4 0 1 1 1
1574.5 -1570.0 12.1 171 0 6.0 5.7 2.5 2.5 2 0 1 1 1
1503.0 -1669.2 7.3 187 0 10.1 14.1 5.0 2.5 2 1 2 4 4
1576.5 -1646.7 9.6 187 0 6.6 8.4 2.5 2.5 4 1 1 4 4
1549.0 -1666.0 8.1 357 0 11.5 9.6 5.0 2.5 2 0 2 3 3
1525.6 -1724.8 6.6 31 0 8.3 7.6 5.0 2.5 2 0 2 4 4
1545.9 -1689.5 7.8 21 0 12.1 7.7 5.0 2.5 2 0 2 0 0
1573.8 -1670.6 9.3 185 0 11.0 11.1 2.5 2.5 2 1 1 0 0
1570.3 -1702.9 8.5 210 0 8.1 8.5 2.5 2.5 2 1 1 0 0
1549.4 -1744.0 7.3 211 0 7.2 6.7 2.5 2.5 2 0 1 1 1
1504.3 -1823.4 4.2 217 0 11.8 24.9 2.5 0.0 0 1 1 5 5
1536.1 -1765.0 5.9 207 0 8.3 7.2 2.5 2.5 2 0 1 2 2
1535.9 -1829.7 7.3 34 0 7.4 7.4 2.5 0.0 0 1 1 3 3
1547.5 -1827.9 9.2 301 0 5.7 7.9 2.5 2.5 2 1 1 4 4
1439.2 -1859.5 0.3 31 0 7.7 7.4 5.0 2.5 2 0 2 3 3
1485.2 -1855.4 3.9 218 0 7.9 8.1 2.5 2.5 2 1 1 1 1
1461.9 -1827.6 1.5 34 0 10.6 7.9 5.0 2.5 2 0 2 4 4
1483.4 -1796.3 2.7 30 0 7.6 8.3 5.0 2.5 2 1 2 4 4
1411.7 -1889.0 -0.8 130 0 5.3 6.1 5.0 2.5 2 1 2 1 1
1452.4 -1906.2 3.3 213 0 16.7 6.7 2.5 2.5 2 0 1 2 2
1283.4 -2468.1 -0.9 132 0 11.0 39.2 2.5 2.5 2 1 1 4 4
1323.1 -2433.5 -0.5 43 0 17.1 12.6 2.5 2.5 2 0 1 2 2
1240.7 -2470.9 -2.4 135 0 7.7 10.7 2.5 0.0 0 1 1 1 1
1223.9 -2411.7 -0.9 56 0 4.3 8.0 5.0 2.5 2 1 2 3 3
1301.2 -2396.3 -1.2 309 0 11.9 11.3 2.5 2.5 4 0 1 4 4
1277.1 -2419.8 -1.6 221 0 38.6 10.3 2.5 2.5 2 0 1 5 5
1148.9 -2448.6 -0.8 59 0 12.3 15.1 5.0 2.5 2 1 2 2 2
1064.5 -2503.2 5.3 57 0 13.3 7.8 2.5 2.5 2 0 1 4 4
1064.2 -2565.5 5.2 62 0 8.3 7.9 5.0 2.5 2 0 2 2 2
990.8 -2611.3 4.6 62 0 8.3 5.3 5.0 2.5 2 0 2 4 4
1005.4 -2599.3 6.7 61 0 7.6 7.0 5.0 0.0 0 0 2 4 4
949.6 -2584.5 -1.6 52 0 5.7 11.1 5.0 2.5 4 1 2 4 4
844.7 -2668.1 -1.7 242 0 8.4 9.1 2.5 2.5 2 1 1 3 3
875.8 -2649.8 -2.0 236 0 11.3 7.6 2.5 2.5 2 0 1 5 5
771.6 -2703.9 -2.6 277 0 31.8 11.8 2.5 2.5 2 0 1 4 4
747.3 -2729.8 -3.6 99 0 9.3 9.0 2.5 2.5 2 0 1 2 2
796.7 -2738.2 1.2 99 0 6.5 11.4 2.5 2.5 2 1 1 3 3
800.8 -2706.1 -0.8 275 0 16.2 10.0 2.5 2.5 2 0 1 0 0
813.3 -2697.8 -0.8 275 0 9.9 9.8 2.5 2.5 2 0 1 2 2
781.0 -2668.3 -4.5 80 0 8.0 8.0 5.0 2.5 2 1 2 2 2
810.6 -2741.3 1.8 98 0 7.7 13.1 2.5 0.0 0 1 1 5 5
831.7 -2713.6 1.1 354 0 6.1 7.5 2.5 2.5 2 1 1 0 0
827.0 -2696.5 -0.2 264 0 9.8 7.8 2.5 2.5 2 0 1 3 3
676.1 -2716.6 -3.8 252 0 8.7 9.5 2.5 2.5 2 1 1 4 4
697.1 -2710.7 -4.1 254 0 11.3 13.0 2.5 0.0 0 1 1 2 2
737.8 -2667.8 -3.9 72 0 8.8 15.1 5.0 2.5 2 1 2 5 5
720.0 -2675.1 -4.4 73 0 9.7 7.8 5.0 2.5 2 0 2 5 5
669.2 -2782.1 -3.5 152 0 11.5 8.9 2.5 2.5 4 0 1 5 5
637.6 -2728.7 -3.4 169 0 10.0 8.0 2.5 2.5 2 0 1 0 0
655.8 -2721.7 -3.6 259 0 8.4 11.8 2.5 2.5 2 1 1 4 4
638.7 -2705.9 -3.5 71 0 6.4 8.9 5.0 2.5 2 1 2 3 3
628.4 -2671.0 -3.6 157 0 9.6 8.6 5.0 2.5 2 0 2 2 2
628.4 -2865.5 -3.1 152 0 10.5 9.6 7.5 2.5 4 0 3 5 5
618.9 -2730.7 -3.4 257 0 7.0 6.4 5.0 2.5 2 0 2 4 4
574.7 -2749.2 -4.1 247 0 8.4 8.9 5.0 2.5 4 1 2 4 4
528.2 -2758.6 -4.8 256 0 5.4 9.0 5.0 2.5 4 1 2 1 1
492.7 -2740.8 -5.4 74 0 9.3 12.0 2.5 2.5 2 1 1 5 5
605.3 -2709.8 -3.5 70 0 8.6 10.0 2.5 2.5 4 1 1 0 0
607.5 -2680.0 -3.3 340 0 7.3 7.7 2.5 2.5 2 1 1 4 4
597.5 -2651.9 -3.4 342 0 7.3 5.7 2.5 2.5 2 0 1 3 3
583.8 -2608.5 -3.4 338 0 6.1 4.0 2.5 2.5 4 0 1 1 1
590.5 -2628.0 -3.5 338 0 6.6 7.3 2.5 2.5 2 1 1 4 4
126.2 -3026.7 -3.3 53 0 8.8 11.1 5.0 2.5 4 1 2 5 5
-6335.3 -429.8 -0.7 339 0 9.5 9.1 5.0 2.5 2 0 2 5 5
-6315.2 -413.2 0.7 146 0 8.1 14.2 5.0 2.5 2 1 2 4 4
-6305.9 -423.0 0.4 170 0 9.4 10.3 5.0 2.5 2 1 2 3 3
-6280.9 -431.8 0.6 138 0 6.3 5.4 5.0 0.0 0 0 2 1 1
-6300.3 -461.2 -1.2 158 0 8.2 14.6 5.0 2.5 2 1 2 5 5
-6259.4 -437.2 0.2 345 0 13.9 13.0 5.0 2.5 2 0 2 1 1
-6246.5 -455.8 -1.0 336 0 19.7 20.8 5.0 2.5 4 1 2 0 0
-6274.9 -521.7 -2.8 180 0 5.9 7.1 5.0 0.0 0 1 2 4 4
-6265.5 -565.2 -1.7 162 0 12.9 13.8 5.0 2.5 2 1 2 5 5
-6225.9 -583.5 -1.3 180 0 13.4 15.3 5.0 2.5 2 1 2 0 0
-6146.4 -537.4 -1.1 79 0 16.7 17.1 5.0 2.5 2 1 2 1 1
-6112.4 -485.7 -2.2 240 0 14.5 8.2 5.0 2.5 2 0 2 0 0
-6307.8 -508.6 -3.6 323 0 8.0 13.5 5.0 2.5 2 1 2 3 3
-6340.2 -645.5 -4.3 306 0 10.2 13.7 5.0 0.0 0 1 2 2 2
-6394.6 -593.2 -5.3 205 0 7.3 16.6 5.0 2.5 2 1 2 3 3
-6311.5 -580.8 -4.3 338 0 15.5 18.0 5.0 2.5 2 1 2 1 1
-6258.2 -655.3 -2.3 330 0 15.1 13.0 5.0 2.5 2 0 2 3 3
-6417.5 -617.4 -4.8 180 0 9.7 10.2 5.0 2.5 2 1 2 5 5
-6448.1 -667.2 -3.8 148 0 12.6 11.2 5.0 2.5 2 0 2 1 1
-6440.0 -718.0 -2.8 159 0 15.5 37.8 5.0 2.5 2 1 2 3 3
-6422.1 -695.1 -3.0 157 0 3.9 5.9 5.0 2.5 2 1 2 4 4
-6414.4 -753.9 -1.4 154 0 6.2 10.5 5.0 2.5 4 1 2 4 4
-6419.9 -744.6 -1.9 153 0 11.3 13.6 5.0 2.5 2 1 2 3 3
-6391.7 -725.8 -2.8 160 0 13.3 19.0 5.0 2.5 2 1 2 5 5
-6338.7 -789.5 -2.2 73 0 8.9 6.3 5.0 2.5 2 0 2 5 5
-6331.4 -748.6 -3.0 61 0 11.9 9.8 5.0 2.5 2 0 2 0 0
-6164.5 -654.2 -3.5 338 0 8.0 10.0 5.0 2.5 2 1 2 5 5
-6159.0 -637.5 -3.2 339 0 11.8 10.7 5.0 2.5 2 0 2 1 1
-6239.8 -621.4 -1.8 172 0 13.0 9.3 5.0 2.5 2 0 2 4 4
-6230.3 -655.0 -2.8 170 0 14.5 13.4 5.0 2.5 4 0 2 1 1
-6218.1 -686.7 -3.5 175 0 7.4 8.2 5.0 2.5 2 1 2 4 4
-6207.0 -723.0 -3.9 175 0 12.8 6.8 5.0 2.5 2 0 2 2 2
-6197.0 -747.4 -3.7 163 0 10.6 11.6 5.0 2.5 2 1 2 5 5
-6199.4 -801.6 -3.8 174 0 11.9 12.9 5.0 2.5 2 1 2 3 3
-6171.9 -812.1 -4.0 167 0 11.0 5.8 5.0 2.5 2 0 2 4 4
-6146.3 -732.7 -4.2 338 0 15.2 10.2 5.0 2.5 2 0 2 3 3
-6134.6 -809.7 -4.3 0 0 10.7 13.0 5.0 2.5 4 1 2 2 2
-6129.4 -829.6 -4.4 355 0 11.1 17.0 5.0 2.5 2 1 2 1 1
-6108.4 -848.9 -4.5 74 0 10.1 10.6 5.0 2.5 2 1 2 3 3
-6194.6 -861.7 -3.8 174 0 15.2 11.0 5.0 2.5 2 0 2 4 4
-6227.9 -781.8 -3.3 344 0 9.6 10.2 5.0 0.0 0 1 2 2 2
-6245.7 -808.3 -3.1 341 0 9.5 8.7 5.0 2.5 4 0 2 4 4
-6241.3 -827.2 -3.2 355 0 11.4 9.9 5.0 0.0 0 0 2 2 2
-6220.2 -848.2 -3.4 5 0 8.9 9.3 5.0 0.0 0 1 2 5 5
-6224.1 -857.2 -3.4 336 0 5.6 6.6 5.0 2.5 4 1 2 5 5
-6230.3 -869.5 -3.3 349 0 8.7 7.8 5.0 2.5 2 0 2 5 5
-6265.5 -898.6 -2.0 182 0 18.7 7.2 5.0 2.5 2 0 2 5 5
-6216.9 -869.4 -3.5 335 0 5.7 11.2 5.0 2.5 2 1 2 5 5
-6232.9 -897.0 -2.9 354 0 10.4 5.4 5.0 0.0 0 0 2 2 2
-6226.4 -897.3 -3.0 347 0 6.7 5.2 5.0 2.5 2 0 2 4 4
-6214.8 -949.5 0.7 357 0 14.8 16.0 5.0 2.5 2 1 2 3 3
-6206.6 -963.7 1.1 358 0 11.9 8.9 5.0 2.5 2 0 2 1 1
-6260.7 -927.1 0.6 148 0 7.1 11.8 5.0 2.5 2 1 2 1 1
-6187.4 -945.4 -3.8 169 0 24.1 15.5 5.0 2.5 2 0 2 2 2
-6174.3 -902.4 -4.1 185 0 16.6 13.1 5.0 0.0 0 0 2 4 4
1268.8 -2342.8 -0.4 20 0 5.7 8.3 5.0 2.5 2 1 2 2 2
1197.1 -2450.3 -2.1 236 0 5.6 4.2 2.5 2.5 4 0 1 1 1
1248.8 -2443.2 -1.9 230 0 4.8 6.4 2.5 2.5 2 1 1 2 2
1318.8 -2401.4 -1.3 320 0 7.6 5.2 2.5 0.0 0 0 1 2 2
