-1390.0 4143.2 -102.6 214 0 11.7 20.2 2.5 2.5 2 1 1 5 5
-969.0 4228.7 -111.9 349 0 12.4 6.9 2.5 2.5 2 0 1 4 4
-961.4 4200.0 -108.4 343 0 7.1 5.0 2.5 2.5 2 0 1 2 2
-976.9 4197.5 -109.1 341 0 7.2 6.5 2.5 0.0 0 0 1 2 2
-979.3 4224.3 -111.7 345 0 7.0 4.2 2.5 2.5 2 0 1 1 1
-983.9 4220.4 -111.7 348 0 8.1 9.9 2.5 2.5 2 1 1 0 0
-1033.8 4173.7 -109.0 170 0 6.2 6.7 2.5 2.5 2 1 1 2 2
-991.0 4193.1 -109.6 347 0 6.6 10.8 2.5 2.5 2 1 1 3 3
-970.5 4143.1 -103.7 85 0 20.5 10.6 2.5 2.5 2 0 1 1 1
-1036.4 4202.0 -112.3 70 0 7.5 9.5 2.5 2.5 2 1 1 3 3
-1040.4 4217.4 -112.9 252 0 5.7 5.2 2.5 0.0 0 0 1 4 4
-1049.5 4231.7 -114.4 259 0 11.3 6.3 2.5 2.5 2 0 1 4 4
-1116.7 4205.1 -113.1 252 0 3.1 5.9 2.5 2.5 2 1 1 5 5
-1080.1 4191.6 -111.9 74 0 7.2 6.5 2.5 2.5 2 0 1 3 3
-1081.5 4181.9 -111.0 80 0 6.5 6.5 2.5 2.5 2 0 1 2 2
-1072.7 4162.7 -108.4 262 0 7.6 13.0 2.5 2.5 2 1 1 0 0
-1097.4 4176.8 -111.2 91 0 7.1 9.8 2.5 2.5 2 1 1 3 3
-1117.8 4177.3 -111.2 90 0 10.7 7.3 2.5 2.5 2 0 1 2 2
-1128.3 4174.5 -111.3 91 0 8.9 10.1 2.5 2.5 2 1 1 1 1
-1142.8 4174.9 -111.2 91 0 5.8 7.0 2.5 2.5 2 1 1 3 3
-1166.2 4172.6 -111.7 91 0 7.2 9.2 2.5 2.5 2 1 1 1 1
-1189.0 4172.3 -112.2 90 0 15.8 8.5 2.5 2.5 2 0 1 2 2
-1223.1 4171.2 -112.5 91 0 15.0 8.6 2.5 2.5 2 0 1 2 2
-1289.7 4150.1 -108.2 271 0 7.2 8.2 2.5 2.5 2 1 1 2 2
-1279.1 4171.1 -112.2 90 0 5.3 9.9 2.5 2.5 2 1 1 2 2
-1339.0 4171.8 -111.2 91 0 11.0 7.3 2.5 2.5 2 0 1 4 4
-1306.9 4158.9 -109.2 271 0 12.3 12.9 2.5 2.5 2 1 1 5 5
-1318.4 4161.4 -109.3 270 0 9.2 8.7 2.5 2.5 2 0 1 2 2
-1335.4 4159.3 -108.7 270 0 6.5 14.0 2.5 2.5 2 1 1 4 4
-1332.7 4138.0 -105.9 270 0 3.8 4.1 2.5 2.5 2 1 1 0 0
-1311.4 4132.0 -105.6 270 0 4.3 4.1 2.5 2.5 2 0 1 4 4
-1328.0 4106.4 -103.0 91 0 7.0 8.3 2.5 2.5 2 1 1 1 1
-1321.0 4132.5 -105.5 271 0 7.5 11.3 2.5 2.5 2 1 1 0 0
-1298.7 4135.8 -106.3 271 0 8.3 13.2 2.5 2.5 2 1 1 1 1
-1282.4 4157.9 -109.2 270 0 6.4 10.0 2.5 2.5 2 1 1 5 5
-1275.2 4113.3 -106.1 95 0 9.2 19.5 2.5 2.5 2 1 1 3 3
-1253.0 4156.0 -109.3 271 0 7.3 11.3 2.5 2.5 2 1 1 3 3
-1242.2 4155.9 -109.4 271 0 7.9 12.7 2.5 2.5 2 1 1 4 4
-1231.0 4154.5 -109.3 272 0 7.4 7.8 2.5 2.5 2 1 1 1 1
-1219.6 4156.8 -109.7 272 0 7.6 9.9 2.5 2.5 2 1 1 5 5
-1214.1 4118.8 -106.2 92 0 12.5 10.0 2.5 2.5 2 0 1 3 3
-1196.4 4156.1 -109.8 269 0 17.3 9.8 2.5 2.5 2 0 1 5 5
-1175.2 4127.4 -106.6 268 0 14.8 7.9 2.5 2.5 2 0 1 5 5
-1165.1 4154.5 -109.2 267 0 7.6 9.4 2.5 2.5 2 1 1 3 3
-1134.6 4156.4 -108.7 269 0 6.7 10.7 2.5 2.5 2 1 1 3 3
-1126.4 4101.4 -104.4 79 0 9.8 9.6 2.5 2.5 2 0 1 0 0
-1109.8 4106.5 -104.6 76 0 8.4 8.6 2.5 2.5 2 1 1 0 0
-1071.3 4114.3 -104.7 76 0 59.4 10.6 2.5 2.5 2 0 1 2 2
-1036.6 4125.9 -104.5 75 0 10.7 7.7 2.5 2.5 4 0 1 1 1
-1024.5 4134.6 -105.1 68 0 11.3 9.2 2.5 2.5 2 0 1 3 3
-2778.1 3870.7 -98.3 122 0 7.6 5.4 5.0 2.5 2 0 2 5 5
-2765.7 3920.8 -109.9 297 0 9.6 26.5 5.0 2.5 2 1 2 1 1
2884.6 -6061.8 109.4 99 0 15.2 9.7 2.5 2.5 4 0 1 2 2
2893.3 -6145.7 100.3 51 0 15.4 9.5 5.0 2.5 4 0 2 5 5
-1386.0 -5709.9 23.7 121 0 3.7 3.7 2.5 2.5 2 0 1 4 4
-1357.8 -5727.1 24.7 328 0 3.4 3.3 2.5 2.5 2 0 1 2 2
-1347.7 -5748.4 25.3 55 0 4.9 3.0 2.5 2.5 4 0 1 3 3
-1325.3 -5782.4 27.4 238 0 3.7 3.9 2.5 2.5 2 1 1 4 4
-1927.0 -5892.2 12.7 46 0 4.2 6.9 5.0 2.5 4 1 2 4 4
-2026.8 -6020.3 17.6 31 0 8.9 9.4 2.5 2.5 2 1 1 2 2
-2049.5 -6132.8 18.2 38 0 4.2 6.0 5.0 2.5 2 1 2 3 3
-2052.1 -6138.7 18.0 40 0 6.5 7.6 5.0 2.5 2 1 2 5 5
-1295.0 -5570.2 14.8 91 0 7.7 5.3 2.5 2.5 2 0 1 4 4
-1318.8 -5566.0 15.3 98 0 11.0 6.0 2.5 0.0 0 0 1 2 2
-1254.7 -5758.4 29.0 149 0 12.0 8.2 5.0 2.5 2 0 2 2 2
-1347.5 -5807.2 27.7 139 0 6.6 11.7 2.5 0.0 0 1 1 5 5
-1354.2 -5795.5 27.0 145 0 7.6 14.3 2.5 2.5 2 1 1 3 3
-1359.4 -5774.6 25.7 55 0 15.6 7.6 2.5 2.5 2 0 1 2 2
-1371.0 -5764.3 25.4 139 0 6.2 12.2 2.5 2.5 2 1 1 2 2
-1377.3 -5753.6 24.8 145 0 7.4 13.1 2.5 2.5 2 1 1 2 2
-1383.3 -5743.3 24.2 148 0 7.4 10.7 2.5 2.5 2 1 1 1 1
-1389.7 -5733.9 23.6 143 0 6.6 9.9 2.5 2.5 2 1 1 0 0
-1406.1 -5742.3 22.0 326 0 7.4 11.9 2.5 2.5 2 1 1 5 5
-1400.2 -5752.8 22.5 324 0 6.4 11.4 2.5 2.5 2 1 1 1 1
-1394.4 -5763.8 23.1 324 0 7.1 12.8 2.5 2.5 2 1 1 2 2
-1388.0 -5774.4 24.0 320 0 6.3 7.8 2.5 2.5 2 1 1 0 0
-1382.1 -5789.3 24.5 53 0 7.1 6.5 2.5 2.5 2 0 1 5 5
-1391.3 -5795.6 23.7 56 0 11.6 7.1 2.5 2.5 2 0 1 4 4
-1375.5 -5825.8 25.8 321 0 5.6 5.5 5.0 0.0 0 0 2 5 5
-1383.6 -5819.2 25.1 224 0 5.8 4.7 5.0 2.5 4 0 2 1 1
-1370.7 -5805.1 25.3 324 0 6.8 10.8 5.0 2.5 2 1 2 1 1
-1364.1 -5814.7 26.0 323 0 7.1 11.0 5.0 2.5 2 1 2 1 1
-1358.0 -5825.8 26.8 325 0 7.4 13.3 5.0 2.5 2 1 2 5 5
-1414.4 -5861.0 25.2 163 0 12.5 8.7 5.0 2.5 2 0 2 3 3
-1432.3 -5808.3 19.4 52 0 11.2 8.3 2.5 2.5 2 0 1 2 2
-1680.1 -5754.7 18.4 224 0 9.6 4.8 2.5 2.5 2 0 1 5 5
-1685.3 -5747.3 19.2 226 0 12.4 8.2 2.5 2.5 2 0 1 4 4
-1742.9 -5817.7 13.3 317 0 10.0 7.9 5.0 2.5 2 0 2 4 4
-1728.1 -5846.1 11.1 317 0 8.3 10.0 5.0 2.5 2 1 2 4 4
-1730.9 -5863.8 10.8 45 0 7.5 8.0 5.0 2.5 2 1 2 2 2
-1741.6 -5868.7 10.6 50 0 8.9 10.6 5.0 2.5 2 1 2 0 0
-1756.1 -5878.2 10.3 48 0 7.4 11.6 5.0 2.5 2 1 2 1 1
-1828.5 -5854.4 13.0 228 0 5.3 7.5 5.0 2.5 2 1 2 2 2
-1706.8 -5872.9 10.6 230 0 8.3 12.7 2.5 2.5 2 1 1 1 1
-1727.8 -5898.5 9.6 225 0 5.2 5.5 2.5 0.0 0 1 1 2 2
-1711.4 -5893.0 10.0 231 0 5.1 6.9 2.5 2.5 4 1 1 1 1
-1725.3 -5884.9 9.9 229 0 7.2 11.7 2.5 2.5 2 1 1 2 2
-1743.0 -5895.6 9.4 232 0 7.7 10.4 2.5 2.5 2 1 1 0 0
-1757.6 -5907.3 8.7 232 0 10.5 15.2 2.5 2.5 2 1 1 5 5
-1769.3 -5886.1 10.4 52 0 7.4 11.4 5.0 2.5 2 1 2 4 4
-1778.5 -5916.4 9.0 240 0 12.3 8.5 2.5 0.0 0 0 1 1 1
-1795.6 -5927.0 8.9 238 0 9.8 7.4 2.5 2.5 2 0 1 2 2
-1827.4 -5947.7 9.1 236 0 11.8 6.7 2.5 2.5 2 0 1 0 0
-1767.8 -5726.9 25.2 132 0 22.9 12.5 12.5 2.5 2 0 5 0 0
-1853.4 -5726.3 20.9 42 0 8.0 7.0 5.0 2.5 2 0 2 4 4
-1843.2 -5734.4 20.8 39 0 10.1 11.6 5.0 2.5 2 1 2 2 2
-1850.8 -5784.2 17.6 125 0 14.5 10.2 5.0 2.5 2 0 2 5 5
-1889.0 -5778.6 15.1 222 0 28.3 10.4 5.0 2.5 4 0 2 1 1
-1910.1 -5800.8 13.2 222 0 25.6 11.3 5.0 2.5 2 0 2 5 5
-1934.7 -5832.9 13.5 223 0 13.8 9.0 5.0 2.5 2 0 2 3 3
-1954.9 -5905.0 13.6 43 0 8.9 11.0 5.0 2.5 2 1 2 0 0
-1833.8 -5927.5 9.6 51 0 7.1 12.3 5.0 2.5 2 1 2 0 0
-1843.5 -5936.9 9.6 45 0 9.4 17.0 5.0 0.0 0 1 2 4 4
-1843.9 -6012.2 9.2 90 0 6.7 11.1 2.5 0.0 0 1 1 2 2
-1848.7 -5966.9 9.2 246 0 11.2 20.6 2.5 2.5 2 1 1 3 3
-1877.3 -5979.9 10.0 234 0 7.6 12.9 2.5 2.5 2 1 1 3 3
-1894.0 -5990.5 10.3 234 0 8.2 12.3 2.5 2.5 2 1 1 3 3
-1904.4 -5998.7 10.5 233 0 7.6 12.4 2.5 0.0 0 1 1 2 2
-1880.7 -5957.5 10.4 51 0 7.4 10.2 5.0 0.0 0 1 2 1 1
-1891.4 -5964.6 10.7 57 0 9.5 11.6 5.0 2.5 2 1 2 0 0
-1907.4 -5965.8 11.1 57 0 6.6 5.4 5.0 2.5 2 0 2 2 2
-1902.5 -5971.7 10.9 60 0 8.8 6.7 5.0 2.5 2 0 2 3 3
-1922.1 -5976.0 11.6 56 0 6.6 5.0 5.0 2.5 2 0 2 0 0
-1917.6 -5982.8 11.4 53 0 7.5 7.0 5.0 2.5 2 0 2 0 0
-1951.0 -5994.0 12.3 48 0 7.5 10.8 5.0 2.5 4 1 2 3 3
-1925.4 -6012.2 11.0 230 0 9.4 13.2 2.5 2.5 4 1 1 3 3
-1945.1 -6045.3 12.9 218 0 10.5 7.2 2.5 2.5 4 0 1 0 0
-1950.5 -6037.4 12.7 216 0 8.9 8.2 2.5 0.0 0 0 1 4 4
-1972.5 -6063.1 13.8 212 0 8.9 12.9 2.5 2.5 2 1 1 5 5
-1997.4 -6070.2 16.2 37 0 10.3 15.5 5.0 2.5 2 1 2 5 5
-2003.6 -6080.2 16.7 37 0 9.6 13.0 5.0 2.5 2 1 2 0 0
-2011.4 -6087.7 17.1 38 0 9.0 10.5 5.0 2.5 2 1 2 1 1
-2020.9 -6100.6 17.5 33 0 7.7 9.2 5.0 2.5 2 1 2 1 1
-2014.7 -6110.9 16.8 215 0 11.2 7.6 2.5 2.5 2 0 1 4 4
-2039.1 -6113.3 18.4 37 0 8.0 6.4 5.0 2.5 2 0 2 2 2
-2041.1 -6148.4 16.8 217 0 7.8 10.5 2.5 2.5 4 1 1 0 0
-2046.2 -6166.2 16.0 221 0 7.9 9.0 2.5 2.5 2 1 1 1 1
-2073.9 -6197.7 14.5 237 0 7.5 4.7 2.5 2.5 4 0 1 0 0
4005.9 4757.9 -98.8 135 0 12.4 30.7 5.0 2.5 4 1 2 4 4
3948.1 4756.6 -106.0 227 0 10.0 13.0 5.0 2.5 2 1 2 3 3
3905.2 4715.2 -108.6 223 0 12.3 12.3 5.0 2.5 2 1 2 4 4
3881.2 4705.9 -114.2 44 0 7.3 11.9 5.0 2.5 2 1 2 4 4
3866.4 4684.8 -114.5 44 0 10.7 12.2 5.0 2.5 2 1 2 4 4
3852.8 4671.7 -114.9 43 0 8.4 13.4 5.0 2.5 2 1 2 1 1
3841.4 4657.9 -115.1 43 0 8.0 13.4 5.0 2.5 2 1 2 4 4
3832.5 4647.5 -115.1 45 0 8.0 11.0 5.0 0.0 0 1 2 3 3
3887.5 4629.6 -109.5 45 0 9.0 17.7 5.0 2.5 2 1 2 3 3
3853.9 4653.8 -112.3 224 0 7.3 14.5 5.0 2.5 2 1 2 3 3
3848.4 4632.2 -111.0 226 0 11.9 11.3 5.0 0.0 0 0 2 2 2
5603.2 6376.9 -116.1 154 0 7.9 6.6 2.5 2.5 2 0 1 4 4
5612.5 6358.1 -116.6 157 0 16.2 6.7 2.5 2.5 4 0 1 3 3
5607.5 6336.1 -118.2 156 0 8.8 11.2 2.5 2.5 2 1 1 2 2
5624.0 6319.6 -118.1 157 0 8.9 13.0 2.5 2.5 2 1 1 4 4
5661.9 6310.8 -116.5 60 0 9.9 8.5 2.5 2.5 2 0 1 4 4
5651.3 6446.2 -116.4 130 0 8.1 9.9 2.5 2.5 2 1 1 0 0
5631.0 6438.5 -115.5 229 0 19.4 10.7 2.5 2.5 2 0 1 4 4
5694.0 6417.1 -116.8 313 0 5.9 7.6 2.5 2.5 2 1 1 5 5
5719.1 6408.1 -117.6 314 0 6.9 13.9 2.5 2.5 2 1 1 0 0
5712.0 6343.2 -115.3 51 0 16.9 8.9 2.5 2.5 2 0 1 1 1
5732.7 6375.7 -116.9 315 0 8.4 7.6 2.5 2.5 2 0 1 5 5
5761.1 6359.3 -117.2 313 0 8.8 14.4 2.5 0.0 0 1 1 1 1
5776.5 6338.5 -116.6 315 0 13.7 8.8 2.5 0.0 0 0 1 2 2
