2310.2 -5209.5 -2.9 205 0 6.9 9.1 2.5 2.5 2 1 1 2 2
3192.6 -4540.2 -0.8 304 0 6.9 9.1 5.0 2.5 2 1 2 2 2
1976.2 -5949.5 -3.0 45 0 6.1 6.7 7.5 2.5 2 1 3 1 1
3163.8 -4520.1 -0.5 307 0 4.1 3.0 5.0 2.5 2 0 2 0 0
2991.6 -4677.1 -2.3 117 0 8.1 7.6 5.0 2.5 2 0 2 2 2
2748.7 -4670.9 0.0 223 0 8.5 17.2 5.0 2.5 2 1 2 3 3
2358.9 -5057.2 -2.5 213 0 8.0 11.9 2.5 2.5 2 1 1 1 1
2313.5 -5055.5 -2.4 22 0 8.4 15.6 2.5 2.5 2 1 1 3 3
3142.1 -4611.8 -1.5 213 0 11.4 7.9 5.0 2.5 2 0 2 4 4
2013.2 -5764.0 -1.6 33 0 7.7 8.2 2.5 2.5 2 1 1 4 4
3115.1 -4657.6 -1.7 211 0 4.1 5.9 2.5 0.0 0 1 1 5 5
2945.3 -4528.2 -3.9 301 0 8.0 10.1 5.0 2.5 2 1 2 3 3
2935.6 -4434.6 -1.3 44 0 4.3 4.2 2.5 2.5 2 0 1 2 2
2952.8 -4393.6 -1.0 225 0 5.6 4.7 2.5 2.5 2 0 1 0 0
2877.4 -4567.4 -3.5 311 0 12.7 8.0 5.0 2.5 2 0 2 3 3
2638.8 -4716.7 -3.9 47 0 5.9 10.9 2.5 2.5 2 1 1 2 2
2576.7 -4827.3 -4.3 229 0 9.2 7.7 2.5 2.5 2 0 1 1 1
2713.1 -4702.8 -1.1 221 0 10.1 11.0 5.0 2.5 2 1 2 3 3
2470.7 -4922.8 -3.3 228 0 7.2 12.0 2.5 2.5 4 1 1 1 1
3013.0 -4535.2 -3.3 121 0 7.7 9.0 5.0 2.5 2 1 2 2 2
2341.5 -5223.0 -3.8 22 0 8.6 7.7 2.5 2.5 2 0 1 2 2
3059.2 -4568.6 -2.6 122 0 7.5 14.3 5.0 2.5 2 1 2 2 2
1891.4 -5925.9 -3.3 129 0 7.9 6.2 2.5 2.5 2 0 1 2 2
3037.3 -4619.0 -2.9 118 0 4.3 6.1 5.0 2.5 2 1 2 4 4
3018.0 -4576.1 -3.3 294 0 10.5 3.9 5.0 2.5 2 0 2 5 5
2925.7 -4508.0 -3.1 314 0 7.1 13.4 5.0 2.5 2 1 2 2 2
2731.8 -4628.6 -1.2 44 0 6.3 10.9 2.5 2.5 2 1 1 4 4
2493.2 -4902.3 -3.6 230 0 6.5 12.2 2.5 2.5 2 1 1 0 0
2298.8 -5087.5 -1.2 25 0 7.7 14.0 2.5 2.5 2 1 1 4 4
3166.1 -4635.6 -0.8 120 0 8.3 8.4 5.0 2.5 2 1 2 1 1
2062.9 -5789.5 -4.3 293 0 8.8 8.2 2.5 2.5 2 0 1 0 0
3140.3 -4566.1 -1.1 23 0 9.0 8.0 5.0 2.5 2 0 2 1 1
2010.6 -5867.9 -4.4 128 0 8.0 5.6 2.5 2.5 2 0 1 5 5
3072.5 -4601.9 -2.6 294 0 9.4 8.8 5.0 2.5 2 0 2 3 3
2912.0 -4449.0 -0.9 61 0 3.2 4.3 2.5 2.5 2 1 1 3 3
3038.4 -4659.6 -2.5 305 0 9.4 13.0 5.0 2.5 2 1 2 4 4
2884.0 -4557.8 -3.8 304 0 8.4 6.5 5.0 2.5 2 0 2 1 1
2870.3 -4499.9 -1.1 38 0 5.9 8.9 2.5 2.5 2 1 1 5 5
2593.3 -4820.7 -4.1 320 0 6.9 7.8 2.5 0.0 0 1 1 3 3
2726.0 -4690.2 -0.7 219 0 10.0 13.0 5.0 2.5 2 1 2 5 5
3033.7 -4550.4 -3.0 120 0 9.6 12.7 5.0 2.5 2 1 2 5 5
2236.6 -5243.1 -0.7 13 0 8.7 9.2 5.0 2.5 2 1 2 3 3
3080.4 -4580.4 -2.4 120 0 7.8 9.1 5.0 2.5 2 1 2 3 3
3195.1 -4528.9 -0.5 304 0 4.3 4.6 5.0 2.5 2 1 2 0 0
3036.9 -4586.0 -3.0 302 0 3.5 3.6 5.0 0.0 0 1 2 0 0
2906.2 -4549.7 -3.7 132 0 15.1 8.0 5.0 2.5 4 0 2 2 2
3021.5 -4567.9 -3.3 296 0 7.9 7.6 5.0 2.5 2 0 2 1 1
2965.7 -4647.7 -2.6 294 0 3.9 3.3 5.0 2.5 2 0 2 3 3
2748.5 -4595.1 0.8 218 0 7.3 10.4 2.5 2.5 2 1 1 5 5
2706.4 -4654.0 -2.7 44 0 8.0 13.5 2.5 2.5 2 1 1 1 1
2516.0 -4828.2 -2.5 48 0 8.0 12.4 2.5 2.5 4 1 1 2 2
2284.2 -5114.9 -0.1 18 0 8.1 14.1 2.5 2.5 2 1 1 5 5
3011.4 -4421.4 -3.2 213 0 8.3 9.1 5.0 2.5 2 1 2 4 4
2039.4 -5824.0 -4.4 209 0 5.9 8.3 2.5 2.5 2 1 1 2 2
1985.4 -5812.4 -2.3 36 0 7.5 8.7 2.5 2.5 4 1 1 3 3
3101.6 -4617.2 -2.3 299 0 10.5 13.6 5.0 2.5 2 1 2 4 4
3044.5 -4634.2 -2.7 119 0 4.2 5.2 5.0 2.5 2 1 2 4 4
2943.3 -4570.7 -4.0 123 0 5.4 6.8 5.0 2.5 2 1 2 2 2
2860.7 -4493.8 -0.4 38 0 9.0 13.5 2.5 2.5 2 1 1 3 3
2829.5 -4540.7 -1.7 39 0 7.2 7.4 2.5 2.5 4 1 1 5 5
2416.9 -4907.9 -1.2 139 0 12.4 7.0 2.5 2.5 2 0 1 4 4
3055.3 -4518.0 -2.5 300 0 9.1 11.6 5.0 2.5 4 1 2 2 2
2267.4 -5291.8 -2.9 204 0 8.9 11.3 2.5 2.5 2 1 1 2 2
3081.3 -4537.7 -2.0 113 0 8.1 11.2 5.0 2.5 2 1 2 5 5
2214.4 -5400.1 -3.6 203 0 9.1 16.8 2.5 2.5 2 1 1 3 3
3194.0 -4685.8 0.5 309 0 7.9 9.7 2.5 0.0 0 1 1 2 2
2958.7 -4610.9 -3.4 298 0 6.7 6.4 5.0 0.0 0 0 2 2 2
2479.1 -4833.0 -2.1 227 0 8.0 18.5 2.5 2.5 2 1 1 2 2
2273.2 -5154.0 -0.4 13 0 9.0 10.0 2.5 2.5 2 1 1 1 1
3000.2 -4439.5 -3.3 211 0 7.4 8.5 5.0 2.5 2 1 2 0 0
2352.7 -5181.5 -3.5 28 0 8.9 9.2 2.5 2.5 2 1 1 5 5
3105.0 -4485.9 -1.5 306 0 6.9 15.0 5.0 2.5 2 1 2 1 1
1956.2 -5849.5 -2.5 44 0 7.6 7.2 2.5 2.5 2 0 1 2 2
3086.4 -4652.3 -2.3 28 0 11.7 8.7 5.0 2.5 2 0 2 0 0
3052.4 -4638.8 -2.6 123 0 8.9 10.3 5.0 2.5 2 1 2 5 5
2953.7 -4569.0 -4.0 124 0 7.1 6.2 5.0 2.5 2 0 2 4 4
3050.6 -4712.5 -2.0 36 0 8.8 10.1 5.0 2.5 2 1 2 5 5
2850.0 -4515.7 -1.4 45 0 8.0 13.4 2.5 2.5 2 1 1 1 1
2825.9 -4551.2 -1.8 40 0 6.0 10.0 2.5 0.0 0 1 1 1 1
2558.8 -4790.1 -3.1 42 0 8.4 10.7 2.5 2.5 4 1 1 1 1
2407.8 -4980.5 -5.3 219 0 8.6 12.4 2.5 2.5 2 1 1 5 5
2257.3 -5317.6 -3.1 202 0 7.9 12.3 2.5 2.5 2 1 1 3 3
3102.2 -4559.6 -1.7 116 0 7.3 8.8 5.0 2.5 2 1 2 2 2
2084.7 -5572.7 -2.9 202 0 7.8 7.5 2.5 2.5 4 0 1 5 5
3194.3 -4654.3 -0.2 113 0 9.4 11.0 5.0 2.5 2 1 2 4 4
2993.9 -4596.1 -3.4 113 0 3.4 3.2 5.0 2.5 2 0 2 4 4
2910.4 -4464.0 -1.3 38 0 4.1 13.0 2.5 2.5 2 1 1 4 4
2931.1 -4601.4 -3.5 298 0 6.3 5.0 5.0 2.5 2 0 2 2 2
2682.8 -4675.6 -3.3 48 0 7.4 14.9 2.5 2.5 2 1 1 0 0
2482.8 -4856.1 -2.0 51 0 6.7 8.6 2.5 2.5 2 1 1 1 1
3060.7 -4429.9 -2.6 41 0 17.6 12.9 5.0 2.5 2 0 2 2 2
2262.3 -5107.6 -0.0 199 0 3.3 4.2 2.5 0.0 0 1 1 1 1
3002.3 -4386.1 -2.2 44 0 8.3 9.5 2.5 2.5 2 1 1 2 2
2325.3 -5134.1 -2.2 199 0 8.2 10.9 2.5 2.5 2 1 1 1 1
3110.1 -4493.6 -1.4 306 0 5.6 9.2 5.0 0.0 0 1 2 2 2
1920.9 -5881.4 -2.9 221 0 6.4 9.0 2.5 2.5 2 1 1 0 0
3187.5 -4531.3 -0.5 302 0 7.0 11.9 5.0 2.5 2 1 2 5 5
3025.9 -4623.2 -3.0 121 0 7.8 13.5 5.0 2.5 2 1 2 4 4
2949.1 -4562.6 -4.0 122 0 3.4 4.5 5.0 2.5 2 1 2 1 1
3014.4 -4641.6 -2.8 302 0 8.4 14.9 5.0 2.5 4 1 2 2 2
2822.9 -4525.0 -0.9 221 0 6.2 3.5 2.5 2.5 2 0 1 0 0
2592.8 -4737.8 -3.6 219 0 9.1 11.7 2.5 0.0 0 1 1 0 0
2392.2 -5007.7 -4.5 214 0 6.9 8.8 2.5 2.5 2 1 1 4 4
2360.7 -4982.2 -5.4 39 0 8.1 8.8 2.5 2.5 2 1 1 2 2
3115.6 -4548.4 -1.5 26 0 9.4 8.7 5.0 2.5 2 0 2 5 5
2071.7 -5615.0 -3.4 186 0 7.0 8.5 2.5 2.5 2 1 1 1 1
3200.8 -4643.5 -0.4 110 0 7.9 8.9 5.0 2.5 2 1 2 5 5
3129.1 -4689.0 -1.0 126 0 8.3 13.4 2.5 2.5 2 1 1 3 3
2971.5 -4589.2 -3.8 118 0 8.5 13.2 5.0 2.5 2 1 2 0 0
2947.4 -4614.6 -3.3 295 0 3.4 3.2 5.0 2.5 2 0 2 0 0
2935.7 -4593.7 -3.7 293 0 7.4 7.1 5.0 2.5 2 0 2 4 4
2660.6 -4696.6 -3.7 44 0 5.7 9.8 2.5 2.5 2 1 1 2 2
2465.2 -4870.9 -1.7 50 0 6.3 12.8 2.5 2.5 2 1 1 3 3
2679.2 -4733.2 -1.9 225 0 6.2 12.4 5.0 2.5 2 1 2 3 3
2313.0 -5162.0 -2.3 202 0 6.5 12.3 2.5 0.0 0 1 1 3 3
2982.4 -4511.6 -3.7 123 0 25.6 10.5 5.0 2.5 2 0 2 2 2
2338.4 -5103.8 -2.1 200 0 8.1 13.1 2.5 2.5 2 1 1 1 1
3160.0 -4528.9 -0.7 307 0 6.3 15.2 5.0 2.5 2 1 2 0 0
1965.1 -5938.3 -3.4 227 0 4.9 5.9 7.5 0.0 0 1 3 2 2
3167.2 -4555.4 -0.6 118 0 4.6 3.9 5.0 0.0 0 0 2 3 3
3043.0 -4592.3 -2.9 300 0 9.3 5.5 5.0 2.5 2 0 2 0 0
2958.5 -4561.9 -4.0 120 0 7.4 3.2 5.0 2.5 2 0 2 0 0
2809.1 -4565.5 -1.2 45 0 8.0 5.5 2.5 2.5 2 0 1 3 3
2511.2 -4883.5 -3.8 229 0 6.6 11.6 2.5 2.5 2 1 1 3 3
2378.1 -5030.5 -3.6 213 0 8.1 8.5 2.5 2.5 4 1 1 0 0
2324.7 -5033.1 -3.3 23 0 8.8 9.7 2.5 0.0 0 1 1 4 4
3112.5 -4600.2 -2.0 117 0 9.3 9.2 5.0 2.5 2 0 2 5 5
3106.6 -4667.6 -1.6 215 0 9.8 8.9 2.5 2.5 2 0 1 5 5
2954.1 -4420.6 -1.6 46 0 6.9 6.2 2.5 2.5 2 0 1 0 0
2966.4 -4413.2 -1.8 45 0 10.4 15.1 2.5 2.5 2 1 1 1 1
2887.1 -4573.6 -3.4 313 0 4.9 10.3 5.0 2.5 2 1 2 1 1
2648.6 -4684.8 -3.9 232 0 3.6 4.2 2.5 2.5 2 1 1 4 4
2535.4 -4864.6 -4.1 228 0 6.4 10.7 2.5 0.0 0 1 1 2 2
2699.2 -4717.7 -1.4 224 0 6.7 9.8 5.0 2.5 2 1 2 0 0
2588.7 -4835.3 -4.0 326 0 5.2 5.7 2.5 2.5 4 1 1 1 1
3003.8 -4509.1 -3.3 122 0 10.9 32.0 5.0 2.5 2 1 2 0 0
3107.3 -4655.4 -1.9 213 0 6.3 4.7 2.5 2.5 4 0 1 4 4
3152.2 -4655.0 -1.2 305 0 10.0 9.0 2.5 2.5 4 0 1 3 3
3046.4 -4583.4 -2.9 297 0 9.2 8.0 5.0 2.5 2 0 2 4 4
3155.4 -4582.9 -0.8 204 0 13.0 11.1 5.0 2.5 2 0 2 4 4
2036.6 -5856.5 -4.4 28 0 4.8 12.7 2.5 2.5 2 1 1 4 4
2960.6 -4667.6 -2.4 117 0 6.7 14.2 5.0 2.5 2 1 2 1 1
2233.5 -5350.3 -3.2 207 0 9.8 16.3 2.5 2.5 2 1 1 4 4
3131.4 -4560.7 -1.3 27 0 12.6 12.4 5.0 2.5 2 0 2 3 3
2930.8 -4447.0 -1.5 43 0 9.3 22.1 2.5 2.5 4 1 1 3 3
3180.3 -4597.3 -0.8 207 0 11.2 9.8 5.0 2.5 2 0 2 3 3
2919.7 -4553.7 -3.9 132 0 4.9 7.4 5.0 2.5 2 1 2 2 2
2895.1 -4475.4 -1.1 36 0 9.2 33.0 2.5 2.5 2 1 1 4 4
3001.2 -4607.1 -3.3 121 0 8.1 12.8 5.0 2.5 2 1 2 3 3
2999.7 -4553.0 -3.8 304 0 7.8 17.2 5.0 2.5 2 1 2 2 2
4178.6 -4436.9 -0.1 152 0 13.1 33.4 12.5 2.5 2 1 5 4 4
