-6214.6 -4496.6 -55.9 94 0 15.5 9.9 2.5 2.5 2 0 1 2 2
-6584.6 -4496.0 -72.8 91 0 13.9 12.0 5.0 2.5 2 0 2 2 2
-6041.4 -4448.6 -50.5 71 0 10.4 20.2 2.5 2.5 2 1 1 4 4
-6283.9 -4473.8 -57.8 20 0 4.5 5.4 2.5 2.5 2 1 1 1 1
-6188.7 -4438.5 -56.1 269 0 7.7 6.0 2.5 0.0 0 0 1 1 1
-6703.1 -3450.2 -91.6 58 0 14.3 24.7 10.0 2.5 2 1 4 1 1
-6539.6 -3777.8 -79.7 323 0 9.1 11.1 2.5 2.5 2 1 1 3 3
-6172.3 -4463.2 -55.0 268 0 6.2 7.4 2.5 2.5 2 1 1 1 1
-6598.9 -4773.8 -70.8 125 0 11.1 16.9 5.0 2.5 2 1 2 3 3
-6324.1 -4452.7 -61.1 275 0 7.6 8.1 2.5 2.5 2 1 1 5 5
-6637.7 -4685.7 -77.0 311 0 10.6 13.9 5.0 2.5 2 1 2 4 4
-6742.4 -4769.3 -74.9 203 0 7.9 13.9 5.0 2.5 2 1 2 2 2
-6292.8 -4528.0 -58.3 263 0 4.0 4.4 5.0 2.5 2 1 2 3 3
-6649.5 -3509.7 -88.3 232 0 11.5 9.3 2.5 2.5 2 0 1 5 5
-6293.2 -4476.6 -58.0 105 0 3.4 3.5 2.5 2.5 2 1 1 4 4
-6659.2 -4495.3 -74.9 182 0 7.1 8.2 5.0 2.5 2 1 2 3 3
-6732.2 -3277.7 -94.1 228 0 5.7 6.6 2.5 2.5 4 1 1 4 4
-6668.4 -3383.4 -92.4 234 0 13.3 8.2 5.0 2.5 2 0 2 5 5
-6267.3 -4525.9 -57.4 263 0 7.6 10.7 5.0 2.5 2 1 2 1 1
-6679.2 -3567.3 -86.5 49 0 10.3 9.2 2.5 2.5 2 0 1 1 1
-6717.3 -4750.3 -74.9 292 0 10.4 4.7 5.0 2.5 2 0 2 5 5
-6532.8 -4492.3 -69.5 89 0 10.0 8.9 5.0 2.5 2 0 2 4 4
-6625.6 -3544.1 -87.4 52 0 7.5 12.8 2.5 2.5 2 1 1 0 0
-6555.0 -4786.1 -69.9 304 0 9.9 8.0 5.0 2.5 2 0 2 4 4
-6632.0 -4498.5 -74.3 89 0 9.7 6.6 5.0 2.5 2 0 2 3 3
-5978.9 -4619.0 -48.4 89 0 4.8 7.7 5.0 2.5 2 1 2 4 4
-6601.6 -4495.2 -73.2 91 0 7.6 10.1 5.0 2.5 4 1 2 5 5
-6883.2 -3776.9 -85.4 315 0 13.1 8.9 7.5 2.5 2 0 3 2 2
-6694.2 -3406.1 -92.0 226 0 6.0 12.6 5.0 2.5 2 1 2 0 0
-6476.1 -4878.3 -69.0 43 0 9.4 10.5 5.0 2.5 2 1 2 4 4
-6277.2 -4527.7 -57.7 261 0 8.0 10.2 5.0 2.5 2 1 2 0 0
-6520.0 -4816.6 -70.2 316 0 11.4 14.8 5.0 2.5 2 1 2 0 0
-6584.5 -4863.5 -69.7 312 0 4.1 5.5 5.0 2.5 2 1 2 4 4
-6502.8 -4443.7 -65.3 270 0 7.5 8.7 5.0 2.5 2 1 2 4 4
-6804.7 -4487.5 -75.8 299 0 12.2 8.5 7.5 2.5 2 0 3 1 1
-5958.8 -4595.6 -48.6 264 0 7.2 6.1 5.0 2.5 2 0 2 4 4
-6612.6 -4497.8 -73.7 86 0 8.0 14.7 5.0 2.5 2 1 2 4 4
-6781.9 -3383.6 -93.4 44 0 12.4 25.3 5.0 2.5 2 1 2 1 1
-6239.6 -4576.8 -58.2 270 0 11.4 11.9 5.0 2.5 2 1 2 1 1
-5974.9 -4612.2 -48.5 179 0 6.3 5.0 5.0 2.5 2 0 2 2 2
-6558.5 -3833.2 -79.1 229 0 14.2 4.0 2.5 2.5 2 0 1 4 4
-6213.6 -4458.9 -56.8 184 0 9.3 7.5 2.5 2.5 2 0 1 3 3
-6358.0 -4453.3 -63.0 232 0 9.8 9.6 2.5 2.5 2 0 1 0 0
-6636.9 -3811.6 -80.9 137 0 3.5 3.4 2.5 2.5 2 0 1 5 5
-6539.8 -4908.5 -69.3 312 0 8.8 17.1 5.0 2.5 2 1 2 1 1
-6580.3 -4877.7 -69.6 313 0 6.5 3.7 5.0 2.5 4 0 2 5 5
-6281.7 -4454.5 -58.6 19 0 8.1 8.7 2.5 2.5 2 1 1 4 4
-5979.3 -4633.4 -48.7 178 0 4.8 4.5 5.0 2.5 2 0 2 3 3
-6586.6 -3845.3 -79.9 49 0 9.3 3.7 2.5 2.5 2 0 1 0 0
-5965.7 -4601.9 -48.5 264 0 5.0 5.7 5.0 2.5 4 1 2 4 4
-6783.4 -3346.6 -93.9 144 0 7.4 7.7 2.5 2.5 2 1 1 3 3
-6222.7 -4519.4 -56.5 273 0 11.3 21.2 2.5 2.5 2 1 1 0 0
-6566.9 -4878.2 -69.6 313 0 8.1 7.3 5.0 2.5 4 0 2 3 3
-6545.8 -3771.0 -79.9 324 0 5.0 4.1 2.5 2.5 2 0 1 1 1
-6614.2 -4407.0 -72.0 186 0 6.4 27.1 5.0 2.5 4 1 2 4 4
-6755.3 -3302.8 -94.0 226 0 30.0 4.8 2.5 2.5 2 0 1 3 3
-6520.8 -4925.8 -68.2 312 0 8.2 11.8 5.0 2.5 2 1 2 3 3
-6252.2 -4562.9 -57.7 3 0 3.5 3.6 5.0 2.5 2 1 2 4 4
-6863.9 -3698.1 -87.3 230 0 7.5 10.1 5.0 2.5 2 1 2 0 0
-6595.1 -4894.5 -69.6 127 0 8.0 6.0 5.0 0.0 0 0 2 4 4
-6537.7 -4803.0 -69.9 304 0 8.3 10.6 5.0 2.5 2 1 2 3 3
-6561.6 -4493.4 -70.9 78 0 8.0 7.3 5.0 0.0 0 0 2 5 5
-6588.9 -4780.7 -70.3 122 0 8.8 12.0 5.0 2.5 2 1 2 2 2
-5987.2 -4614.7 -48.1 96 0 3.1 5.1 5.0 2.5 2 1 2 5 5
-6247.9 -4650.4 -60.0 184 0 11.3 26.1 5.0 2.5 2 1 2 0 0
-6578.5 -4755.9 -70.5 304 0 3.5 7.0 5.0 2.5 2 1 2 3 3
-6633.7 -3523.2 -87.8 318 0 6.8 11.3 2.5 0.0 0 1 1 2 2
-6676.7 -3389.8 -92.3 234 0 5.9 6.3 5.0 2.5 2 1 2 0 0
-6349.5 -4449.5 -62.6 230 0 5.3 6.6 2.5 2.5 2 1 1 5 5
-6571.1 -4868.4 -69.6 314 0 8.9 6.9 5.0 2.5 2 0 2 1 1
-6193.5 -4460.6 -55.9 185 0 7.4 5.6 2.5 2.5 2 0 1 4 4
-5979.2 -4626.2 -48.7 178 0 6.5 4.0 5.0 2.5 2 0 2 0 0
-6818.4 -3401.3 -92.9 128 0 9.7 3.1 5.0 2.5 2 0 2 0 0
-6086.1 -4466.1 -52.1 88 0 5.1 5.1 2.5 2.5 2 0 1 3 3
-6624.0 -3803.6 -80.3 238 0 5.2 4.2 2.5 0.0 0 0 1 2 2
-6117.5 -4471.3 -53.1 121 0 11.8 9.5 2.5 2.5 4 0 1 5 5
-6565.9 -4892.8 -69.5 318 0 4.6 3.8 5.0 2.5 2 0 2 0 0
-5962.7 -4611.3 -48.7 356 0 5.2 4.2 5.0 2.5 2 0 2 4 4
-6671.2 -3415.4 -91.7 53 0 13.4 5.8 7.5 2.5 2 0 3 0 0
-6496.8 -3852.4 -78.1 324 0 11.1 7.2 2.5 2.5 2 0 1 0 0
-6180.9 -4460.8 -55.5 268 0 6.5 6.6 2.5 2.5 2 1 1 3 3
-6200.3 -4453.9 -56.5 271 0 6.7 11.9 2.5 2.5 2 1 1 0 0
-6531.5 -4444.6 -68.1 270 0 7.2 8.7 5.0 2.5 2 1 2 2 2
-6496.3 -4485.1 -66.5 355 0 8.5 8.4 5.0 2.5 2 0 2 3 3
-6548.3 -3830.0 -79.0 137 0 7.7 9.9 2.5 0.0 0 1 1 1 1
-6728.3 -4754.8 -75.2 293 0 14.4 11.2 5.0 2.5 2 0 2 1 1
-6820.4 -4520.1 -76.1 125 0 6.9 11.6 7.5 2.5 2 1 3 5 5
-6547.6 -3787.6 -79.8 324 0 7.5 10.6 2.5 2.5 2 1 1 5 5
-2775.5 -333.7 -52.1 302 0 9.1 7.1 5.0 2.5 2 0 2 5 5
-3089.4 -142.7 -66.3 295 0 16.3 11.3 2.5 2.5 2 0 1 3 3
-2941.7 -507.1 -42.3 167 0 12.5 6.7 2.5 2.5 2 0 1 2 2
-2660.7 -388.2 -47.3 294 0 6.8 14.5 5.0 2.5 2 1 2 3 3
-3036.1 -310.8 -57.0 183 0 10.3 58.8 5.0 2.5 2 1 2 3 3
-2950.5 -607.4 -37.6 344 0 7.5 8.4 2.5 2.5 2 1 1 3 3
-2990.0 -126.1 -62.5 298 0 9.0 17.1 2.5 2.5 2 1 1 3 3
-3056.0 -301.4 -59.0 2 0 6.8 8.5 2.5 2.5 2 1 1 0 0
-2880.3 -195.8 -59.5 290 0 4.1 3.7 2.5 0.0 0 0 1 5 5
-2933.4 -563.6 -39.6 164 0 6.9 7.4 2.5 2.5 2 1 1 5 5
-2285.6 -417.3 -44.0 275 0 9.2 6.0 2.5 2.5 2 0 1 4 4
5014.9 3655.8 -98.4 231 0 4.2 3.1 2.5 2.5 2 0 1 1 1
-1933.7 -55.7 -63.7 31 0 4.4 4.0 5.0 0.0 0 0 2 5 5
4689.0 3500.9 -89.8 71 0 10.9 7.8 2.5 2.5 2 0 1 2 2
-3061.1 -150.0 -65.0 296 0 11.3 11.7 2.5 2.5 2 1 1 0 0
4584.0 3415.7 -86.2 237 0 8.5 10.2 5.0 2.5 2 1 2 1 1
5066.0 3630.1 -100.0 232 0 5.7 8.6 5.0 2.5 2 1 2 4 4
-1910.8 9.2 -67.1 216 0 7.5 7.5 5.0 2.5 2 1 2 3 3
-2923.0 -612.8 -37.6 167 0 6.7 7.9 2.5 2.5 2 1 1 4 4
-3033.4 -257.3 -58.7 184 0 9.8 14.5 5.0 2.5 4 1 2 1 1
4669.1 3472.4 -89.0 239 0 4.2 3.7 5.0 2.5 2 0 2 5 5
4992.8 3586.0 -92.2 232 0 7.0 12.9 5.0 2.5 2 1 2 1 1
-2878.2 -208.2 -59.0 300 0 3.7 4.6 2.5 2.5 2 1 1 0 0
-3041.0 -162.1 -63.6 18 0 8.5 8.8 2.5 2.5 2 1 1 0 0
5061.4 3677.6 -100.0 61 0 8.1 8.9 2.5 2.5 2 1 1 2 2
-1985.5 -109.0 -59.1 210 0 6.0 5.5 5.0 2.5 2 0 2 3 3
-2977.1 -298.0 -56.5 5 0 19.6 11.1 5.0 2.5 2 0 2 5 5
-2724.7 -331.7 -51.6 113 0 6.0 6.2 2.5 2.5 2 1 1 5 5
-3115.8 -122.1 -68.6 300 0 7.1 8.3 2.5 2.5 2 1 1 4 4
-2642.5 -346.8 -48.9 94 0 7.4 7.7 2.5 2.5 2 1 1 3 3
-1951.9 -43.4 -64.1 212 0 8.4 15.1 5.0 2.5 2 1 2 4 4
4561.7 3457.3 -89.7 67 0 5.3 4.4 2.5 2.5 2 0 1 3 3
-2442.1 -481.1 -40.9 165 0 7.4 10.0 2.5 2.5 2 1 1 1 1
4726.3 3509.8 -89.8 76 0 8.7 5.4 2.5 2.5 2 0 1 1 1
4951.8 3550.6 -87.0 232 0 10.2 7.8 5.0 2.5 2 0 2 3 3
-2661.1 -409.9 -45.3 103 0 5.6 6.0 5.0 2.5 2 1 2 2 2
-2969.0 -528.8 -42.1 346 0 7.8 9.6 2.5 2.5 2 1 1 1 1
-2694.3 -334.4 -50.8 116 0 6.5 9.0 2.5 2.5 2 1 1 2 2
-1949.3 -69.3 -62.6 32 0 3.5 5.1 5.0 2.5 2 1 2 1 1
4391.2 3430.6 -92.6 253 0 22.0 10.3 2.5 0.0 0 0 1 5 5
-2913.1 -501.1 -42.3 357 0 7.5 7.9 2.5 2.5 2 1 1 0 0
4655.3 3463.5 -88.7 256 0 7.8 10.2 5.0 2.5 4 1 2 0 0
-2085.9 -128.6 -60.6 67 0 8.3 7.6 5.0 2.5 4 0 2 5 5
5092.7 3657.1 -98.5 230 0 4.8 6.5 5.0 2.5 2 1 2 3 3
-1992.3 -104.1 -59.4 210 0 7.5 7.0 5.0 2.5 2 0 2 4 4
4478.6 3415.7 -90.3 67 0 8.3 7.3 2.5 2.5 2 0 1 0 0
-2979.3 -200.3 -60.5 299 0 8.0 7.6 5.0 2.5 2 0 2 1 1
-2722.9 -320.3 -51.8 112 0 6.9 10.0 2.5 2.5 2 1 1 1 1
-2148.8 -176.7 -59.0 276 0 8.7 9.5 5.0 2.5 2 1 2 0 0
-2650.3 -336.7 -49.4 98 0 6.7 5.2 2.5 2.5 2 0 1 0 0
-1891.6 49.0 -68.5 209 0 7.6 7.9 5.0 2.5 2 1 2 4 4
4553.8 3456.2 -89.7 77 0 4.4 4.8 2.5 2.5 2 1 1 0 0
-2944.2 -180.8 -61.0 125 0 10.8 12.8 2.5 0.0 0 1 1 3 3
5167.3 3853.1 -97.7 48 0 8.9 9.0 5.0 2.5 2 1 2 4 4
-2537.9 -472.2 -41.6 271 0 6.6 9.3 5.0 2.5 2 1 2 5 5
-3008.9 -466.1 -47.9 262 0 8.4 9.1 2.5 0.0 0 1 1 5 5
-2368.2 -481.0 -40.8 7 0 8.0 7.5 2.5 2.5 2 0 1 0 0
-1963.3 -61.8 -62.9 218 0 12.7 8.0 5.0 2.5 2 0 2 1 1
-2262.6 -328.5 -48.2 214 0 7.8 8.0 2.5 2.5 2 1 1 5 5
4332.1 3321.7 -91.6 244 0 4.0 4.7 5.0 2.5 2 1 2 0 0
-2912.3 -516.4 -41.7 359 0 8.0 8.5 2.5 2.5 2 1 1 3 3
-2625.5 -402.6 -44.5 278 0 3.9 5.2 5.0 2.5 2 1 2 3 3
4963.6 3559.9 -87.7 238 0 7.6 12.0 5.0 2.5 2 1 2 1 1
-3002.2 -484.3 -47.0 352 0 7.1 7.9 2.5 2.5 2 1 1 4 4
-2108.7 -127.6 -61.2 265 0 7.4 7.7 5.0 2.5 2 1 2 1 1
-2552.2 -393.8 -45.1 116 0 8.9 7.2 2.5 2.5 2 0 1 0 0
-2444.0 -409.6 -45.9 68 0 9.7 7.0 2.5 2.5 2 0 1 1 1
4423.6 3407.4 -91.6 73 0 8.7 13.5 2.5 2.5 2 1 1 4 4
4959.8 3617.8 -95.9 231 0 3.7 4.8 2.5 2.5 2 1 1 2 2
4489.0 3425.2 -90.1 55 0 3.3 3.4 2.5 2.5 2 1 1 1 1
-2317.7 -413.4 -43.9 277 0 7.5 8.3 2.5 0.0 0 1 1 5 5
-2986.0 -551.2 -40.3 347 0 9.2 7.3 2.5 2.5 2 0 1 4 4
5150.1 3841.5 -96.9 211 0 8.5 10.2 5.0 0.0 0 1 2 2 2
-2548.8 -385.6 -45.5 115 0 6.3 4.8 2.5 2.5 2 0 1 4 4
4943.3 3543.0 -86.4 237 0 9.2 9.5 5.0 2.5 2 1 2 4 4
4399.9 3340.1 -89.8 250 0 7.0 7.9 5.0 2.5 2 1 2 5 5
-2931.5 -574.3 -39.0 170 0 7.2 7.8 2.5 0.0 0 1 1 2 2
-2826.5 -262.2 -55.9 137 0 7.8 9.7 2.5 2.5 4 1 1 1 1
-1955.1 -11.1 -65.9 39 0 3.1 4.2 5.0 0.0 0 1 2 2 2
-2974.1 -511.6 -43.6 344 0 9.5 12.2 2.5 2.5 2 1 1 1 1
4343.1 3315.5 -91.3 250 0 8.2 9.4 5.0 2.5 2 1 2 5 5
-2925.8 -600.7 -37.9 173 0 7.4 7.5 2.5 2.5 2 1 1 4 4
-2133.5 -174.5 -59.6 281 0 8.0 7.9 5.0 2.5 2 0 2 1 1
-2920.9 -623.8 -37.4 167 0 6.6 6.4 2.5 2.5 2 0 1 3 3
-2821.7 -312.2 -53.4 222 0 3.8 6.5 5.0 2.5 2 1 2 2 2
-2060.8 -161.6 -58.3 261 0 9.1 9.2 5.0 2.5 4 1 2 2 2
-3012.5 -234.9 -59.5 183 0 11.7 6.5 5.0 2.5 4 0 2 0 0
-2580.9 -385.3 -45.4 108 0 8.3 8.8 2.5 2.5 2 1 1 4 4
4963.6 3628.1 -96.4 236 0 9.8 11.9 2.5 2.5 2 1 1 4 4
-2981.0 -481.2 -46.0 348 0 7.9 12.8 2.5 2.5 2 1 1 5 5
-3007.6 -153.9 -62.4 121 0 7.1 6.4 2.5 2.5 2 0 1 1 1
-2300.5 -469.6 -41.7 93 0 11.2 7.7 2.5 2.5 2 0 1 5 5
4628.1 3491.4 -89.9 82 0 10.1 7.5 2.5 2.5 2 0 1 5 5
5155.1 3816.7 -95.7 34 0 9.0 9.0 5.0 2.5 2 1 2 3 3
4984.5 3554.5 -87.7 45 0 6.4 8.6 5.0 2.5 2 1 2 4 4
4682.1 3477.2 -89.0 257 0 4.8 3.8 5.0 0.0 0 0 2 3 3
4922.3 3564.0 -89.1 55 0 8.9 11.5 2.5 2.5 2 1 1 0 0
4487.5 3380.9 -87.8 247 0 8.4 12.4 5.0 2.5 2 1 2 2 2
5053.6 3668.3 -99.8 48 0 7.7 7.8 2.5 2.5 2 1 1 5 5
-1975.7 6.4 -66.4 311 0 5.8 4.5 5.0 2.5 2 0 2 5 5
-3008.2 -246.6 -58.8 186 0 3.6 4.8 5.0 2.5 2 1 2 3 3
4362.4 3324.0 -90.8 249 0 8.0 9.6 5.0 2.5 2 1 2 4 4
-2928.5 -586.0 -38.5 171 0 7.9 7.9 2.5 2.5 4 1 1 2 2
-2984.4 -464.3 -47.0 351 0 10.2 9.0 2.5 0.0 0 0 1 5 5
-2135.3 -193.4 -58.9 92 0 8.5 8.8 5.0 2.5 2 1 2 3 3
-2612.8 -351.8 -47.4 115 0 6.7 7.3 2.5 0.0 0 1 1 3 3
-2919.6 -634.7 -36.9 175 0 6.3 7.5 2.5 2.5 2 1 1 1 1
-3197.3 87.5 -78.9 267 0 6.2 15.9 2.5 2.5 2 1 1 2 2
-2080.0 -174.2 -58.5 265 0 7.7 7.4 5.0 2.5 2 0 2 3 3
-3040.2 -222.4 -60.2 176 0 5.4 5.5 5.0 2.5 2 1 2 1 1
-2590.1 -382.0 -45.6 96 0 5.9 7.0 2.5 2.5 2 1 1 4 4
-2013.5 -65.4 -61.7 44 0 7.7 7.8 5.0 2.5 2 1 2 3 3
4594.5 3399.0 -84.6 59 0 7.7 7.0 5.0 2.5 2 0 2 1 1
5086.9 3647.9 -99.0 235 0 8.0 10.5 5.0 2.5 2 1 2 1 1
-3024.2 -137.1 -63.4 121 0 10.1 12.5 2.5 2.5 2 1 1 2 2
-2342.5 -417.9 -44.8 250 0 11.2 8.8 2.5 2.5 2 0 1 5 5
4624.1 3478.0 -89.8 88 0 10.5 9.3 2.5 2.5 2 0 1 1 1
-2210.5 -217.0 -54.5 204 0 7.5 12.2 5.0 2.5 2 1 2 3 3
5134.8 3766.3 -96.4 21 0 11.2 8.0 5.0 2.5 2 0 2 0 0
5028.8 3604.9 -96.8 236 0 7.0 11.2 5.0 2.5 2 1 2 4 4
-3020.5 -238.5 -59.3 183 0 3.3 3.1 5.0 2.5 2 0 2 3 3
4922.1 3588.7 -90.4 231 0 7.3 6.5 2.5 2.5 2 0 1 3 3
-2617.4 -367.1 -47.5 109 0 9.0 14.7 2.5 2.5 2 1 1 4 4
-2945.7 -624.2 -37.1 342 0 7.6 12.0 2.5 2.5 2 1 1 4 4
-3158.7 -49.7 -75.4 11 0 10.2 3.7 2.5 2.5 2 0 1 1 1
-2997.5 -190.9 -61.1 302 0 8.1 10.0 5.0 2.5 2 1 2 3 3
-2596.6 -342.0 -47.0 14 0 5.9 6.1 2.5 2.5 2 1 1 1 1
4687.5 3510.9 -89.9 70 0 9.0 7.3 2.5 2.5 2 0 1 2 2
-2023.0 -81.3 -60.5 39 0 6.8 9.1 5.0 2.5 2 1 2 1 1
4936.0 3554.2 -87.3 230 0 4.7 6.8 5.0 2.5 2 1 2 2 2
-2936.4 -553.0 -40.2 170 0 7.7 12.6 2.5 2.5 2 1 1 5 5
5093.9 3631.5 -98.6 52 0 6.7 5.9 5.0 2.5 2 0 2 0 0
-2002.7 -53.4 -62.6 43 0 7.2 7.3 5.0 2.5 2 1 2 3 3
-3046.0 -121.4 -65.4 122 0 10.0 11.1 2.5 2.5 2 1 1 2 2
4980.1 3574.7 -89.8 231 0 7.3 13.5 5.0 2.5 2 1 2 0 0
4604.8 3470.3 -89.7 89 0 4.5 8.2 2.5 2.5 2 1 1 4 4
-2501.4 -381.2 -46.3 358 0 3.8 7.6 2.5 2.5 2 1 1 5 5
-3074.4 -212.1 -61.0 19 0 16.3 5.8 2.5 2.5 2 0 1 1 1
-3017.3 -243.7 -59.0 188 0 3.9 4.0 5.0 2.5 2 1 2 0 0
-2436.8 -400.0 -46.6 84 0 6.6 7.1 2.5 2.5 2 1 1 2 2
4955.4 3623.1 -95.9 233 0 4.0 5.1 2.5 2.5 2 1 1 3 3
-2917.4 -649.7 -36.3 178 0 8.2 7.6 2.5 2.5 2 0 1 5 5
-2955.2 -455.4 -44.9 255 0 7.5 7.6 2.5 2.5 2 1 1 4 4
-2974.8 -614.0 -37.1 339 0 8.2 7.0 2.5 2.5 2 0 1 4 4
-2009.9 -152.9 -56.8 229 0 11.5 22.1 5.0 2.5 2 1 2 0 0
-3009.6 -184.6 -61.5 300 0 12.9 7.6 5.0 2.5 2 0 2 0 0
4719.4 3502.0 -89.8 88 0 3.4 3.4 2.5 2.5 2 0 1 1 1
-2042.3 -102.5 -60.0 42 0 8.2 8.7 5.0 2.5 2 1 2 4 4
4924.4 3541.9 -86.2 245 0 3.6 4.3 5.0 2.5 4 1 2 5 5
-3064.1 -105.1 -67.2 122 0 8.6 7.8 2.5 2.5 2 0 1 5 5
4330.4 3307.6 -91.4 245 0 4.0 3.7 5.0 0.0 0 0 2 4 4
-2882.8 -225.1 -58.6 128 0 8.6 9.3 2.5 2.5 2 1 1 1 1
-2359.1 -373.6 -47.1 359 0 4.4 7.0 2.5 0.0 0 1 1 3 3
-2952.3 -493.7 -42.9 164 0 7.8 7.8 2.5 2.5 2 0 1 1 1
4929.5 3536.7 -85.9 237 0 9.0 12.5 5.0 2.5 2 1 2 2 2
-2762.7 -334.2 -52.0 303 0 3.3 5.1 5.0 2.5 4 1 2 2 2
-2955.8 -477.2 -43.8 165 0 6.7 11.3 2.5 2.5 2 1 1 0 0
4491.0 3406.7 -89.5 54 0 3.6 3.7 2.5 0.0 0 1 1 1 1
-1968.7 -5.7 -66.2 42 0 9.6 8.9 5.0 2.5 2 0 2 1 1
-2927.9 -650.6 -36.2 169 0 13.3 8.9 2.5 2.5 2 0 1 5 5
-2928.3 -187.6 -60.7 128 0 7.4 7.1 2.5 2.5 2 0 1 0 0
-2072.3 -114.1 -60.3 266 0 3.5 3.6 5.0 2.5 2 1 2 5 5
-3054.3 -266.2 -59.7 359 0 10.4 12.6 2.5 0.0 0 1 1 3 3
4708.5 3460.4 -87.4 270 0 7.1 5.1 5.0 2.5 2 0 2 1 1
-2992.5 -515.3 -43.4 351 0 8.7 10.4 2.5 2.5 2 1 1 5 5
-2276.3 -360.6 -46.5 225 0 9.9 10.9 2.5 2.5 2 1 1 4 4
4323.0 3306.8 -91.5 250 0 6.9 10.8 5.0 2.5 2 1 2 5 5
4940.6 3584.6 -90.9 50 0 7.7 8.5 2.5 2.5 2 1 1 1 1
-2863.5 -238.7 -58.0 117 0 11.2 11.1 2.5 0.0 0 0 1 3 3
-2251.6 -333.0 -48.2 309 0 4.5 5.6 2.5 2.5 2 1 1 1 1
5187.6 3879.8 -99.0 32 0 7.1 10.4 5.0 2.5 2 1 2 4 4
-1923.9 -8.5 -66.6 217 0 7.0 6.9 5.0 2.5 2 0 2 2 2
-2977.7 -498.8 -44.8 348 0 9.4 8.8 2.5 2.5 2 0 1 2 2
-1991.5 -181.2 -55.5 41 0 3.4 3.4 5.0 2.5 2 1 2 3 3
-3082.3 -129.2 -67.5 295 0 13.4 12.6 2.5 0.0 0 0 1 3 3
4457.4 3404.6 -90.8 62 0 12.4 11.9 2.5 2.5 4 0 1 4 4
-2913.2 -486.5 -42.8 357 0 7.8 7.7 2.5 0.0 0 0 1 5 5
-2945.6 -648.8 -36.5 0 0 8.4 7.3 2.5 2.5 2 0 1 2 2
-2952.5 -593.2 -38.3 351 0 8.3 8.9 2.5 2.5 2 1 1 2 2
-2924.6 -234.1 -58.5 303 0 10.5 8.0 5.0 2.5 2 0 2 2 2
-2077.6 -126.6 -60.4 82 0 7.0 8.8 5.0 2.5 2 1 2 2 2
-3055.4 -282.5 -59.4 4 0 10.6 9.0 2.5 2.5 2 0 1 4 4
4752.0 3489.4 -88.3 245 0 4.8 4.3 5.0 2.5 2 0 2 3 3
-2959.9 -560.1 -40.2 347 0 8.6 12.2 2.5 2.5 2 1 1 3 3
-3166.0 -96.6 -72.7 289 0 7.0 12.6 2.5 0.0 0 1 1 0 0
4535.9 3404.6 -86.7 226 0 5.3 11.0 5.0 2.5 2 1 2 5 5
5022.7 3644.2 -98.7 54 0 8.9 8.2 2.5 2.5 2 0 1 3 3
-2275.4 -378.8 -45.8 47 0 7.8 7.4 2.5 2.5 2 0 1 2 2
4380.9 3332.3 -90.3 249 0 8.2 9.1 5.0 0.0 0 1 2 1 1
-2880.5 -259.7 -56.9 307 0 12.4 14.2 5.0 2.5 2 1 2 2 2
5178.5 3866.6 -98.8 39 0 8.4 16.9 5.0 2.5 2 1 2 2 2
-1935.8 -26.8 -65.4 216 0 7.3 8.0 5.0 2.5 2 1 2 3 3
4601.1 3493.9 -89.9 257 0 9.4 14.3 2.5 2.5 2 1 1 0 0
-3076.1 -81.5 -68.9 290 0 9.2 10.1 2.5 2.5 2 1 1 4 4
4590.9 3467.7 -89.8 63 0 9.1 16.0 2.5 0.0 0 1 1 1 1
5043.2 3657.0 -99.6 58 0 8.7 9.4 2.5 2.5 2 1 1 5 5
-2379.1 -434.3 -43.7 266 0 7.4 13.4 2.5 2.5 4 1 1 1 1
-2427.2 -405.7 -46.6 93 0 9.4 9.9 2.5 2.5 4 1 1 0 0
-2393.5 -401.5 -47.0 89 0 12.2 11.5 2.5 2.5 2 0 1 2 2
-2446.7 -467.3 -42.0 166 0 14.9 11.9 2.5 2.5 4 0 1 4 4
-2784.3 -283.5 -54.0 120 0 11.9 8.9 2.5 2.5 2 0 1 4 4
4567.0 3415.2 -86.4 230 0 3.9 4.3 5.0 2.5 4 1 2 4 4
5020.6 3598.5 -95.6 239 0 11.1 18.2 5.0 2.5 2 1 2 5 5
-2008.3 -174.4 -56.5 53 0 8.6 8.5 5.0 2.5 2 0 2 3 3
-2943.7 -524.3 -41.6 168 0 6.6 7.7 2.5 2.5 2 1 1 2 2
-3102.8 -125.3 -68.2 302 0 10.6 17.0 2.5 2.5 2 1 1 1 1
-2047.9 -110.9 -59.8 46 0 7.0 7.2 5.0 2.5 2 1 2 1 1
-2645.1 -398.7 -45.8 287 0 8.5 11.4 5.0 2.5 4 1 2 2 2
-3129.2 -112.4 -70.1 289 0 15.8 15.5 2.5 2.5 2 0 1 1 1
-3025.5 -179.1 -61.9 210 0 8.7 8.2 5.0 2.5 4 0 2 3 3
-2739.2 -321.0 -52.2 116 0 7.3 14.9 2.5 2.5 4 1 1 4 4
-2633.3 -396.3 -45.3 285 0 12.8 18.5 5.0 2.5 2 1 2 1 1
4354.7 3354.1 -92.3 64 0 6.0 17.4 2.5 2.5 2 1 1 3 3
-2746.2 -348.1 -51.1 301 0 8.1 10.9 5.0 2.5 2 1 2 4 4
4648.5 3485.2 -89.8 76 0 8.0 10.8 2.5 0.0 0 1 1 5 5
-1905.1 27.5 -67.8 205 0 7.6 16.5 5.0 2.5 2 1 2 5 5
4568.8 3446.0 -89.6 66 0 10.0 11.9 2.5 2.5 2 1 1 2 2
4890.9 3555.1 -88.4 82 0 9.7 9.4 2.5 0.0 0 0 1 2 2
4729.1 3480.1 -88.2 251 0 9.2 8.0 5.0 2.5 2 0 2 3 3
-2912.8 -464.9 -43.5 297 0 6.1 11.1 2.5 2.5 2 1 1 5 5
-6849.2 -4773.1 -75.4 299 0 12.4 42.5 5.0 2.5 2 1 2 5 5
-6786.3 -4760.7 -75.3 122 0 10.1 8.3 8.0 2.5 2 0 2 5 5
-6864.7 -4830.1 -74.2 24 0 8.0 21.1 8.0 2.5 2 1 2 3 3
-6793.6 -4798.0 -73.5 297 0 8.6 9.5 8.0 2.5 2 1 2 3 3
-6644.6 -4461.4 -74.2 269 0 7.8 11.3 5.0 2.5 2 1 2 1 1
-6191.0 -4503.2 -55.5 87 0 13.7 8.7 2.5 2.5 2 0 1 5 5
-6582.9 -3862.2 -79.9 224 0 6.7 4.7 2.5 2.5 4 0 1 2 2
-6584.8 -3869.0 -80.0 229 0 4.4 8.0 2.5 2.5 2 1 1 1 1
-6547.1 -5999.2 99.6 107 0 7.5 10.3 5.0 2.5 2 1 2 1 1
-6539.7 -5919.9 96.7 199 0 7.3 8.4 5.0 0.0 0 1 2 5 5
-6519.5 -5939.2 99.0 19 0 11.2 6.8 5.0 2.5 2 0 2 4 4
-6554.2 -5942.3 100.7 195 0 16.7 9.4 5.0 2.5 2 0 2 3 3
-6534.1 -5967.8 99.6 15 0 14.8 14.8 5.0 2.5 2 1 2 1 1
-4312.9 -313.4 -82.8 121 0 6.9 5.6 5.0 2.5 2 0 2 4 4
-4316.0 -320.0 -82.5 121 0 7.6 6.3 5.0 2.5 2 0 2 5 5
-4347.7 -315.9 -83.1 304 0 12.2 9.3 5.0 2.5 2 0 2 0 0
-4347.7 -303.8 -82.5 127 0 9.5 9.5 5.0 2.5 2 0 2 4 4
-4334.6 -324.8 -83.2 307 0 7.2 8.2 5.0 2.5 2 1 2 0 0
-4322.8 -334.0 -83.4 302 0 7.1 7.8 5.0 0.0 0 1 2 0 0
-4292.2 -333.6 -81.7 216 0 7.6 7.4 5.0 2.5 2 0 2 5 5
-4297.7 -349.9 -82.2 303 0 8.4 7.3 5.0 2.5 2 0 2 0 0
-4292.0 -367.9 -80.2 201 0 11.2 17.7 5.0 0.0 0 1 2 0 0
-4299.2 -391.4 -80.6 204 0 7.7 7.0 5.0 2.5 2 0 2 3 3
-4313.0 -385.5 -82.6 206 0 9.3 7.6 5.0 2.5 2 0 2 1 1
-4340.2 -372.8 -85.1 116 0 10.9 11.1 5.0 2.5 2 1 2 5 5
-4356.3 -357.5 -84.2 118 0 7.7 7.1 5.0 2.5 2 0 2 1 1
-4372.6 -352.3 -83.5 120 0 12.0 9.7 5.0 2.5 4 0 2 0 0
-4376.5 -387.0 -82.2 118 0 15.1 8.4 5.0 2.5 2 0 2 5 5
-4396.9 -388.0 -82.0 119 0 9.8 13.6 5.0 2.5 2 1 2 1 1
-4412.9 -404.5 -81.7 206 0 9.1 11.9 5.0 2.5 2 1 2 0 0
-4420.4 -447.9 -80.9 215 0 7.5 7.0 5.0 2.5 2 0 2 1 1
-4411.1 -450.7 -80.8 211 0 4.7 5.8 5.0 2.5 2 1 2 4 4
-4573.4 -665.9 -81.6 35 0 8.0 8.4 5.0 0.0 0 1 2 3 3
-4682.3 -674.0 -84.9 219 0 6.9 8.9 5.0 2.5 2 1 2 2 2
-4665.2 -677.5 -84.3 307 0 7.4 11.9 5.0 2.5 2 1 2 0 0
-4614.8 -674.4 -82.5 210 0 9.8 16.0 5.0 2.5 2 1 2 4 4
-4644.2 -715.9 -83.3 219 0 4.6 8.8 5.0 2.5 2 1 2 5 5
-4649.8 -723.4 -83.5 218 0 7.2 8.5 5.0 2.5 2 1 2 5 5
-4657.8 -734.2 -83.8 216 0 7.0 8.6 5.0 2.5 4 1 2 4 4
-4748.7 -778.3 -86.4 217 0 8.6 7.1 2.5 0.0 0 0 1 3 3
-4745.1 -894.4 -88.6 47 0 8.5 11.4 2.5 2.5 2 1 1 5 5
-4755.9 -864.6 -89.2 230 0 9.1 7.7 2.5 0.0 0 0 1 3 3
-4768.8 -803.0 -89.0 225 0 7.6 10.9 2.5 2.5 4 1 1 0 0
-4780.5 -815.7 -90.5 224 0 8.9 9.2 2.5 2.5 2 1 1 0 0
-4788.5 -823.1 -91.4 231 0 8.0 9.8 2.5 2.5 2 1 1 4 4
-4798.0 -832.5 -91.6 226 0 7.7 10.1 2.5 2.5 4 1 1 4 4
-4817.8 -864.6 -90.7 51 0 12.4 16.4 2.5 2.5 2 1 1 3 3
-4974.5 -987.7 -95.3 53 0 9.8 8.0 7.5 2.5 2 0 3 0 0
-5096.2 -1105.6 -94.7 129 0 14.5 10.0 5.0 0.0 0 0 2 0 0
-5159.3 -1193.9 -95.5 208 0 4.7 11.2 7.5 2.5 4 1 3 4 4
-5161.7 -1209.1 -95.7 118 0 13.2 9.1 7.5 2.5 2 0 3 5 5
-5323.3 -1395.2 -102.5 58 0 9.6 9.4 5.0 0.0 0 0 2 2 2
-5398.2 -1524.6 -96.3 22 0 7.6 5.6 5.0 0.0 0 0 2 4 4
-5421.7 -1637.8 -96.0 21 0 12.1 16.7 5.0 0.0 0 1 2 2 2
-5683.5 -1992.6 -97.1 208 0 8.3 7.9 7.5 2.5 4 0 3 0 0
-5626.2 -2026.5 -95.9 97 0 6.6 8.3 5.0 2.5 2 1 2 4 4
-5832.9 -2085.1 -99.1 25 0 6.9 5.8 2.5 2.5 2 0 1 5 5
-5804.5 -1341.6 -105.2 36 0 5.0 7.9 7.5 2.5 2 1 3 5 5
-5898.3 -1477.5 -109.8 41 0 7.0 8.6 2.5 2.5 2 1 1 3 3
-6059.1 -1683.6 -109.2 215 0 10.4 17.2 2.5 2.5 2 1 1 1 1
-6056.7 -1738.7 -105.6 24 0 8.5 15.0 7.5 0.0 0 1 3 0 0
-6486.2 -4908.4 -68.0 131 0 9.5 9.0 5.0 0.0 0 0 2 0 0
-6504.0 -4945.1 -67.1 43 0 9.4 10.0 5.0 2.5 2 1 2 4 4
-6532.9 -4857.9 -70.1 139 0 9.3 16.3 5.0 2.5 2 1 2 1 1
-6545.9 -4840.7 -69.7 122 0 8.6 9.0 5.0 2.5 2 1 2 1 1
-6554.4 -4832.3 -69.7 126 0 9.2 13.2 5.0 2.5 2 1 2 1 1
-6562.5 -4821.7 -69.8 124 0 8.5 11.1 5.0 2.5 2 1 2 4 4
-6573.6 -4815.1 -69.9 125 0 9.4 12.6 5.0 2.5 2 1 2 4 4
-6583.2 -4810.3 -69.9 124 0 5.1 9.3 5.0 2.5 2 1 2 2 2
-6606.0 -4782.4 -70.7 127 0 9.4 8.9 5.0 2.5 4 0 2 2 2
-6593.0 -4861.1 -69.7 310 0 8.2 16.0 5.0 2.5 2 1 2 2 2
-6695.8 -4732.8 -75.9 132 0 9.4 16.7 5.0 2.5 2 1 2 3 3
-6651.4 -4757.6 -73.0 122 0 18.5 8.1 5.0 0.0 0 0 2 0 0
-6696.5 -4774.7 -73.5 306 0 9.1 9.4 5.0 2.5 2 1 2 2 2
-6750.4 -4792.4 -74.1 204 0 8.9 9.6 5.0 2.5 2 1 2 3 3
-6503.5 -4519.7 -67.9 85 0 8.5 8.1 5.0 2.5 2 0 2 3 3
-6538.1 -4521.8 -71.0 90 0 9.6 7.8 5.0 2.5 4 0 2 4 4
-6565.6 -4522.8 -72.2 74 0 8.0 9.4 5.0 2.5 2 1 2 1 1
-6588.7 -4524.9 -73.4 85 0 15.3 9.2 5.0 0.0 0 0 2 5 5
-6616.6 -4528.9 -74.3 87 0 9.5 11.4 5.0 2.5 2 1 2 1 1
-6636.6 -4530.4 -75.0 88 0 9.2 8.8 5.0 2.5 2 0 2 2 2
-6660.2 -4530.6 -75.6 88 0 7.9 12.5 5.0 2.5 2 1 2 5 5
-6675.2 -4534.1 -76.1 87 0 10.3 17.6 5.0 2.5 2 1 2 0 0
-4337.9 -393.0 -83.0 292 0 10.9 17.4 5.0 2.5 2 1 2 5 5
-4357.0 -428.2 -80.3 197 0 12.2 10.9 5.0 2.5 2 0 2 5 5
-4370.0 -414.2 -81.2 295 0 7.7 8.2 5.0 2.5 2 1 2 0 0
-4379.7 -410.5 -81.4 293 0 7.3 14.0 5.0 2.5 4 1 2 0 0
-4394.1 -419.7 -81.3 288 0 8.6 12.6 5.0 2.5 2 1 2 3 3
-4336.1 -309.7 -82.6 121 0 8.2 10.8 5.0 0.0 0 1 2 3 3
-4277.5 -405.3 -79.5 22 0 11.3 16.4 5.0 2.5 2 1 2 3 3
-4258.6 -388.2 -77.3 2 0 9.6 9.4 5.0 2.5 2 0 2 4 4
-4307.9 -414.2 -79.9 292 0 7.9 8.3 5.0 2.5 2 1 2 3 3
-4412.1 -438.5 -81.1 202 0 9.1 9.2 5.0 2.5 2 1 2 0 0
-4421.3 -484.8 -80.3 130 0 8.6 8.0 5.0 2.5 2 0 2 5 5
-2952.5 -687.5 -35.7 82 0 9.1 13.0 2.5 2.5 4 1 1 0 0
-2935.8 -674.7 -34.6 262 0 9.8 15.1 2.5 2.5 2 1 1 5 5
-2911.8 -683.1 -34.7 1 0 9.5 8.3 2.5 2.5 2 0 1 1 1
-2918.5 -663.7 -35.4 267 0 7.7 7.3 2.5 2.5 2 0 1 0 0
-2939.6 -658.7 -36.0 352 0 8.2 9.1 2.5 2.5 2 1 1 3 3
-2960.9 -612.1 -37.2 346 0 7.8 7.7 2.5 2.5 2 0 1 3 3
-2928.3 -635.5 -36.7 171 0 8.1 6.2 2.5 2.5 4 0 1 5 5
-2930.8 -619.7 -37.4 169 0 7.9 7.2 2.5 2.5 2 0 1 2 2
-2933.5 -608.7 -37.6 169 0 7.7 6.5 2.5 2.5 2 0 1 4 4
-2936.7 -597.6 -38.1 167 0 7.7 7.2 2.5 2.5 2 0 1 0 0
-2938.6 -587.1 -38.5 165 0 6.4 7.3 2.5 2.5 2 1 1 4 4
-2941.6 -574.0 -39.2 166 0 8.5 6.8 2.5 2.5 2 0 1 0 0
-2947.0 -558.0 -40.1 165 0 8.5 8.8 2.5 2.5 2 1 1 1 1
-2946.3 -638.4 -36.8 334 0 5.9 6.5 2.5 2.5 2 1 1 1 1
-2964.8 -629.1 -37.1 339 0 6.6 5.6 2.5 2.5 2 0 1 5 5
-2965.2 -592.7 -38.2 341 0 9.9 8.1 2.5 2.5 2 0 1 4 4
-2970.3 -581.1 -38.6 349 0 7.6 5.7 2.5 2.5 2 0 1 3 3
-2973.8 -561.3 -39.8 346 0 8.0 7.3 2.5 2.5 2 0 1 2 2
-2999.8 -586.8 -38.2 167 0 10.6 11.0 2.5 2.5 2 1 1 0 0
-3005.3 -550.5 -40.3 165 0 9.6 8.1 2.5 2.5 2 0 1 0 0
-3022.3 -519.3 -43.2 171 0 9.6 16.5 2.5 2.5 2 1 1 5 5
-3019.7 -504.5 -45.2 170 0 10.9 11.5 2.5 2.5 2 1 1 2 2
-2962.2 -492.8 -43.5 167 0 7.5 8.1 2.5 2.5 2 1 1 4 4
-2958.0 -509.1 -42.6 164 0 8.7 12.4 2.5 2.5 2 1 1 4 4
-2989.3 -496.3 -45.7 349 0 8.5 8.3 2.5 2.5 2 0 1 5 5
-2913.9 -534.3 -41.0 0 0 7.4 8.5 2.5 2.5 2 1 1 0 0
-2913.1 -549.9 -40.2 3 0 8.0 8.4 2.5 0.0 0 1 1 1 1
-811.2 99.1 -88.2 323 0 7.2 9.1 2.5 2.5 2 1 1 2 2
-814.2 123.5 -87.9 345 0 8.7 8.1 2.5 2.5 2 0 1 0 0
-841.6 109.8 -88.5 157 0 9.9 9.3 2.5 2.5 2 0 1 1 1
-818.0 141.5 -87.1 344 0 6.3 9.9 2.5 2.5 2 1 1 4 4
-847.5 136.2 -87.4 171 0 9.8 7.3 2.5 2.5 2 0 1 1 1
-820.8 164.2 -86.2 354 0 7.4 9.5 2.5 2.5 2 1 1 5 5
-852.6 160.2 -86.3 180 0 8.6 10.8 2.5 0.0 0 1 1 3 3
-853.6 188.1 -86.6 176 0 7.6 8.6 2.5 2.5 2 1 1 0 0
-822.4 188.5 -87.0 357 0 8.6 11.1 2.5 2.5 2 1 1 2 2
-792.9 182.9 -86.8 189 0 9.5 6.9 5.0 2.5 2 0 2 1 1
-794.1 219.3 -87.9 169 0 7.8 8.1 5.0 2.5 2 1 2 4 4
-823.6 215.4 -86.8 0 0 6.8 8.8 2.5 2.5 2 1 1 1 1
-821.5 230.6 -86.7 358 0 6.1 10.0 2.5 2.5 2 1 1 4 4
-821.1 243.7 -86.7 0 0 5.1 9.3 2.5 2.5 2 1 1 3 3
-818.4 258.2 -87.1 5 0 8.4 17.7 2.5 0.0 0 1 1 5 5
-820.5 275.1 -87.1 7 0 8.7 8.5 2.5 2.5 2 0 1 4 4
-818.1 290.7 -87.5 10 0 8.5 11.0 2.5 2.5 2 1 1 2 2
-788.3 272.4 -88.7 180 0 8.4 8.1 5.0 2.5 2 0 2 3 3
-786.8 290.7 -89.0 190 0 9.0 8.5 5.0 2.5 2 0 2 5 5
-785.4 305.4 -89.2 182 0 8.4 11.1 5.0 2.5 2 1 2 1 1
-784.4 321.1 -90.3 185 0 8.9 8.8 5.0 2.5 2 0 2 5 5
-689.3 506.4 -102.1 286 0 8.5 15.8 5.0 2.5 2 1 2 5 5
-713.8 513.9 -102.4 285 0 10.3 12.9 5.0 0.0 0 1 2 0 0
-733.3 521.2 -102.5 276 0 10.8 9.7 5.0 2.5 2 0 2 4 4
-744.0 497.2 -102.8 195 0 7.9 6.8 5.0 2.5 2 0 2 5 5
-748.0 477.6 -103.0 180 0 9.9 7.3 5.0 2.5 2 0 2 2 2
-747.9 432.5 -100.6 12 0 7.5 4.5 5.0 2.5 2 0 2 0 0
-745.0 451.9 -102.1 9 0 6.4 6.9 5.0 2.5 2 1 2 0 0
-765.7 420.2 -99.9 99 0 15.3 12.6 5.0 2.5 2 0 2 3 3
-775.4 456.9 -101.4 190 0 7.7 6.3 5.0 2.5 2 0 2 1 1
-770.7 480.2 -102.0 184 0 7.1 8.0 5.0 0.0 0 1 2 0 0
-767.4 500.6 -102.4 189 0 6.4 8.3 5.0 0.0 0 1 2 2 2
-763.7 520.9 -102.6 176 0 7.9 7.5 5.0 0.0 0 0 2 4 4
-793.2 520.3 -101.6 4 0 6.9 8.0 2.5 2.5 2 1 1 4 4
-804.0 459.0 -100.4 20 0 6.7 7.5 2.5 2.5 2 1 1 4 4
-797.8 493.0 -101.1 6 0 7.6 9.1 2.5 2.5 2 1 1 3 3
-837.3 476.8 -100.3 191 0 6.5 7.0 2.5 2.5 2 1 1 2 2
-846.1 452.6 -97.5 196 0 8.4 8.0 2.5 2.5 2 0 1 0 0
-855.3 427.6 -92.1 204 0 6.4 6.2 2.5 2.5 2 0 1 5 5
-816.5 523.8 -101.3 276 0 6.1 10.4 2.5 0.0 0 1 1 2 2
-833.8 526.0 -101.1 276 0 7.4 7.9 2.5 2.5 2 1 1 3 3
1709.7 1265.7 -83.4 232 0 8.5 10.8 5.0 2.5 2 1 2 3 3
1689.2 1250.9 -86.2 223 0 9.5 12.9 5.0 2.5 2 1 2 1 1
1603.5 1128.5 -87.0 219 0 12.4 14.0 5.0 2.5 2 1 2 2 2
1509.6 988.3 -87.5 122 0 6.6 7.0 5.0 2.5 2 1 2 4 4
1531.4 959.8 -85.3 141 0 6.8 9.7 5.0 2.5 2 1 2 3 3
1506.5 1101.9 -93.2 119 0 17.6 8.6 5.0 0.0 0 0 2 3 3
1552.8 1050.9 -87.4 220 0 8.7 7.0 5.0 2.5 2 0 2 1 1
1532.5 1079.7 -90.2 295 0 9.5 9.4 5.0 2.5 4 0 2 5 5
1521.5 1061.3 -90.5 37 0 10.2 5.4 5.0 2.5 2 0 2 4 4
1511.3 1042.5 -90.7 39 0 14.8 9.2 5.0 2.5 2 0 2 5 5
1504.1 982.4 -87.0 304 0 7.6 7.4 5.0 2.5 4 0 2 3 3
1471.0 990.0 -88.8 51 0 21.6 11.3 5.0 2.5 2 0 2 0 0
1481.8 937.8 -84.6 235 0 9.6 11.1 5.0 2.5 4 1 2 4 4
1452.6 913.5 -83.7 217 0 6.5 8.3 5.0 2.5 2 1 2 2 2
1444.4 900.8 -83.1 225 0 6.4 7.9 5.0 2.5 2 1 2 1 1
1407.9 839.8 -80.2 328 0 9.5 7.8 5.0 2.5 2 0 2 5 5
1413.0 905.3 -84.6 60 0 10.7 9.6 5.0 2.5 4 0 2 0 0
1402.7 901.2 -84.6 48 0 7.8 10.6 5.0 2.5 2 1 2 0 0
1338.3 839.6 -84.0 254 0 6.6 8.4 5.0 0.0 0 1 2 2 2
1295.0 867.3 -89.6 73 0 7.8 8.7 5.0 2.5 4 1 2 1 1
1235.4 857.9 -93.5 88 0 8.1 8.4 5.0 2.5 2 1 2 3 3
1223.1 855.7 -94.3 77 0 6.3 9.1 5.0 0.0 0 1 2 5 5
1219.7 834.2 -92.8 270 0 7.6 7.4 5.0 2.5 2 0 2 5 5
1193.9 851.8 -96.2 86 0 9.8 6.6 5.0 2.5 2 0 2 1 1
1167.4 850.1 -97.1 59 0 8.9 6.5 5.0 2.5 2 0 2 5 5
1187.3 823.0 -92.5 262 0 9.9 10.5 5.0 2.5 2 1 2 3 3
1130.4 804.3 -88.4 261 0 7.4 9.3 5.0 2.5 2 1 2 2 2
1109.1 847.1 -96.0 270 0 8.1 9.6 5.0 2.5 2 1 2 2 2
-5638.0 -4501.4 -42.6 90 0 12.2 9.9 5.0 2.5 2 0 2 0 0
-5687.4 -4459.8 -46.5 264 0 22.6 9.3 5.0 2.5 2 0 2 0 0
-4975.7 -1094.3 -89.7 127 0 14.9 11.9 5.0 2.5 4 0 2 0 0
