2874.3 5757.5 -569.3 312 0 11.4 9.3 5.0 2.5 2 0 2 2 2
2469.8 5383.7 -563.3 54 0 9.1 7.8 2.5 2.5 2 0 1 1 1
2608.7 5441.0 -565.0 230 0 6.8 10.8 5.0 2.5 2 1 2 1 1
2497.6 5349.2 -563.9 230 0 8.8 11.9 5.0 2.5 2 1 2 0 0
2375.6 6211.2 -568.7 125 0 6.3 5.7 5.0 2.5 2 0 2 2 2
2518.3 5372.0 -563.8 235 0 8.3 7.1 5.0 2.5 2 0 2 3 3
2720.4 5533.9 -567.3 238 0 16.7 11.6 5.0 0.0 0 0 2 5 5
2441.5 5365.3 -563.7 59 0 9.9 8.3 2.5 2.5 2 0 1 1 1
2576.3 6003.0 -567.7 310 0 8.2 7.7 5.0 2.5 2 0 2 5 5
2760.7 5850.8 -569.0 316 0 9.0 13.8 5.0 2.5 2 1 2 3 3
2798.1 5796.1 -568.2 129 0 9.1 7.2 5.0 2.5 2 0 2 3 3
2342.1 6027.5 -561.5 333 0 14.2 22.9 5.0 2.5 2 1 2 4 4
2695.5 5906.2 -568.1 307 0 7.1 6.4 5.0 2.5 2 0 2 0 0
2171.2 5185.4 -559.4 49 0 3.7 4.9 2.5 2.5 2 1 1 0 0
2418.4 6115.1 -567.6 37 0 7.9 7.4 5.0 2.5 2 0 2 0 0
2411.1 6181.3 -568.3 134 0 6.3 6.8 5.0 0.0 0 1 2 2 2
2436.6 5293.8 -565.0 230 0 9.3 7.8 5.0 2.5 2 0 2 1 1
2869.1 5807.8 -569.5 130 0 10.6 9.0 5.0 0.0 0 0 2 1 1
2510.3 6099.9 -568.1 127 0 7.1 8.0 2.5 2.5 4 1 1 4 4
2936.6 5677.2 -569.6 128 0 7.4 14.3 5.0 2.5 2 1 2 5 5
2443.1 6155.9 -567.8 131 0 9.2 11.0 5.0 2.5 2 1 2 4 4
2539.8 6024.0 -567.8 307 0 13.3 10.6 5.0 2.5 2 0 2 4 4
2382.0 6205.1 -568.6 122 0 7.8 6.1 5.0 2.5 2 0 2 3 3
2612.3 5489.2 -565.5 54 0 9.5 9.2 2.5 0.0 0 0 1 0 0
2542.7 5997.5 -568.0 133 0 6.8 5.3 5.0 2.5 2 0 2 2 2
2361.6 5258.2 -563.3 238 0 5.1 6.5 5.0 2.5 2 1 2 1 1
2220.5 5214.8 -560.6 57 0 9.4 9.0 2.5 2.5 2 0 1 2 2
2940.1 5760.7 -570.2 125 0 8.5 6.4 5.0 2.5 2 0 2 0 0
2300.7 6233.2 -568.7 312 0 9.0 11.3 5.0 2.5 2 1 2 0 0
2750.3 5910.3 -568.2 129 0 9.6 14.4 2.5 2.5 4 1 1 1 1
2166.4 5179.3 -559.3 51 0 9.3 9.7 2.5 2.5 2 1 1 3 3
2921.7 5598.3 -570.8 48 0 13.9 15.7 5.0 2.5 2 1 2 5 5
2807.4 5776.5 -568.9 128 0 18.0 14.5 5.0 2.5 2 0 2 4 4
2213.4 5160.8 -559.8 241 0 18.1 8.2 5.0 2.5 2 0 2 3 3
2455.3 5315.3 -564.8 234 0 13.3 8.8 5.0 2.5 2 0 2 0 0
2614.4 5501.6 -565.6 54 0 7.0 5.1 2.5 2.5 2 0 1 0 0
2243.9 5179.4 -560.5 239 0 12.8 6.5 5.0 2.5 2 0 2 3 3
2898.7 5628.9 -570.7 316 0 10.6 9.2 5.0 2.5 2 0 2 4 4
2347.8 6168.9 -567.8 131 0 11.3 8.4 5.0 2.5 2 0 2 4 4
2240.8 6284.5 -569.3 308 0 10.1 24.1 5.0 2.5 2 1 2 0 0
2827.9 5873.5 -569.3 40 0 5.7 11.2 2.5 2.5 2 1 1 5 5
2589.3 5479.6 -564.9 51 0 7.8 8.6 2.5 2.5 2 1 1 4 4
2567.6 6059.6 -567.3 137 0 6.9 5.8 2.5 2.5 2 0 1 4 4
2265.3 6313.0 -570.1 120 0 14.2 11.0 5.0 2.5 2 0 2 1 1
2266.0 6248.7 -568.9 308 0 10.0 6.7 5.0 2.5 2 0 2 5 5
2206.3 5200.2 -560.3 52 0 11.9 8.8 2.5 2.5 2 0 1 1 1
2222.4 5146.2 -559.5 56 0 10.6 6.5 5.0 0.0 0 0 2 2 2
2894.6 5814.6 -570.2 120 0 4.9 5.3 5.0 2.5 4 1 2 3 3
2531.8 5458.1 -564.3 239 0 7.7 5.6 2.5 2.5 2 0 1 0 0
2349.7 5296.7 -564.1 58 0 15.2 9.2 2.5 2.5 2 0 1 4 4
2259.9 6306.3 -569.8 130 0 6.8 6.3 5.0 2.5 2 0 2 2 2
2299.7 5265.8 -562.2 52 0 10.2 11.1 2.5 2.5 2 1 1 1 1
2667.2 5932.3 -567.7 309 0 16.6 14.8 5.0 2.5 2 0 2 4 4
2472.7 6130.7 -568.0 125 0 10.8 15.2 2.5 2.5 2 1 1 3 3
2446.6 6101.6 -567.7 221 0 5.9 8.1 5.0 2.5 2 1 2 1 1
2311.4 6213.5 -568.4 309 0 11.1 11.5 5.0 2.5 4 1 2 5 5
2231.6 5219.0 -560.6 49 0 4.3 4.4 2.5 2.5 2 1 1 5 5
2387.9 6212.6 -568.8 127 0 8.2 9.3 5.0 2.5 2 1 2 0 0
2429.5 5323.2 -564.7 233 0 7.5 6.1 5.0 2.5 2 0 2 4 4
2267.0 6255.8 -569.0 316 0 8.6 4.5 5.0 2.5 2 0 2 2 2
2598.5 6029.0 -566.8 136 0 9.3 8.9 2.5 2.5 2 0 1 0 0
2787.9 5828.6 -568.8 308 0 7.3 6.9 5.0 2.5 2 0 2 4 4
2880.7 5822.5 -570.2 125 0 8.8 9.4 5.0 2.5 2 1 2 4 4
2269.9 5197.4 -560.9 238 0 17.6 6.7 5.0 2.5 2 0 2 4 4
2479.2 5236.9 -564.6 148 0 9.2 16.0 5.0 2.5 2 1 2 4 4
2389.6 6154.9 -567.7 305 0 10.6 12.2 5.0 0.0 0 1 2 4 4
2402.3 5333.0 -564.5 54 0 9.4 8.6 2.5 2.5 2 0 1 0 0
2321.4 6256.9 -569.3 121 0 7.4 6.6 5.0 0.0 0 0 2 3 3
2270.9 5248.4 -561.3 56 0 9.6 10.1 2.5 2.5 2 1 1 3 3
2815.2 5810.5 -568.8 311 0 6.6 11.4 5.0 0.0 0 1 2 0 0
2450.9 6115.4 -567.6 219 0 5.5 5.1 5.0 2.5 2 0 2 5 5
2514.4 6051.9 -567.9 313 0 8.0 5.7 5.0 2.5 2 0 2 3 3
2859.3 5567.0 -571.5 146 0 12.9 34.1 5.0 2.5 2 1 2 2 2
2417.8 6174.7 -568.2 131 0 7.5 7.9 5.0 2.5 2 1 2 2 2
2865.9 5645.4 -570.4 226 0 8.3 11.3 5.0 2.5 2 1 2 5 5
2678.4 5825.4 -568.6 115 0 7.8 6.0 5.0 0.0 0 0 2 0 0
2320.0 5276.7 -562.9 59 0 9.0 10.9 2.5 0.0 0 1 1 2 2
2901.8 5726.6 -569.4 40 0 11.4 10.5 5.0 2.5 2 0 2 0 0
2776.9 5816.6 -568.6 130 0 8.7 6.8 5.0 2.5 2 0 2 2 2
2344.3 5248.3 -562.6 232 0 7.3 9.7 5.0 2.5 2 1 2 1 1
2287.4 6281.1 -569.6 128 0 10.4 11.1 5.0 2.5 2 1 2 5 5
2889.0 5793.8 -569.8 133 0 11.3 9.3 5.0 0.0 0 0 2 5 5
2325.3 6199.7 -568.2 307 0 7.7 7.5 5.0 2.5 2 0 2 5 5
2547.9 6030.0 -567.4 305 0 7.1 6.2 5.0 2.5 2 0 2 0 0
2635.0 5954.8 -567.3 309 0 8.7 6.9 5.0 2.5 2 0 2 4 4
2986.5 5734.2 -570.4 93 0 20.8 10.7 5.0 2.5 2 0 2 5 5
2330.0 5235.3 -562.0 234 0 7.3 12.7 5.0 2.5 2 1 2 2 2
2392.5 5267.2 -564.2 235 0 15.8 10.7 5.0 2.5 2 0 2 1 1
2717.9 5929.8 -567.8 134 0 8.1 10.3 2.5 2.5 4 1 1 0 0
2423.6 6123.3 -567.6 33 0 7.5 7.0 5.0 2.5 2 0 2 2 2
2538.8 6080.9 -567.7 131 0 10.5 10.8 2.5 2.5 2 1 1 4 4
2232.2 6337.8 -570.2 128 0 10.3 10.4 5.0 2.5 2 1 2 2 2
2431.6 5302.4 -565.1 230 0 8.7 7.5 5.0 2.5 2 0 2 5 5
2511.3 6044.2 -567.9 310 0 13.7 7.7 5.0 2.5 2 0 2 1 1
2418.3 5314.2 -565.0 234 0 9.1 12.5 5.0 2.5 2 1 2 5 5
2203.8 5167.9 -559.8 238 0 8.8 8.2 5.0 2.5 2 0 2 3 3
2826.7 5808.6 -569.2 310 0 3.6 9.7 5.0 2.5 2 1 2 5 5
2454.6 5265.5 -564.8 321 0 19.6 15.9 5.0 2.5 2 0 2 3 3
2832.1 5803.0 -569.2 311 0 8.7 19.4 5.0 2.5 2 1 2 5 5
1848.8 6879.5 -571.3 241 0 12.8 11.6 5.0 2.5 2 0 2 1 1
1872.8 6841.3 -571.7 151 0 10.6 12.4 5.0 2.5 4 1 2 1 1
1926.2 6826.6 -571.5 151 0 8.8 12.2 2.5 2.5 2 1 1 0 0
1916.2 6862.7 -571.1 157 0 8.1 9.1 2.5 0.0 0 1 1 5 5
1910.3 6779.8 -571.5 332 0 7.8 12.9 5.0 2.5 2 1 2 3 3
1924.6 6733.8 -571.3 328 0 18.3 6.1 5.0 2.5 2 0 2 0 0
1942.1 6716.2 -571.4 333 0 16.8 10.4 5.0 2.5 2 0 2 2 2
1953.9 6779.3 -571.9 154 0 8.8 11.5 2.5 2.5 2 1 1 1 1
1974.8 6732.6 -571.8 157 0 9.8 7.6 2.5 2.5 2 0 1 0 0
1978.6 6721.6 -571.9 158 0 8.6 22.4 2.5 2.5 4 1 1 1 1
1993.5 6687.3 -571.7 155 0 8.1 17.6 2.5 2.5 2 1 1 0 0
1981.8 6606.2 -570.9 333 0 8.7 10.2 2.5 2.5 2 1 1 2 2
2006.5 6564.4 -570.8 336 0 8.6 5.7 2.5 2.5 2 0 1 2 2
2012.1 6555.3 -570.8 338 0 6.4 9.5 2.5 2.5 2 1 1 4 4
2025.6 6607.5 -571.4 156 0 10.4 18.8 2.5 2.5 2 1 1 3 3
2049.4 6543.2 -571.2 149 0 11.3 18.0 2.5 2.5 2 1 1 4 4
2784.2 5788.9 -568.1 132 0 5.7 10.1 5.0 0.0 0 1 2 3 3
2585.2 5470.8 -564.7 51 0 7.9 10.9 2.5 2.5 2 1 1 2 2
3157.8 5781.6 -572.3 2 0 39.4 11.3 5.0 2.5 2 0 2 0 0
3063.8 5764.5 -571.4 115 0 32.5 20.6 5.0 0.0 0 0 2 5 5
3091.7 5753.6 -571.6 119 0 14.1 15.7 5.0 0.0 0 1 2 1 1
3110.8 5787.7 -571.8 301 0 12.4 14.0 5.0 2.5 2 1 2 2 2
2961.6 5609.8 -570.2 318 0 5.1 6.6 5.0 2.5 2 1 2 2 2
2819.3 5656.7 -568.0 51 0 13.4 26.8 5.0 2.5 2 1 2 0 0
2796.4 5637.6 -567.0 50 0 11.0 19.0 5.0 2.5 2 1 2 5 5
2780.2 5618.3 -566.2 50 0 5.1 9.6 5.0 2.5 2 1 2 2 2
2696.3 5581.3 -564.7 241 0 9.2 9.4 2.5 2.5 2 1 1 2 2
2662.1 5570.1 -564.7 239 0 9.7 13.4 2.5 2.5 2 1 1 0 0
2694.5 5479.1 -567.2 48 0 10.0 11.8 5.0 2.5 4 1 2 2 2
2625.1 5499.6 -565.7 56 0 7.9 10.9 2.5 2.5 2 1 1 3 3
2528.5 5413.7 -563.9 51 0 5.4 7.4 2.5 2.5 2 1 1 3 3
2647.0 5523.8 -565.9 59 0 8.3 9.8 2.5 2.5 2 1 1 5 5
2660.3 5467.9 -566.3 238 0 9.6 8.1 5.0 2.5 2 0 2 3 3
2633.7 5455.7 -565.8 234 0 11.2 16.2 5.0 2.5 2 1 2 3 3
2611.8 5425.3 -564.9 148 0 6.2 12.1 5.0 2.5 2 1 2 2 2
2620.5 5420.5 -564.8 152 0 7.9 9.4 5.0 2.5 2 1 2 1 1
2551.7 5391.0 -564.2 234 0 10.1 8.6 5.0 2.5 2 0 2 3 3
2545.5 5441.6 -564.3 54 0 8.2 9.6 2.5 2.5 2 1 1 5 5
2502.6 5440.1 -563.9 231 0 8.1 14.1 2.5 2.5 4 1 1 3 3
2427.7 5355.1 -564.0 54 0 7.1 10.2 2.5 2.5 2 1 1 2 2
2422.0 5348.4 -564.2 51 0 7.6 12.2 2.5 2.5 4 1 1 4 4
2456.7 5329.0 -564.5 233 0 7.8 8.2 5.0 2.5 4 1 2 2 2
2336.8 5244.7 -562.4 231 0 6.9 10.7 5.0 2.5 2 1 2 0 0
2330.6 5284.3 -563.4 54 0 8.3 12.4 2.5 2.5 2 1 1 5 5
2313.3 5287.4 -563.0 57 0 9.6 10.4 2.5 2.5 2 1 1 3 3
2281.9 5248.3 -561.5 56 0 6.7 9.6 2.5 2.5 2 1 1 0 0
2193.5 5149.5 -559.5 232 0 7.3 13.3 5.0 2.5 2 1 2 3 3
2141.7 5113.9 -559.4 236 0 14.0 7.9 5.0 2.5 2 0 2 4 4
2228.9 5177.8 -560.4 236 0 10.1 11.8 5.0 0.0 0 1 2 1 1
2275.7 5219.7 -561.1 232 0 6.7 10.8 5.0 2.5 2 1 2 4 4
2292.5 5216.1 -561.4 232 0 8.3 10.6 5.0 2.5 2 1 2 2 2
2385.7 5276.7 -564.4 235 0 15.8 10.4 5.0 0.0 0 0 2 2 2
2175.5 5136.4 -559.7 231 0 9.3 12.7 5.0 2.5 2 1 2 0 0
3279.0 5767.6 -571.8 271 0 10.7 11.0 5.0 2.5 2 1 2 0 0
3236.9 5764.2 -572.5 182 0 13.5 33.2 5.0 2.5 2 1 2 2 2
3261.9 5681.2 -571.6 23 0 6.1 6.9 5.0 2.5 2 1 2 5 5
3253.3 5702.7 -571.9 293 0 12.5 15.4 5.0 2.5 2 1 2 2 2
3406.3 5743.0 -570.4 95 0 11.5 14.7 5.0 2.5 4 1 2 2 2
3552.5 5723.6 -573.5 40 0 9.3 8.6 7.5 2.5 4 0 3 3 3
3566.4 5629.7 -574.1 222 0 9.8 10.6 2.5 2.5 2 1 1 4 4
3647.8 5617.4 -574.1 297 0 13.9 20.5 2.5 2.5 2 1 1 5 5
3659.1 5614.9 -574.2 277 0 6.3 8.6 2.5 2.5 2 1 1 3 3
3667.2 5605.9 -574.2 301 0 7.2 9.8 2.5 2.5 2 1 1 1 1
4119.7 5678.0 -578.8 28 0 5.8 9.7 2.5 2.5 2 1 1 5 5
4085.9 5652.4 -578.1 221 0 9.4 17.9 2.5 0.0 0 1 1 3 3
4169.0 5606.0 -578.7 61 0 9.0 15.5 7.5 0.0 0 1 3 2 2
4068.3 5545.9 -577.1 210 0 10.3 11.1 5.0 2.5 2 1 2 3 3
3945.3 5526.1 -575.2 110 0 9.4 11.6 5.0 0.0 0 1 2 0 0
3966.1 5517.0 -575.2 111 0 13.5 10.2 5.0 2.5 2 0 2 5 5
3997.9 5518.4 -575.3 26 0 6.4 9.6 5.0 2.5 2 1 2 2 2
3994.4 5511.4 -575.1 27 0 6.5 10.2 5.0 2.5 2 1 2 4 4
4010.5 5503.7 -575.1 209 0 8.5 10.3 5.0 2.5 2 1 2 3 3
4536.3 5394.5 -577.0 95 0 14.1 10.2 2.5 2.5 2 0 1 2 2
4473.6 5305.2 -576.2 94 0 6.2 10.2 5.0 2.5 2 1 2 5 5
4472.6 5326.4 -576.5 187 0 16.7 12.6 5.0 2.5 2 0 2 0 0
4491.0 5310.3 -576.1 94 0 6.7 5.6 5.0 2.5 2 0 2 0 0
4495.6 5288.5 -575.2 184 0 3.8 6.3 5.0 2.5 2 1 2 5 5
4543.0 5296.1 -575.6 99 0 8.9 8.2 5.0 2.5 2 0 2 5 5
4538.5 5327.0 -575.9 277 0 13.7 17.2 5.0 2.5 2 1 2 3 3
5082.8 5433.5 -576.1 82 0 7.8 6.3 2.5 2.5 2 0 1 2 2
5147.6 5395.8 -577.5 63 0 6.3 7.0 5.0 2.5 2 1 2 4 4
5142.6 5410.1 -577.3 342 0 9.5 7.4 5.0 2.5 2 0 2 5 5
5093.8 5376.2 -577.0 87 0 6.6 18.2 5.0 2.5 2 1 2 5 5
5046.0 5432.2 -576.2 82 0 8.0 17.3 2.5 2.5 2 1 1 1 1
5025.6 5422.5 -576.6 88 0 7.0 6.8 2.5 2.5 2 0 1 0 0
4985.4 5461.0 -577.0 266 0 10.8 20.1 2.5 2.5 2 1 1 1 1
4960.3 5465.1 -577.8 267 0 8.5 17.1 2.5 2.5 2 1 1 4 4
4954.0 5392.9 -578.0 85 0 6.6 4.9 2.5 0.0 0 0 1 5 5
4946.2 5417.1 -578.3 84 0 10.3 6.1 2.5 2.5 2 0 1 3 3
4949.2 5399.6 -578.2 84 0 6.7 16.6 2.5 2.5 2 1 1 0 0
4907.5 5395.7 -578.0 88 0 8.4 9.0 2.5 2.5 2 1 1 1 1
4858.6 5408.9 -578.1 268 0 9.8 21.2 2.5 0.0 0 1 1 0 0
4842.6 5381.9 -578.1 81 0 8.5 17.7 2.5 2.5 4 1 1 1 1
4849.4 5346.5 -578.2 265 0 7.2 13.0 5.0 0.0 0 1 2 5 5
4815.4 5340.6 -578.2 264 0 8.1 8.0 5.0 2.5 2 0 2 2 2
4819.7 5322.4 -578.3 78 0 10.8 9.1 5.0 2.5 2 0 2 2 2
4769.4 5329.6 -578.3 267 0 8.7 9.7 5.0 2.5 2 1 2 3 3
4640.3 5392.2 -577.6 181 0 29.3 14.5 2.5 2.5 2 0 1 4 4
4694.4 5436.9 -577.7 269 0 10.4 9.9 2.5 2.5 2 0 1 0 0
4696.1 5424.0 -577.8 271 0 11.2 8.0 2.5 0.0 0 0 1 4 4
4661.7 5419.2 -577.9 181 0 13.3 21.3 2.5 2.5 2 1 1 1 1
4694.5 5376.3 -578.1 91 0 13.3 29.4 2.5 2.5 4 1 1 5 5
5042.1 5376.5 -577.1 265 0 5.1 9.1 5.0 2.5 4 1 2 3 3
5041.1 5387.9 -577.0 266 0 7.1 11.2 5.0 2.5 2 1 2 2 2
5020.9 5393.1 -577.1 266 0 6.0 6.3 5.0 2.5 2 1 2 2 2
5004.2 5387.0 -577.4 262 0 7.0 5.5 5.0 2.5 2 0 2 3 3
5016.9 5381.7 -577.4 263 0 8.2 8.6 5.0 2.5 2 1 2 0 0
5017.9 5372.5 -577.6 265 0 13.2 12.6 5.0 2.5 2 0 2 4 4
5021.9 5348.2 -577.7 87 0 11.5 10.5 5.0 2.5 2 0 2 1 1
4990.2 5292.8 -578.4 174 0 8.6 10.2 5.0 2.5 2 1 2 4 4
4984.5 5314.8 -578.4 173 0 10.9 9.7 5.0 0.0 0 0 2 2 2
4990.2 5376.3 -578.0 263 0 8.3 19.4 5.0 2.5 4 1 2 3 3
4957.4 5367.1 -578.2 173 0 13.8 13.4 5.0 2.5 2 0 2 2 2
4944.5 5356.7 -578.3 356 0 17.3 7.3 5.0 0.0 0 0 2 5 5
4909.6 5340.7 -578.3 176 0 9.2 13.7 5.0 2.5 2 1 2 2 2
4951.3 5325.5 -578.5 353 0 10.2 14.9 5.0 2.5 2 1 2 1 1
4955.7 5283.8 -578.6 347 0 8.1 7.8 5.0 2.5 2 0 2 0 0
4936.3 5251.7 -578.6 2 0 10.5 8.8 5.0 2.5 2 0 2 0 0
4918.1 5259.2 -578.6 270 0 8.7 15.5 5.0 2.5 2 1 2 5 5
4902.1 5207.8 -578.5 93 0 63.4 18.2 5.0 2.5 2 0 2 1 1
4986.1 5177.0 -576.6 357 0 31.2 7.7 5.0 2.5 4 0 2 3 3
5174.6 465.2 -514.3 116 0 8.4 12.7 5.0 0.0 0 1 2 4 4
5128.3 273.9 -509.2 357 0 11.6 10.7 5.0 2.5 2 0 2 3 3
5184.7 228.9 -512.1 172 0 8.6 13.2 5.0 0.0 0 1 2 4 4
5193.4 217.8 -512.5 169 0 9.1 12.5 5.0 2.5 2 1 2 0 0
5199.1 195.1 -514.5 180 0 15.6 10.6 5.0 2.5 2 0 2 2 2
5192.0 165.9 -514.3 181 0 9.9 10.8 5.0 2.5 2 1 2 2 2
5203.4 165.6 -515.1 180 0 7.2 8.9 5.0 2.5 2 1 2 5 5
5206.4 145.3 -515.3 180 0 14.3 6.8 5.0 2.5 2 0 2 3 3
5195.4 144.8 -514.7 178 0 10.4 10.0 5.0 2.5 2 0 2 1 1
5207.3 124.0 -515.3 178 0 9.0 6.9 5.0 2.5 2 0 2 4 4
5197.7 120.2 -514.7 179 0 9.0 9.3 5.0 2.5 4 1 2 2 2
5109.3 197.1 -509.3 349 0 9.8 16.4 5.0 2.5 2 1 2 5 5
5117.3 218.6 -509.4 68 0 12.5 23.7 5.0 2.5 2 1 2 3 3
5135.0 227.1 -510.4 178 0 5.8 8.0 5.0 2.5 2 1 2 1 1
5161.1 221.5 -511.4 354 0 8.4 16.0 5.0 2.5 2 1 2 0 0
5169.2 184.8 -512.0 355 0 9.6 22.1 5.0 2.5 2 1 2 1 1
5169.4 153.5 -512.5 355 0 9.2 9.9 5.0 2.5 2 1 2 0 0
5174.3 129.5 -513.3 349 0 9.3 19.0 5.0 2.5 2 1 2 3 3
5159.4 103.9 -514.4 179 0 13.8 9.4 5.0 2.5 2 0 2 1 1
5038.1 -2419.8 -503.0 86 0 12.0 13.1 5.0 2.5 2 1 2 5 5
2540.7 6127.4 -568.0 317 0 6.8 12.6 2.5 2.5 2 1 1 3 3
2525.6 6114.3 -568.1 130 0 10.4 4.9 2.5 2.5 2 0 1 0 0
2457.1 6189.7 -568.6 312 0 15.0 8.5 5.0 2.5 2 0 2 5 5
2435.9 6165.2 -568.3 132 0 11.9 22.7 5.0 2.5 2 1 2 2 2
2485.3 6080.2 -568.0 312 0 8.8 16.6 5.0 2.5 2 1 2 5 5
3242.5 5883.3 -573.5 181 0 7.1 7.3 2.5 2.5 2 1 1 2 2
3244.3 5866.5 -572.9 191 0 7.0 10.7 2.5 2.5 2 1 1 5 5
3271.1 5864.5 -572.3 7 0 11.0 13.3 2.5 2.5 2 1 1 0 0
3017.9 5848.5 -571.3 301 0 8.9 19.9 5.0 2.5 2 1 2 4 4
2946.5 5743.7 -570.9 124 0 11.9 94.6 5.0 2.5 2 1 2 4 4
2225.6 6357.1 -570.5 139 0 6.9 7.9 5.0 2.5 2 1 2 2 2
2299.7 6282.2 -569.7 137 0 6.9 9.8 5.0 2.5 2 1 2 2 2
2308.8 6294.8 -569.9 130 0 6.9 9.3 5.0 2.5 2 1 2 1 1
2327.7 6268.6 -569.5 140 0 8.6 6.9 5.0 2.5 2 0 2 5 5
2179.7 6349.5 -569.5 313 0 21.5 20.1 5.0 2.5 2 0 2 5 5
2216.0 6301.0 -569.4 318 0 10.1 11.5 5.0 2.5 2 1 2 5 5
2250.6 6283.3 -569.3 313 0 4.9 8.6 5.0 2.5 2 1 2 5 5
2335.1 6198.9 -568.3 309 0 6.3 9.7 5.0 2.5 2 1 2 1 1
2332.5 6208.7 -568.4 312 0 8.6 6.9 5.0 2.5 4 0 2 2 2
2349.5 6244.4 -569.4 131 0 7.9 21.2 5.0 2.5 2 1 2 4 4
2353.7 6235.3 -569.0 131 0 9.0 6.3 5.0 2.5 2 0 2 1 1
2399.0 6204.4 -568.7 138 0 7.5 9.0 5.0 2.5 2 1 2 0 0
2366.8 6172.8 -567.8 319 0 7.5 10.6 5.0 2.5 2 1 2 1 1
2402.1 6144.1 -567.7 319 0 8.5 7.5 5.0 2.5 2 0 2 1 1
2520.8 6105.9 -568.1 131 0 8.9 8.9 2.5 2.5 2 1 1 1 1
2535.0 6094.6 -567.8 128 0 9.2 16.5 2.5 2.5 2 1 1 3 3
2656.0 5994.4 -566.6 131 0 8.0 10.0 2.5 2.5 2 1 1 0 0
2576.9 6055.2 -567.2 139 0 7.9 8.3 2.5 2.5 2 1 1 2 2
2593.4 5962.0 -567.9 131 0 6.9 8.3 5.0 2.5 4 1 2 4 4
2604.9 5976.3 -567.7 311 0 7.8 9.3 5.0 2.5 2 1 2 4 4
2626.1 5960.3 -567.5 314 0 8.7 13.2 5.0 0.0 0 1 2 2 2
2702.6 5957.6 -567.3 135 0 11.8 8.3 2.5 2.5 2 0 1 3 3
2734.4 5955.0 -567.5 312 0 8.7 6.1 2.5 0.0 0 0 1 4 4
2722.9 5942.5 -567.6 133 0 11.9 10.4 2.5 2.5 2 0 1 1 1
2720.0 5858.1 -569.0 225 0 10.4 9.9 5.0 2.5 2 0 2 4 4
2739.3 5873.1 -568.9 316 0 10.2 14.8 5.0 2.5 2 1 2 0 0
2746.9 5860.6 -569.0 318 0 9.1 9.2 5.0 2.5 4 1 2 0 0
2896.5 5841.1 -570.5 311 0 9.7 10.9 5.0 2.5 4 1 2 2 2
2862.1 5863.1 -570.5 219 0 19.3 11.6 5.0 2.5 2 0 2 3 3
2858.9 5844.8 -569.9 215 0 8.7 6.7 5.0 0.0 0 0 2 5 5
2870.6 5830.3 -570.1 128 0 10.1 9.7 5.0 2.5 2 0 2 5 5
2861.3 5821.0 -569.7 130 0 11.2 11.7 5.0 0.0 0 1 2 3 3
2907.7 5797.3 -570.2 129 0 9.5 6.7 5.0 2.5 2 0 2 4 4
2902.1 5788.9 -570.0 132 0 9.8 9.3 5.0 2.5 2 0 2 3 3
2916.3 5785.8 -570.4 130 0 9.7 11.3 5.0 2.5 2 1 2 3 3
3016.2 5653.3 -569.1 114 0 6.9 6.4 5.0 2.5 2 0 2 4 4
3676.3 5560.9 -574.1 20 0 17.6 40.0 2.5 0.0 0 1 1 0 0
4806.8 5372.5 -578.1 77 0 10.8 13.6 2.5 2.5 2 1 1 1 1
5031.6 5409.3 -576.7 78 0 7.2 5.3 2.5 2.5 2 0 1 2 2
5380.0 5466.0 -578.8 211 0 11.6 13.4 5.0 2.5 2 1 2 5 5
5447.5 5480.2 -578.1 209 0 8.9 5.5 5.0 2.5 2 0 2 0 0
5463.4 5467.4 -577.8 313 0 13.8 12.9 5.0 0.0 0 0 2 3 3
5415.4 5435.2 -577.8 211 0 8.0 15.9 5.0 2.5 2 1 2 3 3
5439.6 5415.7 -577.4 120 0 11.4 9.7 5.0 2.5 4 0 2 5 5
5458.6 5406.0 -577.1 110 0 11.7 7.8 5.0 2.5 2 0 2 4 4
5485.4 5394.6 -577.2 23 0 9.7 18.5 5.0 2.5 2 1 2 2 2
6022.7 5411.0 -576.7 200 0 12.3 19.2 2.5 2.5 2 1 1 1 1
6007.9 5464.5 -576.9 2 0 9.3 8.8 2.5 2.5 2 0 1 4 4
6017.2 5477.0 -577.0 359 0 8.2 8.0 2.5 2.5 2 0 1 5 5
6024.3 5469.6 -577.1 24 0 15.9 5.3 2.5 0.0 0 0 1 4 4
6015.5 5449.5 -576.9 23 0 8.5 7.6 2.5 2.5 4 0 1 1 1
5985.0 5443.7 -576.6 207 0 8.3 12.6 2.5 0.0 0 1 1 1 1
5996.4 5408.3 -576.7 25 0 10.2 10.8 2.5 2.5 2 1 1 3 3
5968.8 5379.1 -576.8 18 0 11.4 7.3 2.5 2.5 2 0 1 4 4
5967.0 5367.5 -577.0 19 0 9.3 7.0 2.5 2.5 2 0 1 0 0
5985.8 5384.9 -576.7 20 0 12.3 9.7 2.5 2.5 2 0 1 0 0
6004.3 5383.3 -576.7 202 0 12.8 10.2 2.5 2.5 2 0 1 4 4
5992.1 5364.2 -576.9 202 0 16.2 8.5 2.5 2.5 2 0 1 1 1
5999.2 5346.7 -577.0 201 0 9.8 12.7 2.5 2.5 2 1 1 2 2
5990.9 5322.0 -577.4 206 0 15.5 7.7 2.5 0.0 0 0 1 1 1
5976.6 5298.7 -577.3 205 0 11.7 7.8 2.5 2.5 2 0 1 1 1
6092.5 5245.3 -575.7 16 0 11.5 11.5 2.5 2.5 2 1 1 2 2
6060.7 5234.3 -575.8 106 0 12.5 22.4 2.5 2.5 2 1 1 5 5
6028.6 5245.7 -576.1 109 0 7.2 15.9 2.5 0.0 0 1 1 1 1
5984.1 5257.2 -576.5 111 0 14.8 12.9 2.5 2.5 2 0 1 2 2
6018.4 5214.7 -575.4 306 0 11.4 18.2 5.0 2.5 2 1 2 4 4
6064.6 5165.3 -574.5 22 0 9.7 18.1 5.0 2.5 2 1 2 2 2
6182.0 5199.9 -576.5 111 0 8.0 9.3 5.0 2.5 2 1 2 0 0
6204.5 5194.9 -576.9 106 0 6.0 10.3 5.0 2.5 2 1 2 2 2
6216.6 5130.7 -577.5 90 0 9.2 14.1 5.0 2.5 2 1 2 1 1
6209.0 5157.7 -577.3 288 0 8.7 14.4 5.0 2.5 2 1 2 5 5
6250.4 5178.8 -577.8 110 0 17.3 10.1 5.0 2.5 2 0 2 4 4
6262.9 5145.0 -577.8 295 0 9.6 13.4 5.0 2.5 2 1 2 2 2
6293.0 5084.8 -578.0 15 0 6.2 5.8 5.0 2.5 2 0 2 1 1
6296.9 5167.9 -578.1 118 0 7.9 13.7 5.0 2.5 2 1 2 5 5
6305.5 5165.8 -577.8 120 0 7.1 8.6 5.0 2.5 2 1 2 2 2
6305.2 5152.1 -578.7 123 0 8.1 7.4 5.0 2.5 2 0 2 4 4
6324.8 5153.0 -577.8 119 0 10.6 7.3 5.0 2.5 2 0 2 4 4
6279.8 4952.6 -579.1 43 0 9.0 7.3 2.5 2.5 2 0 1 0 0
6200.5 4947.9 -575.1 225 0 7.8 8.4 2.5 2.5 2 1 1 4 4
6186.2 4935.5 -572.4 308 0 8.2 11.0 2.5 2.5 4 1 1 5 5
6327.9 5093.9 -579.4 211 0 10.0 19.8 5.0 2.5 2 1 2 1 1
6399.2 5058.9 -581.0 299 0 12.1 13.9 2.5 2.5 2 1 1 4 4
6385.8 4992.7 -581.6 120 0 34.9 13.6 2.5 2.5 4 0 1 4 4
6477.9 5042.3 -580.1 122 0 17.7 10.2 5.0 2.5 2 0 2 1 1
6530.7 5068.1 -578.1 302 0 6.6 9.5 5.0 2.5 2 1 2 1 1
6525.5 5059.7 -578.9 301 0 11.0 11.5 5.0 2.5 2 1 2 5 5
6548.8 5062.7 -578.4 303 0 11.4 23.4 5.0 2.5 4 1 2 4 4
6560.5 5073.8 -576.4 301 0 4.4 6.9 5.0 2.5 2 1 2 5 5
6533.9 4957.9 -580.1 32 0 10.9 10.7 7.5 0.0 0 0 3 4 4
6515.5 4925.1 -579.4 29 0 8.0 9.9 7.5 2.5 2 1 3 2 2
6482.4 4920.2 -579.3 210 0 17.4 15.8 7.5 2.5 4 0 3 4 4
-6868.7 -6242.6 563.8 180 0 6.9 6.7 5.0 2.5 2 0 2 0 0
-6872.0 -6223.7 569.2 185 0 5.9 8.5 2.5 0.0 0 1 1 0 0
-6835.1 -6227.0 569.7 269 0 9.3 5.2 7.5 2.5 2 0 3 0 0
-6824.1 -6239.4 567.9 277 0 7.3 4.5 7.5 2.5 2 0 3 0 0
-6807.7 -6237.8 569.5 272 0 7.0 7.9 5.0 2.5 2 1 2 5 5
-6276.4 -3845.5 279.4 192 0 7.6 5.4 2.5 2.5 2 0 1 4 4
-6302.9 -3831.2 280.4 16 0 9.0 8.9 2.5 0.0 0 0 1 2 2
-6288.4 -3863.3 274.0 203 0 10.4 11.6 2.5 2.5 2 1 1 5 5
-6308.3 -3853.0 275.2 14 0 9.8 7.3 2.5 2.5 2 0 1 1 1
-6310.3 -3872.7 271.0 14 0 7.3 9.6 2.5 2.5 2 1 1 4 4
-6293.7 -3878.6 271.0 190 0 6.5 8.3 2.5 2.5 2 1 1 3 3
-6298.5 -3895.7 267.6 217 0 9.6 5.3 2.5 0.0 0 0 1 4 4
-6327.0 -3941.7 263.6 217 0 10.7 9.3 2.5 2.5 2 0 1 5 5
-6308.8 -3913.4 266.1 217 0 9.4 8.8 2.5 2.5 2 0 1 0 0
-6316.2 -3886.5 267.7 37 0 8.3 7.1 2.5 2.5 2 0 1 3 3
-6327.0 -3903.1 265.1 37 0 10.3 8.7 2.5 2.5 2 0 1 5 5
-6353.9 -3937.3 262.1 37 0 9.0 7.6 2.5 2.5 2 0 1 4 4
-6342.2 -3925.0 263.2 30 0 7.6 8.1 2.5 2.5 4 1 1 2 2
-6344.4 -3960.1 261.9 216 0 5.7 7.0 2.5 2.5 2 1 1 5 5
-6362.8 -3982.0 260.0 218 0 7.1 8.9 2.5 2.5 2 1 1 2 2
2004.1 5071.7 -556.9 60 0 7.1 7.5 2.5 2.5 4 1 1 3 3
2028.2 5085.1 -558.2 57 0 6.2 9.4 2.5 0.0 0 1 1 1 1
2033.9 5090.5 -558.3 56 0 6.7 10.5 2.5 2.5 2 1 1 5 5
2065.1 5113.8 -558.5 56 0 14.5 10.2 2.5 2.5 2 0 1 3 3
2085.3 5123.8 -558.5 66 0 8.0 8.0 2.5 2.5 4 1 1 2 2
2112.9 5144.1 -558.8 54 0 7.9 11.0 2.5 2.5 2 1 1 3 3
2113.5 5095.5 -559.0 240 0 8.9 9.6 5.0 2.5 2 1 2 0 0
2065.3 5043.2 -558.7 59 0 8.4 14.0 5.0 0.0 0 1 2 5 5
2047.5 5052.8 -558.6 241 0 8.9 9.2 5.0 2.5 2 1 2 0 0
2033.6 5043.8 -557.8 238 0 7.7 6.7 5.0 2.5 2 0 2 1 1
1987.8 5022.4 -555.3 242 0 9.2 12.3 5.0 2.5 2 1 2 3 3
1978.7 5080.7 -555.9 238 0 10.2 14.3 2.5 2.5 2 1 1 3 3
1964.8 5071.6 -554.9 243 0 10.8 8.2 2.5 2.5 2 0 1 3 3
1950.2 5036.7 -553.8 66 0 9.7 8.5 2.5 2.5 2 0 1 3 3
1963.2 5014.3 -554.2 243 0 7.0 9.3 5.0 2.5 2 1 2 1 1
1939.9 4999.7 -553.0 251 0 10.7 12.6 5.0 2.5 2 1 2 2 2
1921.9 5029.8 -552.2 70 0 13.1 7.8 2.5 0.0 0 0 1 4 4
1905.9 5023.6 -550.5 75 0 11.8 8.3 2.5 2.5 2 0 1 1 1
690.2 3355.1 -500.1 53 0 8.0 6.0 2.5 2.5 2 0 1 2 2
-61.2 6745.8 -554.2 96 0 7.7 7.9 2.5 2.5 2 1 1 5 5
-2257.4 5857.0 -523.7 184 0 25.7 113.9 10.0 0.0 0 1 4 2 2
-2094.3 5827.4 -528.0 3 0 17.3 34.4 10.0 2.5 2 1 4 5 5
-2139.5 6116.8 -528.1 281 0 15.9 45.9 10.0 2.5 4 1 4 2 2
-2136.4 6034.5 -525.0 10 0 20.5 12.1 5.0 2.5 2 0 2 3 3
-2139.2 6008.5 -524.5 9 0 20.9 13.0 10.0 2.5 2 0 4 1 1
-2134.8 5980.1 -527.1 10 0 15.5 27.6 10.0 0.0 0 1 4 2 2
4715.9 5528.1 -577.2 181 0 8.4 16.5 2.5 0.0 0 1 1 4 4
4720.0 5499.4 -576.9 91 0 13.1 13.6 2.5 2.5 2 1 1 4 4
4697.8 5534.0 -576.9 184 0 12.2 11.9 2.5 2.5 2 0 1 0 0
4696.5 5519.2 -576.8 187 0 10.1 11.7 2.5 2.5 2 1 1 2 2
4650.6 5534.1 -576.8 95 0 12.8 13.2 2.5 2.5 2 1 1 1 1
4659.4 5516.7 -576.8 275 0 29.8 12.2 2.5 2.5 2 0 1 3 3
4757.2 5360.7 -578.2 88 0 11.6 18.2 2.5 2.5 4 1 1 0 0
4720.1 5405.6 -578.0 1 0 13.0 13.5 2.5 0.0 0 1 1 2 2
4713.6 5431.8 -577.8 270 0 13.0 9.7 2.5 2.5 2 0 1 3 3
4642.3 5430.9 -577.6 181 0 35.5 12.2 2.5 0.0 0 0 1 1 1
