-3670.6 116.4 -11.9 308 0 9.5 20.4 2.5 2.5 2 1 1 5 5
-3693.9 20.4 -14.1 129 0 15.3 6.7 7.5 2.5 2 0 3 4 4
-3704.2 72.2 -13.0 120 0 8.4 14.4 2.5 2.5 2 1 1 0 0
-3709.2 136.9 -11.7 301 0 25.4 11.9 10.0 2.5 2 0 4 4 4
-3752.4 163.3 -10.8 301 0 10.1 10.1 7.5 2.5 2 0 3 0 0
-3812.7 197.4 -10.7 294 0 15.8 8.4 5.0 2.5 2 0 2 2 2
-3821.5 88.4 -14.3 117 0 6.1 13.0 2.5 2.5 2 1 1 4 4
-3891.6 124.0 -13.6 114 0 6.2 11.2 5.0 2.5 2 1 2 3 3
-3917.7 136.6 -13.4 204 0 13.8 5.8 5.0 2.5 2 0 2 5 5
-3885.3 112.7 -13.8 113 0 5.1 12.2 7.5 2.5 2 1 3 2 2
-3868.2 111.2 -13.8 121 0 5.7 14.8 7.5 2.5 2 1 3 0 0
-3808.1 77.2 -14.5 126 0 6.2 14.1 7.5 2.5 2 1 3 4 4
-3904.3 128.0 -13.6 117 0 6.6 13.2 2.5 2.5 2 1 1 5 5
-3734.6 40.0 -14.3 127 0 7.7 12.9 7.5 2.5 4 1 3 2 2
-3461.0 4004.1 -12.1 26 0 10.4 7.4 2.5 2.5 2 0 1 0 0
-3502.7 4025.0 -12.2 208 0 3.9 7.4 2.5 2.5 2 1 1 3 3
-3505.0 4017.7 -12.0 207 0 5.0 6.6 2.5 2.5 2 1 1 3 3
-3337.6 3955.5 -7.0 199 0 12.1 27.6 2.5 2.5 2 1 1 0 0
-3333.3 3996.2 -9.9 295 0 8.9 7.2 2.5 2.5 2 0 1 3 3
-3344.7 4022.6 -11.9 296 0 9.7 6.9 2.5 2.5 2 0 1 2 2
-3351.8 4003.8 -10.3 295 0 7.1 6.1 2.5 2.5 2 0 1 5 5
-3380.9 4000.2 -10.8 115 0 7.3 10.5 2.5 2.5 2 1 1 3 3
-3382.2 4037.8 -13.9 294 0 9.2 11.3 2.5 2.5 2 1 1 5 5
-3377.5 4047.2 -14.3 294 0 10.8 8.8 2.5 2.5 2 0 1 1 1
-3392.2 4075.1 -15.3 112 0 8.2 5.6 2.5 2.5 2 0 1 3 3
-3396.4 4067.2 -15.0 115 0 9.1 6.4 2.5 2.5 2 0 1 1 1
-3400.1 4054.0 -14.3 297 0 11.4 15.5 2.5 2.5 2 1 1 5 5
-3399.3 4007.7 -12.5 116 0 8.5 14.1 2.5 2.5 2 1 1 4 4
-3410.4 4024.7 -13.3 209 0 10.9 5.9 2.5 2.5 2 0 1 5 5
-3485.4 3955.6 -8.0 118 0 13.7 8.3 2.5 2.5 2 0 1 2 2
-3464.7 3978.5 -9.3 299 0 8.9 19.9 2.5 2.5 2 1 1 4 4
-3445.2 4041.2 -13.5 29 0 14.3 11.9 2.5 2.5 2 0 1 4 4
-3460.9 4066.6 -14.1 296 0 4.3 8.8 2.5 2.5 2 1 1 3 3
-3462.6 4077.7 -14.5 296 0 10.0 7.5 2.5 2.5 2 0 1 3 3
-3474.5 4084.2 -14.6 295 0 6.1 11.2 2.5 2.5 2 1 1 3 3
-3493.4 4100.0 -15.5 111 0 7.5 12.5 2.5 2.5 2 1 1 5 5
-3508.3 4090.2 -14.0 26 0 8.3 11.0 2.5 2.5 2 1 1 4 4
-3796.3 69.1 -14.6 123 0 6.2 14.7 5.0 2.5 2 1 2 2 2
3628.5 -4292.1 12.0 33 0 11.6 16.0 2.5 2.5 4 1 1 2 2
3543.2 -4258.9 11.8 123 0 11.1 11.6 2.5 2.5 4 1 1 1 1
3572.1 -4270.6 13.2 33 0 9.9 15.3 2.5 2.5 2 1 1 0 0
3582.6 -4282.7 12.3 124 0 16.5 17.3 2.5 2.5 2 1 1 2 2
3377.1 -4211.4 6.8 19 0 12.9 34.1 2.5 2.5 4 1 1 3 3
3291.6 -4192.7 7.6 256 0 14.7 16.3 2.5 2.5 2 1 1 1 1
3150.8 -4463.4 -14.8 270 0 6.1 9.3 5.0 2.5 2 1 2 3 3
3173.5 -4464.6 -15.0 273 0 7.1 12.0 5.0 2.5 2 1 2 4 4
3197.4 -4463.8 -14.5 267 0 7.9 6.4 5.0 2.5 4 0 2 4 4
3227.9 -4448.6 -12.4 92 0 6.9 10.5 5.0 2.5 2 1 2 5 5
3239.2 -4457.0 -12.6 92 0 8.9 7.2 5.0 2.5 2 0 2 3 3
3246.5 -4464.9 -14.1 272 0 8.0 15.2 5.0 2.5 2 1 2 2 2
3251.8 -4457.1 -12.2 92 0 8.1 9.6 5.0 2.5 2 1 2 0 0
3614.6 -4441.6 -14.2 10 0 7.9 15.5 5.0 2.5 2 1 2 3 3
3571.7 -4436.0 -10.3 101 0 12.3 10.8 5.0 2.5 2 0 2 2 2
3552.4 -4437.9 -7.4 102 0 11.1 6.3 5.0 2.5 2 0 2 1 1
3549.3 -4428.0 -4.3 95 0 9.9 9.6 5.0 2.5 2 0 2 3 3
3532.7 -4418.1 -3.7 96 0 16.2 8.4 5.0 2.5 2 0 2 1 1
3494.3 -4425.3 -6.0 100 0 11.2 6.1 5.0 0.0 0 0 2 2 2
3512.7 -4415.3 -4.0 99 0 10.2 13.8 5.0 2.5 2 1 2 2 2
3589.7 -4461.9 -16.3 10 0 9.9 9.1 5.0 0.0 0 0 2 2 2
3607.2 -4460.4 -17.4 281 0 11.7 10.5 2.5 2.5 2 0 1 2 2
3625.3 -4487.3 -18.4 14 0 7.2 11.6 2.5 0.0 0 1 1 4 4
3622.3 -4497.2 -18.5 13 0 9.0 10.8 2.5 2.5 2 1 1 5 5
3596.0 -4489.8 -17.6 191 0 12.3 9.5 2.5 2.5 2 0 1 2 2
3585.6 -4490.2 -16.7 11 0 8.4 10.6 5.0 2.5 2 1 2 4 4
3559.5 -4483.7 -16.2 187 0 11.7 11.3 5.0 2.5 2 0 2 0 0
3531.6 -4450.2 -8.6 278 0 13.1 7.8 5.0 0.0 0 0 2 4 4
3552.0 -4467.7 -14.1 4 0 7.8 6.6 5.0 2.5 2 0 2 1 1
3550.2 -4485.7 -16.2 9 0 5.7 9.9 5.0 0.0 0 1 2 0 0
3525.3 -4483.5 -13.6 97 0 10.9 8.3 5.0 0.0 0 0 2 1 1
3507.1 -4438.5 -8.4 276 0 10.9 12.1 5.0 2.5 2 1 2 5 5
3498.2 -4459.6 -10.2 187 0 8.7 11.5 5.0 2.5 2 1 2 3 3
3482.5 -4453.2 -10.1 188 0 9.0 13.8 5.0 2.5 2 1 2 3 3
3479.7 -4472.3 -12.3 185 0 8.5 15.5 5.0 2.5 2 1 2 4 4
3461.3 -4437.6 -9.2 183 0 10.9 12.8 5.0 2.5 2 1 2 1 1
3472.6 -4451.7 -10.6 2 0 10.8 7.4 5.0 0.0 0 0 2 5 5
3470.4 -4465.6 -12.0 1 0 7.3 8.5 5.0 2.5 2 1 2 3 3
3428.4 -4468.2 -12.2 91 0 10.1 12.1 5.0 2.5 2 1 2 5 5
3388.9 -4474.9 -13.2 271 0 9.1 10.4 5.0 2.5 2 1 2 5 5
3342.6 -4458.1 -10.4 94 0 38.1 12.9 5.0 2.5 2 0 2 3 3
-3770.4 93.4 -13.4 125 0 5.1 14.7 7.5 2.5 2 1 3 3 3
-3755.1 84.3 -13.5 124 0 6.9 10.0 7.5 2.5 2 1 3 0 0
-3767.1 160.8 -10.8 301 0 9.3 11.7 5.0 2.5 2 1 2 0 0
-3777.3 141.3 -11.5 304 0 8.3 10.2 2.5 2.5 2 1 1 2 2
-3786.7 134.2 -11.8 302 0 7.6 5.9 2.5 2.5 2 0 1 1 1
-3794.2 119.7 -12.4 122 0 7.2 9.6 7.5 2.5 2 1 3 3 3
-3804.8 125.4 -12.7 122 0 5.2 11.2 2.5 2.5 4 1 1 5 5
-3817.9 122.6 -13.5 118 0 6.6 7.3 7.5 2.5 2 1 3 1 1
-3832.8 132.8 -13.4 117 0 5.3 11.7 7.5 2.5 2 1 3 2 2
-3842.0 137.0 -13.4 118 0 6.0 10.7 7.5 2.5 2 1 3 5 5
-3863.0 157.0 -13.2 296 0 7.3 10.3 5.0 2.5 2 1 2 4 4
-3881.9 160.3 -13.1 203 0 11.8 6.5 5.0 2.5 2 0 2 2 2
-3845.8 110.5 -13.9 120 0 7.3 17.5 7.5 2.5 2 1 3 3 3
-3832.8 91.7 -14.2 120 0 7.5 13.3 7.5 2.5 4 1 3 4 4
-3681.9 39.1 -13.6 38 0 10.2 5.6 5.0 2.5 2 0 2 4 4
-3654.3 32.2 -13.3 45 0 11.2 8.5 5.0 2.5 2 0 2 2 2
-3700.4 36.0 -13.8 125 0 5.9 12.6 7.5 2.5 2 1 3 3 3
-3711.6 26.9 -14.3 126 0 8.6 6.2 7.5 2.5 2 0 3 5 5
-3777.2 65.0 -14.4 127 0 9.0 6.5 7.5 2.5 4 0 3 4 4
-3755.3 54.8 -14.3 127 0 7.7 12.9 5.0 2.5 2 1 2 2 2
3704.5 -4506.5 -17.3 99 0 14.1 8.0 2.5 2.5 4 0 1 2 2
3677.4 -4514.7 -19.7 102 0 9.6 15.3 2.5 2.5 2 1 1 5 5
3909.2 -4487.3 -6.2 297 0 11.0 14.7 5.0 2.5 2 1 2 3 3
3891.3 -4511.4 -9.6 205 0 26.2 11.0 5.0 2.5 2 0 2 2 2
3831.3 -4513.5 -11.3 281 0 10.4 9.7 5.0 2.5 2 0 2 2 2
3824.9 -4545.5 -14.0 100 0 10.9 10.8 5.0 0.0 0 0 2 2 2
3797.1 -4512.2 -11.6 195 0 11.3 15.8 5.0 0.0 0 1 2 1 1
3806.7 -4536.5 -13.6 102 0 9.6 11.4 5.0 2.5 2 1 2 0 0
3783.0 -4518.3 -13.5 15 0 11.7 13.1 5.0 2.5 2 1 2 5 5
3752.5 -4510.0 -14.4 190 0 12.4 9.6 5.0 2.5 2 0 2 1 1
3756.6 -4531.5 -16.1 100 0 15.3 12.4 5.0 0.0 0 0 2 2 2
3738.9 -4487.1 -13.9 278 0 15.9 10.2 2.5 2.5 2 0 1 0 0
3743.8 -4505.5 -15.0 12 0 8.8 12.1 2.5 2.5 2 1 1 5 5
3741.9 -4519.4 -17.0 11 0 14.7 11.7 2.5 0.0 0 0 1 4 4
3717.8 -4523.1 -18.0 105 0 11.3 17.3 2.5 2.5 2 1 1 5 5
3705.0 -4484.1 -15.5 289 0 7.0 7.1 2.5 2.5 2 1 1 1 1
3705.4 -4519.3 -18.4 104 0 7.7 10.1 2.5 2.5 2 1 1 1 1
3694.8 -4520.1 -19.3 105 0 10.3 11.4 2.5 2.5 2 1 1 1 1
3685.4 -4489.4 -17.5 281 0 10.6 8.4 2.5 2.5 4 0 1 5 5
3664.9 -4511.5 -19.8 102 0 9.4 11.9 2.5 0.0 0 1 1 3 3
3664.5 -4490.1 -18.1 191 0 11.4 10.6 2.5 2.5 2 0 1 2 2
3673.3 -4471.8 -16.4 284 0 12.0 10.7 2.5 2.5 2 0 1 5 5
3666.3 -4465.9 -14.8 103 0 11.3 12.7 2.5 2.5 2 1 1 4 4
3646.0 -4460.5 -15.1 103 0 11.0 22.5 2.5 2.5 2 1 1 4 4
3776.3 -4346.9 12.4 101 0 8.1 9.7 2.5 2.5 2 1 1 4 4
3726.7 -4316.3 13.3 102 0 16.7 13.6 2.5 0.0 0 0 1 2 2
3695.1 -4268.7 14.7 201 0 17.4 27.0 2.5 2.5 2 1 1 0 0
3679.9 -4309.8 12.6 108 0 14.8 9.1 2.5 2.5 2 0 1 1 1
1362.1 -4084.9 -15.1 303 0 6.5 9.8 7.5 2.5 2 1 3 2 2
1355.2 -4080.1 -15.1 301 0 7.4 10.2 7.5 2.5 2 1 3 1 1
1342.2 -4073.9 -15.1 303 0 10.0 12.5 5.0 2.5 4 1 2 2 2
1330.4 -4065.0 -14.9 296 0 8.6 6.8 7.5 2.5 2 0 3 1 1
1309.2 -4057.1 -14.7 300 0 5.3 9.4 5.0 2.5 2 1 2 2 2
1289.6 -4052.1 -14.8 208 0 9.7 9.4 2.5 2.5 2 0 1 0 0
1279.7 -4096.5 -15.1 111 0 7.8 14.1 7.5 2.5 2 1 3 5 5
1292.1 -4096.8 -15.1 114 0 7.4 11.4 7.5 2.5 2 1 3 4 4
1308.7 -4103.6 -15.1 113 0 6.5 10.0 7.5 2.5 2 1 3 1 1
1323.2 -4112.1 -15.1 113 0 11.1 8.9 5.0 2.5 2 0 2 2 2
1338.4 -4112.6 -15.1 108 0 7.5 7.2 2.5 2.5 2 0 1 0 0
1352.4 -4115.9 -15.1 113 0 9.9 6.6 7.5 2.5 4 0 3 0 0
1377.3 -4095.4 -15.1 299 0 6.3 11.6 5.0 2.5 2 1 2 4 4
1385.5 -4107.0 -15.1 304 0 5.8 7.4 5.0 2.5 2 1 2 2 2
1373.5 -4130.9 -15.1 116 0 6.0 9.8 5.0 2.5 2 1 2 5 5
1386.7 -4132.2 -15.1 112 0 8.7 6.4 5.0 2.5 2 0 2 1 1
1412.7 -4122.5 -15.1 27 0 11.3 10.1 2.5 2.5 2 0 1 5 5
