-321.8 -5824.4 -3.6 192 0 8.9 15.3 2.5 2.5 2 1 1 1 1
-309.7 -5815.4 -3.6 98 0 8.7 15.5 2.5 2.5 2 1 1 4 4
-677.3 -5665.6 -2.8 111 0 8.2 7.0 7.5 2.5 2 0 3 0 0
-609.5 -5558.7 -2.5 3 0 8.0 10.8 5.0 2.5 2 1 2 0 0
-686.7 -5252.8 -1.2 150 0 16.0 9.0 5.0 0.0 0 0 2 5 5
-592.9 -5295.1 -2.5 330 0 9.1 7.3 5.0 2.5 2 0 2 3 3
-564.5 -5281.0 -2.2 327 0 8.5 8.0 5.0 2.5 2 0 2 0 0
-606.5 -5307.0 -2.5 59 0 13.8 10.1 5.0 2.5 2 0 2 4 4
-619.3 -5312.8 -1.9 58 0 8.5 9.6 5.0 2.5 2 1 2 1 1
-635.1 -5317.1 -1.5 146 0 10.1 8.0 5.0 2.5 2 0 2 1 1
-650.5 -5312.6 -1.4 147 0 8.5 10.9 5.0 2.5 2 1 2 5 5
-313.5 -5778.2 -2.9 194 0 7.8 5.1 2.5 2.5 2 0 1 3 3
-234.2 -5623.6 -1.6 101 0 7.3 5.2 5.0 2.5 2 0 2 4 4
-354.7 -5667.8 -2.1 182 0 9.9 9.0 5.0 2.5 2 0 2 1 1
-240.9 -5704.0 -3.1 94 0 34.2 10.2 2.5 0.0 0 0 1 2 2
-524.7 -5103.7 -2.6 346 0 10.8 8.2 2.5 2.5 2 0 1 4 4
-554.1 -5140.9 -2.3 75 0 13.7 11.0 2.5 2.5 2 0 1 4 4
-578.0 -5142.2 -2.3 166 0 13.5 9.0 2.5 2.5 2 0 1 3 3
-596.6 -5147.6 -2.2 165 0 17.2 11.4 2.5 2.5 2 0 1 1 1
-531.2 -5135.7 -2.4 77 0 18.6 11.6 2.5 2.5 2 0 1 4 4
-579.7 -5027.8 -2.4 346 0 14.1 29.0 2.5 2.5 2 1 1 5 5
-571.0 -5018.9 -2.7 256 0 12.8 29.5 2.5 2.5 2 1 1 5 5
-565.7 -5067.6 -2.5 166 0 20.1 12.9 2.5 2.5 2 0 1 1 1
-535.3 -5106.0 -2.4 346 0 10.2 7.9 2.5 2.5 2 0 1 5 5
-556.5 -5100.3 -2.3 166 0 11.5 10.1 2.5 2.5 2 0 1 2 2
-530.3 -5081.3 -2.7 346 0 11.0 27.9 2.5 2.5 2 1 1 3 3
-254.5 -5668.0 -2.6 3 0 10.0 14.8 5.0 2.5 2 1 2 5 5
-375.7 -5728.1 -2.5 196 0 11.6 14.1 5.0 2.5 2 1 2 5 5
73.8 -5729.7 -2.2 95 0 10.6 10.6 2.5 2.5 2 1 1 2 2
-70.3 -5843.7 -2.7 32 0 10.0 6.0 5.0 2.5 2 0 2 3 3
-84.2 -5864.8 -3.2 24 0 13.6 9.2 5.0 2.5 2 0 2 4 4
-65.8 -5879.2 -3.4 206 0 10.8 7.6 2.5 2.5 2 0 1 3 3
-167.3 -5857.5 -3.5 189 0 7.5 10.4 5.0 2.5 2 1 2 0 0
-533.6 -5063.7 -2.8 347 0 21.5 10.8 2.5 2.5 2 0 1 1 1
-584.5 -5235.2 -2.5 331 0 131.0 103.1 5.0 0.0 0 0 2 1 1
