-3561.0 2094.3 0.7 298 0 7.6 8.6 2.5 2.5 2 1 1 0 0
-3387.0 1971.3 -4.8 122 0 6.1 5.8 2.5 2.5 2 0 1 0 0
-3547.5 2066.8 -2.0 294 0 8.4 7.5 2.5 2.5 2 0 1 2 2
-3177.7 1895.5 -3.0 205 0 7.7 7.7 5.0 2.5 2 0 2 1 1
-3570.4 2097.8 1.3 297 0 6.0 7.8 2.5 0.0 0 1 1 5 5
-3135.6 1932.8 -2.3 117 0 7.2 6.9 5.0 2.5 2 0 2 2 2
-3315.3 1942.8 -5.3 123 0 11.0 23.6 2.5 2.5 2 1 1 1 1
1374.7 -1473.5 -0.5 239 0 10.7 14.4 5.0 2.5 2 1 2 5 5
-3563.1 2032.4 -3.5 115 0 6.0 6.6 2.5 2.5 2 1 1 3 3
-3236.6 1848.2 -3.0 119 0 8.3 6.7 2.5 2.5 2 0 1 4 4
-3270.1 1960.0 -4.6 297 0 6.8 7.4 2.5 2.5 2 1 1 5 5
-3571.4 1972.5 -3.8 294 0 36.4 11.7 2.5 0.0 0 0 1 3 3
-3496.0 2069.7 -2.7 209 0 6.5 6.4 2.5 2.5 2 0 1 4 4
-3219.3 1839.8 -2.9 116 0 7.7 7.7 2.5 2.5 2 0 1 0 0
-3287.0 1929.3 -4.7 120 0 6.4 7.9 2.5 2.5 2 1 1 0 0
-3159.2 1881.0 -3.0 30 0 5.3 6.0 5.0 2.5 2 1 2 0 0
-3159.1 1829.8 -2.5 210 0 8.4 8.9 2.5 2.5 2 1 1 5 5
-3156.9 2000.7 -2.0 295 0 6.9 8.4 5.0 2.5 2 1 2 1 1
-3106.3 1916.2 -2.2 119 0 5.0 6.4 5.0 2.5 2 1 2 4 4
-3453.5 2107.2 -2.7 299 0 6.5 7.4 2.5 2.5 4 1 1 0 0
-3157.2 1816.2 -2.4 214 0 8.2 8.4 2.5 2.5 2 1 1 2 2
1382.7 -1497.4 -0.8 149 0 8.2 7.7 2.5 2.5 2 0 1 4 4
-3464.4 1960.7 -4.5 118 0 7.9 7.3 2.5 2.5 2 0 1 4 4
-3141.0 1844.6 -2.4 208 0 7.8 6.2 2.5 2.5 2 0 1 1 1
-3133.9 1876.4 -2.5 208 0 6.8 8.0 2.5 2.5 2 1 1 3 3
-3500.5 1969.5 -4.2 120 0 7.6 9.1 2.5 2.5 2 1 1 1 1
-3194.4 1886.5 -3.1 209 0 8.4 8.6 5.0 2.5 2 1 2 0 0
-3390.2 2058.0 -3.9 115 0 8.9 9.5 2.5 2.5 2 1 1 2 2
-3238.6 1891.4 -3.6 120 0 8.8 8.2 2.5 2.5 2 0 1 2 2
-3358.7 2039.1 -4.4 118 0 9.7 9.3 2.5 2.5 4 0 1 0 0
-3579.1 2078.4 0.0 205 0 6.2 4.1 2.5 2.5 2 0 1 2 2
-3232.1 1900.2 -3.6 119 0 9.8 8.0 2.5 2.5 2 0 1 1 1
-3548.2 2013.0 -3.8 120 0 7.5 7.9 2.5 2.5 2 1 1 5 5
-3171.0 1983.8 -2.4 203 0 6.2 5.9 5.0 2.5 2 0 2 1 1
-3161.4 1866.3 -3.1 29 0 8.4 8.8 5.0 2.5 2 1 2 5 5
-3311.5 1985.7 -4.9 299 0 32.9 12.7 2.5 2.5 2 0 1 0 0
-3539.2 1992.1 -4.0 117 0 8.4 8.6 2.5 2.5 2 1 1 2 2
-3478.8 2114.2 -1.8 210 0 6.8 5.6 2.5 2.5 2 0 1 4 4
-3179.7 1872.7 -3.1 118 0 7.3 8.5 5.0 2.5 2 1 2 3 3
-3203.1 1831.4 -2.7 113 0 7.7 7.9 2.5 2.5 2 1 1 4 4
-3219.7 1924.8 -3.6 207 0 8.3 10.6 2.5 2.5 2 1 1 5 5
-3608.2 2012.3 -3.4 26 0 7.6 7.0 2.5 2.5 2 0 1 1 1
-3376.9 2062.4 -3.9 115 0 6.3 6.0 2.5 2.5 2 0 1 1 1
-3172.8 1955.0 -2.9 120 0 6.9 7.4 5.0 2.5 2 1 2 1 1
-3430.4 2091.4 -3.1 116 0 7.7 8.2 2.5 2.5 2 1 1 1 1
1465.7 -1680.7 0.6 339 0 15.1 9.6 5.0 2.5 2 0 2 3 3
-3431.8 2039.6 -3.9 298 0 8.3 7.4 2.5 2.5 2 0 1 0 0
-3199.4 1868.4 -3.1 120 0 8.5 9.7 5.0 2.5 2 1 2 1 1
-3511.4 1954.5 -3.9 298 0 8.7 9.6 2.5 2.5 2 1 1 5 5
-3126.6 1978.8 -1.5 25 0 8.1 7.2 5.0 2.5 2 0 2 2 2
-3347.9 2004.2 -4.8 300 0 7.0 7.8 2.5 2.5 4 1 1 3 3
-3574.0 2114.8 2.8 293 0 6.5 7.8 2.5 2.5 2 1 1 5 5
-3392.7 2032.8 -4.3 26 0 5.7 5.2 2.5 2.5 2 0 1 5 5
-3480.9 1968.6 -4.3 119 0 6.7 7.3 2.5 0.0 0 1 1 1 1
-3423.9 1960.9 -4.5 31 0 8.0 7.1 2.5 2.5 2 0 1 2 2
-3207.9 1891.8 -3.3 29 0 8.1 6.9 2.5 2.5 2 0 1 1 1
-3195.3 1975.1 -3.0 203 0 6.3 6.4 5.0 2.5 2 1 2 5 5
-3337.8 1999.4 -4.8 301 0 7.7 7.5 2.5 2.5 2 0 1 0 0
-3151.6 1941.0 -2.6 119 0 7.1 6.3 5.0 2.5 4 0 2 3 3
-3385.4 1996.6 -4.8 210 0 9.0 8.8 2.5 2.5 2 0 1 0 0
-3300.1 1902.5 -4.2 298 0 9.1 9.2 2.5 2.5 4 1 1 3 3
-3441.3 1937.2 -4.7 118 0 5.8 8.7 2.5 2.5 2 1 1 1 1
-3515.6 1979.7 -4.1 120 0 9.0 7.2 2.5 2.5 2 0 1 1 1
-3258.7 1859.8 -3.5 120 0 8.9 8.5 2.5 0.0 0 0 1 3 3
1465.2 -1712.2 1.9 75 0 8.1 11.4 7.5 0.0 0 1 3 2 2
-3597.8 2006.6 -3.4 25 0 10.1 8.7 2.5 0.0 0 0 1 2 2
-3126.4 1917.6 -2.3 121 0 8.9 7.5 5.0 0.0 0 0 2 1 1
-3188.0 1920.7 -3.4 29 0 9.9 9.6 2.5 2.5 2 0 1 1 1
-3194.8 1907.1 -3.3 30 0 7.1 9.0 2.5 2.5 2 1 1 0 0
-3588.9 2063.5 -1.1 204 0 5.7 5.6 2.5 2.5 2 0 1 5 5
-3090.0 1907.2 -2.1 115 0 8.2 8.0 5.0 2.5 2 0 2 1 1
-3454.8 1975.6 -4.4 294 0 6.0 6.1 2.5 2.5 2 1 1 3 3
1430.4 -1571.9 -1.8 58 0 8.0 10.2 7.5 2.5 2 1 3 2 2
-3595.2 2047.5 -2.4 206 0 6.2 5.7 2.5 2.5 2 0 1 2 2
-3119.7 1925.7 -2.1 115 0 6.4 5.9 5.0 2.5 2 0 2 0 0
-3415.4 1927.1 -4.6 213 0 8.4 7.2 2.5 2.5 2 0 1 2 2
1425.5 -1548.7 -1.5 329 0 6.2 6.5 5.0 2.5 2 1 2 2 2
-3566.4 2022.4 -3.6 116 0 6.5 7.2 2.5 2.5 2 1 1 5 5
-3132.0 1859.8 -2.4 206 0 8.9 7.1 2.5 0.0 0 0 1 4 4
-3149.4 1889.5 -3.0 26 0 8.1 7.0 5.0 2.5 4 0 2 3 3
-3297.1 2017.6 -4.3 118 0 13.9 22.5 2.5 2.5 2 1 1 5 5
-3376.8 2049.1 -4.2 114 0 7.4 10.5 2.5 2.5 2 1 1 4 4
