-262.0 -6151.5 -7.2 1 0 4.6 6.2 2.5 2.5 2 1 1 1 1
-272.5 -6166.6 -7.5 94 0 5.0 10.4 7.5 2.5 2 1 3 5 5
-280.4 -6137.8 -7.4 171 0 12.0 14.6 2.5 2.5 2 1 1 5 5
-284.6 -6069.8 -7.6 174 0 7.2 6.6 7.5 2.5 2 0 3 4 4
-331.5 -6090.7 -7.1 72 0 11.7 13.7 5.0 2.5 2 1 2 0 0
-359.1 -6039.8 -6.3 349 0 6.5 8.4 5.0 2.5 2 1 2 0 0
-331.3 -6010.3 -6.1 359 0 15.4 5.0 5.0 2.5 2 0 2 2 2
-365.3 -6082.6 -5.9 80 0 16.6 11.9 5.0 2.5 2 0 2 1 1
93.7 -5260.0 -6.3 287 0 10.5 7.1 2.5 2.5 2 0 1 1 1
68.4 -5276.4 -5.7 110 0 4.6 4.4 2.5 2.5 2 0 1 4 4
79.2 -5273.3 -6.0 105 0 5.3 5.2 2.5 0.0 0 0 1 1 1
58.8 -5252.4 -5.9 197 0 5.0 7.1 2.5 2.5 2 1 1 0 0
26.6 -5193.2 -6.0 107 0 31.5 23.9 2.5 0.0 0 0 1 4 4
-447.5 -5919.1 -6.1 118 0 6.6 10.4 5.0 2.5 4 1 2 1 1
-487.4 -5894.2 -6.1 123 0 5.0 11.9 5.0 2.5 2 1 2 4 4
-471.5 -5876.4 -6.1 315 0 9.4 8.4 5.0 2.5 2 0 2 1 1
-506.9 -5851.0 -5.8 231 0 7.2 7.3 5.0 2.5 2 1 2 1 1
-497.1 -5842.3 -5.8 310 0 6.9 6.3 5.0 0.0 0 0 2 2 2
-487.0 -5850.7 -5.9 304 0 5.9 6.5 5.0 2.5 4 1 2 1 1
-493.0 -5858.3 -5.9 302 0 6.2 5.9 5.0 2.5 2 0 2 4 4
-484.2 -5866.8 -6.0 307 0 6.4 6.4 5.0 2.5 2 0 2 0 0
-508.2 -5890.1 -6.0 124 0 6.2 8.5 5.0 2.5 2 1 2 2 2
-643.6 -5799.2 -5.1 201 0 6.2 10.1 2.5 2.5 2 1 1 1 1
-612.2 -5821.1 -5.1 21 0 6.0 7.0 2.5 2.5 2 1 1 1 1
-621.9 -5845.1 -4.9 26 0 5.6 8.9 2.5 2.5 2 1 1 4 4
-607.3 -5806.9 -5.2 23 0 7.1 8.1 2.5 2.5 2 1 1 2 2
-698.6 -5614.6 -6.0 302 0 5.8 5.6 2.5 2.5 2 0 1 1 1
-695.6 -5602.8 -6.0 294 0 6.1 6.9 2.5 2.5 2 1 1 0 0
-684.6 -5617.4 -6.2 299 0 5.1 8.2 2.5 2.5 2 1 1 5 5
-681.5 -5609.0 -6.2 297 0 5.5 6.9 2.5 2.5 2 1 1 0 0
-678.5 -5588.7 -5.7 111 0 6.2 5.9 2.5 2.5 2 0 1 1 1
-38.0 -5588.3 -4.2 32 0 6.7 7.8 5.0 2.5 2 1 2 0 0
-203.5 -5631.2 -5.1 181 0 8.4 13.3 5.0 2.5 2 1 2 2 2
-410.4 -5930.7 -5.4 114 0 9.7 6.3 5.0 2.5 2 0 2 1 1
-386.4 -5884.1 -5.1 139 0 8.4 9.2 2.5 2.5 2 1 1 4 4
-354.3 -5908.2 -5.0 105 0 9.0 9.4 2.5 2.5 2 1 1 2 2
-328.6 -5781.5 -6.4 9 0 13.1 11.4 2.5 2.5 2 0 1 0 0
-331.8 -5703.6 -6.9 346 0 9.0 16.2 2.5 2.5 2 1 1 1 1
-327.4 -5629.0 -6.7 176 0 13.6 11.7 5.0 2.5 2 0 2 2 2
-358.8 -5628.1 -6.3 356 0 7.7 8.7 2.5 2.5 2 1 1 0 0
-421.6 -5639.6 -5.8 285 0 19.5 20.8 2.5 2.5 2 1 1 1 1
-495.1 -5582.9 -5.6 281 0 11.5 28.5 2.5 2.5 2 1 1 5 5
-499.4 -5629.6 -5.2 193 0 10.7 29.4 2.5 2.5 2 1 1 3 3
-311.1 -5505.2 -6.5 352 0 5.4 6.9 5.0 0.0 0 1 2 4 4
-337.0 -5504.9 -6.7 175 0 7.6 8.6 5.0 2.5 4 1 2 0 0
-337.5 -5491.3 -6.6 175 0 9.7 9.0 5.0 2.5 2 0 2 5 5
-327.9 -5464.0 -6.4 176 0 17.1 9.8 5.0 2.5 2 0 2 0 0
-332.9 -5418.1 -6.2 175 0 9.9 13.5 5.0 2.5 2 1 2 3 3
-361.7 -5326.3 -5.7 168 0 11.8 10.0 5.0 2.5 2 0 2 3 3
-286.9 -5032.4 -4.6 108 0 9.3 8.7 5.0 2.5 4 0 2 2 2
-286.5 -5014.1 -4.6 203 0 9.5 9.6 5.0 2.5 2 1 2 4 4
-301.4 -5008.3 -4.5 200 0 9.6 12.8 5.0 2.5 2 1 2 4 4
-327.8 -5149.2 -4.4 188 0 13.1 10.3 5.0 2.5 2 0 2 0 0
-434.2 -5160.0 -3.9 287 0 8.7 8.2 2.5 2.5 4 0 1 3 3
-406.1 -5165.3 -4.0 275 0 8.1 10.6 2.5 2.5 2 1 1 4 4
-392.2 -5167.5 -4.1 286 0 13.1 16.7 2.5 2.5 2 1 1 1 1
-394.4 -5219.6 -4.7 18 0 18.1 18.8 2.5 2.5 2 1 1 4 4
-360.2 -5240.1 -4.9 198 0 9.1 13.3 5.0 2.5 2 1 2 0 0
-360.4 -5258.2 -5.1 192 0 16.9 12.5 5.0 2.5 2 0 2 5 5
-370.6 -5279.8 -5.4 194 0 15.6 13.7 5.0 2.5 2 0 2 5 5
-384.1 -5259.2 -5.2 194 0 6.5 8.8 5.0 2.5 2 1 2 4 4
-416.4 -5236.8 -4.7 17 0 5.3 9.0 2.5 2.5 2 1 1 2 2
-414.2 -5253.8 -4.8 17 0 12.2 13.5 2.5 2.5 2 1 1 3 3
-410.7 -5315.2 -5.2 192 0 4.1 5.0 5.0 0.0 0 1 2 5 5
-403.8 -5318.2 -5.3 196 0 5.9 4.2 5.0 2.5 2 0 2 0 0
-410.5 -5302.1 -5.3 199 0 16.6 11.3 5.0 0.0 0 0 2 0 0
-435.0 -5271.8 -4.6 15 0 7.1 13.3 2.5 2.5 2 1 1 3 3
-422.9 -5285.0 -4.8 12 0 8.8 16.2 2.5 0.0 0 1 1 3 3
-444.8 -5321.8 -4.8 22 0 16.6 19.1 2.5 2.5 2 1 1 3 3
-459.3 -5380.4 -5.0 16 0 11.0 5.5 2.5 2.5 2 0 1 5 5
-413.8 -5381.9 -5.7 174 0 11.1 10.1 5.0 2.5 2 0 2 0 0
-388.3 -5384.4 -5.8 3 0 9.5 12.3 5.0 2.5 2 1 2 3 3
-368.5 -5387.0 -6.1 4 0 11.7 13.9 5.0 0.0 0 1 2 5 5
-375.5 -5421.1 -6.3 35 0 9.1 16.6 5.0 2.5 2 1 2 3 3
-365.4 -5454.8 -6.4 351 0 11.0 10.5 5.0 0.0 0 0 2 0 0
-388.6 -5444.2 -6.0 352 0 9.0 15.5 5.0 0.0 0 1 2 0 0
-390.6 -5501.1 -6.6 14 0 7.2 15.1 5.0 2.5 2 1 2 2 2
-424.3 -5476.8 -5.9 190 0 4.9 7.5 5.0 2.5 2 1 2 4 4
-452.0 -5483.5 -6.4 195 0 4.4 11.0 5.0 2.5 2 1 2 1 1
-453.0 -5474.9 -6.1 198 0 6.9 14.4 5.0 2.5 2 1 2 0 0
-512.7 -5448.2 -4.8 13 0 5.2 3.1 2.5 2.5 2 0 1 1 1
-510.1 -5472.1 -5.0 17 0 4.1 4.9 2.5 0.0 0 1 1 2 2
-523.5 -5456.2 -4.6 23 0 5.5 5.0 2.5 2.5 4 0 1 4 4
-479.6 -5442.9 -5.3 18 0 11.1 12.3 2.5 2.5 2 1 1 5 5
-486.0 -5478.7 -6.3 25 0 12.2 20.8 2.5 2.5 2 1 1 4 4
-544.3 -5465.6 -4.5 199 0 16.1 12.7 2.5 2.5 2 0 1 4 4
-554.4 -5404.4 -4.2 198 0 21.5 11.7 2.5 2.5 4 0 1 5 5
-520.1 -5227.7 -4.2 20 0 11.9 15.1 2.5 2.5 2 1 1 2 2
-514.4 -5207.9 -4.1 18 0 14.7 14.3 2.5 2.5 2 0 1 3 3
-508.7 -5187.0 -4.1 14 0 14.5 11.7 2.5 2.5 2 0 1 4 4
-488.4 -5189.9 -3.8 195 0 14.6 10.6 2.5 2.5 2 0 1 4 4
-498.1 -5154.0 -3.9 12 0 9.5 5.7 2.5 2.5 2 0 1 2 2
-460.6 -5153.1 -3.8 279 0 15.4 9.5 2.5 2.5 2 0 1 3 3
-491.0 -5119.7 -4.0 10 0 9.8 5.4 2.5 0.0 0 0 1 4 4
-493.0 -5073.6 -4.5 27 0 10.0 14.7 2.5 2.5 2 1 1 4 4
-456.5 -5084.6 -3.9 193 0 13.4 19.0 2.5 0.0 0 1 1 3 3
-459.7 -5105.3 -3.8 194 0 12.8 12.9 2.5 2.5 2 1 1 0 0
-448.4 -5124.3 -3.6 108 0 19.7 4.5 2.5 2.5 2 0 1 5 5
-452.7 -5134.4 -3.6 109 0 13.8 8.5 2.5 0.0 0 0 1 0 0
-429.2 -5140.9 -3.6 106 0 6.8 8.2 2.5 2.5 2 1 1 5 5
-404.6 -5151.8 -4.0 109 0 10.8 24.9 2.5 2.5 2 1 1 5 5
-390.0 -5155.8 -4.1 110 0 16.5 22.4 2.5 2.5 2 1 1 4 4
-376.2 -5127.3 -4.3 17 0 10.2 8.8 2.5 2.5 4 0 1 5 5
-361.4 -5062.9 -4.9 287 0 18.3 13.9 2.5 2.5 2 0 1 1 1
-367.0 -5098.0 -4.7 17 0 7.6 15.3 2.5 0.0 0 1 1 3 3
-372.4 -5112.2 -4.5 22 0 10.7 6.5 2.5 2.5 2 0 1 3 3
-386.9 -5121.4 -4.2 24 0 7.8 7.4 2.5 2.5 2 0 1 1 1
-410.1 -5128.0 -4.1 111 0 10.8 14.3 2.5 2.5 2 1 1 3 3
-417.9 -5123.2 -3.9 111 0 3.8 5.7 2.5 2.5 2 1 1 2 2
-415.2 -5116.0 -4.0 108 0 4.1 5.2 2.5 2.5 2 1 1 3 3
-422.6 -5110.7 -4.1 119 0 9.1 8.6 2.5 2.5 4 0 1 3 3
-431.3 -5070.5 -4.1 198 0 10.5 13.9 2.5 2.5 2 1 1 3 3
-448.4 -5057.6 -4.0 197 0 13.8 16.9 2.5 2.5 2 1 1 5 5
-424.5 -5034.6 -4.2 291 0 17.7 15.5 2.5 2.5 2 0 1 0 0
-445.9 -4986.0 -3.7 21 0 8.2 13.1 2.5 2.5 2 1 1 2 2
-442.4 -4971.5 -3.7 19 0 9.2 9.7 2.5 2.5 2 1 1 3 3
-426.8 -4994.6 -3.9 201 0 9.1 17.6 5.0 2.5 2 1 2 2 2
-421.9 -4980.8 -3.8 202 0 7.8 14.6 5.0 0.0 0 1 2 5 5
-353.0 -5051.0 -4.8 106 0 10.3 11.5 5.0 2.5 2 1 2 2 2
-339.2 -5029.8 -4.3 22 0 14.7 22.8 5.0 2.5 2 1 2 2 2
-333.4 -5013.4 -4.2 19 0 8.6 12.0 5.0 2.5 2 1 2 1 1
-325.1 -4992.4 -4.2 18 0 10.0 12.5 5.0 0.0 0 1 2 5 5
-320.6 -4976.3 -4.3 19 0 14.7 13.6 5.0 2.5 2 0 2 3 3
-332.8 -4944.0 -4.5 12 0 28.2 11.3 5.0 2.5 2 0 2 0 0
-323.6 -4913.5 -4.9 18 0 32.1 12.4 5.0 2.5 2 0 2 0 0
-344.8 -4895.6 -4.7 288 0 14.5 12.5 5.0 2.5 2 0 2 0 0
-350.7 -4847.2 -5.1 285 0 14.0 14.9 5.0 2.5 2 1 2 0 0
-366.5 -4845.8 -4.9 286 0 10.0 12.2 5.0 2.5 2 1 2 3 3
-373.5 -4746.6 -5.2 25 0 14.4 16.8 2.5 2.5 2 1 1 0 0
-421.6 -4723.2 -4.5 358 0 7.3 7.7 2.5 2.5 2 1 1 5 5
-413.7 -4722.5 -4.6 353 0 5.2 5.1 2.5 2.5 4 0 1 5 5
-383.0 -4762.6 -5.2 24 0 11.7 14.2 2.5 0.0 0 1 1 2 2
-394.7 -4786.8 -5.0 22 0 9.2 19.4 2.5 2.5 2 1 1 1 1
-404.7 -4820.3 -4.8 103 0 18.8 8.9 2.5 2.5 2 0 1 4 4
-500.6 -4794.2 -3.6 97 0 26.9 13.6 2.5 2.5 2 0 1 0 0
-486.3 -4779.2 -3.7 105 0 13.3 5.8 2.5 2.5 2 0 1 4 4
-445.2 -4731.0 -4.2 348 0 6.4 5.4 2.5 2.5 2 0 1 4 4
-467.1 -4748.2 -3.9 94 0 7.8 10.3 2.5 2.5 2 1 1 4 4
-569.6 -4626.4 -3.0 162 0 8.4 13.3 2.5 0.0 0 1 1 2 2
-573.4 -4608.7 -3.0 161 0 7.2 6.2 2.5 2.5 2 0 1 5 5
-639.2 -4419.8 -4.6 78 0 5.6 10.3 5.0 2.5 2 1 2 0 0
-559.4 -4422.6 -5.4 234 0 10.1 3.9 2.5 2.5 2 0 1 3 3
-575.3 -4448.6 -5.3 239 0 7.3 6.9 2.5 2.5 2 0 1 2 2
-566.6 -4562.1 -3.9 151 0 8.5 6.8 2.5 2.5 2 0 1 5 5
-556.3 -4481.2 -5.5 330 0 10.3 7.7 2.5 2.5 2 0 1 3 3
-542.4 -4482.7 -5.6 329 0 8.2 8.7 2.5 2.5 2 1 1 5 5
-538.7 -4492.2 -5.6 326 0 4.9 6.9 2.5 2.5 2 1 1 0 0
-539.1 -4508.8 -5.6 342 0 5.4 6.7 2.5 2.5 2 1 1 2 2
-494.7 -4492.5 -5.9 328 0 7.0 6.2 2.5 2.5 2 0 1 4 4
-502.3 -4499.0 -5.9 325 0 8.8 4.5 2.5 2.5 2 0 1 2 2
-516.8 -4503.2 -5.8 329 0 10.0 8.2 2.5 2.5 2 0 1 2 2
-505.0 -4522.0 -5.9 329 0 9.9 6.2 2.5 2.5 2 0 1 0 0
-477.4 -4630.6 -4.2 259 0 5.4 10.9 2.5 2.5 2 1 1 4 4
-469.9 -4646.9 -3.9 349 0 6.7 6.3 2.5 2.5 4 0 1 4 4
-490.7 -4564.5 -5.3 327 0 6.5 8.1 2.5 2.5 2 1 1 1 1
-493.6 -4541.4 -5.9 317 0 7.6 7.3 2.5 2.5 2 0 1 1 1
-485.0 -4536.6 -6.1 326 0 8.9 7.7 2.5 2.5 2 0 1 5 5
-448.0 -4565.4 -6.5 324 0 6.5 8.6 2.5 2.5 2 1 1 3 3
-462.8 -4571.9 -5.9 315 0 5.2 8.9 2.5 2.5 2 1 1 1 1
-458.0 -4581.2 -5.9 332 0 5.1 5.7 2.5 2.5 2 1 1 0 0
-457.3 -4590.4 -5.8 315 0 4.2 9.4 2.5 2.5 2 1 1 2 2
-442.9 -4610.2 -6.0 314 0 5.4 7.4 2.5 2.5 2 1 1 4 4
-432.1 -4590.4 -6.7 304 0 9.7 10.0 2.5 2.5 2 1 1 2 2
-440.7 -4635.6 -5.3 349 0 7.1 7.2 2.5 2.5 2 1 1 0 0
-437.5 -4649.8 -4.9 347 0 6.5 13.3 2.5 0.0 0 1 1 2 2
-427.0 -4644.5 -5.4 351 0 6.4 7.6 2.5 2.5 2 1 1 4 4
-416.7 -4625.7 -6.3 321 0 8.2 7.2 2.5 2.5 2 0 1 1 1
-417.7 -4638.0 -6.0 262 0 6.9 12.9 2.5 0.0 0 1 1 3 3
-402.4 -4605.2 -7.5 308 0 13.5 14.7 2.5 2.5 2 1 1 4 4
-364.0 -4717.1 -5.1 17 0 4.9 14.4 2.5 2.5 2 1 1 4 4
-382.6 -4695.9 -5.2 21 0 9.4 7.8 2.5 2.5 2 0 1 4 4
-352.3 -4685.5 -6.3 24 0 10.5 17.1 2.5 2.5 2 1 1 5 5
-377.3 -4673.9 -6.2 31 0 8.3 5.4 2.5 2.5 2 0 1 5 5
-367.7 -4640.8 -7.1 292 0 7.8 4.5 2.5 2.5 2 0 1 4 4
-353.8 -4638.8 -7.3 304 0 5.4 7.9 2.5 0.0 0 1 1 0 0
-367.7 -4648.4 -7.0 294 0 16.6 11.8 2.5 2.5 2 0 1 4 4
-347.7 -4668.3 -6.6 23 0 11.0 11.7 2.5 2.5 2 1 1 5 5
-342.6 -4700.3 -5.7 212 0 7.3 12.8 2.5 2.5 2 1 1 5 5
-338.7 -4691.5 -5.9 212 0 9.8 13.7 2.5 2.5 2 1 1 2 2
-305.5 -4691.1 -6.3 33 0 12.2 10.9 2.5 2.5 2 0 1 0 0
-317.3 -4678.4 -6.3 298 0 5.2 10.9 2.5 2.5 2 1 1 1 1
-331.5 -4739.8 -5.2 202 0 6.1 15.4 2.5 2.5 2 1 1 2 2
-348.0 -4759.4 -5.3 206 0 8.8 13.7 2.5 2.5 2 1 1 5 5
-364.1 -4778.2 -5.3 205 0 8.5 12.9 2.5 2.5 2 1 1 2 2
-368.6 -4799.4 -5.3 212 0 9.0 17.7 2.5 0.0 0 1 1 2 2
-322.2 -4844.1 -5.4 108 0 11.6 14.8 2.5 2.5 2 1 1 2 2
-295.8 -4846.5 -5.3 111 0 12.3 12.1 2.5 0.0 0 0 1 0 0
-280.1 -4852.0 -5.2 112 0 16.6 10.1 2.5 2.5 2 0 1 1 1
-288.4 -4818.1 -5.2 114 0 11.8 13.0 2.5 2.5 2 1 1 1 1
-244.9 -4815.8 -4.7 28 0 13.5 16.5 2.5 2.5 2 1 1 4 4
-243.1 -4797.8 -4.7 20 0 8.9 12.1 2.5 0.0 0 1 1 5 5
-283.8 -4738.5 -5.1 300 0 15.0 17.8 2.5 2.5 4 1 1 3 3
-264.9 -4747.9 -5.0 294 0 5.5 9.2 2.5 0.0 0 1 1 0 0
-239.6 -4753.7 -4.8 33 0 13.3 16.8 2.5 0.0 0 1 1 1 1
-231.1 -4777.9 -4.7 25 0 15.3 21.5 2.5 2.5 2 1 1 5 5
-187.2 -5207.3 -4.1 289 0 11.5 20.6 5.0 2.5 2 1 2 5 5
42.2 -5457.5 -5.8 117 0 4.8 12.1 2.5 2.5 2 1 1 0 0
57.4 -5410.1 -5.8 294 0 19.8 28.5 2.5 2.5 2 1 1 0 0
-25.0 -5394.3 -4.3 21 0 6.3 8.3 5.0 2.5 2 1 2 5 5
-41.1 -5366.6 -4.2 196 0 9.6 13.7 5.0 2.5 2 1 2 4 4
-60.1 -5368.9 -4.3 18 0 4.7 5.7 5.0 2.5 2 1 2 1 1
-54.8 -5360.2 -4.2 18 0 10.7 8.8 5.0 2.5 2 0 2 3 3
61.9 -5342.4 -5.4 286 0 5.4 5.4 2.5 2.5 2 1 1 3 3
77.5 -5377.0 -5.8 103 0 11.6 7.7 2.5 2.5 2 0 1 3 3
68.9 -5329.6 -5.4 294 0 9.4 7.1 2.5 2.5 2 0 1 2 2
71.1 -5320.7 -5.4 293 0 11.4 7.8 2.5 2.5 2 0 1 1 1
86.1 -5325.1 -5.6 296 0 14.3 9.8 2.5 2.5 2 0 1 2 2
108.0 -5288.8 -6.1 16 0 12.0 17.9 2.5 2.5 2 1 1 2 2
87.3 -5315.6 -5.8 112 0 20.9 22.5 2.5 2.5 2 1 1 5 5
60.1 -5303.0 -5.6 117 0 23.3 18.2 2.5 2.5 2 0 1 2 2
41.8 -5291.4 -5.3 114 0 16.5 16.5 2.5 2.5 2 1 1 4 4
49.3 -5312.5 -5.1 295 0 21.6 18.4 2.5 0.0 0 0 1 4 4
32.0 -5301.1 -4.7 298 0 14.2 12.8 2.5 2.5 2 0 1 0 0
-0.7 -5300.6 -4.4 206 0 25.3 14.0 2.5 2.5 2 0 1 0 0
-15.3 -5285.8 -4.0 206 0 11.4 9.8 2.5 2.5 2 0 1 1 1
3.9 -5270.5 -4.5 93 0 15.8 21.7 2.5 2.5 2 1 1 1 1
-14.9 -5258.7 -4.1 115 0 9.1 16.2 2.5 2.5 2 1 1 4 4
-26.4 -5286.3 -3.7 27 0 19.4 16.5 5.0 2.5 2 0 2 0 0
-53.8 -5272.7 -3.3 307 0 14.2 8.5 5.0 2.5 4 0 2 5 5
-48.6 -5227.9 -3.6 112 0 7.2 5.0 2.5 0.0 0 0 1 0 0
-53.4 -5241.0 -3.5 111 0 8.3 10.8 2.5 2.5 2 1 1 2 2
-111.2 -5246.1 -3.2 297 0 13.1 13.1 5.0 2.5 2 0 2 3 3
-78.5 -5230.2 -3.6 116 0 10.2 16.6 2.5 2.5 2 1 1 5 5
-97.3 -5229.3 -3.6 117 0 15.1 21.7 2.5 2.5 2 1 1 3 3
-115.9 -5210.8 -3.8 119 0 10.0 17.7 2.5 2.5 2 1 1 3 3
-148.6 -5184.6 -4.2 124 0 7.7 17.5 2.5 2.5 2 1 1 4 4
-189.3 -5166.6 -4.7 205 0 17.3 16.9 2.5 2.5 2 0 1 3 3
-177.3 -5140.0 -4.9 202 0 11.0 14.2 2.5 2.5 2 1 1 3 3
-173.7 -5111.2 -5.2 195 0 14.4 18.5 2.5 2.5 2 1 1 2 2
-163.4 -5088.4 -5.3 197 0 10.6 15.9 2.5 2.5 2 1 1 1 1
-89.9 -5070.1 -5.9 200 0 13.4 11.2 2.5 2.5 2 0 1 4 4
-76.9 -5073.5 -5.9 200 0 13.9 9.1 2.5 2.5 2 0 1 0 0
-66.7 -5077.6 -5.9 199 0 13.6 28.9 2.5 2.5 2 1 1 2 2
-29.3 -5080.4 -6.0 196 0 14.9 13.7 2.5 2.5 2 0 1 3 3
-25.1 -5063.9 -6.3 197 0 15.0 10.7 2.5 2.5 2 0 1 0 0
-42.0 -5054.4 -6.4 200 0 26.6 13.1 2.5 2.5 2 0 1 2 2
-64.0 -5062.3 -6.6 110 0 12.9 33.8 2.5 2.5 2 1 1 5 5
-81.1 -5056.0 -6.5 110 0 10.6 26.1 2.5 2.5 2 1 1 5 5
-119.1 -4967.5 -4.5 197 0 12.3 13.6 2.5 2.5 2 1 1 4 4
-113.3 -4947.9 -4.8 204 0 10.9 9.8 2.5 2.5 2 0 1 3 3
-108.1 -4938.3 -4.8 201 0 6.6 10.1 2.5 2.5 2 1 1 4 4
-100.2 -4919.5 -5.0 199 0 8.0 13.6 2.5 2.5 2 1 1 5 5
-96.9 -4910.0 -5.2 202 0 7.5 17.3 2.5 2.5 2 1 1 2 2
-90.0 -4900.6 -5.4 206 0 7.6 14.6 2.5 2.5 2 1 1 0 0
-78.2 -4877.9 -5.5 295 0 7.1 8.8 2.5 2.5 2 1 1 1 1
-162.8 -4938.5 -4.9 119 0 10.3 8.0 2.5 2.5 2 0 1 3 3
-182.4 -4930.4 -5.0 105 0 7.5 15.1 2.5 2.5 2 1 1 4 4
-140.6 -4874.2 -5.4 279 0 4.6 7.8 2.5 2.5 2 1 1 0 0
-134.8 -4838.0 -4.6 300 0 6.8 5.5 2.5 2.5 2 0 1 0 0
-159.1 -4852.4 -4.9 293 0 9.0 4.4 2.5 2.5 2 0 1 1 1
-241.1 -4861.5 -5.2 201 0 8.6 12.3 2.5 2.5 4 1 1 2 2
-230.4 -4835.3 -4.8 202 0 8.6 18.9 2.5 2.5 2 1 1 1 1
-210.4 -4822.3 -4.4 203 0 8.1 13.5 2.5 2.5 2 1 1 1 1
-222.0 -4818.2 -4.5 206 0 6.6 10.6 2.5 2.5 2 1 1 2 2
-220.6 -4811.4 -4.3 200 0 5.6 9.6 2.5 2.5 2 1 1 2 2
-214.3 -4803.2 -4.2 207 0 10.5 11.3 2.5 2.5 2 1 1 2 2
-197.2 -4793.4 -3.8 302 0 14.4 9.8 2.5 2.5 2 0 1 0 0
-186.7 -4799.5 -3.9 305 0 5.3 10.2 2.5 2.5 2 1 1 0 0
-190.0 -4822.5 -4.3 298 0 7.7 5.4 2.5 2.5 2 0 1 3 3
-172.4 -4809.6 -4.2 293 0 8.6 15.0 2.5 2.5 2 1 1 5 5
-98.3 -4507.9 -2.5 18 0 9.9 16.9 5.0 2.5 2 1 2 3 3
-92.0 -4452.2 -0.9 3 0 6.1 12.8 5.0 2.5 2 1 2 1 1
-151.6 -4445.8 -2.2 5 0 7.3 5.3 5.0 2.5 2 0 2 1 1
-144.0 -4411.4 -2.3 17 0 8.8 9.8 5.0 2.5 2 1 2 3 3
-204.4 -4095.0 3.5 180 0 4.7 4.0 5.0 2.5 2 0 2 4 4
-196.2 -4056.8 4.5 284 0 19.3 9.6 7.5 2.5 2 0 3 5 5
0.3 -3337.9 2.0 257 0 6.5 8.2 5.0 2.5 2 1 2 1 1
-8.5 -3348.0 2.1 205 0 7.4 4.4 5.0 2.5 2 0 2 4 4
34.9 -3420.7 3.2 25 0 10.6 11.4 5.0 2.5 2 1 2 4 4
16.2 -3450.6 3.7 25 0 7.1 7.0 5.0 0.0 0 0 2 5 5
-23.9 -3462.8 2.7 25 0 7.2 8.3 5.0 2.5 2 1 2 2 2
-1.6 -3539.8 4.1 25 0 6.0 9.8 5.0 2.5 2 1 2 0 0
-59.2 -3540.1 2.1 25 0 8.9 10.2 5.0 2.5 2 1 2 3 3
-38.3 -3595.8 1.9 205 0 6.3 9.3 5.0 2.5 4 1 2 5 5
-85.9 -3603.7 0.4 182 0 7.3 11.6 5.0 2.5 4 1 2 0 0
-89.3 -3709.3 0.9 2 0 5.5 4.7 5.0 2.5 2 0 2 3 3
-93.2 -3737.0 1.1 358 0 6.7 5.6 5.0 0.0 0 0 2 0 0
-111.2 -3903.1 2.7 2 0 3.6 5.4 5.0 2.5 2 1 2 3 3
-95.0 -4327.1 0.3 182 0 7.4 7.4 5.0 0.0 0 0 2 0 0
-99.0 -4272.0 0.7 182 0 9.4 7.9 5.0 2.5 2 0 2 2 2
-135.9 -4318.5 -1.3 0 0 9.4 9.4 5.0 2.5 2 1 2 4 4
-134.8 -4286.8 -0.9 2 0 7.3 7.0 5.0 2.5 2 0 2 3 3
-137.8 -4256.6 -0.8 2 0 9.2 6.4 5.0 2.5 2 0 2 4 4
-150.8 -4217.6 -0.9 205 0 8.4 10.6 5.0 2.5 2 1 2 3 3
-125.4 -4163.9 0.1 0 0 11.0 10.3 5.0 2.5 2 0 2 5 5
-114.5 -4021.6 1.4 2 0 5.2 8.9 5.0 2.5 2 1 2 5 5
-98.4 -3965.2 3.1 2 0 7.8 4.9 5.0 2.5 2 0 2 3 3
-65.3 -3948.8 3.2 182 0 5.1 3.3 5.0 0.0 0 0 2 2 2
-74.0 -3948.4 3.2 182 0 8.6 6.8 5.0 2.5 2 0 2 0 0
-103.6 -3795.5 2.3 25 0 3.2 6.0 5.0 2.5 4 1 2 3 3
-90.9 -3777.6 2.2 2 0 6.9 6.1 5.0 2.5 2 0 2 0 0
-99.1 -3811.0 2.7 358 0 8.2 6.4 5.0 2.5 2 0 2 2 2
-98.7 -3893.1 2.9 2 0 9.1 11.3 5.0 2.5 2 1 2 1 1
