1909.6 1301.7 1.0 99 0 9.6 8.1 2.5 2.5 2 0 1 0 0
-714.3 -527.1 -0.8 9 0 6.1 6.6 7.5 2.5 2 1 3 1 1
5045.7 1241.5 0.4 48 0 17.4 9.8 2.5 2.5 2 0 1 0 0
-1021.4 812.2 1.0 34 0 5.8 5.5 7.5 2.5 2 0 3 2 2
4513.6 1197.8 0.7 270 0 5.5 14.9 7.5 2.5 2 1 3 3 3
-701.9 -3222.8 -2.9 275 0 4.3 3.6 5.0 2.5 2 0 2 2 2
-1036.7 821.8 1.3 215 0 6.3 6.1 2.5 2.5 2 0 1 0 0
-747.3 -526.3 -0.4 185 0 12.9 7.6 5.0 2.5 2 0 2 1 1
-559.8 -1488.4 -2.8 89 0 6.8 17.5 5.0 2.5 2 1 2 4 4
4932.0 1227.9 -2.6 93 0 6.4 5.7 7.5 2.5 2 0 3 5 5
5889.4 611.1 -1.3 341 0 5.4 15.2 7.5 2.5 2 1 3 2 2
-586.8 -3421.4 -2.4 61 0 7.3 5.9 7.5 2.5 2 0 3 1 1
2826.5 1151.6 -1.3 282 0 10.8 8.5 2.5 2.5 2 0 1 5 5
-579.4 -3275.8 -2.5 289 0 7.8 7.1 7.5 2.5 4 0 3 3 3
4495.9 1185.7 0.9 175 0 9.5 5.6 7.5 2.5 2 0 3 3 3
