-3669.3 -4111.9 -0.7 29 0 8.0 7.7 5.0 2.5 2 0 2 0 0
-3664.8 -4165.1 -1.8 117 0 7.7 8.2 2.5 2.5 2 1 1 1 1
-3714.3 -4097.7 -1.0 208 0 9.0 8.5 5.0 2.5 2 0 2 1 1
-3767.1 -4309.7 -0.4 217 0 7.6 6.8 2.5 2.5 2 0 1 0 0
-76.1 -1491.6 -3.5 217 0 8.5 7.1 2.5 2.5 2 0 1 2 2
-3736.0 -4260.9 -0.3 215 0 8.2 8.5 2.5 2.5 2 1 1 0 0
-3698.2 -4197.9 -1.1 210 0 8.4 8.0 2.5 2.5 2 0 1 4 4
-3726.8 -4203.7 -0.1 31 0 8.2 6.7 2.5 2.5 2 0 1 4 4
-3735.2 -4106.8 -1.1 33 0 9.8 7.1 2.5 2.5 2 0 1 1 1
-3727.2 -3737.9 -0.0 302 0 11.1 25.6 2.5 2.5 2 1 1 4 4
-3603.9 -4155.1 -3.5 31 0 6.0 8.0 2.5 2.5 2 1 1 1 1
-3672.2 -4296.8 -2.3 37 0 9.9 6.9 2.5 0.0 0 0 1 0 0
-3690.4 -4317.1 -1.6 49 0 7.6 6.6 2.5 2.5 2 0 1 0 0
-3649.9 -3959.8 -1.7 135 0 8.1 4.1 2.5 2.5 2 0 1 5 5
-3724.8 -4242.7 -0.8 212 0 8.8 8.3 2.5 2.5 2 0 1 5 5
-3760.0 -3993.1 -0.6 224 0 8.3 9.5 2.5 2.5 2 1 1 0 0
-3782.3 -4332.6 -0.6 220 0 7.8 6.8 2.5 2.5 2 0 1 1 1
-3796.7 -3840.5 -0.6 121 0 11.4 7.6 2.5 2.5 2 0 1 0 0
-58.8 -1502.8 -2.0 37 0 6.0 7.2 7.5 2.5 2 1 3 0 0
-3795.1 -4246.8 -0.1 299 0 14.7 30.3 2.5 2.5 2 1 1 2 2
-3747.4 -4278.5 -0.3 216 0 7.0 6.8 2.5 2.5 2 0 1 0 0
-3642.5 -4120.6 -1.6 302 0 7.7 5.0 2.5 2.5 2 0 1 4 4
-3703.5 -3744.5 0.2 301 0 25.5 11.1 2.5 2.5 2 0 1 1 1
-3779.2 -3979.2 -0.7 306 0 7.9 7.1 2.5 2.5 2 0 1 2 2
-3782.6 -4201.3 0.0 32 0 7.2 8.0 2.5 2.5 2 1 1 5 5
-3646.4 -4104.8 -1.4 122 0 8.5 7.3 2.5 2.5 2 0 1 3 3
-3726.3 -4088.8 -1.3 32 0 9.3 7.7 2.5 2.5 2 0 1 1 1
-3752.4 -4138.9 -0.2 32 0 8.7 10.1 2.5 2.5 2 1 1 4 4
-3696.2 -4147.7 -0.4 120 0 7.3 8.2 5.0 2.5 2 1 2 1 1
-3715.8 -4016.3 -0.1 37 0 7.7 9.3 2.5 2.5 2 1 1 5 5
-3691.4 -3987.4 -0.7 42 0 7.7 8.6 2.5 2.5 2 1 1 4 4
-3684.0 -4132.8 -0.7 28 0 8.2 10.1 5.0 2.5 2 1 2 4 4
-3607.1 -4132.1 -3.1 124 0 8.5 10.5 2.5 2.5 2 1 1 3 3
-3704.8 -4169.8 -0.3 28 0 7.7 6.6 2.5 2.5 2 0 1 1 1
-3618.5 -4086.2 -2.2 222 0 7.6 6.7 2.5 2.5 2 0 1 3 3
-3644.5 -4068.1 -1.0 32 0 7.2 5.6 5.0 2.5 2 0 2 3 3
-3698.8 -4026.0 0.0 31 0 8.9 6.4 2.5 2.5 2 0 1 1 1
-3744.8 -3776.3 -0.2 32 0 25.6 11.1 2.5 2.5 2 0 1 0 0
-3670.0 -3967.9 -1.3 318 0 10.1 6.2 2.5 0.0 0 0 1 0 0
-3853.4 -4425.7 0.0 229 0 6.7 6.9 2.5 2.5 2 1 1 5 5
-3673.5 -4219.2 -2.2 30 0 8.0 6.2 2.5 2.5 2 0 1 3 3
-3819.2 -4404.1 0.7 233 0 8.0 9.9 2.5 2.5 2 1 1 2 2
-3612.0 -3931.4 -1.7 135 0 7.4 10.4 2.5 2.5 2 1 1 3 3
