-2144.8 -3081.4 -0.0 59 0 14.5 10.2 5.0 2.5 2 0 2 2 2
-2175.9 -3058.8 0.2 335 0 7.8 12.0 5.0 2.5 2 1 2 4 4
-2226.6 -3034.0 -0.1 242 0 11.2 8.7 5.0 2.5 2 0 2 1 1
-2254.3 -3167.8 -1.1 57 0 51.7 27.3 5.0 0.0 0 0 2 1 1
-2168.9 -3262.4 -4.2 242 0 12.3 9.6 2.5 0.0 0 0 1 3 3
-2247.9 -3261.6 -3.8 62 0 10.3 15.3 5.0 2.5 2 1 2 5 5
-2340.4 -3342.8 -7.0 245 0 11.7 7.8 2.5 2.5 2 0 1 3 3
-2328.5 -3350.8 -7.0 243 0 10.3 12.0 2.5 2.5 2 1 1 5 5
-2306.4 -3349.0 -6.5 242 0 23.9 10.0 2.5 2.5 2 0 1 5 5
-2291.6 -3293.7 -4.0 242 0 18.8 8.8 2.5 2.5 2 0 1 1 1
-2278.1 -3332.6 -5.8 242 0 32.3 10.2 2.5 2.5 2 0 1 4 4
-2260.4 -3305.6 -5.4 244 0 11.4 25.6 2.5 0.0 0 1 1 4 4
-2204.1 -3261.8 -4.5 245 0 35.2 18.3 2.5 0.0 0 0 1 2 2
-2115.8 -3307.5 -5.4 247 0 6.8 6.8 2.5 2.5 2 0 1 3 3
-2098.7 -3262.9 -4.6 239 0 6.1 7.9 2.5 2.5 2 1 1 4 4
-2092.3 -3279.6 -5.1 242 0 12.5 13.0 2.5 2.5 2 1 1 0 0
-2054.6 -3308.1 -5.8 327 0 9.8 16.0 2.5 2.5 2 1 1 2 2
-2067.6 -3292.9 -5.3 329 0 10.1 6.4 2.5 2.5 2 0 1 2 2
-2069.3 -3275.9 -5.0 327 0 8.3 9.6 2.5 2.5 2 1 1 1 1
-2056.5 -3283.7 -5.2 332 0 9.4 8.7 2.5 2.5 2 0 1 3 3
-2042.3 -3304.1 -5.7 327 0 6.7 7.8 2.5 2.5 2 1 1 4 4
-1766.6 -3280.9 -2.0 139 0 14.1 21.7 15.0 0.0 0 1 6 4 4
-1882.5 -3308.7 -3.5 131 0 7.0 10.2 5.0 2.5 2 1 2 5 5
-1874.1 -3316.2 -3.6 129 0 8.1 11.0 5.0 2.5 2 1 2 2 2
-1849.5 -3283.2 -3.4 310 0 12.8 28.3 5.0 2.5 2 1 2 3 3
-1844.2 -3266.7 -2.7 313 0 16.0 11.4 5.0 2.5 2 0 2 3 3
-1860.3 -3254.5 -2.6 309 0 18.2 11.4 5.0 2.5 2 0 2 3 3
-1880.5 -3237.8 -2.6 312 0 25.0 12.0 5.0 2.5 2 0 2 5 5
-1903.2 -3254.8 -3.1 40 0 20.6 13.1 2.5 2.5 2 0 1 1 1
-1905.3 -3274.3 -3.5 309 0 65.8 11.7 2.5 2.5 4 0 1 4 4
-1982.3 -3269.0 -4.5 330 0 4.8 7.8 2.5 2.5 2 1 1 3 3
-1983.1 -3275.7 -4.7 240 0 14.6 8.4 2.5 2.5 2 0 1 5 5
-2003.6 -3254.4 -4.6 328 0 9.7 23.8 2.5 2.5 2 1 1 1 1
-2014.9 -3212.8 -3.4 329 0 10.3 15.9 2.5 2.5 2 1 1 5 5
-2089.8 -2829.3 2.9 51 0 10.0 10.9 5.0 2.5 2 1 2 0 0
-2248.0 -2738.1 3.6 225 0 10.0 10.5 10.0 2.5 2 1 4 2 2
-2245.0 -2775.6 4.1 133 0 11.3 9.8 7.5 2.5 2 0 3 4 4
-2227.4 -2765.1 4.7 48 0 7.9 10.8 7.5 2.5 2 1 3 5 5
-2201.4 -2751.2 4.4 308 0 12.1 7.1 5.0 0.0 0 0 2 5 5
-2123.4 -2791.8 2.4 227 0 6.2 8.3 5.0 2.5 2 1 2 4 4
-2094.4 -2851.2 3.1 231 0 14.6 11.5 5.0 2.5 2 0 2 2 2
-2111.0 -2835.2 3.6 144 0 6.5 7.8 5.0 2.5 2 1 2 0 0
-2129.3 -2843.1 3.9 323 0 14.5 10.2 5.0 2.5 2 0 2 1 1
-2144.1 -3028.3 -0.5 329 0 7.0 11.7 5.0 2.5 2 1 2 5 5
-2150.5 -3018.1 -0.5 330 0 8.7 12.0 5.0 0.0 0 1 2 2 2
-2238.0 -2958.8 -0.5 147 0 10.7 10.6 5.0 2.5 4 0 2 1 1
-2224.5 -2973.3 -0.3 153 0 10.6 9.8 5.0 2.5 2 0 2 1 1
-2189.6 -2926.6 0.1 236 0 11.2 9.8 5.0 2.5 2 0 2 1 1
-2206.4 -2936.4 -0.3 242 0 11.9 15.5 5.0 2.5 2 1 2 0 0
-2178.5 -3009.1 -0.4 240 0 10.7 11.7 5.0 2.5 2 1 2 0 0
-2194.2 -3002.1 -0.4 61 0 56.2 8.7 5.0 2.5 4 0 2 1 1
-2176.8 -2967.0 -0.3 247 0 8.8 8.6 5.0 2.5 2 0 2 3 3
-2182.2 -2958.1 -0.2 240 0 5.1 8.2 5.0 2.5 2 1 2 4 4
-2172.6 -2954.6 -0.3 243 0 6.3 12.1 5.0 2.5 2 1 2 0 0
-2151.3 -2983.6 -0.4 66 0 12.1 17.7 5.0 2.5 4 1 2 3 3
-2143.1 -2938.0 0.6 245 0 17.8 10.2 5.0 2.5 2 0 2 3 3
-2136.9 -2962.8 0.4 66 0 9.0 6.1 5.0 2.5 2 0 2 5 5
-2125.9 -2964.7 0.7 66 0 4.4 12.2 5.0 2.5 2 1 2 4 4
-2104.8 -2927.5 1.3 149 0 12.0 8.4 2.5 2.5 2 0 1 1 1
-2100.2 -2953.2 1.0 61 0 10.0 9.8 2.5 2.5 4 0 1 5 5
-2077.2 -3006.8 0.3 62 0 9.6 4.7 2.5 2.5 2 0 1 5 5
-2069.1 -2990.6 0.4 56 0 13.4 6.0 2.5 2.5 4 0 1 3 3
-2067.2 -2966.9 0.5 327 0 5.7 5.7 2.5 2.5 2 1 1 3 3
-2069.3 -2956.3 0.5 331 0 10.6 14.1 2.5 2.5 2 1 1 3 3
-2096.2 -2971.2 0.7 149 0 6.9 10.5 2.5 0.0 0 1 1 1 1
-2105.6 -2975.7 0.3 336 0 15.1 15.5 5.0 0.0 0 1 2 1 1
-2128.5 -2984.8 -0.0 246 0 9.5 8.1 5.0 2.5 2 0 2 5 5
-2109.1 -2994.7 0.1 336 0 10.4 6.9 5.0 0.0 0 0 2 5 5
-2111.6 -3034.1 -0.6 238 0 9.3 12.9 5.0 2.5 2 1 2 0 0
-2118.4 -3046.8 -0.6 332 0 13.3 15.7 5.0 2.5 2 1 2 0 0
-2109.0 -3074.1 -0.4 61 0 14.4 7.6 5.0 2.5 2 0 2 3 3
-2086.8 -3073.2 -0.5 242 0 14.2 9.6 5.0 2.5 2 0 2 1 1
-2095.8 -3097.0 -0.3 151 0 8.6 6.2 5.0 0.0 0 0 2 1 1
-2093.3 -3109.5 -0.3 150 0 9.6 12.9 5.0 2.5 2 1 2 5 5
-2067.2 -3108.1 -0.4 333 0 5.5 6.7 5.0 0.0 0 1 2 4 4
-2040.9 -3147.1 -1.4 64 0 6.2 5.1 5.0 0.0 0 0 2 3 3
-2048.7 -3111.3 -0.9 326 0 7.8 14.9 5.0 2.5 2 1 2 0 0
-2009.6 -3099.2 -1.0 326 0 6.7 10.8 2.5 2.5 2 1 1 4 4
-1998.2 -3111.4 -1.1 56 0 5.0 8.9 2.5 2.5 2 1 1 1 1
-1994.0 -3094.7 -1.1 326 0 11.2 6.5 2.5 2.5 2 0 1 0 0
-1999.8 -3084.6 -0.9 330 0 9.3 8.1 2.5 2.5 2 0 1 3 3
-2013.0 -3074.6 -0.7 237 0 12.3 7.3 2.5 0.0 0 0 1 1 1
-2029.0 -3086.9 -0.7 240 0 7.3 7.6 2.5 2.5 4 1 1 3 3
-2021.6 -3072.8 -0.4 62 0 9.5 8.5 2.5 2.5 2 0 1 5 5
-2018.7 -3053.2 -0.3 332 0 6.6 11.5 2.5 2.5 2 1 1 4 4
-2030.3 -3043.2 -0.0 239 0 6.7 6.2 2.5 2.5 2 0 1 4 4
-2038.2 -3071.9 -0.4 62 0 5.4 7.7 2.5 2.5 4 1 1 4 4
-2068.8 -3010.9 0.2 244 0 10.0 7.3 5.0 2.5 2 0 2 2 2
-2059.6 -3031.4 0.1 60 0 8.2 7.6 5.0 2.5 2 0 2 3 3
-2043.5 -3025.7 0.2 333 0 7.3 5.9 5.0 2.5 2 0 2 4 4
-2037.6 -3036.6 0.2 64 0 4.7 5.3 5.0 2.5 2 1 2 5 5
-2013.3 -2965.1 -0.6 63 0 8.6 7.7 2.5 2.5 2 0 1 4 4
-1993.5 -2988.3 -1.1 151 0 6.4 7.4 5.0 2.5 2 1 2 3 3
-1996.2 -3009.4 -0.9 331 0 6.9 10.8 5.0 2.5 2 1 2 4 4
-2022.5 -3009.6 -0.3 156 0 9.1 6.8 5.0 2.5 2 0 2 3 3
-2008.0 -3035.3 -0.4 332 0 7.9 5.1 2.5 0.0 0 0 1 1 1
-2004.0 -3036.8 -0.9 152 0 10.8 11.7 2.5 2.5 2 1 1 5 5
-1981.7 -3072.7 -1.3 58 0 10.7 20.6 2.5 2.5 2 1 1 3 3
-1980.4 -3076.9 -1.5 239 0 9.7 14.4 2.5 0.0 0 1 1 3 3
-1952.7 -3119.5 -2.5 145 0 28.9 14.4 5.0 2.5 2 0 2 2 2
-1918.8 -3152.7 -2.5 146 0 10.7 14.7 5.0 2.5 2 1 2 1 1
-1895.7 -3099.0 -2.2 328 0 7.8 6.8 5.0 2.5 2 0 2 5 5
-1895.2 -3062.9 -2.2 325 0 4.3 11.5 5.0 2.5 2 1 2 2 2
-1871.7 -3129.6 -2.0 52 0 15.8 9.9 5.0 2.5 4 0 2 4 4
-1856.6 -3115.3 -1.8 53 0 13.9 11.2 5.0 2.5 2 0 2 3 3
-1777.3 -3043.5 -0.9 56 0 10.5 7.9 5.0 0.0 0 0 2 5 5
-1851.8 -2964.5 0.1 63 0 7.6 7.3 5.0 2.5 4 0 2 1 1
-1839.4 -2959.9 0.2 54 0 6.5 6.8 5.0 2.5 2 1 2 2 2
-1858.0 -2921.5 0.5 243 0 6.2 7.8 5.0 2.5 2 1 2 3 3
-1825.4 -2943.7 -0.2 57 0 3.7 6.2 5.0 2.5 2 1 2 0 0
-1828.6 -2955.8 -0.1 60 0 7.4 10.1 5.0 2.5 2 1 2 5 5
-1841.1 -2880.0 -0.1 330 0 6.8 5.1 5.0 2.5 2 0 2 2 2
