-3870.4 2415.1 -12.8 97 0 8.3 5.8 2.5 2.5 2 0 1 4 4
-3883.0 2414.6 -12.3 97 0 10.3 5.8 2.5 2.5 2 0 1 3 3
-3896.8 2413.9 -12.0 97 0 10.4 6.6 2.5 2.5 2 0 1 4 4
-3893.6 2428.2 -15.1 97 0 7.8 11.5 2.5 2.5 2 1 1 1 1
-3877.2 2428.1 -15.1 97 0 5.0 9.0 2.5 0.0 0 1 1 0 0
-3883.3 2430.7 -15.9 97 0 5.7 12.0 2.5 2.5 2 1 1 3 3
-3894.5 2461.7 -18.8 277 0 8.0 9.0 2.5 2.5 2 1 1 0 0
-3901.6 2462.5 -18.8 277 0 6.2 9.0 2.5 2.5 2 1 1 2 2
-3893.3 2450.6 -16.9 277 0 7.0 7.7 2.5 2.5 2 1 1 5 5
-3886.5 2462.6 -19.0 276 0 6.2 8.5 2.5 2.5 2 1 1 0 0
-3887.1 2452.1 -17.3 277 0 4.9 9.9 2.5 2.5 2 1 1 4 4
-3893.9 2421.3 -13.2 98 0 6.5 7.0 2.5 0.0 0 1 1 5 5
-3901.8 2450.2 -16.8 278 0 7.9 11.5 2.5 2.5 2 1 1 1 1
-3915.2 2426.5 -13.7 97 0 6.4 7.8 2.5 2.5 2 1 1 0 0
-3917.9 2418.8 -12.0 103 0 10.4 6.8 2.5 2.5 2 0 1 1 1
-3928.1 2420.8 -12.1 95 0 7.0 8.0 2.5 2.5 2 1 1 5 5
-3926.8 2428.4 -13.5 99 0 8.4 8.6 2.5 2.5 2 1 1 3 3
-3924.5 2450.8 -16.0 274 0 7.7 8.4 2.5 2.5 2 1 1 3 3
-3911.4 2451.4 -16.8 276 0 8.2 16.7 2.5 2.5 2 0 1 4 4
-3910.5 2459.8 -18.2 276 0 8.1 8.5 2.5 2.5 2 0 1 4 4
-3907.9 2416.6 -14.5 101 0 8.3 20.5 2.5 2.5 2 1 1 4 4
-4055.6 2415.1 -4.7 11 0 8.6 9.8 2.5 2.5 2 1 1 1 1
-4039.3 2458.8 -15.3 277 0 3.6 4.9 2.5 2.5 2 1 1 2 2
-4039.3 2433.4 -5.5 187 0 5.5 8.7 2.5 2.5 2 1 1 2 2
-4043.0 2418.7 -4.8 187 0 13.4 7.2 2.5 2.5 2 0 1 2 2
-4040.1 2393.3 -3.1 187 0 6.5 9.3 2.5 2.5 2 1 1 3 3
-4039.7 2427.8 -5.1 187 0 4.9 7.7 2.5 2.5 2 1 1 3 3
-4048.4 2394.6 -3.4 97 0 3.4 6.4 2.5 2.5 2 1 1 2 2
-4046.7 2437.2 -5.4 277 0 7.2 7.3 2.5 2.5 2 1 1 5 5
-4060.9 2435.9 -5.4 187 0 6.8 9.4 2.5 2.5 2 1 1 4 4
-4048.4 2421.8 -5.0 97 0 7.4 8.0 2.5 2.5 2 1 1 0 0
-4046.0 2415.6 -4.5 7 0 10.2 8.3 2.5 2.5 2 0 1 5 5
-4056.1 2407.2 -3.8 7 0 8.3 13.7 2.5 2.5 2 1 1 5 5
-4079.9 2404.9 -3.4 187 0 5.0 7.9 2.5 2.5 2 1 1 2 2
-4080.1 2411.4 -3.7 187 0 6.1 9.9 2.5 2.5 2 1 1 0 0
-4066.0 2436.2 -5.1 277 0 8.4 15.1 2.5 2.5 2 1 1 2 2
-4053.1 2459.7 -15.8 277 0 9.1 4.3 2.5 2.5 2 0 1 0 0
-4032.4 2450.6 -14.4 97 0 10.0 6.3 2.5 2.5 2 0 1 4 4
-4033.6 2441.4 -11.2 97 0 9.9 9.2 2.5 2.5 2 0 1 5 5
-4044.7 2445.2 -12.6 97 0 11.1 7.9 2.5 2.5 2 0 1 3 3
-4054.7 2446.4 -13.4 97 0 9.0 9.1 2.5 2.5 2 1 1 2 2
-4066.0 2446.2 -17.5 97 0 7.6 17.0 2.5 2.5 2 1 1 2 2
-4182.7 2420.6 -4.2 200 0 4.3 5.2 2.5 2.5 2 1 1 5 5
-4181.3 2427.3 -5.5 200 0 4.9 7.9 2.5 2.5 2 1 1 5 5
-4177.8 2431.8 -6.4 111 0 6.1 3.3 2.5 2.5 2 0 1 4 4
-4174.5 2439.8 -7.0 291 0 7.1 4.6 2.5 2.5 2 0 1 1 1
-4171.1 2436.4 -6.5 200 0 6.0 7.0 2.5 2.5 2 1 1 2 2
-4151.3 2432.4 -5.5 291 0 11.0 8.0 2.5 2.5 2 0 1 0 0
-4251.3 2415.4 -4.0 300 0 5.4 5.9 2.5 2.5 4 1 1 4 4
-4225.6 2443.2 -7.1 288 0 10.2 7.5 2.5 2.5 2 0 1 5 5
-4197.2 2425.6 -5.4 12 0 4.5 8.4 2.5 2.5 2 1 1 1 1
-4201.4 2446.4 -8.1 288 0 7.7 8.7 2.5 2.5 2 0 1 2 2
-4204.0 2438.1 -6.8 288 0 7.7 4.3 2.5 2.5 4 0 1 2 2
-4212.5 2448.5 -8.3 282 0 10.3 10.5 2.5 2.5 2 1 1 5 5
-4184.6 2438.8 -7.7 17 0 8.1 6.9 2.5 2.5 2 0 1 5 5
-4186.6 2432.4 -6.5 17 0 5.2 7.0 2.5 2.5 2 0 1 5 5
-4191.7 2422.0 -5.1 16 0 8.4 6.4 2.5 2.5 2 0 1 3 3
-4195.1 2410.4 -3.5 21 0 8.9 8.2 2.5 2.5 4 0 1 1 1
-4198.9 2399.7 -1.8 18 0 7.9 8.5 2.5 2.5 2 1 1 4 4
-4215.2 2407.1 -2.5 15 0 5.7 6.9 2.5 2.5 4 1 1 5 5
-4212.4 2417.5 -4.1 11 0 6.2 8.1 2.5 2.5 2 1 1 0 0
-4212.8 2384.2 0.6 19 0 8.2 6.7 2.5 2.5 2 0 1 2 2
-4209.1 2368.8 2.9 20 0 7.2 7.8 2.5 0.0 0 1 1 4 4
-4225.2 2389.4 0.2 17 0 6.4 9.0 2.5 0.0 0 1 1 3 3
-4223.7 2402.7 -1.6 13 0 5.5 10.4 2.5 0.0 0 1 1 5 5
-4238.6 2392.0 -0.9 17 0 9.5 7.7 2.5 0.0 0 0 1 2 2
-4237.4 2422.4 -4.2 288 0 9.2 10.9 2.5 2.5 2 1 1 1 1
-4255.1 2429.3 -6.3 282 0 7.1 10.0 2.5 2.5 2 1 1 5 5
-4163.5 2444.7 -11.0 104 0 8.5 7.4 2.5 2.5 2 0 1 5 5
-4172.4 2446.3 -12.2 105 0 6.1 10.1 2.5 2.5 2 1 1 5 5
-4147.2 2437.6 -10.3 104 0 10.9 9.9 2.5 2.5 2 0 1 5 5
-4142.3 2458.4 -15.0 285 0 11.7 9.5 2.5 2.5 2 0 1 4 4
-4160.1 2453.4 -14.4 104 0 9.0 6.5 2.5 2.5 2 0 1 0 0
-4167.2 2464.1 -15.5 285 0 7.0 6.9 2.5 2.5 2 0 1 5 5
-4183.1 2457.4 -15.5 104 0 9.7 8.8 2.5 2.5 2 0 1 5 5
-4185.4 2450.4 -12.0 105 0 8.8 7.3 2.5 2.5 2 0 1 3 3
-4196.9 2452.7 -13.5 105 0 10.4 9.8 2.5 2.5 2 0 1 4 4
-4191.8 2470.0 -16.7 284 0 11.5 8.2 2.5 2.5 2 0 1 2 2
-4141.7 2401.6 -4.4 11 0 5.9 7.4 2.5 0.0 0 1 1 0 0
-4191.1 2391.3 -0.2 191 0 10.0 8.3 2.5 2.5 4 0 1 2 2
-4188.4 2404.8 -2.2 191 0 9.1 7.3 2.5 2.5 2 0 1 2 2
-4176.2 2405.1 -3.5 191 0 9.7 7.2 2.5 2.5 2 0 1 1 1
-4167.6 2403.7 -4.9 191 0 12.0 10.5 2.5 2.5 2 0 1 1 1
-4176.9 2386.0 -0.8 191 0 8.5 9.0 2.5 2.5 4 1 1 2 2
-4175.9 2394.3 -2.3 191 0 6.3 12.6 2.5 2.5 2 1 1 3 3
-4209.1 2474.5 -17.0 281 0 6.7 6.3 2.5 2.5 2 0 1 1 1
-4202.5 2473.3 -17.1 281 0 6.8 6.7 2.5 2.5 2 0 1 1 1
-4209.9 2457.5 -14.2 101 0 13.3 9.3 2.5 2.5 2 0 1 1 1
-4217.8 2480.8 -18.9 281 0 9.6 12.2 2.5 2.5 2 1 1 1 1
-4222.3 2458.5 -14.6 101 0 9.0 10.6 2.5 2.5 2 1 1 0 0
-4233.1 2460.6 -16.9 101 0 8.7 14.3 2.5 0.0 0 1 1 2 2
-4241.0 2476.3 -17.7 281 0 9.1 13.8 2.5 2.5 2 1 1 0 0
-4251.6 2477.5 -18.8 281 0 8.8 13.0 2.5 0.0 0 1 1 4 4
-4029.9 2383.9 -2.1 184 0 7.7 11.3 2.5 2.5 2 1 1 4 4
-4027.2 2371.5 -0.4 186 0 7.9 13.7 2.5 2.5 2 1 1 5 5
-3976.4 2315.6 6.9 98 0 10.0 7.6 2.5 0.0 0 0 1 4 4
-4013.9 2301.2 10.1 283 0 9.4 13.4 5.0 2.5 2 1 2 0 0
-3985.9 2301.7 10.0 275 0 5.9 7.9 5.0 2.5 2 1 2 5 5
-3997.7 2322.0 6.0 99 0 5.6 9.2 2.5 2.5 2 1 1 2 2
-4041.1 2311.8 9.7 11 0 3.3 5.3 5.0 2.5 2 1 2 4 4
-4018.8 2267.4 10.2 101 0 10.2 7.7 5.0 0.0 0 0 2 1 1
-4025.9 2300.0 10.1 282 0 3.8 9.7 5.0 2.5 2 1 2 4 4
-4028.6 2290.7 10.1 281 0 5.5 4.3 5.0 2.5 2 0 2 3 3
-4029.8 2300.8 10.2 281 0 4.4 8.9 5.0 2.5 2 1 2 1 1
-4049.2 2302.1 10.1 191 0 8.6 8.2 5.0 2.5 2 0 2 1 1
-4028.3 2276.4 10.1 192 0 8.8 5.1 5.0 2.5 2 0 2 1 1
-4045.6 2261.8 10.8 191 0 4.7 5.3 5.0 2.5 2 1 2 5 5
-4052.7 2263.4 11.0 191 0 5.0 7.3 5.0 2.5 4 1 2 4 4
-4057.9 2251.6 10.8 191 0 8.9 17.3 5.0 2.5 2 1 2 1 1
-4087.5 2326.2 6.7 93 0 9.0 8.5 2.5 2.5 2 0 1 5 5
-4068.3 2308.3 9.9 281 0 6.6 11.4 2.5 2.5 2 1 1 3 3
-4098.9 2308.5 11.4 281 0 7.4 5.5 2.5 2.5 2 0 1 0 0
-4092.5 2279.7 12.0 101 0 5.0 5.2 2.5 2.5 2 1 1 3 3
-4065.4 2268.2 11.1 11 0 7.3 7.7 2.5 0.0 0 1 1 2 2
-4094.4 2266.8 12.7 101 0 4.2 3.2 2.5 2.5 2 0 1 5 5
-4094.2 2270.1 12.2 101 0 7.8 7.9 2.5 2.5 2 1 1 5 5
-4074.6 2282.1 11.0 18 0 7.7 7.4 2.5 2.5 2 0 1 1 1
-4077.4 2306.3 10.3 276 0 7.6 8.0 2.5 0.0 0 0 1 3 3
-4083.7 2307.0 10.7 276 0 5.1 8.0 2.5 2.5 2 0 1 4 4
-4143.2 2285.2 15.6 0 0 20.2 8.5 2.5 2.5 2 0 1 2 2
-4129.8 2256.8 13.9 284 0 7.2 12.4 2.5 2.5 2 1 1 5 5
-4129.2 2280.7 13.9 192 0 11.6 7.6 2.5 2.5 2 0 1 3 3
-4110.0 2242.0 13.2 292 0 4.4 6.6 2.5 2.5 4 1 1 1 1
-4107.8 2251.4 13.8 283 0 6.7 8.9 2.5 2.5 2 1 1 4 4
-4096.4 2249.4 13.1 285 0 8.0 14.5 2.5 0.0 0 1 1 1 1
-4060.8 2220.3 11.3 117 0 4.6 10.0 2.5 2.5 2 1 1 2 2
-4061.0 2233.0 11.5 295 0 6.5 8.4 2.5 2.5 2 1 1 3 3
-4075.5 2243.4 12.2 290 0 8.7 12.1 2.5 2.5 2 1 1 1 1
-4080.4 2184.4 11.7 114 0 8.5 7.8 7.5 2.5 2 0 3 2 2
-3833.2 2335.2 -3.2 120 0 4.1 4.7 2.5 2.5 2 1 1 5 5
-3865.0 2345.9 -3.0 120 0 4.8 5.6 2.5 2.5 2 1 1 4 4
-3860.0 2341.5 -2.7 124 0 6.2 6.8 2.5 0.0 0 1 1 3 3
-3879.7 2309.8 2.7 116 0 8.4 5.6 2.5 2.5 2 0 1 3 3
-3876.5 2316.3 1.4 114 0 8.2 6.8 2.5 2.5 2 0 1 2 2
-3850.7 2332.7 -1.8 110 0 5.0 7.6 2.5 2.5 2 1 1 3 3
-3854.5 2323.7 -0.3 110 0 6.2 6.0 2.5 2.5 4 0 1 4 4
-3853.1 2311.4 0.1 110 0 14.9 7.7 2.5 2.5 2 0 1 4 4
-3778.5 2290.5 -5.8 200 0 9.1 7.1 2.5 2.5 2 0 1 3 3
-3783.0 2280.4 -5.7 199 0 9.9 10.5 2.5 2.5 2 1 1 1 1
-3807.2 2298.5 -2.7 110 0 9.8 11.1 2.5 2.5 2 1 1 1 1
-3796.8 2238.2 -1.6 20 0 7.7 4.0 5.0 2.5 2 0 2 4 4
-3789.6 2282.3 -2.7 20 0 8.6 8.8 2.5 2.5 2 1 1 1 1
-3838.4 2277.6 0.8 200 0 11.0 7.5 5.0 2.5 2 0 2 2 2
-3822.2 2214.8 -0.2 109 0 8.7 11.7 5.0 2.5 2 1 2 0 0
-3800.1 2221.8 -1.2 20 0 4.8 6.1 5.0 0.0 0 1 2 5 5
-3795.5 2256.9 -1.9 19 0 6.1 5.4 5.0 2.5 2 0 2 3 3
-3816.2 2226.3 -0.4 110 0 8.3 4.4 5.0 2.5 2 0 2 2 2
-3804.6 2271.1 -1.5 290 0 8.2 11.9 5.0 2.5 2 1 2 4 4
-3814.3 2275.6 -0.8 290 0 10.4 15.8 5.0 2.5 2 1 2 0 0
-3846.7 2255.3 1.3 200 0 9.5 9.1 5.0 2.5 2 0 2 5 5
-3844.8 2276.7 1.9 20 0 15.1 9.7 5.0 2.5 4 0 2 4 4
-3871.2 2250.6 3.6 18 0 7.1 9.9 5.0 2.5 2 1 2 0 0
-3886.6 2305.2 4.5 288 0 9.0 6.2 5.0 2.5 2 0 2 2 2
-3928.0 2236.7 5.9 108 0 6.7 9.8 5.0 2.5 2 1 2 0 0
-3704.2 2123.7 -7.6 169 0 10.1 8.7 2.5 2.5 2 0 1 1 1
-3713.6 2122.0 -6.4 169 0 8.5 8.2 2.5 0.0 0 0 1 2 2
-3733.4 2077.6 -4.8 0 0 4.5 4.4 7.5 0.0 0 0 3 3 3
-3729.1 2073.2 -5.2 0 0 4.4 4.3 2.5 2.5 2 0 1 4 4
-3733.4 2073.2 -4.9 0 0 4.4 4.4 5.0 2.5 2 0 2 1 1
-3709.2 2019.3 -8.0 103 0 9.2 8.0 2.5 2.5 2 0 1 3 3
-3701.1 2019.9 -9.0 101 0 5.3 5.6 2.5 2.5 2 1 1 0 0
-3696.2 2018.9 -9.9 102 0 4.8 5.6 2.5 2.5 2 1 1 1 1
-3683.0 1996.3 -9.1 19 0 9.6 14.2 5.0 2.5 2 1 2 3 3
-3675.1 1941.4 -10.2 300 0 5.5 5.6 2.5 2.5 2 1 1 2 2
-3692.4 1950.5 -9.8 203 0 9.5 15.1 2.5 2.5 2 1 1 0 0
-3692.0 1974.8 -8.2 20 0 7.8 7.8 5.0 0.0 0 0 2 3 3
-3691.5 1965.9 -8.3 26 0 5.8 5.7 5.0 2.5 2 0 2 0 0
-3703.3 1940.2 -7.7 24 0 9.1 7.7 5.0 2.5 2 0 2 3 3
-3704.9 1907.7 -11.3 202 0 7.9 7.6 2.5 2.5 2 0 1 4 4
-3710.5 1873.9 -13.2 204 0 4.8 8.5 2.5 2.5 2 1 1 2 2
-3728.4 1857.4 -11.5 201 0 5.7 8.6 2.5 2.5 2 1 1 1 1
-4247.7 2449.0 -8.4 194 0 4.6 13.8 2.5 2.5 2 1 1 3 3
-4240.2 2454.3 -11.4 99 0 7.9 6.2 2.5 2.5 2 0 1 0 0
-4257.2 2457.6 -13.2 97 0 11.5 5.4 2.5 2.5 2 0 1 2 2
-4247.7 2456.3 -12.0 98 0 5.9 5.6 2.5 2.5 2 0 1 1 1
-4254.7 2451.0 -9.5 286 0 9.4 6.2 2.5 0.0 0 0 1 0 0
-4273.0 2458.1 -15.1 85 0 11.5 7.2 2.5 2.5 2 0 1 2 2
-4294.0 2456.6 -16.2 90 0 8.8 5.3 2.5 0.0 0 0 1 0 0
-4306.4 2454.3 -17.0 90 0 8.2 6.8 2.5 2.5 2 0 1 5 5
-4313.3 2453.6 -16.9 90 0 4.1 6.5 2.5 2.5 2 1 1 5 5
-4271.8 2448.8 -10.6 180 0 6.6 9.5 2.5 0.0 0 1 1 2 2
-4282.6 2427.2 -7.9 270 0 6.9 3.3 2.5 2.5 4 0 1 1 1
-4285.2 2423.3 -7.3 270 0 7.2 3.5 2.5 0.0 0 0 1 1 1
-4299.6 2422.2 -7.3 270 0 6.2 5.8 2.5 0.0 0 0 1 0 0
-4296.0 2448.4 -11.6 270 0 11.8 12.3 2.5 2.5 2 1 1 2 2
-4307.2 2446.6 -11.4 270 0 7.4 7.9 2.5 2.5 2 1 1 3 3
-4309.4 2433.4 -9.2 270 0 5.4 7.3 2.5 2.5 2 1 1 5 5
-4295.7 2432.5 -9.0 270 0 12.7 8.4 2.5 2.5 2 0 1 1 1
-4303.6 2412.1 -5.7 270 0 8.4 4.6 2.5 2.5 2 0 1 5 5
-4314.5 2413.3 -6.0 270 0 6.8 4.1 2.5 2.5 2 0 1 3 3
-4317.1 2432.9 -9.2 270 0 6.1 9.6 2.5 2.5 4 1 1 3 3
-4316.7 2439.6 -10.3 270 0 6.2 6.2 2.5 2.5 4 0 1 4 4
-4319.0 2445.6 -12.9 270 0 7.6 4.7 2.5 2.5 2 0 1 0 0
-4325.7 2438.2 -12.4 270 0 6.1 9.6 2.5 2.5 2 1 1 0 0
-4323.2 2410.1 -5.5 270 0 6.6 5.4 2.5 0.0 0 0 1 0 0
-4332.2 2410.5 -7.0 270 0 7.8 4.6 2.5 2.5 2 0 1 2 2
-4332.5 2422.0 -10.0 270 0 6.3 9.9 2.5 2.5 2 1 1 1 1
-4337.7 2434.2 -14.9 270 0 7.4 5.6 2.5 2.5 2 0 1 1 1
-4345.5 2436.8 -17.4 270 0 4.5 4.7 2.5 2.5 2 1 1 4 4
-4180.5 2268.5 14.6 270 0 11.3 13.8 2.5 2.5 2 1 1 5 5
-4202.8 2266.9 13.9 270 0 11.3 22.2 2.5 0.0 0 1 1 4 4
-4204.9 2283.2 12.5 90 0 10.9 13.2 2.5 2.5 2 1 1 4 4
-4228.1 2328.0 8.5 103 0 7.4 6.9 2.5 2.5 2 0 1 3 3
-4248.2 2297.3 11.8 201 0 11.7 21.7 2.5 2.5 2 1 1 0 0
-4296.0 2330.4 3.8 113 0 10.9 24.9 2.5 2.5 2 1 1 2 2
-4301.3 2311.3 9.8 113 0 7.9 3.5 2.5 2.5 2 0 1 1 1
-4303.7 2305.5 10.2 113 0 7.9 6.3 2.5 2.5 2 0 1 2 2
-4262.4 2311.8 8.8 23 0 26.6 10.4 2.5 2.5 2 0 1 0 0
-4299.9 2321.8 7.4 113 0 10.5 9.4 2.5 2.5 2 0 1 0 0
-4290.7 2300.4 10.3 113 0 17.3 10.2 2.5 2.5 4 0 1 1 1
-4287.9 2292.1 11.7 293 0 17.6 9.9 2.5 2.5 2 0 1 3 3
-4273.5 2279.4 12.0 293 0 9.5 15.4 2.5 2.5 2 1 1 5 5
-4272.6 2254.1 11.9 23 0 9.4 9.3 2.5 2.5 2 0 1 4 4
-4282.6 2260.2 11.0 23 0 9.6 33.4 2.5 2.5 2 1 1 3 3
-4310.5 2293.9 10.7 293 0 10.6 25.0 2.5 2.5 2 1 1 0 0
-4326.1 2284.2 10.4 293 0 10.2 8.5 2.5 2.5 2 0 1 0 0
-4409.4 2250.7 6.7 268 0 8.7 20.9 2.5 0.0 0 1 1 3 3
-4393.7 2205.7 6.4 192 0 17.2 9.8 2.5 2.5 2 0 1 4 4
-4296.5 2228.3 10.3 282 0 11.7 28.6 2.5 2.5 2 1 1 4 4
-4305.3 2185.5 10.2 99 0 8.9 8.7 2.5 2.5 2 0 1 0 0
-4321.4 2178.6 9.5 102 0 9.8 11.5 2.5 2.5 2 1 1 5 5
-4312.4 2233.0 9.9 280 0 17.9 11.3 2.5 2.5 2 0 1 4 4
-4333.6 2238.6 9.1 282 0 20.8 11.8 2.5 2.5 2 0 1 4 4
-4345.0 2223.0 8.5 282 0 17.4 13.0 2.5 2.5 2 0 1 1 1
-4339.5 2287.0 10.1 280 0 6.9 6.3 2.5 2.5 2 0 1 5 5
-4335.8 2299.3 9.8 102 0 7.0 7.5 2.5 2.5 2 1 1 1 1
-4348.8 2303.8 9.6 100 0 6.9 8.7 2.5 2.5 2 1 1 2 2
-4375.6 2259.8 8.5 100 0 7.6 7.7 2.5 2.5 2 1 1 3 3
-4420.7 2354.4 5.6 95 0 5.2 4.9 2.5 2.5 2 0 1 0 0
-4431.9 2345.9 5.9 82 0 8.0 5.3 2.5 2.5 2 0 1 4 4
-4396.9 2315.0 7.8 357 0 5.7 5.6 2.5 2.5 2 0 1 2 2
-4394.9 2271.4 8.0 2 0 5.8 4.9 2.5 2.5 2 0 1 1 1
-4428.6 2288.8 7.6 271 0 6.6 7.5 2.5 2.5 2 1 1 4 4
-4426.1 2263.6 7.1 91 0 7.1 7.4 2.5 2.5 2 1 1 3 3
-4416.7 2280.0 7.4 268 0 5.0 6.5 2.5 2.5 2 1 1 1 1
-4413.1 2289.5 7.7 272 0 5.3 6.8 2.5 2.5 2 1 1 5 5
-4409.6 2278.2 7.6 269 0 7.9 6.2 2.5 2.5 2 0 1 5 5
-4416.9 2303.9 7.5 94 0 5.8 9.8 2.5 2.5 2 1 1 0 0
-4416.7 2329.5 7.0 269 0 7.9 6.2 2.5 2.5 4 0 1 4 4
-4401.2 2331.2 7.2 268 0 7.1 6.1 2.5 2.5 2 0 1 2 2
-4386.4 2346.8 3.3 92 0 5.1 7.7 2.5 2.5 2 1 1 0 0
-4377.6 2313.0 8.7 188 0 7.2 11.2 2.5 2.5 2 1 1 4 4
-4448.1 2342.9 6.4 93 0 6.0 7.4 2.5 2.5 2 1 1 4 4
-4418.3 2344.3 6.0 89 0 9.1 6.8 2.5 2.5 2 0 1 4 4
-4430.2 2302.5 7.5 83 0 6.5 8.8 2.5 2.5 2 1 1 4 4
-4431.6 2330.3 6.8 267 0 6.8 5.9 2.5 2.5 2 0 1 4 4
-4447.2 2332.3 7.0 267 0 11.6 12.5 2.5 2.5 2 1 1 0 0
-4462.2 2327.5 7.6 266 0 6.3 9.1 2.5 2.5 2 1 1 3 3
-4445.2 2298.5 7.7 89 0 7.7 10.2 2.5 2.5 2 1 1 3 3
-4459.3 2295.9 8.3 92 0 3.4 4.6 2.5 2.5 2 1 1 0 0
-4460.4 2298.9 8.0 90 0 8.4 9.8 2.5 2.5 2 1 1 5 5
-4457.5 2258.7 7.6 91 0 10.1 9.0 2.5 2.5 2 0 1 3 3
-4516.9 2306.1 9.3 178 0 5.5 5.8 2.5 2.5 2 1 1 2 2
-4487.4 2322.4 8.3 270 0 5.1 6.3 2.5 2.5 4 1 1 2 2
-4487.0 2300.8 8.7 90 0 3.7 4.3 2.5 2.5 2 1 1 5 5
-4485.9 2297.0 8.7 90 0 6.1 4.4 2.5 0.0 0 0 1 0 0
-4485.1 2282.7 8.5 270 0 5.7 5.8 2.5 2.5 2 1 1 2 2
-4501.5 2320.2 8.8 264 0 6.7 10.8 2.5 0.0 0 0 1 0 0
-4503.0 2292.1 8.8 86 0 8.7 17.1 2.5 0.0 0 0 1 2 2
-4517.8 2297.4 9.1 177 0 9.8 9.7 2.5 2.5 2 0 1 1 1
-4516.9 2274.3 8.0 175 0 8.5 10.9 2.5 2.5 4 1 1 5 5
-4500.4 2279.7 8.3 267 0 11.5 8.5 2.5 2.5 4 0 1 5 5
-4481.7 2258.6 7.9 87 0 5.6 8.2 2.5 2.5 2 1 1 5 5
-4497.6 2256.4 7.9 90 0 6.8 8.0 2.5 0.0 0 1 1 0 0
-4520.5 2260.1 7.1 184 0 6.3 8.3 2.5 2.5 2 1 1 4 4
-4516.2 2241.2 4.3 274 0 8.0 15.1 2.5 2.5 2 1 1 5 5
-4528.9 2261.0 5.5 4 0 11.0 8.6 5.0 2.5 2 0 2 2 2
-4532.6 2244.0 4.1 274 0 11.5 16.2 2.5 2.5 2 1 1 1 1
-4523.2 2319.4 7.7 3 0 6.8 6.5 5.0 0.0 0 0 2 0 0
-4526.7 2302.3 7.1 354 0 7.1 8.3 5.0 2.5 2 1 2 2 2
-4539.7 2321.1 6.0 303 0 8.1 6.3 5.0 2.5 2 0 2 4 4
-4543.1 2315.3 5.8 296 0 7.2 5.3 5.0 2.5 2 0 2 2 2
-4546.2 2302.2 5.7 92 0 7.4 6.9 5.0 2.5 2 0 2 5 5
-4559.3 2325.4 4.4 260 0 6.6 8.7 5.0 2.5 2 1 2 1 1
-4574.9 2326.5 2.6 268 0 7.1 9.2 5.0 0.0 0 1 2 5 5
-4595.4 2327.3 0.7 191 0 6.9 9.0 5.0 2.5 2 1 2 3 3
-4550.0 2234.3 3.2 276 0 5.5 5.8 2.5 2.5 4 1 1 5 5
-4548.2 2247.7 3.3 274 0 8.3 12.7 2.5 2.5 2 1 1 3 3
-4547.5 2259.8 4.3 96 0 5.9 7.8 5.0 2.5 2 1 2 5 5
-4593.4 2289.7 0.5 271 0 6.8 5.0 5.0 2.5 2 0 2 1 1
-4601.3 2265.9 -0.6 187 0 9.8 8.7 5.0 2.5 2 0 2 1 1
-4560.1 2296.0 4.1 92 0 10.6 12.5 5.0 2.5 2 1 2 0 0
-4578.0 2301.7 2.4 94 0 6.3 6.5 5.0 0.0 0 1 2 5 5
-4595.1 2306.5 0.9 181 0 5.6 7.7 5.0 2.5 4 1 2 3 3
-4561.8 2285.9 3.6 270 0 6.5 6.1 5.0 2.5 2 0 2 0 0
-4579.0 2287.7 2.0 273 0 6.0 5.0 5.0 2.5 2 0 2 2 2
-4580.5 2268.0 1.4 93 0 5.6 4.1 5.0 2.5 4 0 2 1 1
-4581.8 2262.6 1.0 92 0 5.3 4.6 5.0 2.5 2 0 2 0 0
-4564.0 2260.5 2.7 90 0 5.6 7.7 5.0 2.5 4 1 2 1 1
-4582.9 2240.0 0.2 279 0 5.5 4.7 2.5 2.5 2 0 1 0 0
-4582.6 2248.6 0.4 272 0 5.3 6.1 2.5 2.5 2 1 1 2 2
-4601.4 2250.5 -1.2 271 0 6.6 6.1 2.5 2.5 2 0 1 2 2
-4600.5 2238.4 -1.6 271 0 10.7 6.5 2.5 2.5 2 0 1 4 4
-4640.3 2333.8 -3.2 187 0 7.9 4.9 5.0 0.0 0 0 2 3 3
-4608.6 2289.0 -1.2 3 0 5.0 6.1 2.5 2.5 2 1 1 4 4
-4626.3 2294.6 -2.4 276 0 6.1 6.0 2.5 2.5 2 0 1 3 3
-4632.9 2254.3 -3.9 275 0 5.8 7.4 2.5 2.5 2 1 1 2 2
-4615.8 2252.3 -2.5 270 0 6.5 9.5 2.5 0.0 0 1 1 0 0
-4645.2 2272.3 -4.4 91 0 6.5 6.2 2.5 2.5 2 0 1 5 5
-4630.3 2269.5 -3.1 94 0 6.1 6.3 2.5 2.5 2 1 1 1 1
-4610.7 2270.3 -1.7 13 0 8.3 5.0 2.5 2.5 2 0 1 2 2
-4623.5 2308.7 -1.9 103 0 6.3 5.6 5.0 0.0 0 0 2 2 2
-4605.9 2307.9 -0.7 13 0 6.2 5.7 5.0 2.5 2 0 2 0 0
-4642.5 2315.3 -3.3 193 0 4.6 7.0 5.0 0.0 0 1 2 5 5
-4619.4 2334.3 -1.9 283 0 6.1 9.0 5.0 2.5 2 1 2 2 2
-4647.6 2328.3 -3.8 193 0 5.0 4.0 5.0 2.5 2 0 2 2 2
-4645.7 2380.5 -8.2 103 0 6.5 7.0 2.5 2.5 2 1 1 0 0
-4667.2 2374.5 -8.2 103 0 7.7 8.0 2.5 2.5 2 1 1 2 2
-4654.8 2357.2 -5.0 283 0 7.4 10.4 5.0 2.5 2 1 2 3 3
-4655.0 2343.7 -5.2 13 0 4.5 8.6 5.0 2.5 2 1 2 3 3
-4667.3 2298.7 -6.4 283 0 8.9 11.7 5.0 2.5 2 1 2 5 5
-4697.1 2263.2 -9.1 193 0 9.4 6.4 5.0 2.5 2 0 2 3 3
-4689.3 2289.5 -7.8 193 0 6.8 6.4 5.0 2.5 2 0 2 3 3
-4704.8 2292.8 -9.6 13 0 6.2 7.0 2.5 2.5 2 1 1 2 2
-4710.9 2264.5 -10.8 13 0 8.8 7.3 2.5 2.5 4 0 1 1 1
-4733.9 2339.3 -11.0 13 0 8.1 5.8 5.0 2.5 2 0 2 3 3
-4689.5 2366.1 -7.9 283 0 10.0 14.8 5.0 2.5 2 1 2 5 5
-4700.3 2382.2 -8.7 103 0 9.8 11.7 2.5 2.5 2 1 1 3 3
-4704.9 2372.1 -8.9 283 0 7.6 8.5 5.0 2.5 4 1 2 2 2
-4734.6 2281.2 -12.0 193 0 11.4 6.6 2.5 0.0 0 0 1 4 4
-4729.0 2306.2 -10.8 193 0 7.4 6.4 2.5 2.5 2 0 1 2 2
-4745.3 2315.1 -12.4 283 0 7.8 5.9 5.0 2.5 4 0 2 0 0
-4764.7 2316.8 -13.7 193 0 10.4 7.9 5.0 2.5 4 0 2 5 5
-4745.3 2244.6 -13.1 193 0 7.2 7.9 5.0 2.5 2 1 2 3 3
-4749.8 2274.8 -13.6 13 0 6.0 6.2 5.0 2.5 2 1 2 0 0
-4747.3 2286.0 -13.2 13 0 5.1 5.8 5.0 2.5 2 1 2 3 3
-4769.6 2288.6 -14.6 193 0 7.8 6.5 5.0 2.5 4 0 2 4 4
-4778.6 2253.1 -15.1 193 0 7.1 7.0 5.0 2.5 2 0 2 1 1
-4781.3 2232.1 -15.0 193 0 6.6 4.2 5.0 2.5 2 0 2 4 4
-4785.8 2224.8 -15.2 193 0 7.5 4.0 5.0 0.0 0 0 2 2 2
-4765.2 2212.4 -14.2 103 0 9.0 11.5 5.0 2.5 2 1 2 2 2
-4752.2 2215.1 -13.2 193 0 6.5 7.7 5.0 2.5 2 1 2 0 0
-4794.2 2330.1 -16.4 283 0 6.8 9.9 2.5 0.0 0 1 1 0 0
-4825.7 2399.4 -18.5 283 0 7.2 9.4 2.5 2.5 2 1 1 2 2
-4723.8 2377.2 -10.0 287 0 7.3 8.0 5.0 2.5 2 1 2 5 5
-4742.0 2380.5 -11.0 283 0 7.2 10.9 5.0 0.0 0 1 2 2 2
-4748.8 2366.9 -11.1 193 0 7.8 6.6 5.0 2.5 2 0 2 2 2
-4752.0 2355.6 -11.3 193 0 3.0 4.7 5.0 2.5 2 1 2 3 3
-4755.0 2351.2 -11.7 193 0 4.8 6.8 5.0 2.5 2 1 2 4 4
-4758.1 2345.7 -12.1 193 0 5.4 7.1 5.0 2.5 2 1 2 5 5
-4762.4 2357.5 -12.9 13 0 7.3 9.6 2.5 2.5 2 1 1 3 3
-4766.2 2349.7 -13.4 13 0 9.6 7.7 2.5 2.5 2 0 1 1 1
-4774.1 2318.6 -15.0 13 0 9.9 7.5 2.5 2.5 2 0 1 5 5
-4776.3 2309.4 -15.4 13 0 4.8 6.9 2.5 2.5 2 1 1 3 3
-4779.3 2280.6 -15.9 13 0 5.9 13.0 2.5 2.5 4 1 1 2 2
-4806.4 2283.8 -17.1 103 0 6.4 11.6 2.5 0.0 0 1 1 3 3
-4788.7 2349.7 -14.8 100 0 6.9 11.5 2.5 2.5 2 1 1 0 0
-4811.9 2264.0 -17.4 277 0 9.8 9.7 2.5 2.5 2 0 1 5 5
