4636.3 -1185.8 -11.9 217 0 11.6 29.5 14.0 3.5 2 1 4 5 5
5040.7 -1774.4 -34.2 15 0 43.5 47.8 2.5 0.0 0 1 1 3 3
4671.1 -1253.7 -10.4 306 0 15.8 36.5 14.0 3.5 2 1 4 0 0
4587.6 -1357.0 -13.9 130 0 26.3 11.1 14.0 3.5 2 0 4 0 0
4693.2 -1222.2 -11.0 309 0 19.4 10.3 14.0 0.0 0 0 4 2 2
4604.9 -1369.9 -12.9 128 0 12.7 37.5 14.0 3.5 2 1 4 4 4
4596.8 -1268.7 -12.0 218 0 26.8 11.6 14.0 3.5 2 0 4 1 1
4395.4 -327.1 2.6 19 0 73.1 14.1 10.5 3.5 2 0 3 0 0
4572.1 -1270.6 -12.7 218 0 21.6 10.3 14.0 3.5 2 0 4 1 1
4038.4 -440.4 0.2 270 0 18.6 13.7 14.0 3.5 2 0 4 2 2
4379.0 -270.0 3.6 288 0 15.6 13.1 10.5 0.0 0 0 3 4 4
4627.3 -1200.4 -12.1 217 0 19.4 11.5 14.0 3.5 2 0 4 5 5
4638.7 -1310.2 -11.6 37 0 29.0 15.8 14.0 3.5 2 0 4 4 4
4367.8 -358.6 2.2 22 0 12.7 40.4 10.5 3.5 2 1 3 4 4
4059.9 -439.7 0.9 270 0 19.7 14.3 14.0 3.5 2 0 4 5 5
4575.1 -1298.1 -13.1 218 0 19.4 11.1 14.0 3.5 2 0 4 2 2
4681.3 -1289.1 -9.8 36 0 15.9 13.6 14.0 3.5 2 0 4 3 3
4676.1 -1207.8 -11.4 306 0 16.6 11.8 14.0 3.5 2 0 4 4 4
4636.4 -1337.6 -12.0 35 0 11.1 30.3 14.0 3.5 2 1 4 4 4
5502.1 -1655.2 -16.6 15 0 54.6 31.9 5.0 0.0 0 0 2 2 2
4687.6 -1235.2 -10.7 307 0 11.4 19.7 14.0 3.5 2 1 4 3 3
4649.6 -1315.8 -11.4 38 0 35.1 10.3 14.0 3.5 2 0 4 4 4
4689.7 -1454.2 -23.2 291 0 30.9 41.6 5.0 0.0 0 1 2 4 4
4584.3 -1286.4 -12.4 218 0 10.2 11.1 14.0 3.5 2 0 4 3 3
4569.3 -1341.7 -14.5 127 0 19.3 10.6 14.0 3.5 2 0 4 0 0
4584.2 -1254.8 -12.1 217 0 16.4 9.4 10.5 3.5 2 0 3 5 5
4556.3 -1331.1 -14.9 128 0 11.2 9.7 10.5 3.5 2 0 3 0 0
4341.3 -256.5 3.2 290 0 53.7 14.5 10.5 3.5 2 0 3 5 5
4605.5 -1228.3 -11.9 219 0 16.5 12.8 14.0 3.5 2 0 4 5 5
4620.2 -1219.2 -11.9 208 0 11.1 28.5 14.0 3.5 2 1 4 4 4
4563.5 -1312.9 -14.2 218 0 18.1 11.2 14.0 3.5 2 0 4 5 5
4310.4 -343.4 1.7 110 0 29.4 12.9 10.5 3.5 2 0 3 1 1
4704.2 -1246.8 -10.2 307 0 14.1 28.6 14.0 3.5 2 1 4 3 3
4109.0 -457.3 1.0 302 0 30.8 51.0 14.0 3.5 2 1 4 3 3
3473.6 55.7 11.9 291 0 43.3 41.6 12.5 0.0 0 0 5 1 1
6070.3 -703.1 28.6 37 0 7.3 9.6 5.0 2.5 2 1 2 3 3
6079.8 -689.7 29.1 40 0 20.5 13.2 5.0 2.5 2 0 2 2 2
6107.0 -826.6 23.6 217 0 8.8 8.5 2.5 2.5 2 0 1 3 3
6126.5 -781.6 25.1 64 0 12.9 13.4 5.0 0.0 0 1 2 3 3
6100.4 -784.6 24.7 50 0 11.8 20.9 5.0 2.5 4 1 2 3 3
6079.0 -791.7 24.1 48 0 11.6 14.7 5.0 2.5 2 1 2 5 5
5300.6 -851.5 13.9 302 0 16.9 9.1 5.0 2.5 2 0 2 0 0
5316.4 -894.0 13.9 124 0 43.7 16.1 5.0 2.5 2 0 2 2 2
5343.8 -908.9 14.9 122 0 8.3 7.5 5.0 2.5 4 0 2 3 3
5322.6 -909.9 13.8 304 0 32.0 8.2 5.0 2.5 2 0 2 2 2
5345.0 -927.2 14.1 303 0 15.2 9.4 5.0 2.5 2 0 2 5 5
5286.3 -908.3 13.4 213 0 9.8 9.9 5.0 2.5 2 1 2 2 2
5305.7 -912.6 13.5 304 0 8.5 11.9 5.0 0.0 0 1 2 2 2
5314.5 -917.6 13.6 303 0 7.1 13.1 5.0 2.5 4 1 2 1 1
5321.2 -923.7 13.5 302 0 7.1 13.1 5.0 2.5 2 1 2 5 5
5329.7 -929.2 13.5 304 0 8.8 12.9 5.0 2.5 2 1 2 3 3
5337.9 -936.4 13.5 306 0 8.2 11.8 5.0 2.5 2 1 2 0 0
5347.3 -943.2 13.6 305 0 10.2 10.1 5.0 2.5 2 0 2 0 0
5357.8 -956.8 13.8 36 0 9.5 8.7 5.0 2.5 2 0 2 0 0
5325.8 -985.3 12.0 123 0 12.9 20.9 5.0 2.5 2 1 2 0 0
5348.3 -1007.3 11.7 31 0 13.6 6.7 5.0 0.0 0 0 2 3 3
5352.8 -1014.0 11.8 28 0 8.2 5.9 5.0 2.5 2 0 2 0 0
5302.6 -1092.9 7.6 214 0 14.8 22.9 5.0 2.5 2 1 2 5 5
5430.8 -1068.4 12.9 216 0 16.1 9.6 5.0 0.0 0 0 2 5 5
5450.4 -1075.8 13.0 213 0 23.7 9.7 5.0 0.0 0 0 2 2 2
5475.8 -1116.1 13.3 120 0 17.5 24.1 5.0 2.5 2 1 2 1 1
5491.7 -1132.3 12.8 128 0 11.5 27.3 5.0 2.5 2 1 2 4 4
5513.9 -1111.4 14.4 121 0 8.9 16.9 5.0 2.5 2 1 2 0 0
5511.9 -1070.2 16.0 205 0 10.8 21.0 5.0 2.5 2 1 2 4 4
5484.1 -1198.7 9.1 295 0 11.5 17.9 5.0 0.0 0 1 2 4 4
5447.6 -1206.0 8.7 204 0 13.5 17.0 5.0 2.5 2 1 2 4 4
5590.2 -1206.4 11.8 214 0 9.2 9.6 5.0 0.0 0 1 2 2 2
5546.4 -1184.5 11.9 122 0 7.0 10.9 5.0 0.0 0 1 2 5 5
5569.0 -1199.8 11.4 45 0 19.3 18.4 5.0 2.5 2 0 2 0 0
5605.3 -1166.6 14.5 42 0 10.2 10.2 5.0 2.5 2 0 2 3 3
5597.7 -1155.7 14.6 39 0 14.9 30.3 5.0 2.5 2 1 2 2 2
5636.4 -1082.7 18.6 317 0 26.7 17.7 5.0 2.5 2 0 2 5 5
5674.9 -1083.2 20.2 324 0 8.4 13.0 5.0 2.5 2 1 2 3 3
5680.8 -1103.2 19.9 56 0 12.7 13.1 5.0 0.0 0 1 2 5 5
5657.9 -1119.6 18.5 48 0 9.9 14.0 5.0 2.5 2 1 2 0 0
5630.4 -1178.8 13.7 224 0 19.0 19.5 5.0 2.5 2 1 2 2 2
5763.8 -1194.8 14.0 24 0 7.6 16.5 5.0 2.5 2 1 2 4 4
5737.2 -1216.0 13.0 132 0 9.8 9.3 5.0 2.5 2 0 2 2 2
5725.2 -1208.9 13.8 130 0 10.8 8.5 5.0 2.5 2 0 2 2 2
5688.6 -1156.3 16.9 214 0 10.4 10.0 5.0 2.5 2 0 2 0 0
5696.5 -1177.4 16.1 123 0 6.1 10.1 5.0 2.5 4 1 2 4 4
5707.7 -1191.6 15.3 120 0 13.6 14.7 5.0 2.5 2 1 2 4 4
5701.9 -1069.6 21.6 235 0 5.4 12.9 5.0 2.5 2 1 2 1 1
5754.1 -1129.4 18.5 49 0 9.9 12.4 5.0 2.5 2 1 2 1 1
5735.6 -1107.2 19.4 229 0 20.6 12.8 5.0 2.5 2 0 2 5 5
5717.9 -1097.0 20.9 223 0 13.5 8.2 5.0 2.5 2 0 2 3 3
5745.9 -1078.9 20.8 227 0 15.0 16.5 5.0 2.5 2 1 2 1 1
5812.1 -1043.3 20.2 230 0 18.9 8.2 5.0 2.5 2 0 2 0 0
5805.3 -1026.4 20.4 229 0 9.1 13.5 5.0 0.0 0 1 2 2 2
5916.7 -945.7 19.9 225 0 6.8 8.8 5.0 2.5 2 1 2 4 4
5951.0 -1020.3 18.5 325 0 11.8 10.5 5.0 2.5 2 0 2 2 2
6109.3 -1181.4 15.1 37 0 9.9 16.3 5.0 0.0 0 1 2 0 0
6116.5 -1165.5 15.2 305 0 20.1 9.4 5.0 2.5 4 0 2 2 2
6140.9 -1129.0 14.9 305 0 20.0 9.7 2.5 2.5 2 0 1 4 4
6127.1 -1149.8 15.2 121 0 18.5 7.4 2.5 2.5 2 0 1 1 1
6148.1 -1118.5 14.6 123 0 20.2 7.4 5.0 2.5 2 0 2 3 3
6124.0 -1102.4 15.0 122 0 18.8 10.1 5.0 0.0 0 0 2 4 4
6116.9 -1113.7 15.3 304 0 19.6 9.5 2.5 0.0 0 0 1 4 4
6103.0 -1136.0 15.4 120 0 17.0 11.9 2.5 2.5 2 0 1 4 4
6095.4 -1148.4 15.4 302 0 17.5 11.4 5.0 2.5 2 0 2 5 5
6082.3 -1169.0 15.3 123 0 17.8 11.3 5.0 2.5 2 0 2 5 5
6100.1 -1087.9 15.4 121 0 19.5 11.6 5.0 2.5 2 0 2 4 4
6093.0 -1098.2 15.7 302 0 19.1 10.9 2.5 2.5 2 0 1 0 0
6080.8 -1120.4 15.6 122 0 18.5 8.5 2.5 2.5 4 0 1 4 4
6077.5 -1138.8 15.5 301 0 19.0 10.0 5.0 2.5 2 0 2 5 5
6063.8 -1155.9 15.4 125 0 17.8 10.1 5.0 2.5 2 0 2 5 5
6044.2 -1143.3 15.6 122 0 15.1 10.9 5.0 2.5 2 0 2 2 2
6060.8 -1125.8 15.7 302 0 17.1 10.5 5.0 2.5 2 0 2 0 0
6036.4 -1111.0 15.9 303 0 18.5 9.0 5.0 2.5 2 0 2 1 1
6020.8 -1126.5 15.8 127 0 16.1 9.7 5.0 0.0 0 0 2 2 2
6032.7 -1067.6 16.5 275 0 9.7 19.0 2.5 0.0 0 1 1 5 5
6035.8 -1012.8 16.6 215 0 11.8 9.4 5.0 2.5 2 0 2 2 2
6059.0 -1057.1 16.4 127 0 10.9 8.5 5.0 2.5 2 0 2 2 2
6039.0 -1048.8 16.6 120 0 19.7 11.6 5.0 2.5 2 0 2 2 2
6000.7 -1027.7 17.2 135 0 23.8 12.1 5.0 0.0 0 0 2 0 0
6021.3 -965.3 16.5 133 0 20.7 12.7 5.0 2.5 2 0 2 1 1
6018.8 -993.0 17.0 315 0 13.5 20.1 5.0 2.5 2 1 2 1 1
5993.4 -968.6 17.3 315 0 15.6 19.4 5.0 2.5 2 1 2 4 4
5981.8 -951.9 17.6 314 0 7.5 11.9 5.0 2.5 2 1 2 5 5
5956.2 -933.4 18.5 318 0 14.9 12.7 5.0 2.5 2 0 2 3 3
5970.7 -923.8 17.5 139 0 16.1 9.5 5.0 2.5 2 0 2 0 0
6007.6 -848.7 20.6 36 0 12.3 32.1 5.0 2.5 4 1 2 1 1
5971.0 -815.0 21.3 220 0 13.5 10.5 5.0 2.5 4 0 2 5 5
5941.1 -875.5 18.1 53 0 18.8 16.0 5.0 2.5 4 0 2 5 5
5966.4 -877.2 17.9 41 0 14.7 12.8 5.0 2.5 2 0 2 0 0
5957.3 -894.8 17.6 46 0 8.5 19.8 5.0 2.5 2 1 2 0 0
5884.3 -884.9 18.6 136 0 13.6 24.8 5.0 2.5 2 1 2 5 5
5919.2 -909.4 18.7 50 0 11.8 16.9 5.0 2.5 2 1 2 4 4
5745.8 -758.1 20.1 132 0 19.0 9.9 2.5 2.5 2 0 1 1 1
5797.8 -1011.7 20.4 47 0 7.8 11.5 5.0 2.5 2 1 2 3 3
5729.6 -1057.8 21.6 146 0 9.0 9.2 5.0 2.5 2 1 2 3 3
5740.1 -1022.0 21.3 226 0 13.9 23.2 5.0 2.5 2 1 2 3 3
5689.6 -1052.5 21.7 47 0 11.4 9.0 5.0 2.5 2 0 2 2 2
5699.9 -1037.6 21.9 323 0 9.6 10.7 5.0 2.5 2 1 2 1 1
5681.6 -1035.3 21.8 322 0 10.8 10.2 5.0 2.5 4 0 2 2 2
5692.7 -1027.4 22.0 318 0 8.9 12.0 5.0 2.5 2 1 2 2 2
5683.8 -1013.7 22.1 325 0 10.6 15.2 5.0 2.5 4 1 2 5 5
5652.2 -1007.8 22.2 312 0 13.8 7.9 5.0 2.5 4 0 2 2 2
5712.6 -938.8 20.6 132 0 14.5 9.8 5.0 2.5 2 0 2 4 4
4042.3 -490.3 0.5 124 0 12.1 13.9 14.0 3.5 2 1 4 4 4
4020.9 -463.8 -0.3 211 0 13.2 23.0 14.0 3.5 2 1 4 0 0
3920.4 -510.3 -2.2 200 0 14.5 19.8 14.0 3.5 2 1 4 0 0
3927.8 -491.7 -2.1 202 0 15.0 19.3 14.0 0.0 0 1 4 1 1
3945.8 -471.5 -2.0 292 0 19.5 15.2 14.0 3.5 2 0 4 1 1
3953.3 -454.4 -2.0 293 0 18.6 14.7 14.0 0.0 0 0 4 4 4
3980.2 -468.0 -1.4 291 0 14.7 26.9 14.0 3.5 2 1 4 0 0
3973.3 -508.3 -1.1 21 0 16.8 14.2 14.0 3.5 2 0 4 5 5
3943.9 -527.6 -1.5 111 0 12.4 16.5 14.0 3.5 2 1 4 0 0
3965.8 -527.2 -1.0 21 0 16.2 12.2 14.0 3.5 2 0 4 2 2
4032.7 -434.3 0.4 90 0 10.2 13.9 14.0 3.5 2 1 4 3 3
4044.7 -432.7 0.8 89 0 5.9 10.2 10.5 3.5 2 1 3 5 5
4131.2 -463.2 2.2 122 0 16.1 18.3 14.0 0.0 0 1 4 3 3
4117.1 -453.3 2.0 121 0 16.7 16.7 14.0 3.5 2 1 4 3 3
4106.3 -443.3 1.9 121 0 10.3 11.3 14.0 3.5 2 1 4 4 4
5198.8 -1258.1 0.1 114 0 11.8 21.2 5.0 2.5 2 1 2 3 3
5297.1 -1217.9 5.9 25 0 14.6 12.2 5.0 2.5 2 0 2 3 3
5263.4 -1260.0 6.8 105 0 8.5 13.5 5.0 2.5 2 1 2 2 2
5282.9 -1253.2 6.7 103 0 17.5 10.5 5.0 2.5 2 0 2 1 1
5295.1 -1272.2 6.6 25 0 7.5 19.1 5.0 2.5 2 1 2 4 4
5396.5 -1244.6 6.2 282 0 9.8 8.9 5.0 2.5 2 0 2 0 0
5162.1 -266.4 19.2 117 0 15.7 8.2 5.0 2.5 2 0 2 2 2
5096.4 -265.5 15.9 26 0 15.8 13.5 5.0 2.5 2 0 2 3 3
5097.5 -329.9 15.6 309 0 15.6 7.1 5.0 2.5 2 0 2 0 0
5091.1 -339.1 15.3 309 0 17.8 9.0 5.0 2.5 2 0 2 2 2
5112.0 -337.4 15.7 311 0 9.9 13.0 5.0 2.5 2 1 2 5 5
5154.5 -281.2 19.1 308 0 9.3 5.7 5.0 2.5 2 0 2 5 5
5111.0 -263.8 17.6 205 0 11.1 12.6 5.0 2.5 2 1 2 4 4
5122.1 -329.6 16.6 129 0 8.9 11.5 5.0 2.5 2 1 2 3 3
5135.2 -382.7 16.4 113 0 15.5 10.3 5.0 2.5 2 0 2 4 4
5046.8 -625.3 8.7 31 0 13.8 7.7 5.0 2.5 4 0 2 5 5
5020.9 -664.3 8.0 300 0 5.0 8.9 5.0 2.5 2 1 2 2 2
5014.1 -690.0 7.7 210 0 9.4 12.1 5.0 2.5 2 1 2 0 0
5026.5 -680.3 7.8 296 0 12.8 6.8 5.0 2.5 2 0 2 1 1
5037.5 -672.3 7.8 307 0 17.6 9.4 5.0 2.5 2 0 2 3 3
5028.2 -750.3 7.2 37 0 11.3 5.0 5.0 2.5 2 0 2 4 4
5022.9 -743.7 7.3 37 0 18.1 30.9 5.0 0.0 0 1 2 0 0
5045.3 -726.6 7.5 38 0 15.3 9.2 5.0 2.5 2 0 2 0 0
5064.4 -698.3 7.9 36 0 7.7 11.7 5.0 2.5 4 1 2 1 1
5064.9 -747.1 8.2 220 0 25.2 12.5 2.5 0.0 0 0 1 2 2
5273.1 -1131.6 5.8 214 0 6.7 16.9 5.0 0.0 0 1 2 1 1
5475.2 -1246.4 7.6 36 0 7.5 13.2 5.0 2.5 2 1 2 1 1
5480.5 -1220.3 8.1 295 0 11.8 18.0 5.0 2.5 2 1 2 2 2
5520.1 -1224.3 9.1 316 0 6.6 8.1 5.0 2.5 2 1 2 2 2
5523.0 -1248.4 8.6 41 0 4.6 12.3 5.0 2.5 2 1 2 2 2
5511.3 -1259.3 7.6 43 0 16.8 17.0 5.0 2.5 2 1 2 0 0
5475.0 -1267.5 6.6 49 0 15.3 19.4 5.0 0.0 0 1 2 0 0
5441.8 -1292.2 5.1 40 0 9.3 9.5 5.0 2.5 4 1 2 3 3
5427.5 -1286.4 5.3 125 0 5.2 10.1 5.0 2.5 2 1 2 5 5
5419.2 -1281.6 5.3 124 0 8.6 11.3 5.0 0.0 0 1 2 3 3
5413.7 -1241.7 6.6 284 0 7.1 8.7 5.0 2.5 2 1 2 1 1
5369.0 -1236.7 5.9 286 0 9.8 12.0 5.0 2.5 2 1 2 1 1
5326.4 -1234.7 6.3 113 0 9.3 14.0 5.0 2.5 2 1 2 3 3
5340.8 -1185.0 7.0 32 0 9.0 11.8 5.0 2.5 2 1 2 4 4
5346.6 -1176.1 7.3 32 0 8.7 13.8 5.0 2.5 2 1 2 5 5
5301.8 -1147.3 6.5 211 0 9.4 28.5 5.0 2.5 2 1 2 1 1
5113.8 -1208.2 -1.6 213 0 16.3 21.9 2.5 2.5 4 1 1 4 4
5177.3 -1212.9 0.5 30 0 7.8 8.8 2.5 0.0 0 1 1 4 4
5214.5 -1153.6 4.0 306 0 7.6 11.0 2.5 2.5 2 1 1 5 5
5203.8 -1175.3 2.7 37 0 21.2 14.7 2.5 2.5 2 0 1 2 2
5176.9 -1137.6 3.5 208 0 15.4 23.2 2.5 2.5 2 1 1 0 0
5145.9 -1150.4 3.0 25 0 10.0 7.9 2.5 2.5 2 0 1 3 3
5163.7 -1132.9 3.6 25 0 12.3 18.3 2.5 2.5 2 1 1 5 5
5136.6 -1106.5 5.1 24 0 7.6 19.5 2.5 2.5 2 1 1 0 0
5130.6 -1115.0 4.9 25 0 9.0 20.3 2.5 2.5 2 1 1 3 3
5123.9 -1123.8 4.6 26 0 8.9 18.0 2.5 2.5 2 1 1 0 0
5121.2 -1069.2 6.4 300 0 12.5 7.1 2.5 2.5 2 0 1 3 3
5112.9 -1053.9 6.9 303 0 12.0 14.1 2.5 2.5 2 1 1 0 0
5096.9 -1048.1 7.4 302 0 11.8 10.3 2.5 2.5 2 0 1 2 2
5039.1 -1046.4 7.9 129 0 15.9 21.3 2.5 2.5 2 1 1 4 4
5027.9 -1034.8 8.1 131 0 12.0 29.0 2.5 2.5 2 1 1 3 3
5031.2 -954.8 8.1 33 0 13.5 16.2 2.5 2.5 2 1 1 4 4
5039.6 -942.7 8.1 33 0 10.6 13.0 2.5 2.5 2 1 1 3 3
5058.1 -907.6 7.7 34 0 15.5 12.6 2.5 2.5 2 0 1 5 5
5067.4 -921.3 8.2 216 0 19.7 19.8 2.5 2.5 2 1 1 5 5
6103.3 -657.0 26.4 41 0 15.0 8.9 5.0 2.5 2 0 2 3 3
6037.1 -760.2 25.4 201 0 5.7 7.7 5.0 2.5 2 1 2 2 2
6050.9 -750.5 25.7 302 0 16.3 8.6 5.0 2.5 2 0 2 0 0
6039.2 -803.8 23.2 42 0 11.9 11.5 5.0 2.5 2 0 2 3 3
6021.0 -784.9 23.9 221 0 7.8 7.8 5.0 2.5 2 0 2 0 0
6031.2 -772.1 24.5 209 0 12.2 9.6 5.0 2.5 2 0 2 2 2
6024.2 -750.9 25.5 212 0 11.1 11.8 5.0 2.5 2 1 2 1 1
5832.0 -815.4 19.6 215 0 3.8 6.4 5.0 2.5 2 1 2 4 4
5842.8 -824.4 19.3 215 0 12.4 12.7 5.0 2.5 2 1 2 3 3
5847.7 -850.7 19.6 121 0 5.0 6.8 5.0 2.5 2 1 2 5 5
5863.2 -833.2 19.1 301 0 9.0 6.1 5.0 2.5 2 0 2 2 2
5862.2 -863.7 19.0 130 0 10.8 21.7 5.0 2.5 2 1 2 0 0
5295.8 -142.6 18.9 208 0 12.6 8.9 5.0 2.5 2 0 2 3 3
5313.1 -176.9 19.4 29 0 7.5 13.5 5.0 2.5 4 1 2 0 0
5295.2 -178.9 19.4 201 0 7.2 9.3 5.0 2.5 2 1 2 1 1
5257.2 -202.4 18.7 212 0 9.2 7.9 5.0 2.5 2 0 2 3 3
5282.4 -236.2 19.5 22 0 6.0 10.5 7.5 2.5 4 1 3 4 4
5280.1 -248.6 19.5 21 0 15.1 15.2 5.0 2.5 2 1 2 3 3
5218.1 -361.2 17.4 217 0 25.2 12.5 5.0 2.5 2 0 2 4 4
5234.0 -330.9 18.7 37 0 10.7 10.6 2.5 2.5 2 0 1 0 0
5267.5 -330.7 18.9 123 0 17.6 13.3 5.0 2.5 2 0 2 3 3
5380.1 -417.4 21.4 112 0 14.3 11.3 2.5 2.5 2 0 1 2 2
5390.4 -392.8 20.5 289 0 14.9 11.3 10.0 2.5 2 0 4 5 5
5198.0 -906.7 10.4 40 0 12.8 11.8 5.0 2.5 2 0 2 2 2
5205.8 -894.9 10.8 38 0 9.2 10.8 5.0 2.5 2 1 2 1 1
5209.3 -881.0 11.0 36 0 13.5 5.3 5.0 2.5 2 0 2 2 2
5216.0 -874.6 11.4 126 0 12.1 26.0 5.0 2.5 4 1 2 1 1
5273.5 -835.3 12.7 307 0 33.1 14.3 5.0 2.5 2 0 2 0 0
5248.7 -832.6 12.4 307 0 6.2 12.8 5.0 0.0 0 1 2 4 4
5238.1 -820.0 12.4 308 0 11.2 7.5 5.0 2.5 2 0 2 5 5
5227.8 -811.1 12.4 307 0 9.4 7.8 5.0 2.5 4 0 2 0 0
5219.0 -802.6 12.2 308 0 7.2 8.6 5.0 2.5 2 1 2 4 4
5207.5 -789.7 12.0 309 0 5.2 10.2 5.0 2.5 2 1 2 4 4
5196.5 -785.5 11.8 304 0 10.4 8.5 5.0 2.5 2 0 2 1 1
5161.3 -799.4 10.7 213 0 6.7 15.9 5.0 2.5 2 1 2 2 2
5157.0 -826.5 10.4 132 0 9.6 18.4 5.0 2.5 2 1 2 2 2
5140.4 -862.2 9.5 42 0 8.6 6.2 5.0 2.5 2 0 2 5 5
5198.7 -693.4 14.9 311 0 3.9 6.3 2.5 2.5 4 1 1 5 5
5188.4 -688.0 14.0 308 0 9.1 8.8 7.5 2.5 2 0 3 1 1
5187.9 -713.0 12.9 31 0 17.5 14.3 2.5 2.5 2 0 1 1 1
5740.3 -1000.0 20.5 44 0 14.4 9.3 5.0 2.5 2 0 2 0 0
5718.3 -1021.0 21.8 51 0 20.5 11.8 5.0 2.5 2 0 2 1 1
5730.7 -977.3 20.5 317 0 11.1 16.3 5.0 2.5 2 1 2 2 2
5716.4 -1000.0 21.0 42 0 13.3 13.5 5.0 0.0 0 1 2 1 1
5698.2 -980.1 20.7 228 0 12.9 9.8 5.0 2.5 2 0 2 1 1
5683.0 -1000.2 22.1 145 0 9.3 12.3 5.0 2.5 2 1 2 4 4
5626.7 -1004.5 21.9 232 0 9.1 8.7 5.0 2.5 2 0 2 1 1
5595.7 -1020.5 20.7 229 0 8.4 11.5 5.0 2.5 2 1 2 5 5
5627.2 -1031.8 21.2 235 0 8.6 8.8 5.0 0.0 0 1 2 0 0
5653.1 -1037.2 21.4 324 0 13.1 10.4 5.0 2.5 2 0 2 1 1
5641.4 -1052.6 21.0 52 0 9.1 12.5 5.0 2.5 4 1 2 5 5
5623.1 -1070.6 19.5 54 0 12.4 16.7 5.0 2.5 2 1 2 3 3
5675.5 -1159.2 16.5 216 0 10.0 7.3 5.0 2.5 2 0 2 3 3
5660.1 -1148.4 16.7 214 0 14.5 11.2 5.0 2.5 2 0 2 4 4
5680.9 -1144.4 17.4 225 0 8.3 12.3 5.0 2.5 2 1 2 4 4
5671.1 -1134.0 17.9 223 0 8.1 12.2 5.0 2.5 2 1 2 3 3
5570.4 -1176.9 12.9 33 0 6.9 11.1 5.0 0.0 0 1 2 5 5
5582.6 -1189.5 12.7 40 0 7.5 13.1 5.0 2.5 4 1 2 4 4
5509.2 -1164.7 11.6 130 0 10.1 16.2 5.0 2.5 2 1 2 5 5
5523.8 -1177.8 11.5 128 0 8.4 11.9 5.0 2.5 2 1 2 5 5
5425.7 -1087.8 12.3 215 0 8.1 15.3 5.0 2.5 4 1 2 4 4
5501.2 -1013.7 16.3 215 0 9.6 8.4 5.0 2.5 2 0 2 2 2
5488.4 -1001.7 16.4 217 0 14.0 10.9 5.0 2.5 4 0 2 5 5
5486.6 -1027.7 15.6 220 0 11.1 15.2 5.0 2.5 2 1 2 2 2
5547.7 -1017.0 19.5 26 0 7.5 13.6 5.0 2.5 2 1 2 1 1
5538.6 -1020.6 18.7 297 0 10.5 12.2 5.0 2.5 2 1 2 3 3
5523.5 -968.1 18.2 217 0 10.8 14.3 5.0 2.5 2 1 2 0 0
5535.4 -957.6 18.9 212 0 10.6 13.8 5.0 0.0 0 1 2 3 3
