-4932.9 -2833.6 -2.1 99 0 9.1 29.8 5.0 2.5 2 1 2 1 1
-5111.0 -2686.0 -13.8 292 0 28.9 16.5 2.5 2.5 2 0 1 5 5
-4842.2 -2789.1 -2.0 108 0 9.6 17.1 2.5 2.5 2 1 1 0 0
-4853.6 -2773.5 -9.4 108 0 10.7 50.1 2.5 0.0 0 1 1 0 0
-4973.7 -2796.9 -7.4 186 0 20.6 10.5 5.0 2.5 2 0 2 5 5
-4964.5 -2829.2 -0.8 100 0 29.4 10.7 5.0 2.5 2 0 2 1 1
4926.2 -6514.7 -10.2 282 0 8.5 20.2 2.5 2.5 2 1 1 2 2
5125.5 -6484.1 -16.4 271 0 18.1 27.6 2.5 2.5 2 1 1 0 0
5267.0 -6552.0 -3.2 360 0 14.3 9.7 5.0 2.5 2 0 2 1 1
5268.4 -6613.3 5.6 356 0 11.1 34.0 5.0 2.5 2 1 2 0 0
