4175.9 -3934.2 -1.5 181 0 11.5 7.9 2.5 2.5 2 0 1 5 5
4155.6 -3928.5 -1.5 271 0 9.3 9.0 5.0 2.5 2 0 2 3 3
4237.8 -3954.7 1.0 269 0 9.3 6.8 5.0 2.5 2 0 2 2 2
4212.3 -3930.1 -1.0 270 0 7.6 6.8 2.5 2.5 2 0 1 3 3
4238.1 -3919.3 -4.1 90 0 8.1 11.5 5.0 2.5 2 1 2 3 3
4052.3 -3946.0 -0.8 183 0 9.0 38.3 7.5 2.5 2 1 3 3 3
4203.6 -3928.8 -1.2 271 0 9.6 7.6 2.5 2.5 2 0 1 5 5
4259.8 -3950.6 0.5 269 0 8.9 7.3 5.0 2.5 2 0 2 0 0
4212.1 -3957.5 1.2 267 0 8.6 14.8 5.0 2.5 2 1 2 5 5
4271.2 -3906.1 -5.5 83 0 5.0 7.3 5.0 2.5 2 1 2 5 5
4218.7 -3946.4 0.2 359 0 5.1 9.7 2.5 2.5 2 1 1 5 5
4097.7 -3932.5 -1.6 4 0 10.1 5.5 5.0 0.0 0 0 2 0 0
4285.2 -3901.4 -5.5 79 0 10.6 5.5 5.0 2.5 2 0 2 0 0
4213.2 -3943.5 -0.4 90 0 7.8 6.1 2.5 2.5 2 0 1 3 3
4134.1 -3919.3 -4.4 89 0 8.0 7.0 5.0 2.5 2 0 2 5 5
4163.6 -3918.9 -4.8 90 0 10.2 6.9 5.0 2.5 2 0 2 2 2
4297.8 -3912.2 -4.2 84 0 5.2 8.7 5.0 2.5 2 1 2 0 0
4208.4 -3945.4 -0.1 2 0 7.1 9.9 2.5 2.5 2 1 1 1 1
4261.6 -3909.2 -5.3 85 0 6.2 7.7 5.0 2.5 2 1 2 1 1
4215.4 -3919.5 -3.5 90 0 9.4 5.2 5.0 2.5 4 0 2 1 1
4257.2 -3927.5 -1.7 267 0 7.3 8.1 2.5 2.5 2 1 1 4 4
4202.2 -3955.5 1.0 272 0 7.1 7.2 5.0 2.5 2 1 2 3 3
4249.7 -3951.9 0.8 266 0 7.2 4.4 5.0 2.5 2 0 2 1 1
4201.9 -3963.4 1.3 270 0 6.6 5.8 5.0 2.5 2 0 2 3 3
4162.6 -3906.8 -6.5 269 0 6.2 4.0 5.0 2.5 2 0 2 1 1
4222.6 -3929.5 -1.0 270 0 9.2 5.4 2.5 2.5 2 0 1 2 2
4249.6 -3894.8 -6.2 266 0 10.2 7.0 5.0 2.5 2 0 2 3 3
4284.2 -3948.2 -0.4 254 0 8.7 6.5 5.0 2.5 2 0 2 1 1
4154.8 -3919.2 -6.4 90 0 4.4 12.2 5.0 2.5 2 1 2 0 0
4178.0 -3942.7 -0.4 179 0 4.5 5.0 2.5 2.5 2 1 1 3 3
4222.6 -3941.0 -0.4 90 0 5.9 4.9 2.5 2.5 2 0 1 4 4
4205.0 -3918.1 -5.2 92 0 4.8 10.4 5.0 2.5 4 1 2 0 0
4237.1 -3897.8 -6.0 271 0 6.8 6.2 5.0 2.5 2 0 2 0 0
4058.5 -3914.3 -5.2 271 0 10.2 25.8 5.0 2.5 2 1 2 5 5
4181.7 -3913.1 -5.8 89 0 8.2 6.3 5.0 2.5 2 0 2 4 4
4233.3 -3929.4 -1.2 270 0 9.8 7.1 2.5 2.5 2 0 1 0 0
4170.5 -3966.9 1.2 262 0 7.1 8.2 5.0 2.5 2 1 2 0 0
4287.6 -3912.3 -4.3 82 0 9.5 6.5 5.0 2.5 2 0 2 1 1
4198.4 -3918.9 -3.2 3 0 5.8 9.1 5.0 2.5 2 1 2 1 1
4245.8 -3928.4 -1.5 266 0 9.0 9.8 2.5 2.5 2 1 1 3 3
4186.2 -3944.4 -0.3 93 0 3.5 3.6 2.5 2.5 2 1 1 3 3
4179.5 -3963.3 1.1 270 0 7.5 5.6 5.0 0.0 0 0 2 3 3
4217.5 -3913.7 -4.6 87 0 5.8 5.1 5.0 2.5 2 0 2 1 1
4247.2 -3944.3 -0.4 88 0 9.5 5.4 2.5 2.5 2 0 1 3 3
4111.4 -3927.0 -1.4 271 0 7.8 10.3 5.0 2.5 2 1 2 0 0
4144.6 -3926.9 -1.6 272 0 7.5 8.1 5.0 2.5 2 1 2 1 1
4272.8 -3949.4 0.1 269 0 8.3 5.6 5.0 2.5 2 0 2 3 3
4224.3 -3920.3 -4.7 91 0 4.4 13.4 5.0 2.5 2 1 2 0 0
4250.0 -3918.1 -4.8 87 0 10.8 14.3 5.0 2.5 2 1 2 3 3
