2559.1 4081.2 1.8 242 0 8.3 15.6 5.0 2.5 2 1 2 3 3
2467.0 4141.7 1.5 240 0 12.9 8.1 2.5 2.5 2 0 1 0 0
2435.9 4194.2 -5.4 326 0 9.3 8.9 2.5 2.5 2 0 1 4 4
2420.1 4179.9 -2.2 151 0 9.5 10.4 2.5 2.5 2 1 1 2 2
2449.2 4149.4 1.4 52 0 10.1 8.3 2.5 0.0 0 0 1 5 5
2407.4 4188.1 -0.5 52 0 9.4 7.2 2.5 2.5 2 0 1 4 4
2432.6 4162.1 -1.0 141 0 9.4 8.0 2.5 2.5 2 0 1 2 2
2428.4 4159.1 1.6 324 0 8.2 7.6 2.5 2.5 2 0 1 4 4
2413.2 4173.1 1.5 321 0 8.7 7.8 2.5 2.5 2 0 1 1 1
2406.0 4169.4 1.3 323 0 5.3 5.9 2.5 2.5 2 1 1 5 5
