2640.2 -1790.4 1.9 107 0 19.3 8.1 5.0 2.5 2 0 2 0 0
2619.4 -1732.2 -1.7 17 0 13.1 8.7 5.0 2.5 2 0 2 4 4
2637.0 -1733.6 -2.1 95 0 11.3 10.8 5.0 2.5 2 0 2 1 1
2653.8 -1736.7 -2.3 94 0 10.0 18.2 5.0 2.5 2 1 2 0 0
2664.2 -1741.1 -2.5 277 0 9.6 16.2 5.0 2.5 2 1 2 3 3
2682.7 -1757.7 -2.8 7 0 9.9 12.4 5.0 2.5 2 1 2 1 1
2681.6 -1772.2 -2.4 8 0 12.9 14.9 5.0 0.0 0 1 2 3 3
2737.7 -1882.5 9.5 94 0 7.0 8.1 5.0 2.5 2 1 2 5 5
2921.6 -1768.5 -9.8 109 0 12.4 17.3 2.5 2.5 2 1 1 4 4
2890.5 -1762.9 -7.4 107 0 8.5 13.6 5.0 2.5 2 1 2 4 4
2927.7 -1786.2 -5.6 288 0 16.3 11.6 2.5 2.5 2 0 1 4 4
2864.7 -1798.3 -4.6 289 0 12.9 11.3 2.5 0.0 0 0 1 2 2
2883.8 -1770.8 -6.4 283 0 8.9 15.6 2.5 2.5 2 1 1 3 3
2857.2 -1756.7 -7.5 94 0 11.2 12.5 5.0 2.5 2 1 2 4 4
2866.7 -1766.0 -6.6 283 0 9.1 18.6 2.5 2.5 2 1 1 5 5
2853.5 -1766.2 -6.5 283 0 10.4 11.6 2.5 2.5 2 1 1 4 4
2816.3 -1833.8 -1.6 107 0 12.7 9.3 2.5 2.5 2 0 1 3 3
2827.3 -1793.5 -4.4 287 0 15.9 17.7 2.5 2.5 2 1 1 4 4
2833.9 -1761.6 -6.8 281 0 15.0 17.6 2.5 2.5 2 1 1 3 3
2822.4 -1750.9 -7.2 100 0 10.4 14.5 5.0 2.5 2 1 2 1 1
2811.8 -1756.1 -7.0 282 0 8.7 12.5 2.5 2.5 2 1 1 5 5
2791.3 -1763.6 -6.8 195 0 13.9 8.6 2.5 2.5 2 0 1 3 3
2794.8 -1779.1 -5.7 282 0 12.0 11.3 2.5 2.5 2 0 1 3 3
2778.1 -1814.7 -2.2 196 0 16.7 9.3 2.5 2.5 2 0 1 2 2
2792.8 -1839.4 0.9 285 0 12.2 8.3 5.0 2.5 2 0 2 1 1
2775.0 -1833.7 0.9 281 0 12.1 9.1 5.0 2.5 2 0 2 5 5
2770.1 -1813.8 -1.8 4 0 11.6 10.0 5.0 2.5 2 0 2 2 2
2753.6 -1772.8 -4.9 281 0 9.8 15.5 5.0 2.5 2 1 2 4 4
2763.6 -1775.7 -5.0 280 0 7.4 14.2 5.0 2.5 2 1 2 3 3
2778.7 -1782.8 -5.3 10 0 8.5 9.9 5.0 2.5 4 1 2 5 5
2790.2 -1739.8 -6.9 11 0 7.6 9.0 5.0 2.5 2 1 2 1 1
2775.9 -1773.4 -7.0 97 0 7.1 19.5 5.0 2.5 2 1 2 2 2
2766.6 -1770.0 -6.7 95 0 7.4 17.9 5.0 2.5 2 1 2 3 3
2757.0 -1749.6 -6.1 277 0 7.8 13.2 5.0 2.5 2 1 2 0 0
2729.5 -1740.3 -4.6 90 0 8.9 12.5 5.0 2.5 2 1 2 5 5
2704.2 -1736.5 -3.4 97 0 11.0 14.4 5.0 2.5 2 1 2 2 2
2716.9 -1745.7 -4.6 277 0 7.3 12.9 5.0 2.5 2 1 2 1 1
2712.7 -1770.5 -3.4 279 0 6.6 17.5 5.0 2.5 2 1 2 2 2
2707.0 -1820.5 2.5 277 0 11.9 14.1 5.0 2.5 2 1 2 2 2
2726.7 -1814.0 -1.0 89 0 10.3 15.8 5.0 2.5 2 1 2 2 2
2747.8 -1833.6 2.2 281 0 7.8 9.4 5.0 2.5 2 1 2 4 4
2759.3 -1832.2 1.5 281 0 8.9 10.9 5.0 2.5 2 1 2 0 0
2774.3 -1851.8 4.2 288 0 9.0 13.7 5.0 2.5 2 1 2 1 1
2791.2 -1857.8 4.4 290 0 8.5 9.8 5.0 2.5 2 1 2 1 1
2808.4 -1845.2 1.1 287 0 9.8 8.4 5.0 2.5 2 0 2 1 1
2851.6 -1853.6 -0.1 285 0 11.0 21.6 5.0 2.5 2 1 2 3 3
2834.1 -1851.4 0.7 288 0 17.8 12.5 5.0 0.0 0 0 2 5 5
2847.5 -1841.4 -2.0 103 0 9.8 9.2 2.5 2.5 4 0 1 1 1
2872.2 -1829.9 -2.7 198 0 6.9 14.2 5.0 2.5 4 1 2 5 5
2905.3 -1827.6 -3.3 196 0 9.6 12.3 2.5 2.5 2 1 1 1 1
2917.8 -1865.4 -1.2 107 0 9.3 12.4 2.5 2.5 2 1 1 0 0
2902.5 -1841.0 -2.4 197 0 10.3 12.9 2.5 2.5 2 1 1 3 3
2902.0 -1854.1 -1.3 190 0 8.8 9.9 2.5 2.5 2 1 1 3 3
2893.0 -1850.6 -1.8 18 0 11.6 8.7 5.0 2.5 2 0 2 2 2
2869.2 -1842.5 -2.0 196 0 12.1 11.1 5.0 2.5 2 0 2 4 4
2859.0 -1869.6 1.1 198 0 15.3 9.3 2.5 2.5 4 0 1 3 3
2879.8 -1876.0 2.6 296 0 9.7 9.9 2.5 2.5 2 1 1 3 3
2895.4 -1874.9 1.5 296 0 10.4 9.9 2.5 2.5 2 0 1 0 0
2911.2 -1877.2 1.3 296 0 6.9 14.5 2.5 2.5 2 1 1 1 1
2922.0 -1879.0 1.1 296 0 6.7 16.4 2.5 2.5 2 1 1 3 3
2938.1 -1882.6 0.9 296 0 8.3 15.8 2.5 2.5 4 1 1 3 3
2953.2 -1865.1 -1.3 116 0 7.6 8.2 2.5 2.5 2 1 1 4 4
2948.9 -1874.0 -0.5 116 0 9.9 6.7 2.5 2.5 4 0 1 5 5
2936.7 -1780.4 -8.5 116 0 12.5 15.2 2.5 2.5 2 1 1 0 0
2974.0 -1791.2 -8.6 116 0 9.8 15.2 2.5 2.5 2 1 1 4 4
3087.9 -1807.8 -11.3 296 0 9.7 12.8 2.5 0.0 0 1 1 3 3
3022.5 -1804.6 -8.8 116 0 8.5 9.7 2.5 0.0 0 1 1 3 3
3008.7 -1800.9 -9.5 116 0 9.6 15.8 2.5 0.0 0 1 1 0 0
2992.5 -1792.5 -9.3 116 0 10.3 13.2 2.5 0.0 0 1 1 2 2
2961.8 -1799.5 -5.3 307 0 23.4 25.0 2.5 2.5 2 1 1 2 2
2963.7 -1878.8 -0.9 110 0 9.6 11.4 2.5 2.5 2 1 1 3 3
2953.3 -1890.8 1.4 292 0 10.7 18.3 2.5 2.5 2 1 1 3 3
2966.4 -1896.2 1.1 291 0 9.6 13.4 2.5 2.5 2 1 1 4 4
2982.2 -1903.0 0.7 292 0 7.4 12.8 2.5 2.5 2 1 1 5 5
2979.5 -1882.6 -1.6 112 0 9.9 11.9 2.5 2.5 2 1 1 5 5
2989.2 -1888.0 -2.5 113 0 8.1 21.7 2.5 2.5 2 1 1 4 4
3005.1 -1892.7 -2.5 116 0 10.1 18.5 2.5 2.5 2 1 1 4 4
3002.9 -1911.2 -0.4 295 0 11.5 9.2 2.5 2.5 2 0 1 1 1
3017.7 -1916.8 -0.7 294 0 8.9 9.4 2.5 2.5 2 1 1 3 3
3029.5 -1918.8 -0.9 295 0 9.5 15.0 2.5 2.5 2 1 1 1 1
3094.2 -1881.5 -6.2 284 0 20.4 11.0 2.5 2.5 2 0 1 2 2
3076.5 -1931.3 -2.0 194 0 11.7 23.2 2.5 0.0 0 1 1 3 3
1890.6 -2411.8 -2.2 113 0 8.8 23.1 5.0 2.5 4 1 2 3 3
1919.8 -2447.3 3.4 23 0 8.9 8.4 2.5 2.5 2 0 1 0 0
1877.5 -2424.7 -1.8 214 0 6.4 18.4 5.0 2.5 2 1 2 3 3
1818.0 -2548.5 -9.6 14 0 8.6 13.2 5.0 2.5 2 1 2 2 2
1965.9 -2227.3 -6.3 202 0 10.3 6.1 5.0 2.5 2 0 2 5 5
1963.1 -2238.3 -6.1 205 0 10.5 10.1 5.0 2.5 2 0 2 5 5
1956.5 -2249.5 -7.3 206 0 11.2 12.6 5.0 2.5 4 1 2 3 3
1930.8 -2315.8 -3.9 206 0 19.1 9.2 5.0 2.5 2 0 2 5 5
1921.8 -2333.4 -3.0 206 0 15.7 10.7 5.0 2.5 2 0 2 1 1
1908.5 -2353.2 -3.2 206 0 20.1 11.3 5.0 2.5 2 0 2 3 3
1899.2 -2376.7 -2.7 203 0 13.6 7.5 5.0 2.5 2 0 2 1 1
1873.3 -2424.9 -4.6 35 0 18.8 15.9 5.0 2.5 2 0 2 4 4
1893.8 -2420.3 -1.1 304 0 14.3 8.7 5.0 2.5 2 0 2 4 4
1868.4 -2438.5 -2.5 214 0 9.6 8.9 5.0 0.0 0 0 2 0 0
1868.8 -2448.2 -2.1 217 0 4.0 12.2 5.0 2.5 2 1 2 3 3
1860.5 -2454.4 -3.2 213 0 7.4 10.8 5.0 2.5 2 1 2 4 4
1856.1 -2462.4 -3.8 216 0 8.3 10.3 5.0 0.0 0 1 2 4 4
1848.7 -2469.9 -4.7 214 0 7.3 21.6 5.0 2.5 2 1 2 5 5
1830.4 -2488.9 -8.0 31 0 7.5 7.4 5.0 2.5 2 0 2 0 0
1837.9 -2479.1 -7.4 34 0 13.9 8.5 5.0 2.5 2 0 2 0 0
1843.8 -2477.9 -5.3 214 0 9.3 8.9 5.0 2.5 2 0 2 5 5
1851.7 -2485.4 -4.4 209 0 10.2 14.1 5.0 2.5 4 1 2 3 3
1839.1 -2490.6 -6.0 211 0 8.7 13.8 5.0 2.5 2 1 2 1 1
1833.6 -2502.7 -7.1 206 0 9.2 9.4 5.0 0.0 0 1 2 3 3
1829.6 -2513.0 -7.3 204 0 9.4 16.4 5.0 2.5 2 1 2 1 1
1828.7 -2502.0 -9.0 22 0 14.3 11.7 5.0 2.5 2 0 2 0 0
1820.4 -2526.8 -9.7 13 0 12.4 13.6 5.0 2.5 2 1 2 2 2
1825.3 -2531.5 -7.5 193 0 12.8 7.4 5.0 2.5 2 0 2 3 3
1833.6 -2535.4 -6.4 190 0 12.2 8.0 5.0 2.5 2 0 2 2 2
1877.1 -2523.4 -1.7 16 0 8.4 7.9 5.0 2.5 2 0 2 1 1
1876.3 -2541.6 -1.3 352 0 8.0 7.3 5.0 2.5 4 0 2 3 3
1887.0 -2542.5 0.8 359 0 10.3 6.9 5.0 2.5 2 0 2 2 2
1885.2 -2562.1 0.3 0 0 13.8 9.6 5.0 2.5 2 0 2 2 2
1861.9 -2579.4 -2.8 91 0 10.0 8.6 5.0 2.5 2 0 2 3 3
1838.7 -2553.2 -5.7 186 0 6.9 15.8 5.0 2.5 2 1 2 2 2
1823.7 -2551.3 -7.3 187 0 8.1 5.9 5.0 2.5 2 0 2 3 3
1817.8 -2559.0 -9.4 10 0 9.7 13.7 5.0 0.0 0 1 2 2 2
1827.7 -2565.4 -6.8 183 0 9.7 9.4 5.0 0.0 0 0 2 0 0
1829.7 -2645.1 -5.2 177 0 7.8 16.0 5.0 2.5 2 1 2 3 3
1824.3 -2635.7 -6.7 178 0 9.1 17.0 5.0 2.5 2 1 2 0 0
1832.2 -2602.6 -6.6 269 0 12.3 12.4 5.0 2.5 2 1 2 5 5
1819.0 -2617.0 -8.3 358 0 9.1 6.9 5.0 0.0 0 0 2 4 4
1845.9 -2467.9 -6.3 34 0 8.9 9.0 5.0 2.5 2 1 2 0 0
1851.5 -2458.0 -5.5 34 0 9.4 7.6 5.0 2.5 2 0 2 2 2
