6891.1 -1778.3 -20.4 205 0 6.7 14.0 2.5 2.5 2 1 1 1 1
6887.8 -1786.4 -20.5 205 0 7.1 12.1 2.5 2.5 2 1 1 3 3
6892.3 -1825.6 -22.9 295 0 15.3 48.5 2.5 2.5 2 1 1 4 4
6847.6 -1877.8 -23.3 205 0 22.4 23.8 2.5 0.0 0 1 1 3 3
6832.3 -1903.5 -23.5 205 0 24.9 17.8 2.5 2.5 2 0 1 0 0
6824.2 -1921.4 -23.8 205 0 7.5 19.3 2.5 2.5 2 1 1 0 0
6819.4 -1934.4 -24.7 205 0 17.7 29.6 2.5 2.5 2 1 1 2 2
6812.4 -1950.3 -24.5 205 0 12.8 23.3 2.5 2.5 2 1 1 1 1
6805.7 -1967.4 -24.6 205 0 16.7 22.4 2.5 2.5 2 1 1 2 2
6796.2 -1983.1 -24.6 205 0 14.0 24.5 2.5 0.0 0 1 1 0 0
6789.2 -2001.6 -24.5 205 0 16.7 26.3 2.5 2.5 2 1 1 4 4
6781.2 -2021.9 -23.4 205 0 21.5 26.2 2.5 2.5 2 1 1 0 0
6772.5 -2037.3 -20.4 205 0 9.0 16.6 2.5 2.5 2 1 1 5 5
6772.0 -2057.0 -23.9 205 0 15.7 28.6 2.5 2.5 2 1 1 3 3
6762.3 -2080.6 -21.7 205 0 31.8 17.6 2.5 2.5 2 0 1 3 3
6742.4 -2123.1 -21.5 205 0 30.9 21.3 2.5 0.0 0 0 1 4 4
6669.1 -3009.5 -17.8 119 0 5.8 12.2 5.0 2.5 2 1 2 5 5
6661.3 -3006.8 -17.9 119 0 7.9 13.8 5.0 2.5 2 1 2 4 4
6635.6 -3018.1 -18.3 119 0 8.3 19.1 5.0 2.5 2 1 2 2 2
6624.1 -3012.2 -18.6 119 0 15.8 20.4 5.0 2.5 2 1 2 5 5
6607.7 -2996.8 -18.9 119 0 9.1 11.1 5.0 2.5 2 1 2 4 4
6598.9 -2995.6 -19.0 119 0 6.4 16.9 5.0 0.0 0 1 2 0 0
6601.7 -2952.0 -19.9 29 0 6.0 21.7 5.0 2.5 2 1 2 1 1
6604.9 -2946.0 -19.8 29 0 5.5 20.4 5.0 2.5 2 1 2 5 5
6590.6 -2930.6 -19.8 209 0 5.7 13.8 5.0 2.5 2 1 2 3 3
6576.1 -2925.4 -20.8 29 0 11.4 20.0 5.0 2.5 2 1 2 3 3
6554.3 -2906.2 -21.1 299 0 13.2 25.3 5.0 2.5 2 1 2 0 0
6537.3 -2935.6 -20.8 119 0 10.0 7.6 5.0 2.5 2 0 2 1 1
6523.0 -2928.7 -21.2 119 0 19.4 8.5 5.0 2.5 4 0 2 5 5
6550.3 -2886.9 -21.5 299 0 7.5 17.1 5.0 2.5 2 1 2 4 4
6542.2 -2882.8 -21.7 299 0 9.0 16.0 5.0 2.5 2 1 2 2 2
6559.0 -2893.4 -21.2 299 0 8.9 11.3 5.0 2.5 2 1 2 1 1
6567.9 -2897.3 -20.9 299 0 8.6 12.7 5.0 2.5 2 1 2 0 0
6584.8 -2914.5 -20.6 29 0 12.7 16.7 5.0 2.5 2 1 2 4 4
6395.4 -2886.3 -23.6 119 0 7.5 21.1 5.0 2.5 2 1 2 4 4
6406.0 -2849.2 -22.5 299 0 8.1 5.8 5.0 2.5 2 0 2 4 4
6420.6 -2822.4 -21.6 299 0 10.5 16.3 5.0 2.5 2 1 2 5 5
6432.8 -2828.4 -22.5 299 0 10.5 10.3 5.0 2.5 2 0 2 1 1
6427.4 -2838.3 -23.0 299 0 11.1 8.9 5.0 2.5 2 0 2 4 4
6421.6 -2845.6 -23.3 299 0 13.9 12.1 5.0 2.5 2 0 2 1 1
6433.0 -2848.6 -23.3 299 0 6.6 13.5 5.0 2.5 2 1 2 5 5
6442.4 -2863.3 -23.2 299 0 8.3 11.4 5.0 2.5 2 1 2 0 0
6458.2 -2871.7 -22.9 299 0 10.2 9.8 5.0 2.5 2 0 2 2 2
6451.4 -2837.4 -23.2 299 0 17.2 16.6 5.0 2.5 2 0 2 1 1
6463.1 -2842.4 -22.9 299 0 6.8 14.4 5.0 2.5 2 1 2 5 5
6470.7 -2847.4 -22.9 299 0 10.0 15.7 5.0 0.0 0 1 2 0 0
6483.1 -2853.4 -22.7 299 0 15.8 21.7 5.0 2.5 4 1 2 1 1
6508.7 -2865.8 -22.2 299 0 6.1 23.4 5.0 2.5 2 1 2 0 0
6501.3 -2863.2 -22.3 299 0 6.7 15.5 5.0 2.5 2 1 2 2 2
6494.2 -2859.8 -22.5 299 0 7.0 16.0 5.0 2.5 2 1 2 3 3
6489.6 -2832.4 -22.8 209 0 17.9 10.2 2.5 2.5 2 0 1 2 2
6500.1 -2849.0 -22.7 119 0 12.8 22.4 2.5 2.5 4 1 1 5 5
6509.8 -2853.7 -22.5 119 0 7.2 21.7 2.5 2.5 2 1 1 3 3
6517.1 -2857.7 -22.4 119 0 8.4 15.2 2.5 2.5 2 1 1 3 3
6524.3 -2861.5 -22.2 119 0 6.1 14.7 2.5 0.0 0 1 1 4 4
6531.1 -2864.8 -22.2 119 0 7.6 14.8 2.5 0.0 0 1 1 1 1
6545.8 -2865.0 -22.0 29 0 13.7 7.8 2.5 2.5 4 0 1 4 4
6704.2 -2958.6 -17.5 119 0 10.1 14.9 2.5 2.5 2 1 1 0 0
6699.5 -2973.6 -17.5 299 0 11.1 21.8 5.0 2.5 2 1 2 5 5
6366.7 -2898.1 -23.5 29 0 10.7 15.0 5.0 2.5 2 1 2 5 5
6362.9 -2916.2 -23.8 29 0 16.5 52.1 5.0 2.5 2 1 2 0 0
6190.1 -3082.8 -20.0 29 0 9.2 24.3 5.0 2.5 2 1 2 0 0
6198.2 -3074.7 -20.4 29 0 9.5 20.9 5.0 2.5 2 1 2 4 4
6230.3 -3018.4 -20.6 29 0 10.8 25.9 5.0 2.5 2 1 2 2 2
6520.8 -3099.8 -22.0 119 0 11.0 23.3 5.0 0.0 0 1 2 5 5
6578.8 -3126.2 -20.0 119 0 9.6 14.1 2.5 2.5 2 1 1 4 4
6572.0 -3144.6 -20.6 299 0 11.1 12.4 5.0 2.5 2 1 2 4 4
6513.2 -3200.2 -22.5 29 0 11.0 9.8 5.0 0.0 0 0 2 2 2
6503.9 -3170.8 -22.9 29 0 10.4 8.7 5.0 0.0 0 0 2 2 2
6485.9 -3172.4 -23.3 119 0 9.4 15.8 5.0 2.5 2 1 2 2 2
6508.9 -3104.8 -23.5 299 0 46.9 26.6 5.0 0.0 0 0 2 1 1
6479.2 -3121.1 -23.7 299 0 8.8 8.9 5.0 2.5 2 1 2 4 4
6465.2 -3141.9 -24.0 119 0 9.2 14.6 5.0 2.5 2 1 2 1 1
6468.4 -3163.1 -24.0 119 0 14.5 17.2 5.0 2.5 2 1 2 3 3
6443.4 -3077.0 -25.4 299 0 6.2 17.2 5.0 2.5 2 1 2 3 3
6454.1 -3080.7 -25.0 299 0 10.1 20.9 5.0 2.5 2 1 2 4 4
6465.1 -3085.7 -24.5 299 0 8.5 22.6 5.0 0.0 0 1 2 0 0
6461.4 -3109.9 -24.5 299 0 8.8 22.2 5.0 2.5 2 1 2 2 2
6421.6 -3058.7 -25.7 299 0 25.5 24.6 5.0 0.0 0 0 2 1 1
6349.3 -3017.6 -25.2 299 0 20.2 10.7 5.0 2.5 2 0 2 3 3
6313.1 -3019.8 -25.1 209 0 11.1 33.3 14.0 3.5 2 1 4 4 4
6321.2 -3006.6 -24.7 209 0 10.3 18.1 14.0 0.0 0 1 4 0 0
6342.7 -2962.1 -24.4 209 0 14.9 12.8 14.0 3.5 4 0 4 4 4
6323.4 -2940.1 -24.0 299 0 50.3 9.2 10.5 3.5 2 0 3 0 0
6334.1 -2970.5 -24.0 29 0 8.9 42.0 10.5 3.5 2 1 3 4 4
6289.1 -2957.0 -23.6 209 0 8.4 37.0 10.5 3.5 2 1 3 2 2
6321.9 -2988.0 -24.0 29 0 12.4 13.5 14.0 3.5 4 1 4 2 2
6308.2 -2999.4 -23.8 29 0 11.2 15.7 14.0 3.5 2 1 4 0 0
6272.5 -2997.1 -23.4 209 0 12.5 23.5 14.0 3.5 2 1 4 4 4
6260.4 -3010.7 -22.8 209 0 18.7 15.6 14.0 3.5 2 0 4 2 2
6302.4 -3027.8 -24.2 29 0 9.6 21.0 10.5 3.5 2 1 3 4 4
6288.6 -3031.5 -23.7 29 0 8.5 13.9 10.5 3.5 2 1 3 4 4
6255.2 -3030.1 -23.5 209 0 15.2 28.3 14.0 3.5 2 1 4 2 2
6245.8 -3044.0 -25.1 209 0 16.0 53.5 14.0 0.0 0 1 4 5 5
6268.2 -3171.8 -28.0 209 0 12.5 32.0 14.0 3.5 2 1 4 3 3
6208.1 -3136.5 -23.8 119 0 19.8 27.6 14.0 0.0 0 1 4 3 3
6272.0 -3111.5 -25.8 29 0 23.8 19.9 14.0 3.5 2 0 4 4 4
6315.8 -3085.3 -26.6 29 0 13.2 25.2 14.0 0.0 0 1 4 3 3
5568.3 6274.4 -12.2 154 0 12.1 8.6 2.5 2.5 4 0 1 1 1
5574.8 6256.6 -10.2 158 0 8.4 8.8 2.5 2.5 2 1 1 2 2
5553.3 6303.9 -15.8 64 0 8.2 10.8 5.0 2.5 2 1 2 3 3
5582.6 6211.8 -8.0 168 0 9.4 16.0 5.0 2.5 2 1 2 5 5
5603.0 6246.8 -5.3 242 0 8.9 7.5 5.0 0.0 0 0 2 3 3
5640.4 6208.8 -1.2 242 0 7.6 7.9 5.0 0.0 0 1 2 4 4
5674.8 6243.5 -2.0 62 0 12.2 13.2 5.0 2.5 2 1 2 0 0
5693.3 6280.3 -1.5 242 0 7.8 11.8 5.0 2.5 2 1 2 3 3
5705.5 6285.1 -1.1 242 0 9.0 11.2 5.0 2.5 2 1 2 0 0
5705.5 6238.8 -1.2 242 0 9.8 12.7 5.0 2.5 2 1 2 2 2
5948.7 6446.2 -12.4 224 0 10.8 9.0 5.0 2.5 2 0 2 0 0
5899.9 6403.1 -7.3 238 0 8.6 8.2 5.0 2.5 2 0 2 3 3
5935.3 6413.1 -10.5 235 0 9.2 13.7 5.0 2.5 4 1 2 5 5
5893.8 6417.1 -7.0 247 0 8.5 11.6 5.0 2.5 2 1 2 1 1
5807.4 6470.9 -4.7 247 0 16.8 15.1 5.0 2.5 2 0 2 5 5
5761.9 6452.4 -1.8 247 0 7.9 11.9 5.0 2.5 2 1 2 5 5
5751.2 6407.4 -0.7 67 0 10.0 6.1 5.0 2.5 2 0 2 1 1
5767.9 6391.0 -1.3 67 0 9.3 7.6 5.0 2.5 2 0 2 2 2
5810.6 6407.6 -3.2 67 0 8.3 9.4 5.0 0.0 0 1 2 3 3
5852.4 6420.1 -5.2 67 0 8.7 14.3 5.0 0.0 0 1 2 2 2
5824.1 6428.5 -4.3 67 0 12.1 9.4 5.0 2.5 2 0 2 4 4
5831.2 6412.7 -4.2 67 0 8.9 12.9 5.0 2.5 2 1 2 4 4
5838.0 6398.4 -4.1 247 0 11.6 17.3 5.0 2.5 2 1 2 0 0
5820.7 6388.2 -3.1 247 0 9.6 12.1 5.0 0.0 0 1 2 5 5
5796.5 6380.0 -2.1 247 0 8.6 12.4 5.0 2.5 2 1 2 2 2
5777.8 6372.8 -1.6 247 0 8.0 16.2 5.0 2.5 2 1 2 1 1
5477.9 6064.0 -20.8 329 0 13.3 25.5 2.5 2.5 2 1 1 2 2
5509.6 6053.7 -21.6 329 0 9.6 16.1 2.5 2.5 2 1 1 0 0
5607.1 5985.0 -19.8 149 0 12.6 25.0 5.0 2.5 2 1 2 3 3
5524.4 5806.2 -23.7 59 0 15.3 19.1 2.5 2.5 2 1 1 5 5
5299.7 5680.6 -22.7 59 0 13.4 14.9 2.5 2.5 4 1 1 5 5
5329.5 5701.2 -22.8 59 0 14.1 8.4 2.5 2.5 2 0 1 2 2
5361.5 5673.9 -23.9 239 0 18.9 15.5 5.0 0.0 0 0 2 0 0
5392.8 5728.4 -23.0 59 0 10.7 15.3 2.5 2.5 2 1 1 4 4
5422.4 5743.6 -23.2 59 0 15.2 14.5 2.5 2.5 2 0 1 1 1
5421.9 5720.6 -24.4 239 0 12.4 13.0 5.0 2.5 2 1 2 3 3
5440.8 5731.9 -24.6 239 0 8.4 15.6 5.0 2.5 2 1 2 2 2
5479.6 5755.4 -24.7 239 0 8.2 15.2 5.0 2.5 2 1 2 2 2
5580.2 5662.0 -26.1 239 0 10.8 15.9 5.0 2.5 2 1 2 1 1
5594.8 5647.2 -26.0 329 0 5.3 9.7 5.0 2.5 2 1 2 4 4
5525.3 5636.0 -25.1 239 0 7.6 9.6 5.0 2.5 4 1 2 2 2
5541.6 5640.7 -25.6 239 0 15.8 17.2 5.0 2.5 2 1 2 1 1
5548.5 5658.4 -25.8 239 0 10.3 6.5 5.0 2.5 4 0 2 5 5
5538.5 5672.7 -25.7 239 0 14.4 16.0 5.0 2.5 4 1 2 5 5
5566.7 5717.8 -25.2 239 0 13.2 12.9 5.0 2.5 2 0 2 1 1
5544.9 5702.1 -26.0 239 0 11.6 13.2 5.0 2.5 2 1 2 3 3
5643.0 5892.5 -24.0 149 0 6.1 10.2 5.0 2.5 2 1 2 5 5
5649.9 5882.2 -23.7 149 0 6.8 9.8 5.0 2.5 2 1 2 1 1
5652.8 5873.1 -23.5 149 0 8.4 12.6 5.0 2.5 2 1 2 1 1
5720.6 5772.4 -23.0 149 0 6.8 9.4 5.0 2.5 2 1 2 5 5
5729.4 5779.3 -23.2 149 0 13.1 7.3 5.0 0.0 0 0 2 1 1
5784.6 5730.7 -23.4 149 0 8.9 10.0 5.0 2.5 2 1 2 2 2
5806.0 5736.4 -23.0 149 0 8.2 11.5 5.0 2.5 2 1 2 1 1
5812.1 5720.5 -23.0 149 0 9.0 11.1 5.0 0.0 0 1 2 1 1
5854.7 5743.8 -15.4 329 0 11.6 7.8 5.0 2.5 2 0 2 1 1
5881.1 5692.5 -16.3 329 0 13.1 10.6 5.0 2.5 2 0 2 1 1
5904.9 5702.1 -11.3 329 0 15.3 10.1 5.0 2.5 2 0 2 4 4
5791.3 5556.3 -24.1 329 0 11.3 6.0 5.0 2.5 2 0 2 2 2
5781.3 5567.3 -24.4 329 0 8.7 19.9 5.0 2.5 2 1 2 1 1
5768.9 5592.9 -24.2 329 0 13.5 7.7 5.0 2.5 4 0 2 0 0
5734.3 5610.4 -24.9 329 0 13.3 18.8 5.0 2.5 4 1 2 0 0
5760.9 5607.7 -24.4 329 0 8.7 15.2 5.0 2.5 2 1 2 0 0
5754.6 5621.2 -24.4 329 0 7.9 13.2 5.0 2.5 2 1 2 5 5
5744.5 5638.5 -24.5 329 0 7.2 11.4 5.0 2.5 2 1 2 5 5
5753.5 5709.2 -23.8 149 0 7.9 7.4 5.0 2.5 2 0 2 3 3
5753.6 5698.3 -24.0 149 0 8.3 15.7 5.0 2.5 2 1 2 4 4
5767.7 5684.0 -23.8 149 0 12.3 16.3 5.0 2.5 2 1 2 0 0
5787.1 5669.8 -23.5 149 0 13.2 18.2 5.0 2.5 2 1 2 4 4
5776.5 5649.9 -23.8 149 0 5.0 23.2 5.0 2.5 2 1 2 0 0
5789.8 5643.3 -23.6 149 0 15.0 24.8 5.0 2.5 2 1 2 3 3
5870.4 5626.4 -21.6 149 0 13.2 11.0 5.0 2.5 2 0 2 2 2
5829.7 5603.6 -23.0 149 0 11.9 10.9 5.0 2.5 2 0 2 4 4
5843.0 5547.3 -23.3 149 0 5.5 9.0 5.0 2.5 4 1 2 2 2
5857.7 5528.4 -23.5 149 0 9.1 14.4 5.0 2.5 2 1 2 3 3
5889.6 5471.5 -24.5 149 0 7.3 13.3 5.0 2.5 2 1 2 4 4
5917.3 5458.4 -23.9 149 0 9.4 20.8 5.0 2.5 2 1 2 2 2
5940.5 5437.5 -23.6 149 0 22.8 10.9 5.0 2.5 2 0 2 3 3
5890.7 5385.6 -26.7 329 0 5.9 13.4 5.0 2.5 2 1 2 1 1
5888.6 5339.4 -26.5 329 0 12.5 24.2 5.0 2.5 2 1 2 4 4
5863.4 5324.7 -26.2 329 0 12.5 19.4 5.0 2.5 2 1 2 2 2
5843.7 5313.7 -25.9 329 0 12.4 19.6 5.0 2.5 4 1 2 3 3
5857.6 5291.3 -25.9 329 0 11.0 21.6 5.0 2.5 2 1 2 1 1
5878.5 5303.1 -26.2 329 0 10.2 20.4 5.0 2.5 2 1 2 4 4
5898.2 5315.5 -26.3 329 0 9.5 19.1 5.0 2.5 2 1 2 1 1
5905.1 5299.6 -26.1 329 0 9.3 15.5 5.0 2.5 2 1 2 0 0
5800.2 5147.5 -24.7 59 0 9.9 12.6 5.0 2.5 2 1 2 4 4
5873.2 5134.1 -24.9 59 0 11.6 10.2 5.0 2.5 2 0 2 3 3
5852.6 5124.4 -24.8 59 0 10.9 13.2 5.0 2.5 2 1 2 3 3
5830.6 5071.9 -19.7 239 0 10.9 19.5 5.0 2.5 2 1 2 4 4
5807.9 5046.0 -16.9 239 0 9.5 17.1 5.0 2.5 2 1 2 0 0
5787.4 5036.2 -17.1 239 0 9.8 11.6 5.0 2.5 2 1 2 4 4
5646.0 5023.3 -23.9 60 0 13.9 12.4 5.0 2.5 2 0 2 2 2
5632.5 4899.0 -15.4 240 0 10.6 16.2 5.0 2.5 2 1 2 3 3
5560.2 4890.4 -16.3 64 0 4.7 8.1 5.0 2.5 2 1 2 5 5
5568.8 4890.2 -16.1 59 0 5.2 10.9 5.0 2.5 2 1 2 1 1
5554.6 4924.0 -19.8 242 0 14.9 18.2 5.0 2.5 2 1 2 3 3
5534.3 4966.2 -22.3 331 0 10.0 7.4 5.0 2.5 2 0 2 0 0
5521.0 4989.1 -22.1 331 0 18.9 15.0 5.0 2.5 2 0 2 5 5
5500.9 5022.4 -22.1 329 0 5.2 7.7 5.0 2.5 4 1 2 4 4
5505.5 5012.1 -22.1 336 0 6.2 9.8 5.0 2.5 2 1 2 3 3
5480.1 5042.0 -22.2 240 0 15.9 17.7 5.0 2.5 2 1 2 2 2
5449.2 4935.3 -21.9 241 0 15.9 21.4 5.0 0.0 0 1 2 5 5
5426.9 4988.3 -21.6 236 0 13.1 8.6 5.0 2.5 2 0 2 0 0
5399.2 5024.8 -21.9 146 0 8.6 13.5 5.0 2.5 2 1 2 0 0
5346.4 5048.4 -21.8 328 0 14.5 17.1 5.0 2.5 2 1 2 5 5
5364.6 5006.4 -21.3 53 0 8.5 13.4 5.0 2.5 2 1 2 1 1
5347.1 4987.6 -21.2 58 0 7.1 12.6 5.0 2.5 4 1 2 3 3
5316.1 4960.6 -21.3 60 0 17.4 9.1 5.0 0.0 0 0 2 4 4
5335.2 4954.2 -21.4 239 0 14.2 25.2 5.0 0.0 0 1 2 0 0
5315.2 4938.5 -21.3 237 0 13.8 23.0 5.0 2.5 2 1 2 2 2
5269.9 4938.6 -21.2 60 0 7.2 11.1 5.0 2.5 2 1 2 2 2
5258.2 4931.5 -21.0 56 0 10.6 9.1 5.0 2.5 2 0 2 4 4
5182.8 4858.6 -20.2 242 0 11.8 13.8 5.0 2.5 2 1 2 2 2
6450.4 3965.1 -1.8 61 0 8.8 12.0 5.0 2.5 2 1 2 1 1
6405.2 3979.3 -2.0 242 0 9.0 14.9 5.0 0.0 0 1 2 4 4
6174.8 3978.9 -1.1 89 0 8.2 13.0 5.0 2.5 4 1 2 2 2
6257.3 3922.2 -1.8 359 0 8.5 9.3 2.5 2.5 2 1 1 1 1
6256.4 3848.0 -3.7 359 0 8.4 9.2 5.0 2.5 4 1 2 2 2
6233.8 3941.2 -1.8 269 0 7.2 8.4 2.5 2.5 2 1 1 3 3
6205.7 3918.8 -1.4 269 0 5.0 7.7 2.5 2.5 2 1 1 4 4
6229.6 3910.1 -1.9 89 0 6.5 7.1 2.5 2.5 4 1 1 2 2
6236.6 3897.9 -2.0 89 0 5.9 9.8 2.5 2.5 2 1 1 2 2
6250.3 3892.1 -1.9 91 0 8.3 11.6 2.5 2.5 2 1 1 1 1
6227.7 3826.1 -4.4 91 0 6.5 11.6 5.0 2.5 4 1 2 3 3
6192.1 3880.2 -2.6 273 0 7.0 13.7 5.0 0.0 0 1 2 3 3
6169.7 3884.5 -2.1 275 0 7.5 11.1 5.0 2.5 2 1 2 1 1
6771.8 3853.8 -12.8 146 0 9.5 15.1 2.5 0.0 0 1 1 3 3
6781.5 3843.0 -13.5 146 0 8.4 13.7 2.5 2.5 2 1 1 5 5
6819.9 3834.4 -15.0 327 0 5.7 13.0 2.5 2.5 2 1 1 2 2
6829.1 3810.7 -16.3 327 0 7.4 8.0 2.5 2.5 2 1 1 2 2
6820.7 3789.5 -17.0 147 0 13.6 11.2 2.5 2.5 2 0 1 3 3
6892.0 3832.0 -17.1 57 0 11.1 9.4 5.0 2.5 2 0 2 2 2
6873.6 3912.5 -8.2 326 0 6.3 8.9 5.0 2.5 2 1 2 3 3
6877.7 3903.3 -8.0 327 0 6.4 7.8 5.0 2.5 2 1 2 1 1
6882.6 3895.4 -8.5 327 0 6.9 8.2 5.0 2.5 2 1 2 4 4
6887.7 3886.8 -9.4 327 0 6.3 8.2 5.0 2.5 2 1 2 1 1
6892.1 3878.6 -10.3 326 0 7.2 8.1 5.0 2.5 2 1 2 4 4
6898.1 3869.5 -11.2 327 0 6.2 8.0 5.0 2.5 2 1 2 5 5
6783.0 3941.9 -12.8 146 0 8.6 16.2 5.0 2.5 2 1 2 1 1
6752.7 4030.0 -12.7 239 0 10.0 11.4 5.0 2.5 2 1 2 0 0
6729.0 3954.1 -13.1 330 0 15.4 12.8 5.0 2.5 2 0 2 5 5
6712.7 3939.2 -12.1 61 0 5.6 13.4 5.0 2.5 2 1 2 2 2
6706.2 3997.7 -13.2 330 0 13.2 10.9 5.0 2.5 2 0 2 1 1
6641.8 4026.0 -9.3 172 0 8.4 12.4 5.0 2.5 2 1 2 4 4
6650.7 4076.8 -10.4 239 0 19.3 9.8 5.0 2.5 2 0 2 3 3
6631.3 4057.2 -8.5 232 0 8.5 8.1 5.0 2.5 2 0 2 3 3
6613.6 4086.2 -7.3 56 0 10.6 20.2 2.5 0.0 0 1 1 1 1
6620.4 4076.4 -7.5 56 0 10.1 10.4 2.5 2.5 2 1 1 1 1
6575.0 4220.3 -11.7 332 0 6.9 9.9 5.0 2.5 2 1 2 5 5
6519.7 4258.8 -11.7 245 0 8.1 10.9 5.0 2.5 2 1 2 1 1
6509.5 4237.8 -10.3 152 0 10.1 8.4 5.0 2.5 2 0 2 3 3
6550.1 4246.1 -12.3 331 0 14.0 8.5 5.0 2.5 2 0 2 0 0
6543.0 4263.5 -13.1 336 0 9.3 17.4 5.0 2.5 2 1 2 1 1
6544.3 4370.2 -19.8 53 0 7.6 12.4 2.5 2.5 2 1 1 3 3
6522.8 4389.0 -20.4 148 0 7.9 13.8 2.5 2.5 2 1 1 3 3
6505.4 4417.2 -21.6 148 0 12.8 21.4 2.5 2.5 2 1 1 1 1
6496.5 4429.2 -21.2 150 0 8.0 16.5 2.5 2.5 2 1 1 5 5
6465.8 4424.4 -17.8 328 0 11.5 18.3 5.0 2.5 2 1 2 4 4
6417.4 4411.3 -14.3 58 0 13.1 9.6 5.0 2.5 2 0 2 4 4
6407.7 4432.9 -15.5 151 0 13.6 21.4 5.0 2.5 2 1 2 5 5
6433.7 4464.0 -16.8 332 0 12.4 13.2 5.0 2.5 2 1 2 2 2
6442.0 4450.2 -17.0 329 0 15.0 8.9 5.0 2.5 4 0 2 3 3
6360.1 4578.8 -20.5 242 0 8.9 14.3 2.5 2.5 2 1 1 2 2
6371.3 4559.5 -19.6 334 0 12.8 15.5 2.5 2.5 2 1 1 2 2
6380.8 4549.9 -18.9 335 0 8.4 14.4 2.5 2.5 2 1 1 4 4
6391.6 4544.6 -18.8 335 0 9.0 23.4 2.5 2.5 2 1 1 4 4
6283.5 4562.5 -17.9 65 0 13.4 9.9 5.0 2.5 2 0 2 0 0
6288.7 4533.4 -14.0 240 0 19.3 12.8 2.5 2.5 2 0 1 3 3
6333.4 4632.6 -24.3 336 0 13.9 23.3 5.0 2.5 2 1 2 0 0
6223.7 5042.9 -19.5 156 0 13.5 15.6 2.5 2.5 2 1 1 5 5
6170.5 5103.2 -23.6 246 0 9.6 14.0 2.5 2.5 2 1 1 1 1
6184.5 5091.2 -23.5 246 0 28.1 14.5 2.5 2.5 4 0 1 0 0
6125.3 5077.9 -23.9 154 0 8.4 7.9 2.5 2.5 2 0 1 1 1
6154.7 5062.5 -23.3 66 0 26.8 15.3 2.5 0.0 0 0 1 2 2
6067.7 5008.1 -21.0 59 0 7.4 6.8 2.5 2.5 2 0 1 3 3
6060.0 5001.8 -20.8 59 0 8.2 7.2 2.5 0.0 0 0 1 5 5
6093.5 5055.5 -22.1 334 0 8.4 11.3 2.5 2.5 2 1 1 0 0
6075.6 5084.4 -21.7 334 0 10.8 8.2 2.5 2.5 2 0 1 3 3
6069.1 5094.8 -18.8 334 0 6.3 11.9 2.5 2.5 4 1 1 5 5
6093.3 5109.0 -17.2 154 0 6.4 8.9 2.5 2.5 4 1 1 2 2
6099.1 5131.9 -8.3 64 0 19.5 10.6 5.0 2.5 2 0 2 2 2
6091.9 5142.5 -10.2 64 0 17.7 11.3 5.0 0.0 0 0 2 2 2
6051.0 5187.3 -21.1 154 0 8.8 11.5 5.0 2.5 2 1 2 2 2
6343.7 4529.8 -16.6 149 0 11.4 14.2 2.5 2.5 2 1 1 4 4
6368.9 4504.5 -15.9 59 0 16.3 26.5 2.5 2.5 2 1 1 4 4
6413.3 4579.6 -21.7 149 0 11.6 18.8 5.0 2.5 2 1 2 2 2
6402.8 4592.9 -21.8 149 0 7.9 14.8 5.0 0.0 0 1 2 2 2
6436.7 4616.1 -17.5 329 0 8.3 8.3 5.0 2.5 2 0 2 0 0
6413.9 4605.5 -19.7 149 0 12.8 15.0 5.0 2.5 2 1 2 3 3
6421.8 4625.8 -19.9 329 0 10.9 17.7 5.0 2.5 2 1 2 0 0
6366.5 4676.6 -23.3 149 0 21.8 17.4 5.0 2.5 2 0 2 2 2
6370.6 4723.5 -22.0 239 0 11.5 15.0 5.0 2.5 2 1 2 5 5
6349.8 4702.2 -23.3 149 0 18.1 12.9 5.0 0.0 0 0 2 4 4
6309.9 4779.2 -22.5 59 0 8.7 8.4 5.0 2.5 2 0 2 1 1
6280.7 4800.3 -22.4 149 0 11.0 15.7 5.0 2.5 4 1 2 4 4
5150.3 5245.2 -21.5 149 0 11.1 9.2 5.0 2.5 2 0 2 4 4
5169.4 5204.1 -21.6 149 0 7.6 13.6 5.0 2.5 2 1 2 5 5
5147.4 5185.1 -21.4 329 0 7.5 11.5 5.0 2.5 2 1 2 5 5
5157.8 5168.1 -21.5 329 0 8.6 17.0 5.0 2.5 2 1 2 4 4
5246.2 4899.9 -20.7 239 0 11.7 14.7 5.0 2.5 2 1 2 1 1
5273.6 4913.8 -20.9 239 0 15.1 8.9 5.0 0.0 0 0 2 2 2
5272.2 4963.3 -21.4 329 0 9.8 12.5 5.0 2.5 4 1 2 2 2
5300.2 4970.6 -21.4 149 0 10.6 15.8 5.0 2.5 2 1 2 2 2
5270.1 5024.8 -22.0 149 0 8.2 14.3 5.0 2.5 2 1 2 5 5
5249.2 5067.4 -22.1 149 0 10.1 17.7 5.0 2.5 4 1 2 4 4
5223.3 5110.3 -22.1 149 0 11.6 14.1 5.0 2.5 2 1 2 3 3
5194.6 5106.0 -21.8 329 0 7.7 12.8 5.0 2.5 4 1 2 5 5
5195.7 5096.8 -21.8 329 0 6.5 12.8 5.0 2.5 2 1 2 3 3
5201.7 5089.9 -21.9 329 0 8.5 12.3 5.0 2.5 2 1 2 0 0
5222.1 5057.0 -21.9 329 0 20.4 15.6 5.0 2.5 2 0 2 3 3
5173.3 4966.8 -20.8 149 0 10.0 22.2 5.0 2.5 2 1 2 4 4
5203.9 4916.3 -20.5 149 0 14.3 18.5 5.0 0.0 0 1 2 2 2
5207.2 4871.2 -20.3 239 0 7.9 11.7 5.0 2.5 2 1 2 3 3
5161.4 4850.2 -20.1 239 0 9.6 11.9 5.0 2.5 2 1 2 5 5
5141.6 4836.3 -20.0 239 0 14.7 11.8 5.0 2.5 2 0 2 1 1
5156.7 4879.5 -19.9 59 0 8.7 11.5 5.0 2.5 2 1 2 1 1
5148.5 4957.8 -20.3 329 0 8.7 14.1 5.0 2.5 2 1 2 5 5
5176.9 4914.4 -20.1 329 0 7.1 14.7 5.0 2.5 2 1 2 2 2
5320.1 5388.0 -22.0 149 0 18.0 17.4 5.0 2.5 2 0 2 3 3
5337.3 5362.7 -21.8 149 0 6.5 6.7 5.0 2.5 4 1 2 5 5
5347.7 5341.4 -21.7 149 0 10.5 10.5 5.0 2.5 2 1 2 4 4
5361.9 5320.6 -21.8 149 0 7.9 11.0 5.0 2.5 2 1 2 4 4
5372.5 5297.5 -21.7 149 0 9.9 12.4 5.0 2.5 2 1 2 3 3
5385.6 5275.6 -21.5 149 0 11.4 7.9 5.0 2.5 2 0 2 0 0
5398.4 5254.0 -21.7 149 0 7.4 10.7 5.0 2.5 4 1 2 0 0
5435.2 5189.1 -21.9 149 0 10.8 9.7 5.0 2.5 4 0 2 1 1
5444.2 5196.7 -22.1 149 0 17.2 11.3 5.0 2.5 2 0 2 2 2
5412.3 5227.6 -22.1 149 0 11.8 23.5 5.0 2.5 2 1 2 1 1
5424.8 5206.9 -22.0 149 0 8.4 20.2 5.0 2.5 2 1 2 2 2
5392.8 5210.1 -21.8 329 0 9.1 17.7 5.0 2.5 2 1 2 2 2
5407.5 5177.8 -21.8 329 0 9.2 12.0 5.0 2.5 2 1 2 5 5
5434.7 5131.0 -21.9 329 0 14.4 14.8 5.0 2.5 2 1 2 2 2
5447.6 5048.6 -22.2 59 0 11.7 16.2 5.0 2.5 2 1 2 5 5
5409.5 5006.2 -21.8 239 0 10.0 6.8 5.0 2.5 2 0 2 2 2
5340.2 5067.8 -22.0 329 0 9.7 15.9 5.0 2.5 2 1 2 4 4
5363.8 5078.9 -21.9 149 0 6.5 12.8 5.0 2.5 2 1 2 5 5
5369.9 5068.0 -22.0 149 0 14.7 15.1 5.0 2.5 2 1 2 3 3
5342.1 5125.4 -22.1 149 0 10.5 9.7 5.0 2.5 2 0 2 2 2
5334.5 5134.0 -22.1 149 0 8.4 14.8 5.0 2.5 2 1 2 3 3
5316.9 5165.8 -22.3 149 0 7.7 16.6 5.0 2.5 2 1 2 2 2
5314.9 5200.5 -22.1 149 0 6.8 14.9 5.0 2.5 4 1 2 5 5
5269.6 5254.4 -21.6 149 0 7.5 9.1 5.0 2.5 4 1 2 4 4
5278.4 5239.1 -21.8 149 0 8.1 11.6 5.0 2.5 2 1 2 4 4
5293.8 5210.7 -22.2 149 0 6.3 17.5 5.0 0.0 0 1 2 3 3
5301.1 5199.9 -22.2 149 0 15.8 10.6 5.0 2.5 2 0 2 3 3
5267.4 5194.3 -22.2 329 0 6.2 7.8 5.0 2.5 4 1 2 1 1
5242.8 5238.4 -21.5 329 0 7.5 10.3 5.0 2.5 2 1 2 1 1
5189.7 5333.0 -21.8 329 0 7.2 11.5 5.0 2.5 2 1 2 0 0
5402.7 5639.0 -23.5 241 0 7.6 4.8 5.0 0.0 0 0 2 1 1
5378.3 5726.3 -23.1 61 0 10.7 22.2 2.5 2.5 2 1 1 5 5
5347.7 5715.2 -23.1 61 0 8.6 23.3 2.5 2.5 4 1 1 1 1
5332.0 5719.1 -23.0 61 0 6.2 14.1 2.5 2.5 2 1 1 5 5
5343.2 5677.7 -23.7 241 0 6.9 11.8 5.0 2.5 2 1 2 2 2
5332.9 5666.8 -23.5 241 0 9.2 15.8 5.0 0.0 0 1 2 5 5
5313.6 5654.9 -23.3 241 0 8.3 11.5 5.0 2.5 2 1 2 5 5
5287.2 5669.0 -22.5 61 0 15.3 11.3 2.5 2.5 2 0 1 5 5
5296.7 5641.7 -23.1 241 0 14.1 9.7 5.0 0.0 0 0 2 0 0
5269.7 5638.4 -22.7 241 0 11.7 17.0 5.0 2.5 2 1 2 1 1
5247.8 5623.3 -22.6 241 0 9.0 8.2 5.0 2.5 2 0 2 1 1
5253.6 5615.8 -22.5 241 0 15.7 6.5 5.0 2.5 2 0 2 3 3
5219.5 5569.2 -22.3 151 0 9.7 12.5 5.0 2.5 2 1 2 0 0
5126.0 5734.6 -22.1 151 0 7.3 14.4 2.5 2.5 4 1 1 0 0
5135.8 5712.2 -22.0 151 0 8.2 14.9 2.5 2.5 2 1 1 0 0
5148.4 5690.7 -22.0 151 0 9.5 17.1 2.5 2.5 2 1 1 3 3
5164.1 5671.0 -21.9 151 0 14.4 16.4 2.5 2.5 2 1 1 4 4
5172.8 5646.4 -21.9 151 0 9.6 15.7 2.5 2.5 2 1 1 0 0
5198.0 5618.5 -22.0 61 0 7.9 14.5 2.5 0.0 0 1 1 0 0
5169.7 5612.5 -21.8 331 0 20.8 7.6 5.0 2.5 2 0 2 3 3
5138.3 5653.6 -21.9 331 0 9.9 16.7 5.0 2.5 4 1 2 4 4
5150.4 5614.3 -21.7 331 0 6.6 14.1 5.0 2.5 2 1 2 0 0
5152.9 5592.1 -21.7 61 0 10.2 15.8 5.0 2.5 2 1 2 0 0
5135.8 5583.5 -21.4 61 0 9.3 11.2 5.0 2.5 4 1 2 2 2
5210.2 5518.9 -22.7 331 0 9.4 13.7 5.0 2.5 2 1 2 4 4
5200.0 5584.5 -22.1 151 0 12.9 8.9 5.0 2.5 4 0 2 1 1
5226.4 5549.9 -22.5 151 0 9.9 18.5 5.0 2.5 4 1 2 0 0
5245.9 5525.0 -22.8 151 0 18.1 15.7 5.0 2.5 2 0 2 5 5
5293.8 5434.9 -22.6 151 0 6.9 12.7 5.0 2.5 4 1 2 3 3
5312.5 5334.5 -21.6 331 0 6.7 11.2 5.0 2.5 2 1 2 2 2
5261.7 5432.0 -22.6 331 0 9.9 15.2 5.0 2.5 2 1 2 1 1
5236.6 5373.1 -21.6 241 0 11.9 15.3 5.0 2.5 2 1 2 1 1
5226.1 5366.9 -21.6 241 0 10.1 13.5 5.0 2.5 2 1 2 5 5
5215.7 5339.6 -21.6 151 0 11.8 11.2 5.0 2.5 2 0 2 2 2
5234.1 5307.0 -21.5 151 0 23.4 14.6 5.0 2.5 4 0 2 3 3
5189.6 5391.7 -22.0 151 0 6.8 13.7 5.0 2.5 2 1 2 5 5
5167.1 5435.2 -22.1 151 0 7.4 10.9 5.0 2.5 2 1 2 1 1
5138.1 5492.9 -22.3 151 0 6.8 16.2 5.0 2.5 2 1 2 1 1
5141.4 5481.8 -22.2 151 0 12.5 10.2 5.0 2.5 2 0 2 4 4
5141.1 5422.5 -21.9 331 0 8.2 20.7 2.5 0.0 0 1 1 1 1
5163.2 5377.1 -21.9 331 0 7.1 9.6 2.5 2.5 2 1 1 0 0
5151.0 5343.2 -22.0 61 0 7.7 12.8 2.5 2.5 2 1 1 0 0
5661.8 5865.0 -23.5 154 0 12.5 10.9 5.0 2.5 4 0 2 5 5
5666.1 5853.9 -23.7 154 0 7.7 18.0 5.0 2.5 2 1 2 2 2
5628.5 5824.9 -23.8 246 0 12.7 13.7 5.0 2.5 2 1 2 2 2
5617.9 5868.5 -24.2 59 0 9.4 8.5 2.5 2.5 2 0 1 3 3
5586.5 5852.4 -24.1 62 0 14.8 13.1 2.5 2.5 2 0 1 3 3
5569.7 5842.1 -24.0 59 0 15.5 14.6 2.5 2.5 2 0 1 4 4
5533.0 5821.6 -23.8 57 0 11.1 9.3 2.5 2.5 2 0 1 2 2
5747.0 6379.1 -0.9 66 0 8.1 11.1 5.0 2.5 2 1 2 4 4
5586.1 6353.3 -6.4 66 0 9.1 9.5 5.0 2.5 2 1 2 3 3
5597.5 6319.6 -7.5 66 0 8.4 10.1 5.0 2.5 2 1 2 1 1
5616.3 6325.6 -5.0 66 0 9.0 16.7 5.0 0.0 0 1 2 5 5
5659.7 6341.5 -1.3 66 0 6.1 16.7 5.0 2.5 2 1 2 4 4
5681.8 6352.6 -0.6 66 0 8.2 14.1 5.0 2.5 2 1 2 1 1
5703.5 6361.0 -0.6 66 0 8.1 12.0 5.0 2.5 2 1 2 4 4
5725.0 6370.1 -0.7 66 0 7.8 10.6 5.0 2.5 2 1 2 4 4
5756.2 6354.4 -0.7 246 0 7.0 9.8 2.5 2.5 2 1 1 3 3
5768.6 6325.7 -0.4 66 0 9.6 14.0 2.5 2.5 4 1 1 5 5
5747.0 6316.8 -0.4 66 0 9.2 10.8 2.5 0.0 0 1 1 5 5
5734.3 6346.2 -0.7 246 0 7.7 13.7 2.5 2.5 2 1 1 5 5
5725.7 6307.3 -0.5 66 0 8.7 10.5 2.5 0.0 0 1 1 4 4
5713.4 6337.1 -0.6 246 0 7.9 14.4 2.5 2.5 4 1 1 3 3
5703.5 6299.5 -0.9 66 0 9.4 12.3 2.5 2.5 2 1 1 4 4
5691.0 6327.8 -0.8 246 0 9.2 11.2 2.5 2.5 2 1 1 5 5
5669.2 6317.5 -1.7 246 0 10.3 9.3 2.5 2.5 4 0 1 5 5
5683.2 6291.3 -1.8 66 0 11.4 13.9 2.5 2.5 2 1 1 4 4
5659.2 6281.8 -2.8 66 0 8.1 9.8 2.5 2.5 2 1 1 2 2
5647.2 6310.1 -2.8 246 0 8.5 9.9 2.5 2.5 2 1 1 2 2
5625.6 6300.9 -4.2 246 0 8.0 10.3 2.5 2.5 2 1 1 3 3
5636.9 6273.5 -3.4 66 0 9.1 9.0 2.5 2.5 2 0 1 4 4
5617.8 6264.6 -4.8 66 0 9.4 10.4 2.5 0.0 0 1 1 1 1
5605.4 6293.3 -6.9 246 0 8.8 10.3 2.5 2.5 4 1 1 0 0
5585.3 6284.4 -9.8 246 0 8.5 12.5 2.5 2.5 2 1 1 3 3
5595.8 6256.2 -7.9 66 0 8.3 10.1 2.5 2.5 4 1 1 2 2
5597.1 6081.1 -9.6 148 0 9.2 17.3 5.0 2.5 2 1 2 2 2
5599.1 6127.8 -9.8 239 0 26.8 12.5 5.0 2.5 2 0 2 3 3
5572.8 6102.1 -13.5 148 0 16.9 14.9 5.0 2.5 2 0 2 2 2
5559.9 6068.3 -16.3 151 0 18.1 18.2 5.0 2.5 2 1 2 1 1
5544.5 6009.5 -22.2 334 0 7.5 10.5 2.5 2.5 2 1 1 2 2
5535.9 6023.3 -23.0 334 0 22.6 22.1 2.5 2.5 2 0 1 0 0
5422.5 6088.6 -19.7 154 0 9.2 13.5 2.5 2.5 2 1 1 0 0
5455.9 6113.9 -18.9 334 0 16.0 26.3 2.5 2.5 2 1 1 4 4
5311.6 6354.0 -22.6 334 0 7.0 12.9 2.5 2.5 2 1 1 1 1
5323.0 6353.7 -22.7 334 0 15.7 8.6 2.5 2.5 2 0 1 2 2
5228.5 6513.0 -22.3 334 0 11.1 21.5 2.5 0.0 0 1 1 2 2
5361.5 6473.2 -20.8 154 0 9.6 29.2 5.0 0.0 0 1 2 3 3
5345.0 6452.5 -22.1 154 0 16.5 22.3 5.0 2.5 2 1 2 4 4
5354.1 6429.3 -22.6 154 0 25.1 24.0 5.0 0.0 0 0 2 0 0
5332.4 6586.0 -13.1 64 0 22.2 9.4 5.0 2.5 2 0 2 5 5
5378.9 6639.5 -4.4 244 0 8.8 9.3 5.0 2.5 2 1 2 3 3
5397.1 6647.6 -3.3 244 0 8.7 6.8 5.0 2.5 2 0 2 3 3
5415.3 6656.6 -2.3 244 0 7.8 10.4 5.0 2.5 2 1 2 2 2
5431.9 6664.2 -1.6 244 0 8.6 9.6 5.0 2.5 2 1 2 0 0
5455.4 6669.8 -1.4 334 0 9.3 7.8 5.0 2.5 4 0 2 3 3
5439.6 6702.9 -1.1 334 0 9.6 7.9 5.0 2.5 2 0 2 2 2
5420.0 6688.5 -1.6 64 0 7.6 9.9 5.0 2.5 2 1 2 4 4
5401.3 6679.8 -2.4 64 0 6.9 8.4 5.0 0.0 0 1 2 1 1
5385.5 6673.2 -2.9 64 0 8.2 8.4 5.0 2.5 2 1 2 0 0
5367.7 6663.4 -3.4 64 0 9.1 9.7 5.0 2.5 2 1 2 4 4
5352.1 6656.6 -4.5 64 0 10.7 10.3 5.0 2.5 2 0 2 2 2
5280.5 6848.5 -3.2 68 0 10.4 14.1 5.0 2.5 4 1 2 1 1
5255.0 6849.8 -5.2 67 0 23.4 11.0 5.0 2.5 2 0 2 3 3
5175.2 6802.1 -13.5 59 0 21.8 11.9 5.0 2.5 2 0 2 4 4
5167.8 6814.9 -14.9 61 0 22.4 14.3 5.0 2.5 2 0 2 3 3
5137.6 6784.0 -14.2 57 0 9.1 8.3 5.0 2.5 2 0 2 3 3
5133.2 6827.5 -16.6 160 0 11.4 8.8 5.0 2.5 2 0 2 1 1
5157.9 6887.5 -16.4 250 0 10.7 8.4 5.0 2.5 2 0 2 1 1
5140.8 6870.8 -17.4 160 0 11.5 10.1 5.0 2.5 4 0 2 5 5
6143.6 -1926.7 21.5 119 0 25.0 15.1 10.0 2.5 2 0 4 5 5
4747.5 -5007.1 -27.3 215 0 13.5 21.0 17.5 3.5 2 1 5 5 5
4720.7 -5036.5 -27.0 212 0 8.4 12.8 10.5 0.0 0 1 3 3 3
4701.6 -5075.7 -26.5 201 0 9.9 18.7 10.5 3.5 2 1 3 3 3
4745.0 -5116.0 -25.9 16 0 12.1 9.6 10.5 3.5 2 0 3 1 1
4681.1 -5213.7 -24.6 208 0 11.5 12.2 17.5 3.5 2 1 5 2 2
4686.3 -5277.6 -25.5 15 0 14.8 11.4 17.5 3.5 2 0 5 0 0
4611.2 -5170.9 -25.4 223 0 21.1 15.7 17.5 3.5 2 0 5 3 3
4639.8 -5197.2 -24.6 346 0 20.6 17.3 17.5 3.5 4 0 5 5 5
4612.1 -5225.2 -23.9 215 0 8.3 12.6 10.5 3.5 2 1 3 1 1
4583.0 -5207.7 -24.6 221 0 12.0 27.4 17.5 3.5 2 1 5 4 4
4582.7 -5252.0 -24.1 218 0 11.0 10.8 17.5 3.5 2 0 5 4 4
4573.8 -5275.8 -24.2 233 0 12.3 13.0 17.5 3.5 2 1 5 5 5
4559.6 -5288.5 -24.3 228 0 11.2 14.7 17.5 3.5 2 1 5 5 5
4531.0 -5269.1 -24.4 222 0 11.2 16.3 17.5 3.5 2 1 5 2 2
4514.6 -5297.1 -24.5 221 0 8.2 12.8 10.5 3.5 2 1 3 2 2
4520.0 -5286.2 -24.5 223 0 9.5 16.6 10.5 3.5 2 1 3 5 5
4538.9 -5303.8 -24.5 222 0 10.1 11.8 17.5 3.5 2 1 5 5 5
4565.8 -5323.3 -24.4 45 0 12.6 9.3 10.5 0.0 0 0 3 4 4
4586.0 -5353.0 -25.3 24 0 10.1 18.9 17.5 3.5 2 1 5 2 2
4511.8 -5335.4 -24.7 207 0 7.7 15.4 10.5 3.5 2 1 3 3 3
4503.9 -5345.7 -24.7 207 0 10.6 17.9 17.5 3.5 2 1 5 1 1
4499.6 -5358.6 -24.8 207 0 11.1 15.2 17.5 3.5 2 1 5 0 0
4481.8 -5349.5 -24.6 217 0 12.2 14.6 17.5 3.5 2 1 5 1 1
4507.3 -5391.7 -24.9 23 0 10.0 12.1 17.5 3.5 2 1 5 1 1
4522.9 -5402.5 -25.3 25 0 13.5 10.0 17.5 3.5 2 0 5 2 2
4512.7 -5421.1 -25.5 21 0 14.3 10.6 17.5 3.5 2 0 5 0 0
4374.1 -5418.6 -24.6 220 0 12.0 14.3 17.5 3.5 2 1 5 5 5
4406.4 -5390.8 -24.4 224 0 8.6 12.6 10.5 3.5 2 1 3 3 3
4431.6 -5378.9 -24.4 219 0 10.4 12.9 17.5 3.5 2 1 5 4 4
4458.5 -5381.5 -24.7 225 0 10.1 14.7 17.5 3.5 2 1 5 3 3
4453.6 -5393.2 -24.7 227 0 7.7 11.4 10.5 3.5 2 1 3 2 2
4470.3 -5426.1 -25.1 106 0 8.6 17.9 10.5 0.0 0 1 3 5 5
4484.2 -5452.0 -25.6 100 0 8.2 15.2 10.5 3.5 2 1 3 4 4
3409.9 -6899.2 -27.1 128 0 10.7 10.2 5.0 2.5 2 0 2 3 3
3445.2 -6939.7 -26.7 129 0 6.4 9.9 5.0 2.5 2 1 2 1 1
3085.3 -6906.5 -20.2 94 0 11.9 12.3 2.5 2.5 4 1 1 2 2
3067.4 -6706.5 -17.4 306 0 16.4 13.9 5.0 2.5 2 0 2 0 0
3090.2 -6699.9 -17.2 314 0 18.1 11.1 5.0 2.5 2 0 2 1 1
3105.8 -6713.4 -17.7 323 0 10.8 33.1 5.0 2.5 2 1 2 0 0
3111.8 -6724.5 -18.0 316 0 7.7 41.0 5.0 0.0 0 1 2 4 4
3122.9 -6730.4 -18.3 316 0 8.8 56.1 5.0 2.5 2 1 2 0 0
3143.2 -6758.2 -18.9 317 0 10.1 21.0 5.0 0.0 0 1 2 1 1
3152.7 -6778.5 -19.8 311 0 13.0 20.7 5.0 2.5 2 1 2 0 0
3129.2 -6825.3 -20.2 130 0 6.3 10.6 5.0 2.5 2 1 2 2 2
3134.1 -6836.2 -20.2 132 0 9.9 20.2 5.0 2.5 2 1 2 2 2
3150.4 -6845.8 -20.3 124 0 9.9 17.8 5.0 2.5 2 1 2 1 1
3198.2 -6780.4 -21.6 125 0 10.3 20.3 5.0 2.5 2 1 2 5 5
3472.5 -6809.4 -27.0 134 0 10.3 14.1 2.5 0.0 0 1 1 3 3
3346.3 -6737.5 -24.2 311 0 8.9 9.1 5.0 2.5 2 1 2 5 5
3367.0 -6756.5 -25.1 311 0 8.4 10.3 5.0 2.5 2 1 2 0 0
3384.1 -6772.5 -25.8 308 0 11.2 8.7 5.0 2.5 2 0 2 1 1
3401.9 -6786.4 -26.4 308 0 9.6 19.3 5.0 2.5 2 1 2 0 0
3436.9 -6815.2 -27.0 305 0 8.7 12.6 5.0 2.5 2 1 2 1 1
3333.4 -6692.2 -22.9 133 0 14.5 24.8 2.5 2.5 2 1 1 0 0
3392.8 -6645.5 -21.9 44 0 14.9 15.3 2.5 2.5 2 1 1 3 3
3313.5 -6523.9 -18.6 229 0 13.7 8.5 2.5 0.0 0 0 1 1 1
3340.9 -6549.6 -19.2 316 0 20.3 8.6 2.5 0.0 0 0 1 2 2
3308.1 -6591.1 -19.8 58 0 15.1 13.8 2.5 0.0 0 0 1 3 3
3311.5 -6613.0 -20.2 43 0 11.4 11.6 2.5 2.5 2 1 1 2 2
3260.1 -6555.9 -19.1 249 0 7.5 15.3 2.5 2.5 2 1 1 3 3
3250.1 -6603.5 -19.8 135 0 12.6 22.9 2.5 2.5 2 1 1 2 2
3273.5 -6613.8 -20.1 135 0 18.7 11.0 2.5 2.5 2 0 1 3 3
3286.9 -6634.2 -20.5 131 0 10.0 13.4 2.5 2.5 2 1 1 5 5
3319.9 -6615.8 -20.6 311 0 7.6 25.7 2.5 2.5 2 1 1 0 0
3259.4 -6654.8 -20.5 311 0 14.5 14.2 5.0 0.0 0 0 2 2 2
3245.9 -6673.7 -20.4 311 0 14.0 13.1 5.0 0.0 0 0 2 0 0
3221.1 -6690.6 -20.3 221 0 10.7 13.5 5.0 2.5 4 1 2 1 1
3208.1 -6704.9 -20.3 221 0 12.2 14.5 5.0 2.5 2 1 2 0 0
3223.9 -6720.3 -21.3 221 0 12.8 13.8 5.0 2.5 4 1 2 2 2
3236.9 -6732.1 -22.0 221 0 13.3 13.8 5.0 2.5 2 1 2 3 3
3276.5 -6735.0 -22.7 311 0 9.6 9.4 5.0 0.0 0 0 2 0 0
3258.1 -6755.2 -22.6 131 0 12.5 11.4 5.0 0.0 0 0 2 4 4
3325.5 -6747.8 -23.6 314 0 8.0 14.1 5.0 2.5 2 1 2 3 3
3321.9 -6783.3 -23.8 306 0 7.6 13.2 5.0 2.5 2 1 2 1 1
3327.2 -6719.3 -23.4 310 0 11.0 12.5 5.0 2.5 2 1 2 1 1
3308.0 -6735.4 -23.1 312 0 14.2 19.4 5.0 2.5 2 1 2 2 2
3301.2 -6769.4 -23.0 313 0 8.7 13.0 5.0 2.5 2 1 2 3 3
3287.4 -6755.7 -22.8 312 0 22.3 14.8 5.0 2.5 2 0 2 0 0
3312.0 -6850.6 -24.1 119 0 7.5 14.9 5.0 2.5 2 1 2 0 0
3326.6 -6862.6 -24.6 119 0 10.4 17.7 5.0 2.5 2 1 2 5 5
3362.7 -6867.6 -26.0 128 0 10.7 14.0 5.0 2.5 2 1 2 1 1
3378.1 -6890.6 -26.9 127 0 15.0 25.1 5.0 2.5 2 1 2 3 3
3456.7 -6827.2 -27.2 301 0 8.8 18.7 5.0 2.5 4 1 2 3 3
3471.9 -6849.1 -27.3 310 0 9.4 17.8 5.0 2.5 2 1 2 1 1
3389.1 -6929.9 -26.2 306 0 17.1 15.5 5.0 0.0 0 0 2 5 5
3376.1 -6918.8 -25.8 310 0 12.3 17.5 5.0 2.5 4 1 2 0 0
3360.8 -6910.1 -25.4 308 0 17.1 20.5 5.0 2.5 2 1 2 1 1
3329.4 -6885.4 -24.5 300 0 12.0 24.2 5.0 0.0 0 1 2 3 3
3239.7 -6941.7 -20.6 125 0 7.9 13.1 5.0 2.5 2 1 2 5 5
3264.6 -6848.1 -22.4 301 0 12.2 16.0 5.0 2.5 2 1 2 0 0
3277.5 -6857.8 -22.8 301 0 10.8 21.3 5.0 2.5 2 1 2 4 4
3289.5 -6868.5 -23.1 304 0 10.6 14.8 5.0 2.5 2 1 2 5 5
3244.8 -6843.2 -21.7 310 0 11.7 19.2 5.0 2.5 2 1 2 1 1
3220.9 -6819.5 -21.3 300 0 24.0 31.5 5.0 0.0 0 1 2 3 3
3203.9 -6808.3 -20.7 300 0 10.9 33.1 5.0 2.5 2 1 2 3 3
3010.6 -6743.9 -17.9 117 0 15.3 16.4 5.0 2.5 2 1 2 5 5
2844.2 -6812.0 -12.5 114 0 6.8 11.7 7.5 2.5 2 1 3 2 2
2927.9 -6675.4 -16.0 294 0 13.1 16.7 5.0 2.5 4 1 2 2 2
2907.7 -6711.0 -15.8 202 0 15.1 12.2 5.0 2.5 2 0 2 1 1
2927.0 -6601.4 -10.2 117 0 13.3 24.4 5.0 2.5 2 1 2 5 5
2901.9 -6544.5 -3.3 248 0 18.7 14.4 5.0 2.5 2 0 2 5 5
2876.7 -6562.8 -4.1 154 0 15.3 16.5 5.0 2.5 2 1 2 0 0
2854.8 -6582.7 -6.5 298 0 8.0 17.5 2.5 2.5 2 1 1 5 5
2866.9 -6588.4 -7.4 298 0 10.6 17.5 2.5 2.5 2 1 1 4 4
2883.6 -6597.0 -8.9 297 0 11.9 18.7 2.5 2.5 4 1 1 4 4
2951.2 -6688.2 -17.4 292 0 27.0 19.5 5.0 2.5 2 0 2 0 0
3026.4 -6684.1 -17.0 207 0 20.0 19.9 5.0 2.5 2 0 2 2 2
2991.3 -6589.8 -12.5 305 0 22.2 15.4 5.0 2.5 2 0 2 3 3
3070.8 -6514.4 -13.3 28 0 31.5 26.9 5.0 0.0 0 0 2 5 5
3056.2 -6602.1 -15.3 220 0 12.4 18.1 5.0 2.5 2 1 2 2 2
3083.0 -6560.8 -15.6 220 0 32.2 52.4 5.0 0.0 0 1 2 1 1
3163.4 -6411.4 -13.8 40 0 6.8 9.5 5.0 2.5 2 1 2 2 2
3244.5 -6317.1 -14.7 40 0 8.3 11.9 5.0 2.5 2 1 2 0 0
3232.7 -6329.6 -14.9 40 0 8.3 8.1 5.0 2.5 2 0 2 5 5
3219.4 -6342.6 -14.7 40 0 9.5 13.3 5.0 2.5 2 1 2 1 1
3195.0 -6368.5 -13.3 40 0 8.1 10.2 5.0 2.5 2 1 2 0 0
3137.5 -6434.4 -13.4 40 0 13.0 8.1 5.0 2.5 4 0 2 1 1
3247.1 -6348.9 -15.2 220 0 7.6 9.4 5.0 2.5 2 1 2 5 5
3241.7 -6371.7 -15.5 130 0 9.0 7.6 5.0 2.5 4 0 2 3 3
3231.5 -6379.4 -15.3 310 0 10.2 8.5 5.0 2.5 2 0 2 2 2
3216.4 -6396.1 -15.6 220 0 9.1 9.9 5.0 2.5 2 1 2 0 0
3196.0 -6408.3 -15.8 220 0 6.1 13.2 5.0 2.5 2 1 2 1 1
3184.1 -6425.7 -16.1 220 0 10.9 14.8 5.0 2.5 2 1 2 2 2
3176.3 -6446.6 -16.5 220 0 10.1 13.9 5.0 2.5 2 1 2 4 4
3157.0 -6456.9 -16.5 220 0 7.8 8.4 5.0 2.5 2 1 2 0 0
3153.6 -6506.5 -17.4 126 0 25.2 16.2 5.0 2.5 2 0 2 3 3
3269.9 -6411.6 -16.2 312 0 14.0 11.6 5.0 2.5 2 0 2 1 1
3276.3 -6404.1 -16.2 134 0 11.0 9.9 5.0 2.5 2 0 2 0 0
3272.6 -6382.8 -15.8 136 0 7.1 10.3 5.0 0.0 0 1 2 0 0
3298.1 -6328.1 -14.9 321 0 9.6 7.6 5.0 2.5 4 0 2 4 4
3499.6 -6076.5 -15.7 38 0 12.1 14.1 5.0 2.5 2 1 2 5 5
3454.9 -6072.4 -13.9 226 0 12.9 12.5 5.0 0.0 0 0 2 3 3
4450.1 -5037.5 -22.5 42 0 11.2 11.1 2.5 2.5 2 0 1 5 5
4500.8 -5016.7 -23.7 63 0 7.7 12.4 2.5 2.5 2 1 1 4 4
4542.7 -4985.0 -25.5 240 0 21.8 15.1 2.5 2.5 2 0 1 1 1
4655.0 -4808.2 -26.0 305 0 8.7 7.3 2.5 2.5 2 0 1 2 2
4636.7 -4791.4 -25.2 307 0 9.0 9.4 2.5 0.0 0 1 1 0 0
3588.2 -5587.9 -9.1 193 0 10.7 7.9 2.5 2.5 2 0 1 1 1
3579.1 -5613.3 -9.8 309 0 14.4 10.4 2.5 2.5 2 0 1 1 1
3597.7 -5661.5 -11.3 17 0 9.1 9.5 2.5 0.0 0 1 1 3 3
3642.1 -5697.3 -13.8 155 0 14.4 8.8 2.5 2.5 2 0 1 0 0
3642.9 -5720.5 -13.3 314 0 12.8 7.4 2.5 2.5 2 0 1 5 5
3643.1 -5739.0 -12.4 41 0 6.3 14.3 2.5 2.5 2 1 1 4 4
3630.7 -5823.4 -16.0 212 0 10.8 7.4 5.0 2.5 2 0 2 2 2
3617.2 -5839.3 -16.1 210 0 8.3 13.5 5.0 2.5 2 1 2 5 5
3771.2 -5767.7 -18.4 324 0 7.3 10.2 5.0 2.5 2 1 2 0 0
3760.1 -5732.3 -17.7 321 0 12.8 14.6 5.0 2.5 2 1 2 0 0
3745.1 -5713.9 -15.6 318 0 10.8 13.3 5.0 2.5 2 1 2 2 2
3772.4 -5681.8 -15.4 237 0 8.5 10.3 5.0 2.5 2 1 2 5 5
3842.2 -5652.8 -19.5 234 0 17.2 12.2 5.0 2.5 4 0 2 1 1
4074.0 -4888.8 -5.1 48 0 11.2 9.6 7.5 2.5 2 0 3 5 5
4182.9 -4999.5 -3.2 28 0 6.4 9.5 7.5 2.5 2 1 3 4 4
4160.4 -5021.7 -6.4 193 0 9.2 8.0 7.5 2.5 2 0 3 0 0
4097.6 -5054.1 -7.7 85 0 11.1 6.6 2.5 2.5 2 0 1 1 1
4083.8 -5028.7 -6.8 134 0 6.5 12.8 7.5 2.5 2 1 3 3 3
4113.1 -5054.6 -8.2 90 0 8.3 11.6 5.0 2.5 2 1 2 1 1
4032.1 -5085.7 -7.1 271 0 8.1 13.1 10.5 3.5 2 1 3 2 2
4004.5 -5103.3 -7.8 181 0 12.8 9.3 10.5 3.5 2 0 3 4 4
4063.5 -5176.6 -9.9 298 0 17.8 13.5 17.5 3.5 2 0 5 5 5
4101.3 -5193.4 -11.3 3 0 12.5 15.2 17.5 3.5 2 1 5 2 2
4092.2 -5235.7 -10.9 21 0 11.5 19.6 17.5 3.5 2 1 5 3 3
4112.5 -5244.5 -16.3 195 0 18.2 16.2 2.5 2.5 2 0 1 5 5
4104.4 -5257.6 -16.6 196 0 7.7 19.8 2.5 2.5 2 1 1 1 1
4218.1 -5290.3 -21.3 49 0 12.3 56.3 2.5 0.0 0 1 1 0 0
4265.8 -5226.2 -21.6 47 0 9.0 47.3 2.5 2.5 4 1 1 5 5
4318.4 -5186.9 -21.8 45 0 11.4 7.2 2.5 2.5 2 0 1 3 3
4277.1 -5156.2 -17.9 225 0 8.8 11.8 2.5 2.5 2 1 1 2 2
4303.8 -5160.4 -20.6 45 0 8.6 8.6 2.5 2.5 2 0 1 5 5
4310.4 -5109.0 -20.5 225 0 19.6 26.3 2.5 0.0 0 1 1 1 1
4334.3 -5176.5 -21.9 45 0 15.4 10.3 2.5 2.5 2 0 1 2 2
4344.3 -5160.7 -21.9 45 0 8.4 16.0 2.5 2.5 2 1 1 0 0
4356.6 -5157.3 -22.0 45 0 7.1 12.6 2.5 2.5 2 1 1 3 3
4362.3 -5136.7 -22.0 45 0 8.2 9.5 2.5 2.5 2 1 1 5 5
4382.9 -5130.8 -22.1 45 0 16.2 19.1 2.5 2.5 2 1 1 3 3
4337.2 -5094.5 -19.0 225 0 11.6 8.2 2.5 2.5 2 0 1 4 4
4356.2 -5073.9 -19.4 225 0 8.2 8.2 2.5 2.5 2 0 1 2 2
4363.0 -5062.6 -19.3 225 0 8.2 9.9 2.5 2.5 2 1 1 4 4
4371.5 -5049.2 -20.2 225 0 9.3 15.6 2.5 2.5 2 1 1 5 5
4423.1 -5067.9 -22.4 45 0 7.6 11.8 2.5 2.5 2 1 1 3 3
4419.1 -5090.3 -22.3 45 0 12.0 11.6 2.5 2.5 2 0 1 1 1
4409.9 -5104.6 -22.3 45 0 8.6 12.4 2.5 2.5 2 1 1 4 4
4401.4 -5115.2 -22.2 45 0 11.4 18.5 2.5 0.0 0 1 1 1 1
4398.8 -5079.8 -22.3 39 0 10.5 15.2 2.5 2.5 2 1 1 4 4
4400.4 -5041.9 -22.4 219 0 16.4 8.9 2.5 2.5 2 0 1 2 2
4380.4 -5023.7 -18.3 219 0 10.3 16.9 2.5 2.5 2 1 1 2 2
4394.7 -5008.6 -17.7 219 0 12.3 14.3 2.5 2.5 2 1 1 5 5
4412.5 -4994.5 -20.8 216 0 16.0 20.5 2.5 0.0 0 1 1 3 3
4431.0 -4992.4 -22.5 216 0 6.8 20.8 2.5 2.5 2 1 1 2 2
4444.3 -4988.0 -22.6 216 0 9.6 12.7 2.5 2.5 2 1 1 4 4
4448.6 -4967.9 -22.7 221 0 15.4 26.0 2.5 2.5 2 1 1 4 4
4459.0 -4954.9 -22.0 222 0 8.8 14.7 2.5 2.5 2 1 1 1 1
4452.6 -4936.8 -17.3 221 0 25.1 8.6 2.5 2.5 2 0 1 0 0
4472.8 -4931.8 -22.8 222 0 8.6 26.5 2.5 2.5 2 1 1 4 4
4504.5 -4933.5 -23.1 324 0 9.4 14.7 2.5 2.5 4 1 1 1 1
4518.6 -4952.5 -23.8 330 0 8.1 14.4 2.5 2.5 2 1 1 3 3
4521.9 -4969.3 -24.0 330 0 11.6 29.5 2.5 2.5 2 1 1 2 2
4539.4 -4959.5 -24.5 145 0 13.4 19.4 2.5 2.5 2 1 1 2 2
4516.7 -4919.0 -23.7 144 0 13.9 15.1 2.5 2.5 2 1 1 4 4
4517.1 -4862.2 -22.6 218 0 9.1 8.5 2.5 2.5 2 0 1 2 2
4539.3 -4874.5 -23.8 222 0 14.5 13.8 2.5 2.5 2 0 1 3 3
4573.2 -4848.7 -24.5 214 0 18.7 16.2 2.5 2.5 4 0 1 0 0
4598.5 -4814.3 -24.7 219 0 10.8 13.7 2.5 0.0 0 1 1 5 5
4594.1 -4787.5 -24.1 225 0 18.7 11.3 2.5 0.0 0 0 1 4 4
4632.9 -4751.9 -24.6 313 0 17.4 9.0 2.5 2.5 2 0 1 3 3
4647.2 -4767.5 -25.2 305 0 12.3 9.4 2.5 2.5 2 0 1 5 5
4652.1 -4752.9 -25.4 132 0 23.7 18.5 2.5 2.5 2 0 1 1 1
4654.8 -4703.3 -24.6 219 0 13.5 11.5 2.5 2.5 2 0 1 0 0
4667.1 -4692.4 -24.9 223 0 8.2 11.6 2.5 2.5 2 1 1 4 4
4682.0 -4674.4 -25.0 227 0 12.6 12.1 2.5 2.5 2 0 1 2 2
4383.0 -4931.7 -6.1 215 0 8.8 9.1 10.5 3.5 2 1 3 4 4
4423.0 -4876.1 -7.2 215 0 12.8 13.2 17.5 3.5 2 1 5 1 1
4510.3 -4826.6 -15.6 35 0 13.5 16.3 17.5 3.5 2 1 5 2 2
4519.3 -4818.2 -16.3 35 0 6.1 17.5 10.5 3.5 4 1 3 5 5
4526.8 -4810.3 -16.9 35 0 8.3 15.4 10.5 3.5 2 1 3 0 0
4532.7 -4791.0 -15.7 35 0 14.8 10.9 17.5 3.5 2 0 5 5 5
4551.6 -4765.1 -16.5 34 0 17.8 9.9 10.5 3.5 2 0 3 4 4
4503.5 -4765.9 -10.6 214 0 10.7 15.8 17.5 3.5 2 1 5 3 3
4582.0 -4613.0 -16.4 219 0 14.6 12.5 17.5 3.5 2 0 5 1 1
4593.0 -4647.8 -18.2 219 0 10.8 12.5 17.5 3.5 2 1 5 4 4
4569.3 -4739.1 -17.2 44 0 10.3 7.8 10.5 3.5 4 0 3 5 5
4587.4 -4731.8 -19.9 42 0 8.0 13.1 10.5 3.5 2 1 3 3 3
4597.3 -4722.9 -20.8 40 0 13.0 24.9 17.5 3.5 2 1 5 4 4
4608.3 -4699.1 -18.6 40 0 19.0 10.1 17.5 0.0 0 0 5 1 1
4626.4 -4681.5 -21.6 37 0 16.1 9.0 10.5 3.5 4 0 3 4 4
4630.4 -4653.3 -21.1 43 0 17.3 11.2 17.5 3.5 2 0 5 2 2
4642.5 -4665.9 -22.1 43 0 15.6 11.1 17.5 3.5 2 0 5 2 2
4634.2 -4630.1 -20.5 43 0 11.2 22.3 17.5 3.5 2 1 5 3 3
4605.8 -4612.1 -18.4 132 0 11.0 21.7 17.5 3.5 2 1 5 5 5
4621.8 -4585.1 -19.8 223 0 12.3 25.0 17.5 3.5 2 1 5 2 2
4601.1 -4564.3 -15.7 225 0 10.1 11.1 17.5 0.0 0 1 5 0 0
4609.9 -4550.9 -15.5 221 0 14.6 9.5 10.5 3.5 2 0 3 0 0
4645.5 -4639.5 -21.5 42 0 11.6 11.4 17.5 3.5 2 0 5 4 4
4657.5 -4651.2 -22.6 43 0 17.0 14.1 17.5 3.5 2 0 5 5 5
4664.6 -4619.6 -21.9 41 0 10.3 21.7 17.5 3.5 4 1 5 0 0
4673.6 -4632.2 -22.9 43 0 10.9 11.2 17.5 3.5 2 1 5 0 0
4696.0 -4611.7 -23.5 43 0 13.9 12.1 17.5 3.5 4 0 5 1 1
4643.0 -4556.8 -17.8 313 0 8.8 12.6 10.5 3.5 2 1 3 1 1
4649.4 -4570.1 -20.1 223 0 12.2 13.4 17.5 0.0 0 1 5 0 0
4679.5 -4578.9 -21.3 40 0 13.3 6.6 10.5 3.5 2 0 3 1 1
4698.6 -4591.1 -22.9 43 0 14.6 19.6 17.5 3.5 2 1 5 0 0
4720.8 -4582.5 -22.9 18 0 14.4 10.4 17.5 3.5 4 0 5 3 3
4717.7 -4496.2 -20.6 225 0 7.2 26.3 10.5 3.5 2 1 3 1 1
4708.9 -4506.8 -20.8 224 0 13.2 23.1 17.5 3.5 2 1 5 0 0
4679.3 -4515.4 -18.1 223 0 13.0 7.0 10.5 3.5 2 0 3 0 0
4696.5 -4494.9 -17.1 228 0 13.9 8.8 10.5 3.5 2 0 3 4 4
4703.9 -4479.9 -16.8 225 0 12.2 15.8 17.5 3.5 2 1 5 5 5
4719.3 -4471.4 -16.6 223 0 14.3 12.2 17.5 0.0 0 0 5 3 3
4786.0 -4439.1 -18.5 234 0 14.7 8.2 10.5 3.5 2 0 3 5 5
4766.8 -4438.2 -19.2 235 0 8.0 25.7 10.5 3.5 2 1 3 3 3
4870.8 -4431.8 -19.2 62 0 11.3 10.1 17.5 0.0 0 0 5 4 4
4833.4 -4412.8 -16.8 260 0 16.7 16.3 17.5 3.5 2 0 5 4 4
4812.9 -4430.2 -17.8 249 0 14.3 7.6 10.5 3.5 2 0 3 5 5
4829.3 -4464.1 -21.0 58 0 13.0 17.5 17.5 3.5 2 1 5 4 4
4905.5 -4528.9 -24.2 146 0 18.3 8.7 2.5 2.5 2 0 1 2 2
4946.4 -4515.5 -24.1 334 0 12.2 25.1 2.5 2.5 2 1 1 0 0
4863.8 -4558.9 -23.2 134 0 11.2 13.7 2.5 2.5 4 1 1 2 2
4886.2 -4577.1 -24.2 132 0 20.2 9.9 2.5 2.5 2 0 1 1 1
4941.2 -4591.4 -24.8 41 0 15.0 20.7 2.5 2.5 2 1 1 4 4
4916.7 -4604.8 -25.2 128 0 10.0 14.0 2.5 2.5 2 1 1 5 5
4915.6 -4571.7 -24.7 128 0 10.6 15.2 2.5 2.5 2 1 1 0 0
4904.8 -4561.8 -24.6 130 0 10.4 15.6 2.5 2.5 2 1 1 0 0
4891.7 -4555.3 -24.4 129 0 12.5 17.6 2.5 2.5 2 1 1 1 1
4874.7 -4541.3 -23.8 133 0 13.1 18.7 2.5 2.5 2 1 1 5 5
4844.8 -4542.3 -22.3 135 0 12.4 13.5 2.5 2.5 2 1 1 3 3
4841.1 -4520.1 -22.2 131 0 13.6 17.3 2.5 2.5 2 1 1 0 0
4856.6 -4484.5 -22.7 246 0 11.2 22.4 2.5 2.5 4 1 1 3 3
4874.7 -4475.6 -23.3 241 0 15.1 9.2 2.5 0.0 0 0 1 5 5
4892.9 -4468.0 -23.5 246 0 14.6 8.1 2.5 2.5 2 0 1 0 0
4897.4 -4483.4 -23.7 243 0 11.7 8.4 2.5 2.5 2 0 1 2 2
4916.5 -4478.3 -23.6 243 0 15.0 12.0 2.5 2.5 2 0 1 4 4
4951.0 -4455.8 -23.2 338 0 17.4 9.1 2.5 2.5 4 0 1 5 5
4927.2 -4452.3 -23.2 245 0 15.7 8.4 2.5 2.5 2 0 1 3 3
4940.6 -4465.9 -23.3 335 0 9.0 15.4 2.5 2.5 2 1 1 2 2
4993.2 -4512.1 -23.1 157 0 13.6 17.5 5.0 2.5 2 1 2 5 5
4980.1 -4436.1 -22.8 245 0 7.8 21.7 5.0 2.5 2 1 2 0 0
4990.1 -4477.3 -23.2 161 0 15.5 11.6 5.0 2.5 2 0 2 4 4
4997.0 -4425.1 -23.1 246 0 18.9 40.3 5.0 0.0 0 1 2 2 2
5075.3 -4372.6 -24.1 225 0 21.2 9.6 5.0 2.5 2 0 2 4 4
5098.6 -4349.1 -23.8 227 0 13.5 23.4 5.0 2.5 2 1 2 0 0
5116.2 -4392.9 -24.0 48 0 10.9 32.2 5.0 2.5 2 1 2 5 5
5114.8 -4414.2 -23.6 48 0 40.0 11.1 5.0 2.5 4 0 2 0 0
5086.0 -4444.0 -23.3 51 0 31.3 8.6 5.0 2.5 2 0 2 2 2
5065.9 -4487.7 -23.0 227 0 13.5 29.1 5.0 2.5 2 1 2 0 0
5042.2 -4575.4 -23.8 61 0 7.0 12.9 5.0 2.5 2 1 2 1 1
5071.3 -4556.0 -22.9 52 0 9.0 18.0 5.0 2.5 4 1 2 4 4
4979.9 -4582.3 -24.5 232 0 10.6 8.6 5.0 2.5 2 0 2 0 0
4964.6 -4592.8 -24.8 236 0 11.1 10.1 5.0 2.5 4 0 2 0 0
4980.9 -4687.8 -25.8 227 0 9.7 12.6 10.5 0.0 0 1 3 5 5
4798.6 -4599.4 -24.2 212 0 13.0 31.6 2.5 2.5 2 1 1 1 1
4786.9 -4539.1 -22.0 224 0 8.5 14.1 2.5 2.5 2 1 1 4 4
4778.9 -4550.1 -22.4 224 0 10.3 22.3 2.5 2.5 2 1 1 3 3
4774.8 -4566.5 -22.7 224 0 13.0 12.3 2.5 2.5 2 0 1 1 1
4779.4 -4645.7 -25.3 134 0 20.4 9.7 2.5 2.5 2 0 1 1 1
4773.3 -4676.9 -25.9 134 0 8.3 26.5 2.5 2.5 2 1 1 4 4
4759.2 -4616.5 -24.8 224 0 28.8 19.7 2.5 2.5 2 0 1 5 5
4739.0 -4654.7 -25.5 134 0 9.5 22.3 2.5 2.5 2 1 1 1 1
4747.4 -4675.6 -26.3 314 0 25.9 9.6 2.5 2.5 2 0 1 4 4
4769.1 -4696.0 -26.8 314 0 25.6 8.9 2.5 2.5 2 0 1 5 5
4804.8 -4731.5 -27.4 44 0 13.5 8.1 2.5 2.5 2 0 1 1 1
4818.7 -4717.3 -27.1 44 0 13.7 19.8 2.5 2.5 2 1 1 4 4
4834.5 -4701.0 -26.7 44 0 13.4 12.3 2.5 2.5 2 0 1 5 5
4822.7 -4648.7 -25.3 44 0 7.2 19.5 2.5 2.5 2 1 1 4 4
4846.5 -4647.0 -25.5 44 0 23.3 11.8 2.5 2.5 2 0 1 3 3
4833.8 -4550.2 -22.8 314 0 11.6 32.6 2.5 2.5 2 1 1 5 5
4854.5 -4570.3 -23.3 314 0 18.9 9.9 2.5 2.5 2 0 1 0 0
4872.6 -4585.8 -23.9 314 0 16.5 15.9 2.5 2.5 2 0 1 5 5
4895.4 -4612.8 -24.8 314 0 13.3 13.2 2.5 2.5 2 0 1 4 4
4910.7 -4622.8 -25.3 314 0 9.4 7.4 2.5 2.5 2 0 1 2 2
4913.1 -4652.0 -25.6 224 0 11.7 13.5 2.5 2.5 2 1 1 5 5
4896.5 -4669.3 -26.5 224 0 11.7 15.2 2.5 2.5 4 1 1 3 3
4853.6 -4717.5 -27.8 224 0 10.3 8.2 2.5 2.5 2 0 1 5 5
4842.1 -4728.3 -28.0 224 0 10.3 11.9 2.5 2.5 2 1 1 5 5
4925.3 -4871.5 -26.8 47 0 8.3 12.9 10.5 3.5 2 1 3 3 3
4893.4 -4824.5 -28.3 137 0 8.1 8.7 10.5 3.5 2 1 3 0 0
4888.1 -4782.6 -28.4 227 0 10.8 13.7 17.5 3.5 4 1 5 1 1
4922.4 -4807.0 -28.0 137 0 13.3 10.8 17.5 3.5 2 0 5 1 1
4907.9 -4762.7 -28.2 227 0 11.4 7.8 10.5 3.5 2 0 3 4 4
4933.1 -4762.0 -27.8 227 0 7.3 21.0 10.5 3.5 2 1 3 3 3
4934.9 -4735.2 -27.4 227 0 11.6 6.3 10.5 3.5 2 0 3 4 4
4939.4 -4743.9 -27.5 227 0 14.0 19.0 17.5 3.5 2 1 5 2 2
4951.2 -4717.7 -26.8 227 0 13.9 10.4 17.5 3.5 2 0 5 5 5
4968.3 -4694.5 -25.8 226 0 9.2 16.8 10.5 3.5 2 1 3 1 1
4963.6 -4706.0 -26.2 227 0 9.1 21.9 10.5 3.5 2 1 3 4 4
4989.1 -4716.9 -26.1 228 0 11.2 8.4 10.5 3.5 2 0 3 4 4
5005.1 -4708.4 -26.0 223 0 10.5 16.0 17.5 3.5 2 1 5 3 3
5017.1 -4698.7 -25.8 147 0 4.7 11.0 10.5 3.5 2 1 3 2 2
5043.6 -4724.5 -26.1 57 0 12.0 7.1 10.5 3.5 4 0 3 2 2
5063.6 -4709.6 -25.9 90 0 7.4 16.7 10.5 0.0 0 1 3 4 4
5033.3 -4647.0 -25.5 226 0 12.4 8.4 10.5 3.5 2 0 3 2 2
5057.4 -4613.3 -24.8 232 0 11.2 12.9 17.5 3.5 4 1 5 2 2
5068.2 -4595.7 -24.2 231 0 13.3 16.4 17.5 3.5 2 1 5 3 3
5100.3 -4558.6 -23.3 235 0 10.5 20.3 17.5 0.0 0 1 5 5 5
3245.3 6754.3 10.9 269 0 7.1 11.2 5.0 2.5 2 1 2 3 3
3257.2 6717.5 10.9 359 0 6.4 23.3 5.0 2.5 2 1 2 5 5
3258.7 6701.4 10.6 359 0 8.1 11.1 5.0 2.5 2 1 2 2 2
3216.4 6697.9 10.8 179 0 14.1 9.5 5.0 2.5 2 0 2 4 4
5083.4 4917.4 -20.0 149 0 10.5 16.9 5.0 2.5 2 1 2 1 1
4761.5 4770.7 -18.0 331 0 10.2 16.5 5.0 2.5 2 1 2 4 4
4921.6 4927.8 -20.0 329 0 9.0 19.7 5.0 2.5 2 1 2 4 4
4654.3 5177.6 -19.1 331 0 10.5 15.4 2.5 0.0 0 1 1 1 1
3233.6 6698.1 10.7 179 0 13.4 10.6 5.0 2.5 2 0 2 3 3
3297.5 6659.0 10.3 271 0 16.1 30.1 5.0 2.5 2 1 2 4 4
5111.4 6820.7 -17.4 145 0 10.8 10.9 5.0 2.5 2 1 2 5 5
5104.8 6853.8 -19.5 153 0 10.4 20.3 5.0 2.5 2 1 2 2 2
5072.3 6953.1 -16.3 163 0 7.0 9.8 5.0 2.5 2 1 2 2 2
5023.2 6885.3 -19.3 330 0 11.8 15.4 2.5 2.5 2 1 1 3 3
5026.9 6871.0 -18.3 335 0 8.2 13.4 2.5 2.5 2 1 1 3 3
5030.7 6849.4 -16.1 336 0 26.7 7.2 2.5 2.5 2 0 1 3 3
5046.4 6820.0 -13.6 333 0 34.0 9.6 2.5 2.5 2 0 1 0 0
4999.6 6889.9 -17.8 334 0 12.2 21.4 2.5 2.5 2 1 1 5 5
4966.8 6850.5 -13.2 154 0 44.7 14.5 2.5 2.5 2 0 1 0 0
4550.9 5558.7 -19.0 329 0 9.4 12.8 5.0 2.5 2 1 2 2 2
4957.0 5145.2 -20.6 149 0 16.9 25.1 5.0 0.0 0 1 2 4 4
4944.7 5198.9 -20.6 239 0 15.6 21.9 5.0 2.5 2 1 2 0 0
5004.4 5239.3 -19.9 329 0 6.3 9.2 5.0 2.5 2 1 2 4 4
4999.0 5226.5 -19.9 329 0 4.9 6.3 5.0 2.5 2 1 2 1 1
5004.1 5218.8 -20.1 329 0 7.4 12.6 5.0 2.5 2 1 2 2 2
5023.7 5192.3 -20.1 329 0 8.7 12.7 5.0 2.5 2 1 2 0 0
5030.6 5175.1 -20.3 329 0 10.5 12.7 5.0 2.5 2 1 2 2 2
5055.0 5132.7 -20.7 329 0 8.6 14.7 5.0 2.5 2 1 2 1 1
5009.7 5045.4 -20.3 149 0 5.5 18.7 5.0 2.5 2 1 2 1 1
5079.8 5089.8 -20.8 329 0 10.3 22.3 5.0 2.5 2 1 2 2 2
5123.6 5001.7 -20.5 329 0 16.2 22.9 5.0 0.0 0 1 2 0 0
5061.5 4979.6 -20.2 149 0 8.0 9.9 5.0 0.0 0 1 2 5 5
5109.7 4874.9 -19.9 149 0 9.6 8.4 5.0 0.0 0 0 2 2 2
4748.9 5086.5 -19.5 239 0 15.2 15.9 5.0 2.5 2 1 2 4 4
4823.2 4938.1 -18.4 149 0 8.6 13.0 5.0 2.5 2 1 2 4 4
4891.2 4979.5 -20.0 329 0 13.0 17.3 5.0 2.5 2 1 2 4 4
4936.9 4900.9 -20.1 329 0 15.4 18.4 5.0 2.5 2 1 2 4 4
4963.2 4854.2 -20.1 329 0 8.1 13.7 5.0 2.5 4 1 2 4 4
4995.7 4801.1 -20.3 329 0 17.0 18.6 5.0 2.5 2 1 2 1 1
4986.4 4873.3 -20.1 149 0 12.7 13.7 2.5 2.5 4 1 1 0 0
4965.2 4906.3 -20.1 149 0 7.5 17.2 2.5 2.5 2 1 1 0 0
4949.3 4934.3 -20.0 149 0 8.1 18.5 2.5 2.5 2 1 1 3 3
4940.5 4948.9 -20.0 149 0 8.8 14.9 2.5 2.5 2 1 1 2 2
4895.7 5033.2 -20.0 149 0 14.8 13.5 2.5 2.5 2 0 1 1 1
4831.2 5123.8 -20.0 149 0 21.4 20.5 2.5 2.5 2 0 1 1 1
4911.6 5164.4 -20.5 329 0 10.5 14.4 2.5 2.5 4 1 1 2 2
4937.7 5120.2 -20.4 329 0 7.1 13.1 2.5 2.5 2 1 1 2 2
4963.5 5077.9 -20.3 329 0 6.9 14.1 2.5 2.5 2 1 1 4 4
4985.9 5033.8 -20.2 329 0 10.1 13.9 2.5 2.5 2 1 1 1 1
5005.6 5002.2 -20.1 329 0 16.5 13.1 2.5 2.5 2 0 1 1 1
5027.9 4947.0 -20.0 329 0 14.2 11.1 2.5 2.5 2 0 1 2 2
5059.1 4905.6 -19.8 329 0 11.4 15.3 2.5 2.5 2 1 1 2 2
5083.0 4862.4 -19.7 329 0 11.8 14.5 2.5 2.5 2 1 1 0 0
5097.8 4811.1 -19.7 239 0 8.2 6.9 5.0 2.5 2 0 2 4 4
5076.5 4800.1 -19.6 239 0 8.1 8.0 5.0 2.5 2 0 2 3 3
5032.5 4774.3 -19.6 239 0 5.0 10.9 5.0 2.5 2 1 2 4 4
5057.8 4780.9 -19.5 239 0 10.8 6.7 5.0 2.5 2 0 2 1 1
5012.3 4761.9 -19.9 239 0 10.6 11.0 5.0 2.5 2 1 2 5 5
4989.6 4749.6 -20.2 239 0 6.0 8.5 5.0 2.5 4 1 2 0 0
4966.9 4740.0 -20.1 239 0 7.2 13.4 5.0 2.5 2 1 2 5 5
4944.5 4728.3 -19.6 239 0 4.2 12.4 5.0 0.0 0 1 2 2 2
4936.5 4723.6 -19.3 239 0 7.5 10.4 5.0 2.5 2 1 2 3 3
5034.5 5610.0 -21.6 329 0 9.4 12.1 5.0 0.0 0 1 2 1 1
4868.9 5523.0 -22.0 149 0 8.0 9.9 2.5 2.5 2 1 1 3 3
5045.7 5365.1 -21.3 329 0 7.9 11.9 5.0 0.0 0 1 2 5 5
5021.0 5408.7 -21.4 329 0 7.7 11.4 5.0 2.5 2 1 2 5 5
5007.1 5478.8 -21.6 149 0 13.5 10.0 2.5 2.5 2 0 1 4 4
5020.1 5493.0 -21.5 239 0 11.2 16.2 2.5 0.0 0 1 1 0 0
5047.9 5420.3 -21.6 149 0 7.9 17.1 2.5 2.5 2 1 1 4 4
5071.5 5372.9 -21.6 149 0 13.0 20.7 2.5 2.5 2 1 1 5 5
5092.1 5340.7 -21.6 149 0 20.6 20.7 2.5 2.5 2 1 1 2 2
5120.7 5291.1 -21.4 149 0 17.7 13.9 5.0 2.5 2 0 2 0 0
5099.3 5272.7 -21.2 329 0 9.0 12.9 5.0 2.5 2 1 2 5 5
5115.5 5230.7 -21.2 329 0 11.0 13.0 5.0 2.5 2 1 2 4 4
5050.9 5195.2 -20.5 149 0 12.6 16.1 5.0 2.5 2 1 2 3 3
5078.9 5145.3 -20.6 149 0 9.6 14.2 5.0 2.5 2 1 2 0 0
5102.9 5105.0 -21.0 149 0 12.9 15.5 5.0 2.5 2 1 2 0 0
4995.9 5470.8 -21.7 329 0 7.9 11.9 5.0 2.5 2 1 2 2 2
4996.6 5449.9 -21.6 329 0 22.4 10.1 5.0 2.5 2 0 2 2 2
4959.1 5406.6 -21.5 149 0 10.9 16.1 5.0 2.5 2 1 2 3 3
4947.7 5440.9 -22.0 239 0 10.9 16.7 5.0 0.0 0 1 2 3 3
4925.0 5419.1 -22.1 149 0 15.7 12.7 5.0 0.0 0 0 2 0 0
4942.2 5381.8 -21.4 149 0 12.2 20.3 5.0 2.5 2 1 2 1 1
4953.4 5370.6 -21.2 149 0 9.0 13.4 5.0 2.5 2 1 2 5 5
5016.4 5262.9 -20.3 58 0 12.9 14.5 5.0 2.5 2 1 2 5 5
4755.3 5326.9 -20.7 281 0 19.6 27.9 5.0 2.5 2 1 2 4 4
4744.8 5477.1 -21.4 151 0 8.5 12.2 5.0 0.0 0 1 2 0 0
4783.9 5445.4 -21.8 151 0 11.1 8.2 5.0 2.5 2 0 2 5 5
4758.1 5429.2 -21.6 151 0 12.2 9.9 5.0 0.0 0 0 2 5 5
4761.2 5384.7 -21.5 151 0 23.8 12.9 5.0 2.5 4 0 2 3 3
4792.7 5391.6 -21.8 61 0 12.0 24.0 5.0 2.5 2 1 2 0 0
4817.4 5407.6 -22.0 61 0 11.5 18.1 5.0 2.5 4 1 2 2 2
4848.6 5429.2 -22.2 61 0 4.9 10.6 5.0 2.5 2 1 2 4 4
4823.4 5529.1 -22.0 331 0 7.7 11.8 5.0 2.5 2 1 2 0 0
4823.9 5600.9 -21.8 151 0 11.2 17.1 2.5 2.5 2 1 1 2 2
4849.1 5554.6 -22.0 151 0 10.9 11.5 2.5 2.5 2 1 1 4 4
4898.1 5466.0 -22.2 151 0 22.7 11.9 2.5 2.5 4 0 1 4 4
4948.6 5482.1 -22.0 61 0 14.6 19.5 2.5 2.5 2 1 1 1 1
4948.2 5547.1 -21.4 331 0 11.5 15.9 2.5 2.5 2 1 1 2 2
5011.0 5654.1 -21.3 331 0 9.9 19.5 5.0 2.5 2 1 2 4 4
4983.6 5705.5 -21.9 331 0 13.2 12.4 5.0 0.0 0 0 2 5 5
4910.6 5658.7 -21.5 151 0 10.2 21.3 5.0 2.5 2 1 2 1 1
4928.8 5628.0 -21.3 151 0 7.6 14.4 5.0 2.5 4 1 2 1 1
4965.4 5594.2 -21.1 151 0 12.8 11.9 5.0 2.5 2 0 2 0 0
4966.3 5571.1 -21.1 151 0 10.6 11.0 5.0 0.0 0 1 2 5 5
4970.5 5558.2 -21.2 151 0 10.3 13.2 5.0 2.5 2 1 2 5 5
4994.8 5516.0 -21.4 151 0 12.7 10.8 5.0 0.0 0 0 2 3 3
5024.5 5524.3 -21.4 61 0 8.0 8.2 5.0 2.5 2 1 2 3 3
5040.8 5531.9 -21.6 61 0 8.6 16.7 5.0 2.5 2 1 2 4 4
5060.1 5566.6 -21.9 331 0 6.0 20.3 5.0 2.5 2 1 2 4 4
5064.6 5542.3 -21.9 61 0 9.5 15.8 5.0 2.5 2 1 2 4 4
5090.1 5510.2 -21.9 331 0 9.9 12.7 2.5 2.5 2 1 1 0 0
5117.1 5466.3 -21.9 331 0 8.7 19.1 2.5 2.5 2 1 1 1 1
5116.7 5521.3 -22.3 151 0 8.5 17.7 5.0 2.5 2 1 2 3 3
5063.6 5877.7 -22.9 329 0 8.3 12.1 5.0 0.0 0 1 2 2 2
5094.6 5776.9 -22.2 151 0 15.1 14.5 2.5 2.5 2 0 1 3 3
5115.9 5756.0 -22.1 151 0 6.9 12.7 2.5 0.0 0 1 1 1 1
5108.7 5711.8 -22.1 331 0 6.1 17.7 5.0 2.5 2 1 2 1 1
5115.8 5706.4 -22.1 331 0 6.3 13.1 5.0 2.5 4 1 2 2 2
5125.2 5578.5 -21.5 61 0 10.0 14.2 5.0 2.5 2 1 2 0 0
5097.9 5598.0 -21.5 151 0 6.5 12.8 5.0 2.5 2 1 2 3 3
5108.7 5564.6 -21.8 61 0 8.1 18.3 5.0 2.5 2 1 2 4 4
5060.0 5624.1 -21.5 151 0 7.5 13.4 5.0 2.5 2 1 2 5 5
5053.2 5634.6 -21.5 151 0 9.8 12.9 5.0 2.5 2 1 2 0 0
5043.0 5651.7 -21.6 151 0 7.8 15.2 5.0 2.5 2 1 2 4 4
5038.5 5666.8 -21.6 151 0 11.8 10.0 5.0 2.5 2 0 2 3 3
5001.1 5722.6 -22.0 151 0 9.6 11.5 5.0 2.5 2 1 2 2 2
4992.6 5744.0 -22.2 151 0 5.4 9.2 5.0 2.5 2 1 2 0 0
4989.1 5752.9 -22.2 151 0 8.0 12.6 5.0 2.5 2 1 2 3 3
4940.1 5839.3 -21.8 151 0 8.4 11.8 5.0 2.5 2 1 2 4 4
4915.2 5883.1 -22.0 151 0 6.8 8.6 5.0 2.5 4 1 2 3 3
4954.8 5914.1 -22.9 241 0 12.2 14.6 5.0 2.5 2 1 2 5 5
4927.6 5862.9 -22.3 151 0 13.2 38.0 5.0 2.5 2 1 2 1 1
4871.9 5927.4 -22.1 331 0 16.0 7.9 2.5 2.5 4 0 1 1 1
4896.1 5935.3 -22.7 61 0 14.7 15.3 2.5 2.5 2 1 1 3 3
4742.1 5844.1 -21.5 61 0 6.2 14.2 2.5 2.5 2 1 1 4 4
4784.5 5870.7 -21.6 61 0 9.0 7.6 2.5 2.5 2 0 1 1 1
4764.8 5855.3 -21.5 61 0 5.9 12.4 2.5 2.5 2 1 1 3 3
4656.9 5920.7 -21.7 151 0 10.2 8.0 2.5 2.5 2 0 1 3 3
4641.4 5912.5 -21.6 331 0 12.6 9.8 2.5 2.5 2 0 1 5 5
4627.1 5897.2 -21.6 61 0 6.3 15.6 2.5 2.5 4 1 1 4 4
4606.7 5886.6 -21.8 61 0 7.0 10.1 2.5 2.5 2 1 1 1 1
4712.6 5795.5 -21.2 241 0 8.9 11.7 5.0 0.0 0 1 2 4 4
4736.3 5811.1 -21.3 241 0 7.6 10.1 5.0 2.5 2 1 2 4 4
4814.1 5855.7 -21.5 241 0 9.3 15.6 5.0 2.5 2 1 2 5 5
4861.7 5884.6 -21.6 241 0 23.1 22.5 5.0 2.5 2 0 2 4 4
4898.9 5832.3 -21.5 331 0 12.4 8.9 5.0 0.0 0 0 2 1 1
4915.7 5818.0 -21.3 331 0 9.6 9.7 5.0 2.5 2 1 2 1 1
4954.8 5751.5 -21.9 331 0 8.3 10.7 5.0 2.5 4 1 2 0 0
4950.9 5726.1 -21.9 61 0 10.6 11.8 5.0 2.5 2 1 2 2 2
4929.8 5715.9 -21.7 61 0 11.8 17.6 5.0 2.5 2 1 2 3 3
4910.9 5699.4 -21.6 61 0 7.9 13.0 5.0 2.5 2 1 2 2 2
4887.2 5689.2 -21.4 61 0 9.9 10.5 5.0 2.5 2 1 2 5 5
4846.5 5666.2 -21.3 61 0 8.5 13.3 5.0 2.5 2 1 2 4 4
4822.1 5652.2 -21.5 61 0 7.5 10.5 5.0 0.0 0 1 2 0 0
4800.6 5645.9 -21.6 61 0 19.3 21.9 5.0 2.5 4 1 2 0 0
4721.8 5588.8 -21.3 61 0 15.4 20.4 5.0 2.5 2 1 2 5 5
4667.4 5656.3 -21.0 151 0 9.5 19.6 5.0 2.5 2 1 2 3 3
4661.9 5682.9 -21.0 151 0 11.6 20.1 5.0 2.5 2 1 2 3 3
4638.8 5721.7 -20.9 151 0 9.0 14.9 5.0 2.5 2 1 2 2 2
4663.1 5776.2 -21.1 241 0 7.7 9.0 5.0 2.5 2 1 2 2 2
4646.1 5761.6 -21.0 241 0 18.1 16.1 5.0 2.5 2 0 2 1 1
4659.7 5787.7 -21.2 61 0 8.9 15.5 2.5 2.5 4 1 1 2 2
4588.9 5811.3 -21.4 151 0 15.4 10.9 2.5 2.5 2 0 1 2 2
4497.3 5952.1 -21.0 61 0 12.4 13.2 7.5 2.5 2 1 3 4 4
4536.6 5912.4 -21.2 241 0 15.7 9.3 2.5 2.5 2 0 1 5 5
4561.6 5860.9 -21.1 61 0 5.5 13.6 2.5 2.5 2 1 1 0 0
4428.6 5803.1 -20.1 61 0 8.4 9.6 2.5 2.5 2 1 1 2 2
4438.3 5810.0 -20.2 61 0 6.2 11.2 2.5 0.0 0 1 1 1 1
4386.1 5657.1 -20.3 331 0 7.6 10.7 2.5 0.0 0 1 1 2 2
4400.6 5772.9 -19.8 61 0 5.5 15.3 2.5 2.5 2 1 1 4 4
4411.7 5779.6 -19.9 61 0 9.7 16.8 2.5 2.5 2 1 1 3 3
4495.1 5820.5 -20.7 61 0 22.2 18.6 2.5 2.5 2 0 1 4 4
4542.4 5823.0 -20.7 241 0 16.0 13.5 5.0 2.5 4 0 2 1 1
4492.1 5788.0 -20.5 241 0 13.0 14.9 5.0 2.5 2 1 2 3 3
4656.9 5630.7 -20.5 331 0 12.1 10.1 5.0 2.5 2 0 2 0 0
4678.7 5589.7 -20.7 331 0 9.0 13.8 5.0 2.5 2 1 2 1 1
4690.8 5579.1 -20.8 331 0 13.5 10.6 5.0 2.5 2 0 2 1 1
4633.8 5678.9 -20.6 331 0 18.0 20.9 5.0 2.5 2 1 2 5 5
4583.5 5599.1 -20.4 151 0 15.8 13.2 5.0 2.5 2 0 2 2 2
4560.1 5578.2 -19.8 331 0 13.6 9.3 5.0 2.5 2 0 2 1 1
4239.2 5267.7 -17.0 331 0 9.9 20.1 5.0 2.5 2 1 2 5 5
4256.7 5216.9 -16.3 331 0 7.2 6.7 5.0 2.5 2 0 2 0 0
4331.0 5285.0 -19.3 331 0 7.1 10.4 5.0 2.5 2 1 2 0 0
4229.6 5640.8 -18.3 61 0 13.4 10.6 5.0 2.5 2 0 2 5 5
4144.6 5595.3 -17.0 61 0 11.5 9.6 5.0 2.5 2 0 2 0 0
4210.1 5629.2 -18.0 61 0 14.7 11.2 5.0 2.5 2 0 2 1 1
4285.6 5462.5 -18.6 151 0 7.8 15.2 5.0 2.5 2 1 2 4 4
4290.9 5452.2 -18.7 151 0 6.7 16.0 5.0 2.5 2 1 2 1 1
4350.2 5502.8 -19.3 331 0 7.8 18.3 5.0 0.0 0 1 2 2 2
4365.9 5479.2 -19.3 331 0 11.4 27.8 5.0 2.5 2 1 2 0 0
4348.8 5447.5 -19.1 331 0 9.5 13.5 5.0 2.5 2 1 2 2 2
4407.4 5381.8 -19.5 61 0 14.6 11.6 5.0 2.5 2 0 2 5 5
4441.2 5667.5 -20.1 151 0 15.4 12.0 5.0 2.5 2 0 2 0 0
4460.8 5756.7 -20.4 331 0 14.1 12.6 5.0 2.5 2 0 2 2 2
4473.8 5715.5 -20.0 331 0 8.0 22.2 5.0 2.5 2 1 2 3 3
4497.2 5708.7 -20.2 331 0 14.0 6.8 5.0 2.5 2 0 2 3 3
4500.7 5684.1 -19.8 331 0 8.7 16.7 5.0 2.5 2 1 2 0 0
4363.3 5751.7 -19.4 61 0 7.9 15.4 2.5 2.5 2 1 1 2 2
4245.0 5734.9 -18.6 241 0 10.5 14.6 5.0 2.5 2 1 2 1 1
4289.2 5698.4 -19.1 331 0 6.8 14.0 5.0 2.5 4 1 2 5 5
4304.5 5651.8 -19.5 241 0 20.9 10.1 2.5 2.5 2 0 1 4 4
4330.2 5590.0 -19.1 151 0 12.0 16.9 2.5 2.5 2 1 1 1 1
4424.1 5590.3 -19.2 331 0 13.0 15.1 2.5 2.5 2 1 1 1 1
4456.0 5531.7 -18.8 331 0 12.7 19.3 2.5 2.5 2 1 1 4 4
4490.5 5488.0 -19.5 331 0 9.6 14.5 2.5 0.0 0 1 1 4 4
4494.7 5456.2 -19.6 331 0 13.4 16.3 2.5 2.5 2 1 1 2 2
4468.9 5573.0 -18.6 151 0 10.0 15.1 5.0 2.5 2 1 2 4 4
4489.3 5541.8 -18.5 151 0 11.1 19.8 5.0 2.5 2 1 2 3 3
4581.6 5537.7 -19.7 331 0 16.1 12.0 5.0 2.5 2 0 2 4 4
4508.7 5505.2 -19.4 151 0 22.8 11.7 5.0 2.5 2 0 2 5 5
4528.6 5479.8 -19.7 61 0 18.6 16.9 5.0 2.5 2 0 2 1 1
4685.9 5478.2 -20.4 331 0 34.2 25.5 2.5 0.0 0 0 1 5 5
4699.9 5447.1 -20.4 331 0 16.5 12.6 2.5 2.5 2 0 1 5 5
4688.4 5436.8 -20.1 331 0 14.2 11.3 2.5 2.5 2 0 1 5 5
4679.7 5328.4 -19.9 61 0 17.0 14.7 2.5 2.5 2 0 1 0 0
4652.3 5311.1 -20.0 61 0 14.7 19.7 2.5 2.5 2 1 1 3 3
4607.8 5327.9 -20.0 151 0 18.7 22.0 2.5 2.5 2 1 1 4 4
4620.9 5301.2 -19.8 151 0 13.7 15.8 2.5 2.5 2 1 1 5 5
4703.5 5293.0 -20.2 241 0 10.5 17.7 5.0 2.5 2 1 2 4 4
4798.7 5250.3 -20.6 331 0 9.4 13.7 5.0 2.5 2 1 2 0 0
4821.5 5216.2 -20.5 331 0 14.3 14.7 5.0 2.5 2 1 2 2 2
4813.1 5172.9 -20.5 61 0 8.3 10.0 5.0 2.5 2 1 2 1 1
4682.5 5188.6 -19.4 151 0 14.0 14.6 5.0 2.5 4 1 2 0 0
4750.8 5131.0 -19.9 61 0 12.7 42.4 5.0 2.5 2 1 2 2 2
4698.0 5161.2 -19.5 151 0 12.1 35.6 5.0 2.5 4 1 2 1 1
4554.2 5196.1 -18.7 151 0 8.8 12.4 2.5 2.5 2 1 1 5 5
4619.4 5253.7 -19.5 331 0 9.7 21.7 2.5 2.5 2 1 1 4 4
4575.5 5313.1 -19.6 331 0 10.4 8.2 2.5 2.5 2 0 1 2 2
4557.0 5347.6 -19.8 331 0 9.9 8.6 2.5 2.5 2 0 1 0 0
4519.7 5395.6 -19.7 331 0 10.1 17.2 2.5 2.5 2 1 1 3 3
4466.2 5356.1 -19.2 151 0 8.7 8.2 2.5 2.5 2 0 1 5 5
4479.6 5268.1 -18.0 331 0 10.9 11.5 5.0 2.5 2 1 2 0 0
4436.6 5184.1 -17.5 151 0 9.8 10.5 5.0 2.5 4 1 2 0 0
4457.1 5149.8 -17.3 151 0 7.2 10.8 5.0 2.5 4 1 2 3 3
4504.1 5221.4 -18.1 331 0 5.8 12.1 5.0 0.0 0 1 2 5 5
4494.3 5240.3 -18.0 331 0 8.2 15.8 5.0 2.5 2 1 2 2 2
4535.2 5169.6 -18.3 331 0 13.0 18.1 5.0 2.5 2 1 2 5 5
4493.2 5096.4 -17.3 151 0 16.0 28.0 5.0 2.5 2 1 2 5 5
4535.2 5012.8 -18.0 151 0 12.6 12.1 5.0 2.5 4 0 2 2 2
4608.5 5044.1 -18.9 331 0 13.5 13.6 5.0 2.5 2 1 2 0 0
4630.9 5054.6 -18.7 151 0 7.8 12.9 2.5 2.5 2 1 1 0 0
4627.8 5065.2 -18.7 151 0 6.1 12.9 2.5 2.5 2 1 1 2 2
4695.0 5100.9 -18.8 331 0 12.0 18.2 2.5 2.5 2 1 1 5 5
4742.7 5019.0 -18.6 331 0 9.4 16.8 2.5 0.0 0 1 1 3 3
4662.0 5014.2 -18.9 151 0 10.4 9.5 2.5 0.0 0 0 1 1 1
4682.1 4970.5 -18.7 151 0 8.0 11.9 2.5 2.5 2 1 1 3 3
4706.9 4925.0 -18.4 151 0 12.4 12.7 2.5 2.5 4 1 1 4 4
4769.8 4970.9 -18.3 331 0 13.7 18.2 2.5 2.5 2 1 1 5 5
4793.9 4934.6 -17.8 331 0 8.0 11.9 2.5 2.5 2 1 1 0 0
4758.4 4843.7 -18.0 151 0 6.5 12.8 2.5 2.5 2 1 1 2 2
4813.0 4874.7 -18.0 331 0 13.4 7.8 2.5 2.5 2 0 1 3 3
4846.3 4833.9 -18.3 331 0 9.0 7.1 2.5 2.5 2 0 1 4 4
4872.4 4792.2 -18.4 331 0 10.3 13.9 2.5 2.5 2 1 1 4 4
4778.1 4796.4 -18.1 151 0 7.0 12.4 2.5 2.5 2 1 1 0 0
4827.5 4710.0 -18.5 151 0 9.9 11.6 2.5 2.5 2 1 1 1 1
4677.2 4923.8 -18.4 331 0 10.9 15.9 5.0 2.5 2 1 2 1 1
4666.3 4939.2 -18.5 331 0 8.4 11.2 5.0 2.5 2 1 2 4 4
4655.9 4956.0 -18.6 331 0 8.2 12.1 5.0 2.5 2 1 2 3 3
4632.3 4999.8 -19.0 331 0 7.7 10.0 5.0 2.5 2 1 2 4 4
4470.0 4905.4 -16.0 151 0 5.1 10.3 5.0 2.5 2 1 2 5 5
4519.3 4817.8 -16.1 151 0 8.7 11.3 5.0 2.5 2 1 2 0 0
4563.0 4957.1 -17.8 151 0 19.0 10.6 5.0 2.5 2 0 2 0 0
4559.9 4907.1 -17.1 331 0 10.9 11.5 5.0 2.5 2 1 2 1 1
4588.6 4915.9 -17.6 151 0 8.6 12.6 5.0 0.0 0 1 2 4 4
4612.5 4873.6 -17.2 151 0 9.4 13.7 5.0 2.5 2 1 2 2 2
4638.4 4827.8 -16.9 151 0 8.5 11.6 5.0 2.5 2 1 2 2 2
4715.9 4852.3 -17.9 331 0 7.8 12.2 5.0 2.5 2 1 2 3 3
4728.2 4825.5 -17.8 331 0 9.7 8.8 5.0 2.5 2 0 2 3 3
4752.0 4786.2 -17.9 331 0 13.7 18.8 5.0 0.0 0 1 2 5 5
4779.9 4739.7 -18.2 331 0 8.7 13.7 5.0 2.5 2 1 2 1 1
4711.6 4698.3 -17.5 151 0 8.6 13.9 5.0 2.5 2 1 2 0 0
4572.6 4713.8 -16.2 151 0 6.5 9.7 5.0 2.5 2 1 2 2 2
4547.5 4770.6 -16.2 151 0 13.3 20.0 5.0 2.5 2 1 2 5 5
4488.1 4871.0 -16.0 151 0 13.7 18.8 5.0 2.5 2 1 2 2 2
4507.9 4994.2 -17.2 331 0 10.3 7.8 5.0 2.5 2 0 2 2 2
4442.5 4955.9 -15.8 151 0 8.6 6.5 5.0 2.5 2 0 2 5 5
4427.3 4918.1 -15.5 61 0 14.7 5.7 5.0 2.5 2 0 2 2 2
4475.3 4834.4 -15.7 331 0 9.1 8.1 5.0 2.5 2 0 2 1 1
4489.3 4813.8 -15.8 331 0 10.7 13.8 5.0 2.5 2 1 2 4 4
4498.0 4790.1 -15.8 331 0 7.5 8.6 5.0 2.5 2 1 2 2 2
4523.8 4746.9 -15.9 331 0 8.7 13.0 5.0 2.5 2 1 2 0 0
4535.9 4724.3 -16.0 331 0 8.5 12.2 5.0 2.5 2 1 2 5 5
4571.4 4661.2 -16.2 331 0 12.1 8.8 5.0 2.5 4 0 2 2 2
4584.9 4637.6 -16.4 331 0 7.6 10.7 5.0 2.5 2 1 2 3 3
4597.2 4616.7 -16.4 331 0 9.6 11.5 5.0 2.5 2 1 2 0 0
4710.3 4641.1 -17.3 331 0 7.8 21.4 5.0 2.5 2 1 2 4 4
4733.8 4653.8 -17.8 151 0 9.0 16.2 5.0 0.0 0 1 2 2 2
4801.1 4696.1 -18.4 331 0 9.6 13.9 5.0 2.5 2 1 2 1 1
4905.4 4707.0 -18.7 241 0 15.0 16.5 5.0 2.5 4 1 2 1 1
4855.1 4685.7 -18.6 241 0 14.1 25.9 5.0 2.5 2 1 2 2 2
4840.8 4670.9 -18.6 241 0 8.9 14.1 5.0 2.5 2 1 2 3 3
4828.7 4663.6 -18.7 241 0 8.1 23.1 5.0 2.5 2 1 2 5 5
4795.1 4639.3 -18.6 241 0 12.4 14.9 5.0 2.5 2 1 2 1 1
4776.6 4626.6 -18.4 241 0 13.4 11.3 5.0 0.0 0 0 2 0 0
4725.5 4598.6 -17.8 241 0 10.4 18.1 5.0 2.5 4 1 2 5 5
4706.5 4588.6 -17.5 241 0 7.7 12.0 5.0 2.5 2 1 2 3 3
4689.1 4586.5 -17.2 241 0 5.3 12.0 5.0 2.5 2 1 2 4 4
4686.7 4574.6 -17.2 241 0 6.2 11.2 5.0 2.5 2 1 2 5 5
4664.1 4561.8 -16.9 241 0 8.3 16.2 5.0 2.5 2 1 2 4 4
4641.4 4540.1 -16.6 331 0 12.2 10.5 5.0 0.0 0 0 2 5 5
4653.0 4522.4 -16.8 331 0 7.5 8.6 5.0 2.5 2 1 2 5 5
4663.7 4500.7 -17.1 331 0 8.7 8.2 5.0 0.0 0 0 2 1 1
4675.4 4479.3 -17.5 331 0 7.8 11.6 5.0 2.5 2 1 2 3 3
6263.5 -2941.4 -18.8 27 0 24.1 28.7 5.0 0.0 0 1 2 1 1
6396.8 -2975.6 -25.3 299 0 11.0 24.5 2.5 2.5 4 1 1 4 4
6375.6 -2808.7 -18.5 293 0 22.4 8.4 5.0 2.5 2 0 2 1 1
6469.8 -2665.3 -21.5 119 0 16.1 17.7 2.5 2.5 2 1 1 3 3
6447.8 -2684.6 -21.1 204 0 9.4 17.5 2.5 2.5 2 1 1 2 2
6439.4 -2699.0 -20.6 218 0 13.6 17.6 2.5 2.5 2 1 1 4 4
6423.0 -2718.8 -18.1 127 0 15.3 9.5 2.5 2.5 2 0 1 2 2
6423.4 -2749.9 -18.5 299 0 10.7 17.3 2.5 0.0 0 1 1 3 3
6451.8 -2734.3 -21.7 121 0 7.5 11.5 2.5 2.5 2 1 1 4 4
6467.7 -2741.3 -23.5 117 0 19.6 12.0 2.5 0.0 0 0 1 1 1
6531.6 -2486.8 -17.6 31 0 13.2 13.0 2.5 2.5 2 0 1 1 1
6581.5 -2480.1 -19.0 214 0 17.6 6.7 7.5 2.5 2 0 3 5 5
6565.0 -2508.2 -21.2 209 0 13.4 28.3 7.5 2.5 2 1 3 1 1
6579.9 -2566.5 -23.6 122 0 11.5 34.6 7.5 2.5 2 1 3 4 4
6725.3 -2339.7 -21.0 44 0 9.9 8.6 2.5 0.0 0 0 1 4 4
6746.2 -2331.9 -21.8 42 0 11.2 18.6 2.5 2.5 4 1 1 5 5
6742.2 -2291.5 -22.0 32 0 16.2 12.0 2.5 2.5 2 0 1 1 1
6710.0 -2266.8 -20.6 204 0 10.1 11.1 2.5 2.5 2 1 1 1 1
6695.6 -2243.2 -20.4 205 0 10.8 23.6 2.5 2.5 2 1 1 2 2
6667.0 -2126.1 -7.7 202 0 19.3 12.7 2.5 2.5 2 0 1 5 5
6716.8 -2092.8 -10.7 24 0 12.7 13.4 2.5 2.5 4 1 1 5 5
6738.3 -2046.6 -11.6 24 0 14.0 16.2 2.5 2.5 2 1 1 4 4
6568.0 -856.8 -18.1 36 0 48.3 10.5 2.5 0.0 0 0 1 1 1
6874.3 -1032.7 -22.4 216 0 7.5 14.4 2.5 2.5 2 1 1 3 3
6855.3 -1056.5 -22.3 306 0 9.7 5.8 2.5 0.0 0 0 1 1 1
6831.7 -1039.3 -22.5 306 0 7.0 13.7 2.5 2.5 2 1 1 5 5
6799.9 -1004.3 -23.0 306 0 7.5 12.9 2.5 2.5 2 1 1 4 4
6775.3 -991.4 -22.6 306 0 7.5 13.3 2.5 2.5 2 1 1 1 1
6751.0 -981.8 -22.2 36 0 12.4 16.3 5.0 2.5 4 1 2 2 2
6727.8 -953.4 -22.0 306 0 14.0 9.7 5.0 2.5 2 0 2 0 0
6706.0 -937.1 -21.9 306 0 8.5 11.1 5.0 2.5 2 1 2 4 4
6676.7 -924.0 -21.5 216 0 13.6 6.6 5.0 2.5 2 0 2 4 4
6661.6 -943.9 -21.1 216 0 10.4 9.4 5.0 2.5 2 0 2 5 5
6647.1 -961.8 -20.7 216 0 10.4 7.5 5.0 0.0 0 0 2 0 0
6644.8 -928.2 -21.0 36 0 9.1 16.9 5.0 2.5 2 1 2 1 1
6655.8 -908.8 -21.2 36 0 11.2 6.3 5.0 2.5 2 0 2 2 2
6638.5 -884.2 -20.6 306 0 7.1 12.9 5.0 2.5 2 1 2 1 1
6622.0 -869.7 -19.9 306 0 9.7 11.3 5.0 2.5 2 1 2 5 5
6600.8 -857.2 -19.1 306 0 5.7 9.8 5.0 2.5 4 1 2 0 0
6624.8 -848.7 -19.4 126 0 6.1 9.9 2.5 2.5 2 1 1 2 2
6638.0 -852.7 -19.8 126 0 6.7 11.7 2.5 2.5 4 1 1 3 3
6649.5 -864.9 -20.2 126 0 9.6 11.8 2.5 0.0 0 1 1 3 3
6673.9 -883.3 -20.9 126 0 7.1 11.4 2.5 0.0 0 1 1 2 2
6698.6 -900.5 -21.6 126 0 11.4 16.7 2.5 2.5 2 1 1 3 3
6718.6 -918.0 -22.1 126 0 8.8 14.6 2.5 2.5 2 1 1 5 5
6740.9 -936.1 -22.4 126 0 8.0 17.0 2.5 2.5 2 1 1 5 5
6756.7 -940.6 -22.3 126 0 9.1 7.0 2.5 2.5 2 0 1 5 5
6762.8 -953.1 -22.6 126 0 8.1 13.6 2.5 2.5 4 1 1 2 2
6772.4 -959.9 -22.6 126 0 6.2 12.1 2.5 2.5 2 1 1 1 1
6790.6 -975.8 -22.8 126 0 8.1 12.1 2.5 2.5 2 1 1 1 1
6807.1 -982.3 -22.8 126 0 5.4 10.4 2.5 2.5 2 1 1 0 0
6811.3 -991.9 -22.9 126 0 5.2 11.7 2.5 2.5 2 1 1 1 1
6826.5 -1003.3 -22.9 126 0 10.9 9.0 2.5 2.5 2 0 1 1 1
6849.7 -1022.6 -22.7 126 0 7.1 11.8 2.5 2.5 2 1 1 0 0
6908.0 -940.9 -20.1 306 0 8.1 14.7 2.5 2.5 2 1 1 4 4
6879.3 -990.9 -21.7 36 0 8.2 10.4 2.5 0.0 0 1 1 4 4
6871.9 -1000.4 -22.0 36 0 8.1 13.3 2.5 2.5 2 1 1 2 2
6656.7 1690.5 -3.5 75 0 9.8 19.8 7.5 2.5 2 1 3 4 4
4464.9 -5484.3 -25.8 41 0 4.2 8.4 10.5 3.5 4 1 3 4 4
4456.5 -5469.6 -25.6 301 0 8.3 10.3 10.5 3.5 2 1 3 4 4
4448.8 -5464.3 -25.5 304 0 8.4 18.6 10.5 3.5 2 1 3 1 1
4411.0 -5434.4 -25.0 312 0 23.5 19.8 17.5 0.0 0 0 5 4 4
4361.5 -5430.3 -24.9 223 0 10.3 21.1 17.5 3.5 2 1 5 1 1
4369.0 -5480.2 -25.2 310 0 17.3 12.3 5.0 2.5 2 0 2 1 1
4333.1 -5461.5 -24.9 220 0 16.4 29.1 5.0 2.5 2 1 2 5 5
4314.2 -5479.0 -25.0 231 0 10.0 6.6 5.0 0.0 0 0 2 0 0
4305.5 -5533.5 -25.1 39 0 10.3 11.4 5.0 2.5 4 1 2 2 2
4281.2 -5508.4 -25.1 214 0 7.4 3.7 5.0 0.0 0 0 2 0 0
4284.8 -5513.0 -25.2 221 0 11.8 15.5 5.0 2.5 2 1 2 5 5
