-1826.8 -6469.3 -11.7 216 0 9.2 7.8 5.0 2.5 2 0 2 1 1
-1952.5 -6414.3 -10.6 117 0 9.0 13.1 5.0 2.5 2 1 2 2 2
-1933.2 -6434.5 -10.7 128 0 10.2 12.8 5.0 2.5 2 1 2 0 0
-1910.9 -6453.4 -10.8 123 0 14.2 8.9 5.0 2.5 2 0 2 5 5
-1892.7 -6472.8 -11.5 122 0 8.9 17.5 5.0 2.5 2 1 2 2 2
-1818.7 -6500.6 -11.9 300 0 8.3 16.8 5.0 0.0 0 1 2 4 4
-1739.3 -6546.4 -10.2 292 0 16.4 10.6 5.0 2.5 2 0 2 5 5
-1707.4 -6461.9 -9.8 124 0 9.0 20.6 5.0 2.5 2 1 2 2 2
-1644.5 -6471.7 -9.7 297 0 7.6 15.7 5.0 2.5 2 1 2 0 0
-1667.7 -6577.1 -10.9 297 0 5.7 14.4 5.0 2.5 2 1 2 3 3
-1659.7 -6583.5 -11.2 292 0 6.1 16.1 5.0 2.5 2 1 2 2 2
-1638.4 -6522.2 -10.6 293 0 9.6 23.0 5.0 2.5 2 1 2 1 1
-1615.1 -6535.0 -9.8 292 0 8.4 15.5 5.0 2.5 2 1 2 0 0
-1626.4 -6500.0 -9.4 120 0 9.1 15.9 5.0 2.5 2 1 2 3 3
-1609.2 -6508.0 -8.9 115 0 6.8 12.5 5.0 0.0 0 1 2 0 0
-1596.3 -6515.7 -8.6 118 0 12.7 12.5 5.0 2.5 2 0 2 5 5
-1581.9 -6525.1 -8.2 118 0 8.7 18.5 5.0 0.0 0 1 2 1 1
-1552.7 -6514.2 -7.4 289 0 9.0 16.0 5.0 2.5 4 1 2 5 5
-1582.0 -6544.0 -8.7 294 0 8.0 14.0 5.0 2.5 2 1 2 5 5
-1563.4 -6551.9 -8.1 296 0 9.0 14.9 5.0 2.5 2 1 2 4 4
-1527.6 -6565.1 -6.9 307 0 9.6 20.8 5.0 2.5 2 1 2 0 0
-1552.9 -6597.3 -7.4 122 0 12.0 14.5 5.0 2.5 2 1 2 0 0
-1606.8 -6601.0 -9.6 296 0 10.5 12.3 5.0 2.5 2 1 2 2 2
-1580.8 -6610.0 -8.8 301 0 9.3 21.9 5.0 2.5 2 1 2 1 1
-1184.5 -6677.9 -8.5 295 0 8.1 5.6 5.0 2.5 2 0 2 1 1
-994.7 -6728.0 -9.2 132 0 10.4 8.8 7.5 2.5 4 0 3 4 4
-1304.7 -6590.7 -7.8 204 0 19.6 10.5 5.0 2.5 2 0 2 1 1
-1335.1 -6636.5 -9.1 210 0 10.7 11.2 5.0 2.5 2 1 2 0 0
-1273.1 -6678.9 -9.7 124 0 7.0 8.6 5.0 2.5 2 1 2 4 4
-1255.2 -6643.6 -8.7 287 0 9.0 11.5 5.0 2.5 4 1 2 1 1
-1197.9 -6640.5 -8.0 284 0 9.0 12.0 5.0 2.5 2 1 2 4 4
-1155.4 -6679.9 -8.5 115 0 15.6 17.1 5.0 2.5 2 1 2 1 1
-1180.5 -6666.2 -8.3 111 0 9.8 9.9 5.0 2.5 2 1 2 1 1
-1248.2 -6707.6 -8.8 302 0 10.4 17.9 5.0 2.5 2 1 2 2 2
-1130.2 -6763.5 -9.6 298 0 28.5 11.2 5.0 2.5 2 0 2 1 1
-1153.5 -6756.6 -9.1 298 0 9.0 12.8 5.0 2.5 2 1 2 4 4
-1134.6 -6687.0 -8.6 123 0 8.1 11.0 5.0 2.5 2 1 2 0 0
-1030.5 -6759.7 -10.1 295 0 26.5 11.4 5.0 2.5 2 0 2 2 2
-1038.6 -6793.5 -10.4 124 0 6.8 8.6 5.0 2.5 2 1 2 1 1
-1047.9 -6790.5 -10.4 117 0 9.5 14.8 5.0 2.5 2 1 2 1 1
-1077.7 -6737.0 -9.6 298 0 8.6 12.8 5.0 2.5 2 1 2 4 4
-1086.6 -6768.2 -10.0 118 0 16.5 9.0 5.0 2.5 2 0 2 2 2
-1099.2 -6778.7 -10.1 280 0 13.7 12.1 5.0 2.5 2 0 2 1 1
-1061.3 -6807.0 -10.6 291 0 8.0 15.3 5.0 2.5 2 1 2 0 0
-959.1 -6752.0 -9.9 297 0 35.0 11.2 5.0 2.5 2 0 2 5 5
-915.1 -6809.6 -10.8 294 0 5.1 7.5 5.0 2.5 2 1 2 0 0
-879.1 -6824.8 -11.1 289 0 8.5 11.0 5.0 0.0 0 1 2 1 1
-867.1 -6864.8 -11.4 109 0 8.3 11.7 5.0 2.5 4 1 2 0 0
-852.9 -6834.0 -11.3 290 0 9.4 14.9 5.0 2.5 2 1 2 2 2
-831.7 -6842.6 -11.3 287 0 8.8 8.4 5.0 2.5 2 0 2 1 1
-845.2 -6804.1 -10.8 287 0 12.2 15.0 5.0 2.5 2 1 2 4 4
-866.3 -6794.5 -10.6 290 0 8.5 15.2 5.0 2.5 2 1 2 2 2
-896.5 -6800.4 -10.5 111 0 8.3 19.4 5.0 2.5 4 1 2 0 0
-908.4 -6777.7 -10.3 290 0 7.9 15.8 5.0 2.5 2 1 2 1 1
-901.7 -6809.4 -10.8 287 0 5.7 12.2 5.0 2.5 2 1 2 2 2
-937.3 -6828.5 -11.2 204 0 18.9 12.7 5.0 2.5 2 0 2 0 0
-974.7 -6823.3 -10.9 115 0 13.1 9.3 2.5 2.5 4 0 1 1 1
-1012.6 -6833.7 -11.2 206 0 14.9 8.0 5.0 2.5 2 0 2 5 5
-991.4 -6837.5 -11.3 297 0 6.9 13.3 5.0 2.5 2 1 2 3 3
-971.0 -6845.9 -11.4 293 0 11.0 14.8 5.0 2.5 2 1 2 4 4
-945.0 -6860.0 -11.5 290 0 9.5 13.0 5.0 2.5 2 1 2 0 0
-924.9 -6865.0 -11.3 289 0 9.4 17.1 5.0 2.5 2 1 2 5 5
-905.3 -6911.0 -9.9 111 0 5.8 13.4 5.0 2.5 2 1 2 0 0
-874.6 -6888.9 -10.3 293 0 9.3 16.6 5.0 2.5 2 1 2 3 3
-842.8 -6874.5 -11.1 90 0 11.3 6.9 5.0 2.5 2 0 2 3 3
-825.6 -6830.1 -11.0 111 0 10.8 10.9 5.0 2.5 2 1 2 2 2
-792.7 -6842.4 -11.2 116 0 7.9 6.3 5.0 0.0 0 0 2 4 4
-806.8 -6847.2 -11.4 294 0 11.2 18.6 5.0 2.5 2 1 2 4 4
-821.9 -6885.7 -11.1 109 0 8.6 15.5 5.0 0.0 0 1 2 0 0
-834.6 -6898.9 -9.9 291 0 8.1 11.5 5.0 2.5 2 1 2 3 3
-810.1 -6951.6 -8.1 113 0 13.0 10.0 5.0 0.0 0 0 2 4 4
-772.9 -6945.6 -8.5 113 0 9.7 15.2 5.0 2.5 2 1 2 1 1
-707.4 -6870.8 -10.6 117 0 8.5 18.3 7.5 2.5 2 1 3 4 4
-1910.9 -6463.5 -10.3 125 0 9.7 7.5 5.0 2.5 2 0 2 0 0
-1948.6 -6423.1 -10.2 129 0 5.9 9.8 5.0 2.5 2 1 2 5 5
-2120.3 -6147.8 -7.9 129 0 12.6 22.8 5.0 2.5 2 1 2 5 5
-754.4 -6854.4 -11.4 116 0 8.4 15.9 5.0 0.0 0 1 2 4 4
-730.2 -6861.3 -10.8 115 0 8.4 12.1 7.5 0.0 0 1 3 2 2
-705.9 -6915.3 -9.6 60 0 10.9 16.8 5.0 2.5 2 1 2 3 3
-707.2 -6921.7 -9.1 10 0 10.8 14.0 5.0 2.5 2 1 2 5 5
-783.6 -6856.2 -11.4 296 0 11.2 11.4 5.0 2.5 2 1 2 0 0
-785.8 -6868.6 -11.2 295 0 17.9 7.8 5.0 2.5 2 0 2 0 0
-795.2 -6891.0 -10.9 116 0 12.9 15.8 5.0 0.0 0 1 2 3 3
-750.4 -6901.2 -10.0 116 0 9.0 5.7 5.0 2.5 2 0 2 3 3
-744.0 -6885.1 -10.5 295 0 10.1 7.2 5.0 2.5 2 0 2 3 3
-773.4 -6900.4 -10.8 117 0 16.4 22.4 5.0 2.5 2 1 2 5 5
-779.9 -6916.9 -9.1 293 0 8.6 17.7 5.0 2.5 2 1 2 0 0
-799.9 -6923.3 -8.9 290 0 11.3 6.0 5.0 2.5 2 0 2 3 3
-804.5 -6935.2 -8.6 109 0 11.0 5.8 5.0 2.5 2 0 2 5 5
-819.9 -6905.6 -9.6 293 0 7.8 6.1 5.0 2.5 4 0 2 3 3
-822.9 -6912.8 -9.3 294 0 8.8 7.0 5.0 2.5 2 0 2 0 0
-1314.3 -6652.5 -9.6 117 0 15.1 12.9 5.0 2.5 2 0 2 0 0
-1362.3 -6659.0 -9.5 208 0 15.0 10.2 5.0 2.5 2 0 2 2 2
-1335.4 -6658.9 -9.7 297 0 8.2 9.3 5.0 2.5 2 1 2 4 4
-1321.0 -6665.1 -9.8 295 0 8.6 8.9 5.0 2.5 2 1 2 1 1
-1300.1 -6679.7 -10.0 295 0 7.5 18.1 5.0 2.5 2 1 2 0 0
-1525.4 -6623.2 -7.8 308 0 5.3 4.8 5.0 2.5 2 0 2 1 1
-1506.9 -6599.1 -7.5 30 0 7.3 6.6 5.0 0.0 0 0 2 2 2
-1515.9 -6614.8 -7.8 124 0 19.5 7.9 5.0 2.5 2 0 2 4 4
-1591.4 -6582.6 -8.9 105 0 9.9 8.6 5.0 2.5 2 0 2 5 5
-1570.8 -6427.3 -5.6 39 0 8.8 14.3 7.5 0.0 0 1 3 4 4
-1602.5 -6433.6 -6.4 219 0 12.5 18.4 5.0 2.5 2 1 2 4 4
-2059.5 -6126.6 -6.2 305 0 8.5 10.9 5.0 2.5 2 1 2 5 5
-2171.6 -6061.1 -3.9 226 0 18.5 9.7 5.0 2.5 2 0 2 2 2
-2162.4 -6119.4 -6.4 132 0 8.3 12.6 5.0 2.5 2 1 2 3 3
-2138.0 -6134.5 -7.3 131 0 17.7 19.0 5.0 0.0 0 1 2 4 4
-2104.3 -6161.8 -8.4 130 0 11.2 21.8 5.0 2.5 2 1 2 4 4
-2087.3 -6174.7 -8.7 129 0 12.5 11.1 5.0 2.5 2 0 2 2 2
-2073.4 -6185.7 -8.9 127 0 8.3 12.3 5.0 2.5 2 1 2 3 3
-2065.5 -6193.3 -9.1 128 0 9.3 13.3 5.0 2.5 2 1 2 4 4
-2055.4 -6201.5 -9.1 128 0 13.2 11.9 5.0 2.5 2 0 2 4 4
-2030.7 -6224.3 -8.1 129 0 7.4 9.6 5.0 2.5 2 1 2 3 3
-2021.1 -6231.9 -8.0 129 0 10.5 19.2 5.0 2.5 4 1 2 0 0
-1998.6 -6235.1 -7.9 128 0 11.0 5.0 5.0 2.5 2 0 2 5 5
-2005.4 -6244.2 -8.1 127 0 11.6 10.2 5.0 2.5 2 0 2 0 0
-1725.5 -6335.2 -3.8 120 0 10.2 17.3 7.5 2.5 2 1 3 5 5
-1706.1 -6332.9 -3.4 300 0 12.3 11.0 5.0 2.5 2 0 2 5 5
-1693.0 -6341.5 -3.2 301 0 8.6 10.6 7.5 2.5 4 1 3 4 4
-1718.1 -6233.9 2.7 36 0 11.2 12.0 7.5 2.5 2 1 3 5 5
-1723.8 -6244.7 1.7 35 0 10.9 9.7 5.0 2.5 2 0 2 1 1
-1868.5 -6242.4 -5.7 216 0 8.2 12.7 2.5 0.0 0 1 1 3 3
-1875.1 -6251.4 -6.3 216 0 7.4 13.2 5.0 0.0 0 1 2 3 3
-1881.7 -6260.9 -6.8 216 0 7.8 13.2 2.5 2.5 2 1 1 1 1
-1826.0 -6415.0 -10.8 304 0 13.2 22.9 5.0 2.5 2 1 2 3 3
-1828.3 -6338.6 -8.3 306 0 8.4 7.0 5.0 2.5 2 0 2 2 2
-1851.1 -6320.7 -8.4 306 0 34.0 11.2 5.0 2.5 2 0 2 3 3
-1872.0 -6307.9 -8.3 303 0 10.3 8.9 5.0 2.5 4 0 2 3 3
-1889.1 -6305.4 -8.5 301 0 9.6 10.0 5.0 2.5 4 1 2 3 3
-1964.6 -6276.4 -8.2 127 0 7.4 12.5 5.0 2.5 4 1 2 5 5
-1951.5 -6286.4 -8.3 124 0 12.3 16.6 5.0 2.5 2 1 2 0 0
-1937.4 -6297.3 -8.5 124 0 10.3 16.6 5.0 2.5 2 1 2 2 2
-1922.5 -6300.8 -8.7 218 0 10.5 11.8 5.0 2.5 2 1 2 3 3
-1960.5 -6315.8 -9.2 122 0 8.2 11.6 5.0 2.5 2 1 2 2 2
-1975.3 -6306.5 -9.0 121 0 11.8 12.2 5.0 2.5 2 1 2 5 5
-1980.3 -6262.2 -8.1 126 0 8.4 13.3 5.0 2.5 2 1 2 2 2
-2015.9 -6283.5 -8.7 124 0 13.1 17.1 5.0 2.5 2 1 2 2 2
-2056.6 -6262.1 -8.9 121 0 9.9 16.7 5.0 2.5 2 1 2 1 1
-2068.5 -6246.6 -9.4 127 0 11.8 9.8 5.0 2.5 2 0 2 5 5
-2057.9 -6231.5 -9.1 308 0 9.5 6.9 5.0 2.5 2 0 2 3 3
-2066.6 -6223.3 -9.5 305 0 9.6 6.8 5.0 2.5 4 0 2 0 0
-2079.8 -6240.5 -9.8 126 0 9.1 14.0 5.0 2.5 2 1 2 0 0
-2089.0 -6224.6 -10.1 128 0 7.9 6.3 5.0 2.5 4 0 2 0 0
-2089.6 -6191.4 -10.0 310 0 9.0 8.8 5.0 2.5 4 0 2 0 0
-2131.7 -6188.2 -10.0 138 0 7.2 16.9 5.0 2.5 2 1 2 3 3
-2116.3 -6210.4 -10.9 125 0 8.7 12.6 5.0 2.5 2 1 2 0 0
-2084.1 -6254.5 -9.9 311 0 5.0 4.7 5.0 2.5 2 0 2 5 5
-2071.5 -6260.9 -9.4 310 0 5.3 5.1 5.0 2.5 2 0 2 5 5
-2045.3 -6276.3 -9.2 301 0 16.9 14.1 5.0 2.5 2 0 2 2 2
-2018.0 -6291.7 -9.5 301 0 8.5 20.9 5.0 2.5 2 1 2 1 1
-1999.6 -6304.5 -9.6 302 0 12.7 16.9 5.0 0.0 0 1 2 4 4
-1941.9 -6341.0 -10.1 306 0 15.1 10.0 5.0 2.5 2 0 2 0 0
-1957.7 -6329.4 -10.1 304 0 8.7 20.3 5.0 2.5 4 1 2 4 4
-1974.8 -6317.9 -9.8 302 0 10.1 14.8 5.0 2.5 2 1 2 4 4
-1986.3 -6375.0 -10.3 126 0 12.6 7.3 5.0 2.5 4 0 2 4 4
-1945.2 -6400.2 -11.2 118 0 7.7 8.9 5.0 2.5 2 1 2 2 2
-1920.4 -6354.5 -10.5 299 0 14.2 19.9 5.0 2.5 2 1 2 5 5
-1913.8 -6385.8 -11.0 303 0 9.7 12.5 5.0 2.5 2 1 2 0 0
-1873.9 -6383.4 -10.3 304 0 20.3 10.0 5.0 2.5 2 0 2 3 3
-1896.9 -6402.7 -11.2 307 0 13.7 13.0 5.0 2.5 2 0 2 2 2
-1893.5 -6432.6 -11.6 127 0 15.7 9.3 5.0 2.5 2 0 2 5 5
-1874.7 -6408.2 -10.9 306 0 15.7 7.0 5.0 2.5 2 0 2 3 3
-1856.2 -6423.7 -11.0 303 0 14.2 8.1 5.0 2.5 2 0 2 5 5
-1848.6 -6459.0 -11.7 31 0 6.5 13.2 5.0 2.5 2 1 2 0 0
-1880.5 -6488.3 -11.7 123 0 11.4 19.8 5.0 2.5 2 1 2 2 2
-1838.4 -6489.0 -12.2 302 0 6.4 10.6 5.0 2.5 2 1 2 4 4
-1801.6 -6447.9 -10.8 212 0 15.8 7.4 5.0 2.5 2 0 2 2 2
-1777.7 -6413.0 -9.3 128 0 9.3 14.8 5.0 2.5 2 1 2 2 2
-1765.9 -6423.8 -9.3 122 0 8.1 13.8 5.0 2.5 2 1 2 0 0
-1729.4 -6449.7 -9.6 121 0 12.4 22.2 5.0 2.5 2 1 2 4 4
-1720.4 -6474.6 -10.9 298 0 10.0 12.8 5.0 2.5 4 1 2 4 4
-1762.5 -6452.5 -10.7 293 0 16.1 18.2 5.0 2.5 2 1 2 1 1
-1752.8 -6511.0 -11.1 120 0 8.1 13.7 5.0 2.5 2 1 2 1 1
-1784.5 -6523.1 -11.1 303 0 9.4 14.2 5.0 2.5 2 1 2 5 5
-1772.7 -6531.1 -10.8 303 0 11.4 9.0 5.0 2.5 2 0 2 3 3
-1712.4 -6559.8 -9.6 291 0 14.0 20.5 5.0 2.5 2 1 2 1 1
-1694.0 -6567.0 -9.4 293 0 15.5 20.4 5.0 2.5 2 1 2 0 0
-1663.3 -6509.0 -10.4 296 0 16.7 26.4 5.0 2.5 2 1 2 2 2
-5673.6 -3701.1 -7.0 247 0 12.1 20.0 10.0 2.5 2 1 4 4 4
-5694.8 -3707.2 -7.2 273 0 14.9 13.1 7.5 2.5 4 0 3 2 2
-5728.8 -3689.0 -7.8 330 0 7.9 10.6 5.0 2.5 2 1 2 0 0
-5757.9 -3687.8 -8.3 238 0 10.8 16.4 5.0 2.5 2 1 2 2 2
-5752.8 -3756.4 -5.8 178 0 8.7 14.5 5.0 2.5 2 1 2 4 4
-5770.2 -3727.6 -7.5 242 0 8.1 11.6 5.0 2.5 2 1 2 1 1
-5803.6 -3747.5 -7.3 244 0 7.5 17.0 5.0 2.5 2 1 2 3 3
-5815.5 -3752.0 -7.3 243 0 9.2 15.4 2.5 2.5 2 1 1 4 4
-5837.0 -3766.3 -7.1 244 0 8.0 15.9 2.5 2.5 2 1 1 4 4
-5867.2 -3764.5 -7.7 243 0 10.1 9.7 5.0 2.5 2 0 2 4 4
-5858.7 -3779.7 -6.9 240 0 8.7 12.1 7.5 0.0 0 1 3 5 5
-5878.0 -3788.0 -6.9 238 0 10.0 12.8 7.5 2.5 2 1 3 5 5
-5894.0 -3816.6 -5.4 240 0 9.4 7.9 5.0 0.0 0 0 2 4 4
-5943.0 -3837.1 -3.7 155 0 22.9 11.3 10.0 2.5 2 0 4 0 0
-5947.6 -3801.4 -5.6 238 0 8.3 11.7 7.5 2.5 2 1 3 4 4
-6046.6 -3868.8 -2.5 330 0 9.6 14.2 5.0 2.5 2 1 2 5 5
-6049.4 -3906.9 1.1 244 0 8.5 7.1 7.5 2.5 2 0 3 5 5
-5750.6 -3807.4 -3.7 62 0 10.0 15.3 2.5 2.5 2 1 1 2 2
-5617.5 -3748.8 -2.6 61 0 8.2 10.7 2.5 2.5 2 1 1 0 0
-5631.6 -3754.3 -2.7 64 0 7.5 10.0 5.0 2.5 2 1 2 1 1
-5646.3 -3760.3 -2.9 57 0 8.1 10.1 7.5 2.5 2 1 3 2 2
-5662.0 -3766.2 -3.0 64 0 7.9 9.0 5.0 2.5 2 1 2 5 5
-5676.6 -3772.7 -3.1 60 0 9.0 9.3 7.5 0.0 0 1 3 2 2
-5673.4 -3779.8 -2.4 60 0 9.5 6.8 7.5 2.5 2 0 3 2 2
-5688.3 -3789.8 -2.5 68 0 10.0 9.3 2.5 2.5 2 0 1 2 2
-5692.1 -3779.6 -3.2 68 0 9.2 10.0 7.5 2.5 2 1 3 0 0
-5707.1 -3785.4 -3.2 68 0 7.8 8.6 7.5 2.5 2 1 3 1 1
-5698.1 -3822.9 -1.4 68 0 14.1 18.8 12.5 2.5 2 1 5 1 1
-5721.0 -3792.1 -3.4 68 0 9.9 10.2 2.5 2.5 4 1 1 4 4
-5720.6 -3798.7 -2.6 68 0 10.4 4.9 7.5 2.5 2 0 3 5 5
-5772.7 -3814.5 -3.6 68 0 9.3 10.5 2.5 2.5 4 1 1 3 3
-5791.9 -3826.6 -3.9 68 0 10.3 19.0 5.0 2.5 2 1 2 0 0
-5805.9 -3821.9 -3.9 68 0 9.2 8.6 7.5 2.5 2 0 3 1 1
-5838.2 -3848.2 -3.6 68 0 7.6 16.0 5.0 2.5 2 1 2 5 5
-5857.9 -3857.2 -3.6 68 0 8.3 17.8 5.0 2.5 2 1 2 5 5
-5891.1 -3864.0 -1.8 62 0 7.6 12.9 7.5 2.5 2 1 3 0 0
-5903.5 -3869.5 -1.0 62 0 7.7 12.2 7.5 2.5 4 1 3 0 0
-5929.1 -3885.6 1.0 62 0 7.2 13.7 2.5 2.5 2 1 1 5 5
-5942.0 -3891.5 2.0 62 0 7.7 11.9 7.5 2.5 2 1 3 4 4
-5968.0 -3904.0 3.6 62 0 8.0 12.8 7.5 2.5 2 1 3 1 1
-5978.8 -3914.6 4.2 63 0 8.1 17.3 7.5 2.5 2 1 3 3 3
-5997.0 -3914.7 4.6 62 0 7.5 7.6 5.0 2.5 2 1 2 3 3
-6004.1 -3918.5 4.5 64 0 5.0 7.3 5.0 2.5 2 1 2 3 3
-6011.4 -3922.2 3.9 64 0 9.1 10.3 2.5 2.5 2 1 1 2 2
-6025.0 -3933.7 3.5 66 0 8.3 14.9 5.0 2.5 2 1 2 1 1
-6039.1 -3938.4 3.0 66 0 6.4 14.3 5.0 2.5 2 1 2 2 2
-6056.3 -3944.6 2.5 66 0 7.4 12.0 7.5 0.0 0 1 3 2 2
-6073.3 -3946.2 1.7 66 0 7.7 9.1 7.5 2.5 2 1 3 5 5
-6085.7 -3958.7 1.7 66 0 9.4 15.5 2.5 2.5 2 1 1 2 2
-6102.3 -3961.3 1.7 66 0 6.9 11.7 5.0 2.5 2 1 2 4 4
-6110.7 -3961.6 1.7 66 0 4.3 8.3 5.0 2.5 2 1 2 4 4
-6114.8 -3970.9 1.5 66 0 7.1 17.6 5.0 2.5 2 1 2 0 0
-6135.9 -3961.8 1.6 246 0 7.2 8.7 5.0 2.5 2 1 2 0 0
-6151.7 -3967.0 1.5 246 0 7.8 9.7 7.5 2.5 2 1 3 1 1
-6161.5 -3981.2 1.5 66 0 7.4 9.6 5.0 2.5 2 1 2 1 1
-6185.2 -3971.2 0.0 124 0 8.3 9.0 5.0 2.5 4 1 2 4 4
-6192.1 -3954.3 -1.5 312 0 7.2 9.7 5.0 2.5 2 1 2 0 0
-6212.6 -3947.8 -3.2 222 0 13.4 8.5 7.5 2.5 2 0 3 5 5
2218.5 -5555.5 -11.1 2 0 12.2 12.0 5.0 0.0 0 0 2 0 0
2189.5 -5554.8 -11.1 183 0 16.4 15.5 5.0 2.5 2 0 2 2 2
2013.0 -5400.2 -9.7 306 0 7.9 10.0 5.0 2.5 2 1 2 3 3
2037.6 -5417.5 -10.5 306 0 7.8 12.9 5.0 2.5 2 1 2 5 5
2160.1 -5409.6 -10.5 36 0 9.7 15.5 5.0 2.5 2 1 2 3 3
2150.8 -5421.8 -10.7 36 0 8.6 18.1 5.0 2.5 2 1 2 3 3
2137.8 -5436.7 -11.0 35 0 7.9 17.6 5.0 2.5 4 1 2 4 4
2213.1 -5496.1 -11.1 36 0 14.8 14.1 5.0 2.5 2 0 2 3 3
2186.8 -5478.8 -11.1 216 0 13.6 10.3 5.0 0.0 0 0 2 3 3
2174.2 -5473.0 -11.1 36 0 9.3 14.0 5.0 2.5 2 1 2 2 2
2147.7 -5451.6 -11.2 216 0 12.8 9.4 5.0 2.5 4 0 2 1 1
2163.9 -5439.1 -11.1 215 0 6.3 9.6 5.0 2.5 2 1 2 4 4
2197.7 -5434.6 -11.1 35 0 10.1 15.7 5.0 2.5 2 1 2 0 0
2193.4 -5398.7 -10.3 126 0 9.1 13.4 5.0 2.5 2 1 2 2 2
2208.0 -5410.7 -10.6 126 0 9.3 13.8 5.0 2.5 2 1 2 3 3
2229.9 -5426.5 -11.0 126 0 9.2 14.3 5.0 2.5 2 1 2 0 0
2245.9 -5439.8 -11.0 126 0 8.8 13.3 5.0 2.5 2 1 2 2 2
2267.1 -5446.4 -10.9 216 0 12.0 14.4 5.0 2.5 4 1 2 5 5
2250.8 -5466.8 -11.0 216 0 11.7 10.0 5.0 2.5 2 0 2 5 5
2254.9 -5508.7 -11.0 125 0 10.9 35.0 5.0 0.0 0 1 2 4 4
2225.1 -5492.2 -11.0 215 0 10.8 27.6 5.0 2.5 2 1 2 3 3
2233.7 -5521.5 -11.0 125 0 17.1 8.6 5.0 2.5 2 0 2 4 4
2215.4 -5572.8 -11.1 35 0 9.0 7.1 5.0 2.5 2 0 2 5 5
2185.0 -5534.3 -11.2 35 0 17.5 12.7 2.5 2.5 2 0 1 2 2
2159.6 -5514.1 -11.2 215 0 12.3 11.7 2.5 2.5 2 0 1 0 0
2120.9 -5485.7 -11.2 215 0 8.9 11.1 5.0 2.5 2 1 2 1 1
2109.3 -5502.7 -11.3 215 0 9.6 12.1 5.0 2.5 2 1 2 3 3
2085.0 -5451.4 -11.3 305 0 7.8 11.2 5.0 2.5 2 1 2 4 4
2109.5 -5477.5 -11.3 35 0 10.0 17.9 5.0 0.0 0 1 2 0 0
2091.7 -5503.2 -11.3 35 0 8.8 15.3 5.0 2.5 2 1 2 0 0
2114.3 -5534.7 -11.3 305 0 8.1 15.6 5.0 2.5 4 1 2 1 1
2137.3 -5554.9 -11.2 305 0 7.5 10.5 5.0 2.5 2 1 2 2 2
2155.5 -5566.6 -11.2 305 0 8.1 13.4 5.0 2.5 2 1 2 1 1
2175.9 -5580.6 -11.2 305 0 8.6 8.5 5.0 2.5 2 0 2 1 1
2194.3 -5590.8 -11.2 305 0 9.1 12.3 5.0 2.5 2 1 2 2 2
2217.7 -5590.7 -11.1 215 0 8.6 15.4 5.0 2.5 2 1 2 2 2
