4749.9 5510.8 -41.8 101 0 75.1 40.2 2.5 0.0 0 0 1 3 3
4682.9 5488.3 -27.2 94 0 9.3 18.7 2.5 2.5 2 1 1 3 3
4727.5 5463.2 -35.2 233 0 14.4 26.3 2.5 2.5 2 1 1 2 2
4710.2 5395.5 -28.6 119 0 5.9 17.7 2.5 2.5 2 1 1 5 5
4715.2 5421.8 -29.1 214 0 6.0 12.0 2.5 0.0 0 1 1 5 5
-55.5 1688.1 4.5 23 0 11.4 16.5 2.5 2.5 2 1 1 5 5
63.1 1617.5 4.9 210 0 87.7 12.9 2.5 2.5 2 0 1 4 4
39.4 1647.9 4.9 300 0 9.1 42.7 2.5 2.5 2 1 1 3 3
32.4 1601.8 5.8 248 0 8.3 17.9 2.5 2.5 2 1 1 4 4
115.8 1824.6 0.5 28 0 10.8 7.4 5.0 2.5 2 0 2 5 5
81.2 1783.0 2.7 122 0 8.2 13.0 5.0 2.5 2 1 2 5 5
115.8 1706.7 2.0 208 0 9.5 9.7 2.5 2.5 2 1 1 1 1
-1924.1 -2212.0 37.0 277 0 12.3 18.6 2.5 2.5 2 1 1 3 3
-5832.1 -687.0 -9.8 221 0 8.1 19.8 2.5 2.5 2 1 1 5 5
-5843.5 -797.3 -9.6 131 0 6.0 12.9 2.5 2.5 2 1 1 0 0
-6841.5 -4334.9 2.7 110 0 5.4 11.1 5.0 2.5 2 1 2 3 3
-6787.7 -4373.9 3.4 308 0 13.3 8.3 5.0 2.5 2 0 2 4 4
-6748.9 -4382.2 4.1 135 0 19.1 9.7 2.5 2.5 2 0 1 3 3
-6601.6 -4387.6 6.8 76 0 8.4 10.1 5.0 2.5 2 1 2 2 2
-6616.5 -4389.8 6.3 61 0 9.8 8.6 5.0 2.5 4 0 2 0 0
-6662.0 -4416.3 5.1 90 0 15.4 7.5 5.0 2.5 2 0 2 5 5
-6651.6 -4531.4 5.2 0 0 8.6 7.1 2.5 2.5 2 0 1 2 2
-6679.6 -4439.0 5.9 270 0 12.2 15.8 2.5 2.5 2 1 1 1 1
-6652.2 -4460.2 5.3 0 0 16.1 6.8 2.5 2.5 2 0 1 3 3
-6650.4 -4477.5 4.7 0 0 12.5 6.5 2.5 2.5 2 0 1 3 3
-6632.3 -4442.3 4.5 180 0 7.8 8.3 2.5 2.5 2 1 1 1 1
-6629.1 -4468.1 4.6 180 0 9.8 6.5 2.5 2.5 2 0 1 2 2
-6626.7 -4494.5 4.9 180 0 10.7 7.7 2.5 2.5 2 0 1 0 0
-6626.7 -4518.2 5.2 180 0 8.7 7.1 2.5 2.5 2 0 1 5 5
-6626.1 -4626.1 7.4 180 0 9.0 13.0 5.0 2.5 2 1 2 2 2
-6011.3 -679.4 -11.9 312 0 14.8 14.1 5.0 2.5 2 0 2 4 4
-5986.7 -735.8 -11.5 39 0 8.0 11.6 5.0 2.5 2 1 2 5 5
-5661.6 -629.8 -9.1 16 0 11.1 11.1 5.0 2.5 2 0 2 2 2
-5679.4 -655.0 -9.0 112 0 10.8 11.2 5.0 2.5 2 1 2 0 0
-5769.0 -619.5 -9.3 114 0 8.3 14.0 5.0 2.5 2 1 2 3 3
-5831.6 -514.9 -8.1 199 0 10.1 10.6 5.0 2.5 2 1 2 2 2
-5822.4 -566.0 -8.8 110 0 9.3 19.1 5.0 2.5 2 1 2 1 1
-5802.8 -531.6 -8.4 18 0 12.5 10.7 5.0 2.5 2 0 2 0 0
-5798.7 -478.7 -7.8 288 0 12.6 33.6 5.0 2.5 2 1 2 3 3
-5727.3 -469.7 -6.8 202 0 8.7 12.4 2.5 2.5 2 1 1 0 0
-5738.4 -508.3 -7.5 201 0 13.4 8.6 2.5 2.5 2 0 1 5 5
-5934.8 -807.8 -11.2 221 0 10.7 10.4 2.5 2.5 2 0 1 1 1
-6134.8 -973.8 -11.2 41 0 9.5 14.5 2.5 2.5 2 1 1 5 5
-6138.0 -1109.5 -11.5 41 0 13.4 7.7 5.0 2.5 2 0 2 5 5
-6191.7 -1070.8 -11.3 221 0 10.2 16.3 5.0 2.5 2 1 2 4 4
-6172.2 -1133.9 -11.5 41 0 12.1 9.7 5.0 2.5 2 0 2 0 0
-6560.3 -1376.3 -11.9 311 0 9.9 9.6 5.0 2.5 2 0 2 0 0
-6649.9 -980.2 -11.0 41 0 10.6 11.9 2.5 2.5 2 1 1 2 2
-6619.5 -940.6 -11.0 131 0 7.6 11.9 5.0 2.5 2 1 2 1 1
-6600.0 -960.1 -11.0 131 0 6.2 13.1 5.0 2.5 2 1 2 1 1
-6546.1 -1011.6 -11.0 131 0 8.0 15.2 5.0 2.5 4 1 2 4 4
-6560.1 -1068.2 -11.1 41 0 11.5 7.2 5.0 2.5 2 0 2 1 1
-6515.9 -1119.9 -11.2 131 0 5.8 10.7 5.0 2.5 2 1 2 0 0
-6476.4 -1126.1 -11.2 311 0 8.7 13.1 5.0 2.5 2 1 2 4 4
-6445.1 -1097.3 -11.1 41 0 14.9 7.6 5.0 2.5 4 0 2 1 1
-6390.4 -1153.1 -11.1 41 0 12.5 7.6 5.0 2.5 2 0 2 4 4
-6428.5 -1189.2 -11.3 311 0 12.1 10.1 5.0 2.5 2 0 2 1 1
-6393.3 -1241.1 -11.4 41 0 14.9 19.6 5.0 2.5 2 1 2 1 1
-6225.1 -1332.6 -12.0 131 0 7.9 13.2 2.5 2.5 2 1 1 2 2
-6739.4 -1222.5 -9.8 41 0 19.2 11.5 5.0 2.5 4 0 2 1 1
-6660.6 -1235.4 -9.5 131 0 7.2 8.6 5.0 2.5 2 1 2 4 4
-6626.5 -1264.0 -10.6 131 0 10.5 14.6 5.0 2.5 2 1 2 0 0
-6641.1 -1275.8 -11.0 311 0 11.9 15.8 5.0 2.5 2 1 2 2 2
-6636.5 -1308.6 -11.5 311 0 8.3 12.3 5.0 2.5 2 1 2 1 1
-6599.8 -1289.3 -10.9 131 0 12.1 12.4 5.0 2.5 2 1 2 1 1
-6563.3 -1319.8 -11.6 131 0 11.6 17.5 5.0 2.5 2 1 2 4 4
-6450.4 -1403.7 -11.9 311 0 8.6 13.7 5.0 0.0 0 1 2 2 2
-6491.4 -1398.6 -11.9 131 0 7.8 15.5 5.0 2.5 2 1 2 1 1
-6519.7 -1441.2 -12.4 131 0 12.2 14.1 2.5 0.0 0 1 1 0 0
-6459.1 -1467.9 -12.3 41 0 10.8 10.7 2.5 2.5 2 0 1 5 5
-6434.5 -1439.8 -12.0 41 0 14.7 12.4 5.0 2.5 2 0 2 0 0
-6419.2 -1468.1 -12.1 221 0 17.7 10.1 2.5 2.5 2 0 1 1 1
-6511.7 -1579.6 -13.9 129 0 8.9 16.1 5.0 2.5 2 1 2 0 0
-252.8 1180.4 0.5 215 0 12.6 35.4 5.0 2.5 2 1 2 2 2
-253.1 1153.7 1.3 213 0 14.2 19.3 5.0 2.5 2 1 2 1 1
82.5 1705.5 3.8 33 0 29.9 10.0 5.0 2.5 2 0 2 4 4
150.4 1705.7 0.1 215 0 10.9 14.0 2.5 0.0 0 1 1 2 2
184.9 1819.3 0.1 212 0 14.1 8.4 5.0 2.5 2 0 2 0 0
195.9 1782.1 -1.5 120 0 12.6 34.3 5.0 2.5 2 1 2 1 1
260.2 1893.4 -0.9 302 0 18.0 11.2 2.5 2.5 2 0 1 2 2
276.6 1929.2 -0.5 211 0 10.5 15.1 2.5 2.5 2 0 1 0 0
300.4 1914.7 -0.9 32 0 10.5 12.8 2.5 0.0 0 0 1 1 1
263.2 1937.5 0.3 211 0 10.5 15.8 2.5 2.5 4 0 1 5 5
270.6 1909.6 -0.5 121 0 15.1 10.5 2.5 2.5 2 0 1 3 3
282.4 1902.3 -0.9 122 0 12.8 10.5 2.5 2.5 2 0 1 4 4
253.4 1926.3 -0.2 211 0 10.5 15.8 2.5 2.5 2 0 1 0 0
235.6 1852.1 -1.4 302 0 15.1 10.5 2.5 2.5 4 0 1 5 5
239.3 1843.6 -2.0 211 0 10.5 12.8 2.5 2.5 2 0 1 0 0
222.4 1860.1 -0.5 301 0 15.8 10.5 2.5 2.5 2 0 1 3 3
204.4 1846.4 -0.7 211 0 10.5 15.8 2.5 2.5 2 0 1 3 3
221.6 1829.7 -1.6 122 0 15.1 10.5 2.5 2.5 2 0 1 2 2
233.5 1822.4 -2.2 121 0 12.8 10.5 2.5 2.5 2 0 1 4 4
185.2 1883.5 0.6 304 0 10.4 17.6 2.5 2.5 2 1 1 4 4
182.2 1918.8 -0.1 213 0 9.3 23.5 5.0 0.0 0 1 2 0 0
205.0 1928.6 -0.4 301 0 19.7 12.5 5.0 2.5 2 0 2 3 3
199.4 1959.5 -1.9 210 0 12.0 33.2 5.0 0.0 0 1 2 4 4
237.3 1967.3 -2.9 302 0 27.5 14.4 5.0 2.5 2 0 2 1 1
316.0 1997.3 -1.1 207 0 20.7 10.9 2.5 2.5 2 0 1 4 4
305.2 1973.4 -0.5 206 0 10.3 12.4 2.5 0.0 0 1 1 0 0
262.4 2040.3 -4.3 300 0 15.1 11.4 5.0 2.5 2 0 2 5 5
275.0 2033.0 -2.8 300 0 14.1 11.3 5.0 2.5 2 0 2 5 5
283.7 2027.9 -2.1 300 0 6.2 11.3 5.0 2.5 2 0 2 4 4
290.9 1991.7 -1.3 28 0 32.8 14.5 5.0 2.5 2 0 2 2 2
226.1 2014.1 -5.9 210 0 12.4 13.8 5.0 0.0 0 1 2 3 3
232.7 2035.5 -6.1 206 0 22.1 13.1 5.0 0.0 0 0 2 5 5
192.8 2130.2 -7.7 20 0 8.6 14.5 5.0 2.5 2 1 2 0 0
182.6 2107.2 -8.6 15 0 16.6 11.1 5.0 2.5 2 0 2 0 0
174.5 2079.2 -8.6 16 0 19.3 9.9 5.0 2.5 2 0 2 3 3
2699.3 6113.5 -28.7 225 0 25.7 73.6 12.5 0.0 0 1 5 3 3
492.6 2659.1 -7.8 208 0 9.5 14.7 5.0 2.5 2 1 2 3 3
604.1 2791.6 -9.0 43 0 10.4 18.5 5.0 2.5 4 1 2 5 5
606.6 2742.3 -10.7 313 0 22.9 6.4 5.0 2.5 2 0 2 0 0
627.6 2723.8 -10.8 313 0 21.2 6.7 5.0 2.5 2 0 2 3 3
645.5 2706.0 -11.0 313 0 22.5 6.4 5.0 2.5 2 0 2 5 5
661.0 2691.4 -10.7 313 0 11.2 8.2 5.0 2.5 2 0 2 3 3
570.7 2709.4 -11.0 133 0 13.5 35.7 5.0 2.5 2 1 2 0 0
563.3 2742.6 -10.9 223 0 36.5 18.3 5.0 0.0 0 0 2 0 0
559.9 2704.5 -11.0 133 0 13.2 7.3 5.0 0.0 0 0 2 2 2
571.4 2693.1 -11.3 133 0 13.2 7.3 5.0 2.5 2 0 2 4 4
586.5 2680.1 -12.5 132 0 20.6 4.8 5.0 2.5 2 0 2 1 1
604.2 2663.2 -12.5 133 0 21.6 6.3 5.0 2.5 2 0 2 0 0
618.8 2648.8 -12.3 133 0 10.9 7.4 5.0 0.0 0 0 2 1 1
631.1 2637.9 -12.1 133 0 9.7 21.5 5.0 2.5 2 1 2 2 2
670.1 2678.1 -10.8 315 0 6.3 18.7 5.0 2.5 2 1 2 4 4
682.4 2660.5 -9.4 44 0 13.7 7.9 5.0 2.5 2 0 2 5 5
643.8 2628.8 -11.6 109 0 10.0 8.2 5.0 2.5 2 0 2 4 4
694.3 2563.8 -11.1 44 0 12.0 13.0 5.0 2.5 2 1 2 4 4
693.6 2586.1 -9.5 221 0 9.1 11.8 5.0 2.5 2 1 2 5 5
705.5 2592.4 -8.6 220 0 13.7 10.5 5.0 2.5 2 0 2 2 2
695.9 2887.7 -5.2 302 0 20.2 23.6 2.5 0.0 0 1 1 3 3
738.6 2863.1 -5.6 248 0 14.2 24.7 2.5 0.0 0 1 1 4 4
763.9 2892.3 -4.0 210 0 17.2 23.9 2.5 0.0 0 1 1 4 4
610.5 2973.4 -3.1 210 0 8.0 14.6 7.5 2.5 2 1 3 2 2
931.2 3374.5 -11.2 40 0 11.6 17.5 5.0 2.5 2 1 2 3 3
904.3 3293.8 -15.3 209 0 14.7 14.6 5.0 2.5 2 0 2 4 4
960.4 3365.0 -12.2 216 0 12.2 16.0 5.0 2.5 2 1 2 4 4
1428.1 3967.8 -18.8 105 0 6.1 17.0 5.0 2.5 2 1 2 3 3
1394.4 3975.4 -19.6 108 0 10.0 21.3 5.0 2.5 2 1 2 0 0
1375.3 3997.5 -20.0 200 0 15.2 8.8 5.0 2.5 2 0 2 5 5
1387.5 4026.8 -21.5 115 0 8.5 17.7 5.0 2.5 4 1 2 0 0
1427.1 4359.8 -11.6 208 0 10.8 18.7 5.0 2.5 2 1 2 5 5
2059.6 3939.0 -8.9 74 0 8.0 7.5 5.0 2.5 4 0 2 5 5
2009.2 4003.4 -6.2 330 0 8.3 5.2 5.0 2.5 2 0 2 4 4
1988.9 3988.7 -5.8 55 0 6.8 6.9 5.0 0.0 0 1 2 5 5
1989.2 4026.7 -5.4 141 0 9.1 8.5 7.5 2.5 2 0 3 1 1
1713.4 4298.3 -5.8 300 0 8.4 11.3 5.0 2.5 2 1 2 3 3
1556.1 4357.3 -14.5 114 0 10.7 7.5 5.0 0.0 0 0 2 3 3
1478.7 4487.0 -16.5 203 0 10.0 13.5 5.0 2.5 2 1 2 1 1
1495.7 4549.1 -20.0 200 0 10.5 19.1 5.0 2.5 2 1 2 3 3
1516.1 4605.2 -19.6 198 0 10.9 14.8 5.0 0.0 0 1 2 2 2
1526.0 4660.2 -19.7 194 0 9.8 17.7 5.0 2.5 2 1 2 3 3
1570.3 4658.2 -21.8 275 0 13.5 20.7 5.0 2.5 2 1 2 3 3
1604.8 4867.3 -16.5 107 0 18.6 13.4 5.0 2.5 2 0 2 3 3
1662.9 4866.9 -17.9 289 0 11.8 13.9 5.0 2.5 2 1 2 5 5
2262.7 5037.9 -28.7 158 0 13.8 12.6 2.5 2.5 2 0 1 0 0
1739.3 5114.2 -16.7 293 0 19.3 13.2 2.5 2.5 4 0 1 2 2
1688.6 5127.2 -18.1 24 0 12.7 8.7 5.0 2.5 2 0 2 3 3
1685.2 5112.4 -18.0 25 0 11.5 9.4 5.0 2.5 2 0 2 2 2
1648.8 5085.0 -19.4 115 0 14.9 16.4 5.0 2.5 2 1 2 5 5
1704.0 5046.7 -13.4 296 0 11.9 15.2 5.0 2.5 2 1 2 2 2
1677.7 5013.7 -11.8 209 0 38.5 18.5 5.0 2.5 2 0 2 2 2
1640.7 4973.4 -12.6 207 0 15.1 27.9 5.0 2.5 2 1 2 1 1
1698.2 4965.7 -10.5 117 0 11.0 15.1 5.0 2.5 2 1 2 5 5
1732.8 4965.2 -9.3 30 0 25.8 14.7 5.0 2.5 2 0 2 3 3
1753.7 5015.3 -11.1 300 0 32.4 9.2 5.0 2.5 2 0 2 0 0
1798.9 5077.5 -9.5 111 0 16.1 18.5 2.5 2.5 2 1 1 0 0
2003.3 5030.3 -3.7 108 0 7.6 12.5 2.5 2.5 2 1 1 0 0
1923.3 5053.5 -4.5 108 0 14.3 16.9 5.0 2.5 4 1 2 0 0
1861.1 5104.2 -5.8 288 0 13.7 21.9 2.5 2.5 2 1 1 3 3
1829.6 4967.1 -4.6 196 0 10.9 26.8 5.0 2.5 2 1 2 0 0
1849.6 4941.6 -2.7 194 0 14.1 20.9 5.0 2.5 2 1 2 5 5
1914.0 4974.8 -2.9 196 0 9.9 38.2 5.0 2.5 2 1 2 5 5
1907.3 4949.1 -3.0 195 0 14.2 24.5 5.0 2.5 2 1 2 2 2
1895.7 4910.0 -4.6 197 0 20.0 26.6 5.0 2.5 2 1 2 1 1
1886.5 4883.1 -5.6 195 0 18.5 26.6 5.0 2.5 2 1 2 4 4
1931.9 4903.3 -2.8 194 0 15.0 11.2 5.0 2.5 4 0 2 0 0
1964.2 4885.0 -7.8 105 0 14.9 15.8 5.0 2.5 2 1 2 4 4
1978.4 4937.5 -5.1 285 0 15.9 17.3 5.0 2.5 2 1 2 4 4
1984.3 4966.8 -4.7 287 0 13.8 28.3 5.0 2.5 2 1 2 4 4
2004.9 4956.8 -6.1 285 0 11.2 21.3 5.0 2.5 2 1 2 2 2
2035.0 4952.5 -9.8 286 0 27.5 13.3 5.0 2.5 2 0 2 5 5
2050.4 5013.7 -7.3 108 0 10.7 18.8 2.5 2.5 2 1 1 0 0
2107.1 5075.3 -10.0 292 0 15.9 23.8 2.5 2.5 2 1 1 3 3
2205.5 5013.9 -21.5 41 0 10.5 24.8 2.5 2.5 2 1 1 2 2
2125.9 4998.2 -13.4 114 0 9.6 21.2 2.5 2.5 2 1 1 5 5
2120.4 4938.3 -22.0 205 0 22.9 17.2 5.0 0.0 0 0 2 3 3
1911.1 5355.3 -16.9 233 0 7.0 13.5 2.5 2.5 2 1 1 5 5
1840.0 5340.6 -22.3 289 0 10.9 15.7 5.0 0.0 0 1 2 0 0
1748.9 5329.6 -21.4 26 0 15.6 13.1 5.0 2.5 2 0 2 2 2
1751.2 5363.2 -24.4 21 0 19.4 14.1 5.0 2.5 2 0 2 4 4
1792.5 5472.9 -27.2 22 0 10.3 15.3 5.0 2.5 2 1 2 2 2
1780.5 5449.9 -27.0 22 0 19.3 11.7 5.0 0.0 0 0 2 2 2
1812.6 5379.6 -24.4 106 0 13.7 23.5 2.5 2.5 4 1 1 0 0
1787.1 5390.6 -24.7 195 0 11.4 16.4 2.5 0.0 0 1 1 4 4
1853.4 5414.1 -25.0 285 0 24.9 11.7 2.5 2.5 2 0 1 4 4
1918.4 5519.0 -26.9 48 0 14.3 9.5 7.5 2.5 2 0 3 1 1
1955.6 5640.6 -21.5 204 0 12.7 8.0 5.0 2.5 2 0 2 1 1
1991.0 5844.1 -23.9 32 0 12.3 12.7 5.0 2.5 2 1 2 5 5
2232.1 6062.7 -17.6 98 0 16.3 17.2 5.0 2.5 2 1 2 3 3
2311.6 5978.6 -18.9 92 0 12.9 10.4 7.5 2.5 2 0 3 1 1
2398.9 6070.0 -19.3 190 0 16.7 10.6 5.0 2.5 4 0 2 0 0
2380.1 6081.3 -19.7 104 0 18.8 12.3 5.0 0.0 0 0 2 2 2
2323.0 6094.8 -19.8 95 0 10.1 15.3 5.0 0.0 0 1 2 4 4
2299.7 6083.1 -19.2 278 0 16.4 22.6 5.0 2.5 2 1 2 2 2
2297.2 6111.3 -19.5 97 0 14.9 10.2 5.0 2.5 2 0 2 0 0
2253.5 6165.3 -18.9 193 0 31.2 26.6 5.0 0.0 0 0 2 2 2
2254.1 6246.1 -17.7 32 0 11.6 12.1 10.0 2.5 2 1 4 4 4
2400.8 6520.6 -21.4 209 0 14.7 8.9 5.0 2.5 2 0 2 1 1
2424.8 6508.1 -23.2 28 0 11.5 14.1 5.0 2.5 2 1 2 3 3
2402.7 6478.6 -24.1 117 0 17.1 11.1 5.0 2.5 2 0 2 4 4
2523.5 6451.9 -24.1 297 0 8.6 13.3 5.0 0.0 0 1 2 4 4
2512.2 6400.5 -22.1 298 0 18.6 9.1 5.0 2.5 2 0 2 4 4
2465.8 6426.4 -21.9 298 0 16.3 31.3 5.0 2.5 2 1 2 5 5
2486.6 6410.4 -21.8 299 0 17.8 24.1 5.0 2.5 2 1 2 5 5
2489.3 6367.8 -21.0 118 0 18.7 14.1 5.0 2.5 2 0 2 4 4
2564.0 6378.6 -22.5 298 0 17.1 9.1 5.0 2.5 2 0 2 0 0
2571.4 6330.6 -21.5 191 0 14.0 16.8 5.0 2.5 2 1 2 4 4
2624.1 6339.0 -22.9 299 0 11.1 27.5 5.0 2.5 4 1 2 5 5
2590.0 6262.9 -21.5 115 0 14.1 20.0 5.0 0.0 0 1 2 5 5
2761.9 6318.6 -27.9 344 0 7.5 8.0 5.0 2.5 2 1 2 2 2
2745.1 6312.6 -27.4 88 0 7.0 7.5 5.0 0.0 0 1 2 0 0
2692.2 6207.1 -25.8 118 0 21.4 13.2 2.5 2.5 2 0 1 1 1
2701.0 6233.5 -26.5 211 0 14.2 29.4 2.5 2.5 2 1 1 2 2
2752.8 6267.9 -27.4 307 0 16.8 10.8 2.5 2.5 2 0 1 5 5
2914.4 6321.7 -31.3 252 0 11.2 6.7 2.5 2.5 2 0 1 2 2
2909.3 6308.8 -31.1 252 0 8.3 11.4 2.5 2.5 2 1 1 2 2
2889.1 6306.5 -30.7 252 0 9.7 8.8 2.5 2.5 2 0 1 2 2
2859.6 6340.2 -30.5 162 0 13.8 7.8 2.5 2.5 2 0 1 0 0
2877.5 6339.8 -30.9 72 0 7.1 14.3 2.5 2.5 2 1 1 1 1
2891.5 6346.1 -31.2 72 0 7.3 13.0 2.5 2.5 2 1 1 1 1
2898.7 6362.7 -31.5 252 0 8.8 13.8 2.5 2.5 2 1 1 4 4
2936.1 6377.3 -32.5 252 0 8.6 16.3 2.5 2.5 2 1 1 5 5
2959.0 6330.8 -32.6 252 0 16.5 29.1 2.5 2.5 2 1 1 3 3
3000.6 6336.4 -33.4 252 0 7.0 14.0 2.5 2.5 2 1 1 0 0
2991.2 6365.1 -33.4 72 0 8.7 14.4 2.5 2.5 2 1 1 1 1
3023.6 6370.9 -34.2 72 0 15.2 5.7 2.5 2.5 2 0 1 5 5
3037.7 6349.6 -34.4 252 0 12.5 17.6 2.5 2.5 2 1 1 5 5
3082.9 6347.0 -35.1 342 0 14.5 9.3 2.5 2.5 2 0 1 0 0
3058.8 6353.1 -34.8 252 0 8.2 16.6 2.5 2.5 2 1 1 0 0
2826.0 6647.5 -29.9 142 0 19.5 11.3 5.0 2.5 2 0 2 5 5
2873.6 6629.5 -29.5 311 0 8.8 13.5 5.0 2.5 2 1 2 4 4
2855.3 6604.1 -29.7 133 0 16.2 13.0 5.0 2.5 2 0 2 1 1
2875.6 6600.8 -29.6 127 0 10.7 21.1 5.0 2.5 2 1 2 3 3
2874.7 6566.8 -30.3 309 0 16.4 18.0 5.0 2.5 2 1 2 3 3
2850.3 6532.6 -30.2 215 0 18.8 10.0 5.0 2.5 2 0 2 3 3
2872.7 6481.8 -30.6 303 0 8.1 12.7 5.0 2.5 2 1 2 2 2
2851.1 6453.1 -30.5 121 0 7.7 15.0 5.0 2.5 2 1 2 1 1
2896.1 6458.0 -31.0 35 0 11.6 16.9 5.0 2.5 2 1 2 2 2
2938.6 6456.9 -31.7 42 0 12.4 14.4 5.0 2.5 2 1 2 2 2
2931.5 6553.7 -31.0 108 0 8.9 13.8 5.0 2.5 2 1 2 5 5
2951.3 6539.5 -31.4 106 0 9.1 9.9 5.0 2.5 2 1 2 2 2
2966.3 6536.7 -31.5 107 0 7.2 11.2 5.0 2.5 2 1 2 4 4
3003.6 6690.7 -29.2 218 0 26.9 11.6 5.0 2.5 2 0 2 4 4
2980.9 6662.8 -29.0 217 0 30.4 13.1 5.0 2.5 2 0 2 0 0
2957.7 6628.6 -29.5 177 0 15.3 14.0 5.0 2.5 2 0 2 0 0
2944.5 6593.6 -30.5 216 0 12.6 16.8 5.0 2.5 2 1 2 1 1
2964.0 6573.4 -30.8 126 0 12.7 10.0 5.0 2.5 4 0 2 1 1
2982.7 6558.7 -31.3 127 0 27.8 12.9 5.0 2.5 2 0 2 4 4
2981.6 6529.3 -31.7 109 0 9.6 10.1 5.0 2.5 2 1 2 0 0
2996.1 6521.2 -32.0 108 0 10.1 11.6 5.0 2.5 2 1 2 5 5
3010.2 6513.0 -32.3 114 0 10.2 14.7 5.0 2.5 2 1 2 0 0
3021.5 6506.2 -32.6 127 0 8.8 14.1 5.0 2.5 2 1 2 2 2
3026.5 6526.6 -32.3 126 0 12.9 14.1 5.0 2.5 2 1 2 3 3
3053.0 6550.3 -32.2 38 0 18.2 12.7 5.0 2.5 2 0 2 5 5
3081.3 6597.1 -32.0 311 0 13.6 39.2 5.0 2.5 2 1 2 3 3
3026.4 6718.7 -30.0 221 0 13.3 39.0 5.0 2.5 2 1 2 3 3
3078.0 6649.8 -30.6 42 0 13.3 28.6 5.0 2.5 4 1 2 4 4
3119.1 6723.2 -31.1 290 0 10.8 8.6 5.0 2.5 2 0 2 3 3
3161.7 6702.7 -31.6 299 0 8.6 8.1 5.0 0.0 0 0 2 3 3
3244.2 6819.0 -32.9 40 0 13.7 7.1 2.5 2.5 2 0 1 2 2
3268.0 6801.9 -33.0 213 0 10.3 11.3 5.0 0.0 0 1 2 1 1
3421.6 6952.0 -37.4 313 0 7.4 11.4 5.0 2.5 2 1 2 4 4
3442.7 6934.3 -37.0 306 0 10.0 11.7 5.0 2.5 2 1 2 0 0
3438.2 6903.4 -35.7 39 0 12.3 10.6 5.0 2.5 2 0 2 2 2
3549.8 6941.1 -36.6 220 0 12.9 17.2 5.0 2.5 4 1 2 3 3
3575.5 6952.1 -36.8 41 0 13.9 11.9 5.0 2.5 4 0 2 0 0
3409.6 6952.5 -37.4 38 0 17.8 11.3 5.0 2.5 2 0 2 2 2
3074.8 6723.6 -30.3 281 0 14.5 14.0 5.0 0.0 0 0 2 5 5
3053.1 6728.1 -29.8 282 0 11.5 13.8 5.0 2.5 2 1 2 5 5
3099.7 6703.7 -30.9 101 0 12.4 9.3 5.0 0.0 0 0 2 4 4
3096.5 6727.7 -30.6 278 0 8.1 9.6 5.0 2.5 2 1 2 3 3
3106.0 6746.7 -30.7 280 0 9.9 6.8 5.0 2.5 2 0 2 4 4
3103.5 6583.8 -32.5 305 0 7.5 12.7 5.0 2.5 2 1 2 5 5
3089.9 6563.7 -32.5 38 0 8.6 5.6 5.0 2.5 2 0 2 2 2
3033.1 6608.9 -30.7 309 0 10.2 18.3 5.0 2.5 2 1 2 0 0
3045.6 6626.8 -30.6 309 0 12.2 16.6 5.0 2.5 2 1 2 1 1
