888.8 -2458.5 -3.4 90 0 6.5 10.4 2.5 2.5 2 1 1 3 3
874.7 -2457.0 -3.2 90 0 12.2 6.9 2.5 2.5 2 0 1 3 3
827.0 -2443.9 -2.7 90 0 6.2 11.3 2.5 2.5 2 1 1 4 4
312.5 -2044.7 -5.6 177 0 11.7 8.3 5.0 2.5 2 0 2 5 5
303.3 -2024.8 -5.6 176 0 9.6 11.6 5.0 0.0 0 1 2 0 0
284.3 -1925.8 -5.3 177 0 12.6 16.6 5.0 2.5 2 1 2 4 4
308.2 -1952.2 -5.3 87 0 14.1 10.2 5.0 2.5 2 0 2 3 3
336.9 -1938.4 -4.8 274 0 10.9 15.6 5.0 2.5 2 1 2 3 3
343.0 -1993.2 -4.8 180 0 8.4 19.3 5.0 2.5 2 1 2 0 0
410.8 -2013.0 -3.8 92 0 8.7 10.1 5.0 2.5 2 1 2 2 2
400.8 -1987.2 -4.0 270 0 23.7 8.7 5.0 2.5 2 0 2 2 2
430.8 -2058.4 -3.6 89 0 10.9 13.4 5.0 2.5 2 1 2 3 3
456.6 -2065.6 -3.2 92 0 9.1 17.9 5.0 2.5 2 1 2 3 3
549.7 -1969.9 -1.1 170 0 9.1 17.2 5.0 2.5 2 1 2 4 4
544.7 -1954.0 -1.2 167 0 11.9 9.0 5.0 2.5 2 0 2 5 5
530.7 -1927.8 -1.4 90 0 8.6 12.5 5.0 2.5 2 1 2 5 5
479.1 -1928.6 -2.2 107 0 7.1 14.6 5.0 0.0 0 1 2 4 4
455.9 -1922.9 -2.6 102 0 9.8 14.9 5.0 2.5 2 1 2 4 4
433.1 -1920.0 -3.0 99 0 9.7 13.3 5.0 0.0 0 1 2 1 1
414.9 -1881.7 -3.2 271 0 10.4 16.4 5.0 2.5 4 1 2 3 3
374.3 -1878.2 -3.6 179 0 16.4 11.2 5.0 2.5 2 0 2 1 1
387.4 -1938.1 -4.0 282 0 12.6 10.1 5.0 2.5 2 0 2 2 2
437.6 -1946.3 -3.2 284 0 9.2 24.0 5.0 2.5 2 1 2 3 3
455.5 -1957.2 -2.9 285 0 7.8 17.9 5.0 2.5 2 1 2 3 3
475.6 -1955.9 -2.6 287 0 11.9 21.5 5.0 2.5 2 1 2 0 0
489.6 -1963.0 -2.3 287 0 7.8 12.2 5.0 2.5 2 1 2 3 3
505.8 -1986.2 -2.2 16 0 10.9 16.1 5.0 2.5 2 1 2 2 2
526.6 -1985.7 -1.8 345 0 17.6 11.0 5.0 2.5 4 0 2 5 5
543.7 -2020.9 -1.6 336 0 11.1 9.6 5.0 2.5 2 0 2 5 5
559.0 -2005.4 -1.1 164 0 8.7 11.7 5.0 2.5 2 1 2 3 3
558.6 -2023.9 -1.2 161 0 8.2 11.7 5.0 2.5 2 1 2 5 5
562.1 -2036.7 -1.2 166 0 6.3 16.8 5.0 2.5 2 1 2 1 1
538.1 -2243.2 -2.5 76 0 8.0 12.9 2.5 2.5 4 1 1 3 3
451.5 -2249.5 -4.1 254 0 10.7 8.7 2.5 2.5 2 0 1 1 1
434.0 -2251.7 -4.4 254 0 9.9 14.9 2.5 2.5 2 1 1 4 4
470.3 -2234.5 -3.7 256 0 8.3 13.5 2.5 2.5 2 1 1 4 4
492.0 -2163.0 -3.0 265 0 11.8 13.2 2.5 2.5 2 1 1 0 0
550.4 -2138.2 -2.0 13 0 9.5 8.9 2.5 2.5 2 0 1 3 3
537.4 -2135.4 -2.2 10 0 10.3 11.1 2.5 2.5 2 1 1 4 4
539.2 -2161.7 -2.5 2 0 10.1 26.8 2.5 2.5 2 1 1 4 4
578.3 -2167.3 -1.5 192 0 8.8 16.3 2.5 2.5 2 1 1 5 5
626.4 -2177.9 -0.8 273 0 11.8 14.6 2.5 2.5 2 1 1 0 0
569.7 -2094.1 -1.4 3 0 15.0 7.3 2.5 2.5 2 0 1 0 0
574.7 -2102.4 -1.2 183 0 10.2 6.6 2.5 2.5 2 0 1 5 5
591.0 -2085.8 -1.0 273 0 9.0 9.7 2.5 2.5 2 1 1 3 3
603.8 -2089.0 -0.8 273 0 9.6 10.9 2.5 2.5 2 1 1 1 1
638.5 -2097.2 -0.3 273 0 17.7 14.3 2.5 2.5 2 0 1 3 3
775.0 -2067.0 -5.4 93 0 6.3 10.8 5.0 2.5 2 1 2 1 1
817.2 -2055.4 -8.1 93 0 7.2 17.1 5.0 2.5 2 1 2 0 0
807.0 -2058.1 -7.3 93 0 5.7 16.7 5.0 2.5 2 1 2 2 2
786.2 -2078.3 -6.0 273 0 9.3 9.7 2.5 2.5 2 1 1 3 3
720.5 -2086.6 -3.3 273 0 10.3 13.6 2.5 2.5 2 1 1 2 2
738.9 -2083.6 -4.1 273 0 12.6 10.2 2.5 2.5 2 0 1 1 1
697.4 -2086.1 -2.3 273 0 8.4 10.9 2.5 2.5 4 1 1 3 3
657.6 -2085.5 -0.7 273 0 6.8 18.0 2.5 2.5 2 1 1 2 2
659.2 -2073.0 -0.7 93 0 7.7 18.9 5.0 2.5 2 1 2 2 2
638.0 -2071.1 -0.1 93 0 12.1 14.6 5.0 2.5 2 1 2 3 3
625.2 -2070.9 -0.3 93 0 6.1 14.6 5.0 2.5 4 1 2 2 2
574.3 -2070.4 -1.2 93 0 7.5 17.1 5.0 2.5 2 1 2 3 3
560.5 -2064.7 -1.5 3 0 12.4 8.6 5.0 2.5 2 0 2 2 2
543.5 -2068.9 -1.7 93 0 9.1 13.6 5.0 2.5 2 1 2 0 0
528.9 -2072.1 -2.0 93 0 7.4 19.8 5.0 2.5 2 1 2 3 3
514.2 -2067.2 -2.2 93 0 12.2 11.1 5.0 2.5 2 0 2 0 0
497.6 -2066.9 -2.5 93 0 14.6 11.2 5.0 2.5 2 0 2 5 5
479.5 -2065.4 -2.8 93 0 11.0 12.2 5.0 2.5 2 1 2 4 4
491.0 -2084.8 -2.8 270 0 20.4 7.8 2.5 2.5 2 0 1 0 0
455.1 -2081.4 -3.3 272 0 8.5 15.5 2.5 2.5 2 1 1 2 2
436.1 -2092.5 -3.8 277 0 19.8 12.6 2.5 0.0 0 0 1 1 1
395.8 -2101.4 -4.5 273 0 8.5 22.1 2.5 2.5 2 1 1 5 5
415.1 -2067.8 -4.2 5 0 24.0 20.5 5.0 2.5 2 0 2 0 0
400.6 -2042.9 -4.4 5 0 11.0 25.3 5.0 0.0 0 1 2 5 5
365.3 -2070.1 -4.8 92 0 10.8 29.0 5.0 0.0 0 1 2 0 0
363.6 -2098.6 -5.0 91 0 10.4 22.1 5.0 2.5 2 1 2 0 0
364.0 -2127.6 -5.0 180 0 8.1 11.6 2.5 2.5 2 1 1 1 1
344.9 -2163.7 -5.5 178 0 7.5 11.6 2.5 2.5 2 1 1 1 1
347.0 -2175.0 -5.6 175 0 9.9 18.9 2.5 2.5 2 1 1 0 0
328.3 -2188.2 -5.5 71 0 7.8 11.0 5.0 2.5 2 1 2 4 4
256.4 -2229.1 0.4 352 0 12.4 10.2 7.5 2.5 2 0 3 1 1
247.5 -2278.3 1.6 75 0 12.2 10.5 5.0 2.5 2 0 2 1 1
312.3 -2360.3 -1.9 182 0 21.9 11.0 2.5 2.5 2 0 1 1 1
336.5 -2388.7 -2.5 92 0 7.7 14.7 2.5 2.5 2 1 1 3 3
361.4 -2390.5 -4.2 92 0 10.8 12.4 2.5 2.5 2 1 1 5 5
362.5 -2373.5 -4.8 92 0 10.0 17.1 2.5 2.5 2 1 1 0 0
386.2 -2375.3 -5.2 92 0 10.6 9.4 2.5 0.0 0 0 1 4 4
403.5 -2360.0 -4.9 272 0 7.2 14.6 2.5 2.5 4 1 1 1 1
421.7 -2378.0 -4.5 94 0 6.3 12.9 2.5 2.5 2 1 1 3 3
465.1 -2400.0 -3.5 104 0 6.1 8.9 2.5 2.5 2 1 1 5 5
493.9 -2424.1 -2.7 277 0 10.3 9.3 2.5 2.5 2 0 1 2 2
427.9 -2441.9 -3.8 90 0 8.6 8.1 2.5 2.5 4 0 1 2 2
401.1 -2428.4 -4.4 277 0 13.2 10.2 2.5 2.5 2 0 1 1 1
364.2 -2411.9 -3.3 277 0 6.3 24.0 2.5 2.5 2 1 1 4 4
346.0 -2428.0 -1.7 272 0 8.5 22.7 2.5 2.5 2 1 1 4 4
327.7 -2417.6 -0.7 273 0 7.3 19.7 2.5 2.5 2 1 1 5 5
315.6 -2405.0 -0.1 271 0 5.6 28.4 2.5 2.5 2 1 1 5 5
286.8 -2405.1 1.9 281 0 5.0 7.6 2.5 2.5 2 1 1 0 0
260.5 -2410.4 3.4 87 0 6.9 12.5 2.5 0.0 0 1 1 1 1
415.9 -1943.1 -3.4 275 0 6.4 13.3 5.0 0.0 0 1 2 2 2
347.6 -2120.5 -5.3 79 0 8.2 7.1 5.0 2.5 2 0 2 0 0
327.3 -2095.6 -5.6 88 0 9.9 8.8 5.0 2.5 2 0 2 4 4
273.1 -2086.1 -3.8 190 0 8.6 8.3 5.0 0.0 0 0 2 0 0
271.2 -2096.9 -3.5 195 0 8.6 8.4 5.0 2.5 2 0 2 2 2
448.5 -2415.7 -3.6 274 0 9.3 32.3 2.5 2.5 2 1 1 4 4
816.5 -2446.8 -2.5 91 0 5.2 9.4 2.5 2.5 2 1 1 5 5
807.6 -2445.6 -2.4 97 0 6.5 8.3 2.5 2.5 2 1 1 3 3
793.7 -2443.3 -2.2 94 0 5.8 8.7 2.5 2.5 4 1 1 3 3
777.6 -2442.3 -2.0 95 0 5.6 8.1 2.5 2.5 2 1 1 5 5
765.2 -2441.4 -1.9 95 0 6.4 9.0 2.5 0.0 0 1 1 1 1
751.8 -2439.3 -1.7 96 0 6.3 7.6 2.5 2.5 2 1 1 0 0
737.5 -2438.8 -1.6 99 0 7.1 12.1 2.5 2.5 2 1 1 4 4
684.4 -2430.4 -1.3 90 0 5.8 10.0 2.5 2.5 2 1 1 5 5
659.2 -2418.2 -1.1 98 0 5.5 13.4 2.5 2.5 2 1 1 5 5
479.7 -2173.5 -3.3 263 0 8.0 20.9 2.5 2.5 2 1 1 1 1
401.1 -1877.1 -3.5 284 0 7.6 14.1 5.0 2.5 4 1 2 0 0
537.3 -1999.5 -1.7 342 0 11.0 13.2 5.0 2.5 2 1 2 5 5
557.8 -1983.9 -1.1 167 0 10.4 7.7 5.0 2.5 2 0 2 2 2
698.8 -1918.1 -1.7 86 0 6.2 12.0 7.5 2.5 2 1 3 5 5
684.9 -1918.9 -1.2 86 0 9.4 9.4 5.0 2.5 2 0 2 4 4
660.1 -1915.7 -0.3 179 0 9.4 8.5 7.5 2.5 4 0 3 0 0
612.1 -1916.7 -0.0 356 0 11.8 8.2 5.0 2.5 2 0 2 4 4
584.7 -1917.4 -0.4 265 0 8.3 11.5 5.0 0.0 0 1 2 0 0
591.1 -1948.0 -0.4 87 0 8.6 7.8 5.0 2.5 2 0 2 2 2
615.9 -1962.7 -0.1 84 0 12.3 18.1 5.0 2.5 2 1 2 4 4
768.6 -2079.2 -5.3 267 0 8.1 13.1 2.5 2.5 2 1 1 3 3
689.9 -2071.4 -1.9 92 0 8.4 11.0 5.0 0.0 0 1 2 5 5
686.5 -2086.4 -1.8 274 0 5.8 9.0 2.5 2.5 2 1 1 2 2
675.9 -2087.5 -1.5 271 0 8.3 12.5 2.5 2.5 2 1 1 0 0
654.2 -2234.2 -1.1 286 0 8.4 11.1 2.5 0.0 0 1 1 4 4
606.6 -2189.5 -1.1 107 0 8.7 9.3 2.5 2.5 2 1 1 5 5
570.9 -2132.8 -1.4 190 0 8.5 11.0 2.5 2.5 2 1 1 2 2
568.1 -2220.1 -1.9 273 0 9.7 11.9 2.5 2.5 2 1 1 0 0
286.5 -2357.3 0.7 0 0 7.2 12.7 2.5 2.5 2 1 1 3 3
207.1 -2368.2 5.8 192 0 9.2 10.7 2.5 2.5 4 1 1 3 3
228.7 -2367.1 4.6 281 0 16.9 10.0 2.5 0.0 0 0 1 0 0
243.5 -2375.3 3.8 279 0 11.4 20.1 2.5 2.5 2 1 1 3 3
237.2 -2413.3 4.7 100 0 10.7 16.2 2.5 2.5 2 1 1 2 2
218.6 -2418.0 6.0 99 0 20.1 11.0 2.5 2.5 2 0 1 5 5
187.4 -2406.8 7.3 188 0 13.3 21.0 2.5 2.5 2 1 1 3 3
