3568.8 592.9 2.4 273 0 19.9 12.3 5.0 2.5 2 0 2 4 4
2313.9 3967.0 -9.7 75 0 8.3 11.7 2.5 2.5 2 1 1 1 1
2333.0 4010.8 -9.3 345 0 13.6 12.0 2.5 0.0 0 0 1 1 1
2280.0 4030.5 -8.6 159 0 13.1 17.2 2.5 2.5 2 1 1 5 5
2261.1 4068.0 -9.0 240 0 33.3 13.6 2.5 2.5 2 0 1 3 3
2311.9 4226.6 -11.9 60 0 16.8 12.3 5.0 2.5 2 0 2 1 1
2257.0 4166.6 -13.5 60 0 13.1 8.7 5.0 2.5 2 0 2 0 0
2237.9 4176.7 -14.2 150 0 10.8 17.7 5.0 2.5 2 1 2 2 2
2241.8 4207.3 -14.4 330 0 31.4 15.3 5.0 2.5 2 0 2 4 4
2197.7 4217.1 -14.2 150 0 11.8 33.6 5.0 2.5 2 1 2 2 2
2190.8 4235.6 -13.9 150 0 14.5 28.7 5.0 2.5 2 1 2 0 0
2156.9 4260.5 -13.0 150 0 12.8 28.7 5.0 2.5 2 1 2 2 2
2188.2 4286.1 -13.5 240 0 15.4 31.5 5.0 2.5 2 1 2 4 4
2202.2 1162.3 -11.4 272 0 21.4 12.2 2.5 0.0 0 0 1 1 1
2231.4 1116.7 -10.9 2 0 9.1 18.9 2.5 2.5 2 1 1 3 3
2207.5 1129.2 -11.1 182 0 11.7 9.0 2.5 2.5 2 0 1 4 4
2246.3 1142.5 -11.1 2 0 17.9 22.4 2.5 2.5 2 1 1 4 4
2110.9 1188.3 -8.5 272 0 11.3 13.3 7.5 2.5 2 1 3 4 4
2077.2 1024.2 -11.1 92 0 9.5 14.4 5.0 2.5 2 1 2 5 5
2234.0 899.0 -9.5 2 0 13.2 16.4 5.0 2.5 2 1 2 5 5
2231.3 919.8 -9.5 2 0 12.7 12.5 5.0 0.0 0 0 2 4 4
2432.5 1005.5 -9.8 92 0 11.1 19.9 5.0 2.5 2 1 2 0 0
2384.7 998.9 -8.9 92 0 14.5 23.0 5.0 2.5 2 1 2 4 4
2423.2 934.7 -8.5 182 0 19.0 33.6 5.0 0.0 0 1 2 5 5
2457.6 964.4 -8.6 272 0 8.6 6.3 5.0 2.5 2 0 2 5 5
2538.6 1005.7 -9.2 92 0 14.8 23.3 5.0 2.5 2 1 2 2 2
2741.8 1161.0 -4.1 272 0 17.3 12.4 2.5 2.5 2 0 1 0 0
2715.7 1203.6 -4.9 92 0 10.0 9.4 5.0 2.5 4 0 2 1 1
2315.9 1223.6 -11.4 92 0 11.0 13.3 5.0 2.5 2 1 2 2 2
2304.8 1209.4 -11.6 92 0 21.8 10.2 5.0 2.5 2 0 2 5 5
2275.6 1225.4 -11.4 182 0 19.2 10.5 5.0 2.5 2 0 2 2 2
2292.0 1193.3 -11.4 272 0 21.5 12.2 5.0 2.5 2 0 2 2 2
2338.9 1179.0 -11.0 272 0 10.0 16.2 5.0 2.5 2 1 2 2 2
2373.2 1211.6 -10.3 92 0 12.3 11.6 5.0 2.5 2 0 2 0 0
2437.7 1152.9 -10.6 92 0 12.2 20.8 2.5 2.5 2 1 1 1 1
2519.2 1212.4 -9.1 92 0 6.2 14.3 5.0 2.5 2 1 2 1 1
2514.1 1172.1 -9.5 272 0 9.8 14.1 5.0 2.5 2 1 2 4 4
2624.8 1162.9 -7.4 272 0 11.8 15.4 2.5 2.5 2 1 1 5 5
2647.6 1215.9 -6.7 2 0 13.5 9.5 5.0 2.5 2 0 2 3 3
2742.7 1355.1 -7.5 92 0 11.8 7.9 5.0 2.5 2 0 2 0 0
2771.7 1360.6 -7.5 272 0 9.6 12.3 5.0 2.5 2 1 2 1 1
2825.1 1458.6 -5.4 182 0 16.1 13.9 2.5 2.5 2 0 1 5 5
2840.1 1531.1 -5.3 182 0 8.5 10.3 2.5 2.5 2 1 1 5 5
2784.2 1573.0 -5.8 272 0 7.8 12.3 2.5 2.5 2 1 1 0 0
2201.8 2475.7 -3.6 92 0 10.5 18.6 2.5 2.5 2 1 1 0 0
2334.6 2445.2 -4.3 182 0 13.8 16.3 2.5 2.5 2 1 1 5 5
2274.7 2429.1 -4.2 92 0 25.4 10.6 5.0 2.5 2 0 2 4 4
2243.7 2445.9 -2.9 272 0 7.6 10.2 5.0 2.5 2 1 2 1 1
2127.0 2553.6 -7.5 272 0 6.8 14.6 2.5 2.5 2 1 1 3 3
2146.6 2491.2 -6.5 92 0 10.4 28.2 2.5 2.5 4 1 1 3 3
2550.2 2049.9 1.0 92 0 10.9 10.0 5.0 2.5 2 0 2 3 3
2575.9 2013.8 1.4 272 0 18.3 16.0 5.0 2.5 2 0 2 2 2
2550.3 2011.8 0.6 272 0 8.5 16.5 5.0 2.5 2 1 2 1 1
2528.6 2017.2 -0.1 272 0 12.2 13.0 5.0 2.5 4 1 2 2 2
2478.1 2054.7 -1.6 92 0 9.4 17.4 5.0 2.5 2 1 2 2 2
2475.5 2014.1 -1.9 272 0 7.6 10.8 5.0 2.5 2 1 2 5 5
2450.3 2017.8 -2.8 272 0 9.5 14.7 5.0 2.5 2 1 2 2 2
2428.6 2048.4 -3.3 92 0 11.8 22.9 5.0 2.5 2 1 2 4 4
2366.7 2014.2 -5.4 182 0 11.7 15.8 5.0 2.5 2 1 2 4 4
2346.7 1849.2 -5.9 92 0 9.1 9.9 5.0 2.5 2 1 2 0 0
2346.9 1798.1 -6.1 2 0 15.3 10.1 5.0 2.5 2 0 2 0 0
2437.4 1801.6 -5.4 272 0 12.7 8.6 5.0 2.5 2 0 2 1 1
2464.7 1800.4 -5.2 272 0 12.7 8.6 5.0 2.5 2 0 2 1 1
2508.2 1811.7 -5.5 272 0 14.0 20.9 5.0 0.0 0 1 2 4 4
2562.8 1793.8 -5.3 272 0 12.7 8.6 5.0 2.5 2 0 2 0 0
2666.4 1635.4 -6.1 182 0 19.0 11.7 2.5 2.5 2 0 1 5 5
2697.5 1856.9 -1.2 92 0 10.9 8.8 2.5 0.0 0 0 1 0 0
2699.0 1886.2 -0.2 272 0 9.8 7.3 2.5 0.0 0 0 1 2 2
2704.0 1968.4 2.6 92 0 12.1 8.9 5.0 2.5 2 0 2 3 3
2628.1 2009.4 3.4 272 0 10.0 15.6 5.0 2.5 2 1 2 5 5
2780.9 2212.9 11.7 272 0 12.0 10.3 5.0 2.5 2 0 2 3 3
2755.1 2211.4 11.2 272 0 11.4 11.8 5.0 2.5 2 1 2 3 3
2676.3 2201.5 8.7 92 0 7.7 8.1 5.0 0.0 0 1 2 4 4
2651.1 2203.3 8.0 182 0 13.5 7.8 5.0 2.5 2 0 2 3 3
2582.0 2220.3 1.6 272 0 9.1 9.3 5.0 0.0 0 1 2 3 3
2535.2 2231.2 -1.1 272 0 15.1 6.9 5.0 0.0 0 0 2 2 2
2554.0 2264.6 2.7 92 0 10.1 13.9 2.5 2.5 2 1 1 1 1
2463.3 2281.7 -2.8 272 0 7.8 13.2 5.0 2.5 2 1 2 4 4
2447.6 2235.6 -3.5 272 0 13.2 11.9 5.0 2.5 2 0 2 0 0
2420.4 2255.5 -3.2 92 0 5.4 14.2 5.0 2.5 2 1 2 2 2
2407.1 2256.6 -3.4 92 0 12.0 12.1 5.0 2.5 2 1 2 3 3
2389.5 2284.1 -3.8 272 0 8.4 12.3 5.0 0.0 0 1 2 0 0
2385.4 2229.5 -4.1 272 0 8.4 13.2 5.0 2.5 2 1 2 2 2
2327.5 2155.1 -5.3 182 0 7.7 13.0 5.0 2.5 2 1 2 5 5
2337.7 2238.2 -4.2 272 0 10.7 20.7 5.0 2.5 2 1 2 5 5
2335.2 2261.9 -3.9 92 0 11.1 11.8 5.0 2.5 2 1 2 4 4
2261.6 2063.8 -6.3 92 0 13.1 21.1 2.5 2.5 2 1 1 3 3
2300.5 2160.1 -4.7 2 0 7.2 15.4 5.0 2.5 2 1 2 4 4
2232.5 2070.1 -6.0 92 0 14.8 16.1 2.5 2.5 2 1 1 5 5
2261.7 1822.8 -7.5 272 0 12.7 8.9 5.0 2.5 2 0 2 2 2
2278.3 1795.9 -7.3 2 0 9.0 14.8 5.0 2.5 2 1 2 0 0
2280.4 1782.9 -7.4 2 0 8.1 24.0 5.0 2.5 2 1 2 1 1
2152.4 1435.4 -9.8 92 0 19.7 11.0 5.0 2.5 2 0 2 3 3
2170.9 1453.8 -9.2 2 0 8.1 8.0 5.0 2.5 2 0 2 4 4
2175.6 1465.5 -8.8 2 0 9.7 24.8 5.0 2.5 2 1 2 0 0
2487.4 1633.0 -7.1 92 0 9.4 17.1 2.5 0.0 0 1 1 0 0
2436.3 1595.5 -7.7 272 0 8.4 14.6 5.0 2.5 2 1 2 1 1
2314.0 1496.9 -9.4 293 0 18.3 11.6 5.0 2.5 2 0 2 2 2
2341.3 1440.9 -10.2 107 0 24.6 9.3 5.0 0.0 0 0 2 1 1
2402.3 1418.0 -9.7 93 0 15.7 11.6 5.0 2.5 4 0 2 1 1
2397.2 1383.6 -11.9 273 0 11.8 7.5 5.0 2.5 2 0 2 2 2
2396.1 1361.8 -11.8 93 0 9.9 9.8 5.0 2.5 2 0 2 2 2
2339.2 1397.3 -10.9 273 0 12.7 11.4 5.0 2.5 2 0 2 2 2
2282.0 1371.2 -10.1 183 0 18.3 13.3 5.0 0.0 0 0 2 0 0
2319.5 1357.9 -10.8 3 0 10.1 16.1 5.0 0.0 0 1 2 0 0
2279.9 1315.0 -10.5 183 0 14.5 7.8 5.0 2.5 2 0 2 3 3
2280.8 1346.6 -10.3 183 0 14.3 9.9 5.0 2.5 2 0 2 5 5
2244.3 1398.3 -8.9 273 0 14.2 12.4 2.5 2.5 2 0 1 3 3
2232.0 1462.9 -8.7 183 0 7.7 10.0 2.5 2.5 2 1 1 1 1
2253.6 1468.6 -8.8 3 0 13.2 6.4 2.5 2.5 2 0 1 1 1
2248.3 1431.0 -8.9 93 0 11.8 18.0 2.5 2.5 4 1 1 3 3
2213.6 1440.3 -8.5 183 0 17.4 13.0 2.5 2.5 2 0 1 4 4
2219.0 1498.5 -8.4 183 0 8.5 14.1 2.5 2.5 2 1 1 5 5
2251.4 1503.5 -8.8 273 0 10.5 20.6 2.5 2.5 2 1 1 1 1
2147.9 1516.5 -8.6 273 0 8.9 44.4 5.0 2.5 2 1 2 4 4
2232.3 1654.0 -7.3 183 0 8.8 8.4 5.0 2.5 2 0 2 4 4
2255.6 1589.8 -7.6 93 0 16.2 13.1 5.0 0.0 0 0 2 5 5
2263.8 1633.9 -7.0 93 0 19.1 15.7 5.0 0.0 0 0 2 2 2
2216.3 1602.5 -7.5 183 0 10.1 22.0 5.0 2.5 2 1 2 0 0
2169.7 1591.1 -8.9 93 0 12.1 11.7 2.5 2.5 2 0 1 3 3
2115.7 1660.3 -9.3 3 0 8.6 9.0 5.0 2.5 2 1 2 5 5
2104.1 1601.4 -9.2 183 0 11.0 9.8 2.5 0.0 0 0 1 0 0
2027.7 1661.1 -7.4 93 0 7.9 12.4 5.0 0.0 0 1 2 3 3
1990.2 1662.1 -7.8 93 0 12.9 9.4 5.0 2.5 2 0 2 0 0
1969.3 1694.1 -8.1 273 0 9.9 19.4 5.0 2.5 2 1 2 3 3
1960.2 1653.2 -7.9 93 0 22.7 13.5 5.0 2.5 2 0 2 0 0
1934.3 1616.6 -6.4 273 0 14.2 12.1 5.0 2.5 2 0 2 2 2
1911.0 1617.0 -7.0 273 0 8.2 13.6 5.0 2.5 2 1 2 4 4
1899.9 1392.5 -8.4 93 0 11.9 16.2 5.0 2.5 4 1 2 3 3
1798.7 1611.2 -8.5 93 0 9.1 12.4 5.0 2.5 4 1 2 4 4
1823.6 1623.9 -9.9 273 0 9.3 13.9 5.0 2.5 4 1 2 3 3
1726.8 1618.3 -7.6 93 0 12.2 9.9 2.5 2.5 2 0 1 5 5
1704.0 1630.8 -7.7 273 0 8.0 12.1 2.5 2.5 2 1 1 5 5
1622.5 1624.6 -7.9 93 0 9.8 5.6 2.5 2.5 2 0 1 3 3
1592.3 1628.0 -7.2 183 0 8.6 9.0 2.5 2.5 2 1 1 2 2
1612.0 1412.2 -6.5 93 0 10.1 10.7 2.5 2.5 2 1 1 0 0
1691.9 1464.8 -9.1 93 0 7.7 17.4 5.0 2.5 2 1 2 3 3
1722.2 1463.0 -9.5 93 0 7.7 16.5 5.0 2.5 2 1 2 0 0
1739.9 1449.3 -9.7 93 0 6.5 16.8 5.0 2.5 2 1 2 2 2
1791.8 1458.3 -9.9 93 0 5.5 14.6 5.0 2.5 2 1 2 1 1
1831.9 1454.2 -9.8 93 0 14.5 17.5 5.0 2.5 4 1 2 4 4
1815.0 1417.0 -9.9 273 0 10.5 14.3 5.0 2.5 2 1 2 3 3
1764.2 1417.8 -10.1 273 0 9.6 15.2 5.0 2.5 4 1 2 5 5
1455.7 1270.1 -8.4 183 0 7.0 13.6 2.5 2.5 4 1 1 2 2
1474.2 1472.6 -3.9 3 0 9.3 11.1 7.5 2.5 2 1 3 0 0
1474.9 1518.0 -3.4 3 0 5.5 7.4 5.0 2.5 2 1 2 3 3
1472.8 1593.3 -3.1 93 0 11.0 11.0 5.0 2.5 2 1 2 0 0
4107.1 564.1 0.5 1 0 13.7 10.6 2.5 2.5 2 0 1 1 1
4043.1 603.8 1.0 94 0 7.6 14.6 2.5 2.5 2 1 1 3 3
3992.0 574.8 -0.7 270 0 9.2 15.2 2.5 2.5 2 1 1 4 4
4037.8 664.5 0.6 275 0 7.7 12.9 2.5 2.5 2 1 1 3 3
4104.0 662.0 -0.3 20 0 22.4 15.1 2.5 2.5 2 0 1 4 4
4081.6 603.3 0.4 107 0 21.6 26.1 2.5 2.5 2 1 1 0 0
4001.2 649.5 0.9 183 0 4.6 14.9 2.5 2.5 4 1 1 3 3
3980.5 776.5 1.7 3 0 14.7 26.3 5.0 2.5 2 1 2 2 2
3920.9 756.7 2.0 183 0 32.3 12.7 5.0 2.5 2 0 2 5 5
3976.8 715.4 2.5 93 0 8.3 5.5 5.0 2.5 2 0 2 2 2
3972.9 679.1 0.9 3 0 10.4 10.5 5.0 2.5 2 1 2 1 1
3971.7 654.3 0.1 3 0 13.3 8.6 5.0 2.5 2 0 2 2 2
3939.9 625.5 -0.9 183 0 8.4 12.1 5.0 2.5 2 1 2 1 1
3970.6 623.5 -0.4 3 0 7.5 13.3 5.0 2.5 2 1 2 0 0
3917.7 569.9 -1.7 183 0 22.5 13.7 2.5 2.5 2 0 1 4 4
3969.7 576.3 -1.3 273 0 12.3 27.2 2.5 2.5 2 1 1 5 5
4713.7 997.7 0.6 93 0 21.2 10.3 2.5 2.5 2 0 1 0 0
4696.8 970.6 0.9 273 0 7.8 15.9 5.0 0.0 0 1 2 4 4
4619.4 966.0 3.1 273 0 12.8 24.2 2.5 0.0 0 1 1 4 4
4555.6 890.3 3.1 183 0 13.4 24.0 2.5 2.5 2 1 1 1 1
4554.6 811.3 2.1 183 0 8.6 16.5 5.0 0.0 0 1 2 2 2
4587.5 746.2 2.5 3 0 14.3 10.9 2.5 2.5 2 0 1 2 2
4531.0 747.3 1.2 3 0 10.1 11.4 5.0 2.5 2 1 2 5 5
4524.9 722.6 1.0 3 0 6.5 11.0 5.0 2.5 2 1 2 5 5
4838.9 206.7 -5.1 93 0 9.5 18.7 5.0 2.5 2 1 2 1 1
4769.0 276.0 -4.3 93 0 8.4 10.9 2.5 2.5 2 1 1 1 1
4724.3 278.6 -2.2 93 0 10.7 12.8 2.5 2.5 2 1 1 0 0
4668.9 281.7 -0.1 93 0 7.3 15.6 2.5 2.5 2 1 1 1 1
4613.9 527.2 2.1 93 0 6.9 11.4 5.0 0.0 0 1 2 2 2
4554.5 532.2 -0.7 183 0 10.3 15.8 5.0 2.5 2 1 2 1 1
4553.6 491.7 -0.6 183 0 9.9 12.6 5.0 2.5 2 1 2 1 1
4574.4 435.9 -0.7 3 0 10.6 14.6 5.0 2.5 2 1 2 4 4
4571.5 409.5 -1.3 3 0 6.6 12.7 5.0 2.5 2 1 2 1 1
4552.9 365.2 -1.7 183 0 8.6 11.4 5.0 2.5 2 1 2 5 5
4552.4 334.5 -1.5 183 0 9.2 11.7 5.0 2.5 2 1 2 0 0
4546.2 303.3 -0.9 183 0 10.1 12.0 5.0 2.5 2 1 2 1 1
4588.8 230.7 -1.1 93 0 7.6 8.4 2.5 2.5 2 1 1 5 5
4531.4 135.7 -0.7 183 0 11.9 10.7 2.5 2.5 2 0 1 3 3
4583.1 81.9 -3.1 273 0 10.3 7.4 2.5 2.5 2 0 1 3 3
4582.3 42.0 -2.2 273 0 10.8 15.5 5.0 2.5 2 1 2 4 4
4660.8 9.3 -4.0 93 0 8.2 8.2 5.0 0.0 0 0 2 4 4
4680.1 24.6 -4.5 273 0 8.4 17.1 5.0 2.5 2 1 2 3 3
4149.9 1580.8 7.2 3 0 9.8 17.3 2.5 2.5 2 1 1 5 5
3981.3 1697.8 2.9 183 0 11.8 21.1 5.0 2.5 2 1 2 4 4
3985.1 1663.6 2.0 183 0 9.7 14.1 5.0 0.0 0 1 2 5 5
3939.3 1692.4 2.0 3 0 7.5 6.5 2.5 2.5 4 0 1 5 5
3940.5 1667.8 0.9 3 0 8.8 15.3 2.5 0.0 0 1 1 4 4
3937.5 1589.6 2.2 3 0 8.4 12.6 5.0 2.5 2 1 2 2 2
3935.7 1565.1 3.4 3 0 9.7 15.3 5.0 2.5 2 1 2 5 5
3746.0 1740.2 8.7 3 0 8.3 16.2 5.0 2.5 2 1 2 2 2
3763.7 1675.5 7.6 183 0 9.6 13.2 5.0 2.5 2 1 2 1 1
3733.9 1695.9 9.2 3 0 8.0 11.8 5.0 2.5 2 1 2 3 3
3759.6 1553.4 8.6 183 0 13.1 16.9 2.5 0.0 0 1 1 0 0
3753.3 1494.0 10.7 183 0 9.4 21.2 5.0 2.5 2 1 2 3 3
3749.7 1419.8 7.6 183 0 7.8 19.5 5.0 2.5 4 1 2 3 3
3726.8 1404.7 4.7 3 0 5.8 15.1 2.5 0.0 0 1 1 5 5
3749.7 1325.7 7.1 183 0 10.4 10.5 5.0 0.0 0 1 2 2 2
3748.5 1295.7 8.2 183 0 8.3 10.6 5.0 2.5 2 1 2 2 2
3742.4 1280.5 8.6 183 0 11.9 17.5 5.0 2.5 2 1 2 4 4
3690.9 1267.9 5.9 183 0 14.1 14.1 5.0 2.5 2 1 2 0 0
3764.2 1132.9 8.3 93 0 11.6 10.7 5.0 2.5 2 0 2 2 2
3703.5 1079.7 5.1 3 0 14.4 13.8 2.5 2.5 2 0 1 4 4
3697.2 1054.0 6.0 3 0 8.0 10.0 2.5 0.0 0 1 1 0 0
3689.1 852.6 2.2 3 0 10.0 14.4 5.0 2.5 2 1 2 2 2
3714.8 643.8 0.5 183 0 10.3 15.8 5.0 0.0 0 1 2 3 3
3687.3 631.4 0.8 3 0 11.9 17.8 5.0 2.5 2 1 2 3 3
3687.4 619.8 1.3 3 0 7.8 24.2 5.0 2.5 2 1 2 0 0
3650.5 621.2 1.2 93 0 15.3 14.2 5.0 2.5 2 0 2 0 0
3621.6 623.1 2.2 93 0 9.7 15.1 5.0 2.5 2 1 2 2 2
3640.2 592.3 2.2 273 0 10.0 20.5 5.0 2.5 2 1 2 2 2
3690.2 586.0 2.2 3 0 15.1 9.4 5.0 2.5 2 0 2 0 0
3701.7 553.2 2.7 183 0 9.9 12.9 5.0 2.5 4 1 2 5 5
3702.7 469.8 2.6 183 0 13.2 19.2 2.5 0.0 0 1 1 0 0
3668.4 460.1 1.6 3 0 11.0 11.6 5.0 2.5 2 1 2 4 4
3662.5 423.8 0.0 93 0 12.6 15.5 5.0 0.0 0 1 2 4 4
3663.4 334.0 -3.6 3 0 6.6 13.6 5.0 2.5 2 1 2 4 4
3821.5 -584.7 -3.2 3 0 11.2 15.5 2.5 2.5 2 1 1 3 3
3829.3 -556.9 -4.3 3 0 6.4 13.9 2.5 2.5 2 1 1 3 3
3870.5 -563.5 -5.4 183 0 8.5 9.4 2.5 2.5 2 1 1 4 4
3887.5 -516.9 -4.7 3 0 10.6 14.3 2.5 2.5 2 1 1 4 4
3890.0 -463.9 -3.1 3 0 8.4 12.4 2.5 2.5 2 1 1 5 5
3843.2 -382.4 -2.4 3 0 6.9 18.4 5.0 2.5 2 1 2 0 0
3852.6 -330.8 -0.6 3 0 8.8 15.6 5.0 2.5 2 1 2 3 3
3873.9 -345.2 -0.6 183 0 12.5 17.8 5.0 2.5 2 1 2 4 4
3883.6 -287.0 -0.4 183 0 9.1 14.7 5.0 2.5 2 1 2 5 5
3839.6 -283.9 -0.3 3 0 8.1 13.0 5.0 2.5 2 1 2 1 1
3879.5 -197.7 -0.2 183 0 11.2 8.7 5.0 2.5 2 0 2 2 2
3849.2 -214.8 -1.0 3 0 14.3 10.9 5.0 2.5 2 0 2 4 4
3844.6 -161.1 -1.9 3 0 8.2 10.0 5.0 2.5 2 1 2 3 3
3864.5 -104.7 -2.5 3 0 8.2 14.1 5.0 2.5 2 1 2 4 4
3884.8 -17.1 -0.6 183 0 11.3 11.0 5.0 2.5 2 0 2 1 1
3867.2 -18.2 -1.3 3 0 8.1 13.0 5.0 2.5 2 1 2 0 0
3843.3 47.5 -2.3 183 0 9.3 12.9 5.0 2.5 2 1 2 3 3
3868.3 58.9 -1.6 3 0 7.9 15.0 5.0 2.5 2 1 2 0 0
3890.0 72.3 0.1 183 0 5.2 13.7 5.0 2.5 2 1 2 2 2
3877.4 100.7 -0.3 3 0 12.7 8.6 5.0 2.5 2 0 2 5 5
3891.8 121.4 0.3 183 0 6.8 11.5 5.0 0.0 0 1 2 0 0
3896.3 141.5 0.4 183 0 7.6 15.4 5.0 2.5 2 1 2 4 4
3875.8 136.6 -0.6 3 0 7.5 13.0 5.0 2.5 2 1 2 5 5
3869.4 149.8 -0.9 3 0 12.7 15.4 5.0 2.5 2 1 2 1 1
3867.0 221.6 0.2 3 0 12.3 19.9 5.0 0.0 0 1 2 0 0
3880.0 346.6 -0.2 3 0 16.6 21.1 2.5 2.5 2 1 1 1 1
3881.7 396.0 -0.8 3 0 8.5 14.7 2.5 2.5 2 1 1 5 5
3884.7 405.4 -1.0 3 0 6.9 13.6 2.5 2.5 2 1 1 3 3
4096.7 339.9 -1.9 3 0 10.8 13.7 2.5 2.5 2 1 1 3 3
4095.3 447.0 -2.5 3 0 9.1 15.0 2.5 2.5 2 1 1 4 4
4093.5 512.8 -0.6 3 0 6.8 10.9 2.5 2.5 2 1 1 4 4
4125.1 509.9 -1.4 183 0 11.8 15.7 5.0 2.5 2 1 2 4 4
4086.4 292.2 0.2 3 0 6.5 11.5 2.5 2.5 2 1 1 1 1
4133.9 338.1 -1.6 273 0 10.3 7.7 5.0 2.5 2 0 2 2 2
4117.7 295.9 0.1 183 0 9.8 11.7 5.0 2.5 4 1 2 2 2
4115.0 266.6 0.6 183 0 9.0 14.1 5.0 2.5 2 1 2 2 2
4081.8 265.7 0.4 3 0 13.1 10.6 2.5 2.5 2 0 1 3 3
4083.6 239.7 0.2 3 0 15.0 14.4 2.5 2.5 2 0 1 3 3
4087.3 210.0 -0.1 3 0 8.8 21.8 2.5 2.5 2 1 1 2 2
4065.9 141.9 -1.4 273 0 12.5 12.3 5.0 2.5 2 0 2 5 5
4059.8 111.7 -1.9 183 0 6.5 11.8 5.0 2.5 2 1 2 4 4
4053.5 -297.1 -3.0 3 0 7.6 15.6 5.0 2.5 2 1 2 0 0
4089.5 -398.9 0.0 183 0 9.7 14.4 5.0 2.5 2 1 2 5 5
4085.0 -604.4 2.8 93 0 10.4 4.7 5.0 2.5 2 0 2 5 5
4079.9 -575.8 2.1 183 0 5.3 11.0 5.0 2.5 4 1 2 2 2
4083.6 -473.7 0.1 183 0 9.1 15.6 5.0 2.5 2 1 2 0 0
4083.2 -500.1 0.4 183 0 8.2 15.6 5.0 0.0 0 1 2 2 2
4052.6 -495.5 0.2 3 0 9.5 10.8 5.0 2.5 2 1 2 0 0
4052.9 -478.0 0.0 3 0 7.3 15.4 5.0 2.5 4 1 2 4 4
4070.7 -345.8 -1.2 3 0 9.5 16.5 5.0 2.5 2 1 2 5 5
4048.5 -268.0 -3.6 273 0 12.3 10.2 5.0 2.5 2 0 2 3 3
4094.6 -272.6 -2.4 183 0 11.0 17.9 5.0 2.5 2 1 2 2 2
4077.2 -180.9 -1.0 3 0 9.6 13.8 2.5 2.5 2 1 1 2 2
4103.1 -200.1 -1.8 183 0 9.2 10.5 2.5 2.5 2 1 1 5 5
4103.7 -174.3 -1.8 183 0 9.5 11.7 2.5 2.5 2 1 1 5 5
4093.3 -115.3 -1.4 183 0 9.4 15.6 5.0 2.5 4 1 2 4 4
4067.1 -106.1 -0.3 3 0 12.1 15.7 2.5 2.5 2 1 1 1 1
4066.5 -60.8 -0.6 3 0 10.5 18.8 2.5 0.0 0 1 1 2 2
4068.9 35.9 -1.3 3 0 7.3 8.3 2.5 2.5 2 1 1 0 0
4069.3 11.0 -1.1 3 0 5.7 13.4 2.5 2.5 2 1 1 4 4
4119.9 39.6 -2.2 273 0 14.1 9.7 2.5 2.5 2 0 1 5 5
4107.5 118.8 -2.6 183 0 7.0 14.2 2.5 2.5 2 1 1 1 1
4124.2 103.4 -3.1 93 0 11.2 7.4 2.5 2.5 2 0 1 2 2
4323.2 589.3 0.6 93 0 12.3 15.5 5.0 2.5 2 1 2 2 2
4320.1 551.4 -0.3 3 0 11.4 8.0 5.0 2.5 2 0 2 5 5
4364.7 497.4 0.3 273 0 9.1 21.4 7.5 2.5 2 1 3 5 5
4373.6 441.9 0.3 3 0 26.9 13.5 7.5 0.0 0 0 3 5 5
4299.4 403.7 -2.0 3 0 8.4 13.5 5.0 2.5 2 1 2 3 3
4323.5 316.2 -0.7 183 0 7.5 12.7 5.0 2.5 2 1 2 1 1
4304.5 309.1 -2.5 3 0 5.6 17.8 5.0 2.5 2 1 2 4 4
4302.6 298.9 -2.3 3 0 12.4 8.9 5.0 0.0 0 0 2 5 5
4288.4 225.9 -3.2 3 0 9.7 9.3 2.5 2.5 2 0 1 0 0
4288.2 200.9 -3.5 3 0 8.5 15.3 2.5 0.0 0 1 1 2 2
4340.0 211.4 -4.2 273 0 11.7 8.6 2.5 2.5 4 0 1 4 4
4314.0 176.0 -4.7 183 0 6.8 16.3 2.5 0.0 0 1 1 3 3
4334.9 109.9 -4.6 273 0 10.1 5.9 2.5 2.5 2 0 1 5 5
4326.5 47.3 -4.4 273 0 10.9 7.1 5.0 2.5 2 0 2 2 2
4284.0 125.2 -3.4 3 0 9.6 12.3 2.5 2.5 2 1 1 1 1
4281.7 100.7 -3.0 3 0 7.1 11.8 2.5 2.5 2 1 1 5 5
4291.4 49.3 -3.4 3 0 10.9 15.5 2.5 2.5 2 1 1 5 5
4214.4 -194.8 -2.5 93 0 9.1 7.3 7.5 2.5 2 0 3 5 5
4315.8 -526.6 0.4 93 0 13.5 9.9 7.5 2.5 4 0 3 5 5
4309.9 -450.5 1.5 93 0 12.9 10.2 5.0 2.5 2 0 2 4 4
4249.2 -367.6 2.0 93 0 12.4 7.2 2.5 2.5 4 0 1 0 0
4265.9 -308.0 -0.4 3 0 9.7 16.1 2.5 2.5 2 1 1 5 5
4303.3 -310.3 -1.3 183 0 5.3 11.6 5.0 2.5 2 1 2 5 5
4302.5 -288.8 -1.9 183 0 7.8 13.9 5.0 0.0 0 1 2 3 3
4314.6 -26.0 -3.6 183 0 8.4 13.2 5.0 2.5 2 1 2 4 4
4311.4 -75.1 -4.1 183 0 6.9 13.6 5.0 2.5 2 1 2 2 2
4392.5 -130.4 -4.1 93 0 9.2 19.3 5.0 2.5 2 1 2 0 0
4437.8 -127.9 -3.2 93 0 6.8 13.5 5.0 2.5 2 1 2 2 2
4463.7 -129.1 -2.3 93 0 6.4 15.8 5.0 2.5 2 1 2 2 2
4492.0 -220.3 -3.5 3 0 7.4 10.6 2.5 2.5 2 1 1 1 1
4477.5 -191.2 -3.4 3 0 10.0 8.4 2.5 2.5 2 0 1 1 1
4474.6 -162.4 -3.3 273 0 10.9 14.9 2.5 0.0 0 1 1 2 2
4570.2 -178.6 -3.1 273 0 5.9 13.7 5.0 2.5 2 1 2 3 3
4578.0 -125.5 -2.8 3 0 17.5 9.8 2.5 2.5 2 0 1 1 1
4646.3 -138.5 -4.3 93 0 10.1 11.2 2.5 2.5 2 1 1 1 1
4647.2 -174.4 -4.1 273 0 14.3 12.2 2.5 2.5 2 0 1 1 1
