-6802.5 3705.7 -4.0 319 0 10.2 14.3 2.5 0.0 0 1 1 0 0
-6719.1 -1960.6 -7.8 214 0 11.5 8.4 2.5 0.0 0 0 1 5 5
-6703.8 -1937.5 -6.8 218 0 10.9 31.1 2.5 2.5 2 1 1 2 2
-6666.1 -1886.6 -6.3 213 0 9.0 17.3 2.5 2.5 2 1 1 4 4
-6660.8 -1877.3 -5.8 213 0 10.8 20.1 2.5 2.5 2 1 1 3 3
-6710.5 -1966.2 -7.4 217 0 7.7 13.6 2.5 2.5 2 1 1 2 2
-6711.5 -1993.5 -8.0 127 0 8.2 11.9 2.5 2.5 2 1 1 5 5
-6625.4 -1998.7 -3.6 217 0 7.0 10.6 2.5 2.5 2 1 1 0 0
-6630.1 -2005.9 -3.8 217 0 5.9 10.1 2.5 0.0 0 1 1 0 0
-6639.7 -2020.0 -4.2 217 0 11.5 16.7 2.5 2.5 2 1 1 5 5
-6621.4 -2056.5 -3.0 217 0 4.5 10.0 2.5 2.5 2 1 1 5 5
-6611.5 -2046.2 -2.7 217 0 10.9 9.8 2.5 2.5 2 0 1 3 3
-6615.7 -2033.8 -2.9 217 0 8.0 9.8 2.5 2.5 2 1 1 2 2
-6595.4 -2014.4 -2.1 217 0 7.9 7.7 2.5 2.5 2 0 1 4 4
-6584.7 -2005.3 -1.6 217 0 5.8 9.0 2.5 2.5 2 1 1 5 5
-6590.9 -2002.9 -2.1 127 0 8.6 4.4 2.5 2.5 2 0 1 5 5
-6605.7 -2002.5 -3.0 37 0 6.7 7.5 2.5 2.5 2 1 1 1 1
-6598.3 -1994.9 -2.7 37 0 5.4 8.6 2.5 2.5 2 1 1 0 0
-6606.4 -1945.3 -2.9 127 0 9.7 15.8 2.5 2.5 2 1 1 1 1
-6646.9 -1914.3 -5.4 127 0 13.3 7.1 2.5 2.5 2 0 1 4 4
-6656.7 -1926.3 -5.8 127 0 10.2 15.0 2.5 2.5 2 1 1 5 5
-6687.8 -1921.7 -6.8 217 0 4.3 8.9 2.5 2.5 2 1 1 3 3
-6650.5 -1947.9 -5.3 127 0 9.4 5.0 2.5 2.5 2 0 1 0 0
-6654.6 -1952.5 -5.4 217 0 7.5 18.3 2.5 2.5 2 1 1 1 1
-6660.8 -1958.1 -5.6 217 0 6.5 10.3 2.5 2.5 2 1 1 0 0
-6644.9 -1970.1 -5.4 37 0 6.7 9.2 2.5 2.5 2 1 1 1 1
-6631.9 -1951.2 -5.0 37 0 9.2 11.4 2.5 2.5 2 1 1 5 5
-6623.8 -1950.8 -4.3 127 0 8.8 9.6 2.5 2.5 2 1 1 2 2
-6613.1 -1970.1 -4.5 37 0 14.8 19.5 2.5 2.5 2 1 1 2 2
-6606.3 -1973.7 -3.0 217 0 7.0 7.0 2.5 2.5 2 1 1 3 3
-6615.0 -1982.3 -3.3 217 0 4.8 9.8 2.5 2.5 2 1 1 4 4
-6619.0 -1986.6 -3.4 217 0 4.3 10.6 2.5 2.5 2 1 1 0 0
-6633.1 -1970.7 -4.5 217 0 8.2 9.8 2.5 2.5 2 1 1 4 4
-6637.7 -1976.2 -4.6 217 0 4.6 9.8 2.5 2.5 2 1 1 1 1
-6630.0 -1990.2 -4.4 37 0 4.7 8.3 2.5 2.5 2 1 1 5 5
-6635.7 -1998.2 -4.5 37 0 4.8 7.6 2.5 2.5 2 1 1 3 3
-6646.8 -2011.3 -5.1 37 0 11.4 8.0 2.5 2.5 2 0 1 2 2
-6651.0 -1986.1 -5.4 217 0 4.8 9.9 2.5 2.5 2 1 1 2 2
-6659.1 -1996.2 -5.8 217 0 9.7 8.8 2.5 2.5 2 0 1 3 3
-6668.1 -2008.3 -6.1 217 0 5.8 9.4 2.5 2.5 2 1 1 0 0
-6672.5 -2013.4 -6.3 217 0 3.4 9.8 2.5 2.5 2 1 1 4 4
-6675.4 -2017.6 -6.4 217 0 4.8 9.7 2.5 2.5 2 1 1 1 1
-6665.4 -1994.7 -6.2 37 0 5.1 7.7 2.5 2.5 2 1 1 4 4
-6658.0 -1987.1 -5.9 37 0 3.8 9.2 2.5 2.5 2 1 1 2 2
-6652.2 -1978.3 -5.7 37 0 12.7 8.5 2.5 2.5 2 0 1 3 3
-6666.5 -1965.0 -5.9 217 0 9.0 10.0 2.5 2.5 2 1 1 2 2
-6670.7 -1970.5 -6.1 217 0 4.0 9.6 2.5 2.5 4 1 1 5 5
-6674.2 -1974.9 -6.3 217 0 4.7 9.7 2.5 2.5 2 1 1 2 2
-6677.8 -1979.5 -6.4 217 0 4.1 9.8 2.5 2.5 2 1 1 1 1
-6680.9 -1983.8 -6.6 217 0 4.1 9.5 2.5 2.5 2 1 1 0 0
-6685.6 -1992.3 -6.9 217 0 7.7 11.6 2.5 2.5 4 1 1 0 0
-6693.4 -2001.7 -7.3 217 0 9.7 20.1 2.5 2.5 2 1 1 5 5
-6263.4 -920.1 -0.5 90 0 10.4 10.3 5.0 2.5 2 0 2 1 1
-6273.3 -918.4 -0.6 90 0 5.7 8.8 5.0 2.5 2 1 2 3 3
-6284.3 -936.5 -2.8 271 0 13.4 6.3 5.0 2.5 2 0 2 4 4
-6296.5 -951.7 -3.8 179 0 7.9 10.7 5.0 2.5 2 1 2 3 3
-6319.7 -915.9 -2.7 91 0 11.4 19.4 5.0 2.5 2 1 2 4 4
-6793.4 3396.8 0.5 71 0 8.7 11.8 5.0 2.5 2 1 2 0 0
-6765.8 3765.1 1.9 48 0 9.2 6.2 7.5 2.5 2 0 3 2 2
-6762.0 3781.5 3.1 226 0 9.9 9.9 2.5 2.5 2 0 1 2 2
-6657.9 2784.5 -10.5 24 0 8.8 17.5 2.5 2.5 2 1 1 5 5
-6656.8 2813.8 -9.9 203 0 10.7 6.7 2.5 0.0 0 0 1 3 3
-6648.0 2827.5 -9.7 198 0 13.9 11.9 2.5 0.0 0 0 1 1 1
-6545.0 2739.1 -8.0 103 0 13.3 15.7 5.0 0.0 0 1 2 4 4
-6553.2 2829.6 -10.8 13 0 9.3 8.5 2.5 2.5 2 0 1 2 2
-6572.1 2823.0 -10.5 106 0 11.4 17.1 2.5 2.5 4 1 1 5 5
-6585.4 2982.6 -7.1 285 0 7.4 6.7 2.5 2.5 2 0 1 3 3
-6543.7 2960.9 -11.1 181 0 6.9 16.8 2.5 2.5 2 1 1 1 1
-6567.1 3083.6 -11.6 290 0 11.8 12.7 2.5 2.5 2 1 1 0 0
-6582.3 3165.1 -12.2 179 0 10.9 22.7 2.5 2.5 2 1 1 1 1
-6575.3 3149.9 -12.2 178 0 11.1 18.8 2.5 2.5 2 1 1 0 0
-6499.9 3203.9 -7.0 270 0 11.1 10.7 5.0 2.5 2 0 2 3 3
-6693.7 3691.3 1.0 222 0 11.7 11.6 2.5 2.5 2 0 1 1 1
-6704.7 3646.5 -0.7 221 0 18.3 38.1 2.5 2.5 2 1 1 5 5
-6760.9 3612.9 -4.2 137 0 19.4 36.7 2.5 0.0 0 1 1 3 3
-6762.3 3661.2 -3.9 314 0 26.5 19.8 2.5 2.5 2 0 1 0 0
-6818.3 3612.8 -8.1 320 0 7.3 12.3 5.0 0.0 0 1 2 5 5
-6819.1 3583.1 -9.0 50 0 13.4 17.9 5.0 2.5 4 1 2 2 2
-6851.7 3644.4 -8.8 324 0 7.8 11.8 5.0 2.5 2 1 2 5 5
-6881.4 3728.9 -6.6 142 0 5.2 10.0 5.0 2.5 2 1 2 2 2
-6396.0 -1204.6 -10.3 26 0 13.1 16.4 5.0 0.0 0 1 2 5 5
-6230.4 -1211.9 -12.0 105 0 11.2 17.6 2.5 2.5 2 1 1 0 0
-6197.3 -1238.2 -10.0 285 0 5.4 12.2 5.0 2.5 2 1 2 4 4
-6415.6 -1313.1 -13.9 202 0 11.9 16.7 5.0 2.5 2 1 2 4 4
-6390.0 -1251.3 -12.6 202 0 8.6 16.6 5.0 2.5 2 1 2 2 2
-6100.3 -871.0 3.8 89 0 7.8 13.9 5.0 2.5 2 1 2 2 2
-6381.8 -1292.9 -13.7 198 0 7.4 30.8 5.0 0.0 0 1 2 1 1
-6525.7 -1309.6 -10.7 108 0 8.2 14.7 5.0 2.5 4 1 2 5 5
-6699.1 -1331.7 -10.4 209 0 7.2 16.1 2.5 2.5 2 1 1 5 5
-6169.3 -1104.5 -7.4 110 0 7.6 18.5 5.0 2.5 2 1 2 5 5
-6340.5 -1130.2 -10.6 202 0 6.7 12.4 5.0 0.0 0 1 2 5 5
-6629.0 -1190.4 -10.2 206 0 6.9 22.9 5.0 2.5 2 1 2 1 1
-6330.6 -1350.5 -14.1 89 0 11.5 17.3 5.0 2.5 2 1 2 2 2
-6105.0 -1452.2 -4.4 288 0 18.8 18.7 2.5 2.5 2 0 1 4 4
-6727.8 -1389.1 -10.8 207 0 18.2 15.8 2.5 2.5 2 0 1 1 1
-6714.2 -1362.8 -10.6 209 0 7.0 15.0 2.5 2.5 2 1 1 0 0
-6718.6 -1369.7 -10.7 208 0 7.0 15.0 2.5 0.0 0 1 1 1 1
-6707.2 -1349.4 -10.7 206 0 13.5 36.4 2.5 2.5 2 1 1 1 1
-6660.8 -1276.3 -8.6 295 0 8.7 5.1 2.5 2.5 2 0 1 1 1
-6687.0 -1306.1 -9.6 209 0 7.4 16.2 2.5 2.5 2 1 1 3 3
-6691.9 -1312.8 -9.8 209 0 8.0 17.1 2.5 0.0 0 1 1 0 0
-6695.7 -1322.5 -10.0 209 0 10.4 15.0 2.5 2.5 2 1 1 2 2
-6675.1 -1333.9 -10.3 209 0 5.7 17.0 2.5 2.5 2 1 1 4 4
-6663.7 -1387.9 -11.6 216 0 12.9 44.1 2.5 0.0 0 1 1 4 4
-6612.7 -1418.2 -11.7 298 0 4.7 5.5 2.5 2.5 2 1 1 2 2
-6606.2 -1395.4 -11.6 296 0 8.2 16.4 2.5 2.5 2 1 1 3 3
-6517.2 -1363.6 -11.5 289 0 15.7 10.9 2.5 2.5 2 0 1 4 4
-6527.5 -1342.8 -11.2 290 0 16.1 23.1 2.5 2.5 2 1 1 1 1
-6534.3 -1324.6 -10.8 291 0 8.3 22.6 2.5 2.5 4 1 1 4 4
-6526.2 -1325.3 -10.9 289 0 6.0 13.1 2.5 0.0 0 1 1 0 0
-6517.7 -1327.7 -11.3 289 0 10.3 16.8 2.5 2.5 2 1 1 0 0
-6509.5 -1332.4 -11.5 290 0 6.3 9.2 2.5 2.5 2 1 1 2 2
-6491.3 -1349.9 -13.4 288 0 48.2 9.1 2.5 2.5 2 0 1 3 3
-6457.0 -1380.3 -14.1 22 0 12.9 16.4 2.5 2.5 2 1 1 5 5
-6465.6 -1406.2 -13.7 30 0 8.8 18.1 2.5 2.5 2 1 1 5 5
-6482.4 -1396.0 -13.0 32 0 8.3 9.5 2.5 0.0 0 1 1 3 3
-6485.2 -1379.8 -12.7 33 0 6.2 8.3 2.5 2.5 2 1 1 4 4
-6490.1 -1388.6 -12.7 33 0 11.9 10.4 2.5 2.5 2 0 1 3 3
-6502.4 -1369.8 -12.2 294 0 11.3 14.8 2.5 2.5 2 1 1 3 3
-6544.8 -1345.6 -10.9 290 0 7.8 14.1 2.5 2.5 4 1 1 4 4
-6543.1 -1322.5 -10.6 289 0 8.5 14.9 2.5 2.5 2 1 1 0 0
-6559.6 -1315.8 -10.4 289 0 11.3 15.5 2.5 2.5 2 1 1 1 1
-6576.9 -1310.8 -10.3 290 0 9.2 20.2 2.5 2.5 2 1 1 2 2
-6614.1 -1296.6 -9.9 290 0 6.1 14.0 2.5 2.5 2 1 1 5 5
-6627.4 -1296.8 -10.0 292 0 17.0 13.5 2.5 2.5 2 0 1 0 0
-6615.1 -1172.5 -9.6 207 0 34.8 23.0 5.0 0.0 0 0 2 3 3
-6556.5 -1195.9 -8.3 201 0 12.3 17.1 5.0 2.5 2 1 2 3 3
-6591.1 -1200.6 -9.3 206 0 5.6 14.0 5.0 2.5 2 1 2 5 5
-6593.8 -1212.2 -9.6 207 0 13.1 14.7 5.0 2.5 2 1 2 4 4
-6579.7 -1218.3 -9.2 208 0 13.4 22.2 5.0 0.0 0 1 2 2 2
-6594.6 -1247.9 -10.0 116 0 10.1 21.1 5.0 2.5 2 1 2 1 1
-6585.4 -1255.0 -9.8 116 0 11.2 23.6 5.0 2.5 4 1 2 4 4
-6589.5 -1286.9 -9.8 111 0 7.5 30.3 5.0 2.5 2 1 2 5 5
-6580.1 -1290.0 -9.9 110 0 10.5 12.0 5.0 2.5 2 1 2 4 4
-6569.5 -1279.3 -9.7 93 0 9.9 16.3 5.0 2.5 2 1 2 1 1
-6559.6 -1290.2 -9.7 112 0 7.0 14.3 5.0 2.5 2 1 2 1 1
-6550.7 -1291.1 -9.8 111 0 8.1 12.6 5.0 2.5 2 1 2 3 3
-6533.3 -1283.6 -9.9 113 0 6.9 10.2 5.0 2.5 2 1 2 4 4
-6537.5 -1297.4 -10.1 109 0 5.7 12.9 5.0 2.5 2 1 2 0 0
-6520.9 -1292.3 -10.3 110 0 6.2 10.4 5.0 2.5 2 1 2 0 0
-6518.7 -1312.6 -10.9 112 0 6.2 5.7 5.0 2.5 2 0 2 4 4
-6450.6 -1332.7 -13.7 110 0 8.5 14.4 5.0 2.5 2 1 2 1 1
-6471.0 -1326.5 -13.0 111 0 9.4 19.8 5.0 2.5 2 1 2 2 2
-6486.1 -1321.5 -12.2 107 0 5.3 7.0 5.0 2.5 2 1 2 1 1
-6494.7 -1316.9 -11.8 108 0 8.5 5.5 5.0 2.5 2 0 2 1 1
-6503.8 -1309.4 -11.3 114 0 8.6 20.1 5.0 2.5 2 1 2 2 2
-6494.1 -1283.5 -10.6 117 0 8.2 6.9 5.0 2.5 2 0 2 5 5
-6489.0 -1311.8 -11.8 109 0 10.5 27.0 5.0 2.5 4 1 2 1 1
-6473.1 -1301.2 -12.0 109 0 11.0 11.7 5.0 2.5 2 1 2 2 2
-6464.7 -1260.3 -10.6 26 0 8.4 17.7 5.0 2.5 2 1 2 4 4
-6485.0 -1239.3 -9.9 32 0 5.7 16.9 5.0 2.5 2 1 2 2 2
-6418.1 -1243.8 -11.1 26 0 8.0 11.8 5.0 2.5 2 1 2 0 0
-6406.8 -1247.2 -11.8 25 0 12.3 9.0 5.0 2.5 2 0 2 2 2
-6404.2 -1233.4 -11.2 28 0 11.2 20.2 5.0 2.5 4 1 2 1 1
-6382.6 -1188.3 -9.8 25 0 13.9 16.1 5.0 2.5 2 1 2 5 5
-6366.5 -1138.3 -8.9 24 0 12.0 23.7 5.0 2.5 2 1 2 4 4
-6372.2 -1118.9 -8.4 16 0 10.4 6.3 5.0 2.5 2 0 2 2 2
-6353.6 -1081.6 -7.7 6 0 4.6 6.2 5.0 2.5 2 1 2 1 1
-6350.3 -1074.7 -7.7 5 0 7.7 18.4 5.0 2.5 2 1 2 5 5
-6369.5 -1209.8 -10.9 204 0 9.2 4.2 5.0 2.5 2 0 2 2 2
-6375.4 -1205.7 -10.7 205 0 10.1 6.2 5.0 2.5 2 0 2 4 4
-6417.9 -1340.0 -14.0 108 0 17.3 15.2 5.0 2.5 2 0 2 4 4
-6401.3 -1274.6 -13.1 198 0 8.3 17.3 5.0 2.5 2 1 2 0 0
-6388.3 -1266.4 -13.0 201 0 12.1 11.5 5.0 2.5 2 0 2 4 4
-6365.9 -1319.1 -13.8 108 0 7.5 9.3 5.0 2.5 2 1 2 5 5
-6368.2 -1328.6 -14.0 111 0 10.7 6.4 5.0 2.5 2 0 2 1 1
-6378.8 -1334.3 -14.0 111 0 19.5 8.5 5.0 2.5 2 0 2 4 4
-6387.1 -1341.0 -14.1 111 0 8.5 8.3 5.0 2.5 2 0 2 4 4
-6379.0 -1350.1 -14.2 109 0 10.5 13.7 5.0 2.5 2 1 2 1 1
-6365.3 -1351.7 -14.2 106 0 5.2 19.1 5.0 2.5 2 1 2 1 1
-6348.6 -1357.3 -14.1 103 0 4.6 6.7 5.0 2.5 4 1 2 5 5
-6350.8 -1339.6 -14.1 105 0 14.7 12.0 5.0 2.5 2 0 2 4 4
-6320.7 -1363.6 -13.7 99 0 17.3 11.2 5.0 2.5 2 0 2 5 5
-6306.5 -1341.0 -13.9 6 0 20.3 10.6 5.0 2.5 2 0 2 4 4
-6309.0 -1314.0 -14.0 11 0 8.4 17.0 5.0 2.5 2 1 2 2 2
-6297.5 -1289.9 -13.8 13 0 21.9 14.6 5.0 2.5 2 0 2 4 4
-6295.4 -1272.2 -13.4 14 0 8.9 12.1 5.0 0.0 0 1 2 0 0
-6309.4 -1246.6 -13.0 16 0 10.7 11.1 5.0 2.5 2 1 2 0 0
-6311.6 -1257.0 -13.0 17 0 8.3 13.0 5.0 2.5 4 1 2 0 0
-6357.3 -1271.8 -13.5 198 0 31.4 15.3 5.0 0.0 0 0 2 0 0
-6368.0 -1261.0 -13.0 197 0 16.1 12.7 5.0 2.5 2 0 2 5 5
-6374.1 -1227.2 -12.0 200 0 16.9 15.2 5.0 2.5 2 0 2 4 4
-6365.0 -1212.7 -11.7 201 0 10.4 24.0 5.0 2.5 2 1 2 2 2
-6349.4 -1232.7 -12.4 198 0 12.1 8.4 5.0 2.5 2 0 2 5 5
-6326.3 -1245.1 -12.6 19 0 26.1 12.2 5.0 2.5 2 0 2 1 1
-6300.5 -1180.2 -12.5 21 0 20.4 18.4 5.0 0.0 0 0 2 4 4
-6289.3 -1184.3 -13.0 19 0 17.0 8.5 5.0 2.5 4 0 2 3 3
-6286.4 -1210.3 -13.4 15 0 9.2 12.5 5.0 2.5 2 1 2 4 4
-6300.0 -1206.2 -12.8 18 0 8.3 7.6 5.0 0.0 0 0 2 5 5
-6331.3 -1198.9 -11.8 196 0 8.5 8.9 5.0 2.5 2 1 2 0 0
-6335.2 -1175.7 -11.1 207 0 6.2 6.7 5.0 2.5 2 1 2 3 3
-6350.3 -1169.2 -10.7 204 0 6.3 14.0 5.0 2.5 2 1 2 5 5
-6350.3 -1153.3 -11.1 202 0 8.6 29.5 5.0 2.5 2 1 2 4 4
-6328.9 -1149.5 -11.3 204 0 8.5 10.1 5.0 2.5 4 1 2 2 2
-6319.3 -1135.1 -11.6 289 0 16.8 10.8 5.0 0.0 0 0 2 5 5
-6271.6 -1156.2 -13.9 11 0 6.4 11.5 5.0 2.5 2 1 2 2 2
-6276.3 -1133.0 -13.8 291 0 5.4 8.8 5.0 0.0 0 1 2 3 3
-6313.4 -1120.7 -11.5 291 0 7.4 9.6 5.0 2.5 2 1 2 1 1
-6329.9 -1099.5 -10.1 109 0 10.1 13.1 5.0 2.5 2 1 2 5 5
-6309.3 -1106.5 -11.3 116 0 9.9 10.3 5.0 2.5 2 1 2 3 3
-6310.4 -1091.2 -10.7 109 0 24.0 19.5 5.0 2.5 2 0 2 2 2
-6283.6 -1082.7 -10.6 20 0 6.3 7.2 5.0 2.5 2 1 2 3 3
-6280.5 -1094.4 -11.6 20 0 11.9 16.4 5.0 2.5 2 1 2 0 0
-6265.0 -1112.3 -14.2 19 0 8.7 14.9 5.0 2.5 4 1 2 5 5
-6269.7 -1095.4 -12.3 16 0 13.9 9.4 5.0 2.5 2 0 2 0 0
-6257.9 -1051.9 -9.2 12 0 15.2 11.3 5.0 2.5 2 0 2 1 1
-6227.5 -945.2 -0.6 179 0 15.1 10.1 5.0 2.5 2 0 2 3 3
-6235.6 -945.4 -1.9 270 0 8.7 14.9 5.0 2.5 2 1 2 3 3
-6244.5 -972.6 -3.7 183 0 21.8 12.9 5.0 2.5 2 0 2 3 3
-6245.1 -994.3 -5.0 184 0 18.7 12.4 5.0 2.5 2 0 2 3 3
-6222.1 -970.7 -1.8 192 0 7.5 13.3 5.0 2.5 2 1 2 1 1
-6217.1 -912.2 2.7 185 0 6.4 9.8 5.0 2.5 2 1 2 2 2
-6209.2 -943.2 0.9 187 0 7.7 13.5 5.0 2.5 2 1 2 4 4
-6206.0 -982.7 -1.6 196 0 8.8 11.3 5.0 2.5 2 1 2 1 1
-6177.2 -984.1 -0.5 12 0 15.3 7.3 5.0 2.5 2 0 2 2 2
-6155.4 -991.2 0.4 14 0 11.4 9.1 5.0 2.5 2 0 2 5 5
-6148.8 -961.1 3.3 24 0 6.2 7.2 5.0 0.0 0 1 2 2 2
-6137.9 -884.2 7.0 7 0 6.9 4.9 5.0 2.5 2 0 2 5 5
-6146.0 -860.3 8.0 18 0 6.6 8.6 5.0 2.5 2 1 2 2 2
-6140.9 -784.0 8.1 286 0 8.7 7.1 5.0 2.5 2 0 2 3 3
-6091.8 -827.7 3.8 191 0 3.9 5.4 5.0 0.0 0 1 2 1 1
-6086.8 -889.2 3.8 180 0 4.0 5.5 5.0 2.5 2 1 2 2 2
-6111.7 -851.2 5.1 0 0 12.3 6.5 5.0 2.5 2 0 2 4 4
-6109.3 -863.5 4.7 357 0 9.3 10.9 5.0 2.5 2 1 2 4 4
-6054.5 -810.6 4.2 285 0 7.4 7.4 5.0 2.5 2 1 2 0 0
-6056.8 -826.4 4.2 104 0 6.4 5.5 5.0 2.5 2 0 2 2 2
-6042.2 -809.2 4.4 284 0 10.0 18.0 7.5 2.5 4 1 3 1 1
-6019.4 -912.2 5.2 187 0 6.0 11.9 5.0 2.5 2 1 2 3 3
-6114.0 -1007.3 2.0 309 0 15.5 7.7 5.0 2.5 2 0 2 0 0
-6241.8 -1055.5 -8.9 194 0 11.4 14.1 5.0 2.5 2 1 2 2 2
-6231.0 -1022.7 -5.7 89 0 9.7 7.7 5.0 2.5 2 0 2 3 3
-6216.9 -1020.8 -4.6 108 0 8.9 9.3 5.0 2.5 2 1 2 1 1
-6207.2 -1026.1 -4.4 112 0 10.6 17.1 5.0 2.5 2 1 2 1 1
-6215.4 -1034.4 -5.5 201 0 5.8 10.0 5.0 2.5 2 1 2 0 0
-6205.8 -1092.1 -8.9 104 0 8.4 8.3 5.0 2.5 2 0 2 0 0
-6181.7 -1080.6 -6.9 102 0 15.5 8.2 5.0 2.5 2 0 2 2 2
-6174.1 -1059.2 -4.7 111 0 9.2 10.8 5.0 2.5 4 1 2 3 3
-6161.7 -1061.6 -4.1 112 0 8.4 9.3 5.0 2.5 2 1 2 4 4
-6129.9 -1041.7 -1.1 288 0 8.2 9.0 5.0 0.0 0 1 2 3 3
-6238.1 -1143.6 -12.1 287 0 4.8 17.4 2.5 2.5 2 1 1 1 1
-6244.7 -1140.3 -12.9 286 0 8.3 10.2 2.5 0.0 0 1 1 1 1
-6261.7 -1150.6 -13.8 197 0 7.2 9.0 2.5 2.5 2 1 1 2 2
-6253.8 -1138.1 -13.7 287 0 8.8 9.3 2.5 2.5 2 1 1 4 4
-6259.2 -1163.9 -13.3 190 0 7.4 15.4 2.5 2.5 2 1 1 5 5
-6269.6 -1190.3 -13.7 195 0 17.4 17.2 2.5 2.5 4 0 1 2 2
-6194.5 -1223.2 -9.2 106 0 9.6 15.9 2.5 2.5 2 1 1 1 1
-6177.1 -1209.5 -8.1 23 0 6.0 8.6 2.5 0.0 0 1 1 1 1
-6172.3 -1193.8 -8.0 16 0 20.8 10.3 2.5 2.5 2 0 1 3 3
-6205.5 -1155.4 -9.8 290 0 7.6 5.5 2.5 2.5 2 0 1 4 4
-6206.0 -1176.3 -11.2 290 0 33.6 14.6 2.5 2.5 2 0 1 3 3
-6234.0 -1165.0 -12.3 286 0 15.6 13.7 2.5 0.0 0 0 1 3 3
-6228.6 -1149.9 -11.9 289 0 15.0 14.9 2.5 2.5 2 0 1 2 2
-6239.4 -1096.2 -12.7 285 0 15.5 14.9 5.0 2.5 2 0 2 3 3
-6249.6 -1130.3 -13.4 108 0 15.2 17.5 5.0 2.5 2 1 2 0 0
-6234.0 -1136.4 -12.2 109 0 15.1 18.9 5.0 2.5 2 1 2 0 0
-6223.4 -1104.4 -11.2 289 0 11.0 13.3 5.0 2.5 2 1 2 3 3
-6205.0 -1110.8 -10.4 289 0 19.1 12.4 5.0 0.0 0 0 2 4 4
-6191.1 -1150.8 -9.2 108 0 14.3 15.2 5.0 2.5 2 1 2 3 3
-6120.9 -1054.7 -0.6 290 0 9.0 8.1 5.0 2.5 4 0 2 1 1
-6111.5 -1057.8 0.2 290 0 8.5 8.1 5.0 2.5 2 0 2 1 1
-6100.8 -1061.4 1.0 290 0 7.3 11.7 5.0 2.5 2 1 2 4 4
-6177.4 -1119.1 -8.6 290 0 9.2 17.5 5.0 2.5 2 1 2 2 2
-6167.5 -1124.9 -7.7 290 0 10.1 18.3 5.0 2.5 2 1 2 0 0
-6159.6 -1133.3 -6.8 292 0 6.0 12.8 5.0 2.5 2 1 2 0 0
-6145.3 -1115.1 -5.2 110 0 9.9 17.3 5.0 2.5 4 1 2 2 2
-6124.6 -1121.1 -3.3 110 0 9.5 18.8 5.0 2.5 2 1 2 3 3
-6122.1 -1145.0 -4.0 287 0 17.6 19.3 5.0 2.5 2 1 2 4 4
-6095.1 -1150.7 -0.4 290 0 5.8 5.4 5.0 2.5 4 0 2 5 5
-6109.1 -1127.6 -1.6 110 0 8.4 12.2 5.0 2.5 2 1 2 5 5
-6099.8 -1131.9 -0.5 110 0 6.3 11.0 5.0 2.5 4 1 2 3 3
-6090.8 -1135.3 0.3 110 0 7.0 10.5 5.0 2.5 2 1 2 2 2
-6082.6 -1138.2 1.1 110 0 6.2 9.7 5.0 2.5 2 1 2 4 4
-6074.5 -1140.9 1.8 110 0 6.6 9.3 5.0 2.5 2 1 2 0 0
-6066.6 -1144.0 2.0 110 0 6.4 9.3 5.0 2.5 2 1 2 0 0
-6072.9 -1155.0 1.3 285 0 8.5 14.1 5.0 0.0 0 1 2 3 3
-6095.1 -1262.0 -3.2 5 0 6.4 5.8 5.0 2.5 2 0 2 1 1
-6080.8 -1221.7 -0.7 15 0 10.2 7.8 5.0 2.5 2 0 2 2 2
-6103.8 -1240.1 -2.7 103 0 8.1 11.3 5.0 2.5 2 1 2 5 5
-6124.5 -1238.6 -4.3 105 0 9.6 12.6 5.0 2.5 2 1 2 2 2
-6133.1 -1218.7 -4.2 196 0 4.3 10.6 5.0 2.5 2 1 2 3 3
-6129.7 -1211.7 -3.9 196 0 8.0 11.3 5.0 2.5 2 1 2 2 2
-6114.8 -1217.2 -2.6 185 0 5.8 8.7 5.0 2.5 4 1 2 0 0
-6120.4 -1203.4 -3.0 191 0 10.6 13.6 5.0 2.5 2 1 2 3 3
-6120.2 -1193.8 -2.6 194 0 5.4 11.7 5.0 2.5 2 1 2 0 0
-6150.9 -1173.0 -5.7 290 0 3.9 13.7 5.0 2.5 2 1 2 4 4
-6136.7 -1191.5 -4.8 20 0 6.4 10.4 5.0 2.5 2 1 2 4 4
-6138.5 -1199.0 -4.8 20 0 7.4 9.0 5.0 2.5 4 1 2 1 1
-6145.5 -1208.4 -5.3 20 0 5.5 7.0 5.0 2.5 4 1 2 2 2
-6145.6 -1216.1 -5.4 18 0 6.3 6.5 5.0 2.5 2 1 2 4 4
-6163.5 -1188.9 -6.4 203 0 8.6 10.8 5.0 2.5 2 1 2 2 2
-6168.9 -1199.4 -6.8 199 0 6.6 11.7 5.0 2.5 2 1 2 0 0
-6169.1 -1207.4 -6.8 200 0 7.8 16.0 5.0 2.5 2 1 2 3 3
-6175.6 -1221.5 -7.5 199 0 12.6 16.0 5.0 2.5 2 1 2 4 4
-6147.0 -1229.8 -6.3 17 0 13.3 11.5 5.0 2.5 2 0 2 3 3
-6133.8 -1262.3 -7.2 15 0 11.1 25.5 5.0 2.5 2 1 2 4 4
-6164.5 -1250.2 -7.9 286 0 8.1 9.9 5.0 2.5 2 1 2 2 2
-6170.7 -1244.3 -8.2 285 0 4.0 14.8 5.0 2.5 2 1 2 4 4
-6219.4 -1235.0 -11.9 282 0 8.0 19.4 5.0 2.5 2 1 2 5 5
-6252.0 -1226.8 -13.2 280 0 7.6 11.3 5.0 2.5 2 1 2 4 4
-6193.3 -1383.4 -9.1 107 0 18.9 54.1 5.0 2.5 2 1 2 0 0
-6190.7 -1261.4 -9.6 306 0 5.7 5.9 5.0 2.5 2 1 2 1 1
-6189.6 -1297.4 -10.0 200 0 7.6 5.5 5.0 0.0 0 0 2 0 0
-6183.4 -1299.2 -9.6 198 0 7.0 7.3 5.0 2.5 2 1 2 3 3
-6229.8 -1274.1 -12.2 108 0 9.4 9.9 5.0 2.5 2 1 2 2 2
-6238.4 -1270.4 -12.5 108 0 7.6 13.5 5.0 2.5 4 1 2 2 2
-6280.3 -1256.6 -13.4 196 0 7.2 13.7 5.0 2.5 2 1 2 4 4
-6276.3 -1275.8 -13.3 106 0 17.9 12.7 5.0 0.0 0 0 2 2 2
-6274.1 -1287.3 -14.3 285 0 18.5 7.7 5.0 2.5 2 0 2 1 1
-6255.7 -1290.8 -14.1 293 0 7.2 14.6 5.0 2.5 4 1 2 1 1
-6297.7 -1359.2 -12.7 192 0 13.2 9.2 5.0 2.5 2 0 2 4 4
-6285.7 -1343.6 -13.1 193 0 13.5 8.8 5.0 2.5 2 0 2 4 4
-6280.6 -1317.7 -13.8 193 0 10.0 16.2 5.0 0.0 0 1 2 3 3
-6252.5 -1358.8 -12.3 109 0 11.0 19.3 5.0 2.5 4 1 2 4 4
-6224.6 -1300.8 -12.2 287 0 10.3 13.5 5.0 2.5 2 1 2 0 0
-6222.4 -1321.8 -11.3 288 0 5.4 4.7 5.0 0.0 0 0 2 0 0
-6227.2 -1332.1 -11.4 287 0 9.7 14.3 5.0 2.5 2 1 2 0 0
-6240.4 -1379.8 -11.1 108 0 10.8 27.4 5.0 2.5 2 1 2 1 1
-6217.8 -1385.7 -9.6 107 0 5.0 8.7 5.0 2.5 2 1 2 5 5
-6218.7 -1375.1 -10.2 107 0 11.9 20.6 5.0 2.5 2 1 2 2 2
-6216.3 -1340.7 -10.7 288 0 10.2 10.3 5.0 2.5 4 1 2 3 3
-6163.0 -1315.7 -9.2 291 0 36.8 13.3 5.0 2.5 2 0 2 4 4
-6135.6 -1308.2 -6.8 198 0 24.1 12.9 5.0 2.5 2 0 2 3 3
-6137.9 -1321.4 -6.9 285 0 11.4 17.9 5.0 2.5 2 1 2 1 1
-6165.7 -1363.3 -7.5 105 0 9.2 7.7 5.0 2.5 2 0 2 4 4
-6153.8 -1395.8 -6.7 105 0 17.6 20.3 5.0 0.0 0 1 2 4 4
-6137.6 -1374.5 -6.4 108 0 5.0 11.2 5.0 2.5 2 1 2 1 1
-6142.1 -1403.6 -6.3 108 0 5.7 20.5 5.0 2.5 2 1 2 2 2
-6135.2 -1406.1 -6.1 108 0 8.2 15.6 5.0 2.5 2 1 2 4 4
-6116.7 -1404.8 -6.5 101 0 6.3 12.8 5.0 2.5 2 1 2 2 2
-6122.4 -1472.9 -3.4 287 0 11.2 19.7 2.5 2.5 2 1 1 1 1
-6101.9 -1514.6 -1.2 98 0 8.2 16.0 2.5 2.5 2 1 1 3 3
-6054.9 -1450.7 -3.1 283 0 5.3 9.1 2.5 2.5 4 1 1 4 4
-6061.8 -1468.2 -2.1 278 0 7.6 19.3 2.5 2.5 2 1 1 5 5
-6042.4 -1457.0 -2.2 281 0 9.9 11.8 2.5 2.5 2 1 1 2 2
-6046.9 -1472.7 -1.3 285 0 11.0 23.8 2.5 2.5 4 1 1 4 4
-6104.8 -1528.4 -0.2 104 0 5.5 13.3 2.5 0.0 0 1 1 2 2
-6114.3 -1533.1 -0.6 102 0 9.8 18.7 2.5 2.5 2 1 1 4 4
-6150.0 -1453.4 -4.4 288 0 9.8 6.5 2.5 2.5 2 0 1 4 4
-6141.9 -1469.9 -3.4 277 0 4.5 6.8 2.5 2.5 2 1 1 4 4
-6110.2 -1471.0 -3.5 289 0 10.8 18.2 2.5 2.5 2 1 1 3 3
-6096.8 -1471.7 -3.0 286 0 7.6 13.0 2.5 0.0 0 1 1 5 5
-6101.3 -1436.9 -5.1 288 0 7.1 8.2 2.5 2.5 2 1 1 4 4
-6080.4 -1381.6 -7.8 274 0 9.0 8.7 5.0 2.5 2 0 2 2 2
-6087.7 -1413.1 -7.5 103 0 14.6 12.3 5.0 2.5 4 0 2 3 3
-6069.3 -1417.3 -6.7 105 0 12.6 8.8 5.0 2.5 2 0 2 0 0
-6053.0 -1418.9 -5.5 103 0 9.2 8.9 5.0 2.5 2 0 2 2 2
-6040.6 -1421.5 -4.7 101 0 13.5 9.2 5.0 2.5 2 0 2 2 2
-6025.8 -1424.1 -3.5 100 0 12.6 10.6 5.0 2.5 2 0 2 5 5
-5993.0 -1431.0 -0.5 104 0 9.2 6.4 5.0 2.5 4 0 2 0 0
-5944.5 -1423.7 2.7 101 0 9.7 10.6 5.0 2.5 2 1 2 3 3
-5944.8 -1444.0 3.1 103 0 9.1 12.0 5.0 2.5 2 1 2 4 4
-5923.4 -1432.8 4.1 94 0 6.2 8.2 5.0 2.5 2 1 2 2 2
-5932.6 -1437.6 3.5 95 0 9.0 13.8 5.0 2.5 2 1 2 5 5
-5925.8 -1449.7 4.3 95 0 5.8 14.7 5.0 2.5 2 1 2 5 5
-5935.2 -1449.4 3.8 96 0 6.5 9.7 5.0 0.0 0 1 2 5 5
-5934.5 -1482.9 4.1 280 0 8.0 11.1 2.5 2.5 2 1 1 0 0
-5950.5 -1475.8 2.7 278 0 16.3 23.0 2.5 2.5 2 1 1 4 4
-5988.9 -1774.5 4.2 190 0 5.0 7.4 5.0 2.5 2 1 2 3 3
-5957.8 -1701.0 2.9 110 0 15.0 9.8 5.0 2.5 2 0 2 2 2
-5955.5 -1672.6 3.1 199 0 9.5 8.1 5.0 2.5 2 0 2 5 5
-5949.1 -1646.4 2.7 197 0 6.3 11.7 5.0 0.0 0 1 2 4 4
-5925.3 -1622.9 2.0 292 0 7.9 8.6 5.0 2.5 4 1 2 4 4
-5934.3 -1619.2 2.6 291 0 8.6 8.8 5.0 2.5 2 1 2 1 1
-5927.4 -1634.8 2.2 21 0 5.5 12.5 5.0 2.5 2 1 2 5 5
-5916.8 -1548.2 3.8 192 0 11.1 19.1 5.0 2.5 4 1 2 0 0
-5913.0 -1531.8 4.8 192 0 10.1 11.7 5.0 2.5 2 1 2 4 4
-5887.9 -1481.0 6.0 268 0 10.2 15.8 5.0 2.5 2 1 2 3 3
-5874.5 -1448.8 4.7 90 0 9.0 9.1 5.0 0.0 0 1 2 1 1
-5857.9 -1476.6 5.1 274 0 16.6 17.7 5.0 2.5 4 1 2 4 4
-5812.5 -1445.6 1.5 100 0 17.4 34.8 5.0 0.0 0 1 2 5 5
-5713.1 -1337.9 -6.0 296 0 8.9 8.9 5.0 2.5 2 1 2 5 5
-5716.6 -1372.3 -8.3 359 0 5.4 11.7 5.0 2.5 4 1 2 4 4
-5721.6 -1422.3 -8.3 21 0 9.1 5.9 5.0 0.0 0 0 2 3 3
-5709.8 -1416.4 -9.8 25 0 8.5 13.3 5.0 0.0 0 1 2 1 1
-5773.4 -1389.7 -3.4 204 0 6.0 13.6 5.0 0.0 0 1 2 5 5
-5772.2 -1448.5 -2.4 198 0 14.6 5.2 5.0 0.0 0 0 2 1 1
-5760.3 -1458.3 -4.0 111 0 5.3 14.4 5.0 2.5 2 1 2 0 0
-5739.4 -1503.2 -6.3 193 0 11.0 6.7 7.5 2.5 2 0 3 4 4
-5755.6 -1515.8 -4.5 99 0 19.0 7.4 5.0 2.5 2 0 2 5 5
-5819.2 -1574.9 -0.4 92 0 6.6 8.1 5.0 2.5 2 1 2 0 0
-5809.6 -1578.9 -1.0 89 0 8.0 12.3 5.0 0.0 0 1 2 1 1
-5761.8 -1543.5 -1.7 359 0 3.2 14.7 5.0 2.5 2 1 2 0 0
-5769.3 -1549.4 -1.1 0 0 5.8 5.6 5.0 2.5 2 0 2 3 3
-5768.8 -1562.0 -1.7 5 0 5.6 6.1 5.0 0.0 0 1 2 2 2
-5744.1 -1565.6 -9.0 178 0 3.9 32.0 2.5 2.5 2 1 1 3 3
-5716.4 -1695.0 0.2 88 0 28.4 31.6 7.5 0.0 0 1 3 1 1
-6599.4 3058.5 -7.5 206 0 6.0 8.0 2.5 2.5 2 1 1 3 3
-6603.8 2918.4 -8.3 20 0 10.6 7.1 2.5 2.5 4 0 1 5 5
-6606.9 2874.3 -9.1 20 0 6.1 10.3 2.5 2.5 2 1 1 1 1
