-1994.3 5883.3 -2.8 224 0 8.5 9.4 2.5 2.5 2 1 1 1 1
-1984.8 5868.6 -2.3 135 0 9.3 9.0 2.5 2.5 2 0 1 3 3
-1977.5 5892.4 -2.3 227 0 6.9 7.1 2.5 2.5 2 1 1 0 0
-1972.7 5911.8 -2.3 235 0 7.8 7.3 2.5 2.5 2 0 1 1 1
-1966.9 5923.3 -2.1 234 0 6.6 12.0 2.5 0.0 0 1 1 4 4
-1956.3 5904.8 -1.9 240 0 9.8 8.4 2.5 2.5 2 0 1 4 4
-1947.3 5915.1 -1.6 247 0 7.7 5.3 2.5 2.5 2 0 1 2 2
-1955.7 5924.1 -1.8 236 0 8.6 9.3 2.5 2.5 2 1 1 0 0
-1943.9 5933.4 -1.5 247 0 9.6 5.8 2.5 2.5 2 0 1 3 3
-1940.4 5926.5 -1.4 241 0 7.1 4.1 2.5 2.5 2 0 1 0 0
-1933.5 5941.4 -1.8 243 0 8.3 6.7 2.5 2.5 2 0 1 4 4
-1929.9 5933.7 -1.5 242 0 6.7 13.0 2.5 0.0 0 1 1 3 3
-1935.0 5916.5 -1.3 241 0 6.8 8.0 2.5 2.5 2 1 1 0 0
-1928.5 5906.5 -1.1 246 0 4.9 11.1 2.5 2.5 2 1 1 5 5
-1936.4 5904.4 -1.3 248 0 5.2 8.7 2.5 2.5 2 1 1 1 1
-1944.9 5899.9 -1.6 248 0 5.6 7.4 2.5 2.5 2 1 1 3 3
-1916.6 5930.7 -1.5 251 0 8.1 10.1 2.5 2.5 2 1 1 5 5
-1930.0 5957.1 -4.4 65 0 6.5 15.6 5.0 2.5 2 1 2 1 1
-1908.8 5966.7 -4.1 68 0 10.2 10.6 5.0 2.5 4 1 2 0 0
-1860.8 5884.4 0.1 72 0 7.9 6.3 2.5 2.5 2 0 1 3 3
-1876.3 5910.5 -0.7 339 0 12.2 7.6 2.5 2.5 2 0 1 2 2
-1798.8 5941.4 -0.2 57 0 4.8 9.2 5.0 2.5 2 1 2 2 2
-1808.1 5936.4 -0.3 55 0 4.7 8.7 5.0 2.5 2 1 2 4 4
-1813.8 5928.8 -0.3 57 0 6.8 10.6 5.0 0.0 0 1 2 5 5
-1828.0 5934.2 -0.4 242 0 4.9 10.2 5.0 2.5 2 1 2 3 3
-1836.5 5928.1 -0.5 243 0 8.1 12.0 5.0 2.5 2 1 2 5 5
-1849.4 5909.1 -0.4 153 0 10.0 5.1 5.0 2.5 2 0 2 0 0
-1846.7 5925.5 -0.7 244 0 7.0 11.6 5.0 2.5 2 1 2 2 2
-1818.5 5965.5 -0.6 241 0 9.1 12.5 5.0 2.5 2 1 2 5 5
-1827.3 5947.9 -0.6 155 0 10.6 7.0 5.0 2.5 2 0 2 4 4
-1830.2 5936.9 -0.6 154 0 3.8 6.9 5.0 2.5 4 1 2 3 3
-1839.0 5954.9 -0.8 153 0 10.3 9.8 5.0 2.5 2 0 2 2 2
-1841.7 5942.5 -0.9 154 0 15.6 7.1 5.0 2.5 2 0 2 5 5
-1849.4 5940.4 -1.0 152 0 14.5 7.2 5.0 2.5 2 0 2 5 5
-1861.5 5921.5 -0.7 337 0 5.3 8.7 2.5 2.5 2 1 1 3 3
-1866.5 5931.6 -1.5 333 0 7.9 8.0 2.5 2.5 2 1 1 4 4
-1878.9 5968.1 -2.4 247 0 8.7 21.1 2.5 2.5 2 1 1 0 0
-1859.8 5965.4 -1.3 166 0 17.6 20.9 5.0 2.5 2 1 2 4 4
-1816.5 5890.3 -0.2 247 0 10.7 6.1 2.5 2.5 2 0 1 0 0
-1818.3 5854.4 0.4 167 0 15.0 8.6 2.5 2.5 2 0 1 1 1
-1831.2 5850.0 0.6 173 0 12.0 9.8 2.5 0.0 0 0 1 5 5
-1848.9 5845.2 0.9 171 0 10.0 8.3 2.5 2.5 2 0 1 5 5
-1853.2 5799.0 1.9 172 0 11.5 18.2 2.5 2.5 2 1 1 2 2
-1782.4 5796.2 2.5 327 0 13.0 12.3 2.5 2.5 2 0 1 1 1
-5522.6 6161.0 -8.2 281 0 11.4 13.3 5.0 2.5 2 1 2 5 5
-5511.2 6113.2 -9.1 101 0 13.6 12.1 5.0 2.5 2 0 2 0 0
-5489.9 6071.8 -10.0 94 0 6.7 8.3 5.0 2.5 2 1 2 3 3
-5583.8 6165.4 -8.0 281 0 7.9 7.6 5.0 2.5 2 0 2 0 0
-5550.8 6053.7 -10.1 270 0 10.6 5.3 5.0 2.5 2 0 2 5 5
-5552.1 6047.4 -10.1 269 0 9.8 5.0 5.0 2.5 2 0 2 5 5
-5547.8 6066.1 -10.0 276 0 8.1 7.9 5.0 2.5 2 0 2 0 0
-5541.2 6045.2 -10.4 271 0 6.9 8.9 5.0 2.5 2 1 2 3 3
-5527.6 6053.5 -10.5 279 0 8.4 12.5 5.0 2.5 2 1 2 1 1
-5519.1 6029.2 -10.6 96 0 8.2 8.7 5.0 2.5 2 1 2 5 5
-5516.7 6051.6 -10.4 275 0 8.2 6.1 5.0 2.5 2 0 2 2 2
-5515.9 6060.4 -10.4 274 0 9.5 7.8 5.0 2.5 2 0 2 0 0
-5507.5 6032.3 -10.5 95 0 8.2 9.0 5.0 2.5 2 1 2 0 0
-5495.4 6049.1 -10.4 275 0 7.9 13.1 5.0 0.0 0 1 2 2 2
-5485.9 6048.5 -10.3 274 0 9.1 11.8 5.0 2.5 2 1 2 0 0
-5483.1 6058.0 -10.1 275 0 10.2 8.4 5.0 0.0 0 0 2 2 2
-5472.5 6047.3 -10.1 268 0 5.6 7.3 5.0 2.5 2 1 2 2 2
-5458.5 6057.3 -10.0 276 0 8.5 10.3 5.0 2.5 2 1 2 2 2
-5572.2 6070.6 -9.5 277 0 7.8 10.1 5.0 2.5 2 1 2 3 3
-5578.1 6057.0 -9.6 182 0 4.5 9.0 5.0 2.5 2 1 2 1 1
-5579.7 6047.8 -9.7 186 0 10.0 6.9 5.0 0.0 0 0 2 1 1
-5601.4 6034.5 -9.7 175 0 6.4 4.7 5.0 2.5 2 0 2 4 4
-5624.6 5971.7 -8.7 357 0 7.8 8.8 2.5 0.0 0 1 1 3 3
-5618.4 5959.0 -8.2 185 0 13.8 13.5 5.0 2.5 2 0 2 4 4
-5606.0 5975.4 -8.7 179 0 8.3 10.8 5.0 2.5 2 1 2 5 5
-5619.4 6025.0 -9.9 2 0 15.1 11.7 5.0 2.5 2 0 2 1 1
-5656.1 6048.9 -9.5 272 0 5.7 8.4 5.0 2.5 2 1 2 1 1
-5670.9 6047.7 -9.7 272 0 3.6 3.4 5.0 2.5 2 0 2 1 1
-5676.1 6038.1 -9.8 90 0 5.9 10.7 5.0 0.0 0 1 2 0 0
-5707.4 6041.6 -10.1 92 0 7.1 9.0 5.0 2.5 2 1 2 4 4
-5718.8 6046.7 -10.2 95 0 3.3 7.2 5.0 2.5 2 1 2 3 3
-5724.7 6045.9 -10.3 94 0 7.4 7.6 5.0 2.5 2 1 2 4 4
-5749.8 6041.1 -10.4 94 0 8.2 10.6 5.0 2.5 2 1 2 5 5
-5763.2 6037.2 -10.4 97 0 7.4 7.9 5.0 2.5 4 1 2 1 1
-5583.4 6057.1 -9.4 3 0 6.9 5.5 5.0 2.5 2 0 2 3 3
-5582.9 6065.4 -9.3 7 0 7.6 5.9 5.0 2.5 2 0 2 4 4
-5594.0 6054.9 -9.3 96 0 6.6 15.6 5.0 2.5 2 1 2 1 1
-5606.5 6053.1 -9.2 89 0 6.7 8.0 5.0 2.5 2 1 2 1 1
-5603.7 6070.3 -9.1 273 0 11.0 8.1 5.0 2.5 2 0 2 3 3
-5612.8 6048.0 -9.3 6 0 7.7 9.3 5.0 2.5 2 1 2 5 5
-5611.4 6058.9 -9.1 0 0 4.8 9.5 5.0 2.5 2 1 2 2 2
-5615.6 6070.1 -9.0 272 0 10.1 7.9 5.0 0.0 0 0 2 3 3
-5638.4 6072.3 -8.9 272 0 6.4 5.2 5.0 2.5 2 0 2 2 2
-5636.9 6064.8 -9.1 272 0 7.0 9.1 5.0 2.5 2 1 2 5 5
-5652.8 6056.2 -9.3 271 0 7.6 4.1 5.0 0.0 0 0 2 0 0
-5652.0 6074.0 -9.2 269 0 9.6 14.4 5.0 2.5 2 1 2 3 3
-5663.7 6062.6 -9.5 276 0 7.5 10.0 5.0 2.5 2 1 2 2 2
-5685.8 6076.7 -9.6 272 0 7.3 11.2 5.0 2.5 2 1 2 5 5
-5698.9 6065.9 -9.8 274 0 3.7 8.0 5.0 2.5 2 1 2 4 4
-5706.2 6069.6 -9.9 273 0 7.7 10.4 5.0 2.5 4 1 2 1 1
-5702.7 6077.9 -9.7 272 0 13.1 7.8 5.0 2.5 2 0 2 0 0
-5718.6 6078.7 -9.9 269 0 9.9 7.0 5.0 2.5 2 0 2 3 3
-5734.2 6070.5 -10.2 272 0 12.5 9.0 5.0 2.5 2 0 2 2 2
-5732.1 6079.5 -10.0 273 0 11.6 7.9 5.0 2.5 2 0 2 4 4
-5745.6 6081.8 -10.2 270 0 10.7 11.1 5.0 2.5 2 1 2 2 2
-5745.9 6070.1 -10.3 271 0 9.1 5.4 5.0 2.5 2 0 2 5 5
-5756.9 6082.3 -10.2 277 0 9.3 6.7 5.0 2.5 4 0 2 3 3
-5530.9 6149.0 -8.3 282 0 5.0 7.2 5.0 2.5 2 1 2 5 5
-5549.3 6155.4 -8.2 280 0 4.6 5.5 5.0 2.5 2 1 2 2 2
-5553.6 6163.9 -8.1 272 0 8.9 6.3 5.0 2.5 2 0 2 3 3
-5566.4 6171.0 -7.9 274 0 5.5 5.7 5.0 2.5 2 1 2 2 2
-5573.6 6165.9 -8.1 284 0 7.6 9.7 5.0 0.0 0 1 2 1 1
-5510.9 6143.0 -8.5 284 0 8.1 6.6 5.0 2.5 2 0 2 3 3
-5523.9 6133.7 -8.6 104 0 11.1 4.1 5.0 2.5 2 0 2 3 3
-5524.4 6126.8 -8.7 101 0 9.1 5.5 5.0 2.5 2 0 2 0 0
-5527.9 6117.3 -9.0 101 0 13.1 9.3 5.0 0.0 0 0 2 1 1
-5540.4 6122.1 -8.8 104 0 9.6 13.1 5.0 2.5 2 1 2 3 3
-5561.4 6126.7 -8.6 105 0 8.8 6.5 5.0 2.5 2 0 2 4 4
-5555.6 6156.5 -8.2 280 0 6.8 11.9 5.0 2.5 2 1 2 2 2
-5562.1 6134.1 -8.4 108 0 5.1 7.7 5.0 2.5 2 1 2 4 4
-5573.5 6129.0 -8.5 104 0 13.7 21.6 5.0 2.5 2 1 2 2 2
-5594.5 6130.0 -8.4 96 0 12.7 9.7 5.0 2.5 2 0 2 5 5
-5584.7 6141.6 -8.3 99 0 11.6 11.8 5.0 2.5 2 1 2 2 2
-5595.2 6142.0 -8.2 97 0 5.4 13.7 5.0 2.5 4 1 2 0 0
-5607.3 6165.4 -7.9 187 0 7.3 10.3 5.0 2.5 4 1 2 5 5
-5606.0 6173.6 -7.7 184 0 6.7 12.6 5.0 2.5 4 1 2 3 3
-5613.6 6150.2 -8.0 195 0 10.3 14.1 5.0 2.5 2 1 2 2 2
-5607.6 6135.4 -8.0 98 0 10.1 5.3 5.0 2.5 2 0 2 0 0
-5634.1 6139.8 -7.9 95 0 11.1 17.8 5.0 2.5 2 1 2 4 4
-5647.7 6137.4 -8.1 93 0 10.6 11.4 5.0 2.5 2 1 2 5 5
-5660.5 6151.0 -8.1 93 0 9.0 5.1 5.0 2.5 2 0 2 5 5
-5661.4 6138.3 -8.3 95 0 11.2 12.2 5.0 2.5 2 1 2 0 0
-5678.4 6141.8 -8.4 93 0 9.4 15.1 5.0 2.5 2 1 2 4 4
-5691.3 6143.8 -8.6 88 0 7.5 11.0 5.0 2.5 2 1 2 5 5
-5735.5 6156.5 -8.6 92 0 8.6 8.2 5.0 2.5 2 0 2 3 3
-5735.5 6147.9 -8.8 91 0 10.1 7.2 5.0 2.5 2 0 2 2 2
-5750.4 6149.1 -8.8 94 0 13.9 11.2 5.0 2.5 4 0 2 1 1
-5771.0 6148.3 -9.2 90 0 12.6 11.0 5.0 2.5 2 0 2 4 4
-5486.0 6142.6 -8.2 286 0 8.0 4.8 5.0 2.5 4 0 2 2 2
-5540.7 6153.6 -8.3 281 0 10.4 11.5 5.0 2.5 2 1 2 1 1
-5539.0 6163.3 -8.1 286 0 14.9 7.8 5.0 2.5 2 0 2 5 5
-5522.4 6146.7 -8.5 280 0 11.4 8.0 5.0 2.5 2 0 2 1 1
-5500.4 6144.6 -8.4 292 0 7.3 7.2 5.0 2.5 2 0 2 4 4
-5506.3 6126.4 -8.7 98 0 8.4 7.0 5.0 2.5 2 0 2 2 2
-5493.0 6108.8 -9.1 100 0 9.5 14.6 5.0 0.0 0 1 2 5 5
-5481.8 6116.3 -8.7 101 0 6.7 6.1 5.0 2.5 2 0 2 5 5
-5482.9 6105.2 -9.0 102 0 9.7 10.3 5.0 2.5 2 1 2 5 5
-5468.1 6128.2 -8.5 291 0 7.7 12.7 5.0 0.0 0 1 2 5 5
-5461.3 6111.5 -8.5 99 0 10.9 7.3 5.0 2.5 2 0 2 1 1
-5463.8 6101.5 -8.8 101 0 12.2 8.6 5.0 2.5 2 0 2 5 5
-5450.1 6106.9 -8.4 99 0 10.2 6.9 5.0 2.5 2 0 2 0 0
-5439.4 6095.5 -8.4 104 0 8.0 14.2 5.0 2.5 2 1 2 5 5
-5424.6 6109.3 -8.1 283 0 9.3 5.6 5.0 2.5 2 0 2 5 5
-5423.3 6095.7 -8.4 15 0 7.6 10.4 5.0 2.5 4 1 2 0 0
-5424.9 6082.3 -8.8 283 0 8.3 8.8 5.0 2.5 4 1 2 2 2
-5432.9 6086.7 -8.7 276 0 5.3 5.1 5.0 2.5 2 0 2 3 3
-5466.1 6092.9 -9.3 275 0 7.8 10.1 5.0 2.5 2 1 2 0 0
-5455.4 6092.8 -9.1 276 0 9.2 8.2 5.0 2.5 2 0 2 4 4
-5458.5 6075.4 -9.4 93 0 8.7 8.6 5.0 2.5 2 0 2 2 2
-5462.1 6065.9 -9.7 95 0 5.7 8.1 5.0 2.5 2 1 2 5 5
-5472.4 6066.6 -9.9 91 0 11.6 11.7 5.0 2.5 2 1 2 1 1
-5477.8 6080.4 -9.6 101 0 8.5 4.6 5.0 2.5 2 0 2 0 0
-5477.1 6094.4 -9.4 284 0 12.0 8.0 5.0 2.5 2 0 2 2 2
-5495.1 6099.1 -9.6 279 0 10.4 7.7 5.0 2.5 2 0 2 2 2
-5501.7 6086.4 -9.9 183 0 7.3 12.2 5.0 2.5 2 1 2 5 5
-5498.7 6081.8 -10.0 274 0 8.6 4.2 5.0 2.5 2 0 2 3 3
-5499.8 6071.3 -10.1 95 0 8.5 5.1 5.0 2.5 4 0 2 1 1
-5506.6 6083.6 -9.9 359 0 4.4 11.8 2.5 2.5 2 1 1 1 1
-5506.6 6089.4 -9.7 7 0 4.9 9.2 2.5 2.5 2 1 1 1 1
-5504.3 6097.1 -9.6 9 0 8.7 10.5 2.5 2.5 2 1 1 4 4
-5526.8 6085.2 -9.7 94 0 10.0 4.6 2.5 2.5 2 0 1 2 2
-5528.4 6074.3 -10.0 95 0 9.7 9.2 2.5 2.5 2 0 1 4 4
-5541.8 6098.1 -9.5 279 0 5.0 8.0 2.5 0.0 0 1 1 4 4
-5541.7 6110.3 -9.3 277 0 9.4 8.9 2.5 2.5 2 0 1 2 2
-5532.7 6107.0 -9.3 276 0 8.8 6.8 2.5 2.5 2 0 1 1 1
-5533.8 6098.4 -9.5 274 0 8.5 4.5 2.5 2.5 2 0 1 2 2
-5539.6 6083.4 -9.7 93 0 10.2 4.5 2.5 2.5 2 0 1 3 3
-5553.1 6084.0 -9.6 91 0 6.9 6.8 2.5 2.5 2 0 1 2 2
-5552.5 6076.9 -9.8 91 0 12.2 6.3 2.5 2.5 2 0 1 5 5
-5564.0 6078.5 -9.5 93 0 8.5 11.6 2.5 2.5 2 1 1 2 2
-5554.8 6101.5 -9.4 272 0 11.6 5.8 2.5 2.5 2 0 1 0 0
-5585.6 6113.0 -8.9 190 0 12.2 11.6 2.5 0.0 0 0 1 3 3
-5587.2 6101.5 -9.0 189 0 6.5 11.2 2.5 2.5 2 1 1 0 0
-5575.0 6077.5 -9.3 95 0 9.3 12.7 2.5 0.0 0 1 1 1 1
-5584.8 6077.7 -9.1 95 0 7.7 14.9 2.5 2.5 2 1 1 1 1
-5640.6 6099.8 -8.5 95 0 5.3 6.4 5.0 2.5 2 1 2 5 5
-5617.8 6114.0 -8.2 7 0 13.4 16.1 5.0 2.5 2 1 2 5 5
-5630.0 6100.6 -8.5 358 0 5.0 7.0 5.0 0.0 0 1 2 5 5
-5629.0 6080.3 -8.7 94 0 7.6 16.6 5.0 2.5 2 1 2 3 3
-5641.8 6091.6 -8.6 93 0 7.3 6.5 5.0 2.5 4 0 2 4 4
-5643.7 6082.7 -8.8 94 0 9.4 7.4 5.0 2.5 2 0 2 2 2
-5657.5 6083.5 -9.0 99 0 12.7 11.8 5.0 2.5 2 0 2 0 0
-5657.6 6103.6 -8.7 98 0 6.6 7.5 5.0 2.5 2 1 2 3 3
-5654.6 6127.7 -8.6 279 0 10.2 15.6 5.0 2.5 2 1 2 0 0
-5665.9 6126.8 -8.7 276 0 6.0 15.7 5.0 2.5 2 1 2 2 2
-5673.1 6099.0 -8.9 101 0 7.6 5.0 5.0 0.0 0 0 2 4 4
-5673.0 6092.7 -9.0 99 0 5.2 4.8 5.0 2.5 2 0 2 0 0
-5672.9 6085.6 -9.1 96 0 10.2 6.2 5.0 2.5 4 0 2 3 3
-5684.2 6095.3 -9.1 93 0 10.5 12.3 5.0 0.0 0 1 2 2 2
-5685.0 6086.9 -9.3 94 0 10.8 7.2 5.0 0.0 0 0 2 5 5
-5693.9 6132.3 -8.9 273 0 9.0 8.0 5.0 2.5 2 0 2 5 5
-5696.4 6123.1 -9.0 279 0 5.6 6.9 5.0 2.5 2 1 2 5 5
-5694.6 6097.4 -9.2 89 0 7.2 6.4 5.0 2.5 2 0 2 2 2
-5698.6 6087.7 -9.4 93 0 9.1 8.1 5.0 2.5 2 0 2 4 4
-5705.0 6099.9 -9.3 96 0 6.2 11.2 5.0 2.5 2 1 2 3 3
-5712.2 6103.3 -9.3 95 0 4.1 6.6 5.0 0.0 0 1 2 5 5
-5725.1 6136.4 -9.2 274 0 12.0 8.9 5.0 2.5 4 0 2 2 2
-5726.5 6126.7 -9.3 278 0 8.2 6.2 5.0 2.5 2 0 2 0 0
-5741.3 6099.1 -9.8 90 0 11.2 10.2 5.0 2.5 2 0 2 5 5
-5744.1 6091.3 -9.9 95 0 13.2 6.8 5.0 2.5 2 0 2 1 1
-5742.4 6123.7 -9.5 282 0 3.0 4.9 5.0 2.5 2 1 2 3 3
-5737.8 6123.1 -9.5 277 0 5.6 8.0 5.0 2.5 2 1 2 0 0
-5739.7 6136.7 -9.4 279 0 12.0 11.8 5.0 2.5 2 0 2 4 4
-5753.1 6137.4 -9.5 273 0 10.3 14.5 5.0 2.5 2 1 2 4 4
-5760.8 6110.1 -9.8 99 0 6.1 5.8 5.0 2.5 4 0 2 2 2
-5762.7 6103.7 -9.9 98 0 4.9 5.0 5.0 0.0 0 1 2 4 4
-5760.7 6093.4 -10.1 95 0 11.8 9.5 5.0 2.5 2 0 2 1 1
-5778.2 6114.7 -9.9 178 0 4.0 5.0 5.0 0.0 0 1 2 5 5
-5778.7 6106.4 -10.0 179 0 4.1 6.1 5.0 2.5 2 1 2 0 0
-5775.9 6092.7 -10.3 89 0 8.1 10.9 5.0 2.5 2 1 2 5 5
-5814.7 6065.4 -10.4 93 0 12.9 8.2 5.0 2.5 2 0 2 3 3
-5802.6 6099.3 -10.3 358 0 11.5 10.0 5.0 2.5 2 0 2 5 5
-5814.8 6098.6 -10.3 0 0 11.5 34.9 5.0 2.5 2 1 2 2 2
-5854.9 6129.2 -10.3 272 0 10.3 29.4 5.0 2.5 2 1 2 5 5
-5921.2 6098.5 -10.5 181 0 14.3 48.5 5.0 2.5 4 1 2 3 3
-1874.4 5984.2 -2.4 61 0 9.1 8.7 5.0 2.5 2 0 2 0 0
-1898.7 5972.5 -4.0 73 0 8.2 12.4 5.0 2.5 2 1 2 1 1
-1884.3 5976.5 -3.3 62 0 11.1 12.8 5.0 2.5 2 1 2 0 0
-5611.9 6096.9 -8.7 215 0 18.2 19.5 2.5 2.5 2 1 1 0 0
