2386.3 -543.0 -5.9 126 0 12.2 15.0 2.5 2.5 2 1 1 4 4
2412.0 -526.2 -6.1 310 0 22.9 11.9 12.5 2.5 2 0 5 1 1
2445.5 -552.7 -4.7 310 0 39.7 12.0 10.0 2.5 2 0 4 5 5
5042.9 -2689.4 -10.0 244 0 6.2 8.1 2.5 0.0 0 1 1 2 2
5060.4 -2720.7 -13.7 239 0 11.2 8.5 5.0 2.5 2 0 2 0 0
5064.2 -2730.9 -14.9 238 0 9.9 9.6 5.0 2.5 2 0 2 2 2
5038.6 -2749.5 -14.2 244 0 5.4 6.9 5.0 2.5 2 1 2 4 4
5046.7 -2742.0 -14.9 237 0 7.6 7.1 5.0 2.5 2 0 2 1 1
5080.3 -2723.0 -13.0 242 0 8.6 7.6 5.0 2.5 2 0 2 0 0
5096.2 -2717.6 -11.6 246 0 10.1 8.3 5.0 2.5 2 0 2 5 5
5094.3 -2708.9 -10.4 241 0 9.3 6.4 5.0 2.5 2 0 2 0 0
5121.0 -2637.8 -6.6 152 0 9.6 9.3 2.5 2.5 2 0 1 5 5
5134.8 -2680.7 -6.4 66 0 9.2 12.4 2.5 2.5 2 1 1 5 5
5156.0 -2654.9 -4.5 63 0 7.0 6.2 2.5 2.5 2 0 1 1 1
5172.3 -2663.7 -3.5 63 0 7.8 6.0 2.5 2.5 2 0 1 1 1
5163.2 -2686.9 -4.7 248 0 8.9 8.6 5.0 0.0 0 0 2 5 5
5197.1 -2675.8 -4.4 247 0 6.8 7.5 5.0 2.5 2 1 2 2 2
5188.0 -2662.6 -3.8 237 0 7.4 10.9 5.0 0.0 0 1 2 2 2
5202.0 -2642.8 -4.0 60 0 7.2 10.2 2.5 2.5 4 1 1 1 1
5202.2 -2654.0 -3.5 237 0 9.3 7.6 5.0 2.5 2 0 2 0 0
5223.2 -2645.5 -3.3 234 0 8.4 7.8 5.0 2.5 2 0 2 3 3
5153.9 -2623.7 -6.5 56 0 8.3 8.6 2.5 2.5 2 1 1 4 4
5160.7 -2577.9 -6.2 239 0 7.6 10.4 2.5 2.5 4 1 1 4 4
5201.1 -2577.4 -4.0 238 0 7.6 9.4 2.5 2.5 2 1 1 2 2
5209.4 -2571.4 -3.7 232 0 7.1 9.2 2.5 2.5 2 1 1 1 1
5217.9 -2563.2 -3.6 239 0 8.1 10.7 2.5 2.5 2 1 1 0 0
5228.6 -2604.0 -2.5 52 0 7.9 7.2 2.5 2.5 2 0 1 0 0
5226.1 -2593.4 -2.7 59 0 6.4 10.5 2.5 2.5 2 1 1 2 2
5237.1 -2615.7 -2.1 56 0 7.9 9.6 2.5 2.5 2 1 1 2 2
5247.2 -2608.3 -1.6 60 0 9.4 8.3 2.5 2.5 2 0 1 3 3
5262.3 -2615.9 -1.3 239 0 9.7 6.7 5.0 2.5 2 0 2 5 5
5274.1 -2606.9 -0.5 235 0 8.3 8.2 5.0 2.5 2 0 2 4 4
5269.4 -2650.3 -1.9 53 0 8.7 6.0 5.0 2.5 2 0 2 4 4
5282.1 -2643.1 -0.9 60 0 9.4 9.8 5.0 2.5 2 1 2 4 4
5287.5 -2630.9 -0.2 57 0 8.8 5.4 5.0 2.5 2 0 2 2 2
5293.8 -2637.0 -0.1 52 0 10.3 7.2 5.0 2.5 2 0 2 3 3
5229.4 -2495.1 -5.1 242 0 7.7 6.2 2.5 2.5 2 0 1 5 5
5212.7 -2513.9 -5.6 145 0 8.5 8.5 2.5 2.5 2 0 1 1 1
5218.5 -2543.0 -4.5 144 0 13.4 12.4 2.5 2.5 2 0 1 2 2
5236.3 -2552.9 -3.1 144 0 11.6 10.0 2.5 2.5 2 0 1 3 3
5290.9 -2583.1 -1.9 53 0 60.2 37.8 2.5 0.0 0 0 1 2 2
5259.7 -2499.8 -3.4 242 0 6.8 11.6 2.5 2.5 2 1 1 1 1
5280.3 -2528.5 -2.5 51 0 9.3 16.1 2.5 2.5 2 1 1 1 1
5259.0 -2543.2 -2.8 53 0 23.3 10.8 2.5 2.5 2 0 1 3 3
5268.6 -2492.4 -3.3 237 0 6.5 12.2 2.5 2.5 2 1 1 0 0
5247.1 -2489.3 -4.4 239 0 8.4 10.6 2.5 2.5 2 1 1 1 1
5258.8 -2485.9 -3.9 242 0 8.5 7.6 2.5 2.5 2 0 1 1 1
5266.2 -2476.5 -3.9 234 0 7.7 12.5 2.5 2.5 2 1 1 5 5
5280.7 -2475.9 -3.4 243 0 6.5 6.3 2.5 2.5 2 0 1 1 1
5275.3 -2468.0 -3.9 238 0 8.4 6.6 2.5 2.5 2 0 1 1 1
5291.2 -2518.0 -2.3 54 0 6.5 13.0 2.5 2.5 4 1 1 5 5
5298.6 -2503.2 -2.2 324 0 13.8 8.6 2.5 2.5 2 0 1 0 0
5313.1 -2538.4 -1.2 52 0 8.5 17.4 2.5 2.5 2 1 1 4 4
5318.0 -2524.5 -1.2 46 0 7.8 10.7 2.5 2.5 2 1 1 4 4
5319.2 -2633.4 -5.4 229 0 14.7 9.0 2.5 2.5 4 0 1 1 1
5359.5 -2576.7 -1.0 46 0 7.5 9.0 5.0 2.5 2 1 2 0 0
5354.5 -2596.7 -4.0 233 0 8.2 7.7 2.5 2.5 2 0 1 2 2
5330.0 -2547.3 -0.2 51 0 8.0 8.5 2.5 2.5 2 1 1 5 5
5348.4 -2530.5 -0.3 42 0 9.6 7.8 2.5 2.5 2 0 1 5 5
5353.9 -2538.7 -1.6 234 0 9.0 9.4 5.0 2.5 4 1 2 0 0
5329.1 -2513.2 -1.1 45 0 8.8 9.2 2.5 2.5 2 1 1 3 3
5314.8 -2460.1 -2.9 333 0 7.6 7.6 2.5 2.5 4 1 1 5 5
5304.2 -2466.0 -3.1 331 0 8.0 7.4 2.5 2.5 2 0 1 2 2
5327.8 -2461.6 -2.6 53 0 8.7 7.8 2.5 2.5 2 0 1 4 4
5328.0 -2473.0 -1.9 321 0 6.2 7.4 2.5 0.0 0 1 1 4 4
5331.3 -2479.1 -1.6 318 0 5.6 8.9 2.5 0.0 0 1 1 0 0
5342.1 -2484.4 -1.2 228 0 10.5 12.0 2.5 0.0 0 1 1 4 4
5333.9 -2492.5 -1.2 225 0 7.9 11.8 2.5 0.0 0 1 1 0 0
5352.5 -2511.8 -0.9 49 0 9.2 7.3 2.5 2.5 2 0 1 5 5
5368.2 -2492.4 -1.5 46 0 8.4 9.0 2.5 2.5 2 1 1 0 0
5351.0 -2475.3 -1.5 226 0 10.3 8.6 2.5 2.5 2 0 1 5 5
5357.0 -2460.5 -2.4 48 0 9.0 8.3 2.5 2.5 2 0 1 0 0
5364.1 -2454.1 -2.9 48 0 7.2 12.9 2.5 2.5 2 1 1 0 0
5382.5 -2446.4 -3.8 49 0 9.6 9.1 2.5 2.5 2 0 1 5 5
5375.3 -2453.9 -3.1 54 0 8.3 10.5 2.5 2.5 2 1 1 0 0
5357.4 -2519.8 -0.8 51 0 6.1 7.5 2.5 2.5 2 1 1 3 3
5367.2 -2511.9 -1.6 47 0 7.0 8.5 2.5 2.5 2 1 1 3 3
5362.3 -2587.1 -4.5 225 0 9.2 7.6 2.5 2.5 2 0 1 3 3
5375.1 -2570.1 -6.8 224 0 9.6 9.6 2.5 2.5 2 1 1 0 0
5388.7 -2553.9 -8.7 218 0 6.7 7.6 2.5 2.5 2 1 1 4 4
5393.7 -2545.7 -8.7 206 0 8.1 5.2 2.5 0.0 0 0 1 2 2
5362.7 -2560.8 -2.3 48 0 10.9 5.4 5.0 2.5 4 0 2 3 3
5376.4 -2555.7 -3.9 50 0 7.4 7.7 5.0 2.5 2 1 2 5 5
5385.2 -2544.2 -5.0 42 0 7.7 7.5 5.0 2.5 2 0 2 1 1
5382.8 -2495.8 -1.1 40 0 9.3 8.7 2.5 2.5 2 0 1 1 1
5396.7 -2511.9 -2.3 35 0 9.1 9.2 5.0 2.5 2 1 2 5 5
5413.6 -2485.4 -1.6 207 0 12.2 8.9 2.5 2.5 2 0 1 5 5
5372.3 -2352.4 2.4 231 0 4.4 5.9 2.5 2.5 2 1 1 5 5
5365.0 -2354.4 2.3 239 0 5.8 6.7 2.5 2.5 2 1 1 0 0
5359.5 -2360.9 1.4 323 0 9.8 7.6 2.5 2.5 2 0 1 2 2
5346.7 -2372.9 0.5 143 0 8.8 5.7 2.5 2.5 2 0 1 3 3
5355.4 -2348.8 4.0 321 0 8.0 7.4 2.5 2.5 2 0 1 5 5
5360.1 -2341.1 6.2 57 0 6.0 6.9 2.5 0.0 0 1 1 0 0
5366.1 -2344.3 4.4 323 0 6.1 7.8 2.5 2.5 2 1 1 5 5
5376.6 -2325.1 5.3 51 0 7.1 9.1 2.5 0.0 0 1 1 4 4
5390.4 -2328.1 1.9 239 0 7.8 6.6 2.5 2.5 2 0 1 2 2
5395.8 -2321.6 1.3 146 0 5.8 5.6 2.5 2.5 2 0 1 4 4
5406.9 -2318.8 -0.8 237 0 6.3 7.3 2.5 0.0 0 1 1 4 4
5400.2 -2324.4 0.7 241 0 8.4 8.2 2.5 2.5 4 0 1 5 5
5385.3 -2336.8 1.9 242 0 6.6 7.7 2.5 2.5 2 1 1 1 1
5390.5 -2344.5 0.6 238 0 8.4 6.6 2.5 2.5 2 0 1 3 3
5407.2 -2336.0 -1.1 241 0 9.5 8.1 2.5 2.5 2 0 1 0 0
5417.9 -2344.5 -2.1 331 0 4.5 7.6 2.5 2.5 2 1 1 4 4
5423.9 -2346.7 -2.9 327 0 3.4 10.7 2.5 0.0 0 1 1 5 5
5407.1 -2356.0 -2.9 258 0 9.9 7.6 2.5 2.5 2 0 1 4 4
5401.3 -2370.6 -3.5 174 0 7.7 10.4 2.5 2.5 2 1 1 0 0
5397.4 -2383.9 -4.2 154 0 6.1 13.7 2.5 2.5 2 1 1 2 2
5428.8 -2405.5 -9.1 55 0 6.9 10.7 2.5 2.5 2 1 1 0 0
5438.8 -2431.1 -8.3 45 0 8.2 12.1 2.5 2.5 2 1 1 0 0
5443.9 -2441.3 -10.2 217 0 12.1 5.6 2.5 2.5 4 0 1 3 3
5449.6 -2419.8 -9.9 45 0 9.8 13.0 2.5 2.5 2 1 1 1 1
5457.1 -2421.8 -12.3 223 0 7.3 9.8 2.5 2.5 2 1 1 4 4
5465.9 -2410.3 -12.0 228 0 11.3 9.2 2.5 2.5 2 0 1 1 1
5474.9 -2400.8 -12.0 231 0 8.1 11.8 2.5 2.5 2 1 1 2 2
5481.2 -2392.4 -10.6 221 0 10.7 8.2 2.5 2.5 2 0 1 4 4
5433.0 -2331.9 -3.5 314 0 5.4 9.7 2.5 2.5 2 1 1 1 1
5438.5 -2336.1 -4.1 314 0 4.6 9.6 2.5 0.0 0 1 1 2 2
5444.3 -2322.1 -5.3 134 0 7.8 7.5 2.5 2.5 2 0 1 5 5
5441.3 -2325.1 -5.3 324 0 5.2 7.3 2.5 2.5 2 1 1 3 3
5441.5 -2329.8 -5.6 233 0 7.8 4.6 2.5 2.5 2 0 1 2 2
5448.7 -2335.6 -5.8 322 0 4.9 6.4 2.5 0.0 0 1 1 1 1
5449.6 -2340.2 -6.1 231 0 8.5 6.7 2.5 2.5 2 0 1 0 0
5459.1 -2335.7 -5.9 47 0 8.1 8.9 2.5 2.5 2 1 1 4 4
5466.5 -2347.6 -6.9 227 0 7.4 11.8 2.5 2.5 2 1 1 3 3
5466.0 -2328.8 -5.7 44 0 8.1 13.6 2.5 2.5 2 1 1 1 1
5471.5 -2325.2 -5.7 138 0 8.0 9.1 2.5 2.5 4 1 1 5 5
5472.9 -2316.7 -5.4 48 0 8.5 5.9 2.5 2.5 2 0 1 3 3
5486.8 -2280.7 -0.6 228 0 9.1 11.0 2.5 0.0 0 1 1 2 2
5476.4 -2286.6 -1.0 230 0 7.5 7.5 2.5 2.5 2 1 1 1 1
5469.5 -2293.8 -2.4 225 0 6.2 9.8 2.5 2.5 2 1 1 0 0
5460.7 -2300.5 -4.5 230 0 10.4 12.6 2.5 2.5 2 1 1 0 0
5418.7 -2310.0 -1.4 316 0 5.2 10.9 2.5 2.5 2 1 1 5 5
5422.6 -2316.3 -2.9 315 0 6.8 9.2 2.5 2.5 2 1 1 0 0
5422.8 -2330.8 -1.9 322 0 9.2 7.9 2.5 0.0 0 0 1 0 0
5431.3 -2321.3 -4.1 324 0 8.4 8.6 2.5 2.5 2 1 1 4 4
5438.2 -2312.2 -4.6 47 0 7.2 16.9 2.5 2.5 2 1 1 5 5
5444.4 -2303.2 -2.7 50 0 8.5 11.6 2.5 2.5 2 1 1 3 3
5452.6 -2295.6 -1.0 49 0 7.0 13.3 2.5 2.5 4 1 1 1 1
5460.5 -2285.9 1.0 50 0 10.2 12.9 2.5 2.5 2 1 1 0 0
5468.7 -2276.1 2.9 56 0 7.8 7.4 2.5 2.5 2 0 1 4 4
5480.1 -2269.2 4.1 51 0 9.7 9.5 2.5 2.5 2 0 1 0 0
5461.9 -2350.3 -7.1 321 0 6.9 10.3 2.5 2.5 2 1 1 5 5
5461.0 -2359.2 -7.4 239 0 9.2 5.3 2.5 2.5 2 0 1 5 5
5470.4 -2372.3 -7.9 54 0 14.9 7.1 2.5 2.5 2 0 1 0 0
5483.8 -2377.5 -8.0 50 0 8.5 10.1 2.5 2.5 2 1 1 2 2
5488.9 -2384.1 -11.8 225 0 8.2 12.8 2.5 2.5 2 1 1 5 5
5494.7 -2376.3 -11.6 222 0 10.2 12.9 2.5 2.5 2 1 1 1 1
5503.9 -2367.6 -11.6 220 0 8.4 12.5 2.5 2.5 2 1 1 3 3
5480.4 -2332.8 -6.3 227 0 7.9 8.1 2.5 2.5 4 1 1 2 2
5493.1 -2350.2 -6.8 48 0 12.3 9.9 2.5 2.5 2 0 1 2 2
5523.7 -2278.0 -2.4 52 0 5.6 5.4 2.5 2.5 2 0 1 3 3
5508.8 -2263.5 -0.8 229 0 6.0 10.1 2.5 2.5 2 1 1 0 0
5501.4 -2268.3 0.2 228 0 6.9 9.0 2.5 2.5 2 1 1 0 0
5517.1 -2286.1 -2.2 53 0 9.5 13.1 2.5 2.5 2 1 1 1 1
5508.1 -2292.9 -2.5 52 0 9.3 11.7 2.5 2.5 2 1 1 0 0
5492.2 -2304.8 -3.9 47 0 8.5 9.2 2.5 2.5 2 1 1 2 2
5492.8 -2324.7 -6.0 225 0 6.7 6.5 2.5 2.5 2 0 1 2 2
5502.1 -2337.9 -6.4 46 0 7.2 6.6 2.5 2.5 2 0 1 5 5
5518.4 -2330.0 -6.3 47 0 8.3 5.2 2.5 2.5 2 0 1 2 2
5524.2 -2336.1 -6.7 47 0 8.1 6.9 2.5 0.0 0 0 1 3 3
5515.9 -2342.7 -6.7 43 0 7.3 6.9 2.5 0.0 0 0 1 5 5
5511.0 -2350.1 -6.9 50 0 7.4 11.3 2.5 2.5 2 1 1 0 0
5502.5 -2360.5 -7.3 54 0 9.4 11.2 2.5 0.0 0 1 1 0 0
5493.7 -2367.4 -7.6 46 0 9.1 11.7 2.5 2.5 2 1 1 0 0
5521.9 -2350.5 -11.0 229 0 8.1 10.2 2.5 2.5 2 1 1 0 0
5527.3 -2344.0 -11.3 221 0 7.7 11.8 2.5 2.5 2 1 1 1 1
5533.5 -2336.0 -12.2 223 0 9.6 14.8 2.5 2.5 2 1 1 5 5
5552.1 -2315.8 -11.2 222 0 8.7 10.6 2.5 2.5 2 1 1 5 5
5557.1 -2308.6 -11.5 221 0 6.7 12.3 2.5 2.5 2 1 1 1 1
5562.3 -2301.7 -11.2 222 0 8.6 11.7 2.5 0.0 0 1 1 2 2
5574.0 -2288.5 -11.4 230 0 8.9 11.0 2.5 2.5 2 1 1 2 2
5581.0 -2282.0 -11.5 229 0 7.7 10.5 2.5 2.5 2 1 1 3 3
5571.1 -2278.6 -5.9 48 0 9.9 8.2 2.5 2.5 2 0 1 4 4
5581.9 -2268.1 -5.9 50 0 9.3 6.9 2.5 2.5 2 0 1 2 2
5593.7 -2267.9 -11.1 232 0 19.0 9.5 2.5 2.5 2 0 1 5 5
5615.5 -2240.1 -6.4 46 0 10.9 8.0 2.5 2.5 2 0 1 0 0
5607.1 -2247.8 -6.5 50 0 6.7 10.6 2.5 2.5 2 1 1 2 2
5600.0 -2253.7 -6.3 49 0 6.2 11.8 2.5 2.5 2 1 1 2 2
5590.9 -2260.2 -6.1 53 0 10.3 10.8 2.5 2.5 2 1 1 1 1
5604.9 -2257.1 -11.0 234 0 7.8 9.6 2.5 0.0 0 1 1 0 0
5612.9 -2248.3 -10.9 225 0 9.2 10.8 2.5 2.5 2 1 1 3 3
5623.2 -2232.4 -6.2 51 0 7.4 9.4 2.5 0.0 0 1 1 3 3
5614.9 -2220.4 -5.9 238 0 7.6 4.4 2.5 2.5 2 0 1 3 3
5630.9 -2223.8 -6.0 52 0 9.3 9.8 2.5 2.5 2 1 1 2 2
5645.5 -2206.7 -1.8 54 0 8.9 7.6 2.5 2.5 2 0 1 3 3
5635.8 -2215.5 -4.3 51 0 6.1 6.9 2.5 0.0 0 1 1 5 5
5620.6 -2210.7 -4.8 237 0 9.7 5.3 2.5 2.5 4 0 1 3 3
5610.0 -2213.9 -5.1 234 0 7.3 7.0 2.5 0.0 0 0 1 3 3
5601.5 -2221.9 -5.5 233 0 10.4 8.9 2.5 0.0 0 0 1 5 5
5590.8 -2222.9 -3.9 54 0 6.0 6.8 2.5 2.5 2 1 1 1 1
5589.0 -2230.6 -5.4 229 0 14.0 11.7 2.5 2.5 2 0 1 0 0
5576.3 -2239.6 -4.9 229 0 9.8 10.6 2.5 2.5 2 1 1 1 1
5569.3 -2248.0 -5.0 234 0 9.6 11.8 2.5 2.5 2 1 1 5 5
5561.3 -2256.6 -5.0 231 0 7.8 12.0 2.5 2.5 2 1 1 5 5
5551.8 -2263.9 -4.4 233 0 8.6 6.0 2.5 2.5 2 0 1 0 0
5550.5 -2274.4 -5.0 226 0 7.8 5.8 2.5 2.5 4 0 1 1 1
5549.5 -2288.1 -5.3 44 0 9.6 4.3 2.5 2.5 4 0 1 0 0
5523.2 -2252.0 -1.7 230 0 8.0 7.4 2.5 2.5 2 0 1 3 3
5530.7 -2268.3 -2.9 56 0 8.6 7.5 2.5 2.5 2 0 1 4 4
5547.6 -2258.0 -3.3 53 0 7.2 7.0 2.5 0.0 0 0 1 3 3
5538.5 -2259.4 -2.7 49 0 6.7 7.5 2.5 2.5 2 1 1 4 4
5534.2 -2241.1 -2.4 229 0 8.1 12.9 2.5 2.5 2 1 1 5 5
5555.5 -2252.4 -3.4 51 0 7.8 7.9 2.5 2.5 2 1 1 3 3
5565.6 -2242.7 -3.5 55 0 11.8 14.1 2.5 2.5 2 1 1 1 1
5565.4 -2220.7 -3.1 231 0 10.7 9.5 2.5 2.5 2 0 1 4 4
5578.8 -2228.6 -3.8 322 0 6.9 9.6 2.5 2.5 2 1 1 3 3
5597.6 -2214.3 -2.8 59 0 11.7 9.6 2.5 0.0 0 0 1 2 2
5608.5 -2205.6 -0.9 59 0 7.8 9.6 2.5 2.5 2 1 1 4 4
5620.1 -2195.6 1.4 56 0 7.5 8.3 2.5 2.5 2 1 1 0 0
5592.5 -2196.5 0.7 244 0 9.2 6.8 2.5 2.5 2 0 1 5 5
5571.1 -2201.1 2.5 57 0 7.9 7.3 2.5 2.5 2 0 1 5 5
5560.9 -2208.6 1.1 56 0 7.9 9.1 2.5 2.5 2 1 1 1 1
5550.2 -2216.2 -0.3 56 0 7.5 9.4 2.5 2.5 2 1 1 3 3
5543.7 -2231.9 -2.1 238 0 9.5 7.2 2.5 2.5 2 0 1 3 3
5526.5 -2234.3 -0.3 54 0 9.3 9.3 2.5 2.5 2 0 1 0 0
5514.3 -2241.5 0.9 54 0 9.6 11.9 2.5 2.5 4 1 1 3 3
5504.7 -2248.0 2.3 53 0 7.2 11.2 2.5 2.5 2 1 1 3 3
5497.2 -2253.8 3.2 53 0 7.2 8.9 2.5 2.5 2 1 1 0 0
5490.1 -2263.7 3.5 55 0 7.0 10.0 2.5 2.5 2 1 1 0 0
5565.9 -2287.3 -6.2 41 0 7.9 12.8 2.5 2.5 2 1 1 2 2
5558.7 -2296.2 -6.4 41 0 9.7 10.3 2.5 2.5 2 1 1 5 5
5523.9 -2290.2 -4.0 226 0 11.5 8.9 2.5 2.5 2 0 1 2 2
5512.1 -2300.4 -5.0 227 0 10.6 9.4 2.5 2.5 2 0 1 0 0
5542.7 -2312.3 -6.7 34 0 19.9 17.8 2.5 2.5 2 0 1 5 5
2485.0 -129.6 -8.5 212 0 8.9 13.9 5.0 2.5 2 1 2 5 5
2362.2 -343.8 -5.4 224 0 7.1 15.6 5.0 2.5 2 1 2 4 4
2450.3 -22.2 -11.5 215 0 7.6 9.7 5.0 2.5 2 1 2 5 5
2503.8 -17.0 -7.9 215 0 17.1 7.6 5.0 2.5 2 0 2 4 4
2493.1 -32.7 -8.5 215 0 8.8 7.1 5.0 2.5 2 0 2 5 5
2484.2 -27.2 -9.1 215 0 11.0 10.0 5.0 2.5 2 0 2 4 4
2486.2 -40.5 -8.9 215 0 7.8 7.4 5.0 2.5 2 0 2 1 1
2476.7 -36.1 -9.5 215 0 8.0 8.3 5.0 2.5 2 1 2 5 5
2484.6 -63.1 -9.0 125 0 4.4 5.6 5.0 2.5 2 1 2 2 2
2466.9 -50.6 -10.3 215 0 10.8 18.1 5.0 2.5 2 1 2 4 4
2467.4 -75.3 -9.9 305 0 4.5 6.3 2.5 2.5 2 1 1 4 4
2462.8 -69.5 -10.4 305 0 8.2 10.7 2.5 2.5 2 1 1 5 5
2438.2 8.1 -13.7 33 0 13.7 12.1 2.5 2.5 2 0 1 5 5
2434.7 -12.7 -13.3 34 0 10.2 9.0 2.5 2.5 2 0 1 4 4
2426.0 -7.3 -13.8 34 0 11.2 4.9 2.5 2.5 2 0 1 0 0
2427.2 -24.5 -13.7 34 0 15.2 11.0 2.5 2.5 2 0 1 3 3
2419.4 -38.0 -13.6 39 0 8.2 11.6 2.5 2.5 2 1 1 5 5
2413.9 -46.3 -13.3 39 0 8.3 14.2 2.5 2.5 2 1 1 5 5
2401.2 -47.9 -13.0 39 0 8.0 7.0 2.5 2.5 2 0 1 1 1
2394.9 -56.0 -12.6 39 0 9.7 7.0 2.5 2.5 2 0 1 3 3
2405.4 -58.2 -12.6 39 0 17.8 8.9 2.5 2.5 2 0 1 2 2
2395.1 -69.6 -11.5 35 0 7.1 6.4 2.5 2.5 2 0 1 5 5
2376.6 -84.4 -10.7 126 0 13.1 7.5 2.5 2.5 2 0 1 5 5
2440.8 -14.6 -12.3 216 0 10.3 11.2 5.0 2.5 4 1 2 5 5
2464.5 -35.3 -11.0 36 0 10.0 8.1 5.0 2.5 2 0 2 3 3
2458.7 -45.0 -11.1 36 0 8.8 5.4 5.0 0.0 0 0 2 1 1
2453.9 -42.1 -11.7 36 0 10.7 8.6 5.0 2.5 2 0 2 4 4
2439.3 -43.5 -12.1 216 0 4.8 4.6 5.0 2.5 4 0 2 4 4
2433.6 -49.7 -12.0 216 0 5.6 5.5 5.0 2.5 2 0 2 0 0
2448.4 -58.7 -11.9 36 0 9.1 11.4 5.0 2.5 2 1 2 0 0
2419.6 -64.5 -11.2 216 0 3.9 4.9 5.0 2.5 2 1 2 5 5
2410.7 -61.4 -11.6 216 0 7.0 7.8 5.0 2.5 2 1 2 1 1
2402.6 -71.4 -11.1 216 0 8.4 16.6 5.0 2.5 2 1 2 4 4
2397.3 -79.7 -10.5 216 0 6.6 6.4 5.0 2.5 4 0 2 3 3
2400.6 -103.6 -9.5 126 0 9.0 5.9 5.0 2.5 2 0 2 3 3
2422.1 -97.0 -10.1 36 0 9.0 20.1 5.0 0.0 0 1 2 1 1
2462.7 -98.7 -8.9 306 0 8.4 12.8 2.5 2.5 2 1 1 0 0
2495.3 -91.3 -8.4 216 0 7.5 6.7 5.0 2.5 2 0 2 3 3
2488.0 -95.0 -9.0 306 0 17.2 9.4 2.5 2.5 2 0 1 2 2
2484.6 -112.4 -8.7 36 0 10.5 17.6 2.5 2.5 2 1 1 1 1
2473.4 -131.2 -8.8 36 0 6.8 14.1 2.5 2.5 2 1 1 2 2
2509.7 -110.9 -7.6 213 0 3.9 5.9 5.0 2.5 2 1 2 2 2
2492.2 -120.4 -8.3 213 0 8.5 16.2 5.0 2.5 2 1 2 0 0
2544.0 -124.5 -6.2 306 0 8.9 10.6 5.0 0.0 0 1 2 4 4
2536.8 -120.4 -6.6 306 0 6.8 10.4 5.0 2.5 2 1 2 1 1
2513.5 -125.4 -7.5 216 0 7.4 8.8 5.0 2.5 4 1 2 4 4
2507.3 -132.9 -7.9 216 0 9.5 12.0 5.0 2.5 2 1 2 5 5
2517.3 -160.6 -7.3 126 0 6.0 7.4 5.0 2.5 2 1 2 3 3
2510.9 -156.4 -7.7 126 0 7.0 8.6 5.0 2.5 2 1 2 3 3
2506.4 -170.3 -8.0 126 0 8.7 10.3 5.0 2.5 2 1 2 1 1
2499.7 -178.1 -8.2 126 0 9.9 9.8 5.0 2.5 2 0 2 0 0
2491.5 -170.5 -8.4 126 0 9.4 13.1 5.0 0.0 0 1 2 3 3
2483.3 -153.4 -8.6 129 0 9.8 12.0 5.0 2.5 4 1 2 3 3
2473.9 -169.2 -8.6 309 0 13.4 14.2 5.0 2.5 2 1 2 4 4
2454.5 -172.5 -8.6 309 0 9.7 13.1 5.0 2.5 2 1 2 3 3
2462.7 -179.3 -8.4 309 0 9.7 9.7 5.0 2.5 4 1 2 0 0
2476.8 -198.4 -8.2 39 0 8.7 11.2 5.0 2.5 2 1 2 3 3
2484.7 -203.5 -8.1 39 0 8.5 8.0 5.0 2.5 4 0 2 3 3
2495.1 -184.9 -8.4 309 0 10.2 15.1 5.0 2.5 2 1 2 2 2
2488.0 -179.1 -8.5 309 0 5.8 16.1 5.0 2.5 2 1 2 0 0
2522.8 -209.2 -7.2 219 0 8.1 5.3 5.0 2.5 2 0 2 3 3
2505.2 -194.1 -7.8 219 0 9.9 7.4 5.0 2.5 2 0 2 5 5
2530.0 -242.7 -6.7 43 0 10.0 12.8 5.0 0.0 0 1 2 5 5
2511.6 -260.9 -6.0 43 0 8.2 9.9 5.0 2.5 2 1 2 0 0
2508.3 -271.0 -5.6 43 0 8.7 7.7 5.0 2.5 2 0 2 0 0
2489.9 -213.4 -7.6 223 0 10.8 8.3 5.0 2.5 2 0 2 3 3
2497.4 -220.8 -7.3 223 0 9.0 5.5 5.0 2.5 2 0 2 3 3
2491.1 -229.3 -7.1 223 0 8.5 6.6 5.0 2.5 2 0 2 0 0
2461.4 -262.4 -6.2 223 0 6.1 12.5 5.0 2.5 2 1 2 4 4
2449.8 -252.7 -6.9 223 0 8.9 13.9 5.0 2.5 2 1 2 4 4
2442.3 -263.9 -6.8 223 0 9.0 7.6 5.0 2.5 4 0 2 0 0
2353.5 -241.9 -8.8 127 0 7.4 7.3 5.0 2.5 2 0 2 0 0
2344.2 -237.6 -9.1 127 0 11.9 11.7 5.0 2.5 2 0 2 4 4
2435.4 -97.8 -9.1 215 0 10.7 16.7 2.5 2.5 2 1 1 4 4
2425.2 -112.3 -9.2 215 0 13.5 13.6 2.5 2.5 4 1 1 5 5
2400.7 -148.7 -9.5 222 0 26.0 18.4 5.0 2.5 4 0 2 2 2
2401.3 -115.3 -9.5 308 0 14.2 9.8 5.0 2.5 2 0 2 4 4
2386.3 -100.3 -9.7 308 0 11.7 14.1 5.0 2.5 2 1 2 4 4
2392.1 -108.0 -9.6 308 0 6.0 11.9 5.0 2.5 2 1 2 1 1
2367.5 -114.3 -9.8 218 0 13.1 21.3 5.0 2.5 2 1 2 5 5
2368.8 -158.3 -9.8 131 0 5.2 5.3 5.0 2.5 2 1 2 5 5
2384.4 -151.8 -9.7 35 0 12.5 11.0 5.0 2.5 2 0 2 3 3
2363.5 -149.8 -9.9 131 0 11.0 8.5 5.0 2.5 2 0 2 2 2
2355.4 -129.5 -9.9 221 0 10.9 13.3 5.0 2.5 2 1 2 2 2
2359.5 -163.4 -10.0 311 0 27.3 8.6 2.5 2.5 2 0 1 0 0
2341.0 -162.4 -10.1 221 0 4.8 16.3 2.5 2.5 2 1 1 1 1
2372.5 -101.0 -11.5 41 0 17.7 23.8 2.5 2.5 4 1 1 3 3
2351.7 -102.6 -11.7 41 0 10.9 8.1 2.5 2.5 2 0 1 2 2
2317.8 -142.0 -12.3 38 0 13.9 12.1 2.5 2.5 2 0 1 4 4
2310.2 -154.8 -11.8 38 0 9.4 10.4 2.5 2.5 2 1 1 4 4
2320.3 -164.2 -11.2 38 0 12.6 13.0 2.5 2.5 4 1 1 4 4
2347.5 -190.8 -10.1 38 0 13.2 19.5 2.5 2.5 2 1 1 3 3
2325.7 -189.8 -10.1 218 0 8.5 5.8 2.5 2.5 2 0 1 5 5
2313.8 -183.2 -10.3 218 0 10.3 8.4 2.5 2.5 4 0 1 5 5
2311.8 -175.9 -11.0 38 0 10.2 9.0 2.5 2.5 4 0 1 2 2
2306.1 -182.8 -11.5 38 0 5.7 17.3 2.5 2.5 4 1 1 5 5
2300.5 -189.9 -11.3 38 0 8.9 14.9 2.5 2.5 4 1 1 3 3
2287.8 -208.5 -11.4 38 0 17.4 16.4 2.5 2.5 2 0 1 0 0
2308.2 -214.8 -10.0 311 0 9.3 14.3 5.0 0.0 0 1 2 0 0
2320.4 -242.3 -9.6 34 0 9.0 19.9 5.0 2.5 2 1 2 5 5
2304.0 -249.1 -9.4 34 0 9.3 7.1 5.0 2.5 4 0 2 1 1
2280.2 -234.1 -9.9 214 0 9.7 15.0 5.0 2.5 2 1 2 0 0
2271.9 -229.7 -11.4 34 0 9.7 15.0 2.5 2.5 2 1 1 2 2
2264.3 -242.2 -11.4 34 0 9.4 14.6 2.5 0.0 0 1 1 2 2
2259.4 -249.9 -10.9 34 0 6.6 7.3 2.5 2.5 2 1 1 5 5
2252.0 -245.3 -11.7 34 0 8.1 7.5 2.5 2.5 2 0 1 2 2
2259.8 -281.4 -9.9 124 0 6.8 12.6 5.0 0.0 0 1 2 4 4
2255.1 -270.1 -10.1 214 0 9.8 6.1 5.0 2.5 2 0 2 4 4
2262.3 -258.6 -10.0 214 0 9.5 9.1 5.0 2.5 2 0 2 2 2
2270.3 -264.5 -9.7 214 0 9.3 4.9 5.0 2.5 2 0 2 5 5
2295.3 -276.4 -9.1 34 0 8.9 9.8 5.0 2.5 2 1 2 0 0
2287.2 -288.1 -9.3 34 0 12.2 10.0 5.0 2.5 4 0 2 0 0
2271.8 -299.1 -9.4 124 0 10.6 8.1 5.0 2.5 2 0 2 1 1
2262.5 -293.6 -9.7 124 0 7.8 8.1 5.0 2.5 2 1 2 3 3
2252.1 -286.1 -10.3 124 0 15.1 7.6 5.0 2.5 2 0 2 1 1
2249.0 -264.8 -11.4 34 0 8.7 9.0 2.5 2.5 2 1 1 5 5
2240.4 -259.1 -12.0 34 0 9.4 5.5 2.5 0.0 0 0 1 5 5
2239.7 -282.4 -11.8 34 0 5.0 11.0 2.5 2.5 2 1 1 5 5
2266.8 -308.1 -10.4 304 0 13.4 10.5 2.5 2.5 2 0 1 3 3
2259.0 -299.1 -10.6 304 0 6.9 12.4 2.5 2.5 2 1 1 0 0
2241.1 -307.6 -11.7 304 0 7.1 7.2 2.5 2.5 4 1 1 2 2
2250.8 -293.0 -11.2 304 0 8.5 16.1 2.5 0.0 0 1 1 4 4
2225.4 -315.3 -12.4 212 0 8.3 10.7 2.5 2.5 2 1 1 1 1
2258.7 -383.1 -10.6 36 0 9.6 10.9 2.5 2.5 4 1 1 1 1
2229.8 -394.2 -11.2 218 0 7.0 8.1 2.5 2.5 2 1 1 0 0
2322.1 -261.2 -8.7 216 0 11.2 11.0 2.5 2.5 2 0 1 3 3
2349.7 -280.6 -8.2 41 0 8.5 11.5 2.5 2.5 4 1 1 1 1
2343.9 -287.9 -8.3 40 0 8.6 17.1 2.5 0.0 0 1 1 3 3
2321.8 -317.3 -7.9 40 0 11.9 12.0 2.5 2.5 4 1 1 1 1
2326.0 -345.7 -7.3 310 0 9.8 8.9 5.0 2.5 2 0 2 5 5
2311.9 -341.5 -7.6 220 0 6.5 7.0 5.0 2.5 2 1 2 2 2
2313.3 -354.1 -7.5 220 0 6.2 6.0 5.0 2.5 2 0 2 0 0
2304.8 -347.0 -8.0 220 0 6.8 10.3 5.0 2.5 2 1 2 3 3
2301.8 -356.0 -8.2 220 0 10.4 17.0 5.0 2.5 2 1 2 0 0
2325.3 -338.3 -7.2 130 0 15.2 8.5 5.0 0.0 0 0 2 5 5
2384.6 -254.3 -8.0 220 0 13.1 17.0 5.0 2.5 2 1 2 5 5
2374.8 -276.6 -7.8 310 0 15.2 8.7 5.0 2.5 2 0 2 4 4
2372.1 -288.3 -7.2 310 0 6.3 7.9 5.0 0.0 0 1 2 0 0
2359.8 -281.9 -7.7 220 0 8.3 9.8 5.0 2.5 2 1 2 3 3
2352.1 -292.5 -7.5 220 0 7.3 18.0 5.0 2.5 2 1 2 3 3
2352.6 -303.1 -7.1 220 0 5.3 8.8 5.0 2.5 2 1 2 5 5
2346.2 -311.5 -7.0 220 0 7.6 8.3 5.0 2.5 2 1 2 4 4
2344.2 -302.8 -7.4 220 0 17.1 6.0 5.0 2.5 4 0 2 4 4
2341.3 -321.0 -6.8 220 0 8.4 4.9 5.0 2.5 2 0 2 1 1
2333.7 -314.4 -7.3 220 0 11.1 8.9 5.0 2.5 2 0 2 3 3
2352.0 -326.3 -6.5 44 0 8.3 5.4 5.0 2.5 2 0 2 0 0
2359.6 -337.7 -6.0 44 0 9.2 8.4 5.0 2.5 2 0 2 4 4
2367.5 -327.8 -6.0 44 0 10.9 8.3 5.0 2.5 2 0 2 5 5
2377.6 -320.2 -6.2 44 0 9.2 7.2 5.0 0.0 0 0 2 0 0
2372.2 -313.9 -6.4 44 0 9.0 6.9 5.0 2.5 2 0 2 4 4
2377.1 -300.7 -6.9 44 0 8.9 7.4 5.0 2.5 2 0 2 3 3
2380.5 -307.1 -6.6 44 0 9.8 6.0 5.0 2.5 2 0 2 4 4
2379.4 -314.1 -6.4 134 0 7.4 8.3 5.0 2.5 2 1 2 3 3
2395.7 -301.0 -7.1 44 0 10.0 13.5 5.0 2.5 2 1 2 4 4
2420.8 -301.6 -6.0 224 0 13.0 6.1 5.0 2.5 4 0 2 1 1
2411.3 -294.1 -6.5 224 0 14.1 8.4 5.0 0.0 0 0 2 5 5
2394.7 -313.6 -6.0 224 0 7.8 13.3 5.0 0.0 0 1 2 4 4
2388.1 -319.5 -5.8 224 0 8.2 14.0 5.0 2.5 4 1 2 1 1
2398.0 -336.0 -5.0 224 0 7.6 18.1 5.0 2.5 2 1 2 5 5
2390.3 -338.0 -5.0 224 0 4.1 4.6 5.0 2.5 2 1 2 1 1
2379.6 -327.0 -5.6 224 0 9.4 14.7 5.0 2.5 4 1 2 0 0
2377.7 -339.5 -5.1 224 0 7.9 10.3 5.0 2.5 2 1 2 3 3
2357.0 -353.2 -5.5 224 0 9.6 16.0 5.0 2.5 2 1 2 5 5
2343.9 -369.6 -6.8 223 0 5.5 12.0 5.0 0.0 0 1 2 4 4
2434.5 -268.6 -6.9 223 0 8.1 34.4 5.0 2.5 4 1 2 4 4
2481.3 -354.2 -2.8 133 0 17.9 12.8 5.0 2.5 2 0 2 2 2
2463.4 -337.7 -4.2 132 0 27.7 13.4 5.0 2.5 2 0 2 4 4
2445.7 -322.3 -4.9 135 0 13.0 12.8 5.0 0.0 0 0 2 3 3
2457.5 -295.7 -5.1 225 0 7.3 5.0 5.0 2.5 2 0 2 3 3
2464.4 -297.5 -4.9 226 0 21.7 11.1 5.0 0.0 0 0 2 4 4
2478.9 -282.7 -5.2 226 0 17.8 11.5 5.0 2.5 4 0 2 5 5
2515.6 -297.9 -5.3 45 0 11.2 32.1 5.0 0.0 0 1 2 1 1
2534.0 -310.6 -3.6 316 0 10.3 9.0 5.0 0.0 0 0 2 2 2
2540.3 -326.3 -3.0 315 0 11.5 30.1 5.0 2.5 4 1 2 3 3
2497.4 -368.8 -2.3 135 0 12.3 29.4 5.0 2.5 2 1 2 2 2
2551.8 68.4 -4.9 215 0 11.3 14.8 5.0 2.5 2 1 2 2 2
3207.2 900.7 -11.1 217 0 11.6 14.6 2.5 2.5 2 1 1 3 3
3236.8 949.2 -11.5 36 0 4.0 12.2 2.5 2.5 2 1 1 1 1
3128.8 789.2 -9.7 223 0 7.3 17.1 2.5 2.5 2 1 1 1 1
3377.3 1104.2 -8.0 221 0 8.5 17.5 2.5 2.5 2 1 1 3 3
2433.3 -250.9 -7.7 42 0 5.5 18.9 5.0 2.5 4 1 2 4 4
2506.2 64.7 -6.4 126 0 9.4 10.3 5.0 2.5 2 1 2 5 5
3281.9 991.0 -9.0 215 0 7.5 20.6 2.5 2.5 2 1 1 5 5
3286.4 797.0 -1.2 297 0 9.6 10.3 2.5 2.5 2 1 1 4 4
3347.1 869.4 -0.1 131 0 10.9 19.7 5.0 2.5 2 1 2 2 2
3332.0 750.2 2.7 26 0 28.9 9.5 2.5 2.5 2 0 1 5 5
3310.5 716.5 2.3 116 0 9.9 24.3 2.5 2.5 2 1 1 4 4
3264.4 807.5 -3.6 294 0 32.4 10.7 2.5 2.5 2 0 1 2 2
3350.9 986.6 -4.1 223 0 9.9 11.0 2.5 2.5 2 1 1 5 5
3429.7 1080.4 -7.2 220 0 11.3 11.7 2.5 2.5 2 1 1 5 5
3379.6 1019.7 -1.8 219 0 9.0 18.3 2.5 2.5 2 1 1 4 4
3385.2 1031.2 -1.5 217 0 11.9 9.8 2.5 2.5 2 0 1 5 5
3394.3 1025.9 -0.6 217 0 7.9 7.0 2.5 2.5 2 0 1 1 1
3399.9 1020.0 -0.1 217 0 9.5 6.3 2.5 2.5 4 0 1 1 1
3416.3 1015.0 0.8 37 0 8.3 6.3 2.5 0.0 0 0 1 1 1
3409.5 1031.7 -1.1 217 0 10.1 7.0 2.5 2.5 2 0 1 4 4
3403.5 1035.3 -1.2 217 0 8.5 5.2 2.5 2.5 2 0 1 5 5
3393.5 1043.5 -1.9 217 0 8.7 11.9 2.5 2.5 2 1 1 2 2
3529.3 1182.0 -7.1 311 0 26.3 11.4 2.5 2.5 2 0 1 5 5
3498.0 1138.2 -5.6 136 0 10.2 38.9 2.5 0.0 0 1 1 2 2
3479.6 1150.3 -8.1 132 0 28.2 10.2 2.5 2.5 2 0 1 5 5
3448.7 1126.0 -7.9 44 0 12.6 9.4 2.5 2.5 2 0 1 1 1
3430.7 1142.9 -8.7 224 0 11.4 9.2 2.5 2.5 2 0 1 5 5
3422.4 1150.3 -9.3 224 0 10.0 9.2 2.5 2.5 2 0 1 5 5
3420.4 1134.4 -9.1 224 0 9.1 9.4 2.5 2.5 4 1 1 1 1
3418.1 1106.3 -8.7 44 0 13.0 6.4 2.5 2.5 2 0 1 4 4
3397.0 1123.8 -10.1 224 0 12.0 20.1 2.5 2.5 2 1 1 4 4
3394.5 1104.5 -8.6 224 0 12.1 8.9 2.5 2.5 2 0 1 5 5
3386.5 1111.0 -9.1 224 0 11.0 9.3 2.5 2.5 2 0 1 5 5
3372.2 1096.3 -7.1 220 0 8.1 16.3 2.5 2.5 2 1 1 2 2
3386.2 1064.5 -4.6 40 0 7.8 13.8 2.5 2.5 2 1 1 5 5
3365.7 1090.4 -6.3 220 0 7.7 18.1 2.5 2.5 2 1 1 0 0
3357.1 1084.9 -5.5 217 0 8.8 16.3 2.5 2.5 2 1 1 2 2
3387.1 1050.7 -3.0 38 0 10.0 9.0 2.5 2.5 2 0 1 4 4
3376.1 1058.1 -3.3 38 0 9.6 5.0 2.5 2.5 2 0 1 3 3
3370.1 1067.4 -3.8 218 0 6.5 4.3 2.5 2.5 2 0 1 4 4
3360.0 1065.1 -3.6 218 0 7.9 11.0 2.5 2.5 2 1 1 4 4
3339.9 1064.8 -5.4 218 0 13.0 8.7 2.5 2.5 2 0 1 5 5
3347.4 1046.6 -4.7 128 0 8.8 9.1 2.5 2.5 2 1 1 5 5
3349.2 1075.7 -4.5 218 0 9.5 14.0 2.5 2.5 2 1 1 3 3
3377.3 1037.6 -3.3 38 0 11.4 15.9 2.5 2.5 2 1 1 5 5
3357.2 1044.2 -3.8 128 0 7.4 13.0 2.5 2.5 2 1 1 5 5
3354.0 1036.6 -4.1 128 0 8.8 6.5 2.5 2.5 2 0 1 4 4
3355.5 1029.0 -4.6 37 0 5.9 10.8 2.5 2.5 2 1 1 2 2
3330.1 1050.8 -6.1 214 0 10.3 10.7 2.5 0.0 0 1 1 3 3
3332.8 1040.1 -6.6 305 0 17.0 7.7 2.5 2.5 2 0 1 0 0
3332.1 1030.5 -6.5 305 0 6.4 11.4 2.5 2.5 2 1 1 4 4
3316.0 1033.6 -7.8 215 0 12.8 11.1 2.5 2.5 2 0 1 0 0
3319.6 1015.8 -6.6 215 0 9.2 8.0 2.5 2.5 2 0 1 0 0
3308.3 1023.8 -8.3 215 0 9.6 12.9 2.5 2.5 2 1 1 3 3
3314.9 1005.8 -6.5 215 0 8.3 9.0 2.5 2.5 2 1 1 1 1
3300.3 1014.6 -8.6 215 0 12.9 16.2 2.5 0.0 0 1 1 0 0
3292.6 1004.9 -8.8 215 0 9.8 10.8 2.5 2.5 2 1 1 5 5
3322.7 987.3 -5.5 35 0 8.5 6.4 2.5 2.5 2 0 1 0 0
3314.7 976.1 -5.4 35 0 8.0 6.2 2.5 2.5 2 0 1 1 1
3301.4 996.7 -7.3 215 0 14.4 14.7 2.5 2.5 2 1 1 2 2
3303.8 971.9 -6.2 35 0 8.8 6.6 2.5 2.5 2 0 1 1 1
3285.3 996.5 -9.0 215 0 7.7 17.5 2.5 2.5 2 1 1 2 2
3280.8 1003.1 -12.2 31 0 29.5 19.5 2.5 2.5 2 0 1 5 5
3251.4 980.8 -12.3 35 0 7.3 11.2 2.5 0.0 0 1 1 2 2
3258.5 976.6 -10.5 35 0 9.4 6.8 2.5 2.5 2 0 1 1 1
3242.8 971.9 -12.6 35 0 8.6 11.0 2.5 2.5 2 1 1 0 0
3250.6 964.8 -10.9 35 0 9.0 9.5 2.5 2.5 2 1 1 5 5
3222.3 962.3 -12.6 215 0 6.3 3.8 2.5 2.5 2 0 1 2 2
3225.8 949.1 -11.7 35 0 6.2 5.0 2.5 2.5 2 0 1 1 1
3233.3 943.3 -10.7 35 0 9.4 7.7 2.5 2.5 2 0 1 4 4
3227.4 933.4 -10.9 35 0 9.9 9.3 2.5 0.0 0 0 1 0 0
3217.9 939.7 -12.5 39 0 9.8 7.6 2.5 2.5 2 0 1 2 2
3210.0 931.0 -12.9 39 0 8.6 7.8 2.5 2.5 2 0 1 3 3
3219.2 924.2 -11.3 39 0 9.2 9.7 2.5 2.5 2 1 1 0 0
3212.5 916.6 -11.5 39 0 8.6 8.5 2.5 2.5 2 0 1 4 4
3204.8 922.2 -13.0 38 0 9.0 8.2 2.5 2.5 2 0 1 5 5
3184.1 891.4 -14.0 32 0 11.1 6.8 2.5 2.5 2 0 1 5 5
3270.9 977.4 -8.5 213 0 8.9 8.1 2.5 2.5 2 0 1 4 4
3294.6 928.4 -3.1 226 0 9.0 7.6 2.5 2.5 2 0 1 1 1
3285.7 916.6 -3.8 231 0 10.1 7.7 2.5 2.5 2 0 1 5 5
3275.2 909.2 -4.5 220 0 8.0 14.2 2.5 2.5 2 1 1 5 5
3256.4 959.7 -8.4 216 0 8.5 6.6 2.5 2.5 2 0 1 4 4
3262.0 954.6 -7.3 216 0 9.4 12.3 2.5 2.5 4 1 1 3 3
3275.0 941.9 -5.3 37 0 7.6 4.6 2.5 2.5 2 0 1 1 1
3283.2 935.3 -4.7 37 0 10.2 9.5 2.5 2.5 2 0 1 4 4
3275.6 925.0 -5.3 37 0 11.9 9.6 2.5 2.5 2 0 1 5 5
3266.8 930.1 -5.9 37 0 7.4 6.8 2.5 0.0 0 0 1 2 2
3260.0 902.8 -7.0 37 0 8.8 16.8 2.5 2.5 2 1 1 5 5
3250.0 930.7 -6.8 217 0 7.0 5.9 2.5 2.5 2 0 1 5 5
3240.4 938.8 -8.3 217 0 10.4 11.9 2.5 2.5 2 1 1 0 0
3235.7 914.8 -8.0 217 0 8.8 8.1 2.5 2.5 2 0 1 3 3
3226.5 922.3 -9.0 217 0 9.6 10.7 2.5 2.5 2 1 1 3 3
3218.8 890.0 -9.7 217 0 11.6 4.8 2.5 2.5 2 0 1 3 3
3210.6 879.1 -10.2 217 0 11.6 6.1 2.5 2.5 2 0 1 5 5
3199.8 887.3 -11.6 217 0 13.7 12.9 2.5 2.5 2 0 1 2 2
3191.6 860.7 -10.5 217 0 8.5 8.8 2.5 2.5 2 1 1 4 4
3183.8 866.9 -11.7 217 0 10.1 9.4 2.5 2.5 4 0 1 0 0
3174.5 857.8 -11.9 214 0 10.7 16.8 2.5 2.5 2 1 1 0 0
3175.8 842.6 -10.5 215 0 8.9 10.4 2.5 2.5 2 1 1 5 5
3184.6 824.7 -8.2 215 0 10.5 9.9 2.5 2.5 2 0 1 2 2
3175.7 815.9 -8.3 215 0 7.6 9.8 2.5 2.5 2 1 1 1 1
3171.1 831.0 -10.0 215 0 8.9 5.0 2.5 2.5 2 0 1 4 4
3166.8 819.4 -9.4 223 0 12.0 8.2 2.5 2.5 2 0 1 3 3
3167.9 806.3 -8.1 223 0 11.9 8.9 2.5 2.5 4 0 1 1 1
3157.7 798.8 -8.0 223 0 11.3 12.9 2.5 2.5 2 1 1 5 5
3141.6 816.1 -11.3 223 0 10.5 17.0 2.5 0.0 0 1 1 5 5
3122.1 795.9 -11.1 223 0 9.1 8.8 2.5 2.5 2 0 1 5 5
3127.1 771.7 -7.6 221 0 9.7 18.2 2.5 2.5 2 1 1 5 5
3124.7 746.3 -5.4 127 0 6.6 11.2 2.5 2.5 2 1 1 2 2
3114.7 759.5 -6.9 226 0 4.7 7.0 2.5 2.5 2 1 1 4 4
3112.2 772.1 -8.8 226 0 8.3 10.6 2.5 2.5 2 1 1 4 4
3095.6 767.4 -9.7 226 0 9.2 13.1 2.5 2.5 2 1 1 5 5
3096.8 758.4 -8.3 227 0 8.2 9.4 2.5 2.5 2 1 1 4 4
3085.2 793.4 -13.8 227 0 9.8 8.9 2.5 2.5 2 0 1 1 1
3098.2 780.8 -12.4 47 0 10.7 8.4 2.5 2.5 2 0 1 5 5
3074.9 786.9 -13.8 227 0 10.2 10.3 2.5 2.5 4 1 1 1 1
3071.6 769.4 -13.0 47 0 12.1 7.7 2.5 2.5 2 0 1 2 2
3078.8 763.1 -11.7 47 0 9.9 8.8 2.5 2.5 2 0 1 3 3
2704.2 342.6 -12.9 38 0 8.5 10.4 2.5 2.5 2 1 1 1 1
2685.8 299.1 -10.1 218 0 12.8 9.3 5.0 2.5 2 0 2 5 5
2704.4 291.3 -8.5 214 0 11.5 8.4 5.0 2.5 2 0 2 0 0
2694.9 277.6 -7.3 214 0 10.4 6.7 5.0 2.5 2 0 2 1 1
2710.3 269.1 -6.5 34 0 6.0 9.4 5.0 2.5 2 1 2 1 1
2702.9 260.1 -6.8 34 0 8.4 18.7 5.0 2.5 2 1 2 5 5
2653.1 264.2 -7.7 220 0 7.8 11.4 5.0 2.5 2 1 2 4 4
2646.1 254.7 -7.6 220 0 9.7 16.5 5.0 2.5 2 1 2 0 0
2645.4 242.2 -6.4 220 0 7.9 9.4 5.0 2.5 2 1 2 3 3
2637.1 247.6 -8.0 220 0 9.4 9.4 5.0 2.5 2 1 2 0 0
2632.1 219.0 -5.7 221 0 6.3 4.9 5.0 2.5 2 0 2 3 3
2622.0 225.4 -7.6 221 0 10.5 11.5 5.0 2.5 2 1 2 2 2
2619.9 207.8 -5.8 223 0 9.2 9.5 5.0 2.5 2 1 2 4 4
2611.5 214.1 -7.5 223 0 10.4 8.2 5.0 2.5 4 0 2 2 2
2626.7 176.2 -2.0 212 0 10.1 14.6 5.0 2.5 2 1 2 1 1
2619.0 167.2 -2.6 213 0 8.2 10.7 5.0 2.5 2 1 2 1 1
2600.5 185.7 -4.8 309 0 9.5 8.7 2.5 2.5 2 0 1 4 4
2592.8 190.1 -5.5 309 0 7.1 7.9 2.5 2.5 4 1 1 2 2
2579.5 179.0 -5.4 213 0 9.9 11.8 2.5 2.5 2 1 1 0 0
2595.4 173.1 -4.9 303 0 6.9 7.7 2.5 2.5 4 1 1 2 2
2589.9 154.3 -4.9 123 0 15.3 8.7 2.5 2.5 2 0 1 3 3
2620.5 149.5 -2.8 209 0 6.9 14.3 5.0 2.5 2 1 2 5 5
2599.4 137.4 -4.2 217 0 11.9 8.3 5.0 2.5 2 0 2 1 1
2590.3 124.1 -4.6 217 0 11.8 17.3 5.0 2.5 2 1 2 0 0
2582.7 112.8 -4.7 217 0 9.1 16.0 5.0 2.5 2 1 2 1 1
2577.8 88.4 -4.3 217 0 8.2 8.8 5.0 2.5 2 1 2 2 2
2569.0 94.6 -4.8 216 0 8.7 10.1 5.0 2.5 2 1 2 4 4
2567.7 82.7 -4.6 221 0 9.6 9.2 5.0 2.5 2 0 2 0 0
2525.1 106.8 -9.4 216 0 5.5 9.1 5.0 0.0 0 1 2 5 5
2536.3 113.6 -8.8 216 0 8.7 7.0 5.0 2.5 4 0 2 4 4
2557.3 96.8 -6.4 36 0 10.2 7.0 5.0 2.5 2 0 2 5 5
2550.2 101.0 -7.7 35 0 5.4 9.2 5.0 0.0 0 1 2 2 2
2541.7 93.4 -7.4 36 0 6.8 5.4 5.0 2.5 2 0 2 3 3
2549.5 86.1 -6.1 36 0 9.5 7.4 5.0 2.5 2 0 2 4 4
2515.6 85.4 -5.9 216 0 11.4 16.0 5.0 2.5 2 1 2 4 4
2517.8 46.6 -6.5 306 0 8.4 9.5 5.0 2.5 2 1 2 2 2
2496.7 46.4 -7.3 216 0 3.5 5.3 5.0 0.0 0 1 2 0 0
2487.8 50.7 -8.3 216 0 9.3 9.5 5.0 2.5 2 1 2 5 5
2488.5 36.9 -8.6 216 0 7.9 5.9 5.0 2.5 2 0 2 2 2
2481.7 41.8 -9.1 216 0 8.6 7.7 5.0 2.5 2 0 2 4 4
2483.7 28.9 -9.3 216 0 8.2 5.1 5.0 0.0 0 0 2 1 1
2475.1 33.5 -10.0 216 0 9.5 8.9 5.0 0.0 0 0 2 1 1
2490.3 0.7 -9.9 36 0 13.6 15.9 5.0 2.5 2 1 2 4 4
2456.3 3.8 -11.4 216 0 4.6 6.5 5.0 2.5 4 1 2 0 0
2465.6 8.6 -10.7 216 0 7.0 5.1 5.0 2.5 4 0 2 4 4
2460.3 12.6 -11.2 216 0 9.1 5.9 5.0 2.5 2 0 2 1 1
2568.8 158.9 -6.7 309 0 7.6 8.9 5.0 2.5 2 1 2 3 3
2577.9 131.2 -7.8 38 0 17.9 15.7 5.0 2.5 2 0 2 4 4
2656.7 282.8 -11.3 40 0 7.9 13.7 2.5 2.5 2 1 1 4 4
2643.9 266.6 -10.2 40 0 10.2 7.9 2.5 2.5 2 0 1 3 3
2627.2 243.5 -11.9 43 0 9.5 19.9 2.5 2.5 2 1 1 0 0
2608.6 226.5 -10.9 38 0 9.2 10.6 2.5 2.5 2 1 1 2 2
2576.1 185.6 -8.9 38 0 12.5 10.1 2.5 2.5 2 0 1 1 1
2567.5 192.1 -10.8 38 0 10.6 7.6 2.5 2.5 4 0 1 1 1
2555.5 161.1 -10.7 36 0 8.0 14.8 2.5 2.5 2 1 1 5 5
2542.3 145.5 -12.1 36 0 9.1 12.7 2.5 2.5 2 1 1 2 2
2532.1 134.0 -11.8 36 0 6.5 8.9 2.5 2.5 2 1 1 2 2
2522.2 131.8 -12.4 36 0 4.9 7.2 2.5 2.5 2 1 1 2 2
2526.4 126.2 -11.4 36 0 8.5 6.0 2.5 0.0 0 0 1 2 2
2520.6 114.5 -11.5 36 0 9.8 9.0 2.5 2.5 2 0 1 1 1
2512.0 119.5 -12.3 36 0 8.1 6.0 2.5 2.5 2 0 1 4 4
2502.2 86.4 -7.0 36 0 9.9 7.5 2.5 2.5 2 0 1 4 4
2495.7 91.6 -7.9 36 0 6.2 6.2 2.5 2.5 2 0 1 3 3
2492.4 86.5 -7.7 36 0 5.2 8.0 2.5 2.5 2 1 1 4 4
2495.4 74.9 -8.2 36 0 9.6 8.0 2.5 0.0 0 0 1 5 5
2487.7 79.6 -9.5 36 0 8.7 6.6 2.5 2.5 2 0 1 0 0
2467.6 74.7 -11.5 216 0 14.4 8.0 2.5 2.5 2 0 1 0 0
2470.1 37.1 -11.4 36 0 9.8 17.6 2.5 2.5 2 1 1 5 5
2462.3 25.2 -12.1 36 0 9.6 12.7 2.5 2.5 2 1 1 2 2
2451.3 32.5 -12.7 36 0 13.3 7.2 2.5 2.5 2 0 1 3 3
2454.1 16.8 -12.7 36 0 7.8 13.0 2.5 2.5 4 1 1 1 1
2411.4 -241.4 -7.8 222 0 6.3 4.7 5.0 2.5 2 0 2 5 5
2408.6 -229.4 -8.1 222 0 9.3 9.7 5.0 2.5 4 1 2 4 4
2553.6 48.4 -4.7 216 0 8.1 11.0 5.0 2.5 2 1 2 4 4
2542.3 56.3 -5.2 216 0 11.1 12.3 5.0 2.5 2 1 2 1 1
2537.7 46.0 -5.3 216 0 9.1 20.9 5.0 2.5 2 1 2 0 0
2543.0 29.1 -5.0 216 0 5.7 6.0 5.0 2.5 2 1 2 5 5
2530.4 38.7 -5.6 216 0 10.1 14.6 5.0 2.5 2 1 2 2 2
2524.1 30.0 -6.1 216 0 8.3 16.0 5.0 2.5 4 1 2 3 3
2549.1 10.9 -5.1 36 0 10.1 8.5 5.0 2.5 4 0 2 0 0
2542.1 5.0 -5.5 36 0 6.6 7.1 5.0 2.5 2 1 2 3 3
2526.1 15.7 -6.2 216 0 10.1 10.1 5.0 2.5 2 0 2 2 2
2518.0 21.0 -6.7 216 0 9.9 8.3 5.0 2.5 2 0 2 4 4
2519.4 4.4 -6.7 216 0 9.1 7.5 5.0 2.5 2 0 2 5 5
2512.2 9.5 -7.1 216 0 9.8 8.0 5.0 2.5 2 0 2 2 2
6844.9 6326.3 3.1 227 0 9.8 16.2 2.5 2.5 2 1 1 0 0
5000.5 2316.4 5.4 340 0 6.8 15.5 5.0 2.5 2 1 2 4 4
3337.7 1074.1 -6.1 36 0 11.1 8.5 2.5 2.5 2 0 1 2 2
4760.0 2281.2 -13.3 242 0 5.4 7.8 5.0 2.5 2 1 2 4 4
4605.0 2135.8 -5.5 234 0 6.5 9.3 5.0 2.5 2 1 2 4 4
6912.6 6435.2 -3.6 127 0 10.1 13.5 2.5 2.5 2 1 1 3 3
6910.6 6430.0 -3.3 300 0 15.3 16.9 2.5 2.5 2 1 1 3 3
6912.0 6404.1 2.2 300 0 6.0 8.8 2.5 2.5 4 1 1 0 0
6911.3 6382.3 5.7 120 0 5.9 9.8 2.5 2.5 4 1 1 2 2
6913.1 6399.3 4.2 210 0 9.4 6.4 2.5 2.5 2 0 1 5 5
6910.9 6388.6 3.1 30 0 7.5 9.3 2.5 2.5 2 1 1 1 1
6907.0 6374.0 5.3 35 0 8.0 6.4 2.5 2.5 2 0 1 2 2
6897.1 6406.1 0.3 212 0 9.4 6.4 2.5 2.5 2 0 1 4 4
6889.3 6410.1 -1.8 212 0 9.8 8.4 2.5 2.5 2 0 1 0 0
6891.9 6396.2 0.2 212 0 10.7 10.4 2.5 2.5 2 0 1 0 0
6881.4 6400.6 -2.7 212 0 11.5 10.1 2.5 2.5 4 0 1 1 1
6885.1 6368.4 3.6 213 0 9.1 5.0 2.5 0.0 0 0 1 4 4
6876.4 6360.9 3.6 213 0 7.9 7.3 2.5 0.0 0 0 1 4 4
6867.6 6380.2 -3.4 213 0 17.8 12.8 2.5 2.5 2 0 1 0 0
6859.4 6369.9 -3.4 213 0 6.8 12.3 2.5 2.5 2 1 1 5 5
6855.4 6362.0 -2.2 220 0 9.8 8.6 2.5 2.5 2 0 1 0 0
6853.2 6350.8 0.1 220 0 8.5 7.4 2.5 2.5 2 0 1 1 1
6838.8 6346.7 -5.1 307 0 9.4 8.5 2.5 2.5 2 0 1 5 5
6841.7 6340.4 -1.1 217 0 10.0 7.3 2.5 2.5 2 0 1 5 5
6852.2 6331.8 4.3 227 0 7.4 6.1 2.5 2.5 2 0 1 1 1
6852.1 6321.9 6.5 227 0 11.5 6.9 2.5 2.5 4 0 1 5 5
6838.2 6298.9 3.0 47 0 10.0 11.2 2.5 2.5 2 1 1 3 3
6806.1 6315.8 -5.8 131 0 7.3 10.9 2.5 2.5 2 1 1 0 0
6820.0 6329.7 -5.1 311 0 5.1 7.4 2.5 2.5 2 1 1 1 1
6824.7 6325.5 -3.4 311 0 5.7 8.0 2.5 2.5 2 1 1 4 4
6832.0 6322.0 -1.4 311 0 8.6 7.7 2.5 2.5 2 0 1 5 5
6838.5 6334.9 -2.9 311 0 9.9 12.5 2.5 2.5 2 1 1 5 5
6828.7 6337.5 -5.2 311 0 6.8 10.6 2.5 2.5 4 1 1 3 3
6821.7 6343.7 -8.1 311 0 7.7 9.4 2.5 2.5 2 1 1 5 5
6814.5 6347.0 -10.0 310 0 5.5 8.1 2.5 2.5 2 1 1 0 0
6828.2 6361.6 -10.5 129 0 4.9 7.8 2.5 0.0 0 1 1 5 5
6832.7 6355.3 -8.2 129 0 8.4 11.6 2.5 2.5 2 1 1 5 5
6841.9 6370.8 -9.8 36 0 8.0 4.5 2.5 2.5 2 0 1 1 1
6845.0 6363.7 -6.9 127 0 7.7 8.0 2.5 2.5 2 1 1 0 0
6855.4 6373.2 -8.7 35 0 6.8 8.9 2.5 2.5 2 1 1 3 3
6863.7 6382.7 -7.7 28 0 6.6 6.2 2.5 0.0 0 0 1 5 5
6859.4 6393.9 -10.9 28 0 7.9 5.6 2.5 2.5 2 0 1 2 2
6868.9 6389.2 -8.5 27 0 9.2 9.7 2.5 2.5 2 1 1 0 0
6887.1 6420.4 -8.6 28 0 6.1 9.4 2.5 2.5 2 1 1 0 0
6883.9 6412.1 -9.1 27 0 9.9 11.4 2.5 0.0 0 1 1 0 0
6897.2 6433.2 -8.9 26 0 10.7 8.0 2.5 2.5 2 0 1 0 0
6905.0 6443.7 -11.7 28 0 11.6 14.2 2.5 2.5 2 1 1 1 1
6912.5 6453.1 -10.2 25 0 9.4 12.6 2.5 2.5 2 1 1 2 2
6243.5 4349.1 4.6 355 0 19.4 10.7 7.5 2.5 4 0 3 4 4
6253.6 4320.2 4.4 354 0 27.0 11.9 12.5 2.5 2 0 5 0 0
6133.8 4095.3 -0.6 112 0 9.5 14.8 2.5 2.5 2 1 1 4 4
6099.0 4429.1 -7.6 180 0 5.1 8.3 2.5 2.5 2 1 1 1 1
6096.6 4422.1 -8.1 180 0 7.8 7.7 2.5 2.5 2 0 1 2 2
6082.1 4417.2 -12.7 0 0 5.9 4.0 2.5 2.5 4 0 1 3 3
6090.1 4416.0 -11.4 0 0 7.2 7.1 2.5 2.5 2 0 1 3 3
6090.1 4404.1 -12.3 0 0 7.5 7.5 2.5 2.5 2 1 1 3 3
6085.0 4395.6 -13.4 359 0 7.0 4.4 2.5 2.5 2 0 1 5 5
6094.2 4396.1 -11.9 359 0 7.8 8.5 2.5 2.5 2 1 1 3 3
6086.4 4387.3 -13.5 359 0 5.9 4.4 2.5 2.5 2 0 1 3 3
6094.8 4387.5 -12.1 359 0 7.7 7.7 2.5 2.5 2 1 1 2 2
6087.1 4376.9 -13.6 357 0 9.0 5.1 2.5 2.5 2 0 1 0 0
6095.5 4377.5 -12.3 357 0 8.9 7.9 2.5 2.5 2 0 1 3 3
6098.8 4365.4 -13.7 2 0 10.8 17.6 2.5 2.5 2 1 1 5 5
6087.5 4353.7 -14.2 2 0 10.9 8.7 2.5 2.5 2 0 1 0 0
6096.1 4353.5 -12.3 2 0 10.7 8.1 2.5 2.5 2 0 1 4 4
6084.6 4340.0 -14.2 2 0 9.7 5.7 2.5 2.5 2 0 1 0 0
6096.3 4339.3 -12.9 2 0 9.8 11.2 2.5 2.5 2 1 1 5 5
6083.9 4326.6 -14.4 2 0 8.1 6.3 2.5 0.0 0 0 1 5 5
6094.3 4326.4 -12.9 2 0 8.3 9.8 2.5 2.5 2 1 1 4 4
6081.8 4313.8 -14.0 7 0 8.0 5.3 2.5 2.5 2 0 1 0 0
6092.1 4313.0 -12.6 7 0 10.0 9.1 2.5 2.5 2 0 1 5 5
6087.6 4285.1 -13.9 2 0 12.5 13.0 2.5 2.5 2 1 1 4 4
6077.9 4256.3 -12.8 9 0 5.6 6.6 2.5 2.5 2 1 1 0 0
6083.9 4263.2 -13.0 9 0 8.2 11.1 2.5 2.5 2 1 1 5 5
6152.1 4372.1 -4.8 7 0 8.4 5.1 2.5 2.5 4 0 1 0 0
6160.3 4371.2 -4.2 7 0 9.4 7.6 2.5 2.5 2 0 1 2 2
6141.0 4378.9 -6.0 4 0 9.3 5.2 2.5 2.5 2 0 1 4 4
6134.7 4380.2 -6.8 4 0 8.8 6.2 2.5 2.5 2 0 1 0 0
6135.9 4370.3 -7.0 9 0 8.1 8.2 2.5 2.5 2 1 1 2 2
6134.2 4361.3 -7.1 9 0 7.6 7.5 2.5 2.5 2 0 1 5 5
6138.5 4351.3 -6.7 9 0 5.6 7.1 2.5 2.5 2 1 1 2 2
6135.0 4342.4 -7.2 9 0 6.3 7.3 2.5 2.5 2 1 1 4 4
6122.4 4336.7 -7.8 189 0 6.6 6.3 2.5 2.5 4 0 1 0 0
6116.1 4345.3 -8.5 189 0 7.7 10.5 2.5 0.0 0 1 1 2 2
6124.1 4353.2 -7.5 189 0 7.9 5.1 2.5 2.5 4 0 1 3 3
6117.0 4359.0 -8.4 190 0 17.6 7.3 2.5 2.5 2 0 1 3 3
6137.8 4315.7 -6.2 19 0 10.5 7.1 2.5 2.5 2 0 1 3 3
6117.6 4300.1 -7.7 192 0 7.1 7.8 2.5 2.5 2 1 1 5 5
6101.4 4345.2 -10.1 186 0 9.5 12.9 2.5 2.5 2 1 1 0 0
6111.1 4333.1 -9.0 186 0 5.0 7.1 2.5 0.0 0 1 1 3 3
6102.1 4334.1 -10.0 186 0 8.5 8.4 2.5 2.5 2 0 1 1 1
6108.5 4322.6 -9.0 190 0 7.4 8.4 2.5 2.5 2 1 1 4 4
6100.2 4323.4 -10.0 190 0 8.9 7.9 2.5 2.5 2 0 1 1 1
6108.1 4310.1 -8.6 190 0 4.2 5.7 2.5 2.5 4 1 1 1 1
6098.7 4311.9 -9.7 190 0 8.1 9.0 2.5 2.5 2 1 1 5 5
6104.5 4302.1 -8.7 190 0 5.8 5.3 2.5 2.5 2 0 1 3 3
6096.4 4303.1 -9.7 190 0 8.8 7.3 2.5 2.5 2 0 1 4 4
6094.7 4292.1 -9.5 194 0 10.0 12.9 2.5 2.5 2 1 1 2 2
6089.7 4267.9 -9.1 188 0 10.3 17.5 2.5 2.5 2 1 1 5 5
6089.1 4257.5 -8.8 188 0 8.2 11.5 2.5 2.5 2 1 1 1 1
6094.0 4181.3 -6.1 108 0 5.3 7.1 2.5 2.5 4 1 1 2 2
6087.0 4202.2 -7.1 198 0 8.7 10.3 2.5 2.5 2 1 1 5 5
6077.2 4205.3 -8.1 198 0 10.6 8.4 2.5 0.0 0 0 1 5 5
6082.9 4187.8 -7.1 198 0 8.8 7.6 2.5 2.5 2 0 1 5 5
6073.5 4190.6 -8.2 198 0 10.8 8.7 2.5 2.5 2 0 1 2 2
4951.8 2370.7 -11.7 59 0 10.6 5.6 5.0 2.5 2 0 2 0 0
4957.7 2363.0 -8.4 59 0 10.1 8.1 5.0 2.5 2 0 2 4 4
4942.3 2365.1 -11.0 59 0 7.9 4.4 5.0 2.5 2 0 2 4 4
4948.2 2357.6 -8.1 59 0 9.9 8.1 5.0 0.0 0 0 2 1 1
4934.1 2358.2 -10.4 61 0 7.5 4.3 5.0 2.5 2 0 2 0 0
4938.5 2351.4 -8.1 61 0 9.6 7.5 5.0 2.5 2 0 2 0 0
4923.6 2353.6 -11.2 62 0 10.2 5.1 5.0 2.5 2 0 2 0 0
4927.5 2345.7 -8.6 62 0 12.3 8.1 5.0 2.5 2 0 2 4 4
4915.9 2339.7 -12.0 61 0 11.0 15.4 5.0 2.5 2 1 2 4 4
4900.3 2342.5 -12.5 64 0 10.1 5.1 5.0 2.5 2 0 2 3 3
4904.4 2334.2 -10.4 64 0 10.4 8.2 5.0 2.5 2 0 2 4 4
4894.7 2327.8 -11.6 64 0 9.6 9.1 5.0 2.5 2 0 2 4 4
4887.5 2343.8 -14.1 240 0 8.3 4.6 5.0 2.5 2 0 2 0 0
4880.9 2339.5 -14.4 240 0 6.6 6.3 5.0 2.5 2 0 2 2 2
4881.0 2320.6 -14.8 60 0 11.4 18.5 5.0 2.5 2 1 2 1 1
4860.3 2334.1 -15.1 244 0 7.8 10.0 5.0 2.5 2 1 2 5 5
4870.2 2313.9 -12.8 64 0 8.2 10.8 5.0 2.5 2 1 2 5 5
4858.6 2316.2 -14.4 64 0 8.3 11.8 5.0 2.5 2 1 2 5 5
4871.2 2307.0 -9.7 245 0 12.2 11.4 5.0 2.5 2 0 2 2 2
4874.3 2294.7 -7.4 244 0 11.4 7.0 5.0 2.5 4 0 2 1 1
4886.6 2304.1 -8.2 244 0 9.7 6.1 5.0 2.5 2 0 2 3 3
4893.1 2317.9 -9.4 244 0 10.1 8.3 5.0 2.5 2 0 2 5 5
4905.6 2323.3 -7.0 248 0 11.4 14.0 5.0 2.5 2 1 2 4 4
4965.1 2302.7 7.2 69 0 6.8 4.4 5.0 2.5 2 0 2 1 1
4959.9 2305.8 5.2 69 0 11.0 7.2 5.0 2.5 2 0 2 1 1
4920.1 2332.9 -5.1 243 0 10.3 9.5 5.0 2.5 2 0 2 1 1
4924.7 2323.4 -2.8 243 0 11.9 8.7 5.0 2.5 2 0 2 1 1
4936.5 2325.9 -0.5 243 0 7.2 5.8 5.0 0.0 0 0 2 4 4
4931.6 2337.7 -3.5 243 0 10.4 9.0 5.0 2.5 2 0 2 2 2
4956.4 2352.9 -2.4 237 0 8.9 8.3 5.0 2.5 2 0 2 1 1
4960.3 2344.0 -0.6 237 0 13.8 7.7 5.0 2.5 2 0 2 0 0
4976.4 2347.0 -0.3 240 0 7.2 4.5 5.0 2.5 2 0 2 1 1
4983.9 2368.9 -3.2 240 0 7.5 13.4 5.0 2.5 2 1 2 5 5
4993.9 2374.2 -2.7 240 0 8.3 7.7 5.0 2.5 2 0 2 4 4
4997.2 2366.2 -1.6 240 0 8.1 8.9 5.0 2.5 2 1 2 0 0
5008.5 2368.8 -0.8 240 0 5.5 3.2 5.0 2.5 2 0 2 4 4
5011.3 2365.2 -0.2 240 0 10.5 9.3 5.0 2.5 2 0 2 3 3
5003.1 2379.6 -2.4 240 0 8.7 9.9 5.0 2.5 2 1 2 5 5
5014.8 2383.5 -1.5 240 0 9.2 7.9 5.0 2.5 2 0 2 4 4
5020.1 2376.1 -0.3 240 0 9.0 7.9 5.0 2.5 2 0 2 0 0
5043.9 2363.8 2.4 60 0 8.0 7.3 5.0 2.5 4 0 2 2 2
5030.0 2381.0 0.4 240 0 7.5 9.2 5.0 0.0 0 1 2 5 5
5024.8 2388.2 -0.9 240 0 9.4 7.0 5.0 2.5 2 0 2 0 0
5034.2 2392.1 -0.2 240 0 8.7 7.1 5.0 2.5 4 0 2 2 2
5038.9 2384.7 1.0 240 0 8.7 7.8 5.0 2.5 2 0 2 0 0
5076.2 2355.4 6.4 60 0 9.4 6.5 5.0 2.5 2 0 2 1 1
5056.3 2381.4 3.2 240 0 3.5 6.1 5.0 0.0 0 1 2 5 5
5048.9 2377.4 2.6 240 0 9.0 6.7 5.0 2.5 2 0 2 4 4
5046.4 2391.6 1.2 235 0 9.3 8.7 5.0 2.5 2 0 2 3 3
5045.6 2425.6 -8.6 56 0 25.4 10.8 5.0 2.5 2 0 2 2 2
5026.7 2413.2 -9.4 56 0 17.7 10.2 5.0 2.5 2 0 2 2 2
4999.1 2390.4 -9.4 55 0 9.6 11.5 5.0 2.5 4 1 2 1 1
4984.6 2379.3 -5.5 59 0 14.0 10.5 5.0 2.5 2 0 2 5 5
4963.0 2378.0 -9.8 59 0 7.7 5.6 5.0 2.5 2 0 2 5 5
4969.9 2370.5 -8.0 59 0 13.3 8.4 5.0 2.5 2 0 2 1 1
4843.8 2322.5 -14.4 239 0 9.4 5.8 5.0 0.0 0 0 2 0 0
4837.8 2308.7 -13.0 59 0 7.4 6.8 5.0 2.5 2 0 2 2 2
4843.7 2301.4 -11.5 59 0 13.0 8.5 5.0 2.5 2 0 2 4 4
4822.0 2299.1 -12.9 59 0 10.0 8.2 5.0 0.0 0 0 2 0 0
4829.0 2293.0 -10.6 59 0 17.9 8.4 5.0 2.5 2 0 2 1 1
4815.1 2285.5 -13.2 59 0 9.8 18.3 5.0 2.5 2 1 2 2 2
4793.4 2284.7 -12.3 59 0 8.4 6.8 5.0 2.5 2 0 2 3 3
4801.6 2278.4 -10.1 59 0 14.3 8.8 5.0 2.5 2 0 2 3 3
4776.6 2290.6 -14.1 242 0 12.2 14.7 5.0 2.5 2 1 2 2 2
4767.4 2286.2 -13.8 242 0 7.2 14.4 5.0 2.5 2 1 2 4 4
4768.5 2261.9 -11.1 62 0 11.4 12.6 5.0 2.5 2 1 2 5 5
4756.8 2256.1 -10.5 62 0 13.4 10.6 5.0 2.5 2 0 2 2 2
4749.7 2277.3 -13.6 244 0 6.6 10.5 5.0 2.5 2 1 2 5 5
4742.1 2275.3 -14.0 239 0 10.0 11.8 5.0 0.0 0 1 2 4 4
4696.9 2256.1 -14.7 241 0 7.2 8.1 5.0 2.5 2 1 2 1 1
4701.1 2238.0 -11.3 61 0 7.7 5.2 5.0 2.5 2 0 2 4 4
4706.1 2228.5 -9.2 61 0 10.3 8.1 5.0 2.5 2 0 2 4 4
4684.8 2217.6 -11.3 59 0 9.4 16.2 5.0 2.5 2 1 2 2 2
4690.4 2230.5 -10.7 57 0 6.9 4.9 5.0 2.5 2 0 2 2 2
4694.7 2222.7 -9.2 58 0 9.0 8.3 5.0 2.5 2 0 2 3 3
4715.6 2257.3 -13.6 304 0 6.9 12.2 5.0 2.5 2 1 2 1 1
4731.2 2243.3 -12.6 31 0 18.1 16.4 5.0 2.5 2 0 2 0 0
4814.3 2207.6 2.9 65 0 6.4 7.9 5.0 2.5 2 1 2 2 2
4823.6 2208.8 3.3 66 0 8.3 7.9 5.0 2.5 2 0 2 1 1
4834.2 2215.4 3.1 66 0 9.2 7.1 5.0 2.5 2 0 2 1 1
4829.8 2222.4 1.6 65 0 9.1 8.4 5.0 0.0 0 0 2 5 5
4842.5 2223.0 1.2 57 0 8.0 14.4 5.0 0.0 0 1 2 5 5
4872.4 2237.8 1.9 62 0 9.5 7.4 5.0 0.0 0 0 2 5 5
4863.6 2224.4 3.5 62 0 18.3 7.8 5.0 2.5 2 0 2 3 3
4859.8 2289.5 -6.5 241 0 9.1 6.9 5.0 2.5 2 0 2 2 2
4858.9 2299.0 -8.4 241 0 11.1 7.9 5.0 2.5 2 0 2 2 2
4846.0 2292.1 -7.2 238 0 10.2 7.2 5.0 2.5 2 0 2 1 1
4850.1 2284.9 -5.8 238 0 8.1 11.2 5.0 2.5 4 1 2 5 5
4857.7 2275.4 -4.0 238 0 8.8 12.6 5.0 2.5 2 1 2 5 5
4845.0 2274.4 -4.0 238 0 9.8 7.0 5.0 2.5 2 0 2 2 2
4835.4 2286.5 -6.4 238 0 11.1 8.0 5.0 2.5 2 0 2 3 3
4840.4 2278.8 -5.0 238 0 10.9 5.1 5.0 2.5 2 0 2 3 3
4832.4 2272.4 -4.4 238 0 6.5 7.7 5.0 2.5 2 1 2 3 3
4826.7 2279.7 -5.8 238 0 9.5 7.9 5.0 2.5 2 0 2 2 2
4837.6 2264.5 -3.0 239 0 9.3 5.8 5.0 2.5 2 0 2 2 2
4842.5 2259.8 -2.0 239 0 11.1 7.7 5.0 2.5 2 0 2 3 3
4831.6 2256.9 -2.2 238 0 7.1 11.4 5.0 2.5 2 1 2 4 4
4819.2 2257.6 -2.9 238 0 7.7 7.5 5.0 2.5 2 0 2 0 0
4833.0 2240.1 -1.7 58 0 7.9 13.6 5.0 2.5 4 1 2 1 1
4819.5 2245.5 -1.0 243 0 6.3 3.9 5.0 2.5 2 0 2 5 5
4824.4 2236.7 -0.4 63 0 7.9 5.7 5.0 2.5 2 0 2 4 4
4817.0 2231.9 -1.1 63 0 8.1 11.7 5.0 2.5 2 1 2 0 0
4805.1 2268.1 -5.4 243 0 13.2 9.6 5.0 2.5 2 0 2 2 2
4794.3 2262.0 -5.5 243 0 9.5 10.7 5.0 2.5 2 1 2 1 1
4800.1 2251.4 -3.4 243 0 8.8 6.3 5.0 2.5 2 0 2 4 4
4790.9 2245.2 -3.3 243 0 10.4 5.3 5.0 2.5 4 0 2 1 1
4784.3 2256.9 -5.6 243 0 9.9 12.3 5.0 2.5 4 1 2 2 2
4770.3 2254.1 -6.3 240 0 11.6 15.4 5.0 2.5 2 1 2 5 5
4778.1 2239.3 -3.4 240 0 9.5 7.9 5.0 0.0 0 0 2 5 5
4797.8 2217.5 -0.2 57 0 12.5 9.4 5.0 2.5 2 0 2 0 0
4802.7 2210.0 1.5 57 0 12.1 8.4 5.0 0.0 0 0 2 5 5
4790.9 2204.5 -0.7 57 0 11.1 17.1 5.0 2.5 2 1 2 0 0
4771.9 2200.5 -0.8 55 0 12.0 7.3 5.0 0.0 0 0 2 0 0
4767.2 2235.4 -3.7 241 0 9.0 8.9 5.0 2.5 2 0 2 4 4
4761.8 2245.3 -5.5 241 0 9.6 9.5 5.0 2.5 2 0 2 5 5
4752.1 2242.4 -5.7 241 0 8.7 9.8 5.0 0.0 0 1 2 0 0
4757.1 2232.8 -4.3 241 0 8.8 6.8 5.0 2.5 2 0 2 4 4
4760.9 2226.0 -3.3 241 0 9.2 6.0 5.0 2.5 2 0 2 4 4
4751.3 2219.0 -3.1 241 0 11.5 9.0 5.0 2.5 2 0 2 3 3
4741.0 2213.4 -3.0 241 0 10.4 9.6 5.0 2.5 4 0 2 4 4
4747.8 2228.2 -4.4 241 0 9.4 7.8 5.0 2.5 2 0 2 1 1
4742.7 2237.5 -5.7 241 0 10.0 9.5 5.0 2.5 2 0 2 0 0
4732.0 2232.1 -5.7 241 0 11.4 10.0 5.0 2.5 2 0 2 4 4
4722.0 2226.9 -5.6 241 0 8.7 10.3 5.0 2.5 4 1 2 2 2
4713.3 2222.6 -5.6 241 0 7.7 11.0 5.0 2.5 2 1 2 4 4
4729.3 2187.8 -1.3 61 0 11.2 8.2 5.0 2.5 2 0 2 4 4
4717.9 2203.1 -2.8 241 0 8.7 8.5 5.0 2.5 2 0 2 3 3
4701.8 2216.5 -5.6 239 0 10.4 15.5 5.0 2.5 2 1 2 5 5
4685.4 2174.6 -2.6 148 0 6.9 6.6 5.0 2.5 2 0 2 1 1
4696.7 2201.3 -4.4 238 0 7.4 8.3 5.0 0.0 0 1 2 2 2
4683.8 2204.2 -5.1 238 0 10.3 12.0 5.0 0.0 0 1 2 3 3
4675.6 2190.7 -4.1 238 0 12.4 5.5 5.0 2.5 2 0 2 1 1
4666.0 2199.6 -8.1 58 0 12.6 10.1 5.0 2.5 2 0 2 4 4
4627.2 2165.9 -5.3 224 0 20.0 12.1 5.0 2.5 2 0 2 5 5
4623.4 2205.2 -11.9 229 0 8.5 5.9 5.0 2.5 2 0 2 2 2
4628.4 2183.9 -8.7 46 0 10.4 13.7 5.0 0.0 0 1 2 1 1
4616.9 2195.5 -9.4 50 0 7.4 4.5 5.0 2.5 2 0 2 3 3
4603.2 2192.2 -11.9 230 0 13.3 8.1 5.0 0.0 0 0 2 4 4
4619.3 2173.9 -8.4 53 0 11.4 6.8 5.0 2.5 4 0 2 4 4
4613.6 2180.4 -9.9 53 0 9.4 6.0 5.0 2.5 2 0 2 0 0
4570.6 2133.3 -10.4 53 0 7.3 8.7 5.0 2.5 4 1 2 3 3
4581.4 2140.3 -10.9 53 0 12.2 12.8 5.0 2.5 2 1 2 2 2
4601.5 2158.1 -9.0 53 0 10.3 6.8 5.0 2.5 2 0 2 4 4
4606.5 2150.0 -6.0 234 0 9.2 7.8 5.0 2.5 2 0 2 0 0
4596.4 2143.3 -6.4 234 0 9.5 8.3 5.0 2.5 2 0 2 5 5
4663.2 2156.5 -2.8 320 0 11.2 7.9 5.0 0.0 0 0 2 1 1
4648.8 2152.9 -3.2 230 0 9.0 8.9 5.0 0.0 0 0 2 4 4
4660.1 2146.1 -2.2 320 0 5.8 9.2 5.0 2.5 2 1 2 5 5
4656.8 2127.1 -1.5 50 0 7.6 6.6 5.0 2.5 2 0 2 1 1
4642.1 2145.9 -3.3 233 0 8.1 8.4 5.0 2.5 4 1 2 4 4
4634.1 2139.1 -3.6 233 0 8.4 8.6 5.0 2.5 2 1 2 1 1
4647.4 2123.4 -1.6 53 0 5.9 4.3 5.0 2.5 2 0 2 3 3
4643.4 2126.7 -2.6 53 0 8.4 6.4 5.0 2.5 4 0 2 1 1
4627.5 2132.5 -3.8 239 0 9.6 13.9 5.0 2.5 2 1 2 1 1
4643.5 2101.3 0.7 59 0 10.0 8.5 5.0 0.0 0 0 2 4 4
4608.1 2077.2 8.3 149 0 6.7 6.4 5.0 2.5 2 0 2 4 4
4619.9 2127.6 -3.8 239 0 7.8 6.5 5.0 0.0 0 0 2 5 5
4612.8 2122.7 -3.7 239 0 6.2 7.7 5.0 2.5 2 1 2 1 1
4624.1 2121.1 -2.5 239 0 8.2 6.7 5.0 2.5 2 0 2 5 5
4625.9 2103.5 -1.1 59 0 6.8 8.1 5.0 2.5 2 1 2 5 5
4617.1 2100.8 0.8 59 0 7.7 4.5 5.0 2.5 2 0 2 3 3
4607.3 2115.6 -2.2 239 0 9.9 12.4 5.0 2.5 2 1 2 2 2
4593.8 2103.9 -1.0 149 0 9.1 10.9 5.0 2.5 2 1 2 0 0
4599.3 2096.9 2.1 149 0 5.9 9.5 5.0 2.5 2 1 2 1 1
4593.3 2092.5 3.6 149 0 5.1 5.5 5.0 0.0 0 1 2 3 3
4583.3 2095.6 0.9 149 0 8.4 11.7 5.0 2.5 2 1 2 1 1
4586.9 2135.4 -6.3 237 0 12.1 9.3 5.0 2.5 2 0 2 0 0
4575.4 2127.7 -5.9 237 0 13.9 8.2 5.0 2.5 2 0 2 2 2
3432.2 1174.7 -9.6 45 0 6.1 5.2 2.5 2.5 2 0 1 2 2
3427.7 1179.0 -10.1 45 0 9.2 8.7 2.5 2.5 2 0 1 1 1
3413.7 1156.9 -10.7 45 0 12.9 9.5 2.5 2.5 2 0 1 0 0
3424.7 1164.6 -10.0 45 0 9.0 8.7 2.5 2.5 2 0 1 5 5
3417.9 1171.9 -10.7 45 0 9.8 11.3 2.5 0.0 0 1 1 1 1
3403.8 1164.0 -12.2 47 0 16.9 16.0 2.5 2.5 2 0 1 4 4
3405.1 1142.5 -11.8 46 0 8.3 21.6 2.5 2.5 2 1 1 2 2
3378.9 1166.5 -13.0 227 0 13.5 10.4 2.5 2.5 2 0 1 3 3
3377.0 1148.8 -13.0 41 0 10.5 9.7 2.5 2.5 2 0 1 3 3
3389.0 1128.4 -12.3 41 0 9.9 20.1 2.5 2.5 2 1 1 3 3
3379.2 1118.5 -10.8 41 0 11.8 11.4 2.5 2.5 2 0 1 0 0
3341.8 1145.2 -12.0 221 0 9.3 5.1 2.5 2.5 4 0 1 0 0
3346.4 1140.9 -11.6 221 0 9.3 10.1 2.5 2.5 2 1 1 5 5
3332.5 1139.9 -11.2 221 0 8.3 11.7 2.5 2.5 2 1 1 2 2
3341.6 1130.3 -10.2 221 0 7.8 8.6 2.5 2.5 2 1 1 0 0
3327.3 1130.9 -10.1 219 0 7.0 11.5 2.5 2.5 2 1 1 5 5
3323.6 1120.0 -8.8 212 0 10.4 19.0 2.5 2.5 2 1 1 4 4
3312.7 1113.9 -9.4 222 0 9.1 6.4 2.5 2.5 2 0 1 5 5
3319.2 1109.5 -7.3 215 0 7.5 7.4 2.5 2.5 2 0 1 2 2
3331.9 1098.8 -6.9 36 0 9.4 8.6 2.5 2.5 2 0 1 5 5
3358.2 1118.9 -9.9 42 0 11.0 7.5 2.5 2.5 4 0 1 2 2
3370.1 1108.2 -9.4 42 0 11.5 15.3 2.5 2.5 2 1 1 4 4
3360.8 1100.2 -8.3 38 0 9.7 19.4 2.5 0.0 0 1 1 4 4
3346.1 1100.5 -7.2 36 0 5.9 7.5 2.5 2.5 2 1 1 4 4
3354.8 1092.4 -6.7 36 0 7.3 10.6 2.5 2.5 2 1 1 1 1
3331.2 1081.2 -6.7 36 0 14.2 8.0 2.5 2.5 2 0 1 3 3
3322.1 1071.7 -8.0 42 0 8.3 6.2 2.5 0.0 0 0 1 5 5
3330.5 1065.2 -7.1 35 0 9.0 10.2 2.5 2.5 2 1 1 3 3
3310.6 1102.0 -8.9 216 0 6.9 6.3 2.5 0.0 0 0 1 2 2
3322.7 1092.6 -7.9 36 0 7.9 7.9 2.5 2.5 2 1 1 4 4
3316.1 1083.4 -9.6 36 0 12.3 8.0 2.5 2.5 2 0 1 5 5
3301.3 1094.6 -11.1 216 0 10.3 9.7 2.5 2.5 2 0 1 0 0
3291.7 1084.5 -12.9 216 0 7.4 5.7 2.5 2.5 4 0 1 4 4
3300.1 1082.3 -11.3 216 0 6.8 12.0 2.5 2.5 4 1 1 2 2
3292.4 1072.6 -12.2 216 0 10.6 12.7 2.5 0.0 0 1 1 3 3
3317.4 1059.7 -9.0 36 0 9.0 6.6 2.5 2.5 2 0 1 1 1
3317.7 1047.1 -8.5 36 0 9.0 8.0 2.5 2.5 2 0 1 4 4
3310.4 1052.0 -9.3 36 0 10.1 5.8 2.5 2.5 2 0 1 3 3
3307.5 1036.1 -10.6 36 0 16.2 12.1 2.5 2.5 2 0 1 2 2
3298.0 1049.1 -11.4 36 0 7.8 9.4 2.5 2.5 2 1 1 2 2
3284.0 1057.7 -12.4 216 0 9.9 6.0 2.5 2.5 2 0 1 3 3
3284.8 1033.1 -12.1 36 0 9.3 6.4 2.5 2.5 4 0 1 3 3
3263.4 1032.8 -13.6 216 0 6.3 4.0 2.5 2.5 2 0 1 4 4
3272.7 1041.8 -13.1 216 0 9.3 7.6 2.5 2.5 2 0 1 0 0
