4288.5 -6183.8 -4.0 247 0 7.5 12.3 2.5 2.5 2 1 1 2 2
4273.0 -6193.7 -3.2 241 0 12.5 10.3 2.5 2.5 2 0 1 2 2
4267.9 -6174.3 -6.4 62 0 10.4 8.3 2.5 2.5 2 0 1 5 5
4278.0 -6167.9 -7.2 61 0 8.7 10.5 2.5 2.5 2 1 1 4 4
4293.6 -6165.9 -7.0 63 0 13.4 9.1 2.5 0.0 0 0 1 3 3
4301.6 -6177.6 -4.5 244 0 11.2 8.1 2.5 2.5 2 0 1 5 5
4336.4 -6166.4 -5.8 243 0 17.7 10.4 2.5 2.5 2 0 1 4 4
4314.3 -6170.9 -5.3 239 0 13.8 9.5 2.5 2.5 2 0 1 2 2
4308.1 -6157.7 -8.0 58 0 13.8 9.0 2.5 2.5 2 0 1 0 0
4304.9 -6147.5 -9.7 59 0 15.9 10.6 2.5 2.5 2 0 1 0 0
4319.5 -6138.3 -9.5 68 0 10.6 6.6 2.5 2.5 2 0 1 2 2
4323.9 -6148.4 -8.5 63 0 10.1 8.0 2.5 0.0 0 0 1 1 1
4337.8 -6142.8 -9.3 62 0 12.7 16.5 2.5 2.5 2 1 1 4 4
4347.0 -6150.0 -7.0 244 0 10.7 11.1 2.5 2.5 2 1 1 2 2
4417.4 -6119.3 -4.6 257 0 7.8 12.7 2.5 2.5 2 1 1 0 0
4415.3 -6097.2 -8.5 77 0 8.5 17.9 5.0 2.5 2 1 2 0 0
4426.7 -6098.1 -7.4 77 0 10.0 15.4 5.0 2.5 2 1 2 4 4
4433.9 -6076.3 -9.4 77 0 16.1 10.0 5.0 2.5 2 0 2 3 3
4443.7 -6085.9 -7.7 77 0 7.3 10.2 5.0 0.0 0 1 2 2 2
4454.1 -6072.1 -8.5 77 0 7.2 6.4 5.0 2.5 4 0 2 5 5
4455.1 -6081.5 -7.6 77 0 10.5 8.3 5.0 2.5 2 0 2 2 2
4468.3 -6083.6 -7.0 77 0 9.2 7.2 5.0 2.5 2 0 2 3 3
4468.5 -6127.9 -4.7 77 0 14.9 16.9 2.5 2.5 2 1 1 4 4
4481.9 -6091.4 -5.7 257 0 12.4 12.7 2.5 2.5 2 1 1 4 4
4494.7 -6089.0 -5.9 257 0 9.7 7.1 2.5 2.5 2 0 1 0 0
4497.8 -6097.4 -5.6 257 0 7.5 9.7 2.5 2.5 2 1 1 3 3
4507.2 -6090.8 -6.0 257 0 7.2 4.3 2.5 2.5 2 0 1 4 4
4509.7 -6120.9 -5.2 77 0 9.3 11.4 2.5 2.5 2 1 1 1 1
4525.0 -6120.6 -5.2 77 0 9.8 15.1 2.5 2.5 2 1 1 2 2
4481.4 -6078.2 -7.6 77 0 11.3 9.1 5.0 2.5 2 0 2 0 0
4495.2 -6075.8 -7.9 77 0 9.8 14.4 5.0 2.5 2 1 2 5 5
4515.1 -6081.3 -6.5 257 0 8.5 18.0 2.5 2.5 2 1 1 3 3
4507.2 -6067.5 -8.4 77 0 9.3 11.8 5.0 2.5 2 1 2 0 0
4520.7 -6064.3 -9.2 77 0 8.8 20.3 5.0 2.5 2 1 2 4 4
4530.1 -6060.2 -8.9 77 0 7.4 15.2 5.0 2.5 2 1 2 4 4
4540.1 -6056.1 -8.8 77 0 7.3 12.7 5.0 2.5 2 1 2 5 5
4549.4 -6053.2 -8.7 77 0 8.1 11.0 5.0 2.5 2 1 2 5 5
4660.8 -6022.1 -4.5 87 0 7.4 7.7 2.5 2.5 2 1 1 5 5
4669.6 -6020.9 -5.1 87 0 7.9 14.1 2.5 2.5 2 1 1 5 5
4694.3 -6016.8 -2.2 87 0 4.1 6.7 2.5 2.5 2 1 1 5 5
4686.4 -6018.8 -4.8 87 0 7.8 21.7 2.5 2.5 2 1 1 1 1
4682.1 -6026.0 -2.3 267 0 11.7 7.4 2.5 2.5 2 0 1 2 2
4683.8 -6034.6 -2.5 267 0 11.5 6.0 2.5 2.5 2 0 1 3 3
4702.4 -6024.0 -1.8 267 0 9.8 6.7 2.5 2.5 2 0 1 0 0
4715.0 -6023.3 -1.7 268 0 5.4 8.8 2.5 2.5 2 1 1 5 5
4722.9 -6033.3 -1.7 267 0 13.7 8.6 2.5 2.5 2 0 1 2 2
4725.4 -6021.3 -1.7 267 0 14.7 9.2 2.5 2.5 2 0 1 4 4
4711.0 -6013.0 -4.5 87 0 8.8 15.5 2.5 2.5 2 1 1 2 2
4723.7 -6001.9 -5.6 87 0 11.7 7.4 2.5 2.5 2 0 1 5 5
4724.0 -6012.4 -3.7 87 0 9.7 8.2 2.5 2.5 2 0 1 0 0
4735.9 -6011.8 -5.2 87 0 9.8 15.5 2.5 2.5 2 1 1 5 5
4740.3 -6021.5 -1.9 267 0 10.7 10.8 2.5 2.5 4 1 1 2 2
4746.8 -6008.8 -5.5 87 0 9.8 15.0 2.5 2.5 2 1 1 4 4
4759.8 -6007.4 -5.5 87 0 8.9 13.4 2.5 2.5 2 1 1 2 2
4725.2 -6148.7 0.6 92 0 15.6 26.3 10.0 2.5 2 1 4 5 5
4890.3 -5994.3 -7.5 92 0 7.1 9.6 5.0 0.0 0 1 2 3 3
4902.4 -5992.5 -7.3 92 0 9.8 5.2 5.0 2.5 4 0 2 2 2
4901.8 -6001.3 -5.8 91 0 9.4 7.2 5.0 2.5 2 0 2 3 3
4915.1 -6002.0 -7.1 91 0 8.3 12.1 5.0 2.5 2 1 2 5 5
4927.7 -6001.7 -7.5 92 0 10.3 12.2 5.0 2.5 2 1 2 2 2
4938.8 -6004.5 -8.4 103 0 7.0 17.7 5.0 2.5 2 1 2 4 4
4948.1 -6010.2 -4.1 283 0 11.3 19.4 2.5 2.5 2 1 1 1 1
4954.9 -6003.3 -8.5 103 0 8.9 15.2 5.0 2.5 2 1 2 1 1
4966.7 -6006.6 -8.8 103 0 9.0 18.0 5.0 2.5 2 1 2 3 3
4984.3 -6024.6 -3.9 283 0 10.0 12.4 2.5 0.0 0 1 1 5 5
4993.7 -6029.8 -3.7 283 0 9.8 8.3 2.5 2.5 2 0 1 3 3
4991.2 -6041.2 -2.9 283 0 11.0 17.5 2.5 0.0 0 1 1 5 5
5014.6 -6071.9 -1.8 13 0 9.9 34.2 2.5 2.5 2 1 1 5 5
5201.3 -6057.3 -6.6 103 0 7.5 13.4 5.0 0.0 0 1 2 1 1
5183.5 -6057.7 -5.7 103 0 4.5 11.4 5.0 2.5 2 1 2 4 4
5174.8 -6058.5 -5.3 103 0 9.1 11.0 5.0 2.5 2 1 2 4 4
5161.2 -6057.4 -5.0 103 0 9.1 10.3 5.0 2.5 2 1 2 2 2
5161.2 -6045.4 -6.9 103 0 9.1 10.4 5.0 2.5 2 1 2 3 3
5151.1 -6043.4 -7.2 103 0 6.7 10.3 5.0 0.0 0 1 2 4 4
5147.8 -6056.7 -5.4 103 0 9.6 11.4 5.0 2.5 2 1 2 0 0
5135.4 -6052.8 -5.4 103 0 6.9 8.4 5.0 0.0 0 1 2 2 2
5124.8 -6049.6 -6.2 102 0 7.6 10.2 5.0 0.0 0 1 2 2 2
5113.8 -6047.4 -6.7 103 0 9.0 13.4 5.0 2.5 2 1 2 1 1
5104.1 -6034.3 -7.6 103 0 10.2 9.4 5.0 2.5 2 0 2 3 3
5102.0 -6046.0 -6.0 103 0 9.8 10.3 5.0 2.5 2 1 2 4 4
5089.4 -6043.5 -6.7 103 0 6.1 14.8 5.0 2.5 2 1 2 4 4
5079.1 -6039.9 -6.7 103 0 7.2 13.3 5.0 2.5 2 1 2 5 5
5069.9 -6035.9 -6.8 103 0 6.2 11.6 5.0 0.0 0 1 2 2 2
5064.3 -6021.1 -8.0 103 0 8.3 6.1 5.0 2.5 2 0 2 3 3
5060.8 -6035.6 -6.6 103 0 7.2 12.7 5.0 2.5 2 1 2 3 3
5059.1 -6044.6 -3.8 283 0 8.5 11.5 2.5 2.5 2 1 1 3 3
5071.1 -6046.0 -3.9 283 0 8.7 8.0 2.5 2.5 2 0 1 5 5
5080.0 -6049.0 -3.9 283 0 7.4 12.6 2.5 2.5 2 1 1 1 1
5090.5 -6050.4 -4.1 283 0 8.6 9.2 2.5 2.5 2 1 1 4 4
5100.0 -6052.6 -4.2 283 0 7.6 13.1 2.5 2.5 2 1 1 3 3
5111.0 -6058.0 -4.1 283 0 9.3 11.5 2.5 2.5 2 1 1 5 5
5123.4 -6058.6 -4.0 283 0 9.6 14.2 2.5 2.5 2 1 1 1 1
5136.6 -6060.4 -3.7 282 0 7.8 8.7 2.5 2.5 2 1 1 5 5
5133.3 -6069.7 -3.7 283 0 8.8 8.1 2.5 2.5 2 0 1 0 0
5142.5 -6076.0 -3.4 283 0 5.3 10.2 2.5 0.0 0 1 1 2 2
5151.0 -6082.8 -3.3 283 0 8.8 10.3 2.5 0.0 0 1 1 4 4
5149.0 -6063.4 -3.4 283 0 10.9 12.0 2.5 2.5 2 1 1 5 5
5170.3 -6075.1 -2.9 284 0 14.5 13.7 2.5 2.5 2 0 1 5 5
5181.8 -6093.9 -2.7 99 0 6.2 9.5 2.5 0.0 0 1 1 4 4
5192.0 -6067.7 -2.6 278 0 8.2 16.1 2.5 2.5 2 1 1 2 2
