-3425.7 444.3 3.5 94 0 9.8 19.5 5.0 2.5 2 1 2 1 1
-3426.0 515.3 -1.5 263 0 7.7 20.4 5.0 2.5 2 1 2 2 2
-3449.5 502.9 -0.2 258 0 9.4 8.5 5.0 2.5 2 0 2 2 2
-3436.7 506.6 -0.8 261 0 9.6 11.8 5.0 2.5 2 1 2 1 1
-3391.7 438.2 2.7 89 0 8.6 8.3 5.0 2.5 2 0 2 3 3
-3405.9 472.5 1.8 262 0 5.4 6.4 5.0 0.0 0 1 2 4 4
-3392.7 475.3 0.4 262 0 11.4 16.6 5.0 2.5 2 1 2 5 5
-3379.1 467.0 0.2 262 0 6.8 9.0 5.0 2.5 2 1 2 2 2
-3369.6 479.1 -1.2 262 0 8.2 8.2 5.0 2.5 2 0 2 4 4
-3359.6 480.0 -1.5 262 0 8.0 8.1 5.0 2.5 2 1 2 5 5
-3349.2 482.4 -2.0 262 0 8.7 10.8 5.0 2.5 2 1 2 4 4
-3336.5 484.0 -2.3 262 0 8.2 12.5 5.0 2.5 2 1 2 0 0
-3367.8 487.6 -2.7 82 0 7.9 15.5 5.0 2.5 2 1 2 5 5
-3383.0 484.1 -2.0 82 0 9.0 15.2 5.0 2.5 2 1 2 4 4
-3394.1 483.1 -0.7 82 0 9.8 9.1 5.0 2.5 2 0 2 2 2
-3399.9 517.2 -2.6 262 0 10.3 16.4 5.0 0.0 0 1 2 5 5
-3386.1 517.1 -3.5 262 0 9.2 14.8 5.0 2.5 2 1 2 0 0
-3374.1 523.3 -4.0 262 0 9.6 16.0 5.0 0.0 0 1 2 1 1
-3349.2 523.6 -4.1 262 0 7.8 6.5 5.0 2.5 4 0 2 2 2
-3357.2 487.1 -2.8 80 0 9.6 16.2 5.0 2.5 2 1 2 0 0
-3343.6 489.7 -2.9 80 0 9.8 15.4 5.0 2.5 2 1 2 0 0
-3320.3 486.7 -2.3 247 0 7.6 7.9 5.0 2.5 2 1 2 5 5
-3309.6 490.5 -2.5 257 0 9.9 12.7 5.0 2.5 2 1 2 4 4
-3297.2 498.4 -3.1 76 0 9.3 16.1 5.0 2.5 2 1 2 1 1
-3309.3 498.1 -3.2 74 0 9.5 13.8 5.0 2.5 2 1 2 2 2
-3322.7 494.1 -2.8 77 0 16.4 8.4 5.0 2.5 4 0 2 2 2
-3328.8 506.0 -3.3 78 0 8.2 5.0 5.0 2.5 2 0 2 4 4
-3331.0 526.6 -4.2 261 0 11.8 10.4 5.0 2.5 2 0 2 1 1
-3318.7 530.0 -4.1 257 0 8.9 16.0 5.0 2.5 2 1 2 5 5
-3307.0 528.1 -3.8 258 0 8.9 12.6 5.0 2.5 2 1 2 2 2
-3295.4 532.0 -3.1 259 0 7.8 14.1 5.0 2.5 4 1 2 1 1
-3262.0 461.0 0.3 262 0 10.4 10.0 5.0 2.5 2 0 2 5 5
-3429.0 521.1 -3.1 84 0 9.0 11.8 5.0 2.5 2 1 2 5 5
-3415.9 523.0 -4.0 82 0 9.2 20.8 5.0 2.5 2 1 2 2 2
-3403.6 525.7 -4.3 81 0 9.1 15.8 5.0 2.5 2 1 2 4 4
-3408.9 559.6 -5.2 261 0 8.7 15.8 5.0 2.5 2 1 2 3 3
-3391.0 524.5 -4.6 81 0 8.8 17.7 5.0 2.5 2 1 2 2 2
-3369.5 529.4 -4.8 85 0 8.8 14.3 5.0 2.5 2 1 2 0 0
-3380.1 527.2 -4.6 83 0 9.2 13.0 5.0 2.5 2 1 2 0 0
-3383.0 563.1 -5.4 262 0 8.5 19.6 5.0 2.5 2 1 2 5 5
-3371.9 564.7 -5.5 263 0 7.8 13.1 5.0 2.5 2 1 2 3 3
-3356.7 529.8 -4.8 85 0 12.6 11.8 5.0 2.5 2 0 2 2 2
-3341.4 532.1 -4.7 84 0 10.8 6.9 5.0 2.5 2 0 2 0 0
-3358.6 553.5 -5.2 267 0 10.4 4.5 5.0 2.5 2 0 2 0 0
-3361.6 568.5 -5.7 261 0 11.5 9.9 5.0 2.5 2 0 2 2 2
-3346.7 558.4 -5.3 263 0 9.0 12.6 5.0 2.5 2 1 2 1 1
-3346.6 570.9 -5.7 265 0 10.0 8.3 5.0 2.5 2 0 2 5 5
-3298.8 537.7 -3.9 81 0 10.1 9.2 5.0 2.5 4 0 2 2 2
-3311.5 535.3 -4.5 81 0 9.7 13.3 5.0 2.5 2 1 2 1 1
-3322.5 573.4 -5.6 274 0 17.6 20.1 5.0 2.5 2 1 2 5 5
-3308.8 585.0 -7.5 78 0 11.2 9.7 5.0 2.5 4 0 2 3 3
-3328.1 582.8 -7.9 78 0 8.9 10.2 5.0 2.5 2 1 2 4 4
-3355.0 576.0 -8.5 78 0 6.8 14.8 5.0 2.5 2 1 2 5 5
-3362.6 575.3 -8.3 76 0 6.8 13.2 5.0 2.5 2 1 2 3 3
-3372.1 572.7 -8.6 78 0 9.3 15.6 5.0 2.5 4 1 2 4 4
-3383.0 570.7 -8.2 79 0 10.4 14.2 5.0 2.5 2 1 2 0 0
-3393.4 570.1 -7.3 77 0 5.9 8.2 5.0 2.5 2 1 2 0 0
-3399.9 567.6 -7.9 79 0 5.9 13.3 5.0 2.5 2 1 2 0 0
-3410.3 574.2 -8.4 79 0 10.4 7.7 5.0 2.5 2 0 2 5 5
-3409.0 567.4 -7.0 79 0 10.4 6.9 5.0 2.5 2 0 2 1 1
-3423.3 563.8 -8.0 81 0 13.9 14.1 5.0 2.5 2 1 2 4 4
-3421.0 558.2 -5.1 262 0 11.5 9.6 5.0 2.5 2 0 2 0 0
-3433.5 554.9 -4.9 260 0 9.8 13.4 5.0 2.5 2 1 2 2 2
-3537.0 532.9 -2.1 263 0 7.1 14.2 5.0 2.5 2 1 2 4 4
-3535.8 513.7 0.4 269 0 8.6 7.6 5.0 0.0 0 0 2 4 4
-3536.6 477.9 3.4 96 0 11.4 10.9 5.0 2.5 2 0 2 1 1
-3512.0 457.4 6.2 101 0 19.4 9.8 5.0 0.0 0 0 2 3 3
-3484.8 511.3 -0.7 4 0 11.1 30.1 5.0 2.5 2 1 2 1 1
-3462.5 523.9 -3.1 90 0 9.3 10.0 5.0 0.0 0 1 2 0 0
-3462.8 515.2 -1.1 273 0 10.4 16.0 5.0 2.5 2 1 2 2 2
-3466.1 440.6 6.7 89 0 8.7 8.4 5.0 2.5 2 0 2 2 2
-3446.7 461.5 3.8 94 0 8.7 7.7 5.0 2.5 2 0 2 0 0
-3294.4 452.4 -1.2 252 0 7.0 10.6 5.0 2.5 2 1 2 2 2
-3284.1 453.3 -0.6 250 0 8.9 8.4 5.0 0.0 0 0 2 1 1
-3217.4 618.0 0.6 304 0 6.6 6.5 5.0 2.5 2 0 2 5 5
