-6776.6 4570.8 -13.3 334 0 7.8 9.5 2.5 2.5 2 1 1 0 0
-5782.9 5062.3 -9.0 231 0 4.4 3.8 2.5 2.5 2 0 1 2 2
-5780.7 5090.3 3.4 50 0 4.0 3.9 2.5 2.5 2 0 1 1 1
-5786.0 5064.3 -7.4 329 0 4.2 6.6 2.5 2.5 2 1 1 3 3
-5808.3 5076.1 -0.9 161 0 5.4 5.1 2.5 0.0 0 0 1 5 5
-5795.3 5087.4 0.4 343 0 6.1 6.7 2.5 2.5 2 1 1 1 1
-5795.2 5063.0 -6.4 326 0 9.3 6.0 2.5 2.5 2 0 1 2 2
-5777.6 5072.3 -8.6 245 0 8.5 7.4 2.5 2.5 2 0 1 5 5
-5774.6 5082.3 -1.9 58 0 5.7 8.6 2.5 2.5 2 1 1 4 4
-5768.1 5083.3 -1.8 56 0 4.8 16.9 2.5 2.5 2 1 1 2 2
-5748.7 5085.3 -1.7 76 0 6.6 6.6 2.5 0.0 0 0 1 3 3
-5731.4 5084.6 -3.3 96 0 7.2 8.9 2.5 2.5 2 1 1 4 4
-5739.5 5084.3 -2.7 81 0 8.2 8.1 2.5 2.5 2 0 1 4 4
-5732.6 5078.4 -8.8 264 0 9.7 5.7 2.5 2.5 2 0 1 2 2
-5469.9 5099.8 -4.4 258 0 8.7 3.1 5.0 2.5 2 0 2 3 3
-5560.8 5062.7 -15.1 263 0 7.8 6.2 2.5 2.5 2 0 1 5 5
-5565.3 5072.2 -14.0 254 0 8.7 8.6 2.5 2.5 2 0 1 4 4
-5555.7 5072.9 -13.8 249 0 7.5 13.1 2.5 2.5 2 1 1 2 2
-5566.4 5085.6 -2.5 65 0 7.9 3.5 5.0 2.5 2 0 2 2 2
-5554.2 5082.1 -5.5 78 0 8.2 12.2 5.0 2.5 2 1 2 5 5
-5546.7 5096.0 2.5 71 0 11.0 5.9 5.0 2.5 2 0 2 3 3
-5543.9 5088.0 -3.2 75 0 11.8 7.1 5.0 2.5 2 0 2 2 2
-5543.5 5075.5 -11.9 261 0 12.0 7.7 2.5 2.5 2 0 1 2 2
-5534.7 5079.0 -11.2 251 0 7.1 11.4 2.5 2.5 2 1 1 2 2
-5536.4 5095.9 1.0 71 0 5.0 6.5 5.0 2.5 2 1 2 1 1
-5532.8 5087.3 -5.1 68 0 6.0 8.4 5.0 2.5 2 1 2 0 0
-5527.1 5095.8 -1.6 68 0 8.5 6.6 5.0 2.5 2 0 2 5 5
-5525.6 5080.8 -9.9 259 0 7.8 8.0 2.5 2.5 2 1 1 1 1
-5522.4 5072.6 -10.9 253 0 7.0 3.6 2.5 2.5 4 0 1 2 2
-5524.7 5089.7 -5.3 76 0 10.5 4.4 5.0 2.5 2 0 2 0 0
-5511.7 5081.3 -10.5 257 0 10.3 9.8 2.5 2.5 2 0 1 5 5
-5511.8 5070.8 -12.1 258 0 14.6 6.2 2.5 2.5 2 0 1 4 4
-5501.8 5083.0 -9.7 251 0 8.1 7.7 2.5 2.5 2 0 1 5 5
-5499.5 5074.1 -11.3 253 0 8.7 5.7 2.5 2.5 2 0 1 1 1
-5513.4 5092.4 -5.4 67 0 9.1 14.2 5.0 2.5 2 1 2 1 1
-5501.4 5095.7 -4.5 66 0 6.9 9.2 5.0 2.5 2 1 2 1 1
-5491.2 5097.4 -4.3 67 0 11.1 13.4 5.0 2.5 2 1 2 5 5
-5492.0 5086.6 -9.1 258 0 9.2 8.2 2.5 2.5 2 0 1 3 3
-5489.6 5077.1 -11.3 259 0 8.5 8.6 2.5 0.0 0 1 1 2 2
-5478.2 5079.7 -10.7 261 0 9.5 8.0 2.5 2.5 2 0 1 5 5
-5479.9 5089.7 -8.5 261 0 10.8 8.6 2.5 2.5 2 0 1 4 4
-5480.1 5100.0 -3.3 76 0 7.4 13.8 5.0 2.5 2 1 2 4 4
-5470.8 5116.3 1.3 73 0 8.0 8.3 5.0 2.5 2 1 2 4 4
-5469.5 5102.9 -2.7 75 0 11.1 11.4 5.0 2.5 2 1 2 2 2
-5463.2 5078.3 -10.7 261 0 9.8 6.0 2.5 0.0 0 0 1 0 0
-5466.6 5091.3 -9.0 258 0 10.4 11.5 2.5 2.5 2 1 1 1 1
-5456.2 5093.6 -9.7 261 0 6.8 16.8 2.5 2.5 2 1 1 2 2
-5457.4 5100.2 -3.5 80 0 10.2 12.5 5.0 2.5 2 1 2 1 1
-5447.1 5095.2 -9.6 263 0 6.9 17.5 2.5 2.5 2 1 1 2 2
-5449.4 5103.5 -2.4 80 0 4.4 12.3 5.0 2.5 4 1 2 1 1
-5441.6 5109.8 -0.8 80 0 7.2 6.6 5.0 2.5 2 0 2 2 2
-5432.5 5108.0 -1.3 83 0 8.3 8.9 5.0 2.5 2 1 2 0 0
-5432.1 5099.7 -9.3 262 0 19.1 19.7 2.5 2.5 2 1 1 5 5
-5424.8 5109.7 -0.9 78 0 5.1 10.3 5.0 2.5 4 1 2 4 4
-5414.6 5111.3 -0.6 74 0 9.6 13.1 5.0 2.5 2 1 2 1 1
-5415.7 5101.0 -6.7 265 0 8.1 11.5 2.5 2.5 2 1 1 2 2
-5406.4 5102.8 -7.5 254 0 9.0 15.6 2.5 2.5 2 1 1 0 0
-5392.5 5131.2 5.6 89 0 10.4 11.5 5.0 2.5 2 1 2 0 0
-5404.3 5113.2 0.1 80 0 10.3 8.2 5.0 2.5 2 0 2 4 4
-5406.6 5109.6 -1.5 173 0 5.4 17.0 5.0 2.5 2 1 2 2 2
-5395.2 5101.2 -7.3 259 0 8.2 13.4 2.5 2.5 2 1 1 5 5
-5387.9 5101.4 -6.9 261 0 3.7 12.7 2.5 2.5 2 1 1 1 1
-5381.4 5106.9 -6.5 262 0 9.1 16.5 2.5 2.5 2 1 1 5 5
-5379.5 5089.9 -9.2 266 0 7.9 8.7 2.5 0.0 0 1 1 3 3
-5378.5 5131.4 6.3 88 0 5.4 5.6 5.0 2.5 2 1 2 0 0
-5381.6 5122.6 3.2 90 0 13.0 7.4 5.0 2.5 2 0 2 0 0
-5380.5 5114.3 0.7 92 0 10.2 7.6 5.0 0.0 0 0 2 4 4
-5364.4 5129.9 6.3 83 0 4.7 7.6 5.0 2.5 2 1 2 2 2
-5367.9 5115.0 1.4 90 0 8.8 6.9 5.0 2.5 2 0 2 3 3
-5361.2 5113.6 1.3 93 0 3.9 8.8 5.0 2.5 2 1 2 3 3
-5369.5 5103.2 -4.9 271 0 7.1 7.8 2.5 0.0 0 1 1 3 3
-5369.4 5094.0 -7.4 267 0 10.0 6.9 2.5 2.5 2 0 1 2 2
-5372.3 5083.7 -9.6 252 0 3.8 4.0 2.5 0.0 0 1 1 1 1
-5365.5 5071.9 -11.8 90 0 10.3 6.5 2.5 2.5 2 0 1 0 0
-5357.4 5089.7 -8.2 270 0 10.2 5.5 2.5 2.5 2 0 1 2 2
-5354.1 5123.4 4.6 88 0 11.0 8.6 5.0 2.5 2 0 2 3 3
-5353.0 5114.2 1.6 87 0 10.2 8.3 5.0 2.5 2 0 2 0 0
-5347.8 5102.7 -4.2 270 0 8.9 7.4 2.5 0.0 0 0 1 0 0
-5346.1 5083.7 -9.3 269 0 6.9 4.4 2.5 2.5 2 0 1 3 3
-5333.5 5069.5 -12.1 86 0 9.1 8.6 2.5 2.5 2 0 1 3 3
-5336.3 5088.1 -8.0 267 0 9.7 5.7 2.5 2.5 2 0 1 0 0
-5336.6 5095.0 -5.6 270 0 9.3 5.4 2.5 2.5 4 0 1 4 4
-5338.3 5104.2 -3.5 266 0 7.6 7.7 2.5 2.5 2 1 1 5 5
-5339.7 5123.4 5.2 83 0 5.2 5.3 5.0 2.5 2 1 2 5 5
-5338.5 5112.9 1.5 86 0 16.0 9.6 5.0 2.5 2 0 2 0 0
-5324.3 5113.3 2.5 89 0 7.5 6.5 5.0 2.5 2 0 2 1 1
-5314.6 5112.2 2.6 92 0 9.2 7.4 5.0 2.5 2 0 2 1 1
-5300.6 5111.7 3.0 93 0 7.4 4.5 5.0 2.5 2 0 2 4 4
-5323.2 5075.3 -9.9 84 0 10.6 7.7 2.5 2.5 2 0 1 2 2
-5328.3 5104.3 -2.3 268 0 10.4 5.2 2.5 2.5 2 0 1 0 0
-5326.3 5091.7 -6.1 269 0 9.3 4.8 2.5 0.0 0 0 1 1 1
-5326.8 5098.1 -4.3 269 0 8.3 5.5 2.5 2.5 2 0 1 0 0
-5320.5 5102.1 -3.6 263 0 4.4 8.2 2.5 2.5 2 1 1 4 4
-5310.1 5083.8 -9.5 251 0 5.3 6.5 2.5 2.5 2 1 1 3 3
-5301.1 5093.8 -5.5 252 0 3.1 4.8 2.5 2.5 2 1 1 4 4
-5307.8 5094.1 -5.2 272 0 9.2 4.9 2.5 2.5 2 0 1 4 4
-5310.5 5102.3 -2.8 270 0 12.3 6.9 2.5 2.5 2 0 1 4 4
-5297.0 5101.7 -3.5 269 0 13.1 6.0 2.5 0.0 0 0 1 1 1
-5293.5 5094.9 -5.5 269 0 6.8 4.2 2.5 2.5 2 0 1 4 4
-5302.4 5085.9 -9.8 250 0 8.4 7.4 2.5 2.5 2 0 1 3 3
-5289.0 5089.0 -9.3 247 0 5.5 6.9 2.5 2.5 2 1 1 3 3
-5283.2 5101.3 -6.2 269 0 11.7 9.5 2.5 2.5 2 0 1 3 3
-5272.3 5103.3 -7.5 267 0 8.4 10.4 2.5 2.5 4 1 1 2 2
-5261.0 5105.1 -11.4 252 0 8.1 15.1 2.5 2.5 2 1 1 4 4
-5251.9 5106.6 -11.5 252 0 7.9 11.9 2.5 2.5 2 1 1 3 3
-5240.7 5096.1 -13.0 72 0 5.2 3.8 2.5 2.5 2 0 1 2 2
-5242.7 5112.8 -10.0 249 0 9.2 9.3 2.5 2.5 2 1 1 4 4
-5235.2 5116.8 -9.6 234 0 4.6 8.6 2.5 2.5 2 1 1 4 4
-5228.4 5116.4 -10.7 233 0 3.6 6.9 2.5 2.5 2 1 1 0 0
-5211.7 5137.3 -9.2 230 0 9.6 12.6 2.5 2.5 2 1 1 4 4
-5202.1 5143.7 -9.2 230 0 8.9 13.7 2.5 2.5 2 1 1 5 5
-5185.0 5155.2 -7.0 239 0 19.4 11.7 2.5 2.5 2 0 1 0 0
-5179.0 5143.6 -11.7 240 0 17.0 7.9 2.5 0.0 0 0 1 1 1
-5160.5 5141.3 -12.1 64 0 9.7 10.6 2.5 2.5 2 1 1 5 5
-5165.2 5167.8 -5.0 248 0 4.8 11.1 2.5 2.5 2 1 1 1 1
-5156.7 5171.3 -5.6 244 0 8.3 13.6 2.5 2.5 2 1 1 2 2
-5144.6 5145.6 -12.0 66 0 11.8 11.8 2.5 2.5 2 0 1 5 5
-5157.8 5177.3 2.7 63 0 8.3 10.8 5.0 2.5 4 1 2 0 0
-5148.4 5180.5 2.6 59 0 8.2 15.0 5.0 2.5 4 1 2 1 1
-5145.3 5174.9 -3.5 243 0 7.8 9.8 2.5 2.5 4 1 1 1 1
-5136.2 5164.0 -9.2 241 0 11.1 10.6 2.5 0.0 0 0 1 1 1
-5132.0 5179.1 -2.2 242 0 9.1 6.9 2.5 2.5 2 0 1 4 4
-5134.1 5196.7 5.4 56 0 10.6 5.8 5.0 2.5 2 0 2 0 0
-5127.2 5188.0 2.3 58 0 9.8 9.3 5.0 2.5 2 0 2 1 1
-5121.3 5168.3 -7.5 245 0 5.9 7.1 2.5 2.5 2 1 1 0 0
-5111.1 5184.5 -3.9 248 0 8.5 11.2 2.5 0.0 0 1 1 3 3
-5102.0 5189.3 -1.1 254 0 5.3 4.2 2.5 2.5 2 0 1 3 3
-5090.4 5183.5 -5.5 256 0 11.9 8.9 2.5 2.5 2 0 1 5 5
-5099.1 5155.4 -12.0 80 0 7.2 13.1 2.5 2.5 2 1 1 4 4
-5088.8 5157.5 -12.0 79 0 9.9 13.6 2.5 2.5 4 1 1 3 3
-5093.4 5213.0 5.5 77 0 12.8 7.6 5.0 2.5 2 0 2 2 2
-5075.8 5197.2 -4.5 244 0 14.8 13.8 2.5 2.5 2 0 1 0 0
-5060.9 5202.8 -4.0 245 0 9.2 10.2 2.5 2.5 2 1 1 1 1
-5036.0 5206.2 -2.6 250 0 3.2 3.5 2.5 2.5 2 1 1 2 2
-5075.0 5219.3 2.5 69 0 18.7 8.4 5.0 2.5 2 0 2 5 5
-5056.4 5225.3 2.4 72 0 18.1 8.7 5.0 2.5 2 0 2 2 2
-5038.7 5221.1 1.2 73 0 9.2 14.9 5.0 0.0 0 1 2 5 5
-5025.4 5213.2 -3.9 254 0 7.7 15.0 2.5 2.5 2 1 1 3 3
-5003.1 5211.3 -3.4 253 0 4.5 8.3 2.5 2.5 2 1 1 0 0
-5008.5 5201.8 -4.5 255 0 8.7 4.4 2.5 2.5 2 0 1 5 5
-5011.3 5213.8 -3.4 255 0 9.0 11.6 2.5 2.5 4 1 1 1 1
-5000.3 5222.4 -2.1 248 0 8.2 11.2 2.5 2.5 2 1 1 2 2
-4995.4 5252.6 4.0 67 0 7.2 6.4 5.0 2.5 2 0 2 5 5
-5003.6 5251.1 4.4 71 0 6.2 6.4 5.0 2.5 2 1 2 4 4
-5000.7 5238.8 2.3 73 0 8.2 11.5 5.0 2.5 2 1 2 5 5
-4981.3 5225.9 -2.1 246 0 8.1 6.0 2.5 2.5 2 0 1 1 1
-4979.4 5249.7 2.3 88 0 7.0 12.3 5.0 2.5 2 1 2 3 3
-4958.6 5273.3 4.4 64 0 4.7 9.2 5.0 2.5 2 1 2 0 0
-4958.6 5261.9 2.5 73 0 9.9 7.0 5.0 2.5 2 0 2 4 4
-4935.5 5280.6 4.2 71 0 7.5 14.2 5.0 2.5 2 1 2 1 1
-4820.9 5250.1 -5.2 255 0 6.4 4.8 2.5 2.5 2 0 1 5 5
-4914.3 5253.8 -4.7 258 0 9.4 20.7 2.5 2.5 2 1 1 1 1
-4895.4 5242.9 -6.1 255 0 6.2 12.4 2.5 0.0 0 1 1 2 2
-4889.6 5259.2 -4.9 250 0 10.2 18.7 2.5 2.5 2 1 1 1 1
-4866.5 5234.6 -6.6 70 0 6.5 11.7 2.5 0.0 0 1 1 0 0
-4851.8 5244.6 -5.5 343 0 9.2 4.0 2.5 2.5 2 0 1 0 0
-4845.7 5245.3 -5.2 340 0 9.4 5.3 2.5 2.5 2 0 1 1 1
-4799.8 5256.2 -4.9 345 0 11.9 9.5 2.5 2.5 2 0 1 2 2
-4823.3 5269.0 -2.3 171 0 11.9 14.6 2.5 2.5 2 1 1 4 4
-4803.8 5293.6 -1.5 260 0 11.2 16.5 2.5 2.5 2 1 1 5 5
