-6327.0 2224.1 -9.0 347 0 9.3 6.9 2.5 2.5 2 0 1 3 3
-6322.8 2239.7 -5.7 349 0 8.9 8.3 2.5 2.5 2 0 1 3 3
-6332.2 2237.9 -7.5 347 0 12.9 8.1 2.5 2.5 2 0 1 0 0
-6313.4 2228.4 -7.3 348 0 10.8 10.9 2.5 0.0 0 1 1 1 1
-6351.6 2209.1 -11.8 160 0 6.8 15.1 2.5 2.5 2 1 1 3 3
-6347.0 2198.2 -11.8 162 0 8.2 16.8 2.5 2.5 2 1 1 4 4
-6319.4 2199.9 -10.4 345 0 8.3 7.9 2.5 2.5 2 0 1 2 2
-6310.4 2203.4 -9.7 344 0 8.8 8.8 2.5 2.5 2 0 1 4 4
-6310.5 2195.3 -9.8 251 0 12.6 10.1 2.5 2.5 2 0 1 2 2
-6322.0 2191.2 -10.7 252 0 9.9 9.2 2.5 2.5 2 0 1 5 5
-6339.3 2186.0 -12.0 250 0 7.7 5.8 2.5 0.0 0 0 1 2 2
-6334.4 2168.8 -12.0 161 0 6.3 8.9 2.5 2.5 2 1 1 0 0
-6320.4 2167.7 -11.2 68 0 5.6 10.1 2.5 2.5 2 1 1 5 5
-6316.4 2180.0 -10.5 247 0 4.9 8.5 2.5 2.5 2 1 1 3 3
-6305.7 2180.7 -10.0 340 0 9.3 6.3 2.5 2.5 2 0 1 2 2
-6303.6 2164.6 -10.1 67 0 5.1 7.2 2.5 2.5 2 1 1 0 0
-6309.0 2160.4 -10.6 68 0 5.3 5.5 2.5 2.5 2 1 1 4 4
-6325.8 2151.4 -12.3 68 0 11.2 10.3 2.5 2.5 2 0 1 5 5
-6324.6 2145.8 -12.4 247 0 8.7 7.6 5.0 2.5 2 0 2 5 5
-6307.5 2130.4 -11.5 69 0 5.1 8.4 5.0 2.5 2 1 2 0 0
-6310.6 2149.8 -11.2 252 0 5.4 6.8 5.0 2.5 2 1 2 4 4
-6316.8 2148.6 -11.7 251 0 5.5 11.0 5.0 2.5 2 1 2 5 5
-6289.8 2155.8 -10.0 339 0 9.2 8.9 5.0 2.5 2 0 2 3 3
-6294.0 2132.2 -10.7 70 0 8.6 8.9 5.0 2.5 2 1 2 2 2
-6286.6 2136.2 -10.0 69 0 5.8 6.8 5.0 2.5 4 1 2 1 1
-6288.0 2127.9 -10.3 212 0 6.1 7.2 5.0 2.5 2 1 2 4 4
-6295.1 2128.3 -10.9 249 0 7.4 6.2 5.0 2.5 2 0 2 2 2
-6311.1 2105.5 -12.2 158 0 7.6 8.2 5.0 2.5 2 1 2 1 1
-6311.1 2120.9 -12.2 247 0 10.9 7.4 5.0 2.5 2 0 2 5 5
-6300.0 2110.1 -11.6 68 0 6.9 6.0 5.0 2.5 4 0 2 1 1
-6289.5 2110.3 -11.2 341 0 6.3 7.1 5.0 2.5 2 1 2 4 4
-6285.5 2110.4 -10.6 67 0 5.7 6.8 5.0 2.5 2 1 2 2 2
-6283.8 2104.5 -10.7 246 0 7.1 10.6 2.5 2.5 2 1 1 5 5
-6288.5 2098.9 -11.0 246 0 4.8 8.1 2.5 2.5 2 1 1 5 5
-6302.1 2097.5 -12.1 245 0 10.8 11.1 2.5 2.5 2 1 1 5 5
-6283.0 2079.4 -11.3 67 0 9.5 8.8 2.5 2.5 2 0 1 5 5
-6299.2 2076.0 -12.1 155 0 9.6 10.1 2.5 2.5 2 1 1 1 1
-6274.3 2081.3 -10.2 156 0 5.6 11.8 2.5 2.5 2 1 1 5 5
-6272.7 2075.9 -10.4 248 0 6.3 7.2 2.5 2.5 2 1 1 0 0
-6291.0 2062.9 -11.8 155 0 9.3 16.2 2.5 0.0 0 1 1 5 5
-6303.6 2237.7 -3.2 186 0 12.2 10.9 2.5 2.5 2 0 1 5 5
-6304.4 2217.1 -6.5 164 0 9.7 15.4 2.5 2.5 2 1 1 0 0
-6298.6 2204.2 -8.0 162 0 7.8 14.3 2.5 2.5 2 1 1 2 2
-6294.8 2194.4 -8.1 161 0 8.2 14.4 2.5 2.5 2 1 1 3 3
-6291.1 2185.1 -8.2 160 0 8.1 11.8 2.5 2.5 2 1 1 0 0
-6278.2 2206.0 -6.0 159 0 9.9 7.2 2.5 2.5 2 0 1 4 4
-6274.0 2178.9 -6.9 162 0 8.4 8.0 2.5 2.5 2 0 1 2 2
-6274.5 2190.8 -6.4 161 0 11.0 9.9 2.5 2.5 2 0 1 5 5
-6288.8 2171.8 -8.7 163 0 9.0 12.7 2.5 2.5 2 1 1 1 1
-6284.1 2159.5 -8.8 158 0 11.3 9.8 2.5 2.5 2 0 1 0 0
-6268.0 2147.7 -8.0 166 0 8.9 8.0 2.5 2.5 4 0 1 2 2
-6245.1 2096.2 -6.7 163 0 9.6 6.9 2.5 2.5 2 0 1 2 2
-6270.6 2121.1 -9.2 157 0 10.1 15.3 2.5 2.5 2 1 1 5 5
-6263.8 2110.4 -8.9 153 0 9.8 9.0 2.5 2.5 2 0 1 3 3
-6244.0 2133.4 -6.0 158 0 8.7 13.7 2.5 2.5 4 1 1 1 1
-6220.4 2120.4 -5.5 336 0 20.2 16.2 2.5 2.5 2 0 1 1 1
-6236.2 2072.0 -6.4 246 0 10.0 18.5 2.5 2.5 2 1 1 1 1
-6247.6 2062.1 -7.8 247 0 16.6 10.6 2.5 2.5 2 0 1 4 4
-6438.3 2250.5 -15.0 340 0 11.0 8.0 2.5 2.5 2 0 1 2 2
-6434.4 2239.5 -15.9 337 0 8.8 8.6 2.5 2.5 4 0 1 4 4
-6428.9 2224.0 -17.9 332 0 9.9 16.3 2.5 2.5 2 1 1 4 4
-6422.8 2213.1 -17.4 332 0 9.7 17.0 2.5 2.5 4 1 1 2 2
-6438.2 2191.7 -17.9 157 0 8.2 11.5 2.5 2.5 2 1 1 1 1
-6417.8 2198.9 -16.8 334 0 10.1 9.6 2.5 2.5 2 0 1 2 2
-6404.0 2173.0 -17.8 334 0 12.3 17.0 2.5 0.0 0 1 1 3 3
-6392.2 2148.9 -17.0 325 0 7.6 6.6 2.5 2.5 2 0 1 2 2
-6382.9 2137.5 -17.9 312 0 14.4 15.2 2.5 2.5 2 1 1 5 5
-6372.1 2116.3 -17.1 335 0 8.7 8.7 2.5 0.0 0 1 1 2 2
-6368.9 2108.2 -16.9 335 0 6.9 8.7 2.5 0.0 0 1 1 0 0
-6428.8 2273.4 -10.3 155 0 6.5 8.4 2.5 2.5 2 1 1 3 3
-6436.6 2269.5 -10.9 155 0 8.8 7.9 2.5 2.5 2 0 1 0 0
-6431.2 2259.8 -11.6 155 0 10.6 15.4 2.5 2.5 2 1 1 1 1
-6391.1 2268.3 -7.3 245 0 9.0 8.5 2.5 2.5 2 0 1 1 1
-6410.2 2263.1 -10.6 155 0 10.9 9.9 2.5 2.5 2 0 1 5 5
-6414.8 2252.0 -11.6 155 0 10.3 7.8 2.5 2.5 2 0 1 5 5
-6424.4 2245.8 -12.5 155 0 9.8 8.7 2.5 2.5 2 0 1 5 5
-6419.2 2230.9 -13.5 155 0 11.7 19.4 2.5 2.5 2 1 1 3 3
-6413.3 2216.7 -14.4 155 0 9.6 14.2 2.5 2.5 2 1 1 4 4
-6408.3 2204.5 -15.2 155 0 11.8 10.9 2.5 2.5 2 0 1 2 2
-6373.4 2202.2 -13.9 332 0 13.2 9.6 2.5 2.5 2 0 1 0 0
-6391.0 2191.2 -14.6 147 0 7.2 7.4 2.5 2.5 2 1 1 3 3
-6398.1 2184.8 -15.2 151 0 8.7 8.3 2.5 0.0 0 0 1 0 0
-6394.2 2174.5 -15.3 154 0 8.3 14.8 2.5 2.5 4 1 1 2 2
-6389.1 2165.1 -15.4 153 0 9.9 18.7 2.5 2.5 2 1 1 4 4
-6343.5 2163.6 -13.9 336 0 10.9 15.7 2.5 2.5 2 1 1 0 0
-6378.7 2147.1 -15.4 156 0 7.4 12.2 2.5 2.5 2 1 1 3 3
-6374.6 2136.5 -15.6 156 0 13.6 11.2 2.5 2.5 4 0 1 2 2
-6348.1 2142.0 -14.0 66 0 7.1 6.8 2.5 2.5 2 0 1 5 5
-6340.8 2145.6 -13.4 67 0 7.8 9.9 2.5 2.5 2 1 1 5 5
-6338.6 2141.6 -13.3 243 0 5.0 6.5 2.5 2.5 2 1 1 5 5
-6343.1 2138.0 -13.7 243 0 5.0 6.2 2.5 2.5 2 1 1 2 2
-6357.4 2132.9 -14.8 243 0 6.8 8.3 2.5 2.5 2 1 1 4 4
-6368.7 2123.5 -15.6 153 0 7.9 9.7 2.5 2.5 2 1 1 3 3
-6345.4 2113.3 -14.5 63 0 11.6 7.3 2.5 0.0 0 0 1 5 5
-6318.9 2094.7 -13.1 63 0 6.8 7.3 2.5 0.0 0 1 1 2 2
-6334.1 2111.6 -13.9 243 0 8.5 11.4 2.5 2.5 2 1 1 0 0
-6344.8 2105.9 -14.3 243 0 5.9 7.6 2.5 2.5 2 1 1 5 5
-6339.6 2084.7 -14.4 63 0 9.8 8.4 2.5 0.0 0 0 1 1 1
-6342.1 2073.8 -14.2 153 0 8.9 10.8 5.0 2.5 2 1 2 3 3
-6331.2 2085.2 -13.8 243 0 6.8 8.5 5.0 2.5 2 1 2 0 0
-6308.5 2069.6 -13.0 63 0 11.0 7.6 5.0 2.5 2 0 2 4 4
-6319.7 2064.6 -13.3 63 0 5.2 4.9 5.0 2.5 2 0 2 4 4
-6335.6 2061.6 -13.9 153 0 11.5 12.0 5.0 0.0 0 1 2 2 2
-6318.4 2056.3 -13.1 243 0 4.6 7.8 2.5 0.0 0 1 1 4 4
-6325.8 2053.5 -13.6 243 0 9.6 7.7 2.5 2.5 2 0 1 1 1
-6297.1 2060.1 -12.5 333 0 9.9 7.7 2.5 2.5 2 0 1 5 5
-6311.9 2059.2 -12.9 243 0 8.1 12.2 2.5 2.5 2 1 1 0 0
-6309.2 2037.7 -12.7 153 0 6.5 7.5 2.5 2.5 2 1 1 5 5
-6319.2 2033.3 -13.2 153 0 9.5 9.2 2.5 2.5 2 0 1 3 3
-6349.8 2069.6 -16.6 333 0 8.8 8.5 2.5 2.5 4 0 1 5 5
-6341.5 2060.0 -16.0 333 0 10.0 8.6 2.5 2.5 2 0 1 2 2
-6335.0 2046.4 -15.7 333 0 8.4 8.9 2.5 2.5 2 1 1 5 5
-6325.5 2024.7 -15.9 333 0 8.4 12.2 2.5 2.5 2 1 1 3 3
-6316.1 2006.5 -15.8 333 0 9.6 15.1 2.5 2.5 2 1 1 0 0
-6309.5 1996.4 -14.3 333 0 7.0 9.9 2.5 2.5 2 1 1 1 1
-746.6 5923.0 2.9 318 0 7.5 9.9 5.0 2.5 2 1 2 0 0
-742.2 5935.1 3.1 316 0 7.3 8.5 5.0 0.0 0 1 2 0 0
-1017.5 5839.7 -12.9 140 0 8.9 8.8 5.0 2.5 2 0 2 2 2
-1018.0 5858.8 -14.6 140 0 7.9 9.9 5.0 2.5 2 1 2 3 3
-1004.9 5876.6 -13.8 230 0 10.0 10.9 5.0 2.5 2 1 2 0 0
-997.5 5881.6 -12.5 230 0 5.5 9.3 5.0 0.0 0 1 2 0 0
-990.8 5886.1 -12.3 230 0 8.6 9.5 5.0 2.5 2 1 2 1 1
-966.8 5819.0 -9.5 142 0 12.1 7.3 5.0 2.5 2 0 2 4 4
-946.0 5818.7 -9.3 52 0 9.7 19.5 5.0 2.5 2 1 2 1 1
-944.1 5809.0 -7.2 140 0 10.7 25.4 5.0 2.5 2 1 2 3 3
-893.6 5862.7 -9.8 51 0 11.0 20.8 5.0 2.5 2 1 2 3 3
-908.9 5831.2 -8.3 50 0 10.1 25.4 5.0 2.5 4 1 2 2 2
-888.2 5808.7 -3.5 52 0 7.5 6.0 5.0 2.5 4 0 2 5 5
-874.8 5834.9 -4.9 48 0 9.6 9.1 5.0 2.5 4 0 2 5 5
-854.3 5828.3 -2.4 138 0 7.9 14.5 5.0 2.5 2 1 2 5 5
-827.3 5865.2 -2.8 138 0 9.1 6.1 5.0 2.5 2 0 2 4 4
-982.5 5836.4 -10.9 140 0 14.0 9.6 5.0 2.5 2 0 2 3 3
-962.2 5844.4 -9.8 140 0 6.2 9.3 5.0 2.5 2 1 2 4 4
-975.8 5854.2 -10.9 140 0 10.3 13.4 5.0 2.5 2 1 2 5 5
-969.6 5884.5 -11.7 230 0 9.4 11.2 2.5 2.5 2 1 1 5 5
-943.5 5856.0 -10.2 50 0 10.2 10.5 2.5 2.5 2 1 1 1 1
-935.3 5864.1 -10.9 50 0 9.6 12.8 2.5 2.5 2 1 1 3 3
-949.9 5888.9 -12.0 230 0 8.6 14.0 2.5 0.0 0 1 1 5 5
-923.5 5873.5 -11.5 50 0 8.2 14.0 2.5 2.5 2 1 1 0 0
-911.0 5895.2 -12.3 320 0 15.3 8.0 2.5 2.5 2 0 1 3 3
-982.3 5900.3 -12.9 233 0 10.4 15.1 5.0 2.5 4 1 2 4 4
-989.9 5911.7 -14.7 233 0 10.2 10.8 5.0 2.5 2 1 2 3 3
-969.6 5905.2 -13.4 233 0 5.2 8.9 5.0 2.5 2 1 2 2 2
-965.1 5912.1 -14.7 233 0 6.7 13.0 5.0 2.5 2 1 2 0 0
-956.0 5924.9 -15.1 233 0 10.3 15.0 5.0 2.5 2 1 2 5 5
-945.9 5933.0 -15.1 233 0 11.9 13.8 5.0 2.5 2 1 2 2 2
-895.3 5948.7 -11.7 53 0 11.0 10.5 5.0 2.5 2 0 2 1 1
-884.2 5968.6 -10.7 323 0 11.0 13.2 5.0 0.0 0 1 2 3 3
-909.6 5975.8 -11.8 233 0 10.2 10.8 5.0 2.5 2 1 2 3 3
-899.5 5981.8 -10.7 233 0 9.4 9.5 5.0 2.5 2 1 2 1 1
-910.2 5945.6 -13.4 323 0 8.5 10.1 5.0 0.0 0 1 2 2 2
-922.4 5927.8 -14.7 53 0 10.2 8.9 5.0 2.5 2 0 2 0 0
-934.0 5939.5 -14.9 143 0 7.9 11.3 5.0 2.5 2 1 2 5 5
-941.0 5946.0 -15.3 143 0 6.9 10.6 5.0 2.5 2 1 2 2 2
-927.2 5960.7 -13.8 233 0 9.1 9.6 5.0 2.5 2 1 2 4 4
-967.3 5958.0 -18.4 233 0 14.4 14.9 5.0 2.5 2 1 2 5 5
-975.1 5968.1 -19.4 233 0 9.3 9.9 5.0 2.5 4 1 2 2 2
-965.6 5974.7 -19.0 233 0 9.6 8.2 5.0 2.5 4 0 2 0 0
-943.4 5970.6 -17.2 233 0 25.4 11.6 5.0 2.5 2 0 2 3 3
-929.8 5989.1 -16.5 233 0 12.7 18.0 5.0 2.5 2 1 2 2 2
-916.8 5990.3 -14.5 233 0 5.8 11.4 5.0 2.5 2 1 2 1 1
-909.5 5995.6 -13.8 233 0 9.8 11.4 5.0 2.5 2 1 2 0 0
-896.9 6002.4 -13.5 233 0 8.5 9.2 5.0 2.5 2 1 2 3 3
-870.6 5968.1 -9.7 53 0 13.0 10.3 2.5 2.5 2 0 1 0 0
-876.2 6018.5 -13.9 233 0 11.4 10.5 5.0 0.0 0 0 2 5 5
-856.3 5980.3 -10.6 53 0 19.2 7.0 2.5 0.0 0 0 1 1 1
-872.3 5997.4 -11.1 233 0 10.9 14.7 2.5 2.5 2 1 1 5 5
-864.0 6005.0 -11.6 233 0 7.2 14.9 2.5 2.5 2 1 1 5 5
-854.4 6015.3 -12.7 233 0 11.2 12.5 2.5 2.5 4 1 1 4 4
-836.9 5994.4 -11.8 53 0 11.0 13.1 2.5 2.5 2 1 1 0 0
-824.2 6005.4 -12.4 53 0 13.6 16.3 2.5 2.5 2 1 1 0 0
-866.9 6035.5 -14.9 233 0 5.8 10.1 5.0 2.5 2 1 2 2 2
-860.7 6039.9 -15.0 233 0 4.7 18.5 5.0 2.5 2 1 2 1 1
-850.0 6043.7 -15.5 233 0 9.2 13.4 5.0 2.5 2 1 2 1 1
-833.9 6058.1 -14.2 233 0 8.8 16.2 5.0 2.5 2 1 2 4 4
-802.4 6048.2 -9.2 323 0 8.9 9.8 2.5 2.5 2 1 1 1 1
-797.2 6057.2 -7.9 236 0 10.9 9.2 5.0 2.5 2 0 2 0 0
-786.9 6063.3 -6.9 238 0 8.6 7.7 5.0 2.5 2 0 2 4 4
-776.4 6051.7 -6.8 231 0 10.9 6.6 5.0 2.5 2 0 2 1 1
-770.6 6066.7 -5.7 232 0 9.2 12.8 5.0 2.5 2 1 2 4 4
-771.1 6090.2 -8.2 152 0 12.0 5.8 5.0 2.5 2 0 2 1 1
-791.9 6123.1 -15.8 234 0 4.9 10.5 5.0 2.5 2 1 2 1 1
-757.4 6104.2 -6.8 227 0 7.9 13.0 5.0 2.5 2 1 2 2 2
-741.4 6117.2 -5.4 223 0 9.5 12.2 5.0 2.5 2 1 2 1 1
-717.2 6074.4 -0.5 319 0 7.8 8.1 5.0 2.5 2 1 2 4 4
-730.3 6085.3 -1.6 229 0 6.3 6.5 5.0 2.5 2 1 2 0 0
-743.5 6091.0 -3.3 229 0 7.8 8.6 5.0 2.5 2 1 2 2 2
-738.4 6081.4 -3.0 229 0 8.2 8.7 5.0 2.5 2 1 2 1 1
-755.5 6073.5 -4.5 229 0 8.8 10.7 5.0 2.5 2 1 2 1 1
-733.7 6024.6 -4.7 49 0 10.3 8.0 5.0 2.5 2 0 2 4 4
-740.5 6031.4 -5.0 49 0 9.9 6.4 5.0 2.5 2 0 2 2 2
-754.8 6046.6 -5.4 229 0 6.9 9.3 5.0 2.5 2 1 2 1 1
-767.8 6040.2 -6.7 229 0 9.7 17.8 5.0 2.5 2 1 2 0 0
-748.2 6017.3 -6.0 49 0 8.1 10.4 5.0 2.5 4 1 2 5 5
-757.6 6007.6 -6.3 49 0 9.9 6.9 5.0 2.5 2 0 2 0 0
-789.5 6021.3 -8.4 229 0 9.0 13.4 5.0 2.5 2 1 2 1 1
-823.5 6035.1 -11.1 228 0 9.7 10.7 2.5 2.5 2 1 1 0 0
-809.0 6016.2 -10.6 48 0 10.7 10.1 2.5 2.5 2 0 1 2 2
-803.4 6013.3 -9.5 228 0 7.2 11.3 5.0 2.5 2 1 2 1 1
-810.3 6007.1 -10.0 228 0 7.8 10.4 5.0 2.5 2 1 2 4 4
-821.2 6000.6 -10.4 228 0 12.9 12.7 5.0 2.5 2 0 2 2 2
-829.0 5990.8 -9.9 228 0 9.9 11.8 5.0 2.5 2 1 2 0 0
-840.5 5982.6 -9.9 228 0 12.5 9.9 5.0 2.5 2 0 2 1 1
-846.4 5962.8 -9.1 228 0 7.8 4.4 5.0 2.5 2 0 2 2 2
-841.8 5958.6 -8.8 228 0 9.6 5.9 5.0 2.5 2 0 2 0 0
-837.2 5951.8 -8.3 228 0 7.3 7.6 5.0 2.5 2 1 2 1 1
-867.6 5963.6 -9.2 228 0 12.7 12.5 5.0 2.5 2 0 2 5 5
-857.6 5952.5 -8.7 228 0 10.5 7.8 5.0 2.5 2 0 2 3 3
-849.9 5945.4 -8.2 228 0 14.2 10.4 5.0 2.5 2 0 2 4 4
-858.8 5926.1 -9.1 48 0 11.1 10.2 2.5 2.5 2 0 1 0 0
-871.2 5916.5 -10.2 48 0 12.9 7.6 2.5 0.0 0 0 1 5 5
-884.1 5924.3 -10.9 138 0 8.6 5.8 2.5 2.5 2 0 1 0 0
-881.2 5952.6 -10.0 228 0 9.6 9.5 2.5 0.0 0 0 1 3 3
-892.8 5933.6 -11.4 138 0 12.1 13.9 2.5 2.5 2 1 1 3 3
-905.7 5933.7 -12.7 228 0 8.2 10.2 5.0 2.5 2 1 2 2 2
-887.3 5920.1 -11.8 318 0 9.2 13.5 5.0 2.5 2 1 2 4 4
-883.5 5906.2 -10.8 48 0 10.3 7.5 5.0 2.5 2 0 2 4 4
-872.8 5894.7 -9.1 318 0 9.3 18.0 5.0 2.5 2 1 2 0 0
-847.2 5877.8 -5.8 48 0 6.6 7.1 5.0 2.5 2 1 2 3 3
-854.7 5891.9 -9.0 48 0 7.2 22.1 5.0 2.5 4 1 2 4 4
-830.1 5892.9 -6.5 48 0 9.0 21.1 5.0 0.0 0 1 2 1 1
-847.6 5915.2 -7.9 48 0 9.0 8.4 5.0 2.5 2 0 2 4 4
-827.3 5929.6 -7.1 318 0 12.2 9.3 5.0 0.0 0 0 2 0 0
-816.4 5924.8 -7.0 48 0 7.2 16.7 5.0 2.5 2 1 2 5 5
-810.2 5947.3 -6.7 318 0 9.7 10.1 5.0 2.5 2 1 2 5 5
-791.9 5933.7 -3.1 318 0 6.4 5.1 5.0 2.5 2 0 2 4 4
-795.2 5946.6 -5.4 48 0 6.6 13.7 5.0 2.5 2 1 2 2 2
-777.8 5949.9 -3.3 318 0 13.2 10.7 5.0 2.5 2 0 2 3 3
-785.7 5960.4 -4.3 318 0 8.5 9.4 5.0 2.5 2 1 2 5 5
-775.2 5959.6 -4.1 48 0 10.0 12.2 5.0 2.5 2 1 2 0 0
-768.3 5971.8 -3.7 48 0 9.0 7.3 5.0 2.5 4 0 2 0 0
-759.2 5963.2 -1.7 48 0 8.9 7.8 5.0 2.5 2 0 2 3 3
-750.7 5968.5 -0.4 48 0 8.1 6.7 5.0 2.5 2 0 2 3 3
-745.1 5982.1 -1.9 48 0 4.9 5.4 5.0 2.5 2 1 2 3 3
-752.8 5987.1 -4.0 48 0 10.7 6.7 5.0 2.5 2 0 2 5 5
-737.8 5993.4 -3.3 53 0 9.0 6.3 5.0 2.5 2 0 2 0 0
-729.3 6002.7 -3.6 48 0 12.6 5.7 5.0 2.5 2 0 2 3 3
-730.6 6011.6 -4.2 48 0 11.1 7.3 5.0 2.5 2 0 2 5 5
-721.1 6019.0 -3.2 48 0 10.2 8.1 5.0 2.5 2 0 2 3 3
-726.4 6058.9 -1.4 45 0 5.8 4.3 5.0 2.5 2 0 2 0 0
-737.6 6054.3 -2.9 233 0 6.0 14.6 5.0 2.5 2 1 2 0 0
-718.7 6038.1 -1.1 53 0 8.7 8.0 5.0 2.5 2 0 2 2 2
-688.5 6041.1 4.7 49 0 9.5 8.6 5.0 2.5 2 0 2 4 4
-688.9 6077.9 4.9 320 0 5.4 9.1 5.0 0.0 0 1 2 1 1
-692.1 6119.9 0.3 310 0 7.6 6.7 5.0 2.5 2 0 2 0 0
-652.9 6118.1 4.2 311 0 5.9 8.2 5.0 2.5 2 1 2 1 1
-701.8 5823.4 12.0 78 0 6.2 7.3 7.5 2.5 2 1 3 2 2
-686.1 5842.0 13.9 54 0 9.8 10.4 7.5 2.5 2 1 3 4 4
-694.6 5864.8 13.2 320 0 16.7 12.3 5.0 2.5 2 0 2 5 5
-712.0 5873.8 10.2 318 0 12.8 18.6 5.0 2.5 2 1 2 4 4
-734.8 5842.9 7.4 48 0 31.9 11.7 5.0 2.5 2 0 2 4 4
-749.7 5823.5 6.5 45 0 9.6 13.9 5.0 2.5 2 1 2 5 5
-742.3 5814.0 6.9 47 0 11.7 11.3 5.0 2.5 2 0 2 2 2
-814.2 5810.5 0.6 44 0 13.6 9.6 5.0 2.5 2 0 2 3 3
-817.3 5757.6 2.0 141 0 30.7 13.0 5.0 2.5 2 0 2 4 4
-804.5 5736.0 3.3 143 0 16.9 14.7 5.0 2.5 2 0 2 4 4
-773.6 5711.4 4.0 51 0 12.7 29.0 5.0 2.5 4 1 2 2 2
