-5318.6 -6295.5 -2.6 66 0 8.1 6.3 2.5 2.5 2 0 1 1 1
-5330.8 -6299.6 -2.8 66 0 8.6 7.7 2.5 2.5 2 0 1 5 5
-5316.8 -6267.2 -3.5 244 0 9.1 5.9 2.5 2.5 2 0 1 1 1
-5322.9 -6288.0 -3.3 65 0 7.5 9.7 2.5 2.5 2 1 1 4 4
-5400.5 -6276.2 -6.6 153 0 9.7 11.0 2.5 0.0 0 1 1 3 3
-5368.2 -6271.3 -4.7 329 0 11.6 15.6 2.5 2.5 2 1 1 1 1
-5350.1 -6259.5 -4.5 58 0 7.6 5.6 2.5 2.5 2 0 1 3 3
-5364.3 -6262.4 -4.4 62 0 7.6 11.8 2.5 2.5 2 1 1 0 0
-5361.5 -6234.0 -5.3 241 0 7.4 5.2 2.5 2.5 2 0 1 2 2
-5374.4 -6231.5 -5.2 236 0 6.6 5.5 2.5 2.5 2 0 1 5 5
-5371.6 -6238.9 -4.9 244 0 9.1 5.6 2.5 2.5 2 0 1 3 3
-5366.7 -6223.9 -5.8 239 0 9.6 9.7 2.5 0.0 0 1 1 5 5
-5374.7 -6221.1 -8.7 53 0 9.8 8.2 2.5 2.5 2 0 1 3 3
-5366.3 -6215.5 -9.6 69 0 7.4 9.8 2.5 2.5 2 1 1 3 3
-5355.5 -6200.9 -11.6 62 0 9.2 7.1 2.5 2.5 2 0 1 5 5
-5341.4 -6200.4 -9.9 68 0 8.0 7.7 2.5 2.5 2 0 1 5 5
-5342.7 -6251.7 -5.3 60 0 6.8 15.9 2.5 2.5 2 1 1 1 1
-5333.5 -6249.2 -5.7 66 0 7.4 17.1 2.5 2.5 2 1 1 3 3
-5326.3 -6251.1 -5.1 61 0 6.4 4.8 2.5 2.5 2 0 1 0 0
-5318.1 -6245.8 -5.5 61 0 9.5 9.6 2.5 2.5 2 1 1 1 1
-5333.7 -6184.0 -13.4 60 0 11.6 7.7 2.5 2.5 2 0 1 4 4
-5324.3 -6188.7 -11.4 60 0 15.3 7.6 2.5 2.5 2 0 1 4 4
-5342.6 -6211.8 -6.9 217 0 15.4 15.5 2.5 2.5 2 1 1 2 2
-5311.2 -6221.6 -6.4 335 0 8.9 11.1 2.5 2.5 2 1 1 0 0
-5305.5 -6234.0 -5.4 336 0 9.2 9.1 2.5 2.5 2 0 1 3 3
-5295.8 -6235.0 -5.4 67 0 10.6 10.5 5.0 2.5 2 0 2 0 0
-5330.2 -6264.4 -4.2 240 0 6.8 7.6 2.5 2.5 2 1 1 4 4
-5319.8 -6260.0 -4.0 238 0 8.5 6.3 2.5 2.5 2 0 1 3 3
-5286.5 -6253.8 -3.0 250 0 9.0 7.1 5.0 2.5 4 0 2 0 0
-5286.6 -6252.7 -3.9 63 0 10.7 11.0 5.0 2.5 2 1 2 5 5
-5301.1 -6250.5 -3.7 245 0 7.8 8.4 2.5 2.5 2 1 1 1 1
-5311.0 -6255.2 -3.9 248 0 7.0 13.7 2.5 2.5 2 1 1 3 3
-5298.4 -6278.7 -2.5 335 0 9.3 7.5 2.5 2.5 2 0 1 5 5
-5285.8 -6277.3 -2.2 341 0 10.5 8.9 2.5 2.5 2 0 1 1 1
-5284.7 -6262.6 -2.4 245 0 9.3 17.2 5.0 2.5 2 1 2 0 0
-5309.1 -6305.3 -0.9 338 0 6.8 10.7 2.5 2.5 2 1 1 3 3
-5312.8 -6311.8 -0.1 249 0 7.8 8.0 2.5 2.5 2 1 1 2 2
-5325.3 -6313.2 -0.4 242 0 6.7 10.6 2.5 2.5 2 1 1 2 2
-5336.8 -6327.0 0.2 150 0 8.4 10.4 2.5 2.5 2 1 1 4 4
-5345.6 -6340.6 1.9 157 0 6.8 8.5 2.5 2.5 2 1 1 5 5
-5339.8 -6344.8 2.8 251 0 8.1 9.3 2.5 2.5 2 1 1 3 3
-5321.7 -6327.2 1.3 244 0 9.4 7.8 2.5 2.5 2 0 1 5 5
-5306.0 -6355.7 2.5 70 0 8.2 11.4 2.5 2.5 2 1 1 0 0
-5289.0 -6343.6 2.0 344 0 13.5 10.3 2.5 2.5 2 0 1 2 2
-5273.1 -6293.3 -0.3 246 0 8.4 15.3 5.0 2.5 2 1 2 5 5
-5287.6 -6301.9 -1.1 155 0 18.7 8.3 5.0 2.5 2 0 2 4 4
-5270.1 -6346.2 1.5 62 0 8.8 14.6 5.0 2.5 2 1 2 3 3
-5247.7 -6320.7 1.0 57 0 7.9 13.0 5.0 2.5 2 1 2 2 2
-5247.5 -6340.9 1.9 55 0 8.4 8.3 5.0 2.5 2 0 2 5 5
-5239.8 -6334.0 1.6 63 0 9.9 7.8 5.0 2.5 4 0 2 5 5
-5224.9 -6327.4 1.3 63 0 14.6 12.6 5.0 2.5 2 0 2 3 3
-5241.8 -6347.4 2.2 240 0 11.4 11.2 5.0 2.5 2 0 2 4 4
-5234.9 -6358.3 2.3 240 0 9.4 9.1 5.0 2.5 2 0 2 0 0
-5218.3 -6351.8 2.0 233 0 8.0 11.9 5.0 2.5 4 1 2 4 4
-5209.9 -6364.8 2.1 243 0 6.8 7.4 5.0 2.5 2 1 2 0 0
-5222.2 -6404.3 3.7 74 0 9.1 14.5 5.0 2.5 2 1 2 1 1
-5185.6 -6344.8 1.8 325 0 6.5 9.8 5.0 2.5 2 1 2 5 5
-5171.0 -6390.7 2.2 321 0 11.3 7.2 5.0 2.5 2 0 2 5 5
-5140.6 -6429.1 2.4 61 0 8.5 7.9 5.0 2.5 2 0 2 2 2
-5137.1 -6382.8 2.1 310 0 8.6 10.7 5.0 2.5 2 1 2 1 1
-5295.1 -6164.2 -13.0 60 0 9.4 8.7 2.5 2.5 2 0 1 5 5
-5274.3 -6153.7 -12.4 59 0 8.1 10.4 2.5 2.5 2 1 1 0 0
-5266.5 -6177.5 -6.8 239 0 11.8 8.6 5.0 2.5 2 0 2 3 3
-5275.9 -6174.0 -7.3 153 0 10.9 10.1 5.0 0.0 0 0 2 0 0
-5286.0 -6178.7 -7.4 234 0 7.5 7.5 5.0 2.5 2 0 2 5 5
-5279.6 -6187.5 -6.9 238 0 6.5 6.7 5.0 0.0 0 1 2 5 5
-5299.4 -6189.8 -7.5 240 0 10.7 10.1 5.0 2.5 2 0 2 0 0
-5297.6 -6207.3 -6.9 154 0 7.2 12.1 5.0 0.0 0 1 2 3 3
-5261.8 -6190.7 -6.4 328 0 6.6 9.5 5.0 2.5 2 1 2 1 1
-5258.7 -6185.2 -6.3 242 0 8.7 8.4 5.0 2.5 2 0 2 5 5
-5245.7 -6197.3 -5.5 247 0 12.4 7.3 5.0 2.5 2 0 2 2 2
-5264.0 -6203.6 -6.1 334 0 9.4 10.7 5.0 2.5 2 1 2 0 0
-5263.5 -6217.4 -5.5 63 0 9.5 6.3 5.0 0.0 0 0 2 0 0
-5272.3 -6221.8 -5.6 59 0 6.8 7.6 5.0 2.5 2 1 2 2 2
-5290.3 -6223.3 -5.9 151 0 11.6 10.6 5.0 0.0 0 0 2 0 0
-5244.5 -6281.0 -0.0 238 0 9.6 8.3 5.0 0.0 0 0 2 2 2
-5250.8 -6277.6 -0.7 155 0 7.5 7.8 5.0 2.5 2 1 2 2 2
-5235.8 -6266.3 -0.9 242 0 10.4 15.5 5.0 2.5 2 1 2 2 2
-5224.0 -6285.3 0.8 243 0 9.2 11.0 5.0 2.5 2 1 2 3 3
-5191.2 -6309.0 1.4 61 0 11.3 9.5 5.0 2.5 2 0 2 1 1
-5242.7 -6256.3 -3.0 67 0 9.4 15.5 5.0 2.5 2 1 2 1 1
-5255.3 -6260.1 -2.6 65 0 10.7 10.5 5.0 0.0 0 0 2 4 4
-5271.9 -6252.2 -2.8 246 0 10.0 13.7 5.0 2.5 2 1 2 3 3
-5269.9 -6242.0 -3.9 336 0 13.6 9.7 5.0 2.5 2 0 2 4 4
-5267.7 -6242.9 -3.8 156 0 10.1 7.2 5.0 2.5 2 0 2 5 5
-5258.5 -6237.0 -4.2 150 0 12.7 8.9 5.0 2.5 2 0 2 1 1
-5237.6 -6226.4 -4.3 334 0 11.0 9.2 5.0 2.5 2 0 2 1 1
-5234.6 -6215.4 -4.4 247 0 10.8 12.8 5.0 2.5 2 1 2 1 1
-5246.9 -6130.9 -12.3 48 0 8.2 10.8 2.5 2.5 4 1 1 0 0
-5236.3 -6180.6 -6.3 147 0 7.6 7.9 5.0 2.5 2 1 2 4 4
-5224.6 -6139.5 -7.8 238 0 7.9 4.5 5.0 2.5 2 0 2 3 3
-5229.9 -6132.9 -8.2 230 0 9.3 7.0 5.0 2.5 2 0 2 4 4
-5222.8 -6124.9 -8.2 234 0 6.6 14.7 5.0 2.5 2 1 2 5 5
-5230.2 -6114.6 -12.2 50 0 7.9 9.5 2.5 2.5 2 1 1 1 1
-5222.8 -6108.2 -12.0 50 0 8.2 10.2 2.5 0.0 0 1 1 3 3
-5214.8 -6100.2 -12.0 48 0 7.9 10.1 2.5 0.0 0 1 1 4 4
-5203.4 -6101.5 -8.5 239 0 9.6 7.7 5.0 2.5 2 0 2 1 1
-5187.9 -6084.9 -9.0 234 0 8.0 12.1 5.0 2.5 2 1 2 1 1
-5172.4 -6088.9 -7.9 236 0 9.3 7.6 5.0 0.0 0 0 2 3 3
-5163.2 -6056.8 -7.9 236 0 12.1 16.1 5.0 2.5 2 1 2 5 5
-5212.5 -6193.1 -5.5 68 0 13.3 10.6 5.0 2.5 2 0 2 2 2
-5192.0 -6179.1 -5.7 60 0 9.1 12.7 5.0 2.5 2 1 2 3 3
-5158.6 -6156.7 -4.9 48 0 9.8 9.6 5.0 2.5 2 0 2 2 2
-5180.3 -6179.2 -5.4 65 0 10.1 14.6 5.0 2.5 4 1 2 5 5
-5177.1 -6195.6 -4.1 330 0 10.3 10.0 2.5 2.5 2 0 1 0 0
-5191.8 -6203.7 -3.8 235 0 6.6 10.3 2.5 0.0 0 1 1 3 3
-5200.8 -6207.6 -3.9 241 0 4.6 8.5 2.5 2.5 2 1 1 2 2
-5214.2 -6216.4 -3.9 248 0 8.9 7.2 2.5 2.5 2 0 1 5 5
-5212.5 -6234.5 -2.9 159 0 6.4 9.5 2.5 2.5 2 1 1 4 4
-5196.0 -6233.9 -2.6 64 0 6.9 7.3 2.5 2.5 2 1 1 1 1
-5186.8 -6229.9 -2.9 66 0 8.5 11.7 2.5 2.5 2 1 1 0 0
-5166.6 -6284.5 1.1 151 0 13.6 18.8 2.5 2.5 4 1 1 3 3
-5124.1 -6288.7 2.3 326 0 49.8 11.2 2.5 2.5 2 0 1 2 2
-5081.3 -6204.1 2.3 240 0 8.7 10.0 2.5 2.5 2 1 1 4 4
-5078.9 -6269.6 3.3 144 0 10.3 13.7 2.5 2.5 2 1 1 2 2
-5042.4 -6341.7 3.6 53 0 12.5 38.4 2.5 2.5 2 1 1 5 5
-4857.1 -5720.6 -14.4 241 0 8.8 12.5 5.0 2.5 2 1 2 3 3
-4864.4 -5729.0 -13.2 240 0 7.8 7.3 5.0 0.0 0 0 2 5 5
-4854.3 -5793.5 -6.4 159 0 6.3 9.4 5.0 0.0 0 1 2 2 2
-4856.0 -5780.2 -6.6 250 0 12.7 8.0 5.0 2.5 2 0 2 3 3
-4829.9 -5779.6 -6.4 349 0 8.0 11.9 5.0 2.5 2 1 2 2 2
-4845.1 -5746.6 -9.8 65 0 8.8 10.3 5.0 2.5 2 1 2 1 1
-4835.5 -5743.9 -8.3 70 0 9.1 6.5 5.0 0.0 0 0 2 3 3
-4829.6 -5728.5 -9.2 340 0 9.0 8.2 5.0 2.5 2 0 2 3 3
-4822.4 -5724.9 -10.9 160 0 11.2 10.5 5.0 2.5 2 0 2 0 0
-4803.9 -5723.6 -12.3 71 0 8.7 12.6 5.0 2.5 2 1 2 1 1
-4809.4 -5816.1 -4.8 62 0 8.8 9.9 5.0 2.5 2 1 2 3 3
-4821.2 -5791.9 -5.5 245 0 8.7 15.4 5.0 2.5 2 1 2 4 4
-4830.5 -5750.5 -7.3 257 0 8.8 6.2 5.0 2.5 2 0 2 2 2
-4819.2 -5760.6 -6.9 343 0 9.2 9.8 5.0 2.5 2 1 2 4 4
-4809.9 -5764.8 -6.8 160 0 16.5 7.4 5.0 2.5 4 0 2 2 2
-4793.1 -5755.1 -6.5 253 0 9.3 9.4 5.0 2.5 4 1 2 5 5
-4782.4 -5744.6 -6.7 257 0 11.7 7.5 5.0 2.5 4 0 2 2 2
-4771.9 -5737.6 -6.6 251 0 9.9 14.8 5.0 2.5 2 1 2 0 0
-4797.1 -5781.7 -5.7 164 0 11.3 28.4 5.0 2.5 2 1 2 5 5
-4754.9 -5776.4 -4.2 72 0 8.4 8.6 5.0 2.5 2 1 2 3 3
-4783.7 -5705.5 -11.1 308 0 17.0 16.0 5.0 2.5 2 0 2 2 2
-4759.8 -5720.1 -6.8 66 0 10.1 7.4 5.0 2.5 2 0 2 0 0
-4766.8 -5702.7 -7.1 243 0 7.5 7.4 5.0 2.5 2 0 2 4 4
-4755.7 -5697.3 -7.1 246 0 10.1 8.1 5.0 2.5 2 0 2 5 5
-4756.8 -5735.3 -6.1 250 0 10.8 16.0 5.0 2.5 2 1 2 5 5
-4747.0 -5727.1 -6.1 246 0 8.9 12.6 5.0 2.5 2 1 2 0 0
-4737.1 -5773.4 -3.0 62 0 6.1 10.4 5.0 2.5 2 1 2 4 4
-4723.4 -5785.0 -1.6 65 0 8.4 12.2 5.0 2.5 4 1 2 5 5
-4702.7 -5768.6 -1.7 330 0 8.4 8.2 5.0 2.5 2 0 2 3 3
-4748.1 -5718.1 -6.6 65 0 7.7 11.0 5.0 2.5 4 1 2 2 2
-4740.5 -5713.7 -6.5 67 0 6.7 9.8 5.0 2.5 4 1 2 1 1
-4732.5 -5709.8 -6.3 65 0 7.4 7.7 5.0 2.5 2 1 2 4 4
-4721.3 -5700.5 -6.3 335 0 8.1 9.3 5.0 2.5 2 1 2 2 2
-4735.9 -5722.5 -5.8 244 0 10.2 8.7 5.0 2.5 2 0 2 1 1
-4725.9 -5715.9 -5.7 243 0 8.3 10.3 5.0 2.5 2 1 2 5 5
-4711.5 -5709.3 -5.6 234 0 10.7 8.5 5.0 2.5 2 0 2 1 1
-4702.1 -5702.8 -5.5 237 0 7.8 12.2 5.0 2.5 2 1 2 4 4
-4717.6 -5697.0 -6.4 153 0 8.2 8.8 2.5 0.0 0 1 1 2 2
-4727.9 -5690.7 -6.9 336 0 13.0 9.0 5.0 2.5 2 0 2 5 5
-4720.0 -5676.8 -7.3 245 0 9.7 12.1 2.5 2.5 2 1 1 5 5
-4707.9 -5674.0 -7.2 245 0 6.5 9.4 2.5 2.5 4 1 1 5 5
-4700.1 -5669.9 -7.5 241 0 9.7 9.0 2.5 2.5 2 0 1 5 5
-4770.1 -5696.5 -11.3 65 0 8.8 7.7 5.0 2.5 2 0 2 1 1
-4760.4 -5690.5 -11.7 66 0 8.6 7.5 5.0 2.5 2 0 2 5 5
-4748.9 -5686.3 -10.7 61 0 10.7 7.5 5.0 2.5 2 0 2 0 0
-4721.8 -5670.8 -13.7 68 0 8.4 11.4 5.0 2.5 2 1 2 5 5
-4712.4 -5665.5 -12.8 62 0 8.6 8.5 5.0 2.5 2 0 2 5 5
-4703.4 -5661.5 -13.1 64 0 8.3 8.9 5.0 2.5 2 1 2 0 0
-4701.0 -5693.0 -6.3 62 0 8.6 8.5 2.5 2.5 2 0 1 2 2
-4692.6 -5698.9 -5.2 240 0 8.7 7.3 5.0 2.5 2 0 2 3 3
-4691.1 -5685.9 -6.4 61 0 7.7 7.5 2.5 2.5 2 0 1 0 0
-4683.9 -5677.8 -6.4 66 0 7.1 6.8 2.5 0.0 0 0 1 4 4
-4683.4 -5692.5 -5.0 242 0 10.2 10.8 5.0 0.0 0 1 2 2 2
-4671.9 -5685.2 -3.9 244 0 10.0 8.8 5.0 2.5 2 0 2 5 5
-4674.4 -5674.2 -5.8 65 0 8.3 6.2 2.5 2.5 2 0 1 1 1
-4681.1 -5657.3 -7.4 253 0 8.7 10.6 2.5 2.5 4 1 1 0 0
-4664.4 -5658.0 -6.8 342 0 11.9 9.3 2.5 2.5 2 0 1 2 2
-4642.4 -5650.3 -5.3 250 0 10.9 8.7 5.0 2.5 2 0 2 2 2
-4647.6 -5641.2 -12.3 72 0 9.5 8.9 5.0 2.5 2 0 2 5 5
-4635.2 -5639.2 -12.1 71 0 9.7 10.9 5.0 2.5 2 1 2 3 3
-4623.5 -5635.1 -7.8 72 0 9.6 9.5 5.0 2.5 2 0 2 1 1
-4609.3 -5629.4 -7.5 71 0 7.7 7.0 5.0 2.5 2 0 2 1 1
-4616.9 -5615.5 -13.1 168 0 8.3 11.8 5.0 2.5 2 1 2 1 1
-4600.0 -5627.5 -10.6 72 0 6.7 10.9 5.0 2.5 4 1 2 4 4
-4592.1 -5622.6 -12.0 72 0 8.0 12.3 5.0 2.5 2 1 2 2 2
-4585.5 -5633.2 -4.2 252 0 11.1 8.4 5.0 2.5 2 0 2 4 4
-4582.6 -5620.4 -11.4 73 0 8.4 12.3 5.0 2.5 2 1 2 4 4
-4573.0 -5628.4 -3.9 251 0 10.7 7.9 5.0 2.5 2 0 2 2 2
-4569.3 -5615.5 -13.0 69 0 11.4 15.9 5.0 2.5 2 1 2 1 1
-4561.4 -5626.3 -3.3 253 0 8.7 9.9 5.0 2.5 2 1 2 2 2
-4556.3 -5609.9 -12.6 69 0 11.4 14.0 5.0 2.5 2 1 2 3 3
-4552.3 -5622.4 -3.1 251 0 8.8 12.6 5.0 2.5 2 1 2 2 2
-4542.1 -5609.7 -9.9 67 0 11.3 12.1 5.0 2.5 2 1 2 5 5
-4543.5 -5618.7 -3.1 251 0 8.5 18.9 5.0 2.5 2 1 2 2 2
-4534.8 -5620.8 -2.4 250 0 5.7 13.4 5.0 2.5 2 1 2 0 0
-4530.1 -5614.3 -3.8 249 0 6.6 18.3 5.0 2.5 2 1 2 3 3
-4515.8 -5615.9 -3.2 252 0 6.3 9.4 5.0 2.5 2 1 2 0 0
-4509.4 -5611.6 -4.1 248 0 7.3 11.6 5.0 2.5 2 1 2 1 1
-4529.9 -5606.9 -11.1 70 0 11.7 14.4 5.0 2.5 2 1 2 1 1
-4518.2 -5603.0 -10.2 71 0 8.2 11.2 5.0 2.5 2 1 2 5 5
-4484.6 -5676.0 4.4 333 0 8.2 10.5 5.0 2.5 2 1 2 5 5
-4486.8 -5704.1 5.1 64 0 11.3 18.4 5.0 2.5 4 1 2 5 5
-4502.9 -5604.2 -5.5 251 0 6.2 10.5 5.0 2.5 2 1 2 3 3
-4509.3 -5599.2 -11.8 72 0 8.8 14.3 5.0 2.5 2 1 2 4 4
-4500.5 -5596.2 -12.0 69 0 6.9 16.0 5.0 2.5 2 1 2 2 2
-4489.0 -5598.5 -6.5 248 0 6.6 14.2 5.0 2.5 2 1 2 0 0
-4492.8 -5593.3 -10.9 70 0 8.8 12.5 5.0 2.5 2 1 2 3 3
-4481.5 -5595.0 -7.1 249 0 8.0 16.2 5.0 0.0 0 1 2 0 0
-4472.4 -5594.8 -6.6 253 0 6.0 15.2 5.0 2.5 2 1 2 2 2
-4466.1 -5590.4 -6.8 246 0 8.0 16.7 5.0 2.5 4 1 2 4 4
-4482.1 -5585.0 -11.6 68 0 9.8 9.4 5.0 0.0 0 0 2 0 0
-4467.7 -5580.3 -12.4 63 0 11.2 13.5 5.0 0.0 0 1 2 3 3
-4453.3 -5587.5 -6.1 246 0 11.7 11.9 5.0 2.5 2 1 2 2 2
-4455.7 -5574.6 -12.6 69 0 9.7 14.5 5.0 2.5 2 1 2 5 5
-4444.3 -5571.3 -10.9 67 0 8.6 11.7 5.0 2.5 2 1 2 5 5
-4436.0 -5589.2 -4.3 257 0 11.2 11.3 5.0 2.5 2 1 2 5 5
-4412.0 -5579.8 -3.4 253 0 7.0 10.1 5.0 2.5 2 1 2 2 2
-4434.9 -5568.4 -10.4 73 0 8.8 14.1 5.0 0.0 0 1 2 4 4
-4424.1 -5567.7 -9.4 78 0 9.7 16.9 5.0 2.5 4 1 2 3 3
-4414.3 -5562.5 -8.8 78 0 9.6 15.4 5.0 2.5 2 1 2 5 5
-4399.2 -5582.2 -1.8 257 0 9.6 8.0 5.0 0.0 0 0 2 2 2
-4392.7 -5571.2 -2.5 246 0 9.1 18.2 5.0 2.5 2 1 2 0 0
-4401.1 -5556.1 -8.8 59 0 8.6 12.6 5.0 2.5 2 1 2 5 5
-4392.2 -5551.1 -9.3 71 0 8.2 13.5 5.0 2.5 2 1 2 1 1
-4381.8 -5546.1 -8.5 66 0 8.9 12.7 5.0 2.5 2 1 2 3 3
-4408.1 -5637.2 4.4 151 0 11.9 10.1 5.0 2.5 2 0 2 0 0
-4339.9 -5544.5 -0.6 235 0 10.3 8.2 5.0 2.5 2 0 2 4 4
-4354.9 -5526.3 -7.2 57 0 6.5 6.4 5.0 2.5 4 0 2 4 4
-4351.7 -5521.5 -6.7 153 0 8.0 7.9 5.0 0.0 0 0 2 2 2
-4335.7 -5532.8 -1.9 151 0 6.6 10.8 5.0 2.5 2 1 2 4 4
-4326.8 -5538.1 -0.2 220 0 6.5 11.0 5.0 0.0 0 1 2 1 1
-4313.1 -5532.2 -0.2 317 0 7.1 9.3 5.0 2.5 2 1 2 5 5
-4384.0 -5629.6 4.3 61 0 6.2 12.7 5.0 2.5 2 1 2 0 0
-4373.9 -5624.3 4.4 60 0 7.4 12.7 5.0 2.5 2 1 2 5 5
-4348.2 -5558.9 0.2 233 0 8.7 8.4 5.0 2.5 2 0 2 3 3
-4354.0 -5566.6 0.6 234 0 6.4 16.4 5.0 2.5 2 1 2 5 5
-4360.3 -5572.0 0.8 231 0 7.2 18.2 5.0 2.5 2 1 2 2 2
-4311.5 -5597.7 6.0 52 0 7.8 10.9 5.0 2.5 2 1 2 5 5
-4335.6 -5610.0 5.9 64 0 7.4 9.6 5.0 2.5 4 1 2 3 3
-4363.3 -5533.1 -7.2 74 0 7.4 6.3 5.0 2.5 2 0 2 0 0
-4372.3 -5540.8 -8.7 69 0 8.0 13.7 5.0 2.5 2 1 2 1 1
