-6804.1 -6161.3 -4.4 322 0 5.8 4.8 2.5 2.5 2 0 1 5 5
-6801.7 -6177.3 -4.1 44 0 4.3 5.9 2.5 2.5 2 1 1 3 3
-6784.2 -6131.7 -3.9 22 0 5.7 10.6 2.5 2.5 2 1 1 2 2
-6837.2 -6118.1 -5.4 296 0 8.6 4.4 5.0 2.5 2 0 2 3 3
-6859.6 -6114.1 -5.0 280 0 5.7 3.8 2.5 0.0 0 0 1 3 3
-6840.7 -6095.5 -11.8 108 0 10.0 10.0 2.5 2.5 2 0 1 3 3
-6304.4 -6325.5 -12.4 309 0 11.1 7.3 7.5 2.5 2 0 3 5 5
-6811.1 -6102.4 -10.2 118 0 7.3 4.1 2.5 2.5 2 0 1 0 0
-6870.3 -6103.5 -5.2 293 0 8.4 11.1 2.5 2.5 2 1 1 5 5
-6838.3 -6212.2 -3.3 117 0 4.8 4.8 2.5 2.5 2 0 1 5 5
-6808.5 -6173.6 -4.8 22 0 8.5 6.0 2.5 2.5 2 0 1 5 5
-6882.3 -6106.4 -4.9 295 0 7.3 7.4 2.5 0.0 0 1 1 0 0
-6874.9 -6122.6 -4.8 25 0 11.4 7.6 2.5 2.5 2 0 1 0 0
-6864.1 -6126.7 -4.9 26 0 10.3 7.9 2.5 2.5 2 0 1 3 3
-6853.0 -6155.8 -4.8 311 0 6.9 5.1 2.5 2.5 2 0 1 5 5
-6842.3 -6158.1 -4.9 305 0 7.5 5.6 2.5 2.5 2 0 1 2 2
-6831.1 -6161.3 -5.1 295 0 5.2 6.4 2.5 2.5 2 1 1 0 0
-6828.8 -6153.1 -5.2 291 0 9.4 7.7 2.5 2.5 2 0 1 1 1
-6841.5 -6140.7 -5.1 33 0 5.0 6.4 5.0 2.5 2 1 2 1 1
-6842.0 -6136.7 -5.2 114 0 7.9 5.5 5.0 2.5 2 0 2 1 1
-6839.7 -6131.6 -5.3 114 0 7.9 7.7 5.0 2.5 2 0 2 4 4
-6854.3 -6135.1 -5.0 112 0 4.6 7.7 5.0 2.5 2 1 2 3 3
-6831.9 -6110.0 -5.4 293 0 8.4 8.1 5.0 2.5 2 0 2 1 1
-6821.4 -6114.1 -5.5 290 0 9.0 14.1 5.0 0.0 0 1 2 3 3
-6830.6 -6136.5 -5.5 112 0 8.4 7.2 5.0 2.5 2 0 2 1 1
-6854.3 -6119.2 -5.1 204 0 7.2 7.9 5.0 2.5 2 1 2 2 2
-6852.3 -6111.2 -5.3 200 0 6.5 10.1 5.0 2.5 2 1 2 3 3
-6852.9 -6097.6 -10.2 111 0 7.8 11.0 2.5 2.5 2 1 1 1 1
-6842.8 -6101.9 -7.9 108 0 10.0 6.7 2.5 2.5 2 0 1 0 0
-6830.9 -6103.2 -9.5 110 0 5.2 8.2 2.5 2.5 2 1 1 3 3
-6834.2 -6145.0 -5.3 111 0 8.8 7.6 5.0 2.5 2 0 2 4 4
-6822.8 -6146.9 -5.3 109 0 6.6 4.1 5.0 2.5 2 0 2 0 0
-6820.2 -6141.8 -5.5 109 0 9.5 8.9 5.0 2.5 2 0 2 0 0
-6809.7 -6123.5 -5.4 22 0 12.3 7.4 5.0 2.5 2 0 2 5 5
-6804.8 -6122.3 -4.6 204 0 7.8 8.8 2.5 2.5 2 0 1 4 4
-6808.3 -6130.0 -4.7 204 0 9.0 8.8 2.5 2.5 2 0 1 0 0
-6812.0 -6139.1 -4.9 202 0 7.5 8.1 2.5 2.5 2 0 1 0 0
-6814.6 -6145.7 -5.1 202 0 6.8 8.1 2.5 2.5 2 0 1 1 1
-6822.4 -6105.7 -8.8 108 0 8.1 6.7 2.5 2.5 2 0 1 1 1
-6788.5 -6137.0 -3.9 23 0 5.3 8.1 2.5 2.5 2 1 1 3 3
-6788.7 -6144.7 -3.6 20 0 6.2 7.0 2.5 2.5 2 1 1 3 3
-6803.7 -6155.6 -4.3 111 0 8.0 7.5 2.5 2.5 2 0 1 3 3
-6800.5 -6171.8 -3.8 113 0 7.4 11.6 2.5 2.5 2 1 1 1 1
-6820.6 -6163.0 -5.1 288 0 9.6 11.0 2.5 2.5 2 1 1 3 3
-6825.2 -6195.2 -4.9 23 0 14.4 9.3 2.5 2.5 2 0 1 0 0
-6815.4 -6204.2 -4.7 18 0 12.2 7.9 2.5 2.5 2 0 1 1 1
-6807.8 -6201.4 -2.0 199 0 10.1 10.5 2.5 2.5 2 1 1 3 3
-6793.6 -6170.8 -2.6 205 0 20.9 9.8 2.5 2.5 2 0 1 0 0
-6772.7 -6169.7 -1.3 289 0 7.9 18.1 2.5 2.5 2 1 1 3 3
-6761.2 -6147.0 -2.5 22 0 16.0 16.6 2.5 2.5 2 1 1 2 2
-6757.4 -6164.3 -0.4 202 0 7.1 8.5 2.5 2.5 2 1 1 3 3
-6752.3 -6151.6 -1.5 202 0 13.3 8.6 2.5 2.5 4 0 1 2 2
