4044.2 4883.5 -4.5 94 0 10.2 8.0 2.5 2.5 2 0 1 0 0
4078.4 4893.1 -2.1 96 0 9.5 7.1 2.5 2.5 2 0 1 2 2
4404.8 4803.2 -0.8 103 0 18.5 13.1 5.0 2.5 2 0 2 4 4
4379.1 4810.3 0.4 104 0 16.2 12.6 5.0 2.5 2 0 2 3 3
4359.1 4815.0 0.0 101 0 14.5 11.5 5.0 2.5 2 0 2 5 5
4032.1 4885.2 -3.6 91 0 9.6 7.3 2.5 2.5 2 0 1 2 2
4107.3 4883.1 -2.2 85 0 9.2 11.5 2.5 0.0 0 1 1 0 0
4118.0 4881.7 -1.7 94 0 7.3 6.1 2.5 2.5 2 0 1 4 4
3967.1 4883.3 0.2 73 0 6.0 11.3 2.5 2.5 2 1 1 5 5
3921.7 4881.2 4.2 75 0 9.7 8.6 2.5 2.5 2 0 1 2 2
3936.9 4880.6 2.3 73 0 8.5 11.7 2.5 2.5 2 1 1 0 0
3949.0 4880.6 1.0 68 0 4.9 13.1 2.5 0.0 0 1 1 3 3
3947.5 4849.2 -6.2 86 0 7.0 6.6 2.5 2.5 2 0 1 3 3
3920.6 4867.9 -1.4 258 0 9.3 10.7 2.5 2.5 2 1 1 0 0
3931.7 4869.8 -2.6 258 0 8.1 12.2 2.5 2.5 2 1 1 3 3
3951.4 4871.9 -4.1 258 0 9.9 12.2 2.5 2.5 2 1 1 2 2
3994.5 4904.7 2.8 83 0 7.8 9.3 2.5 2.5 2 1 1 5 5
4013.3 4896.1 -0.4 83 0 11.9 19.8 2.5 2.5 2 1 1 3 3
3992.4 4892.7 0.5 85 0 8.0 6.0 2.5 2.5 2 0 1 5 5
3982.9 4883.7 -0.5 80 0 8.0 10.7 2.5 2.5 2 1 1 1 1
3986.5 4876.2 -3.3 264 0 10.4 6.5 2.5 2.5 2 0 1 3 3
4011.6 4876.4 -5.7 267 0 7.7 10.7 2.5 2.5 2 1 1 1 1
4025.8 4877.6 -6.5 271 0 10.6 10.8 2.5 2.5 2 1 1 5 5
4062.8 4880.7 -4.7 98 0 7.6 8.3 2.5 2.5 2 1 1 4 4
4063.1 4870.5 -8.0 285 0 7.0 12.3 2.5 2.5 2 1 1 5 5
4049.0 4873.9 -7.3 279 0 8.3 9.6 2.5 2.5 2 1 1 2 2
4038.9 4876.1 -7.3 282 0 8.1 12.5 2.5 2.5 2 1 1 4 4
4092.7 4875.5 -4.1 96 0 7.2 9.9 2.5 2.5 2 1 1 4 4
4073.9 4870.5 -7.7 277 0 10.3 11.5 2.5 2.5 2 1 1 3 3
4092.7 4862.2 -8.0 278 0 18.4 9.6 2.5 2.5 2 0 1 3 3
4208.1 4839.3 -8.9 280 0 8.0 12.5 2.5 2.5 2 1 1 3 3
4177.6 4842.7 -7.6 291 0 10.3 10.8 2.5 2.5 2 1 1 5 5
4190.7 4844.4 -7.9 281 0 9.8 12.6 2.5 2.5 2 1 1 4 4
4200.6 4855.3 -4.6 111 0 10.0 15.1 5.0 2.5 2 1 2 2 2
4274.6 4890.5 3.5 285 0 9.4 7.5 5.0 2.5 2 0 2 2 2
4255.9 4897.4 3.7 207 0 12.2 7.2 5.0 2.5 2 0 2 1 1
4243.6 4896.3 3.6 203 0 7.3 8.7 5.0 2.5 2 1 2 0 0
4229.8 4882.7 2.2 270 0 6.5 5.5 5.0 2.5 2 0 2 2 2
4231.6 4865.1 0.5 94 0 15.6 9.4 5.0 2.5 2 0 2 3 3
4254.4 4841.0 -3.0 102 0 4.8 9.3 5.0 2.5 2 1 2 1 1
4237.6 4835.3 -9.7 287 0 8.2 10.7 2.5 2.5 2 1 1 3 3
4250.8 4831.2 -10.9 281 0 9.0 13.9 2.5 2.5 2 1 1 4 4
4263.9 4827.5 -10.2 280 0 8.1 10.9 2.5 2.5 2 1 1 4 4
4261.3 4838.8 -2.7 103 0 8.4 13.3 5.0 2.5 2 1 2 5 5
4231.0 4851.0 -5.1 193 0 9.8 9.2 5.0 2.5 2 0 2 3 3
1653.3 4579.8 4.3 358 0 7.9 13.8 5.0 2.5 2 1 2 2 2
1562.0 4805.5 -9.3 199 0 8.2 7.9 2.5 2.5 2 0 1 0 0
1558.7 4818.6 -8.9 202 0 8.7 4.3 2.5 2.5 2 0 1 3 3
1583.2 4839.0 -8.8 22 0 6.7 17.4 7.5 2.5 2 1 3 2 2
1885.6 5525.6 -2.9 206 0 48.7 10.9 5.0 2.5 2 0 2 1 1
1919.1 5562.5 0.5 309 0 16.8 10.9 5.0 2.5 2 0 2 3 3
1916.7 5596.8 -1.6 234 0 6.2 10.0 5.0 2.5 2 1 2 1 1
1959.0 5583.6 0.7 47 0 6.8 6.6 5.0 2.5 4 0 2 2 2
1936.7 5600.0 -0.9 242 0 9.3 4.5 5.0 2.5 2 0 2 2 2
1936.8 5607.0 -1.7 236 0 6.9 4.3 5.0 2.5 2 0 2 2 2
1931.3 5612.8 -2.6 222 0 8.4 6.4 5.0 2.5 2 0 2 2 2
1903.4 5607.9 -6.4 42 0 18.2 12.1 5.0 2.5 2 0 2 4 4
1930.8 5623.8 -4.8 47 0 7.7 7.1 5.0 2.5 2 0 2 5 5
1922.2 5643.1 -7.5 54 0 5.8 5.3 5.0 2.5 2 0 2 2 2
1947.3 5652.2 -6.3 51 0 9.1 7.1 5.0 2.5 2 0 2 4 4
1942.8 5661.8 -7.5 46 0 8.1 7.4 5.0 2.5 2 0 2 0 0
1957.9 5627.4 -3.4 228 0 10.2 15.0 5.0 2.5 2 1 2 4 4
2002.4 5624.9 -2.5 50 0 3.7 6.7 5.0 0.0 0 1 2 1 1
1985.8 5640.6 -3.5 228 0 6.3 7.0 5.0 2.5 2 1 2 0 0
1983.1 5647.9 -3.8 232 0 6.0 5.0 5.0 0.0 0 0 2 1 1
1973.2 5642.2 -3.8 228 0 6.6 5.2 5.0 2.5 2 0 2 5 5
1968.2 5647.4 -4.1 227 0 8.9 6.5 5.0 2.5 2 0 2 3 3
1961.3 5654.3 -5.3 45 0 6.6 6.3 5.0 2.5 2 0 2 3 3
1956.3 5659.4 -6.3 45 0 6.7 8.0 5.0 2.5 2 1 2 4 4
1963.7 5669.2 -6.3 43 0 6.5 5.7 5.0 0.0 0 0 2 1 1
1970.1 5663.0 -5.3 45 0 8.8 6.2 5.0 2.5 2 0 2 5 5
1978.5 5654.3 -4.0 227 0 9.0 6.0 5.0 0.0 0 0 2 3 3
1988.9 5664.9 -4.0 227 0 10.2 7.6 5.0 0.0 0 0 2 5 5
2000.2 5656.0 -3.6 229 0 12.5 6.6 5.0 2.5 2 0 2 5 5
2019.7 5656.4 -3.5 56 0 4.5 8.8 5.0 2.5 2 1 2 3 3
2000.8 5677.7 -4.1 233 0 6.8 11.0 5.0 2.5 2 1 2 3 3
2009.6 5686.3 -4.1 224 0 10.1 11.4 5.0 2.5 2 1 2 0 0
1979.2 5671.7 -5.5 48 0 8.2 7.4 5.0 2.5 2 0 2 0 0
1986.4 5678.5 -5.4 46 0 8.5 7.0 5.0 0.0 0 0 2 2 2
1992.7 5684.6 -5.4 48 0 6.5 7.0 5.0 2.5 2 1 2 1 1
1987.2 5691.2 -6.2 49 0 5.8 4.7 5.0 2.5 2 0 2 3 3
1965.0 5683.1 -7.5 45 0 10.8 6.6 5.0 2.5 2 0 2 5 5
1973.0 5691.7 -7.5 48 0 8.0 5.6 5.0 2.5 2 0 2 1 1
2003.8 5696.0 -6.6 41 0 10.0 16.0 5.0 2.5 2 1 2 2 2
1991.0 5711.2 -8.3 40 0 7.2 10.7 5.0 2.5 4 1 2 5 5
2005.4 5727.9 -8.4 39 0 5.2 10.5 5.0 2.5 2 1 2 4 4
2018.2 5721.0 -6.4 40 0 14.7 6.2 5.0 2.5 2 0 2 2 2
2019.0 5698.0 -4.2 220 0 7.3 14.5 5.0 2.5 2 1 2 3 3
2051.0 5711.3 -2.0 126 0 7.7 14.1 5.0 2.5 2 1 2 4 4
2048.9 5573.5 2.1 277 0 13.1 9.0 7.5 2.5 2 0 3 4 4
5527.9 4637.4 -3.9 64 0 11.0 19.4 5.0 2.5 2 1 2 2 2
5453.7 4621.5 -7.0 97 0 9.4 18.2 2.5 2.5 2 1 1 3 3
5491.7 4670.9 1.0 100 0 12.1 17.9 2.5 0.0 0 1 1 5 5
5434.5 4661.5 -2.1 277 0 6.5 5.1 2.5 2.5 2 0 1 4 4
5449.9 4699.9 4.1 277 0 8.2 5.2 2.5 2.5 2 0 1 2 2
5472.7 4675.5 1.5 97 0 8.0 14.6 2.5 2.5 4 1 1 2 2
5473.6 4657.8 -1.8 10 0 11.8 9.0 2.5 2.5 2 0 1 5 5
5458.5 4667.6 -1.6 276 0 6.4 13.9 2.5 0.0 0 1 1 3 3
5448.7 4669.6 -0.8 276 0 8.4 10.0 2.5 2.5 2 1 1 2 2
5447.4 4658.6 -1.8 276 0 9.0 4.7 2.5 2.5 2 0 1 2 2
5472.4 4631.7 -4.9 12 0 7.3 10.7 2.5 2.5 2 1 1 2 2
5469.5 4624.1 -6.2 10 0 7.2 10.1 2.5 2.5 2 1 1 1 1
5591.5 4669.7 3.8 290 0 7.7 8.6 2.5 2.5 2 1 1 0 0
5577.5 4672.1 2.4 291 0 8.7 13.8 2.5 2.5 4 1 1 5 5
5581.2 4621.5 -2.7 113 0 9.6 10.3 2.5 2.5 2 1 1 1 1
5537.3 4641.6 -3.2 195 0 9.1 10.4 2.5 2.5 2 1 1 2 2
5510.9 4651.8 -3.3 285 0 7.1 9.8 5.0 2.5 2 1 2 0 0
5485.7 4659.2 -2.2 285 0 11.1 9.5 5.0 2.5 2 0 2 5 5
5499.8 4657.1 -2.8 285 0 10.1 11.7 5.0 2.5 2 1 2 4 4
5500.6 4614.3 -6.7 110 0 10.4 10.8 5.0 0.0 0 1 2 5 5
5514.3 4611.7 -6.9 110 0 10.5 10.8 5.0 0.0 0 1 2 1 1
5520.0 4599.5 -11.6 290 0 5.7 7.1 2.5 2.5 2 1 1 1 1
5541.0 4593.0 -12.1 290 0 5.7 6.3 2.5 2.5 2 1 1 1 1
5527.3 4606.4 -8.7 110 0 10.8 16.7 2.5 2.5 2 1 1 5 5
5543.6 4608.2 -8.0 110 0 12.4 8.9 2.5 0.0 0 0 1 3 3
5556.1 4597.1 -9.2 113 0 9.6 7.6 2.5 0.0 0 0 1 2 2
5558.5 4605.8 -7.4 113 0 10.3 10.5 2.5 2.5 2 1 1 5 5
5565.7 4599.5 -8.0 113 0 5.6 11.1 2.5 2.5 2 1 1 4 4
5591.4 4580.9 -9.4 114 0 10.5 20.7 2.5 2.5 2 1 1 4 4
5586.9 4574.8 -12.2 294 0 6.1 8.0 2.5 2.5 2 1 1 4 4
5595.4 4571.1 -12.2 294 0 8.0 10.4 2.5 2.5 4 1 1 2 2
5605.1 4584.8 -7.6 114 0 4.2 8.8 2.5 2.5 2 1 1 0 0
5602.8 4575.4 -9.3 114 0 10.4 8.1 2.5 0.0 0 0 1 1 1
5655.4 4600.3 -2.0 294 0 6.6 7.2 2.5 2.5 2 1 1 2 2
5645.9 4601.1 -3.0 294 0 6.0 8.1 2.5 2.5 2 1 1 1 1
5635.5 4586.2 -4.7 114 0 6.9 6.5 2.5 2.5 2 0 1 2 2
5640.8 4572.6 -5.4 114 0 10.5 15.0 2.5 2.5 2 1 1 1 1
5679.5 4597.9 0.4 294 0 7.8 7.1 2.5 2.5 2 0 1 2 2
5676.3 4589.2 -1.0 294 0 8.0 7.2 2.5 0.0 0 0 1 0 0
5669.1 4598.6 -1.0 293 0 7.7 10.1 2.5 2.5 2 1 1 5 5
5674.9 4554.3 -4.5 111 0 6.5 6.7 2.5 2.5 2 1 1 4 4
5668.3 4563.7 -3.9 109 0 7.7 13.1 2.5 2.5 2 1 1 1 1
5656.1 4566.1 -4.6 116 0 7.6 7.5 2.5 2.5 4 0 1 2 2
5651.2 4554.1 -6.6 118 0 8.1 10.5 2.5 2.5 2 1 1 0 0
5646.9 4544.4 -9.1 295 0 7.5 5.6 2.5 2.5 2 0 1 0 0
5644.1 4538.6 -10.0 295 0 7.9 5.1 2.5 2.5 2 0 1 4 4
5657.4 4531.5 -9.4 292 0 9.1 7.9 2.5 2.5 2 0 1 2 2
5672.1 4533.4 -8.4 289 0 10.2 11.7 2.5 2.5 2 1 1 5 5
5697.0 4521.4 -7.2 288 0 10.4 11.0 2.5 2.5 2 1 1 1 1
5683.8 4525.0 -7.8 288 0 8.8 11.8 2.5 2.5 2 1 1 5 5
5716.6 4570.8 -0.1 294 0 10.1 8.8 2.5 2.5 2 0 1 3 3
5705.9 4577.3 -0.4 295 0 12.1 9.9 2.5 2.5 2 0 1 0 0
5697.6 4554.4 -2.6 109 0 9.9 7.6 2.5 2.5 2 0 1 0 0
5692.9 4536.8 -5.4 103 0 10.6 9.3 2.5 2.5 4 0 1 4 4
5703.5 4533.5 -4.8 103 0 8.3 10.2 2.5 2.5 2 1 1 2 2
5712.6 4530.5 -4.4 103 0 7.3 11.5 2.5 2.5 2 1 1 3 3
5730.0 4559.5 3.0 293 0 10.3 5.2 2.5 2.5 2 0 1 3 3
5711.8 4519.1 -6.3 281 0 8.1 6.0 2.5 2.5 2 0 1 3 3
5710.3 4512.3 -6.9 281 0 8.9 4.6 2.5 2.5 2 0 1 2 2
5767.6 4519.5 -2.2 11 0 7.0 6.0 2.5 2.5 2 0 1 1 1
5749.4 4519.7 -3.0 101 0 7.3 8.9 2.5 2.5 2 1 1 0 0
5732.4 4525.3 -3.7 101 0 16.0 9.2 2.5 2.5 2 0 1 2 2
