-2858.8 4695.7 498.0 322 0 12.4 12.4 2.5 2.5 2 1 1 5 5
-2957.9 4934.2 498.6 321 0 8.4 11.8 5.0 2.5 2 1 2 0 0
-2970.4 4853.4 499.1 312 0 9.4 8.6 5.0 2.5 2 0 2 1 1
-3063.0 4870.7 499.1 222 0 9.8 8.5 5.0 2.5 2 0 2 2 2
-3044.6 4842.2 499.5 222 0 7.7 7.8 5.0 2.5 2 1 2 0 0
-2996.4 4783.5 500.4 42 0 9.7 14.8 5.0 2.5 2 1 2 4 4
-3024.9 4753.7 501.6 42 0 9.8 12.1 5.0 0.0 0 1 2 0 0
-3057.8 4703.7 502.4 42 0 9.1 15.8 5.0 2.5 2 1 2 2 2
-3117.2 4654.2 503.3 42 0 7.3 13.0 5.0 2.5 2 1 2 4 4
-3059.0 4611.9 500.2 222 0 8.4 10.0 2.5 2.5 2 1 1 5 5
-3048.6 4596.6 499.8 222 0 10.6 7.6 2.5 2.5 2 0 1 3 3
-3057.9 4513.1 501.0 42 0 10.6 10.7 2.5 2.5 2 1 1 3 3
-3102.3 4554.7 500.4 222 0 7.7 9.0 2.5 0.0 0 1 1 5 5
-3128.8 4523.6 500.6 222 0 7.1 8.4 2.5 2.5 2 1 1 1 1
-3206.9 4419.2 500.7 132 0 10.0 8.8 2.5 2.5 2 0 1 0 0
-3237.7 4487.1 503.5 42 0 7.6 11.3 5.0 2.5 2 1 2 4 4
-3285.3 4444.7 502.1 312 0 12.6 7.7 7.5 2.5 2 0 3 5 5
-3354.9 4355.2 500.6 42 0 8.8 9.9 2.5 2.5 2 1 1 5 5
-2488.9 4215.5 -507.7 58 0 23.3 43.7 5.0 0.0 0 1 2 1 1
-2538.5 4179.4 498.3 243 0 12.2 28.3 2.5 2.5 2 1 1 0 0
-2500.7 4191.7 498.3 317 0 19.1 15.7 2.5 2.5 2 0 1 5 5
-2487.9 4178.0 498.2 314 0 9.6 14.0 2.5 2.5 2 1 1 2 2
-2464.8 4188.8 498.0 304 0 6.4 23.8 2.5 2.5 2 1 1 5 5
-2547.9 4205.2 498.4 347 0 22.8 17.1 2.5 2.5 2 0 1 4 4
-2541.3 4243.0 498.3 343 0 39.7 19.5 2.5 2.5 2 0 1 0 0
-2583.1 4297.2 498.6 332 0 9.4 13.3 2.5 2.5 2 1 1 4 4
-2666.4 4338.0 498.6 325 0 8.0 10.8 2.5 2.5 2 1 1 0 0
-2619.6 4305.9 498.5 335 0 11.8 8.1 2.5 2.5 2 0 1 2 2
-2629.3 4273.7 498.4 334 0 19.4 8.8 2.5 2.5 2 0 1 4 4
-2595.4 4260.8 498.5 332 0 12.7 9.6 2.5 2.5 2 0 1 3 3
-2606.5 4253.5 498.4 333 0 11.0 7.1 2.5 2.5 2 0 1 5 5
-2650.1 4231.9 498.3 197 0 10.2 22.8 2.5 2.5 2 1 1 2 2
-2566.5 4112.5 498.3 71 0 11.2 12.8 2.5 2.5 2 1 1 0 0
-2583.3 4125.4 498.4 74 0 10.3 27.1 2.5 2.5 2 1 1 4 4
-2577.9 4101.9 498.4 72 0 8.8 21.4 2.5 2.5 2 1 1 5 5
-2560.3 4092.7 498.3 58 0 14.7 12.2 2.5 2.5 2 0 1 2 2
-2604.7 4136.8 498.3 75 0 16.0 12.3 2.5 2.5 2 0 1 0 0
-2608.1 4189.3 498.3 354 0 19.1 10.1 2.5 2.5 2 0 1 3 3
-2625.1 4160.8 498.3 168 0 14.8 21.7 2.5 2.5 2 1 1 3 3
-2540.7 4138.3 498.3 61 0 23.3 37.6 2.5 0.0 0 1 1 0 0
-2572.3 4061.3 498.3 57 0 10.0 24.6 2.5 2.5 2 1 1 3 3
-2614.3 4022.6 493.0 55 0 11.9 26.7 2.5 2.5 2 1 1 2 2
-2628.6 4009.4 494.4 58 0 11.0 13.5 2.5 2.5 2 1 1 5 5
-2657.5 4006.6 496.1 60 0 11.2 9.9 2.5 2.5 2 0 1 3 3
-2646.5 3988.9 496.0 61 0 15.4 16.9 2.5 2.5 2 1 1 5 5
-2721.1 3971.4 500.1 142 0 16.8 8.1 2.5 2.5 2 0 1 1 1
-2713.4 3981.1 500.0 143 0 11.4 8.0 2.5 2.5 4 0 1 3 3
-2665.6 3959.0 496.5 50 0 20.6 33.1 2.5 0.0 0 1 1 1 1
-2718.0 4098.5 499.0 240 0 7.4 13.2 2.5 2.5 2 1 1 5 5
-2671.2 4051.2 495.3 64 0 26.1 14.1 2.5 2.5 2 0 1 4 4
-2692.3 4089.5 497.9 246 0 15.2 11.7 2.5 2.5 4 0 1 5 5
-2710.6 4212.8 498.2 196 0 14.8 12.0 2.5 2.5 2 0 1 2 2
-2723.7 4254.7 498.1 195 0 10.7 11.4 2.5 2.5 2 1 1 4 4
-2728.9 4346.7 498.2 156 0 13.2 13.8 2.5 2.5 2 1 1 4 4
-2812.0 4619.5 498.9 328 0 8.3 13.2 2.5 2.5 2 1 1 3 3
-2822.8 4543.3 500.1 144 0 7.7 12.7 2.5 2.5 4 1 1 3 3
-2799.6 4568.9 499.6 326 0 10.9 17.8 2.5 2.5 2 1 1 3 3
-2791.6 4557.2 499.7 324 0 10.6 16.7 2.5 2.5 4 1 1 5 5
-2777.4 4481.9 500.7 147 0 8.6 8.4 2.5 2.5 2 0 1 4 4
-2761.6 4513.3 500.2 327 0 10.4 6.7 2.5 2.5 2 0 1 2 2
-2729.8 4522.2 499.7 327 0 9.6 10.1 2.5 0.0 0 1 1 2 2
-2724.3 4491.7 499.7 327 0 6.1 8.5 2.5 0.0 0 1 1 1 1
-2739.6 4476.1 499.8 327 0 9.3 9.5 2.5 0.0 0 1 1 0 0
-2725.3 4450.2 499.1 327 0 11.2 7.2 2.5 0.0 0 0 1 2 2
-2686.3 4451.6 498.6 327 0 6.4 15.7 2.5 2.5 2 1 1 3 3
-2664.9 4437.2 498.5 327 0 20.3 8.9 2.5 2.5 2 0 1 1 1
-2643.1 4388.8 498.6 327 0 7.2 8.9 2.5 2.5 2 1 1 3 3
-2622.9 4375.1 498.7 327 0 16.5 18.4 2.5 2.5 2 1 1 4 4
-2597.5 4319.9 498.8 327 0 12.7 11.4 2.5 2.5 2 0 1 4 4
-2572.9 4353.8 -507.9 147 0 11.6 17.3 5.0 2.5 2 1 2 5 5
-2565.4 4342.1 -507.9 147 0 9.8 19.7 5.0 2.5 2 1 2 3 3
-2564.1 4317.7 -507.8 147 0 15.1 37.5 5.0 0.0 0 1 2 2 2
-2554.4 4302.4 -507.8 147 0 13.9 39.9 5.0 2.5 2 1 2 0 0
-2542.6 4286.5 -507.8 147 0 16.9 38.0 5.0 2.5 2 1 2 3 3
-2419.6 4270.0 -507.8 327 0 20.1 9.6 5.0 2.5 2 0 2 2 2
-2470.6 4341.9 -507.8 327 0 19.4 14.0 5.0 2.5 2 0 2 1 1
-2446.0 4308.1 -507.8 327 0 23.0 25.5 5.0 0.0 0 1 2 3 3
-2476.5 4298.2 -507.8 327 0 18.5 17.6 5.0 2.5 4 0 2 1 1
-2510.3 4275.3 -507.8 147 0 17.0 19.0 5.0 2.5 2 1 2 2 2
-2454.7 4248.8 -507.8 56 0 57.2 20.1 5.0 2.5 2 0 2 2 2
-2443.3 4374.2 -507.8 327 0 34.7 13.1 5.0 2.5 2 0 2 2 2
-2526.1 4473.4 -507.9 235 0 28.0 20.0 5.0 2.5 2 0 2 2 2
-2583.6 4567.7 -508.0 236 0 20.6 18.5 2.5 2.5 2 0 1 4 4
-2575.6 4532.6 -508.0 146 0 21.9 22.1 2.5 2.5 2 1 1 5 5
-2553.7 4498.7 -508.0 148 0 42.3 17.1 2.5 2.5 2 0 1 2 2
-2540.0 4556.1 -508.0 147 0 23.9 53.5 5.0 2.5 2 1 2 4 4
-2445.0 4754.9 498.7 147 0 27.9 18.3 2.5 2.5 2 0 1 0 0
-2456.5 4808.8 498.2 148 0 41.7 33.1 2.5 0.0 0 0 1 4 4
-2246.5 4820.6 498.2 50 0 14.9 15.1 2.5 0.0 0 1 1 1 1
-2280.6 4870.3 498.5 202 0 13.7 12.9 2.5 2.5 2 0 1 0 0
-2234.7 4907.1 498.4 291 0 13.5 10.8 2.5 2.5 2 0 1 1 1
-2314.4 4773.6 498.2 61 0 43.9 63.7 2.5 0.0 0 1 1 5 5
-2119.2 4543.9 -507.8 319 0 10.7 15.9 2.5 2.5 4 1 1 3 3
-2109.1 4507.9 -507.8 55 0 11.2 16.5 2.5 2.5 2 1 1 3 3
-2039.6 4547.9 -507.8 327 0 55.1 23.2 2.5 2.5 2 0 1 4 4
-2083.6 4466.2 494.3 234 0 10.6 26.9 5.0 2.5 2 1 2 1 1
-2147.2 4448.9 -507.8 57 0 14.6 34.6 2.5 0.0 0 1 1 5 5
-2113.3 4471.9 -507.8 56 0 28.0 113.5 2.5 0.0 0 1 1 3 3
-2092.0 4687.3 -507.9 57 0 31.2 67.0 10.0 0.0 0 1 4 5 5
-1995.5 4750.2 -507.9 55 0 28.2 62.2 10.0 0.0 0 1 4 5 5
-1970.6 4934.1 -508.1 147 0 9.2 8.9 5.0 2.5 2 0 2 3 3
-1768.3 4864.3 497.3 150 0 17.1 12.1 5.0 2.5 2 0 2 3 3
-1768.0 4835.0 -507.9 328 0 34.1 13.5 5.0 2.5 2 0 2 0 0
-1905.5 4833.1 -508.0 148 0 11.3 11.5 5.0 2.5 4 1 2 0 0
-1893.8 4840.0 -508.0 148 0 11.3 11.5 5.0 2.5 2 1 2 2 2
-1865.7 4770.5 -507.9 148 0 11.3 11.5 5.0 2.5 2 1 2 1 1
-1852.6 4778.1 -507.9 148 0 11.3 11.5 5.0 2.5 2 1 2 3 3
-1882.5 4796.1 -507.9 148 0 11.3 11.5 5.0 2.5 2 1 2 5 5
-1874.4 4783.2 -507.9 148 0 11.3 11.5 5.0 2.5 2 1 2 1 1
-1898.0 4820.9 -508.0 148 0 11.3 11.5 5.0 0.0 0 1 2 2 2
-1889.9 4808.0 -508.0 148 0 11.3 11.5 5.0 0.0 0 1 2 5 5
-1870.8 4803.2 -507.9 148 0 11.3 11.5 5.0 2.5 2 1 2 4 4
-1862.7 4790.3 -507.9 148 0 11.3 11.5 5.0 2.5 2 1 2 2 2
-1886.3 4828.0 -508.0 148 0 11.3 11.5 5.0 2.5 2 1 2 3 3
-1878.2 4815.1 -508.0 148 0 11.3 11.5 5.0 0.0 0 1 2 4 4
-1843.1 4734.2 -507.9 148 0 11.3 11.5 5.0 2.5 2 1 2 4 4
-1827.2 4719.6 -507.9 58 0 11.5 11.3 5.0 2.5 2 0 2 2 2
-1858.6 4759.0 -507.9 148 0 11.3 11.5 5.0 2.5 2 1 2 3 3
-1850.5 4746.1 -507.9 148 0 11.3 11.5 5.0 2.5 2 1 2 5 5
-1844.7 4766.7 -507.9 148 0 11.3 11.5 5.0 2.5 2 1 2 4 4
-1836.6 4753.8 -507.9 148 0 11.3 11.5 5.0 2.5 2 1 2 2 2
-1821.3 4740.2 -507.9 58 0 11.5 11.3 5.0 2.5 2 0 2 2 2
-1813.2 4727.3 -507.9 58 0 11.5 11.3 5.0 2.5 4 0 2 5 5
-1909.3 4869.3 -508.0 148 0 7.7 11.0 5.0 2.5 4 1 2 3 3
-1947.8 4926.8 -508.1 148 0 11.3 11.5 5.0 2.5 4 1 2 2 2
-1956.3 4939.2 -508.1 148 0 9.8 11.6 5.0 2.5 2 1 2 2 2
-1969.6 4971.8 -508.1 238 0 11.8 11.8 5.0 2.5 2 0 2 2 2
-1965.1 4950.3 -508.1 148 0 10.9 14.4 5.0 2.5 2 1 2 1 1
-1963.7 4986.6 497.9 58 0 9.0 16.7 5.0 2.5 2 1 2 0 0
-1954.5 4978.9 -508.1 238 0 12.9 16.3 5.0 2.5 2 1 2 5 5
-1934.7 4937.6 -508.1 148 0 8.2 13.1 5.0 2.5 2 1 2 1 1
-1926.1 4924.8 -508.1 148 0 15.8 13.2 5.0 2.5 2 0 2 2 2
-1918.4 4912.0 -508.0 148 0 6.5 12.4 5.0 2.5 2 1 2 0 0
-1911.4 4903.5 -508.0 148 0 8.0 12.9 5.0 2.5 2 1 2 5 5
-1897.0 4899.7 -508.0 148 0 6.8 9.1 5.0 2.5 4 1 2 4 4
-1895.0 4875.2 -508.0 148 0 10.4 11.3 5.0 2.5 2 1 2 5 5
-1885.9 4863.2 -508.0 148 0 12.7 14.8 5.0 2.5 4 1 2 1 1
-1876.1 4849.2 -508.0 148 0 11.2 13.2 5.0 2.5 4 1 2 1 1
-1868.5 4836.5 -508.0 148 0 9.3 15.8 5.0 2.5 2 1 2 1 1
-1861.9 4825.3 -508.0 148 0 9.9 15.9 5.0 2.5 2 1 2 5 5
-1855.1 4814.5 -508.0 148 0 9.6 15.3 5.0 2.5 2 1 2 3 3
-1847.3 4801.9 -507.9 148 0 13.5 15.7 5.0 2.5 2 1 2 2 2
-1838.4 4787.2 -507.9 148 0 12.2 17.3 5.0 2.5 2 1 2 5 5
-1830.2 4775.3 -507.9 148 0 10.1 15.6 5.0 2.5 2 1 2 4 4
-1814.3 4763.6 -507.9 58 0 15.3 9.6 5.0 0.0 0 0 2 4 4
-1806.5 4751.6 -507.9 58 0 14.8 11.0 5.0 2.5 2 0 2 4 4
-1798.1 4738.2 -507.9 58 0 14.5 12.9 5.0 2.5 4 0 2 2 2
-1818.3 4714.4 496.1 239 0 21.0 29.5 5.0 0.0 0 1 2 0 0
-1787.4 4691.6 494.3 238 0 13.1 19.9 5.0 2.5 2 1 2 1 1
