2360.8 4302.3 0.8 358 0 52.7 19.0 2.5 2.5 2 0 1 5 5
2555.0 4055.6 -4.5 279 0 7.3 11.7 2.5 2.5 2 1 1 1 1
2541.7 4054.4 -4.5 268 0 8.5 10.7 2.5 2.5 2 0 1 5 5
2534.4 4054.2 -4.6 268 0 6.2 10.7 2.5 2.5 2 0 1 2 2
2525.3 4054.1 -4.7 269 0 5.6 11.0 2.5 0.0 0 1 1 3 3
2514.3 4056.1 -4.9 265 0 5.4 13.4 2.5 2.5 2 1 1 5 5
2438.0 4081.6 -6.3 267 0 13.4 6.8 2.5 2.5 2 0 1 5 5
2440.4 4055.7 -5.6 0 0 16.9 9.4 2.5 2.5 2 0 1 2 2
2415.3 4068.0 -6.2 270 0 9.7 15.1 2.5 2.5 2 1 1 3 3
2412.8 4036.2 -5.3 180 0 12.7 6.2 2.5 2.5 2 0 1 4 4
2410.1 4016.3 -4.9 180 0 20.4 7.9 2.5 2.5 2 0 1 3 3
2406.6 3997.5 -4.2 180 0 7.7 11.5 2.5 0.0 0 1 1 0 0
2443.7 4027.7 -4.5 0 0 14.8 8.8 2.5 2.5 2 0 1 1 1
2446.3 4010.2 -3.9 0 0 10.7 9.7 2.5 2.5 2 0 1 1 1
2457.5 3975.4 -2.5 0 0 10.4 8.5 2.5 2.5 2 0 1 0 0
2513.7 4016.8 -3.4 180 0 13.0 6.5 2.5 2.5 2 0 1 2 2
2540.2 4015.6 -3.1 0 0 11.8 5.6 2.5 2.5 2 0 1 0 0
2553.4 3985.9 -3.0 352 0 32.3 9.8 2.5 2.5 2 0 1 4 4
2557.3 3957.4 -3.0 2 0 12.7 50.0 2.5 2.5 2 1 1 4 4
2480.4 3958.4 -1.2 272 0 18.3 10.0 2.5 2.5 2 0 1 1 1
2410.3 3917.5 -3.4 272 0 15.0 23.2 2.5 2.5 2 1 1 4 4
2401.8 3856.8 -5.3 182 0 15.4 9.9 2.5 2.5 2 0 1 1 1
2421.2 3788.6 -6.9 92 0 9.8 18.6 2.5 2.5 2 1 1 0 0
2502.7 3774.2 -0.7 92 0 18.7 16.2 2.5 2.5 2 0 1 0 0
2647.4 3887.4 -2.3 2 0 11.7 25.3 15.0 0.0 0 1 6 5 5
2635.6 3855.3 -0.5 92 0 25.6 12.0 10.0 2.5 2 0 4 5 5
2557.3 3912.3 -1.0 2 0 15.3 48.1 2.5 2.5 2 1 1 0 0
2560.0 3889.6 0.2 2 0 12.1 50.3 2.5 2.5 2 1 1 1 1
2616.5 3912.4 -2.9 2 0 13.2 48.5 2.5 2.5 4 1 1 0 0
2616.5 3888.4 -1.6 2 0 13.2 48.2 2.5 2.5 2 1 1 0 0
2617.1 3861.7 -0.1 2 0 10.9 51.5 2.5 2.5 2 1 1 2 2
2533.1 3858.5 0.5 92 0 52.3 13.6 2.5 2.5 2 0 1 0 0
2444.4 3917.7 -2.7 182 0 12.1 50.3 2.5 2.5 2 1 1 4 4
2443.8 3891.5 -3.8 182 0 11.8 51.5 2.5 2.5 2 1 1 1 1
2467.2 3860.5 -4.8 92 0 51.7 13.0 2.5 2.5 2 0 1 2 2
2466.0 3838.0 -4.9 92 0 52.4 10.3 2.5 2.5 2 0 1 5 5
2531.2 3835.0 0.4 90 0 51.5 11.8 2.5 2.5 2 0 1 3 3
2591.4 3832.5 1.3 91 0 51.2 11.2 2.5 2.5 2 0 1 1 1
2664.4 3835.5 1.1 1 0 11.8 38.0 2.5 2.5 2 1 1 4 4
2704.7 3812.6 2.7 268 0 13.2 16.6 2.5 2.5 2 1 1 1 1
2639.3 3813.6 2.6 180 0 9.5 29.1 2.5 2.5 2 1 1 5 5
2658.4 3770.4 3.7 89 0 9.4 32.9 2.5 2.5 2 1 1 4 4
