5891.2 -3959.8 -3.1 5 0 11.0 20.2 5.0 2.5 2 1 2 3 3
5831.1 -4002.3 -1.9 172 0 22.4 16.6 5.0 2.5 2 0 2 4 4
5850.0 -4021.6 -0.9 349 0 14.2 10.4 5.0 2.5 2 0 2 5 5
5782.5 -4029.2 -0.9 350 0 22.5 13.7 5.0 2.5 2 0 2 3 3
5809.3 -4071.6 0.2 79 0 13.0 12.1 5.0 2.5 2 0 2 4 4
5328.4 -3374.6 -5.0 333 0 10.8 7.9 5.0 2.5 2 0 2 0 0
5185.6 -3276.0 -4.5 140 0 11.1 15.3 2.5 0.0 0 1 1 0 0
5195.6 -3286.6 -4.4 140 0 11.1 14.3 2.5 2.5 2 1 1 0 0
5205.2 -3300.4 -4.1 142 0 15.6 17.5 2.5 2.5 2 1 1 5 5
5103.6 -3287.9 -4.2 143 0 9.7 19.8 5.0 2.5 2 1 2 1 1
5153.3 -3304.2 -4.0 324 0 24.1 12.2 5.0 2.5 2 0 2 4 4
5170.2 -3324.0 -3.7 324 0 20.1 13.0 5.0 2.5 2 0 2 0 0
5132.8 -3357.6 -3.5 143 0 13.1 31.0 5.0 2.5 2 1 2 2 2
5147.3 -3508.2 -6.6 66 0 7.5 9.3 5.0 2.5 2 1 2 4 4
5151.3 -3521.5 -6.6 66 0 7.9 10.1 5.0 2.5 2 1 2 4 4
5182.9 -3498.4 -7.2 66 0 6.4 8.2 5.0 0.0 0 1 2 1 1
5237.5 -3463.4 -5.9 246 0 8.0 10.4 5.0 2.5 2 1 2 3 3
5272.4 -3464.1 -5.2 66 0 7.8 14.3 5.0 0.0 0 1 2 1 1
5316.1 -3442.3 -4.3 66 0 5.7 9.5 5.0 2.5 4 1 2 0 0
5301.0 -3444.0 -4.2 156 0 9.7 7.1 5.0 2.5 2 0 2 2 2
5349.8 -3440.8 -5.2 163 0 11.0 14.5 5.0 2.5 2 1 2 2 2
5355.6 -3470.7 -4.0 163 0 9.8 7.3 5.0 2.5 2 0 2 0 0
5385.2 -3533.0 -3.2 343 0 9.5 7.2 5.0 2.5 2 0 2 2 2
5394.3 -3585.8 -2.6 163 0 6.4 11.5 5.0 2.5 2 1 2 1 1
5398.8 -3596.9 -2.6 163 0 9.8 5.5 5.0 2.5 2 0 2 5 5
5407.1 -3633.0 -2.6 163 0 11.7 10.3 5.0 2.5 2 0 2 1 1
5411.3 -3650.7 -2.7 163 0 9.2 16.4 5.0 2.5 4 1 2 5 5
5425.2 -3683.0 -2.5 163 0 8.6 12.2 5.0 2.5 2 1 2 0 0
5428.6 -3701.9 -2.7 163 0 7.4 14.0 5.0 2.5 2 1 2 2 2
5439.2 -3732.5 -3.2 163 0 9.2 12.4 5.0 2.5 2 1 2 4 4
5445.0 -3749.9 -3.3 163 0 8.0 12.3 5.0 2.5 2 1 2 3 3
5459.1 -3797.4 -3.9 163 0 12.1 9.9 5.0 2.5 4 0 2 4 4
5469.1 -3829.7 -4.2 163 0 9.6 10.0 5.0 2.5 2 1 2 5 5
5480.9 -3865.5 -4.6 163 0 7.8 8.8 5.0 2.5 2 1 2 1 1
5334.8 -3488.0 -4.8 343 0 12.8 6.7 2.5 2.5 2 0 1 1 1
5299.0 -3475.7 -5.2 253 0 16.0 27.2 2.5 2.5 2 1 1 1 1
5292.4 -3558.2 -5.9 163 0 36.0 11.6 2.5 2.5 2 0 1 1 1
5310.1 -3573.4 -5.5 163 0 15.0 27.7 2.5 2.5 2 1 1 3 3
5381.4 -3646.5 -4.3 343 0 9.8 11.3 2.5 2.5 2 1 1 0 0
5391.9 -3678.6 -4.3 343 0 8.9 12.3 2.5 2.5 2 1 1 1 1
5323.2 -3626.5 -5.8 163 0 10.2 13.0 2.5 2.5 2 1 1 5 5
5330.6 -3644.6 -5.8 163 0 9.6 13.1 2.5 0.0 0 1 1 2 2
5333.8 -3660.0 -5.6 163 0 7.7 15.0 2.5 2.5 2 1 1 3 3
5338.9 -3675.8 -5.5 163 0 9.4 12.7 2.5 2.5 2 1 1 5 5
5343.7 -3693.4 -5.5 163 0 14.6 9.7 2.5 2.5 2 0 1 5 5
5354.7 -3740.4 -4.4 163 0 10.0 9.8 2.5 2.5 2 0 1 1 1
5362.6 -3757.3 -3.9 163 0 8.0 17.2 2.5 2.5 2 1 1 2 2
5402.0 -3709.1 -4.0 343 0 10.0 15.7 2.5 2.5 2 1 1 1 1
5406.7 -3725.8 -3.5 343 0 7.9 15.4 2.5 2.5 2 1 1 5 5
5412.9 -3742.3 -3.4 343 0 7.7 9.1 2.5 2.5 2 1 1 0 0
5417.7 -3756.5 -3.5 343 0 8.9 13.2 2.5 2.5 2 1 1 3 3
5378.1 -3806.4 -3.3 163 0 8.6 9.1 2.5 2.5 2 1 1 0 0
5427.5 -3789.8 -3.9 343 0 9.3 8.1 2.5 2.5 4 0 1 3 3
5433.5 -3805.2 -4.0 343 0 6.0 14.5 2.5 2.5 2 1 1 1 1
5429.9 -3825.9 -4.0 343 0 11.6 10.6 2.5 2.5 2 0 1 1 1
5444.2 -3838.0 -4.4 343 0 9.0 9.8 2.5 2.5 2 1 1 3 3
5447.2 -3854.8 -4.5 343 0 11.4 13.0 2.5 2.5 4 1 1 2 2
5456.2 -3887.6 -4.8 343 0 10.6 10.9 2.5 2.5 2 1 1 2 2
5396.0 -3850.9 -3.6 163 0 9.2 12.4 2.5 2.5 2 1 1 1 1
5400.3 -3866.9 -3.7 163 0 9.9 9.2 2.5 2.5 2 0 1 1 1
5405.6 -3884.0 -3.9 163 0 7.4 12.1 2.5 2.5 2 1 1 0 0
5299.6 -3649.5 -5.2 343 0 7.4 8.1 5.0 2.5 4 1 2 5 5
5307.2 -3667.3 -5.0 343 0 7.4 9.0 5.0 2.5 2 1 2 1 1
5314.9 -3702.0 -4.7 343 0 13.8 6.4 5.0 2.5 2 0 2 3 3
5328.1 -3747.9 -4.3 343 0 11.4 17.3 5.0 2.5 2 1 2 2 2
5341.4 -3779.9 -3.7 343 0 9.5 10.3 5.0 2.5 2 1 2 2 2
5347.1 -3797.0 -3.5 343 0 6.8 7.9 5.0 2.5 2 1 2 0 0
5350.7 -3812.4 -3.2 343 0 11.3 6.5 5.0 2.5 2 0 2 2 2
5355.0 -3831.0 -3.0 343 0 10.0 6.8 5.0 0.0 0 0 2 2 2
5359.1 -3844.5 -2.7 343 0 8.5 13.7 5.0 2.5 2 1 2 5 5
5365.7 -3861.8 -2.8 343 0 9.2 13.3 5.0 0.0 0 1 2 4 4
5375.7 -3892.9 -3.4 343 0 9.3 9.9 5.0 2.5 2 1 2 3 3
5088.4 -3640.2 -4.6 343 0 7.2 7.7 5.0 2.5 2 1 2 5 5
5168.6 -3816.8 -3.8 163 0 13.6 13.1 5.0 2.5 2 0 2 4 4
5124.0 -3768.4 -4.8 343 0 11.5 12.8 2.5 2.5 2 1 1 2 2
5133.5 -3808.0 -4.6 343 0 10.0 11.7 2.5 0.0 0 1 1 0 0
5144.5 -3845.6 -4.3 343 0 10.8 24.2 2.5 2.5 2 1 1 0 0
5044.2 -3922.3 -5.4 163 0 7.1 12.0 7.5 0.0 0 1 3 2 2
5153.7 -3929.8 -4.7 343 0 9.1 8.6 5.0 0.0 0 0 2 1 1
5174.3 -3965.5 -5.1 343 0 11.2 8.7 5.0 2.5 2 0 2 4 4
5316.3 -4019.8 -5.6 163 0 25.1 15.1 7.5 2.5 2 0 3 2 2
5259.5 -4148.1 -6.8 163 0 11.2 10.8 5.0 2.5 2 0 2 0 0
5270.1 -4186.8 -5.8 163 0 11.4 10.3 5.0 0.0 0 0 2 0 0
5216.0 -4119.4 -6.1 343 0 11.1 12.0 5.0 2.5 2 1 2 4 4
5226.9 -4160.4 -5.6 343 0 7.1 9.2 5.0 2.5 2 1 2 3 3
5239.6 -4198.5 -5.7 343 0 12.1 13.4 5.0 2.5 2 1 2 2 2
