-2067.9 3336.5 -1.1 206 0 24.5 24.1 14.0 3.5 2 0 4 1 1
-1375.0 2486.3 -1.3 333 0 7.1 6.6 2.5 2.5 2 0 1 2 2
-1319.0 2458.2 -0.2 150 0 8.1 7.8 10.5 3.5 2 0 3 1 1
-1281.5 2455.1 -0.1 332 0 6.4 8.2 10.5 3.5 2 1 3 1 1
-1514.0 2461.0 -0.6 115 0 7.5 11.6 2.5 0.0 0 1 1 5 5
-1504.1 2455.2 -0.5 112 0 8.5 10.8 2.5 2.5 2 1 1 4 4
-1491.8 2449.1 -0.6 113 0 10.1 12.7 2.5 2.5 2 1 1 4 4
-1480.9 2445.6 -0.5 114 0 7.9 10.4 2.5 2.5 2 1 1 2 2
-1469.2 2440.6 -0.5 115 0 9.1 10.0 2.5 2.5 2 1 1 5 5
-1479.9 2478.0 -0.9 116 0 8.5 7.6 2.5 2.5 2 0 1 4 4
-1468.9 2472.6 -0.9 115 0 9.3 8.0 2.5 2.5 2 0 1 3 3
-1457.5 2468.3 -0.9 115 0 8.3 8.3 2.5 0.0 0 1 1 4 4
-1487.3 2427.8 -0.2 202 0 11.7 18.1 2.5 2.5 2 1 1 3 3
-1462.5 2411.1 -0.1 114 0 13.0 11.0 2.5 2.5 2 0 1 2 2
-1438.4 2446.9 -0.8 113 0 9.1 10.3 2.5 2.5 2 1 1 1 1
-1427.2 2423.2 -0.5 115 0 10.4 9.1 2.5 2.5 2 0 1 1 1
-1415.1 2419.4 -0.3 112 0 8.0 8.0 2.5 2.5 2 0 1 4 4
-1403.7 2414.8 -0.2 115 0 8.3 10.1 2.5 2.5 2 1 1 3 3
-1395.6 2416.6 -0.0 202 0 9.0 9.2 2.5 2.5 2 1 1 0 0
-1381.7 2405.7 0.0 109 0 6.7 5.4 2.5 2.5 2 0 1 0 0
-1372.0 2392.9 -0.0 112 0 15.6 10.9 2.5 2.5 2 0 1 0 0
-1352.5 2385.4 -0.1 108 0 15.4 11.1 2.5 2.5 2 0 1 1 1
