-1734.0 -1287.4 -0.0 275 0 10.7 10.4 2.5 2.5 2 0 1 3 3
-1762.5 -1285.5 0.0 275 0 7.3 9.2 2.5 2.5 2 1 1 1 1
-1793.4 -1281.0 0.7 275 0 7.1 11.0 2.5 2.5 2 1 1 3 3
-1858.7 -1277.7 1.4 275 0 8.8 7.8 2.5 2.5 2 0 1 1 1
-1976.8 -1189.5 -0.9 95 0 7.9 12.2 2.5 0.0 0 1 1 2 2
-2010.8 -1316.7 -0.3 95 0 26.6 10.7 2.5 2.5 2 0 1 3 3
-1986.3 -1306.6 -0.3 95 0 10.3 23.7 2.5 2.5 2 1 1 1 1
-2209.0 -1231.5 -0.1 275 0 8.2 16.4 2.5 2.5 2 1 1 0 0
-2171.9 -1234.8 -0.3 275 0 7.4 18.4 2.5 2.5 2 1 1 3 3
-2145.6 -1241.0 -0.6 275 0 7.7 6.9 2.5 2.5 2 0 1 4 4
-2077.9 -1236.5 -0.7 275 0 10.1 10.9 2.5 2.5 2 1 1 0 0
-2060.0 -1245.9 -0.6 275 0 10.8 9.2 2.5 0.0 0 0 1 0 0
-2037.0 -1253.8 -0.5 275 0 8.8 11.3 2.5 2.5 2 1 1 5 5
-2947.3 -878.8 -3.3 193 0 10.3 15.2 5.0 2.5 2 1 2 4 4
-2844.0 -873.3 -0.0 14 0 11.0 6.6 5.0 2.5 2 0 2 0 0
-2733.7 -840.1 -0.1 75 0 9.0 14.1 5.0 2.5 2 1 2 0 0
-2756.0 -845.5 -0.1 76 0 8.6 16.8 5.0 2.5 2 1 2 1 1
-2752.6 -861.8 0.2 257 0 6.6 10.6 2.5 2.5 2 1 1 1 1
-2768.6 -883.1 0.4 203 0 8.0 11.9 2.5 2.5 2 1 1 3 3
-2777.9 -908.7 0.4 203 0 9.0 7.2 2.5 2.5 2 0 1 3 3
-2793.3 -872.5 -0.1 14 0 11.0 16.4 5.0 2.5 2 1 2 3 3
-2799.9 -899.9 -0.1 15 0 8.0 13.9 5.0 2.5 2 1 2 1 1
-2937.7 -847.7 -2.1 206 0 7.8 6.7 5.0 2.5 2 0 2 3 3
-2968.3 -935.0 -2.5 116 0 7.7 16.1 5.0 2.5 2 1 2 0 0
-2921.7 -950.7 -1.1 116 0 8.1 16.0 5.0 2.5 2 1 2 1 1
-2885.1 -945.3 -0.5 116 0 7.6 12.8 5.0 2.5 2 1 2 3 3
-2878.8 -958.2 -0.1 116 0 8.4 7.6 5.0 2.5 4 0 2 0 0
-2862.8 -964.0 -0.1 116 0 7.5 14.4 5.0 2.5 2 1 2 3 3
-2855.2 -979.0 0.1 116 0 8.6 13.6 5.0 2.5 2 1 2 2 2
-2825.7 -976.0 0.1 26 0 11.9 7.1 5.0 2.5 2 0 2 3 3
-2829.5 -953.4 -0.1 26 0 9.1 3.2 5.0 2.5 2 0 2 2 2
-2817.8 -957.8 0.0 26 0 10.9 6.9 5.0 2.5 4 0 2 3 3
-2808.6 -932.5 -0.0 26 0 8.7 13.5 5.0 2.5 2 1 2 5 5
-2788.9 -932.5 0.2 206 0 11.8 15.0 2.5 2.5 2 1 1 5 5
-2785.3 -957.4 0.1 206 0 16.3 8.0 2.5 2.5 2 0 1 4 4
-2788.7 -996.6 0.2 116 0 9.4 8.4 2.5 2.5 2 0 1 5 5
-2758.2 -1005.4 0.2 116 0 5.9 11.7 2.5 2.5 2 1 1 5 5
-2744.5 -1015.1 0.3 116 0 6.9 11.5 2.5 2.5 2 1 1 3 3
-2723.3 -1022.4 0.3 116 0 9.5 14.4 2.5 2.5 2 1 1 1 1
-2709.6 -1026.1 0.3 116 0 8.6 14.9 2.5 2.5 2 1 1 1 1
-2710.2 -1035.8 0.6 116 0 11.1 6.9 2.5 2.5 2 0 1 2 2
-2682.0 -1037.8 0.5 116 0 14.8 9.4 2.5 2.5 2 0 1 1 1
-2627.0 -1058.6 0.7 116 0 6.9 11.5 2.5 2.5 2 1 1 0 0
-2587.7 -1073.3 0.7 116 0 10.8 19.2 2.5 2.5 2 1 1 4 4
-2550.2 -1143.5 1.9 296 0 7.4 14.0 2.5 2.5 2 1 1 5 5
-2642.8 -1097.9 1.7 296 0 7.3 14.3 2.5 2.5 2 1 1 4 4
-2718.4 -1086.2 1.7 296 0 19.0 9.4 2.5 2.5 2 0 1 0 0
-2750.5 -1067.0 1.4 296 0 9.2 13.6 2.5 2.5 2 1 1 5 5
-2806.2 -1045.4 1.2 296 0 6.2 11.8 2.5 2.5 2 1 1 2 2
-2827.2 -1019.2 0.7 296 0 7.1 13.2 2.5 2.5 2 1 1 0 0
-2856.0 -1018.9 0.7 296 0 5.7 11.3 2.5 2.5 2 1 1 0 0
-2878.0 -1016.3 0.6 296 0 6.9 15.1 2.5 2.5 2 1 1 4 4
-2896.3 -1008.0 0.5 296 0 8.2 13.1 2.5 2.5 4 1 1 3 3
-2911.3 -991.1 0.3 296 0 5.5 13.8 2.5 2.5 2 1 1 4 4
-2918.1 -977.9 -0.2 296 0 6.5 18.4 2.5 2.5 2 1 1 4 4
-2953.2 -982.9 -0.6 206 0 20.6 7.3 2.5 2.5 2 0 1 1 1
