-27.7 -326.5 5.0 96 0 8.5 21.3 2.5 2.5 2 1 1 0 0
85.6 -333.4 2.5 89 0 9.1 14.3 2.5 2.5 2 1 1 4 4
52.9 -309.3 3.1 181 0 10.1 24.9 2.5 2.5 2 1 1 3 3
107.4 -310.4 2.4 0 0 9.3 25.2 2.5 2.5 2 1 1 4 4
49.3 -330.1 3.3 94 0 13.1 12.3 2.5 0.0 0 0 1 4 4
63.0 -370.1 2.0 283 0 16.9 7.0 2.5 2.5 2 0 1 1 1
42.0 -369.5 2.9 283 0 9.0 4.6 2.5 2.5 2 0 1 0 0
18.6 -367.9 3.3 193 0 6.0 11.4 2.5 2.5 2 1 1 4 4
7.7 -369.7 2.6 13 0 11.3 9.0 5.0 2.5 2 0 2 0 0
-4.3 -367.1 2.8 13 0 7.7 15.9 5.0 2.5 2 1 2 1 1
-33.2 -358.8 4.5 283 0 8.8 6.7 5.0 2.5 2 0 2 0 0
-57.8 -355.1 5.9 283 0 14.9 7.8 5.0 2.5 2 0 2 4 4
-62.8 -341.7 6.0 283 0 6.8 8.6 5.0 2.5 2 1 2 0 0
-51.3 -342.7 5.6 283 0 8.2 10.5 5.0 2.5 2 1 2 5 5
-31.6 -346.6 4.3 283 0 8.5 8.1 5.0 2.5 2 0 2 1 1
-13.1 -349.0 3.3 283 0 8.2 8.0 5.0 0.0 0 0 2 3 3
9.0 -355.9 3.0 13 0 10.4 7.6 5.0 2.5 2 0 2 0 0
18.8 -357.1 3.3 193 0 8.5 7.5 2.5 0.0 0 0 1 4 4
42.3 -356.9 3.0 283 0 6.5 8.6 2.5 2.5 4 1 1 1 1
61.3 -359.8 2.4 283 0 7.5 8.2 2.5 2.5 2 1 1 4 4
51.4 -399.6 2.1 103 0 9.2 9.2 2.5 2.5 2 1 1 4 4
103.0 -370.7 0.4 284 0 8.6 16.9 2.5 2.5 2 1 1 0 0
147.2 -382.0 -1.4 170 0 8.8 13.6 2.5 2.5 4 1 1 4 4
160.7 -687.2 -2.6 180 0 5.7 13.0 2.5 2.5 2 1 1 0 0
185.6 -680.7 -3.7 0 0 6.9 5.3 2.5 2.5 2 0 1 3 3
185.0 -692.5 -3.2 0 0 3.6 7.4 2.5 2.5 2 1 1 5 5
223.8 -653.4 -5.6 180 0 10.1 4.7 2.5 2.5 2 0 1 4 4
222.1 -641.3 -5.8 180 0 6.9 14.8 2.5 2.5 2 1 1 4 4
233.6 -624.0 -5.9 180 0 8.1 6.2 2.5 2.5 2 0 1 4 4
217.0 -627.7 -5.6 180 0 7.2 10.7 2.5 2.5 2 1 1 2 2
224.1 -590.9 -5.8 180 0 11.0 8.3 2.5 2.5 2 0 1 2 2
216.1 -608.5 -5.8 180 0 11.6 18.4 2.5 2.5 2 1 1 1 1
244.9 -560.1 -6.0 0 0 11.6 5.3 2.5 2.5 2 0 1 5 5
229.8 -560.6 -5.8 180 0 10.7 6.5 2.5 2.5 2 0 1 5 5
218.2 -558.9 -5.6 180 0 11.6 8.0 2.5 2.5 2 0 1 2 2
218.5 -539.8 -5.6 180 0 9.8 6.5 2.5 2.5 2 0 1 1 1
230.4 -541.5 -6.0 180 0 9.0 13.9 2.5 2.5 2 1 1 2 2
229.8 -529.2 -5.8 180 0 10.7 5.0 2.5 2.5 2 0 1 3 3
228.0 -516.7 -5.9 180 0 8.4 14.8 2.5 2.5 2 1 1 1 1
229.2 -504.0 -5.7 180 0 9.8 6.8 2.5 2.5 2 0 1 5 5
227.1 -472.6 -5.3 0 0 6.6 7.4 2.5 2.5 2 1 1 5 5
222.1 -486.0 -5.4 90 0 8.9 7.2 2.5 2.5 2 0 1 2 2
209.2 -472.9 -5.1 90 0 7.4 5.4 2.5 2.5 2 0 1 3 3
210.5 -483.6 -5.2 90 0 7.7 6.9 2.5 2.5 2 0 1 2 2
136.1 -454.7 -2.0 0 0 10.7 12.7 5.0 2.5 2 1 2 0 0
154.8 -454.1 -3.9 180 0 7.8 15.1 2.5 2.5 2 1 1 0 0
179.1 -466.6 -4.6 90 0 10.1 4.8 2.5 2.5 2 0 1 3 3
197.5 -463.9 -4.9 90 0 7.1 10.4 2.5 2.5 2 1 1 4 4
195.5 -481.5 -4.9 90 0 8.6 13.1 2.5 2.5 2 1 1 4 4
204.7 -495.2 -5.2 270 0 5.6 10.1 2.5 2.5 2 1 1 0 0
195.3 -494.9 -4.8 270 0 6.8 9.3 2.5 2.5 4 1 1 0 0
149.9 -491.6 -3.2 270 0 16.3 14.6 2.5 2.5 2 0 1 4 4
198.1 -528.8 -4.9 0 0 9.2 12.7 2.5 2.5 2 1 1 1 1
199.5 -618.9 -4.8 0 0 9.3 6.8 2.5 2.5 4 0 1 4 4
198.4 -632.5 -4.8 0 0 7.8 5.9 2.5 2.5 2 0 1 2 2
189.8 -631.4 -4.2 0 0 13.4 6.2 2.5 2.5 2 0 1 1 1
189.8 -651.0 -4.2 0 0 9.0 8.9 2.5 2.5 2 0 1 2 2
197.2 -664.7 -4.6 0 0 9.5 7.7 2.5 2.5 2 0 1 0 0
196.9 -688.7 -4.2 0 0 8.7 9.2 2.5 2.5 4 1 1 1 1
223.6 -698.1 -4.9 180 0 14.3 10.1 2.5 2.5 2 0 1 2 2
223.0 -679.8 -5.1 180 0 8.1 3.3 2.5 2.5 4 0 1 2 2
211.7 -679.2 -5.1 180 0 10.4 7.7 2.5 2.5 2 0 1 1 1
214.7 -691.9 -4.7 180 0 10.1 5.0 2.5 2.5 2 0 1 3 3
210.2 -703.6 -4.3 180 0 9.2 7.7 2.5 0.0 0 0 1 4 4
