-2899.9 3937.4 -2.3 88 0 8.6 7.6 5.0 2.5 2 0 2 0 0
-2618.1 4016.5 -3.1 175 0 12.6 9.2 2.5 2.5 2 0 1 3 3
-2609.9 3951.7 -3.4 178 0 3.4 4.1 2.5 2.5 2 1 1 3 3
-2682.5 4006.7 -2.8 272 0 27.9 12.4 5.0 2.5 2 0 2 2 2
-2668.6 3939.0 -3.2 94 0 8.0 18.1 5.0 0.0 0 1 2 4 4
-2661.4 3911.2 -3.5 274 0 8.1 18.4 5.0 2.5 2 1 2 3 3
-2638.2 3903.1 -3.6 273 0 8.8 6.7 5.0 2.5 2 0 2 3 3
-2647.0 3906.2 -3.5 273 0 6.6 7.8 5.0 2.5 2 1 2 0 0
-2710.7 3900.7 -3.2 273 0 6.1 7.3 5.0 2.5 2 1 2 1 1
-2710.0 3912.2 -3.1 273 0 6.8 8.0 5.0 2.5 2 1 2 3 3
-2733.7 3907.1 -3.2 273 0 6.2 7.3 5.0 2.5 2 1 2 3 3
-2765.4 3937.4 -2.9 93 0 12.1 27.4 5.0 2.5 2 1 2 4 4
-2773.9 3913.0 -3.1 271 0 7.3 6.2 5.0 2.5 2 0 2 5 5
-2732.9 3867.9 -3.4 100 0 6.2 7.3 5.0 0.0 0 1 2 0 0
-2765.2 3874.1 -3.4 86 0 7.3 6.2 5.0 2.5 2 0 2 4 4
-2766.5 3863.4 -3.4 105 0 7.0 8.3 5.0 0.0 0 1 2 3 3
-2858.3 4025.7 -2.5 279 0 8.3 7.3 5.0 2.5 4 0 2 3 3
-2848.8 4024.1 -2.5 279 0 8.3 7.4 5.0 2.5 2 0 2 0 0
-2888.2 4037.4 -2.2 189 0 7.3 8.3 5.0 2.5 2 1 2 2 2
-2885.8 3935.4 -2.3 91 0 3.8 3.4 5.0 2.5 2 0 2 2 2
-2875.8 3944.8 -2.6 91 0 6.4 5.7 5.0 2.5 2 0 2 3 3
-2876.5 3937.4 -2.4 91 0 7.1 6.3 5.0 2.5 2 0 2 3 3
-2906.5 3874.6 -1.1 192 0 5.8 9.5 2.5 2.5 2 1 1 4 4
-2915.7 3917.6 -1.7 177 0 3.7 4.2 2.5 2.5 4 1 1 5 5
-2900.9 3921.0 -1.8 271 0 5.8 6.6 2.5 2.5 2 1 1 5 5
-2903.0 3949.3 -2.4 178 0 7.3 6.3 5.0 2.5 2 0 2 4 4
-2890.5 3914.8 -1.8 271 0 5.8 6.6 2.5 2.5 2 1 1 4 4
-2889.8 3922.4 -1.9 271 0 7.9 7.0 2.5 2.5 4 0 1 1 1
-2900.6 3982.1 -2.7 181 0 9.1 10.3 5.0 2.5 2 1 2 3 3
-2918.1 4030.2 -1.9 7 0 6.1 6.9 2.5 2.5 2 1 1 1 1
-2917.6 4021.2 -2.2 8 0 8.1 7.1 2.5 2.5 2 0 1 2 2
-2924.3 3881.7 -0.9 0 0 3.5 4.0 5.0 2.5 2 1 2 3 3
-2926.1 3947.3 -2.1 9 0 3.7 4.2 2.5 2.5 2 1 1 3 3
-2934.2 3986.1 -2.7 279 0 4.2 3.7 2.5 2.5 2 0 1 0 0
-2952.5 3977.9 -2.5 272 0 5.9 5.2 2.5 2.5 2 0 1 3 3
-2955.0 3986.4 -2.5 272 0 7.0 6.2 2.5 2.5 2 0 1 2 2
-2937.6 3922.3 -1.6 278 0 7.9 7.0 5.0 2.5 2 0 2 5 5
-2936.8 3911.2 -1.4 8 0 6.6 5.8 5.0 2.5 2 0 2 5 5
-2955.6 3960.9 -2.2 92 0 6.0 4.5 2.5 2.5 2 0 1 3 3
-2946.5 3959.3 -2.3 92 0 9.6 7.2 2.5 0.0 0 0 1 5 5
-2949.0 4022.1 -1.8 98 0 5.8 6.6 2.5 2.5 2 1 1 1 1
-2951.1 4014.6 -2.0 98 0 7.9 7.0 2.5 2.5 2 0 1 3 3
-2982.6 4027.6 -0.5 90 0 5.8 6.6 2.5 2.5 2 1 1 1 1
-2983.6 4019.9 -0.6 90 0 7.9 7.0 2.5 2.5 2 0 1 4 4
-3001.2 4067.8 0.5 182 0 9.9 5.7 2.5 2.5 4 0 1 4 4
-3012.5 4042.2 0.7 190 0 5.9 5.1 2.5 2.5 2 0 1 0 0
-3014.8 4034.6 0.7 189 0 7.8 6.4 2.5 2.5 2 0 1 3 3
-2981.8 3986.0 -1.5 279 0 9.6 7.2 2.5 2.5 4 0 1 4 4
-3011.8 3987.7 -0.1 190 0 6.9 5.1 2.5 2.5 2 0 1 4 4
-3008.2 3999.0 -0.0 281 0 9.6 7.2 2.5 2.5 2 0 1 5 5
-3044.3 3950.6 1.3 5 0 4.6 4.8 2.5 2.5 4 1 1 0 0
-3022.1 3972.3 0.1 193 0 4.4 5.9 2.5 2.5 2 1 1 0 0
-3023.8 3965.2 0.1 192 0 7.3 8.0 2.5 2.5 4 1 1 5 5
-2963.2 3894.6 -1.0 101 0 6.7 6.4 5.0 2.5 2 0 2 3 3
-2970.3 3917.7 -0.9 282 0 5.8 11.6 5.0 2.5 2 1 2 1 1
-2983.9 3919.8 -0.5 277 0 5.8 9.6 5.0 0.0 0 1 2 3 3
-3002.5 3902.3 0.3 91 0 5.2 8.7 5.0 2.5 2 1 2 1 1
-3016.3 3889.4 1.1 94 0 5.7 5.2 5.0 0.0 0 0 2 0 0
-3023.9 3890.7 1.3 91 0 7.3 6.7 5.0 0.0 0 0 2 2 2
-3016.8 3864.9 1.4 272 0 5.8 4.5 5.0 2.5 2 0 2 3 3
-3023.5 3868.7 1.5 272 0 6.6 8.7 5.0 0.0 0 1 2 2 2
-2971.2 3831.8 0.3 87 0 6.7 6.4 5.0 0.0 0 0 2 1 1
-2970.8 3822.6 0.4 87 0 9.3 7.2 5.0 2.5 2 0 2 3 3
-2939.1 3823.8 0.0 83 0 9.3 7.2 5.0 2.5 2 0 2 2 2
-2940.2 3833.0 -0.0 83 0 6.7 6.4 5.0 2.5 2 0 2 2 2
-2919.4 3838.6 -0.4 352 0 6.4 6.7 5.0 0.0 0 1 2 3 3
-2916.2 3830.7 -0.3 352 0 7.2 9.3 5.0 2.5 2 1 2 2 2
-2922.8 3795.3 0.1 270 0 7.1 4.8 2.5 2.5 2 0 1 3 3
-2922.6 3804.0 -0.0 269 0 9.3 7.9 2.5 2.5 2 0 1 2 2
-2909.4 3807.7 -0.2 269 0 4.3 3.5 2.5 2.5 2 0 1 0 0
-2909.0 3821.5 -0.4 90 0 3.5 4.3 2.5 2.5 2 1 1 3 3
-2885.0 3841.9 -1.0 91 0 4.3 3.5 2.5 2.5 2 0 1 0 0
-2879.2 3824.6 -1.0 89 0 9.3 7.9 2.5 2.5 2 0 1 5 5
-2840.6 3872.5 -2.0 356 0 6.7 7.9 2.5 2.5 2 1 1 4 4
-2843.7 3827.2 -1.7 89 0 5.9 8.5 2.5 2.5 2 1 1 0 0
-2832.8 3834.1 -1.8 359 0 7.9 6.7 2.5 2.5 2 0 1 2 2
-2820.4 3808.4 -1.8 287 0 7.0 7.3 2.5 2.5 2 0 1 1 1
-2822.4 3813.5 -1.9 197 0 8.6 7.0 2.5 0.0 0 0 1 5 5
-2786.4 3853.2 -2.9 100 0 5.9 6.9 5.0 2.5 2 1 2 0 0
-2785.3 3845.2 -2.9 101 0 8.3 7.0 5.0 2.5 2 0 2 5 5
-2793.9 3817.3 -2.4 283 0 6.5 10.3 2.5 0.0 0 1 1 0 0
-2771.2 3842.9 -3.1 107 0 8.3 7.0 5.0 2.5 2 0 2 0 0
-2698.8 3840.5 -3.6 96 0 7.1 6.1 5.0 2.5 2 0 2 1 1
-2730.2 3845.5 -3.6 97 0 8.0 6.8 5.0 2.5 2 0 2 1 1
-2734.0 3835.4 -3.6 97 0 9.4 8.0 5.0 2.5 2 0 2 0 0
-2721.3 3833.8 -3.7 97 0 6.9 5.9 5.0 0.0 0 0 2 4 4
-2702.8 3802.1 -3.8 274 0 9.2 6.9 2.5 0.0 0 0 1 1 1
-2700.8 3811.5 -3.9 279 0 9.2 7.8 2.5 2.5 2 0 1 1 1
-2701.1 3830.4 -3.7 96 0 9.2 7.9 5.0 2.5 2 0 2 1 1
-2681.2 3837.1 -3.7 104 0 5.8 6.9 5.0 2.5 2 1 2 3 3
-2564.1 3805.8 -5.0 17 0 19.3 9.2 2.5 2.5 2 0 1 5 5
-2649.3 3830.9 -3.9 96 0 6.7 5.7 5.0 2.5 2 0 2 0 0
-2650.0 3822.8 -3.9 96 0 8.0 6.8 5.0 2.5 2 0 2 4 4
-2654.0 3795.1 -4.1 272 0 6.9 5.9 2.5 2.5 2 0 1 1 1
-2654.5 3804.6 -4.0 272 0 8.8 7.5 2.5 2.5 2 0 1 3 3
-2634.4 3824.8 -4.0 98 0 6.8 15.7 5.0 2.5 2 1 2 5 5
-2622.1 3827.9 -4.2 8 0 9.4 6.8 5.0 0.0 0 0 2 2 2
-2590.3 3853.4 -4.6 179 0 5.8 7.9 2.5 0.0 0 1 1 2 2
-2579.2 3899.4 -4.0 0 0 5.3 3.8 2.5 2.5 2 0 1 1 1
-2580.6 3907.9 -3.9 0 0 7.8 5.7 2.5 2.5 2 0 1 4 4
-2595.0 3909.3 -3.8 180 0 9.6 6.4 2.5 2.5 2 0 1 4 4
-2592.6 3873.7 -4.3 181 0 7.1 6.0 2.5 0.0 0 0 1 5 5
-2601.4 3871.6 -4.2 181 0 8.9 7.5 2.5 0.0 0 0 1 5 5
-2594.9 3833.9 -4.8 179 0 6.6 7.8 2.5 2.5 2 1 1 0 0
-2604.8 3798.5 -5.0 181 0 3.5 4.2 2.5 2.5 2 1 1 1 1
-2618.2 3799.4 -4.6 1 0 3.5 4.1 2.5 2.5 2 1 1 2 2
-2603.6 3772.4 -4.5 179 0 6.8 5.8 2.5 2.5 2 0 1 0 0
-2614.4 3766.0 -4.4 360 0 11.1 10.8 2.5 2.5 2 0 1 4 4
-2641.5 3766.1 -4.3 179 0 8.3 7.0 2.5 2.5 4 0 1 0 0
-2627.0 3766.3 -4.3 359 0 8.3 7.0 2.5 0.0 0 0 1 2 2
-2624.1 3791.9 -4.6 1 0 6.8 5.8 2.5 2.5 2 0 1 4 4
-2589.7 3722.9 -3.5 95 0 10.9 12.9 2.5 2.5 2 1 1 5 5
