4214.6 3388.2 -6.9 133 0 8.4 5.7 2.5 2.5 2 0 1 1 1
4159.3 3412.0 -11.9 291 0 6.9 11.5 2.5 2.5 2 1 1 1 1
4157.8 3426.4 -10.0 39 0 11.4 5.7 2.5 2.5 2 0 1 3 3
4487.8 3289.3 4.7 221 0 4.8 3.6 2.5 2.5 2 0 1 3 3
4531.8 3361.9 7.1 43 0 23.7 15.7 2.5 0.0 0 0 1 2 2
4505.3 3346.0 6.7 317 0 9.6 6.8 2.5 2.5 2 0 1 5 5
4499.7 3333.5 6.5 45 0 6.1 11.4 2.5 2.5 2 1 1 5 5
4488.9 3320.8 6.0 42 0 6.7 13.1 2.5 2.5 2 1 1 4 4
4479.3 3310.5 5.7 44 0 7.0 16.4 2.5 2.5 2 1 1 1 1
4452.0 3282.9 4.3 42 0 8.5 13.2 2.5 2.5 2 1 1 5 5
4446.7 3254.8 1.1 193 0 9.3 7.7 2.5 0.0 0 0 1 2 2
4400.6 3208.2 -9.5 216 0 11.9 10.6 2.5 2.5 2 0 1 0 0
4379.0 3216.8 -9.2 115 0 9.3 6.7 2.5 2.5 2 0 1 1 1
4355.6 3227.6 -4.6 117 0 5.8 10.7 2.5 2.5 2 1 1 0 0
4327.3 3243.3 0.1 123 0 7.8 6.2 2.5 2.5 2 0 1 2 2
4291.0 3265.2 -4.6 138 0 17.1 9.1 2.5 2.5 2 0 1 3 3
