4526.0 -6354.0 -21.5 215 0 7.8 3.4 2.5 2.5 2 0 1 1 1
4485.5 -6339.5 -13.2 244 0 6.7 5.7 5.0 2.5 2 0 2 1 1
4493.2 -6353.9 -16.1 60 0 12.4 8.4 5.0 2.5 2 0 2 5 5
4276.2 -6483.2 -23.0 94 0 9.5 6.7 5.0 2.5 2 0 2 3 3
4246.7 -6499.8 -34.6 270 0 5.3 10.1 2.5 2.5 2 1 1 4 4
4259.5 -6501.8 -37.0 268 0 10.1 8.5 2.5 0.0 0 0 1 1 1
4251.3 -6481.3 -22.1 88 0 10.4 11.1 5.0 2.5 2 1 2 2 2
4925.4 -5104.7 35.0 212 0 8.4 8.5 2.5 2.5 2 1 1 4 4
5025.8 -4981.4 31.8 318 0 15.3 15.8 5.0 2.5 2 1 2 4 4
5051.1 -4996.9 21.8 15 0 11.9 13.1 5.0 2.5 2 1 2 3 3
5206.1 -4754.4 -31.6 217 0 7.2 7.8 5.0 2.5 2 1 2 1 1
5237.0 -4735.2 -31.3 35 0 9.6 7.3 5.0 2.5 2 0 2 4 4
5232.4 -4743.4 -33.5 37 0 6.7 10.0 5.0 2.5 2 1 2 5 5
5227.8 -4258.8 4.7 334 0 9.8 15.1 5.0 2.5 2 1 2 5 5
5216.2 -4241.6 8.1 334 0 26.2 13.3 5.0 0.0 0 0 2 1 1
5240.5 -4239.7 -2.4 162 0 22.4 12.5 2.5 2.5 2 0 1 5 5
5277.9 -4473.5 -16.9 158 0 8.2 7.2 5.0 2.5 2 0 2 2 2
5284.9 -4485.8 -20.1 180 0 12.2 8.4 5.0 2.5 4 0 2 3 3
5278.3 -4508.4 -13.8 180 0 6.7 4.7 5.0 2.5 2 0 2 5 5
5262.6 -4501.4 -4.2 356 0 15.4 11.3 2.5 2.5 2 0 1 5 5
5257.4 -4637.1 -10.8 63 0 5.8 6.9 2.5 2.5 2 1 1 2 2
5275.6 -4613.8 -11.9 44 0 4.1 6.0 2.5 2.5 2 1 1 3 3
5268.3 -4609.2 -9.4 28 0 5.7 7.1 2.5 2.5 2 1 1 4 4
5340.8 -4579.5 -39.1 277 0 12.8 14.0 5.0 2.5 2 1 2 3 3
5307.1 -4690.8 -36.7 107 0 12.0 12.3 2.5 2.5 2 1 1 0 0
5322.7 -4700.3 -42.9 140 0 10.1 7.4 2.5 2.5 2 0 1 1 1
5312.9 -4705.2 -41.3 140 0 8.7 8.9 2.5 2.5 2 1 1 1 1
5358.6 -4654.3 -42.2 19 0 16.8 15.9 5.0 2.5 2 0 2 0 0
5322.9 -4640.5 -32.5 199 0 11.1 13.6 5.0 2.5 2 1 2 2 2
5312.1 -4620.5 -23.9 199 0 9.3 7.7 5.0 2.5 2 0 2 0 0
5306.2 -4634.3 -25.8 199 0 16.5 8.4 5.0 2.5 2 0 2 4 4
5296.6 -4662.0 -27.9 134 0 7.7 8.3 5.0 2.5 2 1 2 4 4
5286.4 -4673.0 -28.3 126 0 10.9 11.2 5.0 2.5 2 1 2 1 1
5249.5 -4647.3 -10.7 79 0 6.0 9.0 2.5 2.5 2 1 1 4 4
5267.2 -4689.0 -26.4 349 0 6.4 5.2 5.0 2.5 2 0 2 1 1
5283.9 -4686.9 -30.3 349 0 8.8 13.7 5.0 2.5 2 1 2 0 0
5244.8 -4699.1 -24.4 222 0 10.3 8.6 5.0 2.5 2 0 2 0 0
5175.7 -4799.9 -19.9 19 0 12.0 8.2 5.0 2.5 2 0 2 5 5
5195.9 -4784.5 -27.9 33 0 10.3 8.6 5.0 2.5 2 0 2 5 5
5180.5 -4745.2 -21.6 226 0 26.1 11.0 5.0 2.5 2 0 2 0 0
