1614.8 -1540.7 -9.4 175 0 9.1 9.8 2.5 2.5 2 1 1 3 3
1622.4 -1561.4 -6.0 200 0 10.4 16.9 2.5 2.5 2 1 1 2 2
1635.6 -1586.4 -3.7 124 0 9.2 23.0 2.5 2.5 2 1 1 3 3
1644.9 -1600.9 -2.2 123 0 6.7 17.4 2.5 2.5 2 1 1 5 5
1656.6 -1605.9 -2.1 123 0 7.4 12.3 2.5 0.0 0 1 1 2 2
1672.6 -1609.5 -0.1 124 0 15.7 9.1 2.5 2.5 2 0 1 1 1
1708.4 -1582.6 6.5 21 0 10.6 11.3 2.5 2.5 2 1 1 2 2
1692.3 -1579.2 3.6 17 0 18.5 11.7 2.5 2.5 2 0 1 2 2
1698.9 -1559.5 4.1 20 0 13.3 12.3 2.5 2.5 2 0 1 1 1
1711.8 -1502.6 8.1 268 0 13.1 13.4 2.5 2.5 2 1 1 5 5
1711.1 -1519.0 8.6 267 0 10.1 13.3 2.5 2.5 2 1 1 2 2
1695.6 -1517.7 4.4 270 0 16.7 12.4 2.5 0.0 0 0 1 5 5
1674.3 -1519.9 -0.8 269 0 20.3 12.1 2.5 2.5 2 0 1 5 5
1631.4 -1529.7 -6.9 177 0 11.9 29.5 2.5 2.5 2 1 1 5 5
