-4888.0 -385.0 -3.8 254 0 7.1 12.7 2.5 2.5 2 1 1 2 2
-4728.4 -339.5 -0.1 61 0 12.4 12.1 2.5 2.5 2 0 1 2 2
-4628.3 -253.2 2.7 292 0 9.9 9.7 2.5 2.5 2 0 1 5 5
-4616.9 -235.3 3.6 106 0 9.4 11.6 2.5 2.5 2 1 1 4 4
-4608.8 -247.0 2.8 293 0 11.2 12.8 2.5 0.0 0 1 1 3 3
-4615.6 -261.3 2.5 291 0 10.5 8.9 2.5 2.5 2 0 1 5 5
-4585.7 -257.4 2.4 303 0 10.3 15.7 2.5 2.5 2 1 1 4 4
-4556.7 -262.0 2.8 133 0 7.0 13.2 2.5 2.5 2 1 1 2 2
-4540.7 -275.2 2.3 127 0 8.1 15.7 2.5 2.5 2 1 1 0 0
-4489.9 -313.8 0.4 340 0 6.5 15.1 2.5 2.5 2 1 1 0 0
-4520.4 -317.6 0.6 155 0 8.0 15.7 2.5 2.5 2 1 1 2 2
-4543.6 -299.4 1.2 337 0 12.5 10.6 2.5 0.0 0 0 1 1 1
-4536.2 -318.2 0.6 345 0 9.0 14.3 2.5 2.5 2 1 1 4 4
-4534.2 -346.6 -0.3 25 0 9.9 9.8 2.5 2.5 2 0 1 2 2
-4526.1 -370.8 -1.7 211 0 9.9 15.5 2.5 2.5 2 1 1 0 0
-4536.7 -390.0 -2.2 207 0 10.2 13.6 2.5 2.5 2 1 1 0 0
-4542.5 -407.5 -2.8 193 0 7.7 17.4 2.5 2.5 2 1 1 4 4
-4666.5 -593.8 -5.1 231 0 14.9 9.9 2.5 2.5 2 0 1 3 3
-4654.4 -585.9 -5.1 226 0 10.8 13.7 2.5 2.5 2 1 1 2 2
-4636.8 -565.5 -5.3 225 0 10.2 10.5 2.5 2.5 2 1 1 5 5
-4628.6 -555.2 -5.3 212 0 11.8 9.1 2.5 2.5 2 0 1 2 2
-4619.2 -543.4 -5.3 212 0 10.0 9.1 2.5 2.5 2 0 1 3 3
-4610.9 -532.1 -5.2 217 0 9.9 8.6 2.5 2.5 2 0 1 4 4
-4601.2 -521.2 -5.3 212 0 8.2 12.3 2.5 2.5 2 1 1 4 4
-4592.9 -509.5 -5.2 213 0 9.2 9.0 2.5 2.5 2 0 1 0 0
-4585.7 -491.1 -5.0 205 0 9.1 9.3 2.5 2.5 2 1 1 3 3
-4579.2 -471.3 -5.0 213 0 7.2 14.0 2.5 2.5 2 1 1 4 4
-4560.9 -437.2 -3.7 211 0 10.0 8.5 2.5 2.5 2 0 1 1 1
-4571.2 -452.2 -4.2 211 0 7.1 10.0 2.5 2.5 2 1 1 2 2
-4561.5 -418.3 -2.9 25 0 10.9 10.2 2.5 2.5 2 0 1 0 0
-4570.5 -435.1 -3.5 29 0 10.7 12.6 2.5 2.5 2 1 1 5 5
-4578.3 -450.3 -4.1 28 0 12.1 14.9 2.5 2.5 2 1 1 3 3
-4588.2 -467.3 -4.4 26 0 13.5 14.9 2.5 2.5 2 1 1 0 0
-4599.1 -490.1 -4.4 26 0 9.9 10.3 2.5 2.5 2 1 1 4 4
-4618.0 -501.1 -4.2 31 0 10.3 9.9 2.5 2.5 2 0 1 4 4
-4609.7 -508.5 -4.5 30 0 10.5 9.4 2.5 2.5 2 0 1 5 5
-4617.9 -520.8 -4.6 34 0 10.4 11.4 2.5 2.5 2 1 1 5 5
-4632.1 -543.3 -4.7 35 0 10.7 9.2 2.5 2.5 2 0 1 5 5
-4645.9 -563.2 -4.8 51 0 10.3 13.9 2.5 2.5 2 1 1 5 5
-4668.6 -572.1 -4.5 52 0 6.8 11.0 2.5 2.5 2 1 1 5 5
-4678.1 -584.6 -4.6 54 0 12.8 14.1 2.5 2.5 2 1 1 1 1
-4689.4 -419.6 -2.0 217 0 8.2 8.7 2.5 2.5 2 1 1 2 2
-4693.7 -364.9 -1.3 249 0 10.6 11.5 2.5 2.5 2 1 1 3 3
-4710.7 -370.5 -1.1 249 0 11.7 9.0 2.5 2.5 2 0 1 0 0
-4755.0 -374.1 -0.1 241 0 8.0 10.3 2.5 2.5 2 1 1 5 5
-4787.5 -395.2 0.4 246 0 9.4 10.0 2.5 2.5 2 1 1 2 2
-4779.7 -372.2 0.6 71 0 11.3 7.9 2.5 2.5 2 0 1 4 4
-4802.1 -367.5 -0.3 67 0 7.6 8.2 2.5 2.5 2 1 1 2 2
-4819.6 -382.1 -1.2 67 0 10.0 13.5 2.5 2.5 2 1 1 5 5
-4855.6 -405.2 -2.7 66 0 10.9 10.2 2.5 2.5 4 0 1 0 0
-4839.1 -398.6 -2.2 67 0 21.8 9.3 2.5 2.5 2 0 1 5 5
-4831.9 -409.9 -1.6 245 0 14.0 14.1 2.5 2.5 2 1 1 2 2
-4852.7 -416.1 -2.4 246 0 10.1 15.0 2.5 2.5 2 1 1 4 4
-4904.0 -411.3 -5.3 151 0 8.6 14.6 2.5 2.5 4 1 1 2 2
-4870.6 -424.7 -4.7 245 0 14.7 12.3 2.5 2.5 2 0 1 5 5
-4877.7 -453.3 -6.5 142 0 8.8 12.2 2.5 2.5 2 1 1 3 3
-4861.8 -460.3 -5.7 140 0 9.6 10.8 2.5 2.5 2 1 1 2 2
-4869.1 -467.0 -6.9 141 0 12.1 8.0 2.5 2.5 2 0 1 3 3
-4850.5 -472.8 -5.8 140 0 11.5 8.8 2.5 2.5 4 0 1 5 5
-4858.6 -480.0 -7.1 141 0 12.4 9.5 2.5 2.5 2 0 1 2 2
-4848.0 -495.5 -7.1 142 0 9.9 18.8 2.5 2.5 4 1 1 4 4
-4835.3 -509.9 -6.8 140 0 10.5 10.1 2.5 2.5 2 0 1 1 1
-4787.9 -572.4 -5.6 141 0 8.0 10.3 2.5 2.5 2 1 1 1 1
-4775.6 -588.2 -5.3 141 0 12.4 12.0 2.5 0.0 0 0 1 3 3
-4722.1 -611.2 -4.7 63 0 10.0 18.1 2.5 0.0 0 1 1 5 5
-4740.0 -618.3 -4.7 59 0 9.5 12.9 2.5 2.5 2 1 1 3 3
-4744.5 -641.4 -4.2 156 0 11.8 30.3 2.5 0.0 0 1 1 5 5
-4687.3 -610.3 -5.1 269 0 22.2 19.2 2.5 2.5 2 0 1 5 5
-4693.8 -642.8 -4.2 248 0 7.4 8.7 2.5 2.5 2 1 1 1 1
-4722.4 -677.6 -3.5 149 0 11.3 23.0 2.5 2.5 2 1 1 4 4
-4714.3 -692.2 -3.0 148 0 8.9 9.0 2.5 2.5 2 1 1 4 4
-4707.5 -702.6 -2.8 147 0 8.0 9.3 2.5 2.5 2 1 1 2 2
-4721.9 -692.5 -2.8 328 0 7.4 8.5 2.5 2.5 2 1 1 3 3
-4715.9 -702.6 -2.6 328 0 8.1 8.7 2.5 2.5 2 1 1 4 4
-4709.8 -717.3 -2.4 331 0 14.7 10.5 2.5 2.5 2 0 1 0 0
-2981.1 4372.3 -0.6 8 0 3.4 4.9 5.0 2.5 2 1 2 2 2
-2966.1 4301.3 -0.4 25 0 25.2 5.6 5.0 2.5 2 0 2 2 2
-2984.1 4299.9 -1.0 28 0 8.0 13.4 5.0 2.5 2 1 2 1 1
-2997.0 4283.5 -1.0 112 0 13.2 9.5 5.0 2.5 2 0 2 3 3
-3009.3 4307.2 -1.3 111 0 7.8 13.4 5.0 0.0 0 1 2 4 4
-2977.0 4316.7 -1.0 21 0 8.2 17.8 5.0 2.5 2 1 2 4 4
-2921.0 4353.4 0.3 28 0 15.2 5.9 5.0 2.5 2 0 2 5 5
-2942.7 4359.4 -0.3 295 0 20.6 10.9 5.0 2.5 2 0 2 2 2
-2992.0 4364.9 -1.4 293 0 13.6 21.0 5.0 2.5 2 1 2 3 3
-3045.8 4348.2 -2.0 187 0 15.9 12.8 5.0 2.5 2 0 2 3 3
-3167.6 5909.0 -0.1 259 0 7.8 7.4 2.5 2.5 2 0 1 3 3
-3170.3 5924.3 0.0 67 0 8.7 6.6 2.5 2.5 2 0 1 5 5
-3469.7 5778.3 -2.1 245 0 8.7 6.5 2.5 2.5 2 0 1 1 1
-3474.0 5794.4 -1.8 72 0 7.5 6.3 2.5 2.5 2 0 1 4 4
-3490.1 5786.4 -1.8 74 0 7.7 6.8 2.5 2.5 2 0 1 3 3
-3509.7 5786.5 -1.9 251 0 7.1 7.2 2.5 2.5 2 1 1 5 5
-3492.6 5768.1 -2.1 341 0 7.4 7.5 2.5 0.0 0 1 1 1 1
-3347.0 5852.3 -1.9 67 0 16.9 9.6 2.5 2.5 2 0 1 5 5
-3119.1 5930.5 -0.4 252 0 9.5 8.4 2.5 0.0 0 0 1 0 0
-3006.2 5954.5 -1.2 284 0 9.7 7.0 2.5 2.5 2 0 1 2 2
-2983.4 5963.4 -1.2 194 0 21.6 8.6 2.5 2.5 2 0 1 4 4
-2986.6 5979.3 -1.5 104 0 16.7 8.2 2.5 0.0 0 0 1 5 5
-3020.1 5970.6 -1.8 104 0 9.0 24.7 2.5 2.5 4 1 1 5 5
-3036.7 6414.2 -6.0 179 0 10.8 32.9 2.5 2.5 2 1 1 4 4
