1738.1 5530.0 2.9 220 0 7.7 8.2 5.0 2.5 2 1 2 5 5
1712.6 5512.2 3.9 222 0 7.4 9.7 5.0 2.5 2 1 2 5 5
1678.9 5488.0 3.1 224 0 5.8 9.9 5.0 2.5 2 1 2 1 1
1659.9 5466.7 3.1 228 0 8.5 8.4 5.0 2.5 2 0 2 2 2
1635.4 5448.4 3.1 223 0 7.7 9.5 5.0 2.5 2 1 2 4 4
1618.9 5428.1 3.7 220 0 7.4 10.5 5.0 2.5 2 1 2 1 1
1599.4 5417.6 2.1 221 0 4.8 10.7 5.0 0.0 0 1 2 0 0
1591.9 5404.1 0.9 220 0 9.2 15.2 5.0 2.5 2 1 2 1 1
1572.1 5377.4 -0.7 220 0 10.4 9.3 5.0 2.5 2 0 2 1 1
1554.2 5358.7 -2.1 215 0 9.2 10.9 5.0 2.5 2 1 2 1 1
1536.3 5335.2 -1.4 217 0 8.2 16.1 5.0 2.5 2 1 2 3 3
1517.9 5310.4 -1.7 226 0 12.7 12.4 5.0 2.5 2 0 2 0 0
1483.4 5265.5 -3.6 213 0 7.6 18.9 5.0 2.5 2 1 2 2 2
1405.9 5260.9 -2.3 106 0 14.1 8.7 2.5 2.5 2 0 1 4 4
1385.4 5192.1 -3.5 21 0 14.3 33.8 2.5 2.5 2 1 1 4 4
1362.8 5136.1 -3.4 11 0 21.9 24.6 2.5 2.5 2 1 1 2 2
1356.5 5100.6 -2.9 12 0 11.6 21.3 2.5 0.0 0 1 1 3 3
1353.9 5081.7 -3.6 11 0 7.6 14.5 2.5 2.5 2 1 1 4 4
1350.8 5069.0 -4.2 13 0 5.5 9.5 2.5 2.5 2 1 1 1 1
1347.1 5052.9 -4.8 10 0 8.5 13.2 2.5 2.5 2 1 1 4 4
1344.3 5034.5 -5.1 6 0 8.4 18.3 2.5 2.5 2 1 1 0 0
1339.0 5007.9 -5.2 5 0 9.6 11.8 2.5 2.5 2 1 1 0 0
1339.8 4994.6 -5.3 2 0 9.6 11.7 2.5 2.5 2 1 1 2 2
1338.3 4982.2 -5.6 358 0 9.6 12.3 2.5 2.5 2 1 1 3 3
1341.1 4954.6 -6.0 355 0 9.6 18.4 2.5 2.5 2 1 1 5 5
1340.8 4939.6 -6.2 1 0 9.9 20.7 2.5 2.5 2 1 1 5 5
1326.0 4905.6 -5.6 21 0 11.5 7.7 2.5 2.5 2 0 1 3 3
1340.6 4878.6 -5.8 33 0 17.8 20.6 2.5 2.5 2 1 1 4 4
1344.0 4848.2 -4.9 352 0 12.7 17.1 2.5 2.5 2 1 1 3 3
1340.9 4832.5 -4.6 356 0 11.4 9.8 2.5 2.5 2 0 1 3 3
1355.5 4801.0 -5.0 353 0 6.9 8.2 2.5 2.5 2 1 1 4 4
1360.3 4788.6 -5.0 344 0 9.9 8.2 2.5 2.5 2 0 1 0 0
1378.4 4737.3 -5.1 166 0 14.5 7.0 5.0 2.5 2 0 2 1 1
1389.3 4730.7 -5.2 164 0 17.7 6.3 5.0 2.5 2 0 2 2 2
1371.6 4742.3 -4.8 350 0 14.5 14.8 2.5 2.5 2 1 1 5 5
1379.2 4699.9 -4.6 342 0 12.8 14.4 2.5 2.5 2 1 1 0 0
1392.0 4684.3 -4.6 338 0 11.2 22.6 2.5 2.5 2 1 1 3 3
1413.5 4667.9 -4.9 167 0 9.2 16.4 5.0 2.5 2 1 2 3 3
1408.7 4650.5 -4.8 167 0 11.9 27.5 5.0 2.5 2 1 2 5 5
1417.2 4633.9 -4.3 163 0 10.0 16.5 5.0 2.5 2 1 2 4 4
1403.4 4643.8 -4.3 338 0 8.7 20.2 2.5 2.5 2 1 1 2 2
1407.6 4630.3 -4.0 336 0 11.7 15.2 2.5 2.5 2 1 1 1 1
1413.5 4618.3 -3.5 331 0 8.5 9.8 2.5 2.5 2 1 1 4 4
1470.0 4567.8 -1.3 317 0 7.3 10.9 2.5 2.5 2 1 1 5 5
1511.3 4655.4 -4.4 244 0 7.9 11.6 5.0 2.5 2 1 2 4 4
1498.8 4650.1 -4.5 243 0 10.5 11.3 5.0 2.5 2 1 2 1 1
1611.8 4802.3 -3.8 180 0 9.5 16.6 2.5 2.5 2 1 1 1 1
1503.8 5202.4 -4.6 0 0 8.7 9.5 5.0 2.5 2 1 2 3 3
1505.9 5190.3 -4.9 0 0 7.2 11.0 5.0 2.5 2 1 2 4 4
1507.7 5178.4 -5.3 0 0 10.1 11.9 5.0 2.5 2 1 2 0 0
1507.4 5166.0 -5.4 0 0 9.2 9.5 5.0 2.5 4 1 2 0 0
1503.9 5149.4 -5.5 90 0 11.0 8.1 5.0 2.5 2 0 2 4 4
1505.7 5134.0 -5.6 89 0 8.6 12.8 5.0 2.5 2 1 2 1 1
1487.4 5214.4 -4.8 271 0 5.7 12.5 5.0 2.5 2 1 2 2 2
1452.2 5215.4 -5.0 195 0 11.7 26.7 5.0 2.5 4 1 2 1 1
1473.1 5171.2 -5.3 188 0 55.4 11.0 5.0 2.5 2 0 2 1 1
1439.9 5145.2 -4.9 182 0 9.5 16.3 5.0 2.5 2 1 2 2 2
1454.1 5111.7 -4.7 98 0 10.5 17.8 5.0 2.5 2 1 2 5 5
1439.4 5113.4 -4.2 92 0 12.9 8.7 5.0 2.5 2 0 2 1 1
1462.1 5104.7 -4.6 274 0 9.0 13.8 2.5 2.5 2 1 1 2 2
1437.4 5105.0 -3.8 286 0 15.4 9.0 2.5 2.5 2 0 1 4 4
1427.2 5085.1 -3.7 195 0 12.7 18.6 2.5 2.5 2 1 1 2 2
1412.5 5072.6 -3.1 192 0 8.8 11.8 2.5 2.5 2 1 1 0 0
1416.5 5049.9 -4.1 181 0 14.0 17.6 2.5 2.5 2 1 1 2 2
1410.0 5025.6 -5.3 178 0 11.3 15.3 2.5 0.0 0 1 1 1 1
1412.5 5010.7 -5.6 180 0 11.9 17.5 2.5 2.5 2 1 1 5 5
1409.6 4993.5 -6.2 180 0 8.1 8.3 2.5 2.5 2 1 1 4 4
1400.2 4960.7 -7.4 179 0 12.2 24.5 2.5 0.0 0 1 1 2 2
1410.7 4943.1 -7.7 180 0 10.4 15.7 2.5 0.0 0 1 1 1 1
1471.8 4941.8 -6.9 0 0 13.1 17.5 2.5 2.5 2 1 1 5 5
1514.3 4942.6 -5.9 359 0 12.8 15.1 2.5 2.5 2 1 1 2 2
1512.5 4963.5 -5.3 357 0 10.5 17.1 2.5 2.5 2 1 1 4 4
1507.9 4985.5 -5.1 352 0 9.0 14.6 2.5 2.5 2 1 1 4 4
1506.8 5003.3 -5.2 355 0 11.1 21.0 2.5 2.5 2 1 1 0 0
1502.8 5027.6 -5.2 356 0 4.2 11.0 2.5 2.5 2 1 1 4 4
1502.3 5048.3 -5.4 0 0 7.2 14.2 2.5 2.5 2 1 1 5 5
1500.0 5072.5 -5.5 357 0 11.4 17.3 2.5 2.5 2 1 1 1 1
1497.0 5095.3 -5.5 357 0 11.4 14.8 2.5 2.5 2 1 1 4 4
1494.7 5119.2 -5.5 355 0 10.5 14.3 5.0 2.5 2 1 2 4 4
1512.9 5125.1 -5.6 261 0 13.6 11.5 5.0 2.5 2 0 2 1 1
1503.9 5093.8 -5.7 174 0 8.1 10.0 5.0 2.5 2 1 2 1 1
1505.6 5073.6 -5.7 172 0 8.4 9.9 5.0 0.0 0 1 2 5 5
1510.0 5051.1 -5.6 176 0 8.1 15.3 5.0 2.5 2 1 2 4 4
1512.1 5029.8 -5.4 180 0 9.5 18.4 5.0 2.5 2 1 2 5 5
1514.3 5007.4 -5.2 175 0 10.2 18.5 5.0 2.5 2 1 2 4 4
1516.0 4984.3 -5.1 172 0 12.4 19.0 5.0 2.5 2 1 2 2 2
1518.6 4962.9 -4.9 177 0 10.2 15.4 5.0 2.5 2 1 2 4 4
1520.4 4943.5 -5.5 174 0 16.2 15.5 5.0 2.5 2 0 2 0 0
1522.3 4920.3 -5.7 172 0 10.3 15.8 5.0 2.5 4 1 2 0 0
1524.2 4905.1 -5.8 180 0 7.2 11.9 5.0 2.5 2 1 2 0 0
1524.8 4892.5 -5.8 177 0 10.8 11.9 5.0 2.5 2 1 2 0 0
1526.0 4879.4 -5.7 174 0 6.0 12.7 5.0 2.5 2 1 2 5 5
1529.9 4868.8 -5.5 169 0 6.4 9.6 5.0 2.5 2 1 2 4 4
1530.3 4853.9 -5.3 173 0 12.3 8.2 5.0 2.5 2 0 2 2 2
1532.4 4833.2 -5.1 174 0 9.0 8.4 5.0 2.5 2 0 2 5 5
1534.2 4820.8 -4.9 177 0 6.3 9.1 5.0 2.5 2 1 2 1 1
1535.4 4807.6 -4.9 167 0 6.4 15.4 5.0 0.0 0 1 2 4 4
1539.4 4782.1 -5.1 176 0 9.6 18.4 5.0 2.5 2 1 2 3 3
1581.8 4752.5 -4.3 85 0 10.7 9.6 5.0 2.5 2 0 2 4 4
1542.6 4752.7 -5.2 170 0 10.6 9.9 5.0 0.0 0 0 2 5 5
1547.1 4731.7 -5.2 172 0 9.0 17.1 5.0 2.5 2 1 2 0 0
1552.7 4712.3 -4.7 167 0 8.0 17.4 5.0 2.5 2 1 2 3 3
1528.8 4807.4 -5.5 349 0 12.5 14.3 2.5 2.5 2 1 1 5 5
1526.7 4820.3 -5.3 350 0 8.8 11.1 2.5 2.5 2 1 1 4 4
1526.0 4831.6 -5.5 354 0 8.7 15.3 2.5 2.5 4 1 1 2 2
1524.9 4843.4 -5.5 353 0 7.2 10.4 2.5 2.5 2 1 1 5 5
1523.1 4855.5 -5.7 353 0 9.9 8.1 2.5 0.0 0 0 1 2 2
1521.8 4867.2 -5.9 357 0 10.5 13.0 2.5 2.5 2 1 1 3 3
1519.1 4879.7 -6.1 350 0 7.0 13.2 2.5 2.5 2 1 1 1 1
1519.5 4891.9 -6.3 353 0 9.9 15.8 2.5 2.5 2 1 1 5 5
1518.6 4903.2 -6.3 356 0 8.4 16.1 2.5 2.5 2 1 1 3 3
1506.9 4921.4 -6.3 355 0 15.0 10.5 2.5 2.5 2 0 1 2 2
1488.6 4922.1 -6.7 353 0 12.9 9.0 2.5 2.5 4 0 1 3 3
1464.2 4918.2 -7.3 359 0 16.4 8.5 2.5 2.5 2 0 1 0 0
1444.2 4919.8 -7.5 183 0 13.4 6.0 2.5 2.5 2 0 1 5 5
1410.3 4915.9 -8.3 186 0 8.1 17.5 2.5 2.5 2 1 1 0 0
1409.7 4901.0 -8.4 182 0 9.8 16.1 2.5 2.5 2 1 1 1 1
1413.3 4888.5 -8.2 173 0 7.5 17.8 2.5 2.5 2 1 1 3 3
1410.3 4873.9 -7.8 183 0 6.3 16.8 2.5 2.5 2 1 1 3 3
1411.3 4862.1 -7.5 177 0 10.8 21.7 2.5 0.0 0 1 1 3 3
1411.8 4847.6 -7.1 175 0 10.5 17.6 2.5 2.5 2 1 1 3 3
1411.2 4831.2 -6.6 176 0 12.9 22.0 2.5 2.5 2 1 1 1 1
1420.7 4813.3 -6.1 165 0 10.2 9.7 2.5 2.5 2 0 1 2 2
1424.0 4797.0 -6.0 171 0 7.8 14.7 2.5 0.0 0 1 1 4 4
1427.6 4785.0 -6.0 170 0 10.0 18.6 2.5 2.5 2 1 1 1 1
1429.9 4772.1 -5.9 173 0 7.5 16.4 2.5 2.5 2 1 1 2 2
1432.2 4760.2 -5.8 164 0 7.7 16.3 2.5 2.5 2 1 1 5 5
1433.9 4749.4 -5.7 168 0 8.1 15.8 2.5 2.5 2 1 1 2 2
1435.7 4738.0 -5.6 164 0 6.3 18.8 2.5 2.5 4 1 1 5 5
1445.7 4726.2 -5.6 159 0 9.9 9.2 2.5 2.5 2 0 1 2 2
1458.0 4713.7 -5.5 152 0 7.1 10.7 2.5 0.0 0 1 1 3 3
1465.1 4702.0 -5.5 149 0 10.0 9.7 2.5 2.5 2 0 1 1 1
1473.3 4687.4 -5.4 150 0 12.0 12.9 2.5 2.5 2 1 1 2 2
1483.9 4669.7 -5.1 158 0 11.0 17.6 2.5 2.5 2 1 1 4 4
1519.1 4678.7 -5.0 70 0 12.9 14.9 2.5 2.5 2 1 1 4 4
1548.3 4690.4 -4.6 348 0 15.9 7.8 2.5 2.5 2 0 1 0 0
1558.8 4685.9 -4.2 167 0 6.4 13.9 5.0 0.0 0 1 2 2 2
1585.0 4687.2 -4.1 80 0 9.5 16.0 5.0 2.5 2 1 2 1 1
1603.1 4695.2 -3.9 0 0 14.0 8.3 5.0 2.5 4 0 2 3 3
1595.8 4659.9 -3.2 269 0 12.7 13.4 5.0 2.5 2 1 2 0 0
1612.3 4657.8 -3.0 273 0 7.8 11.7 5.0 2.5 4 1 2 2 2
1795.3 4680.6 -3.8 98 0 9.4 10.5 5.0 2.5 4 1 2 3 3
1779.9 4685.9 -3.8 100 0 8.8 10.6 5.0 2.5 2 1 2 1 1
1738.2 4703.8 -4.0 274 0 6.6 14.6 5.0 2.5 2 1 2 1 1
1710.0 4687.7 -4.0 98 0 7.0 11.1 5.0 2.5 2 1 2 0 0
1708.6 4656.4 -3.9 278 0 9.6 10.3 5.0 2.5 2 1 2 0 0
1739.4 4654.1 -4.0 274 0 8.8 8.7 5.0 2.5 2 0 2 2 2
1765.8 4653.6 -4.0 276 0 10.2 11.4 5.0 2.5 2 1 2 3 3
1780.4 4650.0 -3.9 274 0 6.1 11.4 5.0 0.0 0 1 2 4 4
1794.6 4650.8 -3.7 283 0 5.6 10.7 5.0 2.5 2 1 2 3 3
1816.7 4646.6 -3.2 285 0 7.8 16.4 5.0 2.5 2 1 2 1 1
1876.7 4641.6 -1.9 273 0 9.7 16.7 5.0 0.0 0 1 2 1 1
3328.1 3822.3 -6.0 93 0 11.3 10.5 5.0 2.5 2 0 2 2 2
3107.3 4304.7 3.8 265 0 16.3 12.6 5.0 2.5 2 0 2 4 4
3080.3 4251.9 3.6 173 0 5.1 7.0 5.0 2.5 2 1 2 5 5
3081.9 4241.6 2.9 178 0 7.2 9.9 5.0 2.5 2 1 2 2 2
3119.6 4223.9 0.5 100 0 7.8 19.4 5.0 2.5 2 1 2 1 1
3102.8 4227.0 1.6 96 0 6.1 9.3 5.0 2.5 4 1 2 1 1
3105.6 4205.9 0.4 13 0 22.9 31.0 5.0 0.0 0 1 2 3 3
3110.6 4206.4 -0.3 198 0 16.9 10.6 5.0 2.5 2 0 2 4 4
3113.7 4180.1 -0.8 180 0 8.4 11.3 5.0 2.5 2 1 2 3 3
2565.7 4677.9 -3.3 85 0 13.3 18.0 5.0 2.5 2 1 2 3 3
2927.4 4947.3 2.9 26 0 13.6 9.0 7.5 2.5 2 0 3 2 2
2923.5 4912.7 2.0 15 0 16.1 12.3 10.0 2.5 2 0 4 3 3
2869.4 4733.9 -4.3 213 0 21.3 22.3 2.5 2.5 2 1 1 0 0
2900.7 4846.7 -3.5 294 0 9.8 16.9 2.5 2.5 2 1 1 0 0
2835.0 4842.0 -2.9 192 0 10.0 20.6 2.5 0.0 0 1 1 3 3
2771.1 4777.5 -3.3 268 0 10.7 8.2 2.5 2.5 2 0 1 4 4
2778.2 4760.4 -3.3 358 0 10.8 13.2 2.5 2.5 2 1 1 3 3
2779.3 4729.9 -3.3 358 0 40.2 18.8 2.5 2.5 4 0 1 1 1
2797.9 4692.6 -3.6 88 0 22.7 10.4 2.5 2.5 2 0 1 1 1
2879.2 4565.0 -7.0 358 0 8.3 9.8 5.0 2.5 2 1 2 4 4
2880.4 4547.0 -7.3 358 0 7.9 10.7 5.0 2.5 2 1 2 2 2
2878.6 4517.5 -7.5 358 0 8.0 10.1 5.0 2.5 2 1 2 0 0
2882.7 4489.3 -7.7 358 0 8.2 12.2 5.0 2.5 2 1 2 0 0
2946.0 4429.7 -3.9 268 0 20.7 13.8 5.0 2.5 2 0 2 2 2
2933.9 4395.4 -3.5 178 0 11.7 13.5 5.0 2.5 2 1 2 3 3
2933.1 4374.4 -4.4 178 0 22.8 13.4 5.0 2.5 4 0 2 4 4
2899.1 4421.0 -6.7 358 0 8.8 11.6 5.0 2.5 2 1 2 5 5
2895.8 4313.4 -5.6 358 0 7.9 12.8 5.0 2.5 2 1 2 5 5
2894.2 4266.0 -4.5 88 0 14.9 9.3 5.0 2.5 2 0 2 3 3
2933.3 4343.2 -5.2 178 0 13.5 13.0 5.0 2.5 2 0 2 2 2
2943.7 4318.2 -5.5 88 0 12.7 13.2 5.0 2.5 2 1 2 4 4
2954.1 4273.3 -6.1 268 0 11.0 7.6 5.0 2.5 2 0 2 0 0
2951.2 4227.1 -5.8 178 0 8.7 5.4 5.0 2.5 2 0 2 0 0
2961.2 4178.6 -5.2 88 0 13.1 9.6 5.0 2.5 2 0 2 3 3
2914.5 4098.4 -4.7 358 0 8.9 17.6 5.0 2.5 2 1 2 1 1
2974.9 4096.1 -3.8 358 0 9.2 8.1 5.0 2.5 2 0 2 2 2
2972.4 4048.7 -6.4 268 0 18.9 13.0 5.0 2.5 2 0 2 5 5
2962.8 3991.4 -8.5 178 0 6.9 14.5 5.0 2.5 2 1 2 2 2
2936.1 3964.4 -8.4 358 0 10.8 13.5 5.0 2.5 2 1 2 3 3
2942.5 3807.8 -7.1 358 0 34.5 11.5 2.5 2.5 2 0 1 2 2
3468.3 3522.9 -3.0 88 0 12.4 14.1 5.0 2.5 2 1 2 0 0
3361.5 3467.4 -5.6 178 0 10.0 19.1 5.0 2.5 2 1 2 3 3
3403.1 3508.3 -4.7 358 0 10.3 11.1 5.0 2.5 2 1 2 0 0
3395.6 3531.4 -4.7 268 0 11.5 13.9 5.0 2.5 4 1 2 4 4
3395.0 3548.7 -4.7 268 0 12.1 14.1 5.0 2.5 2 1 2 4 4
3312.1 3549.7 -6.5 88 0 7.6 13.1 5.0 2.5 2 1 2 1 1
3322.8 3550.6 -6.3 88 0 7.6 11.0 5.0 2.5 2 1 2 2 2
3333.9 3550.2 -6.0 88 0 6.2 13.5 5.0 2.5 2 1 2 4 4
3344.8 3552.1 -5.8 88 0 9.1 11.3 5.0 2.5 2 1 2 2 2
3355.7 3551.1 -5.5 88 0 7.1 13.7 5.0 0.0 0 1 2 0 0
3367.5 3553.9 -5.2 88 0 8.2 11.3 5.0 2.5 2 1 2 3 3
3388.1 3554.0 -4.8 88 0 15.0 11.0 5.0 2.5 4 0 2 4 4
3417.7 3556.4 -4.3 88 0 29.7 12.5 5.0 0.0 0 0 2 3 3
3390.2 3585.0 -4.6 86 0 15.6 12.6 5.0 0.0 0 0 2 4 4
3431.3 3586.1 -4.2 88 0 59.3 11.1 5.0 2.5 2 0 2 2 2
3476.3 3606.8 -3.7 356 0 22.8 14.8 5.0 2.5 2 0 2 4 4
3472.7 3625.7 -3.9 356 0 5.1 11.1 5.0 2.5 2 1 2 5 5
3477.0 3650.6 -4.4 356 0 10.3 10.0 5.0 2.5 2 0 2 4 4
3475.2 3665.8 -4.6 356 0 8.5 13.7 5.0 2.5 2 1 2 0 0
3398.0 3644.2 -4.2 176 0 9.8 12.0 5.0 0.0 0 1 2 1 1
3404.3 3636.9 -4.0 266 0 8.9 10.1 5.0 2.5 4 1 2 0 0
3404.3 3625.3 -4.1 266 0 10.5 11.0 5.0 2.5 2 1 2 3 3
3406.6 3600.0 -4.1 86 0 12.0 12.8 5.0 0.0 0 1 2 2 2
3423.0 3677.9 -4.7 266 0 9.9 12.4 5.0 2.5 2 1 2 2 2
3405.9 3668.3 -4.6 176 0 9.3 9.2 5.0 2.5 2 0 2 4 4
3394.1 3667.7 -4.6 176 0 9.7 9.8 5.0 2.5 2 1 2 2 2
3381.6 3666.9 -4.5 176 0 10.2 10.9 5.0 2.5 2 1 2 1 1
3457.2 3705.5 -5.3 266 0 29.8 12.7 5.0 2.5 2 0 2 1 1
3432.6 3703.6 -5.2 266 0 8.5 13.7 5.0 2.5 2 1 2 4 4
3415.1 3702.8 -5.2 266 0 12.6 8.9 5.0 2.5 4 0 2 4 4
3384.2 3694.6 -5.1 176 0 10.6 18.3 5.0 0.0 0 1 2 3 3
3375.9 3692.5 -5.1 356 0 19.4 20.2 5.0 2.5 2 1 2 4 4
3345.1 3700.3 -5.2 266 0 9.7 18.1 5.0 0.0 0 1 2 0 0
3374.3 3667.8 -4.8 356 0 10.2 11.8 5.0 2.5 2 1 2 0 0
3358.2 3667.4 -5.1 356 0 13.5 7.9 5.0 2.5 2 0 2 0 0
3346.5 3665.0 -5.4 356 0 11.1 8.0 5.0 2.5 2 0 2 1 1
3329.5 3670.1 -5.7 266 0 9.5 11.5 5.0 2.5 2 1 2 5 5
3318.3 3627.5 -6.0 176 0 6.5 13.3 5.0 2.5 2 1 2 2 2
3317.4 3637.8 -6.0 176 0 7.3 13.3 5.0 2.5 2 1 2 3 3
3316.8 3648.4 -5.9 176 0 6.6 11.8 5.0 2.5 2 1 2 4 4
3326.3 3695.3 -5.7 266 0 14.2 6.4 5.0 2.5 4 0 2 3 3
3311.6 3693.8 -6.0 266 0 7.9 14.3 5.0 2.5 2 1 2 1 1
3295.6 3686.2 -6.1 266 0 19.3 11.7 5.0 2.5 2 0 2 4 4
3298.3 3657.3 -6.1 176 0 10.0 9.7 5.0 2.5 2 0 2 4 4
3300.0 3643.1 -6.2 176 0 10.8 10.6 5.0 2.5 2 0 2 1 1
3300.4 3629.6 -6.2 176 0 8.3 12.8 5.0 2.5 2 1 2 2 2
3309.2 3610.3 -6.2 86 0 9.9 12.7 5.0 2.5 2 1 2 4 4
3266.9 3622.8 -6.5 266 0 45.9 9.3 5.0 2.5 2 0 2 2 2
3234.0 3653.8 -6.4 176 0 9.0 14.7 5.0 2.5 2 1 2 1 1
3253.4 3636.6 -6.5 356 0 23.8 9.5 5.0 2.5 2 0 2 3 3
3252.5 3675.8 -6.3 356 0 10.3 10.0 5.0 2.5 2 0 2 4 4
3219.7 3668.2 -6.6 356 0 11.2 13.3 5.0 2.5 2 1 2 5 5
3200.4 3665.9 -6.8 356 0 11.1 19.3 5.0 2.5 2 1 2 2 2
3201.4 3643.9 -6.7 356 0 15.0 14.8 5.0 2.5 2 0 2 4 4
3175.6 3636.4 -6.9 86 0 12.4 10.7 5.0 0.0 0 0 2 2 2
3156.6 3636.2 -7.1 86 0 8.6 11.9 5.0 2.5 2 1 2 4 4
3168.3 3668.3 -7.0 266 0 11.2 6.9 5.0 2.5 2 0 2 4 4
3151.9 3667.6 -7.2 266 0 13.1 8.6 5.0 2.5 2 0 2 4 4
3128.5 3666.1 -7.4 266 0 14.5 10.5 5.0 0.0 0 0 2 3 3
3103.7 3663.9 -7.6 266 0 16.0 11.3 5.0 2.5 2 0 2 5 5
3076.4 3649.9 -7.6 86 0 8.4 12.5 5.0 2.5 2 1 2 4 4
3143.0 3711.5 -7.4 356 0 12.4 10.5 5.0 2.5 2 0 2 2 2
3120.9 3702.8 -7.5 86 0 9.1 13.7 5.0 2.5 2 1 2 3 3
3082.1 3708.0 -7.6 86 0 12.1 10.7 5.0 2.5 2 0 2 0 0
3058.8 3709.5 -7.7 176 0 10.7 13.0 5.0 2.5 2 1 2 2 2
3145.0 3765.3 -7.4 266 0 9.2 11.3 5.0 2.5 2 1 2 2 2
3133.3 3764.0 -7.4 266 0 5.4 12.4 5.0 2.5 4 1 2 5 5
3124.0 3763.7 -7.5 266 0 5.5 10.3 5.0 2.5 2 1 2 0 0
3114.4 3762.7 -7.5 266 0 7.5 9.3 5.0 2.5 2 1 2 3 3
3105.0 3761.8 -7.5 266 0 7.4 11.7 5.0 2.5 2 1 2 4 4
3094.8 3761.3 -7.5 266 0 4.7 10.4 5.0 2.5 2 1 2 2 2
3085.4 3760.4 -7.6 266 0 6.4 9.7 5.0 2.5 2 1 2 5 5
3075.2 3759.5 -7.6 266 0 6.1 9.4 5.0 2.5 2 1 2 5 5
3065.5 3758.6 -7.6 266 0 6.4 9.7 5.0 2.5 2 1 2 5 5
3055.1 3757.3 -7.7 266 0 7.6 10.2 5.0 2.5 2 1 2 0 0
3052.9 3764.2 -7.7 86 0 8.1 13.1 5.0 2.5 2 1 2 4 4
3063.4 3762.9 -7.6 86 0 6.6 13.0 5.0 2.5 2 1 2 3 3
3074.5 3764.8 -7.6 86 0 8.0 11.9 5.0 2.5 2 1 2 2 2
3085.0 3766.2 -7.6 86 0 7.2 12.6 5.0 2.5 4 1 2 5 5
3094.9 3766.0 -7.5 86 0 7.4 11.4 5.0 2.5 2 1 2 4 4
3104.2 3766.2 -7.5 86 0 5.2 9.5 5.0 0.0 0 1 2 4 4
3112.6 3766.8 -7.5 86 0 6.0 12.4 5.0 2.5 2 1 2 1 1
3122.2 3767.7 -7.4 86 0 6.2 11.2 5.0 2.5 4 1 2 5 5
3131.8 3768.6 -7.4 86 0 7.0 10.2 5.0 2.5 2 1 2 0 0
3149.3 3774.3 -7.4 356 0 7.8 11.0 5.0 2.5 2 1 2 4 4
3140.4 3802.8 -7.4 268 0 9.2 11.4 5.0 2.5 2 0 2 3 3
3132.1 3802.6 -7.4 268 0 7.3 11.3 5.0 2.5 2 0 2 1 1
3121.4 3801.7 -7.4 268 0 5.6 9.8 5.0 2.5 2 1 2 4 4
3110.8 3800.6 -7.5 271 0 9.2 12.8 5.0 2.5 2 1 2 5 5
3100.6 3800.3 -7.5 266 0 4.3 9.3 5.0 2.5 4 1 2 5 5
3092.4 3799.6 -7.5 268 0 6.1 11.3 5.0 2.5 2 1 2 4 4
3082.5 3799.1 -7.6 267 0 7.1 11.1 5.0 0.0 0 1 2 3 3
3072.4 3798.8 -7.6 268 0 7.0 8.1 5.0 2.5 2 1 2 1 1
3062.3 3797.9 -7.6 272 0 6.5 8.4 5.0 2.5 2 1 2 5 5
3051.9 3797.0 -7.7 268 0 5.9 9.3 5.0 2.5 2 1 2 1 1
3051.3 3801.4 -7.7 89 0 6.4 11.3 5.0 2.5 2 1 2 0 0
3061.6 3802.3 -7.6 85 0 7.4 12.9 5.0 2.5 2 1 2 4 4
3071.7 3803.8 -7.6 84 0 7.6 13.5 5.0 2.5 2 1 2 5 5
3080.1 3803.4 -7.6 90 0 5.3 14.6 5.0 2.5 2 1 2 0 0
3090.8 3804.4 -7.5 84 0 7.8 14.1 5.0 2.5 2 1 2 1 1
3100.5 3803.8 -7.5 89 0 6.4 12.8 5.0 2.5 2 1 2 0 0
3110.2 3804.9 -7.5 86 0 7.3 12.3 5.0 0.0 0 1 2 3 3
3119.7 3805.5 -7.4 86 0 8.1 12.0 5.0 2.5 2 1 2 2 2
3130.6 3805.6 -7.4 84 0 8.0 11.4 5.0 2.5 4 1 2 3 3
3144.9 3812.2 -7.4 356 0 12.0 9.0 5.0 2.5 2 0 2 1 1
3209.4 3991.9 -6.4 121 0 10.4 12.1 5.0 2.5 2 1 2 3 3
3235.5 3950.1 -6.9 130 0 10.9 9.7 5.0 2.5 2 0 2 5 5
3274.0 3940.6 -7.1 30 0 18.1 12.9 5.0 2.5 2 0 2 1 1
3265.0 3916.5 -7.1 25 0 12.1 14.5 5.0 2.5 2 1 2 3 3
3208.2 3899.3 -6.9 86 0 5.8 7.4 5.0 0.0 0 1 2 4 4
3232.1 3900.9 -7.1 86 0 7.4 8.2 5.0 2.5 4 1 2 4 4
3245.9 3899.5 -7.1 86 0 10.8 10.3 5.0 2.5 2 0 2 3 3
3198.9 3880.0 -7.2 266 0 18.6 24.7 5.0 2.5 2 1 2 5 5
3249.9 3847.4 -6.9 356 0 14.0 22.3 5.0 2.5 4 1 2 5 5
3257.4 3822.8 -6.7 356 0 16.7 14.2 5.0 2.5 2 0 2 0 0
3237.9 3813.1 -6.8 86 0 5.5 16.1 5.0 2.5 4 1 2 5 5
3228.1 3812.5 -6.9 86 0 7.2 17.7 5.0 2.5 2 1 2 1 1
3218.2 3811.6 -7.0 86 0 6.3 14.5 5.0 2.5 2 1 2 4 4
3208.4 3811.3 -7.1 86 0 6.2 12.7 5.0 2.5 2 1 2 1 1
3198.5 3810.6 -7.2 86 0 5.7 12.1 5.0 2.5 2 1 2 4 4
3188.5 3809.8 -7.2 86 0 6.7 11.8 5.0 0.0 0 1 2 2 2
3178.1 3809.5 -7.3 86 0 6.2 13.3 5.0 2.5 2 1 2 5 5
3168.3 3809.2 -7.3 86 0 5.6 12.5 5.0 2.5 2 1 2 3 3
3158.6 3808.6 -7.3 86 0 5.6 12.8 5.0 2.5 2 1 2 4 4
3159.0 3802.5 -7.3 266 0 7.7 12.6 5.0 2.5 2 1 2 3 3
3168.9 3804.3 -7.3 266 0 6.4 11.2 5.0 2.5 2 1 2 2 2
3177.5 3806.4 -7.3 266 0 5.7 9.2 5.0 2.5 2 1 2 1 1
3187.8 3806.4 -7.2 266 0 7.7 8.7 5.0 2.5 2 1 2 3 3
3198.1 3806.7 -7.1 266 0 5.4 9.8 5.0 2.5 4 1 2 4 4
3207.7 3807.9 -7.0 266 0 7.0 11.5 5.0 2.5 2 1 2 2 2
3217.1 3808.5 -6.9 266 0 5.4 13.4 5.0 2.5 2 1 2 4 4
3227.2 3807.9 -6.8 266 0 7.7 12.9 5.0 2.5 2 1 2 2 2
3237.4 3809.4 -6.7 266 0 6.8 13.0 5.0 2.5 2 1 2 5 5
3250.4 3809.2 -6.6 266 0 11.6 13.2 5.0 2.5 4 1 2 5 5
3259.2 3768.5 -6.5 356 0 9.4 11.6 2.5 2.5 4 1 1 5 5
3240.5 3773.0 -6.6 266 0 6.5 8.8 2.5 2.5 4 1 1 5 5
3231.1 3771.8 -6.7 266 0 6.3 10.3 2.5 2.5 2 1 1 5 5
3221.5 3771.7 -6.8 266 0 7.8 13.5 2.5 2.5 4 1 1 2 2
3211.2 3771.5 -6.9 266 0 6.4 15.1 2.5 2.5 2 1 1 4 4
3202.5 3770.3 -7.0 266 0 5.6 11.9 2.5 2.5 4 1 1 3 3
3192.3 3770.8 -7.1 266 0 8.2 11.4 2.5 2.5 2 1 1 1 1
3181.3 3769.4 -7.2 266 0 6.4 10.9 2.5 2.5 2 1 1 1 1
3171.5 3768.2 -7.3 266 0 7.1 9.8 2.5 2.5 4 1 1 2 2
3162.4 3767.1 -7.3 266 0 7.5 9.9 2.5 2.5 2 1 1 4 4
3161.8 3771.1 -7.3 86 0 6.7 10.6 5.0 2.5 2 1 2 2 2
3171.0 3771.4 -7.3 86 0 6.6 9.1 5.0 2.5 4 1 2 1 1
3180.6 3772.9 -7.2 86 0 5.7 9.2 5.0 2.5 2 1 2 2 2
3190.4 3773.2 -7.1 86 0 6.9 9.7 5.0 2.5 2 1 2 2 2
3200.3 3774.4 -7.0 86 0 6.5 8.2 5.0 2.5 2 1 2 5 5
3210.1 3774.7 -6.9 86 0 6.6 9.1 5.0 2.5 4 1 2 1 1
3220.0 3775.3 -6.8 86 0 6.8 12.1 5.0 2.5 2 1 2 5 5
3229.9 3775.3 -6.8 86 0 7.1 13.3 5.0 0.0 0 1 2 5 5
3239.6 3776.8 -6.7 86 0 7.0 16.0 5.0 2.5 2 1 2 3 3
3250.3 3777.4 -6.6 86 0 7.6 10.8 5.0 2.5 2 1 2 2 2
3214.9 3707.3 -6.7 86 0 8.0 12.0 2.5 2.5 4 1 1 3 3
3244.9 3711.6 -6.5 86 0 12.2 21.6 2.5 2.5 2 1 1 2 2
3267.5 3733.8 -6.2 176 0 27.2 8.4 2.5 2.5 2 0 1 4 4
3290.0 3720.0 -6.0 86 0 12.3 19.2 2.5 2.5 2 1 1 5 5
3342.6 3726.0 -5.6 86 0 14.4 15.7 2.5 2.5 2 1 1 2 2
3371.8 3739.2 -5.8 356 0 6.8 10.3 2.5 2.5 4 1 1 2 2
3369.5 3730.6 -5.6 356 0 8.3 13.6 2.5 2.5 2 1 1 0 0
3367.9 3751.5 -5.8 356 0 13.7 14.0 2.5 2.5 2 1 1 4 4
3336.4 3780.5 -5.6 266 0 15.9 7.3 2.5 0.0 0 0 1 5 5
3320.7 3780.2 -5.6 266 0 7.6 10.8 2.5 2.5 2 1 1 4 4
3311.5 3779.3 -5.7 266 0 6.4 15.4 2.5 2.5 2 1 1 3 3
3301.4 3778.7 -5.7 266 0 6.5 12.1 2.5 0.0 0 1 1 3 3
3291.7 3778.1 -6.1 266 0 6.2 13.0 2.5 2.5 2 1 1 2 2
3282.0 3777.6 -6.2 266 0 6.1 11.5 2.5 2.5 2 1 1 1 1
3273.2 3776.9 -6.3 266 0 7.2 13.9 2.5 2.5 2 1 1 2 2
3271.9 3780.1 -6.4 86 0 7.5 15.0 2.5 2.5 2 1 1 0 0
3281.7 3781.0 -6.2 86 0 8.2 15.3 2.5 0.0 0 1 1 2 2
3291.6 3781.9 -5.9 86 0 7.2 18.0 2.5 2.5 2 1 1 5 5
3301.1 3782.6 -5.9 86 0 7.8 14.9 2.5 2.5 2 1 1 0 0
3310.1 3782.8 -5.8 86 0 6.7 15.4 2.5 2.5 2 1 1 2 2
3364.7 3809.8 -5.7 356 0 12.5 10.1 2.5 2.5 2 0 1 3 3
3347.1 3818.2 -5.8 266 0 5.9 12.4 2.5 2.5 2 1 1 5 5
3337.9 3818.4 -5.8 266 0 7.7 8.7 2.5 2.5 4 1 1 2 2
3327.8 3817.6 -5.9 266 0 6.5 7.9 2.5 2.5 2 1 1 5 5
3318.3 3816.1 -5.9 266 0 6.5 7.9 2.5 2.5 2 1 1 3 3
3308.2 3816.1 -6.0 266 0 7.2 9.1 2.5 2.5 4 1 1 1 1
3295.2 3811.1 -6.0 176 0 7.8 6.2 2.5 0.0 0 0 1 1 1
3289.7 3813.6 -6.1 266 0 7.1 7.6 2.5 2.5 2 1 1 4 4
3279.3 3812.7 -6.1 266 0 7.0 7.3 2.5 2.5 2 1 1 2 2
3268.8 3812.0 -6.5 266 0 9.7 11.9 2.5 2.5 4 1 1 4 4
3269.4 3816.9 -6.4 86 0 7.1 11.8 5.0 2.5 2 1 2 5 5
3278.5 3818.4 -6.3 86 0 7.0 10.6 5.0 2.5 2 1 2 2 2
3288.3 3819.2 -6.2 86 0 6.5 7.6 5.0 0.0 0 1 2 1 1
3297.5 3819.4 -6.2 86 0 7.0 10.6 5.0 2.5 2 1 2 0 0
3307.0 3821.3 -6.2 86 0 7.9 16.1 5.0 2.5 2 1 2 4 4
3316.7 3821.3 -6.1 86 0 7.7 16.5 5.0 2.5 2 1 2 5 5
3346.1 3823.4 -5.9 86 0 6.9 9.7 5.0 2.5 2 1 2 4 4
3356.3 3823.5 -5.9 86 0 7.8 9.3 5.0 2.5 2 1 2 1 1
3362.4 3844.3 -6.0 356 0 6.7 11.4 5.0 2.5 2 1 2 1 1
3324.3 3847.9 -6.3 86 0 25.0 9.9 5.0 2.5 2 0 2 0 0
3305.0 3899.5 -6.7 176 0 16.0 10.6 5.0 2.5 2 0 2 5 5
3342.6 3889.0 -6.6 356 0 9.3 16.7 5.0 0.0 0 1 2 4 4
3312.6 3872.4 -6.4 176 0 9.6 25.9 5.0 2.5 2 1 2 1 1
3362.3 3868.6 -6.2 356 0 11.2 10.9 5.0 2.5 2 0 2 5 5
3362.3 3855.8 -6.1 356 0 8.7 12.6 5.0 0.0 0 1 2 1 1
3435.5 3726.2 -5.9 90 0 9.8 15.5 5.0 2.5 2 1 2 0 0
3417.6 3786.5 -6.1 265 0 32.7 12.9 5.0 2.5 2 0 2 0 0
3380.5 3784.0 -5.8 265 0 17.2 19.8 5.0 2.5 2 1 2 3 3
3374.8 3746.2 -5.9 178 0 8.9 13.9 5.0 2.5 2 1 2 2 2
3374.6 3736.1 -5.8 175 0 6.6 24.0 5.0 2.5 4 1 2 5 5
3377.6 3726.4 -5.6 176 0 9.3 19.9 5.0 2.5 2 1 2 3 3
3478.8 3766.0 -6.4 356 0 46.7 10.2 5.0 2.5 2 0 2 0 0
3429.7 3790.7 -6.1 90 0 8.3 15.8 2.5 2.5 2 1 1 5 5
3405.9 3790.4 -5.9 90 0 6.8 11.9 2.5 2.5 2 1 1 1 1
3418.3 3790.1 -6.0 90 0 5.6 14.6 2.5 2.5 2 1 1 0 0
3475.1 3801.4 -6.4 0 0 12.5 7.1 2.5 2.5 2 0 1 4 4
3460.1 3794.8 -6.3 90 0 9.2 12.5 2.5 2.5 2 1 1 1 1
3468.9 3828.6 -6.3 270 0 11.9 11.0 2.5 2.5 2 0 1 3 3
3456.7 3828.6 -6.2 270 0 6.5 9.5 2.5 2.5 2 1 1 5 5
3446.8 3827.1 -6.1 270 0 6.2 8.9 2.5 2.5 2 1 1 3 3
3437.6 3825.3 -6.1 270 0 6.8 8.1 2.5 2.5 4 1 1 3 3
3427.5 3824.4 -6.0 270 0 6.8 9.0 2.5 0.0 0 1 1 5 5
3418.3 3824.7 -5.9 270 0 6.2 11.9 2.5 2.5 2 1 1 1 1
3408.1 3823.8 -5.9 270 0 7.1 9.2 2.5 0.0 0 1 1 2 2
3397.9 3822.9 -5.8 270 0 6.8 9.8 2.5 2.5 4 1 1 2 2
3387.7 3822.3 -5.7 270 0 5.9 9.2 2.5 2.5 2 1 1 2 2
3378.3 3820.2 -5.7 270 0 6.8 8.1 2.5 2.5 2 1 1 5 5
3366.0 3860.2 -6.0 180 0 6.6 13.6 5.0 2.5 4 1 2 0 0
3366.3 3848.5 -6.0 180 0 10.7 14.2 5.0 2.5 2 1 2 0 0
3376.8 3825.9 -5.8 90 0 7.4 9.2 5.0 2.5 2 1 2 5 5
3386.6 3826.5 -5.7 90 0 6.2 8.1 5.0 0.0 0 1 2 4 4
3396.1 3826.8 -5.8 90 0 7.4 19.7 5.0 2.5 4 1 2 1 1
3406.6 3828.3 -5.8 90 0 7.1 8.4 5.0 2.5 2 1 2 4 4
3416.4 3829.2 -5.9 90 0 6.5 8.1 5.0 2.5 2 1 2 5 5
3426.0 3829.5 -6.0 90 0 6.2 8.7 5.0 0.0 0 1 2 5 5
3435.2 3830.3 -6.0 90 0 7.4 18.8 5.0 2.5 2 1 2 0 0
3445.3 3830.9 -6.1 90 0 5.6 9.2 5.0 0.0 0 1 2 1 1
3454.6 3832.1 -6.2 90 0 5.9 21.8 5.0 2.5 4 1 2 3 3
3464.4 3833.0 -6.2 90 0 5.9 8.4 5.0 0.0 0 1 2 1 1
3479.1 3840.5 -6.4 178 0 22.1 9.8 5.0 0.0 0 0 2 0 0
3478.8 3822.7 -6.5 177 0 5.7 15.7 5.0 2.5 4 1 2 3 3
3483.8 3786.0 -6.5 181 0 13.4 9.5 5.0 2.5 2 0 2 3 3
3482.9 3765.0 -6.6 176 0 13.2 22.5 5.0 2.5 2 1 2 1 1
3556.2 3675.8 -5.5 95 0 26.0 23.7 7.5 0.0 0 0 3 5 5
3753.6 3648.3 -7.3 265 0 9.0 23.1 2.5 2.5 2 1 1 2 2
3778.1 3616.5 -7.2 353 0 10.5 8.7 2.5 2.5 2 0 1 0 0
3755.5 3351.1 -6.4 85 0 9.2 13.2 5.0 0.0 0 1 2 0 0
3675.6 3386.2 -5.9 270 0 9.5 8.4 7.5 2.5 2 0 3 2 2
3659.9 3367.7 -5.7 168 0 14.0 8.6 5.0 2.5 2 0 2 4 4
3682.8 3355.6 -6.0 345 0 3.8 10.4 7.5 2.5 2 1 3 4 4
3689.6 3332.2 -6.0 347 0 7.3 10.9 7.5 2.5 2 1 3 0 0
3681.8 3314.8 -5.5 160 0 5.4 11.9 7.5 2.5 2 1 3 2 2
3682.2 3305.8 -5.2 164 0 5.3 14.0 5.0 2.5 2 1 2 2 2
3705.8 3285.8 -4.4 348 0 7.3 12.3 5.0 2.5 2 1 2 3 3
3690.2 3267.2 -3.6 169 0 4.9 8.5 2.5 2.5 2 1 1 5 5
3699.1 3254.7 -3.4 163 0 13.7 9.4 5.0 2.5 2 0 2 4 4
3694.2 3235.0 -2.6 165 0 5.1 16.9 5.0 2.5 4 1 2 4 4
3722.3 3157.4 -0.1 87 0 14.1 12.3 2.5 2.5 2 0 1 3 3
3692.0 3168.7 0.1 178 0 9.0 15.2 7.5 2.5 2 1 3 1 1
3710.2 3146.9 0.8 358 0 14.0 9.7 5.0 2.5 2 0 2 4 4
3712.0 3113.1 2.2 358 0 7.8 11.7 7.5 2.5 2 1 3 3 3
3699.3 3082.0 3.5 180 0 5.7 12.5 5.0 2.5 2 1 2 2 2
3718.3 3072.2 3.7 0 0 9.8 9.5 2.5 2.5 4 0 1 1 1
3707.7 3053.0 4.1 90 0 9.8 10.1 7.5 2.5 2 1 3 0 0
