3867.9 -4312.1 -10.2 153 0 10.1 9.0 2.5 2.5 2 0 1 1 1
3858.3 -4257.9 -10.9 241 0 6.6 9.7 7.5 2.5 2 1 3 4 4
3887.3 -4246.8 -11.1 245 0 10.0 6.7 2.5 2.5 2 0 1 3 3
3811.8 -4281.5 -10.2 242 0 9.9 8.5 7.5 2.5 2 0 3 0 0
3820.3 -4314.0 -9.3 65 0 7.5 7.4 7.5 2.5 2 0 3 0 0
3844.1 -4324.3 -8.8 246 0 5.0 5.2 5.0 2.5 2 1 2 0 0
3836.5 -4269.6 -10.4 241 0 12.4 9.0 2.5 2.5 2 0 1 1 1
3895.3 -4271.9 -11.2 63 0 7.5 7.2 5.0 2.5 2 0 2 5 5
-4267.7 -74.5 7.4 256 0 7.0 4.1 5.0 2.5 2 0 2 1 1
-4297.3 -82.6 8.4 162 0 4.7 5.0 7.5 2.5 2 1 3 5 5
-4237.6 -78.5 5.9 57 0 5.6 5.8 7.5 2.5 2 1 3 3 3
3895.8 -4299.1 -11.0 62 0 7.2 8.4 7.5 2.5 2 1 3 4 4
-4230.7 -67.5 5.8 293 0 4.8 6.1 2.5 2.5 2 1 1 0 0
-4253.0 -85.8 5.9 78 0 9.2 5.6 7.5 2.5 4 0 3 3 3
3697.0 -4888.6 5.4 95 0 12.6 33.8 12.5 2.5 2 1 5 3 3
3922.9 -4282.1 -12.5 62 0 9.9 7.1 5.0 2.5 2 0 2 4 4
3864.3 -4314.0 -9.8 332 0 6.9 9.0 7.5 2.5 4 1 3 3 3
3876.9 -4293.3 -10.7 62 0 7.4 6.1 2.5 2.5 2 0 1 4 4
3877.3 -4282.9 -10.8 65 0 7.1 7.5 7.5 2.5 4 1 3 2 2
3915.1 -4256.8 -12.0 326 0 7.2 9.0 7.5 2.5 2 1 3 4 4
