-2817.8 -5314.4 -3.6 224 0 31.7 17.8 14.0 3.5 2 0 4 2 2
-2522.2 -5461.7 -4.5 47 0 10.3 27.1 10.5 3.5 2 1 3 0 0
-3175.0 -5420.1 -4.0 230 0 9.8 22.2 10.5 3.5 2 1 3 1 1
-3158.3 -5402.2 -3.7 228 0 11.6 27.9 14.0 3.5 2 1 4 4 4
-3118.4 -5411.1 -3.9 228 0 39.9 11.1 14.0 0.0 0 0 4 5 5
-3078.5 -5354.7 -2.3 139 0 21.7 15.7 14.0 3.5 2 0 4 2 2
-3065.3 -5431.3 -4.0 48 0 10.4 6.9 10.5 3.5 2 0 3 1 1
-3117.8 -5441.5 -4.3 227 0 18.6 13.3 14.0 3.5 2 0 4 5 5
-3103.4 -5427.8 -4.2 228 0 13.4 12.2 14.0 3.5 2 0 4 3 3
-3087.9 -5415.8 -3.9 230 0 20.7 12.4 14.0 3.5 2 0 4 3 3
-3080.4 -5399.5 -3.3 138 0 19.4 20.2 14.0 0.0 0 1 4 5 5
-3095.9 -5392.5 -3.4 228 0 7.7 20.4 10.5 3.5 2 1 3 3 3
-3112.2 -5360.5 -2.5 136 0 28.9 12.3 14.0 3.5 2 0 4 1 1
-3113.5 -5381.7 -3.0 136 0 29.0 10.9 14.0 3.5 2 0 4 2 2
-3137.5 -5356.4 -2.5 136 0 34.1 12.3 14.0 3.5 2 0 4 1 1
-3161.9 -5390.0 -2.7 46 0 8.6 13.0 10.5 3.5 2 1 3 1 1
-3172.1 -5399.1 -3.1 50 0 13.1 12.1 14.0 3.5 2 0 4 5 5
-3160.5 -5357.2 -1.3 47 0 29.8 11.6 14.0 3.5 2 0 4 4 4
-3182.9 -5378.8 -2.3 45 0 29.3 12.2 14.0 3.5 2 0 4 4 4
