770.2 -202.1 2.6 320 0 16.5 9.5 2.5 2.5 2 0 1 1 1
759.2 -236.0 2.7 53 0 23.8 9.6 7.5 2.5 2 0 3 4 4
733.1 -200.8 2.7 231 0 25.4 8.6 2.5 2.5 2 0 1 1 1
433.8 178.0 2.8 13 0 25.1 12.0 10.0 2.5 2 0 4 2 2
-525.7 -774.1 21.5 21 0 11.5 14.1 5.0 2.5 2 1 2 0 0
-568.5 -824.0 22.6 99 0 9.6 8.7 5.0 2.5 2 0 2 5 5
-554.9 -882.3 23.0 280 0 16.9 13.5 5.0 2.5 2 0 2 3 3
-526.5 -1018.1 22.2 11 0 9.5 23.4 5.0 2.5 2 1 2 2 2
-604.0 -1004.1 24.6 266 0 6.4 9.5 5.0 0.0 0 1 2 4 4
-700.2 -927.8 24.7 103 0 30.6 10.3 5.0 2.5 2 0 2 0 0
-673.1 -934.2 25.3 102 0 21.6 10.1 7.0 2.5 2 0 2 5 5
-653.3 -932.4 25.9 102 0 10.1 15.3 7.0 2.5 2 1 2 4 4
-706.8 -913.2 25.1 102 0 11.8 16.7 7.0 2.5 2 1 2 0 0
-708.1 -885.7 25.5 191 0 17.4 12.7 7.0 2.5 4 0 2 2 2
-693.3 -864.0 25.8 189 0 17.0 9.9 7.0 2.5 2 0 2 0 0
-626.7 -830.0 24.5 14 0 7.8 7.1 5.0 2.5 2 0 2 1 1
-622.8 -813.4 24.1 15 0 18.1 9.7 5.0 2.5 2 0 2 2 2
-701.5 -822.0 25.6 187 0 13.9 10.7 5.0 2.5 2 0 2 3 3
-698.6 -806.6 25.4 188 0 10.1 8.5 5.0 2.5 2 0 2 4 4
-693.8 -721.5 23.4 199 0 10.6 6.5 5.0 2.5 2 0 2 1 1
-701.9 -718.2 23.4 198 0 15.8 3.4 5.0 2.5 2 0 2 3 3
-507.1 -731.0 21.0 202 0 8.1 10.4 5.0 2.5 2 1 2 0 0
-414.3 -673.6 19.3 30 0 9.8 8.1 5.0 2.5 2 0 2 1 1
-539.8 -665.1 20.7 98 0 10.0 15.3 5.0 2.5 2 1 2 3 3
-526.0 -606.9 20.4 289 0 10.4 8.8 5.0 2.5 2 0 2 2 2
-515.7 -557.1 20.1 305 0 12.0 10.6 5.0 2.5 2 0 2 0 0
-519.8 -539.9 19.9 210 0 6.5 16.6 5.0 2.5 2 1 2 3 3
-512.7 -517.5 19.7 198 0 8.5 11.8 5.0 2.5 4 1 2 0 0
-468.9 -450.7 19.5 282 0 10.2 26.7 5.0 2.5 2 1 2 3 3
-348.0 -525.0 15.9 41 0 8.0 13.7 5.0 2.5 2 1 2 4 4
-356.0 -409.2 13.8 44 0 14.1 13.2 5.0 2.5 4 0 2 2 2
-436.9 -287.0 18.3 207 0 11.6 10.0 5.0 2.5 2 0 2 1 1
-424.5 -175.1 24.0 197 0 8.2 7.8 5.0 2.5 2 0 2 3 3
-353.2 -97.0 17.3 35 0 6.1 10.0 5.0 2.5 2 1 2 0 0
-265.7 181.9 11.7 13 0 13.7 16.9 5.0 0.0 0 1 2 2 2
-329.1 221.1 15.7 192 0 5.9 5.2 5.0 0.0 0 0 2 1 1
-317.0 243.3 13.9 186 0 4.6 12.9 5.0 0.0 0 1 2 0 0
-314.9 298.3 14.1 190 0 4.2 5.4 5.0 2.5 2 1 2 2 2
-118.3 595.9 4.6 95 0 7.5 9.3 5.0 2.5 2 1 2 0 0
-140.5 596.0 4.6 92 0 14.7 12.6 5.0 2.5 2 0 2 5 5
-68.6 607.5 4.7 97 0 7.9 14.2 5.0 2.5 2 1 2 5 5
-20.8 605.0 4.1 15 0 11.7 10.7 5.0 2.5 2 0 2 2 2
-542.6 -493.8 19.4 103 0 11.1 17.8 5.0 2.5 2 1 2 1 1
-531.1 -466.9 19.3 106 0 11.0 9.4 5.0 2.5 4 0 2 1 1
-522.7 -436.1 19.0 280 0 8.8 12.1 5.0 2.5 2 1 2 0 0
-624.6 -375.8 16.1 92 0 6.5 4.7 5.0 2.5 2 0 2 2 2
-640.2 -365.5 16.0 135 0 8.3 10.2 5.0 2.5 2 1 2 3 3
-669.5 -390.2 16.3 278 0 10.5 6.3 5.0 2.5 2 0 2 5 5
-667.8 -427.8 18.1 13 0 7.6 9.2 5.0 0.0 0 1 2 1 1
1985.0 -755.8 -0.4 265 0 25.9 11.8 2.5 2.5 2 0 1 5 5
1973.2 -828.1 4.0 262 0 6.9 8.8 5.0 0.0 0 1 2 3 3
1974.0 -837.9 4.5 258 0 5.8 6.7 5.0 2.5 2 1 2 3 3
1974.8 -846.4 4.6 175 0 3.6 5.2 5.0 2.5 2 1 2 4 4
1992.9 -827.4 2.9 262 0 9.0 7.3 5.0 2.5 2 0 2 0 0
1993.9 -834.6 3.3 261 0 6.5 9.0 5.0 2.5 2 0 2 0 0
2012.2 -823.4 1.8 261 0 7.8 8.3 5.0 2.5 4 1 2 0 0
2025.1 -802.1 -0.1 83 0 6.4 6.7 2.5 2.5 2 1 1 2 2
2039.1 -819.3 0.1 258 0 8.0 8.2 5.0 0.0 0 1 2 1 1
2171.9 -797.4 -3.0 253 0 11.8 26.5 5.0 2.5 2 1 2 1 1
-634.6 -743.8 22.8 282 0 17.6 10.3 5.0 2.5 2 0 2 4 4
-698.6 -720.9 23.4 199 0 18.1 3.4 5.0 2.5 2 0 2 5 5
550.1 -137.2 3.3 100 0 6.9 5.6 7.5 2.5 2 0 3 4 4
231.7 133.7 3.7 190 0 6.0 9.9 2.5 2.5 4 1 1 4 4
435.7 157.1 3.0 103 0 5.1 7.2 2.5 2.5 2 1 1 3 3
402.3 146.2 3.3 102 0 14.7 7.8 7.5 2.5 2 0 3 0 0
1387.3 -5928.2 -24.6 174 0 10.1 25.1 5.0 2.5 2 1 2 2 2
1394.0 -5944.3 -24.3 173 0 8.4 14.5 5.0 0.0 0 1 2 1 1
1393.4 -5963.7 -24.2 171 0 9.0 11.5 5.0 2.5 2 1 2 2 2
1406.5 -5970.0 -24.3 166 0 13.3 7.5 5.0 2.5 2 0 2 0 0
1421.4 -5965.7 -24.5 351 0 9.0 8.2 5.0 2.5 2 0 2 0 0
1398.1 -5985.3 -24.2 171 0 13.2 14.2 5.0 0.0 0 1 2 1 1
1404.2 -6011.4 -24.2 167 0 11.0 18.8 5.0 2.5 2 1 2 3 3
1420.2 -6047.4 -24.2 169 0 17.2 8.7 5.0 2.5 2 0 2 5 5
1416.4 -6069.5 -24.0 175 0 11.5 7.8 5.0 2.5 2 0 2 4 4
1429.4 -6115.7 -23.9 82 0 11.7 10.6 5.0 2.5 2 0 2 3 3
1440.5 -6112.6 -24.0 74 0 7.6 9.2 5.0 2.5 2 1 2 0 0
1378.1 -6120.9 -23.4 166 0 9.1 12.9 5.0 2.5 4 1 2 0 0
1368.3 -6106.2 -23.4 165 0 10.5 14.9 5.0 2.5 4 1 2 3 3
1391.7 -6075.5 -23.7 349 0 10.2 20.2 5.0 2.5 4 1 2 4 4
1383.3 -6026.0 -24.1 347 0 11.9 9.0 5.0 2.5 2 0 2 4 4
1379.7 -5997.4 -24.2 350 0 9.2 17.7 5.0 2.5 2 1 2 0 0
1376.6 -5976.9 -24.1 354 0 10.4 14.2 5.0 2.5 2 1 2 5 5
1333.2 -5854.5 -25.4 172 0 7.2 7.9 5.0 2.5 2 1 2 4 4
1401.1 -5872.8 -25.4 338 0 7.9 11.4 5.0 2.5 2 1 2 4 4
1673.9 -5440.4 -26.9 185 0 19.9 14.8 2.5 2.5 2 0 1 1 1
1706.1 -5462.5 -27.6 87 0 10.0 14.8 2.5 0.0 0 1 1 5 5
1720.6 -5387.6 -26.6 266 0 9.9 13.6 5.0 2.5 2 1 2 1 1
1718.8 -5434.9 -27.4 231 0 8.1 11.2 2.5 2.5 4 1 1 2 2
1746.7 -5435.8 -28.1 269 0 16.5 17.1 2.5 2.5 2 1 1 3 3
1746.0 -5384.8 -27.6 246 0 12.0 16.4 5.0 2.5 4 1 2 0 0
1815.8 -5401.8 -29.4 57 0 15.6 12.0 5.0 2.5 4 0 2 4 4
1823.5 -5382.9 -29.9 231 0 10.8 11.6 5.0 2.5 2 1 2 2 2
1849.9 -5378.5 -30.0 56 0 29.3 11.1 5.0 2.5 2 0 2 1 1
1877.9 -5386.5 -28.8 150 0 30.6 9.9 5.0 2.5 2 0 2 4 4
1851.5 -5429.8 -29.7 254 0 14.2 11.4 2.5 2.5 2 0 1 3 3
1866.5 -5425.9 -29.8 249 0 11.4 8.3 2.5 2.5 2 0 1 1 1
1888.3 -5418.8 -29.6 149 0 13.3 10.5 5.0 2.5 2 0 2 5 5
1911.3 -5442.4 -29.4 148 0 10.6 16.9 5.0 0.0 0 1 2 5 5
1894.7 -5457.8 -29.5 322 0 11.5 14.4 2.5 2.5 2 1 1 0 0
1900.9 -5483.8 -29.3 326 0 16.0 9.4 2.5 2.5 4 0 1 4 4
1885.7 -5497.6 -29.1 159 0 7.9 8.6 2.5 2.5 2 1 1 2 2
1911.4 -5499.4 -29.0 318 0 10.0 10.7 2.5 2.5 4 1 1 0 0
1908.1 -5475.7 -29.4 325 0 11.9 7.0 2.5 2.5 2 0 1 4 4
1928.1 -5500.0 -29.0 325 0 9.8 10.4 2.5 2.5 2 1 1 4 4
1925.9 -5461.5 -29.3 141 0 10.3 15.5 5.0 2.5 2 1 2 4 4
1968.9 -5453.0 -28.2 315 0 8.8 11.3 5.0 2.5 2 1 2 4 4
1966.2 -5494.6 -28.5 146 0 12.5 14.4 5.0 2.5 2 1 2 4 4
1959.2 -5506.6 -28.7 141 0 10.9 8.4 5.0 2.5 2 0 2 0 0
1955.2 -5533.1 -28.9 322 0 13.5 24.0 2.5 2.5 2 1 1 3 3
1970.1 -5521.8 -28.6 148 0 12.4 19.8 5.0 2.5 2 1 2 3 3
2000.8 -5558.7 -28.1 142 0 11.7 19.1 5.0 2.5 2 1 2 0 0
2011.2 -5573.4 -28.1 152 0 7.3 4.6 5.0 2.5 2 0 2 5 5
1985.0 -5574.6 -28.4 318 0 9.4 13.3 2.5 2.5 2 1 1 3 3
1995.4 -5587.4 -28.6 328 0 9.6 16.1 2.5 2.5 2 1 1 2 2
1974.6 -5611.9 -29.0 52 0 12.7 17.3 2.5 2.5 4 1 1 2 2
1986.4 -5627.3 -29.5 237 0 10.1 14.7 5.0 2.5 2 1 2 5 5
1967.7 -5641.4 -29.5 235 0 8.8 11.9 5.0 2.5 2 1 2 0 0
1955.6 -5659.7 -29.5 57 0 11.3 10.2 5.0 2.5 2 0 2 2 2
1919.2 -5647.1 -29.0 55 0 10.7 10.9 2.5 2.5 2 1 1 0 0
733.4 -3886.2 -12.2 304 0 15.1 14.6 2.5 2.5 2 0 1 2 2
745.6 -3892.0 -12.4 298 0 10.4 12.1 2.5 2.5 2 1 1 1 1
762.0 -3901.1 -12.6 302 0 21.7 9.8 2.5 0.0 0 0 1 5 5
776.6 -3888.8 -12.5 214 0 9.1 7.3 5.0 2.5 2 0 2 5 5
752.0 -3874.8 -11.9 123 0 10.4 15.9 2.5 2.5 2 1 1 5 5
723.2 -3791.2 -9.0 341 0 5.7 6.7 2.5 2.5 2 1 1 0 0
691.8 -3695.1 -8.3 165 0 7.5 12.6 2.5 2.5 2 1 1 4 4
659.7 -3709.7 -7.6 256 0 7.0 8.8 2.5 2.5 2 1 1 5 5
469.0 -3058.9 -0.5 146 0 15.0 16.5 5.0 2.5 2 1 2 2 2
185.3 -2814.7 0.8 161 0 17.7 15.7 7.5 2.5 2 0 3 1 1
-637.7 -1523.2 22.3 159 0 11.0 17.2 5.0 2.5 2 0 2 0 0
-641.9 -1512.4 23.0 159 0 11.7 8.4 5.0 0.0 0 0 2 2 2
-623.5 -1473.7 22.3 161 0 14.1 13.3 5.0 2.5 2 0 2 4 4
-573.9 -1487.7 20.0 77 0 10.3 12.3 5.0 2.5 2 1 2 2 2
-589.1 -1490.0 20.6 74 0 14.5 11.2 5.0 2.5 2 0 2 5 5
-513.7 -1485.2 18.7 57 0 11.7 10.9 5.0 0.0 0 0 2 1 1
-523.3 -1469.3 19.1 54 0 17.9 8.7 5.0 2.5 2 0 2 5 5
-543.0 -1457.9 19.5 79 0 16.7 10.5 5.0 2.5 4 0 2 3 3
-553.1 -1446.5 20.1 76 0 16.5 16.2 5.0 2.5 2 0 2 5 5
-574.6 -1421.3 21.3 84 0 16.1 17.1 5.0 2.5 2 1 2 3 3
-590.1 -1369.0 22.6 180 0 11.4 8.7 5.0 2.5 2 0 2 5 5
-572.5 -1390.4 22.0 0 0 12.8 11.5 5.0 2.5 2 0 2 1 1
-561.5 -1380.3 21.7 347 0 11.2 8.6 5.0 2.5 2 0 2 1 1
-529.2 -1403.2 20.3 356 0 13.4 12.7 5.0 2.5 2 0 2 0 0
-539.9 -1359.0 21.3 357 0 12.0 23.2 5.0 2.5 4 1 2 5 5
-537.8 -1340.5 21.6 351 0 10.4 15.9 5.0 0.0 0 1 2 3 3
-583.7 -1327.5 23.1 351 0 14.8 10.0 5.0 2.5 2 0 2 0 0
-589.9 -1309.4 23.5 352 0 8.7 11.8 5.0 2.5 2 1 2 2 2
-546.3 -1298.8 22.7 349 0 12.8 10.9 5.0 2.5 2 0 2 1 1
-557.5 -1286.7 23.2 340 0 9.6 15.4 5.0 2.5 2 1 2 0 0
-558.6 -1273.5 23.4 338 0 9.2 15.6 5.0 0.0 0 1 2 1 1
-582.2 -1286.8 23.7 345 0 11.2 9.2 5.0 2.5 2 0 2 0 0
-584.6 -1267.0 23.9 344 0 8.2 11.7 5.0 2.5 2 1 2 2 2
-621.8 -1269.4 24.4 176 0 11.6 5.8 5.0 2.5 2 0 2 2 2
-617.1 -1303.7 24.2 170 0 4.4 7.1 5.0 2.5 2 1 2 4 4
-605.4 -1339.2 23.5 168 0 7.5 7.9 5.0 2.5 2 1 2 3 3
-615.9 -1239.3 24.4 264 0 8.6 11.4 5.0 2.5 2 1 2 4 4
-610.5 -1225.9 24.2 258 0 18.1 14.9 5.0 2.5 4 0 2 3 3
-615.4 -1207.4 24.5 261 0 20.8 10.0 5.0 0.0 0 0 2 2 2
-617.7 -1185.7 24.3 255 0 19.8 12.7 5.0 2.5 2 0 2 0 0
-622.5 -1167.8 24.5 268 0 12.5 11.1 5.0 0.0 0 0 2 5 5
-556.2 -1241.8 23.6 351 0 13.4 25.7 5.0 2.5 2 1 2 1 1
-611.7 -1155.2 23.8 173 0 8.0 17.5 5.0 2.5 2 1 2 2 2
-589.1 -1158.7 22.9 172 0 15.3 18.4 5.0 2.5 2 1 2 2 2
-625.6 -1114.3 24.0 107 0 11.3 12.8 5.0 2.5 2 1 2 0 0
-598.5 -1089.0 22.9 171 0 7.6 12.3 5.0 2.5 4 1 2 5 5
-619.8 -1079.3 24.3 110 0 9.6 12.3 5.0 2.5 2 1 2 2 2
-602.4 -1044.1 23.8 273 0 25.5 16.2 5.0 2.5 2 0 2 2 2
-523.3 -1150.1 21.7 5 0 15.1 17.5 5.0 2.5 2 1 2 0 0
-491.7 -1313.1 20.6 351 0 13.3 25.8 5.0 2.5 2 1 2 2 2
-489.3 -1359.7 19.7 354 0 14.9 23.3 5.0 2.5 2 1 2 3 3
-484.4 -1379.0 19.2 342 0 14.0 17.2 5.0 2.5 2 1 2 3 3
-662.8 -1476.6 24.9 166 0 5.1 7.2 5.0 2.5 2 1 2 5 5
-661.8 -1464.9 23.7 155 0 15.6 32.4 5.0 2.5 2 1 2 3 3
-669.3 -1438.1 25.1 170 0 13.7 14.0 5.0 2.5 2 1 2 3 3
-678.6 -1419.8 25.4 167 0 16.3 19.6 5.0 2.5 2 1 2 2 2
-665.5 -1400.9 25.3 165 0 11.2 9.4 5.0 0.0 0 0 2 1 1
-695.1 -1384.8 26.0 162 0 10.7 18.2 5.0 2.5 2 1 2 3 3
-643.7 -1396.7 23.8 172 0 12.6 24.1 5.0 2.5 2 1 2 5 5
-637.2 -1378.3 24.1 168 0 11.0 13.7 5.0 2.5 2 1 2 3 3
-701.9 -1362.8 26.5 167 0 8.6 8.8 5.0 0.0 0 1 2 2 2
-690.0 -1354.7 26.2 178 0 8.6 6.9 5.0 2.5 2 0 2 4 4
-659.4 -1354.5 24.8 155 0 10.5 18.8 5.0 2.5 2 1 2 2 2
-647.6 -1340.8 24.7 174 0 10.2 9.0 5.0 2.5 2 0 2 0 0
-682.6 -1335.4 25.7 160 0 18.5 13.9 5.0 2.5 2 0 2 5 5
-661.5 -1324.9 25.0 173 0 11.5 17.5 5.0 2.5 2 1 2 3 3
-660.0 -1311.4 24.8 170 0 11.7 19.4 5.0 2.5 2 1 2 0 0
-670.0 -1480.4 25.1 338 0 17.0 21.8 2.5 2.5 2 1 1 3 3
-677.5 -1468.1 25.5 337 0 15.2 19.4 2.5 2.5 2 1 1 4 4
-694.6 -1422.8 26.6 342 0 12.4 12.2 2.5 2.5 2 0 1 1 1
-702.0 -1408.0 26.8 341 0 12.6 12.1 2.5 2.5 2 0 1 4 4
-708.3 -1393.3 27.1 340 0 10.1 16.4 2.5 2.5 2 1 1 2 2
-717.8 -1365.6 27.2 340 0 13.3 14.5 2.5 2.5 2 1 1 2 2
-724.7 -1350.9 27.2 335 0 10.1 15.5 2.5 2.5 2 1 1 0 0
-741.3 -1319.6 27.3 339 0 9.3 10.2 2.5 2.5 2 1 1 0 0
-745.4 -1306.8 27.2 335 0 9.9 15.9 2.5 2.5 2 1 1 2 2
-749.9 -1293.1 27.0 340 0 12.1 18.4 2.5 2.5 2 1 1 5 5
-758.5 -1278.1 27.0 340 0 10.4 15.3 2.5 2.5 2 1 1 2 2
-763.0 -1265.9 27.0 342 0 8.5 10.7 2.5 2.5 4 1 1 2 2
-768.9 -1252.1 27.0 340 0 11.2 11.0 2.5 2.5 2 0 1 3 3
-790.0 -1238.2 26.7 173 0 7.6 8.2 2.5 0.0 0 1 1 4 4
-776.4 -1247.8 27.0 334 0 6.3 4.2 2.5 2.5 2 0 1 5 5
-747.4 -1259.2 26.8 151 0 8.0 13.8 5.0 2.5 2 1 2 3 3
-714.1 -1279.1 26.3 174 0 7.8 7.3 5.0 2.5 4 0 2 1 1
-688.5 -1292.0 25.6 171 0 14.8 12.0 5.0 2.5 2 0 2 5 5
-675.8 -1265.4 25.1 167 0 10.6 25.7 5.0 2.5 2 1 2 3 3
-667.2 -1235.9 25.5 240 0 9.1 8.1 5.0 2.5 2 0 2 2 2
-658.8 -1236.4 25.3 250 0 8.3 10.6 5.0 2.5 2 1 2 3 3
-648.7 -1253.9 25.1 94 0 3.4 4.9 5.0 2.5 2 1 2 0 0
-690.2 -1222.7 25.9 264 0 14.0 7.4 5.0 0.0 0 0 2 5 5
-700.4 -1215.1 26.2 268 0 4.3 8.0 5.0 2.5 2 1 2 2 2
-671.3 -1218.8 25.5 263 0 10.7 8.7 5.0 2.5 2 0 2 4 4
-681.0 -1195.1 25.8 264 0 5.4 9.6 5.0 2.5 2 1 2 3 3
-667.9 -1197.4 25.4 258 0 12.5 9.6 5.0 2.5 2 0 2 2 2
-679.3 -1179.3 25.5 254 0 12.3 7.2 5.0 0.0 0 0 2 5 5
-669.8 -1177.0 25.4 260 0 6.7 11.1 5.0 2.5 2 1 2 0 0
-675.4 -1154.5 25.4 263 0 8.4 11.1 5.0 2.5 4 1 2 0 0
-706.2 -1127.7 26.1 79 0 13.3 12.6 5.0 2.5 2 0 2 5 5
-681.6 -1136.7 25.5 83 0 12.1 10.5 5.0 2.5 2 0 2 5 5
-679.1 -1114.1 25.6 89 0 19.6 10.0 5.0 2.5 2 0 2 3 3
-717.4 -1043.6 26.5 185 0 9.7 13.3 5.0 2.5 2 1 2 2 2
-717.2 -992.7 26.3 194 0 9.6 6.3 5.0 2.5 4 0 2 4 4
-756.5 -949.0 25.8 8 0 13.6 13.2 5.0 2.5 2 0 2 5 5
-701.9 -982.5 26.1 285 0 12.8 8.1 5.0 2.5 2 0 2 5 5
-699.0 -961.8 26.0 284 0 17.9 11.7 5.0 2.5 2 0 2 1 1
-653.3 -953.5 25.5 274 0 17.1 12.0 5.0 2.5 2 0 2 0 0
-669.9 -984.6 25.8 285 0 28.5 17.0 5.0 0.0 0 0 2 1 1
-671.4 -1015.4 26.0 287 0 11.8 11.2 5.0 2.5 2 0 2 4 4
-659.8 -1016.7 25.9 283 0 10.3 11.4 5.0 2.5 2 1 2 5 5
-673.0 -1049.8 26.0 99 0 9.6 10.4 5.0 2.5 2 0 2 3 3
-687.0 -1042.3 26.1 189 0 10.4 10.3 5.0 2.5 2 0 2 0 0
-620.6 -356.6 17.5 185 0 10.9 32.6 5.0 2.5 2 1 2 1 1
-747.1 -357.9 18.3 101 0 15.7 12.5 5.0 2.5 2 0 2 0 0
-665.1 -444.0 18.3 2 0 22.9 14.7 5.0 2.5 4 0 2 1 1
-671.3 -482.4 20.4 18 0 12.1 11.3 5.0 2.5 2 0 2 5 5
-674.7 -496.4 21.1 14 0 11.9 11.8 5.0 2.5 2 0 2 2 2
-659.7 -527.5 21.3 192 0 15.5 17.7 5.0 2.5 2 1 2 2 2
-626.7 -504.7 20.3 285 0 22.7 15.6 5.0 2.5 2 0 2 3 3
-653.9 -588.5 21.3 194 0 18.1 14.2 5.0 2.5 4 0 2 4 4
-581.1 -619.6 20.9 107 0 14.2 11.3 5.0 2.5 2 0 2 0 0
-585.2 -635.4 21.0 98 0 17.3 14.2 5.0 2.5 2 0 2 4 4
-598.1 -541.2 20.8 287 0 13.2 25.6 5.0 2.5 2 1 2 1 1
-563.1 -547.7 20.4 280 0 11.1 35.5 5.0 2.5 2 0 2 5 5
-536.0 -280.5 22.6 202 0 11.5 9.3 5.0 2.5 2 0 2 3 3
-503.9 -275.2 21.2 289 0 21.6 15.2 5.0 2.5 2 0 2 2 2
-537.6 -311.8 20.9 197 0 11.7 13.3 5.0 2.5 2 1 2 2 2
-543.3 -357.2 18.9 102 0 21.0 14.7 5.0 2.5 2 0 2 3 3
-523.5 -372.0 18.8 103 0 19.2 16.4 5.0 2.5 2 0 2 0 0
1584.4 -6064.8 -26.2 261 0 7.7 10.8 5.0 2.5 2 1 2 4 4
1565.2 -6068.9 -25.7 260 0 8.1 12.7 5.0 2.5 2 1 2 1 1
1520.2 -6075.8 -24.8 259 0 8.1 11.5 5.0 2.5 2 1 2 4 4
1493.9 -6076.5 -24.5 234 0 8.3 13.8 5.0 2.5 4 1 2 2 2
1468.7 -6083.2 -24.3 225 0 7.6 15.4 5.0 2.5 4 1 2 3 3
1465.4 -5467.1 -27.2 13 0 5.2 5.0 5.0 2.5 2 0 2 2 2
1474.2 -5448.5 -27.7 32 0 7.9 5.5 5.0 2.5 2 0 2 5 5
1469.5 -5418.4 -27.6 343 0 6.5 3.6 5.0 2.5 2 0 2 2 2
1465.4 -5420.1 -27.5 10 0 4.8 3.2 5.0 2.5 4 0 2 1 1
1459.7 -5412.7 -27.4 287 0 5.7 6.3 5.0 2.5 2 1 2 0 0
1441.0 -5424.9 -26.9 209 0 5.2 5.8 5.0 2.5 2 1 2 0 0
1434.2 -5426.9 -26.7 112 0 5.6 6.6 5.0 2.5 2 1 2 5 5
1439.4 -5416.5 -26.8 282 0 4.1 5.4 5.0 2.5 2 1 2 1 1
1208.6 -919.5 1.1 265 0 12.2 19.9 2.5 0.0 0 1 1 3 3
1200.5 -950.2 1.0 90 0 7.1 5.8 2.5 2.5 2 0 1 4 4
2079.4 -808.7 -2.3 275 0 9.8 17.4 5.0 2.5 2 1 2 3 3
2077.5 -781.4 -1.7 109 0 9.3 8.0 2.5 2.5 2 0 1 4 4
2095.8 -814.8 -2.6 295 0 11.3 14.6 5.0 2.5 2 1 2 0 0
2113.9 -787.3 -2.0 87 0 9.1 14.6 2.5 0.0 0 1 1 2 2
2111.6 -823.3 -2.9 301 0 10.6 17.1 5.0 2.5 2 1 2 2 2
2139.9 -776.3 -2.0 114 0 9.8 19.6 2.5 2.5 2 1 1 5 5
2182.4 -770.0 -2.1 80 0 12.8 16.7 2.5 2.5 2 1 1 3 3
2194.4 -765.1 -2.0 72 0 9.7 12.6 2.5 2.5 2 1 1 1 1
2206.7 -760.5 -2.0 73 0 8.8 22.8 2.5 2.5 4 1 1 4 4
2202.8 -827.6 -3.1 258 0 8.9 8.3 5.0 2.5 2 0 2 2 2
2210.1 -863.1 -3.1 78 0 10.2 19.6 5.0 2.5 4 1 2 5 5
2226.9 -831.1 -3.1 253 0 15.6 9.9 5.0 2.5 2 0 2 3 3
2212.8 -780.7 -2.4 259 0 10.6 8.7 5.0 2.5 4 0 2 1 1
2216.4 -790.9 -2.7 259 0 10.6 14.8 5.0 2.5 4 1 2 0 0
2244.8 -771.3 -2.4 260 0 8.9 16.8 5.0 2.5 2 1 2 1 1
2269.9 -762.9 -2.4 254 0 7.4 22.0 5.0 2.5 2 1 2 0 0
2285.9 -758.8 -3.4 249 0 9.5 22.1 5.0 2.5 2 1 2 3 3
2295.2 -754.3 -3.7 259 0 6.0 6.7 5.0 2.5 2 1 2 1 1
2238.4 -751.0 -1.8 71 0 8.3 13.4 2.5 2.5 2 1 1 5 5
2264.0 -741.5 -1.7 69 0 10.3 13.3 2.5 2.5 2 1 1 3 3
2276.4 -738.2 -2.4 74 0 8.4 16.2 2.5 2.5 2 1 1 0 0
2300.7 -728.2 -3.6 71 0 9.0 14.4 2.5 2.5 2 1 1 5 5
2319.1 -747.2 -4.1 254 0 8.0 17.8 5.0 0.0 0 1 2 2 2
2341.2 -740.3 -4.2 249 0 16.2 15.4 5.0 2.5 2 0 2 5 5
2254.5 -910.8 -2.5 74 0 18.4 10.0 5.0 0.0 0 0 2 2 2
2238.6 -889.0 -2.7 67 0 8.4 7.0 5.0 2.5 2 0 2 5 5
2248.9 -886.5 -2.8 69 0 8.5 9.3 5.0 2.5 2 1 2 0 0
2259.1 -834.8 -3.1 243 0 6.4 5.9 5.0 2.5 2 0 2 4 4
2284.9 -876.1 -2.8 68 0 13.1 10.1 5.0 2.5 4 0 2 4 4
2291.1 -900.6 -2.4 62 0 10.4 10.3 5.0 2.5 2 0 2 2 2
2294.3 -921.5 -2.0 87 0 9.9 10.4 5.0 2.5 2 1 2 2 2
2307.2 -919.2 -2.0 97 0 10.9 9.9 5.0 2.5 2 0 2 1 1
2161.0 -803.1 -2.7 257 0 3.8 5.3 5.0 2.5 2 1 2 5 5
