-2424.7 4264.7 -37.9 168 0 9.7 9.8 2.5 2.5 2 1 1 3 3
-2284.5 5084.5 -38.9 343 0 7.7 15.1 2.5 2.5 2 1 1 2 2
-1883.7 4899.2 -31.3 170 0 7.2 8.9 5.0 2.5 2 1 2 3 3
-2070.4 4165.4 -32.4 172 0 6.3 7.4 5.0 2.5 2 1 2 5 5
-2152.6 4532.5 -36.7 166 0 13.4 10.8 5.0 2.5 2 0 2 5 5
-1825.0 4426.8 -31.1 351 0 8.3 13.4 5.0 2.5 2 1 2 0 0
-2331.8 4759.0 -38.9 1 0 7.8 9.1 5.0 0.0 0 1 2 0 0
-2579.1 4918.7 -42.0 336 0 7.9 7.1 2.5 2.5 2 0 1 1 1
-2374.5 4047.6 -38.3 163 0 5.3 8.9 5.0 2.5 2 1 2 1 1
-1793.1 4258.5 -28.7 348 0 14.1 12.2 5.0 2.5 2 0 2 4 4
-2122.4 4256.7 -31.5 355 0 8.9 10.4 5.0 2.5 2 1 2 5 5
-2365.6 4380.5 -38.1 269 0 7.2 9.5 2.5 2.5 2 1 1 0 0
-2387.1 4385.8 -38.6 260 0 6.4 9.0 2.5 0.0 0 1 1 1 1
-2382.2 4453.8 -39.2 350 0 10.8 28.4 5.0 2.5 2 1 2 5 5
-1933.1 4416.9 -32.2 348 0 12.3 14.4 5.0 2.5 2 1 2 1 1
-2559.5 4231.8 -41.6 261 0 6.3 7.8 5.0 2.5 2 1 2 3 3
-2604.6 4622.4 -41.5 180 0 5.9 7.2 5.0 2.5 2 1 2 4 4
-1890.2 4589.9 -33.3 259 0 11.3 15.9 5.0 2.5 2 1 2 2 2
-1786.5 4429.9 -30.8 175 0 9.7 6.8 5.0 0.0 0 0 2 3 3
-2537.5 4884.7 -40.9 267 0 7.1 7.9 2.5 2.5 4 1 1 4 4
-1845.8 4695.3 -32.6 171 0 12.6 8.9 5.0 2.5 2 0 2 4 4
-1899.2 4786.1 -32.4 345 0 7.6 8.8 5.0 2.5 2 1 2 3 3
-2445.9 4256.3 -38.4 343 0 8.2 9.2 5.0 2.5 2 1 2 1 1
-2215.0 4839.5 -35.0 173 0 5.0 5.7 2.5 2.5 2 1 1 1 1
-2460.2 4895.7 -40.1 0 0 9.0 11.5 2.5 2.5 2 1 1 5 5
-2626.5 4625.8 -42.6 354 0 6.1 5.6 5.0 2.5 2 0 2 2 2
-2529.2 4346.2 -39.9 271 0 6.5 7.0 5.0 2.5 2 1 2 2 2
-2432.9 4348.9 -38.0 162 0 9.0 9.0 2.5 2.5 2 0 1 4 4
-2067.8 4540.0 -34.7 355 0 19.6 8.1 5.0 2.5 2 0 2 5 5
-2535.3 4464.1 -39.6 264 0 11.9 16.6 2.5 2.5 2 1 1 2 2
-2311.4 4587.0 -40.1 168 0 14.5 8.6 5.0 2.5 4 0 2 3 3
-2232.3 4560.9 -39.4 79 0 9.3 12.3 5.0 2.5 2 1 2 5 5
-2223.5 4387.4 -35.0 162 0 11.1 10.6 5.0 2.5 2 0 2 2 2
-2521.6 4197.7 -41.4 176 0 7.3 7.3 5.0 2.5 2 1 2 0 0
-1980.5 4095.1 -34.7 262 0 6.9 7.8 2.5 2.5 2 1 1 4 4
-1984.8 4145.2 -32.7 349 0 7.9 8.7 5.0 2.5 2 1 2 0 0
-2218.9 4790.6 -36.0 356 0 9.3 14.8 5.0 2.5 2 1 2 4 4
-2496.6 4542.9 -39.6 355 0 7.1 10.1 5.0 2.5 2 1 2 4 4
-2176.8 4659.6 -36.6 163 0 8.5 8.5 2.5 2.5 2 0 1 3 3
-2365.7 4635.9 -40.1 349 0 7.8 18.4 2.5 2.5 2 1 1 1 1
-1910.3 4471.7 -32.8 165 0 8.1 9.2 5.0 0.0 0 1 2 2 2
-2473.6 5046.1 -40.9 171 0 7.6 9.1 2.5 2.5 2 1 1 0 0
-1971.1 4589.8 -33.8 86 0 4.2 8.1 5.0 2.5 2 1 2 2 2
-1951.8 4504.6 -33.1 347 0 7.5 10.9 5.0 2.5 2 1 2 4 4
-1975.3 4188.9 -32.0 165 0 6.7 16.9 2.5 2.5 2 1 1 0 0
-2585.0 4447.7 -41.0 353 0 7.9 5.7 5.0 2.5 2 0 2 0 0
-2120.1 4415.4 -33.5 167 0 7.5 11.4 5.0 0.0 0 1 2 5 5
-2559.2 4399.2 -40.3 165 0 7.9 14.0 2.5 2.5 4 1 1 4 4
-1857.4 4570.9 -33.3 356 0 7.2 7.3 5.0 2.5 4 1 2 2 2
-2609.0 4491.7 -42.4 345 0 9.9 7.2 5.0 2.5 2 0 2 0 0
-2181.1 4576.5 -38.3 352 0 11.3 13.2 5.0 2.5 2 1 2 2 2
-2614.8 4540.5 -43.0 353 0 7.8 13.1 5.0 2.5 2 1 2 0 0
-2370.1 4456.8 -39.3 350 0 10.3 9.1 5.0 2.5 4 0 2 1 1
-2400.0 4409.5 -38.7 79 0 10.5 9.3 5.0 2.5 2 0 2 3 3
-1823.3 4816.1 -31.8 162 0 6.4 5.3 5.0 2.5 2 0 2 5 5
-1799.2 4271.2 -28.6 354 0 6.8 7.2 5.0 2.5 2 1 2 4 4
-1872.3 4834.9 -32.0 171 0 7.6 8.0 5.0 2.5 4 1 2 3 3
-2264.6 4979.0 -38.0 358 0 7.8 10.2 5.0 2.5 2 1 2 5 5
-2043.3 4545.8 -34.1 175 0 8.9 5.2 5.0 2.5 2 0 2 2 2
-2099.8 4261.8 -31.8 180 0 5.0 8.2 5.0 2.5 2 1 2 5 5
-2527.0 4285.2 -40.1 171 0 7.6 7.7 5.0 2.5 2 1 2 3 3
-2013.0 4441.1 -31.8 169 0 7.1 7.7 5.0 2.5 2 1 2 3 3
-2317.7 4612.5 -39.9 167 0 9.5 12.4 5.0 2.5 2 1 2 3 3
-2486.0 4494.8 -39.2 355 0 7.1 11.2 5.0 2.5 2 1 2 3 3
-2552.3 4765.1 -41.3 351 0 6.9 6.1 5.0 2.5 2 0 2 4 4
-1831.3 4439.3 -31.4 346 0 10.4 5.9 5.0 2.5 2 0 2 1 1
-2132.0 4305.3 -32.3 347 0 7.6 11.1 5.0 0.0 0 1 2 5 5
-2333.5 4375.9 -37.3 170 0 10.9 10.0 5.0 2.5 2 0 2 1 1
-2582.6 4547.2 -40.6 169 0 9.5 8.6 5.0 0.0 0 0 2 3 3
-2144.7 4486.4 -35.8 168 0 7.3 7.4 5.0 2.5 2 1 2 1 1
-2160.8 4632.0 -36.6 163 0 6.9 8.8 2.5 0.0 0 1 1 1 1
-2360.2 4625.1 -40.2 352 0 8.5 13.8 2.5 2.5 2 1 1 4 4
-1885.8 4366.1 -30.9 169 0 11.2 7.9 5.0 2.5 2 0 2 3 3
-2012.7 4973.9 -33.1 158 0 7.3 9.2 5.0 2.5 2 1 2 2 2
-2539.4 4182.4 -42.3 349 0 7.9 7.1 5.0 2.5 2 0 2 3 3
-2236.4 4496.3 -38.2 172 0 9.1 10.4 5.0 0.0 0 1 2 1 1
-2395.4 4950.7 -39.4 169 0 8.2 7.0 5.0 2.5 2 0 2 2 2
-2288.9 4556.1 -40.1 352 0 11.3 10.6 5.0 0.0 0 0 2 5 5
-1957.2 4561.6 -33.6 358 0 11.6 7.5 5.0 0.0 0 0 2 1 1
-2008.6 4240.3 -32.3 352 0 6.3 7.3 5.0 2.5 2 1 2 1 1
-2385.8 4095.0 -37.7 175 0 6.8 5.3 5.0 2.5 2 0 2 0 0
-1772.4 4328.6 -29.1 172 0 9.0 8.3 5.0 2.5 2 0 2 0 0
-2104.1 4318.7 -32.2 168 0 11.1 10.7 5.0 2.5 2 0 2 5 5
-2518.2 4459.0 -39.2 256 0 11.3 12.9 2.5 2.5 2 1 1 0 0
-2659.1 4422.2 -43.9 262 0 5.7 16.1 5.0 0.0 0 1 2 1 1
-2204.4 4509.6 -38.1 260 0 14.0 9.7 5.0 2.5 4 0 2 5 5
-2448.4 4442.4 -39.0 171 0 9.3 32.7 5.0 2.5 2 1 2 3 3
-1864.0 4617.3 -33.3 71 0 6.8 13.4 5.0 2.5 2 1 2 5 5
-1895.2 4948.7 -31.2 176 0 7.6 12.3 5.0 2.5 2 1 2 3 3
-2100.0 4696.3 -35.2 353 0 7.2 9.6 2.5 2.5 2 1 1 1 1
-2550.3 4932.1 -41.5 173 0 7.7 6.5 2.5 2.5 2 0 1 0 0
-2370.7 4034.6 -38.4 169 0 6.5 8.6 5.0 2.5 2 1 2 1 1
-2143.0 4363.3 -33.0 346 0 9.1 10.5 5.0 2.5 2 1 2 5 5
-2347.2 4334.0 -37.3 348 0 10.0 11.0 2.5 2.5 2 1 1 3 3
-1828.8 4588.1 -33.2 169 0 13.6 9.5 5.0 2.5 2 0 2 3 3
-2165.2 4523.4 -37.6 347 0 9.9 11.7 5.0 2.5 2 1 2 5 5
-2373.2 4469.9 -39.5 352 0 10.7 9.1 5.0 2.5 2 0 2 4 4
-1876.4 4307.2 -30.7 164 0 9.7 8.8 5.0 0.0 0 0 2 3 3
-2529.1 4143.7 -42.8 349 0 7.7 8.7 5.0 2.5 2 1 2 4 4
-2319.8 4858.3 -38.3 174 0 10.0 10.4 5.0 2.5 2 1 2 1 1
-2149.5 4406.7 -34.1 348 0 10.5 10.3 5.0 0.0 0 0 2 3 3
-2523.3 4774.4 -40.4 165 0 9.0 13.5 2.5 2.5 2 1 1 4 4
-2048.8 4593.3 -34.4 180 0 12.8 9.1 5.0 2.5 2 0 2 3 3
-1841.4 4636.9 -33.2 170 0 11.6 7.2 5.0 2.5 2 0 2 4 4
-1983.5 4286.3 -32.3 171 0 9.6 7.3 2.5 2.5 2 0 1 3 3
-2101.2 4150.8 -33.0 1 0 8.6 9.3 2.5 2.5 4 1 1 3 3
-2332.5 4480.2 -39.3 26 0 7.2 8.3 5.0 2.5 2 1 2 2 2
-2444.5 4247.1 -38.6 338 0 8.0 17.8 5.0 0.0 0 1 2 1 1
-2461.3 4835.0 -39.1 354 0 9.2 7.8 2.5 2.5 2 0 1 1 1
-1820.9 4358.5 -29.8 77 0 10.4 12.4 5.0 2.5 2 1 2 3 3
-2463.9 4340.2 -38.7 349 0 8.0 10.6 5.0 2.5 2 1 2 4 4
-2338.3 4348.8 -37.1 173 0 7.0 13.9 5.0 2.5 2 1 2 0 0
-2207.1 4294.3 -34.1 164 0 17.3 13.9 5.0 2.5 2 0 2 4 4
-2265.3 4929.0 -37.7 263 0 7.9 7.9 5.0 2.5 2 1 2 3 3
-2213.1 4344.1 -34.3 163 0 8.7 11.1 5.0 2.5 4 1 2 5 5
-2521.1 4236.3 -40.4 164 0 7.9 7.0 5.0 2.5 2 0 2 1 1
-1949.2 4099.4 -33.5 253 0 8.4 8.4 5.0 2.5 2 0 2 5 5
-2059.3 4114.3 -35.0 172 0 6.0 7.6 5.0 2.5 2 1 2 4 4
-2216.7 4727.2 -37.0 346 0 10.2 9.8 5.0 2.5 2 0 2 2 2
-2503.4 4510.9 -39.4 357 0 3.6 4.6 5.0 2.5 2 1 2 3 3
-2400.8 4632.4 -40.4 259 0 28.2 7.8 2.5 0.0 0 0 1 4 4
-1899.0 4412.2 -31.8 172 0 8.9 13.5 5.0 0.0 0 1 2 4 4
-2298.8 4762.4 -38.7 171 0 8.3 10.7 5.0 2.5 2 1 2 2 2
-2308.4 4816.8 -38.0 174 0 8.2 5.8 5.0 2.5 2 0 2 0 0
-2363.6 4046.5 -38.0 164 0 10.1 3.9 5.0 2.5 2 0 2 0 0
-1742.5 4179.5 -28.8 164 0 9.4 10.6 5.0 0.0 0 1 2 4 4
-2092.4 4102.1 -34.6 354 0 8.2 9.9 2.5 2.5 2 1 1 3 3
-1979.5 4599.3 -34.0 89 0 7.4 12.0 5.0 2.5 2 1 2 5 5
-2425.5 4300.1 -37.9 170 0 7.0 13.6 2.5 0.0 0 1 1 2 2
-2186.7 4790.4 -35.0 260 0 8.7 6.7 2.5 2.5 2 0 1 0 0
-1948.6 4466.9 -32.6 355 0 9.1 8.9 5.0 2.5 2 0 2 4 4
-2117.9 4382.6 -32.9 168 0 7.8 11.4 5.0 2.5 2 1 2 3 3
-2594.5 4425.9 -41.7 357 0 12.0 7.8 5.0 2.5 4 0 2 5 5
-2604.4 4584.8 -41.3 171 0 22.2 13.1 5.0 2.5 4 0 2 0 0
-2405.9 4747.6 -38.1 158 0 8.4 9.6 5.0 2.5 4 1 2 1 1
-2499.3 4464.4 -38.9 256 0 7.7 23.4 2.5 2.5 2 1 1 5 5
-1855.7 4744.2 -32.1 167 0 8.3 10.8 5.0 2.5 2 1 2 5 5
-1865.9 4791.4 -32.2 168 0 7.1 10.2 5.0 2.5 2 1 2 4 4
-1807.6 4323.0 -29.0 342 0 9.3 7.8 5.0 2.5 2 0 2 2 2
-2230.0 4984.8 -37.6 169 0 9.8 13.0 2.5 2.5 2 1 1 3 3
-2052.2 4558.4 -34.3 164 0 6.1 5.8 5.0 2.5 2 0 2 4 4
-2362.4 4903.0 -39.2 355 0 8.5 12.5 5.0 2.5 2 1 2 0 0
-2089.1 4263.0 -32.1 167 0 8.4 10.3 5.0 2.5 2 1 2 4 4
-2539.4 4332.2 -40.2 174 0 7.8 6.4 5.0 2.5 2 0 2 4 4
-2348.6 4477.0 -39.4 201 0 6.8 12.7 5.0 2.5 2 1 2 0 0
-1800.9 4633.4 -33.2 71 0 9.6 11.5 5.0 2.5 4 1 2 1 1
-2559.6 4480.7 -40.5 74 0 14.3 22.1 5.0 2.5 2 1 2 3 3
-1804.3 4483.5 -32.1 170 0 5.6 9.9 5.0 2.5 4 1 2 5 5
-2221.8 4436.5 -36.3 77 0 15.3 6.9 5.0 2.5 4 0 2 5 5
-1996.8 4179.7 -32.1 351 0 7.5 15.5 5.0 2.5 2 1 2 5 5
-2473.5 4500.1 -39.4 181 0 6.7 8.5 2.5 2.5 2 1 1 5 5
-2002.5 4228.9 -32.3 355 0 6.4 5.5 5.0 2.5 2 0 2 0 0
-2161.3 4619.1 -36.7 171 0 8.3 11.1 2.5 2.5 2 1 1 5 5
-2387.4 4617.3 -40.5 351 0 9.3 19.7 2.5 2.5 2 1 1 5 5
-1923.2 4365.1 -31.7 348 0 11.1 8.8 5.0 2.5 2 0 2 4 4
-1999.9 4874.3 -33.0 170 0 7.7 14.0 5.0 0.0 0 1 2 4 4
-2259.0 4562.8 -39.6 177 0 10.0 8.8 5.0 2.5 2 0 2 2 2
-2463.2 4999.3 -40.6 173 0 8.1 10.5 2.5 2.5 2 1 1 4 4
-1962.6 4608.6 -33.9 357 0 11.5 7.8 5.0 0.0 0 0 2 0 0
-1748.4 4230.9 -28.3 162 0 8.1 5.9 5.0 2.5 2 0 2 2 2
-1761.8 4279.8 -27.6 172 0 7.9 7.3 5.0 2.5 2 0 2 4 4
-2029.2 4335.4 -32.9 348 0 9.3 8.7 5.0 2.5 2 0 2 0 0
-2573.6 4448.3 -40.3 166 0 10.4 9.6 2.5 2.5 2 0 1 3 3
-2483.4 4459.2 -38.7 342 0 12.8 7.3 2.5 2.5 2 0 1 3 3
-2208.4 4564.9 -38.9 83 0 8.0 12.6 5.0 2.5 4 1 2 4 4
-2205.0 4838.1 -35.0 173 0 9.1 11.6 2.5 2.5 4 1 1 3 3
-2610.6 4528.1 -42.4 3 0 5.1 6.2 5.0 2.5 2 1 2 4 4
-2382.6 4413.0 -38.9 78 0 9.5 7.9 5.0 2.5 2 0 2 5 5
-1925.3 4522.5 -33.2 165 0 10.9 12.8 5.0 2.5 2 1 2 2 2
-2320.9 4706.9 -39.3 352 0 7.2 7.7 5.0 2.5 2 1 2 3 3
-1868.1 4248.8 -30.4 167 0 5.0 6.1 5.0 2.5 2 1 2 2 2
-2274.2 5039.9 -38.6 341 0 9.2 9.5 2.5 2.5 2 1 1 2 2
-1873.3 4842.1 -31.9 157 0 3.7 3.1 5.0 0.0 0 0 2 2 2
-2079.2 4216.4 -31.8 179 0 7.1 4.5 5.0 0.0 0 0 2 1 1
-2091.6 4645.5 -35.3 355 0 7.6 7.1 2.5 2.5 2 0 1 0 0
-2490.6 4504.2 -39.3 359 0 8.0 12.7 5.0 2.5 2 1 2 5 5
-2328.0 4234.1 -36.2 341 0 6.8 8.6 2.5 2.5 4 1 1 4 4
-1812.2 4530.7 -33.1 164 0 7.5 11.8 5.0 2.5 2 1 2 5 5
-1836.6 4479.3 -32.3 342 0 7.3 11.5 5.0 2.5 2 1 2 2 2
-2346.0 4461.8 -39.0 201 0 13.0 12.7 5.0 2.5 2 0 2 5 5
-2154.9 4570.7 -36.8 173 0 11.8 10.1 2.5 2.5 2 0 1 4 4
-2128.7 4469.2 -35.0 176 0 12.3 6.9 5.0 2.5 2 0 2 2 2
-1944.4 4610.4 -33.7 168 0 10.8 7.5 5.0 2.5 2 0 2 0 0
-2260.7 4511.9 -39.0 171 0 8.4 20.4 5.0 2.5 2 1 2 5 5
-2592.1 4964.0 -42.9 357 0 7.9 14.9 2.5 2.5 4 1 1 3 3
-2019.3 4279.1 -32.6 352 0 14.3 6.0 5.0 2.5 2 0 2 4 4
-2051.1 4474.0 -32.9 349 0 8.6 12.4 5.0 2.5 2 1 2 1 1
-2416.3 4825.1 -39.2 173 0 9.5 11.0 5.0 2.5 2 1 2 4 4
-1789.6 4383.4 -29.9 171 0 8.7 5.2 5.0 2.5 2 0 2 0 0
-2177.6 4507.6 -37.8 354 0 9.3 14.8 5.0 2.5 2 1 2 5 5
-2626.9 4588.8 -43.0 347 0 6.8 7.7 5.0 2.5 2 1 2 2 2
-2197.6 4655.5 -37.4 349 0 9.5 9.0 5.0 2.5 2 0 2 5 5
-2442.7 4406.2 -38.5 172 0 6.7 8.5 5.0 2.5 2 1 2 4 4
-1807.3 4495.5 -32.4 167 0 7.0 10.3 5.0 2.5 2 1 2 0 0
-2035.7 4546.8 -34.1 177 0 7.6 7.9 5.0 2.5 2 1 2 2 2
-2460.9 4289.4 -38.8 347 0 7.1 11.2 5.0 2.5 2 1 2 3 3
-2425.4 4246.3 -37.8 172 0 10.2 19.1 2.5 2.5 2 1 1 0 0
-967.0 3560.9 -1.6 73 0 24.4 24.1 7.5 2.5 2 0 3 1 1
-2411.5 4091.4 -39.2 355 0 9.0 13.1 5.0 0.0 0 1 2 4 4
-2406.1 4037.4 -39.9 352 0 11.0 12.6 5.0 2.5 2 1 2 0 0
-2618.8 4574.4 -42.6 343 0 8.4 7.6 5.0 2.5 4 0 2 2 2
-5053.0 -1519.7 -71.0 270 0 7.7 12.8 5.0 2.5 2 1 2 2 2
-5028.7 -1522.1 -71.5 270 0 7.1 9.6 5.0 2.5 2 1 2 1 1
-4995.1 -1524.1 -72.9 273 0 7.4 12.3 5.0 2.5 2 1 2 4 4
-4968.8 -1516.0 -72.8 270 0 12.0 9.9 5.0 2.5 2 0 2 2 2
-4970.8 -1527.0 -73.6 274 0 8.0 12.8 5.0 2.5 2 1 2 2 2
-4943.2 -1529.6 -73.6 272 0 7.4 9.7 5.0 0.0 0 1 2 2 2
-4921.1 -1531.5 -73.4 274 0 7.6 11.7 5.0 2.5 2 1 2 0 0
-4896.9 -1532.7 -72.8 273 0 8.1 12.1 5.0 2.5 4 1 2 5 5
-4872.5 -1534.9 -71.4 273 0 6.8 9.6 5.0 0.0 0 1 2 0 0
-4848.6 -1535.9 -68.8 273 0 7.1 9.4 5.0 0.0 0 1 2 4 4
-5850.1 -1416.1 -81.9 281 0 8.3 7.1 5.0 2.5 2 0 2 1 1
-5817.4 -1423.2 -82.3 282 0 6.1 8.4 5.0 2.5 2 1 2 4 4
-5809.7 -1425.2 -82.4 282 0 8.0 9.7 5.0 2.5 2 1 2 5 5
-5759.9 -1427.3 -82.4 274 0 7.5 7.2 5.0 2.5 2 0 2 1 1
-5761.2 -1435.0 -82.6 276 0 7.1 4.7 5.0 2.5 2 0 2 5 5
-5762.3 -1440.2 -82.8 275 0 7.7 4.8 5.0 0.0 0 0 2 3 3
-5736.0 -1436.9 -82.8 274 0 7.5 7.9 5.0 2.5 4 1 2 2 2
-5588.8 -1462.8 -81.5 277 0 6.9 7.1 5.0 2.5 2 1 2 1 1
-5587.4 -1453.7 -81.3 278 0 7.4 7.3 5.0 0.0 0 0 2 2 2
-5541.2 -1423.9 -80.3 93 0 9.1 6.6 5.0 2.5 2 0 2 5 5
-5557.2 -1460.1 -80.7 279 0 7.3 11.4 5.0 2.5 2 1 2 1 1
-5508.1 -1469.9 -80.1 279 0 7.3 8.6 5.0 2.5 2 1 2 3 3
-5484.0 -1473.7 -79.8 274 0 7.2 8.6 5.0 2.5 2 1 2 1 1
-5374.0 -1451.7 -78.3 91 0 7.0 7.8 5.0 2.5 2 1 2 4 4
-5266.3 -1472.4 -79.1 93 0 9.8 14.3 5.0 2.5 4 1 2 0 0
-5398.0 -1490.0 -78.7 276 0 6.3 3.5 5.0 2.5 2 0 2 2 2
-5400.0 -1493.9 -78.8 280 0 6.9 5.9 5.0 0.0 0 0 2 0 0
-5373.6 -1490.6 -78.3 271 0 6.9 6.3 5.0 2.5 2 0 2 1 1
-5375.1 -1497.7 -78.5 271 0 11.1 7.5 5.0 2.5 2 0 2 4 4
-5340.9 -1489.2 -77.9 270 0 7.1 5.3 5.0 2.5 2 0 2 1 1
-5341.5 -1495.0 -78.1 274 0 8.0 9.0 5.0 2.5 2 1 2 3 3
-5315.2 -1499.2 -78.2 278 0 9.4 11.4 5.0 2.5 2 1 2 3 3
-5292.5 -1504.1 -78.4 277 0 6.2 9.3 5.0 2.5 2 1 2 3 3
-5253.1 -1524.4 -78.9 13 0 12.3 17.7 5.0 2.5 2 1 2 1 1
-5919.9 -914.4 -82.6 183 0 6.4 7.3 2.5 2.5 4 1 1 5 5
-5596.7 3453.3 -72.2 109 0 6.6 10.8 2.5 2.5 2 1 1 3 3
-5666.4 3363.0 -73.3 258 0 9.6 11.5 2.5 2.5 2 1 1 5 5
-6314.7 2965.0 -78.6 228 0 13.7 11.5 5.0 2.5 2 0 2 5 5
-6308.6 2983.8 -78.4 229 0 8.6 14.0 5.0 2.5 2 1 2 1 1
-6042.1 3482.9 -76.5 203 0 26.8 29.2 5.0 0.0 0 1 2 1 1
-6011.2 3457.9 -76.0 114 0 8.8 11.9 5.0 2.5 2 1 2 4 4
-6043.7 3303.6 -73.8 139 0 8.0 7.6 5.0 2.5 2 0 2 5 5
-6076.4 3309.9 -74.4 321 0 11.3 14.0 2.5 2.5 2 1 1 2 2
-6072.6 3298.1 -73.9 315 0 7.1 10.3 2.5 2.5 2 1 1 0 0
-6213.0 3384.0 -76.2 220 0 6.8 7.0 2.5 2.5 2 1 1 5 5
-6248.5 3387.1 -76.8 40 0 7.3 11.3 5.0 2.5 2 1 2 2 2
-6255.5 3382.0 -76.9 40 0 4.9 8.1 5.0 2.5 2 1 2 0 0
-6274.0 3391.9 -77.1 130 0 14.7 8.8 5.0 2.5 2 0 2 0 0
-6278.5 3379.5 -77.2 130 0 8.7 11.0 5.0 2.5 2 1 2 1 1
-6217.7 3441.5 -76.3 310 0 11.4 10.9 5.0 2.5 2 0 2 3 3
-6234.0 3425.2 -76.5 40 0 10.1 10.4 5.0 2.5 2 1 2 3 3
-6690.4 3312.1 -80.4 130 0 11.2 10.4 5.0 2.5 2 0 2 3 3
-6698.2 3378.0 -80.7 40 0 7.2 8.7 5.0 2.5 2 1 2 2 2
-6688.6 3381.1 -80.7 40 0 6.7 13.3 5.0 2.5 2 1 2 3 3
-6650.8 3426.9 -81.8 40 0 6.5 8.5 5.0 2.5 2 1 2 5 5
-6634.5 3441.3 -82.0 40 0 8.4 10.1 5.0 2.5 2 1 2 4 4
-6623.6 3459.9 -82.5 40 0 9.9 17.8 5.0 2.5 2 1 2 1 1
-6349.4 3295.1 -76.5 130 0 21.5 10.5 2.5 2.5 2 0 1 3 3
-6328.0 3311.5 -76.7 40 0 9.7 14.9 2.5 2.5 2 1 1 5 5
-6327.8 3323.2 -76.8 40 0 6.5 6.4 2.5 2.5 2 0 1 5 5
-6287.2 3365.3 -77.4 310 0 11.2 9.7 2.5 2.5 2 0 1 3 3
-6304.1 3338.4 -77.1 40 0 8.3 12.1 2.5 2.5 2 1 1 3 3
-6406.1 3475.0 -78.4 310 0 9.7 16.9 2.5 2.5 2 1 1 2 2
-6374.4 3437.2 -78.1 310 0 8.9 12.1 2.5 2.5 2 1 1 1 1
-6386.6 3347.1 -77.1 130 0 7.5 7.7 2.5 2.5 2 1 1 4 4
-6422.0 3369.7 -77.0 130 0 6.7 11.7 2.5 2.5 2 1 1 3 3
-6464.9 3414.2 -76.9 130 0 4.5 11.7 2.5 2.5 2 1 1 0 0
-6498.3 3446.7 -78.2 130 0 10.9 8.4 2.5 2.5 2 0 1 2 2
-6504.5 3417.9 -78.0 310 0 8.6 11.4 5.0 2.5 2 1 2 3 3
-6519.3 3425.9 -78.4 310 0 7.5 18.7 5.0 2.5 2 1 2 3 3
-6557.0 3455.8 -79.8 310 0 8.4 7.0 5.0 2.5 2 0 2 5 5
-6572.2 3450.9 -80.1 220 0 9.1 12.5 5.0 2.5 4 1 2 2 2
-6636.7 3372.5 -80.6 310 0 7.8 17.2 5.0 2.5 2 1 2 4 4
-6598.2 3336.2 -79.9 310 0 8.3 10.4 5.0 0.0 0 1 2 5 5
-6545.8 3324.3 -79.1 130 0 10.9 21.4 5.0 2.5 2 1 2 0 0
-6528.5 3272.4 -78.6 310 0 7.3 8.7 5.0 2.5 4 1 2 0 0
-6500.7 3300.7 -78.1 130 0 8.5 7.4 5.0 2.5 2 0 2 4 4
-6449.5 3354.2 -76.8 310 0 7.0 8.9 5.0 2.5 2 1 2 5 5
-6414.0 3321.0 -76.7 310 0 9.1 6.7 5.0 2.5 2 0 2 2 2
-6358.2 3285.3 -76.2 310 0 15.2 9.8 5.0 2.5 2 0 2 3 3
-6383.6 3241.3 -76.4 40 0 10.8 11.4 5.0 2.5 2 1 2 4 4
-6396.4 3233.1 -76.6 40 0 16.2 19.8 5.0 2.5 2 1 2 5 5
-6428.0 3217.5 -76.9 130 0 13.4 14.0 5.0 2.5 4 1 2 2 2
-6489.6 3242.4 -77.9 310 0 5.8 11.3 5.0 2.5 2 1 2 2 2
-6476.6 3238.4 -77.7 310 0 14.5 16.6 5.0 0.0 0 1 2 2 2
-6427.3 3196.8 -76.8 310 0 7.0 11.8 5.0 2.5 2 1 2 2 2
-6447.8 3201.0 -77.1 310 0 18.5 8.4 5.0 2.5 2 0 2 0 0
-6448.0 3175.8 -76.9 40 0 8.9 16.0 5.0 2.5 2 1 2 2 2
-6494.0 3138.9 -77.3 130 0 15.3 7.2 5.0 2.5 2 0 2 5 5
-6516.2 3119.2 -77.9 310 0 14.6 9.1 2.5 2.5 2 0 1 4 4
-6561.6 3160.9 -78.2 310 0 7.2 12.1 2.5 2.5 2 1 1 3 3
-6596.8 3196.1 -78.8 310 0 8.1 8.1 2.5 2.5 2 0 1 3 3
-6672.9 3260.1 -79.9 310 0 6.9 11.7 2.5 2.5 2 1 1 5 5
-6739.6 3329.5 -80.9 40 0 10.1 8.1 5.0 2.5 2 0 2 5 5
-6773.8 3292.9 -81.0 40 0 7.9 12.8 5.0 0.0 0 1 2 1 1
-6779.3 3113.1 -79.7 40 0 11.0 9.8 7.5 2.5 2 0 3 5 5
-6651.2 3131.8 -79.2 130 0 18.6 8.0 2.5 2.5 2 0 1 5 5
-6675.3 3158.4 -78.4 130 0 7.9 7.2 2.5 2.5 2 0 1 4 4
-6750.8 3224.5 -79.8 130 0 11.2 13.3 2.5 2.5 2 1 1 1 1
-6744.7 3177.5 -78.5 310 0 9.1 7.6 5.0 2.5 2 0 2 4 4
-6699.7 3137.6 -78.6 310 0 12.6 10.4 5.0 2.5 2 0 2 2 2
-6667.1 3116.7 -79.4 310 0 9.7 12.2 5.0 0.0 0 1 2 5 5
-6662.1 3108.3 -79.6 310 0 6.8 9.9 5.0 2.5 4 1 2 5 5
-6193.6 3425.4 -75.6 220 0 7.5 9.1 2.5 2.5 2 1 1 1 1
-6244.7 3346.5 -77.0 130 0 23.6 18.1 2.5 2.5 2 0 1 2 2
-6229.1 3332.4 -76.6 130 0 8.2 7.9 2.5 2.5 2 0 1 4 4
-6181.2 3399.7 -75.8 310 0 7.7 8.7 2.5 2.5 2 1 1 0 0
-6107.6 3332.7 -74.9 310 0 7.1 9.0 2.5 2.5 2 1 1 5 5
-6149.9 3359.8 -75.5 310 0 10.6 8.8 2.5 2.5 2 0 1 0 0
-6140.2 3368.3 -75.5 310 0 11.6 11.1 2.5 2.5 2 0 1 0 0
-6216.7 3288.5 -75.6 310 0 11.2 14.1 5.0 2.5 2 1 2 0 0
-6183.0 3255.2 -74.5 310 0 12.9 13.3 5.0 0.0 0 1 2 3 3
-6225.7 3198.7 -73.8 130 0 7.8 11.7 5.0 2.5 2 1 2 0 0
-6319.2 3276.5 -75.9 220 0 8.4 16.1 5.0 2.5 2 1 2 4 4
-6323.9 3237.9 -75.9 310 0 16.8 11.3 5.0 2.5 2 0 2 0 0
-6289.2 3205.9 -75.3 310 0 10.0 10.8 5.0 2.5 2 1 2 5 5
-6264.3 3086.5 -77.6 130 0 8.0 15.8 5.0 2.5 2 1 2 3 3
-6342.1 3151.6 -76.5 130 0 8.2 15.1 5.0 2.5 2 1 2 2 2
-6376.5 3189.4 -76.3 130 0 7.3 8.3 5.0 2.5 2 1 2 1 1
-6390.8 3186.1 -76.4 130 0 13.9 11.5 5.0 2.5 4 0 2 5 5
-6415.3 3175.9 -76.7 220 0 13.8 8.3 2.5 2.5 2 0 1 2 2
-6401.1 3171.9 -76.6 310 0 6.6 7.7 2.5 2.5 2 1 1 2 2
-6326.3 3095.5 -77.2 310 0 9.8 9.4 2.5 2.5 2 0 1 1 1
-6337.2 3011.2 -78.0 130 0 7.4 11.2 2.5 2.5 2 1 1 0 0
-6373.2 3030.4 -77.9 130 0 8.8 11.2 2.5 2.5 4 1 1 0 0
-6376.0 3043.2 -77.8 130 0 8.1 11.3 2.5 2.5 4 1 1 4 4
-6412.3 3075.1 -77.6 130 0 9.4 10.6 2.5 2.5 4 1 1 0 0
-6445.9 3134.6 -77.1 220 0 10.8 17.7 2.5 2.5 2 1 1 0 0
-6488.8 3097.8 -77.7 220 0 11.9 13.2 5.0 2.5 4 1 2 4 4
-6495.8 3087.9 -77.9 220 0 8.5 13.7 5.0 2.5 2 1 2 5 5
-6442.1 3064.9 -77.7 310 0 9.4 10.1 5.0 2.5 4 1 2 1 1
-6435.7 3050.2 -77.8 310 0 11.4 7.9 5.0 2.5 2 0 2 4 4
-6423.8 3048.8 -77.8 310 0 7.8 10.7 5.0 2.5 2 1 2 5 5
-6398.4 3018.7 -78.0 310 0 10.5 10.8 5.0 2.5 2 1 2 0 0
-6460.1 2962.5 -77.9 130 0 6.5 11.5 5.0 2.5 2 1 2 5 5
-6448.1 2961.7 -78.0 130 0 7.1 10.8 5.0 2.5 2 1 2 0 0
-6411.1 2928.8 -78.6 130 0 10.6 12.9 5.0 2.5 2 1 2 0 0
-6615.3 3071.5 -80.1 310 0 6.1 12.0 5.0 2.5 2 1 2 4 4
-6562.7 3063.0 -79.4 130 0 9.5 7.9 2.5 2.5 2 0 1 1 1
-6533.6 3027.2 -79.2 130 0 12.1 15.9 5.0 2.5 2 1 2 3 3
-6483.8 2995.1 -78.0 130 0 6.0 10.1 5.0 2.5 4 1 2 5 5
-6483.4 2982.0 -78.1 130 0 8.4 13.5 5.0 2.5 4 1 2 5 5
-6460.3 2936.4 -78.4 310 0 8.6 12.4 5.0 2.5 2 1 2 4 4
-6432.2 2902.7 -78.7 310 0 11.0 13.0 5.0 0.0 0 1 2 1 1
-5969.4 3283.6 -72.4 258 0 6.5 8.2 2.5 2.5 2 1 1 0 0
-5990.2 3432.6 -75.5 78 0 13.3 10.1 5.0 2.5 4 0 2 5 5
-5997.2 3442.7 -75.8 78 0 8.6 13.1 5.0 2.5 4 1 2 1 1
-6009.1 3374.1 -74.1 168 0 8.4 13.7 5.0 2.5 2 1 2 2 2
-5990.2 3392.3 -74.4 258 0 11.4 7.6 5.0 2.5 2 0 2 2 2
-5968.9 3397.5 -74.6 258 0 10.6 9.6 5.0 0.0 0 0 2 3 3
-5880.8 3428.8 -75.7 258 0 11.4 9.3 5.0 2.5 2 0 2 5 5
-5901.5 3397.7 -75.4 168 0 7.6 11.9 5.0 2.5 4 1 2 0 0
-5924.3 3377.4 -74.7 348 0 8.0 12.9 5.0 2.5 2 1 2 5 5
-5944.5 3288.8 -73.3 258 0 4.5 6.0 2.5 2.5 2 1 1 3 3
-5938.2 3297.3 -73.5 258 0 8.9 11.6 2.5 0.0 0 1 1 2 2
-5918.7 3295.3 -73.8 258 0 10.9 9.7 2.5 2.5 2 0 1 3 3
-5925.9 3340.4 -74.1 348 0 7.3 7.1 5.0 2.5 2 0 2 5 5
-5748.9 3344.9 -74.5 258 0 6.9 3.9 2.5 2.5 2 0 1 5 5
-5746.9 3339.4 -74.4 258 0 7.2 8.2 2.5 0.0 0 1 1 2 2
-5787.1 3393.6 -75.0 168 0 11.6 20.4 2.5 2.5 2 1 1 2 2
-5820.8 3367.8 -75.4 348 0 9.2 10.7 5.0 2.5 2 1 2 1 1
-5830.7 3416.1 -75.5 348 0 8.3 15.9 5.0 2.5 2 1 2 0 0
-5802.4 3440.4 -75.2 257 0 6.8 18.9 2.5 2.5 4 1 1 2 2
-5786.8 3445.3 -75.1 258 0 10.0 15.1 2.5 2.5 2 1 1 0 0
-5764.3 3454.8 -74.9 258 0 7.7 12.5 2.5 2.5 2 1 1 3 3
-5749.7 3459.3 -74.8 258 0 19.9 8.5 2.5 2.5 2 0 1 3 3
-5745.2 3450.2 -74.8 258 0 24.7 9.0 2.5 2.5 2 0 1 2 2
-5729.9 3438.6 -74.6 348 0 10.5 6.2 2.5 0.0 0 0 1 0 0
-5720.3 3450.6 -74.6 348 0 13.7 10.6 2.5 2.5 2 0 1 2 2
-5696.2 3449.3 -73.9 168 0 7.0 12.5 2.5 2.5 2 1 1 2 2
-5686.9 3400.9 -73.6 168 0 8.5 14.1 2.5 2.5 2 1 1 1 1
-5717.0 3394.7 -74.2 348 0 10.2 10.9 2.5 2.5 4 1 1 3 3
-5723.4 3346.8 -74.0 258 0 11.9 8.1 2.5 0.0 0 0 1 0 0
-5698.1 3334.4 -73.7 78 0 5.8 5.2 2.5 2.5 2 0 1 3 3
-5699.6 3353.8 -73.7 258 0 10.9 10.0 2.5 2.5 2 0 1 1 1
-5694.0 3365.4 -73.6 168 0 3.9 7.2 2.5 2.5 4 1 1 4 4
-5613.2 3421.7 -72.4 348 0 10.2 10.3 2.5 2.5 2 1 1 3 3
-5581.0 3420.2 -71.7 168 0 14.3 6.9 2.5 2.5 2 0 1 1 1
-5602.3 3380.1 -71.7 258 0 5.9 8.9 2.5 2.5 4 1 1 5 5
-5596.6 3371.3 -71.7 258 0 12.4 8.4 2.5 0.0 0 0 1 3 3
-5550.8 3396.0 -71.3 258 0 9.5 10.6 2.5 2.5 2 1 1 0 0
-5510.3 3446.2 -70.8 348 0 6.0 10.7 2.5 2.5 2 1 1 1 1
-5535.2 3401.1 -71.1 258 0 9.4 10.3 2.5 2.5 2 1 1 4 4
-5477.7 3453.7 -71.2 168 0 6.6 11.8 2.5 2.5 2 1 1 3 3
-5372.7 3477.1 -70.9 168 0 6.5 7.2 5.0 0.0 0 1 2 1 1
-5403.8 3451.1 -71.3 78 0 16.2 8.2 2.5 2.5 2 0 1 4 4
-5406.2 3425.7 -71.2 257 0 7.1 13.2 2.5 2.5 2 1 1 5 5
-5358.6 3433.0 -70.7 258 0 8.9 7.2 2.5 2.5 4 0 1 0 0
-5327.8 3444.6 -70.1 258 0 7.8 8.3 2.5 2.5 2 1 1 3 3
-5309.2 3452.0 -69.5 258 0 8.7 10.8 2.5 2.5 2 1 1 5 5
-5284.6 3454.8 -68.9 258 0 10.8 11.8 2.5 2.5 2 1 1 2 2
-5266.2 3465.7 -68.2 253 0 8.3 18.1 2.5 2.5 2 1 1 0 0
-5564.9 -806.9 -81.7 115 0 19.1 10.7 5.0 2.5 2 0 2 0 0
-5319.7 -1015.2 -81.8 3 0 3.1 8.0 5.0 2.5 4 1 2 0 0
-6148.9 -1275.9 -81.7 183 0 10.7 5.7 5.0 2.5 2 0 2 0 0
-6062.8 -836.8 -83.0 273 0 8.7 4.3 2.5 2.5 4 0 1 4 4
-6159.5 -805.7 -82.0 273 0 8.0 5.9 5.0 0.0 0 0 2 5 5
-6139.8 -818.1 -82.0 3 0 15.2 15.2 5.0 2.5 2 0 2 2 2
-6157.9 -843.1 -81.8 3 0 5.2 11.8 5.0 2.5 2 1 2 3 3
-6159.0 -867.8 -81.7 3 0 6.2 10.5 5.0 2.5 4 1 2 0 0
-6150.9 -887.4 -81.7 3 0 8.4 12.2 5.0 2.5 2 1 2 3 3
-6151.4 -898.3 -81.7 3 0 9.0 12.3 5.0 2.5 2 1 2 1 1
-6163.9 -918.1 -81.6 3 0 7.9 11.2 5.0 2.5 4 1 2 5 5
-6166.9 -942.4 -81.5 3 0 6.2 12.9 5.0 0.0 0 1 2 5 5
-6172.3 -967.8 -81.2 3 0 6.3 6.9 5.0 2.5 4 1 2 0 0
-6397.6 -1325.0 -84.7 6 0 11.0 12.8 5.0 2.5 2 1 2 0 0
-6411.3 -1295.2 -85.0 6 0 6.6 10.8 5.0 2.5 4 1 2 5 5
-6395.6 -1266.3 -84.4 6 0 10.2 10.7 5.0 2.5 2 1 2 3 3
-6385.2 -1012.3 -83.0 6 0 7.7 8.9 5.0 2.5 2 1 2 2 2
-6368.7 -1008.9 -82.8 6 0 9.8 15.2 5.0 2.5 2 1 2 1 1
-6375.6 -987.1 -82.6 6 0 10.8 13.9 5.0 2.5 4 1 2 5 5
-6362.4 -970.6 -82.2 6 0 11.2 10.7 5.0 2.5 2 0 2 2 2
-6378.0 -962.0 -82.3 6 0 9.1 9.5 5.0 2.5 2 1 2 3 3
-6376.0 -938.1 -82.0 6 0 9.1 9.2 5.0 2.5 2 1 2 4 4
-6373.1 -921.2 -81.8 6 0 6.2 13.8 5.0 2.5 2 1 2 0 0
-6375.8 -909.7 -81.5 6 0 9.3 5.6 5.0 2.5 2 0 2 4 4
-6365.2 -888.6 -81.2 6 0 10.4 11.6 5.0 0.0 0 1 2 5 5
-6367.9 -859.1 -81.0 6 0 10.9 9.3 5.0 2.5 2 0 2 3 3
-6366.7 -837.0 -80.8 6 0 7.0 10.4 5.0 0.0 0 1 2 3 3
-6363.7 -811.6 -80.6 6 0 9.4 8.7 5.0 2.5 4 0 2 3 3
-6365.4 -782.4 -80.4 276 0 7.2 8.0 5.0 0.0 0 1 2 3 3
-6309.3 -788.5 -81.1 276 0 6.9 9.8 5.0 0.0 0 1 2 5 5
-6324.2 -804.6 -80.9 186 0 5.1 5.6 5.0 2.5 4 1 2 0 0
-6316.1 -819.7 -81.2 186 0 6.2 8.7 5.0 2.5 2 1 2 4 4
-6317.4 -845.8 -81.1 186 0 8.1 5.1 5.0 2.5 2 0 2 1 1
-6331.5 -841.6 -81.0 186 0 9.6 13.7 5.0 2.5 2 1 2 0 0
-6322.6 -870.7 -81.1 186 0 7.2 7.0 5.0 0.0 0 0 2 3 3
-6323.1 -895.8 -81.2 186 0 9.2 10.2 5.0 2.5 4 1 2 5 5
-6332.1 -891.9 -81.1 186 0 7.5 7.1 5.0 2.5 2 0 2 3 3
-6326.8 -920.3 -81.4 186 0 6.8 9.9 5.0 2.5 2 1 2 0 0
-6328.2 -945.0 -81.3 186 0 7.8 8.7 5.0 2.5 2 1 2 4 4
-6340.6 -968.4 -81.7 186 0 8.8 11.6 5.0 2.5 2 1 2 4 4
-6331.8 -995.3 -81.7 186 0 7.6 5.3 5.0 2.5 2 0 2 2 2
-6347.5 -991.1 -82.1 186 0 8.2 14.3 5.0 2.5 2 1 2 2 2
-6338.5 -1021.3 -82.2 186 0 6.6 9.7 5.0 0.0 0 1 2 5 5
-6355.2 -1226.2 -82.8 186 0 8.4 4.2 5.0 2.5 2 0 2 2 2
-6370.5 -1220.7 -83.1 186 0 8.4 13.4 5.0 2.5 2 1 2 3 3
-6360.3 -1276.1 -83.4 186 0 8.9 5.6 5.0 2.5 2 0 2 0 0
-6361.5 -1305.5 -83.6 96 0 6.0 10.7 5.0 2.5 2 1 2 5 5
-6326.7 -1347.1 -82.9 276 0 8.5 8.1 5.0 2.5 4 0 2 5 5
-6277.7 -1355.0 -82.1 276 0 6.9 11.9 5.0 2.5 2 1 2 0 0
-6251.8 -1349.3 -82.2 276 0 9.3 10.8 5.0 2.5 2 1 2 2 2
-6071.2 -1383.6 -81.8 276 0 7.7 9.1 5.0 0.0 0 1 2 4 4
-6094.4 -1381.8 -82.0 276 0 6.9 8.1 5.0 2.5 2 1 2 2 2
-6173.9 -1373.7 -82.3 186 0 8.0 9.0 5.0 2.5 2 1 2 0 0
-6226.8 -1362.2 -82.3 276 0 8.5 8.1 5.0 2.5 2 0 2 3 3
-6200.7 -1371.7 -82.4 6 0 10.7 7.7 5.0 2.5 4 0 2 2 2
-6198.6 -1250.5 -83.8 6 0 9.3 7.8 5.0 2.5 2 0 2 5 5
-6199.4 -1273.3 -83.5 6 0 11.2 8.9 5.0 0.0 0 0 2 1 1
-6204.4 -1297.8 -83.1 6 0 9.3 6.6 5.0 2.5 2 0 2 1 1
-6211.3 -1327.5 -82.8 96 0 7.4 10.0 5.0 2.5 2 1 2 4 4
-6154.0 -1335.3 -81.8 96 0 10.6 6.0 5.0 2.5 2 0 2 0 0
-6156.3 -1305.8 -81.8 186 0 8.0 8.4 5.0 2.5 2 1 2 3 3
-6155.8 -1201.6 -81.7 186 0 12.0 12.6 5.0 2.5 2 1 2 5 5
-6154.7 -1129.1 -81.4 186 0 9.7 9.4 5.0 2.5 2 0 2 1 1
-6187.7 -1123.6 -83.0 6 0 8.9 8.4 5.0 2.5 2 0 2 2 2
-6177.1 -1092.0 -81.9 276 0 11.1 7.7 5.0 2.5 4 0 2 5 5
-6178.2 -1045.0 -80.3 6 0 14.4 8.6 5.0 2.5 2 0 2 3 3
-6174.6 -993.0 -80.7 6 0 7.4 10.5 5.0 0.0 0 1 2 0 0
-6188.3 -1016.7 -80.1 6 0 14.0 6.2 5.0 2.5 2 0 2 5 5
-6179.1 -1017.8 -79.9 6 0 11.6 7.5 5.0 2.5 2 0 2 5 5
-6168.7 -1020.1 -79.7 6 0 14.2 8.0 5.0 2.5 2 0 2 2 2
-6139.9 -1099.7 -81.4 276 0 11.3 9.0 5.0 2.5 2 0 2 3 3
-6130.3 -1051.7 -80.9 186 0 13.9 7.8 2.5 2.5 2 0 1 0 0
-6145.7 -1056.0 -80.8 186 0 8.5 13.0 2.5 2.5 2 1 1 5 5
-6130.7 -1024.3 -81.1 186 0 9.4 11.8 2.5 2.5 2 1 1 3 3
-6127.5 -998.5 -81.1 186 0 8.0 10.0 2.5 2.5 2 1 1 5 5
-6124.1 -976.1 -81.2 186 0 8.5 8.0 2.5 2.5 2 0 1 1 1
-6117.2 -899.2 -82.2 186 0 8.9 12.5 2.5 2.5 2 1 1 1 1
-6120.8 -926.7 -81.8 186 0 11.4 10.0 2.5 2.5 2 0 1 0 0
-6121.6 -719.4 -81.4 276 0 24.9 8.9 5.0 2.5 4 0 2 1 1
-6070.8 -707.8 -81.9 276 0 32.7 8.2 5.0 2.5 2 0 2 0 0
-6040.6 -719.4 -82.6 276 0 13.2 25.9 5.0 0.0 0 1 2 5 5
-6027.3 -782.9 -83.3 96 0 16.6 8.0 5.0 2.5 2 0 2 4 4
-5747.2 -834.6 -81.4 96 0 11.4 10.6 5.0 2.5 4 0 2 1 1
-5844.3 -819.3 -82.4 96 0 7.0 10.1 5.0 2.5 2 1 2 3 3
-5795.9 -826.2 -81.9 96 0 10.7 8.4 5.0 2.5 2 0 2 3 3
-5862.7 -815.9 -82.5 96 0 10.0 12.4 5.0 2.5 2 1 2 0 0
-5903.5 -811.6 -82.8 96 0 14.0 7.4 5.0 2.5 2 0 2 4 4
-5951.6 -802.0 -83.4 96 0 12.5 13.2 5.0 2.5 2 1 2 5 5
-5949.7 -875.2 -83.5 6 0 9.0 13.8 2.5 2.5 2 1 1 2 2
-5967.3 -902.4 -83.0 6 0 5.7 10.0 2.5 2.5 2 1 1 3 3
-5963.9 -972.1 -82.4 6 0 9.4 6.3 2.5 2.5 2 0 1 4 4
-5951.2 -975.2 -82.5 6 0 10.3 10.2 2.5 2.5 2 0 1 3 3
-5973.4 -1016.3 -81.9 6 0 5.6 6.0 2.5 2.5 2 1 1 0 0
-5965.8 -1024.8 -82.0 6 0 7.8 12.7 2.5 2.5 2 1 1 0 0
-5979.8 -1126.8 -82.4 276 0 16.8 9.2 5.0 2.5 2 0 2 2 2
-5982.9 -1179.1 -82.2 6 0 8.6 11.2 5.0 2.5 2 1 2 0 0
-5986.1 -1205.5 -82.1 6 0 9.9 11.2 5.0 2.5 2 1 2 2 2
-5988.2 -1231.0 -82.0 6 0 6.7 9.1 5.0 2.5 2 1 2 5 5
-5990.6 -1254.9 -82.0 6 0 8.0 12.7 5.0 2.5 2 1 2 0 0
-5993.7 -1279.8 -81.9 6 0 6.6 8.1 5.0 0.0 0 1 2 3 3
-5996.8 -1331.1 -81.7 6 0 10.7 12.9 5.0 2.5 2 1 2 0 0
-6006.7 -1357.8 -81.7 96 0 12.4 8.0 5.0 2.5 2 0 2 1 1
-6046.3 -1385.8 -81.6 276 0 8.6 9.2 5.0 2.5 2 1 2 5 5
-6021.4 -1391.2 -81.5 276 0 10.2 11.8 5.0 2.5 2 1 2 5 5
-5998.2 -1394.3 -81.5 276 0 7.8 11.1 5.0 2.5 2 1 2 4 4
-5938.7 -1396.5 -81.9 273 0 13.0 17.9 5.0 2.5 2 1 2 3 3
-5965.2 -1402.0 -81.7 273 0 8.4 6.1 5.0 2.5 2 0 2 5 5
-5951.1 -1369.6 -82.0 93 0 10.0 12.8 2.5 0.0 0 1 1 4 4
-5953.0 -1336.3 -82.1 183 0 9.7 11.2 2.5 2.5 2 1 1 1 1
-5958.2 -1284.6 -82.3 183 0 11.5 14.0 2.5 2.5 2 1 1 5 5
-5956.7 -1262.4 -82.4 183 0 9.0 23.6 2.5 2.5 2 1 1 4 4
-5941.2 -1237.3 -82.5 183 0 8.9 9.2 2.5 2.5 2 1 1 1 1
-5938.4 -1212.3 -82.6 183 0 6.6 8.3 2.5 2.5 2 1 1 0 0
-5949.4 -1194.9 -82.6 183 0 6.8 12.9 2.5 2.5 2 1 1 0 0
-5932.3 -1188.1 -82.7 183 0 7.6 7.2 2.5 2.5 2 0 1 5 5
-5928.8 -978.6 -82.5 183 0 6.6 8.0 2.5 0.0 0 1 1 1 1
-5907.5 -932.7 -82.3 183 0 9.6 6.0 2.5 2.5 2 0 1 3 3
-5921.4 -932.4 -82.4 182 0 9.7 12.4 2.5 2.5 2 1 1 5 5
-5917.1 -924.2 -82.5 183 0 5.7 8.6 2.5 2.5 2 1 1 0 0
-5906.4 -907.2 -82.5 183 0 7.1 10.0 2.5 2.5 2 1 1 3 3
-5919.1 -907.0 -82.6 183 0 6.4 10.8 2.5 2.5 2 1 1 4 4
-5907.3 -881.4 -82.8 183 0 10.1 10.8 2.5 2.5 2 1 1 0 0
-5747.3 -876.4 -81.4 273 0 8.1 10.1 2.5 0.0 0 1 1 1 1
-5746.8 -905.3 -81.0 3 0 9.7 7.7 2.5 2.5 2 0 1 5 5
-5744.8 -929.3 -80.8 3 0 10.4 12.5 2.5 2.5 2 1 1 5 5
-5751.5 -955.0 -81.0 3 0 7.2 9.4 2.5 2.5 2 1 1 1 1
-5752.3 -982.8 -81.2 3 0 14.5 12.2 2.5 2.5 2 0 1 0 0
-5753.7 -1007.5 -81.4 3 0 13.5 14.1 2.5 2.5 2 1 1 1 1
-5749.0 -1080.1 -81.9 3 0 7.6 16.7 2.5 2.5 2 1 1 5 5
-5767.8 -1104.6 -82.3 3 0 6.7 7.1 2.5 0.0 0 1 1 0 0
-5766.5 -1132.9 -82.6 93 0 10.8 9.4 2.5 2.5 2 0 1 2 2
-5776.6 -1157.6 -82.8 273 0 10.3 7.9 2.5 0.0 0 0 1 0 0
-5774.5 -1186.2 -82.8 3 0 7.4 12.7 2.5 2.5 2 1 1 3 3
-5780.5 -1235.1 -82.6 3 0 6.8 7.5 2.5 2.5 2 1 1 4 4
-5782.2 -1259.3 -82.6 3 0 6.0 11.1 2.5 2.5 2 1 1 1 1
-5785.2 -1284.0 -82.5 3 0 8.7 9.3 2.5 2.5 4 1 1 4 4
-5788.7 -1307.8 -82.3 3 0 7.3 10.3 2.5 2.5 2 1 1 0 0
-5790.5 -1333.5 -82.1 3 0 6.2 10.2 2.5 2.5 2 1 1 0 0
-5792.8 -1359.4 -81.8 3 0 5.7 9.5 2.5 2.5 2 1 1 0 0
-5796.8 -1388.3 -81.6 93 0 17.2 8.2 2.5 0.0 0 0 1 3 3
-5794.1 -1396.9 -81.6 93 0 20.5 7.5 2.5 0.0 0 0 1 4 4
-5586.8 -1189.7 -80.2 273 0 4.1 4.3 5.0 2.5 4 1 2 4 4
-5744.7 -1395.7 -81.7 93 0 8.9 9.3 5.0 2.5 2 1 2 1 1
-5745.6 -1365.3 -81.7 183 0 8.2 7.6 5.0 2.5 4 0 2 0 0
-5743.4 -1316.4 -81.8 183 0 7.3 13.6 5.0 2.5 2 1 2 1 1
-5739.5 -1291.3 -81.8 183 0 8.8 11.9 5.0 0.0 0 1 2 3 3
-5737.1 -1267.6 -81.8 183 0 8.6 9.9 5.0 0.0 0 1 2 2 2
-5733.1 -1244.1 -81.9 183 0 8.3 7.4 5.0 2.5 2 0 2 5 5
-5733.3 -1218.1 -82.0 183 0 7.9 14.4 5.0 2.5 2 1 2 5 5
-5743.1 -1192.5 -82.2 183 0 9.7 14.2 5.0 2.5 2 1 2 3 3
-5742.9 -1174.7 -82.2 183 0 8.1 6.4 5.0 2.5 2 0 2 2 2
-5722.1 -1166.4 -82.1 273 0 8.4 7.3 5.0 2.5 2 0 2 0 0
-5696.1 -1166.4 -81.7 273 0 8.0 12.1 5.0 2.5 2 1 2 5 5
-5707.7 -1164.1 -81.9 273 0 12.4 10.4 5.0 2.5 2 0 2 4 4
-5735.3 -1136.9 -82.2 183 0 11.5 16.6 5.0 2.5 2 1 2 4 4
-5721.3 -1111.3 -81.7 183 0 7.5 16.8 5.0 2.5 2 1 2 1 1
-5737.2 -1093.2 -81.9 183 0 7.8 12.2 5.0 2.5 2 1 2 2 2
-5723.0 -1087.3 -81.4 183 0 5.6 15.3 5.0 2.5 4 1 2 1 1
-5735.4 -1079.4 -81.6 183 0 6.7 19.1 5.0 2.5 2 1 2 0 0
-5734.5 -1071.7 -81.5 183 0 6.5 21.6 5.0 0.0 0 1 2 4 4
-5703.9 -1023.1 -80.9 183 0 5.2 11.0 5.0 2.5 4 1 2 1 1
-5710.6 -1012.4 -81.0 183 0 7.5 11.9 5.0 2.5 2 1 2 2 2
-5705.3 -963.1 -80.7 183 0 7.6 10.4 5.0 0.0 0 1 2 0 0
-5704.1 -939.6 -80.8 183 0 8.4 12.2 5.0 2.5 2 1 2 0 0
-5698.9 -912.5 -81.0 183 0 7.4 6.6 5.0 2.5 2 0 2 2 2
-5693.5 -883.3 -80.9 273 0 6.7 8.7 5.0 2.5 2 1 2 1 1
-5690.3 -843.3 -81.5 93 0 21.2 9.8 5.0 2.5 2 0 2 3 3
-5639.9 -848.6 -81.7 93 0 16.2 7.7 5.0 2.5 2 0 2 1 1
-5591.1 -856.1 -81.6 93 0 13.3 15.4 5.0 2.5 2 1 2 5 5
-5526.2 -883.1 -80.5 93 0 5.4 7.6 5.0 2.5 2 1 2 2 2
-5516.9 -885.3 -80.5 93 0 8.5 8.7 5.0 2.5 2 1 2 4 4
-5492.2 -883.9 -80.2 93 0 14.2 6.7 5.0 2.5 4 0 2 1 1
-5543.6 -903.7 -80.4 273 0 11.1 10.2 5.0 2.5 2 0 2 3 3
-5541.1 -936.0 -80.3 3 0 8.4 7.1 5.0 2.5 2 0 2 1 1
-5541.6 -961.2 -80.3 3 0 6.4 13.9 5.0 2.5 4 1 2 4 4
-5546.9 -1081.1 -80.2 3 0 9.7 10.3 5.0 2.5 4 1 2 0 0
-5547.9 -1113.4 -80.2 3 0 6.4 9.8 5.0 2.5 2 1 2 1 1
-5547.1 -1120.7 -80.2 3 0 6.0 7.1 5.0 2.5 2 1 2 0 0
-5561.0 -1133.5 -80.2 3 0 7.4 9.6 5.0 2.5 2 1 2 5 5
-5568.5 -1162.0 -80.2 93 0 8.7 13.5 5.0 2.5 2 1 2 4 4
-5572.5 -1187.3 -80.1 273 0 9.1 8.6 5.0 2.5 2 0 2 3 3
-5571.7 -1215.3 -80.3 3 0 7.0 9.9 5.0 2.5 2 1 2 1 1
-5573.8 -1240.4 -80.6 3 0 7.7 11.7 5.0 2.5 2 1 2 0 0
-5563.9 -1272.0 -80.8 3 0 9.1 5.8 5.0 2.5 2 0 2 3 3
-5574.0 -1265.2 -80.9 3 0 6.5 12.0 5.0 2.5 2 1 2 0 0
-5578.8 -1290.3 -81.0 3 0 6.4 9.8 5.0 2.5 2 1 2 0 0
-5592.5 -1356.5 -81.1 3 0 5.6 7.0 5.0 2.5 2 1 2 0 0
-5581.9 -1364.1 -81.1 3 0 7.3 10.5 5.0 2.5 2 1 2 1 1
-5588.7 -1388.7 -81.0 3 0 7.3 13.0 5.0 2.5 2 1 2 0 0
-5541.2 -1370.8 -80.6 183 0 6.6 14.3 5.0 2.5 2 1 2 5 5
-5531.0 -1297.4 -80.7 183 0 6.8 8.3 5.0 2.5 2 1 2 5 5
-5528.1 -1271.4 -80.6 183 0 7.3 11.5 5.0 2.5 4 1 2 4 4
-5526.0 -1246.8 -80.4 183 0 7.1 11.4 5.0 2.5 2 1 2 2 2
-5525.9 -1220.5 -80.2 183 0 8.4 12.9 5.0 2.5 2 1 2 3 3
-5488.6 -909.9 -80.4 273 0 9.0 7.6 5.0 2.5 2 0 2 5 5
-5494.8 -942.5 -80.3 183 0 8.2 11.7 5.0 2.5 2 1 2 3 3
-5504.1 -936.5 -80.2 183 0 9.7 8.6 5.0 2.5 4 0 2 5 5
-5334.0 -938.3 -81.6 273 0 10.6 7.1 5.0 2.5 2 0 2 1 1
-5332.7 -967.5 -81.8 3 0 6.3 9.9 5.0 2.5 4 1 2 1 1
-5330.8 -992.6 -81.8 3 0 6.7 12.1 5.0 2.5 2 1 2 1 1
-5335.5 -1015.1 -81.7 3 0 9.5 10.6 5.0 2.5 2 1 2 5 5
-5339.7 -1041.3 -81.5 3 0 6.8 7.9 5.0 2.5 2 1 2 2 2
-5379.3 -1192.9 -80.5 93 0 7.8 8.6 5.0 2.5 2 1 2 4 4
-5358.2 -1248.0 -80.2 3 0 9.4 10.9 5.0 2.5 2 1 2 3 3
-5359.0 -1266.2 -80.0 3 0 5.1 8.9 5.0 2.5 2 1 2 3 3
-5355.7 -1273.2 -79.9 3 0 7.0 13.1 5.0 2.5 2 1 2 1 1
-5356.8 -1293.5 -79.7 3 0 4.2 8.9 5.0 2.5 2 1 2 1 1
-5353.5 -1299.8 -79.7 3 0 6.0 16.8 5.0 2.5 2 1 2 4 4
-5355.3 -1316.1 -79.5 3 0 6.1 12.4 5.0 0.0 0 1 2 5 5
-5357.4 -1324.0 -79.4 3 0 6.5 12.9 5.0 2.5 4 1 2 0 0
-5369.6 -1370.9 -78.9 3 0 8.9 13.5 5.0 2.5 2 1 2 4 4
-5380.5 -1396.6 -78.8 3 0 7.2 15.7 5.0 0.0 0 1 2 1 1
-5284.1 -949.0 -82.0 183 0 8.8 13.2 5.0 2.5 2 1 2 5 5
-5286.9 -998.4 -82.3 183 0 6.0 10.8 5.0 2.5 2 1 2 3 3
-5288.4 -1024.0 -82.3 183 0 6.5 9.1 5.0 2.5 2 1 2 4 4
-5271.3 -1053.7 -82.2 183 0 5.1 6.8 5.0 2.5 2 1 2 0 0
-5280.7 -1049.7 -82.2 183 0 7.0 7.3 5.0 2.5 2 1 2 5 5
-5290.7 -1048.5 -82.1 183 0 8.6 8.6 5.0 0.0 0 1 2 2 2
-5293.7 -1072.9 -82.0 183 0 9.0 10.3 5.0 2.5 2 1 2 2 2
-5294.0 -1096.2 -81.8 183 0 10.7 11.8 5.0 2.5 2 1 2 3 3
-5315.9 -1126.7 -81.4 183 0 8.0 7.2 5.0 2.5 2 0 2 0 0
-5298.0 -1120.6 -81.5 183 0 7.7 10.7 5.0 0.0 0 1 2 4 4
-5294.9 -1129.0 -81.4 183 0 6.6 6.6 5.0 0.0 0 1 2 1 1
-5297.2 -1146.5 -81.0 183 0 8.3 7.8 5.0 2.5 2 0 2 1 1
-5299.5 -1170.9 -80.4 183 0 6.8 10.2 5.0 2.5 4 1 2 0 0
-5307.2 -1167.9 -80.9 183 0 9.8 7.1 5.0 2.5 4 0 2 4 4
-5301.4 -1196.0 -79.8 183 0 8.3 9.2 5.0 2.5 2 1 2 0 0
-5304.6 -1229.2 -80.5 183 0 8.1 9.1 5.0 2.5 2 1 2 4 4
-5310.2 -1253.5 -80.5 183 0 8.5 14.5 5.0 2.5 2 1 2 2 2
-5299.8 -1262.7 -80.5 183 0 6.4 7.2 5.0 2.5 2 1 2 4 4
-5327.2 -1304.6 -80.4 183 0 5.9 10.6 5.0 2.5 2 1 2 4 4
-5323.4 -1328.0 -80.2 183 0 7.5 13.0 5.0 2.5 2 1 2 1 1
-5316.0 -1352.9 -80.1 183 0 9.4 13.3 5.0 2.5 4 1 2 3 3
-5318.7 -1378.6 -79.8 183 0 7.1 14.1 5.0 2.5 2 1 2 5 5
-83.3 621.0 3.8 326 0 20.1 10.6 5.0 2.5 2 0 2 5 5
-125.9 621.8 3.0 241 0 31.0 11.4 5.0 2.5 2 0 2 1 1
-145.0 3526.8 18.8 108 0 12.1 12.1 2.5 2.5 4 0 1 2 2
-159.5 3529.1 17.9 101 0 8.8 10.8 2.5 2.5 2 1 1 0 0
-176.4 3532.0 17.0 102 0 8.8 11.4 2.5 2.5 2 1 1 1 1
-177.4 3500.1 17.4 14 0 28.0 8.1 2.5 2.5 2 0 1 0 0
-150.2 3508.5 19.1 281 0 6.4 24.8 2.5 2.5 2 1 1 1 1
-1017.7 3801.5 -7.9 83 0 12.4 8.6 7.5 0.0 0 0 3 5 5
-1044.3 3842.9 -8.6 262 0 40.8 7.3 7.5 0.0 0 0 3 3 3
-981.0 3850.2 -9.3 349 0 11.3 31.1 10.0 2.5 2 1 4 3 3
-1028.1 3593.5 -1.6 166 0 11.5 18.2 10.0 2.5 2 1 4 1 1
-1019.0 3576.0 -2.0 165 0 13.0 12.4 5.0 2.5 2 0 2 1 1
-1011.2 3555.9 -2.5 166 0 10.6 9.5 7.5 2.5 2 0 3 5 5
-973.9 3283.7 -0.3 73 0 9.1 9.2 2.5 2.5 4 1 1 0 0
-958.6 3284.7 -0.4 71 0 4.6 8.8 5.0 2.5 2 1 2 0 0
-951.2 3300.2 -0.4 253 0 10.7 11.4 5.0 2.5 2 1 2 5 5
-921.6 3309.3 -0.5 250 0 27.2 12.8 7.5 2.5 2 0 3 2 2
-889.7 3284.4 -0.6 341 0 30.2 10.1 10.0 2.5 2 0 4 2 2
-849.0 3201.1 2.4 348 0 35.0 9.7 7.5 2.5 2 0 3 1 1
-876.4 3183.6 3.1 164 0 13.2 13.7 7.5 2.5 2 1 3 3 3
-837.9 3135.5 2.9 76 0 12.1 37.8 10.0 2.5 2 1 4 2 2
-810.2 3147.1 2.5 345 0 10.5 18.3 5.0 2.5 2 1 2 2 2
-1124.2 448.2 -10.8 168 0 7.2 7.2 5.0 2.5 4 1 2 4 4
-1116.2 414.8 -11.8 168 0 8.7 8.4 5.0 2.5 2 0 2 3 3
-1100.3 343.9 -12.0 169 0 9.4 6.8 5.0 2.5 2 0 2 0 0
-1092.5 307.9 -9.8 168 0 11.1 8.6 5.0 2.5 2 0 2 0 0
-1096.1 227.6 -6.3 73 0 7.2 9.7 5.0 2.5 2 1 2 5 5
-1061.3 215.1 -5.5 248 0 8.0 8.4 5.0 2.5 2 1 2 0 0
-1005.7 145.4 -4.5 128 0 5.3 8.3 5.0 2.5 2 1 2 4 4
-1024.7 129.2 -4.1 133 0 13.0 7.0 5.0 2.5 2 0 2 1 1
-999.0 105.0 -4.5 133 0 10.9 7.0 5.0 2.5 2 0 2 1 1
-984.8 121.2 -4.8 131 0 7.1 12.3 5.0 2.5 2 1 2 0 0
-920.9 74.9 -5.5 43 0 7.3 8.2 5.0 2.5 2 1 2 3 3
-937.5 57.7 -5.2 47 0 7.3 9.6 5.0 2.5 2 1 2 4 4
-74.9 335.6 -1.7 270 0 4.7 5.6 5.0 2.5 2 1 2 0 0
-63.8 329.3 -0.7 270 0 7.0 10.2 5.0 2.5 4 1 2 0 0
-70.2 288.7 2.8 186 0 8.0 10.9 5.0 2.5 2 1 2 1 1
-80.1 237.7 3.5 184 0 6.8 5.8 5.0 2.5 2 0 2 5 5
-73.3 238.1 3.6 185 0 8.1 10.8 5.0 2.5 2 1 2 3 3
-79.4 193.6 3.0 181 0 8.1 15.2 5.0 2.5 2 1 2 4 4
-106.7 -468.2 -29.7 114 0 14.6 11.9 5.0 2.5 2 0 2 4 4
-965.6 -26.3 -4.7 50 0 8.1 10.6 5.0 2.5 2 1 2 2 2
-954.8 -2.1 -4.9 231 0 7.8 11.4 5.0 2.5 2 1 2 3 3
-917.0 37.7 -5.6 225 0 8.2 11.4 5.0 2.5 2 1 2 1 1
-905.1 52.9 -5.8 221 0 5.9 10.9 5.0 2.5 2 1 2 5 5
-900.4 58.7 -5.9 220 0 7.0 7.8 5.0 2.5 2 1 2 5 5
-843.4 41.8 -5.4 86 0 9.1 7.7 5.0 2.5 2 0 2 2 2
-819.0 41.0 -5.8 83 0 7.9 10.0 5.0 2.5 2 1 2 1 1
-800.9 45.0 -5.7 72 0 7.5 9.0 5.0 2.5 2 1 2 0 0
-781.9 50.9 -6.1 75 0 8.8 11.5 5.0 2.5 4 1 2 2 2
-761.2 65.1 -6.7 68 0 6.6 10.4 5.0 0.0 0 1 2 1 1
-736.6 66.6 -7.6 71 0 8.6 9.8 5.0 0.0 0 1 2 0 0
-659.0 90.1 -7.3 68 0 7.1 13.2 5.0 2.5 2 1 2 1 1
-632.0 105.3 -6.8 65 0 6.8 9.3 5.0 2.5 2 1 2 5 5
-608.2 117.6 -5.5 60 0 9.5 9.2 5.0 2.5 2 0 2 3 3
-568.2 134.0 -5.6 61 0 8.2 12.7 5.0 2.5 2 1 2 1 1
-538.3 162.6 -6.7 45 0 6.0 8.1 5.0 2.5 2 1 2 3 3
-452.6 209.2 -8.7 77 0 9.2 13.0 5.0 2.5 2 1 2 1 1
-432.2 216.8 -9.0 82 0 7.9 9.7 5.0 2.5 2 1 2 0 0
-412.2 217.0 -9.4 82 0 7.3 11.5 5.0 2.5 2 1 2 3 3
-391.9 225.8 -9.7 78 0 6.1 7.3 5.0 2.5 2 1 2 4 4
-914.3 134.0 -4.2 312 0 9.1 10.6 5.0 2.5 2 1 2 3 3
-974.0 205.9 -4.3 313 0 11.2 20.1 5.0 2.5 4 1 2 0 0
-1021.9 222.4 -5.6 147 0 15.4 9.9 5.0 2.5 2 0 2 3 3
-1059.5 392.3 -11.7 347 0 8.5 10.6 5.0 2.5 2 1 2 1 1
-1064.3 409.5 -11.9 349 0 8.8 10.4 5.0 2.5 2 1 2 1 1
-892.8 112.7 -4.2 315 0 4.1 7.0 5.0 2.5 2 1 2 4 4
-876.1 85.0 -4.5 108 0 8.1 11.0 5.0 2.5 2 1 2 3 3
-849.9 96.8 -3.9 262 0 8.4 13.4 5.0 2.5 2 1 2 1 1
-824.6 95.8 -2.6 254 0 4.8 5.7 5.0 2.5 2 1 2 3 3
-806.5 110.3 -3.5 249 0 7.9 16.4 5.0 2.5 2 1 2 2 2
-736.8 150.8 -1.8 223 0 4.9 6.1 5.0 2.5 2 1 2 1 1
-752.6 126.6 -4.9 247 0 9.6 18.1 5.0 2.5 2 1 2 3 3
-730.5 127.0 -5.2 250 0 10.6 13.1 5.0 0.0 0 1 2 5 5
-702.8 133.5 -4.3 246 0 7.6 8.6 5.0 2.5 2 1 2 1 1
-683.5 143.4 -4.4 247 0 6.4 12.9 5.0 2.5 2 1 2 5 5
-655.4 150.2 -4.7 245 0 8.3 10.2 5.0 2.5 2 1 2 2 2
-634.7 160.2 -3.9 236 0 5.6 10.3 5.0 2.5 2 1 2 2 2
-613.8 171.5 -3.8 246 0 7.4 12.9 5.0 0.0 0 1 2 1 1
-596.4 187.9 -4.7 228 0 6.9 13.9 5.0 2.5 2 1 2 2 2
-578.2 199.1 -4.7 228 0 7.3 11.3 5.0 2.5 2 1 2 1 1
-557.0 220.5 -4.8 224 0 7.2 11.2 5.0 0.0 0 1 2 0 0
-540.4 237.8 -3.6 227 0 7.4 12.0 5.0 2.5 2 1 2 5 5
-515.1 259.5 -4.0 250 0 7.5 16.5 5.0 0.0 0 1 2 4 4
-480.1 256.0 -7.6 261 0 7.3 6.9 5.0 2.5 2 0 2 0 0
-461.0 262.4 -8.9 258 0 8.4 10.7 5.0 2.5 2 1 2 2 2
-441.6 264.8 -9.0 261 0 7.3 12.1 5.0 2.5 4 1 2 1 1
-420.3 268.7 -8.9 261 0 7.1 9.4 5.0 2.5 2 1 2 0 0
-399.6 269.9 -9.4 262 0 6.1 7.9 5.0 2.5 4 1 2 3 3
-363.5 294.4 -10.2 245 0 5.7 5.5 5.0 2.5 2 0 2 3 3
-380.4 273.0 -9.9 251 0 7.6 6.6 5.0 2.5 2 0 2 3 3
-363.3 276.9 -10.6 255 0 4.9 7.0 5.0 2.5 2 1 2 1 1
-350.5 278.3 -12.3 252 0 6.9 4.7 5.0 2.5 2 0 2 2 2
-346.8 233.6 -12.7 73 0 7.9 9.7 5.0 2.5 2 1 2 1 1
-321.1 236.1 -14.7 69 0 7.7 14.8 5.0 2.5 4 1 2 2 2
-295.0 250.9 -16.2 64 0 7.4 11.5 5.0 2.5 2 1 2 4 4
-276.7 264.7 -17.8 61 0 7.6 9.1 5.0 2.5 2 1 2 1 1
-251.2 284.6 -16.7 46 0 7.5 12.7 5.0 2.5 2 1 2 5 5
-237.7 304.6 -15.8 44 0 7.9 9.8 5.0 2.5 2 1 2 4 4
-328.1 291.7 -14.1 249 0 5.9 10.0 5.0 2.5 2 1 2 1 1
-311.6 301.6 -15.2 239 0 7.2 11.7 5.0 2.5 2 1 2 4 4
-302.4 315.7 -15.1 225 0 9.5 18.0 5.0 2.5 2 1 2 4 4
-289.8 323.4 -14.5 225 0 7.4 15.2 5.0 2.5 2 1 2 1 1
-264.6 354.6 -11.7 225 0 4.9 5.5 5.0 2.5 2 1 2 0 0
-274.7 341.2 -13.7 225 0 7.1 16.6 5.0 2.5 2 1 2 3 3
-253.0 353.4 -12.9 225 0 7.3 11.0 5.0 2.5 2 1 2 4 4
-236.0 374.3 -11.6 220 0 10.3 9.9 5.0 2.5 2 0 2 3 3
-218.4 398.0 -10.1 212 0 8.4 9.5 5.0 2.5 2 1 2 1 1
-190.6 425.6 -8.9 218 0 7.0 10.4 5.0 2.5 2 1 2 4 4
-156.0 461.6 -7.1 23 0 7.3 9.9 5.0 0.0 0 1 2 3 3
-124.2 439.8 -6.8 20 0 8.8 14.9 5.0 2.5 2 1 2 3 3
-137.6 415.3 -7.8 29 0 8.3 9.6 5.0 2.5 2 1 2 2 2
-152.3 387.5 -9.6 46 0 6.4 11.2 5.0 2.5 2 1 2 0 0
-171.8 373.8 -13.3 46 0 6.2 9.7 5.0 2.5 4 1 2 5 5
-121.5 286.0 -2.6 180 0 8.7 11.1 5.0 2.5 2 1 2 3 3
-119.7 241.2 -2.7 183 0 9.1 7.4 5.0 2.5 2 0 2 5 5
-122.5 193.5 -1.6 179 0 9.0 8.4 5.0 2.5 4 0 2 1 1
-122.8 144.3 -4.5 178 0 11.0 9.1 5.0 2.5 2 0 2 1 1
-117.2 92.5 -9.3 272 0 8.8 9.6 5.0 2.5 4 1 2 2 2
-69.8 137.5 -0.4 95 0 11.2 10.3 5.0 2.5 2 0 2 3 3
-73.4 91.4 -5.7 272 0 14.8 7.5 5.0 2.5 2 0 2 4 4
-78.9 73.7 -8.4 270 0 15.5 9.6 5.0 2.5 2 0 2 1 1
-29.8 48.9 -7.5 10 0 9.5 16.0 5.0 2.5 4 1 2 4 4
-28.8 64.9 -5.2 4 0 6.9 11.6 5.0 2.5 2 1 2 1 1
-34.6 87.1 -2.8 276 0 9.1 7.1 5.0 2.5 2 0 2 4 4
-31.8 102.7 -0.7 275 0 9.4 8.0 5.0 2.5 2 0 2 0 0
-20.7 140.2 2.8 10 0 7.7 10.6 5.0 2.5 2 1 2 3 3
-12.1 188.0 4.1 4 0 7.5 13.8 5.0 2.5 2 1 2 0 0
-5.2 234.3 5.3 5 0 10.9 6.3 5.0 2.5 2 0 2 0 0
-12.6 235.3 4.9 5 0 13.0 9.3 5.0 2.5 2 0 2 3 3
-11.0 270.2 5.8 1 0 7.6 9.3 5.0 2.5 2 1 2 5 5
-10.6 288.8 5.8 0 0 7.6 9.5 5.0 0.0 0 1 2 4 4
-5.0 325.8 3.8 1 0 7.6 17.9 5.0 2.5 2 1 2 0 0
-16.5 352.2 3.5 344 0 5.5 9.1 5.0 2.5 2 1 2 3 3
-31.7 405.6 1.5 336 0 6.1 8.4 5.0 2.5 2 1 2 4 4
-21.2 384.1 2.7 343 0 7.8 11.2 5.0 2.5 2 1 2 3 3
-43.7 449.9 0.6 343 0 9.0 6.8 5.0 2.5 2 0 2 3 3
-49.8 472.3 -0.3 343 0 9.0 7.5 5.0 2.5 2 0 2 5 5
-65.2 493.2 -1.9 313 0 8.1 10.5 5.0 2.5 2 1 2 0 0
-74.8 506.7 -1.8 310 0 8.3 11.4 5.0 2.5 2 1 2 3 3
-170.2 593.3 1.4 334 0 9.8 4.8 5.0 0.0 0 0 2 3 3
-159.6 596.2 0.9 331 0 15.9 9.7 5.0 2.5 2 0 2 1 1
-149.6 580.3 0.1 332 0 16.2 8.3 5.0 2.5 2 0 2 0 0
-125.8 552.3 -0.5 157 0 10.7 8.1 5.0 2.5 2 0 2 4 4
-136.5 532.6 -3.5 341 0 18.1 11.6 5.0 2.5 4 0 2 0 0
1364.0 2809.5 69.7 181 0 17.1 30.8 10.0 0.0 0 1 4 5 5
1304.6 2511.1 71.2 181 0 11.7 14.7 5.0 2.5 2 1 2 5 5
1280.7 2700.3 66.6 271 0 18.1 37.6 2.5 2.5 4 1 1 3 3
1502.0 2494.3 81.0 181 0 4.3 6.1 5.0 2.5 2 1 2 1 1
1495.6 2422.6 78.4 1 0 8.4 4.0 2.5 2.5 4 0 1 1 1
1484.0 2368.8 76.3 1 0 6.4 5.7 2.5 0.0 0 0 1 2 2
1484.1 2378.6 76.4 1 0 9.6 10.6 2.5 2.5 2 1 1 2 2
1483.0 2407.7 77.6 91 0 7.5 6.6 2.5 2.5 2 0 1 1 1
1475.4 2446.5 78.1 271 0 17.9 10.2 2.5 2.5 2 0 1 5 5
1483.9 2431.3 77.9 1 0 8.0 13.7 2.5 2.5 2 1 1 0 0
1487.0 2421.2 77.6 1 0 10.4 14.4 2.5 2.5 2 1 1 0 0
1454.9 2445.1 77.3 271 0 10.6 33.3 2.5 2.5 2 1 1 3 3
1429.6 2444.3 77.1 271 0 10.8 32.4 2.5 2.5 2 1 1 5 5
1408.8 2446.7 77.0 271 0 10.3 35.5 2.5 2.5 2 1 1 2 2
1382.8 2444.5 76.8 271 0 9.8 32.2 2.5 2.5 2 1 1 1 1
1362.3 2444.8 76.5 271 0 10.2 32.5 2.5 2.5 2 1 1 5 5
1336.2 2412.2 75.0 91 0 10.5 32.2 2.5 2.5 2 1 1 3 3
1315.6 2413.0 74.7 91 0 11.0 29.9 2.5 2.5 2 1 1 4 4
1290.9 2411.8 74.2 91 0 10.7 30.6 2.5 2.5 2 1 1 5 5
2478.2 3921.3 57.8 104 0 9.6 8.3 5.0 2.5 2 0 2 4 4
2459.5 3923.1 57.9 103 0 8.6 10.6 5.0 2.5 2 1 2 0 0
2440.8 3930.0 56.4 101 0 8.6 14.5 2.5 2.5 2 1 1 3 3
1448.4 4062.4 37.5 121 0 9.1 7.1 7.5 2.5 2 0 3 3 3
1498.5 4039.3 37.8 27 0 6.7 6.8 5.0 2.5 2 1 2 1 1
1490.3 4029.8 37.8 118 0 10.6 6.8 7.5 2.5 2 0 3 5 5
978.3 4359.2 27.3 319 0 9.2 7.9 7.5 2.5 2 0 3 3 3
914.9 4358.1 27.0 129 0 7.6 7.9 7.5 2.5 2 1 3 1 1
909.4 4438.4 24.2 47 0 9.8 9.9 7.5 2.5 2 1 3 2 2
836.0 4510.5 20.9 143 0 5.9 9.3 7.5 2.5 2 1 3 5 5
757.1 4561.2 23.4 54 0 9.6 7.8 7.5 2.5 2 0 3 3 3
768.4 4610.1 23.0 318 0 6.1 7.2 2.5 2.5 2 1 1 5 5
751.7 4626.7 23.7 149 0 9.8 9.7 7.5 2.5 2 0 3 5 5
492.5 4961.8 12.4 311 0 6.9 10.8 5.0 2.5 2 1 2 0 0
442.8 5006.6 10.9 145 0 8.6 10.3 5.0 2.5 2 1 2 5 5
455.1 4994.1 11.3 232 0 8.4 8.1 5.0 2.5 2 0 2 0 0
464.1 4981.5 11.8 233 0 6.2 6.1 5.0 2.5 2 0 2 3 3
448.0 4939.0 14.1 142 0 7.6 6.9 5.0 2.5 2 0 2 5 5
432.4 4957.2 13.4 160 0 6.9 10.0 5.0 2.5 2 1 2 2 2
429.0 4978.2 12.8 239 0 6.9 9.6 5.0 2.5 2 1 2 4 4
408.7 4989.7 12.6 359 0 10.8 10.6 5.0 2.5 2 0 2 0 0
-55.2 4948.0 9.1 174 0 9.5 5.6 5.0 2.5 4 0 2 2 2
-390.5 5449.1 7.1 296 0 5.5 7.5 5.0 0.0 0 1 2 3 3
-401.5 5407.9 7.2 178 0 9.9 6.0 5.0 2.5 2 0 2 2 2
-392.4 5422.4 7.7 190 0 10.0 13.1 5.0 2.5 4 1 2 5 5
-348.8 5433.4 8.5 282 0 12.8 18.8 5.0 2.5 2 1 2 4 4
-396.3 5524.5 5.0 0 0 14.0 14.4 5.0 2.5 2 1 2 4 4
-394.4 5509.0 6.0 270 0 10.4 57.9 5.0 0.0 0 1 2 4 4
-427.0 5434.2 4.9 90 0 6.5 7.9 5.0 2.5 2 1 2 1 1
-413.6 5436.6 4.9 90 0 9.8 67.8 5.0 2.5 2 1 2 5 5
-417.0 5411.5 6.1 180 0 12.2 10.4 5.0 2.5 2 0 2 0 0
-472.1 5430.4 3.8 270 0 7.3 9.0 5.0 2.5 2 1 2 4 4
-479.4 5457.6 3.3 270 0 8.7 11.6 5.0 2.5 4 1 2 2 2
-462.7 5447.3 3.3 0 0 18.5 11.1 5.0 2.5 2 0 2 5 5
-440.0 5422.7 3.8 0 0 16.1 26.7 5.0 2.5 2 1 2 0 0
-441.7 5382.2 4.5 0 0 20.2 30.9 5.0 0.0 0 1 2 4 4
-443.4 5350.0 5.0 0 0 10.8 9.6 5.0 2.5 2 0 2 5 5
-1966.7 4175.3 -31.9 163 0 9.2 10.9 2.5 0.0 0 1 1 2 2
-1976.1 4240.7 -32.0 168 0 9.9 11.1 2.5 2.5 2 1 1 0 0
-1988.1 4255.0 -32.3 161 0 7.6 8.0 2.5 2.5 2 1 1 0 0
-2266.6 4401.9 -36.0 258 0 8.5 11.4 5.0 2.5 2 1 2 3 3
-2194.3 4250.1 -33.4 168 0 6.0 7.1 5.0 2.5 2 1 2 2 2
-2184.6 4200.8 -32.9 168 0 7.8 9.2 5.0 2.5 2 1 2 3 3
-2174.9 4180.8 -32.7 78 0 7.3 6.0 5.0 2.5 2 0 2 4 4
-2171.0 4162.2 -33.1 258 0 7.1 14.1 2.5 2.5 2 1 1 0 0
-2211.2 4190.7 -33.4 348 0 5.7 8.0 5.0 2.5 2 1 2 2 2
-2245.3 4341.7 -35.2 348 0 6.7 12.0 5.0 2.5 2 1 2 2 2
-2240.8 4303.2 -35.1 348 0 7.8 12.3 5.0 2.5 2 1 2 1 1
-2227.6 4240.6 -34.3 348 0 7.6 10.2 5.0 2.5 2 1 2 5 5
-2121.6 4403.7 -33.3 168 0 9.3 13.4 5.0 2.5 2 1 2 4 4
-2127.9 4431.5 -34.1 168 0 6.9 12.9 5.0 0.0 0 1 2 5 5
-2023.6 4493.6 -32.9 168 0 7.0 8.1 5.0 2.5 2 1 2 0 0
-2024.3 4451.4 -31.5 168 0 8.2 14.7 5.0 2.5 2 1 2 4 4
-1759.3 4237.0 -28.0 168 0 11.3 8.5 5.0 2.5 2 0 2 5 5
-1753.1 4198.8 -28.4 168 0 8.4 10.5 5.0 2.5 2 1 2 1 1
-1850.2 4161.1 -31.2 168 0 5.0 9.7 5.0 2.5 2 1 2 1 1
-1902.6 4255.6 -31.0 348 0 5.0 8.0 2.5 2.5 2 1 1 2 2
-1858.4 4222.3 -30.5 168 0 8.0 9.1 5.0 2.5 2 1 2 1 1
-1884.8 4224.5 -31.0 348 0 8.4 9.3 2.5 2.5 2 1 1 4 4
-1890.9 4206.0 -31.2 348 0 7.9 8.9 2.5 2.5 2 1 1 0 0
-2043.3 4925.3 -33.6 348 0 14.9 9.2 5.0 2.5 2 0 2 5 5
-2103.8 4899.2 -34.4 168 0 8.9 5.6 5.0 2.5 2 0 2 3 3
-1706.2 4625.0 -33.7 258 0 14.1 12.0 5.0 0.0 0 0 2 5 5
-1678.2 4659.8 -33.7 78 0 11.1 17.8 5.0 0.0 0 1 2 4 4
-1691.8 4650.8 -33.9 78 0 6.7 14.5 5.0 0.0 0 1 2 5 5
-1764.6 4638.3 -33.2 78 0 12.5 23.2 5.0 2.5 2 1 2 1 1
-1845.7 4534.6 -33.1 348 0 6.6 10.4 5.0 2.5 2 1 2 5 5
-1845.3 4521.6 -33.0 348 0 6.8 8.4 5.0 2.5 2 1 2 1 1
-1840.7 4510.8 -32.8 348 0 8.5 11.0 5.0 2.5 2 1 2 2 2
-1939.3 4566.3 -33.4 167 0 13.8 8.9 5.0 2.5 4 0 2 2 2
-1929.5 4950.7 -31.7 348 0 9.3 8.0 5.0 2.5 2 0 2 2 2
-1924.2 4941.7 -31.7 338 0 7.5 13.3 5.0 2.5 4 1 2 4 4
-1926.6 4895.2 -31.8 349 0 9.7 6.2 5.0 2.5 2 0 2 5 5
-1917.8 4897.7 -31.7 347 0 10.0 7.9 5.0 2.5 2 0 2 3 3
-1963.8 4725.3 -33.2 173 0 9.2 13.3 5.0 2.5 2 1 2 2 2
-1982.2 4822.8 -32.6 169 0 15.9 8.9 5.0 2.5 2 0 2 0 0
-2023.2 4830.8 -32.7 264 0 10.5 9.9 5.0 2.5 2 0 2 0 0
-1990.6 4714.3 -33.8 349 0 9.9 10.5 5.0 0.0 0 1 2 2 2
-1969.3 4635.1 -34.0 346 0 8.3 8.3 5.0 2.5 2 1 2 2 2
-1987.3 4597.5 -34.0 83 0 5.0 10.5 5.0 2.5 2 1 2 3 3
-2072.5 4696.3 -34.7 175 0 12.6 10.9 5.0 2.5 2 0 2 3 3
-2339.7 4925.1 -38.8 186 0 8.5 5.0 5.0 2.5 2 0 2 4 4
-2327.7 4905.2 -38.5 167 0 9.1 11.9 5.0 2.5 4 1 2 4 4
-2177.1 4693.6 -36.1 167 0 7.2 10.4 2.5 2.5 2 1 1 0 0
-2172.0 4671.9 -36.3 165 0 9.9 13.1 2.5 2.5 2 1 1 3 3
-2261.8 4629.7 -38.9 180 0 16.4 15.7 5.0 2.5 2 0 2 5 5
-2210.0 4450.2 -36.9 87 0 22.4 16.4 5.0 2.5 2 0 2 4 4
-2639.1 4872.4 -43.1 245 0 9.5 15.1 5.0 2.5 2 1 2 5 5
-2404.7 5067.2 -38.6 259 0 7.5 10.2 2.5 2.5 4 1 1 4 4
-2486.4 5101.5 -41.2 167 0 8.9 8.9 2.5 2.5 2 1 1 2 2
-2476.8 4948.4 -40.8 347 0 7.3 10.4 2.5 2.5 2 1 1 3 3
-2437.3 4913.7 -40.1 257 0 9.7 8.1 5.0 2.5 2 0 2 4 4
-2442.7 4796.0 -38.6 347 0 9.1 7.2 2.5 2.5 4 0 1 2 2
-2433.4 4743.3 -38.7 347 0 9.8 13.6 2.5 2.5 2 1 1 5 5
-2565.3 4827.3 -41.4 348 0 8.0 7.7 5.0 0.0 0 0 2 5 5
-2611.8 4683.3 -41.9 167 0 11.1 13.8 5.0 2.5 2 1 2 0 0
-2594.2 4564.7 -41.0 167 0 5.9 11.9 5.0 0.0 0 1 2 1 1
-2611.4 4557.3 -42.5 347 0 8.1 11.7 5.0 2.5 2 1 2 3 3
-2501.4 4554.3 -39.7 347 0 9.1 12.8 5.0 0.0 0 1 2 0 0
-2477.6 4512.6 -39.5 167 0 8.8 8.5 2.5 2.5 2 0 1 0 0
-2528.7 4490.0 -39.8 77 0 7.9 10.2 5.0 2.5 2 1 2 3 3
-2591.2 4438.5 -41.6 347 0 6.8 9.1 5.0 0.0 0 1 2 1 1
-2598.7 4451.8 -41.7 257 0 9.0 8.4 5.0 2.5 2 0 2 2 2
-2649.1 4438.8 -43.9 257 0 11.5 9.4 5.0 2.5 2 0 2 0 0
-2655.1 4462.9 -44.4 77 0 11.1 14.3 5.0 2.5 2 1 2 0 0
-2767.9 4458.1 -45.6 167 0 10.7 10.3 5.0 2.5 4 0 2 1 1
-2740.0 4417.5 -45.1 257 0 13.0 9.2 5.0 2.5 2 0 2 2 2
-2755.8 4420.8 -45.3 257 0 9.6 11.0 5.0 2.5 2 1 2 0 0
-3516.1 4153.4 -42.6 259 0 9.6 10.8 2.5 2.5 2 1 1 5 5
-3560.4 4168.1 -40.2 303 0 13.2 8.5 2.5 2.5 4 0 1 1 1
-3550.9 4129.8 -43.9 79 0 8.6 11.4 2.5 2.5 2 1 1 3 3
-6166.4 3830.8 -78.8 79 0 5.7 11.8 5.0 2.5 2 1 2 1 1
-6142.8 3835.8 -78.2 79 0 6.5 9.6 5.0 2.5 2 1 2 1 1
-6118.6 3840.3 -77.6 79 0 6.8 8.1 5.0 2.5 2 1 2 4 4
-6091.8 3841.8 -77.2 79 0 7.4 15.3 5.0 2.5 2 1 2 5 5
-6067.7 3851.5 -77.1 79 0 7.5 8.0 5.0 0.0 0 1 2 0 0
-6044.2 3853.8 -76.9 79 0 6.6 11.2 5.0 0.0 0 1 2 2 2
-6018.3 3861.0 -76.6 79 0 9.9 13.0 5.0 2.5 2 1 2 3 3
-6000.0 3862.4 -76.4 79 0 8.8 19.9 5.0 2.5 2 1 2 5 5
-5970.2 3870.3 -75.8 79 0 7.4 12.1 5.0 2.5 2 1 2 4 4
-5943.6 3878.3 -75.3 79 0 15.8 13.7 5.0 2.5 2 0 2 1 1
-5923.0 3882.9 -74.8 79 0 5.6 8.5 5.0 0.0 0 1 2 3 3
-5898.2 3887.6 -74.5 79 0 8.8 8.4 5.0 2.5 2 0 2 2 2
-5874.0 3893.8 -74.3 79 0 6.0 10.7 5.0 0.0 0 1 2 3 3
-5847.9 3907.1 -74.4 79 0 9.5 7.0 5.0 0.0 0 0 2 3 3
-5847.1 3896.3 -74.3 79 0 12.2 5.7 5.0 2.5 2 0 2 5 5
-5824.7 3904.5 -74.4 79 0 7.4 6.4 5.0 2.5 4 0 2 5 5
-5812.1 3913.6 -74.5 79 0 5.3 5.2 5.0 2.5 2 0 2 0 0
-5796.8 3905.9 -74.5 79 0 12.3 13.8 5.0 2.5 2 1 2 2 2
-5403.4 3994.2 -74.4 79 0 9.2 20.5 5.0 2.5 2 1 2 1 1
-5426.6 3985.8 -74.6 79 0 7.0 13.8 5.0 2.5 2 1 2 0 0
-5620.0 3924.3 -74.4 265 0 9.7 12.0 2.5 0.0 0 1 1 0 0
-5585.6 3908.8 -74.6 167 0 10.0 14.0 5.0 0.0 0 1 2 1 1
-5372.9 3960.9 -73.9 168 0 7.0 12.2 2.5 2.5 2 1 1 4 4
-5362.6 3911.1 -73.2 162 0 7.4 8.4 2.5 2.5 2 1 1 5 5
-5350.9 3861.9 -72.5 165 0 6.2 6.3 2.5 2.5 2 1 1 2 2
-5342.1 3813.0 -71.9 171 0 7.3 11.4 2.5 2.5 2 1 1 3 3
-5332.1 3762.1 -71.4 166 0 9.4 20.0 2.5 2.5 2 1 1 4 4
-5340.2 3757.2 -71.2 164 0 5.4 7.6 2.5 2.5 2 1 1 2 2
-5316.7 3722.2 -70.8 163 0 6.3 4.5 2.5 2.5 2 0 1 5 5
-5327.9 3706.5 -70.6 166 0 9.4 10.4 2.5 2.5 2 1 1 5 5
-5321.0 3695.9 -70.4 167 0 8.5 6.3 2.5 2.5 2 0 1 2 2
-5268.3 3506.0 -68.0 166 0 6.9 10.2 5.0 2.5 2 1 2 3 3
-5279.9 3553.3 -68.4 166 0 7.8 12.8 5.0 0.0 0 1 2 4 4
-5293.1 3604.1 -69.2 167 0 7.3 9.7 5.0 2.5 2 1 2 5 5
-5286.1 3644.8 -70.3 339 0 6.8 7.2 5.0 2.5 2 1 2 5 5
-5301.7 3650.3 -70.3 162 0 7.2 10.3 5.0 2.5 2 1 2 4 4
-5303.0 3672.7 -70.3 256 0 8.8 8.6 5.0 2.5 2 0 2 4 4
-5336.5 3643.0 -70.5 342 0 11.5 7.7 5.0 2.5 2 0 2 3 3
-5320.9 3605.5 -70.2 351 0 7.5 10.7 5.0 0.0 0 1 2 3 3
-5321.3 3580.9 -70.1 300 0 8.1 11.1 5.0 2.5 2 1 2 2 2
-5300.9 3497.0 -69.4 348 0 8.7 9.4 5.0 2.5 4 1 2 4 4
-5363.1 3755.4 -71.7 350 0 6.9 9.5 5.0 2.5 2 1 2 1 1
-5405.1 3973.9 -74.4 269 0 7.2 10.1 5.0 2.5 2 1 2 2 2
-5395.4 3941.7 -74.1 343 0 10.1 7.9 5.0 2.5 2 0 2 1 1
-5407.7 3950.3 -74.4 345 0 9.7 13.8 5.0 2.5 2 1 2 2 2
-5418.0 3934.9 -74.4 347 0 10.7 12.4 5.0 2.5 2 1 2 1 1
-5574.6 3858.2 -73.9 169 0 9.9 9.9 5.0 2.5 2 1 2 3 3
-5571.3 3843.4 -73.7 170 0 8.5 9.2 5.0 2.5 2 1 2 2 2
-5562.3 3808.7 -73.4 168 0 11.4 11.9 5.0 2.5 2 1 2 2 2
-5430.0 3622.0 -72.1 349 0 16.1 9.8 2.5 2.5 2 0 1 0 0
-5414.9 3536.5 -71.7 351 0 12.1 13.4 2.5 2.5 2 1 1 1 1
-5639.3 3622.1 -73.6 171 0 19.8 12.3 2.5 2.5 2 0 1 2 2
-5574.6 3685.1 -72.4 357 0 9.1 14.7 2.5 2.5 4 1 1 2 2
-5568.5 3705.0 -72.5 355 0 11.7 24.8 2.5 2.5 2 1 1 3 3
-5679.9 3602.1 -74.2 67 0 13.0 10.3 5.0 2.5 2 0 2 1 1
-5650.0 3618.0 -73.8 347 0 13.0 12.7 5.0 2.5 2 0 2 4 4
-5901.1 3715.7 -76.1 73 0 5.4 4.1 5.0 2.5 2 0 2 1 1
-6061.4 3554.9 -78.1 172 0 17.5 17.7 5.0 2.5 2 1 2 5 5
-5805.1 3545.8 -77.3 345 0 9.6 60.5 5.0 2.5 2 1 2 4 4
-5802.5 3563.1 -76.3 259 0 11.3 9.5 5.0 2.5 2 0 2 2 2
-5753.5 3529.6 -75.1 349 0 9.0 6.1 5.0 2.5 2 0 2 1 1
-5748.8 3480.7 -74.9 79 0 8.0 13.3 5.0 2.5 4 1 2 1 1
-5695.5 3530.6 -74.3 169 0 9.5 9.1 2.5 2.5 2 0 1 5 5
-5710.3 3549.9 -74.5 169 0 12.7 6.8 2.5 0.0 0 0 1 5 5
-5729.6 3559.3 -74.9 169 0 14.8 9.9 2.5 2.5 2 0 1 5 5
-5725.9 3545.5 -74.8 169 0 11.1 8.3 2.5 2.5 2 0 1 1 1
-5653.4 3566.5 -73.8 347 0 7.1 10.9 2.5 2.5 2 1 1 1 1
-5646.6 3578.9 -73.7 353 0 7.2 7.9 2.5 2.5 2 1 1 1 1
-5618.9 3539.4 -72.9 169 0 9.5 18.3 2.5 2.5 2 1 1 0 0
-5539.7 3607.7 -71.3 349 0 13.2 7.7 2.5 2.5 4 0 1 0 0
-5556.7 3608.2 -71.6 259 0 7.3 13.6 2.5 0.0 0 1 1 2 2
-5521.9 3598.7 -71.0 169 0 14.3 10.0 2.5 2.5 2 0 1 4 4
-5515.5 3566.9 -71.1 169 0 10.9 21.1 2.5 2.5 2 1 1 1 1
-5520.5 3493.2 -70.9 349 0 5.7 10.8 2.5 2.5 2 1 1 3 3
-5489.2 3502.1 -71.2 169 0 6.9 10.4 2.5 2.5 4 1 1 2 2
-5391.5 3538.8 -71.4 169 0 10.7 13.5 5.0 2.5 4 1 2 2 2
-5395.8 3577.6 -71.5 169 0 6.4 10.6 5.0 0.0 0 1 2 1 1
-5421.0 3630.9 -72.1 169 0 14.4 11.4 5.0 2.5 2 0 2 1 1
-5406.7 3640.0 -71.8 259 0 4.2 12.6 5.0 2.5 2 1 2 4 4
-5409.5 3589.7 -71.8 169 0 13.4 15.4 5.0 2.5 2 1 2 5 5
-5427.3 3603.2 -72.0 349 0 7.4 11.1 2.5 2.5 2 1 1 0 0
-5448.2 3633.6 -72.0 259 0 7.8 7.8 2.5 2.5 2 0 1 5 5
-5431.2 3635.0 -72.2 349 0 5.3 8.9 2.5 2.5 2 1 1 2 2
-5438.5 3645.9 -72.2 259 0 5.8 8.0 2.5 2.5 4 1 1 2 2
-5464.0 3639.4 -71.8 259 0 4.7 4.9 2.5 2.5 2 1 1 1 1
-5470.2 3636.3 -71.7 259 0 3.8 6.4 2.5 2.5 2 1 1 2 2
-5475.3 3630.9 -71.7 259 0 6.1 10.5 2.5 2.5 2 1 1 3 3
-5457.3 3683.4 -71.8 349 0 14.9 10.0 5.0 0.0 0 0 2 4 4
-5549.9 3762.8 -72.8 169 0 9.6 11.0 5.0 2.5 2 1 2 1 1
-5545.0 3733.7 -72.4 169 0 7.9 10.4 5.0 2.5 2 1 2 4 4
-5539.6 3716.0 -72.2 169 0 7.1 11.8 5.0 2.5 2 1 2 2 2
-5508.3 3661.7 -71.7 79 0 9.7 14.5 5.0 2.5 2 1 2 0 0
-5524.0 3661.4 -71.6 169 0 15.1 6.2 5.0 2.5 2 0 2 0 0
-5530.6 3648.7 -71.3 169 0 9.5 6.7 5.0 2.5 2 0 2 3 3
-5561.4 3659.2 -71.9 349 0 9.5 7.4 2.5 2.5 4 0 1 3 3
-5575.8 3773.8 -72.7 349 0 9.3 5.1 2.5 2.5 2 0 1 1 1
-5575.8 3738.7 -72.4 349 0 5.5 11.8 2.5 2.5 2 1 1 3 3
-5588.8 3797.4 -72.9 349 0 13.3 13.9 2.5 2.5 2 1 1 2 2
-5596.4 3818.8 -73.1 349 0 5.5 11.6 2.5 2.5 2 1 1 1 1
-5605.5 3841.7 -73.4 349 0 12.6 7.1 2.5 2.5 2 0 1 0 0
-5468.3 3884.4 -74.3 169 0 7.0 6.8 5.0 2.5 2 0 2 5 5
-5468.7 3868.9 -74.2 169 0 11.2 15.3 5.0 2.5 2 1 2 4 4
-5466.6 3854.1 -74.1 169 0 7.3 11.7 5.0 2.5 2 1 2 4 4
-5462.2 3842.8 -74.0 169 0 7.7 6.3 5.0 2.5 2 0 2 2 2
-5456.5 3831.6 -73.9 169 0 11.8 11.0 5.0 2.5 2 0 2 5 5
-5457.3 3819.6 -73.8 169 0 8.1 10.6 5.0 2.5 2 1 2 5 5
-5446.3 3787.0 -73.3 169 0 8.0 11.8 5.0 2.5 2 1 2 2 2
-5415.0 3672.1 -71.8 79 0 8.5 14.5 5.0 2.5 2 1 2 3 3
-5435.1 3732.0 -72.3 169 0 18.3 11.7 5.0 2.5 2 0 2 2 2
-5472.3 3763.4 -73.2 349 0 14.1 8.6 5.0 2.5 2 0 2 4 4
-5491.1 3828.7 -74.0 349 0 7.6 13.1 5.0 0.0 0 1 2 5 5
-5495.4 3860.2 -74.2 349 0 7.6 11.6 5.0 2.5 2 1 2 1 1
-5499.6 3874.0 -74.3 349 0 7.0 10.1 5.0 2.5 2 1 2 4 4
-5506.6 3881.5 -74.4 349 0 6.5 7.1 5.0 2.5 2 1 2 5 5
-5504.0 3892.6 -74.5 349 0 7.6 8.7 5.0 2.5 2 1 2 3 3
-5516.0 3925.2 -74.8 349 0 6.1 8.4 5.0 2.5 2 1 2 2 2
-5481.2 3933.4 -74.7 169 0 6.7 6.7 5.0 2.5 2 0 2 5 5
-5499.5 3974.4 -75.0 79 0 7.3 9.7 5.0 2.5 2 1 2 0 0
-5514.6 3966.3 -75.0 79 0 9.8 12.4 5.0 2.5 2 1 2 5 5
-5528.6 3960.2 -75.0 79 0 8.8 9.5 5.0 2.5 2 1 2 3 3
-5549.6 3964.3 -75.1 79 0 7.7 8.8 5.0 2.5 4 1 2 0 0
-5573.8 3959.7 -75.2 79 0 6.7 8.9 5.0 2.5 2 1 2 1 1
-5597.5 3950.8 -75.1 79 0 7.1 12.5 5.0 2.5 2 1 2 5 5
-5629.0 3945.9 -74.8 79 0 7.4 14.2 5.0 2.5 2 1 2 4 4
-5656.8 3938.6 -74.4 79 0 15.2 13.9 5.0 2.5 2 0 2 0 0
-5691.8 3884.9 -74.0 169 0 8.7 11.8 2.5 0.0 0 1 1 2 2
-5703.7 3930.3 -74.4 79 0 6.8 7.7 5.0 2.5 2 1 2 0 0
-5726.7 3918.2 -74.6 79 0 11.4 15.1 5.0 2.5 2 1 2 3 3
-5725.8 3879.0 -74.3 349 0 8.1 7.7 5.0 2.5 2 0 2 4 4
-5703.3 3785.0 -74.2 349 0 12.8 9.1 5.0 2.5 2 0 2 1 1
-5691.4 3732.9 -74.1 349 0 14.2 8.9 5.0 2.5 2 0 2 3 3
-5680.8 3679.5 -74.0 349 0 13.7 7.8 5.0 2.5 2 0 2 2 2
-5781.8 3673.4 -75.4 349 0 26.9 11.5 5.0 2.5 2 0 2 0 0
-5773.5 3643.2 -75.4 349 0 17.6 12.0 5.0 2.5 2 0 2 2 2
-5739.7 3602.7 -75.0 169 0 16.9 17.3 5.0 2.5 2 1 2 0 0
-5728.6 3620.4 -74.7 169 0 8.0 9.8 5.0 2.5 2 1 2 4 4
-5742.4 3617.2 -74.9 169 0 8.0 11.5 5.0 2.5 2 1 2 5 5
-5747.5 3669.0 -74.8 169 0 11.5 10.2 5.0 2.5 2 0 2 1 1
-5762.3 3718.3 -74.8 169 0 12.6 12.8 5.0 2.5 2 1 2 4 4
-5772.9 3766.4 -74.8 169 0 9.9 11.6 5.0 2.5 2 1 2 4 4
-5793.2 3864.6 -74.2 169 0 7.0 8.4 5.0 2.5 2 1 2 1 1
-5828.2 3854.6 -74.3 349 0 7.2 10.0 2.5 2.5 2 1 1 2 2
-5829.4 3822.8 -74.6 349 0 7.0 6.9 2.5 2.5 2 0 1 1 1
-5810.1 3820.7 -74.5 349 0 7.6 6.9 2.5 2.5 2 0 1 0 0
-5819.3 3817.3 -74.6 349 0 10.0 8.0 2.5 2.5 2 0 1 0 0
-5817.2 3806.6 -74.7 349 0 5.4 8.4 2.5 2.5 2 1 1 4 4
-5797.7 3769.1 -75.1 349 0 12.4 23.2 2.5 2.5 2 1 1 3 3
-5813.6 3744.5 -75.2 79 0 8.8 11.8 2.5 2.5 4 1 1 5 5
-5887.3 3790.5 -75.4 169 0 7.5 13.1 2.5 2.5 2 1 1 5 5
-6027.6 3762.6 -76.9 349 0 8.6 5.9 2.5 2.5 2 0 1 0 0
-6123.7 3734.5 -79.9 349 0 9.7 17.6 5.0 2.5 2 1 2 4 4
-6073.3 3684.8 -78.4 79 0 11.5 16.0 2.5 2.5 2 1 1 3 3
-6091.8 3743.8 -78.2 169 0 8.1 12.4 2.5 2.5 2 1 1 1 1
-5991.3 3770.3 -76.4 169 0 7.1 12.5 5.0 2.5 2 1 2 3 3
-6014.3 3700.4 -76.8 79 0 8.3 14.2 2.5 2.5 2 1 1 2 2
-5908.0 3732.6 -76.1 349 0 8.3 6.4 5.0 2.5 4 0 2 4 4
-5851.2 3708.7 -75.9 259 0 12.8 10.0 5.0 2.5 4 0 2 4 4
-5877.2 3702.6 -76.3 259 0 18.4 12.4 5.0 0.0 0 0 2 4 4
-5899.8 3695.6 -76.5 259 0 9.7 13.6 5.0 2.5 2 1 2 0 0
-5921.9 3690.0 -76.6 259 0 8.3 9.5 5.0 2.5 2 1 2 5 5
-5874.0 3541.1 -77.6 259 0 6.4 6.8 5.0 2.5 2 1 2 2 2
-5897.4 3533.3 -77.9 169 0 6.5 8.5 5.0 2.5 4 1 2 3 3
-5890.0 3517.2 -77.8 169 0 12.2 6.1 5.0 2.5 2 0 2 1 1
-5885.1 3501.5 -77.5 169 0 10.9 8.6 5.0 2.5 2 0 2 5 5
-5838.7 3523.1 -76.9 259 0 25.6 15.5 5.0 2.5 2 0 2 3 3
-5848.5 3586.3 -76.7 79 0 7.6 8.4 5.0 2.5 2 1 2 2 2
-5863.0 3587.9 -77.0 79 0 11.7 14.3 5.0 0.0 0 1 2 3 3
-5899.6 3583.1 -77.5 169 0 9.5 12.2 5.0 0.0 0 1 2 2 2
-5932.1 3604.9 -77.5 349 0 10.8 20.3 5.0 2.5 2 1 2 0 0
-5926.8 3579.4 -77.8 349 0 12.2 13.8 5.0 2.5 4 1 2 2 2
-5962.8 3565.0 -78.0 79 0 6.1 11.9 5.0 2.5 2 1 2 2 2
-5950.5 3567.0 -78.0 79 0 9.9 11.6 5.0 0.0 0 1 2 2 2
-5909.5 3527.7 -77.4 349 0 10.2 14.0 5.0 0.0 0 1 2 2 2
-5928.9 3503.7 -76.9 349 0 11.5 18.4 5.0 0.0 0 1 2 3 3
-5952.9 3522.5 -77.1 259 0 6.8 8.9 5.0 2.5 2 1 2 4 4
-5989.1 3530.2 -77.3 259 0 9.0 13.0 5.0 2.5 2 1 2 0 0
-6003.8 3527.8 -77.2 259 0 9.4 8.7 5.0 0.0 0 0 2 1 1
-6007.3 3507.3 -76.8 259 0 4.0 20.9 5.0 0.0 0 1 2 5 5
-5993.1 3511.4 -76.9 259 0 11.2 8.7 5.0 2.5 2 0 2 3 3
-6347.7 3747.3 -79.8 40 0 9.0 11.5 5.0 0.0 0 1 2 5 5
-6095.8 3577.7 -78.7 351 0 11.7 8.6 5.0 2.5 4 0 2 3 3
-6100.8 3532.0 -77.6 82 0 7.5 6.0 5.0 2.5 2 0 2 3 3
-6089.5 3548.4 -78.0 347 0 10.0 23.4 5.0 2.5 2 1 2 2 2
-6228.6 3766.3 -80.5 227 0 11.3 18.3 5.0 2.5 2 1 2 1 1
-6247.0 3767.3 -80.5 228 0 18.6 10.8 5.0 2.5 2 0 2 5 5
-6266.4 3763.7 -80.7 227 0 9.8 20.9 5.0 2.5 2 1 2 3 3
-6272.1 3776.0 -80.1 253 0 9.4 4.7 5.0 0.0 0 0 2 5 5
-6282.9 3769.3 -80.3 226 0 9.7 4.0 5.0 2.5 2 0 2 3 3
-6295.4 3751.0 -80.7 228 0 17.5 14.5 5.0 2.5 2 0 2 1 1
-6318.2 3715.9 -80.2 224 0 7.3 14.3 5.0 2.5 2 1 2 4 4
-6309.8 3723.0 -80.5 224 0 12.2 29.4 5.0 2.5 2 1 2 4 4
-6285.7 3698.2 -80.9 224 0 11.2 14.6 5.0 0.0 0 1 2 0 0
-6272.2 3684.2 -81.3 224 0 12.9 13.0 5.0 2.5 2 1 2 1 1
-6194.4 3540.9 -78.9 134 0 9.9 9.7 5.0 2.5 2 0 2 1 1
-6200.2 3551.6 -79.6 44 0 10.4 27.6 5.0 2.5 2 1 2 2 2
-6251.5 3537.0 -79.6 134 0 10.6 34.2 5.0 2.5 2 1 2 3 3
-6239.0 3511.2 -78.4 134 0 9.0 8.4 5.0 2.5 2 0 2 4 4
-6231.9 3501.6 -78.1 134 0 9.4 10.9 5.0 2.5 2 1 2 2 2
-6220.7 3489.2 -77.8 134 0 17.7 12.2 5.0 2.5 2 0 2 0 0
-6202.4 3441.8 -76.0 314 0 7.6 9.5 5.0 2.5 2 1 2 4 4
-6209.2 3449.3 -76.3 314 0 9.9 9.9 5.0 2.5 2 0 2 3 3
-6287.8 3508.8 -79.0 314 0 7.4 14.1 5.0 2.5 2 1 2 0 0
-6300.4 3518.0 -79.5 314 0 11.3 6.8 5.0 2.5 2 0 2 0 0
-6462.5 3561.9 -79.5 134 0 9.2 9.7 5.0 2.5 2 1 2 3 3
-6424.6 3527.9 -79.4 134 0 7.5 14.2 5.0 2.5 2 1 2 5 5
-6505.4 3524.5 -79.4 224 0 4.3 7.3 2.5 2.5 4 1 1 2 2
-6484.0 3548.7 -79.3 314 0 6.9 7.2 2.5 2.5 2 1 1 3 3
-6485.5 3534.3 -79.3 314 0 7.5 6.2 2.5 2.5 2 0 1 1 1
-6498.4 3533.0 -79.4 224 0 5.8 13.2 2.5 2.5 4 1 1 4 4
-421.9 -5357.0 -48.0 216 0 7.4 10.6 2.5 2.5 2 1 1 3 3
-432.1 -5369.9 -47.9 210 0 9.7 13.2 7.5 2.5 4 1 3 5 5
-436.8 -5382.3 -47.5 209 0 10.7 10.7 7.5 2.5 2 1 3 4 4
-425.6 -5431.8 -44.5 129 0 6.0 7.2 2.5 2.5 2 1 1 1 1
-405.1 -5411.0 -46.3 38 0 7.6 8.1 5.0 2.5 2 1 2 1 1
-393.2 -5394.8 -47.9 31 0 7.6 8.0 5.0 2.5 2 1 2 1 1
-372.8 -5369.2 -49.3 30 0 8.6 11.4 5.0 2.5 2 1 2 3 3
-378.9 -5375.1 -49.2 30 0 4.9 9.3 2.5 2.5 2 1 1 2 2
-383.5 -5380.7 -49.1 31 0 7.4 8.4 5.0 2.5 4 1 2 4 4
-408.3 -5195.8 -45.8 85 0 6.4 6.6 2.5 2.5 4 1 1 3 3
-378.5 -4709.5 -53.6 121 0 10.8 26.4 12.5 0.0 0 1 5 0 0
-373.9 -4723.4 -54.8 207 0 10.1 15.9 7.5 2.5 2 1 3 2 2
-355.1 -4737.7 -54.6 118 0 7.6 10.3 5.0 2.5 2 1 2 4 4
-360.0 -4752.6 -54.5 122 0 12.2 9.5 5.0 2.5 2 0 2 2 2
-370.6 -4796.3 -54.7 176 0 6.3 9.7 2.5 2.5 2 1 1 3 3
-377.4 -4817.3 -55.0 176 0 5.6 13.8 5.0 2.5 2 1 2 4 4
-372.3 -4848.8 -54.0 176 0 9.5 7.5 5.0 2.5 2 0 2 5 5
-376.4 -4895.8 -53.0 176 0 11.5 17.0 5.0 2.5 2 1 2 3 3
-370.1 -4928.5 -52.1 176 0 6.4 12.6 2.5 2.5 2 1 1 1 1
-370.3 -4937.1 -52.0 176 0 6.9 14.6 2.5 2.5 2 1 1 0 0
-361.2 -4952.0 -51.8 176 0 6.1 7.3 7.5 0.0 0 1 3 0 0
-361.1 -4960.1 -51.6 176 0 6.7 9.2 5.0 2.5 2 1 2 1 1
-360.0 -4977.4 -51.1 176 0 6.4 8.6 7.5 2.5 4 1 3 2 2
-330.4 -4643.5 -52.1 218 0 12.4 15.9 5.0 2.5 2 1 2 2 2
-320.8 -4627.2 -51.7 221 0 12.4 5.4 7.5 2.5 2 0 3 5 5
-310.3 -4618.5 -52.0 218 0 8.1 14.6 2.5 2.5 2 1 1 5 5
-275.8 -4600.6 -52.0 240 0 10.6 17.6 5.0 2.5 2 1 2 3 3
-209.1 -4600.0 -51.0 252 0 7.3 8.7 5.0 0.0 0 1 2 0 0
-189.7 -4591.0 -50.4 249 0 8.3 10.4 5.0 2.5 2 1 2 5 5
-162.5 -4586.4 -49.4 255 0 7.4 7.5 5.0 2.5 2 1 2 5 5
-136.6 -4578.8 -48.3 256 0 8.1 8.2 5.0 2.5 2 1 2 2 2
-107.6 -4569.0 -47.1 248 0 8.9 10.9 7.5 2.5 4 1 3 3 3
-86.9 -4564.9 -46.5 261 0 7.1 8.3 7.5 2.5 2 1 3 1 1
-65.4 -4557.9 -45.5 255 0 5.0 6.6 7.5 2.5 2 1 3 3 3
-38.3 -4551.0 -44.6 256 0 9.4 8.5 7.5 0.0 0 0 3 5 5
-9.0 -4536.7 -44.1 258 0 8.5 7.8 5.0 2.5 2 0 2 5 5
13.6 -4541.0 -44.2 257 0 8.7 6.5 2.5 2.5 2 0 1 1 1
69.8 -4525.6 -43.0 248 0 6.3 6.7 2.5 2.5 2 1 1 0 0
89.6 -4504.3 -41.7 251 0 6.1 8.5 7.5 2.5 2 1 3 0 0
113.8 -4510.2 -41.9 254 0 7.3 7.3 2.5 0.0 0 1 1 2 2
135.4 -4505.0 -41.4 254 0 8.2 7.2 5.0 0.0 0 0 2 3 3
164.7 -4496.6 -41.0 248 0 6.9 4.5 5.0 2.5 2 0 2 0 0
220.8 -4537.5 -43.1 78 0 6.3 9.8 7.5 2.5 2 1 3 4 4
170.1 -4548.1 -42.3 62 0 6.7 9.7 2.5 2.5 2 1 1 5 5
148.5 -4556.2 -41.2 77 0 7.3 7.1 5.0 2.5 2 0 2 2 2
129.9 -4569.4 -41.1 75 0 8.1 11.1 5.0 2.5 2 1 2 4 4
104.2 -4570.4 -41.8 79 0 9.6 7.0 7.5 2.5 2 0 3 3 3
75.6 -4577.9 -43.5 76 0 8.8 9.7 5.0 2.5 2 1 2 4 4
31.5 -4592.6 -44.3 68 0 10.3 14.4 7.5 2.5 2 1 3 3 3
9.0 -4604.0 -44.6 76 0 8.5 13.3 5.0 2.5 2 1 2 2 2
-23.0 -4607.4 -45.9 78 0 7.6 9.7 5.0 2.5 2 1 2 5 5
-47.0 -4618.0 -47.2 80 0 8.6 14.9 5.0 2.5 2 1 2 5 5
-72.5 -4620.2 -48.2 88 0 6.9 11.4 7.5 2.5 4 1 3 3 3
-97.2 -4622.7 -49.2 73 0 7.7 9.9 2.5 2.5 2 1 1 5 5
-120.5 -4636.7 -50.6 70 0 15.3 15.0 2.5 2.5 2 0 1 0 0
-145.0 -4637.3 -51.1 73 0 8.1 9.4 5.0 2.5 2 1 2 2 2
-179.1 -4641.4 -52.0 73 0 7.4 5.5 2.5 2.5 4 0 1 4 4
-196.6 -4656.6 -51.4 72 0 7.8 7.5 2.5 2.5 4 0 1 5 5
-221.3 -4659.8 -51.3 69 0 8.5 10.1 5.0 2.5 4 1 2 4 4
-233.5 -4662.5 -51.7 61 0 7.6 12.3 7.5 2.5 4 1 3 0 0
-261.6 -4675.5 -52.1 53 0 6.5 6.8 5.0 0.0 0 1 2 2 2
-274.2 -4694.5 -51.9 38 0 8.2 9.4 5.0 2.5 2 1 2 1 1
-288.9 -4711.6 -52.2 32 0 6.1 6.7 2.5 2.5 2 1 1 4 4
-299.7 -4735.4 -53.0 26 0 7.4 6.6 5.0 2.5 2 0 2 0 0
-307.1 -4753.0 -53.1 27 0 7.3 11.4 7.5 2.5 2 1 3 1 1
-315.3 -4770.7 -52.9 18 0 6.6 8.0 5.0 2.5 2 1 2 2 2
-315.3 -4795.9 -52.9 6 0 6.8 11.9 2.5 2.5 2 1 1 3 3
-317.1 -4804.0 -52.9 7 0 7.0 10.9 5.0 2.5 2 1 2 5 5
-321.0 -4820.1 -53.1 4 0 8.1 8.2 7.5 2.5 2 1 3 1 1
-321.3 -4847.1 -53.4 7 0 8.4 9.0 5.0 2.5 2 1 2 2 2
-316.3 -4871.4 -53.3 356 0 7.7 5.0 5.0 2.5 4 0 2 1 1
-310.2 -4894.0 -53.0 353 0 6.5 8.2 5.0 2.5 2 1 2 0 0
-313.5 -4922.5 -52.8 357 0 7.0 10.1 7.5 2.5 2 1 3 2 2
-310.1 -4940.6 -52.8 0 0 9.4 11.6 7.5 2.5 2 1 3 2 2
-310.9 -4949.0 -52.7 359 0 6.4 10.3 7.5 2.5 2 1 3 3 3
-306.4 -4973.5 -52.7 358 0 8.0 11.1 7.5 2.5 2 1 3 5 5
-310.9 -5014.2 -52.1 173 0 7.4 6.4 7.5 2.5 2 0 3 2 2
-285.4 -5037.2 -52.6 352 0 9.3 12.4 7.5 2.5 4 1 3 0 0
-299.7 -5063.6 -51.9 87 0 7.6 6.9 5.0 2.5 2 0 2 2 2
-6104.6 3756.2 -78.3 165 0 16.1 15.6 2.5 2.5 2 0 1 2 2
-6096.4 3812.9 -77.6 268 0 9.8 10.3 2.5 2.5 2 1 1 4 4
-6006.9 3727.0 -76.7 347 0 6.0 9.6 2.5 2.5 2 1 1 5 5
-3873.0 3991.2 -51.5 77 0 12.0 10.6 5.0 2.5 2 0 2 0 0
-3908.5 4016.3 -52.2 260 0 20.2 13.8 5.0 2.5 2 0 2 4 4
-3966.1 3978.5 -52.6 177 0 17.8 15.2 5.0 0.0 0 0 2 1 1
-3950.4 3940.8 -51.8 84 0 10.7 17.3 5.0 2.5 2 1 2 5 5
-3675.0 4081.3 -48.5 91 0 5.2 5.5 2.5 2.5 2 1 1 1 1
-3610.7 4095.1 -47.7 77 0 8.1 8.8 2.5 2.5 2 1 1 0 0
-3618.4 4125.2 -44.8 261 0 10.7 9.1 2.5 2.5 2 0 1 4 4
-3585.6 4121.6 -44.6 76 0 6.4 6.0 2.5 0.0 0 0 1 1 1
-3564.0 4125.3 -44.3 85 0 7.0 10.2 2.5 2.5 2 1 1 4 4
-3592.9 4159.8 -40.6 254 0 8.4 7.4 2.5 2.5 2 0 1 2 2
-2389.4 4257.0 -37.4 175 0 9.1 10.6 2.5 2.5 2 1 1 2 2
-2400.9 4237.8 -37.6 171 0 7.2 13.8 2.5 2.5 2 1 1 5 5
-2554.1 4335.5 -40.6 173 0 9.2 6.2 5.0 2.5 4 0 2 2 2
-2688.8 4428.7 -44.4 262 0 10.9 9.9 5.0 2.5 4 0 2 2 2
-2703.5 4433.9 -44.7 261 0 8.7 9.3 5.0 2.5 2 1 2 5 5
-2802.4 4383.0 -45.9 82 0 7.5 17.8 5.0 2.5 2 1 2 5 5
-2604.2 4506.9 -42.3 352 0 9.8 10.3 5.0 2.5 2 1 2 5 5
-2596.8 4498.0 -41.8 348 0 8.9 8.2 5.0 2.5 2 0 2 2 2
-2560.8 4816.8 -41.3 358 0 10.0 11.9 5.0 2.5 2 1 2 0 0
-2547.2 4758.1 -41.3 348 0 8.1 10.3 5.0 0.0 0 1 2 4 4
-2481.4 4538.6 -39.8 182 0 10.1 9.3 2.5 2.5 2 0 1 4 4
-2479.4 4524.1 -39.6 169 0 11.3 7.9 2.5 2.5 2 0 1 2 2
-2487.3 4432.1 -38.6 348 0 18.3 8.9 2.5 2.5 2 0 1 1 1
-2477.5 4427.5 -38.4 349 0 5.4 7.7 2.5 2.5 4 1 1 0 0
-2470.9 4429.5 -38.5 349 0 7.2 6.3 2.5 2.5 2 0 1 1 1
-2552.2 4379.4 -40.2 167 0 9.5 16.9 2.5 2.5 4 1 1 4 4
-2439.2 4372.0 -38.2 260 0 11.7 13.7 2.5 2.5 2 1 1 2 2
-2456.6 4314.0 -38.6 354 0 16.7 10.7 5.0 2.5 2 0 2 2 2
-2563.7 4281.4 -41.1 351 0 10.6 8.3 5.0 2.5 2 0 2 3 3
-2586.2 4375.2 -41.9 354 0 9.9 7.8 5.0 2.5 2 0 2 3 3
-6580.3 3486.8 -81.6 43 0 8.6 12.5 5.0 2.5 2 1 2 2 2
-6549.0 3296.5 -79.0 310 0 10.7 10.9 5.0 0.0 0 1 2 1 1
-6442.6 3482.2 -78.1 314 0 15.0 10.2 2.5 2.5 2 0 1 0 0
-5912.6 3392.4 -75.3 166 0 10.9 11.3 5.0 2.5 2 1 2 1 1
-5819.8 3381.4 -75.4 347 0 10.6 12.0 5.0 2.5 2 1 2 1 1
-5818.5 3348.7 -75.5 78 0 12.2 12.1 5.0 2.5 2 0 2 4 4
-6065.2 3473.0 -76.2 323 0 11.3 9.6 5.0 2.5 2 0 2 1 1
-6198.4 3464.3 -76.8 137 0 17.5 12.0 5.0 2.5 2 0 2 1 1
-6224.1 3461.4 -76.9 310 0 17.5 9.3 5.0 2.5 2 0 2 4 4
-6196.2 3382.6 -76.1 228 0 13.7 9.8 2.5 2.5 4 0 1 4 4
-6337.0 3432.9 -78.4 85 0 9.4 10.9 5.0 2.5 2 1 2 5 5
-6362.9 3425.3 -78.2 312 0 11.2 11.3 2.5 2.5 2 1 1 4 4
-6397.6 3314.7 -76.7 269 0 10.2 10.2 5.0 2.5 2 1 2 4 4
-6380.0 3172.0 -76.4 130 0 6.6 18.1 5.0 2.5 2 1 2 5 5
-6403.4 3029.9 -78.0 309 0 9.7 11.3 5.0 2.5 2 1 2 4 4
-2126.1 5010.5 -35.9 175 0 7.5 10.1 5.0 0.0 0 1 2 5 5
-2227.7 4973.4 -37.4 167 0 8.3 12.6 2.5 2.5 4 1 1 0 0
-2270.6 5029.3 -38.5 355 0 6.3 9.0 2.5 2.5 2 1 1 3 3
-2238.0 5040.0 -38.2 169 0 7.1 8.8 2.5 2.5 2 1 1 3 3
-2149.4 5050.0 -37.4 81 0 9.2 11.6 2.5 0.0 0 1 1 0 0
-2063.0 5065.1 -34.6 78 0 8.7 8.5 2.5 2.5 2 0 1 0 0
-2053.5 5022.7 -34.2 354 0 8.4 9.2 5.0 2.5 2 1 2 1 1
-1929.0 4993.2 -31.7 346 0 11.4 9.0 5.0 2.5 2 0 2 0 0
-2101.1 4576.9 -35.6 72 0 11.5 13.5 2.5 2.5 2 1 1 3 3
-2006.9 4779.2 -33.0 350 0 7.4 10.8 5.0 0.0 0 1 2 2 2
-1998.0 4929.1 -32.9 161 0 11.3 9.2 5.0 2.5 4 0 2 2 2
-1614.9 4672.1 -32.6 80 0 7.8 14.2 5.0 2.5 2 1 2 5 5
-1640.1 4671.4 -33.1 84 0 11.8 14.7 5.0 2.5 2 1 2 2 2
-1658.9 4635.9 -34.1 263 0 9.9 12.9 5.0 0.0 0 1 2 1 1
-1729.8 4651.4 -33.6 79 0 12.3 11.0 5.0 2.5 2 0 2 3 3
2418.0 5818.0 28.7 205 0 8.7 9.3 5.0 2.5 2 1 2 4 4
2482.1 5773.7 30.4 35 0 6.0 8.2 5.0 2.5 2 1 2 4 4
2480.1 5759.2 29.5 28 0 8.4 12.5 5.0 2.5 2 1 2 2 2
2388.6 5719.0 27.4 188 0 9.6 12.4 5.0 2.5 2 1 2 1 1
2461.5 5705.1 28.5 20 0 7.9 13.1 5.0 0.0 0 1 2 5 5
2448.3 5640.0 28.4 30 0 8.1 14.0 5.0 2.5 2 1 2 2 2
2384.9 5627.6 27.9 297 0 8.2 7.5 5.0 2.5 2 0 2 0 0
2357.3 5593.6 31.3 194 0 14.0 8.6 5.0 2.5 2 0 2 5 5
2323.5 5487.1 38.2 207 0 6.7 12.0 5.0 2.5 2 1 2 0 0
2354.7 5430.5 39.2 30 0 8.7 14.3 5.0 2.5 2 1 2 1 1
2341.4 5368.4 40.2 16 0 10.1 14.7 5.0 0.0 0 1 2 1 1
2269.6 5360.8 40.4 201 0 8.5 15.7 5.0 2.5 2 1 2 5 5
2255.3 5314.7 41.5 200 0 8.5 14.8 5.0 2.5 2 1 2 1 1
2299.3 5214.4 45.7 21 0 7.5 10.4 5.0 2.5 2 1 2 5 5
2266.4 5074.6 48.5 11 0 9.7 9.9 5.0 2.5 2 1 2 1 1
2228.4 5158.7 44.3 188 0 8.1 13.6 5.0 2.5 2 1 2 2 2
2222.3 5138.6 45.0 199 0 12.0 9.2 5.0 2.5 2 0 2 1 1
2212.0 4851.9 52.0 168 0 8.7 9.2 5.0 2.5 2 1 2 1 1
2223.5 4776.7 53.0 165 0 8.0 7.7 5.0 2.5 2 0 2 1 1
2252.9 4929.0 50.7 349 0 8.4 12.4 5.0 2.5 2 1 2 0 0
2307.1 4740.9 53.6 334 0 9.7 19.1 5.0 0.0 0 1 2 3 3
2311.8 4717.6 53.7 337 0 10.9 17.7 5.0 2.5 2 1 2 5 5
2201.1 4735.3 52.8 179 0 12.5 28.9 5.0 2.5 2 1 2 0 0
529.6 4929.1 14.4 24 0 14.7 10.9 5.0 2.5 2 0 2 0 0
879.0 4401.2 26.5 226 0 8.2 8.0 5.0 2.5 2 0 2 0 0
735.7 4584.9 24.0 231 0 8.9 8.1 5.0 2.5 2 0 2 3 3
581.5 4850.4 16.3 241 0 14.6 8.4 5.0 2.5 4 0 2 3 3
544.7 4819.4 14.3 238 0 9.5 10.0 7.5 2.5 2 1 3 0 0
571.9 4795.7 17.0 321 0 8.1 12.3 5.0 2.5 2 1 2 1 1
564.5 4764.9 19.5 152 0 15.0 16.1 5.0 0.0 0 1 2 0 0
627.0 4714.5 24.0 228 0 8.4 7.7 7.5 0.0 0 0 3 0 0
657.0 4756.1 22.6 315 0 4.8 13.0 5.0 0.0 0 1 2 5 5
672.1 4743.4 23.2 320 0 11.0 13.5 7.5 0.0 0 1 3 4 4
688.6 4714.9 24.6 319 0 10.1 11.8 5.0 2.5 2 1 2 4 4
705.3 4697.0 25.1 324 0 8.7 10.6 7.5 0.0 0 1 3 0 0
742.1 4637.5 24.0 139 0 9.8 16.9 5.0 2.5 4 1 2 3 3
792.2 4589.3 22.3 324 0 12.4 11.8 5.0 2.5 2 0 2 0 0
815.0 4547.2 19.7 134 0 9.0 14.5 5.0 2.5 2 1 2 2 2
871.7 4470.1 22.9 142 0 10.1 14.4 7.5 2.5 2 1 3 0 0
956.4 4386.4 27.2 313 0 6.0 10.8 2.5 2.5 2 1 1 0 0
964.8 4377.6 27.3 302 0 7.5 8.8 2.5 2.5 2 1 1 2 2
991.2 4345.7 27.2 312 0 7.1 9.3 2.5 0.0 0 1 1 5 5
1051.4 4218.0 28.8 123 0 8.1 12.9 5.0 2.5 2 1 2 0 0
1068.7 4277.0 26.8 310 0 6.3 8.6 5.0 2.5 2 1 2 0 0
1082.4 4267.9 27.0 303 0 7.1 9.6 7.5 2.5 2 1 3 0 0
1099.3 4183.3 30.3 125 0 8.3 14.1 5.0 2.5 2 1 2 4 4
1107.8 4254.3 27.5 299 0 7.7 13.0 5.0 2.5 4 1 2 1 1
1137.2 4232.4 28.1 28 0 16.3 9.6 7.5 2.5 2 0 3 4 4
1208.8 4194.3 29.6 307 0 8.4 13.2 2.5 2.5 2 1 1 1 1
1232.4 4170.9 31.0 44 0 8.1 7.5 7.5 0.0 0 0 3 1 1
2975.4 3850.6 66.9 275 0 6.5 7.6 7.5 2.5 2 1 3 5 5
2971.6 3838.0 68.8 185 0 7.1 6.2 2.5 2.5 2 0 1 2 2
2992.4 3823.7 70.6 14 0 7.1 23.3 7.5 2.5 4 1 3 0 0
2970.0 3800.2 74.9 102 0 8.9 9.5 7.5 2.5 2 1 3 0 0
2911.0 3818.5 70.0 102 0 7.2 10.0 7.5 2.5 4 1 3 1 1
2882.0 3819.9 68.6 103 0 7.8 15.6 5.0 2.5 2 1 2 5 5
2564.2 3846.5 68.0 193 0 11.0 7.6 5.0 2.5 2 0 2 2 2
2586.7 3840.4 67.7 103 0 6.6 8.2 2.5 2.5 2 1 1 4 4
2678.9 3864.8 64.0 102 0 10.0 14.0 7.5 2.5 2 1 3 2 2
2617.1 3903.5 57.2 283 0 10.6 17.0 2.5 2.5 2 1 1 2 2
2588.5 3895.8 57.1 283 0 8.2 12.5 5.0 2.5 2 1 2 1 1
2549.4 3898.2 56.1 103 0 7.2 11.7 7.5 2.5 4 1 3 4 4
2513.7 3905.0 58.3 102 0 7.6 9.0 5.0 2.5 2 1 2 5 5
2579.0 6081.6 23.3 24 0 11.2 8.8 5.0 2.5 2 0 2 4 4
2565.7 6038.5 24.9 22 0 11.0 9.6 5.0 2.5 2 0 2 1 1
2528.0 5936.6 31.4 12 0 7.0 8.8 5.0 2.5 2 1 2 4 4
2548.5 5879.5 34.0 30 0 6.3 9.5 5.0 2.5 4 1 2 4 4
2522.0 5898.9 31.7 13 0 8.9 11.7 5.0 2.5 2 1 2 0 0
2540.6 5894.5 33.4 6 0 9.3 6.7 5.0 2.5 4 0 2 0 0
2537.4 5920.7 32.2 10 0 8.6 13.2 5.0 2.5 2 1 2 4 4
2505.3 6038.4 26.1 198 0 10.8 12.3 5.0 2.5 2 1 2 0 0
2501.5 6066.8 24.8 197 0 7.0 9.9 5.0 2.5 4 1 2 4 4
2480.3 6086.4 24.2 202 0 13.8 19.7 5.0 2.5 2 1 2 1 1
2512.2 6108.6 23.0 198 0 8.2 9.8 5.0 2.5 2 1 2 5 5
2510.5 6137.1 22.0 208 0 7.6 11.2 5.0 2.5 2 1 2 1 1
2521.0 6158.5 21.0 196 0 8.4 11.5 5.0 2.5 2 1 2 2 2
2669.3 6185.0 32.9 16 0 9.3 6.6 5.0 2.5 2 0 2 1 1
2614.7 6174.0 25.3 20 0 13.0 18.3 5.0 2.5 2 1 2 4 4
2624.3 6205.3 26.7 15 0 9.3 12.5 5.0 2.5 2 1 2 0 0
2544.3 6266.9 20.7 193 0 11.0 23.9 5.0 2.5 2 1 2 5 5
2610.7 6239.5 24.8 16 0 8.8 8.7 5.0 2.5 2 0 2 0 0
2621.0 6262.2 25.1 16 0 9.0 11.2 5.0 2.5 2 1 2 1 1
2630.9 6302.5 25.4 20 0 9.8 7.1 5.0 0.0 0 0 2 4 4
2637.9 6328.0 25.9 25 0 6.7 10.6 5.0 2.5 2 1 2 5 5
2671.2 6350.6 28.6 32 0 10.0 11.2 5.0 2.5 2 1 2 3 3
2603.6 6425.5 23.4 191 0 8.2 14.8 5.0 2.5 2 1 2 2 2
2611.9 6442.6 23.5 199 0 8.7 10.0 5.0 2.5 2 1 2 5 5
2672.1 6448.7 26.7 15 0 8.2 8.9 5.0 2.5 4 1 2 4 4
2708.7 6581.8 23.6 13 0 6.6 11.8 5.0 2.5 4 1 2 1 1
2705.2 6553.4 24.0 14 0 9.1 13.4 5.0 2.5 2 1 2 3 3
2640.1 6578.2 21.1 202 0 7.2 9.5 5.0 2.5 2 1 2 5 5
2647.1 6611.3 19.8 194 0 10.0 12.5 5.0 2.5 2 1 2 0 0
2711.4 6612.0 23.1 7 0 5.9 9.6 5.0 2.5 2 1 2 1 1
2713.5 6636.0 22.8 6 0 7.1 8.4 5.0 2.5 2 1 2 2 2
2719.8 6650.7 22.2 21 0 7.5 11.8 5.0 2.5 2 1 2 3 3
2719.8 6680.2 22.5 21 0 8.1 6.5 5.0 2.5 2 0 2 3 3
2684.6 6738.3 16.8 191 0 9.0 8.1 5.0 2.5 2 0 2 1 1
2732.8 6717.8 22.7 3 0 6.3 10.0 5.0 2.5 2 1 2 4 4
34.0 4917.9 10.6 141 0 7.4 10.4 5.0 2.5 2 1 2 1 1
-52.5 4911.8 11.2 165 0 15.4 19.6 5.0 2.5 2 1 2 3 3
-218.7 4888.9 8.8 81 0 11.2 14.8 5.0 2.5 2 1 2 0 0
-183.4 5019.0 9.8 83 0 15.8 14.9 5.0 2.5 2 0 2 2 2
-159.4 5021.3 11.0 84 0 7.5 10.1 5.0 2.5 2 1 2 0 0
-134.9 5024.8 11.3 84 0 7.2 9.0 5.0 2.5 2 1 2 3 3
-103.9 5027.0 11.5 84 0 6.3 11.4 5.0 2.5 2 1 2 0 0
-87.9 5030.0 11.7 72 0 8.6 9.2 5.0 2.5 2 1 2 4 4
-62.7 5035.7 12.2 78 0 10.6 11.1 5.0 2.5 2 1 2 1 1
16.9 5053.3 13.8 75 0 7.2 10.8 5.0 2.5 2 1 2 3 3
-2.3 5050.2 13.6 80 0 8.2 11.8 5.0 2.5 2 1 2 2 2
-31.8 5044.4 13.1 80 0 7.5 9.9 5.0 2.5 4 1 2 5 5
-28.1 5009.4 9.0 262 0 10.9 6.6 5.0 2.5 2 0 2 2 2
0.7 5006.7 9.7 261 0 5.7 6.0 5.0 2.5 4 1 2 4 4
56.1 5022.4 11.2 254 0 6.8 14.6 5.0 0.0 0 1 2 5 5
44.5 5059.5 14.4 81 0 10.5 9.5 5.0 2.5 2 0 2 0 0
73.0 5066.1 14.9 71 0 9.8 12.8 5.0 2.5 2 1 2 0 0
95.9 5067.6 15.2 78 0 6.0 8.8 5.0 2.5 2 1 2 2 2
126.9 5071.1 15.5 87 0 8.3 10.3 5.0 2.5 2 1 2 3 3
160.1 5078.3 16.2 88 0 7.6 5.7 5.0 2.5 2 0 2 0 0
198.5 5034.9 13.2 176 0 10.0 9.5 2.5 2.5 2 0 1 3 3
189.7 5034.7 13.2 352 0 8.5 6.8 5.0 2.5 2 0 2 2 2
153.1 5025.1 13.1 80 0 10.9 9.5 5.0 0.0 0 0 2 3 3
103.6 5028.7 12.4 262 0 10.8 10.9 5.0 2.5 2 1 2 4 4
76.4 5027.8 11.6 259 0 15.1 15.2 5.0 2.5 2 1 2 5 5
94.2 4965.9 10.4 0 0 8.2 5.2 5.0 2.5 2 0 2 2 2
53.2 4957.9 9.5 80 0 7.5 10.6 5.0 0.0 0 1 2 5 5
32.0 4958.1 9.3 167 0 9.7 9.1 5.0 2.5 2 0 2 3 3
6.5 4957.5 9.6 164 0 8.5 10.7 5.0 2.5 2 1 2 1 1
-4.2 4994.5 9.2 265 0 9.4 7.8 5.0 2.5 2 0 2 4 4
-37.7 5003.7 8.7 260 0 5.1 11.2 5.0 2.5 2 1 2 3 3
-68.3 4999.9 8.1 257 0 7.4 10.6 5.0 2.5 2 1 2 2 2
-96.2 4978.4 8.0 85 0 6.9 10.6 5.0 2.5 2 1 2 3 3
-125.3 4991.8 8.1 262 0 9.9 19.5 5.0 2.5 2 1 2 1 1
-155.5 4975.2 8.6 261 0 7.6 10.9 5.0 2.5 2 1 2 0 0
-191.8 4975.6 8.8 176 0 6.1 5.9 5.0 0.0 0 0 2 3 3
-189.3 4959.8 8.6 160 0 8.1 11.1 5.0 2.5 2 1 2 5 5
-142.2 4916.8 8.1 356 0 14.7 9.2 5.0 2.5 2 0 2 2 2
-180.2 4918.8 8.1 176 0 20.7 19.0 5.0 0.0 0 0 2 1 1
-4148.6 -5043.8 -62.6 177 0 10.2 9.6 2.5 2.5 2 0 1 0 0
-5564.8 -1428.7 -80.5 182 0 7.6 10.2 5.0 0.0 0 1 2 5 5
-5562.8 -1445.9 -80.6 273 0 6.6 7.9 5.0 2.5 4 1 2 3 3
-4435.2 -1674.8 -73.7 248 0 8.4 13.8 2.5 2.5 2 1 1 5 5
-2546.9 4465.1 -39.8 263 0 9.3 12.9 2.5 2.5 2 1 1 0 0
-2522.8 4892.3 -40.7 267 0 7.7 11.2 2.5 2.5 2 1 1 3 3
-2451.8 4983.1 -40.3 177 0 7.7 10.7 2.5 2.5 2 1 1 3 3
-2421.4 4913.0 -39.9 268 0 10.5 15.0 5.0 2.5 2 1 2 4 4
-5883.3 3848.1 -74.9 277 0 8.4 8.5 2.5 0.0 0 1 1 5 5
-5893.7 3857.4 -75.1 273 0 8.8 13.0 2.5 2.5 2 1 1 5 5
-5681.5 3877.6 -74.0 182 0 8.1 5.6 2.5 2.5 2 0 1 0 0
-5696.6 3901.9 -74.0 260 0 10.8 8.0 2.5 2.5 2 0 1 0 0
-5978.7 3573.3 -78.2 79 0 11.6 5.7 5.0 2.5 2 0 2 1 1
-5614.5 3570.3 -72.9 167 0 7.9 11.3 2.5 2.5 2 1 1 3 3
-5528.3 3562.7 -71.0 349 0 6.8 6.7 2.5 2.5 2 0 1 3 3
-5517.0 3510.4 -70.8 347 0 7.9 11.4 2.5 2.5 2 1 1 5 5
-5476.2 3775.7 -73.3 351 0 6.3 7.4 5.0 2.5 2 1 2 4 4
-5642.9 3687.9 -73.7 166 0 8.7 15.0 2.5 2.5 2 1 1 0 0
-5634.8 3545.9 -73.3 353 0 8.7 8.8 2.5 2.5 2 1 1 5 5
-5752.7 3655.5 -74.9 163 0 7.7 17.2 5.0 0.0 0 1 2 1 1
-5686.3 3715.9 -74.1 355 0 6.0 9.3 5.0 2.5 2 1 2 0 0
-5679.6 3694.2 -74.0 350 0 7.4 9.9 5.0 2.5 2 1 2 2 2
-5771.5 3755.1 -74.8 173 0 9.1 12.9 5.0 0.0 0 1 2 1 1
-5786.8 3826.1 -74.5 170 0 8.6 17.2 5.0 0.0 0 1 2 2 2
-5491.4 4030.7 -75.2 261 0 9.0 8.7 5.0 2.5 4 0 2 1 1
-5458.9 3980.0 -74.8 84 0 6.4 11.9 5.0 2.5 2 1 2 4 4
-5528.9 3941.9 -74.9 258 0 8.8 14.6 5.0 2.5 2 1 2 3 3
-5584.9 3926.3 -74.7 262 0 13.9 8.9 5.0 2.5 2 0 2 0 0
-5569.9 3827.5 -73.5 167 0 6.3 10.9 5.0 2.5 2 1 2 1 1
-5578.1 3752.0 -72.6 349 0 10.4 15.5 2.5 2.5 2 1 1 3 3
-5549.1 3750.7 -72.7 172 0 12.1 12.0 5.0 0.0 0 0 2 5 5
-5430.1 3671.0 -72.1 171 0 10.9 9.5 5.0 2.5 2 0 2 3 3
-5289.2 3672.3 -70.3 256 0 8.0 9.1 5.0 2.5 2 1 2 2 2
-5326.9 3749.0 -71.2 166 0 9.1 15.4 2.5 2.5 2 1 1 5 5
-1741.0 4133.5 -29.7 161 0 8.1 9.3 5.0 0.0 0 1 2 4 4
-1813.5 4520.8 -32.9 175 0 7.5 16.7 5.0 2.5 2 1 2 4 4
-1792.5 4416.7 -30.5 166 0 7.0 9.6 5.0 0.0 0 1 2 2 2
-2278.6 4658.8 -39.0 173 0 9.5 7.5 5.0 0.0 0 0 2 5 5
-2217.8 4779.2 -36.2 352 0 9.0 13.0 5.0 2.5 2 1 2 3 3
-2211.9 4738.2 -36.9 355 0 8.3 13.4 5.0 2.5 2 1 2 2 2
-2203.6 4825.1 -34.8 169 0 11.9 16.1 2.5 2.5 2 1 1 3 3
382.7 4994.4 13.2 206 0 7.2 8.2 5.0 0.0 0 1 2 5 5
421.2 5050.1 11.6 278 0 13.0 13.1 5.0 2.5 2 1 2 4 4
51.2 5005.1 10.8 261 0 7.8 5.2 5.0 2.5 2 0 2 3 3
-1229.6 4720.8 -25.0 264 0 18.3 14.3 2.5 2.5 2 0 1 3 3
-2240.3 4291.9 -34.9 353 0 9.3 6.1 5.0 2.5 2 0 2 4 4
-2177.2 4455.0 -35.9 89 0 6.1 7.6 5.0 2.5 2 1 2 2 2
-1911.0 4616.9 -33.5 84 0 7.6 7.9 5.0 2.5 2 1 2 1 1
-2021.9 4559.3 -34.0 264 0 6.8 7.0 5.0 2.5 2 1 2 3 3
-2119.6 4963.1 -35.4 166 0 8.1 15.0 5.0 2.5 2 1 2 0 0
-2278.1 5077.9 -38.9 340 0 8.5 13.6 2.5 2.5 2 1 1 0 0
-2340.7 4954.8 -38.7 177 0 8.8 5.3 5.0 2.5 2 0 2 2 2
-2349.9 4857.4 -38.9 348 0 10.7 11.2 5.0 0.0 0 1 2 3 3
-1916.1 4355.4 -31.5 354 0 7.7 8.5 5.0 2.5 2 1 2 3 3
-1892.3 4374.7 -31.1 164 0 7.6 11.3 5.0 2.5 2 1 2 1 1
-1912.1 4481.5 -32.9 177 0 5.9 11.6 5.0 2.5 2 1 2 5 5
-1945.4 4488.1 -33.1 355 0 8.9 16.2 5.0 2.5 4 1 2 1 1
-1848.0 4543.8 -33.2 356 0 11.1 7.2 5.0 2.5 2 0 2 0 0
-1901.2 4584.6 -33.4 259 0 10.5 7.3 5.0 2.5 2 0 2 0 0
-1700.6 4647.4 -33.8 82 0 6.7 12.2 5.0 0.0 0 1 2 5 5
-1699.1 4276.4 -29.2 355 0 9.3 7.8 5.0 2.5 2 0 2 0 0
-1770.7 4187.3 -28.7 353 0 8.6 7.5 5.0 2.5 2 0 2 0 0
-1871.1 4263.4 -30.3 182 0 5.1 13.8 5.0 2.5 4 1 2 3 3
-1974.4 4228.3 -32.0 181 0 9.0 8.8 2.5 2.5 2 0 1 5 5
-1993.5 4189.8 -32.2 351 0 8.7 14.2 5.0 2.5 2 1 2 0 0
-1999.2 4216.8 -32.2 9 0 12.6 11.3 5.0 2.5 2 0 2 1 1
-2088.9 4253.8 -32.0 167 0 6.8 12.5 5.0 2.5 2 1 2 3 3
-2113.2 4209.9 -31.9 352 0 6.8 6.3 5.0 2.5 2 0 2 4 4
-2235.3 4329.8 -35.0 352 0 12.1 15.7 5.0 2.5 2 1 2 5 5
-2257.6 4384.2 -35.7 354 0 7.5 6.6 5.0 2.5 2 0 2 2 2
-2337.4 4288.6 -37.0 352 0 12.5 11.8 2.5 2.5 4 0 1 1 1
-2353.8 4444.7 -38.9 178 0 6.2 7.6 5.0 2.5 2 1 2 2 2
-2351.5 4433.1 -38.7 164 0 9.5 8.0 5.0 2.5 2 0 2 4 4
-2313.0 4439.1 -38.1 355 0 19.6 8.9 5.0 2.5 2 0 2 4 4
-2275.6 4489.9 -38.4 351 0 9.2 11.6 5.0 2.5 2 1 2 0 0
-2253.1 4493.5 -38.4 172 0 12.2 13.2 5.0 2.5 2 1 2 0 0
-363.2 3526.7 16.7 180 0 8.8 20.8 2.5 2.5 2 1 1 5 5
-347.0 3492.8 17.1 91 0 20.2 22.2 2.5 2.5 2 1 1 4 4
-166.5 3659.0 15.0 179 0 13.2 8.3 2.5 2.5 2 0 1 3 3
-180.6 3658.3 15.0 181 0 11.9 12.0 2.5 2.5 2 1 1 3 3
-180.5 3618.9 16.3 181 0 44.9 25.4 2.5 0.0 0 0 1 1 1
-229.9 3580.0 17.2 1 0 28.0 18.2 2.5 2.5 2 0 1 2 2
-227.6 3649.1 15.8 270 0 51.6 22.4 2.5 2.5 2 0 1 5 5
-189.2 3612.3 17.4 1 0 18.2 64.1 2.5 2.5 2 1 1 3 3
-288.3 3572.0 17.3 179 0 30.0 17.5 2.5 2.5 2 0 1 3 3
-293.7 3655.6 14.9 270 0 17.2 47.2 2.5 2.5 2 1 1 4 4
2488.7 4479.4 54.7 199 0 10.4 8.0 7.5 2.5 2 0 3 2 2
2514.3 4476.3 54.9 288 0 6.8 9.5 2.5 2.5 2 1 1 4 4
2534.9 4472.4 55.1 289 0 6.9 12.8 7.5 2.5 2 1 3 2 2
2553.1 4463.6 55.4 289 0 7.2 7.0 2.5 2.5 2 0 1 4 4
2573.4 4457.4 55.5 289 0 8.4 10.8 7.5 2.5 2 1 3 4 4
2594.2 4449.7 55.7 289 0 8.2 11.8 5.0 2.5 2 1 2 0 0
2639.1 3887.0 60.4 287 0 10.1 7.6 7.5 2.5 2 0 3 0 0
2564.0 3904.7 56.1 283 0 13.6 8.7 7.5 2.5 2 0 3 3 3
-822.1 3519.7 1.2 269 0 9.6 7.6 7.5 2.5 4 0 3 0 0
-816.9 3504.9 1.2 3 0 8.5 8.8 7.5 0.0 0 1 3 3 3
-820.6 3492.8 1.3 90 0 8.8 6.4 7.5 2.5 2 0 3 3 3
2284.5 4797.3 55.1 352 0 8.1 11.1 5.0 2.5 2 1 2 2 2
2280.4 4629.6 54.4 141 0 10.5 12.0 5.0 2.5 2 1 2 3 3
2315.1 4693.2 53.8 335 0 10.0 11.8 5.0 2.5 2 1 2 3 3
-2094.5 4689.4 -35.2 352 0 6.3 8.8 2.5 2.5 2 1 1 3 3
-2173.6 4644.1 -36.7 173 0 10.4 9.1 2.5 2.5 4 0 1 0 0
-2172.1 4634.4 -36.7 171 0 5.9 8.8 2.5 2.5 2 1 1 0 0
-2081.5 4577.2 -35.0 85 0 8.0 8.7 2.5 2.5 2 1 1 1 1
-2089.6 4574.9 -35.2 79 0 5.1 7.1 2.5 2.5 2 1 1 4 4
2647.3 6592.9 20.3 192 0 8.6 10.5 5.0 2.5 2 1 2 5 5
2655.5 6629.3 19.2 191 0 9.7 11.6 5.0 0.0 0 1 2 2 2
2486.4 6003.6 28.2 192 0 8.9 9.5 5.0 2.5 2 1 2 5 5
2508.6 5855.7 31.2 20 0 6.3 11.0 5.0 2.5 2 1 2 1 1
2510.7 5881.9 31.5 10 0 8.0 7.7 5.0 2.5 2 0 2 3 3
2604.3 4444.9 55.0 290 0 10.5 10.9 7.5 0.0 0 1 3 3 3
2616.6 3837.6 67.6 8 0 10.9 9.0 5.0 2.5 4 0 2 1 1
2500.6 3912.8 57.1 97 0 11.2 10.9 5.0 2.5 2 0 2 2 2
-262.7 3501.9 17.0 82 0 10.1 16.9 4.0 0.0 0 1 1 5 5
-272.1 3532.2 17.1 171 0 10.0 16.7 4.0 0.0 0 1 1 3 3
