4962.9 4676.2 -29.0 200 0 7.9 7.7 5.0 2.5 2 0 2 3 3
6746.1 1148.7 -32.4 337 0 8.6 11.4 2.5 2.5 2 1 1 4 4
6034.1 2245.0 -8.9 308 0 6.6 7.7 5.0 2.5 2 1 2 4 4
5004.3 4713.3 -25.3 21 0 14.9 8.2 5.0 2.5 2 0 2 4 4
4899.1 4327.9 -30.0 286 0 13.4 10.4 2.5 2.5 2 0 1 1 1
4908.4 4564.4 -35.7 15 0 8.5 11.0 5.0 2.5 2 1 2 4 4
6071.2 2199.7 -12.7 315 0 7.1 10.6 5.0 0.0 0 1 2 3 3
4877.5 4194.3 -25.5 316 0 8.6 9.2 2.5 2.5 2 1 1 3 3
4933.8 4554.1 -32.4 200 0 8.4 12.4 5.0 2.5 2 1 2 3 3
6054.7 2221.2 -11.8 309 0 13.5 7.1 5.0 2.5 2 0 2 2 2
6702.3 1198.4 -31.6 158 0 8.7 9.6 2.5 2.5 2 1 1 4 4
4935.0 4525.7 -32.4 197 0 9.4 11.3 5.0 2.5 2 1 2 3 3
6669.3 1217.2 -32.0 340 0 6.1 10.0 5.0 2.5 2 1 2 2 2
4976.2 4773.9 -26.6 182 0 5.7 8.3 5.0 2.5 2 1 2 4 4
6690.7 1235.8 -29.7 156 0 8.4 10.8 2.5 2.5 2 1 1 4 4
4966.7 4562.2 -29.9 23 0 10.8 6.2 5.0 2.5 2 0 2 0 0
4914.8 4992.6 -25.1 360 0 6.5 8.9 5.0 0.0 0 1 2 4 4
4903.4 4547.3 -36.1 16 0 8.4 8.5 5.0 2.5 2 1 2 5 5
4941.8 4705.6 -31.6 14 0 8.4 9.4 5.0 0.0 0 1 2 0 0
4944.4 4571.0 -31.4 209 0 7.2 9.7 5.0 2.5 4 1 2 1 1
4860.0 4275.4 -31.1 170 0 20.7 9.7 2.5 2.5 2 0 1 5 5
4917.8 4876.3 -29.2 167 0 8.8 9.2 5.0 2.5 2 1 2 1 1
4917.1 4212.3 -23.9 120 0 10.6 9.4 2.5 2.5 2 0 1 2 2
4985.7 4796.1 -25.3 186 0 4.3 5.5 5.0 2.5 2 1 2 5 5
6145.0 2181.8 -18.5 140 0 8.1 6.9 2.5 2.5 2 0 1 0 0
4871.4 4331.1 -32.1 199 0 11.5 11.1 2.5 2.5 2 0 1 1 1
5892.4 2375.3 2.9 317 0 8.1 10.3 5.0 2.5 2 1 2 1 1
6765.2 1043.8 -30.4 176 0 6.8 5.3 2.5 2.5 2 0 1 1 1
4929.5 4514.6 -33.0 194 0 7.1 8.4 5.0 2.5 2 1 2 4 4
4927.5 4472.2 -34.0 33 0 6.5 8.7 5.0 2.5 2 1 2 0 0
6159.0 2158.4 -20.6 136 0 7.6 10.1 2.5 2.5 2 1 1 1 1
4891.3 4509.6 -37.5 18 0 8.0 10.0 5.0 2.5 4 1 2 0 0
5010.7 4843.5 -20.7 265 0 10.6 7.6 5.0 2.5 2 0 2 3 3
4938.6 4719.9 -31.9 9 0 9.1 10.4 5.0 2.5 2 1 2 3 3
6725.2 1159.6 -32.5 154 0 7.6 9.5 2.5 2.5 2 1 1 5 5
6057.5 2278.3 -7.7 116 0 7.1 8.2 2.5 2.5 2 1 1 4 4
4950.5 4596.5 -30.7 209 0 7.6 9.5 5.0 2.5 2 1 2 3 3
5885.7 2430.2 1.8 126 0 8.0 5.8 2.5 2.5 2 0 1 2 2
4945.3 4861.8 -28.6 348 0 9.2 12.1 5.0 2.5 2 1 2 0 0
4833.7 4241.9 -29.7 330 0 7.7 8.6 2.5 2.5 2 1 1 1 1
4924.7 4752.7 -31.8 176 0 8.1 9.0 5.0 2.5 2 1 2 2 2
6683.9 1175.1 -32.6 340 0 7.0 12.9 5.0 2.5 2 1 2 5 5
4861.1 4305.1 -31.8 206 0 17.3 10.9 2.5 2.5 2 0 1 2 2
4958.0 4619.7 -29.8 193 0 6.5 6.5 5.0 2.5 2 1 2 5 5
5874.1 2453.0 5.3 115 0 8.1 7.2 2.5 2.5 2 0 1 3 3
4917.3 4895.6 -28.0 170 0 7.6 9.2 5.0 2.5 2 1 2 0 0
4887.5 4491.9 -37.6 13 0 11.1 8.9 5.0 2.5 2 0 2 5 5
4843.6 4223.3 -28.0 323 0 6.3 6.6 2.5 2.5 2 1 1 1 1
6703.8 1117.4 -33.6 335 0 10.0 9.1 5.0 0.0 0 0 2 2 2
6658.7 1244.1 -31.4 341 0 8.2 7.5 5.0 2.5 2 0 2 5 5
5005.6 4784.8 -24.3 6 0 9.8 9.4 5.0 2.5 2 0 2 4 4
4898.5 4956.0 -26.6 167 0 8.7 9.4 5.0 2.5 2 1 2 5 5
4902.5 4531.9 -36.5 10 0 5.8 11.6 5.0 2.5 4 1 2 1 1
4924.4 4496.9 -33.5 209 0 6.5 16.7 5.0 2.5 2 1 2 3 3
4798.3 -4921.1 -26.9 8 0 7.1 9.4 5.0 2.5 2 1 2 0 0
4842.9 -4803.0 -20.9 184 0 8.9 10.3 2.5 2.5 4 1 1 4 4
4835.3 -4848.5 -19.5 174 0 6.3 9.7 2.5 2.5 2 1 1 1 1
4834.2 -4869.5 -18.7 183 0 7.5 7.9 2.5 2.5 2 1 1 5 5
4830.8 -4898.7 -18.3 176 0 10.0 9.5 2.5 2.5 2 0 1 1 1
4825.9 -4933.8 -17.7 177 0 6.6 8.6 2.5 2.5 2 1 1 2 2
4798.1 -4969.6 -24.3 358 0 7.3 7.4 5.0 2.5 2 1 2 1 1
4822.1 -4982.2 -16.2 183 0 6.6 9.4 2.5 2.5 2 1 1 0 0
4822.8 -5007.7 -14.8 183 0 5.2 8.0 2.5 2.5 2 1 1 0 0
4813.0 -5068.0 -15.3 179 0 7.0 8.8 2.5 2.5 2 1 1 1 1
4786.6 -5095.9 -21.9 358 0 10.1 8.2 5.0 2.5 2 0 2 2 2
4820.9 -5120.1 -15.9 175 0 6.6 10.1 2.5 0.0 0 1 1 4 4
4236.1 -6044.7 -21.2 271 0 9.4 8.9 2.5 0.0 0 0 1 5 5
3842.8 -5941.9 -25.7 60 0 13.0 9.1 2.5 2.5 2 0 1 4 4
3942.3 -5959.5 -20.6 269 0 6.3 7.6 5.0 2.5 2 1 2 2 2
3895.1 -5923.0 -26.0 84 0 13.3 7.9 2.5 2.5 2 0 1 3 3
3862.7 -5975.9 -14.2 242 0 7.5 9.2 5.0 0.0 0 1 2 0 0
3757.7 -6039.8 -25.3 224 0 7.4 8.1 2.5 2.5 2 1 1 3 3
3783.0 -6017.2 -22.0 227 0 8.5 8.4 2.5 0.0 0 0 1 5 5
3793.5 -5944.2 -26.6 239 0 23.0 10.4 2.5 2.5 2 0 1 2 2
3758.6 -5983.6 -27.0 224 0 12.8 9.0 2.5 2.5 2 0 1 5 5
3671.1 -6129.9 -36.8 23 0 7.6 5.7 2.5 2.5 2 0 1 3 3
6564.4 -1028.6 -32.0 95 0 12.7 10.0 5.0 2.5 2 0 2 2 2
4876.0 -4631.5 -23.5 188 0 9.2 10.0 5.0 2.5 2 1 2 4 4
4843.3 -4482.8 -29.4 0 0 7.9 5.3 5.0 0.0 0 0 2 4 4
4840.3 -4451.2 -30.3 12 0 14.5 7.9 5.0 2.5 2 0 2 3 3
4854.8 -4349.9 -28.2 3 0 9.9 10.6 5.0 2.5 2 1 2 3 3
4885.9 -4443.2 -28.8 268 0 9.4 5.7 5.0 2.5 2 0 2 0 0
4873.3 -4482.9 -28.3 179 0 8.7 11.2 5.0 2.5 2 1 2 4 4
4892.9 -4583.7 -24.9 7 0 12.3 11.2 5.0 2.5 2 0 2 0 0
6394.8 -1369.9 -31.9 260 0 11.6 8.4 2.5 2.5 2 0 1 3 3
5192.9 4733.9 19.3 117 0 8.2 11.4 2.5 2.5 2 1 1 5 5
4358.7 -5970.6 -32.0 75 0 6.7 8.0 2.5 2.5 4 1 1 2 2
4339.9 -5958.7 -33.6 269 0 6.2 6.0 2.5 2.5 2 0 1 4 4
4312.5 -5970.5 -32.2 265 0 8.1 6.3 2.5 0.0 0 0 1 2 2
4253.6 -5993.4 -31.3 89 0 6.9 7.0 2.5 2.5 4 1 1 0 0
4222.6 -6031.8 -25.5 271 0 8.1 12.8 2.5 0.0 0 1 1 0 0
4212.4 -6038.2 -23.3 271 0 9.2 15.1 2.5 0.0 0 1 1 1 1
4164.5 -6045.1 -22.0 95 0 9.5 6.4 2.5 2.5 2 0 1 5 5
4165.9 -6031.2 -24.4 275 0 7.9 6.7 2.5 2.5 2 0 1 4 4
4096.1 -6005.3 -28.4 285 0 9.7 8.6 5.0 0.0 0 0 2 4 4
3954.5 -5961.9 -20.4 273 0 9.4 8.5 5.0 2.5 2 0 2 0 0
3908.3 -5956.5 -20.2 256 0 7.8 10.8 5.0 2.5 2 1 2 5 5
3795.3 -6001.6 -22.6 235 0 10.6 16.8 2.5 2.5 2 1 1 2 2
3661.8 -6149.5 -36.3 17 0 7.2 10.9 2.5 2.5 2 1 1 4 4
3658.8 -6176.4 -34.5 17 0 6.7 11.1 2.5 2.5 4 1 1 0 0
3686.3 -6199.7 -28.7 196 0 7.0 16.9 2.5 2.5 2 1 1 1 1
3691.8 -6173.3 -29.5 201 0 8.3 16.0 2.5 0.0 0 1 1 3 3
3702.1 -6138.4 -29.3 203 0 8.1 10.3 2.5 2.5 2 1 1 4 4
3709.5 -6115.9 -29.3 205 0 7.7 8.3 2.5 2.5 2 1 1 5 5
3717.8 -6092.1 -30.7 207 0 8.0 11.0 2.5 2.5 2 1 1 3 3
3733.0 -6073.9 -28.8 208 0 7.3 9.0 2.5 2.5 2 1 1 2 2
4991.8 4808.4 -24.5 180 0 5.8 5.0 5.0 2.5 2 0 2 1 1
5011.4 4811.5 -21.0 354 0 5.4 5.7 5.0 2.5 4 1 2 4 4
5018.5 4828.6 -18.2 359 0 7.8 6.2 5.0 2.5 2 0 2 3 3
4976.5 4911.4 -20.7 176 0 9.1 6.9 5.0 2.5 2 0 2 5 5
4933.0 4926.7 -25.5 350 0 7.6 10.1 5.0 2.5 2 1 2 3 3
4941.3 4898.2 -26.7 352 0 9.4 12.2 5.0 2.5 2 1 2 0 0
4947.8 4841.7 -29.6 4 0 19.4 9.3 5.0 2.5 2 0 2 3 3
4952.4 4812.1 -29.5 358 0 10.0 9.3 5.0 0.0 0 0 2 2 2
4947.2 4782.8 -30.0 3 0 8.5 6.7 5.0 0.0 0 0 2 3 3
4929.2 4784.9 -31.1 182 0 12.1 6.7 5.0 2.5 2 0 2 2 2
4934.7 4658.8 -33.2 13 0 18.5 14.3 5.0 2.5 2 0 2 2 2
4925.3 4635.2 -33.7 0 0 9.7 11.1 5.0 2.5 2 1 2 5 5
4923.9 4605.1 -34.0 13 0 9.9 9.6 5.0 0.0 0 0 2 0 0
4962.9 4639.6 -29.3 191 0 11.4 12.4 5.0 2.5 2 1 2 1 1
5892.8 2435.1 2.8 122 0 4.6 4.8 2.5 2.5 2 1 1 2 2
6114.9 2179.5 -17.0 312 0 6.3 5.8 5.0 2.5 2 0 2 3 3
6131.8 2123.0 -18.5 303 0 4.5 6.0 5.0 2.5 2 1 2 5 5
6099.5 2105.6 -15.5 132 0 4.2 6.4 5.0 2.5 2 1 2 3 3
6105.2 2228.1 -13.9 138 0 4.1 6.4 2.5 2.5 2 1 1 2 2
5881.4 2486.8 9.8 205 0 7.2 6.6 2.5 2.5 2 0 1 5 5
5882.3 2445.3 4.2 120 0 7.4 10.3 2.5 2.5 2 1 1 3 3
5896.0 2421.6 0.8 126 0 7.4 7.0 2.5 2.5 4 0 1 4 4
5882.9 2381.0 1.3 305 0 7.2 9.5 5.0 0.0 0 1 2 0 0
5901.5 2367.6 4.0 308 0 7.4 6.8 5.0 2.5 2 0 2 3 3
6081.9 2183.2 -13.3 312 0 4.9 5.8 5.0 2.5 2 1 2 0 0
5949.2 2329.8 0.1 311 0 8.2 6.7 5.0 2.5 2 0 2 2 2
5984.0 2342.5 -2.7 123 0 6.1 5.8 2.5 2.5 2 0 1 2 2
6033.2 2217.4 -10.2 128 0 4.3 5.5 5.0 2.5 2 1 2 2 2
6063.9 2269.8 -8.9 116 0 7.3 9.1 2.5 2.5 2 1 1 0 0
6029.3 2310.0 -5.7 129 0 6.9 5.7 2.5 0.0 0 0 1 3 3
6043.4 2290.4 -5.9 126 0 6.1 7.8 2.5 2.5 2 1 1 4 4
6028.9 2264.0 -6.6 313 0 4.6 7.0 5.0 2.5 2 1 2 0 0
6113.0 2158.1 -16.8 318 0 16.3 11.8 5.0 2.5 2 0 2 5 5
6116.6 2210.7 -15.6 136 0 7.7 17.1 2.5 2.5 2 1 1 4 4
6174.6 2171.9 -20.2 315 0 7.7 10.0 2.5 2.5 2 1 1 3 3
5948.9 2144.6 31.0 59 0 19.5 13.9 17.5 0.0 0 0 7 3 3
4723.0 5816.8 -32.9 351 0 8.6 8.8 2.5 2.5 2 1 1 0 0
4725.1 5794.8 -32.5 353 0 7.4 9.3 2.5 2.5 2 1 1 1 1
4850.9 5349.5 -27.4 357 0 4.9 4.0 5.0 2.5 4 0 2 4 4
4835.2 5338.7 -27.4 157 0 8.8 11.7 5.0 2.5 2 1 2 2 2
4849.2 5325.0 -25.7 354 0 5.7 8.1 5.0 0.0 0 1 2 4 4
4919.9 5149.6 -20.8 174 0 7.2 6.5 5.0 2.5 2 0 2 3 3
4921.1 5119.9 -21.6 167 0 7.5 12.8 5.0 2.5 2 1 2 5 5
4918.4 5110.5 -22.2 160 0 5.7 8.2 5.0 2.5 2 1 2 3 3
4939.4 5069.7 -19.4 167 0 11.0 19.7 5.0 0.0 0 1 2 0 0
4878.2 5103.5 -27.6 269 0 6.5 8.5 5.0 2.5 2 1 2 1 1
4890.9 5079.2 -27.6 345 0 7.5 7.5 5.0 2.5 2 1 2 2 2
4906.9 5059.5 -26.0 348 0 9.7 11.5 5.0 2.5 2 1 2 4 4
4911.3 5018.5 -25.3 358 0 10.3 8.6 5.0 2.5 2 0 2 1 1
6652.4 1363.1 -26.3 179 0 11.8 9.0 2.5 2.5 2 0 1 2 2
6680.4 1151.1 -32.6 154 0 8.5 8.2 5.0 2.5 4 0 2 3 3
6697.6 1134.8 -33.2 341 0 7.8 9.2 5.0 2.5 4 1 2 5 5
6713.1 1096.6 -35.7 338 0 7.1 11.0 5.0 2.5 2 1 2 3 3
6715.7 1030.8 -34.1 162 0 7.0 11.4 5.0 2.5 2 1 2 0 0
6726.7 999.3 -32.9 73 0 12.8 10.5 5.0 2.5 2 0 2 0 0
6771.6 1016.1 -29.0 163 0 6.7 7.7 2.5 2.5 2 1 1 5 5
6757.9 1060.5 -31.8 152 0 7.4 8.0 2.5 2.5 2 1 1 4 4
6749.2 1078.5 -33.1 155 0 7.7 9.7 2.5 2.5 2 1 1 1 1
6739.8 1105.9 -34.1 163 0 8.9 12.7 2.5 0.0 0 1 1 5 5
6726.2 1141.3 -33.9 161 0 9.0 8.3 2.5 2.5 2 0 1 1 1
6712.6 1180.3 -32.1 158 0 9.5 11.2 2.5 2.5 2 1 1 2 2
6696.6 1217.1 -30.6 152 0 8.4 8.6 2.5 0.0 0 1 1 4 4
6695.2 1248.4 -28.2 156 0 7.1 8.9 2.5 2.5 2 1 1 0 0
6654.2 1261.0 -31.2 344 0 8.2 5.9 5.0 2.5 2 0 2 4 4
6673.8 1208.4 -32.3 335 0 9.1 10.1 5.0 2.5 2 1 2 3 3
6677.6 1190.2 -32.3 339 0 8.8 11.1 5.0 2.5 2 1 2 0 0
6397.2 -1335.5 -31.8 80 0 7.3 8.2 5.0 2.5 2 1 2 1 1
6418.7 -1315.7 -31.2 345 0 13.6 6.7 5.0 2.5 2 0 2 0 0
6495.5 -1281.0 -33.9 215 0 11.7 7.4 2.5 2.5 2 0 1 3 3
6530.3 -1229.4 -34.5 224 0 7.3 6.8 2.5 0.0 0 0 1 0 0
6603.3 -1119.0 -33.8 116 0 10.5 14.2 5.0 2.5 2 1 2 5 5
6628.8 -906.3 -30.4 48 0 5.6 9.0 2.5 2.5 2 1 1 1 1
6675.3 -867.9 -31.7 40 0 5.8 11.7 2.5 2.5 2 1 1 3 3
6709.8 -827.0 -32.5 41 0 11.1 7.4 2.5 2.5 2 0 1 5 5
6747.1 -862.4 -33.5 128 0 17.5 12.5 5.0 2.5 2 0 2 2 2
6733.1 -801.1 -31.2 34 0 7.9 8.7 2.5 2.5 2 1 1 4 4
6842.0 -684.1 -32.6 212 0 8.6 5.4 5.0 2.5 2 0 2 5 5
6833.1 -730.9 -31.9 24 0 8.3 8.8 5.0 2.5 2 1 2 2 2
6764.1 -668.3 -24.6 117 0 8.6 9.1 5.0 2.5 2 1 2 3 3
6790.7 -648.5 -28.9 296 0 21.9 10.9 5.0 2.5 2 0 2 3 3
6850.4 -545.7 -32.8 118 0 9.1 13.3 5.0 2.5 2 1 2 3 3
6788.8 -787.9 -28.3 220 0 5.1 5.5 5.0 2.5 2 1 2 1 1
6795.3 -781.0 -28.6 209 0 4.4 5.5 5.0 2.5 2 1 2 3 3
