4349.2 6603.9 -10.6 318 0 7.4 11.7 5.0 2.5 2 1 2 1 1
4347.5 6613.6 -10.4 316 0 8.0 10.7 5.0 2.5 2 1 2 3 3
4398.7 6545.3 -11.5 321 0 8.0 8.4 5.0 2.5 2 1 2 1 1
4461.0 6534.3 -8.7 139 0 7.1 10.0 5.0 2.5 2 1 2 4 4
4525.5 6499.4 -9.0 218 0 14.8 10.5 5.0 2.5 2 0 2 4 4
5889.0 6138.9 -14.6 98 0 12.5 18.4 5.0 2.5 2 1 2 0 0
5980.1 5961.9 -19.4 34 0 7.0 14.1 2.5 0.0 0 1 1 3 3
6021.0 6001.4 -19.1 255 0 5.7 7.9 5.0 2.5 2 1 2 4 4
6474.0 5683.7 -14.9 96 0 8.7 11.6 2.5 2.5 2 1 1 4 4
6504.8 5645.8 -16.1 281 0 9.2 12.1 5.0 2.5 2 1 2 5 5
6501.7 5612.3 -15.0 92 0 10.6 14.2 5.0 2.5 2 1 2 0 0
6560.0 5663.5 -16.1 100 0 10.8 20.1 2.5 2.5 2 1 1 0 0
6567.7 5608.9 -15.3 109 0 7.1 4.0 5.0 2.5 2 0 2 5 5
6570.8 5621.4 -15.2 288 0 11.2 7.8 5.0 2.5 2 0 2 3 3
4010.8 6802.1 -8.5 321 0 5.3 4.1 5.0 2.5 2 0 2 1 1
3988.7 6816.7 -6.9 320 0 5.0 5.1 5.0 0.0 0 1 2 3 3
4095.3 6753.8 -11.9 116 0 9.5 11.3 5.0 2.5 2 1 2 1 1
4125.1 6784.3 -5.9 93 0 13.2 13.8 5.0 0.0 0 1 2 0 0
3889.9 6937.6 -10.4 335 0 4.7 6.1 2.5 2.5 4 1 1 2 2
3905.6 6867.8 -4.5 225 0 4.6 5.0 5.0 2.5 2 1 2 3 3
3930.7 6853.0 -3.8 314 0 6.3 4.0 5.0 2.5 2 0 2 2 2
3952.9 6836.2 -5.2 313 0 5.9 7.9 5.0 2.5 2 1 2 1 1
4147.4 6781.5 -6.7 111 0 9.2 11.5 5.0 2.5 2 1 2 3 3
4129.6 6736.2 -11.6 117 0 8.4 12.7 5.0 0.0 0 1 2 2 2
4291.2 6717.0 -8.3 134 0 10.2 10.4 5.0 2.5 2 1 2 2 2
4271.0 6731.8 -7.9 133 0 7.2 8.7 5.0 2.5 2 1 2 3 3
4246.0 6742.9 -8.8 130 0 6.7 10.7 5.0 2.5 2 1 2 2 2
4217.9 6755.1 -8.6 118 0 7.7 11.1 5.0 2.5 2 1 2 3 3
4183.2 6730.6 -10.8 302 0 10.1 8.1 5.0 2.5 2 0 2 2 2
4206.0 6720.1 -11.3 308 0 9.9 7.9 5.0 2.5 2 0 2 0 0
4228.4 6708.2 -12.3 311 0 11.0 13.6 5.0 2.5 4 1 2 3 3
4247.5 6699.2 -12.6 318 0 8.6 12.2 5.0 2.5 2 1 2 0 0
4274.0 6680.9 -12.6 315 0 7.3 11.4 5.0 2.5 2 1 2 5 5
4296.2 6667.5 -11.8 318 0 10.6 13.0 5.0 2.5 2 1 2 4 4
4308.3 6646.4 -11.0 321 0 8.7 12.7 5.0 2.5 2 1 2 0 0
4309.9 6618.3 -10.3 136 0 8.2 14.7 5.0 2.5 2 1 2 2 2
4351.1 6677.4 -10.4 229 0 13.9 8.3 5.0 2.5 2 0 2 1 1
4364.7 6654.6 -9.6 138 0 10.4 12.6 5.0 2.5 2 1 2 5 5
4387.4 6631.5 -9.6 137 0 8.6 7.7 5.0 2.5 2 0 2 0 0
4375.8 6579.1 -10.9 318 0 7.2 10.3 5.0 2.5 2 1 2 5 5
4399.4 6614.7 -10.0 143 0 13.7 14.1 5.0 2.5 2 1 2 0 0
4418.6 6595.5 -10.2 141 0 8.8 16.5 5.0 2.5 2 1 2 0 0
4440.4 6566.6 -8.8 142 0 8.8 15.0 5.0 2.5 2 1 2 1 1
4555.1 6462.0 -6.7 140 0 9.9 9.5 5.0 2.5 2 0 2 1 1
4586.8 6454.7 -5.2 317 0 7.8 15.3 5.0 2.5 2 1 2 0 0
4604.2 6435.5 -2.9 317 0 10.6 8.9 5.0 2.5 2 0 2 4 4
4720.9 6258.2 -13.2 150 0 8.1 11.1 5.0 2.5 2 1 2 1 1
4746.8 6245.6 -13.6 79 0 8.7 9.5 5.0 0.0 0 1 2 1 1
4788.2 6196.1 -14.6 325 0 4.9 6.5 5.0 2.5 4 1 2 1 1
5111.4 6045.4 -11.2 93 0 12.3 11.5 5.0 2.5 2 0 2 3 3
5261.8 6043.9 -10.1 359 0 3.7 4.2 2.5 2.5 2 1 1 5 5
5276.9 6056.1 -9.0 176 0 7.0 6.6 5.0 2.5 2 0 2 0 0
5322.0 6063.0 -9.4 80 0 5.3 6.2 5.0 2.5 2 1 2 4 4
5372.6 6069.8 -10.8 83 0 5.6 6.0 5.0 2.5 4 1 2 1 1
5405.5 6087.9 -11.5 86 0 4.8 5.2 5.0 2.5 2 1 2 3 3
5427.4 6079.9 -13.1 78 0 8.7 12.3 5.0 2.5 2 1 2 5 5
5243.3 6014.3 -13.0 263 0 6.9 9.6 5.0 2.5 2 1 2 2 2
5264.8 6016.7 -12.0 266 0 5.1 6.6 5.0 2.5 4 1 2 2 2
5368.7 6047.1 -12.0 271 0 5.9 5.8 2.5 2.5 2 0 1 1 1
5379.7 6049.2 -12.3 270 0 4.6 4.7 2.5 2.5 2 1 1 4 4
5435.4 6059.4 -12.8 264 0 4.9 6.9 2.5 2.5 2 1 1 4 4
5458.2 6063.1 -13.0 271 0 5.6 5.8 2.5 2.5 2 1 1 5 5
5492.3 6074.6 -13.5 260 0 5.7 6.7 2.5 2.5 4 1 1 5 5
5533.7 6088.1 -14.1 261 0 4.9 5.0 2.5 2.5 2 1 1 0 0
6027.0 6007.9 -19.4 0 0 6.9 9.1 5.0 2.5 4 1 2 1 1
5832.5 5657.2 -9.9 52 0 8.4 6.2 5.0 2.5 2 0 2 2 2
6403.4 5718.8 -14.4 89 0 4.9 6.7 5.0 2.5 2 1 2 0 0
6518.5 5673.8 -15.5 96 0 8.8 17.9 2.5 2.5 2 1 1 4 4
6751.1 5589.0 -16.6 211 0 8.6 8.0 2.5 0.0 0 0 1 0 0
6767.0 5591.3 -16.8 276 0 7.6 8.7 2.5 0.0 0 1 1 2 2
6909.9 5557.5 -15.8 12 0 15.2 9.6 5.0 0.0 0 0 2 4 4
6857.2 5564.7 -17.0 189 0 15.1 9.9 5.0 2.5 2 0 2 5 5
6906.5 5130.6 -18.2 6 0 7.2 4.4 2.5 2.5 2 0 1 3 3
6910.3 5139.6 -18.0 7 0 9.4 7.6 2.5 2.5 2 0 1 3 3
6882.2 5149.9 -17.8 280 0 8.2 9.6 2.5 2.5 2 1 1 5 5
6905.1 5232.4 -18.0 10 0 11.0 11.7 5.0 2.5 2 1 2 1 1
6794.9 5271.9 -17.3 273 0 6.8 10.3 5.0 2.5 2 1 2 0 0
6796.1 5293.8 -17.4 185 0 9.3 7.2 5.0 2.5 2 0 2 4 4
6779.4 5325.8 -17.4 6 0 10.1 11.0 5.0 0.0 0 1 2 5 5
6786.2 5343.3 -17.5 5 0 10.0 15.5 5.0 2.5 2 1 2 5 5
6802.6 5414.7 -18.0 10 0 8.8 20.0 5.0 2.5 2 1 2 1 1
6727.3 5481.1 -18.2 187 0 7.2 14.6 2.5 2.5 2 1 1 0 0
6715.7 5600.9 -16.2 283 0 10.6 10.4 5.0 2.5 2 0 2 5 5
6719.1 5583.1 -16.4 10 0 10.4 11.5 5.0 2.5 2 1 2 2 2
6596.4 5512.4 -17.8 4 0 10.9 7.3 5.0 0.0 0 0 2 5 5
6614.9 5503.5 -17.3 191 0 8.4 8.4 5.0 2.5 2 1 2 4 4
6630.3 5559.9 -16.8 188 0 8.6 8.9 5.0 2.5 2 1 2 0 0
6602.0 5567.8 -17.4 5 0 9.3 10.1 5.0 2.5 2 1 2 4 4
6607.3 5622.9 -16.2 276 0 11.5 8.8 5.0 2.5 2 0 2 0 0
6596.5 5657.4 -16.3 98 0 8.2 12.9 2.5 2.5 2 1 1 2 2
6631.5 5650.7 -16.3 98 0 12.0 14.8 2.5 2.5 2 1 1 4 4
6663.7 5648.4 -16.2 99 0 13.0 15.2 2.5 2.5 2 1 1 3 3
6682.0 5641.2 -16.0 103 0 15.0 11.1 2.5 2.5 2 0 1 5 5
6680.6 5674.7 -14.1 187 0 13.5 10.7 2.5 2.5 2 0 1 2 2
6706.6 5722.8 -12.0 278 0 12.0 33.7 2.5 2.5 2 1 1 0 0
6726.8 5729.0 -9.4 276 0 25.4 12.7 2.5 2.5 2 0 1 4 4
6726.9 5667.3 -12.6 95 0 9.8 8.7 2.5 0.0 0 0 1 5 5
6722.2 5639.6 -14.7 99 0 10.2 23.8 2.5 2.5 2 1 1 2 2
6767.8 5683.5 -13.0 1 0 10.1 9.3 2.5 0.0 0 0 1 0 0
6752.7 5664.3 -13.7 8 0 15.0 12.8 2.5 2.5 2 0 1 3 3
6735.5 5628.4 -15.2 104 0 14.4 21.5 2.5 2.5 2 1 1 3 3
6760.2 5623.5 -16.3 101 0 19.8 8.2 2.5 0.0 0 0 1 0 0
6782.4 5618.3 -16.6 94 0 10.9 9.5 2.5 2.5 4 0 1 3 3
6813.1 5611.9 -17.3 100 0 12.8 9.4 2.5 2.5 2 0 1 2 2
6836.9 5606.1 -17.0 96 0 13.0 22.7 2.5 2.5 2 1 1 5 5
6869.1 5626.5 -15.8 276 0 12.7 6.5 2.5 2.5 2 0 1 3 3
6900.6 5607.1 -15.2 9 0 8.3 11.7 2.5 2.5 2 1 1 5 5
6890.5 5589.8 -15.5 96 0 9.2 13.3 2.5 0.0 0 1 1 1 1
6116.5 -4221.3 8.3 358 0 5.4 6.9 5.0 2.5 2 1 2 3 3
6102.6 -4295.5 8.4 346 0 5.6 10.1 5.0 2.5 2 1 2 1 1
6094.6 -4344.7 8.5 68 0 11.6 8.7 7.5 2.5 2 0 3 5 5
6058.1 -4401.8 9.0 181 0 7.1 7.7 5.0 2.5 2 1 2 4 4
6066.4 -4426.5 8.7 353 0 5.2 7.9 2.5 2.5 4 1 1 5 5
6067.6 -4451.3 8.1 14 0 7.1 9.7 2.5 2.5 2 1 1 2 2
6095.4 -4855.8 7.5 88 0 8.4 4.2 2.5 2.5 2 0 1 4 4
6111.5 -4809.8 9.1 272 0 6.7 12.4 2.5 2.5 2 1 1 4 4
6090.8 -4815.5 8.5 273 0 9.8 7.9 2.5 2.5 2 0 1 3 3
6109.6 -4618.4 5.0 0 0 10.0 9.3 5.0 2.5 2 0 2 3 3
6048.7 -4497.2 5.7 180 0 5.5 8.0 5.0 0.0 0 1 2 3 3
6045.2 -4592.5 1.3 187 0 5.9 6.1 5.0 2.5 2 1 2 5 5
6040.5 -4633.3 0.9 180 0 4.0 5.2 5.0 2.5 2 1 2 4 4
6038.2 -4651.6 1.2 182 0 5.7 5.6 5.0 2.5 2 0 2 2 2
6040.7 -4690.5 2.6 104 0 7.3 5.2 5.0 2.5 2 0 2 2 2
6039.1 -4785.5 7.2 284 0 7.8 6.1 2.5 2.5 2 0 1 1 1
6036.4 -4767.9 5.8 104 0 8.0 11.5 5.0 2.5 2 1 2 0 0
5988.4 -4779.4 3.4 284 0 6.1 6.4 2.5 2.5 2 1 1 2 2
5956.1 -4772.1 -0.4 284 0 4.5 8.0 2.5 2.5 2 1 1 3 3
5879.7 -4751.3 -3.5 284 0 6.3 6.3 2.5 2.5 2 1 1 1 1
5856.2 -4749.4 -3.3 284 0 6.0 7.5 2.5 2.5 4 1 1 3 3
5829.2 -4740.0 -3.1 284 0 4.9 5.5 2.5 2.5 2 1 1 4 4
5823.4 -4711.1 -2.9 104 0 8.0 7.2 2.5 0.0 0 0 1 4 4
5792.9 -4730.7 -2.6 284 0 3.8 6.5 2.5 2.5 2 1 1 5 5
5772.2 -4688.5 -2.4 194 0 6.7 7.4 2.5 2.5 2 1 1 3 3
5769.0 -4745.8 -2.0 104 0 4.9 8.3 2.5 2.5 2 1 1 2 2
5706.8 -4679.5 -3.6 104 0 6.5 7.7 2.5 2.5 2 1 1 0 0
5672.9 -4668.5 -5.5 104 0 5.7 8.5 2.5 2.5 2 1 1 3 3
5651.2 -4663.3 -7.1 104 0 5.5 10.0 2.5 0.0 0 1 1 2 2
5662.4 -4698.7 -7.4 284 0 6.7 6.3 5.0 2.5 2 0 2 1 1
5596.4 -4679.0 -7.5 287 0 7.6 6.6 5.0 2.5 4 0 2 3 3
4379.8 6560.9 -11.2 316 0 6.3 7.6 5.0 2.5 2 1 2 1 1
4405.4 6552.6 -11.3 321 0 11.3 7.8 5.0 2.5 4 0 2 2 2
4463.7 6457.6 -11.5 54 0 8.9 7.3 2.5 2.5 4 0 1 2 2
