3936.6 -3987.1 -30.4 189 0 6.8 12.3 2.5 2.5 2 1 1 2 2
3957.5 -4084.0 -25.9 189 0 6.4 12.7 7.5 2.5 2 1 3 3 3
3965.9 -3779.8 -34.4 290 0 7.5 7.5 2.5 2.5 2 1 1 3 3
3967.8 -3993.1 -29.7 9 0 7.6 6.3 7.5 2.5 2 0 3 3 3
3947.0 -3902.6 -33.9 188 0 8.5 11.8 7.5 2.5 2 1 3 2 2
3992.4 -3822.0 -33.4 10 0 8.6 9.5 5.0 2.5 2 1 2 1 1
3954.0 -4027.3 -28.4 184 0 6.4 12.6 2.5 2.5 2 1 1 0 0
3911.6 -3842.7 -35.7 187 0 9.8 25.9 7.5 2.5 2 1 3 2 2
3994.0 -3778.1 -33.4 4 0 8.0 4.5 2.5 0.0 0 0 1 3 3
3947.3 -3939.3 -32.3 183 0 8.3 7.4 7.5 2.5 2 0 3 0 0
3989.8 -3848.2 -33.4 7 0 7.1 10.7 5.0 2.5 4 1 2 0 0
3986.9 -3870.6 -33.2 5 0 7.9 9.1 7.5 2.5 2 1 3 3 3
3954.5 -4070.1 -26.9 92 0 11.5 8.5 2.5 2.5 2 0 1 3 3
3970.5 -3815.6 -34.1 4 0 7.9 6.4 7.5 2.5 4 0 3 0 0
3974.6 -3946.4 -31.5 4 0 3.4 6.7 7.5 2.5 2 1 3 4 4
3981.5 -3909.8 -32.7 7 0 5.0 8.5 5.0 2.5 2 1 2 5 5
3942.2 -3973.3 -30.9 178 0 6.8 7.8 7.5 2.5 4 1 3 5 5
3973.0 -3962.5 -30.9 8 0 6.7 6.3 2.5 2.5 2 0 1 0 0
3951.4 -4046.7 -27.6 180 0 6.7 7.1 7.5 2.5 4 1 3 1 1
3981.7 -3926.4 -32.4 4 0 7.0 11.2 7.5 2.5 2 1 3 1 1
3944.5 -3957.5 -31.5 182 0 6.5 8.2 7.5 2.5 2 1 3 4 4
3952.1 -3884.8 -34.1 190 0 8.5 9.0 7.5 0.0 0 1 3 2 2
3969.1 -4011.9 -29.1 7 0 7.3 13.1 5.0 2.5 2 1 2 0 0
3950.3 -3923.1 -33.0 184 0 6.5 6.7 2.5 2.5 2 1 1 1 1
5712.5 3079.5 16.4 277 0 8.8 6.0 5.0 2.5 2 0 2 0 0
5614.9 3120.9 15.0 96 0 7.8 7.3 2.5 2.5 2 0 1 4 4
5464.5 3137.3 12.0 287 0 6.8 21.3 5.0 2.5 2 1 2 3 3
5625.5 3086.3 15.1 107 0 6.5 5.7 5.0 2.5 2 0 2 4 4
5962.1 3095.6 23.6 287 0 5.6 7.7 2.5 2.5 2 1 1 4 4
5573.1 3112.6 14.3 285 0 7.5 6.3 5.0 2.5 2 0 2 4 4
5975.5 3072.6 24.6 108 0 7.0 10.5 2.5 2.5 2 1 1 1 1
6058.4 3033.4 29.9 280 0 7.1 7.6 2.5 2.5 2 1 1 4 4
5634.5 3115.7 15.3 90 0 6.5 6.2 2.5 2.5 2 0 1 3 3
5993.2 3067.9 25.5 104 0 6.5 8.7 2.5 2.5 2 1 1 3 3
5677.5 3122.0 16.0 288 0 6.1 5.0 2.5 2.5 2 0 1 3 3
5717.8 3099.8 16.6 98 0 7.9 7.9 2.5 2.5 2 0 1 2 2
5711.1 3072.5 16.4 285 0 4.4 4.4 5.0 2.5 2 0 2 4 4
6084.5 4273.6 25.3 113 0 7.6 5.1 2.5 2.5 2 0 1 3 3
5793.4 4390.7 18.6 295 0 8.4 8.6 5.0 2.5 2 1 2 2 2
6018.6 3021.4 28.5 107 0 5.8 9.7 2.5 2.5 4 1 1 4 4
5638.5 3097.2 15.3 280 0 6.6 7.4 5.0 2.5 2 1 2 4 4
6006.3 3044.7 27.0 282 0 6.9 8.0 2.5 2.5 2 1 1 0 0
5629.9 3098.7 15.2 289 0 7.2 5.8 5.0 2.5 2 0 2 4 4
5590.0 3109.4 14.5 284 0 9.4 8.0 5.0 2.5 4 0 2 5 5
5738.7 4320.9 17.2 33 0 6.4 14.1 2.5 2.5 2 1 1 0 0
5461.5 3036.3 11.6 39 0 21.5 10.4 5.0 2.5 2 0 2 1 1
5971.6 3052.5 25.4 287 0 7.7 8.9 2.5 2.5 2 1 1 5 5
6037.5 3019.6 29.5 107 0 5.9 8.1 2.5 2.5 2 1 1 1 1
5968.2 4309.5 24.3 296 0 6.9 8.7 2.5 2.5 4 1 1 2 2
5491.7 3147.9 12.8 101 0 8.4 7.4 2.5 2.5 2 0 1 5 5
6045.1 3055.4 27.8 105 0 6.0 8.8 2.5 2.5 4 1 1 0 0
5555.9 3134.8 14.0 107 0 8.9 6.5 2.5 2.5 2 0 1 1 1
5773.1 4350.1 18.5 205 0 7.0 10.6 5.0 2.5 2 1 2 1 1
5399.9 3088.4 10.6 121 0 6.4 15.1 5.0 0.0 0 1 2 1 1
5696.5 3103.2 16.3 100 0 7.1 7.3 2.5 2.5 2 1 1 4 4
6023.5 3040.1 28.0 287 0 6.5 8.0 2.5 2.5 2 1 1 0 0
5418.0 3077.0 11.0 119 0 7.6 5.0 5.0 0.0 0 0 2 1 1
5709.3 3102.2 16.5 103 0 7.1 8.1 2.5 0.0 0 1 1 0 0
5676.4 3108.1 16.0 105 0 7.4 6.1 2.5 2.5 2 0 1 3 3
5984.7 3030.3 26.6 109 0 5.2 9.4 2.5 2.5 2 1 1 3 3
5474.8 3151.4 12.4 100 0 7.2 6.9 2.5 2.5 2 0 1 5 5
5755.6 4313.7 18.1 201 0 6.9 13.4 5.0 2.5 2 1 2 4 4
6076.7 4257.8 27.3 299 0 5.6 9.9 2.5 2.5 2 1 1 3 3
5781.2 4369.3 18.7 204 0 7.4 13.4 5.0 2.5 2 1 2 2 2
6090.1 3030.7 31.5 287 0 4.7 4.1 2.5 2.5 2 0 1 0 0
5567.6 3098.2 14.2 103 0 5.7 5.7 5.0 2.5 2 1 2 1 1
6002.5 3029.3 27.5 103 0 5.4 6.0 2.5 2.5 2 1 1 2 2
6179.2 4242.8 23.6 301 0 6.6 6.8 2.5 2.5 2 1 1 5 5
5402.5 3165.6 10.8 102 0 14.4 7.1 2.5 2.5 2 0 1 2 2
6032.6 3078.6 26.7 284 0 6.4 10.3 2.5 2.5 2 1 1 5 5
5650.4 3094.3 15.5 284 0 8.8 6.2 5.0 0.0 0 0 2 3 3
5425.9 3070.9 11.2 117 0 8.0 14.0 5.0 2.5 4 1 2 0 0
6174.8 4186.4 26.7 283 0 8.2 9.2 2.5 2.5 2 1 1 5 5
6064.9 4285.1 24.3 114 0 7.8 6.6 2.5 2.5 2 0 1 1 1
6001.0 4319.2 24.9 115 0 8.2 5.8 2.5 2.5 2 0 1 2 2
6063.6 3051.9 28.4 97 0 6.1 14.8 2.5 2.5 2 1 1 5 5
5551.8 3118.0 13.9 283 0 8.7 6.7 5.0 2.5 2 0 2 4 4
6165.4 4214.8 25.6 301 0 8.8 8.4 2.5 2.5 2 0 1 5 5
6027.6 3059.7 27.1 107 0 7.1 7.3 2.5 2.5 2 1 1 1 1
5753.4 4358.6 17.5 28 0 7.9 13.1 2.5 2.5 2 1 1 3 3
6056.0 3018.0 30.5 98 0 5.4 5.3 2.5 2.5 2 0 1 0 0
5535.0 3139.6 13.7 103 0 7.8 9.0 2.5 2.5 2 1 1 4 4
5737.5 3094.0 16.9 102 0 7.5 6.9 2.5 2.5 2 0 1 1 1
5508.2 3126.5 13.0 282 0 18.3 8.4 5.0 2.5 2 0 2 5 5
6034.7 4278.5 26.3 295 0 7.5 5.3 2.5 0.0 0 0 1 1 1
5421.6 3125.7 11.2 279 0 4.8 6.1 5.0 2.5 2 1 2 2 2
5576.8 3129.7 14.4 101 0 7.6 6.6 2.5 2.5 2 0 1 1 1
5989.1 3047.5 26.2 286 0 8.5 7.2 2.5 0.0 0 0 1 0 0
5728.3 3097.7 16.8 103 0 5.8 6.5 2.5 2.5 4 1 1 0 0
6010.6 3064.0 26.2 102 0 6.2 8.6 2.5 2.5 2 1 1 1 1
5595.3 3126.7 14.7 100 0 7.2 7.8 2.5 2.5 2 1 1 2 2
5438.4 3156.0 11.6 102 0 16.4 10.4 2.5 2.5 2 0 1 4 4
5647.9 3087.5 15.5 284 0 4.7 3.3 5.0 2.5 2 0 2 5 5
5458.6 3100.3 11.8 305 0 10.1 10.3 5.0 0.0 0 1 2 4 4
5722.5 4286.3 16.8 28 0 7.8 11.6 2.5 2.5 2 1 1 2 2
5688.5 3085.8 16.0 284 0 8.1 7.5 5.0 2.5 2 0 2 3 3
5979.7 3089.9 24.4 287 0 6.0 5.5 2.5 2.5 2 0 1 0 0
6073.9 3011.6 31.4 97 0 6.2 8.8 2.5 2.5 2 1 1 3 3
6042.9 4296.9 23.2 120 0 7.1 11.7 2.5 2.5 2 1 1 5 5
5610.2 3103.3 14.9 284 0 7.5 5.4 5.0 2.5 4 0 2 2 2
5991.0 4300.8 25.1 297 0 8.0 5.7 2.5 2.5 2 0 1 5 5
5685.9 3073.3 16.0 99 0 5.1 3.9 5.0 2.5 2 0 2 3 3
5736.6 3068.3 16.9 12 0 5.2 8.7 5.0 2.5 2 1 2 2 2
6082.8 3063.3 29.3 284 0 7.5 8.8 2.5 2.5 2 1 1 4 4
6040.6 3036.4 29.0 280 0 7.8 7.6 2.5 2.5 2 0 1 4 4
5669.7 3089.7 15.7 285 0 8.0 7.9 5.0 2.5 2 0 2 3 3
5478.5 3055.7 12.0 39 0 23.5 11.0 5.0 0.0 0 0 2 3 3
5966.5 3035.5 25.7 105 0 5.9 7.7 2.5 2.5 2 1 1 0 0
5634.8 3131.0 15.3 270 0 5.2 5.6 2.5 2.5 2 1 1 4 4
5654.8 3109.8 15.6 103 0 7.4 11.2 2.5 2.5 2 1 1 0 0
5936.2 4377.4 22.0 296 0 13.5 20.6 2.5 2.5 2 1 1 3 3
6121.1 3029.2 33.4 197 0 8.5 17.5 2.5 2.5 2 1 1 5 5
6096.4 4242.0 27.0 299 0 5.9 4.9 2.5 0.0 0 0 1 2 2
5802.2 4385.5 18.9 293 0 8.6 6.8 5.0 2.5 2 0 2 4 4
5764.5 4332.1 18.3 204 0 7.9 10.5 5.0 2.5 2 1 2 2 2
5748.6 4340.8 17.4 25 0 8.6 13.5 2.5 2.5 2 1 1 0 0
6107.2 4262.3 24.7 111 0 7.5 6.8 2.5 2.5 2 0 1 0 0
6121.3 4238.8 26.5 293 0 7.7 7.7 2.5 2.5 4 0 1 1 1
6006.3 4330.3 24.9 299 0 6.3 4.5 2.5 0.0 0 0 1 5 5
6100.6 4249.0 27.0 299 0 8.7 6.5 2.5 2.5 2 0 1 4 4
6171.0 4229.2 24.8 123 0 9.8 6.0 2.5 2.5 2 0 1 4 4
5729.7 4303.9 17.0 30 0 8.6 11.6 2.5 2.5 2 1 1 0 0
6129.2 4251.5 24.1 118 0 7.9 6.7 2.5 2.5 2 0 1 5 5
5979.7 4331.7 24.2 117 0 7.3 10.1 2.5 2.5 2 1 1 2 2
6089.8 4283.5 24.3 295 0 5.6 3.7 2.5 0.0 0 0 1 4 4
6024.3 4306.1 25.0 117 0 8.1 5.5 2.5 2.5 2 0 1 0 0
5762.7 4378.0 17.7 25 0 8.6 13.7 2.5 2.5 2 1 1 1 1
5759.4 4266.0 18.0 12 0 8.8 10.7 5.0 2.5 2 1 2 3 3
5772.2 4395.7 18.2 27 0 8.2 7.6 2.5 2.5 2 0 1 4 4
5763.7 4404.6 18.0 297 0 4.2 6.0 2.5 2.5 2 1 1 5 5
5748.1 4296.1 17.9 196 0 7.4 12.8 5.0 2.5 2 1 2 3 3
6150.8 4240.3 23.6 115 0 6.7 10.1 2.5 2.5 2 1 1 2 2
1264.1 -5413.6 -35.3 116 0 7.3 13.5 5.0 2.5 2 1 2 1 1
1144.0 -5345.3 -30.5 115 0 7.4 6.8 5.0 2.5 2 0 2 4 4
1142.8 -5318.6 -32.5 205 0 10.5 6.5 5.0 2.5 2 0 2 3 3
1146.9 -5339.2 -32.2 115 0 10.4 19.6 5.0 2.5 2 0 2 5 5
1213.2 -5290.9 -37.5 287 0 13.0 7.2 5.0 0.0 0 0 2 3 3
1263.4 -5285.9 -38.5 286 0 9.5 28.9 5.0 2.5 2 1 2 0 0
1208.8 -5317.2 -35.3 290 0 6.3 7.1 5.0 2.5 2 1 2 3 3
1221.3 -5325.8 -35.5 291 0 6.7 11.7 5.0 0.0 0 1 2 2 2
1236.7 -5333.7 -35.9 291 0 6.7 11.7 5.0 2.5 2 1 2 3 3
1289.4 -5352.3 -39.3 19 0 3.2 4.2 5.0 2.5 2 1 2 2 2
1279.0 -5344.3 -39.2 202 0 4.1 3.6 5.0 2.5 2 0 2 2 2
1254.6 -5417.7 -32.4 95 0 4.1 3.6 5.0 2.5 2 0 2 5 5
1227.8 -5374.9 -33.3 117 0 4.1 3.6 5.0 2.5 2 0 2 0 0
1216.7 -5384.2 -32.4 112 0 7.6 6.8 5.0 2.5 4 0 2 1 1
1151.9 -5353.5 -30.3 130 0 4.9 4.4 5.0 2.5 2 0 2 2 2
1161.0 -5368.6 -30.1 135 0 7.6 6.8 5.0 2.5 2 0 2 3 3
1208.4 -5365.2 -32.8 117 0 4.6 4.1 5.0 2.5 2 0 2 5 5
1192.3 -5358.4 -32.3 118 0 4.1 4.6 5.0 2.5 2 1 2 3 3
1183.8 -5357.1 -32.1 118 0 6.8 7.7 5.0 2.5 2 1 2 2 2
1232.4 -5384.3 -33.8 117 0 7.5 13.3 5.0 2.5 2 1 2 5 5
1295.7 -5359.8 -39.4 14 0 8.0 5.6 5.0 2.5 2 0 2 3 3
1284.5 -5428.6 -34.4 182 0 5.9 10.3 5.0 2.5 2 1 2 4 4
1341.2 -5326.0 -37.5 7 0 5.3 4.7 5.0 2.5 2 0 2 0 0
1351.2 -5311.8 -37.1 8 0 7.6 13.6 5.0 2.5 2 1 2 3 3
1338.4 -5386.1 -38.1 11 0 6.5 11.2 5.0 2.5 2 1 2 0 0
1337.0 -5402.8 -37.7 5 0 4.3 11.5 5.0 2.5 2 1 2 2 2
1331.9 -5427.4 -35.8 9 0 8.5 7.5 5.0 2.5 2 0 2 2 2
1163.7 -5287.0 -36.0 293 0 6.7 7.6 5.0 2.5 2 1 2 2 2
2425.2 -316.8 -17.2 95 0 8.3 5.1 2.5 2.5 4 0 1 0 0
2435.4 -292.3 -17.3 0 0 3.6 8.0 7.5 2.5 2 1 3 3 3
2439.7 -279.4 -17.5 0 0 4.9 9.0 7.5 2.5 4 1 3 4 4
2447.4 -238.3 -17.7 5 0 6.1 9.2 5.0 2.5 2 1 2 0 0
5878.2 4411.7 20.1 296 0 10.4 9.4 5.0 2.5 2 0 2 5 5
5880.1 4381.0 20.5 117 0 13.6 20.1 5.0 2.5 2 1 2 4 4
5206.0 2985.5 7.3 211 0 20.4 14.7 7.5 2.5 2 0 3 3 3
5252.9 2992.5 8.0 298 0 23.3 13.3 7.5 2.5 2 0 3 3 3
5271.3 2969.6 8.3 302 0 13.3 33.6 7.5 2.5 2 1 3 0 0
4130.5 3153.9 -9.9 209 0 16.3 12.7 2.5 2.5 2 0 1 1 1
