-729.1 5071.2 29.1 357 0 6.3 4.3 2.5 2.5 2 0 1 0 0
-709.9 5173.2 26.6 181 0 7.0 9.2 2.5 2.5 2 1 1 2 2
-631.3 4782.9 20.5 354 0 9.2 11.5 2.5 2.5 2 1 1 4 4
-722.4 4894.0 30.6 167 0 6.8 5.9 2.5 2.5 2 0 1 5 5
-742.2 5117.8 28.7 1 0 3.6 3.7 2.5 0.0 0 1 1 5 5
-680.5 4789.1 20.3 4 0 9.9 12.7 2.5 2.5 2 1 1 4 4
-725.9 5054.3 29.0 358 0 8.2 12.3 2.5 2.5 2 1 1 2 2
-681.8 5056.9 28.8 357 0 7.7 12.3 2.5 2.5 2 1 1 0 0
-686.3 5148.8 26.6 358 0 8.2 12.3 2.5 2.5 2 1 1 1 1
-676.0 4954.5 33.6 355 0 6.9 11.2 2.5 2.5 2 1 1 5 5
-666.2 4905.6 35.0 343 0 5.8 5.2 2.5 2.5 2 0 1 2 2
-726.7 5027.0 29.0 359 0 8.7 12.8 2.5 0.0 0 1 1 1 1
-708.6 5259.1 25.0 179 0 8.3 7.3 2.5 2.5 2 0 1 1 1
-729.6 5125.4 28.2 360 0 7.0 14.1 2.5 2.5 2 1 1 1 1
-680.2 4833.0 25.4 359 0 9.2 11.9 2.5 2.5 2 1 1 0 0
-659.9 4929.0 35.9 343 0 8.0 8.1 2.5 2.5 2 1 1 0 0
-740.5 4963.6 30.2 175 0 5.7 4.9 2.5 2.5 2 0 1 1 1
-688.4 5160.4 26.5 359 0 5.7 3.4 2.5 2.5 2 0 1 3 3
-655.8 4833.4 26.6 173 0 8.9 10.9 2.5 2.5 2 1 1 4 4
-681.9 5108.6 27.9 359 0 8.4 17.9 2.5 2.5 2 1 1 0 0
-713.1 4913.9 32.2 353 0 8.4 11.0 2.5 2.5 2 1 1 3 3
-698.4 4885.6 30.3 355 0 8.7 13.6 2.5 2.5 2 1 1 3 3
-677.9 5003.2 31.0 360 0 10.6 14.9 2.5 2.5 2 1 1 5 5
-720.5 4950.1 31.1 357 0 8.7 14.3 2.5 2.5 2 1 1 4 4
-743.9 5151.2 28.1 358 0 5.8 3.2 2.5 2.5 2 0 1 1 1
-681.9 4979.3 32.5 358 0 8.4 8.9 2.5 2.5 2 1 1 5 5
-685.3 5082.3 28.5 355 0 7.4 11.8 2.5 2.5 2 1 1 5 5
-729.7 5146.2 27.8 360 0 9.1 10.5 2.5 2.5 2 1 1 3 3
-654.2 4897.9 34.3 346 0 9.4 9.5 2.5 2.5 2 1 1 3 3
-735.1 4933.9 31.5 171 0 5.3 5.3 2.5 2.5 2 1 1 3 3
-756.2 5164.8 28.0 177 0 8.7 6.6 2.5 2.5 2 0 1 1 1
-646.9 4867.4 30.5 346 0 8.2 12.9 2.5 2.5 2 1 1 1 1
-744.7 5313.5 23.2 358 0 9.7 19.0 2.5 2.5 2 1 1 5 5
-688.0 5258.7 24.6 356 0 8.8 5.9 2.5 2.5 2 0 1 5 5
-702.7 5457.1 20.5 180 0 8.6 17.6 2.5 2.5 2 1 1 0 0
-693.6 5296.0 23.6 1 0 6.3 4.5 2.5 2.5 2 0 1 0 0
-709.4 5306.7 23.0 181 0 8.5 9.1 2.5 2.5 2 1 1 3 3
-707.7 5327.7 22.2 180 0 9.0 8.5 2.5 2.5 2 0 1 1 1
-708.2 5357.2 21.0 178 0 8.7 9.9 2.5 2.5 2 1 1 1 1
-697.6 5404.4 20.7 177 0 12.2 20.3 2.5 2.5 2 1 1 5 5
-750.6 5601.4 16.5 3 0 9.8 8.2 2.5 2.5 2 0 1 4 4
-776.6 5611.0 16.2 284 0 8.1 9.1 2.5 2.5 2 1 1 3 3
-763.8 5573.6 18.1 360 0 9.8 8.4 2.5 2.5 2 0 1 0 0
-750.4 5575.0 18.4 360 0 9.7 8.1 2.5 2.5 2 0 1 4 4
-702.8 5519.8 19.3 187 0 10.2 18.9 2.5 2.5 2 1 1 1 1
-685.1 5218.3 25.3 0 0 6.0 4.8 2.5 2.5 2 0 1 0 0
-687.5 5202.4 25.7 360 0 9.0 10.5 2.5 2.5 2 1 1 3 3
-689.7 5174.2 26.3 0 0 8.9 8.1 2.5 2.5 2 0 1 1 1
-727.6 5081.5 28.8 1 0 8.6 11.2 2.5 2.5 2 1 1 3 3
-728.7 5106.5 28.5 359 0 9.2 10.3 2.5 2.5 4 1 1 5 5
-5023.7 2536.7 -39.5 264 0 11.6 8.3 5.0 2.5 2 0 2 4 4
-5012.0 2531.9 -40.0 266 0 4.9 4.4 5.0 2.5 2 0 2 4 4
-5039.5 2529.4 -38.7 174 0 9.3 8.7 5.0 0.0 0 0 2 4 4
-4958.9 2567.8 -37.9 358 0 12.7 15.9 5.0 2.5 2 1 2 2 2
-4962.7 2520.9 -38.9 2 0 9.7 11.4 5.0 2.5 2 1 2 3 3
-5031.3 2478.6 -39.0 187 0 5.4 4.3 5.0 2.5 2 0 2 4 4
-5018.9 2468.9 -39.9 180 0 9.8 10.2 5.0 2.5 2 1 2 5 5
-5026.0 2448.3 -39.8 175 0 10.4 11.6 5.0 0.0 0 1 2 4 4
-5026.3 2434.0 -40.0 173 0 6.6 14.4 5.0 2.5 4 1 2 3 3
-5020.8 2417.3 -40.3 167 0 8.0 11.6 5.0 2.5 2 1 2 4 4
-4956.1 2474.2 -39.8 349 0 10.0 16.4 5.0 2.5 2 1 2 3 3
-4821.3 2156.1 -36.9 229 0 5.8 6.3 2.5 2.5 2 1 1 1 1
-4811.7 2135.0 -36.1 307 0 4.8 6.0 5.0 2.5 2 1 2 5 5
-4808.8 2149.6 -36.8 316 0 12.3 12.4 5.0 2.5 2 1 2 3 3
-4795.9 2127.5 -36.0 327 0 7.7 7.7 5.0 2.5 2 1 2 3 3
-4776.5 2092.1 -34.6 323 0 10.0 13.1 5.0 2.5 2 1 2 2 2
-4764.9 2075.7 -33.9 332 0 9.1 16.3 5.0 2.5 2 1 2 1 1
-4758.6 2058.6 -33.1 333 0 7.9 14.1 5.0 2.5 2 1 2 5 5
-4759.4 2030.4 -32.8 154 0 11.0 14.9 5.0 2.5 4 1 2 2 2
-4706.3 2073.7 -31.8 155 0 10.7 8.0 5.0 2.5 2 0 2 4 4
-4408.7 1446.0 -36.7 146 0 8.9 7.3 2.5 2.5 2 0 1 3 3
-5355.8 -655.2 -25.9 160 0 15.7 21.8 10.0 2.5 2 1 4 5 5
-5182.8 -747.3 -23.2 285 0 6.2 7.0 2.5 2.5 4 1 1 1 1
-5187.5 -760.9 -23.0 106 0 6.0 6.6 5.0 2.5 2 1 2 2 2
-5245.3 -774.1 -24.5 98 0 8.5 8.5 5.0 2.5 2 1 2 3 3
-5196.5 -899.2 -22.5 29 0 9.8 13.6 7.5 2.5 2 1 3 0 0
-5206.9 -916.5 -24.3 27 0 10.0 14.4 7.5 2.5 2 1 3 5 5
-5216.9 -934.5 -24.6 29 0 9.6 12.8 7.5 2.5 2 1 3 2 2
-5225.1 -954.8 -24.7 37 0 12.3 16.1 7.5 2.5 2 1 3 1 1
-5239.6 -973.0 -24.0 37 0 12.4 17.4 7.5 2.5 4 1 3 2 2
-5242.1 -986.3 -20.3 46 0 9.8 6.8 7.5 2.5 2 0 3 2 2
-5253.7 -995.5 -21.1 45 0 10.4 13.6 7.5 2.5 2 1 3 2 2
-5298.9 -953.6 -24.8 211 0 4.6 7.9 5.0 2.5 2 1 2 4 4
-5285.4 -926.9 -26.4 193 0 11.5 12.7 7.5 2.5 2 1 3 0 0
-5431.1 -1074.6 -28.3 33 0 12.5 16.4 7.5 2.5 2 1 3 1 1
-5399.1 -1039.3 -25.3 55 0 11.9 5.7 7.5 2.5 2 0 3 1 1
-5341.3 -1006.4 -25.3 31 0 6.0 9.6 5.0 2.5 2 1 2 1 1
-5476.9 -1168.9 -28.1 112 0 11.8 12.2 5.0 2.5 2 1 2 3 3
-6272.6 -2459.8 -28.3 32 0 10.8 9.7 2.5 2.5 2 0 1 5 5
-6281.7 -2492.5 -28.3 31 0 11.9 14.2 5.0 2.5 2 1 2 1 1
-6394.4 -2484.7 -29.8 28 0 3.6 9.2 5.0 0.0 0 1 2 5 5
