4443.9 480.7 -11.2 58 0 11.1 11.6 5.0 2.5 2 1 2 1 1
5324.9 -580.7 -17.5 90 0 6.7 7.3 2.5 2.5 2 1 1 5 5
3980.9 1144.6 9.0 3 0 17.9 11.8 5.0 2.5 2 0 2 5 5
6849.4 4986.9 -17.2 150 0 8.4 11.9 5.0 2.5 2 1 2 0 0
6813.3 5053.7 -20.9 153 0 8.4 8.9 5.0 2.5 2 1 2 4 4
5392.4 -584.8 -6.4 276 0 8.8 7.0 5.0 2.5 2 0 2 2 2
4179.6 661.2 -13.6 38 0 7.0 8.2 5.0 0.0 0 1 2 0 0
4402.8 502.5 -11.6 143 0 8.0 10.6 5.0 2.5 2 1 2 4 4
4003.4 711.8 -11.4 238 0 8.6 11.7 5.0 2.5 2 1 2 4 4
4458.5 465.4 -10.7 239 0 14.9 9.4 5.0 2.5 2 0 2 4 4
3917.6 682.2 -7.0 54 0 8.3 10.5 5.0 2.5 2 1 2 4 4
6886.0 5007.3 -17.3 324 0 9.0 7.1 5.0 2.5 2 0 2 4 4
6521.4 4858.2 -14.8 67 0 9.7 34.6 2.5 2.5 2 1 1 0 0
3736.6 566.5 -9.7 309 0 10.4 4.7 2.5 2.5 2 0 1 3 3
4231.0 655.3 -12.9 104 0 9.9 9.6 5.0 2.5 2 0 2 3 3
6911.2 5088.0 -19.4 149 0 6.8 5.2 5.0 2.5 2 0 2 0 0
4427.5 510.1 -12.0 324 0 10.9 12.7 5.0 0.0 0 1 2 5 5
4155.6 761.3 -11.6 299 0 7.8 17.9 5.0 2.5 2 1 2 3 3
3980.0 1164.2 9.2 0 0 11.9 6.9 5.0 0.0 0 0 2 2 2
4272.5 89.3 -19.6 123 0 4.1 4.0 5.0 2.5 4 0 2 2 2
3963.4 805.5 -7.6 58 0 11.5 13.7 5.0 2.5 2 1 2 5 5
4143.5 678.6 -13.9 289 0 6.9 9.7 5.0 2.5 2 1 2 0 0
4393.3 576.4 -11.3 321 0 7.4 7.0 5.0 2.5 2 0 2 2 2
3969.8 792.4 -9.0 240 0 10.2 13.9 5.0 2.5 2 1 2 0 0
3990.1 801.8 -9.2 237 0 8.5 14.1 5.0 2.5 2 1 2 2 2
6866.1 4956.3 -16.6 149 0 9.2 13.8 5.0 2.5 2 1 2 1 1
4056.7 788.0 -10.9 159 0 10.9 13.2 5.0 2.5 2 1 2 5 5
4023.7 721.9 -12.2 231 0 8.6 8.8 5.0 2.5 4 1 2 5 5
4140.4 693.5 -13.6 295 0 7.8 9.3 5.0 2.5 2 1 2 5 5
5536.0 -458.0 -18.1 117 0 9.9 12.9 5.0 2.5 2 1 2 0 0
4423.6 533.7 -12.2 327 0 9.2 14.1 5.0 2.5 2 1 2 4 4
4116.2 700.7 -13.8 282 0 8.4 10.7 5.0 2.5 2 1 2 5 5
3945.7 780.5 -7.8 240 0 7.1 12.1 5.0 2.5 4 1 2 2 2
4362.8 606.3 -9.4 142 0 8.4 7.2 5.0 2.5 2 0 2 1 1
3917.5 781.0 -4.5 60 0 5.8 10.0 5.0 2.5 2 1 2 0 0
3926.4 672.0 -7.4 235 0 10.3 11.9 5.0 2.5 2 1 2 2 2
4257.8 69.7 -24.2 287 0 10.7 14.6 2.5 2.5 2 1 1 4 4
4156.6 736.6 -11.8 117 0 8.5 13.8 5.0 2.5 2 1 2 2 2
3980.1 701.6 -10.4 229 0 9.3 10.9 5.0 2.5 2 1 2 5 5
3986.6 811.9 -7.9 57 0 8.4 15.1 5.0 2.5 2 1 2 1 1
3974.0 712.8 -10.2 58 0 7.3 13.8 5.0 2.5 2 1 2 5 5
6737.3 4949.7 -13.6 348 0 11.9 17.4 5.0 2.5 2 1 2 3 3
3954.3 688.6 -9.2 234 0 9.7 10.2 5.0 2.5 2 1 2 5 5
6835.4 4967.3 -17.0 332 0 7.4 7.7 5.0 2.5 2 1 2 3 3
4409.8 558.6 -12.5 323 0 12.5 15.2 5.0 2.5 2 1 2 5 5
3731.2 562.8 -9.4 311 0 7.6 5.8 2.5 2.5 2 0 1 1 1
6913.0 5027.1 -17.5 58 0 8.6 11.9 5.0 2.5 2 1 2 1 1
4094.5 709.8 -13.7 289 0 11.6 13.4 5.0 2.5 2 1 2 0 0
6772.5 4860.2 -8.6 267 0 12.0 30.9 5.0 2.5 2 1 2 5 5
4599.9 145.4 -12.7 241 0 7.6 8.5 5.0 0.0 0 1 2 3 3
4098.4 741.7 -12.6 116 0 8.5 12.1 5.0 2.5 4 1 2 0 0
4191.3 678.6 -13.1 304 0 7.9 7.0 5.0 2.5 2 0 2 2 2
4006.0 744.2 -11.6 59 0 14.5 10.6 5.0 2.5 2 0 2 1 1
4435.5 448.1 -11.6 240 0 11.9 10.3 5.0 2.5 2 0 2 0 0
3935.7 791.6 -6.3 149 0 11.4 7.3 5.0 2.5 2 0 2 1 1
3925.3 767.0 -6.3 236 0 7.5 9.4 5.0 2.5 4 1 2 0 0
3947.3 697.2 -8.9 59 0 10.7 19.4 5.0 2.5 2 1 2 2 2
4239.2 81.4 -23.5 283 0 9.4 15.9 2.5 2.5 2 1 1 2 2
3900.5 755.8 -4.9 234 0 8.3 9.6 5.0 0.0 0 1 2 4 4
4388.0 595.7 -9.5 312 0 7.1 8.1 5.0 0.0 0 1 2 3 3
6687.0 4915.2 -14.4 79 0 24.5 25.1 5.0 2.5 2 1 2 4 4
4415.7 2196.1 -9.0 25 0 11.5 9.4 5.0 2.5 2 0 2 3 3
4563.2 2324.9 -2.9 228 0 6.9 9.5 2.5 2.5 2 1 1 2 2
4782.9 3502.5 -13.0 184 0 9.8 7.7 5.0 2.5 2 0 2 0 0
4460.3 2307.4 -12.1 223 0 13.6 9.2 5.0 2.5 2 0 2 5 5
4759.9 3499.0 -13.4 359 0 7.7 10.5 5.0 2.5 2 1 2 1 1
4886.8 3368.3 -10.3 169 0 6.5 9.5 5.0 2.5 2 1 2 2 2
4829.8 3587.9 -10.5 1 0 7.9 17.7 5.0 0.0 0 1 2 2 2
4360.0 2242.5 -12.7 289 0 14.0 9.6 5.0 2.5 2 0 2 0 0
4723.9 3470.4 -13.7 264 0 11.2 16.2 5.0 2.5 2 1 2 5 5
4429.9 2129.9 -5.0 202 0 11.2 10.4 2.5 0.0 0 0 1 2 2
4445.8 2187.7 -4.7 202 0 9.6 10.9 2.5 0.0 0 1 1 2 2
4796.4 3498.6 -12.8 98 0 7.7 5.9 5.0 2.5 2 0 2 0 0
4755.2 3555.5 -12.5 2 0 8.9 11.4 5.0 2.5 2 1 2 2 2
4894.0 3350.3 -9.2 179 0 10.1 8.1 5.0 2.5 2 0 2 3 3
4747.4 3471.7 -13.7 267 0 20.0 9.0 5.0 2.5 2 0 2 3 3
4766.1 3392.4 -14.5 358 0 8.0 7.7 5.0 0.0 0 0 2 5 5
4806.6 3350.9 -14.4 266 0 18.0 10.5 5.0 2.5 2 0 2 3 3
4418.6 2089.4 -5.1 196 0 9.3 7.9 2.5 0.0 0 0 1 3 3
4854.5 3187.6 -12.3 1 0 11.5 7.8 5.0 2.5 2 0 2 2 2
4330.5 1896.8 -9.5 221 0 10.2 11.5 2.5 2.5 2 1 1 1 1
4798.0 3267.4 -15.2 180 0 9.3 8.6 5.0 2.5 2 0 2 3 3
4774.7 3251.8 -16.4 356 0 9.5 11.3 5.0 2.5 2 1 2 5 5
4799.4 3320.3 -14.6 179 0 9.4 20.2 5.0 2.5 2 1 2 3 3
4443.1 2252.8 -9.2 24 0 10.3 8.7 5.0 0.0 0 0 2 2 2
4315.0 2357.4 -8.0 213 0 8.2 8.1 5.0 2.5 2 0 2 4 4
4865.9 3378.7 -12.5 359 0 11.8 16.4 5.0 2.5 2 1 2 2 2
4393.0 2105.6 -9.3 19 0 9.9 12.3 5.0 2.5 2 1 2 0 0
4714.7 3340.2 -17.2 266 0 13.2 8.0 5.0 2.5 2 0 2 5 5
4774.0 3266.4 -16.3 0 0 8.6 10.4 5.0 2.5 2 1 2 3 3
4303.0 1943.8 -12.5 222 0 6.0 9.8 2.5 2.5 2 1 1 0 0
4864.2 3536.2 -5.4 156 0 8.5 9.5 5.0 2.5 2 1 2 3 3
4387.0 2263.6 -13.0 112 0 10.3 16.2 5.0 2.5 2 1 2 4 4
4565.1 2371.9 -10.0 45 0 8.9 10.6 5.0 2.5 2 1 2 1 1
4406.4 2168.0 -9.3 24 0 9.2 10.4 5.0 2.5 2 1 2 4 4
4878.8 3388.6 -11.4 177 0 9.6 8.5 5.0 2.5 2 0 2 2 2
4329.5 2281.5 -13.6 121 0 8.5 9.1 5.0 2.5 2 1 2 2 2
4679.3 3331.3 -16.7 358 0 13.5 11.7 5.0 2.5 2 0 2 0 0
4373.6 2066.3 -11.8 292 0 17.4 10.2 5.0 0.0 0 0 2 0 0
4764.2 3422.3 -13.8 0 0 8.5 8.5 5.0 2.5 2 0 2 2 2
4322.4 2241.6 -13.8 13 0 9.8 9.9 2.5 2.5 2 1 1 5 5
4200.9 2324.0 -11.4 191 0 7.5 10.8 5.0 0.0 0 1 2 2 2
4839.0 3534.4 -10.1 356 0 9.5 18.5 5.0 2.5 2 1 2 2 2
4861.6 3349.9 -12.6 268 0 11.7 11.0 5.0 2.5 2 0 2 3 3
4382.2 2306.8 -14.4 303 0 8.9 8.9 5.0 2.5 2 0 2 4 4
4329.1 2094.3 -15.2 90 0 8.7 8.9 5.0 2.5 2 1 2 5 5
4791.2 3422.1 -13.5 181 0 10.9 9.2 5.0 2.5 4 0 2 3 3
4858.4 3428.8 -11.9 356 0 10.6 10.4 5.0 2.5 2 0 2 1 1
4867.9 3270.4 -13.4 357 0 9.8 14.0 5.0 0.0 0 1 2 5 5
4356.8 2342.6 -9.9 300 0 11.0 9.6 5.0 2.5 2 0 2 3 3
4333.4 2171.3 -14.0 187 0 7.5 7.1 5.0 2.5 2 0 2 2 2
4732.0 3369.4 -15.5 90 0 8.3 13.1 5.0 2.5 2 1 2 3 3
4751.3 3635.4 -12.0 359 0 7.8 9.8 5.0 2.5 2 1 2 0 0
4423.4 2255.5 -10.2 114 0 7.1 9.8 5.0 2.5 2 1 2 5 5
4763.1 3347.5 -15.5 269 0 12.4 8.0 5.0 2.5 2 0 2 2 2
4506.7 2335.6 -11.4 40 0 9.5 9.0 5.0 2.5 4 0 2 4 4
4872.0 3501.3 -6.5 162 0 15.0 9.4 5.0 2.5 2 0 2 3 3
4838.8 3479.9 -12.0 271 0 15.2 7.8 5.0 2.5 2 0 2 2 2
4373.3 2264.3 -13.0 117 0 7.7 7.2 5.0 2.5 2 0 2 5 5
4769.1 3475.1 -13.6 357 0 3.8 5.6 5.0 2.5 2 1 2 0 0
4415.5 2262.0 -10.9 116 0 7.5 7.3 5.0 2.5 2 0 2 0 0
4803.7 3370.4 -14.0 88 0 16.6 10.0 5.0 0.0 0 0 2 5 5
4866.8 3296.8 -13.2 0 0 8.9 13.7 5.0 0.0 0 1 2 5 5
4885.0 3401.6 -10.6 177 0 9.6 15.2 5.0 2.5 2 1 2 3 3
4299.3 2292.1 -11.9 103 0 11.0 6.9 5.0 2.5 2 0 2 2 2
4839.5 3509.6 -10.9 354 0 9.4 14.1 5.0 2.5 2 1 2 4 4
4849.6 3451.7 -11.8 358 0 10.7 8.1 5.0 0.0 0 0 2 5 5
4398.7 2253.6 -11.2 110 0 6.9 10.8 5.0 2.5 2 1 2 5 5
4794.0 3477.0 -13.3 272 0 11.3 9.0 5.0 2.5 2 0 2 1 1
4792.5 3393.8 -13.8 178 0 9.2 14.2 5.0 2.5 2 1 2 0 0
4508.8 2311.4 -10.4 48 0 5.0 6.5 5.0 2.5 2 1 2 1 1
4401.5 2131.7 -8.9 13 0 9.7 9.9 5.0 2.5 2 1 2 4 4
4880.7 3426.7 -11.0 177 0 10.8 10.0 5.0 2.5 2 0 2 5 5
4543.1 2356.3 -10.2 37 0 6.8 7.1 5.0 2.5 2 1 2 3 3
4269.2 2299.6 -11.4 103 0 10.7 8.2 5.0 2.5 4 0 2 0 0
4782.9 3530.7 -12.4 178 0 8.3 13.7 5.0 2.5 4 1 2 1 1
4893.7 3321.6 -9.7 173 0 9.9 11.9 5.0 2.5 4 1 2 0 0
4752.8 3584.0 -12.0 5 0 8.1 13.2 5.0 2.5 2 1 2 1 1
4772.8 3615.5 -11.9 182 0 9.8 12.7 5.0 2.5 2 1 2 5 5
4340.9 2207.5 -13.5 196 0 8.4 8.6 5.0 2.5 2 1 2 2 2
4867.8 3319.0 -12.8 359 0 9.4 10.2 5.0 2.5 2 1 2 2 2
4523.7 2337.6 -10.4 47 0 8.0 6.6 5.0 2.5 2 0 2 3 3
4783.3 3558.0 -11.7 178 0 7.2 10.6 5.0 2.5 2 1 2 4 4
4462.7 2274.7 -9.8 48 0 9.4 7.9 5.0 2.5 2 0 2 0 0
4752.7 3528.0 -13.0 1 0 9.7 9.1 5.0 2.5 2 0 2 4 4
4862.3 3397.9 -12.2 2 0 12.5 13.5 5.0 2.5 2 1 2 1 1
4834.2 3559.5 -10.0 358 0 8.1 10.5 5.0 2.5 2 1 2 5 5
4897.7 3294.4 -9.4 174 0 12.1 14.3 5.0 2.5 4 1 2 3 3
4854.4 3219.8 -13.3 359 0 8.6 11.0 5.0 2.5 2 1 2 2 2
4218.7 2234.2 -13.9 2 0 10.1 15.4 2.5 2.5 4 1 1 2 2
4356.1 2001.2 -13.1 26 0 9.9 15.8 5.0 2.5 4 1 2 3 3
4894.2 3268.3 -10.5 169 0 10.9 10.6 5.0 2.5 2 0 2 0 0
4520.6 2298.8 -6.1 229 0 7.4 10.6 2.5 2.5 2 1 1 4 4
4382.1 1983.8 -7.3 212 0 10.7 8.4 5.0 2.5 2 0 2 1 1
4535.4 2361.9 -10.6 43 0 7.1 7.7 5.0 2.5 2 1 2 4 4
4677.8 3367.2 -15.6 352 0 11.5 9.1 5.0 2.5 2 0 2 2 2
4783.8 3584.2 -11.9 179 0 7.5 6.7 5.0 2.5 2 0 2 3 3
4504.8 2323.5 -11.1 41 0 7.5 6.7 5.0 0.0 0 0 2 2 2
4614.2 -4016.3 -22.4 357 0 8.0 11.7 5.0 2.5 2 1 2 5 5
4325.2 2145.1 -14.5 186 0 8.8 8.2 5.0 2.5 2 0 2 2 2
4219.1 2312.9 -11.7 104 0 10.4 13.3 5.0 0.0 0 1 2 1 1
4122.2 -4968.4 -19.2 69 0 8.5 9.9 5.0 2.5 2 1 2 0 0
4141.7 -5007.0 -12.7 246 0 6.5 9.2 2.5 2.5 2 1 1 0 0
4118.0 -5017.4 -12.0 245 0 8.6 9.6 2.5 2.5 2 1 1 5 5
4648.1 -4081.1 -20.1 182 0 7.5 8.0 2.5 2.5 2 1 1 1 1
4611.5 -4070.1 -21.0 2 0 7.6 8.7 5.0 2.5 2 1 2 3 3
4587.0 -4137.8 -19.7 34 0 5.6 8.2 5.0 2.5 2 1 2 4 4
4592.9 -4126.5 -20.0 28 0 10.0 8.6 5.0 2.5 2 0 2 3 3
4628.0 -4130.3 -19.2 209 0 8.1 10.0 2.5 2.5 2 1 1 4 4
4615.6 -4149.7 -18.9 210 0 8.2 10.2 2.5 0.0 0 1 1 0 0
4600.5 -4176.7 -18.4 233 0 9.2 11.4 2.5 2.5 2 1 1 2 2
4607.5 -4205.2 -16.6 32 0 8.6 10.5 2.5 2.5 2 1 1 2 2
4573.9 -4176.0 -19.0 23 0 7.8 8.6 5.0 0.0 0 1 2 5 5
4492.2 -4251.5 -20.4 43 0 15.6 12.6 2.5 2.5 2 0 1 3 3
4503.1 -4291.5 -20.6 224 0 6.8 7.1 5.0 2.5 2 1 2 1 1
4451.7 -4296.2 -23.0 0 0 8.4 6.8 2.5 2.5 2 0 1 4 4
4335.7 -4804.1 -22.9 46 0 7.5 12.8 5.0 2.5 2 1 2 2 2
4316.5 -4824.9 -23.1 46 0 6.8 8.1 5.0 2.5 2 1 2 5 5
4294.6 -4843.6 -23.3 46 0 11.0 8.7 5.0 2.5 2 0 2 3 3
4300.5 -4868.5 -24.1 229 0 7.3 9.2 2.5 2.5 2 1 1 1 1
4287.0 -4875.5 -24.2 230 0 7.4 12.7 2.5 0.0 0 1 1 0 0
4278.6 -4859.9 -23.5 50 0 8.6 9.7 5.0 2.5 2 1 2 1 1
4259.5 -4876.3 -23.6 47 0 9.4 8.6 5.0 2.5 2 0 2 0 0
4271.2 -4894.6 -24.2 228 0 6.7 9.0 2.5 2.5 2 1 1 3 3
4255.7 -4907.0 -24.2 230 0 8.8 15.6 2.5 2.5 2 1 1 1 1
4240.8 -4891.9 -23.8 53 0 9.0 13.7 5.0 2.5 2 1 2 5 5
4167.4 -4944.6 -21.9 59 0 9.9 17.2 5.0 2.5 2 1 2 3 3
4163.6 -4991.3 -14.1 243 0 7.2 8.5 2.5 2.5 2 1 1 0 0
4148.4 -4959.3 -19.7 67 0 9.6 12.7 5.0 2.5 2 1 2 5 5
4093.2 -4973.7 -19.6 160 0 9.3 9.2 5.0 2.5 2 0 2 2 2
3854.5 -5181.6 -23.7 126 0 7.4 8.2 7.5 2.5 2 1 3 5 5
3793.0 -5159.6 -24.2 33 0 7.8 13.2 5.0 2.5 2 1 2 2 2
3662.0 -5181.2 -23.7 304 0 12.5 7.9 5.0 2.5 2 0 2 5 5
3683.4 -5244.9 -24.2 129 0 11.6 16.0 5.0 2.5 2 1 2 0 0
3709.5 -5211.8 -24.2 307 0 9.2 9.5 5.0 0.0 0 1 2 4 4
3727.3 -5199.6 -24.2 128 0 8.4 10.4 5.0 2.5 2 1 2 4 4
3770.4 -5198.0 -24.3 31 0 8.9 17.1 5.0 2.5 2 1 2 2 2
3799.5 -5218.0 -24.1 306 0 9.1 9.0 5.0 2.5 4 0 2 2 2
3733.1 -5252.9 -24.2 297 0 8.9 10.1 5.0 0.0 0 1 2 1 1
3766.5 -5280.5 -22.4 204 0 8.8 9.1 5.0 2.5 2 1 2 5 5
3714.4 -5305.2 -21.8 11 0 7.9 11.3 5.0 2.5 2 1 2 5 5
3712.7 -5340.3 -19.7 21 0 7.8 10.3 5.0 2.5 2 1 2 5 5
3698.4 -5372.5 -19.1 24 0 7.7 11.4 5.0 2.5 2 1 2 5 5
3722.7 -5407.9 -17.5 183 0 10.0 11.1 5.0 2.5 2 1 2 1 1
3690.3 -5436.7 -22.4 6 0 8.0 8.4 5.0 0.0 0 1 2 2 2
3680.9 -5507.8 -19.8 24 0 9.0 12.1 2.5 2.5 2 1 1 4 4
3671.8 -6408.9 -6.5 173 0 7.5 9.4 5.0 2.5 4 1 2 1 1
3681.1 -6459.5 -12.7 179 0 9.3 15.3 5.0 2.5 4 1 2 0 0
3640.3 -6415.5 -9.3 358 0 8.8 16.0 5.0 2.5 2 1 2 1 1
3643.7 -6434.6 -10.9 2 0 8.7 11.2 5.0 2.5 2 1 2 1 1
3644.0 -6465.4 -13.4 1 0 8.5 13.8 5.0 2.5 2 1 2 1 1
3626.0 -6511.0 -14.4 181 0 14.5 8.9 5.0 2.5 2 0 2 3 3
3644.5 -6542.2 -15.7 358 0 9.9 15.4 5.0 2.5 2 1 2 0 0
3686.9 -6508.0 -16.5 172 0 9.1 13.3 5.0 2.5 2 1 2 2 2
3689.5 -6531.3 -16.1 176 0 7.2 9.4 5.0 2.5 2 1 2 4 4
3698.3 -6581.7 -14.9 159 0 9.2 12.5 5.0 0.0 0 1 2 4 4
3707.3 -6606.8 -12.3 160 0 8.1 10.1 5.0 2.5 4 1 2 2 2
3670.3 -6592.9 -18.5 338 0 6.3 10.9 5.0 2.5 2 1 2 3 3
3658.3 -6626.1 -19.4 162 0 12.0 11.8 5.0 0.0 0 0 2 4 4
3687.0 -6654.6 -20.8 333 0 7.4 8.2 5.0 2.5 2 1 2 1 1
3694.5 -6685.5 -20.4 348 0 5.8 6.5 5.0 2.5 2 1 2 4 4
3700.8 -6708.8 -17.1 335 0 6.9 9.6 5.0 2.5 2 1 2 0 0
3744.3 -6719.5 2.7 157 0 9.8 11.6 5.0 2.5 2 1 2 0 0
3723.3 -6746.0 -5.7 335 0 7.4 7.8 5.0 2.5 2 1 2 2 2
3729.6 -6765.9 -6.3 337 0 8.6 6.1 5.0 2.5 2 0 2 3 3
4534.3 305.3 -12.6 330 0 9.6 8.1 5.0 2.5 4 0 2 5 5
4544.0 285.3 -12.7 330 0 11.0 8.1 5.0 0.0 0 0 2 5 5
4548.5 255.0 -12.6 336 0 11.3 12.2 5.0 2.5 2 1 2 3 3
4560.0 235.0 -12.8 333 0 5.6 8.2 5.0 0.0 0 1 2 4 4
4571.4 222.2 -13.0 334 0 7.0 14.2 5.0 2.5 2 1 2 3 3
4573.2 208.7 -13.0 328 0 15.7 11.2 5.0 2.5 2 0 2 3 3
4584.5 189.0 -13.1 331 0 7.4 10.3 5.0 2.5 2 1 2 4 4
4590.1 176.2 -13.1 330 0 7.6 10.3 5.0 2.5 2 1 2 0 0
4592.5 162.4 -13.2 64 0 10.0 7.4 5.0 2.5 2 0 2 1 1
4651.7 126.2 -9.7 137 0 6.4 17.1 5.0 2.5 2 1 2 2 2
4675.9 87.2 -7.5 140 0 8.8 12.2 5.0 2.5 2 1 2 5 5
4618.8 124.6 -12.0 321 0 9.5 9.0 5.0 2.5 4 0 2 0 0
4604.7 91.8 -11.7 138 0 10.5 9.6 5.0 2.5 2 0 2 3 3
4610.3 81.5 -11.9 145 0 9.1 8.9 5.0 2.5 2 0 2 3 3
4626.9 96.3 -11.0 324 0 6.5 8.6 5.0 2.5 2 1 2 5 5
4655.6 76.6 -10.7 325 0 9.3 15.0 5.0 2.5 2 1 2 4 4
4659.1 59.9 -10.8 330 0 7.4 8.6 5.0 2.5 2 1 2 2 2
4705.2 23.6 -9.9 317 0 6.0 10.2 5.0 2.5 2 1 2 1 1
5415.5 -424.7 -9.8 110 0 4.2 7.0 5.0 2.5 2 1 2 4 4
5494.9 -442.4 -16.1 97 0 5.3 6.6 5.0 2.5 2 1 2 5 5
5503.7 -444.2 -17.7 113 0 8.2 9.1 5.0 2.5 2 1 2 4 4
5513.2 -414.5 -9.3 200 0 8.7 8.1 5.0 2.5 2 0 2 1 1
5545.0 -418.2 -7.6 293 0 5.5 11.0 5.0 2.5 2 1 2 1 1
5600.4 -436.8 3.3 34 0 6.4 8.4 5.0 2.5 2 1 2 3 3
5581.6 -438.6 -0.8 105 0 6.2 9.6 5.0 2.5 2 1 2 4 4
5112.3 -693.8 -14.3 194 0 6.6 12.8 2.5 0.0 0 1 1 0 0
5109.2 -716.6 -12.8 197 0 9.7 8.8 2.5 2.5 2 0 1 0 0
5071.9 -724.8 -18.9 13 0 7.2 7.2 5.0 2.5 2 1 2 4 4
5087.1 -758.0 -12.3 198 0 7.2 9.5 2.5 2.5 2 1 1 1 1
5079.5 -785.8 -10.0 189 0 8.0 11.6 2.5 2.5 2 1 1 2 2
5051.8 -797.1 -14.8 22 0 7.6 9.0 5.0 2.5 2 1 2 1 1
5049.9 -809.5 -18.0 17 0 8.9 13.4 5.0 2.5 2 1 2 1 1
5041.3 -823.7 -20.0 16 0 7.1 7.9 5.0 2.5 2 1 2 2 2
5046.6 -838.3 -20.6 15 0 8.3 13.1 5.0 2.5 2 1 2 5 5
5072.1 -813.1 -7.5 202 0 9.8 12.1 2.5 2.5 2 1 1 1 1
5068.8 -835.7 -5.2 200 0 11.7 15.6 2.5 2.5 2 1 1 2 2
4991.2 -1116.1 5.2 37 0 8.6 5.7 2.5 2.5 2 0 1 4 4
4985.2 -1130.0 1.8 40 0 16.6 12.5 2.5 2.5 2 0 1 2 2
4953.2 -1140.8 -1.1 114 0 4.7 7.3 2.5 2.5 2 1 1 0 0
4921.7 -1139.9 -9.4 126 0 6.5 7.7 2.5 2.5 2 1 1 2 2
4877.7 -1087.1 -27.5 214 0 10.2 7.6 2.5 2.5 2 0 1 1 1
4865.4 -1113.0 -27.2 122 0 9.7 13.7 2.5 2.5 2 1 1 5 5
4481.7 -1484.9 2.1 270 0 8.0 7.7 2.5 2.5 2 0 1 4 4
4124.3 -1644.2 -15.8 212 0 8.4 10.3 5.0 2.5 2 1 2 2 2
3989.5 -1753.0 -15.8 122 0 13.8 10.2 5.0 2.5 2 0 2 1 1
4324.4 -3384.3 -21.5 142 0 5.3 8.3 5.0 2.5 2 1 2 5 5
4351.0 -3380.0 -18.2 68 0 9.8 5.2 5.0 2.5 2 0 2 2 2
4334.0 -3350.7 -19.0 154 0 11.3 9.4 5.0 2.5 4 0 2 4 4
4313.4 -3322.8 -19.0 165 0 7.9 8.3 5.0 2.5 2 1 2 4 4
4302.4 -3290.9 -17.9 151 0 10.7 16.6 5.0 0.0 0 1 2 0 0
4315.1 -3263.1 -16.3 236 0 11.3 8.4 5.0 2.5 2 0 2 4 4
4300.5 -3250.3 -16.3 62 0 8.4 6.4 2.5 2.5 4 0 1 5 5
4280.5 -3207.5 -15.7 147 0 6.7 7.2 2.5 2.5 2 1 1 1 1
4284.5 -3230.1 -16.2 152 0 7.0 9.9 2.5 2.5 2 1 1 4 4
4280.1 -3166.2 -13.7 320 0 5.7 9.1 2.5 2.5 2 1 1 4 4
4236.0 -3121.1 -14.1 148 0 6.9 7.3 2.5 2.5 4 1 1 1 1
4194.4 -2988.5 -15.9 341 0 8.2 11.7 2.5 2.5 4 1 1 1 1
4125.7 -2922.8 -13.7 262 0 7.8 17.9 5.0 2.5 2 1 2 5 5
4141.0 -2973.7 -16.6 339 0 7.8 12.5 5.0 0.0 0 1 2 4 4
4094.6 -2988.6 -18.0 163 0 9.4 7.1 5.0 2.5 2 0 2 5 5
4163.2 -3038.2 -18.9 338 0 8.1 7.5 5.0 0.0 0 0 2 4 4
4119.8 -3054.1 -19.6 155 0 9.4 7.5 5.0 2.5 2 0 2 2 2
4105.1 -3108.2 -19.4 246 0 8.0 6.4 5.0 2.5 2 0 2 4 4
4174.5 -3075.5 -18.7 251 0 6.6 6.7 5.0 2.5 2 1 2 0 0
4192.5 -3120.4 -18.3 1 0 6.4 8.4 5.0 2.5 2 1 2 0 0
4126.3 -3304.9 -20.6 335 0 9.8 9.5 2.5 2.5 2 0 1 0 0
4129.5 -3318.8 -20.4 335 0 9.3 7.8 2.5 2.5 2 0 1 0 0
4115.7 -3267.9 -20.6 339 0 34.6 12.9 2.5 2.5 2 0 1 5 5
4073.4 -3113.7 -18.9 253 0 7.6 6.5 2.5 2.5 2 0 1 4 4
4092.9 -3159.6 -19.9 340 0 13.0 6.6 2.5 2.5 2 0 1 2 2
4113.7 -3215.0 -21.4 338 0 14.5 9.0 2.5 0.0 0 0 1 5 5
4129.1 -3178.1 -20.3 152 0 7.3 8.8 5.0 2.5 2 1 2 1 1
4115.8 -3145.7 -20.0 158 0 6.8 8.7 5.0 2.5 4 1 2 4 4
4149.0 -3134.7 -19.5 161 0 6.2 8.8 5.0 2.5 2 1 2 3 3
4159.2 -3164.9 -18.9 159 0 7.4 9.2 5.0 2.5 2 1 2 4 4
4203.4 -3150.1 -17.8 336 0 7.3 9.4 5.0 2.5 2 1 2 5 5
4213.9 -3177.3 -18.5 335 0 8.4 9.5 5.0 2.5 2 1 2 0 0
4227.3 -3199.9 -18.3 334 0 7.3 8.1 5.0 2.5 2 1 2 3 3
4217.9 -3246.3 -20.0 339 0 10.9 9.9 5.0 0.0 0 0 2 5 5
4234.7 -3258.6 -19.9 334 0 11.1 18.7 5.0 2.5 4 1 2 4 4
4260.6 -3302.2 -19.3 241 0 9.2 8.5 5.0 2.5 2 0 2 2 2
4275.4 -3368.1 -21.7 329 0 7.3 8.8 5.0 2.5 2 1 2 5 5
4218.2 -3317.0 -20.8 239 0 8.5 7.6 5.0 2.5 4 0 2 2 2
4231.3 -3350.5 -21.1 161 0 6.4 6.4 5.0 2.5 2 1 2 3 3
4218.0 -3355.6 -21.6 161 0 8.7 8.0 5.0 2.5 4 0 2 1 1
4242.1 -3383.6 -22.3 147 0 8.2 9.9 5.0 2.5 2 1 2 5 5
4259.5 -3416.6 -23.5 88 0 7.9 7.0 5.0 2.5 2 0 2 3 3
4178.8 -3347.1 -21.6 335 0 8.3 6.6 2.5 2.5 2 0 1 2 2
4189.8 -3371.2 -22.0 336 0 7.7 10.6 2.5 2.5 2 1 1 3 3
4204.0 -3400.3 -22.7 339 0 7.2 11.7 2.5 0.0 0 1 1 0 0
4215.3 -3430.5 -23.5 336 0 15.1 7.4 2.5 2.5 2 0 1 5 5
4227.8 -3455.7 -26.5 334 0 7.8 10.0 2.5 2.5 2 1 1 0 0
4243.8 -3459.8 -27.8 263 0 8.6 9.3 2.5 2.5 2 1 1 1 1
4301.0 -3393.7 -22.7 334 0 10.7 15.7 5.0 0.0 0 1 2 3 3
4318.4 -3428.7 -25.3 238 0 12.2 7.7 2.5 2.5 2 0 1 3 3
4352.0 -3455.3 -27.3 318 0 9.2 11.7 2.5 2.5 2 1 1 3 3
4487.0 -3619.3 -23.6 161 0 7.0 10.5 2.5 2.5 2 1 1 3 3
4472.4 -3642.8 -26.3 304 0 9.5 5.4 5.0 2.5 2 0 2 1 1
4478.5 -3653.3 -26.4 326 0 6.0 5.4 5.0 2.5 2 0 2 2 2
4481.8 -3669.8 -27.0 342 0 7.5 7.3 5.0 2.5 2 0 2 4 4
4484.7 -3680.5 -26.6 341 0 6.7 6.8 5.0 2.5 2 1 2 1 1
4512.2 -3660.4 -22.2 157 0 6.6 5.8 2.5 2.5 2 0 1 2 2
4505.3 -3644.4 -23.0 161 0 7.0 7.0 2.5 2.5 2 1 1 5 5
4543.4 -3659.1 -19.2 321 0 5.3 10.2 2.5 2.5 2 1 1 2 2
4531.2 -3684.1 -19.8 154 0 7.8 6.4 2.5 2.5 2 0 1 5 5
4583.8 -3736.3 -13.6 289 0 6.8 12.1 2.5 2.5 2 1 1 2 2
4506.6 -3740.7 -23.3 342 0 8.0 9.2 5.0 2.5 2 1 2 3 3
4524.5 -3757.7 -20.2 338 0 6.0 9.0 5.0 2.5 2 1 2 1 1
4573.3 -3787.7 -14.8 151 0 6.5 9.8 2.5 2.5 2 1 1 2 2
4581.4 -3811.4 -15.2 160 0 7.2 9.8 2.5 2.5 2 1 1 4 4
4591.2 -3839.9 -15.6 158 0 6.9 7.5 2.5 2.5 4 1 1 4 4
4543.9 -3818.1 -19.3 332 0 11.1 8.0 5.0 2.5 2 0 2 0 0
4563.1 -3869.6 -19.7 332 0 8.1 14.3 5.0 2.5 2 1 2 2 2
4616.3 -3880.3 -16.3 66 0 7.5 9.6 2.5 2.5 4 1 1 1 1
4603.2 -3880.4 -17.0 159 0 8.4 6.7 2.5 2.5 2 0 1 3 3
4642.6 -3997.3 -18.6 170 0 6.4 6.3 2.5 2.5 2 0 1 0 0
4598.0 -3931.3 -20.8 340 0 7.8 7.9 5.0 2.5 2 1 2 2 2
4604.9 -3951.6 -21.7 346 0 8.9 9.0 5.0 2.5 4 1 2 3 3
4610.1 -3976.9 -22.9 350 0 7.9 9.6 5.0 2.5 2 1 2 1 1
4613.5 -4002.1 -22.7 356 0 6.6 9.3 5.0 0.0 0 1 2 1 1
5329.0 -547.9 -19.1 270 0 11.9 9.3 2.5 2.5 2 0 1 0 0
4853.0 3138.0 -11.2 358 0 13.5 16.6 5.0 2.5 4 1 2 0 0
4795.5 3290.5 -15.0 173 0 8.0 6.4 5.0 2.5 4 0 2 2 2
4766.9 3291.9 -16.1 264 0 7.9 7.2 5.0 2.5 2 0 2 3 3
4767.2 3319.6 -15.8 348 0 8.2 8.0 5.0 2.5 2 0 2 4 4
4609.3 3316.3 -15.5 112 0 7.2 4.7 5.0 0.0 0 0 2 3 3
4480.4 1650.0 23.8 77 0 11.2 27.7 10.0 0.0 0 1 4 1 1
4441.2 2218.7 -6.4 192 0 6.6 9.2 2.5 0.0 0 1 1 1 1
4296.3 2176.3 -15.3 10 0 7.1 7.8 2.5 2.5 2 1 1 2 2
4199.4 2207.4 -13.9 17 0 6.9 8.1 2.5 0.0 0 1 1 4 4
4161.0 2261.0 -13.4 201 0 7.0 6.8 2.5 2.5 2 0 1 5 5
4207.8 2253.1 -13.7 289 0 9.2 9.0 2.5 2.5 2 0 1 2 2
4268.5 2259.6 -14.0 287 0 7.8 7.4 2.5 0.0 0 0 1 1 1
4288.3 2255.8 -13.8 283 0 8.1 8.4 2.5 2.5 2 1 1 1 1
4302.4 2209.4 -14.9 11 0 7.1 9.5 2.5 2.5 2 1 1 3 3
4375.6 2229.1 -11.5 288 0 8.7 7.8 5.0 2.5 2 0 2 4 4
6660.8 4858.9 -9.8 265 0 14.3 12.9 2.5 2.5 2 0 1 3 3
6628.7 4912.7 -14.4 173 0 17.6 11.4 5.0 0.0 0 0 2 3 3
6900.6 4970.5 -16.6 331 0 12.2 9.5 5.0 2.5 2 0 2 2 2
6876.1 5020.9 -17.4 239 0 6.4 8.2 5.0 2.5 2 1 2 3 3
6841.3 5002.9 -17.4 151 0 8.7 10.4 5.0 2.5 2 1 2 0 0
4232.2 -4865.4 -23.2 232 0 13.1 4.1 5.0 2.5 2 0 2 0 0
4357.6 -4827.3 -23.9 220 0 8.2 8.9 2.5 2.5 2 1 1 3 3
4496.9 -4297.2 -21.2 224 0 7.5 8.5 5.0 2.5 4 1 2 4 4
4642.5 -4025.6 -19.6 159 0 8.0 8.5 2.5 2.5 2 1 1 3 3
4613.3 -4029.5 -22.0 0 0 6.9 10.1 5.0 2.5 2 1 2 1 1
4613.6 -4043.1 -21.7 0 0 7.8 12.2 5.0 2.5 4 1 2 1 1
4565.8 -4194.9 -17.9 30 0 11.3 7.7 5.0 2.5 2 0 2 4 4
4585.4 -4216.5 -15.2 215 0 7.6 9.4 2.5 2.5 4 1 1 2 2
4197.2 -4916.2 -23.8 54 0 12.6 18.0 5.0 2.5 4 1 2 0 0
3805.2 -5266.4 -23.3 112 0 8.3 6.8 5.0 2.5 2 0 2 0 0
3859.3 -5258.5 -22.5 305 0 5.9 10.6 5.0 2.5 4 1 2 2 2
3839.4 -5245.8 -23.2 304 0 6.5 10.4 5.0 2.5 2 1 2 3 3
3646.6 -5167.9 -23.4 33 0 11.0 7.5 5.0 2.5 2 0 2 4 4
3654.3 -5167.5 -23.6 304 0 9.1 24.1 5.0 2.5 2 1 2 5 5
3712.3 -5189.2 -24.0 128 0 7.5 11.7 5.0 2.5 2 1 2 5 5
3724.4 -5285.2 -23.0 20 0 7.9 9.5 5.0 2.5 2 1 2 3 3
3754.5 -5232.2 -24.2 119 0 5.9 6.5 5.0 2.5 4 1 2 2 2
3778.8 -5249.7 -24.0 209 0 7.8 15.4 5.0 2.5 2 1 2 4 4
3756.3 -5298.0 -21.4 205 0 10.5 6.7 5.0 2.5 2 0 2 0 0
3779.5 -5362.3 -17.4 18 0 10.9 11.0 5.0 2.5 2 1 2 0 0
3637.8 -5506.5 -20.4 125 0 12.4 10.9 2.5 2.5 2 0 1 3 3
4673.8 3424.2 -12.6 350 0 6.7 10.0 5.0 0.0 0 1 2 1 1
4653.8 3462.7 -11.9 269 0 7.9 9.4 5.0 2.5 2 1 2 2 2
4636.3 3488.7 -11.6 87 0 7.6 11.1 5.0 2.5 2 1 2 5 5
4685.2 3535.8 -11.9 353 0 11.6 26.9 5.0 0.0 0 1 2 2 2
4665.9 3474.9 -12.7 81 0 13.7 50.9 5.0 2.5 2 1 2 3 3
6215.8 4632.5 -4.9 35 0 12.0 9.0 5.0 2.5 2 0 2 2 2
6274.8 4768.7 -14.8 68 0 18.2 14.1 7.5 2.5 2 0 3 0 0
6495.9 4913.2 -16.7 169 0 29.2 10.9 2.5 2.5 4 0 1 3 3
6532.3 4897.9 -15.3 340 0 17.0 13.2 2.5 2.5 2 0 1 0 0
5479.6 -475.4 -13.9 79 0 5.7 9.7 5.0 2.5 2 1 2 4 4
5389.0 -428.8 -15.5 290 0 8.2 10.2 5.0 2.5 2 1 2 4 4
5440.2 -444.0 -7.6 285 0 12.0 9.6 5.0 2.5 2 0 2 1 1
5570.5 -535.9 -6.7 308 0 14.3 16.1 2.5 2.5 2 1 1 2 2
5533.4 -471.8 -20.1 278 0 7.0 9.3 5.0 2.5 2 1 2 4 4
5511.9 -466.1 -19.5 277 0 10.9 13.2 5.0 2.5 2 1 2 2 2
5396.7 -616.1 -0.7 7 0 11.7 11.1 5.0 2.5 2 0 2 0 0
4315.3 659.2 -11.8 309 0 8.5 12.2 2.5 2.5 4 1 1 3 3
4108.0 664.3 -13.8 180 0 10.5 7.7 5.0 2.5 2 0 2 4 4
4194.7 73.4 -21.2 51 0 7.4 9.3 5.0 2.5 2 1 2 3 3
4490.3 286.0 -11.6 243 0 12.1 50.0 5.0 2.5 4 1 2 4 4
5104.4 -738.8 -11.8 199 0 6.8 9.1 2.5 0.0 0 1 1 2 2
5061.7 -859.9 -1.6 191 0 9.9 18.8 2.5 2.5 2 1 1 4 4
4214.2 676.7 -13.0 289 0 9.1 14.2 5.0 0.0 0 1 2 5 5
4011.6 807.4 -9.8 251 0 10.0 15.0 5.0 2.5 4 1 2 4 4
3647.6 665.9 -10.1 322 0 8.7 10.1 2.5 2.5 2 1 1 0 0
3660.5 644.6 -10.6 322 0 7.5 11.2 2.5 2.5 2 1 1 1 1
3687.0 613.2 -10.5 322 0 8.7 13.7 2.5 2.5 4 1 1 0 0
3703.1 593.6 -10.1 322 0 7.0 11.7 2.5 2.5 2 1 1 3 3
4294.1 -1599.8 0.7 143 0 26.3 14.5 12.5 2.5 2 0 5 2 2
