-6058.0 -3326.8 0.8 196 0 7.8 12.1 5.0 2.5 2 1 2 4 4
-6039.6 -3346.6 4.8 86 0 7.3 12.0 5.0 2.5 2 1 2 3 3
-6037.8 -3357.8 5.5 23 0 8.4 8.0 5.0 2.5 2 0 2 0 0
-6041.8 -3370.3 5.1 27 0 10.0 10.8 5.0 2.5 2 1 2 0 0
-6132.9 -3057.2 -13.0 135 0 8.6 21.3 2.5 2.5 2 1 1 0 0
-6115.6 -3058.6 -12.5 137 0 7.0 14.1 2.5 2.5 2 1 1 1 1
-6099.6 -3065.5 -11.8 142 0 7.9 11.3 2.5 0.0 0 1 1 5 5
-6096.6 -3076.6 -11.7 153 0 7.6 14.6 2.5 2.5 2 1 1 1 1
-6077.7 -3084.9 -10.5 165 0 7.1 14.6 2.5 2.5 2 1 1 5 5
-6072.3 -3109.7 -10.5 165 0 9.6 14.0 2.5 2.5 2 1 1 3 3
-6058.8 -3121.9 -9.8 166 0 13.2 9.9 2.5 2.5 2 0 1 4 4
-6022.6 -3320.9 4.6 28 0 6.6 16.6 5.0 0.0 0 1 2 0 0
-6033.1 -3281.3 -1.0 207 0 9.3 10.2 5.0 2.5 2 1 2 3 3
-6029.2 -3248.7 -10.0 208 0 17.4 7.7 5.0 2.5 2 0 2 3 3
-6035.8 -3266.0 -5.5 207 0 8.1 17.6 5.0 2.5 2 1 2 4 4
-6073.5 -3345.5 -1.8 208 0 11.9 13.3 5.0 2.5 2 1 2 3 3
-6078.3 -3362.3 -2.1 208 0 11.8 11.7 5.0 2.5 2 0 2 4 4
-6081.6 -3378.9 -1.1 208 0 11.2 12.6 5.0 2.5 2 1 2 2 2
-6086.2 -3395.9 -2.2 207 0 10.6 13.9 5.0 0.0 0 1 2 4 4
-6077.8 -3305.3 -12.9 27 0 11.1 14.3 5.0 2.5 4 1 2 0 0
-6083.1 -3324.2 -12.4 28 0 10.7 14.2 5.0 2.5 2 1 2 5 5
-6088.6 -3339.1 -12.2 27 0 11.4 14.2 5.0 2.5 2 1 2 5 5
-6095.4 -3357.9 -12.3 27 0 9.9 13.9 5.0 2.5 2 1 2 0 0
-6099.1 -3375.0 -12.0 27 0 10.7 14.9 5.0 2.5 2 1 2 5 5
-6103.1 -3391.5 -11.5 28 0 8.9 15.2 5.0 2.5 2 1 2 4 4
-6110.3 -3408.2 -12.4 28 0 10.3 15.4 5.0 2.5 2 1 2 2 2
-6118.2 -3423.0 -12.6 28 0 9.7 14.4 5.0 2.5 2 1 2 5 5
