-135.8 4759.8 1.8 262 0 10.4 7.2 2.5 2.5 2 0 1 0 0
-120.3 4760.7 -2.1 262 0 10.9 6.5 2.5 2.5 2 0 1 5 5
-107.6 4762.7 -5.1 262 0 8.8 8.2 2.5 2.5 2 0 1 1 1
-91.0 4809.1 -2.0 169 0 9.4 7.1 2.5 0.0 0 0 1 2 2
-70.1 4793.8 -3.4 351 0 5.7 12.6 2.5 2.5 2 1 1 0 0
-88.7 4786.5 -6.9 258 0 7.8 28.4 2.5 2.5 2 1 1 5 5
-40.5 4874.2 -7.5 258 0 9.8 11.6 2.5 2.5 2 1 1 4 4
-55.2 4839.8 0.8 334 0 10.4 9.3 2.5 2.5 2 0 1 5 5
-62.5 4813.5 -1.8 334 0 11.0 10.0 2.5 2.5 2 0 1 1 1
-56.9 4797.8 -3.0 334 0 8.2 5.6 2.5 2.5 2 0 1 1 1
-40.1 4806.8 -1.8 334 0 8.9 6.3 2.5 0.0 0 0 1 1 1
-25.0 4770.2 -4.6 334 0 8.6 4.2 2.5 2.5 2 0 1 5 5
-29.8 4789.0 -3.2 334 0 5.8 9.1 2.5 2.5 2 1 1 3 3
-35.9 4738.0 -8.2 334 0 9.0 6.7 2.5 2.5 2 0 1 2 2
-39.3 4755.6 -6.6 334 0 8.5 6.4 2.5 2.5 2 0 1 5 5
-46.2 4767.3 -5.7 334 0 10.9 5.6 2.5 2.5 2 0 1 4 4
-39.0 4845.9 -9.1 154 0 6.5 13.8 2.5 2.5 2 1 1 4 4
-33.6 4821.7 -5.6 154 0 6.3 7.4 2.5 2.5 2 1 1 4 4
-27.3 4809.2 -8.3 154 0 6.0 10.8 2.5 2.5 2 1 1 2 2
-21.3 4790.7 -7.8 154 0 8.5 9.1 2.5 2.5 2 1 1 0 0
-16.0 4779.6 -9.7 154 0 5.7 11.4 2.5 2.5 2 1 1 1 1
-9.1 4772.3 -11.4 154 0 5.4 10.6 2.5 2.5 2 1 1 2 2
-121.0 4729.8 -4.3 154 0 7.2 11.8 2.5 2.5 2 1 1 1 1
-107.5 4717.8 -6.1 154 0 7.7 7.4 2.5 2.5 2 0 1 2 2
-101.7 4696.9 -4.5 154 0 8.4 9.4 2.5 2.5 2 1 1 1 1
-95.0 4684.6 -4.2 154 0 11.5 6.3 2.5 2.5 2 0 1 2 2
-85.3 4657.9 -3.8 154 0 8.1 9.2 2.5 2.5 2 1 1 0 0
-71.9 4643.7 -3.9 154 0 6.2 9.6 2.5 2.5 2 1 1 5 5
-76.3 4629.9 -1.6 154 0 4.9 9.6 2.5 2.5 2 1 1 4 4
-46.0 4627.9 -5.0 64 0 8.9 10.9 2.5 2.5 2 1 1 1 1
-58.7 4647.8 -6.5 154 0 6.9 11.6 2.5 2.5 2 1 1 2 2
-21.3 4698.4 -11.2 334 0 10.9 8.9 2.5 2.5 2 0 1 0 0
-13.5 4684.0 -11.3 334 0 11.0 8.0 2.5 2.5 2 0 1 0 0
-0.2 4688.7 -11.5 334 0 8.5 6.4 2.5 2.5 2 0 1 4 4
-12.5 4748.4 -6.7 334 0 11.8 7.1 2.5 2.5 2 0 1 2 2
-8.5 4732.0 -8.1 334 0 11.1 7.1 2.5 2.5 2 0 1 5 5
0.8 4746.6 -11.0 154 0 6.1 7.2 2.5 2.5 2 1 1 1 1
5.8 4735.6 -12.6 154 0 7.6 9.0 2.5 2.5 2 1 1 5 5
14.9 4717.2 -13.8 154 0 8.3 8.0 2.5 2.5 2 0 1 3 3
22.3 4702.9 -14.5 154 0 9.8 7.1 2.5 2.5 2 0 1 0 0
3.1 4717.9 -9.2 334 0 8.6 10.8 2.5 2.5 2 1 1 0 0
9.6 4704.6 -10.0 334 0 8.2 7.0 2.5 2.5 2 0 1 4 4
15.8 4691.6 -11.2 334 0 12.1 6.5 2.5 2.5 2 0 1 2 2
22.1 4673.4 -12.1 334 0 9.9 6.8 2.5 2.5 2 0 1 3 3
35.1 4676.8 -15.1 154 0 8.2 9.0 2.5 2.5 2 1 1 3 3
15.7 4609.6 -9.3 64 0 6.9 13.5 2.5 2.5 2 1 1 3 3
33.5 4656.2 -12.2 334 0 9.1 14.0 2.5 2.5 2 1 1 2 2
41.7 4637.8 -12.2 334 0 8.9 5.0 2.5 2.5 2 0 1 1 1
48.9 4650.2 -14.9 154 0 7.5 8.3 2.5 2.5 4 1 1 0 0
59.2 4630.0 -15.1 154 0 5.2 11.8 2.5 2.5 2 1 1 2 2
70.5 4610.3 -14.8 154 0 9.0 10.7 2.5 2.5 2 1 1 3 3
81.8 4589.9 -13.7 154 0 11.5 3.6 2.5 2.5 2 0 1 0 0
49.8 4620.9 -11.7 334 0 15.8 9.7 2.5 2.5 4 0 1 0 0
60.7 4602.3 -11.7 334 0 6.0 10.2 2.5 2.5 2 1 1 3 3
71.0 4584.7 -11.6 334 0 9.9 4.2 2.5 2.5 2 0 1 3 3
80.0 4570.3 -11.7 334 0 10.1 9.2 2.5 2.5 2 0 1 0 0
93.3 4568.0 -15.3 154 0 6.5 15.7 2.5 2.5 4 1 1 4 4
95.6 4543.1 -11.6 334 0 8.2 10.3 2.5 2.5 2 1 1 5 5
121.8 4554.6 -15.6 334 0 7.2 9.1 2.5 2.5 4 1 1 5 5
129.2 4516.7 -14.2 334 0 12.6 4.8 2.5 2.5 2 0 1 0 0
111.1 4533.1 -13.8 154 0 13.3 8.8 2.5 2.5 2 0 1 1 1
98.7 4526.5 -11.7 244 0 6.8 9.3 2.5 0.0 0 1 1 1 1
64.8 4507.8 -5.8 244 0 10.4 4.5 2.5 0.0 0 0 1 4 4
78.5 4512.4 -8.3 244 0 8.1 8.6 2.5 0.0 0 1 1 2 2
73.3 4524.5 -7.9 64 0 7.1 9.1 2.5 0.0 0 1 1 0 0
65.2 4516.3 -5.7 64 0 4.9 11.5 2.5 2.5 2 1 1 1 1
54.4 4511.1 -3.7 64 0 7.3 14.3 2.5 2.5 2 1 1 0 0
31.3 4508.3 0.7 64 0 8.0 6.3 2.5 2.5 2 0 1 4 4
45.2 4488.0 -0.9 244 0 5.2 12.7 2.5 2.5 2 1 1 3 3
37.3 4473.5 0.6 154 0 14.3 7.5 2.5 2.5 2 0 1 4 4
2693.1 -246.3 0.6 221 0 9.3 13.3 5.0 2.5 2 1 2 4 4
2689.3 -240.6 -0.6 41 0 8.0 14.9 5.0 2.5 2 1 2 4 4
2700.2 -229.5 -0.9 41 0 9.6 13.9 5.0 0.0 0 1 2 1 1
2710.2 -216.5 -2.3 41 0 9.2 10.8 5.0 2.5 2 1 2 4 4
2706.9 -231.3 -1.2 221 0 11.1 10.4 5.0 2.5 2 0 2 3 3
2760.7 -259.5 -3.7 131 0 8.6 14.6 5.0 2.5 2 1 2 3 3
2748.0 -250.3 -3.4 131 0 7.9 17.2 5.0 2.5 2 1 2 3 3
2737.3 -237.9 -3.2 131 0 6.2 14.6 5.0 2.5 2 1 2 2 2
2726.2 -214.7 -3.3 221 0 11.0 8.5 5.0 0.0 0 0 2 4 4
2721.5 -205.7 -3.7 41 0 10.4 11.9 5.0 2.5 2 1 2 3 3
2736.0 -192.8 -8.1 41 0 14.1 9.4 5.0 2.5 2 0 2 2 2
2741.8 -199.8 -5.2 221 0 11.5 7.7 5.0 2.5 2 0 2 4 4
2763.5 -212.4 -5.6 311 0 8.8 12.1 5.0 2.5 2 1 2 4 4
2774.7 -223.7 -5.8 311 0 11.4 13.2 5.0 2.5 2 1 2 0 0
2785.4 -235.4 -6.0 311 0 9.6 10.8 5.0 2.5 2 1 2 4 4
2826.3 -270.1 -7.3 311 0 7.5 14.1 5.0 2.5 4 1 2 5 5
2836.9 -279.2 -6.5 311 0 6.1 15.6 5.0 2.5 2 1 2 0 0
2850.5 -291.2 -6.1 311 0 6.2 20.1 5.0 2.5 2 1 2 1 1
2863.0 -301.5 -5.5 311 0 8.4 14.8 5.0 2.5 2 1 2 5 5
2876.4 -311.7 -4.7 311 0 8.9 16.9 5.0 2.5 2 1 2 1 1
2887.9 -322.1 -3.6 311 0 8.3 16.7 5.0 2.5 2 1 2 2 2
2899.3 -333.3 -2.4 311 0 8.7 16.7 5.0 2.5 2 1 2 5 5
2912.2 -344.1 -1.3 311 0 6.9 14.7 5.0 2.5 2 1 2 0 0
2922.3 -351.6 -1.1 311 0 7.6 16.6 5.0 0.0 0 1 2 1 1
2930.9 -371.5 0.2 41 0 15.8 8.8 5.0 2.5 2 0 2 1 1
2871.0 -505.8 9.4 346 0 19.0 11.2 5.0 2.5 2 0 2 1 1
2874.3 -528.4 9.4 348 0 17.1 8.6 5.0 0.0 0 0 2 4 4
2858.4 -541.3 12.3 80 0 6.3 11.8 5.0 2.5 4 1 2 0 0
2836.9 -546.4 14.2 81 0 30.6 14.1 5.0 2.5 2 0 2 1 1
3090.9 -670.6 -11.8 344 0 16.9 11.4 5.0 2.5 2 0 2 0 0
3054.9 -610.3 -12.1 164 0 7.9 3.8 5.0 2.5 2 0 2 3 3
3070.4 -604.3 -12.8 344 0 11.9 5.9 5.0 0.0 0 0 2 3 3
3051.9 -594.7 -12.6 74 0 8.7 9.9 2.5 0.0 0 1 1 5 5
3061.5 -578.1 -13.2 344 0 9.6 6.5 2.5 2.5 2 0 1 4 4
3057.9 -562.2 -13.3 344 0 11.9 9.3 2.5 2.5 2 0 1 3 3
3049.2 -551.4 -13.2 74 0 8.8 10.2 2.5 2.5 2 1 1 2 2
3048.4 -530.5 -12.7 344 0 9.4 7.3 2.5 2.5 2 0 1 0 0
3040.5 -503.5 -11.8 344 0 10.2 7.6 2.5 2.5 2 0 1 1 1
3044.1 -518.5 -12.2 344 0 8.6 12.1 2.5 2.5 4 1 1 2 2
3034.1 -484.1 -10.7 344 0 9.6 13.9 2.5 2.5 2 1 1 5 5
3054.4 -441.7 -15.6 340 0 12.4 9.7 5.0 2.5 2 0 2 2 2
3059.3 -464.9 -12.3 336 0 6.5 10.7 5.0 2.5 2 1 2 5 5
3039.5 -458.6 -11.2 254 0 5.9 15.9 5.0 2.5 2 1 2 3 3
3064.8 -477.4 -12.3 338 0 7.0 13.7 5.0 2.5 2 1 2 0 0
3064.5 -488.9 -12.5 337 0 10.0 16.4 5.0 0.0 0 1 2 5 5
3072.1 -504.0 -13.0 346 0 13.5 9.7 5.0 0.0 0 0 2 1 1
3064.6 -518.9 -13.2 254 0 9.9 6.7 2.5 2.5 2 0 1 2 2
3080.1 -531.0 -13.9 342 0 11.9 7.3 2.5 2.5 2 0 1 5 5
3082.7 -541.5 -14.1 345 0 8.8 10.1 2.5 2.5 2 1 1 4 4
3086.3 -552.7 -14.2 343 0 8.4 9.7 2.5 0.0 0 1 1 5 5
3067.0 -561.0 -13.8 163 0 10.6 8.2 2.5 0.0 0 0 1 1 1
3078.5 -585.4 -13.8 75 0 7.3 9.3 2.5 2.5 2 1 1 3 3
3079.5 -592.0 -13.6 251 0 7.8 7.5 2.5 2.5 2 0 1 0 0
3099.8 -590.3 -14.2 344 0 7.7 9.0 2.5 2.5 2 1 1 4 4
3103.1 -603.4 -14.1 346 0 11.1 9.9 2.5 2.5 2 0 1 1 1
3095.5 -632.7 -13.1 67 0 7.1 10.9 2.5 2.5 4 1 1 5 5
3105.3 -627.1 -13.7 67 0 8.6 7.4 2.5 2.5 2 0 1 1 1
3103.6 -637.7 -13.5 247 0 13.7 11.4 5.0 0.0 0 0 2 2 2
3119.9 -659.2 -13.3 337 0 11.7 18.4 5.0 2.5 2 1 2 1 1
3124.2 -676.0 -13.1 337 0 15.6 19.0 5.0 2.5 2 1 2 0 0
3133.6 -694.3 -13.1 337 0 7.5 14.4 5.0 2.5 2 1 2 0 0
3137.5 -706.5 -13.0 337 0 9.3 8.7 5.0 2.5 2 0 2 1 1
3144.5 -716.9 -13.1 337 0 6.7 11.8 5.0 2.5 2 1 2 2 2
3150.1 -729.6 -13.0 337 0 8.2 10.5 5.0 2.5 2 1 2 4 4
3150.3 -749.7 -12.8 67 0 10.9 8.4 5.0 2.5 2 0 2 5 5
3178.3 -807.3 -9.7 67 0 9.4 7.1 5.0 2.5 2 0 2 4 4
3162.8 -760.0 -12.2 337 0 9.4 12.3 5.0 2.5 2 1 2 2 2
3009.1 -514.1 -8.1 67 0 7.7 12.3 5.0 2.5 4 1 2 3 3
2979.3 -534.6 -7.6 247 0 9.9 14.6 2.5 2.5 2 1 1 0 0
3022.5 -544.0 -10.8 337 0 9.7 12.4 2.5 2.5 4 1 1 3 3
3028.4 -563.6 -11.7 337 0 10.8 8.1 2.5 2.5 4 0 1 5 5
3035.6 -580.3 -11.7 337 0 11.4 6.7 2.5 2.5 2 0 1 2 2
3036.2 -599.9 -11.6 67 0 11.8 7.3 2.5 2.5 2 0 1 5 5
3015.1 -604.6 -9.4 337 0 7.8 30.6 2.5 2.5 2 1 1 3 3
2991.3 -630.6 -8.2 157 0 15.5 10.0 2.5 2.5 2 0 1 2 2
3050.7 -631.1 -11.0 337 0 5.2 9.2 2.5 2.5 2 1 1 4 4
3056.3 -642.5 -11.0 337 0 6.4 11.7 2.5 2.5 2 1 1 4 4
3059.8 -654.1 -10.8 337 0 8.9 8.9 2.5 2.5 2 0 1 3 3
3059.3 -688.3 -10.2 67 0 10.3 13.8 2.5 2.5 2 1 1 3 3
3040.4 -693.2 -9.3 67 0 8.1 8.6 2.5 2.5 2 1 1 0 0
3010.1 -701.3 -8.2 157 0 11.6 17.7 2.5 2.5 2 1 1 4 4
3042.8 -728.4 -8.3 337 0 10.1 13.6 2.5 2.5 4 1 1 0 0
3065.9 -703.3 -10.4 247 0 21.0 10.9 5.0 2.5 2 0 2 3 3
3046.4 -712.5 -9.2 157 0 19.1 7.6 5.0 2.5 2 0 2 5 5
3076.9 -731.1 -10.0 247 0 7.2 13.5 5.0 2.5 2 1 2 2 2
3061.6 -746.3 -9.3 157 0 17.1 9.4 5.0 2.5 2 0 2 4 4
3110.5 -763.5 -9.6 337 0 18.2 8.2 5.0 2.5 2 0 2 2 2
3085.3 -789.8 -7.6 157 0 9.6 14.9 5.0 2.5 2 1 2 0 0
3098.2 -813.6 -6.1 157 0 7.0 6.5 5.0 2.5 2 0 2 0 0
3081.3 -807.6 -5.7 337 0 9.7 11.5 2.5 2.5 2 1 1 1 1
3013.1 -767.3 -5.3 157 0 10.4 7.6 2.5 2.5 2 0 1 5 5
3051.1 -744.8 -8.1 337 0 8.7 18.4 2.5 2.5 2 1 1 4 4
3066.3 -783.6 -6.4 337 0 7.4 16.3 2.5 0.0 0 1 1 4 4
3097.9 -847.1 -4.1 337 0 6.7 13.4 2.5 0.0 0 1 1 0 0
3122.3 -850.2 -4.4 247 0 11.8 10.6 2.5 2.5 2 0 1 5 5
3112.9 -839.4 -5.2 67 0 8.3 9.8 5.0 0.0 0 1 2 2 2
3138.0 -828.7 -5.8 67 0 9.9 7.5 5.0 2.5 2 0 2 4 4
3154.3 -836.2 -5.6 247 0 7.3 7.6 2.5 2.5 2 1 1 0 0
3138.8 -845.2 -4.8 247 0 13.8 11.0 2.5 2.5 2 0 1 1 1
1409.9 628.4 -3.9 151 0 7.3 14.0 2.5 2.5 2 1 1 3 3
1481.8 624.6 -13.5 328 0 6.4 12.5 5.0 2.5 2 1 2 4 4
1502.3 602.1 -12.9 320 0 9.9 20.5 2.5 2.5 2 1 1 5 5
1490.9 558.1 -5.6 134 0 14.9 9.6 7.5 2.5 2 0 3 3 3
-2342.9 -41.6 -14.6 335 0 17.7 21.8 15.0 0.0 0 1 6 2 2
