1776.5 4090.0 -11.9 124 0 8.7 13.3 2.5 2.5 2 1 1 5 5
1789.6 4084.9 -11.6 141 0 9.2 10.9 7.5 2.5 2 1 3 1 1
1800.1 4075.7 -11.8 141 0 7.1 9.2 2.5 2.5 2 1 1 1 1
1924.5 4028.3 -7.4 231 0 9.8 13.5 7.5 2.5 2 1 3 1 1
1902.7 4020.6 -9.1 231 0 8.7 17.8 7.5 2.5 2 1 3 1 1
1877.8 4015.0 -10.7 141 0 6.1 7.6 5.0 2.5 2 1 2 3 3
1886.8 4002.4 -10.7 141 0 7.5 13.8 2.5 2.5 2 1 1 0 0
1896.1 3994.3 -10.5 141 0 8.2 5.5 5.0 2.5 2 0 2 1 1
1868.9 4023.6 -10.5 141 0 9.1 5.8 5.0 2.5 2 0 2 5 5
1865.5 4050.0 -9.9 321 0 7.6 13.8 7.5 2.5 2 1 3 2 2
1852.5 4057.5 -9.8 321 0 5.9 12.1 7.5 2.5 2 1 3 3 3
1849.3 4068.8 -9.1 321 0 6.2 12.7 7.5 2.5 2 1 3 5 5
1829.3 4038.2 -12.2 141 0 6.5 8.0 2.5 2.5 2 1 1 5 5
1843.7 4024.4 -12.0 141 0 7.2 5.8 7.5 2.5 4 0 3 1 1
1849.9 4015.4 -12.4 141 0 6.3 5.9 7.5 2.5 2 0 3 2 2
1857.0 4006.1 -12.5 141 0 10.2 8.3 5.0 2.5 2 0 2 1 1
1865.3 3979.8 -13.1 141 0 6.2 13.1 7.5 2.5 4 1 3 5 5
1877.2 3959.0 -13.2 141 0 8.0 16.5 2.5 2.5 2 1 1 0 0
1891.5 3955.2 -12.4 141 0 5.9 14.0 7.5 2.5 4 1 3 3 3
1884.9 3937.9 -13.6 141 0 8.1 10.4 7.5 2.5 2 1 3 0 0
1895.1 3920.0 -13.7 136 0 10.4 8.6 7.5 2.5 2 0 3 3 3
1918.5 3983.5 -9.5 139 0 11.3 24.3 15.0 0.0 0 1 6 1 1
1969.7 4018.8 -4.9 230 0 8.8 7.0 2.5 2.5 2 0 1 1 1
1952.9 4041.4 -4.4 230 0 7.0 8.5 5.0 2.5 2 1 2 3 3
1961.2 4032.8 -4.5 230 0 9.9 6.6 7.5 2.5 2 0 3 2 2
2063.6 4040.9 9.7 63 0 7.3 6.7 7.5 2.5 2 0 3 2 2
2062.4 4057.5 9.0 333 0 6.5 10.9 7.5 2.5 2 1 3 1 1
2038.4 4050.1 5.3 243 0 9.8 17.1 5.0 0.0 0 1 2 1 1
2046.7 4026.9 5.8 153 0 9.2 8.2 7.5 2.5 4 0 3 0 0
2060.3 4019.6 5.5 333 0 7.7 9.2 7.5 2.5 2 1 3 5 5
2034.5 4016.9 0.8 333 0 11.7 9.2 5.0 2.5 2 0 2 1 1
2031.3 4028.3 1.6 333 0 6.9 11.4 2.5 2.5 2 1 1 3 3
2025.0 4038.1 1.2 333 0 5.1 11.2 5.0 2.5 2 1 2 2 2
2013.4 4048.1 -0.6 243 0 10.8 8.3 7.5 2.5 2 0 3 2 2
1988.3 4041.3 -3.7 243 0 13.1 5.7 2.5 2.5 2 0 1 0 0
1996.7 4036.0 -3.2 243 0 9.0 5.5 5.0 2.5 2 0 2 2 2
2002.0 4025.7 -1.8 243 0 7.2 7.1 7.5 2.5 2 0 3 2 2
2005.6 4015.5 -2.7 243 0 8.4 14.1 7.5 0.0 0 1 3 5 5
1998.0 3997.9 -4.1 333 0 3.6 12.1 7.5 2.5 2 1 3 4 4
1949.1 3954.5 -8.4 153 0 8.3 8.8 5.0 2.5 2 1 2 3 3
1926.7 3958.4 -10.1 153 0 10.1 6.4 7.5 2.5 2 0 3 5 5
1935.1 3944.9 -9.8 153 0 6.8 9.7 7.5 2.5 4 1 3 4 4
1940.1 3935.0 -9.5 153 0 6.0 11.3 7.5 2.5 2 1 3 2 2
1958.3 3945.8 -7.6 153 0 8.0 10.0 5.0 2.5 2 1 2 0 0
1911.5 3896.6 -13.1 153 0 10.3 12.1 5.0 2.5 2 1 2 0 0
1930.6 3914.7 -10.7 153 0 5.9 10.2 5.0 2.5 2 1 2 2 2
1927.6 3901.9 -11.3 153 0 7.5 15.0 5.0 2.5 2 1 2 1 1
1977.2 3919.3 -6.8 63 0 9.7 7.5 5.0 0.0 0 0 2 4 4
1981.5 3910.7 -6.5 63 0 10.1 5.6 2.5 2.5 2 0 1 2 2
1951.5 3910.3 -8.8 153 0 6.8 11.7 7.5 2.5 2 1 3 0 0
1965.0 3901.4 -8.3 63 0 11.0 8.1 7.5 0.0 0 0 3 0 0
1949.1 3882.5 -10.5 63 0 12.0 6.0 7.5 2.5 2 0 3 4 4
1919.1 3874.3 -13.0 153 0 7.1 11.8 7.5 2.5 2 1 3 3 3
2038.2 3916.2 -0.4 63 0 9.4 7.6 7.5 2.5 2 0 3 2 2
2008.9 3920.3 -4.0 63 0 11.7 10.1 5.0 2.5 2 0 2 5 5
1965.5 3975.7 -6.7 243 0 7.7 10.1 5.0 2.5 2 1 2 2 2
1975.5 3982.1 -5.7 243 0 7.2 12.4 7.5 2.5 2 1 3 3 3
1989.2 3958.5 -5.1 63 0 8.8 9.6 7.5 0.0 0 1 3 4 4
1999.4 3949.1 -4.5 63 0 13.7 7.5 7.5 2.5 4 0 3 4 4
2003.8 3932.2 -4.3 63 0 14.1 6.9 5.0 2.5 2 0 2 0 0
2035.0 3976.1 -2.2 333 0 8.9 12.1 2.5 2.5 2 1 1 3 3
2014.1 3973.5 -3.2 333 0 8.1 11.0 7.5 2.5 4 1 3 4 4
2027.2 3985.8 -2.6 333 0 8.5 12.2 7.5 2.5 2 1 3 1 1
2007.0 3989.2 -3.8 333 0 8.3 15.4 2.5 2.5 2 1 1 2 2
2023.3 3998.8 -2.8 333 0 9.6 12.1 5.0 2.5 4 1 2 0 0
2046.9 4007.2 0.3 333 0 7.5 15.0 2.5 2.5 2 1 1 5 5
2048.8 3996.1 2.3 333 0 5.6 10.1 7.5 2.5 2 1 3 3 3
2053.5 3984.0 5.9 333 0 9.3 7.3 2.5 2.5 4 0 1 0 0
2065.9 3976.5 7.0 333 0 10.1 18.3 7.5 2.5 2 1 3 4 4
2067.6 3962.8 10.7 333 0 6.0 12.0 7.5 2.5 2 1 3 4 4
2056.4 3932.0 3.7 333 0 8.8 16.3 7.5 2.5 2 1 3 5 5
2058.9 3908.6 7.7 63 0 13.9 8.8 5.0 2.5 2 0 2 5 5
