152.8 303.3 -11.3 93 0 7.1 12.8 2.5 2.5 2 1 1 1 1
135.6 305.0 -11.3 94 0 6.0 12.4 7.5 2.5 2 1 3 4 4
118.4 306.2 -10.7 91 0 9.8 13.4 2.5 2.5 2 1 1 3 3
102.8 306.8 -9.7 91 0 8.5 12.9 7.5 2.5 2 1 3 0 0
85.1 306.1 -9.3 91 0 8.5 12.6 7.5 2.5 2 1 3 0 0
65.7 305.3 -10.4 89 0 6.0 12.4 5.0 2.5 2 1 2 0 0
389.2 256.0 -11.7 148 0 9.0 7.3 2.5 2.5 2 0 1 1 1
406.5 263.2 -8.6 148 0 9.0 7.3 5.0 2.5 2 0 2 5 5
299.6 283.3 -11.7 107 0 7.3 29.5 5.0 2.5 2 1 2 1 1
368.8 298.3 -6.3 217 0 8.0 16.1 7.5 2.5 2 1 3 5 5
313.8 275.5 -11.7 107 0 7.7 13.5 7.5 2.5 2 1 3 3 3
394.6 275.0 -6.7 123 0 8.2 5.6 7.5 2.5 2 0 3 4 4
430.1 244.6 -7.8 128 0 17.9 11.6 2.5 2.5 2 0 1 0 0
-53.2 5215.0 -1.3 221 0 9.1 18.4 7.5 2.5 4 1 3 3 3
-31.3 5202.1 -0.8 310 0 6.1 10.1 7.5 2.5 2 1 3 3 3
-18.5 5193.2 -1.3 310 0 15.3 12.9 5.0 2.5 2 0 2 4 4
17.4 5134.8 -5.7 140 0 17.2 11.2 7.5 2.5 4 0 3 3 3
73.9 5089.2 -3.8 44 0 9.1 46.0 7.5 2.5 2 1 3 4 4
158.1 4999.8 9.7 326 0 12.2 9.6 7.5 2.5 4 0 3 2 2
167.2 4976.1 9.3 60 0 11.3 15.1 7.5 2.5 2 1 3 4 4
