-3555.6 -6021.2 -9.9 158 0 5.1 11.6 2.5 2.5 2 1 1 2 2
1512.7 190.2 -8.2 327 0 5.5 7.0 7.5 2.5 2 1 3 2 2
1516.2 133.6 -8.1 355 0 8.9 6.8 2.5 2.5 2 0 1 2 2
-4151.4 -2887.9 -1.9 284 0 19.1 16.3 5.0 2.5 2 0 2 4 4
-4116.4 -2930.4 2.8 358 0 11.2 15.5 2.5 2.5 2 1 1 0 0
-4115.2 -2946.5 2.3 358 0 11.8 15.8 2.5 2.5 2 1 1 1 1
-4113.5 -2966.3 1.8 358 0 8.4 19.0 2.5 2.5 2 1 1 1 1
-4113.2 -2982.1 1.6 358 0 8.4 17.5 2.5 2.5 2 1 1 1 1
-4111.1 -3002.8 1.5 358 0 9.8 12.8 2.5 2.5 2 1 1 3 3
-4121.7 -3029.9 2.5 88 0 19.3 11.4 2.5 0.0 0 0 1 5 5
-4107.5 -3162.6 0.3 358 0 8.2 15.4 5.0 2.5 2 1 2 1 1
-4139.8 -3120.5 3.1 178 0 7.5 10.0 5.0 2.5 2 1 2 5 5
-4139.8 -3137.8 2.2 178 0 7.4 12.1 5.0 2.5 2 1 2 1 1
-4117.5 -3143.4 1.3 88 0 11.2 8.9 5.0 2.5 2 0 2 0 0
-4110.8 -3119.4 2.1 358 0 7.2 10.0 5.0 2.5 2 1 2 3 3
-4115.8 -3098.4 2.8 268 0 13.8 5.8 5.0 2.5 2 0 2 3 3
-4140.9 -3103.9 3.8 178 0 4.7 12.6 5.0 0.0 0 1 2 2 2
-4140.1 -3078.1 4.6 178 0 8.5 13.9 5.0 2.5 4 1 2 4 4
-4141.3 -3063.0 4.8 178 0 8.5 16.3 5.0 2.5 2 1 2 3 3
-4140.3 -3050.1 4.6 178 0 3.8 12.9 5.0 2.5 2 1 2 3 3
-4106.7 -3048.3 3.2 358 0 7.7 12.1 5.0 2.5 2 1 2 0 0
-4107.8 -3063.1 3.9 358 0 8.0 13.0 5.0 2.5 2 1 2 1 1
-4108.1 -3078.5 3.5 358 0 8.9 13.6 5.0 2.5 2 1 2 3 3
-4043.4 -2977.5 -1.3 358 0 12.3 8.7 5.0 2.5 2 0 2 3 3
-4040.5 -2998.3 -1.3 358 0 9.6 8.0 5.0 2.5 2 0 2 4 4
-4029.4 -3017.5 -3.7 358 0 14.7 7.6 5.0 2.5 4 0 2 5 5
-4066.9 -2996.2 1.4 358 0 12.0 8.1 5.0 2.5 2 0 2 0 0
-4069.9 -3023.7 1.2 88 0 9.8 9.3 5.0 2.5 2 0 2 4 4
-4072.2 -2963.1 1.9 268 0 8.5 6.9 5.0 2.5 2 0 2 3 3
-4097.2 -2962.3 1.9 178 0 14.5 15.3 5.0 2.5 2 1 2 3 3
-4095.0 -2980.8 1.7 178 0 8.0 13.6 5.0 2.5 4 1 2 0 0
-4094.8 -2999.9 1.4 178 0 9.7 15.1 5.0 2.5 2 1 2 2 2
-4096.5 -3024.1 1.4 178 0 9.1 16.3 5.0 2.5 2 1 2 2 2
-4029.5 -3075.1 -4.8 358 0 10.0 16.6 5.0 2.5 2 1 2 3 3
-4029.5 -3094.3 -5.3 358 0 8.2 15.4 5.0 2.5 2 1 2 3 3
-4069.3 -3037.5 1.2 268 0 10.4 11.3 2.5 2.5 2 1 1 4 4
-4096.8 -3047.0 1.9 178 0 10.0 14.5 2.5 2.5 2 1 1 5 5
-4096.2 -3063.0 2.2 178 0 7.9 16.6 2.5 2.5 2 1 1 5 5
-4061.9 -3060.1 1.1 358 0 9.1 13.6 2.5 2.5 2 1 1 4 4
-4062.5 -3073.7 0.8 358 0 8.3 12.1 2.5 2.5 2 1 1 4 4
-4095.1 -3076.8 1.9 178 0 8.8 13.6 2.5 0.0 0 1 1 1 1
-4071.0 -3108.2 0.0 88 0 13.5 9.9 2.5 2.5 2 0 1 3 3
-4056.6 -3141.8 -1.8 358 0 7.5 11.2 2.5 2.5 2 1 1 1 1
-4027.8 -3155.1 -5.9 351 0 9.7 12.5 5.0 2.5 2 1 2 2 2
-4077.3 -3119.4 -0.3 273 0 10.3 11.4 2.5 2.5 2 1 1 3 3
-4093.6 -3147.0 -0.8 174 0 8.1 14.6 2.5 2.5 2 1 1 3 3
-4092.8 -3163.6 -1.1 165 0 6.3 13.4 2.5 0.0 0 1 1 0 0
-4059.7 -3179.3 -2.2 345 0 10.9 7.8 2.5 2.5 2 0 1 3 3
-4088.0 -3200.2 -2.1 165 0 5.9 16.0 2.5 2.5 2 1 1 2 2
-4057.9 -3193.7 -2.6 345 0 6.1 11.8 2.5 2.5 2 1 1 5 5
-4059.9 -3215.3 -3.1 75 0 13.6 7.1 2.5 2.5 2 0 1 5 5
-4104.0 -3199.5 -0.9 345 0 10.0 16.8 5.0 2.5 4 1 2 3 3
-4133.9 -3209.0 -0.2 165 0 10.5 8.0 5.0 2.5 2 0 2 5 5
-4117.4 -3232.5 -1.4 75 0 12.3 8.0 5.0 2.5 2 0 2 1 1
-4163.3 -3101.1 5.9 185 0 9.3 9.0 5.0 2.5 2 0 2 3 3
-4205.4 -3149.4 4.7 183 0 17.6 30.6 5.0 2.5 4 1 2 1 1
-4209.8 -3175.0 5.5 174 0 8.4 15.8 5.0 2.5 2 1 2 4 4
-4161.8 -3182.7 1.9 173 0 12.0 11.2 5.0 2.5 2 0 2 4 4
-4161.2 -3225.7 0.3 165 0 19.2 16.5 5.0 2.5 2 0 2 0 0
-4149.3 -3259.6 -0.4 161 0 8.5 11.4 5.0 2.5 2 1 2 3 3
-4105.0 -3272.9 -2.1 76 0 12.2 9.4 5.0 2.5 2 0 2 4 4
-4075.9 -3289.2 -3.1 77 0 13.4 10.4 5.0 2.5 2 0 2 4 4
-4064.8 -3269.6 -3.7 75 0 8.9 24.7 5.0 2.5 2 1 2 5 5
-4061.6 -3277.8 -4.1 168 0 13.1 26.8 5.0 2.5 2 1 2 0 0
-4023.5 -3183.3 -7.1 342 0 11.2 13.6 5.0 2.5 2 1 2 0 0
-4015.4 -3208.7 -7.7 342 0 6.2 13.6 5.0 0.0 0 1 2 5 5
-4010.0 -3229.3 -7.9 342 0 12.0 15.1 5.0 2.5 2 1 2 3 3
-4008.7 -3263.6 -7.2 342 0 8.7 8.8 5.0 0.0 0 1 2 1 1
-4031.7 -3305.6 -3.2 72 0 10.0 8.6 5.0 2.5 2 0 2 3 3
-4007.4 -3295.9 -4.3 342 0 7.6 14.0 5.0 0.0 0 1 2 1 1
-4002.3 -3312.7 -4.4 342 0 8.4 14.6 5.0 2.5 2 1 2 0 0
-3997.0 -3326.9 -3.9 342 0 13.8 9.5 5.0 2.5 2 0 2 2 2
-3995.4 -3344.4 -2.8 342 0 6.7 8.4 5.0 2.5 2 1 2 3 3
-3989.1 -3363.6 -2.1 342 0 7.4 9.9 5.0 2.5 2 1 2 2 2
-3985.9 -3382.6 -0.9 342 0 8.5 7.5 5.0 0.0 0 0 2 1 1
-3973.2 -3400.8 -0.3 342 0 10.3 13.6 5.0 2.5 2 1 2 3 3
-3968.1 -3429.3 0.7 342 0 6.9 14.4 5.0 0.0 0 1 2 2 2
-3971.7 -3446.9 -0.2 72 0 17.2 8.8 5.0 0.0 0 0 2 2 2
1940.2 -1738.7 1.7 45 0 10.9 8.4 2.5 2.5 2 0 1 3 3
1759.4 -1937.3 -5.3 120 0 8.3 10.0 5.0 2.5 2 1 2 2 2
1780.5 -1938.6 -5.0 30 0 10.4 12.5 5.0 2.5 2 1 2 3 3
1746.2 -1930.5 -5.8 120 0 7.2 14.9 5.0 2.5 2 1 2 2 2
1731.5 -1920.2 -6.3 120 0 8.9 15.5 5.0 2.5 2 1 2 0 0
1734.1 -1887.3 -6.1 300 0 7.9 16.0 5.0 0.0 0 1 2 3 3
1708.1 -1905.1 -7.1 120 0 8.3 14.2 5.0 2.5 4 1 2 0 0
1694.2 -1895.7 -7.6 120 0 7.8 15.6 5.0 2.5 2 1 2 5 5
1686.3 -1852.4 -7.6 30 0 6.4 8.6 2.5 2.5 2 1 1 4 4
1678.7 -1863.0 -8.3 30 0 8.3 10.6 2.5 2.5 2 1 1 0 0
1685.4 -1873.3 -7.6 210 0 5.3 9.0 5.0 2.5 2 1 2 2 2
1691.7 -1862.0 -7.3 210 0 11.4 6.5 5.0 2.5 2 0 2 1 1
1713.3 -1865.8 -6.6 300 0 7.3 12.6 5.0 2.5 4 1 2 5 5
1725.0 -1872.9 -6.2 300 0 8.4 13.9 5.0 2.5 2 1 2 0 0
1747.2 -1887.3 -5.2 300 0 5.7 12.0 5.0 2.5 2 1 2 5 5
1761.6 -1893.5 -5.1 300 0 9.4 15.8 5.0 2.5 2 1 2 0 0
1772.5 -1902.3 -4.6 300 0 7.5 13.7 5.0 2.5 2 1 2 0 0
1782.9 -1913.4 -4.3 300 0 13.9 8.3 5.0 2.5 2 0 2 1 1
1793.7 -1901.0 -3.5 116 0 8.4 15.4 2.5 2.5 2 1 1 1 1
1773.2 -1875.6 -3.7 116 0 8.3 4.7 2.5 2.5 2 0 1 0 0
1768.4 -1882.6 -3.9 116 0 8.8 5.0 2.5 0.0 0 0 1 4 4
1743.8 -1869.4 -4.7 116 0 8.9 8.3 2.5 2.5 2 0 1 1 1
1731.6 -1862.7 -5.2 116 0 8.1 7.9 2.5 2.5 2 0 1 1 1
1722.0 -1855.4 -5.4 116 0 7.3 10.8 2.5 0.0 0 1 1 1 1
1723.3 -1813.2 -4.7 206 0 8.6 5.4 2.5 2.5 2 0 1 3 3
1715.3 -1826.4 -5.2 206 0 8.5 5.2 2.5 2.5 2 0 1 5 5
1708.8 -1847.8 -6.0 116 0 8.3 12.3 2.5 2.5 2 1 1 0 0
1697.2 -1835.5 -6.7 26 0 7.9 8.7 2.5 2.5 4 1 1 4 4
1710.6 -1810.1 -5.7 26 0 10.5 12.8 2.5 2.5 2 1 1 1 1
1720.4 -1796.9 -5.1 26 0 10.3 13.5 2.5 0.0 0 1 1 3 3
1720.5 -1749.5 -4.9 284 0 9.6 8.6 2.5 2.5 2 0 1 5 5
1753.9 -1789.3 -3.7 185 0 9.6 11.0 2.5 2.5 2 1 1 2 2
1803.2 -1790.8 -2.8 279 0 35.8 12.7 2.5 2.5 2 0 1 2 2
1708.6 -1733.8 -5.1 109 0 9.9 11.3 2.5 2.5 2 1 1 1 1
1741.4 -1745.1 -4.0 109 0 9.5 7.5 2.5 2.5 2 0 1 4 4
1761.2 -1745.5 -3.1 196 0 10.9 9.0 2.5 2.5 4 0 1 4 4
1801.8 -1765.2 -2.1 103 0 9.2 9.2 2.5 2.5 2 1 1 5 5
1834.9 -1775.2 -1.3 105 0 9.0 10.5 2.5 2.5 2 1 1 5 5
1844.5 -1798.1 -1.0 281 0 12.0 16.4 2.5 2.5 2 1 1 0 0
1820.5 -1852.8 -2.2 99 0 13.9 35.7 2.5 2.5 2 1 1 1 1
1831.3 -1888.0 -2.6 37 0 13.4 9.2 2.5 2.5 2 0 1 2 2
1819.0 -1906.6 -3.1 32 0 14.7 8.5 2.5 2.5 2 0 1 0 0
1873.6 -1884.5 -1.4 295 0 9.7 18.0 2.5 0.0 0 1 1 4 4
1848.7 -1895.7 -2.8 306 0 14.6 29.0 2.5 2.5 2 1 1 0 0
1844.3 -1944.2 -3.0 308 0 10.6 7.6 2.5 2.5 2 0 1 2 2
1830.4 -1934.4 -3.2 310 0 9.2 7.8 2.5 2.5 2 0 1 4 4
1800.3 -1937.5 -4.1 216 0 10.1 18.1 2.5 0.0 0 1 1 5 5
1789.6 -1950.5 -4.7 216 0 11.9 18.5 2.5 2.5 2 1 1 3 3
1812.8 -1973.3 -4.3 126 0 9.5 14.1 2.5 2.5 2 1 1 3 3
1827.3 -1983.2 -4.2 124 0 9.4 13.5 2.5 0.0 0 1 1 5 5
1838.8 -1991.9 -3.9 129 0 8.3 8.0 2.5 2.5 2 0 1 1 1
1864.9 -1963.6 -2.8 34 0 6.4 9.6 2.5 2.5 2 1 1 0 0
1868.1 -1949.0 -2.0 128 0 8.6 14.4 2.5 2.5 2 1 1 4 4
1885.8 -1957.1 -1.6 120 0 15.9 10.9 2.5 2.5 2 0 1 5 5
1864.5 -1984.8 -3.4 219 0 9.1 5.9 2.5 2.5 4 0 1 5 5
1855.9 -1997.7 -3.9 217 0 12.6 7.7 2.5 0.0 0 0 1 1 1
