-3562.8 5055.7 -3.3 175 0 11.8 10.6 5.0 2.5 2 0 2 2 2
-3432.9 5119.9 3.6 1 0 9.8 6.0 2.5 2.5 2 0 1 0 0
-3577.3 5261.9 -7.9 175 0 8.5 8.0 5.0 2.5 2 0 2 3 3
-3436.0 5166.4 -0.0 357 0 12.0 24.5 2.5 2.5 2 1 1 0 0
-3522.7 5156.2 -5.2 269 0 5.3 7.2 2.5 2.5 2 1 1 5 5
-3574.6 5108.7 -11.6 355 0 10.1 8.6 5.0 2.5 2 0 2 4 4
-3622.5 5295.6 -8.9 172 0 8.1 8.3 5.0 0.0 0 1 2 0 0
-3466.0 5227.1 -1.0 175 0 10.8 8.1 2.5 2.5 2 0 1 2 2
-3536.3 5133.6 -5.6 177 0 8.5 12.1 2.5 2.5 2 1 1 1 1
-3489.9 5158.3 -2.9 269 0 4.1 7.5 5.0 2.5 2 1 2 5 5
-3546.1 5254.5 -6.6 177 0 7.6 6.7 2.5 2.5 2 0 1 0 0
-3499.1 5118.5 -2.4 178 0 9.2 7.8 5.0 0.0 0 0 2 5 5
-3532.1 5097.3 -4.4 88 0 9.1 6.5 2.5 2.5 2 0 1 0 0
-3493.8 5085.6 0.7 270 0 8.1 9.4 2.5 2.5 2 1 1 0 0
-3442.4 5232.3 0.5 355 0 9.8 4.8 2.5 2.5 2 0 1 1 1
-3541.9 5203.7 -6.9 176 0 9.5 12.7 2.5 2.5 2 1 1 1 1
-3527.7 5283.8 -5.4 262 0 5.6 4.4 2.5 2.5 2 0 1 0 0
-3462.3 5120.5 1.1 179 0 11.3 8.0 2.5 2.5 2 0 1 4 4
-3662.5 5420.4 -8.8 329 0 6.7 6.9 5.0 2.5 2 1 2 1 1
-3474.2 5120.7 -0.6 357 0 9.4 6.1 5.0 2.5 2 0 2 1 1
-3563.7 5106.0 -7.8 177 0 16.8 9.3 5.0 2.5 2 0 2 1 1
-3546.1 5269.2 -6.4 178 0 9.4 7.6 2.5 2.5 2 0 1 3 3
-3461.9 5136.9 0.6 179 0 9.4 12.3 2.5 2.5 4 1 1 5 5
-3592.0 5282.0 -8.5 353 0 9.2 7.6 5.0 2.5 2 0 2 0 0
-3597.6 5247.7 -9.2 355 0 6.1 7.7 5.0 2.5 2 1 2 4 4
-3588.8 5243.9 -9.0 358 0 9.5 7.4 5.0 2.5 2 0 2 1 1
-3499.8 5137.3 -3.1 178 0 9.6 9.3 5.0 2.5 2 0 2 3 3
-3511.9 5116.0 -3.3 357 0 9.2 6.2 2.5 2.5 2 0 1 5 5
-3577.6 5297.7 -7.6 84 0 7.4 8.4 2.5 2.5 2 1 1 2 2
-3584.3 5204.5 -11.7 355 0 7.4 7.9 5.0 2.5 2 1 2 2 2
-3456.6 5098.3 2.2 90 0 8.1 8.9 2.5 2.5 2 1 1 1 1
-3528.6 5333.2 -5.5 266 0 6.9 7.1 2.5 2.5 2 1 1 4 4
-3558.2 5247.1 -7.5 357 0 8.3 5.3 5.0 2.5 2 0 2 4 4
-3467.6 5325.7 -2.6 81 0 8.4 7.9 2.5 2.5 2 0 1 5 5
-3496.9 5311.8 -4.2 81 0 13.2 10.1 2.5 2.5 2 0 1 5 5
-3603.1 5220.9 -11.2 175 0 6.3 7.6 5.0 2.5 2 1 2 0 0
-3533.6 5156.0 -5.9 267 0 11.1 7.3 2.5 2.5 2 0 1 1 1
-3610.1 5209.1 -13.3 179 0 5.6 5.2 5.0 2.5 2 0 2 2 2
-3497.4 5158.8 -3.8 267 0 7.5 9.2 5.0 2.5 2 1 2 0 0
-3652.8 5407.7 -8.7 331 0 10.5 7.1 5.0 2.5 2 0 2 4 4
-3468.5 5261.4 -1.5 175 0 10.2 6.5 2.5 2.5 2 0 1 0 0
-3548.3 5287.1 -6.2 174 0 6.6 8.3 2.5 2.5 2 1 1 2 2
-3544.9 5241.3 -6.7 175 0 13.7 7.3 2.5 2.5 2 0 1 4 4
-3517.0 5309.4 -5.0 83 0 8.5 6.6 2.5 2.5 2 0 1 5 5
-3577.9 5126.6 -11.9 355 0 9.2 7.9 5.0 2.5 2 0 2 3 3
-3467.4 5243.7 -1.0 176 0 9.3 7.2 2.5 2.5 2 0 1 3 3
-3531.6 5084.4 -2.8 269 0 10.7 8.5 2.5 2.5 2 0 1 5 5
-3604.5 5188.9 -14.8 179 0 5.9 5.7 5.0 0.0 0 0 2 1 1
-3494.9 5168.0 -4.3 86 0 11.9 7.6 2.5 2.5 4 0 1 0 0
-3631.1 5293.9 -9.1 170 0 7.9 5.8 5.0 2.5 4 0 2 4 4
-3495.2 5098.8 -1.9 90 0 6.6 9.4 5.0 2.5 2 1 2 5 5
-3515.9 5083.7 -1.2 270 0 11.2 8.5 2.5 2.5 2 0 1 5 5
-3423.3 5234.0 2.3 177 0 9.4 7.9 5.0 2.5 2 0 2 1 1
-3514.5 5297.2 -4.9 258 0 9.5 8.5 2.5 2.5 4 0 1 0 0
-3536.5 5062.3 -0.1 181 0 9.2 7.0 2.5 2.5 2 0 1 5 5
-3538.8 5279.7 -5.8 178 0 5.8 6.2 2.5 2.5 2 1 1 2 2
-3493.1 5056.5 3.6 90 0 7.2 9.7 2.5 0.0 0 1 1 5 5
-3588.7 5085.6 -14.0 270 0 16.2 10.0 5.0 2.5 2 0 2 4 4
-3622.7 5267.7 -9.3 162 0 8.2 4.6 5.0 2.5 4 0 2 0 0
-3451.4 5261.5 -0.8 356 0 6.9 8.7 2.5 2.5 2 1 1 4 4
-3511.0 5101.1 -2.7 359 0 8.9 7.1 2.5 2.5 2 0 1 0 0
-3529.4 5294.1 -5.5 264 0 6.4 9.5 2.5 2.5 2 1 1 2 2
-3463.6 5190.8 -0.9 175 0 10.3 6.3 2.5 2.5 2 0 1 4 4
-3597.7 5315.3 -8.4 358 0 8.3 6.9 5.0 2.5 2 0 2 3 3
-3527.8 5057.5 0.6 91 0 3.4 9.2 2.5 2.5 2 0 1 5 5
-3583.2 5188.8 -12.4 355 0 8.1 7.9 5.0 2.5 2 0 2 2 2
-3411.2 5222.3 3.1 2 0 4.9 8.8 5.0 2.5 2 1 2 0 0
-3498.8 5296.2 -4.0 262 0 6.7 6.7 2.5 2.5 2 0 1 4 4
-3578.9 5142.3 -13.5 357 0 10.7 12.2 5.0 0.0 0 1 2 5 5
-3440.3 5121.3 2.8 359 0 8.1 5.8 2.5 2.5 2 0 1 2 2
-3590.1 5262.7 -8.7 354 0 9.8 7.6 5.0 0.0 0 0 2 0 0
-3432.7 5138.9 2.9 0 0 10.1 7.4 2.5 2.5 2 0 1 3 3
-3575.9 5286.2 -7.7 265 0 6.6 8.2 5.0 2.5 2 1 2 3 3
-3512.3 5153.1 -4.8 358 0 9.2 6.8 2.5 2.5 2 0 1 0 0
-3556.7 5170.9 -7.9 85 0 15.1 10.9 5.0 2.5 2 0 2 3 3
-3543.0 5222.6 -6.8 177 0 9.0 8.5 2.5 2.5 2 0 1 2 2
-3434.1 5193.5 1.8 359 0 11.4 6.9 2.5 2.5 2 0 1 5 5
-3461.5 5045.5 8.5 180 0 11.9 26.9 2.5 2.5 2 1 1 3 3
-3612.4 5319.8 -8.6 272 0 4.6 7.1 5.0 2.5 2 1 2 5 5
-3565.3 5126.4 -8.0 176 0 9.8 7.8 5.0 2.5 2 0 2 1 1
-3513.3 5330.2 -5.0 355 0 6.9 7.9 2.5 2.5 2 1 1 3 3
-3536.5 5118.1 -5.0 178 0 7.4 10.7 2.5 2.5 2 1 1 1 1
-3460.0 5078.1 4.6 179 0 7.7 9.9 2.5 2.5 2 1 1 5 5
-3586.1 5099.5 -13.2 84 0 5.2 11.4 5.0 0.0 0 1 2 4 4
-3628.2 5309.7 -8.9 161 0 6.8 5.0 5.0 2.5 4 0 2 5 5
-3573.4 5245.4 -8.0 176 0 11.6 8.8 5.0 2.5 2 0 2 2 2
-3559.2 5283.0 -7.1 355 0 9.5 7.0 5.0 2.5 2 0 2 4 4
-3596.6 5297.3 -8.4 359 0 9.7 7.5 5.0 2.5 2 0 2 4 4
-3586.0 5158.3 -14.5 356 0 12.1 9.5 5.0 2.5 2 0 2 3 3
-3465.0 5208.4 -0.9 177 0 9.3 7.1 2.5 2.5 2 0 1 3 3
-3686.1 5437.0 -8.9 238 0 8.1 5.8 5.0 2.5 2 0 2 3 3
-3497.8 5181.7 -4.9 87 0 6.9 9.4 2.5 2.5 2 1 1 5 5
-3565.4 5142.7 -7.9 178 0 10.0 7.4 5.0 2.5 2 0 2 4 4
-3564.5 5300.2 -7.1 83 0 11.0 8.9 2.5 2.5 2 0 1 2 2
-3474.3 5103.8 -0.3 357 0 10.2 10.2 5.0 2.5 2 1 2 2 2
-3605.5 5200.0 -13.7 174 0 6.9 11.5 5.0 2.5 2 1 2 1 1
-730.1 -5759.3 -11.7 183 0 5.0 8.3 5.0 2.5 2 1 2 0 0
-724.6 -5748.0 -12.0 194 0 10.9 5.6 5.0 2.5 2 0 2 2 2
-737.7 -5699.0 -17.2 205 0 5.3 4.8 5.0 2.5 2 0 2 3 3
-1050.9 -4387.4 -16.5 79 0 10.4 8.1 5.0 2.5 2 0 2 1 1
-1001.2 -4336.7 -14.2 46 0 6.6 6.3 7.5 0.0 0 0 3 3 3
-1003.4 -4426.4 -16.0 249 0 4.4 7.0 5.0 0.0 0 1 2 4 4
-979.4 -4482.0 -15.7 342 0 20.0 11.2 7.5 2.5 4 0 3 4 4
-900.0 -4535.7 -10.7 53 0 13.1 23.7 10.0 2.5 2 1 4 5 5
-438.0 -5678.3 8.7 166 0 30.7 12.5 2.5 2.5 2 0 1 3 3
-515.2 -5680.5 2.9 101 0 18.2 32.2 2.5 2.5 2 1 1 2 2
-566.4 -5996.2 -0.1 3 0 11.7 9.4 2.5 2.5 4 0 1 0 0
-569.7 -5938.0 -0.6 265 0 11.0 6.9 2.5 2.5 2 0 1 3 3
-591.2 -5939.9 -0.3 275 0 11.2 7.5 2.5 2.5 2 0 1 2 2
-592.1 -5958.3 -0.2 274 0 10.5 8.7 2.5 2.5 2 0 1 1 1
-644.5 -5988.1 -2.3 90 0 8.9 7.5 2.5 2.5 2 0 1 3 3
-697.6 -5941.2 -12.7 161 0 7.5 11.1 2.5 2.5 2 1 1 1 1
-695.4 -5817.9 -10.5 270 0 12.8 9.5 5.0 2.5 2 0 2 2 2
-662.8 -5712.2 -7.3 270 0 22.8 8.4 5.0 0.0 0 0 2 2 2
-621.4 -5742.5 -0.7 0 0 8.7 12.5 5.0 2.5 2 1 2 2 2
-627.9 -5785.7 -0.2 90 0 11.3 12.8 5.0 2.5 2 1 2 2 2
-584.3 -5774.0 -0.4 0 0 22.7 15.4 5.0 0.0 0 0 2 4 4
-514.1 -5775.8 1.2 0 0 7.8 10.7 2.5 2.5 2 1 1 5 5
-551.7 -5778.8 0.1 180 0 11.9 18.4 2.5 2.5 2 1 1 2 2
-483.5 -5834.0 5.3 0 0 7.2 16.9 5.0 2.5 2 1 2 4 4
-483.2 -5855.5 6.1 0 0 7.8 15.4 5.0 2.5 2 1 2 0 0
-485.9 -5874.0 6.5 0 0 9.5 9.8 5.0 2.5 2 1 2 4 4
-485.6 -5895.2 9.6 0 0 6.6 11.6 5.0 2.5 2 1 2 1 1
-485.9 -5916.4 12.2 0 0 7.8 15.4 5.0 2.5 4 1 2 0 0
-534.8 -5914.2 3.0 180 0 8.1 17.8 5.0 2.5 4 1 2 1 1
-533.9 -5892.4 2.9 180 0 8.7 19.0 5.0 2.5 4 1 2 5 5
-532.1 -5873.6 2.9 180 0 8.1 16.9 5.0 2.5 2 1 2 3 3
-530.9 -5853.6 2.8 180 0 6.9 14.5 5.0 2.5 2 1 2 3 3
-531.5 -5832.7 2.6 180 0 6.9 13.0 5.0 2.5 2 1 2 4 4
-555.9 -5829.6 0.6 0 0 6.6 15.1 2.5 2.5 2 1 1 1 1
-555.0 -5851.5 0.5 0 0 7.5 12.2 2.5 2.5 2 1 1 5 5
-557.3 -5870.3 0.1 0 0 6.9 20.2 2.5 2.5 2 1 1 3 3
-558.2 -5889.7 -0.0 0 0 6.9 16.6 2.5 2.5 2 1 1 5 5
-558.2 -5910.2 -0.1 0 0 6.6 14.8 2.5 2.5 2 1 1 5 5
-604.2 -5909.6 -0.2 180 0 7.8 11.3 2.5 0.0 0 1 1 3 3
-604.8 -5888.1 -0.2 180 0 5.4 13.3 2.5 2.5 2 1 1 3 3
-602.1 -5871.7 0.0 180 0 9.0 16.0 2.5 2.5 2 1 1 0 0
-602.1 -5849.7 0.1 180 0 6.3 18.1 2.5 2.5 2 1 1 0 0
-600.3 -5829.4 0.2 180 0 6.9 19.0 2.5 2.5 4 1 1 2 2
-625.8 -5827.3 0.2 0 0 6.9 16.6 5.0 2.5 2 1 2 1 1
-625.5 -5846.6 0.2 0 0 7.8 17.2 5.0 2.5 2 1 2 3 3
-625.8 -5866.6 0.2 0 0 9.0 16.9 5.0 2.5 2 1 2 5 5
-627.9 -5887.0 0.1 0 0 7.5 13.0 5.0 2.5 2 1 2 1 1
-626.4 -5907.3 0.1 0 0 8.1 13.6 5.0 2.5 2 1 2 2 2
