-3063.9 -5779.5 -6.7 330 0 6.2 7.7 2.5 2.5 2 1 1 4 4
-3059.4 -5791.7 -5.6 331 0 6.2 6.1 7.5 2.5 2 0 3 5 5
-3050.6 -5803.6 -4.6 334 0 7.7 9.1 2.5 2.5 2 1 1 2 2
-3050.1 -5827.5 -5.3 337 0 12.7 13.7 7.5 2.5 2 1 3 1 1
-6551.6 -2055.2 -8.0 265 0 14.2 18.8 2.5 2.5 2 1 1 5 5
-6578.7 -1996.2 -1.4 355 0 5.7 10.3 5.0 2.5 2 1 2 3 3
-6584.4 -1986.6 -1.0 355 0 11.0 10.5 5.0 2.5 2 0 2 3 3
-6584.8 -1973.9 -0.1 355 0 8.4 13.6 5.0 2.5 2 1 2 5 5
-6587.7 -1962.3 0.1 355 0 8.5 9.1 5.0 2.5 2 1 2 3 3
-6587.7 -1950.1 0.3 355 0 9.0 12.7 5.0 2.5 2 1 2 1 1
-6596.5 -1933.1 0.3 265 0 14.4 8.3 5.0 2.5 2 0 2 2 2
-6596.7 -1923.9 0.5 85 0 10.2 6.9 5.0 2.5 2 0 2 1 1
-6593.0 -1909.1 0.6 355 0 4.1 10.8 5.0 2.5 2 1 2 1 1
-6576.9 -1921.3 0.0 175 0 7.9 15.0 5.0 0.0 0 1 2 5 5
-6574.2 -1936.0 -0.3 175 0 6.6 6.6 5.0 2.5 2 0 2 4 4
-6573.6 -1949.1 -0.4 175 0 7.3 9.0 5.0 0.0 0 1 2 4 4
-6572.2 -1960.7 -0.9 175 0 8.0 17.4 5.0 2.5 4 1 2 2 2
-6570.6 -1971.9 -1.0 175 0 6.5 14.0 5.0 2.5 2 1 2 5 5
-6570.3 -1986.1 -1.2 175 0 6.7 15.8 5.0 2.5 2 1 2 4 4
-6568.1 -2009.6 -1.2 175 0 9.9 16.8 2.5 2.5 2 1 1 3 3
