6612.3 -2290.9 1.1 247 0 11.2 6.1 2.5 2.5 2 0 1 2 2
6617.9 -2315.3 -3.2 72 0 7.0 15.1 2.5 2.5 2 1 1 0 0
6628.9 -2312.5 -3.3 72 0 10.2 11.9 2.5 2.5 2 1 1 0 0
6651.0 -2304.1 -1.7 71 0 9.9 17.9 2.5 0.0 0 1 1 3 3
6670.1 -2298.5 -0.3 71 0 9.0 10.1 2.5 2.5 2 1 1 4 4
6679.7 -2292.0 1.4 69 0 8.0 16.0 2.5 2.5 2 1 1 4 4
6696.1 -2264.1 1.7 263 0 6.0 7.2 2.5 2.5 2 1 1 0 0
6701.8 -2285.3 0.8 74 0 6.9 7.5 2.5 2.5 2 1 1 0 0
6711.6 -2279.9 -0.5 71 0 7.7 16.0 2.5 2.5 2 1 1 4 4
6735.8 -2275.9 -2.9 72 0 9.1 12.8 2.5 0.0 0 1 1 1 1
6724.0 -2279.0 -2.9 66 0 6.4 11.1 2.5 2.5 2 1 1 4 4
6719.4 -2254.3 -0.1 253 0 11.5 7.3 2.5 2.5 2 0 1 2 2
6749.5 -2270.0 -2.0 72 0 8.6 27.6 2.5 2.5 2 1 1 1 1
6742.2 -2220.2 1.0 247 0 11.6 11.9 2.5 2.5 2 1 1 2 2
6759.6 -2249.7 -1.1 76 0 6.0 12.3 2.5 2.5 2 1 1 0 0
6767.3 -2264.9 -1.6 72 0 8.7 13.5 2.5 2.5 2 1 1 1 1
6780.4 -2233.5 -2.9 337 0 12.0 11.6 2.5 2.5 2 0 1 2 2
6788.2 -2253.9 -3.5 73 0 4.6 11.5 2.5 2.5 2 1 1 2 2
6797.7 -2245.1 -4.4 343 0 11.5 6.5 2.5 2.5 2 0 1 1 1
6794.0 -2212.5 -1.6 71 0 9.5 18.6 2.5 2.5 2 1 1 3 3
6802.9 -2241.8 -5.7 160 0 15.9 7.9 2.5 2.5 2 0 1 4 4
6819.3 -2243.5 -6.4 70 0 8.9 22.6 2.5 2.5 2 1 1 5 5
6821.0 -2195.3 -3.9 63 0 10.0 14.7 2.5 2.5 2 1 1 2 2
6830.3 -2206.5 -6.4 247 0 11.3 12.9 2.5 2.5 2 1 1 4 4
6844.3 -2237.4 -7.4 67 0 10.0 17.5 2.5 2.5 2 1 1 5 5
6862.0 -2272.1 -8.6 71 0 6.4 8.5 5.0 2.5 2 1 2 4 4
6873.2 -2267.0 -8.8 61 0 6.8 6.7 5.0 2.5 2 0 2 0 0
6881.9 -2260.0 -8.8 43 0 5.7 6.5 5.0 2.5 2 1 2 5 5
6878.9 -2273.3 -9.8 225 0 5.9 6.1 2.5 2.5 2 1 1 4 4
6871.1 -2278.8 -9.5 225 0 6.7 6.3 2.5 2.5 2 0 1 2 2
6851.4 -2278.6 -8.1 70 0 8.0 14.6 5.0 2.5 2 1 2 5 5
6841.3 -2247.2 -7.8 254 0 8.9 9.2 5.0 2.5 2 1 2 0 0
6826.7 -2251.4 -6.9 254 0 4.7 14.1 5.0 2.5 2 1 2 1 1
6836.5 -2280.2 -7.2 74 0 6.9 13.2 5.0 2.5 2 1 2 2 2
6853.4 -2286.0 -9.2 254 0 9.0 7.6 2.5 2.5 2 0 1 0 0
6830.6 -2292.4 -8.5 254 0 7.8 7.7 2.5 2.5 2 0 1 0 0
6818.3 -2268.5 -6.3 254 0 9.8 6.1 5.0 0.0 0 0 2 5 5
6822.7 -2284.6 -6.4 74 0 7.8 6.7 5.0 2.5 2 0 2 4 4
6802.0 -2261.2 -5.1 254 0 8.7 6.5 5.0 2.5 2 0 2 1 1
6809.3 -2279.8 -5.5 74 0 7.8 3.3 5.0 2.5 2 0 2 2 2
6810.9 -2288.7 -5.7 74 0 9.9 6.4 5.0 2.5 2 0 2 2 2
6797.8 -2294.0 -5.2 74 0 6.6 14.2 5.0 2.5 2 1 2 4 4
6779.8 -2291.5 -4.8 164 0 12.7 7.7 5.0 0.0 0 0 2 1 1
6776.1 -2276.9 -4.1 164 0 7.1 13.8 5.0 2.5 4 1 2 5 5
6760.4 -2273.4 -3.4 254 0 8.2 13.2 2.5 2.5 2 1 1 2 2
6774.9 -2295.3 -4.8 344 0 5.8 9.7 2.5 2.5 2 1 1 1 1
6758.4 -2304.5 -5.5 74 0 8.0 12.6 2.5 2.5 2 1 1 5 5
6745.1 -2279.5 -4.0 254 0 4.9 10.4 2.5 2.5 2 1 1 5 5
6732.3 -2287.5 -4.9 254 0 10.5 7.5 2.5 2.5 2 0 1 2 2
6719.9 -2289.1 -5.6 254 0 7.1 15.9 2.5 2.5 2 1 1 4 4
6709.8 -2293.2 -5.3 254 0 6.6 13.3 2.5 2.5 2 1 1 3 3
6700.6 -2295.9 -3.8 254 0 4.8 13.2 2.5 2.5 4 1 1 2 2
6719.0 -2316.3 -6.7 74 0 5.1 6.9 2.5 2.5 2 1 1 0 0
6709.5 -2319.2 -6.8 74 0 7.4 7.5 2.5 2.5 2 1 1 0 0
6664.7 -2332.7 -6.1 74 0 11.7 7.4 2.5 2.5 2 0 1 5 5
6673.1 -2308.9 -4.2 254 0 12.1 7.6 2.5 2.5 2 0 1 3 3
6660.4 -2313.0 -4.4 254 0 7.6 9.2 2.5 2.5 4 1 1 2 2
6650.7 -2315.7 -4.4 254 0 5.6 5.5 2.5 2.5 2 0 1 0 0
6642.9 -2324.5 -5.3 254 0 4.6 4.2 2.5 2.5 4 0 1 0 0
6647.5 -2337.4 -5.8 74 0 8.1 5.4 2.5 2.5 2 0 1 2 2
6635.9 -2334.7 -5.8 74 0 5.6 7.7 2.5 2.5 2 1 1 1 1
6620.4 -2327.3 -5.4 254 0 7.6 13.3 2.5 0.0 0 1 1 5 5
6609.3 -2330.1 -5.1 254 0 6.0 14.1 2.5 0.0 0 1 1 2 2
6598.7 -2332.4 -6.3 254 0 7.1 12.8 2.5 2.5 2 1 1 1 1
6592.5 -2283.9 -0.7 311 0 8.3 31.0 2.5 0.0 0 1 1 5 5
6546.8 -2308.3 -2.2 220 0 7.6 10.4 2.5 2.5 2 1 1 3 3
6523.6 -2333.7 -2.5 220 0 6.9 9.8 2.5 2.5 2 1 1 4 4
6534.2 -2354.1 -4.3 130 0 7.1 15.1 2.5 2.5 2 1 1 5 5
6538.8 -2363.9 -5.4 130 0 7.3 16.5 2.5 2.5 2 1 1 3 3
6559.1 -2369.4 -7.3 44 0 12.8 11.2 2.5 2.5 2 0 1 4 4
