-1372.8 -2291.6 -5.2 177 0 8.3 7.6 2.5 2.5 2 0 1 4 4
-1375.1 -2307.9 -5.3 177 0 3.8 7.6 2.5 2.5 2 1 1 1 1
-1378.7 -2324.4 -3.2 177 0 6.6 5.1 2.5 2.5 2 0 1 2 2
-1372.4 -2333.6 -6.0 177 0 5.5 9.2 2.5 2.5 2 1 1 4 4
-1333.7 -2412.5 -11.6 6 0 8.4 9.1 2.5 0.0 0 1 1 4 4
-1296.8 -2587.0 -4.5 151 0 12.5 5.4 2.5 2.5 2 0 1 3 3
-1318.2 -2577.6 -1.8 141 0 9.2 8.5 2.5 2.5 2 0 1 1 1
-1325.0 -2567.6 -1.1 143 0 7.6 7.0 2.5 2.5 2 0 1 4 4
-1340.6 -2565.6 1.7 153 0 8.0 9.3 2.5 2.5 2 1 1 5 5
-1370.1 -2502.8 5.0 163 0 7.2 7.3 5.0 2.5 2 1 2 5 5
-1365.8 -2513.8 4.6 152 0 7.7 6.7 2.5 2.5 2 0 1 1 1
-1361.3 -2528.2 4.4 158 0 4.7 7.1 2.5 0.0 0 1 1 5 5
-1370.8 -2528.3 9.1 341 0 9.2 6.0 2.5 2.5 2 0 1 2 2
-1366.5 -2540.2 8.7 341 0 9.4 7.7 2.5 2.5 2 0 1 3 3
-1375.2 -2474.6 4.2 177 0 9.0 5.5 2.5 2.5 2 0 1 5 5
-1380.5 -2455.4 3.6 177 0 9.0 4.7 2.5 2.5 2 0 1 5 5
-1382.0 -2442.4 2.2 177 0 8.1 4.3 2.5 2.5 2 0 1 2 2
-1383.2 -2431.1 0.6 177 0 6.9 5.1 2.5 2.5 2 0 1 3 3
-1382.3 -2416.9 -1.8 177 0 7.8 5.5 2.5 2.5 2 0 1 4 4
-1372.9 -2388.6 -4.9 177 0 12.5 6.3 2.5 2.5 2 0 1 3 3
-1369.9 -2371.9 -5.4 177 0 9.0 5.2 2.5 2.5 2 0 1 0 0
-1371.2 -2341.8 -5.9 177 0 4.6 8.9 2.5 2.5 2 1 1 1 1
-1369.5 -2350.1 -5.9 177 0 5.3 7.1 2.5 2.5 2 1 1 1 1
-1369.5 -2358.4 -6.3 177 0 5.4 8.5 2.5 2.5 2 1 1 0 0
-1373.1 -2491.9 5.0 166 0 6.6 7.6 2.5 2.5 2 1 1 2 2
-1372.5 -2515.8 8.6 338 0 7.6 8.9 2.5 2.5 2 1 1 0 0
-1358.6 -2537.5 3.7 159 0 6.6 9.2 2.5 2.5 2 1 1 4 4
-1336.6 -2545.8 -1.0 158 0 10.6 7.6 2.5 2.5 2 0 1 4 4
-1343.6 -2247.2 -10.1 356 0 8.4 8.8 2.5 2.5 2 1 1 1 1
-1362.4 -2260.9 -6.2 175 0 7.2 8.5 2.5 2.5 2 1 1 4 4
-1349.3 -2317.4 -11.1 346 0 11.1 10.9 2.5 2.5 2 0 1 1 1
-1389.0 -2282.6 7.0 9 0 9.1 6.6 2.5 2.5 2 0 1 0 0
-1392.9 -2376.1 3.2 4 0 13.5 5.6 2.5 2.5 2 0 1 0 0
-1390.7 -2359.4 2.4 4 0 12.6 24.4 2.5 2.5 2 1 1 5 5
-1418.7 -2366.1 10.4 275 0 14.0 30.3 5.0 2.5 2 1 2 5 5
-1329.8 -2594.0 1.3 144 0 9.3 14.7 2.5 2.5 2 1 1 0 0
-1266.4 -2615.1 -6.2 340 0 15.2 10.4 2.5 2.5 2 0 1 1 1
-1274.9 -2642.1 -3.5 147 0 13.1 11.8 2.5 2.5 2 0 1 0 0
-1289.4 -2651.3 1.6 147 0 11.7 11.0 2.5 2.5 2 0 1 0 0
-1266.3 -2670.3 -1.3 59 0 13.9 17.0 2.5 2.5 2 1 1 2 2
