-4567.8 5655.3 2.2 292 0 9.8 9.8 2.5 2.5 2 1 1 1 1
-4537.6 5584.2 -24.5 159 0 7.9 7.8 7.5 2.5 2 0 3 2 2
-4589.7 5638.2 -0.7 202 0 7.7 7.7 2.5 2.5 2 1 1 1 1
-4607.7 5636.4 0.9 28 0 8.7 8.6 2.5 0.0 0 0 1 4 4
-4609.0 5874.5 18.4 135 0 8.8 14.1 5.0 2.5 2 1 2 4 4
-4691.0 5479.6 -9.2 29 0 8.6 8.6 2.5 2.5 2 0 1 0 0
-4610.9 5518.2 -18.4 119 0 8.6 8.6 2.5 2.5 2 1 1 4 4
-4618.2 5559.2 -13.5 209 0 9.4 9.4 2.5 2.5 2 0 1 2 2
-4584.3 5554.6 -22.4 23 0 9.4 9.4 2.5 2.5 2 0 1 3 3
-4615.4 5619.8 -1.6 28 0 8.7 8.6 2.5 2.5 2 0 1 0 0
-4622.3 5602.9 -3.4 28 0 9.4 9.4 2.5 0.0 0 0 1 0 0
-4637.0 5529.8 -13.0 121 0 9.4 9.4 2.5 2.5 2 1 1 2 2
-4671.2 5484.5 -13.5 210 0 7.7 10.4 2.5 2.5 2 1 1 2 2
-4618.1 5502.8 -18.4 285 0 9.2 17.7 2.5 2.5 2 1 1 1 1
-4674.9 5504.2 -9.9 29 0 5.1 18.0 2.5 2.5 2 1 1 0 0
-4656.1 5535.3 -9.1 28 0 5.2 10.4 2.5 2.5 2 1 1 1 1
-4665.2 5520.6 -9.7 28 0 5.2 10.4 2.5 2.5 2 1 1 4 4
-4651.1 5516.4 -13.3 210 0 7.7 10.4 2.5 2.5 2 1 1 0 0
-4660.2 5500.6 -13.6 210 0 7.8 10.4 2.5 2.5 2 1 1 0 0
-4675.9 5470.0 -12.7 210 0 8.3 15.0 2.5 2.5 2 1 1 5 5
-4599.4 5468.2 -24.0 9 0 8.0 11.5 2.5 2.5 2 1 1 3 3
-4596.3 5448.1 -26.3 353 0 9.6 13.8 2.5 2.5 2 1 1 0 0
-4581.4 5350.0 -21.4 162 0 7.4 11.5 2.5 2.5 2 1 1 4 4
-4559.9 5304.6 -21.3 174 0 4.8 5.3 2.5 2.5 2 1 1 1 1
-4545.5 5306.6 -23.9 348 0 5.9 7.9 2.5 2.5 2 1 1 1 1
-4538.1 5299.1 -26.6 248 0 7.9 7.1 2.5 2.5 2 0 1 5 5
-4675.1 5386.8 -8.8 159 0 5.7 6.7 2.5 2.5 2 1 1 3 3
-4642.7 5398.5 -11.9 337 0 8.5 21.6 2.5 2.5 2 1 1 4 4
-4740.7 5439.3 -3.8 294 0 19.4 11.3 2.5 2.5 2 0 1 1 1
-4759.0 5470.7 -1.3 18 0 34.6 10.9 2.5 2.5 2 0 1 2 2
