2702.2 -4826.0 -9.0 316 0 7.8 10.7 5.0 2.5 2 1 2 2 2
2692.5 -4840.5 -7.3 306 0 11.3 13.2 5.0 2.5 2 1 2 5 5
2719.0 -5406.1 9.1 207 0 12.0 11.6 2.5 2.5 2 0 1 3 3
2713.6 -5432.6 7.1 113 0 12.3 16.4 2.5 2.5 2 1 1 0 0
2775.4 -5414.1 2.4 23 0 11.7 40.8 2.5 2.5 2 1 1 5 5
2579.4 -5464.6 0.5 105 0 12.8 20.4 2.5 0.0 0 1 1 1 1
2569.7 -5528.6 -1.4 23 0 18.5 12.7 2.5 2.5 2 0 1 2 2
2554.2 -5561.4 -1.4 113 0 12.3 22.7 2.5 2.5 2 1 1 5 5
2450.8 -5601.4 2.1 293 0 9.2 9.1 5.0 2.5 2 0 2 4 4
2447.0 -5626.6 1.4 15 0 11.3 17.1 5.0 2.5 4 1 2 5 5
2442.1 -5644.5 0.9 23 0 9.5 17.0 7.5 0.0 0 1 3 1 1
2435.5 -5662.5 0.6 23 0 9.8 16.5 7.5 2.5 2 1 3 3 3
2422.5 -5638.2 2.0 15 0 19.8 7.2 5.0 2.5 4 0 2 0 0
2424.0 -5595.1 3.6 293 0 10.1 17.0 7.5 2.5 2 1 3 4 4
2415.9 -5613.9 3.4 293 0 7.0 12.9 2.5 2.5 2 1 1 1 1
2405.1 -5592.7 7.4 283 0 9.7 9.7 7.5 2.5 4 1 3 5 5
2391.8 -5606.2 6.4 195 0 10.6 15.2 7.5 2.5 2 1 3 1 1
2393.6 -5639.2 2.9 203 0 10.0 11.8 5.0 2.5 2 1 2 2 2
2391.4 -5736.9 12.2 22 0 12.4 26.5 12.5 2.5 4 1 5 1 1
2588.9 -4879.5 -3.9 57 0 16.8 21.2 5.0 2.5 2 1 2 0 0
2600.9 -4866.6 -4.8 118 0 11.2 16.8 5.0 2.5 2 1 2 0 0
2626.3 -4824.8 -5.5 298 0 10.7 28.9 5.0 2.5 4 1 2 1 1
2645.2 -4820.4 -7.2 301 0 18.5 9.4 5.0 2.5 2 0 2 2 2
2664.8 -4825.2 -8.2 299 0 14.7 14.9 5.0 2.5 2 1 2 4 4
2665.9 -4889.8 -5.1 120 0 13.6 17.9 5.0 2.5 2 1 2 5 5
2833.7 -5072.5 -6.7 49 0 13.5 10.8 2.5 2.5 2 0 1 4 4
2871.0 -5037.5 -10.7 139 0 7.0 14.2 5.0 2.5 4 1 2 2 2
2899.0 -5036.5 -10.8 229 0 12.6 8.4 2.5 2.5 2 0 1 3 3
2885.4 -5053.0 -10.2 139 0 10.2 8.7 2.5 2.5 2 0 1 0 0
2904.9 -5060.0 -10.3 139 0 11.4 10.9 2.5 2.5 2 0 1 3 3
2908.8 -5078.1 -9.9 139 0 9.5 10.0 2.5 2.5 2 1 1 5 5
2922.1 -5089.5 -10.0 139 0 6.8 11.7 2.5 2.5 2 1 1 2 2
2933.3 -5103.6 -10.0 139 0 9.8 14.6 2.5 2.5 2 1 1 5 5
2924.5 -5118.2 -8.5 319 0 3.4 8.4 2.5 2.5 2 1 1 3 3
2895.1 -5082.0 -9.0 319 0 8.7 6.3 2.5 2.5 2 0 1 2 2
2886.1 -5072.0 -9.1 319 0 7.6 9.9 2.5 2.5 2 1 1 4 4
2868.3 -5057.5 -9.3 229 0 9.2 11.7 2.5 2.5 2 1 1 4 4
2863.4 -5050.4 -9.4 49 0 8.9 9.6 2.5 2.5 2 1 1 3 3
2843.9 -5022.9 -9.2 319 0 7.1 10.0 2.5 2.5 2 1 1 3 3
2834.6 -5012.7 -8.7 319 0 7.8 12.9 2.5 2.5 2 1 1 0 0
2826.8 -5001.4 -8.0 319 0 8.6 12.4 2.5 2.5 2 1 1 4 4
2811.9 -4991.1 -6.7 319 0 8.2 7.8 2.5 2.5 2 0 1 0 0
2799.8 -4977.2 -5.2 319 0 10.3 7.2 2.5 2.5 2 0 1 3 3
2781.5 -4848.1 -8.6 319 0 9.8 13.8 2.5 2.5 2 1 1 5 5
2800.6 -4874.3 -8.8 319 0 8.2 10.5 2.5 2.5 2 1 1 2 2
2818.6 -4893.8 -9.4 319 0 6.0 12.2 2.5 2.5 2 1 1 4 4
2828.7 -4923.3 -8.0 319 0 4.4 4.5 2.5 2.5 2 1 1 2 2
2817.8 -4933.8 -6.5 49 0 6.8 4.8 2.5 2.5 4 0 1 0 0
2812.6 -4917.0 -6.4 319 0 10.4 8.0 2.5 2.5 2 0 1 0 0
2828.2 -4950.8 -7.9 49 0 8.4 11.2 2.5 2.5 2 1 1 1 1
2842.2 -4940.8 -9.8 49 0 17.1 10.0 2.5 2.5 2 0 1 5 5
2837.6 -4971.5 -9.7 49 0 25.5 10.3 5.0 2.5 4 0 2 4 4
2851.0 -4977.5 -10.4 229 0 6.2 11.5 5.0 2.5 2 1 2 4 4
2863.4 -4999.1 -11.0 139 0 12.1 9.2 5.0 2.5 2 0 2 0 0
2844.9 -5009.2 -10.4 139 0 11.7 6.0 5.0 2.5 2 0 2 5 5
2857.4 -5025.1 -10.7 139 0 5.2 9.5 5.0 2.5 2 1 2 2 2
2871.2 -5012.0 -11.0 139 0 8.2 9.7 5.0 2.5 2 1 2 4 4
2890.0 -5024.8 -10.9 49 0 8.8 5.8 5.0 2.5 2 0 2 0 0
2865.9 -4961.6 -10.9 229 0 6.9 13.6 5.0 2.5 2 1 2 1 1
2885.7 -4977.0 -11.1 319 0 8.2 9.7 5.0 2.5 2 1 2 3 3
2896.1 -4989.2 -11.3 319 0 11.1 11.8 5.0 2.5 2 1 2 4 4
2907.5 -5001.1 -11.4 319 0 8.7 11.3 5.0 0.0 0 1 2 5 5
2930.4 -4995.3 -11.7 49 0 6.6 15.1 2.5 2.5 2 1 1 3 3
2904.7 -4981.9 -11.5 139 0 11.1 17.7 2.5 0.0 0 1 1 2 2
2882.1 -4957.5 -11.2 139 0 8.7 13.2 2.5 2.5 2 1 1 1 1
2869.5 -4943.1 -11.1 139 0 7.9 20.0 5.0 0.0 0 1 2 4 4
2873.3 -4915.4 -12.0 319 0 6.4 13.6 5.0 2.5 2 1 2 3 3
2861.2 -4902.8 -12.5 319 0 13.9 9.9 5.0 2.5 2 0 2 5 5
2850.9 -4891.8 -12.3 319 0 8.6 6.9 5.0 2.5 2 0 2 3 3
2841.7 -4880.3 -12.3 319 0 11.4 7.3 5.0 2.5 2 0 2 0 0
2831.1 -4868.1 -12.2 319 0 6.1 12.6 5.0 0.0 0 1 2 3 3
2822.2 -4860.5 -11.8 319 0 7.1 9.1 5.0 2.5 2 1 2 2 2
2816.0 -4848.6 -12.2 319 0 8.9 11.1 5.0 0.0 0 1 2 3 3
2806.4 -4837.0 -12.1 319 0 9.6 12.1 5.0 0.0 0 1 2 2 2
2799.0 -4825.2 -11.9 319 0 7.8 16.0 5.0 2.5 2 1 2 2 2
2801.7 -4816.4 -14.8 139 0 16.1 9.0 2.5 2.5 2 0 1 5 5
2815.2 -4831.8 -14.8 139 0 6.3 12.4 2.5 2.5 2 1 1 0 0
2822.4 -4843.5 -15.7 139 0 6.2 16.6 2.5 2.5 2 1 1 1 1
2831.9 -4854.7 -15.7 139 0 8.0 15.0 2.5 2.5 2 1 1 2 2
2857.7 -4849.0 -17.0 319 0 6.8 11.3 2.5 0.0 0 1 1 3 3
2853.8 -4872.6 -16.3 139 0 7.2 13.6 2.5 2.5 4 1 1 5 5
2861.1 -4886.3 -15.3 139 0 7.4 10.6 2.5 2.5 2 1 1 3 3
2871.3 -4895.3 -15.9 139 0 7.9 14.6 2.5 2.5 2 1 1 2 2
2879.9 -4904.9 -15.1 139 0 7.1 11.9 2.5 2.5 2 1 1 5 5
2889.9 -4916.8 -15.0 139 0 8.2 14.7 2.5 2.5 4 1 1 3 3
2901.9 -4928.6 -14.3 139 0 5.9 10.9 2.5 2.5 2 1 1 4 4
2908.0 -4939.2 -12.0 139 0 7.2 15.9 2.5 2.5 2 1 1 0 0
2919.4 -4950.5 -11.6 139 0 10.6 12.4 2.5 2.5 2 1 1 3 3
2930.1 -4964.1 -11.8 145 0 13.1 10.3 2.5 2.5 2 0 1 0 0
2941.5 -4976.0 -13.8 144 0 8.1 12.5 2.5 2.5 2 1 1 2 2
2952.5 -4988.4 -13.4 133 0 6.5 7.8 2.5 2.5 2 1 1 2 2
2958.3 -4997.6 -14.0 147 0 6.8 12.4 2.5 0.0 0 1 1 2 2
2971.3 -5007.9 -15.0 150 0 8.9 12.3 2.5 0.0 0 1 1 0 0
2980.0 -5025.9 -15.9 157 0 7.8 15.9 2.5 2.5 2 1 1 3 3
2981.2 -5039.8 -14.8 320 0 9.6 17.3 2.5 2.5 2 1 1 4 4
2962.9 -5075.1 -12.4 45 0 9.3 16.4 2.5 0.0 0 1 1 0 0
2980.2 -5125.6 -13.5 348 0 14.9 10.8 2.5 2.5 4 0 1 5 5
2975.7 -5102.3 -12.8 345 0 11.7 12.7 2.5 2.5 2 1 1 4 4
3022.2 -5102.4 -17.4 0 0 10.2 16.3 2.5 2.5 2 1 1 3 3
2994.7 -5139.3 -16.4 183 0 34.7 13.1 2.5 2.5 2 0 1 3 3
2982.2 -5167.5 -13.9 359 0 16.7 9.1 2.5 2.5 2 0 1 0 0
2974.4 -5226.0 -11.6 0 0 9.3 12.5 2.5 0.0 0 1 1 1 1
-1601.4 -3759.5 -16.5 350 0 10.3 8.8 7.5 2.5 2 0 3 4 4
-1598.9 -3782.3 -16.5 351 0 7.9 9.4 2.5 2.5 2 1 1 2 2
-1670.4 -3761.6 -7.1 199 0 7.6 14.2 7.5 2.5 2 1 3 4 4
-1732.5 -4060.2 -11.2 211 0 5.9 8.3 2.5 2.5 2 1 1 3 3
-1740.9 -4070.5 -11.1 217 0 7.5 10.8 2.5 2.5 4 1 1 5 5
-1751.2 -4083.0 -11.1 215 0 11.6 11.8 2.5 2.5 2 1 1 3 3
-1761.5 -4100.2 -11.2 206 0 6.9 9.8 2.5 2.5 2 1 1 0 0
-1778.7 -4130.8 -11.5 205 0 9.9 9.0 2.5 2.5 2 0 1 1 1
-1803.2 -4162.0 -11.9 202 0 8.7 15.7 2.5 2.5 2 1 1 2 2
-1824.6 -4020.4 -3.3 26 0 7.6 12.2 5.0 2.5 2 1 2 4 4
-1825.6 -4053.1 -4.7 22 0 9.6 10.2 5.0 0.0 0 1 2 1 1
-1887.7 -4058.5 -0.7 214 0 7.9 7.6 5.0 0.0 0 0 2 2 2
-1881.6 -4076.7 -2.0 281 0 11.5 7.6 5.0 2.5 2 0 2 3 3
-1887.3 -4095.7 -2.8 194 0 14.5 10.1 5.0 2.5 2 0 2 5 5
-1891.6 -4111.4 -3.4 193 0 6.7 10.4 5.0 2.5 2 1 2 3 3
-1893.5 -4133.7 -4.5 105 0 16.1 8.3 5.0 0.0 0 0 2 0 0
-1864.2 -4186.8 -7.0 0 0 10.5 9.5 5.0 2.5 2 0 2 0 0
-1863.4 -4214.0 -6.7 2 0 11.3 9.0 5.0 2.5 2 0 2 5 5
-1865.3 -4235.0 -6.5 90 0 10.1 12.2 5.0 2.5 2 1 2 4 4
-1820.0 -4230.1 -8.9 269 0 10.0 13.7 5.0 2.5 2 1 2 1 1
-1821.9 -4269.5 -7.4 89 0 10.3 16.1 5.0 2.5 2 1 2 5 5
-1842.4 -4264.8 -5.4 90 0 7.4 8.9 5.0 2.5 2 1 2 1 1
-1860.9 -4265.4 -4.9 90 0 5.9 11.0 5.0 2.5 2 1 2 2 2
-1871.2 -4264.5 -4.6 83 0 9.1 9.3 5.0 2.5 4 1 2 4 4
-1894.1 -4273.5 -3.2 90 0 6.5 13.7 5.0 2.5 4 1 2 0 0
-1858.2 -4342.6 -2.5 180 0 11.1 8.6 5.0 2.5 2 0 2 4 4
-1798.4 -4342.9 -10.1 248 0 12.1 6.4 5.0 2.5 2 0 2 3 3
-1787.9 -4355.8 -11.0 350 0 6.7 10.6 5.0 2.5 2 1 2 0 0
-1822.3 -4346.8 -6.8 261 0 9.8 5.7 5.0 2.5 2 0 2 1 1
-1819.6 -4359.2 -7.9 261 0 10.4 10.9 5.0 2.5 2 1 2 0 0
-1823.7 -4387.5 -9.4 178 0 7.8 15.2 5.0 2.5 2 1 2 3 3
-1813.7 -4407.1 -11.0 161 0 7.3 13.7 5.0 2.5 2 1 2 0 0
-1829.0 -4428.3 -9.0 164 0 7.7 7.1 5.0 2.5 2 0 2 5 5
-1794.6 -4424.1 -10.9 348 0 9.8 7.6 5.0 2.5 2 0 2 1 1
-1803.7 -4441.6 -10.5 165 0 6.8 8.7 5.0 2.5 2 1 2 3 3
-1798.8 -4457.1 -10.6 168 0 7.3 10.5 5.0 2.5 4 1 2 5 5
-1784.4 -4469.3 -10.2 342 0 7.8 8.4 5.0 2.5 2 1 2 2 2
-1776.7 -4487.5 -10.0 345 0 7.1 16.2 5.0 2.5 4 1 2 4 4
-1774.8 -4523.5 -9.0 83 0 7.8 9.3 5.0 2.5 4 1 2 5 5
-1746.1 -4530.0 -10.2 343 0 10.3 9.7 5.0 2.5 2 0 2 2 2
-1741.4 -4421.1 -14.4 349 0 11.2 28.8 5.0 2.5 2 1 2 3 3
-1739.4 -4440.2 -14.2 345 0 11.7 25.4 5.0 2.5 2 1 2 3 3
-1770.2 -4454.9 -12.2 75 0 9.7 31.6 5.0 2.5 2 1 2 3 3
-1758.2 -4393.4 -13.9 340 0 18.4 14.4 5.0 2.5 2 0 2 1 1
-1770.4 -4339.2 -12.9 344 0 9.0 16.1 5.0 2.5 2 1 2 3 3
-1773.1 -4322.6 -12.7 349 0 10.7 7.7 5.0 0.0 0 0 2 4 4
-1801.6 -4310.9 -10.5 257 0 17.6 6.4 5.0 2.5 2 0 2 1 1
-1781.1 -4285.7 -12.1 357 0 12.9 24.0 5.0 2.5 2 1 2 3 3
-1791.5 -4261.4 -10.8 0 0 8.7 10.7 5.0 0.0 0 1 2 1 1
-1791.8 -4247.4 -10.9 4 0 8.4 10.4 5.0 2.5 2 1 2 4 4
-1773.3 -4198.2 -12.2 25 0 7.9 9.1 2.5 2.5 2 1 1 4 4
-1766.8 -4179.6 -13.7 30 0 10.7 7.0 2.5 2.5 2 0 1 5 5
-1758.0 -4165.8 -13.7 30 0 11.3 7.0 2.5 2.5 2 0 1 1 1
-1747.4 -4150.6 -13.6 40 0 10.8 7.7 2.5 2.5 2 0 1 0 0
-1742.1 -4117.1 -12.4 35 0 16.0 6.3 2.5 2.5 4 0 1 2 2
-1724.8 -4123.3 -13.7 37 0 8.5 14.2 2.5 2.5 2 1 1 3 3
-1714.9 -4111.5 -13.6 33 0 12.1 11.7 2.5 2.5 2 0 1 2 2
-1703.1 -4093.7 -13.6 33 0 11.0 11.0 2.5 2.5 2 1 1 4 4
-1686.4 -4077.4 -14.4 37 0 9.4 16.0 2.5 2.5 2 1 1 2 2
-1674.3 -4066.2 -14.9 37 0 8.5 15.1 2.5 2.5 2 1 1 0 0
-1668.1 -4049.8 -14.9 39 0 7.6 14.2 2.5 2.5 2 1 1 2 2
-1659.6 -4031.6 -15.0 31 0 9.8 15.3 2.5 0.0 0 1 1 5 5
-1654.5 -4061.5 -16.7 216 0 10.3 11.9 2.5 0.0 0 1 1 2 2
-1672.1 -4084.2 -16.3 214 0 10.1 10.3 2.5 2.5 2 1 1 4 4
-1683.7 -4096.8 -16.0 217 0 7.4 12.2 2.5 0.0 0 1 1 4 4
-1696.2 -4106.8 -15.2 215 0 6.9 10.0 2.5 2.5 2 1 1 5 5
-1703.3 -4118.6 -15.3 217 0 7.5 11.2 2.5 2.5 2 1 1 3 3
-1712.5 -4132.4 -15.5 214 0 9.0 10.1 2.5 2.5 2 1 1 1 1
-1724.9 -4145.7 -16.0 221 0 7.8 18.5 2.5 2.5 2 1 1 3 3
-1740.3 -4170.9 -16.1 211 0 8.7 15.6 2.5 2.5 2 1 1 4 4
-1749.8 -4183.6 -14.7 217 0 10.4 9.7 2.5 2.5 2 0 1 3 3
-1758.1 -4198.6 -14.1 204 0 6.5 8.8 2.5 0.0 0 1 1 2 2
-1763.5 -4213.8 -14.6 193 0 9.2 10.9 2.5 2.5 2 1 1 2 2
-1767.0 -4229.6 -14.6 192 0 7.3 9.9 2.5 2.5 2 1 1 4 4
-1771.0 -4268.1 -14.5 180 0 7.8 7.4 2.5 2.5 2 0 1 4 4
-1770.4 -4284.5 -15.3 171 0 7.3 12.9 2.5 2.5 2 1 1 3 3
-1749.1 -4291.6 -16.4 0 0 8.1 6.2 2.5 2.5 2 0 1 3 3
-1763.8 -4322.5 -15.3 166 0 33.2 10.9 5.0 2.5 2 0 2 2 2
-1751.3 -4357.2 -15.9 158 0 8.7 8.7 5.0 2.5 2 1 2 1 1
-1727.1 -4370.0 -16.5 341 0 8.2 9.6 5.0 2.5 2 1 2 5 5
-1732.6 -4402.9 -15.8 162 0 10.9 7.4 5.0 2.5 2 0 2 1 1
-1728.8 -4419.6 -15.9 162 0 10.9 9.2 5.0 2.5 2 0 2 4 4
-1723.0 -4434.9 -16.3 160 0 8.6 12.5 5.0 2.5 2 1 2 3 3
-1719.9 -4449.9 -16.3 175 0 11.4 12.6 5.0 2.5 2 1 2 1 1
-1716.8 -4479.5 -15.4 172 0 12.1 9.7 5.0 2.5 2 0 2 3 3
-1735.4 -4461.2 -14.0 353 0 12.6 8.5 2.5 2.5 2 0 1 0 0
-1730.8 -4481.9 -13.3 355 0 9.6 12.3 2.5 2.5 2 1 1 2 2
-1725.9 -4496.4 -13.0 351 0 7.3 9.7 2.5 2.5 2 1 1 5 5
-1722.9 -4510.3 -13.0 350 0 10.3 9.7 2.5 2.5 2 0 1 3 3
-1719.8 -4526.5 -13.4 351 0 10.0 11.8 2.5 2.5 4 1 1 5 5
-1718.1 -4544.3 -13.5 358 0 7.8 8.0 2.5 2.5 2 1 1 3 3
-1715.6 -4562.1 -13.5 355 0 16.2 7.3 2.5 2.5 2 0 1 3 3
2541.4 -5524.4 -1.2 200 0 9.5 8.8 2.5 2.5 2 0 1 5 5
2573.9 -5484.0 -1.1 293 0 10.0 10.4 2.5 2.5 2 1 1 5 5
