-1626.5 1327.6 -2.1 224 0 10.7 12.8 2.5 2.5 2 1 1 1 1
-1639.9 1315.6 -0.6 224 0 10.5 11.3 2.5 2.5 2 1 1 4 4
-1651.9 1303.8 0.7 224 0 10.9 13.0 2.5 2.5 2 1 1 3 3
-1663.2 1293.6 1.7 224 0 10.7 13.2 2.5 2.5 2 1 1 0 0
-1675.7 1279.6 2.6 224 0 12.4 13.7 2.5 0.0 0 1 1 0 0
-1689.9 1268.0 3.3 224 0 11.6 13.4 2.5 2.5 2 1 1 0 0
-1701.7 1254.4 4.3 225 0 9.9 12.2 2.5 2.5 2 1 1 1 1
-1713.9 1242.7 6.4 225 0 10.5 12.8 2.5 2.5 2 1 1 5 5
-1697.4 1390.6 -8.5 42 0 13.8 9.2 2.5 2.5 2 0 1 1 1
-1787.9 1314.5 -4.2 132 0 9.0 14.5 5.0 2.5 2 1 2 5 5
-1799.7 1328.2 -7.2 132 0 8.4 14.7 5.0 2.5 2 1 2 3 3
-1810.1 1321.9 -6.9 312 0 9.5 12.6 5.0 2.5 2 1 2 4 4
-1797.8 1307.8 -3.5 312 0 9.3 12.0 5.0 2.5 2 1 2 0 0
-1840.2 1178.7 7.8 208 0 7.4 12.9 2.5 2.5 2 1 1 3 3
-1814.0 1277.5 -3.8 28 0 8.7 12.2 5.0 2.5 2 1 2 3 3
-1821.0 1262.5 -2.8 28 0 9.7 13.4 5.0 0.0 0 1 2 4 4
-1828.8 1241.7 -0.9 28 0 11.4 12.2 5.0 2.5 2 1 2 3 3
-1838.4 1220.3 0.1 28 0 9.2 13.7 5.0 0.0 0 1 2 4 4
-1846.3 1201.6 0.1 28 0 8.9 14.5 5.0 2.5 4 1 2 2 2
-1853.4 1186.1 -0.9 28 0 10.1 13.5 5.0 2.5 2 1 2 4 4
-1860.1 1169.4 -2.4 28 0 9.4 15.5 5.0 2.5 2 1 2 0 0
-1869.7 1146.2 -2.1 28 0 9.9 11.9 5.0 2.5 2 1 2 5 5
-1876.2 1132.5 -2.4 28 0 8.4 11.7 5.0 2.5 2 1 2 5 5
-1933.4 1068.7 -2.5 47 0 9.3 11.3 5.0 2.5 2 1 2 0 0
-1949.2 1054.9 -3.3 47 0 9.0 12.7 5.0 2.5 2 1 2 5 5
-1962.8 1040.9 -2.7 47 0 10.0 12.6 5.0 2.5 2 1 2 4 4
