1726.5 -2859.7 0.7 18 0 15.7 17.6 7.5 2.5 2 1 3 0 0
1638.7 -2879.7 3.9 42 0 9.7 23.5 7.5 2.5 2 1 3 4 4
1644.2 -2873.7 1.3 135 0 10.3 16.0 2.5 2.5 2 1 1 1 1
1659.1 -2818.5 -0.9 304 0 11.4 25.7 12.5 2.5 2 1 5 1 1
1849.2 -2445.6 -13.4 15 0 10.6 9.8 2.5 2.5 2 0 1 1 1
1833.1 -2485.2 -13.8 15 0 11.5 7.5 2.5 2.5 2 0 1 3 3
1828.9 -2506.6 -14.3 15 0 8.8 10.3 2.5 2.5 2 1 1 5 5
1783.3 -2624.0 -12.0 195 0 7.7 15.2 2.5 2.5 2 1 1 0 0
1800.0 -2594.8 -13.0 15 0 8.0 10.5 2.5 2.5 2 1 1 4 4
1805.8 -2574.8 -13.3 15 0 8.3 10.9 2.5 0.0 0 1 1 1 1
1814.6 -2557.9 -14.2 22 0 11.1 12.1 2.5 2.5 2 1 1 3 3
1756.7 -2479.1 -4.0 202 0 8.9 13.0 2.5 2.5 2 1 1 5 5
1760.4 -2464.2 -3.1 202 0 6.7 10.1 2.5 2.5 2 1 1 2 2
1789.5 -2472.1 -4.8 292 0 6.3 7.4 2.5 2.5 2 1 1 2 2
1801.3 -2450.0 -4.5 292 0 9.5 6.5 2.5 2.5 2 0 1 1 1
1809.0 -2457.2 -6.4 292 0 5.1 7.2 2.5 2.5 2 1 1 4 4
1815.3 -2441.1 -6.5 202 0 6.4 8.6 2.5 2.5 2 1 1 4 4
1818.3 -2461.3 -8.9 292 0 6.9 9.0 2.5 2.5 2 1 1 5 5
1813.9 -2483.0 -9.6 22 0 8.7 9.3 2.5 2.5 2 1 1 5 5
1807.4 -2498.5 -10.1 22 0 5.4 10.0 2.5 2.5 2 1 1 0 0
1802.8 -2516.4 -10.8 22 0 12.6 12.2 2.5 2.5 2 0 1 1 1
1797.6 -2531.5 -10.5 10 0 7.8 13.9 2.5 2.5 2 1 1 2 2
1752.0 -2490.9 -4.1 191 0 5.6 8.6 2.5 2.5 2 1 1 0 0
1748.6 -2515.4 -5.8 191 0 7.5 7.4 2.5 2.5 2 0 1 4 4
1777.0 -2574.0 -10.0 101 0 13.5 16.8 2.5 2.5 2 1 1 0 0
1738.9 -2555.3 -7.8 191 0 14.9 30.7 2.5 2.5 2 1 1 2 2
1719.7 -2551.0 -4.7 191 0 9.7 4.8 2.5 2.5 2 0 1 4 4
1728.5 -2524.5 -4.3 281 0 5.8 14.4 2.5 2.5 2 1 1 5 5
1729.0 -2506.4 -4.3 191 0 11.1 9.1 2.5 2.5 2 0 1 3 3
1732.1 -2490.1 -3.3 191 0 5.4 9.6 2.5 2.5 2 1 1 3 3
1730.3 -2478.9 -2.7 190 0 9.3 10.7 2.5 2.5 2 1 1 5 5
1733.7 -2463.0 -1.8 191 0 13.1 10.7 2.5 2.5 2 0 1 1 1
1719.7 -2420.7 3.1 289 0 10.1 11.7 2.5 2.5 2 1 1 0 0
1690.9 -2410.7 5.4 283 0 8.4 20.8 2.5 2.5 2 1 1 4 4
1703.4 -2446.7 1.6 102 0 27.4 12.5 2.5 2.5 2 0 1 5 5
1699.1 -2557.9 -3.4 261 0 16.4 12.8 2.5 2.5 2 0 1 5 5
1678.5 -2561.2 0.1 261 0 4.7 11.0 2.5 2.5 2 1 1 1 1
1664.4 -2570.7 1.4 171 0 9.7 7.1 2.5 2.5 2 0 1 0 0
1682.0 -2595.9 -0.9 88 0 11.8 9.0 2.5 2.5 2 0 1 5 5
1704.4 -2595.5 -3.5 90 0 6.8 8.1 2.5 2.5 2 1 1 2 2
1721.2 -2589.7 -6.1 105 0 10.4 10.2 2.5 2.5 2 0 1 5 5
1759.4 -2597.2 -9.0 105 0 11.6 8.3 2.5 2.5 2 0 1 4 4
1745.1 -2590.0 -8.6 101 0 5.7 6.4 2.5 2.5 2 1 1 0 0
1771.4 -2603.5 -9.9 108 0 5.9 12.6 2.5 2.5 2 1 1 4 4
1752.0 -2671.3 -8.0 114 0 9.0 20.2 2.5 2.5 2 1 1 0 0
1781.0 -2644.0 -8.5 112 0 10.6 6.4 2.5 2.5 2 0 1 2 2
-624.9 4171.4 -4.8 97 0 13.1 6.9 2.5 2.5 2 0 1 4 4
-587.5 4284.7 -4.9 25 0 11.9 9.4 2.5 2.5 2 0 1 3 3
-593.6 4272.4 -5.1 19 0 10.4 7.6 2.5 2.5 2 0 1 5 5
-627.8 4262.7 -8.7 205 0 16.4 18.8 2.5 2.5 4 1 1 2 2
-630.9 4245.4 -7.9 208 0 8.8 14.0 2.5 2.5 2 1 1 0 0
-610.5 4309.6 -7.8 205 0 9.9 10.7 2.5 2.5 2 1 1 4 4
-612.0 4332.2 -11.7 21 0 12.5 10.6 2.5 2.5 2 0 1 5 5
-636.8 4276.6 -12.4 24 0 13.4 10.4 2.5 2.5 2 0 1 2 2
-644.9 4260.6 -12.6 25 0 15.1 11.5 2.5 2.5 4 0 1 0 0
-675.1 4236.3 -14.3 114 0 14.3 18.6 2.5 2.5 2 1 1 3 3
-652.4 4237.4 -11.6 21 0 16.2 8.9 2.5 2.5 4 0 1 3 3
-644.3 4230.8 -8.9 200 0 12.1 21.2 2.5 2.5 2 1 1 0 0
-584.6 4185.6 0.3 272 0 7.3 14.9 2.5 2.5 2 1 1 3 3
-567.2 4192.9 2.2 106 0 6.2 11.8 2.5 0.0 0 1 1 2 2
-577.5 4197.0 0.6 109 0 7.7 15.1 2.5 0.0 0 1 1 5 5
-553.1 4187.6 4.3 111 0 11.2 16.2 2.5 2.5 2 1 1 3 3
-510.8 4187.1 12.1 188 0 8.1 9.9 2.5 0.0 0 1 1 5 5
-526.9 4177.0 9.4 286 0 6.6 13.0 2.5 2.5 2 1 1 1 1
-539.8 4179.4 7.1 281 0 6.7 9.1 2.5 2.5 2 1 1 3 3
-567.7 4181.7 2.2 295 0 11.7 13.5 2.5 2.5 2 1 1 1 1
-627.8 4093.3 -3.7 116 0 8.8 5.6 2.5 2.5 2 0 1 5 5
-642.1 4102.4 -5.4 116 0 8.2 10.3 2.5 2.5 2 1 1 4 4
-660.3 4109.7 -6.6 116 0 10.5 7.1 2.5 2.5 2 0 1 5 5
-676.6 4114.4 -7.9 116 0 5.2 14.5 2.5 2.5 2 1 1 2 2
-605.6 4183.3 -3.2 26 0 12.0 9.7 2.5 2.5 2 0 1 4 4
-639.0 4213.2 -8.0 296 0 6.8 8.6 2.5 2.5 2 1 1 4 4
-649.7 4215.4 -9.6 296 0 7.4 8.6 2.5 2.5 2 1 1 3 3
-663.7 4223.1 -11.9 296 0 9.7 9.3 2.5 2.5 2 0 1 3 3
-674.6 4207.4 -11.8 206 0 10.5 5.9 2.5 2.5 2 0 1 3 3
-664.6 4185.9 -10.5 26 0 6.1 8.6 2.5 0.0 0 1 1 5 5
-681.4 4192.6 -11.7 206 0 8.1 4.4 2.5 2.5 4 0 1 4 4
-672.6 4172.2 -10.5 26 0 6.2 7.9 2.5 2.5 2 1 1 2 2
-687.7 4179.3 -11.5 206 0 8.9 4.6 2.5 2.5 2 0 1 2 2
-694.8 4165.2 -11.8 206 0 7.5 6.6 2.5 2.5 2 0 1 1 1
-700.4 4150.7 -11.6 206 0 9.1 5.8 2.5 2.5 4 0 1 0 0
-697.9 4124.9 -10.9 116 0 17.4 9.6 2.5 2.5 2 0 1 2 2
-680.4 4223.1 -14.3 18 0 13.1 7.3 2.5 2.5 2 0 1 3 3
-688.4 4209.2 -14.2 18 0 7.0 6.1 2.5 2.5 2 0 1 1 1
-692.9 4198.2 -14.0 18 0 7.7 6.2 2.5 2.5 2 0 1 3 3
-696.8 4183.8 -13.9 18 0 9.8 8.7 2.5 2.5 2 0 1 4 4
-704.9 4169.8 -13.7 18 0 10.3 6.6 2.5 2.5 2 0 1 4 4
-711.1 4155.5 -13.8 18 0 10.1 7.9 2.5 0.0 0 0 1 5 5
-716.6 4139.9 -13.7 18 0 7.8 10.3 2.5 0.0 0 1 1 3 3
-733.9 4084.6 -12.8 18 0 11.7 9.0 2.5 2.5 2 0 1 2 2
-737.3 4129.5 -14.5 288 0 11.2 12.8 2.5 2.5 2 1 1 0 0
-709.5 4109.7 -11.0 18 0 9.8 4.9 2.5 0.0 0 0 1 3 3
-724.1 4123.0 -13.0 288 0 11.3 6.5 2.5 2.5 2 0 1 2 2
-727.2 4113.7 -12.7 288 0 7.4 8.1 2.5 2.5 2 1 1 1 1
-720.7 4095.4 -11.8 18 0 7.2 7.7 2.5 2.5 2 1 1 3 3
-712.5 4095.7 -10.9 18 0 11.7 5.9 2.5 2.5 4 0 1 1 1
-717.8 4081.3 -11.0 18 0 9.2 7.0 2.5 2.5 2 0 1 2 2
-725.4 4049.4 -10.6 18 0 12.9 7.7 2.5 0.0 0 0 1 2 2
-729.7 4033.9 -11.4 18 0 11.6 18.1 2.5 2.5 2 1 1 2 2
-682.3 4104.5 -8.1 288 0 5.7 8.5 2.5 2.5 2 1 1 2 2
-692.0 4109.0 -9.4 288 0 9.5 12.2 2.5 2.5 2 1 1 4 4
-703.1 4090.0 -9.2 198 0 7.2 17.0 2.5 2.5 2 1 1 5 5
-706.9 4076.6 -9.1 198 0 9.1 17.3 2.5 2.5 2 1 1 2 2
-711.7 4062.3 -9.0 198 0 11.2 9.2 2.5 2.5 4 0 1 4 4
-714.6 4047.1 -8.8 198 0 11.1 14.8 2.5 2.5 2 1 1 0 0
-719.4 4032.1 -8.7 198 0 9.0 15.2 2.5 2.5 2 1 1 4 4
-681.0 4021.7 -7.1 18 0 7.8 12.2 2.5 2.5 2 1 1 1 1
-639.3 4085.6 -5.7 288 0 16.5 8.9 2.5 2.5 2 0 1 0 0
-638.0 4072.3 -5.2 288 0 7.6 14.4 2.5 2.5 2 1 1 1 1
-597.0 4074.3 1.2 215 0 16.0 9.7 2.5 2.5 2 0 1 5 5
-633.2 4026.6 -3.9 224 0 10.6 5.1 2.5 0.0 0 0 1 3 3
-641.8 4014.9 -4.8 224 0 8.8 8.0 2.5 2.5 2 0 1 3 3
-651.8 4004.6 -5.2 224 0 9.3 5.9 2.5 2.5 2 0 1 4 4
-671.2 3980.6 -4.4 223 0 9.7 5.5 2.5 2.5 2 0 1 1 1
-680.3 3969.0 -1.6 223 0 7.5 11.4 2.5 0.0 0 1 1 5 5
-690.7 3957.3 0.9 224 0 7.4 11.6 2.5 2.5 2 1 1 3 3
-697.8 3945.1 2.9 205 0 6.7 13.3 2.5 2.5 2 1 1 5 5
-708.3 3934.3 3.0 205 0 7.2 14.5 2.5 2.5 2 1 1 5 5
4115.9 2942.8 -8.9 310 0 13.1 9.0 5.0 2.5 2 0 2 3 3
4050.1 3002.7 -5.0 310 0 9.0 5.9 5.0 2.5 2 0 2 3 3
4006.0 3048.1 -2.5 310 0 11.8 7.2 5.0 2.5 2 0 2 0 0
3993.0 3062.8 -1.8 310 0 10.2 7.7 5.0 2.5 4 0 2 0 0
3988.9 3084.4 0.3 130 0 7.2 13.7 5.0 2.5 2 1 2 2 2
4004.8 3071.6 -0.4 130 0 5.2 10.9 5.0 2.5 2 1 2 1 1
4013.2 3059.7 -1.2 130 0 6.1 11.3 5.0 2.5 2 1 2 3 3
4025.2 3049.5 -1.8 130 0 8.2 8.8 5.0 2.5 2 1 2 5 5
4035.5 3039.4 -2.4 130 0 7.1 10.6 5.0 2.5 2 1 2 1 1
4046.4 3028.4 -3.1 130 0 8.6 10.6 5.0 2.5 2 1 2 2 2
4057.8 3018.1 -3.7 130 0 8.1 9.3 5.0 2.5 2 1 2 5 5
4108.6 2988.6 -4.3 135 0 10.5 11.4 5.0 2.5 2 1 2 4 4
4124.6 2999.9 -4.5 233 0 9.6 30.0 5.0 2.5 2 1 2 2 2
4159.1 2935.2 -8.8 54 0 8.5 27.5 5.0 2.5 2 1 2 3 3
4179.3 2861.1 -15.1 61 0 8.0 10.2 5.0 2.5 4 1 2 4 4
4188.7 2869.3 -14.6 61 0 8.6 11.9 5.0 2.5 2 1 2 4 4
4211.3 2881.6 -14.6 61 0 8.8 12.9 5.0 2.5 4 1 2 2 2
4191.0 2938.8 -10.7 241 0 9.1 10.3 5.0 2.5 4 1 2 3 3
4201.8 2947.5 -10.9 241 0 7.4 16.0 5.0 2.5 2 1 2 5 5
4257.0 2938.5 -12.7 331 0 17.3 9.9 5.0 2.5 2 0 2 4 4
4242.7 2964.7 -11.0 331 0 12.0 12.7 5.0 2.5 2 1 2 2 2
4258.0 2980.6 -8.2 241 0 9.1 8.6 5.0 2.5 2 0 2 2 2
4255.8 2996.3 -3.0 61 0 8.8 15.9 5.0 2.5 2 1 2 5 5
4281.4 2995.1 -6.2 241 0 7.2 10.0 5.0 2.5 2 1 2 3 3
4272.9 3003.5 -2.5 61 0 7.7 10.4 5.0 0.0 0 1 2 2 2
4287.8 3013.5 -0.8 61 0 9.4 9.8 5.0 2.5 2 1 2 2 2
4302.6 3022.5 -0.6 61 0 7.3 12.6 5.0 2.5 2 1 2 2 2
4316.1 3006.1 -5.4 241 0 8.6 8.9 5.0 0.0 0 1 2 1 1
4327.4 3020.3 -5.5 241 0 8.3 9.9 5.0 2.5 2 1 2 0 0
