-565.8 -328.9 0.4 14 0 6.1 9.7 2.5 2.5 2 1 1 1 1
-580.6 -345.3 -2.2 10 0 27.0 10.3 12.5 2.5 2 0 5 5 5
-626.0 -333.4 -6.1 191 0 35.9 12.5 10.0 2.5 2 0 4 4 4
-597.6 -305.1 -4.5 283 0 43.9 12.9 10.0 0.0 0 0 4 5 5
-608.0 -470.6 5.2 11 0 25.5 15.1 12.5 2.5 2 0 5 2 2
-641.1 -451.2 2.0 190 0 11.8 6.0 5.0 2.5 2 0 2 4 4
-643.8 -471.5 3.3 192 0 13.1 4.7 2.5 2.5 2 0 1 4 4
-646.6 -490.0 0.4 194 0 10.1 5.4 5.0 2.5 2 0 2 3 3
-649.1 -505.9 -2.5 193 0 12.5 5.8 5.0 2.5 2 0 2 3 3
-613.2 -579.6 4.0 7 0 7.2 8.7 7.5 2.5 2 1 3 3 3
-629.1 -549.5 -1.3 7 0 15.3 10.5 10.0 2.5 2 0 4 5 5
-636.7 -572.8 -0.1 100 0 6.8 12.7 7.5 2.5 2 1 3 4 4
-640.0 -591.7 0.6 105 0 7.5 8.3 2.5 2.5 2 1 1 2 2
-631.5 -606.7 1.7 285 0 11.6 9.0 7.5 2.5 4 0 3 2 2
-639.2 -631.3 0.2 109 0 10.6 11.0 7.5 2.5 2 1 3 1 1
-651.8 -670.3 -2.9 102 0 14.9 7.0 5.0 2.5 2 0 2 0 0
-653.4 -681.0 -3.3 12 0 12.8 7.4 7.5 2.5 4 0 3 2 2
-631.7 -707.5 0.6 209 0 7.5 14.5 2.5 2.5 2 1 1 3 3
-639.6 -789.2 0.8 24 0 8.1 8.1 7.5 2.5 4 0 3 1 1
-663.9 -771.7 -0.7 205 0 7.9 8.8 7.5 2.5 2 1 3 3 3
-679.3 -799.9 -0.5 200 0 11.7 10.7 7.5 2.5 2 0 3 4 4
-667.2 -722.6 -5.2 29 0 8.5 12.8 7.5 0.0 0 1 3 4 4
-680.0 -730.4 -3.8 21 0 9.9 5.8 5.0 2.5 2 0 2 5 5
-683.1 -745.2 -2.0 21 0 9.3 8.9 2.5 2.5 2 0 1 3 3
-686.4 -761.6 -1.3 26 0 9.6 13.4 5.0 2.5 2 1 2 2 2
-688.9 -777.6 -1.2 24 0 7.5 17.9 7.5 2.5 2 1 3 0 0
-701.7 -785.2 -1.1 21 0 11.5 10.8 7.5 2.5 2 0 3 3 3
-702.9 -801.3 -2.7 27 0 9.3 16.6 7.5 2.5 2 1 3 2 2
-664.8 -593.4 -3.2 286 0 10.2 7.5 5.0 0.0 0 0 2 1 1
-670.1 -609.5 -4.4 202 0 10.6 8.1 5.0 2.5 2 0 2 3 3
-673.4 -622.7 -5.8 198 0 8.8 9.7 7.5 2.5 2 1 3 1 1
-677.7 -634.1 -7.0 199 0 9.4 13.1 5.0 2.5 2 1 2 2 2
-687.5 -655.3 -7.5 203 0 7.8 16.9 2.5 2.5 2 1 1 2 2
-690.2 -666.9 -7.6 200 0 7.0 14.8 5.0 2.5 2 1 2 2 2
-689.6 -684.4 -7.7 205 0 11.5 8.4 7.5 2.5 2 0 3 2 2
-707.1 -716.5 -5.5 205 0 8.5 11.3 2.5 2.5 2 1 1 4 4
-717.4 -728.9 -4.1 206 0 10.9 13.5 5.0 2.5 2 1 2 5 5
-726.5 -743.7 -2.3 203 0 11.6 13.1 7.5 2.5 2 1 3 2 2
-729.5 -758.6 -2.3 207 0 8.7 11.0 7.5 0.0 0 1 3 4 4
-734.8 -772.2 -5.2 206 0 11.6 9.7 7.5 2.5 2 0 3 0 0
-738.5 -787.4 -7.3 204 0 8.8 9.4 5.0 2.5 2 1 2 4 4
-725.6 -827.9 -4.9 24 0 10.4 7.6 7.5 2.5 2 0 3 1 1
-728.6 -842.4 -4.2 24 0 9.7 9.6 7.5 2.5 4 0 3 0 0
-750.5 -815.2 -8.0 210 0 11.3 6.0 7.5 2.5 2 0 3 1 1
-767.9 -839.9 -7.4 203 0 16.6 10.6 5.0 2.5 2 0 2 5 5
-770.8 -862.2 -6.8 211 0 11.7 5.2 5.0 2.5 2 0 2 3 3
-795.6 -894.3 -5.9 209 0 9.2 8.9 5.0 2.5 2 0 2 3 3
-806.3 -905.2 -6.8 213 0 7.1 15.1 5.0 2.5 2 1 2 4 4
-809.2 -915.2 -6.4 212 0 9.5 11.1 5.0 0.0 0 1 2 1 1
-817.8 -928.8 -6.7 212 0 8.4 10.3 2.5 2.5 2 1 1 5 5
-846.6 -959.4 -7.2 208 0 9.7 9.6 7.5 2.5 2 0 3 3 3
-846.3 -983.4 -6.2 208 0 9.5 9.1 7.5 0.0 0 0 3 5 5
-856.2 -995.3 -7.3 216 0 11.1 11.7 7.5 2.5 2 1 3 5 5
-871.1 -1007.4 -7.1 215 0 9.4 14.9 7.5 2.5 2 1 3 3 3
-875.1 -1025.5 -1.1 216 0 8.8 8.0 7.5 2.5 2 0 3 3 3
-887.5 -1032.8 -1.0 221 0 6.9 13.1 5.0 2.5 2 1 2 0 0
-891.3 -1042.4 -0.6 223 0 6.5 8.9 5.0 2.5 2 1 2 0 0
-901.4 -1055.6 -1.6 219 0 16.1 7.7 7.5 2.5 2 0 3 2 2
-911.9 -1065.6 -3.1 226 0 9.5 10.1 7.5 0.0 0 1 3 1 1
-926.8 -1076.1 -5.2 221 0 3.5 5.9 7.5 2.5 4 1 3 3 3
-736.4 -867.9 -6.0 27 0 13.1 14.3 5.0 2.5 2 1 2 5 5
-737.8 -895.8 -5.4 26 0 12.9 21.3 7.5 2.5 2 1 3 1 1
-765.8 -912.3 -4.8 33 0 8.2 9.6 7.5 2.5 4 1 3 2 2
-779.1 -925.4 -4.4 28 0 9.1 7.3 7.5 2.5 2 0 3 5 5
-786.3 -934.4 -4.2 35 0 5.8 9.1 2.5 2.5 2 1 1 4 4
-767.0 -939.4 -3.5 26 0 7.6 8.0 5.0 2.5 4 1 2 2 2
-772.8 -948.6 -3.4 29 0 6.1 12.7 2.5 2.5 2 1 1 3 3
-786.7 -963.7 -3.4 30 0 12.0 17.9 7.5 2.5 2 1 3 4 4
-808.9 -980.1 -3.0 27 0 11.1 8.3 2.5 2.5 4 0 1 4 4
-795.2 -1029.9 1.8 223 0 6.5 11.3 7.5 2.5 2 1 3 2 2
-814.2 -1033.3 -1.4 126 0 8.6 29.0 7.5 2.5 2 1 3 3 3
-811.2 -1007.9 -3.6 35 0 10.5 24.5 12.5 2.5 2 1 5 5 5
-824.8 -1042.6 0.2 126 0 13.7 9.2 5.0 2.5 2 0 2 4 4
-830.8 -1051.8 1.4 122 0 15.1 8.4 5.0 2.5 2 0 2 2 2
-835.7 -1062.1 3.4 36 0 8.8 10.8 7.5 2.5 2 1 3 2 2
-843.7 -1070.1 5.9 311 0 8.7 9.1 7.5 2.5 4 1 3 5 5
-856.2 -1082.6 7.1 221 0 9.1 12.4 5.0 2.5 2 1 2 3 3
-859.7 -1097.2 8.0 221 0 8.2 8.2 5.0 2.5 2 0 2 2 2
-862.6 -1064.1 3.1 40 0 9.7 10.7 7.5 2.5 2 1 3 2 2
-873.8 -1076.5 2.5 38 0 8.3 13.6 7.5 2.5 2 1 3 2 2
-886.4 -1090.6 2.2 44 0 10.3 13.4 7.5 2.5 4 1 3 1 1
-901.9 -1111.1 2.0 54 0 8.0 14.5 5.0 2.5 2 1 2 0 0
-951.3 -1097.9 -2.6 234 0 8.6 14.3 2.5 2.5 4 1 1 5 5
-921.7 -1116.9 1.8 54 0 9.5 4.5 2.5 2.5 2 0 1 1 1
-929.4 -1126.3 1.3 54 0 8.0 9.6 5.0 2.5 2 1 2 2 2
-942.4 -1132.6 0.7 51 0 9.2 8.5 5.0 2.5 2 0 2 0 0
-959.4 -1143.0 -0.0 61 0 8.7 10.5 5.0 0.0 0 1 2 5 5
-996.4 -1163.8 -1.7 61 0 10.2 11.6 7.5 0.0 0 1 3 4 4
-1011.1 -1175.9 -6.7 68 0 7.9 8.7 5.0 2.5 2 1 2 5 5
-1034.1 -1160.1 -7.8 251 0 7.6 11.3 2.5 2.5 2 1 1 1 1
-1228.7 -1186.4 -6.5 356 0 9.6 12.4 5.0 0.0 0 1 2 1 1
-1186.8 -1174.4 -7.6 170 0 10.3 16.5 2.5 2.5 2 1 1 1 1
-1144.6 -1204.9 -1.6 71 0 14.5 7.5 5.0 2.5 2 0 2 5 5
-1166.5 -1213.3 -1.4 72 0 11.5 5.9 7.5 2.5 2 0 3 3 3
-1178.7 -1222.0 -0.7 69 0 6.0 9.8 7.5 2.5 2 1 3 2 2
-1205.5 -1208.3 -1.6 159 0 9.8 6.0 7.5 2.5 4 0 3 5 5
-1215.6 -1216.3 -1.7 159 0 18.2 8.8 7.5 2.5 2 0 3 4 4
-1221.9 -1225.9 -2.4 69 0 9.3 16.9 7.5 2.5 2 1 3 4 4
-4662.9 6784.7 -16.2 188 0 7.2 17.6 7.5 2.5 2 1 3 4 4
-4925.6 6618.6 -16.7 125 0 13.3 10.9 5.0 2.5 2 0 2 2 2
-3536.7 5622.6 8.3 312 0 6.8 10.1 7.5 2.5 2 1 3 0 0
-3552.6 5604.7 7.1 130 0 12.6 8.2 2.5 0.0 0 0 1 1 1
-2413.6 1757.4 -11.7 226 0 9.5 7.3 5.0 2.5 2 0 2 2 2
-2398.7 1749.9 -11.7 315 0 10.5 10.5 5.0 2.5 2 1 2 1 1
-2391.5 1757.7 -7.5 127 0 15.6 8.9 5.0 2.5 2 0 2 2 2
-2400.5 1773.7 -6.2 127 0 8.0 13.3 5.0 2.5 2 1 2 1 1
-2420.7 1787.6 -5.5 127 0 6.2 13.1 5.0 2.5 2 1 2 2 2
-2412.9 1778.8 -6.3 127 0 11.0 16.2 5.0 2.5 2 1 2 0 0
-2451.2 1793.5 -6.9 126 0 6.4 14.4 5.0 2.5 2 1 2 5 5
-2462.7 1802.9 -6.2 126 0 7.2 11.3 5.0 2.5 2 1 2 4 4
-2484.8 1812.6 -6.4 123 0 8.3 13.1 5.0 2.5 2 1 2 1 1
-2472.3 1807.2 -6.3 126 0 5.4 12.6 5.0 2.5 2 1 2 2 2
-2518.3 1829.4 -6.3 130 0 10.5 21.6 5.0 2.5 2 1 2 0 0
-2533.5 1840.3 -6.0 137 0 11.6 31.7 5.0 0.0 0 1 2 0 0
-2543.9 1854.7 -4.5 136 0 10.3 28.1 5.0 2.5 2 1 2 4 4
-2552.0 1867.4 -3.1 136 0 10.7 22.9 5.0 2.5 4 1 2 2 2
-2529.1 1891.9 2.6 309 0 17.1 6.3 5.0 2.5 2 0 2 5 5
-2558.1 1888.9 -0.1 129 0 13.3 10.5 5.0 2.5 4 0 2 1 1
-2555.6 1915.0 5.8 219 0 12.7 14.5 5.0 2.5 2 1 2 5 5
-2609.4 1959.9 5.5 122 0 11.2 10.1 5.0 2.5 2 0 2 3 3
-2617.4 1907.2 -4.0 122 0 7.1 11.1 5.0 2.5 2 1 2 0 0
-2628.4 1935.9 -4.2 302 0 11.2 10.1 5.0 2.5 2 0 2 0 0
-2660.2 1919.7 -8.5 122 0 6.2 9.1 5.0 2.5 2 1 2 4 4
-2669.1 1909.7 -11.3 302 0 9.3 9.3 2.5 2.5 2 1 1 2 2
-2680.1 1921.6 -11.5 302 0 6.6 10.8 2.5 2.5 2 1 1 3 3
-2660.8 1952.9 -7.7 302 0 6.5 12.1 5.0 2.5 2 1 2 3 3
-2674.3 1929.4 -9.3 122 0 13.4 8.3 5.0 2.5 2 0 2 3 3
-2690.2 1939.2 -10.0 122 0 6.8 9.9 5.0 2.5 2 1 2 2 2
-2710.1 1952.0 -10.8 122 0 9.4 12.5 5.0 2.5 2 1 2 1 1
-2724.2 1959.6 -11.0 122 0 11.2 10.2 5.0 2.5 2 0 2 0 0
-2744.3 1961.1 -12.6 300 0 10.4 10.7 2.5 2.5 2 1 1 2 2
-2761.4 1984.1 -9.9 109 0 14.7 10.4 5.0 2.5 2 0 2 3 3
-2776.9 1986.2 -9.9 107 0 7.1 10.0 5.0 2.5 2 1 2 0 0
-2801.6 2010.9 -4.8 111 0 10.1 13.7 5.0 2.5 4 1 2 0 0
-2791.0 1990.9 -8.5 113 0 7.5 10.0 5.0 2.5 2 1 2 3 3
-2821.6 2000.0 -5.6 105 0 7.8 9.6 5.0 2.5 2 1 2 3 3
-2836.2 2005.9 -4.1 112 0 9.2 9.6 5.0 2.5 2 1 2 0 0
-2849.1 2011.0 -3.0 113 0 10.2 9.4 5.0 2.5 2 0 2 4 4
-2911.1 2009.6 -9.8 289 0 9.8 9.2 2.5 2.5 2 0 1 5 5
