-5280.7 5926.5 0.7 84 0 26.0 9.4 2.5 2.5 2 0 1 0 0
-5271.2 5955.2 2.0 354 0 10.3 22.5 7.5 2.5 2 1 3 1 1
-5267.1 5977.0 3.4 354 0 8.6 16.4 2.5 2.5 2 1 1 0 0
-5270.0 5995.9 2.0 354 0 11.5 28.6 10.0 2.5 2 1 4 2 2
-5234.3 6017.4 1.7 84 0 16.7 12.1 7.5 2.5 2 0 3 3 3
-5228.0 6053.6 -2.7 354 0 8.3 19.3 5.0 2.5 2 1 2 2 2
-5249.7 6122.3 -13.4 264 0 10.7 41.5 10.0 2.5 2 1 4 0 0
-5306.0 6059.9 -6.6 174 0 10.5 27.3 10.0 2.5 2 1 4 1 1
-5312.2 6103.9 -13.1 264 0 19.5 10.0 5.0 2.5 2 0 2 4 4
-5328.9 6057.1 -6.5 174 0 18.0 11.9 7.5 2.5 2 0 3 5 5
-5329.0 6024.2 -0.9 174 0 19.0 19.8 15.0 0.0 0 1 6 2 2
-5334.0 6000.9 -0.4 174 0 13.0 13.8 7.5 2.5 2 1 3 1 1
-5334.4 5976.0 -1.7 174 0 8.6 16.3 2.5 2.5 2 1 1 5 5
-5336.5 5958.3 -3.0 174 0 13.7 24.6 12.5 2.5 4 1 5 3 3
-5335.7 5938.0 -3.9 174 0 10.2 23.8 7.5 2.5 2 1 3 3 3
