2295.0 3617.4 1.7 272 0 15.9 24.2 2.5 2.5 2 1 1 5 5
2237.6 3546.3 -0.1 193 0 21.6 13.2 2.5 2.5 2 0 1 5 5
2236.6 3526.2 2.1 193 0 7.8 10.7 2.5 2.5 2 1 1 4 4
2242.2 3493.7 3.1 13 0 16.0 9.3 2.5 2.5 2 0 1 5 5
2237.0 3471.7 3.3 13 0 12.1 9.6 2.5 0.0 0 0 1 5 5
2227.7 3446.4 3.6 103 0 12.2 15.5 2.5 2.5 2 1 1 3 3
2210.1 3429.4 0.8 103 0 24.1 11.7 2.5 2.5 2 0 1 1 1
2194.0 3544.1 -3.7 4 0 7.9 10.1 2.5 2.5 2 1 1 1 1
2190.7 3529.0 -4.1 4 0 7.1 12.0 2.5 2.5 2 1 1 2 2
2190.5 3515.7 -4.0 4 0 8.4 14.7 2.5 2.5 2 1 1 1 1
2191.6 3497.0 -3.0 4 0 9.0 9.9 2.5 2.5 2 1 1 0 0
2188.5 3482.2 -2.5 5 0 6.9 11.5 2.5 0.0 0 1 1 4 4
2180.8 3457.5 -2.1 10 0 8.8 10.6 2.5 2.5 2 1 1 5 5
2180.6 3437.2 -2.0 16 0 9.6 10.7 2.5 2.5 2 1 1 4 4
2150.8 3436.4 -4.6 90 0 14.5 8.1 2.5 2.5 2 0 1 0 0
2148.1 3459.0 -4.1 187 0 16.0 15.6 2.5 2.5 2 0 1 5 5
2148.9 3483.3 -4.1 180 0 9.0 13.0 2.5 2.5 2 1 1 2 2
2152.4 3501.8 -4.5 180 0 9.0 12.7 2.5 2.5 2 1 1 0 0
2144.3 3544.7 -5.0 145 0 12.0 13.0 2.5 2.5 2 1 1 0 0
2133.8 3556.7 -5.2 138 0 10.3 13.3 2.5 2.5 2 1 1 4 4
2114.1 3573.6 -5.3 132 0 7.5 12.4 2.5 2.5 2 1 1 3 3
2101.4 3578.0 -5.5 107 0 11.9 14.1 2.5 2.5 2 1 1 4 4
2111.4 3617.3 -5.5 313 0 17.3 9.3 2.5 2.5 2 0 1 4 4
2087.2 3592.9 -5.4 126 0 7.3 13.6 2.5 2.5 2 1 1 1 1
2076.9 3600.5 -5.6 128 0 11.2 14.4 2.5 2.5 2 1 1 0 0
2062.6 3610.1 -5.6 126 0 7.9 13.6 2.5 2.5 2 1 1 4 4
2033.3 3632.2 -5.4 128 0 6.5 9.1 2.5 2.5 2 1 1 0 0
2023.9 3638.7 -5.2 126 0 8.3 8.5 2.5 2.5 2 1 1 1 1
1989.7 3645.1 -4.4 111 0 8.5 13.4 2.5 2.5 2 1 1 0 0
1925.5 3635.7 -8.8 278 0 11.8 9.0 2.5 2.5 2 0 1 4 4
2034.4 3621.7 -7.3 309 0 13.7 8.5 2.5 2.5 2 0 1 0 0
2051.2 3607.9 -7.9 311 0 11.1 11.4 2.5 2.5 2 1 1 5 5
2110.7 3560.1 -7.0 316 0 9.2 7.8 2.5 2.5 2 0 1 1 1
2133.8 3519.4 -7.2 356 0 9.3 6.6 2.5 2.5 2 0 1 3 3
2133.4 3465.5 -7.4 0 0 10.5 6.8 2.5 2.5 2 0 1 0 0
2129.7 3446.6 -7.0 90 0 8.0 8.9 2.5 2.5 2 1 1 4 4
2139.1 3412.1 -3.8 180 0 9.3 13.0 2.5 2.5 2 1 1 1 1
2144.3 3373.7 -1.1 182 0 8.4 13.4 2.5 2.5 2 1 1 4 4
2118.4 3384.0 -7.6 11 0 10.7 9.4 2.5 2.5 2 0 1 4 4
2116.7 3368.9 -7.6 12 0 7.0 11.9 2.5 2.5 2 1 1 0 0
2109.3 3334.7 -5.9 14 0 15.7 6.1 2.5 2.5 2 0 1 4 4
2115.9 3305.5 -2.4 189 0 7.6 17.6 2.5 2.5 2 1 1 0 0
2116.1 3295.3 -2.2 196 0 5.3 7.9 2.5 2.5 2 1 1 3 3
2091.2 3274.3 -6.5 30 0 7.2 9.8 2.5 2.5 2 1 1 5 5
2079.1 3248.3 -6.3 18 0 5.9 9.3 2.5 2.5 2 1 1 4 4
2071.7 3215.7 -4.7 2 0 10.5 8.4 2.5 2.5 2 0 1 4 4
2054.4 3218.9 -7.9 184 0 19.5 6.3 2.5 2.5 2 0 1 4 4
2094.1 3249.8 -2.6 191 0 7.9 9.6 2.5 2.5 2 1 1 2 2
2082.0 3227.4 -2.0 190 0 9.1 22.1 2.5 2.5 2 1 1 2 2
2079.9 3198.8 -0.4 179 0 13.7 9.7 2.5 2.5 4 0 1 1 1
2084.2 3180.4 1.5 180 0 6.9 7.4 2.5 2.5 2 1 1 5 5
2074.6 3187.0 -2.4 2 0 9.6 4.8 2.5 2.5 2 0 1 5 5
2077.1 3166.2 -7.5 0 0 9.0 17.5 2.5 2.5 2 1 1 2 2
2060.9 3153.1 -7.4 177 0 6.0 10.2 2.5 2.5 4 1 1 1 1
2080.0 3091.7 -3.9 5 0 7.2 8.9 2.5 2.5 2 1 1 2 2
2071.2 3046.1 -2.8 24 0 6.5 10.3 2.5 2.5 2 1 1 3 3
2088.4 3118.4 1.4 180 0 6.6 8.0 2.5 2.5 2 1 1 1 1
2089.2 3096.6 1.4 180 0 7.2 13.3 2.5 2.5 2 1 1 5 5
2087.2 3081.3 0.8 171 0 7.6 11.1 2.5 2.5 4 1 1 5 5
2086.3 3066.2 0.3 196 0 8.7 12.7 2.5 2.5 2 1 1 2 2
2092.7 3037.3 6.4 208 0 9.5 8.4 2.5 2.5 4 0 1 3 3
