237.7 -5012.4 -12.1 358 0 7.6 17.8 2.5 2.5 2 1 1 0 0
193.1 -4804.7 -12.4 183 0 6.8 12.7 5.0 2.5 2 1 2 3 3
172.0 -5189.6 -13.7 261 0 6.0 7.8 7.5 2.5 2 1 3 0 0
188.8 -5201.1 -12.9 340 0 16.8 6.3 2.5 2.5 2 0 1 2 2
312.8 -5008.3 -9.1 267 0 6.8 6.1 2.5 2.5 2 0 1 4 4
322.7 -5027.7 -8.4 359 0 7.2 8.1 2.5 2.5 2 1 1 0 0
301.8 -5027.8 -8.6 179 0 7.6 8.6 2.5 2.5 2 1 1 3 3
311.6 -5057.8 -7.8 95 0 8.8 7.0 2.5 2.5 2 0 1 2 2
296.7 -5054.3 -8.5 180 0 7.6 8.2 2.5 2.5 2 1 1 5 5
190.0 -5120.9 -12.6 182 0 7.1 3.5 5.0 2.5 2 0 2 5 5
186.0 -5143.2 -12.7 178 0 9.0 3.9 5.0 2.5 2 0 2 5 5
193.0 -5147.9 -12.6 92 0 3.4 8.0 5.0 2.5 2 1 2 2 2
197.3 -5148.5 -12.5 92 0 3.1 7.5 5.0 2.5 2 1 2 4 4
271.4 -4999.1 -10.3 359 0 8.8 6.8 2.5 2.5 2 0 1 3 3
255.5 -5000.5 -10.6 177 0 6.7 7.2 2.5 0.0 0 1 1 5 5
258.0 -5037.4 -10.4 178 0 7.6 13.7 2.5 2.5 2 1 1 2 2
235.2 -5034.2 -11.6 273 0 6.6 9.1 5.0 2.5 2 1 2 0 0
217.2 -5035.8 -12.3 271 0 7.1 6.4 5.0 2.5 4 0 2 5 5
206.5 -5035.6 -12.7 269 0 6.8 7.0 5.0 2.5 2 1 2 1 1
189.9 -5056.3 -13.3 359 0 17.2 9.4 5.0 2.5 2 0 2 3 3
202.2 -5054.0 -12.6 180 0 9.9 6.4 5.0 2.5 2 0 2 0 0
206.9 -5081.0 -12.4 94 0 7.3 6.7 5.0 2.5 2 0 2 4 4
217.7 -5080.7 -12.1 88 0 7.8 10.5 5.0 2.5 2 1 2 4 4
226.6 -5070.1 -11.8 89 0 5.6 8.1 5.0 2.5 2 1 2 2 2
228.6 -5054.6 -11.9 357 0 5.7 5.8 5.0 2.5 2 1 2 4 4
244.3 -5052.6 -11.6 358 0 8.4 12.1 5.0 2.5 4 1 2 1 1
238.7 -5066.6 -11.4 5 0 6.9 6.8 5.0 2.5 2 0 2 5 5
235.5 -5082.8 -11.4 86 0 9.2 6.3 5.0 2.5 2 0 2 0 0
281.3 -5106.9 -9.6 90 0 5.9 6.6 2.5 2.5 2 1 1 5 5
247.5 -5096.8 -11.1 0 0 7.0 11.6 2.5 2.5 2 1 1 3 3
246.5 -5128.3 -11.3 356 0 9.7 8.2 2.5 2.5 4 0 1 5 5
247.6 -5115.1 -11.2 2 0 6.9 9.8 2.5 2.5 2 1 1 2 2
267.1 -5125.8 -10.6 19 0 6.9 7.3 2.5 2.5 2 1 1 5 5
258.5 -5101.1 -10.5 183 0 13.2 8.1 2.5 2.5 2 0 1 3 3
265.6 -5059.2 -10.1 179 0 8.8 9.3 2.5 2.5 2 1 1 0 0
289.8 -5081.8 -9.5 1 0 23.4 10.0 2.5 2.5 2 0 1 1 1
1362.0 6578.0 7.4 184 0 8.4 8.0 7.5 2.5 2 0 3 0 0
1333.5 6582.7 -7.5 180 0 5.7 7.7 5.0 2.5 2 1 2 0 0
1334.1 6571.6 -6.3 184 0 8.7 9.8 5.0 2.5 2 1 2 2 2
1329.8 6557.5 -7.5 181 0 14.3 12.0 5.0 2.5 2 0 2 3 3
1329.5 6541.9 -6.1 183 0 6.6 9.5 5.0 2.5 2 1 2 0 0
1339.9 6528.8 -0.4 178 0 9.6 7.9 5.0 2.5 2 0 2 0 0
1326.8 6530.7 -6.5 182 0 8.7 9.8 5.0 2.5 2 1 2 1 1
1324.7 6517.9 -6.4 182 0 8.1 8.0 5.0 2.5 2 0 2 4 4
1336.5 6516.4 -1.8 180 0 9.3 9.5 5.0 2.5 2 1 2 1 1
1325.0 6505.8 -5.6 182 0 7.8 7.5 5.0 2.5 2 0 2 3 3
1336.2 6504.5 -2.3 184 0 8.1 6.6 5.0 2.5 2 0 2 3 3
1351.7 6486.7 -1.7 5 0 9.9 11.0 5.0 0.0 0 1 2 2 2
1323.0 6488.6 -6.7 182 0 7.5 7.2 5.0 2.5 4 0 2 5 5
1318.5 6476.1 -8.6 186 0 9.3 16.1 5.0 2.5 2 1 2 5 5
1329.3 6462.2 -4.1 183 0 10.2 7.0 5.0 2.5 2 0 2 5 5
1318.1 6446.2 -5.8 183 0 11.7 8.9 5.0 2.5 2 0 2 4 4
1317.1 6425.1 -5.0 173 0 7.0 11.9 5.0 2.5 2 1 2 3 3
1313.3 6387.5 -8.3 173 0 6.0 10.8 5.0 2.5 4 1 2 4 4
1317.4 6373.0 -7.7 173 0 7.3 12.5 5.0 2.5 2 1 2 5 5
1320.3 6358.4 -7.6 173 0 7.5 10.7 5.0 2.5 2 1 2 5 5
1323.6 6339.3 -7.2 173 0 7.4 16.7 5.0 2.5 2 1 2 1 1
1329.0 6328.2 -5.3 173 0 6.7 10.0 5.0 2.5 4 1 2 3 3
1330.7 6317.7 -5.1 173 0 7.8 10.1 5.0 2.5 2 1 2 5 5
1516.3 5873.7 -5.4 166 0 15.1 12.0 2.5 2.5 2 0 1 0 0
1525.2 5859.9 -4.6 171 0 11.5 8.4 2.5 2.5 2 0 1 3 3
1526.1 5844.2 -7.1 174 0 12.3 8.9 2.5 2.5 2 0 1 4 4
1530.4 5826.6 -7.3 172 0 11.1 10.1 2.5 2.5 4 0 1 3 3
1542.6 5810.9 -3.4 177 0 15.0 8.4 2.5 2.5 2 0 1 2 2
1547.2 5795.1 -4.2 176 0 9.0 9.2 2.5 2.5 4 1 1 0 0
1550.9 5784.5 -4.4 174 0 8.7 9.3 2.5 2.5 2 1 1 5 5
1547.3 5771.2 -7.2 169 0 11.5 9.3 2.5 2.5 2 0 1 2 2
1583.0 5779.4 7.9 338 0 11.9 6.5 2.5 0.0 0 0 1 1 1
1552.8 5745.5 -5.6 174 0 21.1 19.5 2.5 0.0 0 0 1 3 3
1599.3 5730.4 9.6 337 0 24.6 9.6 2.5 2.5 2 0 1 3 3
1580.2 5716.7 3.3 156 0 38.1 8.4 2.5 0.0 0 0 1 1 1
1561.4 5720.3 -2.1 157 0 9.4 8.7 2.5 2.5 2 0 1 2 2
1569.5 5709.1 0.7 156 0 9.9 8.5 2.5 2.5 2 0 1 0 0
1571.6 5693.7 1.0 156 0 15.9 10.5 2.5 2.5 2 0 1 5 5
1587.9 5689.1 9.4 156 0 8.5 17.0 2.5 2.5 2 1 1 2 2
1580.5 5674.0 5.9 156 0 8.2 23.6 2.5 2.5 2 1 1 4 4
1589.6 5665.5 9.9 156 0 10.4 15.3 2.5 2.5 2 1 1 5 5
2949.2 4367.1 -4.4 193 0 6.7 8.9 2.5 2.5 2 1 1 2 2
2985.4 4425.6 -7.5 307 0 8.8 10.0 2.5 2.5 2 1 1 0 0
2978.0 4369.2 -6.2 118 0 6.3 13.0 5.0 2.5 2 1 2 3 3
2993.6 4396.2 -6.4 220 0 7.7 8.1 5.0 2.5 2 1 2 2 2
3024.1 4368.9 -6.2 107 0 8.5 8.8 5.0 2.5 2 1 2 1 1
3048.4 4388.6 -6.7 291 0 11.8 30.8 5.0 2.5 2 1 2 0 0
2957.6 4341.7 -4.1 194 0 12.9 4.9 5.0 0.0 0 0 2 3 3
2972.7 4354.4 -4.6 284 0 7.6 12.5 5.0 2.5 2 1 2 0 0
2970.3 4322.2 -4.1 104 0 10.8 10.0 5.0 2.5 2 0 2 5 5
2948.3 4302.9 -2.7 104 0 8.2 10.7 2.5 2.5 2 1 1 1 1
2958.5 4300.2 -3.0 104 0 8.6 12.8 2.5 2.5 2 1 1 5 5
2986.4 4295.5 -3.8 104 0 9.4 11.3 2.5 2.5 2 1 1 5 5
2996.7 4322.9 -5.0 104 0 8.1 11.3 5.0 2.5 2 1 2 4 4
3009.6 4303.4 -4.3 284 0 10.0 12.5 2.5 2.5 2 1 1 0 0
3013.2 4314.9 -5.7 103 0 12.0 29.0 5.0 2.5 2 1 2 0 0
3035.2 4311.2 -5.7 100 0 26.0 10.9 5.0 2.5 2 0 2 2 2
3032.0 4300.0 -4.9 284 0 9.4 8.2 2.5 2.5 2 0 1 1 1
3027.4 4283.6 -4.7 104 0 10.9 6.4 2.5 2.5 2 0 1 1 1
3053.0 4291.9 -5.4 14 0 10.0 6.1 2.5 2.5 2 0 1 4 4
3091.4 4347.4 -5.9 104 0 7.9 16.6 5.0 2.5 2 1 2 1 1
3088.9 4336.6 -5.9 284 0 8.2 14.4 2.5 0.0 0 1 1 0 0
3074.5 4317.2 -6.0 194 0 8.3 12.6 2.5 2.5 2 1 1 4 4
3075.7 4292.7 -5.4 284 0 8.0 11.5 2.5 2.5 2 1 1 1 1
3087.6 4273.2 -5.0 104 0 8.6 5.4 2.5 0.0 0 0 1 4 4
3095.4 4288.8 -5.3 284 0 7.2 10.6 2.5 2.5 4 1 1 1 1
3118.9 4284.7 -5.2 284 0 15.3 10.0 2.5 2.5 2 0 1 1 1
3116.8 4295.9 -5.3 104 0 9.6 7.5 2.5 2.5 2 0 1 2 2
3124.0 4312.6 -5.1 14 0 6.4 8.2 2.5 2.5 2 1 1 1 1
3108.2 4333.6 -5.5 284 0 8.4 13.4 2.5 2.5 2 1 1 4 4
3111.0 4342.8 -5.4 104 0 9.2 14.6 5.0 0.0 0 1 2 0 0
3117.8 4358.2 -5.2 104 0 10.1 7.9 5.0 2.5 2 0 2 2 2
3122.2 4380.1 -5.5 284 0 7.8 10.6 5.0 2.5 2 1 2 1 1
3141.8 4370.1 -6.0 14 0 12.2 7.4 5.0 2.5 2 0 2 1 1
3138.3 4354.7 -4.9 14 0 7.1 7.6 5.0 2.5 2 1 2 4 4
3149.9 4323.9 -4.3 284 0 7.0 17.4 2.5 2.5 2 1 1 2 2
3143.6 4291.4 -4.5 104 0 11.9 12.8 2.5 2.5 4 1 1 1 1
3164.0 4288.6 -3.1 104 0 8.4 9.8 2.5 2.5 2 1 1 0 0
3172.0 4318.7 -2.8 284 0 8.5 9.5 2.5 2.5 2 1 1 5 5
3165.4 4372.9 -5.2 284 0 7.4 12.6 5.0 2.5 2 1 2 0 0
3155.1 4335.6 -3.8 104 0 8.4 11.8 5.0 2.5 2 1 2 1 1
3172.9 4330.7 -3.1 104 0 7.9 9.5 5.0 2.5 2 1 2 0 0
3173.9 4342.4 -3.4 104 0 7.4 5.9 5.0 0.0 0 0 2 2 2
3175.4 4354.3 -3.7 284 0 6.7 4.5 5.0 0.0 0 0 2 1 1
3183.4 4367.7 -4.1 284 0 7.8 12.4 5.0 2.5 2 1 2 4 4
3201.4 4364.5 -3.1 284 0 9.6 10.4 5.0 2.5 2 1 2 2 2
3192.5 4328.5 -2.3 104 0 8.0 16.9 5.0 2.5 2 1 2 0 0
3213.6 4294.5 -1.2 14 0 8.1 11.4 2.5 0.0 0 1 1 1 1
3210.6 4306.0 -0.9 194 0 8.5 8.1 2.5 0.0 0 0 1 2 2
3214.2 4344.9 -1.3 194 0 4.7 8.9 2.5 2.5 2 1 1 0 0
3226.9 4360.0 -1.5 284 0 6.0 11.7 2.5 2.5 2 1 1 1 1
3231.3 4336.1 -0.9 194 0 6.5 7.6 2.5 2.5 2 1 1 5 5
3244.9 4338.7 -0.8 284 0 5.2 8.5 2.5 2.5 2 1 1 3 3
3247.0 4354.5 -1.7 284 0 5.8 8.7 2.5 2.5 4 1 1 4 4
3259.6 4344.8 -1.1 284 0 7.0 5.8 2.5 2.5 2 0 1 0 0
3254.1 4330.4 -0.7 104 0 7.3 6.2 2.5 0.0 0 0 1 5 5
3253.5 4317.8 -0.2 104 0 6.2 9.8 2.5 2.5 2 1 1 0 0
-3652.1 4203.1 -14.2 233 0 6.8 7.8 7.5 2.5 2 1 3 3 3
-3637.8 4179.6 -14.2 63 0 10.3 5.5 5.0 2.5 2 0 2 3 3
-3786.7 4458.1 -10.2 85 0 14.4 15.0 5.0 2.5 2 1 2 2 2
-3420.6 1454.6 -12.5 238 0 5.5 16.5 7.5 2.5 2 1 3 4 4
-3408.0 1424.5 -13.7 59 0 6.1 7.8 2.5 2.5 2 1 1 4 4
-3399.8 1434.1 -13.7 327 0 7.4 6.9 5.0 2.5 2 0 2 0 0
-3528.1 1360.1 -11.8 57 0 10.9 8.9 2.5 2.5 2 0 1 3 3
-3520.7 1414.2 -8.1 245 0 8.2 8.7 7.5 2.5 2 1 3 4 4
-3485.7 1384.8 -12.5 58 0 9.8 10.0 5.0 2.5 2 1 2 1 1
-3472.7 1392.1 -12.4 56 0 9.1 12.4 7.5 2.5 2 1 3 4 4
-3461.4 1406.4 -11.0 55 0 8.4 9.6 2.5 2.5 2 1 1 0 0
-3452.2 1410.8 -10.9 59 0 8.2 10.1 5.0 2.5 2 1 2 5 5
-3427.0 1414.3 -13.1 60 0 8.4 14.9 7.5 2.5 2 1 3 5 5
-3442.9 1429.1 -10.2 326 0 14.0 9.7 5.0 2.5 2 0 2 4 4
-3451.2 1457.7 -7.5 321 0 24.1 11.6 12.5 2.5 2 0 5 2 2
-3483.7 1435.7 -7.4 233 0 11.7 14.1 5.0 2.5 4 1 2 3 3
-3490.9 1445.3 -5.4 233 0 9.7 9.2 7.5 2.5 2 0 3 5 5
-3482.7 1463.5 -3.5 233 0 22.5 8.5 7.5 2.5 2 0 3 0 0
-3495.3 1419.6 -8.7 234 0 12.2 9.4 2.5 2.5 2 0 1 0 0
-3536.9 1389.9 -7.4 237 0 8.1 7.4 7.5 2.5 2 0 3 3 3
-3547.0 1385.4 -6.7 237 0 8.0 9.7 7.5 2.5 2 1 3 3 3
-3555.3 1378.4 -6.9 236 0 7.5 10.3 7.5 2.5 2 1 3 3 3
-3554.7 1347.9 -10.0 57 0 9.3 7.1 7.5 2.5 2 0 3 5 5
-3550.7 1337.8 -12.8 55 0 7.6 9.4 5.0 2.5 2 1 2 0 0
-3581.6 1360.3 -6.0 237 0 8.5 9.6 2.5 2.5 2 1 1 3 3
-3600.0 1348.0 -5.9 235 0 7.4 8.9 7.5 2.5 2 1 3 5 5
-3615.7 1333.5 -5.7 234 0 16.5 7.8 7.5 0.0 0 0 3 3 3
-3638.4 1313.2 -4.3 145 0 8.3 9.8 7.5 2.5 2 1 3 0 0
-3723.3 4534.1 -15.0 340 0 11.1 8.5 5.0 2.5 2 0 2 0 0
-3709.6 4514.3 -14.6 336 0 5.2 5.6 5.0 2.5 2 1 2 2 2
-3705.0 4521.3 -15.3 332 0 6.9 4.9 5.0 0.0 0 0 2 4 4
-3712.4 4520.4 -14.8 347 0 6.7 6.3 5.0 2.5 2 0 2 1 1
-3840.8 4371.0 -11.4 105 0 4.6 10.2 5.0 2.5 2 1 2 0 0
-3847.7 4682.8 -10.2 356 0 6.4 7.3 5.0 2.5 2 1 2 1 1
-3826.8 4655.6 -13.5 332 0 8.1 12.1 5.0 2.5 4 1 2 2 2
-3813.2 4630.4 -13.8 335 0 8.4 9.0 5.0 2.5 2 1 2 4 4
-3793.7 4596.3 -15.4 144 0 13.9 10.5 5.0 2.5 2 0 2 5 5
-3798.8 4585.9 -11.0 252 0 7.4 13.8 5.0 2.5 2 1 2 4 4
-3761.6 4567.4 -15.2 146 0 7.5 8.4 5.0 2.5 2 1 2 4 4
-3803.4 4475.1 -7.1 358 0 8.8 10.1 5.0 2.5 2 1 2 5 5
-3808.2 4456.1 -7.5 83 0 8.3 8.2 5.0 2.5 2 0 2 2 2
-3816.4 4456.1 -6.7 83 0 4.6 8.5 5.0 2.5 2 1 2 3 3
-3826.0 4455.6 -6.2 83 0 10.6 5.3 5.0 2.5 2 0 2 4 4
-3806.5 4449.1 -8.4 263 0 10.6 8.7 5.0 2.5 2 0 2 4 4
-3797.8 4483.5 -7.8 83 0 13.6 6.1 5.0 2.5 2 0 2 2 2
-3781.0 4566.6 -11.9 353 0 7.7 10.2 5.0 2.5 2 1 2 3 3
-3791.7 4554.0 -7.3 353 0 4.7 6.1 5.0 2.5 2 1 2 4 4
-3803.9 4541.2 -4.0 173 0 12.3 5.2 5.0 2.5 2 0 2 4 4
-3802.3 4524.5 -4.6 173 0 10.7 7.2 5.0 2.5 2 0 2 3 3
-3797.4 4502.3 -5.3 83 0 11.2 13.9 5.0 2.5 2 1 2 0 0
-3774.4 4531.9 -9.9 353 0 33.6 13.3 5.0 2.5 2 0 2 5 5
-3763.4 4555.8 -12.7 353 0 9.7 18.5 5.0 2.5 2 1 2 0 0
-3756.2 4557.4 -15.0 173 0 11.7 9.3 5.0 2.5 4 0 2 5 5
-3753.6 4540.3 -13.9 173 0 8.3 14.9 5.0 2.5 2 1 2 5 5
-3710.2 4492.3 -13.9 353 0 8.3 12.2 5.0 2.5 2 1 2 4 4
-3738.0 4509.8 -13.0 173 0 5.2 7.2 5.0 2.5 2 1 2 5 5
-3742.3 4521.0 -13.3 173 0 6.1 4.4 5.0 2.5 2 0 2 1 1
-3750.3 4521.3 -12.7 173 0 7.9 5.8 5.0 2.5 2 0 2 3 3
-3749.4 4508.7 -12.4 173 0 7.6 8.2 5.0 0.0 0 1 2 3 3
-3746.2 4498.1 -12.3 173 0 8.8 11.9 5.0 2.5 2 1 2 1 1
-3746.3 4486.7 -12.0 173 0 8.0 12.1 5.0 2.5 4 1 2 3 3
-3744.3 4472.1 -12.4 173 0 8.7 10.7 5.0 0.0 0 1 2 2 2
-3742.1 4456.1 -12.9 173 0 7.1 8.4 5.0 0.0 0 1 2 3 3
-3739.9 4443.8 -13.7 173 0 8.4 9.2 5.0 2.5 2 1 2 3 3
-3769.8 4451.8 -10.9 263 0 7.4 4.8 5.0 2.5 2 0 2 3 3
-3755.5 4452.3 -12.4 263 0 9.9 9.7 5.0 2.5 2 0 2 5 5
-3747.6 4436.0 -12.9 353 0 7.2 10.0 5.0 2.5 2 1 2 0 0
-3766.3 4430.8 -11.7 83 0 7.7 7.5 5.0 2.5 2 0 2 2 2
-3778.6 4430.1 -10.8 83 0 8.7 10.4 5.0 0.0 0 1 2 3 3
-3789.8 4427.7 -10.0 83 0 9.1 8.8 5.0 2.5 4 0 2 2 2
-3803.1 4427.6 -8.9 83 0 9.1 10.2 5.0 2.5 2 1 2 5 5
-3855.2 4429.8 -5.5 87 0 7.8 6.0 5.0 0.0 0 0 2 2 2
-3845.0 4424.7 -6.6 86 0 8.3 14.1 5.0 2.5 2 1 2 2 2
-3832.7 4425.2 -7.3 87 0 8.4 11.7 5.0 2.5 2 1 2 1 1
-3820.9 4426.5 -7.9 84 0 8.0 10.9 5.0 2.5 2 1 2 5 5
-3828.1 4390.2 -11.3 278 0 4.3 10.3 5.0 2.5 2 1 2 3 3
-3868.5 4382.0 -8.7 106 0 5.3 8.7 5.0 2.5 2 1 2 0 0
-3853.4 4399.1 -9.3 273 0 7.0 13.2 5.0 2.5 2 1 2 0 0
-3896.7 4420.2 -4.0 86 0 10.5 9.1 5.0 2.5 4 0 2 0 0
-3869.1 4423.1 -5.2 86 0 7.4 7.9 5.0 0.0 0 1 2 0 0
-3878.0 4413.2 -6.2 260 0 9.6 7.0 5.0 2.5 2 0 2 3 3
-3864.2 4414.7 -7.2 262 0 9.0 10.9 5.0 0.0 0 1 2 0 0
-3849.9 4415.4 -7.8 270 0 9.9 7.3 5.0 2.5 2 0 2 5 5
-3835.4 4413.9 -8.6 270 0 10.7 5.2 5.0 2.5 2 0 2 5 5
-3820.9 4417.5 -10.0 270 0 8.5 14.8 5.0 2.5 2 1 2 2 2
-3801.4 4407.1 -10.8 0 0 5.1 8.9 5.0 2.5 2 1 2 1 1
-3806.3 4418.2 -10.1 270 0 7.6 6.9 5.0 2.5 2 0 2 4 4
-3816.9 4383.5 -12.0 0 0 8.1 8.1 5.0 2.5 2 1 2 0 0
-3799.8 4380.0 -12.9 270 0 8.3 7.8 5.0 2.5 2 0 2 4 4
-3798.3 4392.3 -12.3 0 0 7.0 7.7 5.0 2.5 4 1 2 4 4
-3793.9 4406.6 -11.7 180 0 5.4 7.1 5.0 2.5 2 1 2 4 4
-3795.4 4414.4 -11.3 180 0 6.9 10.5 5.0 2.5 2 1 2 2 2
-3775.5 4419.1 -12.2 270 0 10.7 8.1 5.0 2.5 2 0 2 5 5
-3775.3 4409.9 -12.6 270 0 7.9 5.1 5.0 2.5 2 0 2 0 0
-3777.7 4392.9 -13.9 180 0 7.2 7.7 5.0 2.5 2 1 2 3 3
-3759.6 4418.8 -13.6 270 0 7.4 14.8 5.0 2.5 2 1 2 2 2
-3745.0 4416.0 -13.8 0 0 7.8 7.4 5.0 2.5 2 0 2 5 5
-3737.1 4428.8 -14.6 180 0 6.9 8.3 5.0 2.5 2 1 2 3 3
-3741.5 4400.8 -14.8 0 0 7.0 9.5 5.0 2.5 2 1 2 5 5
-3742.0 4375.6 -14.8 350 0 8.5 6.9 5.0 2.5 2 0 2 0 0
-3698.3 4292.8 -15.2 332 0 7.2 10.5 5.0 2.5 2 1 2 2 2
-3709.2 4270.2 -14.6 152 0 7.8 10.1 5.0 2.5 2 1 2 4 4
-3692.1 4274.8 -14.9 332 0 7.4 4.5 5.0 2.5 2 0 2 2 2
-3699.1 4255.9 -14.4 152 0 9.6 4.9 5.0 0.0 0 0 2 2 2
-3725.8 4273.6 -13.3 334 0 14.3 11.1 5.0 2.5 2 0 2 0 0
-3741.6 4331.3 -14.5 346 0 7.5 6.8 5.0 2.5 2 0 2 4 4
-3776.6 4277.1 -5.2 248 0 8.9 11.1 5.0 2.5 2 1 2 4 4
-3804.0 4279.9 -3.3 261 0 11.0 8.2 5.0 0.0 0 0 2 1 1
-3800.5 4261.1 -1.6 160 0 8.4 9.0 5.0 2.5 2 1 2 1 1
-3783.6 4231.9 -6.2 154 0 7.9 8.0 5.0 2.5 2 1 2 5 5
-3761.4 4189.8 -9.6 66 0 8.2 8.6 5.0 2.5 2 1 2 3 3
-3052.9 2380.9 -11.5 243 0 6.6 4.9 5.0 2.5 2 0 2 1 1
-3045.1 2363.7 -11.1 68 0 8.7 8.7 5.0 2.5 2 0 2 0 0
-3021.8 2266.7 -13.2 259 0 8.5 7.6 7.5 2.5 2 0 3 2 2
-3015.6 2250.3 -12.7 355 0 7.8 9.5 5.0 2.5 2 1 2 4 4
-3045.8 2117.3 -0.1 277 0 8.8 8.6 5.0 2.5 4 0 2 2 2
-3004.1 2097.0 -10.1 1 0 8.5 9.6 5.0 2.5 2 1 2 0 0
-3005.7 2074.2 -10.5 2 0 8.5 10.1 5.0 2.5 2 1 2 2 2
-3014.1 2057.0 -9.9 95 0 9.8 9.3 5.0 2.5 2 0 2 4 4
-3057.2 2077.6 -0.7 188 0 8.3 8.4 5.0 2.5 2 1 2 1 1
-3043.2 2069.4 -4.9 186 0 16.5 11.3 5.0 2.5 2 0 2 3 3
-3050.3 2022.1 -1.7 107 0 10.1 11.8 5.0 2.5 2 1 2 4 4
-3031.9 2037.0 -5.9 109 0 7.8 11.0 5.0 2.5 2 1 2 4 4
-3018.2 2025.2 -8.7 277 0 10.5 11.4 5.0 2.5 2 1 2 4 4
-3019.1 1985.7 -7.3 9 0 14.0 10.3 5.0 2.5 2 0 2 5 5
-3042.3 2011.4 -3.7 194 0 7.9 8.6 5.0 2.5 4 1 2 5 5
-3048.8 1992.9 -2.2 195 0 9.0 7.4 5.0 2.5 2 0 2 4 4
-3053.8 1976.6 -2.4 188 0 8.1 9.3 5.0 0.0 0 1 2 0 0
-3024.4 1960.0 -6.4 9 0 12.5 10.9 5.0 2.5 2 0 2 4 4
-3009.0 1937.3 -9.3 10 0 6.2 14.8 5.0 2.5 4 1 2 5 5
-3030.7 1937.5 -7.7 9 0 7.6 8.5 5.0 2.5 2 1 2 5 5
-3032.1 1925.7 -7.9 10 0 7.9 6.8 5.0 2.5 2 0 2 2 2
-3037.7 1906.3 -7.5 3 0 9.7 6.9 5.0 2.5 2 0 2 0 0
-3065.5 1885.8 -6.0 180 0 9.4 22.2 5.0 2.5 2 1 2 1 1
-3057.7 1862.7 -3.1 181 0 8.1 10.3 5.0 2.5 2 1 2 2 2
-3053.9 1829.4 -0.4 2 0 7.6 8.9 2.5 2.5 2 1 1 5 5
-3057.0 1764.9 -6.0 251 0 7.6 10.7 5.0 2.5 2 1 2 2 2
2889.0 4505.6 -10.4 219 0 8.2 16.5 2.5 2.5 2 1 1 2 2
