-6783.4 4898.0 -1.6 136 0 5.5 4.6 2.5 2.5 2 0 1 4 4
1778.9 1059.5 -1.0 194 0 3.5 3.8 2.5 2.5 2 1 1 1 1
484.0 96.9 -7.3 173 0 3.9 4.1 7.5 2.5 2 1 3 1 1
-6221.6 4327.6 5.0 113 0 4.0 5.4 5.0 2.5 2 1 2 5 5
-6215.0 4342.8 4.9 252 0 4.6 5.3 2.5 2.5 2 1 1 3 3
-6765.1 4910.7 -2.1 40 0 4.1 5.3 5.0 2.5 2 1 2 4 4
-6770.7 4897.5 -1.8 99 0 5.2 4.6 5.0 2.5 2 0 2 1 1
-6802.7 3132.4 -8.9 232 0 3.4 5.7 7.5 2.5 2 1 3 2 2
-6800.3 3102.9 -8.1 5 0 3.3 11.4 7.5 2.5 2 1 3 4 4
-5100.6 1745.4 -7.1 109 0 17.4 3.9 2.5 2.5 2 0 1 4 4
-5320.1 1671.6 -8.5 114 0 10.8 8.3 2.5 2.5 2 0 1 3 3
-5341.7 1680.7 -8.6 115 0 5.6 3.4 2.5 2.5 2 0 1 1 1
-5350.2 1683.8 -9.1 112 0 4.5 8.5 2.5 2.5 2 1 1 4 4
-5411.3 1723.1 -11.1 234 0 4.9 7.6 2.5 2.5 2 1 1 5 5
-5373.8 1663.3 -8.7 116 0 4.7 4.8 2.5 2.5 2 1 1 5 5
-5401.9 1669.7 -9.3 111 0 11.7 6.2 2.5 2.5 2 0 1 1 1
-5139.6 1547.1 -10.1 5 0 12.7 6.6 5.0 2.5 2 0 2 5 5
-5132.5 1585.2 -9.9 305 0 9.7 4.1 5.0 2.5 2 0 2 2 2
-5157.2 1584.9 -9.4 117 0 6.6 7.7 5.0 2.5 2 1 2 3 3
-5209.7 1580.3 -8.3 113 0 8.2 4.0 5.0 2.5 2 0 2 5 5
-5228.7 1585.4 -8.0 116 0 10.9 7.6 5.0 2.5 4 0 2 5 5
-5254.2 1599.5 -7.3 117 0 4.1 8.3 5.0 2.5 2 1 2 2 2
-5306.5 1620.9 -7.4 112 0 4.4 8.6 5.0 2.5 2 1 2 3 3
-5336.0 1619.1 -7.5 228 0 13.6 5.8 5.0 2.5 2 0 2 4 4
-5359.6 1575.7 -7.7 135 0 5.9 14.4 5.0 2.5 2 1 2 3 3
-5436.2 1552.8 -9.3 250 0 14.0 5.8 5.0 2.5 2 0 2 0 0
-5467.5 1611.5 -10.9 236 0 3.9 4.2 2.5 2.5 2 1 1 1 1
-5625.3 1482.4 -12.2 75 0 8.5 4.5 2.5 2.5 2 0 1 1 1
-5626.5 1460.0 -11.5 256 0 9.2 5.9 5.0 2.5 2 0 2 0 0
-5811.8 1450.1 -9.3 339 0 6.1 5.0 2.5 2.5 2 0 1 2 2
-5819.7 1468.2 -9.8 342 0 7.3 6.4 2.5 2.5 2 0 1 0 0
