-6674.4 -2943.1 -2.4 69 0 10.6 20.1 5.0 2.5 2 1 2 0 0
-6687.7 -2903.5 -3.0 252 0 9.0 18.6 5.0 2.5 2 1 2 4 4
-6533.9 -2872.2 -5.0 359 0 49.7 10.9 2.5 2.5 2 0 1 2 2
-6540.3 -2910.4 -5.0 87 0 14.9 10.4 2.5 2.5 2 0 1 5 5
-6558.9 -2911.6 -5.1 90 0 14.5 12.2 2.5 0.0 0 0 1 4 4
-6594.6 -2915.7 -5.0 84 0 29.2 12.3 2.5 2.5 2 0 1 2 2
-6636.7 -2942.5 -3.1 78 0 5.6 5.8 5.0 2.5 2 1 2 4 4
-6620.4 -2921.0 -4.1 85 0 5.9 11.3 5.0 2.5 2 1 2 1 1
-6625.5 -2891.3 -5.3 175 0 28.0 9.8 5.0 2.5 2 0 2 5 5
-6618.9 -2862.3 -5.8 356 0 17.3 10.7 5.0 2.5 2 0 2 0 0
-6620.4 -2843.8 -5.7 355 0 14.6 10.7 5.0 2.5 2 0 2 0 0
