-2877.3 1681.5 -12.6 246 0 7.1 11.1 5.0 2.5 2 1 2 4 4
-2876.7 1717.6 -12.0 67 0 6.9 8.9 5.0 2.5 2 1 2 0 0
-2868.0 1732.6 -11.6 59 0 12.0 6.4 5.0 2.5 2 0 2 5 5
-2837.8 1742.1 -12.2 75 0 7.6 9.7 5.0 2.5 2 1 2 5 5
-2813.1 1758.8 -12.5 60 0 13.5 8.9 5.0 2.5 2 0 2 0 0
-2009.6 2157.6 -9.7 82 0 3.8 4.0 5.0 2.5 2 1 2 5 5
-2018.1 2159.8 -10.0 79 0 7.6 10.1 5.0 0.0 0 1 2 4 4
-2044.4 2166.2 -10.4 71 0 10.5 10.3 5.0 2.5 2 0 2 2 2
-2073.5 2176.7 -10.7 250 0 12.7 9.4 5.0 2.5 2 0 2 5 5
-2083.0 2162.2 -10.8 70 0 6.1 4.2 5.0 2.5 2 0 2 2 2
-2099.8 2165.7 -11.1 246 0 10.8 9.1 5.0 2.5 2 0 2 0 0
-2145.7 2134.4 -12.1 82 0 3.4 4.3 5.0 2.5 2 1 2 2 2
-2137.0 2139.4 -11.8 71 0 9.4 9.2 5.0 2.5 2 0 2 3 3
-2170.0 2139.2 -12.0 246 0 6.6 6.1 5.0 2.5 2 0 2 1 1
-2159.8 2128.0 -12.5 68 0 17.0 6.0 5.0 2.5 2 0 2 3 3
-2196.2 2118.9 -12.3 55 0 5.3 5.2 5.0 2.5 2 0 2 0 0
-2193.5 2133.0 -12.3 247 0 9.3 8.2 5.0 0.0 0 0 2 5 5
-684.6 -1528.3 11.0 295 0 8.3 17.1 5.0 2.5 2 1 2 5 5
-709.2 -1527.4 11.6 205 0 17.7 7.6 5.0 2.5 2 0 2 2 2
-702.8 -1574.4 11.4 73 0 11.6 18.3 5.0 2.5 2 1 2 4 4
-2249.2 -1146.5 6.4 22 0 8.5 11.4 2.5 2.5 2 1 1 1 1
-2237.0 -1152.1 6.6 17 0 5.6 9.0 2.5 2.5 2 1 1 4 4
-2252.8 -1161.2 6.5 17 0 9.1 9.5 2.5 2.5 2 1 1 0 0
-2256.9 -1174.1 6.5 11 0 10.4 18.6 2.5 2.5 2 1 1 5 5
-2260.2 -1187.2 6.7 14 0 9.3 14.2 2.5 2.5 2 1 1 2 2
-2263.2 -1200.6 6.7 14 0 10.3 14.4 2.5 2.5 2 1 1 5 5
