-852.9 -3073.4 5.0 264 0 5.6 7.6 2.5 2.5 2 1 1 1 1
-848.4 -3092.9 3.1 360 0 18.5 12.7 7.5 2.5 2 0 3 2 2
-853.3 -3161.8 -2.2 342 0 10.5 9.2 2.5 2.5 2 0 1 0 0
-847.3 -3179.6 -4.1 343 0 19.3 11.3 7.5 2.5 2 0 3 1 1
-841.9 -3204.3 -5.3 344 0 16.5 9.8 7.5 2.5 2 0 3 0 0
-835.3 -3244.0 -6.7 74 0 11.4 28.0 10.0 2.5 2 1 4 3 3
-854.8 -3249.8 -6.3 77 0 18.6 13.6 7.5 2.5 2 0 3 2 2
-872.7 -3254.1 -6.0 76 0 11.0 13.9 5.0 2.5 2 1 2 3 3
-882.4 -3219.8 -5.9 255 0 11.3 17.6 5.0 2.5 2 1 2 5 5
-906.9 -3211.1 -6.0 257 0 15.9 30.5 12.5 2.5 2 1 5 2 2
