-1189.2 -6623.9 -1.6 98 0 8.4 9.8 2.5 2.5 2 1 1 5 5
-1155.8 -6628.8 -3.9 99 0 9.5 7.7 2.5 2.5 2 0 1 0 0
-1130.1 -6633.6 -4.7 97 0 9.4 10.4 2.5 2.5 2 1 1 0 0
-1097.0 -6670.9 -4.6 2 0 14.2 16.7 2.5 2.5 2 1 1 5 5
-1131.8 -6661.4 -3.8 269 0 12.7 13.1 2.5 0.0 0 1 1 1 1
-1132.4 -6676.7 -4.4 269 0 11.7 12.1 2.5 2.5 2 1 1 2 2
-1133.2 -6707.2 -5.6 90 0 12.2 15.8 2.5 2.5 2 1 1 0 0
-1154.5 -6695.7 -4.8 92 0 20.8 10.0 2.5 2.5 2 0 1 1 1
-1175.9 -6694.7 -4.7 93 0 18.4 10.0 2.5 2.5 2 0 1 0 0
-1201.2 -6693.6 -4.8 92 0 27.6 10.1 2.5 2.5 2 0 1 3 3
-1236.7 -6686.7 -5.0 183 0 11.1 19.0 2.5 2.5 2 1 1 2 2
-1229.0 -6649.8 -4.2 270 0 13.5 27.6 2.5 0.0 0 1 1 3 3
