6755.6 -3816.8 488.3 127 0 13.0 11.3 2.5 2.5 2 0 1 5 5
6735.2 -3787.0 486.7 40 0 7.1 10.8 5.0 2.5 2 1 2 5 5
6740.4 -3781.7 486.8 47 0 7.2 11.0 5.0 2.5 2 1 2 1 1
6747.3 -3767.4 486.7 322 0 9.3 8.5 5.0 2.5 2 0 2 0 0
6716.9 -3802.5 486.7 42 0 7.9 8.6 5.0 2.5 2 1 2 1 1
6704.8 -3822.8 487.5 306 0 9.6 17.6 2.5 2.5 2 1 1 4 4
6682.5 -3811.3 487.9 306 0 11.4 9.5 2.5 0.0 0 0 1 5 5
6675.9 -3852.9 489.9 307 0 6.6 7.9 7.5 2.5 2 1 3 3 3
6696.3 -3792.0 486.7 137 0 9.0 11.6 5.0 2.5 2 1 2 0 0
6676.4 -3776.7 486.9 126 0 14.9 14.4 5.0 2.5 2 0 2 1 1
6705.4 -3736.4 486.2 297 0 9.6 11.7 5.0 2.5 2 0 2 0 0
6676.1 -3723.1 486.3 226 0 10.1 13.0 5.0 2.5 2 1 2 1 1
6664.8 -3738.0 486.8 216 0 11.7 10.1 5.0 2.5 2 0 2 5 5
6657.5 -3756.9 487.2 212 0 8.9 7.3 5.0 2.5 2 0 2 2 2
6644.5 -3787.6 488.6 315 0 6.2 9.7 2.5 2.5 2 1 1 2 2
6659.5 -3795.5 488.3 303 0 8.2 15.7 2.5 2.5 2 0 1 3 3
6665.6 -3801.8 488.2 305 0 8.5 12.1 2.5 2.5 2 0 1 4 4
6712.2 -3705.2 481.4 33 0 18.5 7.1 2.5 2.5 2 0 1 0 0
6722.2 -3716.1 485.3 297 0 9.2 11.8 2.5 2.5 2 1 1 4 4
6691.8 -3672.4 479.0 119 0 14.3 6.3 7.5 2.5 2 0 3 1 1
6666.1 -3717.8 486.5 30 0 11.9 11.0 2.5 2.5 2 0 1 5 5
6682.5 -3674.8 481.7 304 0 15.2 19.5 2.5 2.5 2 1 1 3 3
6655.4 -3679.8 485.8 123 0 4.6 11.9 2.5 2.5 2 1 1 2 2
6655.6 -3686.8 486.1 217 0 8.0 11.4 2.5 2.5 2 1 1 2 2
6616.6 -3781.2 489.1 128 0 9.6 11.0 2.5 2.5 2 1 1 3 3
6593.0 -3763.1 490.0 136 0 15.4 10.7 2.5 2.5 2 0 1 0 0
6586.4 -3755.1 490.5 135 0 12.9 7.5 2.5 2.5 2 0 1 4 4
6638.2 -3708.9 487.1 306 0 11.9 13.7 2.5 2.5 2 1 1 1 1
6634.7 -3686.0 486.8 294 0 10.0 15.0 2.5 2.5 2 1 1 4 4
6604.2 -3723.0 488.3 137 0 12.7 9.6 2.5 2.5 2 0 1 2 2
6544.6 -3722.2 491.2 134 0 10.4 12.7 2.5 2.5 2 1 1 3 3
6557.9 -3734.1 491.2 137 0 11.2 11.5 2.5 2.5 2 1 1 2 2
6590.0 -3703.4 488.3 128 0 9.6 11.1 2.5 2.5 2 1 1 5 5
6572.2 -3702.8 489.4 125 0 9.6 5.9 2.5 2.5 2 0 1 2 2
6589.5 -3713.6 488.7 135 0 7.9 8.5 2.5 2.5 2 1 1 1 1
6574.7 -3679.9 488.6 227 0 12.2 7.6 2.5 2.5 2 0 1 0 0
6563.0 -3687.5 489.4 221 0 7.6 5.3 2.5 2.5 2 0 1 0 0
6584.8 -3631.7 480.8 128 0 10.2 15.2 2.5 2.5 2 1 1 5 5
6564.3 -3617.8 482.2 147 0 7.1 8.7 2.5 2.5 2 1 1 1 1
6537.4 -3697.2 491.2 318 0 10.2 12.6 2.5 2.5 2 1 1 3 3
6535.8 -3670.3 488.9 131 0 9.4 16.8 2.5 2.5 2 1 1 4 4
6523.5 -3659.4 488.9 133 0 10.7 14.1 2.5 2.5 2 1 1 3 3
6503.6 -3639.5 488.7 143 0 12.4 11.1 2.5 2.5 2 0 1 4 4
6503.2 -3672.1 490.9 311 0 18.6 12.5 2.5 2.5 2 0 1 0 0
6481.1 -3658.9 491.1 318 0 12.3 11.5 2.5 2.5 2 0 1 2 2
6449.7 -3639.0 491.9 324 0 9.1 10.8 2.5 2.5 2 1 1 2 2
6448.0 -3652.7 492.4 139 0 6.4 8.9 2.5 2.5 4 1 1 5 5
6467.2 -3637.1 490.1 312 0 4.6 7.6 2.5 2.5 2 1 1 3 3
6435.0 -3624.5 491.8 317 0 9.9 14.9 2.5 2.5 2 1 1 1 1
6470.5 -3618.4 487.5 127 0 13.1 20.7 2.5 2.5 4 1 1 4 4
6457.0 -3600.2 486.6 127 0 12.3 15.4 2.5 2.5 2 1 1 2 2
6439.6 -3591.7 488.6 123 0 9.1 10.0 2.5 2.5 2 1 1 5 5
6385.1 -3607.2 493.7 131 0 8.2 11.2 2.5 0.0 0 1 1 3 3
6413.5 -3552.6 488.6 227 0 15.7 11.3 2.5 0.0 0 0 1 1 1
6423.8 -3532.0 487.6 233 0 10.5 13.3 2.5 2.5 2 1 1 0 0
6434.3 -3543.3 487.6 223 0 7.6 7.3 2.5 2.5 2 0 1 1 1
6449.6 -3547.8 487.4 322 0 11.0 9.3 2.5 2.5 2 0 1 0 0
6458.5 -3542.4 487.0 316 0 9.0 7.0 2.5 2.5 2 0 1 3 3
6459.4 -3538.4 485.3 136 0 11.5 33.4 2.5 2.5 2 1 1 1 1
6481.2 -3495.3 483.5 317 0 26.4 10.6 2.5 2.5 2 0 1 5 5
6492.8 -3507.6 483.8 314 0 7.9 7.1 2.5 2.5 2 0 1 3 3
6442.6 -3494.7 484.7 57 0 15.1 12.8 2.5 2.5 2 0 1 0 0
6412.9 -3517.1 487.4 52 0 16.1 15.7 2.5 0.0 0 0 1 5 5
6405.4 -3470.6 486.5 313 0 8.8 15.0 2.5 2.5 4 1 1 2 2
6360.9 -3539.9 490.9 126 0 9.9 10.0 2.5 2.5 2 1 1 5 5
6341.4 -3570.3 493.4 130 0 11.2 18.1 2.5 2.5 2 1 1 2 2
6336.2 -3543.6 494.0 312 0 10.7 13.7 2.5 2.5 4 1 1 5 5
6308.5 -3539.4 494.9 143 0 10.6 10.3 2.5 2.5 2 0 1 0 0
6340.0 -3508.4 491.2 125 0 9.0 13.4 2.5 2.5 2 0 1 4 4
6366.6 -3493.7 489.4 304 0 10.7 8.8 2.5 2.5 2 0 1 4 4
6359.1 -3478.7 489.3 298 0 8.7 13.1 2.5 2.5 2 1 1 2 2
6319.5 -3451.2 489.6 311 0 8.9 11.6 2.5 0.0 0 1 1 2 2
6286.3 -3438.7 490.2 316 0 9.4 10.6 2.5 2.5 2 1 1 1 1
6294.0 -3432.6 489.7 322 0 4.9 6.2 2.5 2.5 2 1 1 5 5
6255.9 -3411.6 491.0 320 0 10.8 11.1 2.5 2.5 2 1 1 5 5
6237.6 -3390.1 493.1 319 0 11.1 10.9 2.5 2.5 2 0 1 5 5
6203.4 -3335.9 489.0 327 0 8.7 13.5 2.5 2.5 2 1 1 5 5
6159.2 -3292.1 486.9 215 0 7.3 7.8 2.5 2.5 4 1 1 1 1
5929.1 -3104.3 487.1 314 0 10.5 11.6 5.0 0.0 0 1 2 2 2
5903.6 -3162.1 491.8 306 0 13.5 10.4 5.0 2.5 2 0 2 4 4
4728.1 -2069.5 510.7 128 0 9.7 8.8 5.0 2.5 2 0 2 1 1
2552.6 -750.0 500.4 89 0 8.1 8.4 5.0 2.5 2 1 2 0 0
2567.5 -740.8 500.7 266 0 8.6 8.8 5.0 2.5 2 1 2 1 1
2479.4 -750.6 499.1 104 0 10.9 13.6 5.0 0.0 0 1 2 1 1
2429.1 -754.5 498.4 90 0 8.8 10.1 5.0 2.5 2 1 2 1 1
2456.5 -786.5 -518.7 358 0 10.0 13.5 2.5 2.5 4 1 1 3 3
2427.3 -775.6 -518.7 278 0 21.1 14.6 2.5 2.5 2 0 1 0 0
2393.8 -754.2 498.0 90 0 10.4 13.0 5.0 2.5 2 1 2 2 2
2367.0 -737.7 498.2 191 0 19.0 9.0 5.0 2.5 2 0 2 4 4
2352.4 -743.7 498.3 266 0 9.5 9.5 5.0 2.5 2 0 2 4 4
2399.5 -815.7 -518.7 83 0 24.9 11.4 2.5 2.5 2 0 1 2 2
2385.2 -772.7 -518.7 263 0 15.5 19.0 2.5 0.0 0 1 1 3 3
2376.3 -887.8 -518.7 343 0 17.8 11.8 2.5 2.5 2 0 1 4 4
2419.3 -925.4 505.8 266 0 10.5 12.8 2.5 2.5 2 1 1 1 1
2320.8 -836.1 -518.7 343 0 13.5 16.8 2.5 2.5 2 1 1 4 4
2315.4 -817.3 -518.6 338 0 13.3 16.4 2.5 2.5 2 1 1 0 0
2294.8 -807.0 -518.6 167 0 11.2 16.3 2.5 0.0 0 1 1 0 0
2342.9 -819.0 -518.7 90 0 16.0 19.3 2.5 2.5 2 1 1 2 2
2306.5 -959.7 -518.7 80 0 13.7 9.8 5.0 2.5 2 0 2 3 3
2290.2 -948.7 -518.7 178 0 7.2 5.4 5.0 2.5 4 0 2 5 5
2295.5 -980.2 506.8 345 0 10.4 15.6 5.0 2.5 4 1 2 5 5
2259.4 -990.3 506.7 161 0 9.5 9.2 5.0 2.5 4 0 2 3 3
2250.5 -992.7 505.1 349 0 10.1 9.9 5.0 2.5 2 0 2 4 4
2257.7 -961.4 499.4 84 0 8.8 9.0 5.0 2.5 2 1 2 3 3
2258.5 -925.0 495.8 9 0 8.0 9.3 5.0 2.5 2 1 2 3 3
2262.2 -900.8 494.5 6 0 9.4 9.5 5.0 2.5 2 1 2 4 4
2266.3 -878.8 493.9 11 0 9.6 10.0 5.0 2.5 2 1 2 0 0
2230.3 -921.1 496.1 357 0 11.8 10.2 5.0 2.5 2 0 2 1 1
2194.1 -935.3 496.7 79 0 11.2 17.6 5.0 2.5 2 1 2 2 2
2231.7 -973.0 500.3 76 0 8.6 6.5 5.0 2.5 2 0 2 5 5
2219.7 -967.7 498.3 84 0 11.3 10.1 5.0 2.5 4 0 2 0 0
2202.3 -968.3 498.6 90 0 13.8 10.9 5.0 2.5 2 0 2 3 3
2194.3 -974.0 499.4 353 0 10.2 4.2 5.0 2.5 4 0 2 3 3
2199.9 -988.6 501.6 255 0 9.2 8.0 5.0 2.5 4 0 2 5 5
2166.1 -1018.8 500.6 26 0 11.9 11.8 5.0 2.5 2 0 2 4 4
2145.8 -998.9 497.6 302 0 10.4 13.9 5.0 2.5 2 1 2 2 2
2123.0 -964.5 495.7 108 0 14.2 18.1 5.0 2.5 2 1 2 1 1
2092.6 -957.9 494.0 123 0 11.0 7.4 5.0 2.5 2 0 2 4 4
2096.4 -932.5 493.7 201 0 9.0 9.6 5.0 0.0 0 1 2 5 5
2099.2 -995.7 495.2 111 0 10.2 15.5 5.0 2.5 2 1 2 4 4
2073.9 -996.6 494.4 105 0 9.6 16.9 5.0 0.0 0 1 2 1 1
2115.3 -884.7 494.9 198 0 11.7 16.4 5.0 2.5 2 1 2 1 1
2120.3 -871.0 494.2 193 0 12.2 16.1 5.0 2.5 2 1 2 3 3
2123.4 -859.3 493.9 196 0 9.0 14.0 5.0 2.5 2 1 2 4 4
2118.4 -848.1 494.6 199 0 5.2 5.7 5.0 2.5 2 1 2 0 0
2127.6 -811.2 494.7 191 0 24.1 11.8 5.0 2.5 4 0 2 0 0
2134.9 -830.3 494.4 183 0 8.2 11.1 5.0 2.5 4 1 2 4 4
2152.0 -813.8 493.9 205 0 15.9 12.1 5.0 2.5 2 0 2 1 1
2172.5 -721.8 497.8 211 0 12.5 15.5 5.0 2.5 2 1 2 2 2
2242.3 -748.8 499.5 114 0 13.1 11.9 5.0 2.5 2 0 2 1 1
2270.6 -740.5 499.2 274 0 9.6 14.6 5.0 2.5 2 1 2 1 1
2022.1 -962.0 493.6 89 0 9.5 10.7 5.0 2.5 2 1 2 2 2
2021.3 -937.6 493.6 272 0 4.8 6.5 5.0 2.5 2 1 2 5 5
2005.0 -943.1 493.8 277 0 20.5 22.6 5.0 2.5 2 1 2 1 1
1988.1 -894.4 495.1 280 0 13.4 14.9 5.0 2.5 4 1 2 2 2
2005.6 -898.5 494.6 290 0 10.1 12.6 5.0 2.5 2 1 2 4 4
2040.4 -912.6 493.6 204 0 13.4 10.2 5.0 2.5 2 0 2 2 2
2066.2 -931.6 493.4 115 0 9.8 12.7 5.0 2.5 2 1 2 0 0
2084.4 -896.6 493.7 17 0 8.1 11.2 5.0 2.5 2 1 2 2 2
2094.7 -859.1 494.8 7 0 9.1 9.0 5.0 2.5 2 0 2 1 1
2086.2 -841.3 494.8 190 0 10.7 11.2 5.0 2.5 2 1 2 5 5
2089.3 -825.0 494.8 191 0 8.5 10.6 5.0 2.5 4 1 2 4 4
2093.0 -807.1 494.9 189 0 7.5 9.1 5.0 2.5 2 1 2 2 2
2096.6 -788.2 494.9 198 0 9.0 11.8 5.0 2.5 2 1 2 1 1
2103.8 -771.8 495.0 208 0 8.0 10.9 5.0 2.5 2 1 2 5 5
2133.9 -738.2 495.7 34 0 9.9 9.0 5.0 2.5 2 0 2 2 2
2164.8 -701.0 496.6 30 0 8.7 10.9 5.0 2.5 2 1 2 4 4
2172.6 -687.5 496.8 23 0 8.9 9.4 5.0 2.5 2 1 2 4 4
2180.2 -671.0 497.0 27 0 9.2 9.1 5.0 2.5 2 0 2 0 0
2214.9 -657.1 499.1 24 0 9.1 6.8 5.0 2.5 2 0 2 4 4
2183.1 -623.4 496.4 191 0 7.5 9.8 5.0 2.5 2 1 2 5 5
2207.1 -604.7 496.3 16 0 17.5 12.0 5.0 2.5 2 0 2 1 1
2210.7 -587.5 495.7 9 0 11.6 13.1 5.0 2.5 2 1 2 4 4
2211.9 -570.6 495.2 10 0 11.0 10.0 5.0 2.5 2 0 2 4 4
2217.5 -593.1 496.9 183 0 13.9 9.8 5.0 2.5 2 0 2 1 1
2220.7 -578.4 496.3 194 0 9.7 11.5 5.0 2.5 2 1 2 1 1
2226.1 -536.7 492.4 190 0 6.8 6.2 5.0 2.5 2 0 2 5 5
2207.9 -548.3 493.5 12 0 11.3 9.5 5.0 2.5 2 0 2 4 4
2187.6 -548.1 492.6 97 0 18.1 11.4 5.0 2.5 4 0 2 5 5
2191.7 -512.5 491.9 282 0 12.7 24.8 5.0 2.5 2 1 2 4 4
2174.9 -521.3 491.8 193 0 9.7 7.6 5.0 2.5 2 0 2 2 2
2291.6 -520.8 482.5 85 0 5.0 16.9 7.5 2.5 2 1 3 4 4
1987.7 -922.9 494.8 79 0 11.4 10.0 5.0 2.5 2 0 2 0 0
1870.2 -907.5 495.9 124 0 23.5 11.7 5.0 2.5 2 0 2 0 0
1860.7 -952.5 495.7 297 0 10.1 17.5 5.0 2.5 2 1 2 0 0
1827.1 -969.4 498.1 122 0 8.8 11.4 5.0 2.5 2 1 2 0 0
1813.5 -938.9 500.1 132 0 11.6 11.2 5.0 2.5 2 0 2 5 5
1835.2 -900.9 496.2 144 0 6.7 8.8 5.0 2.5 2 1 2 4 4
1843.7 -886.6 496.4 149 0 10.9 11.0 5.0 2.5 2 1 2 2 2
1837.1 -811.2 496.8 157 0 11.5 11.1 5.0 2.5 2 0 2 5 5
1847.6 -776.0 496.2 333 0 12.3 12.4 5.0 2.5 2 1 2 1 1
1797.5 -746.7 498.8 129 0 10.4 11.6 5.0 2.5 2 1 2 4 4
1782.4 -733.8 499.0 120 0 10.0 11.2 5.0 2.5 2 1 2 3 3
1759.1 -720.4 499.7 121 0 13.8 12.4 5.0 0.0 0 0 2 4 4
1746.5 -693.6 500.0 295 0 12.1 11.6 5.0 2.5 4 0 2 5 5
920.2 -412.6 513.3 122 0 13.1 11.5 2.5 2.5 2 0 1 0 0
814.8 -411.2 515.5 131 0 10.4 9.9 2.5 2.5 4 0 1 3 3
853.2 -358.7 513.1 163 0 12.4 12.3 5.0 2.5 2 0 2 5 5
730.7 -344.0 515.4 217 0 31.1 20.3 2.5 0.0 0 0 1 4 4
710.5 -375.6 518.1 222 0 21.2 11.6 2.5 2.5 2 0 1 2 2
683.7 -263.1 515.1 148 0 10.1 11.3 5.0 2.5 4 1 2 5 5
647.6 -131.4 512.9 297 0 11.8 11.8 2.5 0.0 0 1 1 2 2
620.9 -150.9 512.7 143 0 9.7 6.6 2.5 2.5 2 0 1 3 3
-567.6 228.1 511.6 132 0 14.9 11.0 5.0 2.5 2 0 2 1 1
-623.7 194.4 507.1 45 0 14.8 10.9 5.0 2.5 2 0 2 5 5
-643.1 219.1 506.4 315 0 12.3 17.1 5.0 2.5 2 1 2 3 3
-663.9 184.0 505.5 46 0 30.4 14.9 5.0 2.5 2 0 2 2 2
-656.8 307.7 514.3 130 0 8.2 12.0 5.0 2.5 2 1 2 3 3
-638.1 300.6 513.6 45 0 11.2 9.2 5.0 2.5 2 0 2 0 0
-823.3 189.0 506.6 102 0 8.7 12.1 5.0 2.5 2 1 2 5 5
-811.4 212.1 505.5 13 0 8.7 6.5 5.0 2.5 2 0 2 0 0
-805.0 230.1 504.4 4 0 7.4 5.6 5.0 2.5 2 0 2 1 1
-801.3 250.9 502.1 17 0 19.6 10.1 5.0 2.5 2 0 2 3 3
-826.2 270.1 501.0 288 0 16.7 14.1 5.0 2.5 2 0 2 3 3
-850.9 284.9 499.9 275 0 9.2 13.3 2.5 2.5 2 1 1 3 3
-879.6 296.4 497.8 11 0 14.7 9.7 2.5 2.5 2 0 1 3 3
-888.0 320.0 496.1 20 0 14.9 9.6 2.5 2.5 2 0 1 1 1
-946.0 356.0 492.7 280 0 11.7 23.7 2.5 2.5 2 1 1 2 2
-995.7 364.8 490.5 282 0 9.7 19.7 2.5 2.5 2 1 1 4 4
-1011.9 367.4 490.0 284 0 10.5 13.7 2.5 2.5 2 1 1 1 1
-1057.1 386.1 490.8 275 0 8.1 21.5 2.5 2.5 2 1 1 2 2
-840.0 386.6 502.0 113 0 6.6 7.3 7.5 2.5 4 1 3 5 5
-804.1 357.7 499.8 14 0 12.5 9.4 2.5 2.5 2 0 1 2 2
-823.2 364.2 498.9 283 0 9.7 8.2 2.5 2.5 2 0 1 5 5
-836.1 373.1 497.9 280 0 9.5 17.5 2.5 2.5 2 1 1 2 2
-856.6 372.8 498.1 282 0 10.2 11.8 2.5 2.5 2 1 1 3 3
-878.1 357.5 496.7 110 0 9.5 16.7 2.5 2.5 2 1 1 1 1
-907.8 386.8 495.3 288 0 12.7 15.6 2.5 2.5 2 1 1 2 2
-939.4 393.8 493.5 291 0 11.3 14.7 2.5 2.5 2 1 1 4 4
-964.1 399.7 492.7 284 0 9.3 13.9 2.5 2.5 2 1 1 4 4
-984.1 404.6 491.5 290 0 21.4 14.2 2.5 2.5 2 0 1 0 0
-1069.8 439.1 491.3 97 0 15.5 15.3 2.5 2.5 2 0 1 2 2
-1072.3 421.2 491.1 270 0 10.1 15.0 2.5 2.5 2 1 1 1 1
-1075.4 382.3 490.6 282 0 10.1 11.4 2.5 0.0 0 1 1 3 3
-1157.1 309.7 493.4 9 0 12.5 13.0 2.5 2.5 2 1 1 0 0
-1161.1 328.1 493.5 0 0 11.9 8.3 2.5 2.5 2 0 1 2 2
-1170.0 333.1 493.9 354 0 12.0 14.0 2.5 2.5 4 1 1 3 3
-1158.7 346.9 493.1 357 0 26.0 11.9 2.5 2.5 4 0 1 1 1
-1165.8 377.8 492.4 269 0 12.5 18.1 2.5 2.5 2 0 1 1 1
-1254.3 253.1 498.1 114 0 29.9 13.5 12.5 0.0 0 0 5 0 0
-1279.9 306.2 500.6 283 0 11.2 15.6 5.0 2.5 2 1 2 0 0
-1304.4 315.9 501.9 109 0 16.0 16.7 2.5 2.5 2 1 1 2 2
-1280.9 321.6 500.0 193 0 13.1 11.8 2.5 2.5 2 0 1 3 3
-1277.0 337.5 499.5 201 0 13.4 6.9 2.5 2.5 2 0 1 4 4
-1272.2 353.8 498.4 194 0 20.9 11.7 2.5 2.5 2 0 1 3 3
-1265.8 378.2 496.6 195 0 29.6 12.2 2.5 2.5 2 0 1 1 1
-1289.9 336.7 501.2 15 0 14.3 11.4 2.5 2.5 2 0 1 1 1
-1283.7 357.0 500.2 12 0 18.3 13.6 2.5 2.5 2 0 1 2 2
-1275.9 380.2 498.3 16 0 17.7 19.7 2.5 2.5 2 1 1 4 4
-1270.9 397.5 497.2 19 0 10.5 21.1 2.5 0.0 0 1 1 5 5
-1267.1 419.3 495.4 16 0 19.5 10.0 2.5 2.5 2 0 1 2 2
-1162.3 437.6 490.6 350 0 13.1 9.7 2.5 2.5 2 0 1 1 1
-1172.8 419.2 490.9 90 0 16.6 16.9 2.5 2.5 2 1 1 1 1
-1192.5 420.7 491.6 100 0 7.8 13.6 2.5 2.5 2 1 1 3 3
-1204.6 419.5 491.8 104 0 13.3 18.1 2.5 0.0 0 1 1 4 4
-1216.5 443.8 491.5 195 0 22.8 14.7 2.5 2.5 2 0 1 3 3
-1235.7 428.6 493.1 108 0 6.4 5.4 5.0 0.0 0 0 2 3 3
-1221.2 459.5 492.5 13 0 10.5 7.1 5.0 2.5 4 0 2 2 2
-1272.8 458.9 494.6 204 0 15.0 16.8 5.0 2.5 2 1 2 3 3
-1265.0 478.6 494.8 202 0 14.1 16.4 5.0 2.5 2 1 2 0 0
-1255.5 500.4 495.7 207 0 21.4 13.8 2.5 2.5 4 0 1 0 0
-1224.9 512.5 495.7 23 0 11.7 27.1 5.0 2.5 2 1 2 3 3
-1201.5 527.2 493.8 26 0 17.4 17.3 5.0 2.5 4 0 2 4 4
-1192.2 549.8 494.1 31 0 13.9 13.4 5.0 2.5 2 0 2 3 3
-1184.4 563.5 494.9 29 0 11.5 10.7 5.0 2.5 2 0 2 1 1
-1179.2 581.7 496.1 289 0 7.6 10.3 5.0 2.5 2 1 2 1 1
-1180.7 542.2 493.7 217 0 14.7 8.8 2.5 0.0 0 0 1 4 4
-1163.4 565.5 494.7 211 0 10.1 9.9 2.5 2.5 2 0 1 2 2
-1135.0 639.6 501.6 30 0 9.5 10.3 5.0 2.5 2 1 2 0 0
-1266.5 535.2 499.3 207 0 7.2 10.0 5.0 2.5 2 1 2 0 0
-1265.9 504.0 497.7 20 0 17.5 17.5 5.0 2.5 2 0 2 2 2
-1298.8 524.7 500.3 297 0 16.9 16.1 5.0 2.5 2 0 2 3 3
-1311.7 486.9 498.4 118 0 20.0 15.8 5.0 2.5 2 0 2 4 4
-1320.1 468.7 497.8 109 0 17.0 15.0 5.0 2.5 2 0 2 5 5
-1316.8 458.8 497.6 110 0 5.2 4.7 5.0 2.5 4 0 2 5 5
-1281.4 462.8 495.6 19 0 13.6 16.5 5.0 2.5 2 1 2 3 3
-1273.3 482.0 496.0 24 0 16.7 18.5 5.0 2.5 2 1 2 2 2
-1402.7 536.8 505.5 208 0 18.9 31.4 5.0 2.5 2 1 2 4 4
-1408.0 541.4 509.1 26 0 15.7 11.9 7.5 2.5 4 0 3 0 0
-1424.0 479.1 506.9 204 0 6.5 6.4 2.5 2.5 2 0 1 0 0
-1355.4 518.6 503.6 298 0 11.4 11.3 5.0 2.5 4 0 2 3 3
-1403.2 420.9 505.4 28 0 30.4 32.7 2.5 0.0 0 1 1 1 1
-1473.0 693.6 510.1 334 0 10.0 9.0 5.0 2.5 4 0 2 2 2
-1443.1 678.5 510.6 238 0 8.3 8.5 5.0 2.5 2 1 2 5 5
-1431.2 694.8 510.2 59 0 29.3 14.8 5.0 2.5 2 0 2 2 2
-1450.4 721.0 510.0 241 0 16.5 11.6 5.0 2.5 2 0 2 3 3
-1420.5 724.8 509.8 59 0 16.1 12.1 5.0 2.5 2 0 2 2 2
-1403.0 718.4 509.5 152 0 10.9 26.4 5.0 2.5 2 1 2 0 0
-1404.4 747.1 509.4 231 0 16.6 10.7 5.0 2.5 2 0 2 3 3
-1461.8 740.0 509.5 57 0 17.3 11.6 5.0 2.5 2 0 2 0 0
-1482.3 767.7 508.8 241 0 13.9 13.8 5.0 2.5 2 0 2 4 4
-1465.3 777.3 509.0 238 0 12.5 12.6 5.0 2.5 2 1 2 4 4
-1437.2 754.1 509.3 54 0 18.3 15.9 5.0 2.5 4 0 2 1 1
-1448.2 788.0 509.1 236 0 12.8 14.5 5.0 2.5 4 1 2 2 2
-1417.3 766.7 508.4 64 0 16.0 17.0 5.0 2.5 2 1 2 4 4
-1431.0 798.8 508.1 235 0 14.6 13.9 5.0 0.0 0 0 2 2 2
-1516.6 822.3 506.7 237 0 14.7 17.5 5.0 2.5 2 1 2 0 0
-1492.4 785.5 507.6 61 0 16.0 15.8 5.0 2.5 2 0 2 3 3
-1496.6 834.4 507.4 240 0 14.9 17.9 5.0 2.5 4 1 2 4 4
-1476.6 795.0 508.1 69 0 14.5 16.0 5.0 2.5 2 1 2 3 3
-1478.3 844.0 507.9 234 0 15.1 16.8 5.0 2.5 2 1 2 4 4
-1458.2 808.4 508.4 58 0 13.0 13.0 5.0 0.0 0 1 2 2 2
-1440.4 818.0 507.7 62 0 12.6 13.3 5.0 2.5 2 1 2 4 4
-1449.4 851.0 507.8 337 0 16.4 14.1 5.0 2.5 4 0 2 5 5
-1532.0 851.5 505.1 61 0 16.0 15.5 5.0 2.5 2 0 2 4 4
-1512.7 861.9 506.1 57 0 14.6 17.5 5.0 2.5 2 1 2 0 0
-1495.3 870.0 507.1 65 0 14.1 18.5 5.0 0.0 0 1 2 1 1
-1476.4 880.9 508.4 68 0 13.5 18.3 5.0 2.5 4 1 2 0 0
-1607.6 832.5 506.2 320 0 10.0 10.2 5.0 2.5 2 1 2 3 3
-1644.8 926.6 496.8 343 0 13.5 8.2 5.0 2.5 2 0 2 2 2
-1677.0 984.6 493.0 341 0 9.9 12.2 5.0 2.5 2 1 2 2 2
-1681.2 1001.4 492.5 348 0 12.5 12.8 5.0 2.5 2 1 2 4 4
-1751.9 1157.5 492.9 147 0 11.6 15.7 5.0 2.5 2 1 2 2 2
-1770.1 1213.4 493.5 175 0 13.6 18.1 5.0 2.5 2 1 2 1 1
-1771.7 1235.0 494.4 177 0 19.3 12.6 5.0 2.5 2 0 2 1 1
-1784.7 1273.1 495.1 165 0 13.1 13.5 5.0 2.5 2 1 2 4 4
-1797.8 1300.3 495.8 161 0 14.0 19.9 5.0 0.0 0 1 2 4 4
-1817.0 1362.4 497.4 164 0 14.5 10.6 5.0 2.5 2 0 2 3 3
-1828.8 1386.7 498.0 157 0 13.8 17.4 5.0 2.5 2 1 2 4 4
-1841.3 1344.6 503.0 340 0 14.4 17.0 5.0 2.5 2 1 2 0 0
-1879.9 1445.0 501.0 121 0 36.3 21.3 5.0 0.0 0 0 2 0 0
-1934.1 1430.9 509.4 317 0 19.2 15.5 2.5 2.5 2 0 1 0 0
-1913.9 1429.5 509.1 309 0 6.5 7.0 2.5 2.5 4 1 1 1 1
-2035.8 1525.9 503.2 305 0 15.0 12.3 5.0 2.5 2 0 2 5 5
-1958.8 1512.7 503.4 140 0 10.4 8.1 2.5 2.5 2 0 1 2 2
-2015.5 1642.9 504.1 320 0 13.2 14.5 5.0 2.5 4 1 2 3 3
-2037.6 1640.1 503.1 308 0 17.6 10.9 5.0 2.5 2 0 2 4 4
-2114.1 1636.8 493.7 128 0 28.2 9.9 5.0 2.5 2 0 2 3 3
-2109.1 1720.2 493.5 140 0 14.3 13.9 5.0 2.5 2 0 2 1 1
-2100.5 1766.4 494.4 232 0 11.4 15.1 5.0 2.5 2 1 2 4 4
-2070.4 1597.3 501.5 131 0 18.3 15.0 5.0 2.5 2 0 2 4 4
-2052.8 1582.9 502.8 138 0 8.7 9.3 5.0 0.0 0 1 2 1 1
-2086.6 1574.0 500.5 319 0 12.9 9.7 5.0 2.5 2 0 2 2 2
-2069.6 1570.3 501.3 311 0 11.9 12.2 5.0 0.0 0 1 2 4 4
-2120.1 1558.9 499.7 133 0 9.9 16.5 5.0 2.5 2 1 2 2 2
-2111.4 1604.7 496.7 310 0 19.7 11.3 5.0 2.5 2 0 2 1 1
-2127.7 1617.1 497.3 314 0 11.6 19.2 5.0 2.5 2 1 2 3 3
-2165.0 1643.1 499.3 319 0 10.0 10.4 5.0 2.5 2 1 2 4 4
-2151.9 1674.3 493.4 132 0 7.2 7.4 5.0 2.5 2 1 2 5 5
-2172.8 1694.1 493.3 140 0 9.5 10.7 5.0 2.5 2 1 2 2 2
-2178.4 1717.5 492.2 129 0 14.9 10.8 5.0 0.0 0 0 2 4 4
-2201.2 1743.6 492.4 135 0 10.9 10.7 5.0 2.5 2 0 2 2 2
-2182.5 1765.0 492.6 314 0 12.4 10.1 5.0 2.5 2 0 2 4 4
-2238.0 1669.2 499.1 121 0 12.5 8.7 5.0 2.5 2 0 2 4 4
-2225.2 1706.4 496.6 312 0 13.8 9.6 5.0 2.5 2 0 2 4 4
-2240.2 1726.3 496.9 319 0 8.3 13.4 5.0 2.5 2 1 2 3 3
-2203.8 1685.2 496.2 320 0 18.7 13.0 5.0 0.0 0 0 2 5 5
-2252.0 1771.2 493.0 152 0 10.0 13.8 5.0 2.5 2 1 2 4 4
-2231.2 1752.4 493.3 160 0 13.4 8.4 5.0 2.5 4 0 2 2 2
-2271.8 1799.2 492.6 142 0 10.7 12.5 5.0 2.5 2 1 2 3 3
-2257.7 1786.3 492.5 126 0 11.3 11.9 5.0 2.5 4 1 2 0 0
-2291.2 1825.7 492.2 138 0 14.4 11.8 5.0 2.5 2 0 2 2 2
-2306.5 1862.3 492.2 314 0 17.0 16.0 5.0 2.5 2 0 2 2 2
-2290.9 1728.8 499.9 226 0 14.7 19.7 5.0 2.5 4 1 2 5 5
-2278.8 1760.2 497.4 316 0 10.8 10.8 5.0 2.5 2 0 2 0 0
-2357.3 1843.3 501.0 319 0 15.9 13.2 5.0 2.5 4 0 2 3 3
-2375.1 1894.5 493.7 133 0 14.2 15.0 5.0 0.0 0 1 2 4 4
-2393.4 1909.1 494.9 139 0 10.7 8.0 5.0 0.0 0 0 2 2 2
-2435.4 1930.9 497.8 322 0 17.5 17.0 5.0 2.5 4 0 2 5 5
-2461.0 1956.7 498.1 324 0 9.8 8.3 5.0 2.5 2 0 2 5 5
-2406.4 1924.7 494.6 147 0 15.4 13.6 5.0 2.5 2 0 2 5 5
-2421.9 1943.2 495.2 142 0 12.8 10.8 5.0 2.5 2 0 2 0 0
-2433.5 1996.1 496.6 228 0 22.4 16.3 5.0 0.0 0 0 2 4 4
-2411.7 1974.4 496.5 132 0 6.3 8.9 5.0 2.5 2 1 2 3 3
-2437.7 2066.8 497.0 299 0 4.1 4.8 5.0 2.5 2 1 2 2 2
-2425.6 2035.7 496.0 43 0 15.4 27.4 5.0 2.5 2 1 2 5 5
-2420.8 2058.3 498.0 136 0 27.3 14.4 5.0 2.5 2 0 2 4 4
-2396.4 2058.5 500.5 128 0 7.9 15.1 5.0 2.5 2 1 2 4 4
-2390.1 2012.9 497.5 316 0 27.7 17.1 5.0 0.0 0 0 2 1 1
-2395.4 1986.3 496.9 331 0 5.2 9.9 5.0 2.5 2 1 2 5 5
-2552.3 2153.0 495.0 136 0 16.7 25.4 10.0 2.5 2 1 4 0 0
-2572.9 2235.9 495.6 301 0 19.9 15.1 10.0 2.5 4 0 4 4 4
