-3088.8 -4893.2 -2.7 169 0 7.6 9.1 2.5 2.5 2 1 1 1 1
-3075.9 -4866.7 -3.0 345 0 4.8 6.3 2.5 2.5 2 1 1 2 2
-3089.4 -4865.6 -2.8 254 0 9.3 11.9 2.5 2.5 2 1 1 1 1
-3083.8 -4847.0 -3.4 351 0 8.7 11.9 5.0 2.5 2 1 2 2 2
-3084.8 -4831.7 -3.8 347 0 5.1 5.2 5.0 0.0 0 1 2 1 1
-3099.9 -4827.5 -3.7 165 0 6.3 9.5 5.0 2.5 2 1 2 2 2
-3088.6 -4805.6 -4.3 354 0 7.1 4.3 5.0 2.5 2 0 2 0 0
-3104.0 -4805.1 -4.1 169 0 10.2 9.1 5.0 2.5 2 0 2 5 5
-3103.3 -4756.8 -5.0 350 0 10.5 7.7 5.0 2.5 2 0 2 4 4
-3107.0 -4732.4 -5.5 350 0 8.5 6.7 5.0 2.5 2 0 2 1 1
-3121.9 -4673.1 -5.1 62 0 5.7 7.4 5.0 2.5 2 1 2 2 2
-3117.3 -4687.3 -5.2 333 0 7.5 9.2 5.0 2.5 2 1 2 0 0
-3110.3 -4704.6 -5.6 335 0 7.2 11.2 5.0 2.5 2 1 2 0 0
-3099.0 -4735.1 -6.5 158 0 9.0 9.9 5.0 2.5 2 1 2 4 4
-3089.4 -4752.2 -6.4 164 0 9.8 8.4 5.0 2.5 2 0 2 2 2
-3067.3 -4770.6 -6.3 342 0 9.4 4.5 5.0 2.5 2 0 2 5 5
-3082.6 -4777.0 -5.8 166 0 8.9 9.5 5.0 0.0 0 1 2 1 1
-3076.2 -4790.2 -5.5 164 0 6.4 6.3 5.0 2.5 2 0 2 5 5
-3076.8 -4799.0 -5.3 165 0 6.6 8.5 5.0 0.0 0 1 2 3 3
-3071.3 -4821.7 -4.9 164 0 10.7 11.7 5.0 2.5 4 1 2 0 0
-3052.8 -4848.7 -4.3 345 0 6.2 5.4 5.0 2.5 2 0 2 0 0
-3070.9 -4849.9 -4.2 169 0 20.8 10.3 5.0 2.5 2 0 2 4 4
-3063.8 -4864.7 -4.1 169 0 7.1 14.2 5.0 2.5 2 1 2 2 2
-3035.3 -4900.2 -3.4 356 0 6.0 4.4 5.0 2.5 2 0 2 3 3
-3039.4 -4884.9 -3.8 350 0 5.9 5.8 5.0 2.5 2 0 2 3 3
-3058.0 -4885.7 -3.6 171 0 8.4 10.2 5.0 2.5 2 1 2 3 3
-3054.5 -4904.9 -3.3 169 0 15.2 13.9 5.0 2.5 2 0 2 2 2
-3051.7 -4920.4 -2.6 170 0 8.0 9.8 5.0 2.5 4 1 2 1 1
-3039.9 -4918.4 -2.9 171 0 6.0 4.5 5.0 2.5 2 0 2 0 0
-3031.0 -4934.4 -3.5 350 0 7.0 5.9 5.0 2.5 2 0 2 2 2
-3048.9 -4936.1 -3.2 170 0 9.1 9.8 5.0 2.5 2 1 2 3 3
-3063.6 -4959.7 -2.8 353 0 6.9 6.0 2.5 2.5 2 0 1 0 0
-3078.5 -4964.4 -2.9 171 0 8.5 7.7 2.5 2.5 4 0 1 0 0
-3105.1 -4993.5 -3.3 85 0 7.9 5.4 5.0 2.5 2 0 2 3 3
-3089.7 -4988.9 -3.1 349 0 6.4 8.3 5.0 2.5 2 1 2 3 3
-3103.9 -5019.8 -3.5 179 0 7.9 6.3 5.0 2.5 2 0 2 0 0
-3085.9 -5005.0 -3.2 345 0 7.6 6.4 5.0 2.5 2 0 2 4 4
-3087.9 -5015.7 -3.4 350 0 8.3 7.9 5.0 2.5 2 0 2 5 5
-3101.9 -5040.2 -3.5 174 0 8.9 6.1 5.0 2.5 2 0 2 5 5
-3080.7 -5039.2 -3.6 356 0 8.4 12.0 5.0 2.5 2 1 2 0 0
-3075.2 -4985.2 -2.9 177 0 8.4 8.0 2.5 2.5 2 0 1 1 1
-3061.1 -4993.9 -2.8 88 0 6.3 7.5 2.5 2.5 2 1 1 1 1
-3046.3 -4960.4 -3.6 170 0 6.6 12.2 5.0 0.0 0 1 2 4 4
-3022.6 -4972.1 -4.1 354 0 9.3 7.8 5.0 2.5 2 0 2 2 2
-3025.5 -4987.6 -4.0 79 0 8.1 7.1 5.0 2.5 2 0 2 0 0
-3037.9 -4987.3 -3.5 85 0 8.8 6.0 5.0 2.5 2 0 2 1 1
-3042.9 -5009.8 -3.5 174 0 9.5 9.0 5.0 2.5 2 0 2 0 0
-3055.7 -5019.2 -3.0 356 0 7.2 4.4 5.0 2.5 2 0 2 4 4
-3070.6 -5015.6 -3.2 172 0 12.4 8.4 5.0 0.0 0 0 2 3 3
-3068.2 -5037.4 -3.5 169 0 9.9 8.1 5.0 2.5 4 0 2 4 4
-3052.5 -5041.7 -3.5 0 0 5.4 6.2 5.0 2.5 2 1 2 4 4
-3017.1 -5032.7 -4.6 356 0 6.7 8.7 5.0 2.5 2 1 2 4 4
-3040.7 -5034.1 -4.0 177 0 8.4 11.9 5.0 2.5 2 1 2 1 1
-3017.1 -5062.7 -5.1 4 0 8.4 8.1 5.0 2.5 2 0 2 4 4
-3037.7 -5059.3 -4.5 168 0 9.2 8.8 5.0 2.5 4 0 2 3 3
-3065.6 -5060.1 -3.9 171 0 9.1 9.8 5.0 2.5 2 1 2 3 3
-3053.1 -5068.4 -4.0 351 0 6.0 7.0 5.0 2.5 2 1 2 3 3
-3065.5 -5083.9 -4.3 183 0 9.0 7.5 5.0 2.5 2 0 2 2 2
-3055.0 -5097.8 -4.3 92 0 7.7 7.5 5.0 2.5 4 0 2 4 4
-3088.3 -5097.0 -3.2 95 0 8.8 8.2 5.0 2.5 2 0 2 3 3
-3098.5 -5098.4 -2.7 92 0 7.6 8.6 5.0 2.5 2 1 2 2 2
-3121.9 -5051.4 -3.0 358 0 9.9 8.2 2.5 2.5 2 0 1 4 4
-3123.8 -5060.7 -2.6 357 0 5.2 6.2 2.5 2.5 2 1 1 4 4
-3122.3 -5070.1 -2.4 357 0 9.6 7.8 2.5 2.5 4 0 1 0 0
-3123.2 -5091.3 -1.9 1 0 7.9 7.3 2.5 2.5 2 0 1 4 4
-3160.3 -5095.9 -1.8 181 0 7.6 9.6 2.5 2.5 4 1 1 5 5
-3125.9 -5139.6 -1.3 6 0 9.3 10.3 2.5 2.5 2 1 1 0 0
-3090.2 -5141.7 -2.9 3 0 8.9 14.6 2.5 2.5 2 1 1 1 1
-3053.2 -5125.7 -4.4 6 0 8.1 9.1 2.5 0.0 0 1 1 5 5
-3054.0 -5136.6 -4.5 7 0 10.4 10.5 2.5 0.0 0 1 1 1 1
-3055.0 -5181.0 -4.8 13 0 15.1 8.5 2.5 0.0 0 0 1 2 2
-3098.1 -5184.1 -2.6 4 0 8.1 9.4 2.5 0.0 0 1 1 5 5
-3099.3 -5196.4 -2.7 6 0 9.1 10.7 2.5 2.5 2 1 1 0 0
-3071.3 -5204.7 -4.7 183 0 6.6 6.4 2.5 2.5 2 0 1 1 1
-3080.5 -5202.5 -4.2 184 0 9.3 7.0 2.5 2.5 2 0 1 1 1
-3084.1 -5219.3 -4.6 184 0 10.0 11.4 2.5 2.5 2 1 1 1 1
-3128.1 -5214.7 -1.7 184 0 9.0 7.9 2.5 2.5 2 0 1 4 4
-3098.5 -5217.9 -3.1 7 0 6.8 12.1 2.5 2.5 2 1 1 0 0
-3122.8 -5230.1 -2.2 179 0 5.1 9.0 2.5 2.5 2 1 1 1 1
-3103.6 -5231.3 -3.0 8 0 8.1 6.6 2.5 2.5 2 0 1 0 0
-3093.6 -5242.7 -4.1 185 0 6.5 6.6 2.5 2.5 2 1 1 3 3
-3104.6 -5245.1 -2.9 3 0 8.2 11.0 2.5 2.5 2 1 1 3 3
-3126.1 -5243.4 -1.9 184 0 6.9 7.2 2.5 2.5 2 1 1 5 5
-3125.9 -5256.1 -2.0 184 0 6.6 7.2 2.5 2.5 2 1 1 4 4
-3134.8 -5264.0 -1.5 186 0 7.6 8.1 2.5 0.0 0 1 1 3 3
-3244.1 -5217.7 -0.8 193 0 8.9 15.4 2.5 2.5 4 1 1 2 2
-3144.1 -5204.0 -0.7 0 0 7.6 11.3 2.5 2.5 2 1 1 0 0
-3165.4 -5215.2 -0.7 196 0 5.6 7.5 2.5 2.5 2 1 1 1 1
-3145.9 -5218.8 -0.7 5 0 6.7 6.9 2.5 2.5 2 1 1 2 2
-3168.1 -5241.0 -0.8 93 0 7.0 6.1 2.5 2.5 4 0 1 5 5
-3148.2 -5241.2 -0.8 9 0 7.8 15.6 2.5 2.5 2 1 1 2 2
-3167.0 -5253.8 -0.8 186 0 7.2 7.9 2.5 2.5 2 1 1 5 5
-3148.9 -5258.4 -0.8 11 0 7.8 8.9 2.5 2.5 2 1 1 3 3
-3152.9 -5277.6 -0.7 7 0 7.5 8.0 2.5 2.5 2 1 1 0 0
-3165.5 -5297.0 -0.7 116 0 5.4 5.7 2.5 2.5 2 1 1 5 5
-3152.0 -5296.7 -0.7 18 0 6.4 6.9 2.5 2.5 2 1 1 1 1
-3137.2 -5283.4 -1.3 185 0 6.6 11.0 2.5 0.0 0 1 1 2 2
-3118.9 -5283.9 -1.9 14 0 4.8 4.4 2.5 0.0 0 0 1 5 5
-3106.7 -5284.5 -2.9 2 0 6.4 9.5 2.5 2.5 2 1 1 4 4
-3090.7 -5257.5 -4.4 183 0 7.6 8.8 2.5 2.5 2 1 1 5 5
-3078.8 -5263.5 -5.2 181 0 5.2 7.7 2.5 0.0 0 1 1 1 1
-3083.2 -5285.7 -5.2 183 0 3.7 8.3 2.5 2.5 4 1 1 3 3
-3094.3 -5285.4 -4.4 189 0 8.9 8.0 2.5 2.5 2 0 1 0 0
-3096.1 -5306.3 -4.3 195 0 8.8 4.6 2.5 2.5 2 0 1 4 4
-3098.0 -5314.7 -4.6 182 0 5.2 7.9 2.5 2.5 2 1 1 1 1
-3129.5 -5303.4 -1.7 176 0 6.0 5.9 2.5 2.5 2 0 1 5 5
-3113.4 -5309.8 -2.6 16 0 7.5 9.8 2.5 0.0 0 1 1 1 1
-3138.4 -5329.9 -0.9 182 0 5.8 6.4 2.5 2.5 2 1 1 2 2
-3120.7 -5333.2 -1.8 24 0 8.7 8.3 2.5 2.5 2 0 1 1 1
-3153.4 -5348.9 0.1 201 0 8.0 6.8 2.5 2.5 2 0 1 0 0
-3137.5 -5353.5 -0.2 19 0 6.7 8.3 2.5 2.5 2 1 1 0 0
-3177.4 -5428.5 0.9 235 0 6.9 8.1 2.5 2.5 2 1 1 1 1
-3172.1 -5442.8 0.5 146 0 8.5 7.3 2.5 2.5 4 0 1 2 2
-3159.3 -5452.5 0.1 52 0 7.0 9.2 2.5 2.5 2 1 1 4 4
-3148.0 -5457.6 -0.5 59 0 9.9 8.2 2.5 2.5 2 0 1 5 5
-3177.6 -4766.3 -3.3 354 0 12.1 9.7 5.0 2.5 2 0 2 4 4
-3176.5 -4738.4 -3.7 350 0 9.4 8.3 5.0 2.5 2 0 2 2 2
-3204.4 -4725.7 -3.5 162 0 11.1 5.2 5.0 2.5 2 0 2 3 3
-3139.2 -5540.1 -2.6 120 0 5.1 4.0 5.0 0.0 0 0 2 0 0
-3138.5 -5529.1 -2.8 207 0 7.5 8.6 7.5 0.0 0 1 3 3 3
-3158.8 -4613.8 -4.0 152 0 13.5 6.3 5.0 2.5 2 0 2 5 5
-3170.6 -4593.4 -3.9 153 0 12.1 7.1 5.0 2.5 2 0 2 2 2
-3249.0 -4589.0 -1.0 255 0 9.5 7.6 5.0 2.5 2 0 2 5 5
-3215.1 -4608.2 -2.0 346 0 9.2 7.2 5.0 2.5 2 0 2 3 3
-3198.5 -4607.3 -2.4 154 0 6.8 5.2 5.0 2.5 2 0 2 2 2
-3183.9 -4602.1 -2.6 337 0 8.0 8.1 5.0 2.5 2 1 2 4 4
-3233.1 -4659.7 -2.7 161 0 7.1 11.8 5.0 2.5 2 1 2 4 4
-3221.5 -4681.3 -3.0 157 0 9.1 9.1 5.0 2.5 2 1 2 3 3
-3171.9 -4628.1 -3.3 340 0 9.8 9.6 5.0 2.5 2 0 2 3 3
-3178.7 -4656.5 -3.5 160 0 6.1 8.2 5.0 2.5 2 1 2 0 0
-3160.7 -4655.7 -3.7 345 0 6.8 7.1 5.0 2.5 4 1 2 4 4
-3147.5 -4673.7 -4.0 343 0 9.0 12.0 5.0 2.5 4 1 2 0 0
-3143.2 -4691.4 -4.1 341 0 9.3 12.9 5.0 2.5 4 1 2 3 3
-3136.8 -4712.8 -4.4 346 0 7.2 6.7 5.0 2.5 2 0 2 5 5
-3146.2 -4714.8 -4.3 345 0 7.1 5.3 5.0 2.5 2 0 2 2 2
-3184.7 -4695.9 -3.5 349 0 12.0 8.9 5.0 2.5 2 0 2 4 4
-3179.8 -4717.5 -3.8 346 0 13.2 8.4 5.0 2.5 2 0 2 2 2
-3156.9 -4744.2 -4.0 170 0 5.5 8.9 5.0 2.5 2 1 2 0 0
-3152.3 -4735.3 -4.2 170 0 5.9 6.8 5.0 2.5 2 1 2 0 0
-3126.3 -4725.7 -4.7 348 0 5.7 6.2 5.0 2.5 2 1 2 1 1
-3129.2 -4735.5 -4.6 350 0 8.5 13.1 5.0 2.5 2 1 2 5 5
-3125.9 -4762.6 -4.1 353 0 7.5 9.5 5.0 2.5 2 1 2 4 4
-3147.1 -4767.3 -3.8 165 0 8.0 9.5 5.0 2.5 2 1 2 4 4
-3145.1 -4780.4 -3.5 177 0 6.4 7.1 5.0 2.5 4 1 2 0 0
-3125.6 -4774.5 -3.8 353 0 5.1 10.3 5.0 2.5 2 1 2 5 5
-3121.2 -4785.9 -3.7 349 0 7.5 13.1 5.0 2.5 4 1 2 2 2
-3118.8 -4806.0 -3.4 348 0 7.8 8.7 5.0 2.5 4 1 2 4 4
-3135.1 -4814.9 -3.1 178 0 6.4 7.1 5.0 2.5 2 1 2 0 0
-3113.7 -4830.9 -3.0 350 0 7.1 9.2 5.0 2.5 2 1 2 1 1
-3130.6 -4835.6 -2.7 173 0 8.4 4.1 5.0 2.5 2 0 2 3 3
-3140.9 -4835.1 -2.7 179 0 7.2 8.2 5.0 2.5 2 1 2 4 4
-3160.2 -4813.3 -2.7 352 0 11.5 8.4 5.0 2.5 2 0 2 5 5
-3174.1 -4842.8 -2.8 169 0 7.6 6.9 5.0 2.5 2 0 2 3 3
-3154.6 -4844.4 -2.8 354 0 16.2 10.0 5.0 0.0 0 0 2 2 2
-3159.8 -4866.8 -2.9 85 0 11.2 6.8 5.0 2.5 2 0 2 1 1
-3117.8 -4856.0 -2.8 85 0 10.3 6.8 5.0 2.5 4 0 2 4 4
-3124.0 -4875.2 -3.0 270 0 3.9 7.5 5.0 2.5 2 1 2 3 3
-3110.0 -4867.5 -2.7 264 0 4.7 4.7 5.0 2.5 4 0 2 5 5
-3107.0 -4877.3 -2.9 349 0 7.1 11.5 5.0 2.5 2 1 2 3 3
-3070.0 -4919.7 -2.8 0 0 4.8 5.5 2.5 2.5 2 1 1 0 0
-3080.9 -4926.2 -2.9 178 0 3.7 4.6 2.5 2.5 2 1 1 3 3
-3084.4 -4917.3 -2.9 177 0 7.5 6.1 2.5 2.5 2 0 1 2 2
-3081.5 -4940.0 -2.9 175 0 11.1 8.4 2.5 2.5 2 0 1 3 3
-3098.8 -4924.4 -3.2 349 0 6.5 11.2 5.0 2.5 2 1 2 2 2
-3117.2 -4946.1 -3.3 178 0 7.5 6.5 5.0 2.5 2 0 2 2 2
-3098.4 -4945.3 -3.2 350 0 9.5 8.0 5.0 2.5 2 0 2 5 5
-3149.1 -4883.0 -3.2 347 0 8.7 7.8 2.5 2.5 2 0 1 0 0
-3161.7 -4883.0 -3.2 266 0 4.9 6.1 2.5 2.5 2 1 1 1 1
-3144.2 -4914.7 -3.5 345 0 17.7 29.1 2.5 0.0 0 1 1 2 2
-3184.9 -4925.0 -3.4 167 0 9.5 11.8 2.5 0.0 0 1 1 3 3
-3227.3 -4976.9 -3.6 184 0 7.5 13.8 2.5 2.5 2 1 1 5 5
-3139.3 -4936.3 -3.5 346 0 7.2 9.1 2.5 0.0 0 1 1 3 3
-3136.6 -4951.5 -3.5 348 0 7.4 9.5 2.5 2.5 2 1 1 2 2
-3132.2 -4963.1 -3.5 355 0 11.8 8.8 2.5 2.5 2 0 1 5 5
-3172.9 -4970.8 -3.5 263 0 6.5 9.2 2.5 2.5 2 1 1 3 3
-3181.4 -5001.2 -3.6 86 0 6.4 8.8 2.5 2.5 2 1 1 4 4
-3172.0 -4998.6 -3.5 87 0 8.9 12.8 2.5 2.5 2 1 1 0 0
-3175.5 -5018.6 -3.5 174 0 15.9 9.4 2.5 2.5 2 0 1 3 3
-3169.0 -5036.8 -2.9 90 0 6.4 6.4 2.5 0.0 0 1 1 0 0
-3147.0 -4991.5 -3.5 354 0 10.0 12.4 2.5 2.5 2 1 1 2 2
-3134.7 -4988.7 -3.5 1 0 9.6 11.3 2.5 2.5 2 1 1 2 2
-3124.0 -5001.7 -3.5 356 0 9.6 26.8 2.5 2.5 2 1 1 2 2
-3137.8 -5017.1 -3.4 355 0 16.6 11.6 2.5 2.5 2 0 1 0 0
-3122.6 -5031.6 -3.2 356 0 11.3 33.9 2.5 2.5 2 1 1 3 3
