-1559.7 1703.0 -2.1 204 0 14.4 9.8 5.0 2.5 2 0 2 3 3
-1449.0 1616.7 1.1 29 0 12.1 7.9 5.0 2.5 2 0 2 3 3
-1429.3 1693.8 1.2 303 0 7.9 9.6 5.0 2.5 2 1 2 2 2
-1475.2 1714.6 0.2 210 0 13.5 23.0 5.0 2.5 2 1 2 5 5
-1444.6 1702.3 0.8 298 0 14.2 10.7 5.0 2.5 2 0 2 5 5
-1441.9 1668.2 0.8 29 0 27.4 11.8 5.0 2.5 2 0 2 4 4
-1471.0 1630.8 0.5 121 0 12.9 29.7 5.0 0.0 0 1 2 1 1
-1498.1 1638.7 -0.2 125 0 10.1 10.2 5.0 2.5 2 1 2 5 5
-1508.8 1648.4 -0.6 124 0 9.6 7.9 5.0 2.5 2 0 2 2 2
-1543.2 1587.7 -0.2 309 0 9.8 10.7 5.0 2.5 2 1 2 0 0
-1509.4 1561.1 1.0 36 0 6.1 5.7 5.0 2.5 4 0 2 1 1
-1526.2 1575.1 0.2 304 0 27.5 11.1 10.0 0.0 0 0 4 0 0
-1509.0 1526.9 1.1 34 0 16.1 10.8 7.5 2.5 2 0 3 2 2
-1520.6 1464.8 1.4 31 0 13.9 8.6 5.0 2.5 4 0 2 3 3
-1526.7 1484.7 1.0 34 0 21.4 11.5 7.5 2.5 2 0 3 2 2
-1582.6 1508.9 -0.4 213 0 10.9 45.7 10.0 2.5 2 1 4 0 0
