-1369.6 6565.3 -1.9 324 0 8.3 10.4 5.0 2.5 2 1 2 0 0
-1399.9 6533.7 -3.1 52 0 34.0 19.1 5.0 0.0 0 0 2 5 5
-1419.3 6554.6 -2.5 140 0 9.9 18.3 5.0 2.5 2 1 2 4 4
-1358.5 6575.6 -1.3 140 0 14.8 9.3 2.5 2.5 2 0 1 2 2
-1370.9 6589.9 -1.1 141 0 14.6 10.2 2.5 2.5 2 0 1 5 5
-1383.5 6604.8 -0.9 138 0 13.0 9.2 2.5 2.5 2 0 1 2 2
-1398.5 6599.1 -1.4 320 0 12.0 10.0 5.0 0.0 0 0 2 0 0
-1388.7 6586.4 -1.6 321 0 8.6 10.1 5.0 2.5 2 1 2 2 2
-1379.6 6575.0 -1.7 320 0 8.5 8.9 5.0 2.5 2 1 2 3 3
-1436.0 6577.0 -2.8 230 0 34.9 16.5 5.0 2.5 2 0 2 1 1
-1486.5 6501.2 -4.7 141 0 24.9 17.9 2.5 2.5 2 0 1 3 3
-1526.1 6569.6 -4.2 319 0 9.7 27.9 5.0 2.5 2 1 2 0 0
-1555.9 6549.6 -4.5 230 0 6.8 7.7 5.0 2.5 2 1 2 5 5
-1524.3 6530.3 -4.6 55 0 21.2 7.6 5.0 2.5 2 0 2 5 5
-1593.8 6407.7 -2.1 2 0 8.7 11.0 2.5 2.5 2 1 1 2 2
-1592.1 6420.5 -2.5 352 0 7.9 13.6 2.5 2.5 2 1 1 4 4
-1593.1 6436.1 -2.9 348 0 16.8 10.8 2.5 0.0 0 0 1 1 1
-1595.7 6455.9 -3.2 343 0 11.4 16.4 2.5 2.5 2 1 1 4 4
-1615.9 6469.4 -2.5 52 0 9.9 9.5 2.5 2.5 2 0 1 0 0
-1609.9 6500.4 -3.1 230 0 14.1 10.4 2.5 2.5 2 0 1 5 5
-1550.5 6508.7 -5.2 50 0 11.4 34.3 5.0 2.5 2 1 2 2 2
-1599.1 6504.8 -4.0 139 0 10.9 31.6 5.0 2.5 2 1 2 5 5
-1559.9 6486.2 -5.7 230 0 19.9 11.4 5.0 2.5 2 0 2 4 4
-1533.9 6507.3 -5.3 227 0 14.5 11.7 5.0 2.5 2 0 2 4 4
-1541.3 6492.0 -5.8 227 0 11.6 12.0 5.0 2.5 2 1 2 1 1
-1519.4 6480.0 -5.9 320 0 11.5 15.4 5.0 2.5 2 1 2 1 1
-1495.5 6477.0 -5.8 318 0 12.6 29.9 5.0 2.5 4 1 2 2 2
-1524.8 6441.6 -6.2 51 0 26.7 13.4 5.0 2.5 2 0 2 1 1
-1543.7 6426.1 -6.1 50 0 17.1 10.6 5.0 2.5 2 0 2 4 4
-1555.8 6416.2 -6.1 54 0 7.7 9.6 5.0 2.5 2 1 2 4 4
-1577.7 6415.7 -5.8 177 0 7.5 13.2 5.0 2.5 2 1 2 0 0
