814.5 -1108.4 0.7 184 0 13.6 5.2 2.5 2.5 2 0 1 4 4
820.0 -1110.5 0.7 185 0 8.1 8.0 2.5 2.5 2 0 1 2 2
815.3 -1095.3 0.7 199 0 5.7 9.4 2.5 2.5 2 1 1 3 3
810.2 -1086.2 0.6 195 0 7.7 10.1 2.5 2.5 2 1 1 4 4
813.7 -1078.5 0.5 197 0 6.3 8.9 2.5 0.0 0 1 1 4 4
823.5 -1081.6 0.5 194 0 7.7 8.6 2.5 2.5 2 1 1 2 2
815.4 -1070.2 0.4 198 0 5.9 11.9 2.5 2.5 2 1 1 3 3
845.0 -1034.5 0.0 282 0 13.2 40.1 2.5 2.5 2 1 1 5 5
863.2 -1086.3 0.6 12 0 14.6 19.5 2.5 2.5 2 1 1 4 4
862.1 -1102.2 0.8 13 0 10.6 28.4 2.5 2.5 2 1 1 2 2
866.7 -1119.4 0.9 14 0 19.3 10.4 2.5 2.5 2 0 1 2 2
864.5 -1134.4 0.9 14 0 9.9 10.4 2.5 0.0 0 1 1 5 5
898.7 -1166.9 0.4 25 0 9.2 10.4 2.5 2.5 2 1 1 3 3
892.7 -1152.1 0.6 29 0 7.8 6.5 2.5 2.5 2 0 1 2 2
895.0 -1128.9 0.8 36 0 4.6 6.4 2.5 2.5 2 1 1 2 2
894.9 -1140.1 0.7 32 0 6.6 5.3 2.5 2.5 2 0 1 2 2
882.5 -1135.2 0.8 211 0 11.1 6.9 2.5 2.5 2 0 1 1 1
873.7 -1148.7 0.7 212 0 14.0 9.1 2.5 2.5 2 0 1 0 0
861.3 -1188.2 0.4 211 0 8.4 7.5 2.5 2.5 2 0 1 5 5
851.5 -1182.4 0.5 209 0 8.1 10.2 2.5 2.5 2 1 1 1 1
858.8 -1171.0 0.6 211 0 9.6 11.6 2.5 2.5 2 1 1 2 2
874.3 -1180.0 0.4 208 0 8.3 8.9 2.5 2.5 2 1 1 0 0
896.6 -1203.5 0.0 16 0 6.0 15.8 2.5 2.5 2 1 1 5 5
897.8 -1194.1 0.1 25 0 8.0 9.1 2.5 2.5 2 1 1 4 4
899.4 -1216.7 -0.2 22 0 5.6 11.9 2.5 2.5 2 1 1 5 5
887.2 -1213.0 -0.1 23 0 9.3 7.5 2.5 2.5 2 0 1 1 1
881.8 -1224.3 -0.5 23 0 7.4 5.4 2.5 2.5 2 0 1 1 1
878.5 -1235.1 -0.6 35 0 7.0 9.8 2.5 2.5 2 1 1 1 1
844.2 -1208.6 -0.2 208 0 15.8 16.9 2.5 2.5 2 1 1 5 5
865.4 -1245.2 -0.8 37 0 8.8 9.8 2.5 2.5 2 1 1 3 3
857.6 -1252.0 -0.9 39 0 7.7 7.1 2.5 2.5 2 0 1 2 2
846.5 -1265.8 -1.1 34 0 7.6 7.6 2.5 2.5 2 0 1 5 5
838.9 -1262.2 -1.2 34 0 6.1 7.3 2.5 2.5 2 1 1 4 4
830.5 -1246.7 -1.1 214 0 6.7 9.9 2.5 2.5 2 1 1 4 4
820.0 -1254.5 -1.3 215 0 5.3 8.5 2.5 2.5 2 1 1 4 4
819.5 -1239.4 -1.0 214 0 11.6 11.5 2.5 2.5 2 0 1 2 2
811.6 -1249.0 -1.2 213 0 9.9 9.1 2.5 2.5 2 0 1 0 0
800.4 -1266.0 -1.5 214 0 8.8 8.0 2.5 2.5 2 0 1 1 1
807.2 -1258.6 -1.4 208 0 7.7 8.4 2.5 2.5 2 1 1 2 2
815.7 -1263.8 -1.4 212 0 7.2 5.2 2.5 2.5 2 0 1 1 1
819.7 -1270.0 -1.4 208 0 8.2 8.1 2.5 2.5 2 0 1 2 2
822.9 -1291.6 -1.5 31 0 7.7 15.4 2.5 2.5 2 1 1 1 1
814.7 -1318.8 -1.7 38 0 8.1 16.1 2.5 2.5 2 1 1 2 2
787.6 -1285.1 -1.8 209 0 9.2 11.8 2.5 2.5 2 1 1 0 0
782.4 -1294.9 -1.9 214 0 9.3 9.6 2.5 2.5 2 1 1 5 5
784.1 -1307.7 -1.9 215 0 7.6 15.6 2.5 2.5 2 1 1 4 4
802.0 -1332.8 -1.9 36 0 9.3 17.3 2.5 2.5 2 1 1 1 1
794.4 -1339.1 -1.9 39 0 6.5 11.8 2.5 2.5 2 1 1 2 2
809.8 -1134.5 0.5 192 0 7.2 9.3 2.5 2.5 2 1 1 0 0
820.6 -1138.1 0.6 194 0 5.8 12.2 2.5 2.5 4 1 1 0 0
816.6 -1146.7 0.5 196 0 5.8 12.4 2.5 2.5 2 1 1 4 4
808.9 -1145.8 0.4 193 0 5.9 5.7 2.5 2.5 2 0 1 2 2
809.8 -1155.1 0.3 191 0 5.7 5.6 2.5 2.5 2 0 1 5 5
816.1 -1154.1 0.5 197 0 8.4 12.6 2.5 2.5 4 1 1 1 1
843.1 -1176.6 0.7 29 0 8.9 13.6 2.5 2.5 2 1 1 5 5
818.7 -1170.0 0.4 107 0 10.5 9.3 2.5 2.5 2 0 1 3 3
806.2 -1180.2 -0.1 205 0 7.8 13.4 2.5 2.5 2 1 1 0 0
828.3 -1187.8 0.4 301 0 16.1 6.7 2.5 2.5 2 0 1 0 0
829.9 -1205.0 0.3 31 0 8.3 9.9 2.5 2.5 4 1 1 4 4
819.8 -1191.8 0.2 303 0 8.3 6.3 2.5 2.5 2 0 1 2 2
804.3 -1192.5 -0.2 215 0 11.6 7.1 2.5 2.5 4 0 1 3 3
818.4 -1204.1 -0.1 33 0 7.6 10.2 2.5 2.5 2 1 1 3 3
822.4 -1218.3 -0.3 36 0 9.5 16.0 2.5 2.5 2 1 1 3 3
818.6 -1227.0 -0.5 36 0 7.4 12.1 2.5 0.0 0 1 1 2 2
796.1 -1213.6 -0.7 214 0 7.7 7.7 2.5 0.0 0 0 1 1 1
785.3 -1216.0 -1.1 217 0 7.2 13.1 2.5 0.0 0 1 1 0 0
802.1 -1243.7 -1.4 34 0 10.1 11.2 2.5 0.0 0 1 1 2 2
804.3 -1230.5 -0.9 37 0 7.7 6.6 2.5 2.5 2 0 1 3 3
783.1 -1226.5 -1.4 218 0 7.8 11.6 2.5 2.5 2 1 1 0 0
776.7 -1233.0 -1.8 210 0 6.2 8.4 2.5 2.5 2 1 1 0 0
778.5 -1243.2 -1.8 211 0 8.6 14.6 2.5 2.5 2 1 1 3 3
796.7 -1255.9 -1.6 30 0 9.0 7.3 2.5 2.5 2 0 1 3 3
791.1 -1263.4 -1.8 30 0 8.4 9.4 2.5 2.5 2 1 1 0 0
771.8 -1248.8 -1.9 217 0 6.6 13.2 2.5 2.5 2 1 1 4 4
757.2 -1247.3 -2.3 38 0 7.3 9.8 5.0 2.5 2 1 2 5 5
760.7 -1252.6 -2.1 217 0 5.5 8.7 2.5 2.5 2 1 1 5 5
768.4 -1258.1 -2.0 219 0 8.7 4.5 2.5 2.5 2 0 1 0 0
785.3 -1271.0 -1.9 33 0 7.6 12.4 2.5 2.5 2 1 1 1 1
782.6 -1279.8 -2.0 34 0 7.9 16.8 2.5 2.5 2 1 1 1 1
770.2 -1282.3 -2.1 36 0 7.2 7.2 2.5 0.0 0 1 1 4 4
750.3 -1264.3 -2.2 217 0 7.6 17.3 2.5 2.5 2 1 1 2 2
743.4 -1275.1 -2.3 221 0 6.8 14.5 2.5 2.5 2 1 1 0 0
753.0 -1305.0 -2.2 31 0 9.8 10.1 2.5 2.5 2 1 1 1 1
762.0 -1311.8 -2.2 29 0 8.7 10.5 2.5 2.5 4 1 1 0 0
726.4 -1298.9 -2.3 217 0 5.9 10.8 2.5 2.5 2 1 1 4 4
712.4 -1320.7 -2.3 206 0 8.5 17.8 2.5 2.5 2 1 1 3 3
746.6 -1338.6 -2.3 31 0 8.2 17.4 2.5 2.5 2 1 1 4 4
740.8 -1347.7 -2.3 30 0 9.6 17.9 2.5 2.5 2 1 1 4 4
733.5 -1355.2 -2.3 30 0 8.7 16.9 2.5 2.5 2 1 1 4 4
729.2 -1364.4 -2.3 32 0 8.5 18.1 2.5 0.0 0 1 1 1 1
757.4 -1337.0 -2.3 210 0 15.0 9.3 2.5 2.5 2 0 1 4 4
751.5 -1347.9 -2.3 211 0 7.7 7.4 2.5 0.0 0 0 1 3 3
759.8 -1354.8 -2.3 215 0 10.0 7.7 2.5 2.5 2 0 1 3 3
763.4 -1371.3 -2.3 31 0 6.2 6.1 2.5 2.5 2 0 1 3 3
-1343.0 -4002.7 -3.2 44 0 10.3 15.0 7.5 0.0 0 1 3 2 2
-839.7 -4625.9 -1.0 45 0 4.6 6.0 5.0 2.5 2 1 2 4 4
-834.5 -4623.2 -0.8 63 0 5.3 8.5 5.0 2.5 2 1 2 3 3
-840.4 -4601.1 -0.8 332 0 6.7 5.2 5.0 2.5 2 0 2 2 2
-854.8 -4585.0 -1.0 244 0 8.7 6.3 7.5 0.0 0 0 3 4 4
-859.5 -4597.5 -1.3 240 0 10.7 5.9 5.0 0.0 0 0 2 4 4
-854.9 -4616.8 -1.3 62 0 3.8 8.0 7.5 2.5 4 1 3 0 0
-867.0 -4618.5 -1.6 149 0 9.8 5.8 5.0 2.5 2 0 2 4 4
-1282.5 -3912.1 -1.5 337 0 10.8 6.7 7.5 2.5 2 0 3 5 5
-1311.7 -3887.1 -0.4 239 0 9.5 16.5 7.5 2.5 2 1 3 0 0
-1323.6 -3905.3 -0.2 228 0 8.0 8.2 2.5 2.5 4 1 1 1 1
-1320.1 -3925.7 -1.1 160 0 9.5 8.0 2.5 2.5 2 0 1 5 5
-1302.7 -3928.2 -1.6 66 0 9.9 12.7 7.5 2.5 2 1 3 1 1
-1327.0 -3972.5 -2.5 44 0 7.9 9.5 7.5 2.5 2 1 3 2 2
-1332.0 -3980.1 -2.7 47 0 5.1 11.1 7.5 2.5 2 1 3 5 5
-1335.0 -3991.8 -3.2 42 0 9.0 14.4 7.5 2.5 2 1 3 0 0
-1352.2 -4006.4 -2.9 47 0 5.3 9.9 2.5 2.5 2 1 1 1 1
-1359.0 -4030.8 -3.0 50 0 6.6 8.5 5.0 2.5 2 1 2 1 1
-1342.3 -4019.4 -3.4 41 0 6.5 8.8 2.5 0.0 0 1 1 1 1
-1345.9 -4028.4 -3.4 42 0 7.1 10.7 5.0 0.0 0 1 2 4 4
-1355.2 -4017.9 -3.0 47 0 10.0 16.9 2.5 2.5 2 1 1 0 0
-1379.8 -3982.7 -2.2 227 0 8.0 16.9 5.0 2.5 2 1 2 1 1
-1381.5 -3996.6 -2.2 230 0 11.0 9.9 7.5 2.5 2 0 3 0 0
-1387.9 -3989.1 -1.8 230 0 10.3 8.9 7.5 2.5 2 0 3 3 3
-1394.8 -3996.8 -1.6 230 0 7.7 7.5 7.5 2.5 4 0 3 3 3
-1389.3 -4003.2 -1.9 231 0 7.6 8.8 7.5 2.5 2 1 3 5 5
-1407.6 -4001.3 -1.4 227 0 8.1 11.1 7.5 2.5 2 1 3 4 4
-1398.8 -4010.0 -1.8 229 0 8.7 9.3 7.5 2.5 2 1 3 3 3
-1376.6 -4028.4 -2.4 47 0 8.0 10.0 5.0 2.5 2 1 2 2 2
-1373.0 -4033.7 -2.6 46 0 7.3 5.1 7.5 2.5 2 0 3 0 0
-1363.9 -4039.6 -3.0 48 0 5.1 7.8 2.5 0.0 0 1 1 1 1
-1380.4 -4043.1 -2.7 51 0 9.1 6.2 7.5 2.5 2 0 3 2 2
-1373.6 -4051.1 -3.1 50 0 10.6 10.1 5.0 2.5 2 0 2 5 5
-1392.3 -4042.9 -2.4 52 0 7.2 9.7 2.5 2.5 2 1 1 2 2
-1389.5 -4046.9 -2.6 52 0 7.7 4.0 7.5 2.5 2 0 3 5 5
-1386.1 -4052.2 -2.8 53 0 8.4 5.6 5.0 2.5 2 0 2 3 3
-1381.9 -4057.2 -3.1 54 0 8.0 4.7 7.5 2.5 2 0 3 0 0
-1393.2 -4058.2 -2.8 56 0 6.4 6.7 2.5 2.5 2 1 1 5 5
-1398.3 -4052.8 -2.5 56 0 8.9 5.3 5.0 2.5 2 0 2 1 1
-1402.8 -4047.9 -2.3 50 0 7.7 8.8 7.5 2.5 2 1 3 2 2
-1417.1 -4023.4 -1.6 234 0 7.9 10.2 5.0 2.5 2 1 2 5 5
-1495.9 -3968.5 -0.4 85 0 17.8 9.9 5.0 2.5 4 0 2 4 4
-1483.7 -3974.6 0.7 174 0 21.9 12.0 10.0 2.5 2 0 4 5 5
-1443.2 -4013.0 -0.3 327 0 6.0 9.0 7.5 2.5 2 1 3 1 1
-1432.9 -4020.7 -0.8 322 0 6.4 10.2 2.5 2.5 2 1 1 3 3
-1439.3 -4057.1 -1.6 58 0 7.7 8.8 7.5 2.5 2 1 3 0 0
-1441.8 -4034.3 -1.2 238 0 8.7 7.4 7.5 2.5 2 0 3 4 4
-1430.3 -4049.7 -1.6 54 0 9.9 10.0 7.5 2.5 2 1 3 1 1
-1426.6 -4034.3 -1.6 231 0 10.5 9.2 7.5 2.5 2 0 3 5 5
-1409.5 -4058.4 -2.4 52 0 6.3 11.3 5.0 2.5 2 1 2 1 1
-1420.7 -4062.3 -2.3 55 0 8.0 7.5 2.5 2.5 2 0 1 2 2
-1416.5 -4070.5 -2.6 54 0 8.4 4.8 7.5 2.5 2 0 3 1 1
-1457.7 -4038.6 -0.8 236 0 10.9 4.3 7.5 0.0 0 0 3 0 0
-1457.7 -4050.1 -1.7 235 0 11.9 17.6 7.5 2.5 2 1 3 0 0
-1479.2 -4043.6 -1.0 238 0 7.9 8.3 5.0 2.5 2 1 2 1 1
-1470.7 -4051.0 -1.5 237 0 8.3 13.0 2.5 2.5 2 1 1 2 2
-1493.3 -4046.7 -1.2 239 0 10.0 6.8 7.5 2.5 2 0 3 4 4
-1491.9 -4059.9 -1.4 147 0 6.6 11.7 5.0 0.0 0 1 2 5 5
-1481.2 -4071.5 -1.8 143 0 10.6 8.6 5.0 2.5 2 0 2 4 4
-1464.5 -4091.1 -2.6 115 0 13.7 15.2 10.0 2.5 2 1 4 2 2
-1438.9 -4082.6 -2.4 51 0 9.2 7.1 7.5 2.5 2 0 3 3 3
-1436.5 -4091.9 -2.7 56 0 6.8 6.0 2.5 2.5 2 0 1 0 0
