-2836.8 3289.8 -15.0 303 0 3.2 7.1 5.0 2.5 2 1 2 1 1
-2636.8 3137.1 -16.4 214 0 7.2 9.7 5.0 2.5 2 1 2 5 5
-2616.7 3532.2 -15.2 215 0 7.4 13.5 2.5 2.5 2 1 1 5 5
-2654.5 3523.3 -15.0 40 0 8.5 13.1 5.0 0.0 0 1 2 5 5
-2670.8 3529.2 -14.8 126 0 4.2 6.8 5.0 2.5 2 1 2 3 3
-2674.0 3452.5 -15.3 216 0 9.9 13.8 5.0 2.5 2 1 2 3 3
-2693.7 3466.2 -15.0 34 0 7.9 14.4 5.0 2.5 2 1 2 1 1
-2776.8 3354.0 -15.0 34 0 6.8 6.4 5.0 2.5 2 0 2 2 2
-2773.7 3360.9 -15.0 36 0 5.5 6.6 5.0 2.5 2 1 2 0 0
-2828.2 3280.0 -15.1 34 0 7.8 9.2 5.0 2.5 2 1 2 3 3
-2841.4 3279.8 -15.0 28 0 5.5 4.9 5.0 2.5 2 0 2 5 5
-2833.7 3274.8 -15.1 32 0 4.2 7.4 5.0 2.5 2 1 2 1 1
-2843.0 3248.2 -15.2 43 0 9.0 6.7 5.0 2.5 2 0 2 4 4
-2816.0 3202.8 -15.9 309 0 7.0 9.4 5.0 0.0 0 1 2 4 4
-2687.7 3075.2 -16.7 218 0 6.5 7.9 5.0 2.5 2 1 2 5 5
-2677.9 3087.8 -16.5 220 0 6.7 9.4 5.0 0.0 0 1 2 5 5
-2659.2 3169.9 -16.2 31 0 7.6 8.1 5.0 2.5 4 1 2 2 2
-2658.2 3194.0 -16.2 216 0 5.7 4.7 5.0 2.5 2 0 2 2 2
-2658.4 3182.6 -16.2 36 0 4.7 4.6 5.0 2.5 2 0 2 5 5
-2649.5 3177.8 -16.2 38 0 3.6 4.0 5.0 2.5 2 1 2 5 5
-2663.8 3163.8 -16.2 32 0 4.1 3.8 5.0 2.5 2 0 2 4 4
-2633.1 3151.7 -16.1 220 0 4.9 4.3 5.0 2.5 2 0 2 2 2
-2582.9 3271.4 -16.2 43 0 8.9 13.0 2.5 2.5 2 1 1 3 3
-2593.6 3281.9 -16.1 37 0 8.5 10.1 2.5 2.5 4 1 1 1 1
-2605.5 3239.4 -16.2 35 0 7.9 7.2 2.5 2.5 2 0 1 0 0
-2582.6 3222.9 -16.1 220 0 10.9 10.6 2.5 2.5 2 0 1 1 1
-2535.7 3225.9 -15.7 37 0 10.7 13.2 2.5 2.5 2 1 1 1 1
-2537.0 3261.9 -15.8 222 0 7.6 4.8 2.5 2.5 2 0 1 2 2
-2547.1 3267.9 -16.0 218 0 13.3 10.4 2.5 2.5 2 0 1 0 0
-2512.9 3299.8 -15.8 223 0 9.3 6.2 2.5 2.5 2 0 1 5 5
-2525.3 3293.7 -15.9 219 0 6.4 4.8 2.5 2.5 2 0 1 3 3
-2524.2 3303.5 -16.0 214 0 9.8 8.1 2.5 2.5 2 0 1 4 4
-2510.4 3322.3 -16.0 225 0 5.4 4.3 2.5 2.5 2 0 1 3 3
-2505.4 3329.5 -16.0 215 0 7.6 6.9 2.5 2.5 2 0 1 2 2
-2490.2 3341.8 -15.9 216 0 7.2 9.1 2.5 2.5 2 1 1 5 5
-2441.6 3407.1 -15.9 42 0 6.1 5.2 2.5 2.5 2 0 1 4 4
-2506.3 3414.3 -16.1 213 0 8.0 3.4 2.5 2.5 2 0 1 3 3
-2486.1 3401.3 -16.2 33 0 7.0 17.4 2.5 2.5 2 1 1 1 1
-2469.7 3428.5 -16.2 36 0 9.5 8.7 2.5 2.5 2 0 1 2 2
-2245.9 3735.6 -16.6 37 0 9.5 20.6 5.0 2.5 2 1 2 0 0
-2322.6 3585.7 -17.6 216 0 7.0 12.4 2.5 2.5 2 1 1 1 1
-2311.3 3592.9 -17.6 215 0 8.6 7.2 2.5 2.5 2 0 1 0 0
-2306.7 3603.9 -17.6 217 0 6.5 7.0 2.5 0.0 0 1 1 4 4
-2339.8 3560.6 -17.4 219 0 7.2 6.4 2.5 2.5 2 0 1 0 0
-2374.6 3497.7 -15.8 222 0 7.7 6.0 2.5 2.5 2 0 1 1 1
-2375.4 3511.5 -15.9 220 0 8.9 9.3 2.5 2.5 2 1 1 0 0
-2409.3 3453.0 -15.9 217 0 7.8 8.0 2.5 2.5 2 1 1 2 2
-2405.3 3462.8 -15.9 215 0 10.5 10.7 2.5 2.5 4 1 1 2 2
-2433.8 3484.5 -16.2 35 0 9.4 11.6 2.5 2.5 2 1 1 1 1
-2444.4 3478.8 -16.1 31 0 6.7 5.4 2.5 2.5 2 0 1 5 5
-2417.2 3515.9 -16.1 23 0 3.7 4.4 2.5 2.5 2 1 1 3 3
-2413.8 3498.7 -16.2 41 0 7.0 6.6 2.5 2.5 4 0 1 5 5
-2401.8 3543.3 -16.2 305 0 13.4 6.4 2.5 2.5 2 0 1 0 0
-2409.3 3526.3 -16.1 36 0 11.4 6.9 2.5 2.5 2 0 1 1 1
-2460.1 3581.8 -15.7 315 0 3.0 3.3 2.5 2.5 2 1 1 0 0
-2423.9 3607.1 -16.7 37 0 3.1 14.9 5.0 2.5 4 1 2 1 1
-2441.1 3598.1 -16.6 130 0 9.9 14.1 5.0 2.5 2 1 2 0 0
-2517.6 3652.5 -15.8 124 0 4.3 9.7 5.0 2.5 2 1 2 3 3
-2526.7 3667.6 -15.8 216 0 10.3 13.1 5.0 2.5 2 1 2 1 1
-2533.2 3626.1 -15.2 311 0 6.2 6.4 2.5 2.5 2 1 1 2 2
-2549.4 3629.0 -15.2 220 0 8.6 8.4 2.5 0.0 0 0 1 3 3
-2573.1 3585.0 -15.2 212 0 11.8 5.9 2.5 0.0 0 0 1 2 2
-2556.6 3655.5 -15.1 306 0 8.9 5.0 5.0 2.5 2 0 2 3 3
-2579.7 3659.8 -15.2 249 0 11.2 19.8 5.0 0.0 0 1 2 2 2
-2580.8 3633.5 -14.8 36 0 6.7 9.1 5.0 0.0 0 1 2 3 3
-2595.1 3655.2 -15.1 304 0 12.8 8.8 5.0 2.5 2 0 2 5 5
-2570.9 3699.5 -15.5 132 0 8.8 6.6 2.5 0.0 0 0 1 0 0
-2558.2 3686.0 -15.4 131 0 8.2 10.4 2.5 2.5 2 1 1 2 2
-2544.1 3677.8 -15.3 38 0 10.7 8.9 2.5 2.5 2 0 1 0 0
-2533.7 3698.9 -15.4 41 0 7.5 6.5 2.5 2.5 2 0 1 1 1
-2529.4 3718.9 -15.5 32 0 3.8 3.4 2.5 2.5 2 0 1 0 0
-2521.1 3714.2 -15.5 30 0 4.1 6.5 2.5 2.5 2 1 1 2 2
-2521.5 3721.1 -15.5 41 0 3.2 4.1 2.5 0.0 0 1 1 3 3
-2525.5 3724.5 -15.6 32 0 3.4 3.8 2.5 2.5 4 1 1 0 0
-2514.0 3724.7 -15.6 36 0 8.6 9.2 2.5 2.5 2 1 1 4 4
-2481.8 3705.2 -16.2 218 0 3.5 4.8 5.0 2.5 2 1 2 3 3
-2487.5 3699.5 -16.1 215 0 5.0 4.9 5.0 2.5 2 0 2 1 1
-2489.3 3712.4 -16.0 217 0 8.3 9.0 5.0 2.5 4 1 2 1 1
-2494.6 3705.0 -15.8 212 0 4.7 3.8 5.0 2.5 2 0 2 2 2
-2459.6 3735.1 -16.6 210 0 5.7 9.3 5.0 2.5 4 1 2 3 3
-2485.0 3773.2 -15.8 43 0 4.2 4.8 2.5 2.5 2 1 1 0 0
-2472.1 3778.5 -15.8 39 0 7.8 12.9 2.5 2.5 2 1 1 0 0
-2392.6 3880.9 -16.3 31 0 7.8 9.6 5.0 2.5 2 1 2 5 5
-2578.6 4203.7 -17.0 129 0 6.8 8.7 2.5 2.5 2 1 1 1 1
-2604.5 4220.3 -16.8 125 0 7.3 12.9 2.5 2.5 2 1 1 3 3
-2699.8 4290.6 -16.5 129 0 7.3 7.0 5.0 0.0 0 0 2 3 3
-2649.1 4252.9 -16.2 130 0 4.6 7.2 5.0 2.5 2 1 2 1 1
-2660.4 4261.9 -16.3 125 0 8.5 7.1 5.0 2.5 2 0 2 5 5
-3331.5 4233.8 -20.2 130 0 10.2 22.7 5.0 0.0 0 1 2 0 0
-2546.8 3326.1 -16.2 35 0 10.1 8.7 2.5 2.5 2 0 1 1 1
-2527.6 3345.1 -16.2 38 0 7.5 8.5 2.5 2.5 2 1 1 3 3
-2611.3 3596.1 -14.8 40 0 3.7 5.3 5.0 0.0 0 1 2 5 5
-2599.1 3596.2 -15.0 39 0 7.2 6.0 5.0 2.5 2 0 2 0 0
-2602.3 3606.1 -14.8 36 0 9.4 8.5 5.0 2.5 2 0 2 4 4
-2661.2 3720.5 -16.1 309 0 6.4 14.8 2.5 2.5 2 1 1 5 5
-2677.7 3790.5 -16.8 213 0 9.5 15.7 5.0 2.5 2 1 2 1 1
-2685.3 3768.9 -16.9 126 0 22.2 14.7 5.0 2.5 2 0 2 3 3
-2703.5 3749.4 -16.6 309 0 12.8 14.6 2.5 2.5 2 1 1 3 3
-2730.1 3763.2 -17.1 35 0 9.9 6.5 5.0 2.5 2 0 2 5 5
-2735.9 3755.5 -17.1 34 0 4.5 4.5 5.0 2.5 2 1 2 2 2
-2740.8 3746.8 -17.1 39 0 8.2 5.9 5.0 2.5 2 0 2 2 2
-2720.4 3795.3 -17.3 124 0 10.0 7.9 5.0 2.5 2 0 2 1 1
-2731.4 3854.4 -17.6 36 0 3.7 5.3 5.0 0.0 0 1 2 5 5
-2748.1 3813.2 -17.6 126 0 13.1 25.7 5.0 0.0 0 1 2 5 5
-2724.3 3833.5 -17.6 37 0 6.9 23.2 5.0 2.5 2 1 2 0 0
-2768.9 3863.0 -18.0 218 0 8.4 12.3 5.0 2.5 2 1 2 5 5
-2793.0 3807.5 -17.4 310 0 7.9 14.4 5.0 0.0 0 1 2 4 4
-2806.1 3794.3 -17.2 39 0 5.1 7.4 5.0 2.5 2 1 2 4 4
-2816.2 3823.1 -17.6 304 0 6.6 14.4 5.0 2.5 2 1 2 0 0
-2824.3 3830.5 -17.8 307 0 9.0 15.5 5.0 2.5 2 1 2 2 2
-2854.0 3993.2 -16.9 312 0 4.2 5.7 2.5 2.5 2 1 1 3 3
-2860.1 3979.8 -17.1 41 0 4.6 8.2 2.5 2.5 2 1 1 5 5
-2875.6 3977.6 -17.2 216 0 7.0 7.3 2.5 2.5 2 1 1 2 2
-2875.6 3923.4 -18.1 35 0 4.7 3.4 2.5 2.5 2 0 1 1 1
-2867.3 3954.5 -17.9 32 0 14.2 6.3 2.5 0.0 0 0 1 2 2
-2875.0 3941.3 -17.9 36 0 6.2 4.6 2.5 2.5 2 0 1 0 0
-2880.9 3929.5 -17.9 34 0 11.4 8.0 2.5 2.5 2 0 1 5 5
-2845.4 3894.3 -18.8 120 0 4.8 4.7 5.0 2.5 2 0 2 1 1
-2851.5 3898.0 -18.8 124 0 3.6 6.2 5.0 2.5 2 1 2 0 0
-2861.4 3896.9 -18.9 121 0 9.5 15.5 5.0 2.5 2 1 2 1 1
-2846.3 3906.8 -18.7 209 0 3.1 4.6 5.0 2.5 2 1 2 5 5
-2826.3 3954.8 -18.0 209 0 9.3 15.1 5.0 2.5 2 1 2 3 3
-2815.0 3939.1 -18.0 33 0 4.2 6.2 5.0 2.5 2 1 2 2 2
-2832.9 3942.3 -18.2 216 0 7.5 12.9 5.0 2.5 4 1 2 0 0
-2780.9 3990.6 -17.1 36 0 9.0 4.9 5.0 2.5 2 0 2 1 1
-2792.7 4000.0 -17.2 218 0 10.4 9.3 5.0 2.5 4 0 2 2 2
-2770.3 4030.5 -16.7 218 0 4.9 6.8 5.0 2.5 4 1 2 4 4
-2726.1 4074.7 -17.0 46 0 4.2 4.5 5.0 2.5 2 1 2 0 0
-2729.9 4087.4 -17.1 216 0 7.5 9.7 5.0 2.5 2 1 2 3 3
-2701.4 4120.6 -17.8 213 0 11.0 6.2 5.0 2.5 2 0 2 1 1
-2689.8 4113.7 -17.7 36 0 8.2 6.1 5.0 2.5 2 0 2 0 0
-2683.6 4157.1 -16.9 216 0 8.2 16.4 5.0 2.5 2 1 2 0 0
-2673.3 4167.3 -16.9 217 0 5.2 12.5 5.0 2.5 2 1 2 4 4
-2758.3 4328.5 -16.4 125 0 10.3 16.0 2.5 0.0 0 1 1 5 5
-2780.5 4347.7 -16.3 123 0 14.7 13.0 2.5 2.5 2 0 1 3 3
-2833.2 4386.5 -16.1 123 0 13.6 11.2 2.5 2.5 4 0 1 5 5
-2879.9 4378.8 -16.2 302 0 4.2 7.4 5.0 2.5 2 1 2 4 4
-2901.3 4384.4 -16.2 221 0 11.0 8.0 5.0 2.5 4 0 2 1 1
-2954.4 4371.3 -17.0 35 0 9.8 14.5 5.0 2.5 2 1 2 2 2
-3015.6 4286.2 -17.3 42 0 6.2 3.8 5.0 2.5 2 0 2 0 0
-3023.0 4267.7 -17.4 33 0 9.7 11.7 5.0 2.5 2 1 2 1 1
-2999.7 4243.6 -17.2 131 0 6.4 8.4 5.0 2.5 2 1 2 1 1
-3114.2 4084.9 -19.7 127 0 8.6 17.0 5.0 2.5 2 1 2 3 3
-3089.9 4090.6 -19.6 35 0 3.7 9.1 5.0 2.5 2 1 2 0 0
-3095.3 4120.7 -20.2 216 0 13.6 18.5 5.0 2.5 2 1 2 5 5
-3030.3 4167.8 -19.1 22 0 5.8 6.2 5.0 2.5 2 1 2 4 4
-3042.7 4187.5 -19.2 181 0 12.9 14.2 5.0 2.5 2 1 2 2 2
-3074.6 4142.6 -20.0 221 0 12.2 7.8 5.0 2.5 2 0 2 5 5
-3057.1 4167.6 -19.8 218 0 13.4 9.9 5.0 2.5 2 0 2 0 0
-3048.6 4261.3 -18.5 310 0 8.9 14.1 5.0 2.5 2 1 2 0 0
-3069.9 4226.2 -19.7 38 0 11.9 8.1 5.0 2.5 2 0 2 2 2
-3078.7 4203.1 -19.9 36 0 6.9 3.4 5.0 2.5 2 0 2 5 5
-3087.5 4201.3 -20.1 36 0 15.5 8.3 5.0 2.5 2 0 2 1 1
-3102.6 4210.3 -20.1 216 0 6.2 7.7 5.0 2.5 2 1 2 5 5
-3105.4 4179.1 -20.2 36 0 14.2 7.5 5.0 2.5 2 0 2 4 4
-3119.4 4153.3 -20.1 37 0 7.7 13.5 5.0 2.5 2 1 2 0 0
-3147.2 4092.9 -19.3 37 0 4.9 5.5 5.0 2.5 2 1 2 1 1
-3161.1 4117.8 -19.6 125 0 9.5 8.5 5.0 2.5 2 0 2 3 3
-3167.2 4124.6 -19.6 129 0 4.6 6.0 5.0 2.5 4 1 2 1 1
-3183.5 4132.6 -19.6 127 0 9.4 9.7 5.0 2.5 2 1 2 2 2
-3302.0 4086.4 -18.7 125 0 7.5 8.7 5.0 2.5 2 1 2 4 4
-3284.5 4078.7 -19.0 34 0 8.0 14.1 5.0 2.5 2 1 2 5 5
-3264.3 4048.6 -19.1 220 0 5.7 5.3 5.0 2.5 2 0 2 2 2
-3270.3 4052.7 -19.1 214 0 8.3 5.2 5.0 2.5 2 0 2 3 3
-3213.9 4115.9 -19.2 306 0 10.2 14.9 5.0 2.5 2 1 2 5 5
-3258.8 4118.9 -19.0 36 0 4.5 4.5 5.0 2.5 2 0 2 1 1
-3314.5 4227.4 -19.8 40 0 5.9 7.9 5.0 2.5 2 1 2 0 0
-3301.9 4240.8 -19.7 25 0 3.8 6.0 5.0 2.5 2 1 2 5 5
-3285.2 4230.8 -19.3 215 0 18.7 9.8 5.0 2.5 2 0 2 3 3
-3228.6 4189.3 -19.7 36 0 18.1 9.9 5.0 2.5 2 0 2 2 2
-3206.1 6425.3 2.5 108 0 5.8 7.5 5.0 2.5 2 1 2 5 5
-3051.7 6323.5 0.4 78 0 7.0 7.0 5.0 2.5 2 1 2 1 1
-2390.4 6148.5 2.9 177 0 4.9 8.3 5.0 2.5 2 1 2 2 2
-2805.7 6683.6 -12.9 129 0 3.2 4.6 2.5 2.5 4 1 1 0 0
-2599.7 6934.6 -0.7 302 0 4.3 4.3 7.5 2.5 2 0 3 3 3
-2480.3 4416.9 -16.9 300 0 4.6 4.4 5.0 2.5 2 0 2 5 5
-2496.8 4415.0 -16.9 216 0 3.5 7.9 5.0 2.5 2 1 2 3 3
-2500.1 4402.9 -16.9 123 0 7.4 9.0 5.0 2.5 2 1 2 4 4
-1697.9 2237.1 -15.5 164 0 8.0 12.6 2.5 2.5 2 1 1 2 2
-1073.2 1833.5 -13.1 84 0 8.8 6.0 5.0 0.0 0 0 2 4 4
-1449.3 2108.2 -13.0 161 0 12.1 18.1 2.5 2.5 2 1 1 5 5
-1581.2 1713.0 -14.1 347 0 7.5 15.4 2.5 2.5 4 1 1 3 3
-1587.4 1832.6 -14.4 167 0 11.3 8.9 5.0 2.5 4 0 2 1 1
-1563.8 1733.3 -14.3 167 0 18.0 14.7 5.0 2.5 2 0 2 4 4
-1286.9 1745.1 -14.1 256 0 7.6 7.3 5.0 2.5 2 0 2 1 1
-1372.3 1820.7 -12.4 159 0 7.5 10.3 5.0 2.5 2 1 2 4 4
-1392.9 1809.8 -12.7 345 0 9.0 8.2 5.0 2.5 2 0 2 2 2
-1386.7 1874.6 -11.9 163 0 15.1 21.6 5.0 2.5 2 1 2 2 2
-1433.5 1875.9 -12.1 167 0 4.9 7.1 5.0 2.5 2 1 2 5 5
-1411.2 1873.9 -12.0 347 0 9.1 12.1 5.0 2.5 2 1 2 3 3
-1417.0 1907.3 -12.1 343 0 12.6 14.3 5.0 0.0 0 1 2 2 2
-1485.9 2297.2 -14.4 257 0 7.6 10.0 2.5 2.5 4 1 1 4 4
-1517.3 2284.3 -14.9 350 0 9.9 8.3 5.0 2.5 2 0 2 4 4
-1588.8 2254.7 -15.6 252 0 9.4 4.8 5.0 0.0 0 0 2 1 1
-1543.5 2385.2 -15.6 344 0 7.5 12.3 2.5 2.5 2 1 1 0 0
-1723.7 2364.7 -16.2 164 0 9.4 12.4 5.0 2.5 2 1 2 4 4
-1685.9 2274.9 -15.6 347 0 5.8 3.8 2.5 2.5 2 0 1 1 1
-1706.1 2286.4 -15.6 163 0 7.7 10.3 2.5 2.5 2 1 1 3 3
-1697.5 2269.9 -15.6 167 0 9.8 6.3 2.5 2.5 2 0 1 2 2
-1740.6 2195.4 -15.4 77 0 7.1 13.1 5.0 2.5 2 1 2 2 2
-1896.6 2177.3 -16.5 167 0 10.6 9.8 2.5 2.5 2 0 1 4 4
-1665.2 2169.6 -15.2 167 0 16.9 8.6 2.5 2.5 4 0 1 2 2
-1659.2 2142.3 -15.0 167 0 11.9 16.5 2.5 2.5 2 1 1 3 3
-1648.6 2111.7 -14.9 167 0 10.9 7.6 2.5 2.5 2 0 1 0 0
-1642.1 2083.0 -14.5 167 0 10.9 8.8 2.5 2.5 2 0 1 5 5
-1628.2 2045.6 -14.5 77 0 13.4 10.8 2.5 2.5 2 0 1 4 4
-1722.8 2125.4 -15.1 167 0 7.2 5.8 2.5 2.5 2 0 1 3 3
-1697.9 2139.4 -15.1 347 0 19.2 13.4 2.5 2.5 2 0 1 5 5
-1694.2 2105.5 -14.9 347 0 13.5 8.5 2.5 2.5 2 0 1 1 1
-1664.2 1961.1 -13.7 77 0 6.3 12.0 2.5 2.5 2 1 1 0 0
-1678.1 2043.1 -14.8 347 0 14.3 7.1 2.5 2.5 2 0 1 4 4
-1696.5 1987.9 -14.3 77 0 8.3 7.7 2.5 2.5 2 0 1 2 2
-1709.5 1991.8 -14.4 77 0 9.6 14.9 2.5 2.5 2 1 1 4 4
-1901.1 2214.6 -16.5 167 0 7.2 11.4 2.5 2.5 2 1 1 1 1
-1904.3 2227.6 -16.6 167 0 8.0 10.6 2.5 2.5 2 1 1 2 2
-1906.8 2240.5 -16.6 167 0 7.9 9.1 2.5 2.5 2 1 1 5 5
-1923.6 2313.2 -16.9 167 0 9.4 8.3 2.5 2.5 2 0 1 0 0
-1942.9 2267.9 -16.9 347 0 8.8 8.8 2.5 2.5 2 0 1 5 5
-1943.2 2208.1 -16.8 347 0 9.9 5.5 2.5 2.5 2 0 1 4 4
-1923.2 2211.1 -16.8 347 0 10.1 17.0 2.5 2.5 2 1 1 3 3
-1821.4 2082.5 -16.0 77 0 6.4 6.0 2.5 2.5 2 0 1 1 1
-1897.4 2098.8 -16.1 347 0 9.9 9.3 5.0 2.5 2 0 2 4 4
-1886.1 2081.2 -16.5 257 0 4.8 6.5 5.0 2.5 2 1 2 5 5
-1885.5 2058.1 -16.2 347 0 9.6 22.0 5.0 2.5 2 1 2 3 3
-1892.0 2023.3 -15.5 347 0 6.4 4.1 5.0 2.5 2 0 2 4 4
-1872.8 2026.6 -16.4 347 0 9.6 17.9 5.0 2.5 2 1 2 1 1
-1861.7 1972.4 -16.3 347 0 17.3 23.5 5.0 2.5 2 1 2 4 4
-1818.4 2008.4 -16.3 347 0 24.7 14.3 2.5 2.5 2 0 1 2 2
-1811.7 1963.3 -15.8 77 0 8.9 10.2 2.5 2.5 2 1 1 2 2
-1810.0 1989.5 -16.3 347 0 10.2 18.9 2.5 2.5 2 1 1 3 3
-1847.7 2004.4 -16.4 167 0 35.6 11.3 2.5 2.5 2 0 1 5 5
-1832.5 1958.6 -16.4 77 0 9.1 12.9 2.5 2.5 2 1 1 2 2
-1865.6 1921.9 -15.9 347 0 8.6 5.3 5.0 2.5 2 0 2 0 0
-1849.4 1925.9 -16.1 347 0 11.1 14.5 5.0 2.5 2 1 2 0 0
-1827.0 1927.3 -15.7 167 0 8.7 13.0 5.0 2.5 2 1 2 4 4
-1852.7 1871.5 -14.4 347 0 8.2 3.7 5.0 2.5 4 0 2 5 5
-1837.6 1875.7 -14.5 347 0 9.0 13.6 5.0 2.5 2 1 2 0 0
-1832.5 1854.1 -14.0 347 0 7.3 12.0 5.0 2.5 2 1 2 0 0
-1792.0 1806.8 -14.2 167 0 8.7 9.9 5.0 2.5 2 1 2 1 1
-1811.3 1773.6 -14.7 347 0 7.7 15.8 5.0 2.5 2 1 2 1 1
-1818.6 1801.4 -14.3 347 0 6.8 13.5 5.0 2.5 2 1 2 0 0
-2125.8 2261.4 -16.5 159 0 8.9 8.5 5.0 2.5 2 0 2 1 1
-2113.8 2268.3 -16.5 244 0 6.1 10.4 5.0 2.5 2 1 2 0 0
-2110.1 2214.8 -16.6 172 0 4.2 8.3 5.0 2.5 2 1 2 3 3
-2116.2 2204.3 -16.6 168 0 8.3 13.7 5.0 2.5 2 1 2 1 1
-2104.7 2140.4 -16.6 169 0 5.6 9.6 5.0 2.5 4 1 2 0 0
-2071.9 2148.8 -16.7 74 0 9.5 10.9 5.0 2.5 2 1 2 0 0
-2092.3 2135.9 -16.7 163 0 5.0 12.3 5.0 0.0 0 1 2 4 4
-2091.1 2128.5 -16.7 163 0 5.8 6.0 5.0 2.5 2 1 2 5 5
-2138.4 2209.0 -16.8 347 0 8.2 9.1 5.0 2.5 4 1 2 3 3
-2049.6 2035.1 -15.6 257 0 5.6 7.0 5.0 2.5 2 1 2 5 5
-2055.9 1975.9 -14.7 166 0 15.2 19.5 5.0 2.5 2 1 2 3 3
-2059.0 1815.8 -15.9 258 0 5.7 12.7 2.5 2.5 2 1 1 4 4
-2035.8 1817.1 -15.7 344 0 8.7 18.2 2.5 2.5 2 1 1 4 4
-1994.7 1757.6 -16.3 169 0 8.8 7.6 2.5 2.5 2 0 1 5 5
-2014.5 1743.9 -16.9 342 0 20.9 9.2 2.5 2.5 4 0 1 4 4
-2136.3 2149.9 -17.2 350 0 8.1 4.8 5.0 2.5 2 0 2 2 2
-2126.3 2149.8 -17.5 351 0 3.6 4.3 5.0 0.0 0 1 2 0 0
-2122.8 2159.0 -17.2 347 0 9.8 13.1 5.0 2.5 2 1 2 2 2
-2112.9 2108.6 -17.5 345 0 12.0 9.0 5.0 2.5 2 0 2 1 1
-2147.5 2093.8 -17.9 77 0 7.9 13.9 5.0 2.5 2 1 2 4 4
-2210.3 2112.0 -17.6 257 0 5.9 4.6 5.0 2.5 2 0 2 5 5
-2187.6 2080.2 -18.2 73 0 8.1 14.3 5.0 2.5 2 1 2 0 0
-2226.5 2029.8 -17.5 256 0 7.3 4.5 2.5 2.5 2 0 1 0 0
-2212.7 2053.8 -17.8 261 0 7.8 7.4 2.5 2.5 2 0 1 1 1
-2208.3 2043.3 -17.5 258 0 6.8 7.4 2.5 0.0 0 1 1 5 5
-2217.2 2038.6 -17.5 254 0 5.8 8.5 2.5 2.5 2 1 1 3 3
-2229.4 2039.5 -17.8 254 0 9.5 7.1 2.5 2.5 2 0 1 0 0
-2264.3 2019.8 -17.9 257 0 7.1 8.4 2.5 2.5 2 1 1 3 3
-2268.5 2034.0 -18.3 258 0 7.2 12.8 2.5 2.5 2 1 1 5 5
-2258.6 2042.7 -18.3 257 0 7.4 7.2 2.5 0.0 0 0 1 0 0
-2258.1 2026.8 -17.9 257 0 6.1 10.2 2.5 2.5 2 1 1 2 2
-2257.6 1974.2 -17.6 168 0 14.2 7.7 2.5 0.0 0 0 1 4 4
-2302.5 1996.0 -18.4 344 0 5.7 6.9 5.0 2.5 4 1 2 5 5
-2305.5 2003.7 -18.4 349 0 8.8 11.0 5.0 2.5 2 1 2 3 3
-2294.4 1962.7 -18.2 351 0 9.8 8.6 5.0 2.5 2 0 2 2 2
-2289.9 1944.9 -18.1 347 0 9.7 15.3 5.0 2.5 4 1 2 5 5
-2294.9 1916.1 -17.6 346 0 4.1 4.5 5.0 2.5 2 1 2 0 0
-2284.0 1911.9 -17.8 343 0 8.6 12.3 5.0 2.5 4 1 2 4 4
-2277.2 1897.8 -17.7 349 0 7.9 15.3 5.0 2.5 2 1 2 2 2
-2240.3 1908.0 -17.1 166 0 10.2 9.0 2.5 2.5 2 0 1 4 4
-2266.0 1861.7 -17.4 348 0 6.8 13.7 5.0 2.5 2 1 2 0 0
-2266.7 1853.8 -17.3 351 0 3.9 10.7 5.0 2.5 2 1 2 5 5
-2199.8 1778.3 -16.8 75 0 9.2 11.0 2.5 2.5 2 1 1 0 0
-2254.3 1801.7 -17.3 349 0 9.4 16.5 5.0 2.5 2 1 2 2 2
-2490.4 1969.5 -17.1 169 0 5.0 9.3 5.0 2.5 2 1 2 0 0
-2493.0 1975.8 -17.1 178 0 4.2 8.4 5.0 2.5 2 1 2 1 1
-2474.5 1841.5 -17.7 348 0 7.2 11.0 5.0 2.5 2 1 2 4 4
-2457.8 1765.4 -18.0 352 0 8.7 17.3 5.0 2.5 2 1 2 0 0
-1339.5 2435.9 -14.6 348 0 11.0 8.8 5.0 2.5 2 0 2 0 0
-1305.6 2409.2 -13.9 171 0 9.6 15.5 5.0 2.5 4 1 2 5 5
-1316.0 2385.2 -13.8 350 0 10.7 4.8 5.0 2.5 2 0 2 1 1
-1323.0 2396.4 -14.1 349 0 8.7 14.6 5.0 2.5 2 1 2 4 4
-1329.9 2379.7 -13.9 354 0 6.6 4.3 5.0 2.5 2 0 2 3 3
-1321.5 2380.6 -13.8 354 0 6.9 7.3 5.0 2.5 2 1 2 1 1
-1329.7 2367.9 -13.8 354 0 6.3 4.9 5.0 2.5 4 0 2 1 1
-1294.2 2372.5 -13.6 166 0 7.1 8.1 5.0 2.5 4 1 2 4 4
-1330.9 2332.2 -13.4 175 0 5.3 4.2 5.0 2.5 2 0 2 5 5
-1316.3 2338.2 -13.4 353 0 7.1 6.9 5.0 2.5 2 0 2 1 1
-1266.4 2227.6 -12.6 165 0 7.0 11.4 5.0 2.5 2 1 2 4 4
-1279.9 2194.8 -12.8 344 0 8.8 14.5 2.5 2.5 2 1 1 5 5
-1273.5 2154.9 -12.6 349 0 10.7 9.8 2.5 2.5 2 0 1 1 1
-1237.9 2137.8 -12.8 165 0 7.6 7.9 5.0 2.5 2 1 2 4 4
-1229.3 2142.5 -12.8 174 0 8.6 5.4 5.0 2.5 2 0 2 5 5
-1260.7 2110.5 -12.4 350 0 7.9 10.2 2.5 2.5 2 1 1 4 4
-1213.8 2008.8 -12.7 167 0 7.3 13.4 5.0 2.5 2 1 2 3 3
-1217.1 1932.5 -12.7 348 0 10.2 12.2 5.0 2.5 2 1 2 5 5
-1215.7 1919.1 -12.8 346 0 7.3 8.2 5.0 2.5 2 1 2 0 0
-1211.2 1907.0 -12.9 350 0 6.3 9.5 5.0 2.5 2 1 2 5 5
-1169.1 1858.7 -13.5 82 0 12.7 10.6 5.0 2.5 2 0 2 4 4
-1228.2 1851.4 -13.3 170 0 9.2 7.4 5.0 2.5 4 0 2 2 2
-1202.0 1873.4 -13.3 345 0 9.1 10.3 5.0 2.5 4 1 2 5 5
-1192.1 1861.8 -13.4 354 0 10.2 6.2 5.0 2.5 2 0 2 3 3
-1202.3 1853.9 -13.4 349 0 7.6 14.3 5.0 0.0 0 1 2 5 5
-1192.4 1836.8 -13.4 348 0 10.8 12.0 5.0 2.5 2 1 2 5 5
-1188.8 1819.5 -13.2 349 0 10.9 17.5 5.0 2.5 2 1 2 3 3
-762.1 2554.8 -3.9 270 0 4.3 5.6 2.5 2.5 4 1 1 0 0
-761.3 2465.2 -7.1 93 0 16.2 74.4 2.5 2.5 2 1 1 1 1
-7.1 2652.9 1.7 72 0 3.3 3.9 5.0 2.5 2 1 2 1 1
1.6 2659.0 1.3 71 0 5.5 5.3 5.0 0.0 0 0 2 4 4
2.4 2652.3 1.3 73 0 3.1 4.2 5.0 2.5 2 1 2 3 3
-74.6 2627.0 4.8 78 0 6.4 6.6 5.0 2.5 4 1 2 4 4
87.7 2706.1 -1.4 267 0 4.9 5.2 2.5 2.5 2 1 1 2 2
90.8 2687.5 -2.6 70 0 9.2 11.9 2.5 2.5 2 1 1 5 5
418.4 2672.9 4.1 346 0 4.3 4.8 5.0 2.5 4 1 2 1 1
442.6 2636.7 7.3 343 0 8.1 10.3 5.0 2.5 2 1 2 4 4
431.8 2665.1 3.9 345 0 29.7 7.0 5.0 0.0 0 0 2 4 4
496.6 2709.2 2.0 72 0 16.0 10.5 10.0 2.5 2 0 4 3 3
-3171.5 5745.3 6.3 180 0 3.8 5.4 7.5 0.0 0 1 3 2 2
-3199.9 5600.0 6.0 93 0 5.9 6.1 7.5 2.5 2 1 3 2 2
-3199.9 5711.2 6.0 187 0 6.9 7.4 2.5 2.5 2 1 1 4 4
-3172.4 5609.4 6.6 91 0 12.7 81.6 7.5 2.5 2 1 3 2 2
-3194.3 5608.2 6.0 89 0 15.1 83.5 7.5 2.5 2 1 3 2 2
5986.7 5446.3 12.0 196 0 6.9 7.1 5.0 2.5 2 1 2 3 3
5967.7 5428.3 12.4 196 0 7.5 6.2 5.0 2.5 2 0 2 5 5
5952.2 5432.7 11.2 199 0 7.1 9.2 5.0 2.5 2 1 2 3 3
5948.2 5411.6 11.4 198 0 6.7 6.6 5.0 2.5 2 0 2 5 5
5936.7 5415.6 10.3 196 0 6.0 7.8 2.5 2.5 2 1 1 2 2
6060.3 5410.7 10.8 22 0 3.9 4.1 7.5 2.5 2 1 3 4 4
6056.6 5433.9 12.2 292 0 6.3 10.4 5.0 2.5 2 1 2 1 1
6044.2 5400.5 9.8 111 0 5.9 8.6 5.0 2.5 2 1 2 4 4
6032.4 5404.6 10.1 112 0 5.7 9.8 7.5 2.5 2 1 3 4 4
6043.4 5434.1 12.5 291 0 7.2 7.0 2.5 2.5 2 0 1 1 1
6022.7 5407.6 10.4 111 0 7.1 7.4 7.5 2.5 2 1 3 3 3
6010.0 5412.1 10.4 112 0 8.0 7.2 5.0 2.5 2 0 2 4 4
6000.7 5424.1 10.8 25 0 4.7 5.8 7.5 0.0 0 1 3 5 5
5998.5 5418.7 10.3 23 0 6.1 6.5 2.5 2.5 2 1 1 2 2
5997.3 5412.2 9.7 21 0 6.1 6.3 7.5 2.5 2 1 3 2 2
6004.3 5445.2 12.0 289 0 7.2 8.0 5.0 2.5 2 1 2 3 3
5972.9 5364.4 7.4 107 0 9.0 13.6 5.0 2.5 2 1 2 3 3
5941.4 5240.7 11.5 110 0 7.4 7.2 5.0 2.5 2 0 2 3 3
-2505.1 -3526.8 -17.5 140 0 5.6 9.8 5.0 2.5 2 1 2 0 0
-2490.2 -3535.4 -17.5 50 0 8.5 13.1 5.0 2.5 2 1 2 5 5
-2448.0 -3502.6 -17.0 57 0 11.8 15.7 5.0 2.5 2 1 2 0 0
-2416.8 -3465.1 -16.6 323 0 7.8 10.0 5.0 2.5 2 1 2 2 2
-2412.4 -3479.3 -16.6 54 0 10.4 10.0 5.0 0.0 0 0 2 4 4
-2355.7 -3432.0 -16.6 55 0 7.5 14.8 5.0 2.5 2 1 2 0 0
-2045.6 -3034.2 -15.0 54 0 6.6 6.9 7.5 2.5 2 1 3 4 4
-1925.1 -3092.6 -15.2 54 0 5.6 6.2 5.0 2.5 2 1 2 1 1
-1947.0 -3083.3 -15.3 144 0 9.2 4.5 5.0 2.5 2 0 2 2 2
-1940.4 -3075.4 -15.2 144 0 5.7 8.6 5.0 2.5 4 1 2 0 0
-1925.7 -3080.7 -15.2 54 0 13.6 9.2 5.0 0.0 0 0 2 2 2
-1914.5 -2962.8 -15.0 233 0 22.9 7.2 2.5 2.5 4 0 1 1 1
-1911.2 -2932.1 -14.8 53 0 6.9 6.9 2.5 2.5 2 1 1 1 1
-1913.8 -2925.1 -14.8 53 0 11.1 6.0 2.5 2.5 2 0 1 2 2
-1885.4 -2913.7 -14.6 53 0 7.0 11.1 2.5 2.5 2 1 1 0 0
-1601.5 -2840.2 -13.9 50 0 6.8 8.3 5.0 2.5 2 1 2 5 5
-1636.6 -2846.8 -13.6 52 0 11.9 6.9 5.0 2.5 2 0 2 2 2
-1754.1 -2794.5 -13.5 52 0 9.6 12.3 5.0 0.0 0 1 2 4 4
-1723.0 -2782.6 -13.6 52 0 7.3 8.2 5.0 2.5 2 1 2 4 4
-1691.3 -2717.3 -14.2 232 0 5.4 8.2 5.0 0.0 0 1 2 4 4
-1676.8 -2732.3 -14.1 52 0 10.5 11.3 5.0 2.5 4 1 2 4 4
-1669.5 -2740.4 -14.0 52 0 6.7 9.8 5.0 0.0 0 1 2 4 4
-1645.9 -2720.9 -14.1 53 0 6.7 14.8 5.0 0.0 0 1 2 1 1
-1586.5 -2792.3 -13.9 233 0 9.9 20.6 5.0 2.5 4 1 2 0 0
-1609.3 -2690.5 -14.0 53 0 6.5 10.1 5.0 2.5 2 1 2 0 0
-1574.3 -2699.7 -13.8 234 0 8.6 16.1 2.5 2.5 2 1 1 3 3
-1555.9 -2704.0 -13.7 322 0 8.0 4.4 2.5 2.5 2 0 1 2 2
-2008.4 -3218.9 -14.7 55 0 7.8 13.0 2.5 0.0 0 1 1 1 1
-1971.6 -3179.1 -14.9 235 0 11.3 10.5 2.5 2.5 2 0 1 1 1
-1961.1 -3171.7 -15.0 234 0 9.2 8.3 2.5 2.5 2 0 1 2 2
-1932.8 -3155.5 -15.2 180 0 10.1 12.9 2.5 0.0 0 1 1 2 2
-1925.4 -3140.1 -15.2 271 0 9.9 10.0 2.5 0.0 0 1 1 4 4
-1894.4 -3122.3 -15.0 234 0 11.7 15.2 2.5 2.5 2 1 1 1 1
-1871.0 -3103.6 -15.1 234 0 11.5 9.4 2.5 2.5 2 0 1 1 1
-1851.8 -3088.8 -15.1 234 0 10.9 8.8 2.5 2.5 2 0 1 2 2
-1802.0 -3021.0 -14.7 234 0 6.2 4.5 2.5 2.5 2 0 1 2 2
-1781.9 -3090.4 -15.0 54 0 11.0 28.6 2.5 2.5 2 1 1 0 0
-1782.7 -3096.4 -15.0 145 0 7.0 5.5 2.5 2.5 2 0 1 4 4
-1765.6 -3100.8 -14.9 54 0 10.7 10.0 2.5 2.5 4 0 1 3 3
-1742.1 -3082.5 -14.5 54 0 9.6 10.3 2.5 2.5 2 1 1 4 4
-1747.1 -3049.0 -14.6 325 0 34.6 11.6 2.5 2.5 2 0 1 1 1
-1766.2 -3025.4 -14.6 322 0 9.8 8.3 2.5 2.5 2 0 1 5 5
-1749.4 -2947.7 -14.7 49 0 8.0 4.0 5.0 2.5 4 0 2 0 0
-1751.6 -2957.9 -14.9 51 0 7.3 11.1 5.0 2.5 2 1 2 5 5
-1732.1 -2938.1 -14.5 56 0 8.8 12.7 5.0 0.0 0 1 2 2 2
-1694.3 -2907.8 -13.9 53 0 9.4 12.2 5.0 2.5 2 1 2 3 3
-1683.0 -2878.7 -13.4 48 0 8.4 10.4 5.0 2.5 2 1 2 1 1
-1634.9 -2902.6 -13.1 230 0 7.1 10.7 2.5 2.5 2 1 1 3 3
-1627.9 -2911.5 -13.1 230 0 6.3 5.8 2.5 2.5 2 0 1 5 5
-1607.3 -2884.5 -13.4 234 0 8.0 12.1 2.5 2.5 4 1 1 5 5
-1445.1 -2861.3 -12.7 54 0 7.5 8.2 5.0 0.0 0 1 2 4 4
-1418.7 -2843.1 -12.4 50 0 8.4 8.7 5.0 2.5 2 1 2 0 0
-1427.7 -2831.7 -12.5 229 0 9.2 5.1 5.0 2.5 2 0 2 4 4
-1333.1 -2773.3 -12.6 50 0 8.0 7.7 5.0 0.0 0 0 2 5 5
-1410.8 -2727.0 -13.9 235 0 8.3 11.1 2.5 2.5 2 1 1 2 2
-1399.8 -2742.0 -13.6 54 0 9.6 4.5 2.5 2.5 2 0 1 0 0
-1429.0 -2697.8 -14.3 49 0 7.5 20.1 5.0 0.0 0 1 2 5 5
-1319.3 -2595.7 -11.4 233 0 8.4 12.1 5.0 2.5 2 1 2 4 4
-1289.0 -2590.2 -11.2 52 0 8.1 11.4 5.0 2.5 2 1 2 3 3
-1247.5 -2600.5 -11.2 231 0 10.6 12.9 5.0 2.5 2 1 2 0 0
-1198.8 -2586.6 -11.6 322 0 8.3 10.4 5.0 2.5 2 1 2 0 0
-1202.4 -2574.4 -11.7 319 0 4.7 14.7 5.0 2.5 2 1 2 2 2
-1236.7 -2541.7 -11.9 54 0 7.8 10.0 5.0 2.5 2 1 2 2 2
-1247.9 -2556.9 -11.8 90 0 9.9 9.4 5.0 2.5 4 0 2 3 3
-1191.4 -2521.0 -11.8 53 0 4.0 6.0 5.0 0.0 0 1 2 3 3
-1196.1 -2504.5 -12.0 53 0 11.7 8.0 5.0 0.0 0 0 2 0 0
-1147.8 -2521.2 -11.7 235 0 10.1 14.5 2.5 2.5 4 1 1 1 1
-1107.1 -2487.6 -12.1 231 0 7.2 10.1 2.5 2.5 2 1 1 5 5
-1098.5 -2496.2 -12.0 230 0 7.6 5.3 2.5 2.5 2 0 1 5 5
-1088.4 -2468.4 -12.7 234 0 9.8 14.7 2.5 2.5 2 1 1 4 4
-1096.6 -2418.4 -13.2 146 0 4.8 6.8 5.0 2.5 2 1 2 0 0
-1086.5 -2427.4 -13.2 56 0 6.8 10.2 5.0 2.5 2 1 2 5 5
-1071.2 -2397.6 -13.3 322 0 6.6 6.7 5.0 2.5 2 1 2 5 5
-1063.9 -2412.8 -13.3 52 0 7.3 12.9 5.0 2.5 2 1 2 3 3
-987.2 -2397.1 -12.0 235 0 12.5 14.7 2.5 0.0 0 1 1 0 0
-1024.9 -2429.4 -12.7 234 0 8.7 10.2 2.5 2.5 2 1 1 2 2
-999.4 -2349.5 -12.0 51 0 6.5 9.1 2.5 2.5 2 1 1 4 4
-990.8 -2347.4 -11.8 49 0 8.4 11.0 2.5 2.5 2 1 1 0 0
-883.6 -2418.0 -10.4 54 0 7.2 11.8 2.5 2.5 2 1 1 2 2
-888.1 -2314.7 -11.6 229 0 10.6 16.5 2.5 2.5 2 1 1 4 4
-805.0 -2400.1 -8.4 59 0 12.0 7.6 2.5 2.5 2 0 1 4 4
-811.1 -2327.9 -10.7 318 0 5.9 10.0 2.5 2.5 2 1 1 1 1
-867.6 -2246.4 -11.3 336 0 9.6 15.8 5.0 2.5 2 1 2 2 2
-899.9 -2219.2 -11.5 324 0 6.8 10.1 5.0 0.0 0 1 2 4 4
-955.0 -2174.6 -11.8 46 0 5.0 7.7 5.0 2.5 2 1 2 5 5
-938.9 -2150.9 -11.8 311 0 12.1 22.4 5.0 0.0 0 1 2 1 1
-1061.2 -2017.9 -9.7 33 0 18.3 11.7 5.0 2.5 2 0 2 1 1
-1110.4 -1970.3 -7.5 322 0 7.3 10.2 5.0 2.5 2 1 2 0 0
-1119.3 -2083.7 -13.7 130 0 7.9 15.8 2.5 2.5 2 1 1 5 5
-1141.4 -2030.9 -13.3 320 0 8.8 12.6 2.5 2.5 2 1 1 5 5
-1160.7 -1996.0 -11.5 332 0 6.0 13.6 2.5 2.5 2 1 1 3 3
-1167.3 -1978.7 -11.2 332 0 6.2 10.9 2.5 0.0 0 1 1 3 3
-1249.7 -1992.7 -13.5 152 0 3.1 4.1 2.5 2.5 2 1 1 4 4
-1250.8 -2002.4 -13.6 62 0 9.9 8.8 2.5 2.5 2 0 1 4 4
-1206.4 -1980.8 -13.7 66 0 9.9 3.9 2.5 2.5 2 0 1 4 4
-1228.3 -1992.6 -14.2 64 0 29.9 12.2 2.5 2.5 2 0 1 0 0
-1209.0 -1928.1 -12.2 335 0 7.2 4.0 2.5 2.5 2 0 1 1 1
-1217.9 -1960.0 -14.0 333 0 16.6 11.7 2.5 2.5 2 0 1 3 3
-1278.7 -1980.6 -13.3 241 0 8.1 11.5 2.5 0.0 0 1 1 2 2
-1288.3 -1569.6 -12.6 159 0 13.7 14.3 7.5 2.5 2 1 3 3 3
2.5 -393.6 14.2 1 0 10.8 10.3 2.5 2.5 2 0 1 1 1
-1.1 -425.4 14.1 1 0 6.2 6.6 2.5 2.5 2 1 1 1 1
2.7 -447.5 14.0 1 0 11.9 17.3 2.5 2.5 2 1 1 2 2
31.9 -336.0 14.3 181 0 4.2 7.1 2.5 2.5 2 1 1 0 0
22.2 -410.5 14.1 181 0 81.9 13.6 2.5 2.5 2 0 1 3 3
50.1 -450.8 14.1 91 0 13.0 81.1 2.5 0.0 0 1 1 4 4
86.1 -456.1 14.3 1 0 5.5 7.3 2.5 2.5 2 1 1 5 5
85.4 -433.1 14.4 1 0 8.7 7.0 2.5 2.5 2 0 1 0 0
74.6 -387.6 14.4 1 0 6.2 9.0 2.5 2.5 2 1 1 4 4
77.7 -329.6 15.2 271 0 7.2 4.1 2.5 2.5 2 0 1 3 3
118.6 -329.3 16.4 271 0 7.8 4.2 2.5 2.5 2 0 1 2 2
155.3 -332.5 17.4 1 0 3.7 7.7 2.5 0.0 0 1 1 0 0
167.7 -309.6 18.1 1 0 4.8 5.6 2.5 2.5 2 1 1 3 3
139.9 -452.4 16.0 91 0 13.5 82.5 2.5 0.0 0 1 1 4 4
178.0 -457.9 17.6 1 0 5.9 4.0 2.5 2.5 2 0 1 3 3
161.3 -463.9 16.4 91 0 21.1 10.1 2.5 2.5 2 0 1 5 5
173.6 -403.1 17.5 1 0 7.2 4.4 2.5 2.5 2 0 1 1 1
168.7 -411.4 16.7 1 0 79.8 13.1 2.5 2.5 4 0 1 1 1
1544.4 -1524.8 19.7 181 0 7.9 4.6 5.0 2.5 2 0 2 3 3
1542.6 -1550.6 18.1 181 0 6.6 4.4 5.0 2.5 2 0 2 4 4
1538.5 -1564.8 17.2 181 0 5.2 6.8 5.0 2.5 2 1 2 1 1
1732.0 -1481.1 20.5 181 0 5.9 7.3 5.0 2.5 4 1 2 3 3
1636.3 -1585.1 15.5 91 0 8.5 4.5 5.0 2.5 2 0 2 3 3
1687.6 -1486.0 20.0 271 0 11.1 12.8 5.0 2.5 2 1 2 5 5
1653.8 -1485.7 20.1 271 0 48.4 13.7 5.0 2.5 2 0 2 4 4
1679.2 -1559.9 16.3 1 0 14.5 50.8 5.0 2.5 2 1 2 1 1
1627.7 -1530.6 18.1 271 0 5.3 8.5 5.0 2.5 2 1 2 4 4
1618.1 -1486.1 16.3 271 0 13.8 81.7 5.0 2.5 2 1 2 4 4
1596.3 -1485.4 16.6 271 0 13.2 82.2 5.0 2.5 2 1 2 5 5
1577.1 -1486.1 16.8 271 0 12.3 81.8 5.0 0.0 0 1 2 4 4
-635.7 -3474.1 -7.9 81 0 12.9 8.5 7.5 2.5 2 0 3 1 1
-632.2 -3446.2 -7.4 255 0 5.8 4.3 7.5 0.0 0 0 3 1 1
-626.5 -3442.8 -7.3 256 0 5.8 9.1 7.5 2.5 4 1 3 0 0
-573.5 -3349.8 -6.1 266 0 10.0 5.1 2.5 2.5 2 0 1 2 2
-580.3 -3186.0 -7.9 271 0 5.3 7.2 5.0 2.5 2 1 2 3 3
-1242.6 -3857.6 -10.8 8 0 4.0 4.8 5.0 2.5 2 1 2 2 2
-1243.8 -3864.2 -10.9 10 0 7.2 11.6 5.0 2.5 2 1 2 5 5
-1022.4 -3884.3 -8.9 268 0 6.9 10.7 2.5 2.5 4 1 1 4 4
-1019.4 -3881.6 -8.7 358 0 4.5 8.6 5.0 2.5 2 1 2 0 0
-864.1 -3900.1 -7.9 71 0 8.0 11.4 2.5 2.5 2 1 1 0 0
-705.4 -3741.7 -7.5 132 0 7.2 8.8 5.0 0.0 0 1 2 5 5
-693.6 -3714.8 -7.5 212 0 14.1 7.6 5.0 2.5 2 0 2 3 3
-660.0 -3669.5 -7.7 201 0 10.6 6.3 5.0 2.5 2 0 2 3 3
-628.6 -3667.4 -7.8 22 0 6.1 6.4 5.0 2.5 2 1 2 2 2
-637.0 -3643.9 -7.8 21 0 6.8 5.9 5.0 2.5 2 0 2 2 2
-631.4 -3645.7 -7.8 19 0 6.9 5.3 5.0 2.5 2 0 2 1 1
-630.4 -3623.4 -7.9 3 0 7.8 10.8 5.0 2.5 2 1 2 2 2
-738.5 -3417.2 -8.4 235 0 11.7 6.0 5.0 2.5 2 0 2 2 2
-572.9 -3185.2 -7.8 270 0 8.4 10.7 5.0 2.5 2 1 2 4 4
-556.1 -3200.1 -7.6 360 0 7.4 10.1 5.0 2.5 4 1 2 5 5
-554.5 -3209.5 -7.5 0 0 6.7 10.0 5.0 2.5 2 1 2 0 0
-608.8 -3169.3 -8.4 278 0 5.7 5.8 5.0 2.5 2 1 2 2 2
-788.7 -3181.8 -8.7 234 0 12.6 20.5 5.0 2.5 4 1 2 1 1
-840.4 -3221.6 -9.2 234 0 12.2 13.0 5.0 2.5 4 1 2 2 2
-875.6 -3249.0 -9.6 234 0 5.2 6.2 5.0 2.5 2 1 2 4 4
-865.0 -3253.0 -9.7 234 0 16.1 8.9 5.0 2.5 2 0 2 3 3
-924.4 -3289.6 -9.7 234 0 9.0 9.9 5.0 2.5 2 1 2 4 4
-999.2 -3373.2 -10.5 325 0 7.5 11.7 5.0 2.5 2 1 2 1 1
-1017.6 -3363.1 -10.5 234 0 8.5 14.4 5.0 2.5 2 1 2 3 3
-1056.8 -3394.3 -9.7 235 0 6.4 11.6 5.0 2.5 2 1 2 0 0
-1050.1 -3390.1 -9.8 235 0 7.3 11.5 5.0 2.5 2 1 2 1 1
-1042.4 -3384.4 -10.0 234 0 10.2 15.7 5.0 2.5 2 1 2 1 1
-1068.3 -3430.2 -10.4 53 0 11.7 6.4 5.0 2.5 2 0 2 5 5
-1083.4 -3412.8 -10.5 233 0 8.3 16.2 5.0 2.5 2 1 2 2 2
-1350.7 -3593.0 -11.4 53 0 6.6 5.9 2.5 2.5 2 0 1 1 1
-1371.7 -3610.0 -11.2 52 0 7.9 7.8 2.5 2.5 2 0 1 5 5
-1512.4 -3717.5 -9.9 50 0 5.0 9.1 2.5 2.5 2 1 1 0 0
-1529.2 -3734.4 -10.5 54 0 7.3 9.3 2.5 2.5 2 1 1 0 0
-1561.6 -3759.0 -11.4 51 0 4.2 5.9 2.5 2.5 2 1 1 5 5
-1567.5 -3764.1 -11.6 51 0 10.0 6.3 2.5 2.5 4 0 1 0 0
-1612.6 -3795.2 -11.9 49 0 9.1 11.8 2.5 2.5 2 1 1 1 1
-1664.4 -3842.5 -12.6 51 0 8.9 13.4 5.0 2.5 2 1 2 4 4
-1694.4 -3865.1 -13.1 52 0 8.6 11.6 5.0 2.5 2 1 2 1 1
-1757.8 -3902.3 -12.9 54 0 12.2 7.7 5.0 2.5 4 0 2 2 2
-1780.0 -3922.8 -13.0 52 0 6.7 3.8 5.0 2.5 2 0 2 0 0
-1781.3 -3918.3 -13.0 52 0 10.8 9.5 5.0 2.5 4 0 2 2 2
-1647.9 -4003.2 -10.8 49 0 10.2 13.4 2.5 2.5 2 1 1 5 5
-1660.6 -4016.5 -11.2 43 0 6.0 6.8 2.5 2.5 2 1 1 0 0
-1689.2 -4005.8 -11.9 133 0 9.2 12.7 2.5 2.5 2 1 1 2 2
-1684.1 -4017.0 -11.9 133 0 11.5 15.0 2.5 0.0 0 1 1 3 3
-1685.5 -4045.3 -11.8 44 0 6.3 7.5 5.0 2.5 2 1 2 3 3
-1728.1 -4046.5 -12.3 134 0 10.5 7.7 5.0 2.5 2 0 2 0 0
-1708.8 -4054.5 -12.1 45 0 8.3 13.4 5.0 2.5 2 1 2 2 2
-1701.9 -4046.4 -12.1 47 0 6.5 10.9 5.0 2.5 2 1 2 1 1
-1700.9 -4064.7 -11.7 43 0 4.9 6.6 5.0 0.0 0 1 2 5 5
-1741.6 -4123.3 -11.4 31 0 9.1 16.5 2.5 2.5 4 1 1 4 4
-2085.0 -4129.9 -13.4 143 0 5.8 4.3 5.0 2.5 2 0 2 1 1
-2107.5 -4131.8 -13.4 144 0 11.1 14.3 5.0 2.5 2 1 2 1 1
-2087.4 -4148.5 -13.3 145 0 8.8 10.1 5.0 2.5 2 1 2 4 4
-2112.2 -4108.9 -13.5 142 0 5.5 8.4 5.0 2.5 2 1 2 4 4
-2112.0 -4116.6 -13.4 146 0 6.7 10.9 5.0 2.5 2 1 2 2 2
-2123.4 -4112.6 -13.4 140 0 8.4 9.0 5.0 2.5 2 1 2 4 4
-2149.2 -4080.8 -14.1 130 0 8.2 10.4 5.0 0.0 0 1 2 3 3
-2155.9 -4051.3 -14.5 130 0 7.8 9.1 5.0 2.5 2 1 2 4 4
-2174.3 -4059.1 -14.6 132 0 9.6 13.7 5.0 2.5 2 1 2 5 5
-2169.7 -4034.3 -14.8 297 0 4.9 7.1 5.0 2.5 2 1 2 1 1
-2187.5 -4049.3 -14.9 99 0 4.9 9.9 5.0 0.0 0 1 2 5 5
-2201.4 -4049.8 -15.2 85 0 6.2 16.7 5.0 0.0 0 1 2 5 5
-2209.5 -4050.3 -15.3 85 0 9.3 11.6 5.0 2.5 2 1 2 5 5
-2126.1 -3982.4 -14.5 234 0 7.6 9.5 5.0 2.5 4 1 2 0 0
-2115.0 -3997.5 -14.4 57 0 6.4 7.6 5.0 2.5 4 1 2 3 3
-2076.8 -3948.7 -14.3 239 0 9.4 12.7 5.0 2.5 2 1 2 4 4
-2072.7 -3982.9 -14.4 93 0 8.8 7.9 5.0 2.5 2 0 2 5 5
-1948.8 -3829.3 -11.9 236 0 8.7 16.0 5.0 2.5 2 1 2 4 4
-1726.0 -3656.3 -11.4 233 0 7.4 7.0 5.0 2.5 2 0 2 0 0
-1621.7 -3573.1 -11.0 234 0 9.3 24.5 5.0 2.5 2 1 2 2 2
-1486.0 -3469.8 -12.0 227 0 7.0 5.5 2.5 2.5 4 0 1 1 1
-1483.5 -3479.4 -12.0 146 0 4.8 6.3 2.5 2.5 2 1 1 0 0
-1463.9 -3449.8 -12.0 234 0 7.3 8.1 2.5 2.5 2 1 1 2 2
-1440.3 -3442.6 -11.9 358 0 9.5 10.0 2.5 2.5 2 1 1 1 1
-1512.1 -3439.7 -12.4 51 0 5.0 5.3 5.0 2.5 2 1 2 5 5
-1506.7 -3445.1 -12.4 51 0 7.3 7.3 5.0 2.5 2 0 2 4 4
-1663.6 -3570.5 -12.0 55 0 8.4 8.4 5.0 2.5 2 1 2 2 2
-1743.4 -3633.1 -12.1 54 0 8.6 10.5 5.0 2.5 2 1 2 0 0
-1797.6 -3670.5 -12.4 57 0 5.1 5.7 5.0 2.5 2 1 2 3 3
-1789.1 -3671.4 -12.4 57 0 7.3 13.3 5.0 2.5 2 1 2 5 5
-1824.4 -3697.6 -12.6 50 0 12.3 15.3 5.0 2.5 2 1 2 0 0
-1891.3 -3726.1 -12.8 233 0 5.1 4.7 5.0 0.0 0 0 2 0 0
-1888.4 -3738.4 -12.7 51 0 9.1 6.1 5.0 2.5 2 0 2 3 3
-1883.0 -3744.0 -12.6 53 0 6.9 7.1 5.0 2.5 2 1 2 5 5
-1906.9 -3762.1 -12.7 50 0 7.9 7.8 5.0 2.5 2 0 2 2 2
-2069.6 -3887.5 -13.6 53 0 5.0 6.0 2.5 0.0 0 1 1 5 5
-2072.5 -3893.8 -13.7 52 0 6.1 9.2 2.5 2.5 2 1 1 5 5
-2293.8 -4048.3 -16.0 157 0 12.6 11.5 5.0 2.5 2 0 2 2 2
-2272.7 -4057.3 -15.9 68 0 7.1 16.5 5.0 2.5 2 1 2 0 0
-2261.6 -4053.3 -15.9 68 0 10.9 13.6 5.0 2.5 4 1 2 0 0
-2341.1 -3888.3 -16.2 52 0 12.5 8.6 2.5 2.5 2 0 1 2 2
-2248.4 -3801.5 -15.3 232 0 13.4 17.2 2.5 2.5 2 1 1 5 5
-2255.5 -3809.3 -15.5 232 0 6.3 12.5 2.5 2.5 2 1 1 3 3
-2232.8 -3790.1 -14.7 232 0 8.7 13.7 2.5 0.0 0 1 1 1 1
-2218.1 -3800.4 -14.8 321 0 6.3 13.4 2.5 2.5 2 1 1 3 3
-2094.4 -3690.2 -15.2 232 0 12.1 6.9 2.5 2.5 2 0 1 4 4
-2055.2 -3645.6 -15.2 229 0 6.1 16.5 2.5 2.5 2 1 1 5 5
-1853.7 -3489.1 -13.4 233 0 6.7 8.3 5.0 2.5 4 1 2 0 0
-1849.0 -3496.2 -13.3 230 0 7.3 6.7 5.0 2.5 4 0 2 2 2
-1751.7 -3406.6 -11.4 233 0 7.4 15.2 5.0 2.5 2 1 2 3 3
-1698.0 -3363.1 -11.7 233 0 7.4 14.0 5.0 2.5 2 1 2 4 4
-1662.6 -3353.1 -12.1 323 0 6.9 9.1 5.0 2.5 2 1 2 4 4
-1674.6 -3346.5 -12.1 232 0 13.6 7.9 5.0 2.5 2 0 2 0 0
-1004.9 -3082.0 -10.0 230 0 4.9 15.7 5.0 2.5 2 1 2 1 1
-1257.3 -3281.4 -10.6 230 0 6.7 10.7 5.0 2.5 2 1 2 1 1
-1299.9 -3319.8 -11.4 231 0 7.8 9.1 5.0 2.5 2 1 2 4 4
-1295.1 -3330.6 -11.4 236 0 5.7 4.7 5.0 2.5 2 0 2 3 3
-1323.8 -3335.7 -11.7 230 0 9.1 11.2 5.0 2.5 2 1 2 4 4
-1289.6 -3541.9 -11.7 56 0 6.4 8.6 5.0 2.5 2 1 2 5 5
-1044.6 -3329.1 -10.4 143 0 8.9 11.7 5.0 2.5 2 1 2 0 0
-854.1 -3195.7 -9.1 52 0 6.8 9.5 5.0 2.5 2 1 2 0 0
-862.5 -3179.4 -9.1 141 0 5.5 4.6 5.0 2.5 4 0 2 1 1
-807.6 -3159.2 -8.9 54 0 8.4 12.6 5.0 2.5 2 1 2 4 4
-787.5 -3080.5 -8.7 321 0 13.6 16.5 5.0 2.5 2 1 2 2 2
-1258.3 -3024.5 -10.9 229 0 11.6 9.1 2.5 2.5 2 0 1 2 2
-1286.1 -3032.8 -11.0 179 0 7.5 10.1 2.5 2.5 2 1 1 3 3
-1298.9 -3045.0 -11.1 231 0 8.2 17.0 2.5 2.5 2 1 1 3 3
-1377.1 -3107.8 -12.0 229 0 6.5 11.4 5.0 2.5 2 1 2 5 5
-1380.2 -3115.0 -11.9 230 0 6.9 8.9 5.0 2.5 2 1 2 1 1
-1427.2 -3146.4 -13.0 228 0 7.6 12.9 5.0 2.5 2 1 2 0 0
-1428.3 -3155.9 -13.1 229 0 6.1 8.9 5.0 2.5 2 1 2 2 2
-1500.4 -3226.6 -13.3 52 0 5.6 6.7 2.5 2.5 2 1 1 5 5
-1509.8 -3213.3 -13.2 232 0 7.2 9.1 2.5 2.5 2 1 1 2 2
-1545.1 -3253.4 -12.5 142 0 7.8 4.9 2.5 2.5 2 0 1 2 2
-1555.1 -3254.0 -12.4 142 0 12.1 7.1 2.5 2.5 2 0 1 5 5
-1352.1 -3324.2 -12.0 56 0 5.7 8.5 5.0 2.5 4 1 2 2 2
-1349.0 -3319.8 -12.0 56 0 4.0 6.4 5.0 0.0 0 1 2 1 1
-1340.9 -3314.7 -11.9 52 0 7.4 7.7 5.0 0.0 0 1 2 4 4
-1141.7 -3161.7 -10.1 51 0 7.4 14.8 5.0 2.5 2 1 2 2 2
-1057.5 -3092.7 -10.5 53 0 8.7 19.9 2.5 2.5 2 1 1 0 0
-1112.9 -2901.9 -11.8 231 0 7.6 14.8 5.0 2.5 2 1 2 5 5
-1022.2 -2830.3 -10.8 232 0 8.4 13.1 5.0 2.5 2 1 2 2 2
-1030.2 -2834.9 -10.7 229 0 7.1 5.6 5.0 2.5 2 0 2 3 3
-1010.6 -2843.2 -10.8 322 0 6.5 8.2 5.0 2.5 2 1 2 0 0
-1566.0 -3202.7 -13.1 138 0 4.6 7.1 2.5 2.5 2 1 1 4 4
-1560.8 -3205.4 -13.1 138 0 3.7 10.0 2.5 2.5 2 1 1 2 2
-1546.8 -3213.0 -13.0 48 0 8.5 12.7 2.5 2.5 2 1 1 1 1
-1536.0 -3214.2 -13.0 53 0 11.1 7.4 2.5 2.5 4 0 1 1 1
-1444.2 -3130.1 -13.1 53 0 6.9 8.9 5.0 2.5 2 1 2 2 2
-1440.8 -3134.8 -13.1 53 0 6.6 5.4 5.0 2.5 2 0 2 3 3
-1321.8 -3018.1 -11.3 143 0 7.6 5.4 5.0 2.5 2 0 2 5 5
-1313.1 -3026.4 -11.3 53 0 7.3 7.4 5.0 2.5 2 1 2 1 1
-1288.4 -3005.8 -11.1 53 0 7.9 10.9 5.0 2.5 2 1 2 0 0
-993.0 -2771.8 -9.3 53 0 8.6 9.9 5.0 2.5 2 1 2 5 5
-982.8 -2767.9 -9.2 51 0 8.7 14.6 5.0 2.5 2 1 2 3 3
-886.8 -2633.2 -9.0 222 0 10.7 11.5 5.0 2.5 2 1 2 4 4
-1715.2 -3344.2 -12.0 53 0 10.3 8.2 2.5 2.5 2 0 1 5 5
-1753.7 -3380.3 -11.7 51 0 8.3 12.3 2.5 0.0 0 1 1 4 4
-1845.1 -3448.5 -13.0 50 0 12.0 13.6 2.5 2.5 2 1 1 5 5
-2010.2 -3579.7 -15.2 52 0 11.3 11.6 5.0 2.5 2 1 2 5 5
-2171.7 -3700.7 -15.2 51 0 4.7 9.8 5.0 2.5 2 1 2 1 1
-2173.8 -3707.6 -15.2 51 0 6.2 11.7 5.0 0.0 0 1 2 3 3
-2197.7 -3733.3 -14.8 50 0 6.4 6.7 5.0 2.5 2 1 2 1 1
-2362.4 -3860.4 -15.9 51 0 14.7 11.9 5.0 2.5 2 0 2 4 4
-2382.2 -3854.6 -15.9 141 0 8.8 18.9 5.0 0.0 0 1 2 1 1
-2492.9 -3681.4 -16.9 52 0 5.8 8.0 5.0 2.5 2 1 2 3 3
-2512.8 -3685.6 -17.1 138 0 4.0 8.1 5.0 2.5 2 1 2 2 2
-2472.7 -3710.1 -16.5 229 0 8.5 12.7 5.0 2.5 2 1 2 4 4
-2466.5 -3726.9 -16.3 140 0 6.5 9.3 5.0 2.5 2 1 2 2 2
-2430.0 -3678.2 -16.3 229 0 7.2 14.9 5.0 2.5 2 1 2 3 3
-2433.0 -3692.1 -16.3 235 0 8.6 4.4 5.0 2.5 2 0 2 4 4
-2420.1 -3631.2 -16.5 51 0 7.1 9.1 5.0 2.5 2 1 2 1 1
-2377.3 -3603.3 -16.2 51 0 6.7 7.8 5.0 2.5 2 1 2 1 1
-2383.7 -3596.8 -16.3 50 0 7.1 5.0 5.0 2.5 2 0 2 5 5
-2389.3 -3606.3 -16.3 54 0 9.1 7.6 5.0 2.5 2 0 2 1 1
-2392.8 -3500.3 -16.8 232 0 6.5 9.0 5.0 2.5 4 1 2 4 4
-2384.5 -3512.7 -16.7 53 0 5.7 5.3 5.0 2.5 2 0 2 4 4
-2302.3 -3433.0 -16.3 234 0 7.5 12.6 5.0 2.5 2 1 2 5 5
-2269.7 -3424.7 -16.1 52 0 6.7 14.7 5.0 2.5 2 1 2 1 1
-2147.7 -3471.2 -14.9 52 0 9.1 11.8 5.0 2.5 2 1 2 1 1
-2143.8 -3415.8 -15.0 54 0 7.2 8.1 5.0 2.5 2 1 2 2 2
-2126.1 -3304.3 -14.8 229 0 7.4 13.8 5.0 2.5 2 1 2 5 5
-2112.2 -3322.2 -14.7 56 0 7.1 8.0 5.0 2.5 2 1 2 5 5
-2137.9 -3305.4 -15.0 236 0 8.8 11.2 5.0 2.5 2 1 2 4 4
-2047.6 -3340.7 -15.0 56 0 7.9 7.1 5.0 2.5 2 0 2 1 1
-2060.4 -3339.4 -14.9 56 0 7.6 7.5 5.0 2.5 2 0 2 3 3
-2056.0 -3346.4 -14.9 56 0 7.3 7.7 5.0 2.5 2 1 2 1 1
-2027.4 -3367.9 -15.0 319 0 5.5 4.9 5.0 2.5 2 0 2 5 5
-2039.7 -3367.1 -15.0 230 0 7.2 11.3 5.0 2.5 2 1 2 4 4
-1894.8 -3180.4 -14.9 57 0 8.1 7.8 2.5 2.5 2 0 1 1 1
-1900.7 -3171.6 -15.0 52 0 7.4 11.4 2.5 2.5 2 1 1 2 2
-1909.7 -3173.6 -15.0 56 0 7.0 8.0 2.5 0.0 0 1 1 0 0
-1518.5 -2945.9 -12.7 236 0 11.9 16.3 2.5 2.5 2 1 1 4 4
-1480.7 -2927.2 -12.6 232 0 7.3 7.2 2.5 2.5 2 0 1 4 4
-1335.5 -2821.6 -12.6 229 0 7.4 4.3 5.0 2.5 2 0 2 5 5
-1340.5 -2815.7 -12.7 228 0 7.5 7.2 5.0 2.5 2 0 2 0 0
-1316.7 -2795.5 -12.3 231 0 9.5 10.1 5.0 2.5 2 1 2 1 1
-1260.9 -2753.7 -12.4 230 0 9.4 11.4 2.5 2.5 2 1 1 2 2
-1244.1 -2743.0 -12.4 230 0 9.8 6.8 2.5 2.5 2 0 1 1 1
-1237.2 -2734.5 -12.3 231 0 7.5 10.8 2.5 2.5 2 1 1 5 5
-1183.8 -2693.8 -10.9 231 0 6.6 13.4 2.5 2.5 2 1 1 0 0
-1158.5 -2672.8 -11.0 230 0 7.5 12.9 2.5 2.5 2 1 1 2 2
-1098.7 -2623.4 -11.3 234 0 7.9 10.2 5.0 2.5 2 1 2 3 3
-1027.6 -2583.8 -10.8 314 0 4.0 7.0 5.0 2.5 2 1 2 3 3
-1059.9 -2590.6 -11.2 230 0 9.9 9.8 5.0 2.5 2 0 2 2 2
-1041.1 -2573.0 -11.0 231 0 8.2 12.7 5.0 2.5 2 1 2 3 3
-4548.4 -1727.2 -20.0 357 0 6.4 4.5 5.0 2.5 2 0 2 5 5
-4526.9 -1797.5 -17.9 180 0 35.0 11.2 2.5 2.5 2 0 1 5 5
-4848.8 -5645.2 -5.0 0 0 8.6 13.0 5.0 0.0 0 1 2 5 5
-3513.6 -5611.2 -13.9 263 0 7.2 12.0 5.0 2.5 2 1 2 2 2
-3519.4 -5624.1 -13.6 84 0 6.5 12.3 5.0 2.5 2 1 2 1 1
-3522.5 -5634.9 -12.7 87 0 4.9 4.6 5.0 2.5 2 0 2 1 1
-3459.1 -5610.9 -15.6 144 0 5.7 6.5 5.0 2.5 2 1 2 0 0
1522.6 -2980.1 1.7 332 0 6.8 6.1 5.0 2.5 2 0 2 1 1
1506.6 -2992.3 1.9 62 0 10.3 7.3 5.0 2.5 2 0 2 1 1
1489.1 -2995.9 2.1 152 0 9.5 5.7 5.0 2.5 2 0 2 0 0
1477.3 -2997.3 2.4 62 0 6.4 7.7 5.0 0.0 0 1 2 4 4
1477.0 -3004.4 2.3 152 0 6.7 6.4 5.0 2.5 2 0 2 4 4
1470.3 -3014.3 2.4 62 0 7.1 9.5 5.0 2.5 2 1 2 2 2
1452.0 -3012.7 2.6 62 0 7.3 9.2 5.0 2.5 2 1 2 4 4
1456.5 -3021.0 2.3 62 0 6.8 8.2 5.0 2.5 4 1 2 4 4
1442.3 -3026.4 2.4 62 0 6.5 7.9 5.0 2.5 2 1 2 4 4
1423.5 -3027.3 2.8 62 0 7.7 7.0 5.0 2.5 2 0 2 1 1
1428.6 -3035.9 2.2 62 0 6.9 8.2 5.0 2.5 2 1 2 4 4
1413.6 -3041.4 2.2 62 0 7.1 7.1 5.0 2.5 4 1 2 1 1
1400.4 -3046.3 2.0 332 0 7.4 6.1 5.0 2.5 2 0 2 1 1
1373.4 -3179.3 -0.6 73 0 7.7 10.1 7.5 2.5 4 1 3 5 5
1354.9 -3174.9 -0.7 250 0 4.2 5.6 7.5 2.5 2 1 3 0 0
1264.2 -3198.9 -1.4 66 0 6.3 8.9 5.0 2.5 2 1 2 2 2
1253.7 -3184.5 -1.3 156 0 5.8 6.4 5.0 2.5 2 1 2 0 0
1266.4 -3158.9 -1.2 342 0 11.5 4.8 5.0 2.5 2 0 2 5 5
1168.0 -3125.2 2.6 329 0 9.6 14.9 5.0 2.5 2 1 2 3 3
1147.6 -3137.4 2.5 238 0 4.4 4.7 5.0 2.5 2 1 2 1 1
1154.8 -3178.7 0.3 61 0 11.2 19.4 5.0 0.0 0 1 2 4 4
1068.2 -3232.9 -1.1 62 0 4.9 6.6 5.0 2.5 2 1 2 4 4
1075.9 -3188.3 -0.1 185 0 7.6 7.2 5.0 2.5 2 0 2 3 3
1115.3 -3208.3 -0.4 62 0 8.6 16.3 5.0 2.5 2 1 2 5 5
1128.2 -3199.4 -0.3 59 0 16.3 10.6 5.0 2.5 2 0 2 5 5
1120.5 -3157.4 1.6 244 0 20.6 10.2 5.0 2.5 2 0 2 2 2
1097.3 -3169.9 0.8 244 0 22.8 10.3 5.0 2.5 2 0 2 1 1
828.6 -3390.5 -1.9 345 0 8.4 28.4 7.5 2.5 2 1 3 3 3
759.0 -3384.4 -1.4 164 0 38.1 45.3 7.5 0.0 0 1 3 3 3
782.6 -3509.3 1.2 327 0 12.3 13.8 2.5 2.5 2 1 1 3 3
766.7 -3529.7 1.7 56 0 13.1 12.0 5.0 2.5 2 0 2 1 1
-730.0 -3033.7 -5.6 326 0 7.0 8.4 5.0 2.5 2 1 2 1 1
-424.0 -2651.4 1.6 80 0 4.1 3.6 5.0 2.5 2 0 2 1 1
-606.2 -2687.1 0.3 80 0 8.0 4.7 7.5 2.5 2 0 3 1 1
-3205.6 -4897.9 3.8 264 0 10.0 8.6 2.5 2.5 2 0 1 0 0
-3219.5 -4889.8 3.4 266 0 12.9 16.4 2.5 2.5 4 1 1 3 3
-3258.7 -4919.2 0.6 167 0 13.0 34.6 2.5 2.5 2 1 1 0 0
-2342.7 -2733.9 -16.3 46 0 6.4 8.7 2.5 2.5 2 1 1 2 2
-2410.3 -2792.7 -15.4 47 0 8.2 9.6 5.0 2.5 2 1 2 3 3
-2445.0 -2808.6 -15.7 56 0 6.5 9.3 5.0 2.5 2 1 2 1 1
-2447.3 -2817.3 -15.8 52 0 6.6 12.5 5.0 2.5 2 1 2 5 5
-2883.5 -3168.9 -18.3 52 0 6.7 7.6 5.0 2.5 2 1 2 5 5
-2948.2 -3222.3 -18.2 58 0 8.0 5.6 5.0 2.5 2 0 2 1 1
-2969.7 -3240.2 -18.2 53 0 9.0 7.2 5.0 0.0 0 0 2 1 1
-3007.6 -3271.4 -17.9 53 0 6.9 9.3 5.0 2.5 2 1 2 0 0
-3020.3 -3279.8 -17.8 48 0 8.4 6.4 5.0 0.0 0 0 2 1 1
-3058.1 -3309.5 -17.6 53 0 7.3 7.1 5.0 2.5 2 0 2 3 3
-3110.0 -3350.5 -17.4 52 0 7.1 7.5 5.0 2.5 4 1 2 4 4
-3131.6 -3367.5 -17.3 45 0 7.6 6.3 5.0 2.5 2 0 2 3 3
-3175.6 -3403.5 -17.2 49 0 7.3 6.6 5.0 2.5 2 0 2 5 5
-3206.2 -3428.2 -18.0 48 0 6.5 7.6 5.0 2.5 4 1 2 2 2
-3264.6 -3474.5 -19.0 47 0 7.3 7.1 5.0 2.5 2 0 2 3 3
-3285.4 -3491.4 -19.0 47 0 7.1 7.3 5.0 0.0 0 1 2 1 1
-3059.4 -3382.0 -17.3 321 0 6.2 7.3 5.0 2.5 2 1 2 3 3
-3042.0 -3403.4 -17.1 325 0 6.8 6.5 5.0 2.5 2 0 2 3 3
-3036.5 -3365.1 -17.5 145 0 6.8 8.5 5.0 2.5 2 1 2 0 0
-3020.6 -3384.5 -17.8 142 0 7.4 7.3 5.0 2.5 2 0 2 4 4
-2977.0 -3438.8 -18.7 143 0 7.2 7.5 5.0 2.5 4 1 2 5 5
-3001.7 -3457.1 -18.3 321 0 6.6 5.9 5.0 2.5 2 0 2 3 3
-2983.5 -3479.2 -19.2 320 0 6.3 7.0 5.0 2.5 2 1 2 5 5
-2960.4 -3459.9 -19.3 141 0 7.4 6.4 5.0 2.5 2 0 2 2 2
-2939.7 -3533.6 -19.1 320 0 7.8 7.5 5.0 2.5 2 0 2 3 3
-2923.3 -3554.9 -18.7 319 0 6.8 7.3 5.0 0.0 0 1 2 4 4
-2915.8 -3515.6 -19.5 139 0 5.8 7.8 5.0 2.5 2 1 2 5 5
-2895.6 -3544.7 -19.0 138 0 5.9 7.4 5.0 2.5 2 1 2 4 4
-2872.9 -3618.2 -17.7 322 0 7.4 6.2 5.0 0.0 0 0 2 4 4
-2856.5 -3638.1 -18.0 323 0 6.2 7.5 5.0 2.5 2 1 2 4 4
-2849.0 -3599.4 -18.0 142 0 6.5 7.3 5.0 2.5 2 1 2 4 4
-2810.7 -3694.2 -18.8 322 0 6.4 6.4 5.0 2.5 2 0 2 5 5
-2793.1 -3715.8 -19.1 325 0 6.7 5.8 5.0 2.5 2 0 2 5 5
-2789.0 -3676.3 -19.1 142 0 6.4 8.0 2.5 2.5 2 1 1 0 0
-2771.1 -3698.1 -19.7 141 0 6.1 8.0 2.5 2.5 2 1 1 4 4
-2748.0 -3778.9 -18.3 321 0 7.6 6.5 2.5 2.5 2 0 1 0 0
-2725.7 -3804.3 -17.4 321 0 6.9 7.3 2.5 2.5 2 1 1 3 3
-2724.4 -3760.1 -18.2 141 0 6.7 7.8 5.0 2.5 2 1 2 3 3
-2704.7 -3784.8 -17.3 141 0 6.9 7.4 5.0 2.5 4 1 2 0 0
-2685.0 -3853.3 -16.6 321 0 7.1 7.0 2.5 2.5 2 0 1 1 1
-2675.0 -3866.7 -16.7 321 0 3.5 6.1 2.5 2.5 4 1 1 4 4
-2677.7 -3859.3 -16.7 321 0 10.2 9.6 2.5 2.5 2 0 1 4 4
-2662.7 -3838.5 -16.4 141 0 6.6 7.9 5.0 2.5 2 1 2 3 3
-2638.3 -3866.0 -16.6 141 0 6.0 7.7 5.0 2.5 2 1 2 5 5
-2634.9 -3872.2 -16.5 141 0 6.2 9.8 5.0 2.5 2 1 2 0 0
-2661.2 -3880.7 -16.8 321 0 6.7 7.2 2.5 2.5 2 1 1 4 4
-2618.1 -3936.0 -16.6 321 0 7.2 6.6 2.5 2.5 2 0 1 3 3
-2597.4 -3919.1 -16.3 141 0 6.6 7.9 5.0 2.5 2 1 2 4 4
-2570.5 -3999.4 -15.7 321 0 6.9 8.1 2.5 2.5 2 1 1 5 5
-2550.0 -3976.9 -15.5 141 0 6.3 9.2 5.0 0.0 0 1 2 0 0
-2503.7 -4037.3 -14.7 141 0 6.3 8.7 5.0 0.0 0 1 2 1 1
-2527.5 -4047.0 -14.5 321 0 6.4 7.9 2.5 0.0 0 1 1 2 2
-1928.6 -2816.4 -14.3 321 0 8.4 8.8 2.5 2.5 2 1 1 3 3
-2088.7 -2637.0 -16.4 51 0 8.8 8.4 5.0 2.5 2 0 2 3 3
-2210.1 -2667.4 -16.4 231 0 7.2 12.7 5.0 2.5 2 1 2 2 2
-2242.1 -2691.3 -16.7 229 0 6.2 6.7 5.0 2.5 2 1 2 2 2
-2234.2 -2700.5 -16.6 49 0 8.0 5.0 5.0 2.5 4 0 2 3 3
-2293.3 -2731.4 -16.6 235 0 7.1 11.9 5.0 2.5 2 1 2 1 1
-2318.4 -2761.4 -16.1 143 0 8.5 8.6 5.0 2.5 4 1 2 3 3
-2697.6 -3080.2 -18.4 323 0 6.0 7.7 5.0 2.5 2 1 2 2 2
-2709.7 -3071.7 -18.4 230 0 7.3 10.3 5.0 2.5 2 1 2 4 4
-2729.1 -3087.1 -18.5 232 0 7.2 16.2 5.0 2.5 2 1 2 0 0
-2746.2 -3101.6 -18.6 233 0 7.9 12.2 5.0 2.5 2 1 2 5 5
-2768.8 -3121.6 -18.7 237 0 7.2 12.5 5.0 2.5 2 1 2 4 4
-2791.0 -3128.3 -18.8 230 0 7.4 10.5 5.0 0.0 0 1 2 1 1
-2888.3 -3291.9 -19.4 141 0 3.7 5.6 2.5 2.5 2 1 1 3 3
-2871.8 -3273.4 -19.4 321 0 5.2 8.9 2.5 2.5 2 1 1 5 5
-2757.2 -3340.8 -19.0 51 0 5.1 3.8 5.0 2.5 4 0 2 3 3
-2772.5 -3344.9 -19.0 51 0 7.6 11.2 5.0 2.5 2 1 2 0 0
-2814.0 -3351.8 -19.5 318 0 8.0 9.9 5.0 2.5 2 1 2 5 5
-2772.9 -3436.7 -19.6 142 0 11.0 3.9 5.0 2.5 2 0 2 4 4
-2726.7 -3414.0 -18.9 140 0 6.0 10.7 5.0 2.5 2 1 2 0 0
-2641.2 -3496.5 -18.2 52 0 7.2 3.9 2.5 2.5 4 0 1 1 1
-2630.1 -3492.6 -18.1 51 0 7.0 5.8 2.5 2.5 2 0 1 4 4
-2624.3 -3499.5 -18.0 53 0 7.9 8.5 2.5 2.5 2 1 1 5 5
-2519.6 -3418.6 -17.1 53 0 7.1 8.5 2.5 2.5 2 1 1 4 4
-2525.8 -3411.8 -17.2 50 0 9.5 5.2 2.5 2.5 4 0 1 1 1
-2651.4 -3557.4 -18.7 324 0 8.7 11.2 5.0 2.5 2 1 2 3 3
-2647.6 -3554.6 -18.7 323 0 7.4 4.4 5.0 0.0 0 0 2 3 3
-2667.2 -3578.7 -18.8 137 0 3.9 7.0 5.0 2.5 2 1 2 2 2
-2611.4 -3598.9 -18.8 323 0 13.3 17.4 5.0 0.0 0 1 2 3 3
-2529.1 -3728.4 -16.8 57 0 3.5 5.7 2.5 2.5 2 1 1 0 0
-2521.9 -3720.6 -16.8 323 0 7.4 8.3 2.5 0.0 0 1 1 1 1
-2460.5 -3798.5 -15.5 323 0 9.1 12.7 5.0 0.0 0 1 2 3 3
-2478.3 -3806.7 -15.2 236 0 7.0 5.9 5.0 2.5 2 0 2 4 4
-2430.4 -3837.7 -15.3 320 0 8.4 11.3 5.0 2.5 2 1 2 5 5
-2407.2 -3879.0 -14.9 325 0 6.8 3.9 5.0 0.0 0 0 2 1 1
-2400.5 -3875.7 -15.1 325 0 9.3 6.9 5.0 2.5 2 0 2 3 3
-2320.3 -4050.2 -15.6 333 0 14.0 7.0 5.0 2.5 4 0 2 0 0
-2333.3 -4057.7 -15.4 153 0 13.9 6.9 5.0 2.5 2 0 2 2 2
-2320.1 -4083.6 -14.8 55 0 6.6 6.2 5.0 2.5 2 0 2 2 2
-3187.6 -3521.5 -19.8 140 0 6.9 7.5 5.0 2.5 2 1 2 5 5
-3204.5 -3499.9 -19.5 140 0 6.0 9.7 5.0 2.5 4 1 2 5 5
-3226.7 -3513.4 -19.6 320 0 7.5 6.6 5.0 2.5 2 0 2 5 5
-3207.9 -3537.5 -20.0 320 0 8.2 6.9 5.0 2.5 2 0 2 1 1
-3128.5 -3593.5 -20.6 140 0 6.9 8.4 2.5 2.5 2 1 1 5 5
-3142.0 -3575.0 -20.4 140 0 6.9 7.3 2.5 2.5 2 1 1 5 5
-3164.2 -3591.2 -20.6 320 0 7.6 7.5 2.5 2.5 2 0 1 0 0
-3149.1 -3608.0 -20.6 320 0 7.0 9.3 2.5 2.5 2 1 1 0 0
-3062.9 -3675.5 -18.8 140 0 6.0 8.1 5.0 2.5 2 1 2 0 0
-3080.7 -3654.4 -19.4 140 0 6.4 8.9 5.0 2.5 4 1 2 5 5
-3100.1 -3670.4 -19.6 320 0 6.9 7.0 2.5 2.5 4 1 1 3 3
-3082.7 -3691.8 -18.9 320 0 7.9 8.1 2.5 2.5 4 1 1 5 5
-3038.8 -3748.3 -18.0 320 0 7.1 7.5 5.0 2.5 2 1 2 2 2
-3016.7 -3732.0 -17.9 140 0 6.5 7.3 2.5 2.5 4 1 1 0 0
-3017.3 -3775.2 -18.0 320 0 7.6 7.1 5.0 2.5 2 0 2 4 4
-2998.9 -3753.9 -17.9 140 0 5.9 7.2 2.5 0.0 0 1 1 5 5
-2943.3 -3873.6 -17.7 0 0 9.5 8.3 5.0 2.5 2 0 2 3 3
-2981.4 -3819.2 -17.8 326 0 6.4 7.3 5.0 2.5 4 1 2 5 5
-2961.9 -3799.9 -18.0 145 0 6.5 8.6 2.5 2.5 2 1 1 4 4
-2936.5 -3830.0 -18.1 145 0 6.2 8.6 2.5 2.5 2 1 1 4 4
-2958.7 -3847.6 -17.7 325 0 5.6 7.5 5.0 2.5 2 1 2 1 1
-2907.9 -3911.9 -17.7 325 0 6.4 7.8 5.0 2.5 2 1 2 3 3
-2885.8 -3894.6 -18.0 145 0 7.2 8.3 5.0 0.0 0 1 2 4 4
-2870.4 -3915.5 -18.0 145 0 6.3 7.3 5.0 0.0 0 1 2 3 3
-2891.0 -3933.3 -17.7 325 0 7.2 6.1 5.0 2.5 2 0 2 0 0
-2822.0 -3977.6 -18.2 145 0 6.6 8.7 2.5 2.5 2 1 1 1 1
-2808.2 -3995.9 -18.2 145 0 6.5 5.9 2.5 2.5 4 0 1 2 2
-2841.6 -3994.6 -17.9 325 0 7.4 6.6 5.0 2.5 2 0 2 4 4
-2828.4 -4012.7 -17.9 325 0 7.1 6.0 5.0 2.5 2 0 2 5 5
-2764.0 -4048.3 -18.1 142 0 6.2 10.6 2.5 2.5 2 1 1 1 1
-2745.5 -4072.7 -17.8 141 0 6.8 8.0 2.5 2.5 2 1 1 1 1
-2764.8 -4088.3 -17.8 321 0 5.7 8.0 5.0 2.5 2 1 2 1 1
-2758.5 -4092.8 -17.7 321 0 8.4 15.3 5.0 2.5 2 1 2 1 1
-2686.1 -4146.9 -16.3 141 0 7.1 7.3 2.5 2.5 2 1 1 5 5
-2703.2 -4125.0 -16.7 141 0 6.6 8.4 2.5 2.5 2 1 1 0 0
-2722.5 -4138.4 -16.7 321 0 7.5 7.8 5.0 2.5 4 1 2 3 3
-2704.0 -4160.1 -16.2 321 0 8.3 8.2 5.0 2.5 2 0 2 2 2
-2784.6 -4364.4 -16.4 81 0 10.0 16.4 5.0 0.0 0 1 2 2 2
-3129.0 -4330.4 -15.3 66 0 7.8 9.5 5.0 2.5 2 1 2 5 5
-3186.4 -4355.2 -14.9 64 0 7.8 10.7 5.0 2.5 2 1 2 3 3
-3208.9 -4340.7 -15.2 246 0 6.6 17.2 5.0 2.5 2 1 2 2 2
-3211.2 -4373.3 -14.1 67 0 5.1 5.3 5.0 2.5 2 1 2 5 5
-3214.1 -4367.4 -14.5 65 0 11.4 7.4 5.0 0.0 0 0 2 1 1
-3237.3 -4362.2 -15.8 152 0 8.5 6.9 5.0 2.5 2 0 2 0 0
-3427.6 -4532.7 -12.9 62 0 7.5 4.3 5.0 2.5 4 0 2 1 1
-3434.5 -4538.6 -13.1 62 0 7.2 7.3 5.0 2.5 2 1 2 1 1
-3486.5 -4644.4 -16.9 62 0 9.9 8.9 5.0 2.5 2 0 2 0 0
-3494.7 -4632.5 -17.4 242 0 6.5 5.0 2.5 2.5 2 0 1 4 4
-2758.5 -4389.8 -14.6 259 0 11.9 11.0 5.0 2.5 2 0 2 2 2
-2717.9 -4378.8 -14.1 254 0 10.3 15.4 5.0 2.5 2 1 2 0 0
-2715.8 -4401.5 -13.5 76 0 12.2 6.7 5.0 2.5 2 0 2 3 3
-2709.8 -4347.4 -15.6 72 0 10.1 8.6 5.0 2.5 2 0 2 3 3
-2670.9 -4388.0 -13.4 72 0 9.9 16.1 5.0 2.5 2 1 2 3 3
-2594.1 -4512.4 -9.1 94 0 10.2 8.3 2.5 2.5 4 0 1 4 4
-2628.4 -4319.2 -14.6 62 0 8.1 10.8 5.0 2.5 4 1 2 0 0
-2618.6 -4317.8 -14.4 62 0 6.5 5.2 5.0 2.5 2 0 2 4 4
-2598.8 -4345.9 -12.7 253 0 5.1 4.4 5.0 2.5 2 0 2 3 3
-2609.4 -4305.3 -14.3 64 0 4.4 5.6 5.0 2.5 2 1 2 1 1
-2572.6 -4292.6 -14.2 157 0 10.8 10.0 2.5 2.5 2 0 1 1 1
-2570.4 -4319.0 -13.3 253 0 6.9 16.8 5.0 2.5 2 1 2 4 4
-2407.0 -4325.7 -12.4 60 0 11.4 17.2 5.0 2.5 4 1 2 5 5
-2345.0 -4146.2 -14.8 212 0 8.0 9.6 2.5 2.5 2 1 1 3 3
-2321.8 -4127.1 -14.7 224 0 8.4 8.4 2.5 2.5 2 1 1 3 3
-2298.7 -4092.7 -14.8 235 0 7.8 7.4 2.5 2.5 2 0 1 3 3
-2204.3 -4085.2 -14.7 275 0 6.7 9.3 2.5 2.5 2 1 1 3 3
-2192.5 -4088.3 -14.7 278 0 11.2 10.7 2.5 0.0 0 0 1 0 0
-2180.3 -4096.1 -14.4 275 0 10.0 8.1 2.5 2.5 2 0 1 4 4
-2147.7 -4115.7 -13.8 314 0 8.7 13.6 2.5 0.0 0 1 1 4 4
-1997.3 -4311.2 -11.0 123 0 3.8 6.5 5.0 2.5 2 1 2 0 0
-1923.1 -4309.9 -12.3 291 0 9.3 8.6 5.0 2.5 2 0 2 1 1
-1393.1 -3930.1 -11.5 20 0 5.6 7.0 7.5 0.0 0 1 3 4 4
-1282.7 -3919.1 -11.0 44 0 10.2 14.5 5.0 2.5 4 1 2 2 2
-1297.6 -3911.5 -11.2 109 0 8.2 10.6 5.0 2.5 2 1 2 4 4
-1290.5 -3887.9 -11.4 287 0 10.4 9.5 5.0 2.5 2 0 2 5 5
-1033.7 -3959.2 -9.9 270 0 7.5 13.2 2.5 2.5 2 1 1 4 4
-1025.4 -3960.4 -9.8 270 0 8.1 12.0 2.5 2.5 2 1 1 1 1
-996.4 -3961.9 -9.8 265 0 7.4 13.1 2.5 2.5 2 1 1 0 0
-950.3 -3979.2 -9.6 87 0 6.8 7.8 2.5 2.5 2 1 1 1 1
-946.8 -3956.8 -9.5 267 0 8.1 13.5 2.5 2.5 2 1 1 1 1
-912.6 -3979.8 -9.3 87 0 7.8 8.6 2.5 2.5 4 1 1 0 0
-905.7 -3937.2 -8.8 259 0 5.4 4.6 2.5 2.5 2 0 1 5 5
-890.5 -3957.6 -9.0 355 0 14.4 7.6 2.5 2.5 2 0 1 2 2
-663.9 -3800.5 -7.6 225 0 11.9 14.7 2.5 2.5 2 1 1 0 0
-633.2 -3795.6 -7.7 46 0 5.0 6.4 2.5 0.0 0 1 1 1 1
-645.4 -3783.8 -7.6 227 0 7.8 9.9 2.5 0.0 0 1 1 0 0
-624.4 -3763.7 -7.8 223 0 8.7 8.5 2.5 0.0 0 0 1 5 5
-635.2 -3751.9 -7.7 214 0 6.4 3.9 2.5 2.5 2 0 1 4 4
-592.6 -3705.9 -8.0 109 0 11.3 18.9 2.5 2.5 2 1 1 4 4
-549.3 -3427.7 -6.4 179 0 6.6 3.8 2.5 2.5 2 0 1 2 2
-544.7 -3426.9 -6.2 175 0 4.6 5.9 2.5 2.5 4 1 1 2 2
-531.7 -3433.0 -5.8 86 0 10.5 9.3 2.5 2.5 2 0 1 0 0
-541.8 -3362.6 -5.5 183 0 9.5 14.1 2.5 2.5 2 1 1 0 0
-515.7 -3364.2 -4.6 0 0 10.3 9.0 2.5 2.5 2 0 1 0 0
-545.7 -3321.2 -6.2 180 0 5.0 6.1 2.5 2.5 2 1 1 3 3
-1989.6 1726.0 -16.8 163 0 6.8 12.0 2.5 2.5 2 1 1 1 1
-1321.7 1740.7 -14.0 251 0 8.6 8.6 5.0 2.5 2 0 2 1 1
-3447.5 1251.9 -13.4 256 0 9.1 8.4 2.5 2.5 2 0 1 5 5
-3105.1 2055.3 -15.2 119 0 9.9 7.9 5.0 2.5 2 0 2 2 2
-2487.8 1843.5 -17.6 341 0 8.3 6.1 5.0 2.5 2 0 2 4 4
-2436.1 1666.4 -18.6 346 0 8.0 12.3 5.0 2.5 2 1 2 5 5
-2399.4 1625.1 -18.3 163 0 6.6 14.5 5.0 2.5 2 1 2 5 5
-2412.3 1566.3 -17.8 342 0 7.9 12.6 5.0 2.5 2 1 2 5 5
-2212.5 1601.6 -17.9 345 0 8.9 5.5 5.0 2.5 2 0 2 4 4
-2203.7 1605.1 -17.9 345 0 5.8 9.1 5.0 2.5 2 1 2 4 4
-2208.4 1626.7 -17.9 342 0 6.4 9.4 5.0 2.5 4 1 2 4 4
-2213.6 1642.6 -17.8 343 0 6.1 9.2 5.0 2.5 2 1 2 1 1
-2224.0 1674.9 -17.7 345 0 7.0 11.7 5.0 2.5 2 1 2 3 3
-2014.3 1672.3 -17.3 338 0 4.4 5.7 2.5 2.5 2 1 1 5 5
-2001.3 1671.1 -17.3 337 0 7.1 17.2 2.5 2.5 2 1 1 4 4
-1351.7 1726.0 -13.9 162 0 6.5 9.6 5.0 2.5 2 1 2 2 2
-1343.2 1720.3 -14.0 161 0 5.2 7.4 5.0 2.5 2 1 2 0 0
-1391.8 1722.5 -13.9 250 0 8.5 8.7 5.0 2.5 4 1 2 0 0
-1486.1 1698.7 -14.1 252 0 7.7 12.9 2.5 2.5 2 1 1 2 2
-1500.2 1693.2 -14.1 250 0 6.7 8.3 2.5 2.5 2 1 1 2 2
-1519.0 1688.6 -14.1 249 0 7.0 8.1 2.5 0.0 0 1 1 2 2
-1628.1 1660.6 -14.0 251 0 7.4 7.4 5.0 2.5 2 0 2 3 3
-1725.9 1636.0 -14.1 250 0 9.1 11.2 2.5 2.5 4 1 1 0 0
-1873.7 2013.9 -16.2 344 0 12.3 17.5 5.0 2.5 2 1 2 3 3
-4259.3 -6291.3 -2.5 0 0 10.1 54.5 5.0 2.5 2 1 2 4 4
317.9 -4241.0 -4.3 276 0 6.6 13.1 5.0 2.5 2 1 2 0 0
285.9 -4278.3 -5.0 200 0 8.6 24.1 7.5 2.5 2 1 3 2 2
281.5 -4291.8 -5.1 200 0 8.0 23.7 5.0 2.5 2 1 2 3 3
319.2 -4298.0 -5.1 20 0 22.5 12.8 7.5 2.5 2 0 3 1 1
-1094.7 -3643.0 -8.0 138 0 5.3 8.3 5.0 2.5 2 1 2 0 0
-1083.4 -3648.2 -7.8 49 0 7.3 8.4 5.0 2.5 2 1 2 5 5
-5773.1 3371.7 -23.4 292 0 8.7 15.9 2.5 2.5 2 1 1 2 2
-5921.4 3488.2 -20.9 41 0 10.1 14.3 2.5 2.5 2 1 1 2 2
-3396.9 4283.2 -18.7 126 0 11.7 11.6 2.5 2.5 2 0 1 4 4
-5940.4 3494.8 -20.7 113 0 5.8 14.9 2.5 2.5 2 1 1 3 3
-3425.6 4237.4 -18.9 36 0 10.2 10.0 5.0 2.5 2 0 2 4 4
-5742.2 3330.4 -22.3 112 0 5.7 10.6 2.5 2.5 2 1 1 1 1
-5732.1 3374.4 -21.1 115 0 5.1 12.2 2.5 2.5 2 1 1 5 5
-3203.6 3833.2 -18.3 36 0 6.4 15.0 5.0 0.0 0 1 2 1 1
-3207.3 3790.5 -18.3 216 0 9.2 13.5 5.0 2.5 4 1 2 4 4
-5942.3 3481.3 -21.6 289 0 7.0 12.8 2.5 2.5 2 1 1 0 0
-5868.9 3416.6 -23.1 296 0 4.9 10.7 2.5 2.5 2 1 1 0 0
-3179.7 2384.1 -16.1 239 0 8.4 10.9 5.0 2.5 2 1 2 4 4
-3169.6 2356.1 -15.9 155 0 4.4 11.2 5.0 2.5 2 1 2 5 5
-3174.5 2365.1 -16.0 150 0 10.3 8.3 5.0 2.5 2 0 2 5 5
-3204.0 2378.6 -15.9 328 0 5.9 7.4 2.5 2.5 2 1 1 4 4
-3212.6 2377.4 -15.9 324 0 3.4 5.5 2.5 2.5 4 1 1 0 0
-3237.4 2362.1 -15.6 239 0 3.3 4.9 2.5 0.0 0 1 1 3 3
-3237.0 2352.6 -15.5 149 0 4.0 5.0 2.5 2.5 2 1 1 5 5
-3195.6 2364.4 -15.8 334 0 12.0 8.1 2.5 2.5 4 0 1 5 5
-3190.0 2317.3 -15.3 60 0 6.9 8.2 2.5 2.5 2 1 1 4 4
-3199.7 2311.5 -15.3 60 0 13.6 11.3 2.5 2.5 2 0 1 5 5
-5994.8 3512.0 -20.2 110 0 7.3 10.9 2.5 2.5 2 1 1 2 2
-5988.5 3496.9 -21.2 290 0 8.6 7.3 2.5 2.5 2 0 1 3 3
-5935.5 3414.2 -23.3 290 0 5.8 8.2 2.5 2.5 2 1 1 4 4
-5701.1 3329.0 -21.4 308 0 7.1 7.2 2.5 2.5 2 1 1 2 2
-5706.1 3322.7 -21.5 308 0 7.2 6.2 2.5 2.5 2 0 1 2 2
-5717.7 3348.8 -21.6 305 0 7.9 15.9 2.5 2.5 4 1 1 4 4
-5744.6 3323.2 -22.6 109 0 6.2 4.6 2.5 2.5 2 0 1 4 4
-5726.5 3319.6 -21.9 112 0 6.2 9.3 2.5 2.5 2 1 1 4 4
-5728.2 3314.7 -22.0 114 0 5.9 4.1 2.5 2.5 2 0 1 2 2
-5743.0 3295.5 -22.1 282 0 8.3 6.3 2.5 2.5 2 0 1 1 1
-5664.4 3316.3 -21.0 142 0 6.4 16.8 2.5 2.5 2 1 1 4 4
-5667.6 3333.1 -20.9 143 0 7.8 5.3 2.5 2.5 2 0 1 4 4
-5676.2 3327.7 -21.1 143 0 7.3 9.6 2.5 2.5 2 1 1 3 3
-5672.7 3364.9 -20.7 306 0 6.8 6.4 2.5 2.5 2 0 1 4 4
-5690.5 3358.0 -20.9 126 0 7.1 8.7 2.5 2.5 2 1 1 5 5
-5685.0 3365.6 -20.8 126 0 8.5 7.8 2.5 2.5 2 0 1 5 5
-5695.8 3371.5 -20.8 120 0 9.1 8.5 2.5 2.5 2 0 1 3 3
-5709.7 3366.6 -21.0 132 0 9.2 6.8 2.5 2.5 2 0 1 3 3
-5725.7 3386.0 -20.9 115 0 6.3 3.2 2.5 2.5 2 0 1 1 1
-5737.4 3397.5 -20.9 205 0 5.5 5.5 2.5 2.5 2 1 1 4 4
-5740.7 3386.2 -21.2 115 0 6.8 7.8 2.5 2.5 4 1 1 1 1
-5745.5 3377.4 -21.6 115 0 8.2 9.0 2.5 2.5 2 1 1 5 5
-5745.3 3400.8 -21.5 294 0 6.7 12.1 2.5 2.5 2 1 1 2 2
-5772.4 3388.5 -22.1 115 0 9.5 16.3 2.5 2.5 2 1 1 1 1
-5789.3 3424.3 -21.4 301 0 7.5 7.4 2.5 2.5 2 0 1 0 0
-5791.0 3415.5 -21.8 301 0 13.4 8.9 2.5 0.0 0 0 1 0 0
-5823.6 3408.0 -22.3 113 0 9.9 13.8 2.5 2.5 2 1 1 0 0
-5834.4 3430.5 -22.1 293 0 12.7 7.1 2.5 2.5 2 0 1 3 3
-5840.9 3415.2 -22.4 113 0 10.1 8.2 2.5 2.5 2 0 1 5 5
-5853.8 3428.9 -22.2 113 0 9.4 6.3 2.5 2.5 2 0 1 0 0
-5855.9 3420.8 -22.5 113 0 10.2 7.3 2.5 2.5 2 0 1 5 5
-5857.3 3450.0 -21.7 293 0 9.6 8.8 2.5 2.5 2 0 1 1 1
-5860.5 3440.7 -22.1 293 0 7.9 7.3 2.5 2.5 2 0 1 4 4
-5871.2 3425.8 -22.6 113 0 8.7 8.2 2.5 2.5 2 0 1 3 3
-5876.2 3457.4 -21.7 293 0 10.3 8.8 2.5 2.5 2 0 1 3 3
-5880.6 3448.9 -22.0 293 0 9.9 4.5 2.5 2.5 2 0 1 0 0
-5881.7 3439.0 -22.3 113 0 13.1 4.4 2.5 2.5 2 0 1 2 2
-5886.8 3432.6 -22.7 113 0 11.8 7.5 2.5 2.5 4 0 1 2 2
-5920.5 3461.5 -22.3 204 0 10.8 31.3 2.5 2.5 2 1 1 4 4
-5904.2 3425.3 -22.8 295 0 7.0 7.3 2.5 2.5 2 1 1 5 5
-5908.4 3417.0 -22.7 295 0 6.8 3.9 2.5 2.5 4 0 1 1 1
-5902.0 3405.0 -22.7 25 0 6.0 8.9 2.5 2.5 2 1 1 0 0
-5903.9 3396.9 -22.9 25 0 9.1 9.9 2.5 2.5 2 1 1 5 5
-5889.5 3417.4 -22.8 26 0 6.1 7.9 2.5 2.5 2 1 1 1 1
-5892.5 3410.9 -22.8 26 0 5.0 7.1 2.5 2.5 2 1 1 5 5
-5895.1 3404.2 -22.8 26 0 5.9 5.7 2.5 2.5 2 0 1 2 2
-5872.7 3378.2 -23.3 116 0 6.5 6.5 2.5 2.5 2 1 1 2 2
-5871.4 3386.3 -23.3 116 0 11.0 7.0 2.5 0.0 0 0 1 0 0
-5878.7 3405.4 -23.1 206 0 5.8 6.3 2.5 2.5 2 1 1 2 2
-5857.7 3409.6 -23.2 296 0 11.6 10.5 2.5 2.5 2 0 1 2 2
-5862.9 3399.9 -23.4 296 0 14.0 7.4 2.5 2.5 2 0 1 4 4
-5858.1 3379.9 -23.6 113 0 10.0 6.4 2.5 2.5 2 0 1 4 4
-5860.9 3370.7 -23.6 113 0 9.2 9.5 2.5 2.5 2 1 1 2 2
-5849.6 3390.7 -23.4 293 0 7.5 5.1 2.5 2.5 2 0 1 0 0
-5828.9 3400.0 -23.0 293 0 9.8 10.3 2.5 0.0 0 1 1 0 0
-5831.9 3389.3 -23.2 293 0 8.9 7.1 2.5 2.5 2 0 1 5 5
-5820.8 3387.2 -23.1 293 0 9.3 7.3 2.5 2.5 2 0 1 2 2
-5811.8 3381.4 -23.0 293 0 9.1 6.4 2.5 2.5 2 0 1 2 2
-5819.9 3366.2 -23.5 113 0 10.1 8.3 2.5 2.5 2 0 1 3 3
-5822.5 3357.9 -23.9 113 0 9.0 7.9 2.5 2.5 2 0 1 5 5
-5808.6 3391.4 -22.8 292 0 10.0 8.6 2.5 0.0 0 0 1 4 4
-5792.7 3383.4 -23.0 293 0 13.2 11.9 2.5 2.5 2 0 1 4 4
-5804.7 3346.0 -24.2 113 0 7.3 11.7 2.5 2.5 2 1 1 0 0
-5788.7 3343.6 -23.9 113 0 4.6 5.2 2.5 2.5 2 1 1 1 1
-5796.4 3344.3 -24.1 113 0 7.5 8.3 2.5 2.5 2 1 1 1 1
-5779.6 3350.1 -23.4 113 0 4.7 5.0 2.5 2.5 2 1 1 2 2
-5786.9 3353.2 -23.6 113 0 9.5 5.4 2.5 0.0 0 0 1 2 2
-5759.8 3372.3 -22.6 293 0 9.9 9.3 2.5 2.5 4 0 1 5 5
-5744.0 3363.0 -22.2 292 0 12.1 8.7 2.5 2.5 2 0 1 3 3
-5747.9 3354.3 -22.4 293 0 11.4 5.5 2.5 2.5 2 0 1 3 3
-5750.7 3348.2 -22.6 293 0 8.6 4.9 2.5 2.5 2 0 1 0 0
-5755.3 3338.1 -22.8 113 0 6.3 4.9 2.5 2.5 2 0 1 5 5
-5759.2 3328.5 -23.2 112 0 11.9 9.9 2.5 2.5 4 0 1 1 1
-5780.3 3321.5 -23.8 293 0 7.2 12.1 2.5 0.0 0 1 1 3 3
-5798.2 3327.7 -24.2 293 0 8.0 9.4 2.5 2.5 2 1 1 1 1
-5818.5 3326.4 -24.3 293 0 6.9 6.5 2.5 0.0 0 0 1 5 5
-5812.8 3335.2 -24.4 293 0 7.7 8.6 2.5 2.5 2 1 1 3 3
-5828.6 3342.1 -24.2 293 0 6.7 7.5 2.5 2.5 2 1 1 4 4
-5838.4 3340.3 -24.0 293 0 5.1 6.7 2.5 2.5 2 1 1 2 2
-5833.5 3333.4 -24.1 293 0 7.6 6.4 2.5 2.5 4 0 1 3 3
-5840.7 3319.0 -24.0 113 0 9.8 6.1 2.5 2.5 4 0 1 3 3
-5848.7 3351.6 -23.8 293 0 6.1 6.2 2.5 0.0 0 1 1 5 5
-5851.7 3345.1 -23.7 293 0 6.2 6.1 2.5 2.5 2 0 1 0 0
-5869.1 3330.3 -23.4 113 0 7.8 4.7 2.5 2.5 2 0 1 4 4
-5872.2 3323.0 -23.4 113 0 5.8 6.6 2.5 0.0 0 1 1 2 2
-5880.9 3366.4 -23.1 293 0 7.3 6.5 2.5 2.5 2 0 1 4 4
-5883.7 3359.6 -23.0 293 0 6.5 6.5 2.5 2.5 2 0 1 5 5
-5881.1 3341.7 -23.2 293 0 8.9 4.4 2.5 2.5 2 0 1 5 5
-5886.8 3325.9 -23.1 113 0 9.4 11.2 2.5 2.5 4 1 1 2 2
-5895.8 3372.2 -22.8 293 0 7.1 9.6 2.5 2.5 2 1 1 4 4
-5903.4 3373.7 -22.6 293 0 5.9 8.3 2.5 2.5 4 1 1 4 4
-5899.2 3362.4 -22.7 293 0 10.1 7.9 2.5 0.0 0 0 1 0 0
-5914.9 3380.7 -22.8 294 0 10.2 28.6 2.5 0.0 0 1 1 1 1
-5981.7 3441.7 -23.6 290 0 5.2 8.9 2.5 2.5 2 1 1 4 4
-5990.6 3432.2 -23.7 290 0 9.6 8.2 2.5 2.5 2 0 1 5 5
-5982.3 3373.3 -22.6 195 0 9.6 9.9 2.5 2.5 2 1 1 2 2
-5954.7 3360.8 -22.6 113 0 28.9 11.0 2.5 2.5 2 0 1 2 2
-5942.5 3391.3 -23.2 18 0 10.3 19.9 2.5 2.5 4 1 1 0 0
-5975.4 3377.6 -23.3 108 0 11.6 26.1 2.5 2.5 2 1 1 1 1
-5946.2 3409.7 -23.4 290 0 10.2 7.0 2.5 2.5 2 0 1 2 2
-5917.7 3432.4 -22.7 290 0 9.1 7.3 2.5 2.5 2 0 1 0 0
-5928.4 3437.4 -23.0 290 0 12.2 18.9 2.5 2.5 2 1 1 2 2
-5955.2 3436.5 -23.2 292 0 5.0 5.8 2.5 2.5 2 1 1 3 3
-5951.7 3445.3 -23.0 292 0 8.6 7.9 2.5 2.5 2 0 1 5 5
-5937.3 3459.1 -22.2 20 0 12.1 9.2 2.5 2.5 2 0 1 4 4
-5929.6 3469.6 -21.7 23 0 8.5 11.5 2.5 0.0 0 1 1 1 1
-5954.1 3464.1 -21.9 109 0 10.8 5.9 2.5 2.5 2 0 1 4 4
-5974.3 3492.0 -21.5 289 0 7.8 13.5 2.5 2.5 2 1 1 4 4
-5982.9 3467.8 -22.1 109 0 7.9 5.6 2.5 2.5 4 0 1 3 3
-6000.0 3461.8 -22.7 289 0 11.3 7.1 2.5 2.5 2 0 1 1 1
-6003.4 3454.7 -22.9 289 0 10.6 6.4 2.5 2.5 2 0 1 4 4
-6011.7 3507.4 -20.7 289 0 4.9 7.9 2.5 0.0 0 1 1 0 0
-6008.7 3488.3 -21.3 109 0 8.7 6.3 2.5 2.5 2 0 1 2 2
-5735.7 3428.0 -20.5 117 0 10.0 6.6 2.5 2.5 2 0 1 5 5
-5755.9 3423.5 -20.7 117 0 8.3 7.9 2.5 2.5 2 0 1 2 2
-5773.7 3435.4 -20.6 110 0 6.5 9.1 2.5 2.5 4 1 1 5 5
-5782.5 3437.4 -20.5 109 0 10.4 9.1 2.5 0.0 0 0 1 0 0
-5772.3 3468.4 -20.9 289 0 18.1 10.4 2.5 2.5 2 0 1 2 2
-5796.4 3450.9 -20.4 110 0 9.4 6.3 2.5 2.5 2 0 1 3 3
-5799.7 3441.5 -20.6 109 0 11.7 8.5 2.5 0.0 0 0 1 0 0
-5810.6 3455.0 -20.4 109 0 7.6 7.9 2.5 2.5 2 1 1 3 3
-5813.4 3446.3 -20.6 109 0 9.3 8.6 2.5 2.5 2 0 1 1 1
-5795.6 3466.7 -20.6 110 0 6.8 7.4 2.5 2.5 2 1 1 2 2
-5800.1 3483.3 -20.6 289 0 5.7 4.9 2.5 2.5 2 0 1 3 3
-5803.5 3471.1 -20.5 109 0 8.9 7.2 2.5 2.5 2 0 1 2 2
-5813.2 3480.8 -20.4 115 0 5.6 5.8 2.5 0.0 0 1 1 1 1
-5802.9 3493.8 -20.6 296 0 7.9 6.4 2.5 2.5 2 0 1 4 4
-5822.5 3494.4 -20.3 296 0 5.9 5.8 2.5 2.5 2 0 1 2 2
-5828.8 3481.7 -20.2 116 0 7.2 6.6 2.5 2.5 4 0 1 1 1
-5833.9 3501.8 -20.2 296 0 4.0 4.6 2.5 2.5 2 1 1 0 0
-5841.9 3487.1 -20.1 116 0 9.0 10.4 2.5 2.5 4 1 1 2 2
-5847.1 3506.3 -20.1 296 0 7.7 6.6 2.5 2.5 2 0 1 0 0
-5853.4 3492.0 -19.9 116 0 9.1 6.8 2.5 2.5 2 0 1 1 1
-5856.6 3511.4 -20.0 292 0 5.8 7.3 2.5 2.5 2 1 1 0 0
-5862.8 3517.9 -19.9 303 0 7.5 8.0 2.5 2.5 2 1 1 3 3
-5851.0 3468.8 -20.5 112 0 9.7 6.6 2.5 2.5 2 0 1 4 4
-5854.0 3458.5 -20.8 112 0 6.7 9.1 2.5 2.5 4 1 1 0 0
-5865.6 3475.0 -20.5 112 0 9.1 6.0 2.5 2.5 2 0 1 3 3
-5868.0 3468.2 -20.7 112 0 9.0 6.5 2.5 2.5 2 0 1 4 4
-5867.5 3488.3 -20.2 112 0 12.7 7.2 2.5 2.5 2 0 1 1 1
-5877.8 3481.5 -20.5 112 0 8.8 7.0 2.5 2.5 4 0 1 1 1
-5889.1 3482.0 -20.6 113 0 9.2 7.3 2.5 2.5 2 0 1 2 2
-5892.1 3474.5 -20.9 113 0 10.2 6.8 2.5 2.5 2 0 1 3 3
-5890.5 3504.3 -20.2 203 0 8.2 7.4 2.5 2.5 2 0 1 5 5
-5896.7 3510.9 -20.2 202 0 7.0 7.8 2.5 2.5 2 1 1 4 4
-5904.0 3495.2 -20.6 203 0 7.1 11.2 2.5 2.5 2 1 1 2 2
-5904.7 3480.8 -20.9 113 0 10.1 8.7 2.5 2.5 2 0 1 2 2
-5928.2 3515.8 -20.1 23 0 12.2 5.9 2.5 0.0 0 0 1 1 1
-5921.4 3509.8 -20.3 23 0 10.9 6.2 2.5 0.0 0 0 1 0 0
-5910.1 3532.5 -19.5 23 0 10.7 6.2 2.5 2.5 2 0 1 4 4
-5926.9 3539.6 -19.2 23 0 8.7 5.5 2.5 2.5 2 0 1 5 5
-5924.9 3528.5 -19.6 23 0 8.3 10.6 2.5 0.0 0 1 1 1 1
-5945.4 3516.7 -20.0 109 0 8.7 9.1 2.5 2.5 2 1 1 1 1
-5953.3 3503.1 -20.5 109 0 10.2 12.1 2.5 2.5 2 1 1 5 5
-5972.0 3530.6 -19.5 199 0 3.3 6.3 2.5 2.5 2 1 1 0 0
-5978.9 3523.9 -19.7 109 0 12.2 4.8 2.5 2.5 2 0 1 3 3
-5962.2 3517.3 -20.0 109 0 7.4 6.0 2.5 2.5 4 0 1 3 3
-5967.5 3505.3 -20.4 109 0 9.4 12.1 2.5 2.5 2 1 1 5 5
-3928.1 4636.7 -22.9 356 0 7.6 16.8 5.0 2.5 2 1 2 4 4
-3929.5 4627.2 -22.8 357 0 8.0 10.4 5.0 2.5 2 1 2 0 0
-3949.4 4609.6 -22.9 181 0 9.7 7.8 5.0 2.5 2 0 2 0 0
-3976.1 4669.4 -22.0 355 0 6.9 8.3 5.0 2.5 2 1 2 2 2
-3962.6 4671.7 -23.1 355 0 4.3 3.7 5.0 0.0 0 0 2 0 0
-3962.9 4663.6 -23.0 355 0 7.9 7.5 5.0 2.5 2 0 2 5 5
-3971.4 4662.5 -22.4 355 0 7.4 7.3 5.0 0.0 0 0 2 4 4
-2938.7 3847.4 -17.4 36 0 5.6 8.4 5.0 2.5 4 1 2 0 0
-2940.6 3839.0 -17.4 36 0 9.3 13.4 5.0 2.5 2 1 2 2 2
-3532.1 4091.5 -19.7 36 0 9.2 11.1 5.0 2.5 2 1 2 3 3
-3250.2 4309.3 -19.2 36 0 8.7 15.3 5.0 2.5 2 1 2 0 0
-3240.6 4369.0 -18.2 216 0 8.3 12.1 5.0 2.5 2 1 2 0 0
-3185.0 4410.6 -18.2 36 0 6.7 8.0 5.0 2.5 2 1 2 4 4
-3166.1 4391.0 -19.5 216 0 8.5 16.4 5.0 2.5 2 1 2 5 5
-3294.4 4615.4 -17.9 36 0 7.1 9.3 2.5 2.5 2 1 1 5 5
-3270.5 4596.9 -17.8 216 0 7.6 9.4 2.5 2.5 2 1 1 2 2
-3331.0 4483.0 -17.7 126 0 3.4 7.3 2.5 0.0 0 1 1 0 0
-3336.6 4484.7 -17.8 126 0 5.4 9.3 2.5 2.5 2 1 1 4 4
-3342.2 4491.7 -17.9 126 0 9.1 6.4 2.5 2.5 2 0 1 2 2
-3454.6 4399.4 -18.6 36 0 7.8 10.3 5.0 2.5 2 1 2 5 5
-3476.1 4358.9 -18.6 36 0 6.2 7.0 5.0 2.5 2 1 2 1 1
-3480.8 4349.7 -18.6 36 0 11.8 9.4 5.0 2.5 2 0 2 2 2
-3452.7 4321.5 -18.6 126 0 4.3 7.8 2.5 2.5 2 1 1 1 1
-3403.2 4416.1 -18.2 216 0 7.6 14.4 2.5 0.0 0 1 1 1 1
-3420.7 4391.0 -18.3 216 0 9.9 13.0 2.5 0.0 0 1 1 2 2
-3382.0 4298.7 -18.6 306 0 5.1 7.6 2.5 2.5 2 1 1 2 2
-3405.2 4289.0 -18.7 126 0 6.5 12.0 2.5 2.5 4 1 1 4 4
-3414.7 4252.9 -18.8 36 0 10.2 10.1 5.0 2.5 2 0 2 2 2
-3442.6 4212.0 -19.3 36 0 6.1 9.5 5.0 2.5 2 1 2 3 3
-3451.7 4206.7 -19.3 36 0 6.6 9.5 5.0 2.5 2 1 2 5 5
-3486.7 4149.0 -19.2 36 0 7.4 24.7 5.0 0.0 0 1 2 0 0
-3482.1 4112.4 -19.0 216 0 10.7 19.5 2.5 2.5 4 1 1 2 2
-3464.3 4139.1 -18.9 216 0 6.7 16.8 2.5 2.5 2 1 1 1 1
-3311.6 3994.1 -19.0 216 0 8.4 9.9 5.0 2.5 2 1 2 1 1
-3351.1 4020.8 -18.6 126 0 7.4 3.8 5.0 0.0 0 0 2 2 2
-3338.5 4010.9 -18.7 36 0 7.2 11.5 5.0 2.5 2 1 2 0 0
-3143.9 3870.4 -18.1 216 0 9.1 13.3 5.0 2.5 2 1 2 0 0
-3171.2 3880.5 -18.2 36 0 9.4 12.4 5.0 2.5 2 1 2 4 4
-3229.4 3758.7 -18.5 216 0 10.0 11.2 5.0 2.5 2 1 2 4 4
-3239.5 3741.9 -18.5 216 0 7.1 8.9 5.0 0.0 0 1 2 4 4
-3263.6 3749.2 -18.6 36 0 7.9 15.8 5.0 2.5 4 1 2 0 0
-3233.6 3800.6 -18.4 36 0 8.9 12.6 5.0 2.5 2 1 2 1 1
-3209.9 3829.6 -18.3 36 0 6.5 11.1 5.0 2.5 2 1 2 4 4
-3186.0 3779.9 -18.3 36 0 8.7 9.3 5.0 0.0 0 1 2 2 2
-3015.5 3976.7 -17.5 306 0 7.6 17.7 5.0 2.5 2 1 2 4 4
-3070.6 3980.0 -17.7 216 0 7.2 7.7 5.0 2.5 2 1 2 2 2
-3097.3 3937.1 -17.8 216 0 8.8 15.9 5.0 2.5 2 1 2 2 2
-1247.0 2173.1 -12.7 166 0 6.2 14.0 5.0 2.5 2 1 2 1 1
-1250.1 2076.8 -12.4 348 0 8.8 15.1 2.5 2.5 2 1 1 5 5
-1324.9 2273.8 -12.9 257 0 7.6 11.9 2.5 2.5 2 1 1 2 2
-1312.6 2279.4 -12.9 259 0 7.7 12.5 2.5 2.5 4 1 1 4 4
-1463.9 2174.0 -13.4 165 0 9.2 17.1 2.5 2.5 2 1 1 1 1
-1720.9 2217.3 -15.4 343 0 6.6 7.1 5.0 2.5 2 1 2 1 1
-1715.1 2202.4 -15.4 71 0 9.4 11.7 5.0 2.5 2 1 2 0 0
-1686.6 2085.4 -14.9 345 0 12.6 13.1 2.5 2.5 2 1 1 2 2
-5594.3 3025.3 -21.4 328 0 6.9 15.1 5.0 0.0 0 1 2 4 4
-5631.3 3053.7 -21.8 144 0 7.7 7.3 5.0 2.5 2 0 2 2 2
-5657.2 3167.6 -20.9 331 0 14.5 18.3 5.0 2.5 2 1 2 4 4
