6552.6 -4749.3 -0.6 308 0 6.6 4.7 5.0 2.5 2 0 2 4 4
6568.1 -4657.3 1.5 306 0 10.8 11.1 5.0 2.5 2 1 2 5 5
6581.3 -4666.1 1.4 304 0 17.4 11.0 7.5 2.5 2 0 3 0 0
6599.4 -4675.2 1.4 305 0 19.3 14.1 5.0 2.5 2 0 2 4 4
6613.0 -4687.9 1.4 305 0 14.1 10.5 2.5 2.5 2 0 1 3 3
6603.8 -4719.5 0.5 119 0 9.7 18.2 5.0 2.5 2 1 2 3 3
6673.9 -5116.1 -9.5 198 0 7.7 15.2 2.5 2.5 2 1 1 0 0
6677.9 -5104.4 -9.7 196 0 6.9 13.4 2.5 2.5 2 1 1 2 2
6682.8 -5085.9 -9.8 198 0 5.5 15.5 2.5 2.5 2 1 1 2 2
6687.0 -5071.4 -9.9 196 0 5.1 11.4 2.5 2.5 2 1 1 3 3
6685.5 -5078.0 -9.8 201 0 5.6 11.9 2.5 0.0 0 1 1 3 3
6693.0 -5052.6 -10.0 193 0 8.7 11.3 2.5 2.5 2 1 1 4 4
6716.5 -5046.8 -10.0 13 0 5.1 9.0 2.5 2.5 2 1 1 5 5
6698.1 -5028.6 -10.2 193 0 6.6 10.4 2.5 2.5 2 1 1 5 5
6701.5 -5020.1 -10.3 201 0 8.7 10.9 2.5 2.5 2 1 1 4 4
6718.7 -5000.1 -10.2 188 0 9.1 9.1 2.5 2.5 2 0 1 4 4
6708.8 -4999.7 -10.4 193 0 9.7 8.1 2.5 2.5 2 0 1 1 1
6714.1 -4988.6 -10.4 196 0 9.8 7.1 2.5 2.5 2 0 1 3 3
6718.2 -4969.6 -10.5 198 0 8.1 11.5 2.5 2.5 2 1 1 1 1
6718.9 -4959.4 -10.6 198 0 6.8 14.5 2.5 2.5 2 1 1 2 2
6729.7 -4946.4 -10.7 283 0 13.0 9.1 2.5 2.5 2 0 1 3 3
6724.6 -4935.0 -10.8 193 0 10.4 8.7 2.5 2.5 2 0 1 3 3
6731.2 -4913.5 -10.8 198 0 6.7 7.7 2.5 2.5 2 1 1 0 0
6741.9 -4916.4 -10.5 193 0 8.6 7.3 2.5 2.5 2 0 1 3 3
6743.7 -4905.4 -10.6 193 0 7.4 7.3 2.5 2.5 2 0 1 2 2
6735.6 -4903.1 -10.8 198 0 9.4 7.7 2.5 2.5 2 0 1 5 5
6746.6 -4877.3 -10.8 196 0 8.4 10.0 2.5 2.5 2 1 1 5 5
6752.3 -4866.8 -10.8 188 0 7.5 10.9 2.5 2.5 2 1 1 3 3
6747.5 -4857.5 -11.0 196 0 6.9 6.6 2.5 2.5 2 0 1 5 5
6755.9 -4858.4 -10.8 193 0 7.1 5.8 2.5 2.5 2 0 1 1 1
6749.6 -4849.1 -11.0 193 0 6.1 14.1 2.5 2.5 2 1 1 3 3
6752.8 -4838.1 -11.1 198 0 7.3 9.2 2.5 2.5 2 1 1 1 1
6754.1 -4827.8 -11.2 196 0 10.2 11.5 2.5 2.5 2 1 1 4 4
6746.6 -4771.6 -10.4 188 0 4.4 5.1 2.5 2.5 2 1 1 4 4
6740.9 -4779.3 -11.1 193 0 8.1 9.2 2.5 2.5 2 1 1 0 0
6755.9 -4797.9 -11.6 113 0 7.6 7.6 2.5 2.5 2 1 1 3 3
6740.7 -4803.9 -11.7 106 0 10.6 7.2 2.5 2.5 2 0 1 4 4
6736.8 -4809.3 -11.9 283 0 9.4 7.5 5.0 2.5 2 0 2 4 4
6729.1 -4821.7 -11.9 196 0 7.2 12.0 5.0 2.5 2 1 2 5 5
6726.7 -4831.6 -11.9 196 0 7.3 12.4 5.0 2.5 2 1 2 0 0
6724.0 -4842.4 -11.8 193 0 11.0 10.7 5.0 2.5 2 0 2 0 0
6742.5 -4847.3 -11.4 18 0 9.4 6.1 5.0 2.5 2 0 2 5 5
6726.4 -4854.5 -11.6 200 0 4.9 4.3 5.0 2.5 2 0 2 3 3
6738.7 -4859.5 -11.4 18 0 10.2 6.8 5.0 0.0 0 0 2 1 1
6722.9 -4870.1 -11.7 106 0 9.0 8.3 5.0 2.5 4 0 2 3 3
6728.0 -4877.9 -11.4 283 0 6.7 10.2 2.5 2.5 2 1 1 1 1
6728.2 -4897.8 -11.3 16 0 7.9 6.7 2.5 2.5 2 0 1 0 0
6711.9 -4891.9 -11.5 196 0 7.0 7.7 2.5 2.5 2 1 1 2 2
6721.3 -4907.8 -11.3 16 0 6.6 10.2 2.5 2.5 2 1 1 3 3
6703.5 -4912.0 -11.3 198 0 5.7 7.3 2.5 2.5 2 1 1 2 2
6719.1 -4927.0 -11.1 13 0 6.6 7.0 2.5 2.5 2 1 1 1 1
6704.9 -4936.8 -11.2 103 0 9.3 6.0 2.5 2.5 2 0 1 3 3
6713.2 -4951.8 -10.9 13 0 6.4 7.1 2.5 2.5 4 1 1 2 2
6701.3 -4943.2 -11.1 283 0 9.3 8.6 2.5 2.5 2 0 1 2 2
6691.1 -4960.3 -11.0 196 0 10.9 9.7 2.5 2.5 2 0 1 3 3
6705.8 -4979.1 -10.7 13 0 7.0 8.2 2.5 2.5 2 1 1 2 2
6701.7 -4991.2 -10.6 18 0 3.8 6.5 2.5 2.5 2 1 1 3 3
6686.4 -4982.8 -10.8 193 0 5.9 5.8 2.5 2.5 4 0 1 2 2
6696.7 -5001.4 -10.7 18 0 7.4 13.3 2.5 2.5 2 1 1 0 0
6694.2 -5012.2 -10.6 16 0 8.5 15.2 2.5 2.5 4 1 1 3 3
6693.8 -5022.5 -10.4 13 0 9.4 6.2 2.5 2.5 2 0 1 0 0
6676.4 -5019.1 -10.5 193 0 8.7 4.6 2.5 2.5 2 0 1 5 5
6673.0 -5034.6 -10.4 203 0 9.7 12.4 2.5 0.0 0 1 1 4 4
6682.0 -5050.4 -10.3 18 0 6.6 11.8 2.5 0.0 0 1 1 0 0
6681.3 -5059.0 -10.2 27 0 3.7 6.6 2.5 0.0 0 1 1 2 2
6669.8 -5059.6 -10.2 283 0 10.3 7.3 2.5 0.0 0 0 1 1 1
6663.4 -5070.6 -10.1 204 0 6.8 7.6 2.5 2.5 2 1 1 5 5
6659.8 -5078.6 -10.0 201 0 6.9 9.9 2.5 2.5 2 1 1 0 0
6630.6 -5063.1 -10.1 196 0 13.9 9.4 2.5 2.5 2 0 1 5 5
6626.0 -5079.0 -9.8 196 0 15.1 9.7 2.5 2.5 2 0 1 0 0
6650.5 -5075.8 -10.0 18 0 7.0 9.9 2.5 2.5 2 1 1 0 0
6645.2 -5085.4 -9.7 16 0 8.3 7.7 2.5 2.5 2 0 1 1 1
6653.6 -5063.4 -10.2 16 0 9.4 9.2 2.5 2.5 2 0 1 1 1
6640.8 -5025.6 -10.8 198 0 7.8 6.4 5.0 2.5 2 0 2 0 0
6641.8 -5014.0 -10.9 196 0 10.7 8.8 5.0 2.5 2 0 2 4 4
6658.1 -5032.9 -10.7 16 0 7.7 9.4 5.0 2.5 2 1 2 1 1
6662.4 -5020.3 -10.8 13 0 8.6 10.2 5.0 2.5 2 1 2 1 1
6667.7 -5006.2 -10.9 13 0 9.0 8.0 5.0 2.5 2 0 2 1 1
6671.4 -4995.7 -11.0 13 0 7.9 14.3 5.0 0.0 0 1 2 3 3
6671.5 -4982.6 -11.1 16 0 7.6 8.9 5.0 2.5 2 1 2 5 5
6657.3 -4961.2 -11.3 193 0 10.2 9.5 5.0 2.5 2 0 2 0 0
6677.7 -4966.2 -11.2 18 0 9.1 8.9 5.0 2.5 2 0 2 4 4
6684.4 -4944.9 -11.5 16 0 19.3 17.8 5.0 2.5 2 0 2 1 1
6685.5 -4911.3 -11.6 286 0 10.0 10.8 5.0 2.5 2 1 2 3 3
6679.5 -4888.1 -11.3 198 0 8.1 6.2 2.5 2.5 2 0 1 5 5
6694.3 -4891.0 -11.6 16 0 8.0 6.8 2.5 2.5 2 0 1 2 2
6680.0 -4903.9 -11.6 106 0 5.0 7.1 2.5 2.5 2 1 1 2 2
6688.5 -4907.0 -11.6 106 0 9.9 7.0 2.5 2.5 2 0 1 1 1
6702.9 -4876.7 -11.7 13 0 7.7 13.8 2.5 2.5 2 1 1 4 4
6683.5 -4870.6 -10.7 193 0 7.7 5.0 2.5 2.5 2 0 1 4 4
6681.2 -4878.3 -10.8 196 0 5.0 5.7 2.5 0.0 0 1 1 5 5
6695.8 -4833.0 -10.2 204 0 7.6 5.9 2.5 2.5 2 0 1 5 5
6692.0 -4844.4 -10.4 203 0 6.4 6.9 2.5 0.0 0 1 1 0 0
6686.6 -4859.9 -10.7 196 0 7.7 6.9 2.5 2.5 2 0 1 1 1
6701.0 -4860.1 -11.8 283 0 10.5 8.1 2.5 2.5 2 0 1 2 2
6713.4 -4837.3 -11.8 13 0 9.9 10.5 2.5 0.0 0 1 1 0 0
6704.0 -4853.7 -11.9 103 0 11.0 8.9 2.5 2.5 2 0 1 4 4
6701.6 -4815.6 -9.9 196 0 8.4 6.7 2.5 2.5 2 0 1 0 0
6698.8 -4822.8 -10.2 203 0 4.8 7.7 2.5 2.5 2 1 1 2 2
6716.6 -4801.3 -10.8 278 0 8.7 9.6 2.5 2.5 4 1 1 4 4
6713.9 -4778.0 -8.5 193 0 7.0 5.5 2.5 2.5 2 0 1 5 5
6709.2 -4789.4 -9.0 196 0 8.3 7.0 2.5 0.0 0 0 1 3 3
6727.2 -4785.6 -10.1 13 0 8.7 7.6 2.5 2.5 2 0 1 3 3
6733.2 -4773.1 -9.6 13 0 10.0 10.4 2.5 2.5 2 1 1 5 5
6735.5 -4755.5 -8.5 13 0 15.9 9.4 2.5 2.5 2 0 1 1 1
6718.9 -4741.1 -5.5 18 0 8.9 7.5 2.5 2.5 2 0 1 0 0
6710.7 -4768.4 -6.4 26 0 7.7 12.9 2.5 2.5 2 1 1 4 4
6696.4 -4800.4 -7.0 18 0 6.2 8.1 2.5 2.5 4 1 1 5 5
6679.5 -4793.2 -5.5 198 0 7.7 8.4 2.5 2.5 2 1 1 5 5
6685.7 -4779.1 -4.8 203 0 7.3 5.9 2.5 2.5 2 0 1 1 1
6701.7 -4785.5 -6.6 24 0 7.6 9.2 2.5 2.5 2 1 1 0 0
6693.1 -4812.0 -7.5 18 0 6.6 7.9 2.5 2.5 2 1 1 5 5
6690.5 -4821.2 -7.8 18 0 7.0 8.0 2.5 2.5 2 1 1 2 2
6686.8 -4832.0 -8.2 18 0 8.3 9.3 2.5 2.5 2 1 1 5 5
6676.3 -4844.9 -8.4 288 0 8.2 7.8 2.5 0.0 0 0 1 4 4
6676.6 -4862.6 -8.7 27 0 8.3 10.3 2.5 2.5 2 1 1 0 0
6675.5 -4875.2 -9.3 21 0 8.6 12.9 2.5 2.5 2 1 1 4 4
6670.9 -4884.2 -9.2 28 0 5.9 12.0 2.5 2.5 2 1 1 0 0
6657.2 -4887.2 -7.8 23 0 9.5 7.1 2.5 0.0 0 0 1 2 2
6664.3 -4902.1 -9.4 18 0 7.7 9.6 2.5 2.5 2 1 1 4 4
6659.9 -4913.6 -9.5 16 0 5.6 8.4 2.5 2.5 2 1 1 3 3
6659.1 -4924.9 -10.1 16 0 12.8 13.5 2.5 2.5 2 1 1 5 5
6654.6 -4939.0 -10.3 16 0 9.4 5.2 2.5 2.5 2 0 1 2 2
6652.2 -4949.8 -10.5 21 0 9.1 7.9 2.5 2.5 4 0 1 0 0
6650.3 -4958.4 -10.7 21 0 4.9 8.7 2.5 2.5 2 1 1 4 4
6648.1 -4967.0 -11.1 13 0 10.1 7.7 2.5 0.0 0 0 1 5 5
6625.7 -4980.9 -10.3 196 0 10.4 9.7 2.5 2.5 2 0 1 2 2
6635.8 -5008.4 -11.0 18 0 11.3 6.4 2.5 2.5 2 0 1 0 0
6632.2 -5023.6 -10.7 13 0 6.9 7.5 2.5 2.5 2 1 1 3 3
6627.0 -5041.7 -10.3 16 0 5.5 7.0 2.5 2.5 2 1 1 3 3
6622.8 -5055.5 -10.1 13 0 8.2 9.1 2.5 2.5 2 1 1 0 0
6620.0 -5064.4 -9.9 13 0 6.9 9.4 2.5 0.0 0 1 1 3 3
