3710.7 -5709.4 -5.5 327 0 6.5 8.7 2.5 2.5 2 1 1 1 1
3718.2 -5713.8 -5.1 331 0 7.3 12.8 2.5 2.5 2 1 1 0 0
3703.4 -5729.2 -5.0 61 0 8.6 7.1 2.5 2.5 2 0 1 4 4
3699.6 -5716.3 -5.6 326 0 8.1 6.8 2.5 2.5 2 0 1 3 3
3714.2 -5768.5 -2.8 59 0 6.6 7.9 2.5 0.0 0 1 1 4 4
3691.3 -5757.6 -3.9 234 0 7.9 8.6 2.5 2.5 2 1 1 5 5
3653.4 -5709.4 -7.1 233 0 9.8 14.2 2.5 2.5 2 1 1 1 1
3672.8 -5753.4 -5.0 56 0 7.3 8.1 2.5 2.5 2 1 1 3 3
3653.4 -5758.5 -5.8 54 0 10.8 17.1 2.5 2.5 2 1 1 4 4
3664.3 -5782.1 -3.8 186 0 14.2 16.7 2.5 2.5 2 1 1 1 1
3646.7 -5773.7 -5.1 55 0 10.2 13.9 2.5 2.5 2 1 1 1 1
3646.8 -5811.6 -3.6 56 0 11.2 9.0 2.5 0.0 0 0 1 3 3
3635.6 -5793.8 -3.9 237 0 7.8 4.0 2.5 2.5 2 0 1 5 5
3626.7 -5801.4 -4.0 237 0 10.5 15.5 2.5 2.5 2 1 1 2 2
3630.4 -5824.1 -3.8 58 0 4.2 9.8 2.5 2.5 2 1 1 3 3
3617.8 -5810.1 -4.1 236 0 10.0 8.9 2.5 2.5 2 0 1 2 2
3569.7 -5747.1 -7.4 64 0 5.0 6.1 7.5 2.5 2 1 3 5 5
3614.3 -5772.6 -5.5 52 0 9.1 5.8 2.5 2.5 2 0 1 0 0
3618.6 -5778.6 -5.1 53 0 11.4 5.4 2.5 2.5 2 0 1 3 3
3623.9 -5788.1 -4.8 52 0 10.6 9.8 2.5 2.5 2 0 1 2 2
3610.8 -5798.0 -4.8 56 0 8.8 13.0 2.5 2.5 2 1 1 5 5
3594.1 -5801.1 -4.7 54 0 6.9 6.6 2.5 2.5 2 0 1 4 4
3576.2 -5815.4 -5.0 54 0 9.5 14.1 2.5 2.5 2 1 1 1 1
3589.1 -5813.9 -4.9 52 0 9.8 17.3 2.5 2.5 2 1 1 0 0
3608.0 -5822.4 -4.1 233 0 8.5 7.1 2.5 2.5 2 0 1 3 3
3602.6 -5845.2 -4.0 52 0 6.2 5.7 2.5 2.5 2 0 1 2 2
3583.8 -5832.6 -4.5 232 0 11.2 15.3 2.5 2.5 2 1 1 4 4
3586.0 -5860.1 -4.4 56 0 11.5 16.8 2.5 2.5 2 1 1 2 2
3567.2 -5829.7 -5.0 56 0 8.9 7.8 2.5 2.5 2 0 1 5 5
3561.3 -5823.4 -5.1 58 0 6.9 5.2 2.5 2.5 2 0 1 3 3
3553.2 -5839.9 -5.0 56 0 8.0 13.1 2.5 2.5 2 1 1 5 5
3539.3 -5863.7 -4.1 237 0 10.6 19.9 2.5 2.5 2 1 1 2 2
3518.0 -5898.4 -3.9 237 0 9.2 8.8 2.5 2.5 2 0 1 3 3
3496.4 -5900.0 -4.1 238 0 8.8 15.0 2.5 2.5 2 1 1 2 2
3480.1 -5895.3 -4.7 55 0 8.5 9.3 5.0 2.5 2 1 2 1 1
3466.2 -5901.6 -5.4 54 0 8.6 21.5 5.0 2.5 2 1 2 3 3
3447.2 -5917.5 -4.4 55 0 8.5 10.8 5.0 2.5 2 1 2 3 3
3453.8 -5926.6 -3.5 235 0 10.7 8.0 2.5 2.5 2 0 1 0 0
3434.1 -5946.8 -2.6 235 0 11.0 7.6 2.5 0.0 0 0 1 1 1
3424.7 -5911.6 -4.7 59 0 13.7 11.3 5.0 2.5 2 0 2 3 3
3419.6 -5932.3 -4.0 54 0 29.3 13.3 5.0 2.5 2 0 2 4 4
3404.7 -5966.3 -1.5 232 0 9.4 6.8 2.5 2.5 2 0 1 2 2
3395.7 -5947.9 -3.3 55 0 21.1 12.5 5.0 2.5 2 0 2 4 4
3382.0 -5956.9 -2.7 60 0 11.7 12.5 5.0 2.5 2 0 2 2 2
3377.7 -5985.1 -0.5 243 0 9.6 9.5 2.5 2.5 2 0 1 5 5
3366.4 -5973.6 -1.5 63 0 9.7 7.8 5.0 2.5 2 0 2 2 2
3342.7 -5988.2 -1.0 63 0 6.8 8.6 5.0 2.5 2 1 2 0 0
3328.9 -5999.5 0.0 63 0 8.2 7.5 5.0 2.5 2 0 2 5 5
3173.3 -6084.4 -2.7 63 0 22.4 19.5 2.5 2.5 2 0 1 3 3
6907.7 -4715.8 -6.7 63 0 14.8 22.2 5.0 2.5 4 1 2 2 2
6887.4 -4718.3 -6.6 63 0 9.7 14.8 5.0 2.5 2 1 2 0 0
6878.5 -4727.6 -6.3 63 0 14.9 16.3 5.0 2.5 2 1 2 4 4
6904.9 -4747.5 -4.5 64 0 7.4 16.0 5.0 2.5 2 1 2 5 5
6893.5 -4752.2 -4.5 59 0 8.5 15.0 5.0 2.5 4 1 2 5 5
6865.0 -4732.7 -6.5 60 0 8.5 17.6 5.0 2.5 2 1 2 0 0
6871.3 -4745.8 -4.6 240 0 7.3 17.1 5.0 2.5 2 1 2 4 4
6853.5 -4742.6 -6.1 60 0 9.7 17.2 5.0 2.5 2 1 2 5 5
6859.8 -4750.7 -4.7 237 0 8.4 18.4 5.0 2.5 2 1 2 3 3
6839.7 -4748.4 -5.9 54 0 6.9 15.1 5.0 2.5 2 1 2 2 2
6827.1 -4753.5 -6.0 72 0 8.5 16.6 5.0 2.5 2 1 2 1 1
6813.4 -4761.3 -6.0 72 0 9.8 19.2 5.0 2.5 2 1 2 4 4
6848.9 -4754.8 -4.8 252 0 9.2 17.3 5.0 2.5 2 1 2 2 2
6837.2 -4761.0 -5.1 252 0 9.9 12.1 5.0 2.5 2 1 2 1 1
6820.5 -4768.1 -4.4 252 0 9.7 23.2 5.0 0.0 0 1 2 5 5
6797.0 -4767.8 -5.9 73 0 8.1 17.6 5.0 2.5 2 1 2 1 1
6784.6 -4772.5 -6.1 72 0 9.7 17.1 5.0 2.5 2 1 2 4 4
6779.9 -4800.0 -4.6 73 0 7.6 11.3 5.0 0.0 0 1 2 2 2
6810.0 -4789.2 -5.8 73 0 8.0 13.3 5.0 0.0 0 1 2 5 5
6792.8 -4797.2 -5.4 73 0 10.2 14.8 5.0 2.5 2 1 2 5 5
6767.7 -4778.4 -6.1 73 0 12.9 17.2 5.0 2.5 2 1 2 5 5
6754.2 -4784.3 -6.4 75 0 9.7 12.6 5.0 2.5 2 1 2 5 5
6761.0 -4792.9 -4.5 253 0 11.1 14.2 5.0 2.5 2 1 2 1 1
6723.7 -4793.1 -4.7 76 0 9.8 9.2 5.0 2.5 2 0 2 5 5
6723.7 -4824.0 -2.6 139 0 14.2 16.3 5.0 0.0 0 1 2 0 0
6700.9 -4812.7 -1.8 252 0 11.1 13.6 5.0 0.0 0 1 2 5 5
6674.4 -4805.7 -3.3 71 0 3.6 5.9 5.0 2.5 2 1 2 5 5
6669.9 -4812.1 -4.0 68 0 8.3 17.7 5.0 2.5 2 1 2 0 0
6658.3 -4817.2 -3.1 72 0 6.6 14.1 5.0 2.5 2 1 2 2 2
6675.2 -4825.4 -1.7 245 0 10.5 10.7 5.0 2.5 2 1 2 3 3
6659.9 -4826.5 -1.7 253 0 6.5 9.7 5.0 2.5 2 1 2 0 0
6667.1 -4843.5 -1.7 67 0 9.8 6.1 5.0 0.0 0 0 2 4 4
6645.0 -4831.7 -1.6 250 0 10.9 13.4 5.0 2.5 2 1 2 2 2
6626.3 -4828.0 -2.6 66 0 7.2 15.1 5.0 2.5 2 1 2 5 5
6633.6 -4834.6 -1.6 248 0 9.0 11.2 5.0 2.5 2 1 2 1 1
6610.9 -4830.2 -2.2 70 0 7.5 7.0 5.0 2.5 2 0 2 0 0
6595.9 -4835.5 -2.3 77 0 8.4 9.4 5.0 2.5 2 1 2 2 2
6600.8 -4846.5 -1.9 246 0 7.6 7.7 5.0 2.5 2 1 2 2 2
6586.3 -4838.7 -2.2 66 0 6.5 7.4 5.0 2.5 4 1 2 5 5
6578.6 -4837.8 -2.8 71 0 6.9 11.6 5.0 2.5 2 1 2 3 3
6582.9 -4865.4 -2.6 71 0 8.0 11.9 5.0 2.5 2 1 2 1 1
6570.4 -4871.3 -3.0 71 0 10.7 14.0 5.0 2.5 2 1 2 1 1
6562.0 -4872.4 -3.0 69 0 7.0 12.2 5.0 2.5 2 1 2 1 1
6549.8 -4876.9 -3.2 72 0 6.8 12.5 5.0 2.5 2 1 2 4 4
6535.7 -4877.9 -3.2 73 0 7.9 8.8 5.0 2.5 2 1 2 2 2
6516.7 -4886.5 -2.8 159 0 23.4 10.0 5.0 2.5 2 0 2 4 4
6535.9 -4855.9 -3.2 73 0 6.7 8.6 5.0 0.0 0 1 2 4 4
6524.8 -4859.2 -4.5 67 0 7.2 18.6 5.0 2.5 2 1 2 2 2
6511.0 -4863.5 -3.8 72 0 9.4 7.3 5.0 2.5 2 0 2 1 1
6488.7 -4836.6 -6.2 337 0 7.7 6.0 5.0 0.0 0 0 2 2 2
6477.9 -4839.7 -6.6 336 0 9.4 7.4 5.0 2.5 2 0 2 3 3
6486.3 -4842.6 -6.3 258 0 13.3 5.6 5.0 2.5 2 0 2 2 2
6496.6 -4868.7 -4.7 72 0 7.8 12.6 5.0 2.5 2 1 2 5 5
6500.7 -4892.7 -3.5 159 0 13.6 7.5 5.0 2.5 2 0 2 2 2
6499.5 -4878.3 -3.5 252 0 8.9 7.2 5.0 2.5 4 0 2 0 0
6479.6 -4863.9 -5.6 72 0 7.5 6.0 5.0 2.5 2 0 2 3 3
6478.5 -4883.6 -4.6 248 0 7.0 8.8 5.0 0.0 0 1 2 0 0
6463.2 -4885.4 -5.6 253 0 6.7 12.9 5.0 2.5 2 1 2 1 1
6465.7 -4875.1 -6.5 75 0 6.6 13.1 5.0 2.5 2 1 2 1 1
6454.0 -4877.9 -6.8 73 0 6.4 7.8 5.0 2.5 2 1 2 5 5
6449.2 -4891.4 -5.6 261 0 7.2 7.8 5.0 2.5 2 1 2 5 5
555.5 -6316.3 -3.6 180 0 4.8 3.7 5.0 2.5 2 0 2 5 5
559.6 -6315.2 -3.9 180 0 8.6 8.0 5.0 2.5 2 0 2 3 3
551.2 -6375.2 -4.5 90 0 7.4 7.7 5.0 2.5 4 1 2 4 4
530.9 -6372.9 -3.9 90 0 5.7 5.1 5.0 2.5 2 0 2 2 2
530.5 -6381.1 -4.1 90 0 6.7 7.8 5.0 2.5 2 1 2 0 0
519.7 -6380.2 -3.8 90 0 7.8 10.4 5.0 2.5 2 1 2 3 3
808.3 -6369.0 -3.2 0 0 8.8 5.6 5.0 2.5 2 0 2 0 0
785.2 -6380.0 -3.2 90 0 8.0 9.2 5.0 2.5 2 1 2 2 2
784.3 -6389.6 -3.1 90 0 6.7 8.6 5.0 0.0 0 1 2 4 4
770.1 -6387.8 -3.4 90 0 6.8 7.3 5.0 0.0 0 1 2 0 0
740.5 -6368.2 -4.1 180 0 8.4 5.5 5.0 2.5 2 0 2 3 3
735.9 -6369.2 -4.2 180 0 8.3 3.3 5.0 2.5 2 0 2 2 2
746.5 -6382.4 -3.9 90 0 5.0 5.2 5.0 2.5 2 1 2 5 5
751.6 -6387.5 -3.9 0 0 8.3 8.8 5.0 0.0 0 1 2 5 5
841.5 -6415.3 -1.6 0 0 6.6 9.1 5.0 2.5 2 1 2 5 5
837.5 -6400.2 -1.7 270 0 8.8 9.8 5.0 2.5 2 1 2 2 2
825.9 -6394.7 -2.1 270 0 10.7 7.6 5.0 2.5 2 0 2 4 4
826.1 -6403.5 -2.1 270 0 10.1 7.7 5.0 2.5 2 0 2 3 3
826.2 -6412.0 -1.9 270 0 7.8 6.3 5.0 2.5 2 0 2 5 5
798.0 -6401.6 -2.6 230 0 18.9 20.6 5.0 2.5 2 1 2 2 2
799.7 -6435.8 -2.5 86 0 8.6 7.5 5.0 2.5 2 0 2 0 0
797.9 -6441.5 -2.5 86 0 5.3 4.5 5.0 2.5 4 0 2 5 5
781.3 -6401.4 -2.9 266 0 10.0 10.5 5.0 2.5 4 1 2 1 1
742.7 -6406.5 -3.6 176 0 7.2 6.9 5.0 2.5 4 0 2 3 3
744.6 -6414.7 -3.4 176 0 6.7 7.9 5.0 2.5 2 1 2 0 0
745.4 -6436.5 -3.1 176 0 17.1 7.4 5.0 2.5 2 0 2 4 4
754.6 -6463.2 -2.7 86 0 11.6 12.4 5.0 2.5 2 1 2 4 4
735.9 -6435.0 -3.3 356 0 11.2 8.6 5.0 2.5 2 0 2 2 2
726.2 -6438.7 -3.2 356 0 7.1 5.9 5.0 2.5 2 0 2 4 4
730.7 -6423.8 -3.5 356 0 7.4 6.2 5.0 2.5 2 0 2 1 1
723.6 -6426.5 -3.4 356 0 4.6 3.9 5.0 2.5 2 0 2 5 5
731.3 -6413.6 -3.8 356 0 12.0 11.3 5.0 2.5 2 0 2 0 0
708.3 -6404.5 -4.0 266 0 9.3 7.9 5.0 2.5 2 0 2 5 5
709.5 -6413.8 -3.8 266 0 7.3 6.0 5.0 2.5 2 0 2 3 3
721.3 -6462.9 -2.9 86 0 8.1 11.9 5.0 2.5 4 1 2 5 5
685.8 -6459.3 -3.4 86 0 8.0 10.8 5.0 2.5 2 1 2 2 2
684.9 -6465.9 -3.1 86 0 5.8 4.5 5.0 2.5 4 0 2 5 5
668.5 -6459.7 -3.3 176 0 6.7 8.3 5.0 2.5 4 1 2 3 3
669.5 -6452.8 -3.5 176 0 5.0 6.4 5.0 2.5 2 1 2 0 0
668.9 -6437.4 -3.9 176 0 12.6 10.6 5.0 2.5 2 0 2 1 1
694.4 -6405.0 -4.2 266 0 10.5 7.3 5.0 2.5 2 0 2 0 0
667.5 -6411.6 -4.4 176 0 7.4 9.8 5.0 2.5 2 1 2 0 0
662.9 -6374.2 -5.0 176 0 11.7 6.2 5.0 2.5 2 0 2 2 2
663.5 -6388.3 -4.8 176 0 14.6 10.2 5.0 2.5 2 0 2 3 3
681.2 -6392.1 -4.7 86 0 8.1 12.5 5.0 0.0 0 1 2 0 0
684.1 -6359.2 -4.8 176 0 3.2 3.9 5.0 2.5 2 1 2 0 0
686.5 -6371.2 -4.7 86 0 3.8 3.3 5.0 2.5 2 0 2 1 1
695.2 -6378.0 -4.6 86 0 7.0 5.3 5.0 0.0 0 0 2 4 4
695.8 -6384.9 -4.5 86 0 6.0 5.7 5.0 2.5 2 0 2 1 1
725.6 -6379.8 -4.3 356 0 5.9 5.3 5.0 2.5 2 0 2 3 3
724.5 -6391.4 -4.2 86 0 9.3 7.2 5.0 2.5 2 0 2 3 3
711.1 -6380.7 -4.4 86 0 6.3 7.1 5.0 2.5 2 1 2 2 2
710.1 -6390.9 -4.4 86 0 8.8 8.9 5.0 2.5 2 1 2 5 5
720.8 -6343.7 -4.7 356 0 8.5 10.5 5.0 2.5 4 1 2 5 5
706.1 -6322.8 -5.0 266 0 5.6 8.8 5.0 2.5 4 1 2 5 5
707.7 -6312.9 -5.6 86 0 4.6 6.4 5.0 2.5 2 1 2 4 4
684.6 -6338.2 -5.0 266 0 5.4 9.2 5.0 2.5 2 1 2 3 3
677.8 -6346.1 -5.0 176 0 5.9 4.3 5.0 2.5 2 0 2 4 4
691.9 -6323.3 -5.1 266 0 7.5 5.3 5.0 2.5 2 0 2 5 5
683.1 -6328.8 -5.2 266 0 6.1 7.3 5.0 2.5 2 1 2 5 5
682.1 -6323.0 -5.2 266 0 5.8 4.6 5.0 2.5 2 0 2 1 1
674.6 -6322.8 -5.3 266 0 6.8 5.9 5.0 2.5 2 0 2 3 3
658.8 -6326.2 -5.5 176 0 4.9 6.8 5.0 2.5 2 1 2 5 5
659.4 -6331.8 -5.4 176 0 3.9 6.5 5.0 2.5 2 1 2 0 0
675.1 -6305.1 -5.7 356 0 4.5 6.6 5.0 2.5 2 1 2 3 3
674.2 -6310.8 -5.5 356 0 4.5 6.1 5.0 2.5 2 1 2 4 4
660.1 -6312.7 -5.7 86 0 5.5 4.5 5.0 2.5 4 0 2 3 3
644.9 -6279.4 -6.8 266 0 3.4 3.5 5.0 2.5 2 1 2 2 2
648.3 -6304.8 -6.2 86 0 5.4 5.0 5.0 2.5 2 0 2 0 0
649.4 -6312.6 -5.9 86 0 8.3 6.5 5.0 2.5 2 0 2 5 5
626.9 -6313.0 -6.1 86 0 9.8 12.3 5.0 2.5 2 1 2 2 2
616.9 -6308.3 -6.3 86 0 6.4 13.6 5.0 2.5 2 1 2 1 1
614.1 -6312.3 -5.3 176 0 4.7 5.3 5.0 2.5 2 1 2 3 3
608.0 -6313.0 -5.7 86 0 7.3 11.7 5.0 2.5 2 1 2 3 3
600.5 -6312.8 -5.1 356 0 5.3 5.9 5.0 2.5 4 1 2 1 1
607.3 -6323.6 -4.8 266 0 4.7 4.9 5.0 2.5 2 1 2 2 2
607.1 -6329.6 -4.8 266 0 6.8 4.0 5.0 2.5 2 0 2 0 0
617.1 -6324.9 -5.0 266 0 5.8 3.4 5.0 2.5 2 0 2 5 5
617.0 -6329.4 -5.0 266 0 5.8 5.5 5.0 2.5 2 0 2 2 2
624.1 -6327.9 -5.1 266 0 3.9 5.2 5.0 2.5 2 1 2 4 4
628.8 -6324.2 -5.2 266 0 5.1 11.1 5.0 2.5 2 1 2 5 5
654.7 -6329.0 -5.5 356 0 13.2 7.5 5.0 2.5 2 0 2 2 2
639.2 -6323.3 -5.4 266 0 5.9 5.3 5.0 2.5 2 0 2 0 0
642.9 -6334.4 -5.4 356 0 9.8 6.6 5.0 2.5 2 0 2 3 3
647.2 -6350.2 -5.3 356 0 5.6 7.2 5.0 2.5 2 1 2 2 2
654.1 -6349.5 -5.3 356 0 8.0 5.5 5.0 2.5 2 0 2 1 1
654.7 -6360.2 -5.2 356 0 7.8 5.6 5.0 2.5 2 0 2 0 0
647.3 -6360.4 -5.2 356 0 4.4 4.2 5.0 2.5 2 0 2 3 3
655.5 -6369.3 -5.0 356 0 5.5 6.1 5.0 2.5 2 1 2 0 0
648.6 -6370.1 -5.1 356 0 5.4 5.2 5.0 2.5 2 0 2 5 5
604.3 -6367.8 -4.8 86 0 8.2 11.3 5.0 2.5 2 1 2 1 1
614.9 -6385.3 -4.8 86 0 7.7 11.1 5.0 2.5 4 1 2 5 5
615.5 -6393.9 -4.8 86 0 9.1 7.8 5.0 2.5 2 0 2 5 5
594.0 -6395.8 -4.8 86 0 8.9 6.3 5.0 2.5 2 0 2 4 4
628.3 -6408.8 -4.7 266 0 10.7 7.5 5.0 2.5 2 0 2 0 0
660.9 -6409.7 -4.5 356 0 7.6 9.6 5.0 2.5 2 1 2 0 0
659.2 -6417.3 -4.3 356 0 4.8 6.0 5.0 2.5 2 1 2 2 2
641.2 -6408.2 -4.5 266 0 9.4 7.6 5.0 0.0 0 0 2 1 1
652.8 -6434.8 -4.0 356 0 10.0 8.3 5.0 2.5 2 0 2 1 1
631.2 -6456.6 -4.0 86 0 5.9 4.9 5.0 2.5 4 0 2 4 4
631.6 -6464.8 -3.9 86 0 7.5 7.3 5.0 0.0 0 0 2 1 1
589.2 -6470.0 -4.3 176 0 10.8 7.9 5.0 0.0 0 0 2 0 0
586.7 -6453.8 -4.5 176 0 18.4 10.2 5.0 2.5 2 0 2 4 4
583.2 -6449.9 -4.7 356 0 13.5 25.5 5.0 2.5 2 1 2 1 1
533.4 -6466.2 -4.9 176 0 12.9 10.8 5.0 2.5 2 0 2 4 4
513.3 -6517.4 -4.7 86 0 4.1 3.8 2.5 2.5 2 0 1 1 1
577.9 -6487.5 -4.6 266 0 35.7 11.4 2.5 2.5 2 0 1 1 1
619.7 -6490.6 -3.8 266 0 6.8 8.1 2.5 2.5 2 1 1 2 2
643.0 -6483.1 -3.4 266 0 5.5 8.8 2.5 0.0 0 1 1 1 1
676.0 -6487.2 -3.1 266 0 8.2 5.7 2.5 2.5 2 0 1 4 4
675.9 -6480.4 -3.0 266 0 6.7 5.5 2.5 2.5 2 0 1 0 0
689.1 -6480.0 -2.9 266 0 5.0 4.2 2.5 2.5 2 0 1 2 2
700.0 -6478.0 -2.8 266 0 6.3 7.4 2.5 2.5 2 1 1 1 1
729.3 -6473.8 -2.5 266 0 8.5 6.2 2.5 2.5 2 0 1 1 1
731.0 -6481.1 -2.5 266 0 6.4 6.9 2.5 2.5 2 1 1 4 4
745.9 -6473.3 -2.3 266 0 6.4 5.6 2.5 2.5 2 0 1 2 2
764.0 -6479.3 -2.2 356 0 6.5 8.5 2.5 2.5 2 1 1 1 1
764.0 -6483.5 -2.1 266 0 3.8 7.3 2.5 2.5 4 1 1 0 0
767.5 -6494.9 -2.2 355 0 3.7 3.3 2.5 2.5 2 0 1 5 5
769.3 -6475.4 -2.3 176 0 5.3 6.7 5.0 2.5 2 1 2 0 0
771.4 -6483.6 -2.1 86 0 5.0 4.6 5.0 2.5 2 0 2 1 1
784.5 -6481.2 -2.3 176 0 4.5 6.4 5.0 2.5 2 1 2 0 0
786.0 -6468.8 -2.4 266 0 7.6 8.8 5.0 2.5 2 1 2 2 2
666.6 -6683.2 -3.4 90 0 4.1 5.3 5.0 2.5 2 1 2 1 1
672.0 -6684.0 -3.5 90 0 5.0 5.9 5.0 2.5 2 1 2 4 4
715.1 -6648.1 -4.1 75 0 8.6 12.0 5.0 2.5 2 1 2 2 2
720.6 -6653.2 -4.1 75 0 4.2 3.6 5.0 2.5 2 0 2 0 0
827.3 -6661.4 -2.1 345 0 4.5 4.3 5.0 2.5 2 0 2 1 1
808.1 -6638.1 -2.7 255 0 9.1 13.9 5.0 2.5 2 1 2 2 2
814.0 -6662.8 -2.6 75 0 10.5 9.3 5.0 2.5 2 0 2 0 0
789.1 -6649.8 -3.1 255 0 8.5 10.0 5.0 2.5 2 1 2 1 1
773.3 -6666.7 -3.5 345 0 7.4 6.9 5.0 2.5 2 0 2 5 5
-5796.5 -6432.3 -2.7 350 0 4.5 7.4 2.5 2.5 2 1 1 3 3
-5797.2 -6424.9 -3.1 350 0 8.4 8.7 5.0 2.5 2 1 2 4 4
-5791.8 -6398.0 -4.2 350 0 9.9 10.9 5.0 2.5 2 1 2 0 0
-5814.1 -6396.2 -4.3 260 0 9.4 9.6 5.0 2.5 2 1 2 5 5
-5828.2 -6396.7 -4.4 260 0 10.4 11.5 5.0 2.5 2 1 2 0 0
-5831.8 -6441.2 -2.6 80 0 6.7 4.3 7.5 0.0 0 0 3 3 3
-5832.7 -6436.1 -3.2 80 0 10.0 7.7 5.0 2.5 2 0 2 3 3
-5857.2 -6399.5 -4.6 260 0 5.7 5.1 7.5 2.5 2 0 3 2 2
-5857.3 -6405.2 -4.4 260 0 9.6 9.2 2.5 2.5 2 0 1 4 4
-5882.4 -6438.6 -3.1 170 0 13.8 10.5 5.0 2.5 2 0 2 4 4
-5873.7 -6453.1 -2.1 80 0 7.0 7.1 5.0 2.5 2 1 2 0 0
