-6759.9 3729.8 -4.5 141 0 7.8 6.7 5.0 2.5 2 0 2 2 2
-6774.8 3742.5 -3.2 55 0 13.6 8.4 5.0 2.5 2 0 2 1 1
-6728.7 3713.6 -6.7 70 0 9.2 7.3 5.0 2.5 2 0 2 2 2
-6678.9 3732.3 -9.4 70 0 8.9 11.1 2.5 2.5 2 1 1 1 1
-6690.0 3729.8 -8.8 69 0 7.5 9.4 2.5 2.5 2 1 1 2 2
-6688.2 3746.8 -8.6 337 0 4.4 11.6 2.5 2.5 2 1 1 0 0
-6682.7 3758.3 -8.9 334 0 6.8 10.0 2.5 0.0 0 1 1 5 5
-6686.5 3768.5 -8.6 333 0 9.4 12.1 2.5 2.5 2 1 1 4 4
-6699.2 3787.5 -7.8 335 0 7.9 10.3 2.5 2.5 2 1 1 1 1
-6726.6 3774.2 -7.2 151 0 10.3 7.0 2.5 2.5 2 0 1 2 2
-6732.4 3791.7 -7.2 152 0 10.8 25.3 2.5 2.5 2 1 1 0 0
-6722.4 3856.5 -5.8 228 0 9.6 29.2 2.5 0.0 0 1 1 0 0
-6752.2 3839.3 -4.0 137 0 9.9 32.4 2.5 2.5 2 1 1 4 4
-6680.7 3796.2 -8.0 60 0 8.4 7.7 2.5 2.5 2 0 1 2 2
-6670.4 3834.4 -6.8 62 0 12.1 5.6 2.5 2.5 2 0 1 5 5
-6638.1 3840.8 -7.5 60 0 15.6 7.8 2.5 2.5 2 0 1 1 1
-6670.3 3801.5 -8.1 62 0 8.8 7.7 2.5 2.5 2 0 1 5 5
-6678.3 3769.1 -9.1 157 0 6.5 10.5 5.0 2.5 2 1 2 3 3
-6659.1 3744.3 -10.0 66 0 10.8 15.8 5.0 2.5 4 1 2 0 0
-6646.9 3747.4 -10.3 68 0 9.0 9.8 5.0 2.5 2 1 2 0 0
-6632.6 3757.8 -10.4 67 0 8.7 8.8 5.0 2.5 2 1 2 4 4
-6635.6 3817.3 -8.4 62 0 8.9 16.7 2.5 2.5 2 1 1 2 2
-6635.1 3808.2 -9.1 245 0 14.3 8.3 5.0 2.5 2 0 2 3 3
-6619.3 3785.9 -10.2 310 0 16.1 14.4 5.0 2.5 2 0 2 3 3
-6605.1 3785.5 -10.1 160 0 7.7 8.5 2.5 2.5 2 1 1 3 3
-6586.1 3781.8 -10.2 70 0 9.4 8.6 2.5 2.5 2 0 1 2 2
-6564.7 3786.3 -10.0 66 0 10.9 8.4 2.5 2.5 2 0 1 1 1
-6566.2 3774.5 -11.2 249 0 9.5 9.6 2.5 2.5 2 1 1 0 0
-6615.0 3803.0 -9.4 157 0 8.5 13.5 2.5 2.5 2 1 1 2 2
-6620.0 3811.3 -9.0 151 0 7.7 12.4 2.5 2.5 2 1 1 3 3
-6616.4 3828.6 -8.2 66 0 7.2 9.3 2.5 2.5 2 1 1 0 0
-6607.8 3835.2 -7.9 68 0 9.4 7.7 2.5 2.5 2 0 1 0 0
-6597.0 3843.0 -7.6 66 0 10.7 11.6 2.5 2.5 2 1 1 3 3
-6587.5 3865.7 -6.5 247 0 7.7 7.2 2.5 2.5 2 0 1 3 3
-6561.7 3839.5 -7.6 247 0 10.0 6.6 2.5 2.5 2 0 1 0 0
-6534.3 3812.2 -8.8 342 0 6.6 11.7 2.5 2.5 2 1 1 4 4
-6536.3 3824.1 -8.0 335 0 12.0 6.5 2.5 2.5 2 0 1 5 5
-6535.3 3846.1 -6.2 151 0 8.7 11.5 2.5 2.5 2 1 1 5 5
-6509.9 3818.2 -7.1 68 0 8.1 9.2 2.5 2.5 2 1 1 0 0
-6523.6 3810.4 -8.1 160 0 9.8 8.5 2.5 2.5 2 0 1 1 1
-6512.8 3796.4 -9.8 254 0 8.9 9.3 2.5 2.5 2 1 1 1 1
-6495.4 3805.6 -9.7 246 0 8.5 18.1 2.5 2.5 2 1 1 4 4
-6473.0 3812.4 -9.8 250 0 8.3 18.0 2.5 2.5 2 1 1 2 2
-6492.0 3819.0 -6.6 66 0 7.8 13.3 2.5 2.5 2 1 1 0 0
-6482.0 3821.3 -6.4 68 0 10.2 18.2 2.5 2.5 2 1 1 1 1
-6456.8 3838.7 -6.3 339 0 9.4 10.4 2.5 2.5 2 1 1 0 0
-6447.0 3807.6 -9.2 336 0 8.7 9.2 2.5 2.5 2 1 1 4 4
-3453.1 5562.7 -10.2 61 0 9.1 5.2 2.5 2.5 2 0 1 3 3
-3448.9 5552.7 -10.1 63 0 9.3 9.4 2.5 2.5 2 1 1 4 4
-3443.4 5565.3 -9.8 57 0 9.5 4.6 2.5 2.5 2 0 1 4 4
-3438.5 5562.2 -9.5 60 0 4.2 4.4 2.5 2.5 2 1 1 4 4
-3432.8 5566.3 -9.5 59 0 8.4 10.3 2.5 2.5 4 1 1 1 1
-3411.7 5584.1 -8.7 56 0 9.9 7.2 2.5 2.5 2 0 1 4 4
-3348.7 5642.5 -7.3 323 0 8.8 11.1 2.5 2.5 2 1 1 3 3
-3365.6 5623.3 -7.4 54 0 11.8 9.2 2.5 2.5 2 0 1 3 3
-3392.3 5631.7 -8.1 234 0 8.6 4.4 2.5 2.5 4 0 1 3 3
-3377.0 5615.6 -7.8 53 0 10.5 9.4 2.5 2.5 2 0 1 2 2
-3386.8 5593.7 -7.9 63 0 5.8 13.5 2.5 2.5 2 1 1 4 4
-3392.7 5588.5 -7.9 63 0 7.5 6.9 2.5 2.5 2 0 1 3 3
-3380.1 5555.8 -7.7 63 0 8.8 13.2 5.0 2.5 2 1 2 2 2
-3392.0 5579.5 -7.6 243 0 7.2 9.9 5.0 2.5 2 1 2 4 4
-3397.0 5574.7 -7.8 243 0 4.1 6.8 5.0 2.5 2 1 2 4 4
-3402.8 5572.9 -7.9 243 0 6.8 8.8 5.0 2.5 2 1 2 0 0
-3391.1 5559.1 -7.9 63 0 6.2 8.3 5.0 2.5 2 1 2 4 4
-3396.6 5556.1 -7.9 63 0 4.2 8.2 5.0 2.5 2 1 2 5 5
-3400.4 5548.3 -7.7 63 0 6.6 10.0 5.0 0.0 0 1 2 0 0
-3409.7 5567.3 -8.2 243 0 6.5 9.2 5.0 2.5 2 1 2 1 1
-3419.9 5561.8 -8.6 243 0 5.7 8.1 5.0 0.0 0 1 2 5 5
-3411.1 5544.4 -8.3 63 0 8.5 10.7 5.0 2.5 2 1 2 1 1
-3420.5 5540.9 -8.5 63 0 5.8 7.3 5.0 0.0 0 1 2 2 2
-3439.0 5551.3 -9.3 243 0 10.4 9.5 5.0 2.5 2 0 2 5 5
-3431.2 5535.0 -8.8 63 0 6.0 8.2 5.0 2.5 2 1 2 0 0
-3453.3 5538.4 -9.3 243 0 6.0 8.9 5.0 2.5 2 1 2 1 1
-3461.7 5536.2 -9.5 243 0 5.8 6.2 5.0 2.5 2 1 2 1 1
-3455.7 5524.4 -9.3 63 0 8.7 6.5 5.0 0.0 0 0 2 1 1
-3320.5 5586.0 -6.6 63 0 7.4 10.9 2.5 2.5 2 1 1 4 4
-3329.8 5581.0 -6.7 63 0 8.8 13.6 2.5 0.0 0 1 1 0 0
-3342.6 5575.4 -6.7 63 0 7.4 9.8 2.5 2.5 2 1 1 1 1
-3348.5 5604.2 -7.0 153 0 9.0 8.4 2.5 2.5 2 0 1 0 0
-3357.8 5596.6 -7.0 153 0 10.9 9.0 2.5 2.5 2 0 1 3 3
-3371.3 5588.2 -7.0 153 0 8.7 4.6 2.5 2.5 2 0 1 3 3
-3366.2 5591.4 -7.0 153 0 10.4 7.9 2.5 2.5 2 0 1 5 5
-3364.8 5584.4 -6.9 243 0 5.0 4.0 2.5 0.0 0 0 1 4 4
-3353.8 5570.2 -6.9 63 0 8.2 8.5 2.5 2.5 4 1 1 3 3
-3371.4 5572.8 -7.1 153 0 5.9 4.2 2.5 2.5 2 0 1 2 2
-3372.1 5564.5 -7.3 153 0 7.8 8.3 2.5 2.5 2 1 1 0 0
-3353.7 5561.0 -7.0 243 0 7.2 11.3 2.5 2.5 2 1 1 1 1
-3361.7 5544.0 -6.4 153 0 6.9 7.7 2.5 2.5 4 1 1 2 2
-3364.5 5551.9 -7.3 153 0 7.4 8.3 2.5 2.5 2 1 1 5 5
-3366.1 5542.6 -6.5 333 0 7.2 5.1 2.5 2.5 2 0 1 2 2
-3371.2 5535.2 -6.6 63 0 3.2 8.0 2.5 2.5 2 1 1 5 5
-3378.2 5532.2 -6.6 63 0 10.5 7.7 2.5 2.5 2 0 1 3 3
-3386.5 5526.6 -6.5 63 0 6.7 9.2 2.5 2.5 2 1 1 0 0
-3384.5 5546.4 -7.3 243 0 9.9 6.9 2.5 2.5 2 0 1 5 5
-3393.8 5542.1 -7.1 243 0 7.7 7.4 2.5 0.0 0 0 1 1 1
-3400.0 5537.6 -6.9 243 0 4.7 6.1 2.5 2.5 2 1 1 2 2
-3415.4 5529.1 -7.5 205 0 15.8 14.7 2.5 0.0 0 0 1 5 5
-3428.5 5526.8 -8.2 243 0 10.2 12.7 2.5 2.5 2 1 1 4 4
-3420.4 5510.1 -7.5 63 0 10.3 5.0 2.5 2.5 2 0 1 5 5
-3432.2 5501.9 -7.8 63 0 8.3 6.6 2.5 0.0 0 0 1 1 1
-3438.9 5514.3 -8.1 243 0 8.6 6.3 2.5 2.5 4 0 1 3 3
-3441.8 5522.1 -8.5 243 0 9.1 7.3 2.5 2.5 2 0 1 0 0
-3456.3 5515.0 -8.8 243 0 7.2 5.4 2.5 2.5 2 0 1 4 4
-3441.4 5496.6 -8.3 63 0 8.4 9.3 2.5 2.5 2 1 1 1 1
-3456.6 5495.8 -8.6 155 0 7.4 8.7 2.5 2.5 2 1 1 5 5
-3367.1 5777.3 -7.7 239 0 6.9 7.8 5.0 0.0 0 1 2 1 1
-3383.5 5759.4 -8.2 154 0 9.9 9.2 5.0 2.5 2 0 2 2 2
-3373.7 5737.4 -8.1 156 0 34.4 11.9 5.0 2.5 2 0 2 1 1
-3299.1 5808.7 -5.6 246 0 9.6 8.0 2.5 2.5 2 0 1 0 0
-3296.3 5791.3 -5.5 154 0 15.9 9.0 2.5 2.5 2 0 1 0 0
-3291.6 5778.1 -5.4 155 0 9.9 10.8 2.5 2.5 2 1 1 1 1
-3284.1 5764.9 -5.3 154 0 18.6 9.4 2.5 2.5 4 0 1 2 2
-3246.3 5730.2 -4.5 330 0 10.7 8.5 2.5 2.5 2 0 1 4 4
-3236.7 5695.0 -4.3 333 0 10.9 9.7 2.5 2.5 2 0 1 5 5
-3220.0 5623.0 -3.1 313 0 6.1 5.9 2.5 2.5 2 0 1 4 4
-3230.7 5617.7 -3.3 219 0 6.8 6.9 2.5 2.5 2 1 1 2 2
-3240.4 5619.1 -4.3 126 0 12.8 8.8 2.5 2.5 2 0 1 3 3
-3250.0 5611.4 -4.1 214 0 8.4 8.2 2.5 2.5 2 0 1 0 0
-3255.6 5596.9 -3.1 243 0 7.8 7.3 2.5 0.0 0 0 1 3 3
-3261.3 5605.0 -3.9 243 0 10.2 8.9 2.5 2.5 2 0 1 5 5
-3273.4 5598.8 -4.1 243 0 7.9 11.8 2.5 2.5 2 1 1 2 2
-3282.3 5594.2 -4.7 243 0 8.0 13.0 2.5 2.5 2 1 1 5 5
-3289.0 5588.6 -5.0 243 0 6.7 11.3 2.5 0.0 0 1 1 3 3
-3293.5 5577.5 -5.1 243 0 4.8 6.8 2.5 2.5 2 1 1 2 2
-3301.4 5575.4 -5.7 243 0 6.3 12.6 2.5 2.5 2 1 1 4 4
-3307.9 5568.0 -6.0 243 0 5.7 6.3 2.5 2.5 2 1 1 4 4
-3325.5 5568.1 -6.4 153 0 12.0 8.7 2.5 2.5 2 0 1 3 3
-3314.1 5554.9 -6.2 153 0 3.1 3.9 2.5 2.5 4 1 1 3 3
-3319.7 5554.8 -6.3 243 0 7.1 10.3 2.5 2.5 2 1 1 0 0
-3314.4 5544.0 -5.1 243 0 8.3 6.7 2.5 0.0 0 0 1 4 4
-3324.3 5539.5 -4.8 243 0 4.0 3.9 2.5 2.5 2 0 1 0 0
-3329.1 5548.4 -6.0 243 0 7.1 9.5 2.5 2.5 2 1 1 3 3
-3335.5 5535.5 -4.6 243 0 4.8 7.7 2.5 2.5 2 1 1 5 5
-3340.2 5544.1 -5.8 243 0 11.6 9.4 2.5 2.5 2 0 1 2 2
-3348.9 5526.9 -3.9 243 0 5.2 3.5 2.5 2.5 2 0 1 4 4
-3348.4 5522.4 -3.3 243 0 6.1 4.9 2.5 0.0 0 0 1 2 2
-3353.3 5537.9 -5.3 243 0 7.4 10.3 2.5 2.5 2 1 1 0 0
-3362.9 5528.6 -5.1 153 0 8.8 6.6 2.5 2.5 2 0 1 0 0
-3358.3 5524.7 -3.9 243 0 6.4 6.8 2.5 2.5 2 1 1 1 1
-3370.5 5524.4 -5.1 153 0 8.9 6.0 2.5 2.5 4 0 1 5 5
-3377.9 5524.9 -5.1 243 0 9.2 12.6 2.5 2.5 2 1 1 4 4
-3389.7 5518.5 -5.4 243 0 12.1 10.0 2.5 2.5 2 0 1 4 4
-3402.1 5511.4 -6.0 243 0 8.9 11.7 2.5 2.5 2 1 1 0 0
-3412.6 5505.5 -6.6 243 0 8.0 7.0 2.5 2.5 2 0 1 5 5
-3418.5 5488.8 -7.2 243 0 6.4 6.7 2.5 2.5 2 1 1 2 2
-3421.9 5497.4 -7.5 243 0 8.5 7.6 2.5 2.5 2 0 1 4 4
-3433.2 5494.3 -8.7 243 0 8.4 9.1 2.5 2.5 2 1 1 0 0
-3443.3 5488.6 -9.0 243 0 7.2 7.7 2.5 2.5 2 1 1 1 1
-3444.3 5477.8 -10.0 243 0 3.4 5.8 2.5 2.5 2 1 1 3 3
-3438.9 5481.6 -9.9 243 0 6.6 7.9 2.5 2.5 2 1 1 4 4
-6348.0 3977.2 2.6 60 0 19.9 12.0 5.0 2.5 4 0 2 5 5
-6690.4 3807.9 -7.5 146 0 5.7 9.9 2.5 2.5 2 1 1 3 3
-6674.1 3812.3 -7.6 63 0 5.9 8.2 2.5 2.5 2 1 1 2 2
-6659.0 3807.0 -8.2 59 0 6.1 14.4 2.5 2.5 4 1 1 1 1
-6650.4 3812.0 -8.3 65 0 7.9 5.9 2.5 2.5 2 0 1 4 4
-6629.8 3797.1 -9.4 302 0 4.3 7.1 5.0 2.5 2 1 2 3 3
-6646.1 3801.3 -9.2 248 0 5.4 11.2 5.0 2.5 2 1 2 5 5
-6636.6 3769.5 -9.9 68 0 4.2 11.3 5.0 2.5 2 1 2 3 3
-6655.8 3794.9 -9.0 243 0 4.0 7.7 5.0 2.5 2 1 2 0 0
-6650.3 3771.0 -9.5 67 0 4.3 5.1 5.0 2.5 2 1 2 3 3
-6665.3 3780.8 -9.1 235 0 6.4 6.1 5.0 2.5 2 0 2 2 2
-6668.5 3791.5 -8.7 244 0 7.9 6.9 5.0 2.5 2 0 2 3 3
-6682.6 3785.0 -8.6 243 0 5.0 7.1 5.0 2.5 2 1 2 2 2
-6670.2 3718.9 -10.2 60 0 4.8 6.1 2.5 2.5 2 1 1 2 2
-6685.5 3723.4 -9.6 248 0 6.4 8.8 2.5 2.5 2 1 1 5 5
-6660.1 3734.9 -10.9 242 0 9.4 10.5 2.5 2.5 4 1 1 0 0
-6640.1 3752.8 -10.4 71 0 5.2 11.2 5.0 2.5 2 1 2 1 1
-6638.2 3742.5 -11.1 251 0 5.4 5.2 2.5 2.5 2 0 1 2 2
-6628.9 3748.1 -11.4 242 0 8.8 9.7 2.5 2.5 2 1 1 3 3
-6619.4 3752.5 -11.6 241 0 5.0 11.7 2.5 2.5 2 1 1 5 5
-6612.9 3756.4 -11.4 236 0 6.5 9.5 2.5 2.5 2 1 1 3 3
-6602.0 3761.7 -11.5 244 0 11.7 11.1 2.5 0.0 0 0 1 2 2
-6607.4 3822.7 -8.7 235 0 6.7 7.2 2.5 2.5 2 1 1 5 5
-6573.7 3837.3 -8.1 249 0 10.2 8.5 2.5 2.5 2 0 1 3 3
-6558.5 3808.2 -9.0 66 0 3.3 3.2 2.5 2.5 2 0 1 4 4
-6565.3 3797.7 -9.5 60 0 5.8 5.6 2.5 2.5 2 0 1 0 0
-6555.5 3796.7 -9.5 66 0 5.5 7.5 2.5 2.5 2 1 1 3 3
-6552.5 3847.4 -6.8 246 0 7.1 5.0 2.5 2.5 2 0 1 0 0
-6471.6 3825.2 -6.0 66 0 7.1 14.7 2.5 2.5 2 1 1 2 2
