5786.0 -6507.0 -3.5 114 0 5.5 12.5 2.5 2.5 2 1 1 5 5
4943.0 -6483.9 -6.6 280 0 6.4 14.4 5.0 2.5 2 1 2 2 2
4947.9 -6507.6 -5.5 97 0 12.1 7.2 5.0 2.5 2 0 2 2 2
5580.2 -6420.7 -5.6 270 0 9.5 10.7 2.5 2.5 2 1 1 3 3
5449.9 -6476.9 -5.0 273 0 18.7 21.6 5.0 2.5 4 1 2 5 5
5091.1 -6437.1 -8.9 92 0 9.0 12.1 5.0 2.5 2 1 2 5 5
4667.1 -6406.0 -5.1 100 0 16.9 8.9 5.0 2.5 2 0 2 5 5
4850.0 -6470.3 -4.1 280 0 8.4 10.4 5.0 2.5 2 1 2 3 3
4835.9 -6485.7 -4.0 100 0 13.4 10.9 5.0 2.5 2 0 2 3 3
4825.0 -6464.4 -4.5 280 0 11.9 11.9 5.0 2.5 2 1 2 1 1
4820.5 -6401.1 -6.4 8 0 7.2 9.3 5.0 2.5 2 1 2 5 5
4823.2 -6412.0 -6.3 8 0 12.0 14.1 5.0 2.5 2 1 2 2 2
4802.2 -6432.2 -5.2 98 0 8.7 6.1 5.0 2.5 4 0 2 1 1
4799.2 -6443.2 -5.0 98 0 10.5 10.6 5.0 2.5 2 1 2 1 1
4822.9 -6442.0 -5.3 8 0 9.4 3.2 5.0 2.5 2 0 2 5 5
4813.7 -6445.0 -5.5 98 0 9.2 16.4 5.0 2.5 2 1 2 4 4
4829.1 -6443.4 -5.6 187 0 6.8 8.8 5.0 2.5 2 1 2 3 3
4830.7 -6434.2 -6.0 187 0 10.5 9.1 5.0 2.5 4 0 2 1 1
4833.3 -6414.6 -6.8 186 0 16.2 9.2 5.0 2.5 2 0 2 4 4
4852.8 -6406.8 -7.2 276 0 8.8 10.6 5.0 2.5 2 1 2 5 5
4847.5 -6444.5 -6.3 97 0 7.1 11.5 5.0 2.5 2 1 2 0 0
4858.1 -6452.4 -6.2 97 0 6.4 4.5 5.0 2.5 2 0 2 4 4
4864.6 -6409.4 -7.5 277 0 7.7 16.2 5.0 2.5 2 1 2 0 0
4870.5 -6443.2 -6.9 94 0 7.7 6.8 5.0 2.5 2 0 2 0 0
4875.1 -6419.9 -7.5 274 0 3.7 6.9 5.0 2.5 2 1 2 5 5
4883.6 -6410.6 -8.2 274 0 9.9 16.0 5.0 2.5 2 1 2 0 0
4901.6 -6413.2 -8.7 274 0 9.1 8.7 5.0 2.5 2 0 2 0 0
4901.2 -6422.7 -8.4 274 0 6.1 4.3 5.0 2.5 2 0 2 3 3
4901.5 -6427.5 -8.3 274 0 12.2 6.9 5.0 2.5 2 0 2 1 1
4915.2 -6426.7 -8.7 279 0 6.7 6.2 5.0 2.5 2 0 2 5 5
4916.9 -6419.9 -8.8 279 0 7.2 6.4 5.0 2.5 2 0 2 1 1
4887.8 -6450.4 -7.4 100 0 9.7 10.8 5.0 2.5 2 1 2 0 0
4885.8 -6459.2 -6.7 100 0 10.1 8.0 5.0 2.5 2 0 2 5 5
4901.8 -6448.7 -7.9 100 0 7.9 9.3 5.0 2.5 2 1 2 1 1
4898.9 -6459.2 -7.2 100 0 8.8 9.2 5.0 0.0 0 1 2 0 0
4942.7 -6415.0 -8.9 103 0 10.4 5.8 5.0 2.5 4 0 2 1 1
4939.2 -6456.5 -8.8 99 0 7.0 8.0 5.0 2.5 2 1 2 4 4
4937.5 -6467.2 -8.4 100 0 8.3 9.5 5.0 2.5 2 1 2 3 3
4947.0 -6423.5 -9.0 278 0 9.3 10.4 5.0 2.5 2 1 2 2 2
4948.2 -6435.7 -8.9 281 0 8.1 5.1 5.0 2.5 2 0 2 0 0
4952.0 -6458.8 -8.9 100 0 9.6 5.6 5.0 2.5 4 0 2 4 4
4949.7 -6468.4 -8.9 100 0 10.0 9.5 5.0 2.5 2 0 2 5 5
4960.8 -6430.8 -9.0 281 0 7.7 12.2 5.0 2.5 2 1 2 5 5
4964.2 -6467.5 -9.0 94 0 3.8 5.1 5.0 2.5 2 1 2 4 4
4879.1 -6471.1 -4.8 280 0 9.6 16.5 5.0 2.5 4 1 2 3 3
4893.6 -6491.7 -3.8 100 0 5.0 4.4 5.0 2.5 2 0 2 5 5
4894.5 -6472.3 -5.1 280 0 9.5 14.1 5.0 2.5 2 1 2 3 3
4908.7 -6477.8 -5.0 280 0 8.4 16.8 5.0 2.5 2 1 2 0 0
4921.5 -6478.8 -5.5 280 0 9.7 9.9 5.0 2.5 2 1 2 0 0
4914.8 -6503.0 -4.4 100 0 9.5 14.7 5.0 2.5 2 1 2 4 4
4950.7 -6489.5 -6.8 277 0 8.6 10.7 5.0 2.5 2 1 2 4 4
4963.8 -6494.2 -6.9 279 0 6.2 8.9 5.0 2.5 2 1 2 3 3
4975.8 -6512.0 -7.3 98 0 22.1 19.1 5.0 2.5 2 0 2 0 0
5002.7 -6497.9 -6.8 276 0 10.2 16.1 5.0 2.5 2 1 2 0 0
5017.4 -6516.1 -5.4 91 0 6.9 8.4 5.0 0.0 0 1 2 4 4
5017.4 -6496.9 -6.9 271 0 7.7 9.9 5.0 2.5 2 1 2 5 5
5043.0 -6514.5 -6.8 90 0 9.0 16.5 5.0 0.0 0 1 2 2 2
5005.2 -6520.4 -4.5 5 0 9.7 7.2 5.0 2.5 2 0 2 4 4
5001.0 -6544.0 -1.6 4 0 11.5 8.5 5.0 0.0 0 0 2 2 2
4981.0 -6539.2 -2.3 182 0 12.2 9.9 5.0 2.5 2 0 2 0 0
4991.4 -6456.4 -9.0 185 0 8.1 7.3 5.0 2.5 2 0 2 4 4
4989.6 -6468.0 -9.1 185 0 13.0 9.0 5.0 2.5 2 0 2 5 5
5016.5 -6476.1 -9.1 91 0 7.1 9.2 5.0 2.5 2 1 2 5 5
5028.2 -6440.8 -9.0 271 0 10.1 12.5 5.0 0.0 0 1 2 3 3
5023.0 -6463.6 -9.0 90 0 5.2 8.5 5.0 2.5 2 1 2 1 1
5015.9 -6462.8 -9.0 91 0 7.6 8.4 5.0 0.0 0 1 2 0 0
5029.0 -6465.3 -9.0 94 0 6.6 7.4 5.0 0.0 0 1 2 0 0
5028.7 -6476.5 -9.1 94 0 9.8 10.7 5.0 2.5 2 1 2 4 4
5039.3 -6441.3 -9.0 272 0 8.0 10.6 5.0 2.5 2 1 2 1 1
5038.4 -6453.3 -9.0 272 0 3.1 6.1 5.0 2.5 2 1 2 1 1
5047.5 -6468.1 -9.1 92 0 3.6 6.6 5.0 2.5 2 1 2 1 1
5060.5 -6444.0 -8.9 272 0 6.7 10.4 5.0 0.0 0 1 2 4 4
5071.4 -6448.3 -8.8 2 0 8.0 7.2 5.0 2.5 2 0 2 4 4
5054.9 -6497.4 -7.0 270 0 8.1 7.9 5.0 2.5 2 0 2 2 2
5055.7 -6514.2 -5.8 90 0 7.2 7.8 5.0 2.5 2 1 2 2 2
5072.6 -6514.4 -5.8 90 0 7.5 6.9 5.0 2.5 2 0 2 2 2
5072.4 -6497.8 -7.1 270 0 10.6 8.8 5.0 2.5 2 0 2 3 3
5096.6 -6515.9 -6.1 90 0 9.3 8.1 5.0 2.5 2 0 2 0 0
5106.3 -6493.2 -6.9 270 0 9.5 13.9 5.0 2.5 4 1 2 2 2
5085.3 -6442.5 -8.3 270 0 8.1 18.3 5.0 2.5 2 1 2 3 3
5102.4 -6470.1 -7.8 90 0 4.4 10.9 5.0 2.5 2 1 2 3 3
5108.6 -6444.5 -7.7 270 0 8.4 14.7 5.0 2.5 2 1 2 4 4
5114.4 -6479.9 -7.0 90 0 9.4 6.8 5.0 2.5 2 0 2 1 1
5118.6 -6466.7 -7.2 360 0 10.7 7.6 5.0 2.5 2 0 2 5 5
5134.8 -6424.7 -9.5 183 0 4.9 6.7 2.5 2.5 2 1 1 1 1
5182.5 -6445.2 -9.7 93 0 10.1 9.8 2.5 2.5 2 0 1 2 2
5182.4 -6429.7 -10.3 3 0 9.5 19.0 2.5 0.0 0 1 1 5 5
5144.2 -6427.2 -10.2 183 0 9.8 18.2 2.5 2.5 2 1 1 0 0
5131.5 -6448.1 -9.1 182 0 28.1 11.2 2.5 2.5 2 0 1 5 5
5288.1 -6440.9 -10.1 90 0 9.2 16.5 2.5 0.0 0 1 1 5 5
5341.1 -6441.4 -11.2 87 0 9.2 15.5 2.5 2.5 4 1 1 0 0
5476.7 -6408.4 -7.2 80 0 8.3 8.0 2.5 2.5 2 0 1 0 0
5571.1 -6401.5 -6.0 98 0 4.1 3.9 2.5 2.5 2 0 1 3 3
5583.8 -6403.9 -6.7 99 0 8.6 14.2 2.5 2.5 2 1 1 3 3
5642.5 -6414.1 -6.8 95 0 9.8 9.6 2.5 2.5 2 0 1 3 3
5655.5 -6406.0 -6.9 95 0 8.7 6.4 2.5 0.0 0 0 1 4 4
5654.1 -6415.0 -6.8 95 0 9.2 9.0 2.5 2.5 2 0 1 3 3
5808.1 -6452.6 -6.1 298 0 6.4 7.8 2.5 2.5 2 1 1 0 0
5800.5 -6467.7 -5.8 118 0 9.4 8.6 2.5 2.5 2 0 1 5 5
5775.2 -6436.3 -6.5 296 0 10.1 7.0 2.5 2.5 2 0 1 0 0
5785.8 -6440.7 -6.4 297 0 5.5 5.8 2.5 2.5 2 1 1 5 5
5755.3 -6439.8 -6.2 116 0 7.4 5.6 2.5 2.5 4 0 1 1 1
5766.9 -6450.1 -6.0 116 0 11.2 8.4 2.5 2.5 2 0 1 0 0
5747.0 -6450.0 -5.4 206 0 9.1 8.2 2.5 2.5 2 0 1 3 3
5744.7 -6458.8 -5.2 206 0 8.3 7.0 2.5 2.5 2 0 1 3 3
5740.3 -6466.4 -5.0 206 0 8.0 8.0 2.5 2.5 2 1 1 5 5
5735.4 -6476.2 -4.8 206 0 12.3 8.8 2.5 2.5 2 0 1 2 2
5741.9 -6451.2 -5.5 26 0 10.1 8.5 5.0 2.5 2 0 2 4 4
5737.9 -6459.0 -5.2 26 0 5.5 7.9 5.0 0.0 0 1 2 0 0
5734.5 -6466.6 -5.0 26 0 5.4 6.3 5.0 2.5 2 1 2 4 4
5731.9 -6475.4 -4.9 26 0 12.2 9.4 5.0 2.5 2 0 2 0 0
5724.3 -6467.0 -5.0 22 0 4.4 5.8 5.0 2.5 2 1 2 1 1
5716.6 -6474.9 -4.9 112 0 7.7 7.6 5.0 0.0 0 0 2 1 1
5689.8 -6463.6 -5.4 114 0 7.2 8.0 5.0 2.5 2 1 2 5 5
5679.7 -6462.0 -5.7 105 0 10.7 10.2 5.0 2.5 2 0 2 4 4
5688.9 -6427.6 -6.1 287 0 7.5 10.4 5.0 2.5 2 1 2 3 3
5677.5 -6423.1 -6.3 280 0 12.3 8.8 5.0 2.5 2 0 2 2 2
5675.6 -6432.8 -6.1 285 0 7.0 6.6 5.0 2.5 2 0 2 0 0
5671.4 -6447.6 -6.0 105 0 7.9 8.2 5.0 2.5 2 1 2 0 0
5668.5 -6459.8 -5.9 104 0 9.9 12.0 5.0 2.5 2 1 2 5 5
5663.4 -6431.2 -6.3 288 0 8.7 13.2 5.0 2.5 4 1 2 2 2
5613.0 -6416.3 -6.7 283 0 8.9 18.8 5.0 2.5 4 1 2 4 4
5621.7 -6430.1 -6.3 279 0 6.5 5.7 5.0 2.5 4 0 2 4 4
5623.8 -6421.3 -6.6 279 0 9.8 8.6 5.0 2.5 2 0 2 5 5
5649.0 -6445.1 -6.2 93 0 7.6 6.0 5.0 2.5 2 0 2 0 0
5647.5 -6454.7 -6.1 93 0 9.6 9.1 5.0 2.5 2 0 2 1 1
5644.5 -6421.8 -6.5 270 0 6.6 13.6 5.0 2.5 2 1 2 2 2
5634.9 -6429.9 -6.4 270 0 9.4 11.6 5.0 2.5 2 1 2 0 0
5634.9 -6454.0 -6.2 90 0 9.4 10.1 5.0 2.5 2 1 2 1 1
5618.2 -6454.7 -6.1 90 0 11.0 17.2 5.0 2.5 2 1 2 4 4
5604.3 -6442.7 -5.9 180 0 5.0 7.8 5.0 2.5 2 1 2 1 1
5602.0 -6450.0 -5.8 180 0 8.0 10.1 5.0 2.5 2 1 2 5 5
5595.5 -6438.1 -5.7 360 0 7.8 9.2 2.5 2.5 2 1 1 3 3
5593.7 -6448.4 -5.5 360 0 12.4 7.9 2.5 2.5 4 0 1 0 0
5585.6 -6435.3 -5.4 360 0 5.4 6.8 2.5 2.5 2 1 1 2 2
5585.5 -6442.0 -5.3 360 0 7.5 7.2 2.5 2.5 4 0 1 1 1
5581.9 -6454.9 -5.1 90 0 7.1 8.8 2.5 2.5 4 1 1 4 4
5578.4 -6411.0 -5.7 270 0 8.8 8.8 2.5 2.5 2 1 1 1 1
5574.1 -6443.7 -5.0 90 0 5.6 7.0 2.5 2.5 2 1 1 4 4
5572.5 -6455.1 -4.9 90 0 10.8 11.0 2.5 2.5 2 1 1 3 3
5568.9 -6411.9 -5.4 270 0 8.6 17.2 2.5 2.5 2 1 1 5 5
5555.2 -6456.0 -4.5 90 0 18.0 11.8 2.5 2.5 2 0 1 4 4
5535.7 -6442.0 -3.8 90 0 8.3 7.1 2.5 2.5 2 0 1 2 2
5536.2 -6456.5 -3.7 90 0 9.4 14.2 2.5 2.5 2 1 1 3 3
5527.5 -6444.6 -3.7 90 0 7.0 7.9 2.5 2.5 2 1 1 5 5
5526.9 -6455.1 -3.6 90 0 7.8 9.9 2.5 2.5 2 1 1 1 1
5518.4 -6420.6 -4.5 270 0 6.2 10.5 2.5 2.5 4 1 1 5 5
5526.4 -6415.2 -4.3 270 0 8.7 14.2 2.5 2.5 2 1 1 5 5
5515.0 -6440.7 -4.5 90 0 10.8 5.2 2.5 2.5 2 0 1 0 0
5515.8 -6455.2 -4.3 90 0 11.3 13.4 2.5 2.5 2 1 1 4 4
5491.6 -6454.7 -5.3 90 0 9.1 10.1 2.5 2.5 2 1 1 5 5
5476.2 -6454.9 -5.9 90 0 8.4 15.0 2.5 2.5 2 1 1 2 2
5466.7 -6456.3 -6.0 90 0 8.8 14.6 2.5 2.5 2 1 1 0 0
5440.1 -6461.0 -6.6 90 0 8.4 12.8 2.5 2.5 2 1 1 0 0
5428.1 -6433.7 -7.9 270 0 10.9 10.4 2.5 2.5 2 0 1 3 3
5418.1 -6445.2 -7.9 270 0 13.0 7.9 2.5 2.5 2 0 1 1 1
5417.1 -6463.6 -7.3 90 0 9.9 9.2 2.5 2.5 2 0 1 0 0
5402.7 -6462.0 -8.4 90 0 13.1 13.5 2.5 0.0 0 1 1 2 2
5376.2 -6441.5 -10.2 270 0 12.0 10.8 2.5 2.5 2 0 1 4 4
5375.9 -6462.4 -9.3 90 0 9.3 9.5 2.5 2.5 2 1 1 4 4
5379.8 -6466.6 -8.3 90 0 6.1 3.3 2.5 0.0 0 0 1 4 4
5372.9 -6467.1 -8.6 90 0 6.0 3.9 2.5 2.5 2 0 1 3 3
5350.9 -6451.0 -10.6 180 0 7.9 8.2 2.5 2.5 2 1 1 2 2
5349.0 -6461.6 -10.1 180 0 11.9 9.9 2.5 2.5 2 0 1 0 0
5335.9 -6448.6 -10.6 270 0 8.4 8.5 2.5 2.5 2 1 1 5 5
5336.6 -6468.1 -9.9 90 0 8.0 9.6 2.5 2.5 2 1 1 2 2
5326.0 -6449.6 -10.2 270 0 8.8 9.6 2.5 2.5 2 1 1 3 3
5326.0 -6468.2 -9.5 90 0 7.3 8.4 2.5 0.0 0 1 1 3 3
5303.4 -6445.4 -9.8 270 0 9.3 21.8 2.5 2.5 2 1 1 1 1
5294.0 -6449.6 -9.1 270 0 7.3 6.9 2.5 2.5 2 0 1 2 2
5293.9 -6468.1 -8.6 90 0 8.1 10.4 2.5 2.5 2 1 1 4 4
5285.2 -6455.5 -8.4 270 0 6.0 7.7 2.5 2.5 2 1 1 3 3
5284.8 -6471.3 -7.8 90 0 6.9 7.3 2.5 2.5 2 1 1 3 3
5272.3 -6444.8 -9.7 90 0 12.8 9.2 2.5 2.5 2 0 1 1 1
5274.3 -6470.0 -8.1 90 0 8.9 15.3 2.5 2.5 2 1 1 5 5
5275.8 -6447.3 -8.7 270 0 8.8 6.0 2.5 2.5 2 0 1 4 4
5263.2 -6450.5 -8.4 180 0 6.3 6.9 2.5 2.5 2 1 1 5 5
5266.0 -6455.1 -7.8 270 0 6.7 5.5 2.5 0.0 0 0 1 3 3
5265.6 -6468.8 -7.3 90 0 7.3 7.0 2.5 2.5 2 0 1 0 0
5285.7 -6492.2 -5.7 270 0 6.5 7.1 5.0 0.0 0 1 2 4 4
5285.3 -6479.4 -6.7 270 0 9.0 12.1 5.0 2.5 2 1 2 2 2
5299.4 -6483.2 -6.9 270 0 9.0 16.6 5.0 2.5 2 1 2 1 1
5313.5 -6482.8 -7.4 270 0 9.1 11.1 5.0 2.5 2 1 2 5 5
5313.2 -6501.6 -6.4 90 0 9.4 7.0 5.0 0.0 0 0 2 0 0
5324.2 -6504.9 -6.1 90 0 7.2 5.5 5.0 2.5 2 0 2 0 0
5324.3 -6482.6 -7.7 270 0 10.0 16.1 5.0 2.5 4 1 2 2 2
5336.0 -6477.8 -8.5 269 0 9.6 5.4 5.0 2.5 2 0 2 1 1
5334.9 -6483.6 -8.0 269 0 10.0 14.2 5.0 2.5 2 1 2 3 3
5347.6 -6498.7 -7.1 89 0 6.9 5.4 5.0 2.5 2 0 2 5 5
5348.0 -6477.1 -8.6 269 0 11.0 15.6 5.0 2.5 2 1 2 5 5
5362.2 -6487.9 -7.2 267 0 9.0 9.2 5.0 2.5 2 1 2 1 1
5361.2 -6476.7 -8.1 267 0 10.1 10.5 5.0 0.0 0 1 2 5 5
5382.8 -6477.8 -6.9 267 0 4.7 7.9 5.0 2.5 2 1 2 3 3
5375.8 -6485.8 -6.7 267 0 8.5 7.4 5.0 2.5 4 0 2 2 2
5374.7 -6476.3 -7.5 267 0 9.4 8.8 5.0 0.0 0 0 2 2 2
5390.0 -6496.9 -5.8 88 0 9.2 6.6 5.0 0.0 0 0 2 0 0
5391.0 -6478.2 -6.5 268 0 8.4 11.6 5.0 2.5 2 1 2 0 0
5399.5 -6477.1 -6.3 268 0 7.2 12.1 5.0 2.5 2 1 2 0 0
5407.9 -6474.5 -6.3 268 0 8.8 12.4 5.0 2.5 2 1 2 2 2
5435.7 -6516.4 -2.8 271 0 8.4 7.0 7.5 2.5 2 0 3 3 3
5418.9 -6495.9 -5.1 91 0 7.0 8.8 5.0 2.5 2 1 2 2 2
5420.6 -6473.2 -6.0 271 0 9.2 12.9 5.0 2.5 2 1 2 2 2
5428.2 -6486.9 -4.8 271 0 6.6 6.2 5.0 2.5 2 0 2 0 0
5432.1 -6474.4 -5.6 271 0 10.1 12.3 5.0 0.0 0 1 2 1 1
5486.1 -6468.4 -4.1 270 0 9.9 4.3 5.0 2.5 2 0 2 0 0
5482.3 -6473.4 -3.8 270 0 9.8 9.8 5.0 2.5 2 0 2 1 1
5482.7 -6484.1 -3.2 270 0 7.6 7.0 5.0 2.5 2 0 2 3 3
5493.2 -6494.8 -3.1 90 0 6.5 11.2 5.0 2.5 2 1 2 3 3
5493.4 -6473.0 -3.7 270 0 8.5 10.1 5.0 2.5 2 1 2 4 4
5494.1 -6468.4 -3.9 270 0 5.8 4.1 5.0 2.5 2 0 2 4 4
5513.8 -6467.9 -3.6 270 0 8.6 8.9 5.0 2.5 4 1 2 4 4
5503.5 -6472.8 -3.5 270 0 7.1 8.3 5.0 0.0 0 1 2 3 3
5504.6 -6498.3 -2.3 90 0 6.1 4.6 5.0 2.5 2 0 2 0 0
5504.1 -6482.0 -2.9 270 0 7.1 6.7 5.0 0.0 0 0 2 0 0
5513.7 -6478.4 -3.0 270 0 8.8 14.0 5.0 2.5 2 1 2 0 0
5513.1 -6500.6 -2.3 90 0 9.1 7.9 5.0 2.5 2 0 2 2 2
5523.5 -6472.2 -3.2 270 0 8.2 7.2 5.0 2.5 2 0 2 4 4
5524.3 -6481.7 -2.6 270 0 7.7 6.6 5.0 2.5 2 0 2 0 0
5525.1 -6494.0 -2.4 90 0 5.1 4.4 5.0 2.5 2 0 2 4 4
5525.5 -6503.0 -2.4 90 0 7.0 6.7 5.0 2.5 2 0 2 4 4
5534.1 -6493.7 -2.5 90 0 8.5 6.1 5.0 2.5 2 0 2 2 2
5533.7 -6471.2 -3.0 270 0 8.5 15.3 5.0 2.5 4 1 2 3 3
5545.5 -6469.4 -3.5 270 0 12.7 10.8 5.0 2.5 2 0 2 0 0
5544.1 -6480.8 -3.0 270 0 9.3 9.3 5.0 2.5 2 1 2 2 2
5559.0 -6480.7 -3.3 270 0 7.9 7.6 5.0 2.5 2 0 2 3 3
5592.0 -6470.8 -4.6 270 0 8.7 9.2 5.0 2.5 2 1 2 3 3
5590.7 -6480.5 -4.0 270 0 7.8 6.0 5.0 2.5 2 0 2 0 0
5602.3 -6488.7 -4.4 90 0 7.4 8.0 5.0 2.5 2 1 2 5 5
5602.3 -6470.0 -5.2 270 0 8.6 9.9 5.0 2.5 2 1 2 4 4
5618.3 -6481.0 -5.6 270 0 6.7 5.1 5.0 2.5 2 0 2 1 1
5611.8 -6470.1 -5.6 270 0 7.3 14.2 5.0 2.5 2 1 2 4 4
5620.6 -6469.9 -5.8 270 0 8.6 9.5 5.0 2.5 2 1 2 4 4
5631.6 -6506.5 -3.4 99 0 6.4 3.5 5.0 2.5 2 0 2 1 1
5637.4 -6496.5 -4.7 93 0 4.8 6.8 5.0 2.5 2 1 2 5 5
5638.0 -6484.0 -5.3 273 0 6.2 4.6 5.0 2.5 2 0 2 3 3
5646.9 -6500.5 -4.3 93 0 5.8 6.9 5.0 0.0 0 1 2 1 1
5647.7 -6488.6 -4.8 273 0 7.3 4.3 5.0 2.5 2 0 2 1 1
5650.0 -6469.1 -5.6 281 0 7.4 10.4 5.0 2.5 2 1 2 2 2
5648.3 -6480.2 -5.4 273 0 8.4 7.3 5.0 2.5 2 0 2 2 2
5663.6 -6519.5 -4.1 113 0 21.3 22.6 5.0 0.0 0 1 2 2 2
5679.0 -6485.7 -4.9 294 0 7.3 5.3 5.0 2.5 2 0 2 3 3
5669.2 -6481.7 -5.2 294 0 13.1 13.8 5.0 2.5 2 1 2 1 1
5695.6 -6479.8 -4.9 292 0 9.1 12.0 5.0 2.5 2 1 2 0 0
5699.3 -6518.5 -2.6 108 0 11.1 8.9 5.0 2.5 2 0 2 1 1
5704.0 -6497.1 -3.7 295 0 6.3 8.9 5.0 2.5 2 1 2 3 3
5708.6 -6486.6 -4.6 295 0 7.7 11.0 5.0 2.5 2 1 2 2 2
5720.6 -6491.0 -4.2 295 0 13.3 20.4 5.0 2.5 2 1 2 3 3
5731.1 -6505.8 -2.9 293 0 7.9 6.7 5.0 2.5 4 0 2 2 2
5735.3 -6497.9 -3.6 293 0 10.4 8.7 5.0 2.5 2 0 2 3 3
5743.3 -6511.2 -2.6 293 0 8.6 8.2 5.0 2.5 2 0 2 0 0
5748.4 -6500.1 -3.6 293 0 9.5 10.8 5.0 2.5 2 1 2 2 2
5752.4 -6515.8 -2.4 295 0 7.3 9.7 5.0 2.5 2 1 2 2 2
5757.5 -6504.9 -3.2 295 0 8.5 10.7 5.0 2.5 2 1 2 1 1
5766.3 -6511.4 -2.8 295 0 6.6 9.1 5.0 2.5 2 1 2 5 5
5770.9 -6523.7 -2.0 295 0 6.8 5.4 5.0 2.5 2 0 2 5 5
5775.1 -6515.2 -2.5 295 0 7.8 8.5 5.0 2.5 2 1 2 3 3
5796.1 -6523.8 -1.9 295 0 8.5 10.8 5.0 2.5 2 1 2 4 4
5801.0 -6548.1 -1.0 113 0 11.9 8.4 5.0 2.5 2 0 2 4 4
5823.2 -6547.8 -0.9 24 0 10.5 9.0 5.0 2.5 2 0 2 1 1
6014.4 -6562.2 -7.9 124 0 5.2 6.4 5.0 2.5 4 1 2 3 3
6020.2 -6566.0 -7.4 124 0 6.6 6.9 2.5 2.5 2 1 1 0 0
6031.6 -6564.2 -6.9 304 0 8.8 8.7 5.0 2.5 2 0 2 1 1
5746.7 -6488.7 -4.6 113 0 8.6 10.0 2.5 2.5 4 1 1 2 2
5749.4 -6475.4 -4.7 205 0 4.6 6.2 2.5 2.5 2 1 1 0 0
5752.7 -6466.5 -5.0 205 0 6.3 5.9 2.5 2.5 2 0 1 3 3
5762.1 -6455.3 -5.3 295 0 8.9 10.0 2.5 2.5 2 1 1 2 2
5774.3 -6461.0 -5.2 295 0 8.7 16.2 2.5 2.5 2 1 1 4 4
5759.9 -6482.5 -4.7 115 0 5.2 6.6 2.5 2.5 2 1 1 3 3
5756.6 -6492.1 -4.5 115 0 7.9 9.5 2.5 2.5 4 1 1 2 2
5767.6 -6497.6 -4.0 114 0 8.3 7.7 2.5 2.5 2 0 1 3 3
5776.8 -6477.9 -4.7 294 0 7.6 4.0 2.5 0.0 0 0 1 2 2
5772.9 -6488.6 -4.5 114 0 9.3 6.8 2.5 2.5 2 0 1 3 3
5783.3 -6493.2 -4.0 114 0 6.3 5.7 2.5 2.5 2 0 1 5 5
5794.4 -6476.6 -4.7 303 0 8.8 7.6 2.5 2.5 2 0 1 4 4
5801.8 -6479.1 -4.6 298 0 6.5 7.6 2.5 2.5 2 1 1 1 1
5793.6 -6494.7 -3.9 114 0 6.9 6.1 2.5 2.5 2 0 1 2 2
5779.1 -6501.5 -3.7 114 0 8.1 8.7 2.5 2.5 2 1 1 2 2
5811.7 -6487.4 -4.2 294 0 7.1 4.5 2.5 2.5 2 0 1 4 4
5808.0 -6492.1 -3.8 294 0 9.0 8.6 2.5 2.5 2 0 1 5 5
5800.5 -6509.6 -3.2 114 0 8.1 9.7 2.5 0.0 0 1 1 1 1
5832.5 -6505.1 -3.9 24 0 11.9 12.9 2.5 2.5 2 1 1 3 3
5818.7 -6516.2 -3.1 114 0 8.1 9.0 2.5 2.5 2 1 1 2 2
5877.5 -6518.6 -4.9 203 0 9.9 11.0 2.5 2.5 2 1 1 1 1
6335.7 -6644.6 -9.1 299 0 10.6 14.6 5.0 2.5 2 1 2 3 3
6364.6 -6652.4 -9.7 300 0 11.4 11.2 5.0 0.0 0 0 2 2 2
6379.2 -6661.1 -9.7 300 0 20.5 9.9 5.0 0.0 0 0 2 2 2
6396.8 -6670.8 -9.6 300 0 18.9 10.9 7.5 2.5 4 0 3 5 5
6512.3 -6807.4 -7.9 121 0 12.4 8.1 5.0 0.0 0 0 2 5 5
6536.7 -6787.8 -11.2 220 0 9.9 29.0 5.0 2.5 2 1 2 5 5
6564.8 -6858.8 -10.1 122 0 10.0 38.0 5.0 2.5 4 1 2 3 3
6631.5 -6894.0 -6.3 121 0 9.3 13.1 5.0 2.5 2 1 2 4 4
717.8 -6908.3 -9.2 259 0 5.4 13.6 5.0 2.5 2 1 2 1 1
2186.0 -6449.3 -4.0 321 0 8.7 8.3 5.0 2.5 2 0 2 2 2
2127.9 -6444.7 -9.0 238 0 7.9 16.9 5.0 0.0 0 1 2 3 3
3820.4 -6388.2 -3.4 276 0 8.6 13.2 2.5 2.5 2 1 1 2 2
3816.4 -6367.2 -6.6 94 0 11.0 14.9 5.0 2.5 2 1 2 3 3
2191.9 -6478.8 -2.5 235 0 9.2 21.1 5.0 2.5 2 1 2 2 2
646.1 -6927.4 -10.5 252 0 6.9 4.0 5.0 2.5 4 0 2 0 0
648.8 -6938.7 -10.6 72 0 10.1 7.0 5.0 2.5 2 0 2 4 4
727.1 -6913.0 -8.9 257 0 7.2 6.4 5.0 2.5 2 0 2 1 1
736.6 -6909.7 -8.8 257 0 10.8 7.3 5.0 2.5 2 0 2 4 4
744.9 -6897.5 -8.6 259 0 9.0 6.0 5.0 2.5 2 0 2 4 4
747.1 -6904.2 -8.5 259 0 9.9 10.9 5.0 2.5 2 1 2 1 1
756.8 -6896.7 -8.3 262 0 7.7 5.0 5.0 2.5 2 0 2 5 5
758.8 -6902.1 -8.2 262 0 8.5 9.8 5.0 2.5 2 1 2 4 4
797.2 -6924.7 -7.3 72 0 8.7 8.4 5.0 2.5 2 0 2 0 0
860.0 -6943.2 -5.0 158 0 6.0 4.4 5.0 2.5 2 0 2 5 5
806.3 -6917.4 -7.1 66 0 6.8 8.1 5.0 2.5 2 1 2 3 3
813.1 -6925.5 -6.9 66 0 14.1 6.4 5.0 2.5 2 0 2 5 5
816.9 -6933.3 -6.7 66 0 11.8 7.8 5.0 2.5 2 0 2 1 1
832.3 -6920.9 -6.4 67 0 8.5 8.0 5.0 2.5 2 0 2 3 3
842.5 -6916.1 -6.2 67 0 9.0 7.2 5.0 2.5 2 0 2 2 2
844.6 -6924.6 -6.0 67 0 8.1 5.6 5.0 2.5 4 0 2 5 5
847.7 -6931.3 -5.9 67 0 7.3 6.7 5.0 2.5 4 0 2 0 0
856.2 -6928.1 -5.9 67 0 8.2 14.9 5.0 2.5 2 1 2 3 3
863.1 -6923.6 -5.6 68 0 5.9 8.3 5.0 0.0 0 1 2 5 5
881.6 -6916.7 -5.7 71 0 9.8 17.4 5.0 2.5 2 1 2 3 3
879.9 -6882.8 -6.3 260 0 9.4 8.7 5.0 2.5 2 0 2 1 1
912.9 -6877.6 -5.8 260 0 4.1 7.8 5.0 2.5 4 1 2 5 5
905.7 -6879.6 -5.9 257 0 8.0 5.4 5.0 2.5 2 0 2 2 2
995.2 -6928.8 -3.0 82 0 7.2 10.3 5.0 2.5 2 1 2 1 1
989.1 -6901.2 -4.4 262 0 7.8 9.0 5.0 0.0 0 1 2 2 2
990.4 -6910.7 -3.7 262 0 6.3 7.1 5.0 2.5 2 1 2 5 5
980.4 -6910.8 -3.9 262 0 5.3 8.2 5.0 2.5 4 1 2 1 1
978.6 -6902.9 -4.3 262 0 9.0 7.5 5.0 2.5 2 0 2 5 5
943.5 -6896.1 -5.0 76 0 10.8 6.7 5.0 2.5 2 0 2 3 3
956.0 -6891.8 -5.3 75 0 9.0 15.7 5.0 0.0 0 1 2 3 3
965.0 -6887.8 -5.2 84 0 8.0 8.5 5.0 2.5 2 1 2 0 0
980.1 -6891.8 -5.3 87 0 10.4 15.6 5.0 2.5 2 1 2 3 3
995.8 -6871.6 -5.5 264 0 8.6 6.5 5.0 2.5 2 0 2 4 4
996.0 -6887.7 -5.2 84 0 9.4 9.1 5.0 0.0 0 0 2 3 3
1007.4 -6868.7 -5.6 264 0 7.5 6.0 5.0 2.5 4 0 2 4 4
1008.1 -6885.4 -5.4 84 0 9.5 9.1 5.0 2.5 2 0 2 3 3
1025.7 -6878.3 -5.6 84 0 8.5 8.5 5.0 2.5 2 1 2 4 4
1026.4 -6886.2 -5.1 84 0 8.7 7.0 5.0 2.5 2 0 2 4 4
1015.0 -6867.2 -5.7 264 0 6.2 6.8 5.0 0.0 0 1 2 5 5
1017.1 -6884.2 -5.4 84 0 6.2 9.3 5.0 2.5 2 1 2 3 3
1047.5 -6865.6 -5.5 264 0 3.6 5.5 5.0 2.5 2 1 2 4 4
1041.3 -6881.8 -5.3 84 0 14.4 9.5 5.0 2.5 2 0 2 0 0
1029.0 -6897.0 -3.6 265 0 7.9 9.5 5.0 2.5 2 1 2 2 2
1019.4 -6895.1 -4.1 266 0 8.7 12.9 5.0 2.5 2 1 2 5 5
1020.5 -6909.1 -3.0 266 0 9.0 3.7 5.0 2.5 2 0 2 4 4
1008.9 -6897.5 -4.2 266 0 9.2 15.9 5.0 2.5 2 1 2 4 4
1012.5 -6914.3 -2.8 266 0 10.0 7.0 5.0 2.5 2 0 2 5 5
1014.0 -6931.6 -2.1 86 0 10.6 7.8 5.0 2.5 2 0 2 0 0
1037.1 -6942.0 -0.3 87 0 6.8 5.1 5.0 2.5 2 0 2 0 0
1040.5 -6927.0 -1.9 87 0 6.0 12.0 5.0 2.5 2 1 2 1 1
1033.1 -6924.9 -2.1 87 0 7.3 9.6 5.0 2.5 2 1 2 5 5
1031.5 -6907.5 -2.8 267 0 7.9 6.9 5.0 2.5 2 0 2 5 5
1039.1 -6894.7 -3.5 263 0 9.8 8.3 5.0 2.5 2 0 2 2 2
1068.8 -6901.2 -2.2 265 0 12.5 9.1 5.0 2.5 2 0 2 1 1
1068.2 -6889.4 -3.1 265 0 10.2 9.8 5.0 2.5 2 0 2 5 5
1050.0 -6900.7 -2.8 265 0 9.3 7.6 5.0 2.5 2 0 2 4 4
1051.7 -6910.9 -1.9 265 0 8.3 5.6 5.0 2.5 2 0 2 0 0
1052.6 -6924.6 -1.3 80 0 8.4 5.5 5.0 2.5 2 0 2 4 4
1056.3 -6932.4 -0.7 80 0 7.2 7.4 5.0 2.5 4 1 2 5 5
1058.8 -6943.3 0.2 80 0 8.7 6.9 5.0 2.5 2 0 2 5 5
1073.4 -6928.9 -0.6 87 0 13.7 7.3 5.0 2.5 2 0 2 5 5
1101.2 -6917.7 -0.8 359 0 12.5 13.4 5.0 2.5 2 1 2 3 3
1721.7 -6558.4 -8.1 350 0 10.6 25.0 12.5 2.5 2 1 5 2 2
1686.7 -6577.8 -4.6 170 0 21.9 10.8 7.5 2.5 2 0 3 3 3
1821.6 -6582.2 -2.6 267 0 10.6 6.8 5.0 2.5 2 0 2 0 0
1893.2 -6552.6 -6.7 87 0 8.0 10.8 5.0 2.5 2 1 2 0 0
1862.2 -6555.4 -6.0 84 0 6.2 9.2 5.0 2.5 2 1 2 0 0
1833.3 -6598.1 -1.8 84 0 6.3 7.1 5.0 2.5 2 1 2 2 2
1835.3 -6608.9 -1.0 84 0 6.3 8.7 5.0 2.5 2 1 2 1 1
1843.1 -6572.7 -3.6 264 0 6.1 12.0 5.0 2.5 2 1 2 4 4
1835.2 -6584.0 -2.5 264 0 7.1 4.0 5.0 2.5 4 0 2 5 5
1854.0 -6577.9 -3.2 264 0 10.4 7.4 5.0 2.5 2 0 2 4 4
1855.2 -6593.0 -2.4 84 0 9.4 6.9 5.0 2.5 2 0 2 4 4
1859.4 -6605.4 -1.5 84 0 6.9 10.1 5.0 2.5 2 1 2 4 4
1831.8 -6559.3 -5.8 85 0 8.9 12.9 5.0 2.5 2 1 2 5 5
1817.2 -6563.7 -5.2 79 0 10.4 10.7 5.0 2.5 2 1 2 4 4
1804.8 -6564.3 -5.1 86 0 7.1 12.7 5.0 0.0 0 1 2 1 1
1769.9 -6581.3 -3.1 171 0 7.1 8.4 5.0 2.5 2 1 2 3 3
1797.6 -6576.6 -3.6 351 0 10.1 12.7 5.0 2.5 2 1 2 2 2
1781.4 -6591.9 -2.3 171 0 9.4 8.2 5.0 2.5 2 0 2 3 3
1795.5 -6585.7 -2.4 261 0 10.7 9.4 5.0 2.5 2 0 2 3 3
1772.8 -6637.3 2.6 266 0 5.1 5.6 5.0 2.5 2 1 2 5 5
1810.6 -6613.7 -0.4 84 0 9.4 8.5 5.0 2.5 4 0 2 4 4
1823.4 -6643.4 1.9 84 0 7.9 13.4 5.0 0.0 0 1 2 5 5
1837.0 -6621.3 1.0 262 0 8.9 16.6 5.0 2.5 4 1 2 4 4
1857.0 -6621.0 1.0 260 0 8.6 14.1 5.0 2.5 2 1 2 1 1
1867.8 -6615.5 0.4 258 0 8.8 17.6 5.0 2.5 4 1 2 2 2
1895.0 -6609.5 -0.1 264 0 7.1 19.5 5.0 2.5 2 1 2 0 0
1925.2 -6606.7 -1.1 258 0 10.6 16.7 5.0 2.5 2 1 2 3 3
1891.3 -6567.3 -4.8 261 0 7.4 11.8 5.0 2.5 4 1 2 0 0
1882.9 -6567.8 -4.6 261 0 7.0 12.1 5.0 2.5 2 1 2 2 2
1873.4 -6568.0 -4.4 261 0 8.6 12.6 5.0 2.5 2 1 2 3 3
1876.2 -6591.4 -2.3 81 0 5.7 4.6 5.0 2.5 2 0 2 0 0
1879.8 -6601.3 -1.8 81 0 8.4 9.0 5.0 2.5 2 1 2 0 0
1892.3 -6587.5 -3.1 81 0 4.2 6.4 5.0 2.5 2 1 2 5 5
1895.9 -6597.9 -2.5 81 0 9.2 10.1 5.0 0.0 0 1 2 1 1
1905.2 -6565.4 -5.4 263 0 4.3 6.5 5.0 2.5 2 1 2 2 2
1898.4 -6562.0 -5.6 264 0 7.2 6.7 5.0 2.5 4 0 2 2 2
1902.3 -6574.6 -4.2 259 0 7.7 5.1 5.0 0.0 0 0 2 2 2
1921.4 -6570.0 -5.5 267 0 3.7 7.4 5.0 0.0 0 1 2 3 3
1921.4 -6558.7 -6.3 267 0 11.7 10.3 5.0 2.5 4 0 2 1 1
1938.7 -6591.4 -4.3 82 0 9.9 10.2 5.0 2.5 2 1 2 4 4
1913.8 -6541.4 -7.5 82 0 4.3 5.5 5.0 2.5 2 1 2 3 3
1916.6 -6551.5 -7.2 82 0 6.3 9.5 5.0 2.5 2 1 2 2 2
1930.9 -6542.1 -7.5 73 0 6.3 6.5 5.0 0.0 0 1 2 3 3
1940.7 -6548.4 -7.2 73 0 8.2 10.5 5.0 2.5 4 1 2 0 0
1963.8 -6529.9 -7.9 69 0 7.1 6.0 5.0 2.5 2 0 2 3 3
1966.0 -6537.5 -7.4 69 0 8.0 7.6 5.0 2.5 2 0 2 5 5
1971.0 -6525.7 -8.2 69 0 6.4 5.3 5.0 2.5 2 0 2 5 5
1974.7 -6533.8 -7.7 69 0 8.3 8.1 5.0 2.5 2 0 2 3 3
1982.7 -6514.4 -8.7 249 0 7.7 4.4 5.0 2.5 2 0 2 2 2
1987.7 -6528.2 -8.3 69 0 12.2 9.6 5.0 2.5 2 0 2 0 0
2001.7 -6514.4 -9.0 67 0 7.1 5.2 5.0 0.0 0 0 2 2 2
2000.9 -6521.8 -8.6 67 0 15.2 6.4 5.0 2.5 2 0 2 0 0
2012.1 -6515.8 -9.0 63 0 7.3 6.6 5.0 2.5 2 0 2 5 5
2146.2 -6401.7 -7.8 235 0 5.4 5.1 5.0 2.5 2 0 2 0 0
2155.4 -6415.4 -7.5 55 0 7.6 9.9 5.0 2.5 2 1 2 0 0
2138.9 -6429.0 -9.2 55 0 9.7 13.2 5.0 2.5 4 1 2 2 2
2107.3 -6428.3 -10.2 235 0 8.8 6.0 5.0 2.5 2 0 2 5 5
2119.3 -6441.7 -10.0 55 0 10.0 10.6 5.0 2.5 2 1 2 0 0
2107.1 -6450.4 -10.2 55 0 7.1 15.3 5.0 0.0 0 1 2 5 5
2096.9 -6457.4 -10.2 55 0 9.5 11.5 5.0 2.5 2 1 2 1 1
2086.4 -6464.2 -10.2 55 0 8.5 9.3 5.0 2.5 2 1 2 5 5
2071.8 -6454.3 -10.4 235 0 7.0 5.8 5.0 2.5 2 0 2 1 1
2064.3 -6463.5 -10.4 235 0 5.6 3.6 5.0 2.5 4 0 2 4 4
2075.7 -6472.2 -10.3 55 0 9.9 9.1 5.0 2.5 2 0 2 1 1
2065.3 -6480.0 -10.5 55 0 9.4 13.2 5.0 0.0 0 1 2 4 4
2056.5 -6486.8 -10.5 55 0 9.8 13.7 5.0 2.5 2 1 2 1 1
2047.7 -6520.3 -7.7 150 0 10.0 7.4 5.0 2.5 2 0 2 2 2
2067.3 -6537.4 -6.5 60 0 13.5 11.8 5.0 2.5 2 0 2 4 4
2041.2 -6504.7 -8.8 237 0 9.5 10.2 5.0 2.5 2 1 2 3 3
2050.4 -6496.9 -9.4 232 0 10.1 13.1 5.0 2.5 2 1 2 3 3
2084.0 -6474.2 -10.1 238 0 10.3 17.5 5.0 2.5 2 1 2 1 1
2063.5 -6488.8 -10.0 234 0 8.1 8.2 5.0 2.5 4 1 2 3 3
2069.2 -6495.9 -9.3 234 0 11.1 9.0 5.0 2.5 2 0 2 5 5
2081.3 -6530.3 -7.6 57 0 10.5 19.7 5.0 0.0 0 1 2 1 1
2090.3 -6521.3 -7.8 63 0 9.1 15.0 5.0 2.5 2 1 2 1 1
2103.0 -6517.7 -8.3 59 0 11.9 18.9 5.0 2.5 2 1 2 5 5
2111.7 -6509.7 -7.7 58 0 8.4 8.5 5.0 2.5 2 1 2 5 5
2107.2 -6501.3 -9.2 58 0 9.5 13.8 5.0 2.5 4 1 2 3 3
2118.9 -6504.1 -8.0 58 0 5.4 8.3 5.0 0.0 0 1 2 3 3
2126.7 -6500.9 -8.3 58 0 9.6 9.9 5.0 2.5 2 1 2 0 0
2102.7 -6477.3 -9.8 234 0 7.9 5.5 5.0 2.5 2 0 2 5 5
2094.7 -6466.4 -10.0 234 0 8.7 12.2 5.0 2.5 2 1 2 4 4
2105.1 -6459.2 -9.9 233 0 8.6 18.2 5.0 2.5 2 1 2 1 1
2125.5 -6462.0 -9.2 236 0 6.3 7.9 5.0 2.5 2 1 2 3 3
2116.8 -6451.6 -9.8 236 0 9.5 12.5 5.0 2.5 2 1 2 4 4
2152.2 -6436.9 -7.0 236 0 7.5 6.4 5.0 2.5 4 0 2 3 3
2148.2 -6430.0 -7.5 236 0 9.0 7.6 5.0 2.5 2 0 2 3 3
2135.1 -6461.0 -8.5 238 0 10.2 7.9 5.0 0.0 0 0 2 0 0
2138.6 -6479.5 -8.3 57 0 6.1 6.6 5.0 0.0 0 1 2 5 5
2129.4 -6485.0 -9.1 57 0 5.8 6.8 5.0 2.5 4 1 2 1 1
2134.5 -6494.2 -8.3 57 0 8.7 8.4 5.0 2.5 2 0 2 1 1
2145.4 -6489.2 -7.8 57 0 9.4 10.7 5.0 2.5 2 1 2 2 2
2149.2 -6471.9 -7.3 58 0 7.6 5.8 5.0 2.5 2 0 2 5 5
2155.7 -6482.6 -7.0 57 0 9.7 11.8 5.0 2.5 2 1 2 0 0
2172.4 -6467.1 -5.3 57 0 9.2 8.0 5.0 2.5 2 0 2 4 4
2166.7 -6459.8 -5.7 58 0 7.5 6.1 5.0 2.5 2 0 2 0 0
2160.2 -6466.2 -6.3 58 0 7.1 5.9 5.0 2.5 2 0 2 4 4
2165.5 -6476.3 -6.0 57 0 9.5 10.6 5.0 0.0 0 1 2 1 1
2171.1 -6447.7 -5.4 321 0 7.5 5.0 5.0 2.5 2 0 2 2 2
2172.5 -6416.8 -5.2 142 0 7.4 9.1 5.0 2.5 2 1 2 2 2
2176.5 -6426.7 -4.8 142 0 9.8 13.0 5.0 2.5 2 1 2 1 1
2200.9 -6435.3 -2.5 149 0 3.7 7.2 5.0 2.5 2 1 2 3 3
2193.3 -6445.8 -3.0 149 0 9.9 11.0 5.0 2.5 2 1 2 0 0
2204.7 -6452.8 -2.2 59 0 5.3 4.9 5.0 2.5 2 0 2 2 2
2230.1 -6415.0 -1.2 329 0 4.6 7.4 5.0 2.5 2 1 2 5 5
2235.8 -6421.4 -1.1 329 0 11.1 10.0 5.0 2.5 2 0 2 3 3
1947.6 -6603.8 -1.5 259 0 10.6 12.9 5.0 2.5 2 1 2 4 4
1951.8 -6582.0 -4.2 165 0 9.1 14.3 5.0 2.5 2 1 2 5 5
1951.5 -6570.9 -5.1 164 0 10.5 11.6 5.0 2.5 2 1 2 2 2
1950.4 -6551.6 -6.3 249 0 11.6 10.9 5.0 2.5 2 0 2 4 4
1961.0 -6545.8 -6.4 247 0 10.3 11.9 5.0 2.5 2 1 2 3 3
1972.8 -6581.3 -4.8 72 0 7.8 18.2 5.0 2.5 2 1 2 4 4
1986.8 -6579.5 -4.2 67 0 9.4 10.8 5.0 2.5 2 1 2 3 3
1983.4 -6567.6 -4.9 67 0 7.8 7.1 5.0 2.5 2 0 2 4 4
1973.4 -6543.5 -6.3 247 0 8.3 9.1 5.0 0.0 0 1 2 0 0
1976.9 -6552.9 -5.5 247 0 9.4 7.9 5.0 2.5 2 0 2 2 2
1998.0 -6530.5 -7.2 248 0 11.6 10.8 5.0 2.5 2 0 2 2 2
2011.9 -6525.7 -7.6 249 0 12.1 6.8 5.0 2.5 2 0 2 3 3
2033.4 -6549.9 -6.3 26 0 17.6 15.9 5.0 2.5 2 0 2 4 4
2008.1 -6566.0 -5.3 65 0 12.2 16.7 5.0 2.5 2 1 2 1 1
1996.8 -6574.7 -4.5 70 0 10.4 11.7 5.0 2.5 2 1 2 5 5
1990.4 -6611.4 -0.2 71 0 5.2 4.2 5.0 2.5 2 0 2 5 5
1988.9 -6606.3 -1.0 71 0 9.7 4.7 5.0 0.0 0 0 2 2 2
1982.0 -6594.1 -2.1 251 0 9.5 8.0 5.0 2.5 2 0 2 4 4
1991.0 -6589.6 -2.3 251 0 9.0 9.3 5.0 2.5 2 1 2 4 4
2008.6 -6579.8 -2.9 238 0 10.1 16.9 5.0 2.5 2 1 2 0 0
2025.0 -6570.0 -3.4 243 0 9.0 12.6 5.0 2.5 2 1 2 5 5
2033.8 -6565.9 -3.5 243 0 8.7 14.9 5.0 2.5 2 1 2 1 1
2042.0 -6561.2 -3.7 243 0 7.9 10.4 5.0 2.5 2 1 2 2 2
2061.5 -6582.7 -2.3 63 0 8.6 11.2 5.0 2.5 2 1 2 0 0
2052.2 -6561.3 -3.4 243 0 8.8 10.5 5.0 2.5 2 1 2 1 1
2075.1 -6575.0 -2.4 57 0 5.2 10.8 5.0 0.0 0 1 2 2 2
2060.3 -6553.2 -3.9 237 0 12.0 14.1 5.0 2.5 2 1 2 0 0
2085.4 -6540.7 -4.4 237 0 9.8 16.5 5.0 2.5 2 1 2 1 1
2098.3 -6533.7 -4.6 237 0 3.9 5.4 5.0 2.5 2 1 2 2 2
2105.2 -6537.8 -4.1 237 0 9.7 5.7 5.0 2.5 2 0 2 5 5
2114.1 -6532.3 -4.4 237 0 8.0 5.9 5.0 2.5 2 0 2 1 1
2108.6 -6522.1 -5.6 237 0 8.7 10.2 5.0 2.5 2 1 2 4 4
2121.2 -6526.9 -4.7 237 0 8.7 15.6 5.0 2.5 2 1 2 3 3
2145.4 -6512.3 -5.2 241 0 8.1 8.6 5.0 0.0 0 1 2 3 3
2130.7 -6509.7 -6.2 239 0 10.4 18.3 5.0 0.0 0 1 2 4 4
2144.4 -6542.9 -3.8 57 0 10.3 14.1 5.0 0.0 0 1 2 1 1
2150.4 -6552.8 -2.3 55 0 12.7 10.9 5.0 2.5 2 0 2 4 4
2180.3 -6543.9 -1.0 56 0 7.4 7.1 5.0 2.5 4 0 2 3 3
2189.2 -6527.8 -2.3 55 0 9.3 10.7 5.0 2.5 2 1 2 3 3
2157.4 -6497.4 -5.5 235 0 9.5 15.8 5.0 2.5 2 1 2 1 1
2171.9 -6501.4 -3.9 235 0 8.6 8.5 5.0 2.5 2 0 2 3 3
2176.3 -6484.8 -4.0 235 0 9.9 8.8 5.0 2.5 2 0 2 5 5
2182.1 -6493.2 -3.1 235 0 8.1 6.2 5.0 2.5 4 0 2 4 4
3351.1 -6191.0 -6.8 1 0 6.6 5.5 2.5 2.5 2 0 1 5 5
3333.8 -6195.1 -7.3 181 0 9.1 10.8 2.5 2.5 2 1 1 5 5
3351.3 -6210.2 -6.5 1 0 5.0 7.1 2.5 2.5 2 1 1 1 1
3334.0 -6208.5 -6.8 181 0 9.0 9.2 2.5 2.5 2 1 1 4 4
3334.9 -6222.2 -6.3 180 0 10.0 13.7 2.5 2.5 2 1 1 1 1
3333.3 -6233.2 -5.7 180 0 6.6 10.9 2.5 2.5 2 1 1 3 3
3350.5 -6244.5 -5.4 0 0 12.1 7.0 2.5 2.5 2 0 1 2 2
3332.7 -6243.1 -5.3 180 0 9.8 9.4 2.5 2.5 2 0 1 1 1
3319.2 -6239.6 -5.7 0 0 8.0 12.2 2.5 2.5 2 1 1 1 1
3320.8 -6250.6 -5.2 0 0 9.4 11.5 2.5 2.5 2 1 1 2 2
3322.9 -6269.8 -4.6 3 0 20.4 12.6 2.5 2.5 4 0 1 3 3
3331.6 -6277.5 -3.9 180 0 15.8 9.9 2.5 2.5 2 0 1 4 4
3328.2 -6322.0 -1.8 90 0 8.1 12.2 2.5 2.5 2 1 1 0 0
3364.5 -6284.6 -2.8 90 0 7.4 9.9 2.5 2.5 2 1 1 2 2
3400.3 -6281.8 -2.1 0 0 9.0 9.3 2.5 2.5 2 1 1 0 0
3396.4 -6308.6 -1.4 0 0 9.8 9.6 2.5 2.5 2 0 1 3 3
3375.7 -6319.1 -1.5 90 0 9.0 8.6 2.5 2.5 2 0 1 1 1
3956.0 -6334.6 -7.0 93 0 9.5 12.6 2.5 2.5 4 1 1 1 1
3958.3 -6344.2 -5.6 273 0 7.0 8.3 5.0 2.5 2 1 2 3 3
3963.6 -6371.6 -3.9 3 0 7.9 10.3 5.0 0.0 0 1 2 4 4
3878.2 -6340.1 -7.6 273 0 6.5 11.6 5.0 2.5 2 1 2 4 4
3860.1 -6363.4 -6.7 183 0 7.2 4.8 5.0 2.5 2 0 2 5 5
3865.7 -6365.0 -6.7 183 0 10.4 5.3 5.0 2.5 2 0 2 3 3
3866.4 -6379.5 -6.1 93 0 10.4 8.0 5.0 2.5 2 0 2 3 3
3849.4 -6325.5 -9.3 93 0 7.9 14.0 5.0 2.5 2 1 2 5 5
3839.7 -6324.9 -9.4 90 0 8.9 15.9 5.0 2.5 2 1 2 3 3
3817.5 -6325.6 -9.0 90 0 8.2 9.1 5.0 2.5 2 1 2 3 3
3727.1 -6330.5 -7.3 91 0 25.4 9.0 5.0 2.5 2 0 2 5 5
3707.1 -6330.0 -7.1 91 0 11.8 9.1 5.0 2.5 2 0 2 3 3
3694.5 -6325.5 -7.4 93 0 10.5 10.0 5.0 2.5 4 0 2 3 3
3687.9 -6335.0 -6.8 5 0 25.0 9.6 5.0 2.5 4 0 2 1 1
3733.1 -6371.6 -2.3 273 0 6.3 10.5 2.5 2.5 2 1 1 0 0
3720.9 -6396.4 -0.4 95 0 7.1 5.9 2.5 2.5 2 0 1 4 4
3733.2 -6398.7 -0.7 98 0 9.0 8.2 2.5 2.5 2 0 1 0 0
3766.2 -6379.8 -2.4 278 0 7.7 12.5 2.5 2.5 2 1 1 1 1
3780.6 -6364.5 -5.4 94 0 6.6 12.5 5.0 2.5 2 1 2 2 2
3795.6 -6336.0 -7.2 274 0 7.5 12.1 5.0 2.5 4 1 2 0 0
3792.1 -6358.4 -6.0 94 0 10.9 8.8 5.0 2.5 2 0 2 2 2
3791.9 -6367.6 -5.2 94 0 9.2 8.9 5.0 2.5 2 0 2 1 1
3807.3 -6335.6 -7.6 274 0 6.4 7.3 5.0 2.5 4 1 2 4 4
3803.9 -6359.3 -6.5 94 0 7.6 10.6 5.0 0.0 0 1 2 2 2
3802.6 -6368.8 -5.4 94 0 7.8 8.3 5.0 2.5 2 1 2 1 1
3819.0 -6335.3 -8.0 274 0 9.1 9.1 5.0 0.0 0 1 2 3 3
3818.8 -6345.2 -7.2 274 0 6.6 5.2 5.0 2.5 2 0 2 4 4
3815.2 -6373.7 -5.1 94 0 8.9 5.7 5.0 2.5 2 0 2 5 5
3828.4 -6366.7 -6.3 94 0 8.5 7.0 5.0 2.5 2 0 2 3 3
3827.3 -6375.4 -5.6 94 0 9.1 7.8 5.0 2.5 2 0 2 4 4
3838.9 -6376.7 -5.7 96 0 9.3 7.7 5.0 2.5 2 0 2 4 4
3845.4 -6364.9 -6.4 6 0 8.4 9.2 5.0 2.5 2 1 2 0 0
3781.1 -6391.2 -1.8 279 0 9.3 5.5 2.5 2.5 2 0 1 4 4
3783.6 -6383.1 -2.7 279 0 9.3 7.3 2.5 2.5 4 0 1 0 0
3798.2 -6386.6 -2.8 282 0 9.0 7.9 2.5 2.5 2 0 1 2 2
3795.1 -6404.1 -1.9 102 0 7.8 9.0 2.5 2.5 4 1 1 4 4
3811.5 -6386.3 -3.3 276 0 7.3 8.2 2.5 2.5 2 1 1 2 2
3810.8 -6395.1 -2.4 276 0 6.6 11.3 2.5 2.5 2 1 1 4 4
3833.7 -6390.6 -3.6 285 0 8.9 8.5 2.5 2.5 2 0 1 0 0
3846.5 -6391.4 -4.0 285 0 14.2 13.6 2.5 0.0 0 0 1 5 5
3864.1 -6401.6 -3.5 273 0 8.9 6.7 2.5 2.5 2 0 1 3 3
3865.5 -6393.8 -4.5 273 0 9.8 7.6 2.5 2.5 2 0 1 4 4
3906.7 -6397.4 -3.4 273 0 7.0 17.2 2.5 2.5 2 1 1 1 1
3892.8 -6382.3 -5.7 92 0 10.3 14.0 5.0 2.5 2 1 2 3 3
3908.1 -6382.7 -4.7 92 0 8.7 5.2 5.0 2.5 2 0 2 0 0
3913.2 -6333.1 -7.4 92 0 6.7 6.4 2.5 0.0 0 0 1 5 5
3923.8 -6344.9 -6.0 272 0 8.0 10.6 5.0 2.5 4 1 2 5 5
3921.5 -6376.5 -4.8 95 0 6.0 9.7 5.0 2.5 2 1 2 1 1
3932.3 -6383.9 -4.0 96 0 9.6 8.2 5.0 0.0 0 0 2 2 2
3920.6 -6384.4 -4.3 92 0 8.0 7.4 5.0 0.0 0 0 2 0 0
3919.0 -6407.4 -2.2 272 0 5.4 6.6 2.5 2.5 2 1 1 3 3
3919.8 -6397.8 -3.0 272 0 10.6 8.8 2.5 2.5 2 0 1 2 2
3929.7 -6396.6 -2.7 273 0 5.3 8.5 2.5 2.5 2 1 1 2 2
3930.2 -6406.4 -1.9 272 0 6.8 7.0 2.5 2.5 2 1 1 0 0
3927.6 -6430.5 -0.2 96 0 9.2 7.8 2.5 0.0 0 0 1 3 3
3943.3 -6408.0 -1.3 276 0 3.5 5.4 2.5 2.5 2 1 1 0 0
3945.5 -6400.6 -2.0 276 0 9.7 6.8 2.5 2.5 2 0 1 1 1
3960.8 -6401.0 -1.5 276 0 10.9 16.0 2.5 0.0 0 1 1 1 1
3972.5 -6371.1 -3.4 182 0 7.6 7.6 2.5 0.0 0 0 1 5 5
3970.4 -6379.8 -2.9 182 0 9.6 9.1 2.5 2.5 2 0 1 4 4
3983.5 -6380.1 -2.5 182 0 16.4 9.3 2.5 2.5 4 0 1 5 5
3983.6 -6410.0 -0.1 182 0 14.4 10.7 5.0 2.5 4 0 2 2 2
4040.8 -6403.6 1.1 263 0 6.2 6.6 5.0 2.5 2 1 2 5 5
4025.0 -6411.1 2.4 269 0 7.9 11.0 5.0 2.5 2 1 2 4 4
