5976.2 2174.5 -15.8 216 0 8.3 10.4 2.5 2.5 2 1 1 5 5
5937.7 2125.6 -14.1 34 0 6.6 6.5 5.0 2.5 2 0 2 5 5
5970.1 2120.6 -17.0 217 0 10.2 10.8 7.5 2.5 2 1 3 0 0
5925.2 2137.3 -13.7 214 0 8.8 8.7 5.0 2.5 2 0 2 3 3
5914.7 2139.0 -13.0 29 0 9.5 9.5 2.5 0.0 0 1 1 1 1
5922.4 2152.1 -13.0 28 0 9.2 9.4 2.5 2.5 2 1 1 5 5
5938.3 2182.3 -12.8 30 0 8.9 5.6 2.5 2.5 2 0 1 2 2
5940.5 2165.2 -13.7 205 0 15.2 13.5 5.0 2.5 2 0 2 0 0
5955.9 2186.7 -14.1 209 0 8.2 5.4 5.0 2.5 2 0 2 0 0
5955.1 2205.9 -14.0 29 0 11.8 11.5 2.5 2.5 2 0 1 2 2
5959.2 2219.4 -14.2 27 0 8.7 12.1 2.5 2.5 2 1 1 0 0
5975.4 2224.5 -15.7 208 0 7.2 9.5 5.0 0.0 0 1 2 2 2
5994.8 2200.5 -16.5 213 0 7.1 9.7 2.5 2.5 2 1 1 2 2
5968.5 2215.3 -15.4 206 0 7.8 13.8 5.0 2.5 2 1 2 2 2
5962.4 2200.6 -14.8 205 0 9.5 9.8 5.0 2.5 2 1 2 3 3
5979.3 2191.0 -15.2 29 0 12.0 7.8 5.0 2.5 2 0 2 1 1
5941.0 2272.8 -13.1 123 0 8.8 8.7 5.0 2.5 2 0 2 1 1
5985.8 2250.6 -16.0 206 0 6.0 14.1 2.5 2.5 2 1 1 4 4
5993.2 2216.3 -16.2 31 0 11.8 7.8 5.0 2.5 2 0 2 3 3
6013.0 2230.8 -17.2 214 0 8.5 7.8 2.5 2.5 4 0 1 4 4
6002.4 2213.5 -16.9 213 0 10.6 8.2 2.5 2.5 2 0 1 5 5
5999.3 2231.0 -16.6 122 0 7.7 13.6 2.5 2.5 2 1 1 1 1
5990.6 2260.2 -15.5 206 0 6.9 8.9 2.5 2.5 2 1 1 1 1
5996.9 2274.2 -15.5 208 0 10.1 13.5 2.5 2.5 4 1 1 1 1
6006.8 2286.8 -15.3 208 0 7.3 10.4 2.5 2.5 2 1 1 0 0
5993.0 2307.5 -14.9 31 0 9.1 11.3 5.0 2.5 2 1 2 4 4
6000.9 2297.8 -14.9 36 0 9.2 10.1 5.0 2.5 2 1 2 3 3
6007.8 2312.1 -14.8 30 0 8.6 9.9 5.0 2.5 2 1 2 4 4
6001.9 2400.4 -13.1 27 0 9.7 10.5 7.5 2.5 2 1 3 5 5
5987.1 2383.5 -13.2 119 0 11.1 14.2 5.0 2.5 2 1 2 1 1
4495.9 1057.1 -15.3 263 0 10.7 11.4 5.0 2.5 4 1 2 3 3
4470.0 1115.0 -17.3 350 0 11.9 6.0 5.0 2.5 2 0 2 4 4
4466.4 1207.5 -6.6 1 0 9.0 9.8 5.0 2.5 2 1 2 1 1
4476.1 1257.4 1.9 187 0 9.4 13.0 2.5 2.5 2 1 1 1 1
4517.3 1261.0 4.2 285 0 9.3 9.3 2.5 2.5 2 0 1 3 3
4545.9 1236.5 3.2 103 0 11.7 8.7 2.5 2.5 2 0 1 5 5
4517.8 1240.1 1.9 99 0 21.6 8.9 2.5 2.5 2 0 1 2 2
4558.0 1136.1 -10.2 90 0 10.8 13.9 5.0 2.5 2 1 2 3 3
4594.0 1244.7 5.3 272 0 8.2 17.1 2.5 2.5 2 1 1 2 2
4613.2 1140.1 -8.1 358 0 6.8 10.5 5.0 2.5 2 1 2 5 5
4621.5 1104.3 -12.2 174 0 8.0 10.3 5.0 2.5 2 1 2 0 0
4622.3 1092.4 -13.2 174 0 8.5 9.1 5.0 2.5 2 1 2 3 3
4658.6 1089.9 -13.1 86 0 46.1 11.8 5.0 2.5 2 0 2 2 2
4653.2 1128.1 -9.3 260 0 8.6 9.8 5.0 2.5 2 1 2 5 5
4617.1 1141.9 -7.5 175 0 11.5 7.8 5.0 2.5 2 0 2 4 4
4654.9 1147.0 -4.8 87 0 11.9 17.0 5.0 2.5 2 1 2 1 1
4598.3 1127.0 -10.9 262 0 11.2 6.6 5.0 2.5 2 0 2 0 0
4607.6 1112.5 -11.8 358 0 6.4 8.3 5.0 0.0 0 1 2 3 3
4606.2 1104.2 -12.6 353 0 6.6 9.5 5.0 2.5 4 1 2 2 2
4617.8 1086.8 -13.8 356 0 10.8 8.7 5.0 2.5 2 0 2 4 4
4582.3 1092.0 -13.8 173 0 8.7 11.2 5.0 2.5 2 1 2 2 2
4583.0 1101.9 -13.0 174 0 7.9 11.8 5.0 2.5 2 1 2 5 5
4581.0 1110.4 -12.3 172 0 7.9 9.0 5.0 2.5 2 1 2 3 3
4552.8 1120.3 -12.6 268 0 8.4 7.7 5.0 2.5 4 0 2 5 5
4551.8 1110.3 -13.3 262 0 9.3 8.0 5.0 2.5 2 0 2 2 2
4528.0 1127.9 -12.0 84 0 11.6 7.9 5.0 2.5 2 0 2 3 3
4530.2 1118.1 -13.5 263 0 17.0 7.4 5.0 2.5 2 0 2 2 2
4540.8 1071.6 -15.2 81 0 9.0 16.2 5.0 2.5 4 1 2 1 1
4530.4 1070.7 -14.7 78 0 5.6 14.9 5.0 2.5 2 1 2 3 3
4559.5 1210.2 -0.8 181 0 9.4 13.8 2.5 2.5 2 1 1 3 3
4513.2 1218.0 -4.3 279 0 27.7 11.2 5.0 2.5 2 0 2 0 0
4545.7 1202.8 -4.3 8 0 12.5 18.8 5.0 2.5 2 1 2 1 1
4491.4 1183.2 -7.6 101 0 10.8 15.6 5.0 2.5 2 1 2 3 3
4489.7 1146.7 -11.5 177 0 8.0 17.5 5.0 2.5 2 1 2 4 4
4461.4 1156.9 -14.5 346 0 7.2 8.2 5.0 2.5 2 1 2 2 2
4491.2 1064.5 -16.1 82 0 10.2 10.3 5.0 2.5 2 1 2 4 4
4513.8 1067.4 -14.4 81 0 10.3 11.2 5.0 2.5 2 1 2 2 2
4479.5 1028.7 -17.0 254 0 10.0 7.5 5.0 0.0 0 0 2 5 5
4471.6 1009.4 -18.1 70 0 10.2 10.9 5.0 2.5 2 1 2 2 2
4457.1 1006.7 -18.4 74 0 11.2 7.5 5.0 0.0 0 0 2 0 0
2637.7 -2169.6 -11.1 89 0 8.5 14.1 5.0 2.5 2 1 2 5 5
3894.1 882.7 -12.0 316 0 7.9 11.0 5.0 0.0 0 1 2 3 3
3876.3 898.3 -10.8 305 0 8.0 12.6 5.0 2.5 2 1 2 2 2
3806.6 858.2 -9.2 229 0 8.7 7.1 5.0 2.5 2 0 2 0 0
3810.6 889.6 -7.6 46 0 9.6 8.8 2.5 2.5 2 0 1 4 4
3827.4 907.1 -7.9 49 0 8.1 16.4 2.5 2.5 2 1 1 5 5
3857.8 914.7 -9.1 315 0 8.2 10.8 5.0 2.5 2 1 2 5 5
3863.7 942.4 -8.4 312 0 6.9 11.4 2.5 2.5 2 1 1 0 0
3884.8 921.2 -9.9 311 0 5.6 7.8 2.5 2.5 2 1 1 4 4
3882.0 890.7 -11.2 290 0 5.7 4.9 5.0 2.5 2 0 2 5 5
3898.1 913.5 -10.8 317 0 8.7 13.5 2.5 2.5 2 1 1 3 3
3916.6 886.7 -13.3 220 0 7.2 7.1 2.5 2.5 2 0 1 2 2
2212.2 -3713.7 -7.6 92 0 8.4 5.7 5.0 2.5 2 0 2 1 1
2206.1 -3729.5 -8.5 181 0 7.8 9.9 2.5 2.5 2 1 1 4 4
2207.2 -3745.6 -9.2 185 0 7.5 10.2 2.5 0.0 0 1 1 2 2
2204.0 -3759.8 -9.8 181 0 6.9 9.7 2.5 2.5 4 1 1 1 1
2208.4 -3782.0 -10.7 95 0 10.5 9.1 2.5 2.5 2 0 1 5 5
2234.3 -3786.7 -10.4 101 0 7.4 10.4 2.5 2.5 2 1 1 1 1
2227.7 -3796.6 -10.8 272 0 8.8 8.1 2.5 2.5 2 0 1 4 4
2231.3 -3814.1 -10.9 8 0 6.8 8.4 2.5 2.5 4 1 1 2 2
2212.3 -3793.3 -11.2 271 0 3.7 8.4 2.5 2.5 2 1 1 5 5
2199.3 -3808.5 -11.1 182 0 11.6 12.2 2.5 2.5 2 1 1 5 5
2205.7 -3831.8 -10.7 182 0 6.9 6.2 2.5 2.5 2 0 1 5 5
2195.5 -3846.5 -10.2 183 0 8.4 6.5 2.5 2.5 2 0 1 5 5
2194.5 -3860.6 -9.9 181 0 9.9 7.7 2.5 2.5 2 0 1 1 1
2175.9 -3879.7 -8.5 1 0 16.2 6.8 5.0 2.5 2 0 2 5 5
2174.6 -3857.4 -9.2 275 0 8.0 6.3 5.0 2.5 2 0 2 0 0
2172.6 -3865.7 -8.6 272 0 7.0 4.5 5.0 2.5 2 0 2 5 5
2166.3 -3858.9 -8.7 276 0 3.2 6.4 5.0 0.0 0 1 2 5 5
2181.0 -3844.0 -9.5 3 0 6.4 8.9 5.0 2.5 2 1 2 0 0
2183.0 -3828.9 -9.7 5 0 9.1 9.6 5.0 2.5 2 1 2 2 2
2170.9 -3810.9 -9.3 185 0 9.0 10.7 5.0 0.0 0 1 2 3 3
2184.2 -3794.3 -9.1 3 0 7.6 7.9 5.0 2.5 2 1 2 0 0
2188.2 -3782.0 -9.2 5 0 10.0 8.9 5.0 2.5 2 0 2 4 4
2189.6 -3764.2 -8.9 2 0 10.6 7.4 5.0 2.5 2 0 2 2 2
2190.5 -3741.7 -8.5 6 0 9.1 12.2 5.0 2.5 2 1 2 5 5
2194.3 -3727.3 -8.0 5 0 7.0 10.0 5.0 2.5 4 1 2 1 1
2177.6 -3724.9 -7.6 186 0 6.4 5.4 5.0 2.5 2 0 2 0 0
2184.1 -3707.5 -7.1 181 0 7.2 8.8 5.0 0.0 0 1 2 2 2
2626.1 -2189.2 -11.1 184 0 14.6 12.1 5.0 2.5 2 0 2 2 2
2640.5 -2215.8 -11.7 112 0 11.2 10.0 5.0 2.5 2 0 2 5 5
2622.1 -2215.3 -10.8 195 0 5.9 6.3 5.0 2.5 2 1 2 3 3
2628.2 -2237.0 -10.9 285 0 6.4 6.1 2.5 2.5 2 0 1 1 1
2620.6 -2229.8 -10.6 285 0 8.5 11.7 2.5 2.5 2 1 1 1 1
2611.5 -2248.5 -10.4 201 0 6.9 11.0 2.5 2.5 4 1 1 1 1
2615.2 -2159.8 -10.1 7 0 6.2 5.4 2.5 2.5 2 0 1 4 4
2603.4 -2170.5 -9.9 272 0 11.4 11.0 5.0 2.5 2 0 2 2 2
2594.8 -2173.0 -9.4 274 0 3.5 8.0 5.0 2.5 2 1 2 4 4
2599.2 -2192.6 -9.7 95 0 9.4 7.6 5.0 2.5 2 0 2 4 4
2608.2 -2200.3 -10.0 291 0 8.0 11.1 2.5 2.5 2 1 1 2 2
2599.1 -2200.5 -9.6 293 0 5.9 6.7 2.5 0.0 0 1 1 1 1
2588.8 -2208.6 -9.2 285 0 9.2 8.7 2.5 0.0 0 0 1 2 2
2601.8 -2227.9 -9.6 15 0 6.5 8.4 2.5 2.5 2 1 1 3 3
2587.4 -2242.7 -8.8 20 0 4.4 5.2 2.5 2.5 2 1 1 2 2
2572.6 -2265.0 -8.1 209 0 5.6 5.8 2.5 2.5 2 1 1 5 5
2597.4 -2249.2 -9.3 24 0 10.1 9.3 2.5 0.0 0 0 1 2 2
2758.2 -1522.9 -10.0 201 0 4.8 6.2 2.5 0.0 0 1 1 0 0
2757.2 -1543.8 -10.1 118 0 7.1 5.9 2.5 2.5 2 0 1 3 3
2749.9 -1559.6 -10.1 277 0 7.4 6.3 5.0 2.5 2 0 2 0 0
2737.3 -1578.2 -10.1 104 0 7.0 7.0 5.0 2.5 2 1 2 1 1
2759.7 -1614.1 -9.8 10 0 12.4 7.5 5.0 2.5 2 0 2 1 1
2725.9 -1596.7 -9.7 196 0 5.8 9.1 5.0 2.5 2 1 2 5 5
2734.4 -1614.8 -9.5 108 0 5.7 5.5 5.0 2.5 4 0 2 5 5
2725.1 -1616.1 -9.5 101 0 6.8 10.9 5.0 2.5 4 1 2 5 5
2722.7 -1665.0 -8.8 104 0 9.2 13.0 2.5 2.5 4 1 1 3 3
2712.3 -1661.4 -8.7 101 0 7.0 8.3 2.5 0.0 0 1 1 4 4
2702.3 -1686.3 -9.3 194 0 5.3 8.6 5.0 2.5 2 1 2 2 2
2676.7 -1699.0 -9.4 115 0 13.2 4.0 2.5 2.5 2 0 1 0 0
2684.5 -1658.1 -8.9 199 0 6.8 8.9 2.5 2.5 2 1 1 3 3
2696.8 -1648.0 -8.9 20 0 7.6 5.2 2.5 2.5 2 0 1 0 0
2684.4 -1646.8 -9.0 105 0 8.5 8.5 2.5 2.5 2 1 1 2 2
2706.8 -1632.4 -9.0 20 0 11.8 12.2 2.5 2.5 2 1 1 4 4
2703.7 -1612.4 -9.4 113 0 8.0 10.7 2.5 0.0 0 1 1 0 0
2697.5 -1588.2 -9.6 203 0 8.7 18.2 2.5 2.5 2 1 1 3 3
2718.8 -1582.4 -9.8 16 0 9.1 9.8 2.5 2.5 2 1 1 2 2
2720.7 -1564.8 -9.8 15 0 5.8 7.6 2.5 2.5 2 1 1 5 5
2708.1 -1560.4 -9.5 194 0 4.4 3.8 2.5 2.5 4 0 1 5 5
2716.1 -1488.9 -9.0 207 0 34.6 13.0 5.0 2.5 2 0 2 5 5
2703.4 -1535.4 -9.1 113 0 7.6 28.3 5.0 2.5 2 1 2 2 2
2821.6 -1332.6 -12.2 205 0 6.1 9.2 2.5 2.5 2 1 1 4 4
2811.9 -1329.2 -11.3 206 0 10.6 8.2 2.5 2.5 2 0 1 3 3
2801.8 -1353.4 -10.7 207 0 8.8 7.4 2.5 2.5 2 0 1 5 5
2797.6 -1363.7 -10.5 204 0 6.1 9.4 2.5 2.5 2 1 1 2 2
2776.6 -1365.2 -9.2 99 0 12.8 5.7 5.0 2.5 2 0 2 0 0
2790.0 -1348.1 -9.7 20 0 10.7 13.0 5.0 2.5 2 1 2 5 5
2808.5 -1295.8 -10.9 24 0 10.8 11.6 5.0 2.5 2 1 2 1 1
2801.8 -1323.2 -10.5 21 0 12.3 15.7 5.0 0.0 0 1 2 3 3
2758.9 -1107.1 -8.7 300 0 10.0 6.4 5.0 2.5 2 0 2 0 0
2782.0 -1100.6 -8.8 35 0 8.5 8.7 5.0 2.5 2 1 2 4 4
2797.9 -1129.4 -9.7 209 0 7.0 6.4 5.0 2.5 2 0 2 4 4
2780.0 -1131.0 -9.2 299 0 6.3 10.9 5.0 2.5 2 1 2 2 2
2807.0 -1111.2 -9.8 210 0 8.8 12.7 5.0 2.5 2 1 2 4 4
2822.1 -1088.3 -10.0 216 0 12.8 14.4 5.0 2.5 4 1 2 1 1
2805.0 -1074.5 -9.0 39 0 9.2 17.4 5.0 2.5 4 1 2 5 5
2814.0 -1039.2 -8.6 302 0 9.2 7.4 5.0 2.5 2 0 2 0 0
2801.6 -1014.7 -7.9 131 0 5.4 7.1 2.5 2.5 2 1 1 5 5
2785.9 -1000.9 -7.5 114 0 7.4 17.2 2.5 2.5 2 1 1 3 3
2764.8 -992.2 -7.2 113 0 7.6 18.2 2.5 2.5 2 1 1 5 5
2779.1 -956.6 -7.0 117 0 5.1 9.9 2.5 2.5 2 1 1 2 2
2833.0 -1024.7 -8.4 34 0 8.6 8.1 2.5 2.5 2 0 1 5 5
2819.9 -1022.3 -8.2 122 0 4.8 13.2 2.5 0.0 0 1 1 3 3
2826.2 -994.3 -8.0 226 0 6.8 10.0 2.5 2.5 2 1 1 0 0
2840.9 -1005.8 -8.2 34 0 8.7 6.7 2.5 2.5 2 0 1 1 1
2852.8 -999.3 -8.1 29 0 8.6 16.6 2.5 0.0 0 1 1 0 0
2843.2 -1069.7 -10.0 307 0 13.7 17.5 5.0 2.5 2 1 2 0 0
2838.0 -1033.6 -8.8 210 0 7.7 8.5 2.5 2.5 2 1 1 2 2
2880.5 -1014.5 -9.2 300 0 10.2 8.0 5.0 2.5 2 0 2 3 3
2864.6 -1003.5 -8.5 296 0 5.4 11.5 2.5 2.5 2 1 1 0 0
2868.0 -988.2 -8.4 211 0 12.3 9.0 2.5 2.5 2 0 1 0 0
2868.9 -973.4 -7.8 37 0 12.2 9.4 2.5 2.5 2 0 1 1 1
2874.7 -950.3 -7.4 39 0 6.7 9.7 2.5 0.0 0 1 1 4 4
4411.8 1241.2 -3.9 282 0 18.9 8.7 5.0 2.5 2 0 2 1 1
4463.6 1085.3 -17.9 186 0 11.3 4.6 5.0 2.5 2 0 2 3 3
4477.7 1052.3 -17.5 306 0 18.1 15.6 5.0 2.5 2 0 2 3 3
4495.8 1094.9 -15.4 344 0 9.0 9.3 5.0 2.5 2 1 2 2 2
4489.0 1120.2 -15.8 342 0 11.0 13.1 5.0 2.5 2 1 2 5 5
4484.1 1141.6 -13.9 337 0 7.2 10.6 5.0 2.5 2 1 2 5 5
4463.1 1174.9 -12.2 336 0 9.3 12.8 5.0 2.5 2 1 2 5 5
4470.9 1156.5 -12.1 167 0 10.1 8.8 5.0 2.5 2 0 2 4 4
4495.0 1134.4 -12.3 172 0 4.4 8.7 5.0 2.5 2 1 2 3 3
4496.6 1127.4 -13.0 174 0 5.0 7.7 5.0 2.5 2 1 2 4 4
4515.4 1128.2 -12.1 88 0 7.9 8.1 5.0 2.5 2 1 2 5 5
4537.7 1109.9 -13.7 264 0 11.5 6.9 5.0 2.5 2 0 2 5 5
4513.1 1116.2 -14.1 254 0 8.1 10.3 5.0 2.5 2 1 2 1 1
4501.3 1106.4 -14.1 166 0 10.2 7.3 5.0 2.5 2 0 2 3 3
4506.3 1091.5 -14.4 164 0 6.1 14.2 5.0 2.5 2 1 2 5 5
4499.5 1038.8 -15.3 249 0 7.8 10.6 5.0 2.5 2 1 2 0 0
4506.0 1061.0 -14.7 259 0 7.2 12.6 5.0 2.5 2 1 2 3 3
4510.7 1041.5 -14.6 258 0 8.6 8.4 5.0 2.5 4 0 2 4 4
4516.7 1061.4 -14.5 259 0 9.0 10.1 5.0 2.5 2 1 2 3 3
4528.0 1046.5 -16.5 261 0 12.9 12.3 5.0 2.5 2 0 2 2 2
4529.0 1063.8 -15.6 267 0 11.7 9.8 5.0 2.5 2 0 2 0 0
4549.6 1068.2 -16.2 261 0 9.2 12.3 5.0 2.5 2 1 2 5 5
4539.8 1063.9 -16.1 264 0 6.7 9.5 5.0 2.5 2 1 2 2 2
4542.0 1048.2 -17.0 259 0 6.2 5.3 5.0 0.0 0 0 2 1 1
4549.5 1047.1 -17.3 258 0 4.4 5.2 5.0 2.5 2 1 2 3 3
4559.7 1069.7 -16.2 263 0 7.1 11.7 5.0 2.5 4 1 2 3 3
4557.8 1077.0 -14.9 81 0 6.5 9.9 5.0 0.0 0 1 2 1 1
4576.0 1093.5 -13.8 354 0 7.0 6.5 5.0 0.0 0 0 2 2 2
4571.1 1078.9 -14.7 85 0 6.7 7.2 5.0 2.5 2 1 2 0 0
4580.9 1061.8 -15.7 82 0 8.6 11.6 5.0 2.5 2 1 2 5 5
4604.7 1075.0 -15.3 264 0 8.9 6.9 5.0 2.5 2 0 2 2 2
4617.1 1075.5 -15.5 265 0 8.5 5.7 5.0 2.5 2 0 2 4 4
4623.2 1075.7 -15.1 178 0 5.7 9.1 5.0 2.5 2 1 2 5 5
4575.6 1113.6 -12.5 268 0 4.5 7.7 5.0 0.0 0 1 2 2 2
4570.2 1109.2 -12.9 356 0 9.6 9.9 5.0 2.5 4 1 2 0 0
4575.2 1121.4 -12.0 356 0 8.7 11.1 5.0 2.5 2 1 2 3 3
4554.6 1158.5 -8.3 267 0 5.7 6.3 5.0 0.0 0 1 2 2 2
4557.2 1169.8 -7.2 258 0 10.9 8.1 5.0 2.5 2 0 2 1 1
4594.3 1157.5 -6.1 323 0 5.6 4.1 5.0 2.5 2 0 2 0 0
4593.5 1135.6 -8.9 90 0 7.0 13.3 5.0 2.5 2 1 2 3 3
4581.5 1139.2 -9.1 90 0 9.3 5.4 5.0 2.5 2 0 2 0 0
4583.3 1147.9 -7.6 91 0 6.6 7.1 5.0 2.5 2 1 2 5 5
4611.1 1097.2 -13.0 355 0 6.3 9.9 5.0 2.5 2 1 2 1 1
4609.3 1127.6 -10.4 267 0 7.0 8.4 5.0 2.5 4 1 2 5 5
4636.8 1129.5 -8.6 263 0 7.0 3.2 5.0 0.0 0 0 2 5 5
4639.9 1121.7 -9.7 265 0 7.5 5.8 5.0 2.5 2 0 2 4 4
4629.3 1129.2 -9.0 265 0 5.9 5.5 5.0 0.0 0 0 2 0 0
4625.8 1117.7 -10.5 179 0 6.8 8.7 5.0 2.5 2 1 2 0 0
4593.1 1176.6 -3.7 58 0 15.4 13.6 5.0 2.5 2 0 2 2 2
4613.5 1283.0 14.9 278 0 5.5 8.2 2.5 2.5 2 1 1 1 1
4804.8 1280.6 9.3 66 0 10.9 11.4 5.0 2.5 2 1 2 1 1
4763.6 1192.1 -2.9 163 0 8.5 19.0 5.0 2.5 2 1 2 4 4
4671.4 1146.1 -5.1 169 0 9.7 21.6 5.0 2.5 2 1 2 1 1
5956.7 2121.4 -15.6 210 0 7.4 4.7 2.5 2.5 2 0 1 0 0
5966.3 2162.6 -15.1 210 0 6.2 11.8 2.5 2.5 2 1 1 4 4
5955.5 2142.7 -14.8 211 0 8.3 9.5 2.5 2.5 2 1 1 1 1
5908.9 2162.1 -12.6 211 0 7.8 3.9 2.5 2.5 2 0 1 4 4
5929.6 2171.8 -12.7 25 0 5.7 7.9 2.5 2.5 2 1 1 1 1
5912.1 2177.6 -12.5 209 0 8.9 4.8 2.5 2.5 2 0 1 1 1
5929.9 2182.7 -12.6 31 0 4.7 4.3 2.5 2.5 2 0 1 2 2
5944.0 2233.7 -13.6 209 0 6.8 6.2 2.5 2.5 2 0 1 1 1
5949.0 2243.4 -13.9 219 0 6.5 8.6 2.5 2.5 2 1 1 4 4
5961.9 2238.0 -14.4 301 0 7.0 7.7 2.5 2.5 2 1 1 0 0
5967.7 2258.4 -14.8 215 0 7.6 7.6 2.5 2.5 2 0 1 2 2
5969.4 2247.6 -14.6 35 0 4.6 6.1 2.5 2.5 2 1 1 1 1
5973.5 2269.0 -15.0 221 0 6.8 10.3 2.5 2.5 2 1 1 1 1
6009.7 2245.2 -16.6 127 0 4.7 7.8 2.5 2.5 2 1 1 4 4
6010.5 2267.8 -16.0 214 0 5.4 6.9 2.5 2.5 2 1 1 2 2
6018.1 2293.8 -15.2 107 0 8.2 6.1 2.5 2.5 2 0 1 1 1
5991.4 2284.9 -14.9 118 0 10.2 9.7 2.5 2.5 2 0 1 0 0
6034.4 2310.7 -14.0 126 0 8.0 17.8 5.0 2.5 2 1 2 5 5
