-6913.8 5819.1 -6.3 286 0 14.1 7.4 2.5 2.5 2 0 1 5 5
-6911.1 5822.5 -6.1 103 0 13.7 8.6 2.5 2.5 2 0 1 0 0
-6913.2 5865.1 -3.7 28 0 11.4 17.0 7.5 2.5 2 1 3 4 4
-6910.3 5883.4 -4.0 298 0 12.4 8.3 2.5 2.5 2 0 1 5 5
-6910.9 5843.8 -4.6 292 0 8.4 8.1 2.5 2.5 2 0 1 1 1
-6910.9 5845.9 -5.1 112 0 7.6 8.7 2.5 2.5 2 1 1 4 4
-6907.1 5861.9 -6.4 204 0 7.5 12.5 2.5 2.5 2 1 1 5 5
-6903.3 5873.4 -6.8 203 0 9.9 14.0 2.5 2.5 2 1 1 1 1
-6897.0 5897.7 -4.9 37 0 9.4 16.4 2.5 2.5 2 1 1 1 1
-6889.8 5909.5 -5.5 30 0 8.0 16.1 2.5 2.5 2 1 1 3 3
-6910.9 5924.5 -3.9 299 0 16.9 7.5 2.5 0.0 0 0 1 3 3
-6887.3 5898.2 -8.2 202 0 6.9 13.9 2.5 2.5 2 1 1 2 2
-6869.0 5928.1 -9.2 115 0 7.8 9.6 2.5 2.5 2 1 1 5 5
