-894.2 -5900.0 -19.1 276 0 6.9 8.5 5.0 2.5 2 1 2 3 3
-716.0 -5880.6 -18.8 97 0 7.4 8.2 2.5 2.5 2 1 1 3 3
-702.1 -5912.3 -19.0 273 0 7.0 7.1 5.0 0.0 0 1 2 0 0
-768.8 -5908.3 -19.0 273 0 7.0 7.1 5.0 2.5 2 1 2 1 1
-793.2 -5910.8 -18.8 271 0 3.3 4.0 5.0 2.5 2 1 2 4 4
-799.7 -5907.0 -18.8 273 0 7.0 7.1 5.0 2.5 2 1 2 4 4
-820.3 -5876.7 -18.5 93 0 7.0 7.1 2.5 2.5 2 1 1 3 3
-848.6 -5876.1 -18.6 93 0 7.0 7.1 2.5 2.5 2 1 1 5 5
-916.0 -5891.8 -19.3 274 0 7.1 9.4 5.0 0.0 0 1 2 0 0
-867.8 -5902.9 -18.8 273 0 7.0 7.1 5.0 2.5 2 1 2 4 4
-947.4 -5867.8 -19.7 93 0 7.0 7.1 2.5 2.5 2 1 1 3 3
-968.2 -5895.6 -19.9 273 0 7.0 7.1 5.0 2.5 2 1 2 4 4
-998.8 -5891.3 -20.5 273 0 6.9 10.7 5.0 2.5 2 1 2 5 5
-1014.3 -5863.7 -20.5 93 0 7.0 7.1 2.5 2.5 2 1 1 0 0
-1046.1 -5862.3 -20.5 93 0 7.0 7.1 2.5 2.5 2 1 1 1 1
-1066.0 -5889.8 -20.6 273 0 7.0 7.1 5.0 2.5 2 1 2 2 2
-1099.4 -5885.9 -20.4 273 0 7.0 7.1 5.0 2.5 4 1 2 3 3
-1105.4 -5858.2 -20.2 93 0 7.0 7.1 2.5 2.5 2 1 1 3 3
-1148.2 -5854.2 -19.9 93 0 7.0 7.1 2.5 2.5 2 1 1 2 2
-1168.6 -5882.8 -19.8 273 0 7.0 7.1 2.5 2.5 2 1 1 2 2
-1198.8 -5879.8 -19.5 273 0 7.1 9.1 2.5 2.5 2 1 1 3 3
-1215.9 -5849.6 -19.2 93 0 7.0 7.1 2.5 2.5 2 1 1 1 1
-1244.8 -5843.0 -18.9 5 0 11.1 6.6 5.0 2.5 2 0 2 3 3
-1292.1 -5810.5 -18.7 262 0 4.2 6.0 5.0 2.5 2 1 2 2 2
-1378.6 -5815.4 -17.9 354 0 5.7 6.7 7.5 2.5 2 1 3 4 4
-1433.2 -5817.1 -17.3 83 0 4.0 6.9 7.5 2.5 2 1 3 0 0
-600.3 -5920.2 -18.8 273 0 7.0 7.1 5.0 0.0 0 1 2 5 5
-670.1 -5912.3 -19.1 266 0 8.7 10.8 5.0 2.5 2 1 2 4 4
-646.1 -5885.9 -18.9 91 0 9.0 9.5 2.5 2.5 2 1 1 1 1
-615.8 -5889.8 -18.9 92 0 8.8 8.5 2.5 2.5 2 0 1 3 3
-530.1 -5901.0 -17.7 93 0 4.6 4.9 2.5 2.5 2 1 1 5 5
-538.7 -5894.8 -17.8 95 0 7.0 6.4 2.5 2.5 2 0 1 3 3
-503.4 -5889.7 -16.9 93 0 3.9 4.2 2.5 2.5 2 1 1 0 0
-448.4 -5899.3 -16.6 93 0 7.0 7.1 2.5 2.5 2 1 1 5 5
-416.6 -5904.1 -17.3 95 0 7.4 13.5 2.5 2.5 2 1 1 4 4
-346.5 -5900.2 -17.6 93 0 6.6 3.0 2.5 2.5 2 0 1 0 0
-349.4 -5909.5 -17.7 94 0 9.5 8.7 2.5 2.5 2 0 1 1 1
-297.1 -5889.0 -16.7 357 0 8.4 6.7 2.5 2.5 2 0 1 4 4
-330.4 -5898.0 -17.3 87 0 5.1 6.2 2.5 2.5 2 1 1 5 5
-328.3 -5878.2 -17.2 269 0 7.6 11.6 2.5 2.5 2 1 1 4 4
-305.2 -5884.1 -17.0 358 0 8.7 17.7 2.5 2.5 2 1 1 1 1
-322.9 -5916.5 -17.3 97 0 17.2 13.9 2.5 2.5 2 0 1 3 3
-300.7 -5911.5 -16.8 96 0 11.2 14.1 2.5 2.5 2 1 1 3 3
-291.1 -5933.8 -16.7 277 0 11.3 8.9 2.5 2.5 2 0 1 2 2
-301.1 -5978.5 -16.2 1 0 17.0 9.4 2.5 2.5 2 0 1 3 3
-302.4 -6006.3 -15.4 5 0 12.6 8.5 2.5 2.5 4 0 1 0 0
-314.2 -6078.7 -13.2 270 0 9.1 10.2 5.0 2.5 2 1 2 1 1
-261.6 -6084.7 -13.2 184 0 11.9 9.2 2.5 2.5 2 0 1 3 3
-257.4 -6148.3 -13.6 94 0 17.2 11.9 2.5 2.5 2 0 1 4 4
-277.0 -6223.1 -14.9 181 0 6.3 4.6 5.0 2.5 4 0 2 5 5
-267.2 -6193.8 -14.5 183 0 11.6 8.2 5.0 2.5 2 0 2 1 1
-277.1 -6212.3 -14.7 183 0 7.1 7.0 5.0 2.5 2 0 2 3 3
-301.0 -6194.9 -14.0 7 0 9.6 9.4 5.0 2.5 2 0 2 0 0
-317.5 -6136.0 -12.6 90 0 10.0 14.5 5.0 2.5 2 1 2 2 2
-338.6 -6354.3 -17.5 272 0 6.1 5.9 5.0 2.5 2 0 2 2 2
-338.5 -6361.0 -17.9 271 0 7.0 12.0 5.0 2.5 2 1 2 5 5
-315.1 -6324.8 -16.5 1 0 4.4 4.2 5.0 2.5 2 0 2 5 5
-340.7 -6329.0 -16.9 85 0 5.6 5.6 5.0 2.5 2 1 2 5 5
-334.7 -6322.8 -16.7 88 0 3.3 5.5 5.0 0.0 0 1 2 1 1
-328.0 -6321.9 -16.6 90 0 7.3 6.1 5.0 2.5 2 0 2 5 5
-326.9 -6328.4 -16.7 89 0 11.5 6.0 5.0 0.0 0 0 2 5 5
-328.6 -6339.8 -16.9 91 0 8.2 9.5 5.0 0.0 0 1 2 0 0
-272.6 -6256.3 -15.6 180 0 5.2 11.3 5.0 2.5 2 1 2 0 0
-312.0 -6311.0 -16.4 2 0 18.5 11.5 5.0 2.5 2 0 2 0 0
-326.6 -6274.6 -15.9 355 0 9.8 27.3 5.0 0.0 0 1 2 5 5
-352.6 -6312.0 -16.6 85 0 9.9 29.0 5.0 2.5 2 1 2 3 3
-349.7 -6326.5 -16.9 87 0 9.9 11.5 5.0 0.0 0 1 2 5 5
-400.5 -6326.8 -16.9 95 0 4.3 19.8 5.0 0.0 0 1 2 2 2
-470.4 -6375.5 -17.9 86 0 3.5 4.9 5.0 2.5 2 1 2 0 0
-476.1 -6351.4 -18.0 275 0 9.4 14.7 5.0 2.5 2 1 2 4 4
-547.4 -6344.2 -18.9 279 0 10.8 11.6 5.0 2.5 2 1 2 5 5
-577.5 -6341.2 -19.3 274 0 10.4 13.6 5.0 2.5 2 1 2 3 3
-509.8 -6317.0 -17.6 93 0 7.0 7.1 5.0 2.5 2 1 2 5 5
-593.8 -6313.6 -19.4 93 0 7.0 7.1 5.0 0.0 0 1 2 4 4
-626.7 -6313.0 -19.7 93 0 7.0 7.1 5.0 2.5 2 1 2 4 4
-648.2 -6338.6 -19.9 273 0 7.0 7.1 5.0 2.5 2 1 2 1 1
-695.3 -6308.6 -21.0 93 0 7.0 7.1 5.0 2.5 2 1 2 3 3
-726.3 -6307.3 -21.4 93 0 7.0 7.1 5.0 2.5 2 1 2 4 4
-747.8 -6333.3 -21.4 273 0 7.0 7.1 5.0 2.5 2 1 2 3 3
-777.0 -6346.0 -21.3 100 0 4.1 3.6 5.0 2.5 4 0 2 0 0
-779.1 -6331.1 -21.3 273 0 7.0 7.1 5.0 2.5 2 1 2 1 1
-794.1 -6301.5 -21.0 93 0 7.0 7.1 5.0 2.5 2 1 2 2 2
-827.8 -6299.1 -20.7 93 0 7.0 7.1 5.0 2.5 2 1 2 4 4
-846.7 -6327.7 -20.9 273 0 7.0 7.1 5.0 2.5 2 1 2 5 5
-878.5 -6324.9 -20.8 273 0 7.0 7.1 5.0 2.5 2 1 2 1 1
-893.8 -6295.1 -20.7 93 0 7.0 7.1 5.0 2.5 2 1 2 1 1
-928.6 -6291.8 -20.5 93 0 7.0 7.1 5.0 2.5 2 1 2 1 1
-959.3 -6319.0 -20.4 273 0 7.0 7.1 2.5 0.0 0 1 1 1 1
-988.5 -6317.5 -20.1 273 0 7.0 7.1 2.5 2.5 2 1 1 5 5
-996.5 -6286.3 -20.0 93 0 7.0 7.1 5.0 2.5 2 1 2 0 0
-1026.7 -6283.5 -20.0 93 0 7.0 7.1 5.0 0.0 0 1 2 3 3
-1056.0 -6312.4 -20.4 273 0 7.0 7.1 2.5 2.5 2 1 1 2 2
-1088.8 -6309.7 -20.6 273 0 7.0 7.1 2.5 2.5 2 1 1 2 2
-1093.9 -6280.4 -20.7 93 0 7.0 7.1 5.0 2.5 2 1 2 5 5
-1123.6 -6279.2 -20.9 93 0 7.0 7.1 5.0 2.5 2 1 2 3 3
-1156.8 -6303.8 -21.0 273 0 7.0 7.1 2.5 2.5 4 1 1 2 2
-1185.6 -6299.9 -21.2 273 0 7.0 7.1 2.5 2.5 2 1 1 5 5
-1182.9 -6274.3 -21.3 93 0 7.0 7.1 5.0 0.0 0 1 2 1 1
-1216.2 -6272.1 -21.4 93 0 7.0 7.1 5.0 2.5 2 1 2 0 0
-1248.9 -6324.7 -19.8 183 0 7.1 7.0 2.5 2.5 2 0 1 1 1
-1248.1 -6356.9 -19.1 93 0 7.0 7.1 2.5 2.5 2 1 1 1 1
-1252.0 -6420.8 -19.3 273 0 7.0 7.1 5.0 2.5 2 1 2 0 0
-1254.2 -6459.1 -19.9 93 0 7.0 7.1 5.0 2.5 2 1 2 4 4
376.2 -6372.6 -15.3 93 0 7.0 13.0 5.0 2.5 2 1 2 2 2
365.7 -5987.7 -11.9 273 0 7.0 10.8 5.0 2.5 2 1 2 0 0
-8.1 -5958.1 -13.6 273 0 7.5 13.3 5.0 2.5 2 1 2 3 3
511.0 -5209.9 -8.3 183 0 7.1 13.9 2.5 0.0 0 1 1 3 3
344.4 -6410.9 -15.3 273 0 7.0 7.1 5.0 0.0 0 1 2 3 3
347.3 -6370.2 -15.2 93 0 7.0 7.1 5.0 2.5 2 1 2 4 4
272.1 -6404.9 -14.3 273 0 7.0 7.1 5.0 2.5 2 1 2 0 0
237.5 -6404.3 -14.4 273 0 7.0 7.1 5.0 2.5 2 1 2 4 4
262.9 -6366.0 -15.2 93 0 7.0 7.1 2.5 2.5 2 1 1 3 3
236.5 -6366.9 -15.4 93 0 7.0 7.1 2.5 2.5 2 1 1 1 1
181.2 -6401.0 -14.4 273 0 7.0 7.1 5.0 2.5 2 1 2 1 1
185.6 -6347.7 -15.7 273 0 7.0 7.1 2.5 2.5 2 1 1 4 4
133.1 -6360.1 -15.9 93 0 7.0 7.1 2.5 2.5 2 1 1 5 5
86.6 -6359.5 -15.9 93 0 7.0 7.1 2.5 2.5 4 1 1 3 3
254.6 -6161.8 -13.5 93 0 7.0 7.1 5.0 0.0 0 1 2 3 3
254.9 -6192.9 -14.0 273 0 7.0 7.1 5.0 2.5 2 1 2 3 3
204.9 -6188.4 -14.4 273 0 7.0 7.1 5.0 2.5 2 1 2 3 3
149.8 -6184.9 -15.2 273 0 7.0 7.1 5.0 2.5 2 1 2 0 0
95.9 -6182.2 -15.1 273 0 7.0 7.1 5.0 2.5 2 1 2 4 4
186.7 -6160.0 -14.2 93 0 7.0 7.1 5.0 2.5 2 1 2 4 4
144.1 -6155.2 -14.9 93 0 7.0 7.1 5.0 2.5 2 1 2 0 0
106.2 -6149.0 -15.1 93 0 7.0 7.1 5.0 2.5 2 1 2 1 1
-12.3 -6145.4 -16.2 93 0 7.0 7.1 5.0 2.5 2 1 2 4 4
-15.8 -6172.9 -16.2 273 0 7.0 7.1 5.0 2.5 2 1 2 2 2
-41.3 -6141.5 -16.0 93 0 7.0 7.1 5.0 2.5 4 1 2 4 4
-44.5 -6172.0 -16.3 273 0 7.0 7.1 5.0 2.5 2 1 2 5 5
-104.4 -6137.9 -15.8 93 0 7.0 7.1 5.0 2.5 4 1 2 4 4
-262.8 -5985.0 -15.1 183 0 7.1 7.0 5.0 2.5 4 0 2 1 1
-251.9 -5957.6 -15.5 183 0 7.1 7.0 5.0 2.5 2 0 2 0 0
295.8 -6195.4 -13.5 273 0 7.0 7.1 5.0 2.5 2 1 2 1 1
287.9 -6165.2 -13.4 93 0 7.0 7.1 5.0 2.5 2 1 2 1 1
445.8 -6211.4 -12.7 93 0 7.0 7.1 5.0 2.5 2 1 2 0 0
443.8 -6179.5 -12.1 183 0 7.1 7.0 5.0 2.5 2 0 2 5 5
457.7 -5983.2 -9.4 183 0 7.1 7.0 2.5 2.5 2 0 1 2 2
461.3 -5912.4 -9.9 183 0 7.1 12.9 2.5 2.5 2 1 1 0 0
464.3 -5882.4 -9.7 183 0 7.1 7.0 2.5 2.5 2 0 1 1 1
403.2 -5946.0 -11.3 273 0 7.0 7.1 2.5 2.5 2 1 1 0 0
401.6 -5964.5 -11.5 93 0 7.0 7.1 2.5 2.5 2 1 1 5 5
404.7 -5993.2 -11.6 273 0 7.0 7.1 5.0 2.5 4 1 2 4 4
367.5 -5960.8 -11.7 93 0 7.0 7.1 2.5 2.5 2 1 1 4 4
278.9 -5954.6 -12.8 93 0 7.0 7.1 2.5 2.5 2 1 1 2 2
301.4 -5957.8 -12.3 93 0 7.0 7.1 2.5 2.5 2 1 1 2 2
293.2 -5980.5 -12.6 273 0 7.0 7.1 5.0 2.5 2 1 2 0 0
266.6 -5979.3 -12.9 273 0 7.0 7.1 5.0 2.5 2 1 2 0 0
207.9 -5949.3 -12.8 93 0 7.0 7.1 2.5 2.5 2 1 1 0 0
205.8 -5976.4 -12.9 273 0 7.0 7.1 5.0 2.5 2 1 2 3 3
176.5 -5947.3 -13.2 93 0 7.0 7.1 2.5 2.5 2 1 1 1 1
162.6 -5974.1 -13.7 273 0 7.0 7.1 5.0 2.5 2 1 2 1 1
127.0 -5968.8 -14.2 274 0 7.1 10.0 5.0 2.5 2 1 2 5 5
38.6 -5957.1 -13.7 273 0 7.0 7.1 5.0 2.5 2 1 2 2 2
3.9 -5935.0 -12.6 93 0 7.0 7.1 5.0 2.5 2 1 2 4 4
-25.8 -5960.5 -13.9 273 0 7.0 7.1 5.0 2.5 2 1 2 5 5
-20.1 -5933.2 -13.2 93 0 7.0 7.1 5.0 2.5 2 1 2 5 5
490.1 -5401.8 -8.3 183 0 7.1 7.0 5.0 2.5 4 0 2 5 5
445.3 -5355.3 -8.8 273 0 7.0 7.1 5.0 2.5 2 1 2 4 4
480.5 -5312.5 -8.9 3 0 7.1 7.0 5.0 2.5 2 0 2 4 4
505.1 -5272.6 -8.7 183 0 7.1 7.0 2.5 2.5 2 0 1 4 4
514.8 -5166.7 -8.2 183 0 7.1 7.0 2.5 2.5 2 0 1 1 1
461.0 -5149.5 -9.5 93 0 7.0 7.1 5.0 2.5 2 1 2 3 3
434.1 -5105.2 -9.9 273 0 7.0 7.1 5.0 2.5 2 1 2 5 5
363.0 -5107.8 -10.0 93 0 7.0 7.1 5.0 2.5 2 1 2 4 4
331.9 -5106.3 -9.7 93 0 7.0 7.1 5.0 2.5 4 1 2 2 2
361.6 -5133.6 -10.2 273 0 7.0 7.1 2.5 2.5 2 1 1 0 0
329.9 -5135.0 -9.8 273 0 7.0 7.1 2.5 2.5 2 1 1 0 0
260.3 -5129.4 -9.3 273 0 7.0 7.1 2.5 2.5 2 1 1 2 2
262.9 -5098.9 -9.4 93 0 7.0 7.1 5.0 2.5 2 1 2 2 2
214.3 -5308.5 -9.4 93 0 7.0 7.1 5.0 2.5 2 1 2 2 2
229.8 -5127.0 -9.7 273 0 7.0 7.1 2.5 2.5 2 1 1 3 3
136.1 -5091.1 -11.0 93 0 7.0 7.1 2.5 2.5 2 1 1 0 0
130.3 -5119.8 -11.2 273 0 7.0 7.1 5.0 2.5 2 1 2 3 3
66.9 -5116.9 -12.1 273 0 7.0 7.1 5.0 2.5 2 1 2 4 4
70.1 -5084.2 -11.5 93 0 7.0 7.1 2.5 2.5 2 1 1 0 0
33.3 -5083.6 -11.9 93 0 7.0 7.1 2.5 2.5 2 1 1 2 2
22.5 -5111.5 -12.5 273 0 7.0 7.1 5.0 0.0 0 1 2 3 3
-26.2 -5081.6 -12.9 93 0 7.0 7.1 2.5 2.5 2 1 1 1 1
-30.9 -5107.9 -13.3 273 0 7.0 7.1 5.0 2.5 2 1 2 0 0
-78.5 -5105.2 -14.2 273 0 7.0 7.1 5.0 2.5 2 1 2 5 5
-73.6 -5076.5 -13.8 93 0 7.0 7.1 2.5 0.0 0 1 1 2 2
-139.6 -5101.3 -14.9 273 0 7.0 7.1 5.0 2.5 4 1 2 2 2
-109.1 -5524.9 -14.7 273 0 7.0 7.1 2.5 0.0 0 1 1 4 4
-113.9 -5492.3 -13.8 93 0 7.0 7.1 5.0 0.0 0 1 2 3 3
-76.9 -5496.3 -13.7 93 0 7.0 7.1 5.0 2.5 2 1 2 4 4
26.7 -5532.2 -12.1 273 0 7.0 7.1 2.5 2.5 2 1 1 1 1
11.4 -5505.4 -12.4 93 0 7.0 7.1 5.0 2.5 2 1 2 5 5
118.1 -5538.4 -11.7 273 0 7.0 7.1 2.5 2.5 2 1 1 1 1
85.7 -5535.8 -11.6 273 0 7.0 7.1 2.5 2.5 2 1 1 4 4
117.0 -5510.0 -11.6 93 0 7.0 7.1 2.5 2.5 2 1 1 0 0
185.2 -5513.6 -11.5 93 0 7.0 7.1 2.5 2.5 4 1 1 0 0
188.7 -5543.3 -11.8 273 0 7.5 12.6 2.5 2.5 4 1 1 4 4
225.9 -5519.3 -11.2 93 0 7.0 7.1 2.5 2.5 2 1 1 5 5
224.9 -5546.1 -11.5 273 0 7.0 7.1 2.5 2.5 2 1 1 5 5
293.7 -5551.3 -11.2 273 0 7.0 7.1 2.5 0.0 0 1 1 4 4
295.0 -5520.8 -10.9 93 0 7.0 7.1 2.5 2.5 2 1 1 0 0
335.4 -5519.9 -10.5 93 0 7.0 7.1 2.5 2.5 2 1 1 3 3
376.5 -5558.2 -9.9 273 0 7.0 7.1 2.5 2.5 2 1 1 5 5
408.9 -5522.1 -9.6 93 0 7.0 7.1 2.5 2.5 2 1 1 5 5
493.8 -5467.5 -8.7 183 0 7.1 7.0 5.0 2.5 2 0 2 4 4
486.4 -5575.8 -8.9 183 0 7.1 7.0 5.0 0.0 0 0 2 5 5
482.3 -5599.0 -9.1 183 0 7.1 7.0 5.0 2.5 2 0 2 2 2
478.3 -5670.7 -8.5 183 0 7.1 7.0 5.0 2.5 2 0 2 3 3
476.6 -5703.4 -8.8 183 0 7.1 7.0 5.0 2.5 2 0 2 4 4
472.0 -5782.9 -9.0 183 0 7.0 7.0 5.0 2.5 2 0 2 2 2
447.1 -5775.2 -9.2 3 0 7.1 7.0 5.0 2.5 2 0 2 2 2
418.6 -5740.0 -9.1 93 0 7.0 7.1 2.5 2.5 2 1 1 4 4
391.0 -5738.5 -9.4 93 0 7.0 7.1 2.5 2.5 2 1 1 4 4
187.1 -5752.6 -13.5 273 0 7.0 7.1 5.0 2.5 2 1 2 4 4
119.4 -5721.3 -12.4 93 0 7.0 7.1 5.0 2.5 4 1 2 2 2
117.1 -5749.1 -13.0 273 0 7.0 7.1 2.5 2.5 2 1 1 1 1
85.5 -5748.2 -12.8 273 0 7.0 7.1 2.5 2.5 2 1 1 4 4
20.8 -5744.1 -12.7 273 0 7.0 7.1 2.5 2.5 2 1 1 4 4
18.1 -5714.7 -12.1 93 0 7.0 7.1 5.0 2.5 2 1 2 3 3
-14.0 -5741.3 -12.6 273 0 7.0 7.1 2.5 2.5 2 1 1 4 4
-79.2 -5737.5 -13.4 273 0 7.0 7.1 2.5 2.5 2 1 1 5 5
-75.4 -5708.4 -13.2 93 0 7.0 7.1 5.0 2.5 2 1 2 5 5
-119.4 -5704.4 -14.1 93 0 7.0 7.1 5.0 2.5 2 1 2 3 3
-120.7 -5734.0 -13.8 273 0 7.0 7.1 2.5 2.5 2 1 1 3 3
-181.6 -5727.2 -14.5 273 0 7.0 7.1 2.5 2.5 2 1 1 1 1
-265.4 -5693.6 -15.9 3 0 7.1 7.0 5.0 2.5 2 0 2 4 4
-530.8 -5707.2 -15.8 273 0 7.0 7.1 5.0 2.5 2 1 2 1 1
-502.1 -5712.0 -16.1 273 0 7.0 7.1 5.0 2.5 2 1 2 5 5
-400.2 -5715.3 -16.1 273 0 7.0 7.1 5.0 2.5 2 1 2 2 2
-433.6 -5713.2 -16.4 273 0 7.0 7.1 5.0 2.5 2 1 2 1 1
-399.7 -5688.3 -16.0 93 0 7.0 7.1 2.5 2.5 2 1 1 0 0
-430.8 -5685.0 -16.3 93 0 7.0 7.1 2.5 2.5 2 1 1 0 0
-491.8 -5682.1 -16.4 93 0 7.0 7.1 2.5 0.0 0 1 1 0 0
-531.8 -5679.4 -16.0 93 0 7.0 7.1 2.5 2.5 2 1 1 3 3
-598.0 -5702.7 -16.5 273 0 7.0 7.1 5.0 2.5 2 1 2 5 5
-596.0 -5674.2 -16.7 93 0 7.0 7.1 2.5 2.5 2 1 1 0 0
-629.9 -5700.5 -17.3 273 0 7.0 7.1 5.0 2.5 2 1 2 5 5
-630.4 -5673.6 -17.1 93 0 7.0 7.1 2.5 2.5 2 1 1 1 1
-710.1 -5695.9 -17.0 273 0 7.0 7.1 5.0 2.5 2 1 2 4 4
-709.5 -5667.7 -16.9 93 0 7.0 7.1 2.5 2.5 2 1 1 3 3
-736.9 -5666.7 -17.0 93 0 7.0 7.1 2.5 2.5 2 1 1 3 3
-743.3 -5694.1 -17.1 273 0 7.0 7.1 5.0 2.5 2 1 2 0 0
-809.5 -5690.1 -17.8 273 0 7.0 7.1 5.0 2.5 2 1 2 2 2
-807.6 -5660.4 -17.8 93 0 7.0 7.1 2.5 2.5 2 1 1 2 2
-840.6 -5688.6 -17.9 273 0 7.0 7.1 5.0 2.5 2 1 2 4 4
-838.7 -5660.3 -18.0 93 0 7.0 7.1 2.5 2.5 2 1 1 5 5
-917.8 -5654.3 -18.0 93 0 7.0 7.1 5.0 2.5 2 1 2 1 1
-922.0 -5683.1 -18.5 273 0 7.0 7.1 5.0 2.5 2 1 2 0 0
-952.1 -5680.1 -18.5 273 0 7.0 7.1 5.0 2.5 2 1 2 5 5
-946.8 -5652.7 -18.0 93 0 7.0 7.1 5.0 2.5 2 1 2 1 1
-1025.4 -5676.2 -18.6 273 0 7.0 7.1 2.5 2.5 2 1 1 5 5
-1026.8 -5646.9 -18.0 93 0 7.0 7.1 5.0 2.5 2 1 2 2 2
-1115.9 -5668.6 -19.3 273 0 7.0 7.1 5.0 2.5 2 1 2 2 2
-1152.6 -5666.2 -18.8 273 0 7.0 7.1 5.0 2.5 2 1 2 0 0
-1131.5 -5639.0 -18.7 93 0 7.0 7.1 5.0 2.5 2 1 2 2 2
-1163.9 -5635.8 -17.9 93 0 7.0 7.1 5.0 2.5 2 1 2 2 2
-758.9 -6512.4 -20.9 93 0 7.0 7.1 5.0 2.5 2 1 2 4 4
-790.6 -6511.0 -21.2 93 0 7.0 7.1 5.0 2.5 2 1 2 4 4
-857.1 -6506.3 -21.5 93 0 7.0 7.1 5.0 2.5 2 1 2 2 2
-889.4 -6503.8 -21.7 93 0 7.0 7.1 5.0 2.5 2 1 2 0 0
-975.0 -6527.6 -20.7 273 0 7.0 7.1 2.5 2.5 4 1 1 0 0
-1002.3 -6525.7 -20.6 273 0 7.0 7.1 2.5 2.5 2 1 1 5 5
-970.1 -6499.0 -21.0 93 0 7.0 7.1 2.5 0.0 0 1 1 2 2
-999.0 -6495.7 -20.9 93 0 7.0 7.1 2.5 2.5 2 1 1 2 2
-1070.9 -6520.4 -21.4 273 0 7.0 7.1 2.5 0.0 0 1 1 3 3
-1100.8 -6517.8 -21.5 273 0 7.0 7.1 2.5 2.5 2 1 1 5 5
-1068.1 -6491.1 -21.1 93 0 7.0 7.1 5.0 2.5 2 1 2 4 4
-1097.9 -6489.8 -21.2 93 0 7.0 7.1 5.0 2.5 2 1 2 4 4
-1163.5 -6484.5 -21.6 93 0 7.0 7.1 5.0 2.5 4 1 2 0 0
-1169.6 -6511.8 -21.8 273 0 7.0 7.1 5.0 2.5 4 1 2 1 1
-1197.8 -6511.2 -21.7 273 0 7.0 7.1 5.0 2.5 2 1 2 1 1
-1199.8 -6483.4 -21.7 93 0 7.0 7.1 5.0 0.0 0 1 2 2 2
-679.4 -6097.4 -18.6 93 0 7.0 7.1 2.5 2.5 2 1 1 2 2
-681.8 -6125.8 -19.0 273 0 7.0 7.1 5.0 0.0 0 1 2 5 5
-714.0 -6124.5 -19.1 273 0 7.0 7.1 5.0 2.5 2 1 2 3 3
-710.3 -6095.2 -18.6 93 0 7.0 7.1 2.5 2.5 2 1 1 3 3
-777.1 -6091.3 -18.9 93 0 7.0 7.1 2.5 2.5 2 1 1 0 0
-780.3 -6119.1 -19.2 273 0 7.0 7.1 5.0 2.5 2 1 2 5 5
-809.5 -6117.3 -19.4 273 0 7.0 7.1 5.0 0.0 0 1 2 1 1
-806.6 -6088.3 -19.2 93 0 7.0 7.1 2.5 2.5 2 1 1 3 3
-877.4 -6082.8 -19.0 93 0 7.0 7.1 2.5 2.5 2 1 1 1 1
-880.3 -6111.4 -19.2 273 0 7.0 7.1 2.5 2.5 2 1 1 5 5
-911.0 -6082.9 -18.7 93 0 7.0 7.1 2.5 2.5 2 1 1 3 3
-912.6 -6110.6 -18.9 273 0 7.0 7.1 2.5 0.0 0 1 1 4 4
-977.5 -6076.7 -19.5 93 0 7.0 7.1 2.5 2.5 2 1 1 2 2
-978.2 -6104.9 -19.7 273 0 7.0 7.1 2.5 2.5 2 1 1 3 3
-1011.2 -6104.1 -20.2 273 0 7.0 7.1 2.5 2.5 2 1 1 3 3
-1007.3 -6074.1 -20.1 93 0 7.0 7.1 2.5 2.5 2 1 1 5 5
-1077.6 -6069.1 -20.9 93 0 7.0 7.1 5.0 0.0 0 1 2 0 0
-1075.4 -6099.9 -20.9 273 0 7.0 7.1 2.5 2.5 2 1 1 4 4
-1112.3 -6096.6 -21.2 273 0 7.0 7.1 2.5 0.0 0 1 1 2 2
-1109.4 -6067.0 -21.1 93 0 7.0 7.1 5.0 2.5 4 1 2 4 4
-1180.3 -6091.5 -21.1 273 0 7.0 7.1 5.0 2.5 2 1 2 5 5
-1211.7 -6087.7 -21.1 273 0 7.0 7.1 5.0 2.5 2 1 2 5 5
-1177.7 -6062.2 -21.1 93 0 7.0 7.1 5.0 2.5 4 1 2 2 2
-1209.1 -6059.7 -21.0 93 0 7.0 7.1 5.0 2.5 2 1 2 4 4
-1267.3 -6103.1 -21.0 3 0 7.1 7.0 2.5 2.5 4 0 1 4 4
-1262.6 -6032.0 -20.6 3 0 7.1 7.0 2.5 2.5 2 0 1 0 0
-1260.5 -6004.3 -20.1 3 0 7.1 7.0 2.5 2.5 2 0 1 1 1
-1256.6 -5932.9 -19.0 3 0 7.1 7.0 5.0 2.5 2 0 2 4 4
-1252.9 -5904.9 -18.9 3 0 7.1 7.0 5.0 2.5 2 0 2 5 5
-630.5 -5487.3 -16.2 273 0 7.0 7.1 5.0 0.0 0 1 2 2 2
-708.6 -5451.9 -17.3 93 0 7.0 7.1 5.0 2.5 2 1 2 2 2
-712.5 -5480.0 -17.4 273 0 7.0 7.1 5.0 2.5 2 1 2 0 0
-741.5 -5478.7 -17.9 273 0 7.0 7.1 5.0 2.5 2 1 2 1 1
-737.9 -5449.9 -17.4 93 0 7.0 7.1 5.0 2.5 2 1 2 2 2
-805.7 -5443.8 -17.9 93 0 7.0 7.1 5.0 2.5 2 1 2 0 0
-838.4 -5441.3 -18.0 93 0 7.0 7.1 5.0 2.5 2 1 2 2 2
-898.3 -5519.7 -18.5 3 0 7.1 7.0 5.0 2.5 2 0 2 3 3
-870.7 -5496.2 -18.7 183 0 7.1 7.0 5.0 2.5 4 0 2 5 5
-896.8 -5488.9 -18.6 3 0 7.1 7.0 5.0 2.5 2 0 2 4 4
-908.9 -5429.7 -18.0 93 0 7.0 7.1 5.0 2.5 2 1 2 1 1
-934.6 -5424.5 -17.6 183 0 7.1 7.0 5.0 2.5 2 0 2 4 4
-1013.8 -5419.0 -16.1 93 0 7.0 7.1 2.5 2.5 2 1 1 4 4
-1045.4 -5418.1 -15.5 93 0 7.0 7.1 2.5 2.5 4 1 1 3 3
-1047.5 -5447.0 -16.0 273 0 7.0 7.1 5.0 2.5 4 1 2 1 1
-371.8 -5296.3 -15.0 273 0 7.0 7.1 5.0 2.5 2 1 2 4 4
-405.1 -5295.7 -15.2 273 0 7.0 7.1 5.0 2.5 2 1 2 0 0
-371.4 -5269.1 -14.9 93 0 7.0 7.1 5.0 2.5 2 1 2 2 2
-404.1 -5267.8 -15.2 93 0 7.0 7.1 5.0 2.5 2 1 2 5 5
-478.6 -5262.1 -15.4 93 0 7.0 7.1 5.0 2.5 2 1 2 2 2
-476.4 -5289.8 -15.6 273 0 7.0 7.1 5.0 2.5 2 1 2 5 5
-509.3 -5286.9 -15.3 273 0 7.0 7.1 5.0 2.5 2 1 2 0 0
-507.5 -5261.2 -15.2 93 0 7.0 7.1 5.0 2.5 2 1 2 2 2
-572.8 -5256.1 -14.9 93 0 7.0 7.1 5.0 2.5 2 1 2 3 3
-573.6 -5283.4 -15.1 273 0 7.0 7.1 5.0 2.5 2 1 2 0 0
-606.3 -5280.7 -15.4 273 0 7.0 7.1 5.0 2.5 2 1 2 3 3
-602.6 -5252.8 -15.2 93 0 7.0 7.1 5.0 2.5 2 1 2 1 1
-663.1 -5333.7 -16.4 3 0 7.1 7.0 2.5 2.5 2 0 1 2 2
-660.8 -5302.0 -15.9 3 0 7.1 7.0 2.5 2.5 2 0 1 3 3
-659.3 -5235.0 -15.1 93 0 7.0 7.1 5.0 2.5 4 1 2 2 2
-660.8 -5200.3 -15.2 183 0 7.1 7.0 5.0 2.5 4 0 2 1 1
-647.6 -5131.4 -15.5 3 0 7.1 7.0 5.0 2.5 2 0 2 4 4
-643.9 -5098.3 -15.6 3 0 7.1 7.0 5.0 0.0 0 0 2 2 2
-557.3 -5071.8 -13.9 273 0 7.0 7.1 2.5 2.5 2 1 1 1 1
-574.5 -5074.7 -13.9 273 0 7.0 7.1 2.5 2.5 4 1 1 0 0
-586.1 -5069.9 -13.9 273 0 7.0 7.1 2.5 2.5 4 1 1 2 2
-482.4 -5077.0 -13.7 273 0 7.0 7.1 2.5 2.5 4 1 1 0 0
-454.8 -5078.8 -14.0 273 0 7.0 7.1 2.5 2.5 2 1 1 1 1
-388.2 -5083.3 -15.1 273 0 7.0 7.1 2.5 2.5 2 1 1 0 0
-356.5 -5084.7 -15.2 273 0 7.0 7.1 2.5 2.5 2 1 1 3 3
-287.7 -5059.8 -14.4 93 0 7.0 7.1 5.0 2.5 4 1 2 4 4
-354.9 -5055.5 -14.9 93 0 7.0 7.1 5.0 2.5 2 1 2 0 0
-384.3 -5052.3 -14.8 93 0 7.0 7.1 5.0 2.5 2 1 2 3 3
-451.0 -5048.8 -13.6 93 0 7.0 7.1 5.0 0.0 0 1 2 4 4
-480.4 -5046.5 -13.1 93 0 7.0 7.1 5.0 2.5 2 1 2 1 1
-2203.1 -37.6 -13.6 3 0 10.7 7.4 5.0 2.5 2 0 2 1 1
-1586.1 -422.9 -16.3 3 0 7.1 12.5 5.0 0.0 0 1 2 2 2
-1826.5 -286.4 -17.7 273 0 7.2 12.6 5.0 2.5 4 1 2 3 3
-1909.5 162.5 -16.5 93 0 7.0 8.9 5.0 2.5 2 1 2 5 5
-1493.0 -667.6 -17.6 3 0 7.1 11.5 5.0 2.5 2 1 2 4 4
-1351.3 -21.9 -15.1 3 0 7.6 12.2 2.5 2.5 2 1 1 2 2
-1468.5 -736.7 -17.5 183 0 7.1 11.1 2.5 2.5 2 1 1 2 2
-1354.9 -672.0 -15.6 183 0 7.1 13.9 2.5 2.5 2 1 1 1 1
-1295.4 -752.6 -15.5 183 0 7.0 7.0 2.5 2.5 2 0 1 0 0
-1293.4 -727.2 -15.8 273 0 7.0 7.1 2.5 2.5 2 1 1 4 4
-1279.9 -700.9 -15.6 93 0 7.0 7.1 2.5 2.5 4 1 1 5 5
-1211.8 -704.1 -14.5 93 0 7.0 7.1 2.5 2.5 2 1 1 1 1
-1223.5 -729.6 -14.1 273 0 7.0 7.1 2.5 2.5 2 1 1 1 1
-1183.5 -732.1 -12.8 273 0 7.0 7.1 2.5 2.5 4 1 1 5 5
-1152.0 -731.5 -11.9 273 0 7.0 7.1 2.5 0.0 0 1 1 0 0
-1180.1 -704.9 -14.0 93 0 7.0 7.1 2.5 2.5 2 1 1 3 3
-1117.4 -648.1 -13.0 273 0 7.0 7.1 2.5 2.5 2 1 1 3 3
-1116.7 -707.0 -12.1 93 0 7.0 7.1 2.5 2.5 4 1 1 5 5
-1109.0 -713.1 -11.8 93 0 7.4 10.6 2.5 2.5 2 1 1 4 4
-1109.4 -735.0 -11.1 273 0 7.0 7.1 2.5 2.5 2 1 1 0 0
-1072.9 -737.2 -8.5 273 0 7.0 7.1 2.5 2.5 4 1 1 0 0
-1078.3 -708.9 -10.3 93 0 7.0 7.1 2.5 0.0 0 1 1 2 2
-976.5 -711.6 -6.6 93 0 7.0 7.1 5.0 2.5 2 1 2 0 0
-977.9 -740.0 -6.1 273 0 7.0 7.1 2.5 2.5 2 1 1 5 5
-1009.1 -737.4 -5.8 273 0 7.0 7.1 2.5 2.5 2 1 1 4 4
-1011.1 -709.2 -7.4 93 0 7.0 7.1 5.0 2.5 2 1 2 0 0
-923.2 -800.5 -4.4 183 0 7.1 7.0 5.0 2.5 2 0 2 2 2
-924.7 -768.3 -5.7 183 0 7.1 7.0 5.0 0.0 0 0 2 3 3
-918.5 -687.9 -8.0 183 0 7.1 7.0 2.5 2.5 2 0 1 0 0
-918.2 -656.8 -7.3 183 0 7.1 7.0 2.5 2.5 2 0 1 0 0
-1468.5 -767.7 -17.2 183 0 7.1 7.0 2.5 2.5 4 0 1 4 4
-1352.5 -849.4 -16.4 183 0 7.1 7.0 5.0 2.5 2 0 2 5 5
-1589.8 -457.6 -16.4 3 0 7.1 7.0 5.0 2.5 2 0 2 5 5
-1545.2 -456.5 -16.7 183 0 7.1 7.0 5.0 2.5 2 0 2 2 2
-1568.4 -474.9 -16.5 183 0 7.1 7.0 5.0 2.5 2 0 2 0 0
-1394.1 -638.0 -16.1 3 0 7.1 7.0 2.5 2.5 4 0 1 4 4
-1460.6 -566.3 -16.8 183 0 7.1 7.0 2.5 2.5 2 0 1 2 2
-1459.7 -529.4 -16.9 183 0 7.1 7.0 2.5 2.5 4 0 1 5 5
-1489.4 -536.9 -16.8 3 0 7.0 7.0 5.0 2.5 2 0 2 1 1
-1488.8 -528.9 -16.9 3 0 7.1 7.0 5.0 2.5 4 0 2 2 2
-1491.6 -566.0 -17.1 3 0 7.1 7.0 5.0 2.5 2 0 2 1 1
-1464.2 -630.1 -17.3 183 0 7.0 13.6 2.5 0.0 0 1 1 1 1
-1465.8 -668.8 -17.6 183 0 7.1 7.0 2.5 2.5 2 0 1 2 2
-1492.2 -636.7 -17.6 3 0 7.1 7.0 5.0 2.5 2 0 2 2 2
-1498.2 -770.1 -17.3 3 0 7.0 7.0 5.0 2.5 2 0 2 4 4
-1499.4 -838.9 -16.9 3 0 7.1 7.0 5.0 0.0 0 0 2 2 2
-1500.4 -868.3 -16.9 3 0 7.1 7.0 5.0 2.5 2 0 2 3 3
-1659.9 -916.8 -17.7 273 0 7.0 7.1 2.5 2.5 2 1 1 5 5
-1680.5 -829.2 -17.8 183 0 7.1 7.0 5.0 2.5 2 0 2 0 0
-1682.0 -859.5 -17.8 183 0 7.1 7.0 5.0 2.5 2 0 2 2 2
-1711.1 -858.7 -17.9 3 0 7.1 7.0 5.0 2.5 4 0 2 1 1
-1708.3 -828.9 -17.8 3 0 7.1 7.0 5.0 2.5 2 0 2 1 1
-1677.3 -729.8 -17.2 183 0 7.0 7.0 5.0 2.5 2 0 2 2 2
-1679.8 -759.2 -17.4 183 0 7.1 7.0 5.0 2.5 4 0 2 0 0
-1704.9 -757.9 -17.5 3 0 7.1 7.0 5.0 2.5 2 0 2 0 0
-1704.1 -729.6 -17.2 3 0 7.1 7.0 5.0 2.5 2 0 2 4 4
-1673.7 -628.6 -17.1 183 0 7.1 7.0 5.0 0.0 0 0 2 4 4
-1675.3 -661.2 -17.1 183 0 7.0 7.0 5.0 2.5 4 0 2 4 4
-1701.6 -657.9 -17.2 3 0 7.1 7.0 5.0 2.5 2 0 2 0 0
-1701.9 -627.9 -17.1 3 0 7.1 7.0 5.0 2.5 2 0 2 1 1
-1670.9 -557.9 -17.0 183 0 7.0 7.0 5.0 0.0 0 0 2 4 4
-1670.5 -529.0 -16.9 183 0 7.1 7.0 5.0 2.5 2 0 2 2 2
-1699.3 -558.4 -16.9 3 0 7.1 7.0 5.0 0.0 0 0 2 4 4
-1698.8 -530.4 -16.8 3 0 7.1 7.0 5.0 2.5 4 0 2 2 2
-956.2 119.1 -4.4 93 0 7.0 7.1 2.5 0.0 0 1 1 2 2
-982.4 119.2 -5.3 93 0 7.0 7.1 2.5 0.0 0 1 1 1 1
-977.9 -526.3 -9.8 273 0 7.0 7.1 2.5 2.5 4 1 1 5 5
-1080.3 -524.2 -13.3 273 0 7.0 7.1 2.5 0.0 0 1 1 2 2
-1104.3 -524.9 -14.3 273 0 7.0 7.1 2.5 2.5 2 1 1 4 4
-1179.6 -493.3 -17.1 93 0 7.0 7.1 2.5 2.5 2 1 1 1 1
-1182.8 -521.8 -16.6 273 0 7.0 7.1 5.0 2.5 2 1 2 1 1
-1208.4 -521.5 -16.6 273 0 7.0 7.1 5.0 2.5 2 1 2 0 0
-1288.5 -519.1 -15.7 273 0 7.0 7.1 2.5 2.5 2 1 1 2 2
-1313.9 -518.7 -15.9 273 0 7.0 7.1 2.5 0.0 0 1 1 4 4
-1288.6 -491.1 -15.5 93 0 7.0 7.1 5.0 0.0 0 1 2 2 2
-1111.0 -141.5 -13.0 183 0 7.1 7.0 5.0 2.5 2 0 2 4 4
-1118.1 -141.2 -13.0 183 0 7.1 7.0 5.0 2.5 2 0 2 3 3
-1119.0 -161.8 -13.2 183 0 7.0 7.0 5.0 2.5 2 0 2 0 0
-1148.4 -162.2 -13.3 3 0 7.1 7.0 5.0 2.5 2 0 2 1 1
-1145.9 -140.0 -13.0 3 0 7.1 7.0 5.0 2.5 2 0 2 0 0
-1142.8 -40.4 -12.0 3 0 7.1 7.0 2.5 2.5 2 0 1 3 3
-1084.4 123.1 -8.7 93 0 7.0 7.1 2.5 2.5 2 1 1 5 5
-1165.2 98.4 -11.1 273 0 7.0 7.1 2.5 2.5 4 1 1 0 0
-1192.1 98.8 -11.7 273 0 7.0 7.1 2.5 2.5 2 1 1 0 0
-1159.8 126.4 -10.9 93 0 7.0 7.1 5.0 2.5 4 1 2 3 3
-1193.9 128.4 -11.6 93 0 7.0 7.1 5.0 2.5 2 1 2 0 0
-1146.8 -242.2 -14.1 3 0 7.1 7.0 5.0 2.5 2 0 2 0 0
-1120.8 -240.1 -14.1 183 0 7.1 7.0 5.0 2.5 2 0 2 3 3
-1121.6 -262.0 -14.3 183 0 7.1 7.0 5.0 2.5 2 0 2 3 3
-1125.4 -369.9 -14.7 183 0 7.1 7.0 5.0 2.5 2 0 2 1 1
-1125.9 -341.7 -14.7 183 0 7.1 7.0 5.0 2.5 2 0 2 5 5
-1149.6 -261.9 -14.3 3 0 7.1 7.0 5.0 2.5 2 0 2 4 4
-1186.1 -320.2 -14.8 273 0 7.0 7.1 5.0 2.5 2 1 2 4 4
-1209.2 -318.9 -15.2 273 0 7.0 7.1 5.0 2.5 2 1 2 5 5
-1394.7 -290.4 -15.7 183 0 7.1 7.0 5.0 2.5 2 0 2 5 5
-1391.7 -321.1 -15.3 91 0 9.9 10.0 5.0 2.5 2 1 2 5 5
-1386.3 -302.3 -15.7 3 0 15.2 9.1 5.0 2.5 2 0 2 3 3
-1356.9 -264.2 -15.3 3 0 10.9 19.7 5.0 2.5 4 1 2 4 4
-1334.3 -218.2 -15.2 183 0 7.1 7.0 5.0 0.0 0 0 2 2 2
-1360.6 -154.4 -15.4 3 0 7.1 7.0 2.5 0.0 0 0 1 2 2
-1330.3 -154.7 -14.8 183 0 7.1 7.0 5.0 2.5 2 0 2 2 2
-1374.9 -114.0 -15.5 183 0 7.1 7.0 2.5 2.5 2 0 1 1 1
-1360.4 -120.4 -15.4 3 0 7.1 7.0 2.5 2.5 2 0 1 5 5
-1328.7 -122.9 -14.7 183 0 7.1 7.0 5.0 2.5 2 0 2 5 5
-1326.3 -55.1 -14.5 183 0 7.1 7.0 5.0 2.5 2 0 2 4 4
-1324.7 -23.8 -14.4 183 0 7.1 7.0 5.0 2.5 4 0 2 0 0
-1356.1 -52.5 -15.1 3 0 7.0 7.0 2.5 2.5 2 0 1 3 3
-1351.8 49.7 -14.8 3 0 7.0 7.0 5.0 2.5 2 0 2 4 4
-1349.4 78.1 -14.6 3 0 7.1 7.0 5.0 2.5 2 0 2 1 1
-1322.2 135.1 -13.8 183 0 7.1 7.0 5.0 2.5 2 0 2 0 0
-1389.9 133.8 -14.5 93 0 7.0 7.1 2.5 2.5 2 1 1 5 5
-1418.0 136.1 -14.8 93 0 7.0 7.1 2.5 2.5 2 1 1 3 3
-1576.2 -12.5 -17.5 3 0 7.1 7.0 5.0 2.5 2 0 2 0 0
-1572.9 48.3 -17.2 3 0 7.1 7.0 5.0 0.0 0 0 2 3 3
-1601.5 144.0 -16.2 93 0 7.0 7.1 5.0 0.0 0 1 2 2 2
-1632.9 144.6 -16.2 93 0 7.0 7.1 5.0 2.5 4 1 2 5 5
-1895.5 -820.0 -17.6 183 0 7.1 7.0 2.5 2.5 2 0 1 5 5
-1897.8 -853.7 -17.8 183 0 7.1 7.0 2.5 2.5 2 0 1 5 5
-1924.4 -855.7 -17.6 3 0 7.1 7.0 5.0 2.5 2 0 2 3 3
-1924.7 -820.7 -17.7 3 0 7.1 7.0 5.0 2.5 2 0 2 3 3
-1890.4 -720.6 -17.5 183 0 7.1 7.0 2.5 2.5 2 0 1 1 1
-1894.1 -762.0 -17.6 183 0 7.0 7.0 2.5 2.5 2 0 1 1 1
-1929.5 -752.0 -17.8 183 0 7.1 7.0 5.0 2.5 2 0 2 1 1
-1919.8 -720.9 -17.8 3 0 7.1 7.0 5.0 2.5 2 0 2 4 4
-1886.2 -522.0 -16.6 183 0 7.1 7.0 5.0 2.5 2 0 2 2 2
-1887.1 -551.2 -16.7 183 0 7.1 7.0 5.0 2.5 2 0 2 2 2
-1890.7 -618.9 -17.2 183 0 7.1 7.0 5.0 2.5 2 0 2 3 3
-1891.3 -650.2 -17.4 183 0 7.1 7.0 5.0 2.5 2 0 2 1 1
-1917.7 -653.3 -17.7 3 0 7.1 7.0 5.0 2.5 2 0 2 5 5
-1918.0 -616.3 -17.4 3 0 7.1 7.0 5.0 2.5 2 0 2 5 5
-1914.7 -549.5 -16.9 3 0 7.1 7.0 5.0 2.5 2 0 2 2 2
-1913.5 -525.9 -16.9 3 0 7.1 7.0 5.0 2.5 2 0 2 2 2
-2163.1 -457.4 -16.8 93 0 7.0 7.1 5.0 0.0 0 1 2 3 3
-2060.9 -461.3 -16.8 93 0 7.0 7.1 5.0 2.5 2 1 2 3 3
-2033.6 -463.1 -16.9 93 0 7.0 7.1 5.0 2.5 2 1 2 0 0
-1965.5 -465.2 -17.0 93 0 7.0 7.1 5.0 2.5 2 1 2 0 0
-1932.1 -466.4 -17.0 93 0 7.0 7.1 5.0 2.5 2 1 2 3 3
-1863.9 -472.0 -15.6 93 0 7.0 7.1 5.0 2.5 2 1 2 0 0
-1833.7 -471.1 -15.2 93 0 7.0 7.1 5.0 2.5 2 1 2 2 2
-1779.6 -446.9 -16.0 183 0 7.0 7.0 2.5 2.5 2 0 1 3 3
-1777.2 -416.4 -15.9 183 0 7.1 7.0 2.5 0.0 0 0 1 3 3
-1775.7 -347.3 -16.5 183 0 7.1 7.0 2.5 2.5 2 0 1 1 1
-1771.0 -313.6 -17.1 183 0 7.1 7.0 2.5 2.5 2 0 1 2 2
-1770.1 -245.0 -17.7 183 0 7.1 7.0 2.5 2.5 2 0 1 2 2
-1826.0 -261.1 -17.8 93 0 7.3 9.4 5.0 2.5 2 1 2 4 4
-1856.6 -287.3 -17.7 273 0 7.0 7.1 5.0 2.5 2 1 2 4 4
-1856.4 -258.3 -17.7 93 0 7.0 7.1 5.0 2.5 2 1 2 1 1
-1924.3 -256.5 -17.7 93 0 7.0 7.1 5.0 2.5 2 1 2 4 4
-1928.7 -284.6 -17.6 273 0 7.0 7.1 5.0 0.0 0 1 2 0 0
-1943.3 -277.1 -17.6 273 0 7.0 17.2 5.0 0.0 0 1 2 3 3
-1958.3 -282.8 -17.6 273 0 7.0 7.1 5.0 2.5 2 1 2 5 5
-1956.6 -254.4 -17.6 93 0 7.0 7.1 5.0 2.5 2 1 2 0 0
-2004.2 -282.2 -17.5 273 0 7.0 7.1 5.0 2.5 2 1 2 2 2
-2017.6 -227.1 -17.6 273 0 7.0 7.1 5.0 2.5 2 1 2 4 4
-2025.4 -255.0 -17.6 93 0 7.0 7.1 5.0 2.5 2 1 2 5 5
-2025.0 -279.2 -17.5 273 0 7.0 7.1 5.0 2.5 2 1 2 0 0
-2057.3 -277.4 -17.5 273 0 7.0 7.1 5.0 2.5 2 1 2 2 2
-2055.6 -250.5 -17.5 93 0 7.0 7.1 5.0 0.0 0 1 2 4 4
-2125.3 -275.7 -17.4 273 0 7.0 7.1 5.0 2.5 2 1 2 3 3
-2126.6 -249.2 -17.5 93 0 7.0 7.1 5.0 2.5 2 1 2 3 3
-2158.3 -275.5 -17.4 273 0 7.0 7.1 5.0 2.5 2 1 2 4 4
-2157.8 -248.4 -17.4 93 0 7.0 7.1 5.0 2.5 2 1 2 3 3
-2106.8 -39.7 -17.5 93 0 7.0 7.1 5.0 2.5 2 1 2 1 1
-2117.7 -67.2 -17.5 273 0 7.0 7.1 2.5 2.5 2 1 1 4 4
-2148.2 -66.1 -17.3 273 0 7.0 7.0 2.5 2.5 2 1 1 1 1
-2152.8 -40.0 -15.3 93 0 7.0 7.1 5.0 0.0 0 1 2 4 4
-2047.8 -70.5 -17.1 273 0 7.0 7.1 2.5 0.0 0 1 1 1 1
-2048.5 -42.1 -17.1 93 0 7.0 7.1 5.0 0.0 0 1 2 3 3
-2017.9 -44.5 -17.2 93 0 7.0 7.1 5.0 2.5 2 1 2 3 3
-2017.6 -71.4 -17.2 273 0 7.0 7.1 2.5 2.5 2 1 1 0 0
-1963.4 -44.5 -17.7 93 0 7.0 7.1 5.0 2.5 2 1 2 2 2
-1950.0 -72.9 -17.6 273 0 7.0 7.1 2.5 2.5 2 1 1 1 1
-1908.0 -69.6 -17.8 273 0 7.0 7.1 2.5 2.5 2 1 1 5 5
-1916.4 -47.2 -17.9 93 0 7.0 7.1 5.0 2.5 2 1 2 4 4
-1839.9 -52.2 -17.5 93 0 7.0 7.1 5.0 2.5 4 1 2 3 3
-1849.3 -76.2 -17.8 273 0 7.0 7.1 2.5 2.5 2 1 1 3 3
-1817.4 -78.6 -17.5 273 0 7.0 7.1 2.5 2.5 2 1 1 4 4
-1813.0 -46.9 -17.2 93 0 7.0 7.1 5.0 2.5 2 1 2 2 2
-1768.6 -215.5 -17.6 183 0 7.0 7.0 2.5 2.5 2 0 1 4 4
-1765.7 -136.5 -17.5 183 0 7.0 7.0 5.0 2.5 2 0 2 5 5
-1764.5 -105.2 -17.2 183 0 7.1 7.0 5.0 2.5 2 0 2 1 1
-1762.9 -37.9 -16.7 183 0 7.1 7.0 5.0 2.5 2 0 2 1 1
-1761.4 -6.4 -16.7 183 0 7.1 7.0 5.0 0.0 0 0 2 5 5
-1757.2 93.6 -16.5 183 0 7.1 7.0 5.0 2.5 2 0 2 5 5
-1759.3 63.5 -16.5 183 0 7.1 7.0 5.0 2.5 4 0 2 0 0
-1699.6 144.9 -16.1 93 0 7.0 7.1 5.0 2.5 2 1 2 5 5
-1731.6 145.9 -16.1 93 0 7.0 7.1 5.0 2.5 2 1 2 5 5
-1807.3 130.0 -16.6 273 0 7.0 7.1 5.0 2.5 4 1 2 4 4
-1806.7 158.3 -16.2 93 0 7.0 7.1 5.0 2.5 2 1 2 3 3
-1840.9 132.0 -16.8 273 0 7.0 7.1 5.0 2.5 4 1 2 0 0
-1840.5 160.3 -16.3 93 0 7.0 7.0 5.0 2.5 2 1 2 4 4
-1910.3 134.6 -17.0 273 0 7.0 7.1 5.0 2.5 2 1 2 4 4
-1942.4 135.7 -17.1 273 0 7.0 7.1 5.0 2.5 2 1 2 3 3
-1942.7 163.8 -16.7 93 0 7.0 7.1 5.0 2.5 4 1 2 2 2
-2011.8 136.3 -17.4 273 0 7.0 7.1 5.0 2.5 2 1 2 4 4
-2040.9 137.4 -17.5 273 0 7.0 7.1 5.0 0.0 0 1 2 0 0
-2009.1 165.4 -16.9 93 0 7.0 7.1 5.0 2.5 4 1 2 3 3
-2041.7 167.7 -17.1 93 0 7.0 7.1 5.0 2.5 2 1 2 1 1
-2203.1 -98.1 -17.0 3 0 7.1 7.0 5.0 0.0 0 0 2 2 2
-2204.1 -124.2 -17.2 3 0 7.0 7.0 5.0 2.5 2 0 2 3 3
-2206.6 -194.2 -17.9 3 0 7.1 7.0 5.0 2.5 2 0 2 0 0
-2209.0 -225.1 -17.7 3 0 7.0 7.0 5.0 2.5 2 0 2 4 4
-2213.3 -324.4 -16.6 3 0 7.1 7.0 2.5 2.5 2 0 1 0 0
-2216.1 -396.1 -16.0 3 0 7.1 7.0 2.5 2.5 2 0 1 5 5
-2218.8 -419.9 -16.2 3 0 7.1 7.0 2.5 2.5 2 0 1 4 4
-2133.0 -459.7 -16.8 93 0 7.0 7.1 5.0 2.5 2 1 2 3 3
-2094.8 -516.0 -16.8 183 0 7.1 7.0 5.0 2.5 4 0 2 2 2
-2124.6 -513.9 -16.9 3 0 7.1 7.0 2.5 2.5 2 0 1 3 3
-2096.6 -545.3 -17.1 183 0 7.1 7.0 5.0 2.5 2 0 2 5 5
-2124.3 -543.4 -17.3 3 0 7.1 7.0 2.5 2.5 4 0 1 5 5
-2099.6 -600.3 -18.2 183 0 7.1 7.0 5.0 2.5 2 0 2 0 0
-2128.0 -599.1 -19.0 3 0 7.1 7.0 2.5 2.5 2 0 1 0 0
-2101.3 -665.1 -19.6 183 0 7.1 7.0 5.0 2.5 2 0 2 1 1
-2126.3 -658.5 -19.7 3 0 7.1 7.0 2.5 2.5 2 0 1 1 1
-2103.4 -706.8 -19.3 183 0 7.1 7.0 5.0 2.5 2 0 2 4 4
-2131.4 -711.7 -19.1 3 0 7.1 7.0 2.5 2.5 2 0 1 5 5
-2105.9 -747.2 -18.9 183 0 7.1 7.0 5.0 2.5 4 0 2 0 0
-2133.5 -746.3 -18.7 3 0 7.1 7.0 2.5 2.5 2 0 1 1 1
-2106.4 -811.6 -18.2 183 0 7.1 7.0 5.0 2.5 2 0 2 5 5
-2133.7 -819.0 -18.0 3 0 7.1 7.0 2.5 2.5 4 0 1 1 1
-576.7 -6762.1 -20.0 273 0 7.1 7.2 5.0 0.0 0 1 2 3 3
-600.8 -6734.4 -20.4 12 0 6.4 8.0 5.0 2.5 2 1 2 4 4
-393.0 -6538.4 -18.5 93 0 7.0 7.1 2.5 2.5 2 1 1 2 2
-458.9 -6534.8 -18.2 93 0 7.0 7.1 2.5 2.5 2 1 1 3 3
-489.3 -6531.5 -18.7 93 0 7.0 7.1 2.5 2.5 2 1 1 4 4
-589.9 -6552.3 -21.0 273 0 7.0 7.1 5.0 2.5 4 1 2 4 4
-560.8 -6527.9 -20.5 93 0 7.0 7.1 5.0 2.5 2 1 2 3 3
-590.1 -6524.8 -20.9 93 0 7.0 7.1 5.0 2.5 2 1 2 1 1
-662.3 -6547.3 -21.5 273 0 7.0 7.1 5.0 2.5 2 1 2 1 1
-693.5 -6546.2 -21.3 273 0 7.0 7.1 5.0 2.5 2 1 2 5 5
-659.4 -6519.9 -21.4 93 0 7.0 7.1 5.0 2.5 4 1 2 2 2
-690.7 -6516.6 -21.2 93 0 7.0 7.1 5.0 2.5 2 1 2 2 2
-759.7 -6542.3 -20.8 273 0 7.0 7.1 5.0 2.5 4 1 2 4 4
-792.3 -6539.8 -21.1 273 0 7.0 7.1 5.0 2.5 2 1 2 5 5
-858.8 -6535.6 -21.5 273 0 7.0 7.1 5.0 2.5 2 1 2 2 2
-888.9 -6533.7 -21.6 273 0 7.0 7.1 5.0 2.5 2 1 2 3 3
-577.7 -6776.8 -19.8 93 0 7.0 7.1 5.0 2.5 2 1 2 5 5
-579.7 -6736.5 -20.4 93 0 7.0 7.1 5.0 2.5 2 1 2 2 2
-604.7 -6763.1 -20.0 273 0 7.0 7.1 5.0 2.5 2 1 2 0 0
-706.7 -6754.5 -21.3 273 0 7.0 7.1 2.5 2.5 2 1 1 4 4
-705.0 -6728.1 -21.1 93 0 7.0 7.1 5.0 2.5 2 1 2 0 0
-773.8 -6750.0 -22.2 273 0 7.0 7.1 5.0 2.5 2 1 2 4 4
-772.1 -6723.7 -21.9 93 0 7.0 7.1 5.0 0.0 0 1 2 4 4
-806.2 -6749.0 -22.2 273 0 7.0 7.1 5.0 2.5 4 1 2 3 3
-807.6 -6721.1 -21.7 93 0 7.0 7.1 5.0 2.5 2 1 2 1 1
-875.0 -6715.2 -21.2 93 0 7.0 7.1 2.5 0.0 0 1 1 2 2
-689.5 -6517.4 -21.2 94 0 9.1 8.6 5.0 2.5 2 0 2 0 0
-754.7 -6493.0 -20.9 356 0 3.1 3.1 5.0 2.5 2 0 2 2 2
-758.0 -6513.0 -20.9 88 0 8.7 8.2 5.0 2.5 2 0 2 4 4
-788.8 -6512.3 -21.2 85 0 8.8 10.2 5.0 2.5 2 1 2 0 0
-856.2 -6505.9 -21.5 89 0 7.9 8.5 5.0 2.5 2 1 2 0 0
-888.4 -6503.5 -21.7 94 0 8.1 8.3 5.0 2.5 2 1 2 5 5
-968.3 -6499.6 -21.1 86 0 8.1 10.1 2.5 0.0 0 1 1 4 4
-997.5 -6495.5 -20.9 95 0 7.8 8.6 2.5 2.5 2 1 1 2 2
-998.9 -6505.9 -20.6 96 0 7.0 8.3 2.5 2.5 2 1 1 0 0
-1067.3 -6491.6 -21.1 90 0 9.0 9.2 5.0 2.5 2 1 2 2 2
-1097.1 -6490.3 -21.3 88 0 9.2 9.5 5.0 2.5 2 1 2 0 0
-1163.2 -6484.0 -21.6 92 0 7.6 7.2 5.0 2.5 2 0 2 1 1
-1198.6 -6482.6 -21.7 90 0 8.8 7.8 5.0 2.5 2 0 2 3 3
-1250.5 -6420.2 -19.5 276 0 9.4 8.3 5.0 2.5 2 0 2 5 5
-1254.2 -6459.8 -20.0 90 0 8.9 8.7 5.0 2.5 2 0 2 4 4
-1246.9 -6357.4 -19.3 90 0 9.2 9.4 2.5 2.5 2 1 1 3 3
-1249.4 -6324.6 -19.8 180 0 7.5 8.4 2.5 2.5 4 1 1 5 5
-1214.7 -6272.7 -21.4 97 0 8.9 8.7 5.0 2.5 2 0 2 2 2
-1185.3 -6297.7 -21.2 271 0 8.1 9.3 2.5 2.5 2 1 1 5 5
-1182.9 -6274.8 -21.3 93 0 8.2 7.7 5.0 2.5 2 0 2 3 3
-1155.7 -6303.2 -21.0 272 0 8.1 8.8 2.5 2.5 4 1 1 3 3
-1122.4 -6279.7 -20.9 90 0 8.4 9.5 5.0 2.5 2 1 2 3 3
-1093.2 -6281.5 -20.7 94 0 8.9 9.3 5.0 2.5 2 1 2 3 3
-1087.9 -6309.1 -20.6 268 0 9.9 8.3 2.5 2.5 2 0 1 4 4
-1055.9 -6311.7 -20.4 271 0 7.9 8.5 2.5 2.5 2 1 1 1 1
-1025.9 -6284.3 -20.0 91 0 9.2 9.2 5.0 0.0 0 1 2 5 5
-995.6 -6287.1 -20.0 90 0 7.8 7.9 5.0 2.5 2 1 2 1 1
-988.2 -6316.8 -20.2 275 0 10.6 9.1 2.5 2.5 2 0 1 3 3
-957.7 -6317.9 -20.4 272 0 8.3 8.1 2.5 2.5 2 0 1 1 1
-927.2 -6291.0 -20.5 92 0 8.4 7.4 5.0 2.5 2 0 2 1 1
-893.0 -6294.8 -20.7 95 0 7.5 7.0 5.0 2.5 2 0 2 4 4
-877.9 -6324.3 -20.8 274 0 8.0 9.7 5.0 2.5 2 1 2 3 3
-835.7 -6370.0 -21.1 96 0 7.1 7.4 5.0 0.0 0 1 2 2 2
-847.0 -6326.6 -20.9 272 0 9.1 8.6 5.0 2.5 2 0 2 3 3
-827.2 -6299.6 -20.8 94 0 8.2 8.7 5.0 2.5 2 1 2 1 1
-793.9 -6302.0 -21.1 94 0 9.9 8.6 5.0 2.5 2 0 2 2 2
-778.5 -6330.7 -21.3 274 0 9.8 7.8 5.0 2.5 4 0 2 5 5
-776.2 -6346.6 -21.3 90 0 5.1 3.7 5.0 2.5 2 0 2 1 1
-747.1 -6332.5 -21.4 270 0 8.7 8.7 5.0 2.5 2 1 2 1 1
-725.3 -6308.0 -21.4 87 0 8.3 9.2 5.0 2.5 2 1 2 0 0
-694.1 -6308.5 -21.0 93 0 8.8 8.4 5.0 0.0 0 0 2 0 0
-676.5 -6336.3 -20.5 268 0 9.2 10.8 5.0 2.5 2 1 2 5 5
-653.7 -6501.2 -21.2 2 0 4.3 4.0 5.0 2.5 2 0 2 0 0
-649.5 -6470.7 -20.9 276 0 3.7 3.3 5.0 2.5 2 0 2 1 1
-634.2 -6388.7 -20.2 7 0 4.0 4.3 5.0 2.5 2 1 2 5 5
-646.6 -6338.1 -19.9 270 0 8.4 6.6 5.0 2.5 2 0 2 3 3
-625.3 -6313.2 -19.7 92 0 8.0 9.5 5.0 2.5 2 1 2 5 5
-593.2 -6314.5 -19.4 98 0 8.7 9.6 5.0 2.5 4 1 2 3 3
-545.4 -6346.1 -18.9 267 0 9.9 11.1 5.0 2.5 4 1 2 1 1
-575.4 -6343.5 -19.2 274 0 10.7 10.9 5.0 2.5 2 1 2 0 0
-513.8 -6311.3 -17.5 96 0 3.1 3.9 5.0 2.5 2 1 2 1 1
-507.4 -6318.3 -17.7 92 0 8.8 9.7 5.0 2.5 2 1 2 5 5
-476.7 -6348.4 -18.0 269 0 12.6 17.2 5.0 2.5 2 1 2 3 3
-469.7 -6377.5 -17.9 88 0 4.7 8.8 5.0 2.5 2 1 2 3 3
-424.6 -6336.7 -17.0 89 0 3.0 5.6 5.0 2.5 2 1 2 5 5
-400.3 -6326.4 -16.9 96 0 6.5 20.3 5.0 2.5 2 1 2 4 4
-337.4 -6360.0 -17.9 271 0 8.1 13.3 5.0 2.5 2 1 2 3 3
-349.9 -6326.6 -16.9 90 0 9.7 11.2 5.0 2.5 2 1 2 4 4
-352.5 -6311.0 -16.6 87 0 11.7 27.3 5.0 2.5 2 1 2 1 1
-326.2 -6274.7 -15.9 355 0 9.8 26.2 5.0 2.5 2 1 2 3 3
-334.6 -6334.8 -16.9 90 0 3.2 4.0 5.0 2.5 4 1 2 4 4
-327.1 -6339.6 -16.9 86 0 8.1 9.5 5.0 2.5 2 1 2 3 3
-326.7 -6327.6 -16.7 92 0 10.7 5.2 5.0 2.5 2 0 2 4 4
-309.4 -6310.9 -16.4 359 0 17.9 12.6 5.0 2.5 2 0 2 3 3
-245.0 -6262.5 -15.6 0 0 7.8 7.0 5.0 2.5 2 0 2 3 3
-177.1 -6234.2 -15.9 180 0 8.0 15.8 5.0 2.5 2 1 2 2 2
-179.0 -6349.4 -17.0 92 0 11.5 9.7 5.0 2.5 2 0 2 1 1
87.7 -6359.3 -15.9 92 0 7.6 9.4 2.5 2.5 4 1 1 1 1
134.5 -6361.8 -15.9 95 0 7.7 8.7 2.5 2.5 4 1 1 3 3
186.4 -6349.3 -15.6 274 0 9.2 8.4 2.5 2.5 2 0 1 4 4
182.1 -6399.8 -14.5 272 0 9.9 9.1 5.0 2.5 2 0 2 0 0
234.8 -6365.9 -15.5 99 0 8.0 10.2 2.5 2.5 2 1 1 4 4
240.3 -6403.4 -14.4 270 0 9.6 8.9 5.0 2.5 2 0 2 3 3
265.6 -6367.6 -15.2 92 0 10.4 9.0 2.5 2.5 2 0 1 5 5
273.4 -6405.4 -14.3 268 0 12.4 10.1 5.0 2.5 2 0 2 1 1
364.0 -6152.2 -12.5 358 0 3.7 3.9 5.0 2.5 4 1 2 5 5
360.1 -6165.0 -12.6 95 0 6.4 3.2 5.0 0.0 0 0 2 4 4
364.6 -6157.6 -12.6 3 0 5.5 7.4 5.0 0.0 0 1 2 2 2
358.1 -6172.0 -12.7 87 0 10.9 6.3 5.0 2.5 2 0 2 3 3
289.6 -6164.9 -13.4 95 0 10.3 8.4 5.0 2.5 2 0 2 4 4
297.1 -6194.8 -13.5 276 0 9.4 9.0 5.0 2.5 2 0 2 4 4
255.0 -6163.4 -13.5 95 0 6.7 9.3 5.0 2.5 2 1 2 2 2
255.9 -6192.0 -14.1 270 0 8.0 9.0 5.0 2.5 2 1 2 0 0
204.6 -6188.3 -14.5 269 0 8.9 8.6 5.0 2.5 2 0 2 0 0
185.9 -6165.4 -14.2 87 0 6.7 3.4 5.0 2.5 2 0 2 4 4
188.6 -6159.3 -14.2 93 0 8.1 8.6 5.0 2.5 2 1 2 3 3
149.7 -6181.8 -15.2 266 0 9.6 10.2 5.0 2.5 4 1 2 5 5
108.0 -6152.7 -15.1 92 0 10.6 10.4 5.0 2.5 2 0 2 2 2
98.2 -6180.3 -15.1 274 0 9.0 8.2 5.0 2.5 2 0 2 0 0
-14.8 -6172.2 -16.3 270 0 9.9 9.7 5.0 2.5 2 0 2 4 4
-11.6 -6145.2 -16.2 97 0 9.4 13.7 5.0 2.5 2 1 2 3 3
-44.5 -6170.1 -16.3 274 0 9.5 8.3 5.0 2.5 2 0 2 5 5
-39.0 -6142.5 -16.0 98 0 8.7 8.1 5.0 2.5 2 0 2 0 0
-102.8 -6127.9 -15.8 273 0 9.4 8.4 5.0 2.5 2 0 2 1 1
-267.4 -6214.7 -14.8 187 0 4.0 4.8 5.0 2.5 2 1 2 5 5
-276.9 -6222.9 -14.9 183 0 5.4 5.3 5.0 2.5 2 0 2 5 5
-276.7 -6212.0 -14.7 180 0 8.5 7.2 5.0 2.5 2 0 2 4 4
-266.8 -6193.2 -14.5 187 0 13.1 9.7 5.0 0.0 0 0 2 2 2
-257.3 -6149.8 -13.6 88 0 18.7 13.3 2.5 2.5 2 0 1 3 3
-261.8 -6084.6 -13.2 186 0 12.2 10.7 2.5 2.5 2 0 1 4 4
-310.8 -6188.5 -13.8 359 0 3.4 3.0 5.0 2.5 2 0 2 0 0
-300.1 -6194.0 -14.0 5 0 9.6 9.4 5.0 2.5 2 0 2 4 4
-315.2 -6136.5 -12.7 88 0 8.9 14.8 5.0 0.0 0 1 2 4 4
-313.0 -6077.8 -13.2 270 0 7.8 11.8 5.0 2.5 2 1 2 0 0
-681.8 -6124.2 -19.0 268 0 9.0 10.2 5.0 2.5 2 1 2 1 1
-710.5 -6116.6 -18.8 269 0 5.8 4.5 5.0 0.0 0 0 2 3 3
-713.6 -6122.6 -19.1 268 0 11.1 10.9 5.0 2.5 2 0 2 5 5
-674.5 -6075.9 -18.6 357 0 3.4 4.3 2.5 0.0 0 1 1 5 5
-680.2 -6085.2 -18.6 92 0 5.9 5.4 2.5 2.5 2 0 1 5 5
-679.3 -6098.6 -18.6 94 0 8.8 10.9 2.5 2.5 2 1 1 5 5
-711.2 -6087.6 -18.6 84 0 3.4 4.0 2.5 2.5 4 1 1 0 0
-709.6 -6096.2 -18.6 88 0 8.5 7.3 2.5 2.5 2 0 1 5 5
-710.6 -6074.0 -18.6 180 0 3.7 3.2 2.5 2.5 4 0 1 5 5
-710.6 -6034.3 -18.7 180 0 4.8 5.0 2.5 2.5 2 1 1 4 4
-721.8 -6203.3 -20.2 87 0 5.3 5.0 2.5 0.0 0 0 1 4 4
-779.9 -6117.9 -19.2 270 0 7.9 10.3 5.0 2.5 2 1 2 2 2
-776.2 -6091.1 -18.9 91 0 7.9 7.7 2.5 2.5 4 0 1 4 4
-796.1 -6080.9 -19.1 272 0 7.7 4.1 2.5 2.5 2 0 1 0 0
-806.3 -6089.5 -19.2 95 0 8.6 9.6 2.5 2.5 2 1 1 2 2
-809.8 -6115.7 -19.4 271 0 10.7 9.8 5.0 2.5 2 0 2 4 4
-877.5 -6084.1 -19.0 88 0 8.0 9.0 2.5 2.5 2 1 1 0 0
-884.6 -6121.3 -19.2 269 0 5.4 3.3 2.5 2.5 2 0 1 3 3
-880.9 -6110.5 -19.2 272 0 8.6 9.5 2.5 2.5 2 1 1 3 3
-909.3 -6083.7 -18.7 89 0 10.1 11.8 2.5 2.5 2 1 1 4 4
-910.8 -6109.0 -18.9 274 0 9.5 7.7 2.5 2.5 2 0 1 3 3
-961.7 -6055.0 -19.3 268 0 6.0 5.4 2.5 2.5 2 0 1 4 4
-973.5 -6077.6 -19.5 93 0 11.5 9.7 2.5 2.5 2 0 1 5 5
-1005.7 -6074.8 -20.1 89 0 9.5 7.9 2.5 2.5 2 0 1 2 2
-976.7 -6104.9 -19.7 272 0 9.5 9.3 2.5 2.5 2 0 1 3 3
-1010.0 -6102.4 -20.2 270 0 8.6 8.6 2.5 0.0 0 0 1 2 2
-1107.6 -6067.6 -21.1 88 0 8.9 8.3 5.0 2.5 2 0 2 2 2
-1075.9 -6070.1 -20.9 90 0 8.1 7.7 5.0 2.5 4 0 2 2 2
-1074.7 -6098.2 -21.0 270 0 8.3 9.0 2.5 2.5 2 1 1 1 1
-1110.6 -6096.1 -21.2 272 0 8.4 8.3 2.5 2.5 2 0 1 0 0
-1178.0 -6062.8 -21.1 94 0 9.7 9.3 5.0 2.5 2 0 2 5 5
-1180.2 -6090.7 -21.1 273 0 7.9 9.4 5.0 2.5 4 1 2 4 4
-1206.4 -6038.1 -20.8 270 0 5.8 4.9 5.0 2.5 2 0 2 5 5
-1208.8 -6060.1 -21.0 89 0 7.2 8.5 5.0 2.5 2 1 2 2 2
-1209.3 -6069.9 -21.1 88 0 10.1 8.2 5.0 2.5 2 0 2 5 5
-1210.9 -6086.3 -21.2 266 0 10.3 11.6 5.0 2.5 2 1 2 4 4
-1225.1 -6097.5 -21.1 271 0 8.6 9.0 5.0 2.5 2 1 2 2 2
-1222.6 -6115.4 -21.0 179 0 5.8 7.2 5.0 2.5 4 1 2 0 0
-1291.8 -6107.9 -21.0 178 0 5.8 6.5 2.5 2.5 2 1 1 5 5
-1274.8 -6103.1 -21.0 0 0 5.2 6.6 2.5 2.5 2 1 1 3 3
-1265.4 -6103.3 -21.0 3 0 9.2 7.9 2.5 2.5 2 0 1 4 4
-1266.6 -6141.4 -20.8 1 0 9.5 8.9 2.5 2.5 2 0 1 1 1
-1259.7 -6003.8 -20.2 359 0 8.3 8.2 2.5 2.5 2 0 1 4 4
-1261.1 -6032.3 -20.6 358 0 8.5 8.2 2.5 2.5 4 0 1 0 0
-1255.2 -5932.5 -19.0 0 0 9.1 8.3 5.0 2.5 2 0 2 5 5
-1252.7 -5905.0 -18.9 0 0 7.8 8.8 5.0 2.5 2 1 2 2 2
-1408.5 -5989.7 -16.5 360 0 9.2 5.3 2.5 2.5 2 0 1 5 5
-1406.1 -5934.2 -16.9 5 0 7.5 6.7 7.5 2.5 2 0 3 4 4
-1434.7 -5817.6 -17.3 93 0 5.6 6.5 2.5 2.5 2 1 1 0 0
-1379.4 -5816.5 -17.9 357 0 5.8 7.4 2.5 2.5 2 1 1 2 2
-1291.4 -5810.1 -18.7 266 0 5.0 6.6 5.0 2.5 4 1 2 3 3
-1198.7 -5879.8 -19.5 270 0 7.8 10.5 2.5 2.5 2 1 1 0 0
-1199.8 -5907.5 -19.5 97 0 7.5 5.6 2.5 2.5 2 0 1 1 1
-1167.4 -5882.0 -19.8 270 0 9.6 9.2 2.5 2.5 2 0 1 4 4
-1146.0 -5854.4 -19.9 95 0 9.7 9.1 2.5 2.5 2 0 1 0 0
-1104.3 -5857.5 -20.2 89 0 9.4 9.9 2.5 2.5 2 1 1 2 2
-1097.8 -5884.6 -20.5 275 0 9.1 8.9 5.0 2.5 2 0 2 2 2
-1066.2 -5888.5 -20.6 269 0 8.0 9.5 5.0 2.5 4 1 2 1 1
-1037.4 -5856.9 -20.5 94 0 5.2 4.6 2.5 2.5 2 0 1 4 4
-1045.5 -5861.6 -20.5 91 0 7.6 8.2 2.5 2.5 4 1 1 2 2
-1013.8 -5865.0 -20.5 92 0 8.7 10.7 2.5 0.0 0 1 1 2 2
-998.5 -5891.5 -20.5 273 0 8.9 11.6 5.0 2.5 2 1 2 2 2
-967.0 -5894.3 -19.9 273 0 9.0 9.2 5.0 2.5 2 1 2 0 0
-944.4 -5869.4 -19.6 91 0 8.6 9.4 2.5 2.5 2 1 1 5 5
-913.8 -5850.1 -19.2 4 0 3.4 3.1 2.5 2.5 2 0 1 0 0
-915.8 -5871.9 -19.3 101 0 8.7 10.4 2.5 2.5 2 1 1 4 4
-896.7 -5896.6 -19.1 271 0 10.5 12.2 5.0 2.5 2 1 2 1 1
-915.4 -5891.6 -19.3 268 0 8.4 10.1 5.0 2.5 2 1 2 4 4
-868.0 -5900.4 -18.8 272 0 10.0 10.5 5.0 2.5 2 1 2 5 5
-848.1 -5876.5 -18.6 90 0 6.8 8.5 2.5 2.5 2 1 1 1 1
-819.4 -5877.7 -18.5 91 0 8.4 9.8 2.5 2.5 2 1 1 5 5
-792.2 -5910.0 -18.9 267 0 3.9 6.5 5.0 2.5 2 1 2 3 3
-799.6 -5905.5 -18.8 271 0 7.3 8.8 5.0 2.5 2 1 2 2 2
-767.2 -5906.4 -19.0 274 0 9.6 9.0 5.0 2.5 2 0 2 1 1
-746.4 -5879.5 -18.8 94 0 11.6 9.7 2.5 2.5 2 0 1 2 2
-715.1 -5881.6 -18.8 94 0 9.7 12.5 2.5 2.5 2 1 1 5 5
-700.9 -5911.2 -19.0 268 0 10.6 9.8 5.0 2.5 2 0 2 1 1
-667.8 -5912.9 -19.1 273 0 8.9 9.5 5.0 2.5 2 1 2 3 3
-643.9 -5886.4 -18.9 87 0 8.4 10.2 2.5 2.5 4 1 1 1 1
-613.3 -5890.2 -18.8 90 0 10.3 9.3 2.5 2.5 2 0 1 4 4
-598.7 -5919.3 -18.8 270 0 9.0 9.2 5.0 2.5 2 1 2 0 0
-566.4 -5920.9 -18.5 272 0 11.6 9.2 5.0 2.5 2 0 2 2 2
-537.6 -5895.4 -17.8 92 0 6.2 6.7 2.5 2.5 2 1 1 0 0
-529.5 -5902.8 -17.8 91 0 4.1 6.2 2.5 2.5 2 1 1 1 1
-447.3 -5900.3 -16.7 92 0 9.2 8.5 2.5 2.5 2 0 1 4 4
-433.0 -5907.3 -17.0 86 0 5.5 5.4 2.5 2.5 2 0 1 1 1
-414.6 -5890.7 -17.2 272 0 7.1 4.6 2.5 2.5 2 0 1 3 3
-415.6 -5904.7 -17.3 96 0 7.3 8.2 2.5 2.5 2 1 1 3 3
-346.2 -5910.0 -17.7 89 0 9.5 10.1 2.5 2.5 2 1 1 3 3
-319.9 -5859.2 -16.9 178 0 5.8 7.6 2.5 2.5 2 1 1 1 1
-316.3 -5866.8 -16.9 267 0 4.4 4.0 2.5 0.0 0 0 1 5 5
-300.2 -5877.0 -16.7 1 0 4.5 4.0 2.5 2.5 2 0 1 3 3
-326.9 -5878.1 -17.1 267 0 8.4 10.1 2.5 0.0 0 1 1 5 5
-329.4 -5898.2 -17.3 91 0 6.7 5.9 2.5 2.5 2 0 1 5 5
-321.3 -5917.3 -17.3 95 0 18.6 15.5 2.5 2.5 4 0 1 1 1
-314.7 -5889.1 -17.1 90 0 12.7 7.1 2.5 2.5 2 0 1 1 1
-303.7 -5884.9 -16.8 0 0 6.7 3.2 2.5 2.5 2 0 1 4 4
-295.6 -5889.0 -16.7 359 0 8.9 7.1 2.5 2.5 4 0 1 5 5
-299.5 -5911.4 -16.8 91 0 11.3 13.5 2.5 2.5 2 1 1 2 2
-279.2 -5925.2 -16.4 92 0 6.9 5.8 2.5 0.0 0 0 1 0 0
-289.5 -5933.5 -16.6 275 0 10.6 11.8 2.5 2.5 2 1 1 5 5
-299.2 -5979.1 -16.1 3 0 14.8 11.0 2.5 2.5 2 0 1 2 2
-300.4 -6007.8 -15.4 4 0 13.6 9.8 2.5 2.5 2 0 1 0 0
-229.5 -5993.0 -14.5 0 0 5.3 3.0 5.0 2.5 2 0 2 0 0
-232.1 -5986.5 -14.7 3 0 4.3 4.9 5.0 2.5 2 1 2 1 1
-236.6 -5981.1 -14.9 3 0 3.7 4.8 5.0 2.5 2 1 2 3 3
-266.0 -5978.0 -15.2 179 0 6.0 5.6 5.0 2.5 2 0 2 3 3
-262.9 -5985.0 -15.1 179 0 6.6 8.9 5.0 0.0 0 1 2 3 3
-255.9 -5944.5 -15.8 265 0 6.1 5.5 5.0 2.5 2 0 2 2 2
-246.4 -5951.9 -15.6 268 0 15.2 11.0 5.0 0.0 0 0 2 3 3
-260.0 -5912.8 -16.1 177 0 8.2 8.4 5.0 2.5 2 1 2 5 5
-195.9 -5911.7 -15.2 91 0 5.4 10.7 5.0 2.5 2 1 2 4 4
-198.3 -5921.6 -15.3 96 0 10.6 8.8 5.0 2.5 2 0 2 1 1
-158.8 -5944.1 -15.2 271 0 7.9 12.0 5.0 2.5 2 1 2 3 3
-128.0 -5926.2 -15.1 89 0 8.1 9.9 5.0 2.5 2 1 2 5 5
-103.7 -5975.0 -15.3 96 0 4.8 5.7 5.0 2.5 2 1 2 5 5
-26.2 -5959.8 -13.9 267 0 8.0 10.0 5.0 2.5 2 1 2 3 3
-15.5 -5960.0 -13.7 270 0 5.0 9.4 5.0 2.5 2 1 2 3 3
-7.2 -5959.5 -13.7 269 0 9.6 12.0 5.0 2.5 2 1 2 2 2
-19.6 -5933.2 -13.2 88 0 9.3 9.1 5.0 0.0 0 0 2 1 1
9.5 -5931.0 -12.6 2 0 9.2 8.4 5.0 2.5 2 0 2 4 4
39.4 -5957.1 -13.7 271 0 8.3 6.0 5.0 2.5 2 0 2 3 3
127.6 -5968.1 -14.3 266 0 10.9 12.3 5.0 2.5 2 1 2 0 0
163.4 -5973.0 -13.7 273 0 8.3 10.1 5.0 2.5 2 1 2 2 2
178.2 -5946.9 -13.2 88 0 9.5 8.6 2.5 2.5 2 0 1 3 3
208.7 -5949.4 -12.8 89 0 9.5 8.9 2.5 2.5 2 0 1 3 3
207.2 -5984.9 -12.9 270 0 5.5 6.2 5.0 2.5 2 1 2 5 5
205.9 -5976.8 -12.9 270 0 7.5 5.9 5.0 2.5 2 0 2 2 2
266.4 -5979.2 -12.9 267 0 8.5 8.9 5.0 2.5 2 1 2 4 4
281.7 -5955.6 -12.8 86 0 12.3 9.6 2.5 2.5 2 0 1 5 5
292.9 -5979.7 -12.6 270 0 8.4 8.9 5.0 2.5 2 1 2 0 0
303.9 -5959.1 -12.3 89 0 10.3 10.4 2.5 0.0 0 1 1 0 0
368.6 -5960.8 -11.7 91 0 7.7 8.1 2.5 0.0 0 1 1 4 4
366.9 -5987.1 -11.9 270 0 9.5 10.6 5.0 2.5 2 1 2 5 5
404.3 -5944.8 -11.3 271 0 8.8 8.6 2.5 2.5 2 0 1 2 2
403.3 -5964.7 -11.4 89 0 7.1 7.4 2.5 2.5 2 1 1 3 3
407.1 -5991.3 -11.6 274 0 9.2 9.9 5.0 2.5 2 1 2 4 4
479.8 -5672.0 -8.4 182 0 8.0 6.2 5.0 2.5 2 0 2 5 5
476.9 -5701.9 -8.8 175 0 7.1 7.5 5.0 2.5 4 1 2 2 2
409.2 -5501.6 -9.4 180 0 3.9 4.1 2.5 2.5 4 1 1 2 2
483.8 -5599.7 -9.1 179 0 7.5 10.4 5.0 2.5 4 1 2 2 2
485.6 -5574.8 -9.0 182 0 9.4 10.6 5.0 2.5 2 1 2 2 2
492.6 -5508.4 -9.0 180 0 9.0 11.5 5.0 2.5 2 1 2 0 0
493.7 -5467.0 -8.7 183 0 7.7 9.3 5.0 2.5 2 1 2 2 2
490.8 -5402.6 -8.3 178 0 6.9 10.5 5.0 2.5 2 1 2 5 5
507.1 -5393.1 -8.0 179 0 7.4 7.9 5.0 2.5 2 1 2 4 4
499.2 -5393.0 -8.1 182 0 10.0 6.0 5.0 2.5 2 0 2 3 3
505.7 -5305.8 -8.5 183 0 10.9 6.2 2.5 2.5 2 0 1 3 3
505.0 -5271.9 -8.7 181 0 8.6 9.7 2.5 2.5 4 1 1 5 5
512.6 -5210.8 -8.2 180 0 8.1 15.8 2.5 2.5 2 1 1 5 5
522.5 -5164.0 -8.0 272 0 6.7 7.7 2.5 2.5 2 1 1 1 1
462.6 -5151.3 -9.5 92 0 8.1 11.2 5.0 2.5 2 1 2 5 5
435.3 -5102.2 -9.9 266 0 9.0 10.5 5.0 2.5 2 1 2 5 5
353.6 -6355.9 -15.1 271 0 3.6 4.7 5.0 2.5 2 1 2 4 4
347.1 -6371.1 -15.2 87 0 7.3 11.1 5.0 2.5 2 1 2 1 1
345.4 -6409.7 -15.3 268 0 8.9 8.6 5.0 2.5 2 0 2 4 4
378.0 -6371.2 -15.3 90 0 8.6 11.0 5.0 2.5 2 1 2 2 2
375.0 -6409.7 -15.2 270 0 8.1 10.6 5.0 2.5 2 1 2 5 5
446.8 -6211.9 -12.7 91 0 7.6 9.7 5.0 2.5 2 1 2 5 5
444.8 -6179.7 -12.1 183 0 7.7 8.8 5.0 2.5 2 1 2 1 1
455.3 -6013.1 -10.6 180 0 7.6 13.1 2.5 2.5 4 1 1 2 2
455.5 -5894.4 -9.9 185 0 5.4 5.3 2.5 2.5 4 0 1 4 4
457.9 -5982.5 -9.3 178 0 8.9 8.9 2.5 2.5 2 1 1 0 0
461.8 -5912.5 -9.9 189 0 8.5 14.0 2.5 0.0 0 1 1 5 5
464.7 -5881.9 -9.7 180 0 8.9 9.9 2.5 2.5 2 1 1 0 0
469.6 -5809.6 -9.2 182 0 11.0 8.8 5.0 2.5 2 0 2 0 0
470.7 -5781.5 -9.0 180 0 10.3 13.9 5.0 2.5 2 1 2 0 0
449.0 -5776.9 -9.3 359 0 16.1 10.6 5.0 2.5 2 0 2 3 3
421.0 -5745.9 -9.1 92 0 10.2 17.3 2.5 2.5 4 1 1 0 0
392.6 -5740.8 -9.5 94 0 11.5 14.5 2.5 0.0 0 1 1 4 4
187.6 -5752.1 -13.5 270 0 9.2 8.4 5.0 0.0 0 0 2 0 0
117.4 -5746.8 -13.2 272 0 9.5 16.0 2.5 2.5 2 1 1 5 5
120.3 -5724.3 -12.5 94 0 8.1 15.5 5.0 2.5 2 1 2 3 3
88.1 -5745.2 -12.8 270 0 9.6 9.2 2.5 2.5 2 0 1 2 2
23.0 -5741.9 -12.7 271 0 5.9 6.7 2.5 2.5 4 1 1 1 1
18.9 -5715.6 -12.1 92 0 9.5 10.1 5.0 2.5 2 1 2 5 5
-12.6 -5738.7 -12.6 272 0 9.9 11.0 2.5 2.5 2 1 1 2 2
-117.0 -5687.3 -14.1 179 0 3.9 6.1 5.0 2.5 2 1 2 2 2
-117.7 -5710.1 -14.1 87 0 10.2 12.8 5.0 2.5 4 1 2 1 1
-74.9 -5710.9 -13.2 93 0 9.6 10.2 5.0 2.5 2 1 2 0 0
-77.7 -5734.2 -13.4 271 0 9.5 11.0 2.5 2.5 2 1 1 0 0
-120.0 -5731.2 -13.9 268 0 11.0 13.5 2.5 2.5 4 1 1 4 4
-182.1 -5725.4 -14.5 268 0 8.2 10.5 2.5 2.5 2 1 1 0 0
-234.7 -5702.5 -15.4 88 0 10.3 10.3 5.0 2.5 2 1 2 0 0
-274.4 -5733.8 -15.9 5 0 5.1 10.1 2.5 2.5 2 1 1 4 4
-288.8 -5726.7 -16.0 273 0 6.1 5.6 2.5 2.5 4 0 1 5 5
-279.8 -5714.2 -16.0 267 0 27.6 11.5 2.5 2.5 4 0 1 1 1
-265.5 -5693.2 -16.0 3 0 9.5 7.8 5.0 2.5 4 0 2 4 4
-397.7 -5704.1 -15.9 267 0 3.7 3.6 5.0 2.5 2 0 2 5 5
-399.4 -5713.5 -16.1 270 0 10.4 10.5 5.0 2.5 2 1 2 0 0
-396.4 -5664.6 -16.0 2 0 4.3 3.7 2.5 2.5 2 0 1 5 5
-397.4 -5688.3 -16.0 91 0 10.3 9.5 2.5 2.5 4 0 1 0 0
-428.5 -5663.1 -16.3 265 0 3.9 3.2 2.5 2.5 4 0 1 0 0
-424.7 -5676.6 -16.3 89 0 6.8 6.2 2.5 2.5 2 0 1 4 4
-429.0 -5686.3 -16.3 88 0 8.5 7.7 2.5 2.5 2 0 1 1 1
-433.8 -5710.1 -16.3 268 0 10.4 15.0 5.0 2.5 2 1 2 3 3
-491.1 -5683.2 -16.4 91 0 9.0 9.8 2.5 2.5 2 1 1 5 5
-499.8 -5709.7 -16.1 269 0 9.3 9.0 5.0 2.5 2 0 2 5 5
-529.1 -5680.0 -16.0 90 0 8.7 9.9 2.5 2.5 2 1 1 4 4
-530.7 -5725.4 -15.7 179 0 6.0 6.7 5.0 2.5 2 1 2 1 1
-530.1 -5706.3 -15.8 269 0 8.0 7.2 5.0 0.0 0 0 2 0 0
-530.1 -5714.6 -15.7 273 0 6.1 5.7 5.0 2.5 2 0 2 5 5
-596.1 -5700.6 -16.6 277 0 9.5 12.4 5.0 0.0 0 1 2 1 1
-594.0 -5676.1 -16.7 89 0 12.2 10.5 2.5 2.5 2 0 1 2 2
-628.8 -5675.7 -17.2 85 0 10.1 11.1 2.5 2.5 4 1 1 2 2
-628.9 -5700.5 -17.3 271 0 9.2 9.5 5.0 2.5 2 1 2 3 3
-738.1 -5645.8 -17.0 178 0 3.9 4.1 2.5 0.0 0 1 1 5 5
-725.1 -5688.3 -16.9 270 0 5.1 4.7 5.0 2.5 2 0 2 0 0
-733.3 -5723.9 -17.3 90 0 5.9 6.4 5.0 2.5 2 1 2 5 5
-750.0 -5722.7 -17.3 180 0 6.7 6.1 5.0 2.5 2 0 2 3 3
-709.2 -5668.5 -16.9 88 0 7.8 9.5 2.5 2.5 2 1 1 2 2
-709.2 -5695.9 -17.0 267 0 8.3 7.2 5.0 2.5 4 0 2 3 3
-694.7 -5695.1 -17.1 271 0 11.1 7.9 5.0 2.5 2 0 2 5 5
-735.9 -5667.3 -17.0 91 0 8.9 10.1 2.5 0.0 0 1 1 5 5
-742.7 -5692.9 -17.1 276 0 10.2 9.9 5.0 2.5 2 0 2 2 2
-822.7 -5683.5 -17.8 266 0 3.5 4.1 5.0 2.5 2 1 2 2 2
-802.8 -5642.0 -17.8 356 0 4.4 3.7 2.5 2.5 2 0 1 1 1
-822.4 -5666.3 -17.9 86 0 3.8 5.5 2.5 0.0 0 1 1 0 0
-839.1 -5640.3 -18.1 180 0 3.4 3.0 2.5 2.5 2 0 1 2 2
-805.9 -5661.1 -17.8 88 0 8.9 10.0 2.5 2.5 2 1 1 0 0
-837.2 -5659.3 -18.0 85 0 9.1 8.9 2.5 2.5 2 0 1 3 3
-808.8 -5688.7 -17.8 272 0 8.3 9.3 5.0 2.5 2 1 2 3 3
-834.9 -5708.9 -17.9 95 0 6.4 6.7 5.0 0.0 0 1 2 2 2
-840.5 -5687.1 -17.9 268 0 9.8 8.6 5.0 2.5 2 0 2 0 0
-904.7 -5632.8 -18.1 0 0 5.9 8.0 5.0 2.5 2 1 2 2 2
-931.3 -5656.9 -18.0 83 0 6.8 4.8 5.0 2.5 2 0 2 2 2
-917.1 -5655.0 -18.0 89 0 9.7 10.9 5.0 2.5 2 1 2 1 1
-921.5 -5681.0 -18.5 273 0 9.0 9.6 5.0 2.5 2 1 2 3 3
-946.2 -5653.0 -18.0 91 0 8.5 10.0 5.0 2.5 2 1 2 0 0
-950.1 -5679.0 -18.5 267 0 7.8 9.1 5.0 2.5 4 1 2 3 3
-1026.1 -5646.6 -18.0 90 0 8.1 10.0 5.0 2.5 2 1 2 1 1
-1024.5 -5673.9 -18.6 271 0 8.1 8.6 2.5 2.5 2 1 1 4 4
-1115.1 -5667.7 -19.3 268 0 8.7 9.2 5.0 2.5 4 1 2 3 3
-1130.2 -5640.6 -18.8 89 0 10.0 9.8 5.0 2.5 2 0 2 1 1
-1163.4 -5637.0 -18.0 94 0 8.3 9.8 5.0 2.5 2 1 2 5 5
-1152.3 -5665.7 -18.9 268 0 10.1 8.9 5.0 2.5 2 0 2 3 3
482.9 -5311.5 -8.9 359 0 9.5 8.8 5.0 2.5 2 0 2 0 0
446.3 -5354.2 -8.8 273 0 10.1 9.0 5.0 2.5 2 0 2 1 1
437.2 -5524.3 -9.5 88 0 6.6 5.4 2.5 2.5 2 0 1 4 4
436.7 -5537.6 -9.7 89 0 7.8 11.8 2.5 2.5 4 1 1 3 3
435.8 -5562.0 -9.8 266 0 5.2 8.5 2.5 2.5 2 1 1 1 1
410.2 -5523.2 -9.6 95 0 9.4 10.3 2.5 0.0 0 1 1 4 4
376.9 -5557.9 -9.9 272 0 8.7 8.8 2.5 2.5 2 1 1 5 5
336.2 -5520.3 -10.5 90 0 8.9 9.7 2.5 2.5 2 1 1 0 0
297.1 -5521.7 -10.9 89 0 9.1 9.8 2.5 2.5 2 1 1 3 3
295.3 -5550.8 -11.2 274 0 9.7 9.7 2.5 2.5 2 0 1 5 5
227.3 -5522.7 -11.2 89 0 10.0 12.2 2.5 2.5 2 1 1 2 2
226.7 -5544.9 -11.5 273 0 9.8 10.0 2.5 2.5 4 1 1 0 0
185.3 -5514.2 -11.6 92 0 10.4 10.1 2.5 0.0 0 0 1 0 0
188.3 -5541.6 -11.9 268 0 9.8 13.9 2.5 2.5 2 1 1 0 0
118.2 -5511.1 -11.7 87 0 8.8 10.1 2.5 2.5 2 1 1 0 0
118.7 -5536.1 -11.7 267 0 9.6 10.1 2.5 2.5 2 1 1 4 4
86.9 -5535.3 -11.6 267 0 9.5 9.0 2.5 2.5 4 0 1 5 5
26.8 -5530.3 -12.1 271 0 9.4 10.9 2.5 2.5 4 1 1 2 2
11.8 -5504.8 -12.5 88 0 10.5 9.6 5.0 0.0 0 0 2 3 3
-5.3 -5491.9 -12.7 91 0 7.0 6.6 5.0 2.5 2 0 2 0 0
-34.8 -5430.4 -13.3 359 0 4.9 4.7 5.0 2.5 2 0 2 3 3
-15.6 -5504.6 -12.8 88 0 10.8 10.7 5.0 2.5 2 0 2 1 1
-76.1 -5497.5 -13.8 90 0 9.6 11.0 5.0 2.5 2 1 2 5 5
-112.5 -5540.5 -14.8 173 0 4.2 5.3 2.5 2.5 2 1 1 5 5
-113.6 -5493.8 -13.8 87 0 9.3 10.0 5.0 2.5 4 1 2 0 0
-108.7 -5522.2 -14.7 265 0 9.9 10.4 2.5 2.5 2 1 1 0 0
-208.3 -5521.8 -16.5 276 0 4.6 4.4 5.0 2.5 2 0 2 5 5
-205.7 -5480.2 -15.3 87 0 9.6 6.2 2.5 0.0 0 0 1 3 3
-229.8 -5473.6 -15.7 181 0 17.0 16.9 2.5 0.0 0 0 1 2 2
-187.7 -5519.5 -16.0 273 0 3.8 4.2 5.0 0.0 0 1 2 1 1
-187.3 -5510.5 -15.8 270 0 6.4 8.1 5.0 2.5 2 1 2 5 5
-363.7 -5298.5 -15.0 266 0 3.7 4.2 5.0 2.5 4 1 2 2 2
-371.7 -5293.9 -15.0 272 0 9.9 11.0 5.0 2.5 2 1 2 3 3
-405.0 -5292.1 -15.2 271 0 9.7 11.9 5.0 2.5 2 1 2 4 4
-505.9 -5263.3 -15.2 97 0 10.7 12.7 5.0 2.5 2 1 2 0 0
-477.6 -5262.9 -15.4 92 0 10.0 10.7 5.0 2.5 2 1 2 4 4
-474.3 -5287.5 -15.6 268 0 10.7 11.9 5.0 2.5 2 1 2 5 5
-507.6 -5285.6 -15.3 272 0 9.1 10.4 5.0 2.5 2 1 2 3 3
-571.4 -5257.5 -14.9 92 0 8.7 11.0 5.0 2.5 2 1 2 3 3
-572.0 -5280.7 -15.1 272 0 8.5 10.7 5.0 2.5 2 1 2 3 3
-601.7 -5254.5 -15.3 92 0 9.0 11.5 5.0 2.5 2 1 2 3 3
-658.5 -5301.1 -16.0 2 0 7.6 8.0 2.5 2.5 2 1 1 5 5
-660.4 -5334.0 -16.4 7 0 8.6 8.9 2.5 2.5 2 1 1 0 0
-652.8 -5208.2 -15.2 358 0 4.7 4.6 5.0 2.5 2 0 2 4 4
-646.4 -5215.5 -15.4 2 0 4.7 3.7 5.0 2.5 2 0 2 1 1
-660.3 -5199.2 -15.3 180 0 7.9 8.9 5.0 2.5 2 1 2 0 0
-657.4 -5234.6 -15.2 84 0 7.5 7.7 5.0 2.5 2 1 2 3 3
-645.3 -5130.7 -15.6 0 0 9.5 10.0 5.0 2.5 2 1 2 5 5
-641.0 -5097.5 -15.4 4 0 9.0 12.0 5.0 2.5 2 1 2 3 3
-557.2 -5070.6 -13.9 273 0 7.5 8.9 2.5 2.5 2 1 1 0 0
-574.9 -5082.5 -13.9 91 0 6.6 8.1 2.5 2.5 2 1 1 4 4
-586.3 -5068.8 -13.9 269 0 8.1 8.7 2.5 2.5 2 1 1 4 4
-480.9 -5048.2 -13.2 87 0 10.4 10.2 5.0 2.5 2 0 2 2 2
-482.2 -5075.5 -13.7 273 0 9.8 9.9 2.5 2.5 4 1 1 2 2
365.5 -5109.3 -10.0 91 0 9.7 11.9 5.0 2.5 2 1 2 5 5
364.1 -5132.8 -10.2 272 0 10.5 9.8 2.5 2.5 2 0 1 2 2
335.3 -5105.7 -9.7 90 0 10.2 9.9 5.0 2.5 2 0 2 3 3
332.1 -5133.0 -9.9 271 0 8.0 9.7 2.5 2.5 2 1 1 0 0
264.4 -5100.0 -9.4 91 0 9.5 8.7 5.0 0.0 0 0 2 5 5
262.1 -5127.4 -9.3 270 0 10.1 10.1 2.5 2.5 2 0 1 5 5
230.0 -5125.4 -9.7 269 0 10.0 9.2 2.5 2.5 2 0 1 0 0
215.8 -5309.4 -9.4 92 0 9.4 10.2 5.0 2.5 2 1 2 2 2
117.5 -5345.3 -11.5 84 0 5.1 5.6 5.0 2.5 2 1 2 4 4
117.1 -5326.1 -11.6 270 0 10.9 11.0 5.0 2.5 2 1 2 2 2
45.4 -5322.9 -12.8 270 0 9.2 10.0 5.0 2.5 2 1 2 0 0
21.3 -5321.1 -13.2 270 0 9.2 9.8 5.0 2.5 2 1 2 3 3
6.6 -5375.4 -13.1 91 0 3.8 4.6 5.0 2.5 2 1 2 2 2
-56.3 -5304.3 -13.5 350 0 3.2 4.3 2.5 2.5 2 1 1 5 5
-55.6 -5334.1 -13.6 1 0 5.0 5.1 2.5 2.5 2 1 1 1 1
-82.2 -5311.0 -13.6 269 0 10.5 20.3 2.5 2.5 2 1 1 1 1
-78.7 -5289.9 -13.6 93 0 12.4 9.4 5.0 2.5 2 0 2 4 4
-89.7 -5287.8 -13.7 83 0 7.5 18.8 5.0 2.5 2 1 2 0 0
-50.7 -5308.3 -13.5 272 0 7.6 7.1 2.5 2.5 2 0 1 3 3
-53.1 -5317.1 -13.5 267 0 7.8 10.7 2.5 2.5 2 1 1 5 5
-149.9 -5309.0 -13.5 271 0 8.4 9.7 2.5 2.5 2 1 1 1 1
-178.4 -5312.0 -13.4 266 0 5.7 6.9 2.5 2.5 2 1 1 2 2
-238.1 -5310.9 -13.6 6 0 15.6 11.2 5.0 2.5 4 0 2 5 5
-304.1 -5299.1 -14.6 273 0 13.1 12.4 5.0 2.5 2 0 2 3 3
-264.4 -5508.4 -16.4 272 0 8.1 12.8 5.0 2.5 2 1 2 0 0
-336.8 -5479.2 -16.1 88 0 8.7 9.4 5.0 2.5 2 1 2 5 5
-402.3 -5476.0 -16.1 93 0 10.1 13.7 5.0 2.5 2 1 2 5 5
-402.4 -5500.5 -16.2 273 0 9.4 12.8 2.5 2.5 2 1 1 2 2
-432.5 -5496.5 -16.2 272 0 12.4 14.0 2.5 2.5 2 1 1 3 3
-497.6 -5470.3 -15.9 90 0 7.3 11.8 5.0 2.5 2 1 2 0 0
-498.8 -5492.5 -16.0 274 0 9.1 12.8 2.5 2.5 4 1 1 5 5
-524.1 -5499.9 -16.0 273 0 6.7 6.1 2.5 2.5 4 0 1 3 3
-527.3 -5490.2 -16.0 275 0 8.0 8.5 2.5 0.0 0 1 1 5 5
-626.0 -5449.2 -16.0 86 0 6.9 4.4 2.5 2.5 2 0 1 1 1
-626.6 -5460.1 -16.0 94 0 10.7 9.2 2.5 2.5 2 0 1 1 1
-615.0 -5466.2 -16.0 93 0 7.0 9.6 2.5 2.5 4 1 1 0 0
-596.0 -5461.6 -16.0 100 0 9.4 9.2 2.5 2.5 2 0 1 1 1
-599.4 -5488.2 -16.2 271 0 9.5 11.9 5.0 2.5 2 1 2 0 0
-628.9 -5485.0 -16.2 272 0 11.0 10.1 5.0 2.5 2 0 2 5 5
-707.3 -5452.5 -17.3 89 0 9.8 8.5 5.0 2.5 2 0 2 4 4
-712.7 -5478.7 -17.5 269 0 10.6 16.1 5.0 0.0 0 1 2 1 1
-737.3 -5449.7 -17.4 91 0 9.2 9.8 5.0 0.0 0 1 2 3 3
-741.5 -5476.8 -17.9 268 0 9.6 10.9 5.0 2.5 2 1 2 3 3
-800.4 -5435.8 -17.4 90 0 8.7 3.7 5.0 2.5 2 0 2 0 0
-804.2 -5445.2 -18.0 94 0 9.6 7.4 5.0 2.5 2 0 2 4 4
-837.9 -5442.3 -18.1 89 0 9.6 10.2 5.0 2.5 2 1 2 5 5
-870.9 -5496.1 -18.7 179 0 8.1 9.2 5.0 2.5 2 1 2 2 2
-906.2 -5510.9 -18.5 1 0 5.6 5.2 5.0 2.5 2 0 2 3 3
-926.4 -5479.0 -18.3 180 0 5.6 4.7 5.0 0.0 0 0 2 4 4
-919.6 -5487.7 -18.5 177 0 4.4 3.4 5.0 2.5 2 0 2 3 3
-887.6 -5488.1 -18.6 357 0 4.1 5.5 5.0 2.5 2 1 2 0 0
-896.9 -5520.0 -18.5 3 0 7.8 8.9 5.0 0.0 0 1 2 0 0
-906.6 -5479.1 -18.6 360 0 7.5 6.4 5.0 0.0 0 0 2 2 2
-894.4 -5488.7 -18.6 358 0 10.6 9.5 5.0 2.5 2 0 2 0 0
-907.3 -5429.4 -18.0 90 0 9.6 9.3 5.0 0.0 0 0 2 2 2
-934.9 -5423.4 -17.6 179 0 9.5 8.8 5.0 2.5 4 0 2 5 5
-1012.5 -5419.0 -16.1 85 0 9.0 9.7 2.5 2.5 2 1 1 0 0
-1019.8 -5446.5 -16.5 266 0 8.0 9.5 5.0 2.5 2 1 2 3 3
-1047.4 -5405.8 -14.8 170 0 3.5 3.9 2.5 2.5 2 1 1 0 0
-1044.1 -5418.8 -15.6 95 0 7.9 8.5 2.5 2.5 2 1 1 1 1
-1047.0 -5446.0 -16.1 276 0 9.2 9.1 5.0 2.5 4 0 2 5 5
20.0 -5297.8 -13.3 97 0 9.8 12.2 5.0 2.5 2 1 2 5 5
-50.1 -5292.3 -13.6 89 0 11.2 14.5 5.0 2.5 2 1 2 4 4
-141.4 -5264.2 -13.8 268 0 10.9 10.1 5.0 2.5 2 0 2 3 3
-145.4 -5286.5 -13.7 90 0 11.7 10.3 5.0 2.5 2 0 2 5 5
-198.5 -5132.4 -15.3 182 0 11.0 12.5 5.0 0.0 0 1 2 4 4
-182.5 -5282.1 -13.9 89 0 11.7 11.3 5.0 2.5 2 0 2 1 1
-255.3 -5252.2 -14.0 270 0 8.2 9.0 5.0 2.5 2 1 2 5 5
-242.0 -5265.7 -13.9 359 0 6.6 8.0 5.0 2.5 2 1 2 4 4
-252.3 -5279.0 -13.9 85 0 14.8 7.8 5.0 2.5 2 0 2 1 1
-302.0 -5275.4 -14.4 102 0 12.8 14.3 5.0 2.5 2 1 2 0 0
-371.4 -5270.8 -14.9 90 0 9.3 11.0 5.0 2.5 2 1 2 0 0
-403.7 -5270.2 -15.2 93 0 11.7 13.1 5.0 2.5 2 1 2 5 5
136.7 -5093.2 -11.0 91 0 9.6 12.8 2.5 2.5 2 1 1 1 1
130.1 -5115.6 -11.2 267 0 10.4 12.5 5.0 2.5 2 1 2 3 3
70.4 -5088.3 -11.7 87 0 10.4 11.6 2.5 2.5 2 1 1 5 5
67.2 -5114.0 -12.1 270 0 9.3 10.7 5.0 2.5 2 1 2 0 0
34.9 -5085.8 -12.0 90 0 10.4 10.4 2.5 2.5 2 1 1 3 3
23.2 -5109.5 -12.5 276 0 11.3 12.2 5.0 2.5 2 1 2 4 4
-25.6 -5083.4 -13.0 90 0 9.6 12.5 2.5 2.5 4 1 1 0 0
-28.8 -5106.8 -13.3 273 0 11.1 11.1 5.0 2.5 2 0 2 1 1
-73.2 -5077.2 -13.8 100 0 8.7 11.4 2.5 2.5 2 1 1 5 5
-79.1 -5102.1 -14.3 269 0 8.8 11.8 5.0 2.5 4 1 2 5 5
-138.4 -5098.9 -14.9 273 0 9.2 11.3 5.0 0.0 0 1 2 1 1
-192.8 -5075.7 -15.1 92 0 20.0 8.3 2.5 2.5 2 0 1 0 0
-226.2 -5056.8 -14.8 0 0 6.3 8.4 5.0 2.5 2 1 2 1 1
-223.2 -5072.2 -15.0 94 0 8.4 9.3 5.0 2.5 2 1 2 5 5
-224.7 -5100.3 -15.0 0 0 9.9 7.5 2.5 2.5 2 0 1 0 0
-266.8 -5088.0 -14.6 272 0 8.3 13.6 2.5 2.5 2 1 1 2 2
-287.2 -5061.6 -14.4 88 0 9.0 11.3 5.0 2.5 2 1 2 0 0
-293.6 -5082.2 -14.6 269 0 14.5 23.1 2.5 2.5 2 1 1 3 3
-354.0 -5056.3 -14.9 93 0 12.0 12.8 5.0 0.0 0 1 2 4 4
-354.8 -5083.3 -15.2 270 0 13.2 11.6 2.5 2.5 2 0 1 1 1
-384.5 -5054.8 -14.8 88 0 9.1 13.2 5.0 2.5 2 1 2 4 4
-387.5 -5079.2 -15.1 273 0 13.9 13.3 2.5 2.5 2 0 1 0 0
-450.7 -5050.5 -13.7 81 0 7.6 12.4 5.0 2.5 2 1 2 0 0
-455.8 -5075.8 -14.1 268 0 8.7 11.3 2.5 2.5 2 1 1 0 0
-178.1 -4787.1 -11.9 181 0 14.2 17.5 5.0 2.5 2 1 2 3 3
-1331.1 -123.1 -14.8 177 0 10.2 9.4 5.0 2.5 4 0 2 4 4
-1332.0 -153.9 -14.9 177 0 12.9 11.3 5.0 2.5 2 0 2 4 4
-1359.4 -120.0 -15.5 0 0 9.1 16.0 2.5 0.0 0 1 1 1 1
-1358.9 -151.7 -15.5 1 0 9.5 10.4 2.5 2.5 2 1 1 0 0
-1274.6 -301.4 -15.4 0 0 6.1 6.3 5.0 2.5 2 1 2 1 1
-1334.6 -217.5 -15.2 175 0 9.9 10.0 5.0 2.5 2 1 2 3 3
-1308.5 -309.3 -15.1 270 0 13.3 11.2 5.0 2.5 2 0 2 2 2
-1279.0 -310.6 -15.5 274 0 15.5 15.1 5.0 0.0 0 0 2 5 5
-1209.9 -316.6 -15.3 272 0 10.4 10.0 5.0 2.5 4 0 2 5 5
-1187.0 -318.5 -14.8 266 0 9.6 10.5 5.0 2.5 2 1 2 3 3
-1118.3 -140.4 -13.0 183 0 10.4 15.7 5.0 2.5 2 1 2 2 2
-1120.2 -161.4 -13.2 187 0 8.2 12.4 5.0 2.5 2 1 2 0 0
-1145.0 -139.8 -13.1 4 0 9.0 13.3 5.0 2.5 2 1 2 5 5
-1145.5 -161.9 -13.3 360 0 10.6 12.1 5.0 2.5 2 1 2 4 4
-1146.4 -241.4 -14.1 0 0 11.2 10.4 5.0 2.5 4 0 2 4 4
-1147.0 -262.1 -14.3 2 0 10.3 11.1 5.0 2.5 2 1 2 1 1
-1121.1 -239.2 -14.1 182 0 9.6 9.6 5.0 0.0 0 1 2 2 2
-1123.2 -261.3 -14.3 182 0 8.2 11.5 5.0 2.5 2 1 2 1 1
-1127.0 -341.4 -14.7 178 0 10.1 11.0 5.0 0.0 0 1 2 0 0
-1127.9 -369.1 -14.7 185 0 10.6 11.7 5.0 2.5 2 1 2 4 4
-1078.1 -524.0 -13.3 273 0 11.4 9.6 2.5 2.5 2 0 1 1 1
-1103.9 -523.4 -14.4 273 0 12.0 9.2 2.5 2.5 2 0 1 2 2
-1179.2 -494.1 -17.2 88 0 10.9 10.9 2.5 2.5 4 0 1 0 0
-1182.0 -518.6 -16.6 270 0 10.1 11.8 5.0 2.5 4 1 2 0 0
-1208.7 -519.2 -16.6 271 0 11.1 12.1 5.0 2.5 2 1 2 2 2
-1287.4 -493.3 -15.6 90 0 11.3 15.1 5.0 2.5 2 1 2 1 1
-1326.8 -465.4 -15.5 180 0 5.4 7.4 5.0 0.0 0 1 2 3 3
-1314.1 -491.6 -15.7 93 0 13.4 13.7 5.0 2.5 2 1 2 1 1
-1313.6 -517.1 -15.9 268 0 9.8 9.2 2.5 2.5 2 0 1 5 5
-1118.0 -707.0 -12.1 90 0 6.1 6.4 2.5 2.5 4 1 1 2 2
-1106.0 -712.4 -12.0 93 0 12.8 16.3 2.5 2.5 2 1 1 4 4
-1108.7 -732.8 -11.2 266 0 9.3 9.1 2.5 2.5 4 0 1 1 1
-1150.0 -729.4 -12.1 275 0 8.9 10.5 2.5 0.0 0 1 1 3 3
-1174.0 -669.9 -14.2 259 0 4.8 9.6 2.5 0.0 0 1 1 1 1
-1180.8 -705.4 -14.2 87 0 8.9 12.1 2.5 2.5 2 1 1 4 4
-1183.3 -729.8 -13.1 273 0 12.2 12.0 2.5 2.5 2 0 1 0 0
-1211.6 -706.1 -14.6 90 0 9.5 9.5 2.5 2.5 2 1 1 1 1
-1225.3 -728.8 -14.1 262 0 8.6 11.9 2.5 2.5 2 1 1 0 0
-1354.6 -672.9 -15.6 175 0 12.3 14.4 2.5 2.5 4 1 1 5 5
-1278.7 -702.3 -15.6 93 0 9.6 11.5 2.5 2.5 2 1 1 4 4
-1294.6 -727.3 -15.8 267 0 8.1 9.8 2.5 2.5 2 1 1 3 3
-1297.2 -751.8 -15.6 180 0 8.0 8.0 2.5 2.5 2 0 1 1 1
-1355.2 -847.4 -16.4 184 0 13.9 10.3 5.0 2.5 2 0 2 0 0
-1388.6 -1000.0 -16.5 6 0 12.2 15.4 5.0 2.5 2 1 2 3 3
-1557.2 -916.3 -17.2 273 0 11.4 16.6 5.0 2.5 2 1 2 0 0
-1528.4 -918.7 -17.1 267 0 10.8 13.4 5.0 2.5 2 1 2 0 0
-1472.5 -839.2 -16.9 180 0 10.9 13.9 2.5 2.5 2 1 1 0 0
-1498.7 -868.0 -16.9 2 0 10.6 11.1 5.0 2.5 2 1 2 1 1
-1498.9 -838.6 -16.9 0 0 10.9 10.6 5.0 2.5 2 0 2 0 0
-1469.4 -735.3 -17.5 176 0 12.2 14.2 2.5 0.0 0 1 1 5 5
-1470.3 -769.9 -17.3 179 0 13.9 16.5 2.5 2.5 2 1 1 5 5
-1495.2 -770.2 -17.3 2 0 12.2 14.6 5.0 0.0 0 1 2 4 4
-1467.5 -668.1 -17.6 180 0 12.1 12.1 2.5 2.5 2 1 1 2 2
-1490.7 -636.3 -17.6 2 0 10.1 11.4 5.0 0.0 0 1 2 3 3
-1465.2 -635.1 -17.4 177 0 17.6 17.1 2.5 2.5 4 0 1 5 5
-1462.9 -565.8 -16.8 182 0 10.4 10.1 2.5 0.0 0 0 1 3 3
-1460.6 -528.9 -16.9 184 0 8.2 8.4 2.5 0.0 0 1 1 5 5
-1490.6 -565.4 -17.1 357 0 10.1 9.7 5.0 2.5 2 0 2 1 1
-1487.6 -530.7 -17.0 0 0 14.2 10.9 5.0 2.5 2 0 2 1 1
-1354.8 -263.8 -15.4 1 0 14.0 22.7 5.0 0.0 0 1 2 1 1
-1391.1 -333.1 -15.3 91 0 13.0 71.3 5.0 2.5 2 1 2 5 5
-1379.2 -456.3 -16.2 0 0 22.5 17.2 5.0 2.5 2 0 2 2 2
-1429.0 -366.5 -15.1 275 0 17.7 21.1 5.0 2.5 2 1 2 4 4
-1425.3 -481.3 -17.1 87 0 20.4 11.9 5.0 2.5 2 0 2 3 3
-1455.3 -367.4 -15.3 270 0 13.6 11.0 5.0 2.5 2 0 2 3 3
-1451.8 -479.2 -17.5 90 0 14.8 10.1 5.0 0.0 0 0 2 1 1
-1473.8 -480.1 -17.6 93 0 15.4 11.8 5.0 2.5 2 0 2 1 1
-1675.7 -630.6 -17.1 182 0 14.0 11.9 5.0 2.5 2 0 2 4 4
-1679.5 -730.4 -17.2 180 0 9.8 17.5 5.0 2.5 2 1 2 5 5
-1682.5 -829.8 -17.8 186 0 11.3 12.5 5.0 0.0 0 1 2 0 0
-1684.3 -859.4 -17.8 175 0 10.2 11.9 5.0 0.0 0 1 2 4 4
-1698.5 -627.8 -17.1 354 0 10.2 14.2 5.0 2.5 2 1 2 1 1
-1699.1 -657.8 -17.2 0 0 11.0 10.9 5.0 2.5 4 0 2 5 5
-1550.4 -113.7 -16.3 173 0 9.6 13.2 5.0 2.5 2 1 2 3 3
-1576.8 -113.3 -17.0 3 0 11.0 13.0 5.0 2.5 2 1 2 4 4
-1553.9 -145.0 -15.5 173 0 10.2 14.6 5.0 2.5 2 1 2 0 0
-1579.1 -253.1 -16.7 3 0 13.4 15.2 5.0 2.5 2 1 2 5 5
-1585.4 -320.6 -16.5 5 0 14.6 12.1 5.0 2.5 2 0 2 2 2
-1581.5 -353.3 -16.2 0 0 15.8 18.7 5.0 2.5 2 1 2 2 2
-1585.7 -419.6 -16.3 351 0 8.3 14.7 5.0 2.5 4 1 2 3 3
-1547.7 -454.8 -16.7 180 0 10.7 11.0 5.0 2.5 2 1 2 0 0
-1569.6 -475.1 -16.5 178 0 14.4 10.2 5.0 2.5 2 0 2 4 4
-1589.5 -457.8 -16.4 360 0 14.3 9.2 5.0 2.5 2 0 2 1 1
-1675.1 -557.2 -17.0 170 0 9.1 9.5 5.0 2.5 2 1 2 1 1
-1697.9 -528.9 -16.8 0 0 11.9 10.7 5.0 2.5 2 0 2 0 0
-1697.6 -558.1 -17.0 3 0 11.9 11.3 5.0 2.5 2 0 2 4 4
-2044.1 164.2 -17.1 90 0 10.9 11.6 5.0 2.5 2 1 2 0 0
-2043.1 138.5 -17.5 270 0 11.0 10.7 5.0 0.0 0 0 2 4 4
-2010.1 164.8 -17.0 84 0 11.7 11.9 5.0 2.5 2 1 2 2 2
-2012.3 141.2 -17.5 262 0 11.9 15.0 5.0 2.5 2 1 2 4 4
-1943.3 161.2 -16.7 87 0 7.1 11.2 5.0 2.5 2 1 2 4 4
-1908.5 161.5 -16.6 81 0 11.2 11.7 5.0 2.5 2 1 2 1 1
-1911.4 136.5 -17.1 273 0 11.3 10.6 5.0 2.5 4 0 2 3 3
-1841.6 158.8 -16.3 90 0 12.1 12.8 5.0 2.5 4 1 2 5 5
-1807.8 157.9 -16.2 86 0 8.3 8.3 5.0 2.5 2 0 2 5 5
-1698.6 143.6 -16.1 90 0 12.7 12.2 5.0 2.5 2 0 2 1 1
-1731.8 145.7 -16.1 97 0 11.6 9.8 5.0 2.5 2 0 2 2 2
-1760.1 93.5 -16.5 180 0 10.7 13.6 5.0 0.0 0 1 2 0 0
-1762.4 63.0 -16.5 180 0 12.7 12.4 5.0 2.5 2 0 2 1 1
-1765.1 -8.7 -16.7 180 0 11.3 15.7 5.0 0.0 0 1 2 0 0
-1764.2 -38.1 -16.8 180 0 11.6 13.6 5.0 2.5 4 1 2 1 1
-1767.7 -105.4 -17.2 180 0 10.9 10.6 5.0 2.5 2 0 2 5 5
-1813.8 -49.9 -17.2 90 0 9.5 10.1 5.0 2.5 2 1 2 3 3
-1818.4 -74.0 -17.5 270 0 13.6 11.0 2.5 2.5 2 0 1 3 3
-1841.2 -55.3 -17.5 90 0 10.4 11.0 5.0 2.5 2 1 2 1 1
-1905.4 -69.9 -17.8 270 0 12.7 13.1 2.5 2.5 2 1 1 1 1
-1916.4 -48.6 -17.9 85 0 10.1 11.8 5.0 2.5 2 1 2 5 5
-1952.9 -73.8 -17.6 267 0 12.5 10.7 2.5 0.0 0 0 1 0 0
-1963.3 -47.8 -17.8 93 0 14.2 13.7 5.0 2.5 2 0 2 0 0
-2017.2 -46.9 -17.2 83 0 10.6 16.1 5.0 2.5 2 1 2 5 5
-2017.3 -68.1 -17.3 277 0 16.2 12.7 2.5 2.5 2 0 1 2 2
-2048.0 -43.3 -17.1 79 0 9.4 13.7 5.0 2.5 2 1 2 2 2
-2118.2 -65.4 -17.5 281 0 13.6 11.1 2.5 2.5 2 0 1 1 1
-2148.4 -65.7 -17.4 273 0 9.5 10.5 2.5 2.5 4 1 1 3 3
-2201.7 -38.0 -13.5 357 0 10.7 11.2 5.0 2.5 2 1 2 2 2
-2202.6 -98.0 -17.1 7 0 11.0 10.3 5.0 2.5 2 0 2 2 2
-2204.6 -124.2 -17.2 357 0 10.1 10.6 5.0 2.5 2 1 2 4 4
-2207.0 -195.8 -17.9 3 0 10.4 9.5 5.0 2.5 2 0 2 3 3
-1951.9 -278.9 -17.6 272 0 21.6 13.7 5.0 0.0 0 0 2 0 0
-1957.6 -256.8 -17.6 90 0 9.8 10.4 5.0 2.5 4 1 2 0 0
-1923.8 -259.2 -17.7 97 0 10.1 12.4 5.0 2.5 2 1 2 5 5
-1928.0 -284.0 -17.6 274 0 9.5 10.3 5.0 2.5 2 1 2 0 0
-1857.4 -284.2 -17.7 281 0 14.2 14.1 5.0 2.5 2 0 2 4 4
-1857.5 -260.4 -17.7 90 0 10.1 12.8 5.0 2.5 2 1 2 1 1
-1825.2 -263.7 -17.8 90 0 10.7 14.9 5.0 2.5 2 1 2 1 1
-1771.0 -217.0 -17.6 180 0 11.6 12.1 2.5 2.5 2 1 1 0 0
-1774.0 -247.1 -17.8 183 0 11.1 12.5 2.5 0.0 0 1 1 3 3
-1775.2 -316.1 -17.1 170 0 10.3 11.6 2.5 2.5 2 1 1 4 4
-1776.7 -346.0 -16.5 180 0 11.6 10.4 2.5 2.5 2 0 1 0 0
-1778.5 -415.1 -15.9 172 0 9.1 8.7 2.5 2.5 2 0 1 0 0
-1832.6 -470.9 -15.2 92 0 13.6 14.0 5.0 2.5 2 1 2 1 1
-1864.6 -470.9 -15.7 96 0 11.3 11.1 5.0 2.5 2 0 2 5 5
-1932.4 -469.0 -17.0 84 0 10.1 11.5 5.0 2.5 2 1 2 3 3
-1961.3 -454.5 -17.0 273 0 10.7 10.1 5.0 2.5 2 0 2 4 4
-1913.2 -524.7 -16.9 3 0 9.9 10.1 5.0 2.5 2 1 2 4 4
-1889.8 -521.7 -16.7 180 0 12.2 11.0 5.0 0.0 0 0 2 2 2
-1914.1 -549.5 -16.9 0 0 11.6 9.5 5.0 2.5 2 0 2 3 3
-1915.6 -618.5 -17.4 3 0 11.3 13.3 5.0 2.5 2 1 2 1 1
-1916.5 -652.9 -17.8 0 0 12.2 14.2 5.0 2.5 2 1 2 5 5
-1891.0 -620.7 -17.2 180 0 9.2 11.5 5.0 2.5 2 1 2 5 5
-1893.0 -649.2 -17.5 178 0 12.2 12.1 5.0 0.0 0 0 2 2 2
-1893.4 -723.3 -17.5 173 0 9.5 11.1 2.5 2.5 2 1 1 1 1
-1896.0 -760.4 -17.6 183 0 10.1 12.2 2.5 2.5 2 1 1 0 0
-1918.6 -720.7 -17.8 4 0 10.7 10.8 5.0 2.5 2 1 2 2 2
-1917.1 -751.6 -17.8 358 0 9.9 15.7 5.0 2.5 2 1 2 1 1
-1897.5 -818.5 -17.6 180 0 11.9 13.5 2.5 2.5 2 1 1 0 0
-1897.2 -853.7 -17.9 176 0 8.9 9.7 2.5 2.5 2 1 1 1 1
-1922.4 -855.1 -17.7 6 0 12.2 10.5 5.0 2.5 2 0 2 5 5
-2016.9 -236.8 -17.6 94 0 9.8 7.7 5.0 0.0 0 0 2 3 3
-2023.4 -255.9 -17.6 82 0 11.2 11.3 5.0 2.5 2 1 2 1 1
-2003.8 -281.6 -17.5 270 0 14.8 9.8 5.0 2.5 2 0 2 3 3
-2053.7 -253.2 -17.5 90 0 13.0 12.5 5.0 2.5 2 0 2 1 1
-2055.7 -275.3 -17.5 270 0 10.7 10.1 5.0 2.5 2 0 2 0 0
-2031.1 -463.4 -16.9 90 0 10.0 12.7 5.0 2.5 2 1 2 3 3
-2062.7 -463.4 -16.8 80 0 10.6 12.2 5.0 2.5 4 1 2 4 4
-2124.4 -249.1 -17.5 93 0 13.0 12.3 5.0 2.5 2 0 2 3 3
-2125.0 -275.3 -17.4 273 0 11.8 11.9 5.0 2.5 2 1 2 0 0
-2156.6 -248.4 -17.4 84 0 11.2 10.9 5.0 2.5 2 0 2 3 3
-2157.4 -273.8 -17.4 277 0 12.1 14.0 5.0 2.5 2 1 2 1 1
-2207.0 -224.3 -17.8 0 0 11.3 11.0 5.0 2.5 2 0 2 1 1
-2210.9 -323.8 -16.6 3 0 9.9 11.0 2.5 2.5 2 1 1 4 4
-2215.3 -396.9 -16.0 3 0 8.3 9.5 2.5 2.5 2 1 1 3 3
-2215.9 -420.1 -16.3 357 0 11.6 11.2 2.5 2.5 2 0 1 1 1
-2132.7 -460.2 -16.8 87 0 11.8 11.6 5.0 2.5 2 0 2 3 3
-2163.8 -458.6 -16.8 94 0 9.2 10.9 5.0 2.5 2 1 2 2 2
-2095.6 -513.5 -16.8 180 0 14.8 10.9 5.0 2.5 2 0 2 1 1
-2099.2 -542.1 -17.2 183 0 13.4 11.5 5.0 2.5 2 0 2 3 3
-2123.5 -512.2 -16.9 357 0 11.0 11.8 2.5 2.5 2 1 1 5 5
-2124.1 -542.5 -17.3 3 0 11.1 8.3 2.5 2.5 2 0 1 1 1
-2125.0 -597.6 -19.1 0 0 11.3 10.7 2.5 2.5 4 0 1 5 5
-2101.9 -665.1 -19.6 174 0 10.4 10.0 5.0 2.5 2 0 2 2 2
-2103.3 -707.6 -19.3 177 0 9.5 7.7 5.0 0.0 0 0 2 2 2
-2130.6 -711.2 -19.1 0 0 9.5 9.8 2.5 2.5 2 1 1 1 1
-2131.5 -747.1 -18.8 6 0 12.0 8.9 2.5 2.5 2 0 1 2 2
-2107.2 -812.2 -18.2 173 0 9.7 9.1 5.0 2.5 2 0 2 1 1
-2132.7 -841.1 -17.8 6 0 16.8 9.7 2.5 2.5 2 0 1 0 0
-5030.2 -5388.6 -15.9 275 0 7.0 6.1 2.5 0.0 0 0 1 5 5
-5049.6 -5381.4 -15.8 296 0 5.4 5.4 2.5 2.5 2 0 1 4 4
-5081.5 -5374.3 -15.8 284 0 9.4 6.0 2.5 2.5 2 0 1 0 0
-5106.2 -5371.1 -15.8 270 0 9.0 9.6 2.5 2.5 2 1 1 2 2
-5137.6 -5369.7 -15.7 268 0 9.0 10.3 2.5 2.5 2 1 1 1 1
-5171.2 -5357.9 -15.7 275 0 9.7 6.6 2.5 0.0 0 0 1 0 0
-5202.7 -5360.1 -15.7 280 0 10.2 6.3 2.5 2.5 2 0 1 3 3
-5233.6 -5357.7 -15.6 285 0 8.0 5.2 2.5 2.5 2 0 1 3 3
-5287.5 -5351.6 -15.8 281 0 5.6 6.1 2.5 2.5 2 1 1 3 3
-5294.7 -5346.9 -15.9 283 0 6.2 4.7 2.5 2.5 2 0 1 1 1
-5286.5 -5376.7 -15.7 101 0 6.7 6.5 2.5 2.5 4 0 1 2 2
-5335.1 -5436.0 -16.8 199 0 8.2 7.5 5.0 2.5 2 0 2 1 1
-5342.1 -5465.6 -14.6 200 0 7.0 7.3 5.0 2.5 2 1 2 2 2
-5353.3 -5499.4 -12.6 204 0 8.6 7.1 5.0 2.5 4 0 2 4 4
-5368.3 -5526.1 -13.3 209 0 8.7 6.7 5.0 2.5 2 0 2 1 1
-5441.2 -5599.1 -13.4 103 0 5.8 8.3 5.0 2.5 2 1 2 5 5
-5425.6 -5571.9 -12.6 23 0 8.5 5.8 5.0 2.5 2 0 2 4 4
-5418.5 -5549.9 -11.6 22 0 6.9 5.8 5.0 2.5 2 0 2 1 1
-5402.8 -5509.3 -11.3 37 0 8.4 5.4 5.0 2.5 2 0 2 4 4
-5387.3 -5484.4 -13.1 21 0 8.9 6.5 5.0 2.5 2 0 2 4 4
-5377.1 -5449.3 -15.6 18 0 9.2 6.4 5.0 2.5 2 0 2 1 1
-5372.4 -5430.0 -17.0 15 0 7.7 6.9 5.0 2.5 2 0 2 0 0
-5372.6 -5399.1 -18.4 200 0 8.2 6.7 5.0 2.5 2 0 2 3 3
-5353.2 -5321.8 -17.3 282 0 6.5 17.6 5.0 2.5 2 1 2 4 4
-5379.7 -5318.8 -17.7 289 0 7.7 5.8 5.0 2.5 2 0 2 3 3
-5405.2 -5311.5 -18.2 287 0 6.7 6.3 5.0 2.5 2 0 2 1 1
-5428.6 -5304.4 -18.7 284 0 8.5 9.4 5.0 2.5 2 1 2 4 4
-5455.3 -5299.4 -18.7 290 0 9.3 5.5 5.0 2.5 2 0 2 3 3
-5487.5 -5290.0 -18.5 281 0 9.5 5.1 5.0 2.5 2 0 2 3 3
-5512.1 -5282.9 -18.5 292 0 9.6 11.1 5.0 2.5 4 1 2 2 2
-5539.0 -5276.0 -18.1 291 0 8.2 9.6 5.0 2.5 2 1 2 0 0
-5570.1 -5284.0 -17.3 295 0 5.2 3.9 5.0 2.5 4 0 2 5 5
-5564.1 -5269.9 -17.7 300 0 8.3 6.0 5.0 2.5 2 0 2 3 3
-5597.1 -5291.2 -16.7 117 0 5.3 4.9 5.0 2.5 2 0 2 5 5
-5646.2 -5247.8 -16.5 121 0 9.4 11.1 5.0 2.5 4 1 2 1 1
-5688.7 -5219.4 -15.8 119 0 7.4 7.3 5.0 2.5 2 0 2 1 1
-5731.7 -5204.1 -16.7 119 0 6.4 3.2 5.0 2.5 2 0 2 2 2
-5729.0 -5199.6 -16.4 120 0 7.3 6.5 5.0 2.5 2 0 2 3 3
-5784.3 -5172.9 -15.8 111 0 9.7 6.3 5.0 2.5 2 0 2 4 4
-5581.9 -5232.4 -16.4 110 0 7.7 6.2 2.5 2.5 2 0 1 1 1
-5556.0 -5239.0 -16.5 107 0 7.5 6.6 2.5 2.5 2 0 1 4 4
-5530.6 -5246.6 -16.7 103 0 8.9 6.2 2.5 2.5 2 0 1 1 1
-5505.9 -5252.4 -15.1 100 0 9.0 5.5 2.5 2.5 2 0 1 4 4
-5479.8 -5260.9 -15.5 100 0 7.8 7.3 2.5 2.5 2 0 1 0 0
-5449.2 -5268.4 -16.6 102 0 8.9 6.2 2.5 2.5 2 0 1 3 3
-5422.2 -5276.9 -17.3 110 0 6.4 8.1 2.5 2.5 2 1 1 0 0
-5397.3 -5283.4 -17.2 109 0 7.8 12.4 2.5 2.5 4 1 1 0 0
-5372.7 -5291.4 -16.8 106 0 8.9 6.5 2.5 2.5 2 0 1 3 3
-5346.5 -5304.5 -16.4 104 0 11.1 13.5 2.5 2.5 2 1 1 5 5
-5326.6 -5223.3 -7.1 16 0 7.4 7.0 5.0 2.5 2 0 2 4 4
-5323.0 -5203.6 -4.2 1 0 8.5 6.9 5.0 2.5 2 0 2 0 0
-5319.5 -5174.9 -1.3 10 0 7.6 6.1 5.0 2.5 2 0 2 3 3
-5330.8 -5146.9 -0.9 191 0 3.6 4.6 5.0 2.5 2 1 2 4 4
-5318.0 -5154.5 -1.1 10 0 8.4 5.8 5.0 2.5 2 0 2 3 3
-5313.8 -5129.3 -1.0 286 0 6.2 8.5 5.0 2.5 2 1 2 3 3
-5276.6 -5138.9 -2.6 184 0 8.2 7.4 5.0 2.5 2 0 2 5 5
-5282.8 -5164.4 -2.0 185 0 7.5 7.0 5.0 2.5 2 0 2 0 0
-5286.0 -5190.6 -3.6 192 0 7.8 9.2 5.0 2.5 2 1 2 3 3
-5291.6 -5215.3 -6.6 187 0 5.9 7.4 5.0 2.5 2 1 2 3 3
-5294.1 -5230.4 -9.1 192 0 7.4 11.4 5.0 2.5 2 1 2 1 1
-5310.3 -5297.7 -16.0 184 0 7.7 9.2 5.0 2.5 2 1 2 0 0
-5288.5 -5311.2 -16.1 98 0 12.3 5.9 5.0 2.5 2 0 2 4 4
-5273.1 -5311.9 -16.0 95 0 12.2 16.6 5.0 2.5 2 1 2 0 0
-5225.1 -5314.6 -15.9 95 0 8.2 6.5 5.0 2.5 2 0 2 5 5
-5196.9 -5318.8 -15.9 98 0 9.6 6.7 5.0 2.5 2 0 2 5 5
-5167.7 -5323.4 -15.9 93 0 8.5 6.9 5.0 2.5 2 0 2 3 3
-5133.7 -5329.9 -15.4 102 0 6.9 6.3 5.0 2.5 2 0 2 1 1
-5102.2 -5333.7 -14.8 94 0 8.1 6.9 5.0 2.5 2 0 2 1 1
-5070.6 -5342.5 -14.3 102 0 7.1 11.8 5.0 2.5 2 1 2 2 2
-5038.8 -5345.4 -16.9 105 0 7.0 5.5 5.0 2.5 2 0 2 2 2
-5012.4 -5324.6 -17.5 11 0 4.5 6.8 5.0 2.5 2 1 2 1 1
-5010.2 -5350.4 -17.4 114 0 6.2 5.7 5.0 2.5 2 0 2 5 5
-5042.5 -5102.2 -7.6 71 0 14.6 12.9 5.0 2.5 4 0 2 0 0
-5078.3 -5105.6 -8.4 162 0 12.1 17.0 2.5 2.5 2 1 1 0 0
-1056.9 -6535.2 -21.3 93 0 4.7 4.7 2.5 2.5 2 0 1 3 3
-911.0 -6713.0 -21.3 93 0 6.7 9.6 2.5 2.5 2 1 1 5 5
-907.4 -6743.4 -21.5 277 0 7.5 5.8 2.5 2.5 2 0 1 2 2
-874.4 -6744.2 -21.7 274 0 7.5 9.6 2.5 2.5 2 1 1 1 1
-675.6 -6728.7 -20.6 91 0 9.8 10.9 5.0 2.5 2 1 2 5 5
-685.4 -6758.2 -20.9 270 0 9.6 5.4 2.5 2.5 2 0 1 3 3
-561.4 -6555.6 -20.7 270 0 9.7 12.0 5.0 2.5 2 1 2 4 4
-477.2 -6770.7 -20.2 273 0 7.7 9.4 2.5 0.0 0 1 1 5 5
-344.6 -6728.5 -19.9 4 0 8.4 18.5 5.0 2.5 2 1 2 4 4
-341.2 -6750.7 -20.0 94 0 4.4 4.6 5.0 2.5 2 1 2 0 0
-335.7 -6739.0 -20.0 4 0 5.9 7.6 5.0 2.5 2 1 2 3 3
-355.3 -6780.3 -20.1 276 0 8.9 5.6 2.5 0.0 0 0 1 3 3
-363.0 -6541.1 -18.7 93 0 11.4 13.6 2.5 2.5 2 1 1 1 1
-392.5 -6567.9 -18.6 275 0 8.7 6.4 5.0 2.5 2 0 2 5 5
-458.7 -6562.6 -18.2 277 0 10.8 6.1 5.0 2.5 2 0 2 3 3
2462.0 -4293.3 11.0 92 0 9.4 12.0 2.5 2.5 2 1 1 1 1
3866.6 -3225.2 12.1 141 0 8.6 17.9 2.5 2.5 2 1 1 2 2
3903.8 -3220.8 12.7 315 0 12.1 9.6 2.5 2.5 2 0 1 5 5
3910.5 -3243.1 13.2 139 0 6.5 15.7 2.5 2.5 2 1 1 3 3
3931.9 -3253.7 13.6 48 0 11.0 17.2 2.5 2.5 2 1 1 5 5
3870.6 -3291.3 15.0 229 0 4.7 9.2 2.5 2.5 2 1 1 5 5
3893.3 -3298.9 17.3 55 0 24.2 5.1 2.5 0.0 0 0 1 0 0
