4125.5 5079.7 15.3 149 0 11.1 8.3 5.0 2.5 2 0 2 2 2
4106.7 5153.9 12.4 262 0 7.5 15.0 5.0 2.5 2 1 2 1 1
4116.3 5153.9 12.6 259 0 6.5 18.3 5.0 2.5 2 1 2 5 5
4154.8 5152.3 13.2 265 0 7.9 8.4 5.0 2.5 2 1 2 4 4
4173.9 5203.2 13.0 358 0 4.9 7.3 2.5 2.5 2 1 1 2 2
4088.1 5230.2 13.5 76 0 6.1 7.5 5.0 2.5 2 1 2 4 4
4101.1 5240.9 13.8 91 0 6.5 11.2 5.0 0.0 0 1 2 4 4
4098.7 5173.8 11.4 83 0 7.7 10.4 2.5 2.5 2 1 1 5 5
4112.4 5176.3 11.2 80 0 6.6 10.7 2.5 2.5 2 1 1 2 2
4118.9 5205.0 11.7 267 0 6.4 8.7 2.5 2.5 2 1 1 1 1
4144.2 5183.6 11.0 79 0 7.0 7.7 2.5 2.5 2 1 1 2 2
4157.3 5187.4 11.3 72 0 9.8 7.2 2.5 0.0 0 0 1 1 1
4152.3 5234.9 11.2 90 0 7.6 9.6 5.0 2.5 2 1 2 5 5
4896.5 5918.6 -8.4 225 0 43.9 35.5 5.0 0.0 0 0 2 4 4
4815.3 5872.2 -4.3 252 0 12.6 20.4 5.0 2.5 4 1 2 1 1
4666.5 5901.1 -7.1 230 0 8.7 24.5 5.0 2.5 2 1 2 3 3
4653.6 5885.4 -7.3 220 0 12.5 24.4 5.0 2.5 2 1 2 2 2
4639.0 5843.5 -6.4 38 0 8.4 12.3 5.0 2.5 2 1 2 2 2
4604.0 5831.7 -5.2 212 0 16.2 23.0 5.0 0.0 0 1 2 0 0
4602.4 5719.9 1.1 23 0 11.3 22.6 5.0 2.5 4 1 2 4 4
4609.1 5734.5 0.1 26 0 9.9 13.4 5.0 2.5 2 1 2 4 4
4614.1 5748.5 -0.8 24 0 9.1 13.9 5.0 2.5 2 1 2 5 5
4619.4 5763.0 -1.8 23 0 10.3 16.0 5.0 2.5 2 1 2 1 1
4624.2 5778.5 -2.8 18 0 9.1 16.6 5.0 2.5 2 1 2 5 5
4629.5 5712.5 0.6 207 0 12.0 24.7 2.5 2.5 2 1 1 5 5
4636.5 5724.7 -0.3 204 0 13.0 22.0 2.5 2.5 2 1 1 3 3
4639.1 5738.5 -1.1 201 0 10.1 15.4 2.5 2.5 2 1 1 4 4
4644.2 5752.9 -2.1 199 0 10.7 21.8 2.5 2.5 2 1 1 3 3
4648.8 5767.5 -3.0 198 0 9.6 14.3 2.5 2.5 2 1 1 0 0
4702.3 5813.1 -8.0 11 0 13.1 11.6 2.5 2.5 2 0 1 2 2
-6555.1 -4532.8 -17.5 52 0 8.2 6.5 5.0 2.5 2 0 2 5 5
-6608.6 -4476.4 -21.2 143 0 10.1 20.0 5.0 2.5 2 1 2 5 5
-6704.8 -4566.2 -19.6 54 0 6.1 8.8 5.0 2.5 2 1 2 3 3
-6716.7 -4576.2 -19.5 49 0 8.0 8.1 5.0 2.5 2 1 2 4 4
-6697.8 -4586.0 -17.4 227 0 8.5 10.8 5.0 2.5 2 1 2 2 2
-6712.7 -4590.4 -17.3 233 0 9.1 13.0 5.0 2.5 2 1 2 5 5
-6754.9 -4607.5 -19.8 52 0 9.4 7.4 5.0 2.5 2 0 2 3 3
-6784.8 -4620.4 -22.2 54 0 18.1 15.0 5.0 2.5 2 0 2 3 3
-6787.4 -4633.2 -21.1 47 0 6.9 8.0 5.0 2.5 2 1 2 1 1
-6777.4 -4639.9 -19.6 227 0 7.5 13.7 5.0 2.5 2 1 2 2 2
-6785.8 -4645.9 -19.8 227 0 10.1 16.5 5.0 2.5 2 1 2 3 3
-6797.6 -4655.3 -19.8 226 0 8.0 17.1 5.0 2.5 2 1 2 1 1
-6806.0 -4648.1 -21.2 47 0 5.6 7.2 5.0 2.5 2 1 2 4 4
-6820.8 -4660.3 -21.6 61 0 8.9 16.0 5.0 2.5 2 1 2 3 3
-6836.9 -4660.0 -21.6 153 0 15.2 9.2 5.0 2.5 2 0 2 1 1
-6826.9 -4672.8 -19.9 243 0 7.0 9.8 5.0 2.5 2 1 2 1 1
-6855.3 -4677.4 -21.0 63 0 21.1 16.8 5.0 2.5 2 0 2 2 2
-6872.2 -4690.2 -19.7 63 0 9.0 14.2 5.0 0.0 0 1 2 5 5
-6887.9 -4697.7 -19.1 63 0 8.0 13.4 5.0 2.5 4 1 2 1 1
-6890.6 -4710.0 -17.6 243 0 11.4 14.0 5.0 2.5 2 1 2 3 3
-6911.6 -4694.6 -19.0 153 0 9.6 9.6 5.0 2.5 2 1 2 0 0
-5335.2 -3190.2 -20.2 70 0 10.4 9.9 5.0 2.5 2 0 2 4 4
-5320.0 -3184.6 -20.4 65 0 7.9 16.9 5.0 2.5 2 1 2 3 3
-5297.5 -3166.2 -20.6 69 0 10.8 13.7 5.0 2.5 4 1 2 3 3
-5284.0 -3193.8 -20.1 343 0 12.1 9.8 5.0 2.5 2 0 2 4 4
-5372.4 -3333.8 -18.1 312 0 12.4 8.4 5.0 2.5 2 0 2 4 4
-5371.5 -3381.1 -17.9 242 0 14.1 12.9 5.0 2.5 2 0 2 1 1
-4658.7 -2973.2 -16.6 250 0 6.4 7.4 5.0 2.5 4 1 2 3 3
-4667.2 -2977.9 -16.7 249 0 9.5 9.9 5.0 2.5 2 1 2 1 1
-4679.7 -2982.8 -16.9 249 0 9.4 14.2 5.0 2.5 2 1 2 2 2
-4715.5 -2991.9 -18.1 249 0 10.3 18.4 5.0 2.5 2 1 2 1 1
-4669.9 -3022.9 -17.1 69 0 12.1 18.4 5.0 2.5 2 1 2 2 2
-4678.8 -3058.1 -16.7 252 0 8.2 8.7 5.0 2.5 2 1 2 5 5
-4700.6 -3043.7 -17.3 256 0 8.4 17.2 2.5 2.5 2 1 1 0 0
-4721.3 -3041.6 -18.0 78 0 8.3 14.0 5.0 2.5 4 1 2 3 3
-4743.1 -3013.2 -18.8 252 0 8.7 10.2 5.0 2.5 2 1 2 2 2
-4745.9 -3003.7 -19.1 256 0 8.3 8.9 5.0 2.5 2 1 2 0 0
-4761.5 -3010.7 -19.5 249 0 8.3 13.1 5.0 2.5 2 1 2 4 4
-4721.9 -3072.0 -17.8 76 0 10.5 11.8 2.5 2.5 2 1 1 5 5
-4745.3 -3081.9 -18.3 73 0 8.6 17.1 2.5 0.0 0 1 1 1 1
-4760.4 -3085.2 -18.5 69 0 8.7 10.3 2.5 2.5 2 1 1 0 0
-4779.7 -3090.3 -18.8 70 0 7.4 6.7 2.5 0.0 0 0 1 2 2
-4796.6 -3097.5 -19.1 73 0 6.1 10.1 2.5 2.5 2 1 1 3 3
-4828.5 -3027.2 -20.2 253 0 7.2 8.3 5.0 2.5 2 1 2 5 5
-4812.2 -3103.5 -19.2 70 0 8.2 15.5 2.5 2.5 2 1 1 4 4
-4830.5 -3108.7 -19.2 74 0 11.3 15.4 2.5 2.5 2 1 1 4 4
-4842.1 -3116.8 -18.9 74 0 9.0 7.9 2.5 2.5 2 0 1 0 0
-4851.1 -3034.2 -20.3 253 0 9.5 13.1 5.0 2.5 2 1 2 0 0
-4839.8 -3077.0 -19.8 69 0 10.8 14.1 5.0 2.5 2 1 2 1 1
-4907.5 -3135.1 -19.0 78 0 5.8 16.0 2.5 0.0 0 1 1 4 4
-4871.4 -3053.6 -20.1 257 0 8.4 5.9 5.0 2.5 2 0 2 5 5
-4876.2 -3042.3 -20.3 254 0 7.4 9.2 5.0 2.5 2 1 2 5 5
-4882.4 -3062.1 -20.0 249 0 7.6 9.9 5.0 2.5 2 1 2 4 4
-4860.0 -3097.3 -19.2 253 0 7.6 16.6 2.5 2.5 2 1 1 1 1
-4871.7 -3100.7 -19.2 252 0 8.7 17.3 2.5 0.0 0 1 1 3 3
-4881.1 -3092.0 -19.5 69 0 5.7 6.1 5.0 2.5 4 1 2 1 1
-4889.7 -3094.7 -19.7 72 0 8.1 11.9 5.0 2.5 2 1 2 2 2
-4899.7 -3048.8 -20.3 250 0 8.9 7.2 5.0 2.5 2 0 2 2 2
-4899.8 -3113.0 -19.2 243 0 5.5 6.2 2.5 2.5 2 1 1 0 0
-4910.3 -3059.5 -20.2 248 0 8.2 14.1 5.0 2.5 2 1 2 1 1
-4925.8 -3058.0 -20.3 251 0 9.4 20.4 5.0 2.5 2 1 2 1 1
-4946.1 -3063.5 -20.2 253 0 9.0 13.7 5.0 2.5 4 1 2 5 5
-4929.5 -3108.5 -19.5 70 0 11.5 8.7 5.0 2.5 2 0 2 0 0
-4941.5 -3112.8 -19.3 67 0 4.5 6.8 5.0 2.5 2 1 2 5 5
-4947.9 -3127.9 -18.9 249 0 8.6 13.8 2.5 2.5 2 1 1 3 3
-4971.0 -3118.0 -19.2 155 0 8.2 6.4 5.0 2.5 2 0 2 1 1
-4973.0 -3094.2 -19.8 163 0 14.1 7.9 5.0 2.5 2 0 2 5 5
-4965.2 -3134.7 -18.8 249 0 6.7 7.7 2.5 2.5 2 1 1 4 4
-4971.7 -3155.6 -18.7 71 0 8.6 10.6 2.5 2.5 2 1 1 5 5
-4983.6 -3157.9 -18.7 64 0 7.9 10.9 2.5 0.0 0 1 1 1 1
-4998.4 -3167.6 -18.9 241 0 9.0 9.5 5.0 2.5 2 1 2 3 3
-4992.7 -3087.3 -19.9 340 0 15.1 9.1 2.5 0.0 0 0 1 1 1
-5013.2 -3084.8 -19.9 250 0 9.8 10.9 2.5 2.5 2 0 1 4 4
-5014.6 -3112.0 -19.4 162 0 8.0 5.6 2.5 2.5 2 0 1 2 2
-5010.6 -3119.9 -19.3 160 0 6.5 11.2 2.5 2.5 2 1 1 2 2
-4982.2 -3128.0 -19.1 70 0 9.7 10.3 2.5 2.5 2 1 1 3 3
-4992.0 -3130.2 -19.2 70 0 5.2 11.6 2.5 2.5 4 1 1 3 3
-5024.9 -3094.9 -19.7 161 0 6.7 8.0 2.5 2.5 2 1 1 4 4
-5031.3 -3076.1 -20.2 72 0 10.6 8.9 5.0 0.0 0 0 2 5 5
-5052.1 -3099.8 -19.9 252 0 9.6 8.1 2.5 2.5 2 0 1 2 2
-5054.9 -3089.6 -20.2 76 0 9.8 10.9 5.0 2.5 2 1 2 2 2
-5069.6 -3071.3 -20.3 259 0 9.1 8.0 5.0 2.5 2 0 2 2 2
-5068.5 -3096.0 -20.2 75 0 11.0 11.0 5.0 2.5 2 0 2 2 2
-5060.0 -3109.6 -19.7 251 0 6.9 7.2 2.5 2.5 2 1 1 4 4
-5063.3 -3103.4 -19.9 251 0 9.4 6.9 2.5 2.5 2 0 1 3 3
-5068.5 -3120.0 -19.7 251 0 11.0 6.5 2.5 2.5 2 0 1 3 3
-5086.1 -3098.9 -20.4 69 0 7.3 19.3 5.0 2.5 2 1 2 0 0
-5098.1 -3094.1 -20.4 69 0 9.1 8.0 5.0 2.5 2 0 2 5 5
-5095.5 -3102.8 -20.3 69 0 8.4 7.6 5.0 2.5 2 0 2 3 3
-5118.8 -3109.9 -20.4 69 0 10.3 13.0 5.0 0.0 0 1 2 2 2
-5153.6 -3111.9 -20.8 68 0 11.2 13.8 5.0 0.0 0 1 2 1 1
-5163.4 -3127.1 -21.2 69 0 8.7 9.5 5.0 2.5 2 1 2 2 2
-5175.8 -3132.7 -21.4 74 0 17.3 9.3 5.0 2.5 2 0 2 2 2
-5195.4 -3126.1 -21.2 69 0 8.2 8.1 5.0 2.5 2 0 2 3 3
-5191.7 -3137.2 -21.5 70 0 10.6 11.5 5.0 0.0 0 1 2 0 0
-5199.2 -3139.8 -21.5 71 0 5.1 8.9 5.0 2.5 2 1 2 4 4
-5206.7 -3140.4 -21.5 73 0 9.0 14.8 5.0 2.5 2 1 2 1 1
-5219.4 -3138.8 -21.4 71 0 13.0 19.8 5.0 2.5 2 1 2 5 5
-5234.6 -3124.7 -21.1 249 0 4.3 5.3 5.0 2.5 2 1 2 1 1
-5237.7 -3151.3 -21.6 71 0 8.2 11.6 5.0 2.5 2 1 2 0 0
-5243.4 -3157.8 -21.6 69 0 7.7 9.9 5.0 2.5 2 1 2 2 2
-5255.1 -3152.2 -21.6 67 0 10.4 14.8 5.0 2.5 2 1 2 4 4
-5109.9 -3120.4 -20.4 251 0 10.1 16.8 2.5 2.5 4 1 1 4 4
-5122.8 -3138.8 -20.6 244 0 8.8 14.5 2.5 0.0 0 1 1 4 4
-5143.9 -3128.2 -21.1 254 0 9.0 20.7 2.5 2.5 2 1 1 5 5
-5167.0 -3162.7 -21.4 233 0 8.7 5.9 2.5 2.5 2 0 1 3 3
-5175.6 -3169.0 -21.4 234 0 6.9 13.6 2.5 2.5 2 1 1 2 2
-5155.1 -3134.2 -21.3 251 0 10.6 14.6 2.5 2.5 2 1 1 1 1
-5162.4 -3168.2 -21.3 236 0 8.4 11.9 2.5 2.5 2 1 1 1 1
-5193.9 -3147.3 -21.6 251 0 20.7 12.5 2.5 2.5 2 0 1 2 2
-5182.2 -3175.7 -21.3 236 0 8.9 9.6 2.5 0.0 0 1 1 1 1
-5174.8 -3199.5 -21.0 54 0 9.8 9.9 2.5 2.5 2 1 1 3 3
-5182.5 -3206.4 -20.9 54 0 8.6 7.3 2.5 2.5 2 0 1 4 4
-5197.4 -3186.1 -21.2 236 0 9.6 16.7 2.5 2.5 2 1 1 1 1
-5207.1 -3193.5 -21.1 238 0 10.2 17.1 2.5 2.5 4 1 1 3 3
-5242.9 -3164.7 -21.4 248 0 9.9 15.6 2.5 2.5 2 1 1 4 4
-5253.6 -3169.1 -21.1 248 0 9.6 14.4 2.5 2.5 2 1 1 5 5
-5264.9 -3174.5 -20.8 245 0 10.3 17.6 2.5 2.5 2 1 1 5 5
-5226.7 -3235.3 -19.8 55 0 11.8 9.7 5.0 2.5 2 0 2 2 2
-5264.6 -3262.4 -18.9 55 0 28.0 12.1 5.0 0.0 0 0 2 2 2
-5301.6 -3263.7 -18.4 313 0 15.9 11.1 5.0 2.5 4 0 2 3 3
-5308.1 -3291.9 -18.1 39 0 5.7 8.2 5.0 2.5 2 1 2 5 5
-5304.0 -3315.8 -17.7 34 0 7.7 6.3 5.0 2.5 4 0 2 5 5
-5324.0 -3315.4 -18.0 34 0 9.1 14.1 5.0 2.5 2 1 2 5 5
-5318.6 -3322.0 -17.7 204 0 7.7 8.2 5.0 2.5 2 1 2 3 3
-5328.2 -3335.2 -17.7 211 0 10.7 9.9 5.0 2.5 2 0 2 3 3
-5327.8 -3353.0 -17.7 33 0 9.9 9.3 5.0 2.5 2 0 2 1 1
-4019.1 -2696.5 -17.2 234 0 8.8 10.1 5.0 2.5 2 1 2 5 5
-3963.1 -2626.2 -18.1 216 0 6.6 3.5 5.0 2.5 2 0 2 2 2
-3968.6 -2641.9 -18.0 216 0 6.6 10.2 5.0 2.5 2 1 2 1 1
-3959.5 -2632.2 -18.1 221 0 15.8 16.0 5.0 2.5 2 1 2 1 1
-3924.0 -2626.1 -18.2 43 0 24.6 11.3 5.0 2.5 2 0 2 5 5
-3973.3 -2685.4 -17.6 43 0 7.5 11.9 5.0 2.5 2 1 2 4 4
-3872.2 -2512.1 -18.5 216 0 5.1 7.9 2.5 2.5 2 1 1 3 3
-3858.8 -2530.4 -18.5 209 0 11.3 22.9 2.5 2.5 2 1 1 1 1
-3835.5 -2577.2 -18.4 203 0 19.9 7.0 2.5 0.0 0 0 1 4 4
-3829.4 -2489.5 -16.9 217 0 12.3 14.9 2.5 2.5 2 1 1 5 5
-3747.4 -2534.4 -16.0 307 0 19.3 12.3 2.5 2.5 2 0 1 0 0
-3774.3 -2517.8 -15.7 307 0 18.8 10.3 2.5 2.5 4 0 1 4 4
-3793.6 -2541.3 -17.6 29 0 14.4 9.8 2.5 2.5 2 0 1 0 0
-3804.3 -2567.7 -18.4 32 0 22.4 11.8 2.5 2.5 2 0 1 0 0
-3855.0 -2638.1 -17.4 209 0 12.1 12.8 2.5 2.5 2 1 1 5 5
-3845.4 -2624.3 -18.2 209 0 16.5 11.0 2.5 2.5 2 0 1 0 0
-3806.4 -2631.9 -17.7 29 0 12.2 19.5 2.5 2.5 2 1 1 0 0
-3800.7 -2691.1 -14.4 37 0 5.6 3.7 2.5 0.0 0 0 1 3 3
-3791.0 -2648.7 -16.1 304 0 11.1 21.0 2.5 2.5 2 1 1 1 1
-3508.7 -929.0 -17.3 334 0 23.2 9.9 5.0 2.5 2 0 2 5 5
-3577.4 -1118.5 -15.6 189 0 9.9 17.1 5.0 2.5 2 1 2 1 1
-3586.1 -1118.0 -17.7 10 0 8.6 14.2 5.0 2.5 2 1 2 0 0
-3611.1 -1141.9 -18.2 191 0 6.2 11.4 5.0 2.5 2 1 2 5 5
-3605.3 -1171.4 -17.7 11 0 11.0 6.9 5.0 2.5 2 0 2 1 1
-3618.2 -1184.6 -18.0 190 0 12.3 10.9 2.5 2.5 2 0 1 0 0
-3584.6 -1202.9 -15.7 99 0 8.9 7.9 5.0 2.5 2 0 2 1 1
-3606.3 -1229.7 -17.4 9 0 9.7 11.9 2.5 2.5 2 1 1 4 4
-3578.6 -1254.8 -16.0 12 0 7.8 15.3 5.0 2.5 2 1 2 3 3
-3598.1 -1282.6 -15.9 192 0 7.9 12.8 5.0 0.0 0 1 2 2 2
-3613.3 -1274.8 -17.4 12 0 9.9 14.7 2.5 2.5 2 1 1 0 0
-3617.5 -1289.2 -17.4 9 0 8.8 12.7 2.5 2.5 2 1 1 4 4
-3605.0 -1302.6 -16.0 192 0 9.1 17.0 5.0 2.5 2 1 2 5 5
-3625.5 -1319.4 -17.4 16 0 9.1 14.1 2.5 0.0 0 1 1 5 5
-3635.0 -1332.9 -17.3 10 0 6.0 8.3 2.5 2.5 2 1 1 4 4
-3630.2 -1351.1 -16.2 100 0 5.7 4.8 2.5 0.0 0 0 1 3 3
-3625.2 -1334.8 -16.7 9 0 10.6 8.2 2.5 0.0 0 0 1 5 5
-3613.6 -1326.7 -16.0 191 0 9.6 9.6 5.0 2.5 2 0 2 3 3
-3616.4 -1347.9 -15.6 196 0 7.8 14.7 5.0 2.5 2 1 2 0 0
-3617.1 -1361.8 -15.4 192 0 9.2 9.8 5.0 2.5 2 1 2 0 0
-3622.2 -1371.7 -15.5 197 0 7.3 6.8 5.0 2.5 2 0 2 4 4
-3633.1 -1373.6 -16.3 11 0 8.6 4.7 2.5 0.0 0 0 1 4 4
-3626.0 -1387.1 -15.8 197 0 7.8 7.4 5.0 2.5 2 0 2 3 3
-3625.8 -1406.2 -16.2 101 0 13.4 11.5 5.0 2.5 4 0 2 0 0
-3639.4 -1387.7 -17.2 12 0 6.7 13.9 2.5 0.0 0 1 1 0 0
-3648.7 -1402.0 -17.4 12 0 8.4 6.0 2.5 0.0 0 0 1 4 4
-3640.1 -1404.6 -17.0 12 0 10.0 7.5 2.5 2.5 2 0 1 5 5
-3673.3 -1430.1 -18.3 198 0 9.6 13.0 2.5 2.5 2 1 1 2 2
-3648.6 -1438.9 -17.6 12 0 8.1 11.7 2.5 2.5 2 1 1 4 4
-3653.4 -1474.8 -16.4 9 0 7.7 8.1 2.5 2.5 2 1 1 2 2
-3648.9 -1450.4 -17.3 12 0 11.0 14.4 2.5 2.5 2 1 1 0 0
-3642.7 -1463.2 -16.2 190 0 11.9 9.1 5.0 2.5 2 0 2 4 4
-3646.6 -1479.4 -15.8 190 0 9.5 9.3 5.0 2.5 2 0 2 5 5
-3648.8 -1490.5 -15.6 190 0 8.5 14.8 5.0 0.0 0 1 2 5 5
-3660.6 -1497.4 -16.7 10 0 10.9 13.6 2.5 2.5 2 1 1 3 3
-3688.4 -1502.2 -17.8 190 0 6.8 9.4 2.5 2.5 2 1 1 1 1
-3638.0 -1514.2 -15.3 288 0 15.6 14.7 2.5 2.5 2 0 1 0 0
-3637.5 -1540.5 -15.1 192 0 8.5 6.2 2.5 2.5 2 0 1 0 0
-3664.6 -1520.0 -17.2 12 0 9.0 20.1 2.5 2.5 2 1 1 4 4
-3667.0 -1532.2 -16.8 11 0 9.9 15.9 2.5 2.5 2 1 1 1 1
-3659.7 -1544.8 -15.5 197 0 9.2 10.1 2.5 2.5 2 1 1 1 1
-3660.4 -1557.0 -15.5 190 0 9.0 9.6 2.5 2.5 2 1 1 1 1
-3671.8 -1565.8 -16.3 9 0 8.0 7.9 2.5 2.5 4 0 1 4 4
-3675.6 -1578.3 -16.7 10 0 7.2 10.8 2.5 2.5 2 1 1 4 4
-3677.7 -1594.7 -17.4 12 0 13.4 23.5 2.5 2.5 2 1 1 2 2
-3670.9 -1596.3 -15.9 192 0 19.1 18.9 2.5 2.5 2 0 1 2 2
-3683.1 -1612.8 -16.5 100 0 6.4 3.6 2.5 2.5 2 0 1 2 2
-3690.0 -1621.3 -17.7 10 0 10.0 15.9 2.5 2.5 2 1 1 3 3
-3647.8 -1624.3 -15.7 10 0 7.6 10.6 2.5 2.5 2 1 1 0 0
-3738.7 -1649.9 -19.0 191 0 5.6 12.0 2.5 2.5 2 1 1 2 2
-3729.6 -1660.1 -18.6 197 0 6.6 6.9 2.5 2.5 2 1 1 3 3
-3711.8 -1661.4 -18.1 11 0 7.3 5.4 2.5 2.5 2 0 1 3 3
-3699.2 -1633.2 -17.8 10 0 10.1 6.8 2.5 2.5 2 0 1 4 4
-3686.8 -1635.9 -17.4 11 0 8.9 11.2 2.5 2.5 2 1 1 1 1
-3689.6 -1647.1 -17.5 12 0 9.4 10.6 2.5 2.5 2 1 1 5 5
-3675.8 -1623.3 -16.3 198 0 8.3 11.1 2.5 2.5 2 1 1 1 1
-3679.0 -1636.0 -16.5 189 0 10.2 11.2 2.5 2.5 2 1 1 2 2
-3685.8 -1667.8 -17.2 197 0 7.5 10.1 2.5 2.5 2 1 1 5 5
-3683.1 -1656.8 -16.9 190 0 9.4 10.6 2.5 2.5 2 1 1 0 0
-3692.9 -1668.9 -18.0 11 0 12.1 19.1 2.5 2.5 2 1 1 5 5
-3708.2 -1681.5 -18.3 9 0 9.2 7.0 2.5 2.5 2 0 1 5 5
-3697.0 -1685.3 -18.1 12 0 10.6 10.8 2.5 2.5 2 1 1 0 0
-3687.9 -1679.5 -17.5 192 0 9.9 9.5 2.5 2.5 2 0 1 0 0
-3711.2 -1704.8 -18.5 9 0 10.1 10.2 2.5 2.5 2 1 1 3 3
-3702.5 -1705.8 -18.4 9 0 11.0 8.8 2.5 2.5 2 0 1 3 3
-3744.5 -1725.2 -19.0 191 0 9.3 8.0 2.5 2.5 2 0 1 3 3
-3706.5 -1720.9 -18.7 10 0 4.0 8.3 2.5 2.5 2 1 1 4 4
-3718.4 -1728.8 -19.0 10 0 11.4 5.1 2.5 2.5 2 0 1 3 3
-3707.8 -1732.3 -18.9 16 0 9.0 10.2 2.5 2.5 2 1 1 0 0
-3673.8 -1734.1 -18.4 10 0 15.1 10.5 2.5 2.5 2 0 1 5 5
-3676.7 -1689.8 -17.3 193 0 10.1 8.0 2.5 2.5 2 0 1 0 0
-3672.3 -1720.3 -18.0 6 0 7.6 7.2 2.5 2.5 2 0 1 5 5
-3692.0 -1706.9 -18.1 186 0 9.7 15.7 2.5 2.5 4 1 1 1 1
-3696.0 -1718.2 -18.5 193 0 10.7 12.5 2.5 2.5 2 1 1 0 0
-3709.7 -1742.9 -18.9 13 0 7.2 7.2 2.5 2.5 2 1 1 3 3
-3662.5 -1731.5 -18.0 18 0 10.5 8.1 2.5 2.5 2 0 1 3 3
-3667.0 -1748.2 -18.4 19 0 5.8 8.2 2.5 2.5 2 1 1 5 5
-3678.8 -1749.4 -18.6 14 0 11.1 9.7 2.5 2.5 2 0 1 2 2
-3630.6 -1723.4 -16.4 13 0 7.9 12.8 2.5 2.5 2 1 1 4 4
-3651.6 -1731.1 -17.2 193 0 9.4 10.0 2.5 2.5 2 1 1 0 0
-3631.8 -1772.6 -16.6 198 0 4.1 7.1 2.5 2.5 2 1 1 4 4
-3618.8 -1787.7 -16.2 103 0 7.0 9.0 2.5 2.5 2 1 1 0 0
-3630.9 -1787.9 -16.7 109 0 10.1 10.8 2.5 2.5 2 1 1 1 1
-3660.6 -1778.5 -17.9 109 0 8.1 10.5 2.5 2.5 2 1 1 1 1
-3661.2 -1759.3 -18.0 193 0 9.0 18.9 2.5 2.5 2 1 1 5 5
-3670.6 -1766.4 -18.5 13 0 10.4 11.6 2.5 2.5 2 1 1 4 4
-3713.7 -1760.4 -19.0 13 0 10.0 8.0 2.5 2.5 2 0 1 3 3
-3722.5 -1758.9 -19.0 13 0 11.1 11.6 2.5 2.5 2 1 1 2 2
-3740.3 -1772.0 -19.0 186 0 7.8 4.7 2.5 2.5 4 0 1 0 0
-3716.1 -1775.4 -19.0 6 0 9.7 12.6 2.5 2.5 2 1 1 0 0
-3719.2 -1787.1 -19.0 14 0 9.4 20.9 2.5 0.0 0 1 1 5 5
-3697.6 -1770.8 -18.9 96 0 17.5 8.7 2.5 2.5 2 0 1 2 2
-3728.5 -1808.2 -18.8 6 0 8.4 9.6 2.5 0.0 0 1 1 4 4
-3720.8 -1798.9 -18.9 13 0 8.7 12.8 2.5 2.5 2 1 1 4 4
-3748.2 -1819.1 -19.0 186 0 7.5 7.1 2.5 2.5 2 0 1 5 5
-3727.6 -1820.0 -18.8 6 0 11.1 12.2 2.5 2.5 2 1 1 0 0
-3670.8 -1803.6 -17.9 194 0 12.0 20.8 5.0 2.5 4 1 2 1 1
-3687.5 -1815.6 -18.6 13 0 13.8 24.6 5.0 2.5 4 1 2 2 2
-3714.2 -1857.2 -18.5 108 0 23.8 19.7 5.0 2.5 2 0 2 0 0
-3688.5 -1859.5 -18.2 199 0 10.5 8.3 5.0 0.0 0 0 2 1 1
-3680.0 -1862.9 -18.1 193 0 7.2 9.6 5.0 2.5 2 1 2 4 4
-3716.1 -1895.9 -18.9 11 0 8.9 9.5 2.5 2.5 2 1 1 1 1
-3728.0 -1932.3 -19.1 10 0 7.6 10.5 2.5 2.5 2 1 1 5 5
-3718.8 -1933.9 -19.1 13 0 8.9 8.1 2.5 2.5 2 0 1 3 3
-3729.4 -1945.6 -19.1 12 0 12.8 13.2 2.5 2.5 2 1 1 0 0
-3734.9 -1963.7 -18.8 12 0 8.1 10.1 2.5 2.5 2 1 1 2 2
-3751.2 -1984.1 -18.7 186 0 6.9 6.6 2.5 2.5 2 0 1 1 1
-3731.5 -1986.6 -18.6 12 0 19.8 11.8 2.5 2.5 2 0 1 4 4
-3689.9 -2015.1 -17.6 290 0 9.3 8.5 2.5 0.0 0 0 1 1 1
-3699.0 -2027.2 -17.5 194 0 7.7 12.6 2.5 2.5 2 1 1 4 4
-3689.3 -2040.9 -17.5 13 0 9.0 13.0 2.5 2.5 2 1 1 3 3
-3744.8 -2117.4 -18.0 205 0 6.4 8.2 2.5 0.0 0 1 1 5 5
-3749.3 -2126.1 -18.0 203 0 9.4 9.2 2.5 2.5 2 0 1 4 4
-3743.4 -2109.4 -17.9 205 0 5.3 8.9 2.5 0.0 0 1 1 2 2
-3741.7 -2085.3 -17.8 28 0 7.1 8.7 2.5 2.5 4 1 1 3 3
-3745.6 -2092.0 -18.2 27 0 5.9 15.6 2.5 0.0 0 1 1 5 5
-3765.7 -2111.5 -17.7 25 0 7.1 7.1 2.5 2.5 2 1 1 1 1
-3756.3 -2115.7 -17.2 28 0 10.8 9.5 2.5 2.5 2 0 1 5 5
-3770.7 -2120.9 -17.5 23 0 6.1 6.6 2.5 2.5 2 1 1 5 5
-3761.3 -2127.0 -16.9 28 0 9.5 9.3 2.5 2.5 2 0 1 0 0
-3736.1 -2170.3 -18.7 206 0 8.1 8.2 2.5 2.5 2 1 1 4 4
-3788.7 -2158.7 -18.9 22 0 10.1 12.4 2.5 2.5 2 1 1 5 5
-3779.6 -2161.6 -18.0 24 0 8.7 7.7 2.5 2.5 2 0 1 2 2
-3775.0 -2149.8 -17.8 28 0 8.8 13.8 2.5 0.0 0 1 1 0 0
-3794.2 -2169.4 -19.0 28 0 7.6 6.6 2.5 2.5 2 0 1 0 0
-3786.3 -2173.9 -18.6 28 0 8.2 7.6 2.5 2.5 2 0 1 3 3
-3777.4 -2180.2 -18.6 208 0 7.7 11.8 2.5 2.5 2 1 1 1 1
-3814.3 -2236.2 -19.4 28 0 8.2 14.5 2.5 0.0 0 1 1 0 0
-3796.5 -2255.1 -19.2 28 0 8.5 11.1 2.5 2.5 2 1 1 2 2
-3823.9 -2257.4 -19.7 28 0 9.7 14.5 2.5 2.5 2 1 1 4 4
-3831.6 -2262.1 -19.5 28 0 4.4 13.8 2.5 2.5 2 1 1 4 4
-3835.5 -2269.5 -19.4 27 0 8.9 8.9 2.5 2.5 2 1 1 4 4
-3837.6 -2283.7 -19.3 21 0 9.8 10.9 2.5 0.0 0 1 1 3 3
-3842.8 -2296.0 -19.3 24 0 10.5 13.0 2.5 2.5 2 1 1 2 2
-3856.6 -2323.8 -19.0 25 0 7.4 11.3 2.5 2.5 2 1 1 0 0
-3831.1 -2351.3 -18.8 201 0 13.5 21.7 5.0 2.5 2 1 2 5 5
-3829.0 -2371.4 -18.4 206 0 18.5 10.8 5.0 2.5 2 0 2 2 2
-3845.1 -2387.1 -18.7 204 0 12.0 19.2 5.0 2.5 2 1 2 3 3
-3810.8 -2403.0 -17.9 25 0 11.8 17.3 5.0 2.5 2 1 2 3 3
-3854.1 -2385.2 -19.0 32 0 10.3 10.2 2.5 2.5 2 0 1 1 1
-3875.2 -2445.6 -18.9 34 0 9.1 8.7 2.5 2.5 2 0 1 2 2
-3864.6 -2429.2 -18.8 33 0 11.5 8.4 2.5 2.5 2 0 1 4 4
-3894.9 -2404.0 -19.3 31 0 10.7 21.1 2.5 2.5 2 1 1 3 3
-3903.2 -2415.7 -19.4 32 0 8.9 16.8 2.5 2.5 4 1 1 3 3
-3892.3 -2475.7 -18.8 33 0 13.9 16.3 2.5 2.5 2 1 1 1 1
-3927.5 -2455.4 -19.0 32 0 8.6 10.3 2.5 2.5 2 1 1 5 5
-3901.4 -2489.3 -18.8 32 0 7.5 14.7 2.5 2.5 4 1 1 4 4
-3910.5 -2510.7 -19.2 40 0 13.5 18.3 2.5 2.5 2 1 1 5 5
-3936.2 -2510.9 -19.1 211 0 9.1 9.0 2.5 2.5 2 0 1 3 3
-3932.6 -2525.7 -19.3 40 0 6.5 9.5 2.5 2.5 2 1 1 0 0
-3946.6 -2525.9 -19.4 220 0 8.1 9.5 2.5 2.5 4 1 1 4 4
-3944.3 -2547.3 -19.7 40 0 9.7 14.6 2.5 2.5 2 1 1 2 2
-3967.5 -2516.1 -19.1 34 0 14.9 17.8 2.5 2.5 2 1 1 1 1
-3949.0 -2559.6 -19.9 34 0 12.8 20.8 2.5 2.5 4 1 1 5 5
-4065.1 -2645.6 -19.3 223 0 11.4 8.5 2.5 2.5 4 0 1 0 0
-4083.4 -2655.4 -19.2 230 0 5.3 5.8 2.5 2.5 4 1 1 0 0
-4077.9 -2661.0 -19.0 228 0 8.6 9.3 2.5 2.5 2 1 1 2 2
-4062.0 -2679.9 -18.8 49 0 7.9 13.1 2.5 2.5 2 1 1 1 1
-4104.8 -2662.3 -19.6 50 0 8.6 18.5 2.5 2.5 2 1 1 3 3
-4112.3 -2689.0 -19.6 227 0 11.8 14.1 2.5 2.5 4 1 1 5 5
-4124.0 -2699.8 -19.9 230 0 10.3 16.3 2.5 2.5 2 1 1 5 5
-4134.4 -2709.1 -20.0 230 0 9.7 15.2 2.5 2.5 2 1 1 1 1
-4284.8 -2795.7 -18.4 245 0 6.2 7.1 2.5 0.0 0 1 1 5 5
-4300.8 -2793.6 -18.8 248 0 7.7 7.1 2.5 2.5 2 0 1 3 3
-4288.3 -2816.9 -18.6 68 0 13.4 16.8 2.5 2.5 2 1 1 2 2
-4308.1 -2782.2 -19.2 70 0 10.7 7.1 2.5 0.0 0 0 1 2 2
-4311.3 -2800.5 -18.9 245 0 9.8 18.1 2.5 2.5 2 1 1 0 0
-4325.2 -2803.2 -19.2 249 0 9.5 9.8 2.5 2.5 2 1 1 0 0
-4343.9 -2799.1 -19.5 60 0 13.2 10.4 2.5 0.0 0 0 1 0 0
-4338.1 -2807.8 -19.2 250 0 10.1 18.9 2.5 2.5 2 1 1 2 2
-4350.4 -2815.4 -19.1 251 0 7.2 21.2 2.5 2.5 2 1 1 3 3
-4371.0 -2773.0 -19.7 220 0 4.4 5.1 2.5 2.5 2 1 1 2 2
-4371.6 -2812.7 -19.5 66 0 9.9 15.6 2.5 2.5 2 1 1 2 2
-4382.7 -2816.7 -19.3 69 0 10.0 7.4 2.5 2.5 2 0 1 0 0
-4393.6 -2821.5 -19.4 68 0 9.9 10.2 2.5 2.5 4 1 1 1 1
-4361.5 -2820.8 -19.0 249 0 11.5 23.1 2.5 2.5 2 1 1 0 0
-4373.0 -2824.7 -18.9 250 0 10.1 23.6 2.5 2.5 2 1 1 1 1
-4381.6 -2840.7 -18.9 241 0 9.6 4.7 2.5 2.5 4 0 1 3 3
-4386.9 -2831.4 -18.9 245 0 7.9 8.8 2.5 0.0 0 1 1 3 3
-4385.4 -2866.7 -18.8 66 0 7.5 13.1 2.5 2.5 2 1 1 4 4
-4403.4 -2849.6 -18.8 243 0 6.3 6.9 2.5 2.5 2 1 1 4 4
-4407.2 -2843.6 -19.0 244 0 9.6 5.9 2.5 2.5 4 0 1 4 4
-4416.0 -2876.0 -18.8 64 0 6.1 9.4 2.5 2.5 2 1 1 3 3
-4430.7 -2848.7 -19.2 246 0 9.6 10.1 2.5 2.5 2 1 1 0 0
-4283.0 -2927.9 -17.0 34 0 20.7 14.9 10.0 2.5 4 0 4 0 0
-4364.2 -2867.9 -18.0 244 0 7.1 10.8 5.0 2.5 2 1 2 0 0
-4380.1 -2916.1 -17.8 249 0 8.4 16.5 5.0 2.5 4 1 2 2 2
-4429.1 -2937.3 -17.9 240 0 13.8 20.8 5.0 2.5 2 1 2 4 4
-3837.7 3521.9 -12.8 343 0 10.1 17.8 5.0 2.5 2 1 2 0 0
-3821.0 3481.9 -12.8 74 0 10.3 36.4 5.0 2.5 2 1 2 4 4
-3826.3 3477.8 -15.0 345 0 12.4 18.5 5.0 2.5 2 1 2 4 4
-3839.5 3441.7 -15.1 156 0 5.0 3.5 5.0 2.5 2 0 2 2 2
-3839.3 3432.2 -14.6 156 0 6.6 5.9 5.0 2.5 2 0 2 3 3
-3848.7 3426.0 -14.6 156 0 9.6 9.6 5.0 2.5 2 0 2 0 0
-3843.4 3412.8 -14.9 156 0 8.8 9.7 5.0 0.0 0 1 2 2 2
-3832.0 3414.5 -14.6 156 0 14.3 5.7 5.0 2.5 2 0 2 3 3
-3833.5 3393.2 -15.4 156 0 4.7 7.3 5.0 2.5 2 1 2 3 3
-3827.8 3390.1 -15.4 156 0 4.1 3.1 5.0 2.5 2 0 2 0 0
-3834.4 3387.1 -15.6 156 0 3.6 6.0 5.0 2.5 2 1 2 5 5
-3830.1 3383.1 -15.7 156 0 5.0 6.6 5.0 2.5 4 1 2 4 4
-3812.0 3404.3 -14.6 336 0 4.5 3.9 5.0 2.5 2 0 2 1 1
-3819.3 3394.2 -15.0 156 0 5.3 11.1 5.0 2.5 2 1 2 4 4
-3801.6 3401.7 -14.6 336 0 5.8 6.2 5.0 2.5 2 1 2 4 4
-3799.0 3393.9 -15.1 336 0 9.1 12.5 5.0 2.5 2 1 2 1 1
-3807.5 3373.8 -15.6 156 0 5.7 4.6 5.0 2.5 2 0 2 5 5
-3812.7 3373.0 -15.7 156 0 3.4 4.2 5.0 0.0 0 1 2 3 3
-3818.4 3376.6 -15.7 156 0 4.2 5.2 5.0 2.5 2 1 2 1 1
-3824.5 3366.0 -16.3 156 0 7.3 12.2 5.0 2.5 2 1 2 1 1
-3800.3 3351.5 -15.9 156 0 3.9 4.7 5.0 2.5 2 1 2 2 2
-3783.4 3350.9 -15.6 336 0 8.9 12.6 5.0 2.5 2 1 2 2 2
-3818.7 3344.4 -17.1 156 0 9.5 13.1 5.0 2.5 2 1 2 2 2
-3805.0 3338.5 -16.5 156 0 6.4 4.7 5.0 2.5 4 0 2 3 3
-3815.1 3334.1 -17.2 156 0 8.1 9.4 5.0 0.0 0 1 2 1 1
-3812.2 3326.3 -17.2 156 0 7.2 15.4 5.0 2.5 4 1 2 0 0
-3801.6 3320.5 -16.6 156 0 9.1 9.1 5.0 2.5 2 1 2 1 1
-3786.6 3298.7 -16.0 156 0 7.8 4.8 5.0 2.5 4 0 2 3 3
-3794.6 3303.8 -16.5 156 0 5.8 7.6 5.0 2.5 2 1 2 2 2
-3799.1 3292.3 -17.0 156 0 8.5 11.5 5.0 2.5 2 1 2 3 3
-3782.4 3280.5 -16.3 156 0 6.3 4.3 5.0 2.5 2 0 2 2 2
-3791.4 3275.6 -16.9 156 0 7.7 9.0 5.0 2.5 4 1 2 3 3
-3787.2 3264.8 -16.8 156 0 11.1 7.3 5.0 2.5 2 0 2 0 0
-3760.3 3256.2 -16.8 156 0 10.2 13.6 5.0 2.5 2 1 2 2 2
-3782.2 3256.1 -16.8 156 0 6.6 10.0 5.0 2.5 2 1 2 2 2
-3779.7 3248.2 -16.9 156 0 7.4 9.8 5.0 2.5 2 1 2 1 1
-3770.4 3261.6 -16.7 156 0 7.8 4.7 5.0 2.5 2 0 2 5 5
-3768.9 3252.7 -16.9 156 0 6.7 6.0 5.0 0.0 0 0 2 5 5
-3766.0 3244.2 -17.0 156 0 8.2 6.5 5.0 2.5 2 0 2 3 3
-3776.9 3238.3 -17.0 156 0 8.9 10.9 5.0 0.0 0 1 2 4 4
-3751.6 3244.6 -17.0 156 0 10.2 9.4 5.0 2.5 4 0 2 4 4
-3736.3 3238.7 -17.1 336 0 6.9 5.3 5.0 0.0 0 0 2 1 1
-3748.4 3232.6 -17.2 156 0 8.9 7.7 5.0 0.0 0 0 2 3 3
-3772.4 3227.5 -17.0 156 0 9.3 11.0 5.0 2.5 4 1 2 0 0
-3760.1 3231.4 -17.1 156 0 7.6 6.0 5.0 2.5 2 0 2 1 1
-3758.0 3222.1 -17.0 156 0 8.1 7.2 5.0 2.5 2 0 2 2 2
-3768.0 3218.0 -16.9 156 0 8.2 8.7 5.0 2.5 2 1 2 0 0
-3756.4 3210.8 -17.0 156 0 8.2 8.4 5.0 0.0 0 1 2 3 3
-3763.5 3207.4 -16.9 156 0 10.8 6.8 5.0 2.5 4 0 2 2 2
-3744.7 3220.3 -17.3 156 0 11.3 11.9 5.0 2.5 2 1 2 4 4
-3742.9 3207.1 -17.3 156 0 8.2 15.1 5.0 2.5 2 1 2 3 3
-3751.3 3202.7 -17.0 156 0 4.4 6.0 5.0 2.5 2 1 2 2 2
-3759.5 3198.4 -16.9 156 0 6.8 7.9 5.0 2.5 2 1 2 3 3
-3748.6 3193.6 -17.0 156 0 5.0 10.0 5.0 2.5 2 1 2 2 2
-3756.3 3189.9 -16.9 156 0 6.3 6.9 5.0 2.5 2 1 2 3 3
-3721.5 3202.6 -17.3 336 0 6.6 7.8 5.0 0.0 0 1 2 5 5
-3735.5 3197.4 -17.1 156 0 7.8 5.3 5.0 2.5 2 0 2 4 4
-3723.7 3176.5 -17.3 156 0 7.1 10.0 5.0 2.5 2 1 2 1 1
-3730.1 3187.8 -17.2 156 0 4.3 6.5 5.0 2.5 2 1 2 2 2
-3737.1 3182.7 -17.1 156 0 4.2 4.3 5.0 2.5 2 1 2 2 2
-3740.7 3188.3 -17.1 156 0 6.1 5.4 5.0 2.5 4 0 2 4 4
-3752.1 3182.1 -17.0 156 0 9.3 11.5 5.0 2.5 2 1 2 5 5
-3743.1 3159.1 -17.1 156 0 8.5 9.1 5.0 2.5 2 1 2 1 1
-3729.5 3153.9 -17.2 156 0 5.0 5.7 5.0 0.0 0 1 2 3 3
-3740.3 3149.3 -17.1 156 0 8.1 9.8 5.0 2.5 2 1 2 2 2
-3721.3 3134.0 -17.3 156 0 9.2 9.8 5.0 2.5 2 1 2 1 1
-3732.0 3128.4 -17.2 156 0 10.4 11.2 5.0 2.5 2 1 2 3 3
-3726.5 3120.3 -17.2 156 0 6.3 8.4 5.0 2.5 4 1 2 2 2
-3711.6 3112.1 -17.3 66 0 11.2 9.7 5.0 2.5 2 0 2 2 2
-3695.1 3127.9 -17.5 64 0 8.5 8.4 5.0 0.0 0 0 2 5 5
-3691.3 3117.5 -17.5 64 0 12.1 10.1 5.0 2.5 2 0 2 5 5
-3698.3 3100.8 -17.6 284 0 8.9 12.1 5.0 2.5 2 1 2 5 5
-3716.4 3083.4 -17.8 195 0 15.6 16.5 5.0 2.5 2 1 2 3 3
-3715.9 3049.8 -18.1 174 0 8.9 7.7 5.0 2.5 2 0 2 4 4
-3860.3 3434.0 -15.7 67 0 6.4 11.3 5.0 2.5 2 1 2 1 1
-3868.6 3434.5 -16.8 67 0 6.6 8.5 5.0 2.5 2 1 2 2 2
-3880.2 3432.9 -18.0 157 0 11.0 7.4 5.0 2.5 2 0 2 3 3
-3864.2 3425.8 -17.2 337 0 10.3 8.1 5.0 2.5 4 0 2 2 2
-3850.8 3404.2 -16.6 337 0 8.4 7.6 5.0 2.5 2 0 2 3 3
-3850.3 3391.8 -17.2 337 0 4.1 6.7 5.0 0.0 0 1 2 2 2
-3854.5 3355.5 -19.1 157 0 7.7 6.8 5.0 2.5 2 0 2 0 0
-3844.4 3371.0 -18.1 337 0 9.5 6.6 5.0 2.5 2 0 2 4 4
-3834.4 3364.4 -18.2 337 0 8.2 12.2 5.0 2.5 2 1 2 1 1
-3831.6 3352.8 -17.3 67 0 4.4 6.5 5.0 2.5 2 1 2 4 4
-3843.3 3350.5 -18.8 337 0 6.9 4.6 5.0 2.5 2 0 2 4 4
-3835.1 3353.8 -18.4 337 0 9.2 7.6 5.0 2.5 4 0 2 1 1
-3831.9 3344.7 -18.4 337 0 7.3 6.7 5.0 2.5 2 0 2 5 5
-3839.6 3341.2 -18.9 337 0 8.4 7.9 5.0 2.5 2 0 2 4 4
-3836.7 3332.6 -18.8 337 0 6.3 6.8 5.0 2.5 2 1 2 0 0
-3828.5 3336.9 -18.4 337 0 5.7 8.0 5.0 2.5 2 1 2 5 5
-3824.0 3329.3 -18.2 337 0 6.5 7.3 5.0 2.5 2 1 2 3 3
-3832.5 3325.6 -18.6 337 0 7.9 6.1 5.0 2.5 2 0 2 5 5
-3821.0 3320.9 -18.1 337 0 8.3 6.8 5.0 2.5 4 0 2 1 1
-3818.4 3312.3 -18.1 337 0 7.5 6.5 5.0 2.5 2 0 2 3 3
-3826.1 3311.0 -18.5 337 0 6.0 6.9 5.0 0.0 0 1 2 2 2
-3824.0 3305.1 -18.5 337 0 4.4 7.0 5.0 0.0 0 1 2 5 5
-3808.2 3294.3 -18.1 337 0 9.0 11.3 5.0 2.5 4 1 2 0 0
-3819.3 3288.4 -18.4 337 0 8.5 5.7 5.0 2.5 2 0 2 3 3
-3813.2 3302.5 -18.0 337 0 7.3 8.0 5.0 2.5 2 1 2 5 5
-3821.9 3298.1 -18.5 337 0 8.1 7.7 5.0 2.5 2 0 2 3 3
-3842.0 3286.3 -19.3 157 0 9.1 13.3 5.0 2.5 2 1 2 1 1
-3841.7 3276.3 -19.4 157 0 8.5 5.4 5.0 2.5 2 0 2 5 5
-3804.1 3280.6 -17.8 337 0 7.5 7.4 5.0 2.5 2 0 2 2 2
-3811.7 3277.6 -18.3 337 0 9.0 9.2 5.0 2.5 2 1 2 1 1
-3800.2 3271.1 -17.7 337 0 7.5 6.4 5.0 0.0 0 0 2 2 2
-3807.5 3267.4 -18.1 337 0 7.4 5.5 5.0 2.5 2 0 2 5 5
-3803.7 3259.5 -18.2 337 0 6.6 9.4 5.0 2.5 2 1 2 1 1
-3796.3 3262.1 -17.6 337 0 7.8 6.5 5.0 2.5 2 0 2 5 5
-3792.4 3254.0 -17.6 337 0 6.7 7.6 5.0 2.5 2 1 2 3 3
-3801.0 3251.1 -18.1 337 0 8.1 9.0 5.0 2.5 2 1 2 3 3
-3788.4 3245.0 -17.5 337 0 8.0 7.2 5.0 2.5 2 0 2 0 0
-3799.5 3239.3 -18.1 337 0 5.8 5.8 5.0 2.5 2 0 2 3 3
-3802.2 3231.3 -18.2 337 0 4.4 3.4 5.0 0.0 0 0 2 4 4
-3806.4 3236.2 -18.6 337 0 5.2 8.1 5.0 2.5 2 1 2 3 3
-3784.4 3236.0 -17.4 337 0 8.7 6.8 5.0 2.5 2 0 2 4 4
-3792.0 3231.5 -17.9 337 0 8.1 8.3 5.0 2.5 2 1 2 3 3
-3799.6 3222.9 -18.5 337 0 7.8 9.6 5.0 2.5 2 1 2 4 4
-3820.3 3224.3 -19.0 157 0 8.0 9.1 5.0 2.5 2 1 2 4 4
-3816.3 3216.7 -18.9 157 0 7.2 6.9 5.0 2.5 2 0 2 5 5
-3780.6 3224.0 -17.4 337 0 10.1 8.1 5.0 2.5 2 0 2 3 3
-3775.1 3214.7 -17.4 337 0 8.5 10.4 5.0 0.0 0 1 2 4 4
-3785.5 3208.0 -17.8 337 0 10.8 6.8 5.0 2.5 2 0 2 0 0
-3812.6 3209.3 -18.8 157 0 6.5 5.8 5.0 2.5 2 0 2 2 2
-3797.1 3214.3 -18.5 337 0 8.0 9.6 5.0 2.5 2 1 2 5 5
-3793.6 3205.9 -18.3 337 0 6.1 6.5 5.0 2.5 2 1 2 4 4
-3805.8 3199.7 -18.7 157 0 6.9 6.3 5.0 2.5 2 0 2 4 4
-3813.4 3196.7 -19.1 157 0 8.1 6.3 5.0 2.5 2 0 2 5 5
-3779.0 3199.5 -17.8 337 0 6.3 10.5 5.0 2.5 2 1 2 0 0
-3771.1 3203.3 -17.2 337 0 7.3 7.7 5.0 0.0 0 1 2 0 0
-3768.3 3195.5 -17.4 337 0 7.4 9.9 5.0 2.5 2 1 2 1 1
-3763.9 3187.5 -17.3 337 0 8.8 9.1 5.0 2.5 2 1 2 5 5
-3772.9 3182.4 -17.9 337 0 7.2 10.3 5.0 2.5 2 1 2 5 5
-3778.6 3190.2 -18.0 337 0 8.9 10.0 5.0 2.5 2 1 2 2 2
-3798.9 3190.7 -18.5 157 0 5.7 8.6 5.0 2.5 2 1 2 1 1
-3809.6 3187.5 -19.1 157 0 7.1 8.4 5.0 2.5 2 1 2 5 5
-3804.8 3171.0 -19.1 157 0 9.6 7.2 5.0 2.5 2 0 2 4 4
-3801.0 3156.9 -19.1 157 0 6.2 8.8 5.0 2.5 2 1 2 0 0
-3793.1 3161.7 -18.7 157 0 8.9 5.9 5.0 2.5 2 0 2 4 4
-3775.0 3167.4 -17.9 337 0 5.2 3.2 5.0 2.5 2 0 2 5 5
-3760.2 3177.2 -17.3 337 0 10.7 6.5 5.0 2.5 2 0 2 5 5
-3768.0 3173.7 -17.8 337 0 10.7 8.2 5.0 2.5 2 0 2 5 5
-3751.6 3155.0 -17.5 337 0 7.3 8.3 5.0 2.5 2 1 2 3 3
-3755.3 3168.3 -17.4 337 0 6.3 8.8 5.0 2.5 2 1 2 2 2
-3764.3 3164.4 -17.7 337 0 6.4 6.9 5.0 2.5 2 1 2 3 3
-3760.0 3159.1 -17.7 337 0 4.4 8.4 5.0 0.0 0 1 2 0 0
-3761.2 3151.1 -17.8 337 0 8.7 5.4 5.0 0.0 0 0 2 0 0
-3768.4 3147.0 -18.5 337 0 4.3 11.3 5.0 0.0 0 1 2 0 0
-3769.8 3153.3 -18.2 337 0 6.8 7.0 5.0 2.5 2 1 2 2 2
-3781.4 3170.7 -18.3 337 0 3.3 5.6 5.0 2.5 4 1 2 1 1
-3778.8 3165.4 -18.3 337 0 6.9 7.3 5.0 2.5 2 1 2 4 4
-3773.5 3159.9 -18.4 337 0 5.5 10.5 5.0 2.5 2 1 2 5 5
-3788.6 3153.3 -18.7 157 0 6.4 4.2 5.0 2.5 2 0 2 4 4
-3785.4 3147.0 -18.7 157 0 6.0 8.3 5.0 2.5 2 1 2 4 4
-3794.6 3142.2 -19.2 157 0 12.6 9.0 5.0 2.5 4 0 2 4 4
-3784.5 3120.6 -19.1 157 0 6.0 5.4 5.0 2.5 2 0 2 5 5
-3786.4 3130.6 -19.0 157 0 9.2 7.6 5.0 2.5 2 0 2 4 4
-3777.6 3134.2 -18.6 157 0 9.9 4.7 5.0 2.5 2 0 2 1 1
-3765.2 3141.2 -18.3 337 0 7.2 7.6 5.0 2.5 2 1 2 3 3
-3760.9 3130.4 -18.3 337 0 9.0 7.9 5.0 2.5 2 0 2 2 2
-3777.4 3121.5 -18.8 157 0 8.5 9.3 5.0 2.5 2 1 2 3 3
-3743.0 3137.3 -17.5 337 0 9.2 10.5 5.0 2.5 2 1 2 3 3
-3753.7 3132.7 -17.9 337 0 9.3 6.0 5.0 0.0 0 0 2 5 5
-3748.4 3124.1 -17.9 333 0 8.2 7.6 5.0 2.5 2 0 2 4 4
-3773.7 3114.9 -18.7 156 0 5.0 7.4 5.0 2.5 4 1 2 5 5
-3770.3 3107.9 -18.7 158 0 8.4 8.1 5.0 2.5 2 0 2 4 4
-3732.1 3109.7 -17.5 337 0 9.1 7.7 5.0 2.5 2 0 2 1 1
-3736.0 3118.8 -17.4 332 0 5.8 6.6 5.0 2.5 4 1 2 2 2
-3743.6 3115.5 -17.9 335 0 6.9 8.4 5.0 2.5 2 1 2 0 0
-3740.8 3106.2 -17.9 337 0 9.2 8.4 5.0 2.5 4 0 2 3 3
-3728.5 3094.3 -17.7 354 0 7.9 7.7 5.0 2.5 2 0 2 0 0
-3737.9 3093.9 -17.9 345 0 6.8 8.3 5.0 2.5 2 1 2 2 2
-3727.0 3083.8 -18.2 358 0 9.0 18.2 5.0 2.5 2 1 2 3 3
-3735.8 3076.0 -18.3 359 0 3.6 8.1 5.0 2.5 4 1 2 0 0
-3762.0 3083.1 -18.6 176 0 4.1 3.8 5.0 2.5 2 0 2 0 0
-3757.4 3064.1 -18.9 157 0 7.7 4.8 5.0 0.0 0 0 2 5 5
-3753.4 3051.7 -18.9 162 0 10.1 6.3 5.0 2.5 4 0 2 1 1
-3738.3 3068.4 -18.5 359 0 6.3 5.2 5.0 2.5 2 0 2 2 2
-3728.4 3068.9 -18.3 359 0 8.3 8.3 5.0 0.0 0 0 2 2 2
-3726.2 3059.8 -18.5 359 0 8.2 13.2 5.0 2.5 2 1 2 2 2
-3724.5 3051.2 -18.4 360 0 6.9 8.1 5.0 2.5 2 1 2 3 3
-3724.3 3033.3 -18.6 359 0 7.1 10.9 5.0 2.5 2 1 2 1 1
-3724.5 3042.1 -18.7 359 0 8.5 12.6 5.0 2.5 2 1 2 4 4
-3739.0 3040.7 -18.9 359 0 8.7 8.8 5.0 2.5 2 1 2 3 3
-3755.0 3021.3 -19.0 180 0 5.5 8.9 5.0 2.5 2 1 2 2 2
-3756.4 3012.2 -19.1 179 0 10.2 7.3 5.0 2.5 2 0 2 3 3
-3738.7 2991.9 -18.9 359 0 7.4 9.9 5.0 2.5 2 1 2 0 0
-3738.9 2983.0 -19.1 359 0 7.6 13.4 5.0 2.5 4 1 2 3 3
-3738.4 2973.3 -18.8 359 0 8.7 8.7 5.0 2.5 2 0 2 5 5
-3724.6 2993.2 -18.3 179 0 12.4 7.8 5.0 2.5 2 0 2 5 5
-3725.5 2982.6 -18.0 179 0 7.1 9.2 5.0 2.5 4 1 2 3 3
-3726.2 2972.4 -17.8 179 0 6.9 13.2 5.0 2.5 4 1 2 2 2
-3703.2 2962.8 -17.3 349 0 6.7 7.7 5.0 2.5 2 1 2 0 0
-3718.9 2943.9 -16.9 179 0 9.7 12.2 5.0 2.5 2 1 2 2 2
-3735.5 2940.0 -17.7 359 0 7.7 7.7 5.0 2.5 2 1 2 0 0
-3737.3 2925.4 -17.3 360 0 3.1 4.0 5.0 2.5 2 1 2 5 5
-3737.0 2920.5 -17.9 359 0 5.7 8.0 5.0 2.5 2 1 2 0 0
-3749.8 2912.5 -18.7 179 0 6.8 13.4 5.0 2.5 2 1 2 0 0
-3720.1 2915.2 -16.0 179 0 6.7 11.0 5.0 2.5 2 1 2 2 2
-3721.6 2903.9 -16.2 270 0 6.5 6.2 5.0 2.5 2 0 2 5 5
-3717.6 2894.1 -16.5 359 0 6.0 7.9 5.0 2.5 2 1 2 0 0
-3670.6 2868.4 -15.4 267 0 9.4 9.5 5.0 2.5 2 1 2 5 5
-3515.9 2413.5 -11.3 7 0 7.1 9.8 5.0 2.5 2 1 2 1 1
-3521.0 2375.0 -11.3 5 0 8.2 6.6 5.0 2.5 2 0 2 5 5
-3522.2 2342.2 -11.6 1 0 7.1 8.9 5.0 2.5 2 1 2 1 1
-3507.6 2586.6 -13.5 1 0 6.6 8.9 2.5 2.5 2 1 1 4 4
-3498.2 2573.4 -13.0 3 0 7.2 6.9 2.5 2.5 2 0 1 1 1
-3474.0 2756.6 -9.8 181 0 9.2 7.3 5.0 2.5 4 0 2 4 4
-3467.0 2556.5 -11.4 173 0 7.0 8.1 5.0 2.5 2 1 2 1 1
-3460.6 2535.4 -11.3 97 0 10.2 7.2 5.0 2.5 2 0 2 2 2
-3490.9 2320.4 -11.7 181 0 6.3 8.4 2.5 2.5 2 1 1 4 4
-3491.1 2305.8 -11.6 182 0 8.0 7.9 2.5 2.5 2 0 1 3 3
-3483.1 2288.7 -11.6 359 0 6.6 7.6 2.5 2.5 4 1 1 3 3
-3486.2 2264.8 -11.9 10 0 7.9 8.6 2.5 2.5 2 1 1 1 1
