4769.8 -6927.4 -14.8 23 0 6.7 9.2 5.0 2.5 2 1 2 4 4
4754.3 -6915.9 -15.5 115 0 14.4 10.8 5.0 2.5 2 0 2 4 4
4744.7 -6893.1 -16.2 204 0 11.2 26.9 5.0 2.5 2 1 2 5 5
4764.1 -6880.7 -15.8 296 0 9.9 10.1 5.0 2.5 2 1 2 3 3
4824.8 -6846.6 -14.6 20 0 51.2 18.4 5.0 2.5 2 0 2 2 2
4878.9 -6873.0 -13.6 93 0 11.0 13.7 5.0 2.5 2 1 2 1 1
4922.8 -6902.6 -13.5 271 0 21.9 12.1 5.0 0.0 0 0 2 1 1
4938.4 -6908.8 -12.8 269 0 8.6 5.2 5.0 2.5 2 0 2 2 2
4953.9 -6911.1 -12.4 266 0 19.6 15.5 5.0 2.5 2 0 2 1 1
4970.7 -6902.2 -12.6 268 0 6.5 12.8 5.0 2.5 2 1 2 3 3
4979.6 -6903.0 -12.3 270 0 5.8 8.3 5.0 2.5 2 1 2 4 4
4943.8 -6842.9 -13.5 179 0 18.8 39.8 2.5 2.5 2 1 1 1 1
4968.4 -6883.9 -13.7 89 0 47.2 30.4 2.5 0.0 0 0 1 3 3
5254.8 -6750.5 -4.0 293 0 4.6 7.9 7.5 2.5 2 1 3 4 4
5306.5 -6659.0 -10.0 342 0 8.5 6.8 5.0 2.5 4 0 2 5 5
5378.5 -6617.5 -9.2 252 0 10.2 13.5 5.0 2.5 2 1 2 5 5
5431.0 -6583.9 -8.4 249 0 7.7 11.5 5.0 2.5 2 1 2 2 2
5506.2 -6537.0 -8.5 62 0 7.6 13.6 2.5 0.0 0 1 1 2 2
5513.0 -6551.9 -8.2 251 0 8.1 10.9 5.0 2.5 4 1 2 3 3
5523.5 -6666.3 -5.4 181 0 6.3 8.0 5.0 2.5 2 1 2 5 5
5576.4 -6773.0 -1.2 253 0 7.6 4.6 5.0 2.5 2 0 2 5 5
5578.3 -6784.3 -1.0 73 0 8.2 4.8 7.5 2.5 2 0 3 5 5
5557.6 -6800.9 -1.6 75 0 13.3 20.0 10.0 2.5 2 1 4 3 3
5585.3 -6636.4 -5.1 349 0 8.4 6.3 5.0 2.5 2 0 2 3 3
5550.0 -6472.1 -8.7 23 0 6.7 12.7 5.0 2.5 2 1 2 1 1
5051.0 -6384.5 -13.8 5 0 13.2 9.6 5.0 2.5 2 0 2 5 5
4908.6 -6542.1 -13.5 87 0 7.9 11.6 2.5 2.5 2 1 1 2 2
4883.8 -6553.6 -13.4 89 0 8.3 6.0 2.5 2.5 2 0 1 1 1
4870.0 -6540.0 -14.0 179 0 7.9 10.7 2.5 2.5 4 1 1 1 1
4884.8 -6542.9 -13.9 89 0 6.8 12.2 2.5 2.5 2 1 1 5 5
4822.9 -6475.3 -14.6 178 0 10.4 5.3 2.5 2.5 2 0 1 4 4
4879.2 -6493.5 -15.2 180 0 12.4 7.4 2.5 2.5 2 0 1 3 3
4898.3 -6462.0 -15.2 268 0 17.2 9.2 2.5 2.5 2 0 1 1 1
4824.6 -6416.9 -13.9 1 0 10.4 24.1 2.5 2.5 2 1 1 4 4
4814.9 -6402.1 -13.7 359 0 16.0 7.3 2.5 2.5 2 0 1 5 5
4820.8 -6400.4 -13.8 0 0 9.1 5.0 2.5 2.5 2 0 1 0 0
4794.6 -6385.4 -13.5 0 0 8.6 4.7 2.5 2.5 2 0 1 4 4
4788.6 -6386.6 -13.9 1 0 10.0 7.5 2.5 2.5 2 0 1 0 0
4770.6 -6390.2 -14.5 180 0 5.7 6.2 2.5 2.5 2 1 1 0 0
4782.9 -6361.9 -14.2 269 0 8.2 7.8 2.5 2.5 2 0 1 5 5
4796.7 -6371.2 -13.9 2 0 7.1 7.7 2.5 2.5 2 1 1 0 0
4804.7 -6368.7 -13.9 2 0 10.5 6.2 2.5 2.5 2 0 1 0 0
4811.9 -6371.7 -13.7 3 0 7.5 6.7 2.5 2.5 2 0 1 3 3
4822.2 -6360.6 -13.9 3 0 8.0 10.1 2.5 2.5 2 1 1 1 1
4821.1 -6345.5 -14.0 359 0 13.4 7.0 2.5 2.5 2 0 1 5 5
4801.6 -6358.4 -14.3 1 0 6.0 12.1 2.5 2.5 2 1 1 1 1
4800.5 -6338.1 -14.5 270 0 5.9 16.7 2.5 2.5 2 1 1 0 0
4782.3 -6340.2 -14.9 270 0 9.0 10.1 2.5 2.5 2 1 1 5 5
4759.7 -6372.0 -15.2 178 0 9.7 9.1 2.5 2.5 2 0 1 1 1
4740.5 -6351.1 -16.5 191 0 18.6 7.0 2.5 2.5 4 0 1 0 0
4756.3 -6346.2 -15.8 281 0 8.1 15.8 2.5 2.5 2 1 1 1 1
4741.9 -6376.4 -16.4 185 0 7.1 12.8 2.5 2.5 2 1 1 4 4
4729.3 -6396.2 -17.3 182 0 18.2 10.0 2.5 2.5 4 0 1 3 3
4784.3 -6322.6 -14.3 87 0 6.8 14.5 5.0 2.5 2 1 2 2 2
4782.5 -6307.3 -14.3 87 0 6.0 10.0 5.0 2.5 2 1 2 0 0
4775.6 -6328.4 -14.9 91 0 8.2 18.6 5.0 2.5 2 1 2 4 4
4761.3 -6313.9 -15.3 94 0 6.9 11.7 5.0 2.5 2 1 2 5 5
4940.0 -6271.0 -16.0 270 0 8.9 10.1 5.0 2.5 2 1 2 5 5
4830.6 -6404.7 -14.5 180 0 10.8 19.0 2.5 2.5 2 1 1 4 4
4857.4 -6336.8 -14.7 274 0 8.3 8.2 2.5 2.5 2 0 1 3 3
4881.3 -6366.3 -15.1 86 0 6.4 7.0 2.5 0.0 0 1 1 5 5
4888.3 -6371.6 -15.2 88 0 6.4 19.4 2.5 0.0 0 1 1 3 3
4890.6 -6333.4 -15.0 271 0 11.0 14.8 2.5 2.5 2 1 1 0 0
4901.6 -6359.0 -14.9 92 0 9.6 19.2 2.5 0.0 0 1 1 0 0
4913.8 -6389.5 -14.7 268 0 11.6 9.9 2.5 2.5 2 0 1 4 4
4892.9 -6401.0 -15.1 262 0 10.6 6.8 2.5 2.5 2 0 1 4 4
4909.4 -6379.6 -14.8 269 0 8.2 7.8 2.5 2.5 2 0 1 3 3
4900.1 -6376.6 -15.0 269 0 9.0 21.6 2.5 2.5 2 1 1 0 0
4887.7 -6393.1 -15.2 271 0 10.9 5.9 2.5 2.5 2 0 1 0 0
4862.5 -6379.1 -14.8 272 0 9.1 13.7 2.5 2.5 2 1 1 4 4
4876.5 -6423.7 -15.2 87 0 11.9 13.4 2.5 2.5 2 1 1 5 5
4908.3 -6425.0 -14.9 84 0 8.8 11.8 2.5 2.5 2 1 1 2 2
4931.8 -6385.6 -14.3 267 0 10.4 8.2 2.5 2.5 2 0 1 4 4
4922.1 -6380.2 -14.4 178 0 9.3 14.7 2.5 2.5 2 1 1 2 2
4925.8 -6372.0 -14.6 87 0 7.5 12.8 2.5 0.0 0 1 1 0 0
4935.7 -6331.0 -14.9 266 0 9.4 10.2 2.5 2.5 4 1 1 4 4
4949.3 -6329.2 -15.1 265 0 16.5 10.8 2.5 2.5 2 0 1 5 5
4943.2 -6341.8 -14.7 264 0 6.4 10.3 2.5 2.5 2 1 1 5 5
4956.1 -6347.1 -14.7 356 0 7.5 8.6 2.5 2.5 2 1 1 3 3
4931.5 -6357.8 -14.6 175 0 7.1 18.1 2.5 2.5 4 1 1 1 1
4959.5 -6367.2 -14.5 354 0 7.2 25.1 2.5 2.5 2 1 1 0 0
4942.1 -6380.2 -14.1 179 0 6.5 4.4 2.5 2.5 2 0 1 0 0
4957.8 -6378.6 -14.0 354 0 8.0 7.1 2.5 2.5 2 0 1 4 4
4959.3 -6392.5 -13.9 354 0 7.9 8.0 2.5 2.5 2 1 1 1 1
4966.1 -6402.3 -13.7 3 0 5.3 6.4 2.5 2.5 2 1 1 1 1
4940.6 -6411.8 -14.2 86 0 8.8 7.6 2.5 2.5 2 0 1 1 1
4955.9 -6405.7 -13.9 0 0 8.6 8.7 2.5 0.0 0 1 1 4 4
4926.9 -6420.2 -14.5 91 0 11.4 8.2 2.5 2.5 2 0 1 4 4
4928.6 -6429.8 -14.4 92 0 9.7 8.9 2.5 0.0 0 0 1 2 2
4961.7 -6415.8 -13.8 1 0 6.7 10.1 2.5 2.5 2 1 1 2 2
4946.7 -6428.1 -14.1 88 0 16.0 8.1 2.5 2.5 2 0 1 2 2
4943.3 -6448.9 -14.2 269 0 12.2 13.4 2.5 0.0 0 1 1 3 3
4934.9 -6475.2 -14.1 269 0 6.5 20.2 2.5 2.5 2 1 1 0 0
4942.1 -6467.9 -14.0 269 0 6.9 21.9 2.5 2.5 2 1 1 2 2
5006.3 -6594.5 -10.5 181 0 12.7 14.2 2.5 2.5 2 1 1 3 3
5063.3 -6617.3 -10.3 7 0 9.2 7.5 2.5 2.5 2 0 1 3 3
5080.9 -6574.6 -10.3 10 0 4.7 9.3 2.5 0.0 0 1 1 4 4
5065.5 -6580.3 -10.5 357 0 7.5 15.7 2.5 2.5 2 1 1 1 1
5005.7 -6577.8 -10.6 179 0 8.3 13.0 2.5 2.5 2 1 1 5 5
5006.1 -6564.7 -10.8 175 0 11.1 13.1 2.5 2.5 2 1 1 1 1
4992.4 -6543.1 -11.4 176 0 9.0 23.3 2.5 2.5 2 1 1 2 2
5028.3 -6544.5 -10.9 176 0 9.9 14.1 2.5 2.5 2 1 1 5 5
5047.5 -6540.3 -10.8 272 0 7.7 9.2 2.5 2.5 4 1 1 0 0
5082.2 -6531.3 -10.9 356 0 11.4 7.7 2.5 2.5 2 0 1 5 5
5072.3 -6529.8 -11.0 2 0 19.1 9.1 2.5 2.5 2 0 1 5 5
5021.8 -6515.7 -11.3 270 0 10.1 20.1 2.5 2.5 2 1 1 0 0
4989.3 -6522.1 -12.1 178 0 10.2 18.4 2.5 2.5 2 1 1 0 0
5008.4 -6504.9 -12.0 266 0 9.6 10.5 2.5 2.5 2 1 1 3 3
5001.3 -6495.1 -12.7 0 0 7.9 15.4 5.0 0.0 0 1 2 3 3
4985.8 -6486.9 -12.7 179 0 7.6 21.2 5.0 2.5 2 1 2 3 3
5010.6 -6476.7 -12.7 358 0 9.5 19.4 5.0 2.5 2 1 2 4 4
5055.2 -6420.2 -12.3 296 0 10.4 11.6 5.0 2.5 2 1 2 3 3
5037.1 -6423.8 -12.6 284 0 9.4 8.6 5.0 2.5 2 0 2 0 0
5039.8 -6442.0 -12.1 16 0 9.1 10.6 5.0 2.5 2 1 2 5 5
4994.3 -6456.5 -12.6 179 0 9.8 20.6 5.0 2.5 2 1 2 0 0
4990.2 -6437.0 -13.1 179 0 8.7 18.0 5.0 2.5 2 1 2 5 5
5000.9 -6378.5 -13.8 178 0 10.0 15.8 5.0 2.5 2 1 2 1 1
5003.0 -6361.4 -14.3 182 0 8.1 10.0 5.0 2.5 2 1 2 0 0
4988.5 -6361.6 -14.4 178 0 9.5 13.8 5.0 2.5 4 1 2 3 3
5001.6 -6329.3 -15.3 279 0 23.3 23.2 5.0 2.5 4 0 2 3 3
5030.8 -6323.3 -15.2 269 0 8.8 13.9 5.0 2.5 2 1 2 5 5
5041.2 -6324.4 -15.1 271 0 8.5 13.8 5.0 2.5 2 1 2 2 2
5057.2 -6332.8 -15.0 0 0 7.3 11.1 5.0 2.5 2 1 2 4 4
5057.5 -6340.4 -14.7 360 0 7.5 10.4 5.0 2.5 2 1 2 0 0
5096.6 -6489.5 -10.8 35 0 5.5 9.2 2.5 2.5 2 1 1 4 4
5108.6 -6488.3 -10.8 40 0 7.5 6.2 2.5 2.5 2 0 1 0 0
5085.1 -6467.5 -10.9 221 0 8.3 8.7 2.5 2.5 2 1 1 1 1
5048.8 -6460.4 -11.0 216 0 4.7 8.2 2.5 0.0 0 1 1 1 1
5061.9 -6462.2 -11.0 214 0 10.7 10.0 2.5 2.5 2 0 1 5 5
5069.3 -6452.5 -11.1 215 0 9.2 12.4 2.5 2.5 2 1 1 4 4
5080.2 -6437.1 -12.0 222 0 14.8 25.4 2.5 2.5 2 1 1 3 3
5094.0 -6425.8 -12.1 220 0 9.4 12.6 2.5 2.5 4 1 1 2 2
5102.5 -6400.5 -11.9 222 0 7.4 14.9 2.5 2.5 2 1 1 0 0
5096.2 -6389.4 -12.6 37 0 16.9 8.8 5.0 2.5 2 0 2 0 0
5068.2 -6373.8 -13.7 186 0 11.4 18.3 5.0 2.5 2 1 2 5 5
5068.7 -6358.2 -14.0 182 0 11.2 14.3 5.0 2.5 2 1 2 2 2
5104.4 -6373.1 -12.7 36 0 6.7 10.6 5.0 2.5 2 1 2 4 4
5103.2 -6362.0 -12.9 35 0 8.0 8.6 5.0 2.5 2 1 2 4 4
5118.4 -6354.0 -13.0 38 0 10.0 19.7 5.0 0.0 0 1 2 5 5
5086.1 -6320.8 -14.3 272 0 8.5 18.2 5.0 2.5 2 1 2 0 0
5067.8 -6331.7 -14.7 180 0 12.8 8.6 5.0 2.5 4 0 2 1 1
4956.4 -6316.3 -15.6 355 0 5.5 19.3 5.0 2.5 2 1 2 2 2
4930.9 -6305.7 -15.4 86 0 7.5 9.6 5.0 2.5 2 1 2 0 0
4951.3 -6299.3 -15.8 356 0 9.1 16.2 5.0 2.5 2 1 2 1 1
4838.4 -6323.2 -14.3 90 0 16.7 9.4 5.0 2.5 2 0 2 4 4
4814.6 -6326.7 -14.0 89 0 9.7 11.9 5.0 2.5 2 1 2 1 1
4813.3 -6290.4 -13.9 3 0 7.1 13.0 5.0 2.5 2 1 2 5 5
4827.3 -6272.7 -14.6 180 0 9.2 9.6 5.0 2.5 2 1 2 3 3
4825.7 -6285.9 -14.5 179 0 8.8 20.0 5.0 2.5 2 1 2 0 0
4855.0 -6320.0 -14.7 89 0 10.2 11.5 5.0 2.5 2 1 2 2 2
4887.4 -6322.0 -15.0 87 0 8.7 15.1 5.0 2.5 2 1 2 1 1
4870.0 -6298.9 -15.1 98 0 8.3 8.4 5.0 2.5 2 1 2 4 4
4889.4 -6266.5 -15.5 279 0 9.6 13.7 5.0 2.5 2 1 2 1 1
4872.2 -6257.6 -15.5 280 0 15.3 7.6 5.0 2.5 2 0 2 4 4
4974.3 -6280.6 -16.0 177 0 7.2 12.5 5.0 2.5 2 1 2 3 3
5166.1 -6295.2 -13.0 52 0 9.3 15.9 5.0 2.5 2 1 2 5 5
5142.9 -6304.8 -13.3 114 0 6.4 14.1 5.0 2.5 2 1 2 4 4
5130.7 -6315.9 -13.4 107 0 5.5 8.3 5.0 2.5 4 1 2 2 2
5122.6 -6311.7 -13.5 108 0 10.6 22.8 5.0 2.5 2 1 2 3 3
5111.0 -6306.6 -13.6 107 0 12.6 22.1 5.0 2.5 2 1 2 5 5
5067.5 -6307.9 -14.9 90 0 7.0 25.0 5.0 2.5 2 1 2 1 1
5051.4 -6303.1 -15.1 85 0 12.5 21.7 5.0 2.5 2 1 2 5 5
5030.8 -6306.8 -15.3 84 0 8.3 24.1 5.0 2.5 2 1 2 5 5
4997.6 -6299.3 -15.8 87 0 8.6 10.2 5.0 2.5 4 1 2 0 0
5007.3 -6298.2 -15.7 87 0 8.8 9.7 5.0 2.5 2 1 2 4 4
5010.4 -6270.4 -15.3 267 0 8.0 7.8 5.0 2.5 2 0 2 5 5
5037.4 -6250.8 -14.5 271 0 8.5 7.9 5.0 2.5 2 0 2 2 2
5029.7 -6262.9 -14.8 277 0 8.5 6.7 5.0 2.5 2 0 2 0 0
4959.0 -6167.8 -14.2 320 0 26.9 30.0 5.0 0.0 0 1 2 0 0
5260.0 -5318.0 -11.1 210 0 8.9 7.8 5.0 2.5 2 0 2 3 3
5286.7 -5241.7 -10.9 50 0 8.5 7.7 2.5 2.5 2 0 1 1 1
5289.4 -5217.5 -10.8 224 0 15.3 8.8 2.5 2.5 2 0 1 0 0
4870.9 -5812.6 -12.4 336 0 5.2 13.5 5.0 0.0 0 1 2 2 2
4860.8 -5786.4 -12.4 340 0 10.0 18.9 5.0 2.5 2 1 2 4 4
4840.9 -5789.0 -11.8 348 0 6.6 4.7 5.0 0.0 0 0 2 4 4
4834.8 -5790.9 -11.7 354 0 7.4 5.1 5.0 2.5 2 0 2 4 4
4823.5 -5793.4 -11.5 171 0 8.6 5.6 5.0 2.5 2 0 2 3 3
4796.8 -5804.6 -10.7 174 0 10.2 5.9 5.0 2.5 2 0 2 2 2
4844.3 -5763.7 -12.2 344 0 8.3 6.8 5.0 0.0 0 0 2 0 0
4847.3 -5748.6 -12.4 341 0 9.7 16.8 5.0 2.5 4 1 2 5 5
4841.6 -5736.8 -12.3 342 0 6.5 11.6 5.0 2.5 2 1 2 2 2
4808.7 -5731.1 -11.7 166 0 7.0 7.4 5.0 2.5 2 1 2 3 3
4807.7 -5724.1 -11.8 163 0 5.3 8.2 5.0 2.5 2 1 2 3 3
4826.8 -5715.9 -12.2 351 0 10.0 7.6 5.0 2.5 2 0 2 1 1
4841.3 -5715.7 -12.5 355 0 8.8 12.9 5.0 2.5 2 1 2 2 2
4796.2 -5688.2 -14.0 179 0 10.8 8.3 5.0 0.0 0 0 2 4 4
4824.6 -5689.3 -13.7 0 0 7.8 8.3 5.0 2.5 2 1 2 3 3
4830.3 -5703.2 -13.1 0 0 14.2 14.3 5.0 2.5 4 1 2 3 3
4844.4 -5699.6 -12.8 0 0 7.1 13.6 5.0 0.0 0 1 2 1 1
4841.3 -5689.5 -13.4 4 0 7.3 13.2 5.0 0.0 0 1 2 5 5
4843.5 -5665.3 -13.3 359 0 4.3 7.0 5.0 2.5 2 1 2 4 4
4830.3 -5664.3 -13.5 357 0 6.6 7.2 5.0 2.5 2 1 2 5 5
4829.0 -5655.2 -13.5 355 0 9.4 6.7 5.0 2.5 2 0 2 3 3
4837.1 -5655.5 -13.3 359 0 8.5 7.0 5.0 2.5 2 0 2 0 0
4817.1 -5635.8 -13.6 356 0 5.8 5.8 5.0 0.0 0 1 2 4 4
4837.3 -5640.3 -13.5 1 0 8.0 17.4 5.0 2.5 4 1 2 2 2
4838.6 -5621.9 -13.9 4 0 8.5 11.4 5.0 2.5 2 1 2 1 1
4785.2 -5647.6 -14.1 172 0 7.1 4.5 5.0 0.0 0 0 2 5 5
4774.7 -5634.9 -14.3 189 0 11.2 5.5 5.0 2.5 2 0 2 0 0
4834.7 -5605.0 -13.9 324 0 7.2 9.0 5.0 2.5 2 1 2 0 0
4824.0 -5597.5 -13.7 313 0 6.4 15.1 5.0 2.5 2 1 2 2 2
4807.4 -5581.1 -13.9 320 0 8.3 20.6 5.0 2.5 2 1 2 1 1
4772.1 -5601.3 -14.3 134 0 9.6 12.1 5.0 2.5 2 1 2 3 3
4725.8 -5546.5 -13.2 135 0 12.5 8.5 5.0 2.5 2 0 2 5 5
4795.2 -5569.4 -13.9 313 0 7.2 18.8 5.0 2.5 4 1 2 5 5
4782.6 -5560.7 -13.7 316 0 8.6 12.3 5.0 0.0 0 1 2 1 1
4778.0 -5531.6 -12.5 136 0 9.7 12.3 5.0 2.5 2 1 2 5 5
4756.9 -5500.2 -11.4 135 0 7.3 7.1 5.0 2.5 2 0 2 3 3
4855.6 -5646.4 -13.8 180 0 5.3 6.6 5.0 2.5 2 1 2 2 2
4858.2 -5629.9 -14.0 180 0 10.5 5.3 5.0 2.5 2 0 2 2 2
4867.7 -5625.5 -13.9 271 0 7.2 14.1 5.0 2.5 2 1 2 0 0
4881.0 -5624.1 -13.8 282 0 9.7 18.0 5.0 2.5 2 1 2 0 0
4893.7 -5626.6 -13.7 283 0 7.9 12.4 5.0 2.5 2 1 2 0 0
4907.8 -5652.0 -13.8 214 0 8.0 10.0 5.0 2.5 2 1 2 2 2
4886.4 -5655.8 -13.6 210 0 10.4 7.9 5.0 2.5 2 0 2 3 3
4899.2 -5679.3 -13.7 207 0 6.6 5.5 5.0 2.5 2 0 2 2 2
4892.4 -5673.8 -13.6 205 0 8.2 6.9 5.0 2.5 2 0 2 2 2
4881.5 -5667.1 -13.6 204 0 9.3 12.0 5.0 2.5 2 1 2 0 0
4878.5 -5682.0 -13.5 182 0 8.2 10.1 5.0 2.5 2 1 2 1 1
4859.4 -5661.5 -13.5 176 0 7.6 11.1 5.0 2.5 2 1 2 0 0
4856.2 -5674.2 -13.4 177 0 13.3 20.3 5.0 2.5 2 1 2 1 1
4857.0 -5686.6 -13.3 181 0 6.1 10.8 5.0 2.5 2 1 2 3 3
4858.7 -5711.6 -13.0 180 0 7.7 16.5 5.0 2.5 2 1 2 3 3
4862.3 -5719.6 -12.8 180 0 6.6 13.3 5.0 2.5 2 1 2 4 4
4870.9 -5730.1 -12.9 164 0 9.6 6.5 5.0 2.5 2 0 2 4 4
4871.7 -5743.2 -12.9 161 0 13.4 15.4 5.0 2.5 2 1 2 4 4
4874.8 -5761.4 -12.9 158 0 10.4 20.8 5.0 0.0 0 1 2 3 3
4878.0 -5775.4 -12.8 167 0 6.8 12.8 5.0 2.5 2 1 2 0 0
4897.7 -5827.8 -12.8 165 0 8.8 13.9 5.0 2.5 2 1 2 0 0
4914.5 -5750.3 -13.2 22 0 10.2 11.7 5.0 2.5 2 1 2 0 0
4936.8 -5731.6 -13.6 13 0 9.4 13.5 5.0 2.5 2 1 2 2 2
4944.4 -5705.7 -13.9 21 0 8.2 10.6 5.0 2.5 2 1 2 4 4
4928.2 -5693.9 -13.8 29 0 6.8 11.6 5.0 2.5 2 1 2 0 0
4935.5 -5674.9 -14.0 31 0 6.6 7.8 5.0 2.5 2 1 2 4 4
4901.7 -5633.1 -13.9 213 0 9.8 20.0 5.0 2.5 2 1 2 4 4
4910.8 -5621.3 -14.0 217 0 10.6 16.6 5.0 2.5 2 1 2 2 2
4917.9 -5610.1 -14.0 213 0 9.0 20.7 5.0 2.5 2 1 2 3 3
4959.3 -5658.9 -14.4 26 0 10.5 10.0 5.0 2.5 2 0 2 0 0
4969.9 -5645.6 -14.5 32 0 8.9 14.2 5.0 2.5 2 1 2 2 2
4967.0 -5869.4 -13.4 182 0 8.1 10.8 2.5 2.5 4 1 1 3 3
4975.2 -5750.2 -13.4 215 0 9.6 18.1 5.0 2.5 2 1 2 3 3
4981.4 -5690.2 -14.2 194 0 4.7 12.5 5.0 2.5 2 1 2 0 0
4988.1 -5669.3 -14.3 187 0 7.2 6.8 5.0 2.5 2 0 2 5 5
5032.2 -5623.2 -13.6 200 0 5.2 5.6 5.0 2.5 2 1 2 4 4
5069.3 -5805.6 -12.7 127 0 7.1 8.0 7.5 2.5 2 1 3 1 1
5108.1 -5802.4 -12.9 307 0 8.6 7.4 5.0 2.5 2 0 2 4 4
4829.3 -5587.1 -13.7 138 0 6.5 19.9 5.0 2.5 2 1 2 4 4
4870.9 -5610.2 -13.8 94 0 10.6 11.0 5.0 2.5 2 1 2 1 1
4884.9 -5610.2 -13.7 91 0 5.0 16.7 5.0 0.0 0 1 2 5 5
4891.9 -5572.0 -13.0 34 0 6.3 8.4 5.0 2.5 2 1 2 3 3
4905.1 -5597.7 -13.5 33 0 7.4 12.8 5.0 2.5 4 1 2 1 1
4913.3 -5584.6 -13.2 33 0 8.6 11.9 5.0 2.5 2 1 2 1 1
4926.7 -5563.7 -12.9 30 0 19.1 15.1 5.0 2.5 2 0 2 2 2
4932.1 -5555.7 -12.4 30 0 6.1 14.8 5.0 2.5 2 1 2 2 2
4935.9 -5549.3 -12.2 30 0 7.8 16.5 5.0 2.5 2 1 2 2 2
4943.2 -5542.2 -12.1 29 0 9.6 18.6 5.0 2.5 2 1 2 3 3
4912.8 -5541.9 -11.9 31 0 7.6 14.8 5.0 2.5 2 1 2 1 1
4891.2 -5518.4 -11.3 204 0 6.3 8.1 5.0 2.5 4 1 2 0 0
4869.0 -5539.4 -12.1 202 0 11.6 8.1 5.0 2.5 2 0 2 1 1
4974.5 -5615.5 -14.0 309 0 8.8 12.2 5.0 0.0 0 1 2 3 3
4941.0 -5598.6 -13.7 304 0 14.1 13.4 5.0 2.5 2 0 2 2 2
4947.6 -5593.9 -13.4 311 0 10.3 5.9 5.0 2.5 2 0 2 3 3
4957.4 -5591.5 -13.2 116 0 10.2 7.1 2.5 2.5 2 0 1 2 2
4946.7 -5566.6 -12.9 211 0 10.0 28.2 2.5 2.5 2 1 1 3 3
5020.4 -5580.0 -13.4 38 0 9.5 10.1 2.5 2.5 2 1 1 0 0
5027.1 -5572.2 -13.6 39 0 9.7 12.4 2.5 2.5 2 1 1 2 2
4979.8 -5581.3 -12.9 126 0 10.4 28.6 2.5 2.5 2 1 1 2 2
5004.5 -5555.0 -13.1 32 0 9.9 9.7 2.5 2.5 2 0 1 1 1
4977.0 -5539.4 -12.8 214 0 9.7 18.3 2.5 2.5 2 1 1 5 5
4954.3 -5525.1 -12.0 31 0 6.9 4.3 5.0 0.0 0 0 2 5 5
4967.4 -5530.6 -12.4 206 0 7.7 8.1 2.5 2.5 2 1 1 3 3
4977.9 -5521.0 -12.8 211 0 9.2 14.2 2.5 2.5 2 1 1 4 4
4997.8 -5512.9 -13.2 209 0 7.5 9.0 2.5 2.5 2 1 1 4 4
4985.6 -5504.9 -12.9 212 0 9.1 11.0 2.5 2.5 2 1 1 1 1
4992.5 -5493.1 -13.1 213 0 6.9 13.2 2.5 0.0 0 1 1 3 3
4999.8 -5482.4 -13.0 214 0 8.2 13.5 2.5 2.5 2 1 1 0 0
5006.7 -5470.6 -13.0 212 0 8.2 12.8 2.5 0.0 0 1 1 1 1
5014.1 -5504.6 -13.5 209 0 6.8 14.9 2.5 2.5 4 1 1 2 2
5031.2 -5476.7 -13.2 298 0 8.3 13.3 2.5 2.5 2 1 1 0 0
5048.4 -5484.3 -13.5 294 0 7.2 13.8 2.5 2.5 2 1 1 3 3
5061.1 -5491.5 -13.7 293 0 7.3 12.0 2.5 2.5 2 1 1 2 2
5074.9 -5520.5 -14.0 39 0 5.5 5.5 2.5 2.5 2 0 1 4 4
5084.0 -5507.3 -13.9 30 0 9.7 8.4 2.5 2.5 2 0 1 3 3
5075.7 -5496.0 -13.8 300 0 7.2 16.9 2.5 2.5 2 1 1 2 2
5129.5 -5708.6 -12.7 126 0 7.3 8.6 5.0 2.5 2 1 2 3 3
5069.6 -5663.1 -13.8 129 0 8.0 12.9 5.0 0.0 0 1 2 2 2
5053.1 -5658.6 -13.9 128 0 10.7 7.6 5.0 2.5 2 0 2 3 3
5038.2 -5595.7 -13.4 207 0 10.2 18.2 5.0 2.5 2 1 2 5 5
5056.6 -5607.7 -13.4 219 0 11.3 7.3 5.0 2.5 2 0 2 4 4
5097.1 -5639.3 -13.6 130 0 9.0 13.7 5.0 2.5 2 1 2 1 1
5130.6 -5663.6 -13.3 125 0 8.9 7.8 5.0 2.5 2 0 2 2 2
5123.4 -5647.2 -13.4 125 0 7.9 7.5 5.0 2.5 2 0 2 2 2
5157.7 -5623.0 -12.9 34 0 8.5 15.0 5.0 2.5 2 1 2 4 4
5179.6 -5620.7 -12.8 34 0 10.6 13.4 5.0 2.5 2 1 2 5 5
5165.4 -5605.3 -13.2 37 0 10.9 11.8 5.0 2.5 2 1 2 1 1
5098.1 -5592.3 -13.4 215 0 10.4 8.3 5.0 2.5 2 0 2 3 3
5121.0 -5590.7 -13.4 214 0 8.5 6.7 5.0 2.5 4 0 2 2 2
5190.8 -5547.9 -12.9 47 0 6.4 13.4 5.0 2.5 2 1 2 1 1
5100.1 -5534.3 -14.0 218 0 7.6 16.1 5.0 2.5 4 1 2 3 3
5097.8 -5513.3 -13.8 222 0 7.6 13.5 5.0 2.5 2 1 2 2 2
5106.0 -5506.7 -13.6 219 0 8.0 16.9 5.0 2.5 4 1 2 2 2
5124.6 -5516.0 -13.5 223 0 8.7 16.5 5.0 2.5 2 1 2 5 5
5120.3 -5487.7 -13.6 218 0 7.2 13.3 5.0 2.5 2 1 2 5 5
5126.5 -5477.1 -13.6 219 0 6.5 15.5 5.0 2.5 2 1 2 5 5
5139.5 -5469.2 -13.6 214 0 10.6 15.6 5.0 2.5 2 1 2 3 3
5147.5 -5454.7 -13.6 220 0 7.8 14.2 5.0 2.5 2 1 2 4 4
5155.1 -5444.8 -13.4 218 0 8.9 13.0 5.0 2.5 2 1 2 1 1
5093.0 -5489.1 -13.5 125 0 7.7 5.7 5.0 2.5 2 0 2 2 2
5097.7 -5479.1 -13.4 32 0 5.9 8.3 5.0 2.5 2 1 2 3 3
5105.0 -5469.5 -13.5 296 0 6.4 7.0 5.0 2.5 4 1 2 2 2
5099.9 -5464.4 -13.4 298 0 6.2 9.0 5.0 2.5 4 1 2 3 3
5094.5 -5462.1 -13.3 300 0 4.3 9.2 5.0 2.5 2 1 2 2 2
5074.5 -5480.6 -13.3 117 0 8.0 15.9 5.0 0.0 0 1 2 0 0
5082.3 -5456.5 -13.1 299 0 7.7 7.9 5.0 2.5 2 1 2 4 4
5075.8 -5452.3 -13.0 299 0 7.2 8.6 5.0 2.5 2 1 2 1 1
5057.4 -5473.0 -13.1 118 0 8.6 13.3 5.0 2.5 4 1 2 4 4
5029.7 -5462.3 -13.0 155 0 15.5 26.0 5.0 2.5 2 1 2 4 4
4963.1 -5512.4 -12.1 29 0 10.6 18.2 5.0 2.5 2 1 2 1 1
4971.9 -5498.8 -12.4 34 0 9.2 19.2 5.0 0.0 0 1 2 5 5
4980.8 -5487.9 -12.6 31 0 9.6 19.6 5.0 2.5 2 1 2 4 4
4986.2 -5477.4 -12.6 33 0 9.9 18.4 5.0 2.5 4 1 2 0 0
4992.5 -5466.4 -12.5 33 0 11.1 7.1 5.0 2.5 2 0 2 5 5
4998.7 -5456.8 -12.5 28 0 6.8 17.3 5.0 2.5 2 1 2 3 3
5004.8 -5448.7 -12.5 31 0 10.7 19.4 5.0 0.0 0 1 2 5 5
5085.2 -5442.8 -12.9 128 0 8.4 17.6 5.0 2.5 2 1 2 1 1
5106.3 -5453.3 -13.2 113 0 9.5 11.0 5.0 0.0 0 1 2 3 3
5103.6 -5423.1 -12.8 218 0 10.6 14.3 5.0 2.5 2 1 2 2 2
5136.6 -5435.8 -12.9 39 0 9.2 17.1 5.0 2.5 2 1 2 5 5
5143.8 -5427.2 -12.8 37 0 7.4 17.2 5.0 2.5 2 1 2 0 0
5140.4 -5409.9 -12.7 37 0 11.4 8.1 5.0 2.5 4 0 2 3 3
5149.5 -5397.7 -12.6 36 0 10.0 8.0 5.0 2.5 2 0 2 5 5
5101.5 -5406.5 -12.6 216 0 10.6 18.6 5.0 2.5 2 1 2 3 3
5109.4 -5397.8 -12.6 217 0 9.5 16.0 5.0 2.5 2 1 2 1 1
5118.8 -5386.4 -12.5 217 0 10.5 12.6 5.0 2.5 2 1 2 5 5
5132.3 -5369.7 -12.3 217 0 8.6 8.6 5.0 0.0 0 0 2 2 2
5141.4 -5359.0 -12.4 219 0 7.2 16.3 5.0 2.5 2 1 2 1 1
5063.5 -5430.7 -12.5 124 0 7.5 19.1 2.5 2.5 2 1 1 2 2
5052.5 -5394.6 -11.9 215 0 7.9 24.5 2.5 2.5 2 1 1 5 5
5066.0 -5389.0 -11.6 212 0 10.4 12.1 2.5 2.5 4 1 1 1 1
5007.7 -5410.0 -12.0 36 0 11.6 13.0 5.0 2.5 2 1 2 5 5
5023.5 -5403.9 -12.1 34 0 7.2 7.4 5.0 2.5 2 1 2 3 3
5030.8 -5394.8 -11.9 34 0 7.9 9.0 5.0 2.5 2 1 2 3 3
5034.0 -5375.7 -11.4 31 0 8.0 8.4 5.0 2.5 2 1 2 0 0
5044.5 -5383.1 -11.3 34 0 8.9 10.0 5.0 2.5 2 1 2 3 3
5066.3 -5372.5 -11.3 216 0 7.3 15.8 2.5 2.5 4 1 1 4 4
5097.9 -5393.0 -12.2 35 0 10.8 14.2 2.5 2.5 2 1 1 3 3
5106.3 -5385.0 -12.3 33 0 9.5 18.1 2.5 2.5 2 1 1 4 4
5078.6 -5354.3 -11.0 216 0 8.6 6.9 2.5 2.5 2 0 1 3 3
5087.0 -5343.8 -11.3 209 0 6.5 14.0 2.5 2.5 2 1 1 4 4
5124.4 -5351.2 -11.9 34 0 10.1 8.7 2.5 0.0 0 0 1 4 4
5098.8 -5337.4 -11.6 212 0 9.1 14.1 2.5 2.5 2 1 1 5 5
5106.6 -5324.1 -11.7 304 0 10.0 6.6 2.5 2.5 2 0 1 3 3
5055.8 -5348.9 -10.8 124 0 8.2 12.0 2.5 2.5 4 1 1 4 4
5076.0 -5331.0 -11.2 31 0 9.1 9.8 2.5 2.5 2 1 1 0 0
5024.3 -5282.3 -10.7 244 0 8.4 6.7 2.5 2.5 2 0 1 2 2
5059.8 -5303.7 -11.2 34 0 11.9 7.6 2.5 2.5 2 0 1 5 5
5081.8 -5321.7 -11.4 36 0 9.5 15.1 2.5 2.5 2 1 1 4 4
5088.0 -5313.7 -11.6 33 0 6.8 10.1 2.5 2.5 2 1 1 4 4
5094.9 -5304.2 -11.6 35 0 7.2 15.4 2.5 2.5 2 1 1 5 5
5100.7 -5300.1 -11.5 127 0 10.6 19.2 2.5 2.5 2 1 1 0 0
5113.3 -5305.3 -11.6 128 0 10.7 11.5 2.5 2.5 2 1 1 0 0
5122.2 -5309.7 -11.6 128 0 6.6 11.1 2.5 2.5 2 1 1 1 1
5141.4 -5314.9 -11.5 123 0 9.0 8.8 2.5 2.5 2 0 1 5 5
5150.7 -5327.8 -11.7 126 0 10.5 11.1 2.5 2.5 2 1 1 5 5
5159.8 -5347.4 -11.9 120 0 8.8 20.7 2.5 2.5 2 1 1 2 2
5168.0 -5394.1 -12.6 35 0 8.5 17.6 5.0 2.5 2 1 2 1 1
5169.5 -5375.5 -12.4 304 0 15.8 9.2 5.0 2.5 2 0 2 5 5
5166.2 -5432.8 -13.1 217 0 8.5 16.2 5.0 2.5 4 1 2 4 4
5173.7 -5422.2 -13.0 216 0 9.7 16.6 5.0 0.0 0 1 2 0 0
5243.2 -5487.5 -11.9 44 0 8.2 14.3 5.0 0.0 0 1 2 4 4
5256.6 -5481.3 -11.4 320 0 8.0 7.1 5.0 2.5 4 0 2 5 5
5230.1 -5452.6 -11.9 298 0 7.7 6.1 5.0 2.5 2 0 2 5 5
5248.7 -5436.5 -11.5 310 0 7.9 12.6 5.0 2.5 2 1 2 5 5
5227.6 -5438.1 -11.8 300 0 6.8 6.2 5.0 2.5 4 0 2 3 3
5223.1 -5422.0 -11.9 298 0 8.2 9.8 5.0 2.5 2 1 2 2 2
5207.4 -5406.6 -12.0 220 0 6.7 9.8 5.0 2.5 2 1 2 3 3
5207.6 -5384.9 -11.9 213 0 8.1 12.4 5.0 0.0 0 1 2 0 0
5220.3 -5368.3 -11.6 216 0 9.7 14.3 5.0 2.5 4 1 2 0 0
5234.5 -5337.6 -11.2 223 0 6.7 11.5 5.0 2.5 2 1 2 0 0
5245.4 -5332.9 -10.9 225 0 10.4 27.5 5.0 0.0 0 1 2 2 2
5185.8 -5299.1 -11.2 214 0 5.9 9.0 2.5 2.5 4 1 1 1 1
5213.3 -5303.4 -11.1 33 0 12.9 6.6 2.5 2.5 2 0 1 4 4
5225.3 -5314.6 -11.1 34 0 9.1 15.3 2.5 0.0 0 1 1 5 5
5234.3 -5309.6 -11.0 37 0 7.7 16.4 2.5 2.5 4 1 1 4 4
5237.4 -5298.4 -11.0 40 0 10.3 19.5 2.5 0.0 0 1 1 4 4
5245.1 -5290.0 -10.9 44 0 8.4 8.3 2.5 2.5 2 0 1 4 4
5254.6 -5281.1 -10.7 56 0 7.5 10.3 2.5 2.5 2 1 1 5 5
5276.2 -5302.7 -11.1 222 0 9.4 16.6 5.0 2.5 2 1 2 4 4
5284.2 -5293.4 -11.2 223 0 10.2 20.3 5.0 2.5 2 1 2 1 1
5360.2 -5366.5 -9.8 140 0 11.5 17.4 5.0 2.5 2 1 2 3 3
5357.0 -5347.3 -10.1 143 0 7.6 7.6 5.0 2.5 2 0 2 2 2
5335.1 -5331.5 -10.6 141 0 8.1 8.7 5.0 2.5 2 1 2 3 3
5327.0 -5320.5 -10.9 143 0 7.2 9.3 5.0 2.5 2 1 2 3 3
5311.4 -5293.6 -11.4 233 0 8.5 7.9 5.0 2.5 2 0 2 5 5
5303.7 -5282.8 -11.4 233 0 8.4 12.5 5.0 0.0 0 1 2 4 4
5314.5 -5272.1 -11.4 227 0 7.4 14.3 5.0 2.5 2 1 2 5 5
5311.5 -5262.1 -11.2 232 0 4.0 5.5 5.0 2.5 2 1 2 4 4
5323.1 -5264.0 -11.4 227 0 6.1 8.6 5.0 2.5 2 1 2 1 1
5340.7 -5247.9 -11.3 227 0 9.1 15.7 5.0 2.5 2 1 2 2 2
5311.2 -5225.8 -10.9 53 0 6.8 5.7 2.5 2.5 4 0 1 0 0
5316.0 -5230.8 -10.9 51 0 8.0 6.0 2.5 2.5 2 0 1 3 3
5327.1 -5175.2 -10.5 238 0 8.7 7.2 2.5 2.5 2 0 1 0 0
5351.0 -5229.4 -10.8 230 0 5.2 11.0 5.0 2.5 2 1 2 2 2
5412.6 -5202.9 -9.4 232 0 10.1 17.6 5.0 2.5 2 1 2 3 3
5392.1 -5206.5 -9.7 233 0 6.5 11.6 5.0 2.5 2 1 2 0 0
5370.8 -5195.9 -10.4 60 0 9.5 13.4 2.5 2.5 2 1 1 0 0
5386.6 -5191.0 -10.2 58 0 7.3 24.8 2.5 2.5 2 1 1 5 5
5393.3 -5173.4 -9.9 63 0 8.6 11.4 2.5 2.5 2 1 1 1 1
5416.3 -5166.9 -9.6 70 0 9.6 11.9 2.5 2.5 2 1 1 2 2
5433.0 -5159.2 -9.4 66 0 7.8 17.1 2.5 2.5 2 1 1 2 2
5468.0 -5177.2 -9.3 253 0 11.3 13.9 5.0 2.5 2 1 2 2 2
5481.6 -5173.4 -9.2 249 0 10.0 10.5 5.0 2.5 2 1 2 3 3
5483.0 -5154.4 -8.8 89 0 6.1 7.3 2.5 2.5 2 1 1 1 1
5520.2 -5125.9 -8.9 268 0 11.2 17.9 2.5 2.5 4 1 1 4 4
6427.7 -5427.7 -1.5 125 0 8.3 33.2 2.5 2.5 2 1 1 3 3
6453.4 -5391.5 -0.1 306 0 9.1 6.8 2.5 2.5 2 0 1 2 2
6307.3 -5227.1 -2.9 307 0 9.5 50.5 5.0 2.5 2 1 2 3 3
6335.1 -5297.6 -2.8 35 0 12.1 50.9 5.0 2.5 2 1 2 0 0
6339.3 -5250.0 -2.3 315 0 50.8 14.5 5.0 2.5 4 0 2 3 3
6406.0 -5177.0 -1.7 38 0 7.8 14.8 5.0 0.0 0 1 2 5 5
6490.4 -5115.7 -1.0 222 0 10.4 7.1 5.0 2.5 2 0 2 5 5
6577.3 -5054.2 0.3 47 0 6.6 9.0 5.0 2.5 2 1 2 3 3
6620.3 -5042.1 3.3 221 0 16.7 23.0 5.0 2.5 2 1 2 2 2
6828.6 -4736.1 -5.3 42 0 8.2 6.2 5.0 2.5 2 0 2 0 0
6811.1 -4707.5 -6.2 310 0 5.5 8.7 7.5 2.5 2 1 3 2 2
6814.1 -4713.7 -5.9 312 0 4.7 5.1 7.5 2.5 2 1 3 0 0
6686.2 -4847.6 -0.8 338 0 9.4 8.9 7.5 2.5 4 0 3 5 5
6649.7 -4844.8 -0.6 70 0 4.4 10.3 7.5 2.5 2 1 3 0 0
6854.0 -4851.5 -1.5 235 0 9.1 10.6 5.0 2.5 2 1 2 0 0
6788.0 -4975.0 6.8 75 0 4.9 8.9 5.0 2.5 2 1 2 2 2
6722.7 -4930.7 0.3 249 0 5.6 5.9 5.0 2.5 2 1 2 5 5
6697.4 -4934.9 -0.9 249 0 7.2 8.2 5.0 2.5 2 1 2 0 0
6691.1 -4940.2 -0.7 247 0 5.4 6.0 5.0 2.5 2 1 2 5 5
6629.4 -4928.5 -0.4 153 0 5.5 6.4 5.0 2.5 2 1 2 1 1
5230.9 -4644.8 -4.6 155 0 8.3 7.8 2.5 2.5 2 0 1 5 5
5226.2 -4697.9 -7.0 253 0 7.9 12.4 2.5 0.0 0 1 1 1 1
5187.5 -4591.8 -5.6 344 0 12.0 22.4 2.5 2.5 2 1 1 4 4
5158.3 -4600.5 -5.6 168 0 5.9 4.9 2.5 2.5 2 0 1 1 1
5171.1 -4646.0 -5.4 76 0 11.3 43.5 2.5 2.5 2 1 1 4 4
5178.6 -4722.2 -7.1 248 0 4.8 4.2 2.5 2.5 2 0 1 1 1
5162.8 -4704.2 -6.5 339 0 11.4 16.6 2.5 2.5 2 1 1 2 2
5150.2 -4678.5 -5.7 337 0 10.7 9.5 2.5 2.5 2 0 1 4 4
5133.2 -4747.8 -7.5 233 0 12.4 12.8 2.5 2.5 2 1 1 3 3
5152.5 -4775.7 -8.0 54 0 16.2 19.8 2.5 2.5 2 1 1 3 3
5099.4 -4718.1 -5.4 58 0 4.3 5.1 2.5 2.5 2 1 1 1 1
5101.9 -4729.4 -5.6 58 0 8.8 9.6 2.5 0.0 0 1 1 3 3
5089.9 -4741.7 -5.3 64 0 8.3 18.9 2.5 2.5 2 1 1 5 5
5071.2 -4712.4 -5.5 244 0 4.1 4.9 2.5 2.5 2 1 1 1 1
5048.3 -4751.3 -6.4 64 0 5.8 8.1 2.5 2.5 2 1 1 1 1
5055.5 -4762.6 -6.3 64 0 7.9 12.1 2.5 2.5 2 1 1 5 5
5026.0 -4761.6 -7.4 64 0 4.2 3.2 2.5 2.5 2 0 1 5 5
5038.2 -4773.2 -7.3 64 0 10.7 15.2 2.5 0.0 0 1 1 3 3
5020.2 -4782.7 -8.1 64 0 9.7 10.8 2.5 2.5 2 1 1 3 3
5004.2 -4796.6 -9.2 64 0 11.1 21.1 2.5 2.5 2 1 1 0 0
4983.9 -4809.1 -10.3 64 0 9.3 9.1 2.5 2.5 2 0 1 5 5
4965.5 -4805.4 -10.5 64 0 8.6 8.8 2.5 2.5 2 1 1 4 4
4949.0 -4810.1 -10.7 154 0 9.5 12.0 2.5 2.5 2 1 1 1 1
4967.0 -4789.0 -10.4 64 0 4.2 4.8 2.5 2.5 2 1 1 3 3
4955.7 -4791.8 -10.5 154 0 6.5 8.7 2.5 2.5 2 1 1 4 4
4939.1 -4781.7 -11.1 154 0 7.6 12.1 2.5 0.0 0 1 1 3 3
4928.8 -4773.5 -11.4 154 0 4.2 4.7 2.5 2.5 2 1 1 3 3
4941.6 -4764.4 -10.9 154 0 8.2 12.5 2.5 2.5 2 1 1 0 0
4932.7 -4768.5 -11.3 154 0 10.8 9.2 2.5 2.5 2 0 1 5 5
4934.3 -4750.3 -11.5 154 0 5.8 8.3 2.5 2.5 2 1 1 1 1
4929.9 -4736.1 -12.1 154 0 7.0 10.9 2.5 2.5 2 1 1 1 1
4918.6 -4741.0 -12.2 154 0 9.8 10.6 2.5 2.5 2 1 1 2 2
4921.1 -4723.4 -12.3 154 0 6.6 7.8 2.5 0.0 0 1 1 5 5
4914.3 -4710.6 -12.5 154 0 5.0 5.7 2.5 2.5 2 1 1 0 0
4906.9 -4715.7 -12.6 154 0 6.9 8.0 2.5 2.5 2 1 1 4 4
4900.6 -4700.1 -12.9 154 0 9.8 15.3 2.5 2.5 2 1 1 0 0
4902.6 -4681.0 -13.0 149 0 7.5 5.8 2.5 2.5 2 0 1 4 4
4893.8 -4686.3 -13.0 152 0 7.9 9.1 2.5 2.5 2 1 1 1 1
4899.6 -4669.0 -13.1 155 0 7.5 12.5 2.5 2.5 2 1 1 2 2
4882.5 -4662.7 -13.2 152 0 9.7 20.9 2.5 0.0 0 1 1 2 2
4881.7 -4641.2 -13.2 152 0 10.6 15.5 2.5 2.5 2 1 1 1 1
4873.3 -4647.1 -13.3 154 0 9.6 8.5 2.5 0.0 0 0 1 3 3
4803.3 -4610.7 -12.5 82 0 3.2 5.1 2.5 2.5 2 1 1 0 0
4803.3 -4619.2 -12.7 82 0 8.2 7.8 2.5 2.5 2 0 1 2 2
4783.2 -4636.1 -12.5 65 0 8.9 11.7 2.5 2.5 2 1 1 5 5
4758.2 -4638.9 -12.2 66 0 9.5 17.1 2.5 2.5 4 1 1 3 3
4687.3 -4749.8 -12.2 43 0 3.3 4.0 5.0 2.5 2 1 2 4 4
4691.4 -4750.2 -12.1 313 0 3.9 5.9 5.0 2.5 2 1 2 5 5
4661.1 -4726.7 -11.9 220 0 6.5 6.8 5.0 2.5 2 1 2 2 2
4658.9 -4762.1 -12.0 40 0 12.0 10.8 5.0 2.5 4 0 2 4 4
4675.5 -4766.9 -11.9 43 0 18.7 8.1 5.0 2.5 2 0 2 3 3
4744.3 -4689.1 -10.0 213 0 7.4 12.3 2.5 2.5 2 1 1 4 4
4810.0 -4656.6 -12.1 249 0 7.7 6.8 2.5 2.5 2 0 1 3 3
4805.4 -4646.2 -12.5 248 0 9.7 10.1 2.5 2.5 2 1 1 4 4
4790.6 -4652.5 -11.8 248 0 8.7 14.3 2.5 2.5 2 1 1 0 0
4777.7 -4656.3 -11.3 248 0 5.9 13.4 2.5 2.5 2 1 1 2 2
4827.9 -4647.5 -12.9 249 0 5.1 5.7 2.5 2.5 2 1 1 2 2
4833.9 -4643.0 -13.1 248 0 7.1 8.2 2.5 2.5 2 1 1 3 3
4845.8 -4643.1 -13.2 339 0 9.2 6.4 2.5 2.5 2 0 1 4 4
4852.5 -4656.4 -13.1 338 0 8.6 7.1 2.5 2.5 2 0 1 1 1
4850.1 -4673.6 -12.3 339 0 6.0 5.3 2.5 2.5 4 0 1 5 5
4844.4 -4675.9 -12.0 338 0 6.2 3.7 2.5 2.5 2 0 1 5 5
4830.4 -4720.0 -9.9 159 0 3.8 3.4 2.5 2.5 2 0 1 2 2
4864.4 -4681.8 -12.6 338 0 7.5 9.3 2.5 2.5 2 1 1 4 4
4854.7 -4687.1 -11.9 339 0 6.2 6.7 2.5 2.5 2 1 1 4 4
4862.6 -4698.6 -12.0 339 0 9.3 13.0 2.5 2.5 2 1 1 0 0
4867.6 -4716.1 -11.7 338 0 9.8 8.4 2.5 2.5 4 0 1 5 5
4881.8 -4709.8 -12.6 338 0 11.3 13.2 2.5 2.5 2 1 1 1 1
4887.1 -4719.8 -12.4 338 0 5.6 9.8 2.5 0.0 0 1 1 2 2
4875.9 -4732.1 -11.5 338 0 10.3 14.0 2.5 2.5 2 1 1 0 0
4890.7 -4739.6 -12.0 338 0 8.7 13.3 2.5 2.5 2 1 1 1 1
4907.5 -4777.2 -11.2 338 0 9.2 15.7 2.5 2.5 2 1 1 2 2
4913.9 -4793.0 -10.7 339 0 8.4 8.7 2.5 2.5 2 1 1 0 0
4930.6 -4828.6 -10.0 68 0 7.9 8.9 2.5 2.5 2 1 1 1 1
4919.8 -4831.6 -9.7 68 0 6.8 7.6 2.5 2.5 2 1 1 2 2
4923.2 -4804.8 -10.2 339 0 6.8 6.6 2.5 2.5 2 0 1 5 5
4915.2 -4808.1 -10.0 339 0 5.9 6.5 2.5 2.5 2 1 1 1 1
4907.1 -4824.3 -9.5 69 0 4.7 4.7 2.5 2.5 4 1 1 4 4
4885.9 -4834.9 -9.0 69 0 5.9 5.7 2.5 2.5 2 0 1 3 3
4890.5 -4845.0 -8.8 69 0 8.8 9.2 2.5 2.5 2 1 1 3 3
4843.3 -4837.3 -7.9 249 0 9.6 7.6 2.5 2.5 2 0 1 4 4
4825.4 -4877.6 -7.8 69 0 5.0 3.8 2.5 2.5 2 0 1 1 1
4811.6 -4884.1 -8.4 69 0 20.6 16.1 2.5 2.5 2 0 1 4 4
5069.8 -4876.3 -9.2 68 0 4.9 5.1 5.0 2.5 2 1 2 3 3
5088.9 -4864.0 -10.2 249 0 11.3 8.2 7.5 2.5 2 0 3 3 3
5065.6 -4782.4 -5.4 248 0 10.1 15.7 2.5 2.5 2 1 1 1 1
5079.9 -4801.6 -5.7 339 0 11.0 10.3 2.5 2.5 4 0 1 3 3
5077.0 -4817.0 -6.0 68 0 4.7 5.8 2.5 0.0 0 1 1 5 5
5054.9 -4803.5 -6.2 248 0 13.0 13.8 2.5 2.5 2 1 1 4 4
5011.2 -4820.0 -9.0 249 0 10.1 9.5 2.5 0.0 0 0 1 5 5
4966.0 -4851.5 -11.5 158 0 7.6 4.6 2.5 2.5 2 0 1 5 5
4975.7 -4830.8 -11.2 248 0 3.3 3.2 2.5 2.5 2 0 1 1 1
4975.5 -4836.4 -11.4 249 0 16.1 9.5 2.5 2.5 2 0 1 4 4
4991.3 -4839.8 -10.4 249 0 9.8 6.8 2.5 2.5 2 0 1 1 1
4979.4 -4861.9 -11.1 159 0 8.1 15.2 2.5 2.5 2 1 1 3 3
4985.4 -4877.4 -11.5 159 0 9.7 10.8 2.5 2.5 4 1 1 2 2
5016.5 -4870.9 -10.1 339 0 6.2 4.6 2.5 2.5 2 0 1 1 1
4986.0 -4906.4 -12.6 159 0 5.3 5.1 2.5 2.5 4 0 1 1 1
4989.3 -4891.2 -12.0 158 0 10.1 15.1 2.5 2.5 2 1 1 2 2
5031.8 -4909.7 -11.8 338 0 15.2 6.5 2.5 2.5 2 0 1 3 3
5015.0 -4917.5 -12.1 158 0 12.3 9.9 2.5 2.5 2 0 1 4 4
4997.8 -4906.1 -12.4 159 0 10.8 16.8 2.5 0.0 0 1 1 0 0
5001.2 -4914.7 -12.3 158 0 3.8 4.5 2.5 2.5 2 1 1 2 2
5006.6 -4920.7 -12.2 158 0 9.2 7.2 2.5 2.5 2 0 1 0 0
5003.6 -4938.8 -12.1 158 0 5.7 10.3 2.5 2.5 2 1 1 3 3
5029.4 -4944.0 -11.5 159 0 7.9 7.1 2.5 2.5 2 0 1 1 1
5018.5 -4949.2 -11.7 158 0 9.8 10.0 2.5 2.5 2 1 1 1 1
5024.6 -4962.1 -11.3 158 0 9.0 16.1 2.5 2.5 4 1 1 3 3
5052.8 -4967.9 -10.9 69 0 4.2 4.7 2.5 2.5 2 1 1 4 4
5059.8 -4970.7 -10.7 68 0 7.9 3.9 2.5 0.0 0 0 1 4 4
5039.5 -4971.9 -11.0 158 0 10.8 9.6 2.5 2.5 2 0 1 5 5
5056.7 -4991.2 -10.7 69 0 12.3 11.0 2.5 2.5 2 0 1 3 3
5045.4 -4996.0 -10.7 68 0 8.8 9.5 2.5 2.5 2 1 1 3 3
4917.0 -4872.7 -10.1 269 0 3.4 5.6 5.0 2.5 2 1 2 5 5
4918.6 -4864.9 -10.1 266 0 7.1 6.2 5.0 0.0 0 0 2 3 3
4949.4 -4879.4 -11.6 358 0 23.1 24.1 5.0 2.5 2 1 2 3 3
4968.2 -4908.2 -12.5 338 0 9.0 16.7 5.0 2.5 2 1 2 5 5
4971.4 -4921.8 -12.4 339 0 13.9 15.1 5.0 2.5 2 1 2 3 3
4955.0 -4928.4 -11.3 339 0 9.9 6.9 5.0 0.0 0 0 2 3 3
4992.0 -4949.1 -11.7 338 0 7.9 8.7 5.0 0.0 0 1 2 1 1
4982.0 -4952.6 -11.2 338 0 11.8 6.5 5.0 2.5 2 0 2 0 0
4993.3 -4965.3 -11.1 339 0 9.4 14.0 5.0 2.5 4 1 2 4 4
4978.7 -4973.3 -10.1 338 0 6.6 8.5 5.0 2.5 4 1 2 0 0
4964.6 -4988.2 -9.3 159 0 9.0 8.1 5.0 2.5 2 0 2 1 1
5002.3 -4983.6 -10.7 338 0 14.7 20.5 5.0 2.5 2 1 2 2 2
4967.9 -5022.8 -8.5 155 0 15.7 9.4 5.0 2.5 2 0 2 0 0
4994.3 -5018.6 -9.5 67 0 7.9 13.2 5.0 2.5 2 1 2 2 2
4988.5 -5077.1 -7.2 219 0 6.2 15.4 5.0 2.5 2 1 2 1 1
5062.3 -5048.2 -9.3 184 0 7.8 9.7 5.0 2.5 2 1 2 4 4
