-6088.1 -3998.3 6.2 338 0 13.5 20.9 5.0 2.5 2 1 2 5 5
-6126.1 -4014.1 5.3 158 0 20.5 14.3 5.0 2.5 2 0 2 0 0
-6272.0 -4029.4 0.5 357 0 4.6 4.0 2.5 2.5 2 0 1 1 1
-6279.3 -4014.7 0.7 261 0 6.0 12.3 2.5 2.5 2 1 1 2 2
-6296.1 -4021.8 1.0 171 0 11.2 13.9 2.5 0.0 0 1 1 0 0
-6301.5 -4013.8 1.7 261 0 5.5 10.6 2.5 2.5 2 1 1 0 0
-6423.2 -4021.8 1.1 293 0 8.6 4.0 5.0 2.5 2 0 2 5 5
-6422.9 -4028.9 0.6 295 0 18.4 19.8 5.0 2.5 2 1 2 4 4
-6416.7 -4109.4 -0.3 13 0 10.1 16.6 5.0 2.5 2 1 2 1 1
-6413.5 -4152.7 -0.9 7 0 5.5 6.1 5.0 2.5 2 1 2 2 2
-6458.0 -4123.6 -0.4 196 0 8.9 12.2 5.0 2.5 2 1 2 2 2
-6464.7 -4146.0 -0.8 198 0 12.2 13.4 5.0 2.5 2 1 2 4 4
-6364.1 -4208.2 -2.7 275 0 23.7 12.2 2.5 2.5 2 0 1 1 1
-6359.5 -4239.8 -3.0 98 0 6.1 7.3 2.5 2.5 2 1 1 5 5
-6399.0 -4234.7 -3.4 190 0 13.2 24.0 2.5 2.5 2 1 1 2 2
-6399.6 -4261.6 -4.0 105 0 9.1 9.8 2.5 2.5 2 1 1 1 1
-6410.3 -4252.3 -4.0 196 0 17.7 7.2 2.5 0.0 0 0 1 5 5
-6416.2 -4247.1 -3.7 196 0 10.1 5.7 2.5 2.5 2 0 1 5 5
-6429.6 -4175.3 -1.5 21 0 20.4 13.3 5.0 2.5 2 0 2 2 2
-6417.2 -4171.5 -1.3 21 0 7.8 9.2 5.0 2.5 4 1 2 4 4
-6422.1 -4207.4 -2.4 21 0 6.5 5.7 5.0 2.5 2 0 2 3 3
-6428.3 -4205.1 -2.3 21 0 7.2 7.5 5.0 2.5 2 1 2 2 2
-6424.5 -4214.6 -2.5 21 0 3.1 3.2 5.0 2.5 2 1 2 0 0
-6429.5 -4212.6 -2.4 21 0 4.0 9.4 5.0 2.5 2 1 2 0 0
-6429.3 -4219.1 -2.7 21 0 6.4 10.6 5.0 2.5 2 1 2 5 5
-6463.5 -4203.8 -2.0 111 0 4.0 4.8 5.0 2.5 2 1 2 3 3
-6437.8 -4202.0 -2.1 21 0 7.7 16.8 5.0 2.5 4 1 2 2 2
-6458.0 -4207.8 -2.2 111 0 4.8 7.1 5.0 2.5 2 1 2 0 0
-6441.0 -4209.8 -2.3 21 0 6.5 13.0 5.0 2.5 2 1 2 0 0
-6373.3 -4405.8 -2.8 79 0 13.9 8.2 2.5 2.5 2 0 1 2 2
-6414.7 -4404.5 -3.7 98 0 8.6 10.8 5.0 2.5 2 1 2 1 1
-6490.3 -4533.3 2.9 358 0 9.6 8.5 2.5 2.5 2 0 1 5 5
-6508.2 -4533.4 2.7 180 0 8.9 7.5 2.5 2.5 2 0 1 2 2
-6509.1 -4543.9 3.3 178 0 8.9 9.4 2.5 2.5 2 1 1 1 1
-6713.0 -4804.5 4.1 59 0 46.6 22.4 5.0 2.5 2 0 2 5 5
-6778.6 -4735.6 0.8 230 0 4.2 3.8 5.0 2.5 2 0 2 3 3
-6780.7 -4781.3 1.5 130 0 18.5 7.8 5.0 2.5 2 0 2 4 4
-6764.7 -4776.8 2.0 149 0 6.8 8.2 5.0 2.5 2 1 2 5 5
-6749.0 -4761.4 2.0 241 0 11.8 9.0 5.0 2.5 2 0 2 3 3
-6736.2 -4712.9 0.5 245 0 6.1 5.5 5.0 2.5 2 0 2 4 4
-6731.1 -4738.5 1.5 240 0 6.9 13.0 5.0 2.5 2 1 2 0 0
-6701.5 -4724.1 2.0 336 0 6.6 8.6 5.0 2.5 2 1 2 0 0
-6682.2 -4738.0 4.0 339 0 5.5 9.9 5.0 2.5 2 1 2 0 0
-6691.4 -4747.5 3.8 344 0 11.8 8.9 5.0 2.5 2 0 2 5 5
-6645.7 -4648.3 2.2 62 0 10.5 10.9 5.0 2.5 2 1 2 1 1
-6766.0 -4683.7 -0.4 65 0 5.1 4.4 5.0 2.5 2 0 2 4 4
-6800.5 -4640.6 -1.5 265 0 3.9 5.4 5.0 2.5 2 1 2 0 0
-6779.8 -4717.9 0.2 68 0 6.5 11.3 5.0 0.0 0 1 2 2 2
-6785.4 -4723.1 0.1 68 0 5.6 15.1 5.0 2.5 4 1 2 4 4
-6788.5 -4706.9 -0.1 70 0 11.8 8.4 5.0 2.5 2 0 2 4 4
-6805.1 -4721.5 -0.0 52 0 9.9 15.0 5.0 2.5 2 1 2 1 1
-6848.6 -4702.2 -0.4 231 0 12.6 10.4 5.0 2.5 2 0 2 3 3
-6832.6 -4722.0 -0.2 52 0 15.4 13.6 5.0 2.5 2 0 2 1 1
-6834.9 -4747.9 0.5 53 0 4.2 9.6 5.0 2.5 4 1 2 0 0
-6841.0 -4731.9 0.1 50 0 7.5 9.1 5.0 2.5 2 1 2 2 2
-6852.0 -4719.6 -0.0 229 0 3.5 3.4 5.0 2.5 2 0 2 2 2
-6856.9 -4765.2 0.7 57 0 8.4 7.8 5.0 2.5 2 0 2 0 0
-6847.3 -4747.1 0.4 56 0 8.3 8.5 5.0 2.5 4 1 2 2 2
-6858.7 -4754.0 0.4 53 0 11.7 8.6 5.0 2.5 2 0 2 1 1
-6878.4 -4735.9 0.1 237 0 5.6 7.2 5.0 2.5 2 1 2 5 5
1860.6 5611.0 -11.8 95 0 10.2 17.2 7.5 2.5 2 1 3 1 1
1697.8 5624.8 -9.7 95 0 4.9 4.9 2.5 2.5 4 0 1 5 5
1706.6 5611.5 -7.6 275 0 8.8 8.1 2.5 2.5 2 0 1 0 0
1690.1 5614.5 -9.3 275 0 9.0 9.6 2.5 2.5 2 1 1 2 2
1642.4 5629.7 -12.6 95 0 8.2 6.7 2.5 2.5 2 0 1 4 4
1630.7 5640.8 -12.9 95 0 3.5 4.5 2.5 0.0 0 1 1 3 3
1644.5 5639.2 -12.9 95 0 4.6 5.2 2.5 0.0 0 1 1 4 4
1658.1 5650.0 -13.1 275 0 4.5 4.6 2.5 0.0 0 1 1 5 5
1657.6 5639.1 -12.8 95 0 4.8 3.2 2.5 0.0 0 0 1 1 1
1656.5 5628.4 -12.6 95 0 9.4 6.8 2.5 2.5 2 0 1 1 1
1671.1 5618.0 -11.2 275 0 8.2 8.2 2.5 2.5 2 0 1 1 1
1653.3 5618.4 -12.1 275 0 11.0 14.5 2.5 2.5 2 1 1 1 1
1638.9 5617.8 -12.1 275 0 9.8 12.4 2.5 2.5 2 1 1 3 3
1538.5 5592.7 -10.0 95 0 11.6 9.4 5.0 2.5 2 0 2 0 0
1537.4 5488.4 -7.6 6 0 9.3 15.9 2.5 2.5 2 1 1 1 1
1538.5 5520.4 -7.3 0 0 10.3 11.1 2.5 2.5 2 1 1 5 5
1538.8 5544.8 -8.3 1 0 28.3 9.5 2.5 2.5 2 0 1 2 2
1520.5 5571.7 -8.2 277 0 25.4 9.0 2.5 2.5 2 0 1 3 3
1411.5 5589.5 -8.1 280 0 17.1 21.5 2.5 2.5 2 1 1 5 5
