16.3 6182.4 -120.1 231 0 11.9 8.2 5.0 2.5 2 0 2 5 5
1.4 6189.1 -128.2 54 0 7.5 8.8 5.0 2.5 2 1 2 5 5
4.3 6211.4 -130.1 242 0 8.2 8.6 5.0 2.5 2 1 2 0 0
18.7 6224.1 -130.1 236 0 10.5 6.0 5.0 2.5 2 0 2 1 1
73.4 6217.3 -119.4 220 0 6.2 3.7 5.0 2.5 2 0 2 1 1
56.7 6216.1 -122.0 234 0 7.7 6.8 5.0 2.5 2 0 2 2 2
65.0 6223.9 -122.2 218 0 9.2 7.2 5.0 0.0 0 0 2 5 5
72.3 6233.9 -123.0 217 0 7.3 10.7 5.0 2.5 2 1 2 3 3
81.6 6239.0 -122.0 217 0 7.4 11.7 5.0 2.5 2 1 2 2 2
97.2 6252.8 -120.2 217 0 8.1 11.5 5.0 2.5 2 1 2 2 2
92.7 6270.9 -128.3 32 0 9.7 14.2 5.0 2.5 2 1 2 5 5
106.2 6263.4 -119.9 222 0 9.0 10.9 5.0 2.5 2 1 2 3 3
114.5 6276.5 -119.9 221 0 8.8 14.0 5.0 2.5 2 1 2 4 4
103.5 6287.7 -128.3 36 0 8.6 15.0 5.0 2.5 2 1 2 5 5
-118.4 6125.5 -128.2 60 0 6.2 11.1 5.0 2.5 2 1 2 0 0
-110.2 6129.6 -127.7 61 0 7.9 7.7 5.0 0.0 0 0 2 1 1
-146.2 6053.8 -117.1 43 0 7.2 6.3 5.0 2.5 2 0 2 3 3
-155.7 6065.5 -119.5 230 0 8.2 7.9 5.0 0.0 0 0 2 1 1
-136.7 6060.2 -116.7 42 0 5.7 5.3 5.0 2.5 4 0 2 3 3
-147.5 6070.8 -119.4 226 0 6.0 8.8 5.0 2.5 2 1 2 5 5
-135.6 6071.1 -117.5 229 0 6.7 5.2 5.0 2.5 2 0 2 3 3
-141.5 6078.0 -120.0 233 0 7.7 7.8 5.0 2.5 2 1 2 4 4
-132.5 6081.5 -119.3 233 0 7.1 8.8 5.0 2.5 2 1 2 2 2
-126.3 6086.1 -119.5 230 0 6.9 10.4 5.0 2.5 2 1 2 0 0
-117.4 6094.0 -120.7 235 0 13.6 11.1 5.0 2.5 2 0 2 4 4
-125.8 6008.1 -98.7 128 0 9.2 8.2 5.0 2.5 2 0 2 1 1
-217.6 6067.3 -128.0 62 0 7.7 8.6 5.0 2.5 2 1 2 0 0
-221.7 6042.5 -123.2 61 0 7.9 9.6 5.0 2.5 2 1 2 2 2
-226.9 6052.7 -124.2 61 0 7.5 3.7 5.0 2.5 2 0 2 5 5
-231.9 6058.9 -126.6 61 0 7.1 9.5 5.0 2.5 2 1 2 4 4
-240.3 6076.8 -128.7 238 0 8.4 8.2 5.0 2.5 4 0 2 3 3
-218.5 6057.4 -125.1 54 0 5.7 4.4 5.0 2.5 2 0 2 1 1
-224.6 6063.0 -127.3 59 0 6.3 9.5 5.0 2.5 2 1 2 4 4
-213.3 6046.9 -124.2 65 0 9.0 10.5 5.0 2.5 2 1 2 4 4
-208.7 6070.9 -129.3 65 0 8.4 12.4 5.0 2.5 2 1 2 0 0
-203.1 6051.5 -124.9 65 0 9.4 10.3 5.0 2.5 2 1 2 1 1
-211.5 6093.0 -131.6 229 0 5.6 8.4 5.0 2.5 2 1 2 1 1
-192.5 6081.6 -130.7 60 0 6.7 10.0 5.0 2.5 2 1 2 1 1
-201.5 6096.9 -132.2 235 0 6.5 6.1 5.0 2.5 2 0 2 0 0
-191.4 6099.3 -132.6 241 0 8.9 14.6 5.0 2.5 2 1 2 1 1
-201.0 6077.3 -129.4 56 0 7.1 6.4 5.0 2.5 2 0 2 0 0
-197.5 6065.9 -127.2 58 0 7.3 7.6 5.0 2.5 2 1 2 3 3
-192.2 6056.1 -125.4 65 0 7.8 9.3 5.0 2.5 2 1 2 0 0
-182.7 6060.8 -127.8 63 0 10.1 19.6 5.0 2.5 2 1 2 2 2
-176.7 6076.4 -128.3 60 0 5.9 10.5 5.0 2.5 2 1 2 5 5
-158.8 6075.7 -124.2 56 0 8.1 7.1 5.0 2.5 2 0 2 1 1
-149.0 6081.6 -125.3 54 0 8.9 11.8 5.0 2.5 2 1 2 2 2
-140.6 6087.5 -125.6 52 0 8.5 12.5 5.0 0.0 0 1 2 2 2
-131.2 6093.1 -125.5 53 0 9.0 10.2 5.0 2.5 4 1 2 3 3
-163.0 6095.9 -129.3 66 0 8.1 5.6 5.0 2.5 2 0 2 4 4
-168.1 6106.7 -131.1 244 0 7.9 4.8 5.0 2.5 2 0 2 3 3
-156.8 6131.4 -130.0 248 0 7.1 3.9 5.0 2.5 2 0 2 5 5
-162.2 6116.8 -131.6 249 0 5.1 4.0 5.0 2.5 2 0 2 0 0
-151.4 6101.2 -129.5 64 0 9.0 6.9 5.0 2.5 4 0 2 5 5
-138.7 6111.0 -129.1 52 0 7.0 6.8 5.0 2.5 2 0 2 0 0
-140.0 6127.2 -128.3 234 0 8.4 5.1 5.0 2.5 2 0 2 1 1
-114.4 6103.9 -125.4 53 0 6.9 6.9 5.0 2.5 2 1 2 2 2
-123.1 6100.2 -127.7 54 0 8.4 14.9 5.0 2.5 4 1 2 3 3
-125.8 6122.3 -127.9 67 0 5.5 9.3 5.0 2.5 2 1 2 4 4
-583.2 5684.0 -120.7 216 0 8.6 11.9 5.0 2.5 2 1 2 3 3
-592.2 5674.2 -120.6 217 0 7.3 9.1 5.0 2.5 2 1 2 1 1
-601.7 5664.9 -121.6 220 0 8.0 13.3 5.0 2.5 2 1 2 3 3
-608.8 5658.5 -122.5 225 0 9.1 9.0 5.0 2.5 2 0 2 4 4
-628.7 5637.9 -121.2 227 0 7.2 9.9 5.0 2.5 2 1 2 4 4
-638.5 5629.0 -120.9 225 0 10.1 11.5 5.0 2.5 2 1 2 2 2
-701.7 5605.6 -126.5 134 0 9.8 7.1 5.0 2.5 2 0 2 2 2
-691.2 5607.8 -124.9 137 0 10.3 7.6 5.0 2.5 2 0 2 1 1
-674.5 5611.4 -123.0 42 0 8.4 7.8 5.0 0.0 0 0 2 2 2
-682.3 5617.1 -125.6 50 0 7.6 7.4 5.0 2.5 2 0 2 5 5
-684.6 5633.5 -127.1 223 0 7.8 5.5 5.0 0.0 0 0 2 5 5
-672.7 5623.9 -125.6 45 0 10.6 7.7 5.0 2.5 2 0 2 0 0
-664.6 5617.4 -123.3 37 0 7.9 7.4 5.0 0.0 0 0 2 2 2
-658.6 5625.6 -125.9 49 0 4.9 11.9 5.0 2.5 2 1 2 0 0
-656.5 5637.6 -128.0 53 0 3.9 8.1 5.0 2.5 2 1 2 3 3
-650.7 5629.9 -126.2 46 0 9.0 8.4 5.0 2.5 2 0 2 0 0
-659.4 5656.6 -129.6 228 0 9.9 5.8 5.0 2.5 2 0 2 1 1
-648.5 5642.3 -128.7 38 0 6.1 8.2 5.0 0.0 0 1 2 4 4
-633.9 5646.7 -128.7 49 0 8.9 15.2 5.0 2.5 2 1 2 1 1
-625.6 5654.7 -126.6 36 0 5.7 7.6 5.0 0.0 0 1 2 1 1
-643.5 5659.8 -129.4 55 0 5.8 6.7 5.0 0.0 0 1 2 5 5
-653.7 5669.9 -130.2 238 0 8.0 5.1 5.0 2.5 2 0 2 1 1
-645.6 5679.2 -130.3 235 0 8.6 9.9 5.0 2.5 2 1 2 5 5
-624.5 5669.8 -127.0 46 0 6.6 4.4 5.0 2.5 2 0 2 1 1
-617.3 5661.6 -126.2 47 0 11.5 9.6 5.0 2.5 2 0 2 2 2
-631.0 5687.6 -128.7 234 0 3.6 11.6 5.0 2.5 2 1 2 5 5
-615.9 5679.2 -126.9 56 0 8.5 8.4 5.0 0.0 0 0 2 3 3
-602.2 5676.5 -124.2 46 0 10.6 7.5 5.0 2.5 2 0 2 4 4
-608.4 5685.7 -125.9 53 0 8.8 5.9 5.0 2.5 2 0 2 0 0
-603.9 5696.2 -127.5 54 0 10.4 8.6 5.0 2.5 2 0 2 5 5
-588.1 5693.7 -125.2 55 0 7.9 10.7 5.0 2.5 2 1 2 0 0
-595.7 5703.8 -127.1 49 0 7.8 7.2 5.0 2.5 2 0 2 3 3
-587.4 5728.9 -128.5 225 0 5.7 6.4 5.0 2.5 2 1 2 1 1
-582.9 5713.4 -126.4 51 0 6.4 5.4 5.0 2.5 4 0 2 5 5
-576.2 5708.0 -125.1 44 0 7.8 6.2 5.0 2.5 2 0 2 1 1
-573.3 5718.4 -127.4 44 0 10.5 9.9 5.0 2.5 2 0 2 4 4
-559.7 5721.7 -126.7 43 0 7.6 10.5 5.0 2.5 2 1 2 0 0
-568.4 5731.8 -128.5 40 0 7.6 6.2 5.0 2.5 2 0 2 1 1
-578.7 5743.1 -129.8 226 0 7.1 6.7 5.0 2.5 2 0 2 2 2
-556.0 5704.2 -120.4 227 0 8.3 4.3 5.0 2.5 2 0 2 4 4
-567.2 5694.7 -120.8 220 0 9.1 11.2 5.0 2.5 2 1 2 2 2
-359.0 5912.8 -124.0 209 0 7.8 8.3 5.0 0.0 0 1 2 5 5
-340.6 5929.3 -121.5 212 0 4.9 7.9 5.0 2.5 2 1 2 5 5
-349.4 5925.7 -123.2 212 0 9.9 8.4 5.0 2.5 2 0 2 5 5
-337.4 5936.4 -121.1 209 0 7.0 14.7 5.0 0.0 0 1 2 2 2
-330.4 5946.3 -120.1 218 0 8.6 14.9 5.0 2.5 2 1 2 3 3
-324.6 5912.2 -121.8 331 0 6.8 23.1 5.0 2.5 2 1 2 3 3
-389.2 5868.0 -123.1 103 0 4.1 4.6 5.0 2.5 2 1 2 2 2
-399.8 5876.3 -124.8 279 0 16.5 24.3 5.0 2.5 2 1 2 3 3
-430.6 5831.8 -122.6 56 0 7.3 5.0 5.0 2.5 4 0 2 2 2
-429.6 5857.6 -124.8 227 0 6.4 10.8 5.0 2.5 2 1 2 1 1
-439.6 5850.2 -125.0 231 0 11.8 12.7 5.0 0.0 0 1 2 3 3
-450.2 5840.2 -125.0 230 0 8.7 13.9 5.0 2.5 2 1 2 2 2
-467.5 5819.7 -124.0 194 0 12.7 12.7 5.0 2.5 2 1 2 5 5
-490.5 5771.1 -120.3 38 0 13.6 11.9 5.0 2.5 2 0 2 4 4
-498.7 5751.8 -115.0 215 0 10.8 6.3 7.5 2.5 2 0 3 4 4
-511.5 5744.4 -119.1 47 0 9.2 6.6 5.0 2.5 2 0 2 3 3
-539.3 5707.6 -118.3 23 0 11.7 4.4 5.0 2.5 4 0 2 4 4
-549.4 5730.1 -126.5 42 0 8.2 7.9 5.0 2.5 2 0 2 0 0
-556.2 5738.3 -127.9 38 0 5.3 4.8 5.0 2.5 2 0 2 0 0
-540.3 5743.3 -127.8 43 0 9.1 13.2 5.0 2.5 2 1 2 4 4
-557.3 5761.0 -129.3 223 0 6.5 10.1 5.0 2.5 2 1 2 5 5
-559.5 5776.1 -130.7 223 0 9.4 24.8 5.0 2.5 2 1 2 2 2
-531.0 5761.8 -126.8 42 0 5.6 7.7 5.0 0.0 0 1 2 4 4
-545.4 5773.9 -129.2 223 0 5.1 7.7 5.0 0.0 0 1 2 5 5
-532.2 5775.1 -128.7 41 0 8.5 7.8 5.0 2.5 2 0 2 4 4
-522.5 5767.2 -126.6 36 0 9.2 11.7 5.0 2.5 2 1 2 4 4
-517.6 5775.1 -127.8 41 0 7.3 17.4 5.0 2.5 2 1 2 2 2
-512.4 5781.7 -127.2 42 0 7.0 16.3 5.0 0.0 0 1 2 2 2
-513.1 5794.4 -127.2 37 0 7.6 9.7 5.0 2.5 2 1 2 5 5
-526.0 5805.3 -129.0 223 0 6.3 6.0 5.0 2.5 2 0 2 0 0
-509.4 5801.7 -128.6 39 0 6.6 15.8 5.0 2.5 2 1 2 3 3
-504.4 5809.1 -127.3 40 0 7.3 11.5 5.0 2.5 2 1 2 0 0
-512.0 5833.3 -130.0 217 0 6.4 7.9 5.0 2.5 2 1 2 2 2
-495.0 5815.5 -127.5 42 0 10.6 12.7 5.0 2.5 2 1 2 2 2
-487.9 5824.9 -128.1 42 0 8.7 9.3 5.0 2.5 2 1 2 5 5
-516.1 5868.2 -130.7 134 0 7.6 9.2 5.0 2.5 4 1 2 2 2
-510.4 5864.7 -130.1 218 0 9.2 7.1 5.0 2.5 4 0 2 2 2
-487.4 5854.2 -128.4 308 0 10.0 11.3 5.0 2.5 2 1 2 2 2
-487.3 5863.4 -128.9 47 0 7.9 15.9 5.0 2.5 2 1 2 5 5
-471.2 5907.8 -130.9 61 0 8.3 20.5 5.0 2.5 2 1 2 5 5
-498.3 5910.8 -130.7 238 0 5.6 5.0 5.0 2.5 2 0 2 5 5
-492.6 5900.3 -130.6 59 0 4.6 5.8 5.0 2.5 2 1 2 2 2
-484.2 5904.7 -130.5 60 0 11.7 5.8 5.0 2.5 2 0 2 1 1
-482.3 5895.9 -130.3 53 0 6.8 6.7 5.0 2.5 2 0 2 1 1
-486.2 5890.1 -130.4 53 0 4.6 9.3 5.0 2.5 2 1 2 4 4
-486.1 5879.7 -129.4 49 0 5.3 5.2 5.0 2.5 2 0 2 1 1
-479.2 5870.0 -128.8 52 0 10.0 10.3 5.0 2.5 2 1 2 0 0
-481.5 5857.6 -127.1 232 0 6.4 7.1 5.0 2.5 4 1 2 4 4
-469.9 5843.7 -126.7 51 0 8.6 9.1 5.0 2.5 2 1 2 3 3
-462.1 5851.7 -127.3 48 0 11.2 9.4 5.0 2.5 4 0 2 5 5
-475.6 5866.1 -127.8 233 0 10.7 8.6 5.0 2.5 4 0 2 2 2
-474.3 5891.8 -129.9 325 0 7.5 11.4 5.0 2.5 2 1 2 5 5
-467.6 5883.5 -129.3 322 0 10.7 9.1 5.0 2.5 2 0 2 1 1
-461.4 5873.9 -128.5 322 0 7.5 9.1 5.0 2.5 2 1 2 5 5
-453.4 5857.6 -127.8 52 0 8.3 12.4 5.0 2.5 2 1 2 0 0
-458.5 5883.5 -129.4 138 0 14.5 7.9 5.0 2.5 2 0 2 5 5
-444.7 5864.5 -127.8 51 0 9.6 12.6 5.0 2.5 2 1 2 3 3
-432.5 5872.8 -127.5 52 0 11.9 12.5 5.0 0.0 0 1 2 2 2
-448.9 5906.7 -129.9 231 0 9.8 14.2 5.0 2.5 2 1 2 2 2
-418.3 5881.4 -127.6 53 0 9.9 15.5 5.0 2.5 2 1 2 3 3
-440.7 5911.6 -129.8 231 0 7.7 13.2 5.0 0.0 0 1 2 3 3
-434.1 5918.4 -129.8 232 0 9.1 19.5 5.0 2.5 2 1 2 3 3
-426.9 5925.4 -129.6 228 0 7.7 8.7 5.0 2.5 2 1 2 5 5
-414.2 5916.2 -128.7 322 0 8.8 8.9 5.0 2.5 2 1 2 0 0
-403.6 5892.6 -126.8 52 0 11.5 9.4 5.0 2.5 2 0 2 4 4
-405.0 5924.4 -129.4 323 0 26.3 11.6 5.0 2.5 2 0 2 5 5
-393.4 5910.2 -126.9 324 0 7.7 9.6 5.0 2.5 4 1 2 4 4
-389.8 5913.2 -126.8 139 0 10.6 9.6 5.0 2.5 4 0 2 1 1
-402.9 5928.9 -128.9 135 0 27.6 9.0 5.0 2.5 2 0 2 2 2
-402.3 5951.2 -128.6 222 0 11.3 9.6 5.0 2.5 2 0 2 5 5
-371.7 5925.5 -126.7 41 0 20.5 8.4 5.0 2.5 2 0 2 5 5
-359.0 5936.8 -127.5 41 0 9.3 36.6 5.0 2.5 2 1 2 1 1
-361.2 5984.5 -126.6 314 0 6.4 8.9 5.0 2.5 2 1 2 5 5
-366.1 5970.8 -126.2 229 0 4.3 4.4 5.0 2.5 2 1 2 4 4
-359.4 5952.3 -126.3 37 0 9.2 7.6 5.0 2.5 2 0 2 5 5
-379.6 5970.0 -127.3 223 0 7.7 7.2 5.0 2.5 2 0 2 3 3
-373.6 5976.0 -127.1 219 0 7.1 6.9 5.0 2.5 2 0 2 5 5
-351.6 5945.0 -125.2 39 0 10.1 9.0 5.0 2.5 4 0 2 2 2
-359.8 5968.4 -125.4 222 0 8.4 6.5 5.0 2.5 2 0 2 4 4
-356.7 5975.5 -124.7 218 0 5.3 9.2 5.0 2.5 2 1 2 2 2
-344.2 5954.3 -124.0 38 0 8.8 9.4 5.0 2.5 2 1 2 1 1
-338.2 5961.5 -123.0 35 0 6.1 10.0 5.0 2.5 2 1 2 5 5
-334.0 5974.4 -122.2 308 0 9.6 8.4 5.0 2.5 2 0 2 4 4
-323.3 5956.9 -119.2 210 0 9.0 8.1 5.0 2.5 2 0 2 1 1
-310.7 5947.6 -118.5 28 0 6.8 6.0 5.0 2.5 2 0 2 2 2
-305.8 5952.3 -118.3 32 0 5.3 7.7 5.0 2.5 4 1 2 0 0
-303.7 5959.9 -118.2 39 0 8.8 5.6 5.0 2.5 2 0 2 3 3
-315.8 5967.7 -118.8 214 0 8.9 7.4 5.0 2.5 2 0 2 1 1
-286.9 5978.5 -119.4 57 0 6.1 6.9 5.0 2.5 2 1 2 5 5
-279.0 5982.1 -119.6 61 0 8.8 9.9 5.0 2.5 2 1 2 2 2
-288.5 6000.8 -121.4 249 0 9.3 6.9 5.0 2.5 2 0 2 5 5
-305.9 6025.3 -126.2 67 0 11.4 5.9 5.0 2.5 2 0 2 4 4
-299.4 6012.0 -124.6 71 0 8.9 8.9 5.0 2.5 2 0 2 1 1
-287.7 6016.5 -124.4 71 0 8.4 9.5 5.0 2.5 2 1 2 5 5
-290.7 6026.5 -125.4 69 0 10.5 5.9 5.0 2.5 2 0 2 2 2
-283.0 6044.4 -127.0 66 0 7.0 8.9 5.0 2.5 2 1 2 5 5
-274.3 6022.4 -124.9 69 0 8.9 17.4 5.0 2.5 2 1 2 0 0
-263.0 6027.4 -123.3 67 0 10.9 9.9 5.0 2.5 2 0 2 1 1
-265.6 6012.4 -120.2 242 0 8.3 12.6 5.0 2.5 2 1 2 2 2
-255.7 6017.8 -119.9 245 0 10.4 16.8 5.0 2.5 2 1 2 1 1
-241.6 6012.3 -117.8 242 0 8.1 7.9 5.0 2.5 2 0 2 5 5
-244.6 6022.2 -119.2 246 0 7.8 8.7 5.0 2.5 2 1 2 2 2
-222.8 5995.8 -115.4 61 0 11.4 9.3 5.0 2.5 2 0 2 3 3
-227.7 6005.9 -116.8 60 0 8.2 8.4 5.0 2.5 4 1 2 2 2
-234.8 6024.8 -118.5 248 0 7.3 9.5 5.0 2.5 2 1 2 2 2
-227.1 6028.2 -118.6 241 0 9.2 18.1 5.0 2.5 2 1 2 2 2
-211.3 6031.2 -119.8 222 0 16.5 17.2 5.0 2.5 2 1 2 4 4
-234.6 6038.6 -122.6 66 0 7.8 9.4 5.0 2.5 2 1 2 2 2
-243.7 6034.0 -122.6 66 0 8.6 11.9 5.0 2.5 2 1 2 3 3
-272.4 6062.9 -127.3 250 0 8.0 7.0 5.0 0.0 0 0 2 0 0
-261.3 6065.7 -127.0 254 0 9.6 7.4 5.0 2.5 2 0 2 3 3
-255.9 6047.6 -125.5 71 0 10.5 10.4 5.0 2.5 4 0 2 0 0
-245.2 6057.6 -126.3 70 0 7.2 8.0 5.0 0.0 0 1 2 5 5
-249.7 6070.4 -127.4 251 0 6.9 4.6 5.0 0.0 0 0 2 4 4
-252.1 6078.0 -129.0 251 0 7.4 5.9 5.0 2.5 2 0 2 4 4
-340.2 5989.8 -123.2 86 0 4.0 4.1 5.0 2.5 2 1 2 4 4
-335.9 5985.6 -122.3 119 0 4.6 4.0 5.0 2.5 2 0 2 0 0
-331.5 5993.3 -123.4 126 0 5.7 4.6 5.0 2.5 2 0 2 3 3
-327.4 6003.2 -124.0 223 0 7.4 7.0 5.0 2.5 2 0 2 1 1
-319.1 5987.4 -122.5 34 0 7.2 7.8 5.0 0.0 0 1 2 4 4
-336.8 6005.2 -124.6 235 0 7.9 6.4 5.0 2.5 4 0 2 0 0
-342.0 6013.2 -126.6 144 0 10.9 7.0 5.0 2.5 2 0 2 5 5
-348.2 6030.3 -128.6 48 0 8.5 6.3 5.0 0.0 0 0 2 3 3
-361.2 6021.0 -128.4 58 0 8.0 8.3 5.0 2.5 2 1 2 4 4
-346.1 6006.0 -126.6 47 0 10.7 12.3 5.0 2.5 2 1 2 2 2
-353.8 5999.6 -126.2 48 0 6.9 10.9 5.0 2.5 2 1 2 3 3
-362.6 5995.5 -127.2 50 0 6.5 9.3 5.0 2.5 2 1 2 0 0
-369.0 5986.2 -127.6 48 0 10.1 7.5 5.0 2.5 2 0 2 1 1
-374.1 5993.9 -128.1 49 0 10.5 7.2 5.0 2.5 2 0 2 1 1
-373.4 6012.2 -128.5 53 0 7.7 9.3 5.0 2.5 4 1 2 1 1
-385.3 6014.5 -128.9 235 0 5.0 7.2 5.0 0.0 0 1 2 2 2
-418.2 6013.9 -131.2 228 0 4.6 5.4 5.0 2.5 2 1 2 3 3
-422.3 6019.3 -131.4 227 0 5.1 5.2 5.0 0.0 0 1 2 4 4
-417.9 5995.7 -130.5 185 0 3.3 3.4 5.0 2.5 2 1 2 3 3
-431.5 5985.4 -131.1 242 0 3.8 5.0 5.0 2.5 2 1 2 1 1
-425.1 5990.9 -130.8 221 0 4.1 4.7 5.0 2.5 2 1 2 2 2
-415.5 6007.8 -130.8 222 0 6.3 8.4 5.0 2.5 2 1 2 5 5
-394.4 5989.7 -129.9 42 0 23.4 13.7 5.0 2.5 2 0 2 1 1
-383.4 5975.8 -128.5 47 0 20.6 10.8 5.0 2.5 2 0 2 0 0
-395.2 5964.2 -128.7 46 0 9.9 9.3 5.0 2.5 2 0 2 3 3
-403.1 5958.1 -129.0 45 0 6.4 8.2 5.0 2.5 4 1 2 2 2
-403.0 5972.1 -129.6 43 0 8.2 12.4 5.0 2.5 2 1 2 5 5
-410.5 5966.0 -129.9 44 0 7.1 11.9 5.0 2.5 2 1 2 1 1
-417.8 5943.9 -129.9 51 0 7.7 12.5 5.0 2.5 2 1 2 2 2
-423.8 5938.3 -130.4 43 0 6.8 11.2 5.0 2.5 2 1 2 5 5
-436.9 5924.6 -131.4 52 0 9.4 13.1 5.0 2.5 2 1 2 0 0
-447.4 5936.5 -131.8 58 0 7.0 13.1 5.0 2.5 2 1 2 0 0
-445.8 5918.3 -131.6 58 0 8.1 8.7 5.0 2.5 2 1 2 3 3
-452.3 5928.4 -132.0 54 0 7.3 11.6 5.0 2.5 2 1 2 2 2
-452.7 5912.9 -131.5 55 0 6.4 7.9 5.0 2.5 2 1 2 1 1
-468.3 5937.2 -132.0 239 0 6.7 5.2 5.0 2.5 2 0 2 1 1
-462.2 5928.1 -132.2 57 0 5.8 4.5 5.0 2.5 2 0 2 4 4
-458.7 5922.9 -132.1 59 0 6.2 4.0 5.0 2.5 2 0 2 1 1
-3988.1 1988.5 -132.8 55 0 6.3 11.2 5.0 2.5 2 1 2 3 3
-4009.4 2010.5 -132.4 235 0 10.1 7.8 5.0 0.0 0 0 2 0 0
-3992.2 2019.8 -133.0 321 0 7.3 7.8 5.0 2.5 2 1 2 1 1
-3970.1 1978.0 -133.4 54 0 9.8 10.3 5.0 2.5 2 1 2 4 4
-3975.6 2026.1 -133.5 309 0 8.1 9.5 5.0 2.5 2 1 2 3 3
-3964.2 1992.7 -133.6 50 0 10.6 10.1 5.0 0.0 0 0 2 5 5
-3952.1 1998.0 -133.9 57 0 11.9 11.5 5.0 2.5 2 0 2 3 3
-4023.4 1900.8 -130.7 51 0 6.8 21.4 5.0 2.5 2 1 2 3 3
-4026.6 1923.6 -130.8 225 0 10.3 8.8 5.0 2.5 2 0 2 3 3
-4013.3 1908.7 -130.9 49 0 11.5 10.0 5.0 2.5 2 0 2 3 3
-3989.6 1927.8 -132.0 46 0 8.4 13.9 5.0 2.5 2 1 2 3 3
-3978.9 1940.5 -132.5 44 0 8.5 10.8 5.0 2.5 2 1 2 0 0
-3969.6 1947.7 -132.8 47 0 8.1 7.6 5.0 2.5 2 0 2 0 0
-3977.7 1961.8 -132.8 230 0 5.4 6.8 5.0 2.5 4 1 2 4 4
-3961.3 1954.4 -133.3 56 0 11.4 7.0 5.0 2.5 2 0 2 1 1
-3972.4 1967.4 -133.2 231 0 6.9 6.5 5.0 2.5 2 0 2 5 5
-3950.5 1965.2 -133.3 47 0 9.2 6.2 5.0 2.5 2 0 2 2 2
-3959.2 1974.7 -133.4 228 0 7.1 5.2 5.0 2.5 2 0 2 0 0
-3929.6 1982.8 -133.4 50 0 9.0 9.1 5.0 2.5 2 1 2 2 2
-3900.5 2010.0 -133.4 44 0 9.4 11.8 5.0 2.5 2 1 2 4 4
-3886.9 2022.0 -133.1 51 0 9.7 15.4 5.0 2.5 2 1 2 1 1
-3870.6 2040.0 -132.8 321 0 8.0 10.1 5.0 2.5 2 1 2 0 0
-3877.5 2042.3 -132.7 47 0 9.1 15.3 5.0 2.5 2 1 2 5 5
-3856.0 2064.0 -131.2 42 0 7.4 7.7 5.0 2.5 2 1 2 0 0
-3846.8 2059.0 -131.2 48 0 8.9 7.6 5.0 2.5 4 0 2 5 5
-3837.2 2068.1 -130.4 47 0 8.3 6.9 5.0 2.5 2 0 2 5 5
-3829.6 2077.6 -130.0 54 0 9.6 9.8 5.0 0.0 0 1 2 1 1
-3820.0 2087.0 -129.7 45 0 7.8 11.4 5.0 2.5 2 1 2 1 1
-3800.1 2102.6 -129.2 48 0 10.7 15.3 5.0 2.5 4 1 2 5 5
-3788.4 2109.9 -128.9 50 0 7.9 7.1 5.0 2.5 2 0 2 2 2
-3775.8 2124.8 -128.8 78 0 8.8 6.5 5.0 2.5 2 0 2 2 2
-4012.8 1895.4 -131.1 225 0 7.3 8.7 5.0 2.5 2 1 2 1 1
-4003.0 1900.6 -131.5 227 0 9.9 8.5 5.0 2.5 2 0 2 0 0
-3998.7 1881.5 -131.2 49 0 6.4 8.6 5.0 2.5 2 1 2 3 3
-3994.3 1912.8 -131.6 228 0 7.6 15.9 5.0 2.5 2 1 2 4 4
-3971.8 1913.2 -131.9 50 0 9.6 6.5 5.0 2.5 4 0 2 4 4
-3960.1 1916.6 -132.0 50 0 9.0 11.1 5.0 2.5 2 1 2 2 2
-3973.2 1932.9 -132.3 224 0 8.0 7.0 5.0 0.0 0 0 2 1 1
-3963.3 1934.4 -132.2 225 0 6.9 7.3 5.0 2.5 2 1 2 0 0
-3900.9 1965.0 -132.5 49 0 16.9 11.4 2.5 2.5 2 0 1 0 0
-3885.7 1982.5 -132.5 49 0 26.9 9.4 2.5 2.5 2 0 1 2 2
-3890.0 2003.5 -132.7 229 0 10.2 8.7 2.5 2.5 2 0 1 2 2
-3867.3 2025.9 -132.5 232 0 8.4 8.7 2.5 2.5 2 1 1 3 3
-3828.3 2027.6 -131.1 48 0 11.0 8.3 2.5 2.5 2 0 1 5 5
-3836.1 2033.4 -131.5 49 0 13.0 6.8 2.5 2.5 2 0 1 4 4
-3847.4 2048.0 -131.6 226 0 7.8 10.5 2.5 2.5 2 1 1 4 4
-3834.1 2058.2 -130.7 227 0 12.5 14.6 2.5 0.0 0 1 1 4 4
-3815.3 2034.5 -130.3 49 0 12.7 11.7 2.5 2.5 2 0 1 2 2
-3796.3 2051.7 -129.0 48 0 13.8 7.1 2.5 2.5 2 0 1 3 3
-3823.4 2070.0 -129.8 223 0 7.7 10.1 2.5 2.5 2 1 1 5 5
-3816.2 2076.5 -129.3 223 0 8.0 18.3 2.5 2.5 2 1 1 1 1
-3804.2 2082.2 -128.8 225 0 6.4 10.1 2.5 0.0 0 1 1 2 2
-3792.5 2069.1 -128.6 44 0 6.5 5.8 2.5 2.5 2 0 1 3 3
-3785.5 2060.6 -128.6 54 0 7.1 8.7 2.5 0.0 0 1 1 2 2
-3779.8 2069.6 -128.5 59 0 10.4 5.3 2.5 2.5 4 0 1 1 1
-3783.5 2077.2 -128.6 61 0 8.5 5.0 2.5 0.0 0 0 1 1 1
-3778.7 2108.5 -128.8 221 0 8.4 12.6 2.5 2.5 2 1 1 3 3
-4004.4 1854.0 -131.0 228 0 21.3 16.0 5.0 2.5 2 0 2 0 0
-3987.0 1881.4 -131.1 233 0 8.3 16.1 5.0 2.5 2 1 2 1 1
-3977.2 1885.9 -131.2 235 0 9.4 13.6 5.0 2.5 2 1 2 1 1
-3956.1 1904.0 -131.5 236 0 11.5 12.2 5.0 2.5 2 1 2 5 5
-3936.4 1920.2 -131.7 230 0 10.5 11.8 5.0 2.5 2 1 2 1 1
-3918.1 1937.6 -131.9 224 0 9.8 9.6 5.0 2.5 2 0 2 1 1
-3909.0 1948.4 -131.9 227 0 10.6 10.9 5.0 0.0 0 1 2 5 5
-3875.3 1949.0 -131.1 47 0 8.4 8.9 5.0 2.5 2 1 2 0 0
-3888.2 1962.1 -131.6 224 0 6.1 6.5 5.0 2.5 2 1 2 4 4
-3880.1 1971.5 -131.7 227 0 7.3 12.7 5.0 2.5 2 1 2 4 4
-3866.4 1972.5 -131.2 230 0 5.9 5.9 5.0 2.5 2 1 2 1 1
-3868.6 1977.8 -131.5 233 0 5.3 4.3 5.0 2.5 2 0 2 0 0
-3862.9 1984.2 -131.5 229 0 9.6 8.6 5.0 2.5 2 0 2 2 2
-3850.9 1995.0 -131.3 225 0 7.8 11.9 5.0 2.5 2 1 2 5 5
-3842.8 1999.2 -131.0 228 0 5.4 6.3 5.0 2.5 4 1 2 5 5
-3832.2 1999.5 -130.5 228 0 11.6 9.5 5.0 2.5 2 0 2 0 0
-3838.3 2007.2 -130.9 230 0 9.9 7.8 5.0 2.5 2 0 2 3 3
-3825.9 2016.6 -130.5 224 0 13.1 14.5 5.0 2.5 2 1 2 5 5
-3785.0 2050.3 -128.7 226 0 7.7 7.6 5.0 2.5 2 0 2 2 2
-3766.0 2047.5 -128.6 49 0 6.5 5.1 5.0 2.5 4 0 2 4 4
-3774.4 2057.9 -128.6 230 0 10.1 7.0 5.0 2.5 4 0 2 4 4
-3752.8 2055.3 -128.4 57 0 5.8 7.3 5.0 2.5 2 1 2 0 0
-3763.6 2068.6 -128.4 233 0 8.4 7.4 5.0 2.5 2 0 2 4 4
-3729.9 2095.3 -128.2 236 0 13.9 9.7 5.0 2.5 2 0 2 0 0
-3749.6 2122.3 -128.4 145 0 13.2 11.0 5.0 2.5 2 0 2 5 5
-4352.4 1523.3 -130.1 54 0 15.3 20.7 2.5 2.5 2 1 1 0 0
-4266.9 1549.1 -130.0 54 0 8.8 10.1 2.5 2.5 2 1 1 5 5
-4259.4 1557.3 -129.9 54 0 7.8 9.1 2.5 2.5 2 1 1 0 0
-4243.7 1567.8 -129.8 53 0 25.7 12.5 2.5 2.5 4 0 1 0 0
-4050.9 1808.0 -130.1 234 0 16.8 8.3 5.0 2.5 2 0 2 5 5
-4034.9 1897.4 -130.6 54 0 6.8 8.1 5.0 2.5 2 1 2 0 0
-4051.1 1901.8 -130.6 234 0 6.2 7.9 5.0 2.5 4 1 2 3 3
-4054.9 1908.0 -130.5 234 0 8.0 5.9 5.0 2.5 2 0 2 3 3
-4062.4 1898.3 -130.6 236 0 7.6 6.6 5.0 2.5 2 0 2 3 3
-4069.1 1887.5 -130.7 236 0 7.7 4.4 5.0 2.5 2 0 2 0 0
-4080.1 1891.6 -130.7 234 0 6.0 7.9 5.0 2.5 4 1 2 4 4
-4102.7 1889.4 -130.6 324 0 7.9 7.4 5.0 2.5 2 0 2 2 2
-4106.0 1900.8 -130.5 234 0 6.5 5.4 5.0 0.0 0 0 2 3 3
-4081.1 1903.5 -130.5 54 0 6.3 12.8 5.0 2.5 2 1 2 5 5
-4071.4 1907.6 -130.5 56 0 8.0 9.9 5.0 2.5 2 1 2 1 1
-4073.0 1920.8 -130.4 54 0 5.9 9.9 5.0 2.5 4 1 2 1 1
-4066.2 1924.9 -130.4 54 0 7.8 8.4 5.0 2.5 2 1 2 5 5
-4081.9 1960.6 -130.6 234 0 8.0 3.5 5.0 2.5 2 0 2 5 5
-4068.2 1948.3 -130.6 233 0 8.4 5.6 5.0 0.0 0 0 2 5 5
-4057.5 1937.1 -130.6 56 0 7.7 4.7 5.0 2.5 2 0 2 0 0
-4055.5 1929.6 -130.3 53 0 3.8 4.2 5.0 2.5 4 1 2 2 2
-4049.5 1922.2 -130.4 53 0 7.5 7.4 5.0 2.5 2 0 2 3 3
-4039.6 1929.3 -130.7 53 0 9.3 9.1 5.0 2.5 2 0 2 5 5
-4049.1 1989.4 -131.4 234 0 6.9 3.3 5.0 0.0 0 0 2 0 0
-4047.2 1984.4 -131.4 236 0 7.3 6.8 5.0 2.5 2 0 2 5 5
-4023.9 1954.7 -131.4 56 0 3.9 6.7 5.0 2.5 2 1 2 4 4
-4006.0 1950.4 -131.7 52 0 8.4 17.0 5.0 0.0 0 1 2 2 2
-4000.1 1955.0 -131.9 60 0 5.2 18.7 5.0 2.5 4 1 2 4 4
-3992.4 1959.1 -132.2 61 0 8.9 10.6 5.0 2.5 2 1 2 4 4
-3998.2 1969.6 -132.2 64 0 8.1 7.7 5.0 2.5 2 0 2 5 5
-3983.9 1969.6 -132.7 59 0 7.6 15.7 5.0 2.5 2 1 2 1 1
-3186.9 533.7 -122.2 147 0 5.2 12.8 5.0 0.0 0 1 2 3 3
-3187.6 549.7 -122.1 223 0 6.8 7.8 5.0 2.5 2 1 2 0 0
-3175.7 556.9 -122.2 311 0 8.4 8.8 5.0 2.5 2 1 2 4 4
-3156.5 532.9 -122.5 318 0 9.2 10.2 5.0 2.5 2 1 2 5 5
-3141.0 529.3 -122.6 306 0 7.5 8.7 5.0 2.5 2 1 2 4 4
-3147.3 520.1 -121.9 307 0 7.6 9.7 5.0 2.5 2 1 2 0 0
-3160.6 557.8 -123.5 130 0 10.1 11.4 5.0 2.5 2 1 2 2 2
-3136.2 536.9 -123.7 126 0 6.8 8.5 5.0 2.5 2 1 2 0 0
-3125.6 529.2 -123.3 131 0 5.6 5.7 5.0 2.5 2 1 2 0 0
-3120.5 511.7 -122.3 299 0 8.2 10.2 5.0 2.5 2 1 2 3 3
-3112.4 517.4 -122.7 125 0 7.1 7.3 5.0 2.5 2 1 2 1 1
-3108.0 550.3 -122.9 131 0 7.2 9.3 2.5 2.5 2 1 1 4 4
-3117.5 559.1 -123.8 129 0 6.4 9.1 2.5 2.5 2 1 1 1 1
-3127.6 566.1 -124.1 130 0 15.2 8.0 2.5 2.5 2 0 1 2 2
-3141.4 577.1 -124.0 120 0 11.5 10.2 2.5 2.5 4 0 1 4 4
6912.6 900.9 128.6 74 0 7.3 13.7 5.0 2.5 2 1 2 1 1
6747.4 6904.5 -127.0 121 0 17.0 8.5 5.0 2.5 4 0 2 2 2
747.1 6945.4 -129.9 164 0 10.3 9.4 2.5 2.5 2 0 1 5 5
704.5 6882.6 -125.2 243 0 11.7 17.7 2.5 2.5 2 1 1 3 3
729.8 6911.9 -128.4 70 0 11.0 15.6 2.5 2.5 2 1 1 2 2
629.8 6787.3 -125.6 209 0 9.4 16.0 2.5 0.0 0 1 1 1 1
206.6 6374.8 -128.2 66 0 10.5 12.1 5.0 2.5 2 1 2 0 0
115.2 6294.9 -126.1 48 0 7.8 11.8 5.0 2.5 4 1 2 4 4
123.1 6300.7 -125.2 48 0 8.2 12.2 5.0 2.5 2 1 2 3 3
124.1 6316.0 -126.1 49 0 8.8 7.3 5.0 2.5 2 0 2 1 1
132.1 6310.6 -123.3 49 0 9.2 7.3 5.0 2.5 2 0 2 5 5
140.4 6317.8 -122.7 51 0 7.6 5.7 5.0 2.5 2 0 2 3 3
153.7 6333.6 -125.5 52 0 7.8 12.6 5.0 2.5 4 1 2 2 2
163.1 6385.9 -131.7 234 0 7.9 6.3 5.0 2.5 2 0 2 1 1
154.0 6379.4 -131.7 234 0 8.1 7.2 5.0 2.5 2 0 2 0 0
164.5 6397.6 -131.7 235 0 6.2 6.3 5.0 2.5 2 1 2 0 0
170.9 6393.4 -131.7 237 0 8.7 9.1 5.0 2.5 2 1 2 5 5
179.7 6405.0 -131.7 238 0 8.6 14.1 5.0 2.5 2 1 2 0 0
196.7 6390.4 -130.1 246 0 7.1 4.8 5.0 0.0 0 0 2 0 0
211.1 6403.0 -131.7 333 0 7.6 7.2 5.0 2.5 2 0 2 4 4
230.9 6345.6 -113.7 249 0 10.4 13.7 5.0 2.5 2 1 2 5 5
263.9 6392.2 -123.8 61 0 9.6 6.7 5.0 2.5 2 0 2 3 3
280.0 6396.7 -124.4 52 0 10.5 12.6 5.0 2.5 2 1 2 1 1
314.6 6427.4 -125.5 55 0 8.0 8.3 5.0 2.5 2 1 2 0 0
302.9 6390.0 -115.3 225 0 8.4 4.6 5.0 2.5 4 0 2 4 4
638.8 6826.1 -127.3 26 0 10.8 12.6 2.5 2.5 2 1 1 0 0
621.7 6825.6 -127.8 26 0 6.3 9.1 2.5 2.5 4 1 1 5 5
605.0 6823.5 -128.2 206 0 8.1 5.6 2.5 2.5 2 0 1 5 5
617.7 6817.2 -127.8 26 0 9.7 8.2 2.5 2.5 2 0 1 0 0
629.6 6812.3 -127.1 25 0 12.2 11.8 2.5 2.5 2 0 1 2 2
625.2 6801.6 -126.9 26 0 8.3 8.8 2.5 2.5 2 1 1 5 5
616.2 6805.7 -127.6 26 0 9.1 7.6 2.5 2.5 2 0 1 1 1
611.6 6796.2 -127.6 26 0 7.5 8.2 2.5 2.5 2 1 1 3 3
621.1 6791.3 -127.0 26 0 10.5 9.8 2.5 2.5 2 0 1 2 2
613.3 6779.7 -127.1 26 0 8.5 7.9 2.5 2.5 2 0 1 2 2
603.0 6781.4 -127.6 26 0 4.3 4.7 2.5 0.0 0 1 1 3 3
608.7 6770.6 -127.2 26 0 11.6 8.4 2.5 2.5 4 0 1 0 0
596.2 6767.0 -127.8 26 0 7.9 6.2 2.5 2.5 2 0 1 0 0
603.9 6761.1 -127.3 26 0 7.4 8.6 2.5 2.5 4 1 1 1 1
576.8 6765.4 -128.6 206 0 9.6 9.3 2.5 2.5 2 0 1 0 0
591.9 6756.4 -127.8 26 0 9.3 5.9 2.5 0.0 0 0 1 2 2
599.2 6752.9 -127.3 26 0 9.5 7.3 2.5 2.5 4 0 1 2 2
584.3 6747.5 -128.1 29 0 9.0 6.1 2.5 0.0 0 0 1 5 5
594.9 6742.5 -127.2 31 0 9.6 5.0 2.5 2.5 2 0 1 2 2
589.0 6743.6 -127.6 30 0 11.3 5.1 2.5 2.5 2 0 1 3 3
583.2 6736.0 -127.7 30 0 5.3 4.7 2.5 2.5 2 0 1 5 5
588.5 6731.8 -127.3 28 0 7.7 5.5 2.5 2.5 2 0 1 0 0
564.3 6736.7 -128.7 210 0 6.4 7.1 2.5 2.5 2 1 1 0 0
561.8 6730.5 -128.7 210 0 5.8 6.9 2.5 0.0 0 1 1 0 0
582.0 6719.5 -127.5 30 0 9.1 6.5 2.5 0.0 0 0 1 0 0
575.7 6723.5 -128.1 30 0 8.4 6.8 2.5 2.5 2 0 1 1 1
571.7 6716.7 -128.4 30 0 5.8 9.9 2.5 2.5 2 1 1 5 5
577.6 6710.2 -127.6 30 0 9.8 6.9 2.5 2.5 2 0 1 5 5
565.2 6700.6 -128.0 27 0 7.3 6.5 2.5 2.5 2 0 1 1 1
581.0 6698.1 -126.2 202 0 16.9 15.1 2.5 2.5 2 0 1 2 2
612.2 6681.6 -123.9 30 0 9.8 10.7 2.5 2.5 2 1 1 2 2
614.3 6692.1 -123.9 35 0 8.7 7.4 2.5 2.5 2 0 1 3 3
603.3 6722.6 -125.6 212 0 8.8 11.1 2.5 2.5 4 1 1 4 4
594.7 6725.8 -126.4 206 0 10.8 7.9 2.5 2.5 2 0 1 2 2
603.0 6733.6 -126.0 205 0 8.6 17.0 2.5 2.5 4 1 1 5 5
603.4 6742.9 -126.2 205 0 8.0 10.1 2.5 2.5 2 1 1 0 0
620.3 6750.0 -125.3 219 0 8.9 4.6 2.5 2.5 2 0 1 2 2
610.9 6754.4 -126.0 207 0 7.5 8.9 2.5 2.5 2 1 1 2 2
639.1 6722.4 -123.9 36 0 7.1 9.8 2.5 2.5 4 1 1 1 1
634.9 6714.6 -123.7 36 0 8.7 9.4 2.5 2.5 2 1 1 0 0
639.8 6711.3 -122.6 36 0 8.0 4.1 2.5 0.0 0 0 1 3 3
644.1 6717.4 -122.7 36 0 4.1 4.8 2.5 2.5 2 1 1 3 3
647.5 6721.2 -122.8 36 0 5.0 6.5 2.5 2.5 2 1 1 3 3
647.0 6730.6 -123.7 36 0 7.6 10.5 2.5 2.5 2 1 1 2 2
625.5 6746.4 -124.9 220 0 7.3 9.6 2.5 2.5 2 1 1 3 3
631.3 6751.9 -124.6 220 0 7.0 8.0 2.5 2.5 2 1 1 5 5
615.6 6766.5 -126.0 211 0 7.9 15.2 2.5 2.5 4 1 1 3 3
625.4 6769.7 -125.4 211 0 5.7 8.8 2.5 0.0 0 1 1 3 3
645.5 6774.3 -124.3 225 0 9.0 9.9 2.5 2.5 2 1 1 5 5
659.3 6775.2 -124.3 45 0 8.6 13.6 2.5 2.5 2 1 1 1 1
654.3 6793.0 -124.6 225 0 6.2 7.0 2.5 2.5 2 1 1 0 0
666.6 6780.4 -124.2 45 0 6.8 9.6 2.5 2.5 2 1 1 1 1
671.2 6752.7 -122.8 49 0 7.5 10.7 2.5 0.0 0 1 1 5 5
701.1 6782.5 -122.7 234 0 8.4 8.2 5.0 2.5 2 0 2 5 5
690.2 6776.8 -122.8 234 0 10.3 16.8 5.0 2.5 2 1 2 0 0
677.6 6798.3 -124.4 317 0 7.4 8.5 2.5 2.5 2 1 1 1 1
671.3 6803.0 -124.8 316 0 6.3 6.4 2.5 2.5 2 1 1 0 0
645.3 6813.5 -125.9 212 0 8.8 10.0 2.5 2.5 2 1 1 3 3
653.5 6822.9 -125.9 214 0 11.1 11.3 2.5 2.5 2 1 1 4 4
673.0 6828.9 -125.2 311 0 4.4 6.5 2.5 2.5 2 1 1 3 3
658.4 6836.5 -126.0 221 0 9.6 12.1 2.5 2.5 2 1 1 4 4
671.8 6838.5 -125.7 49 0 6.1 6.2 2.5 2.5 2 1 1 5 5
662.5 6849.4 -126.2 229 0 8.5 7.5 2.5 2.5 2 0 1 3 3
672.9 6857.9 -126.3 234 0 9.7 6.6 2.5 2.5 2 0 1 1 1
691.0 6856.0 -125.1 53 0 4.6 4.3 2.5 2.5 2 0 1 4 4
684.0 6866.6 -125.8 232 0 7.1 5.8 2.5 2.5 2 0 1 3 3
724.5 6895.1 -124.8 243 0 5.1 4.3 2.5 2.5 2 0 1 2 2
715.2 6890.9 -124.7 243 0 12.6 5.8 2.5 2.5 2 0 1 4 4
654.1 6880.4 -128.7 52 0 8.5 6.3 2.5 2.5 2 0 1 0 0
662.7 6871.8 -128.2 52 0 8.8 10.6 2.5 2.5 2 1 1 5 5
668.7 6887.8 -128.5 58 0 4.6 6.6 2.5 2.5 2 1 1 5 5
663.2 6884.7 -128.7 58 0 5.9 7.6 2.5 2.5 2 1 1 1 1
673.4 6880.8 -128.0 58 0 9.1 7.8 2.5 2.5 2 0 1 3 3
652.2 6913.6 -130.5 286 0 8.3 4.1 2.5 2.5 2 0 1 3 3
649.8 6923.5 -131.3 286 0 12.3 7.2 2.5 2.5 2 0 1 0 0
634.4 6936.8 -132.0 280 0 9.9 8.4 2.5 2.5 2 0 1 3 3
625.7 6938.3 -132.0 280 0 5.7 8.4 2.5 0.0 0 1 1 3 3
652.5 6940.2 -131.8 242 0 10.6 12.7 2.5 2.5 2 1 1 0 0
702.8 6905.4 -127.4 65 0 4.7 7.8 2.5 2.5 2 1 1 0 0
710.6 6901.9 -127.2 65 0 9.1 9.6 2.5 2.5 2 1 1 2 2
689.2 6945.1 -131.2 207 0 17.9 19.6 2.5 2.5 2 1 1 5 5
715.5 6945.2 -130.5 249 0 9.0 11.8 2.5 2.5 2 1 1 2 2
743.0 6917.6 -128.5 66 0 9.4 13.7 2.5 2.5 2 1 1 0 0
743.8 6944.6 -130.2 345 0 15.1 9.5 2.5 0.0 0 0 1 5 5
765.9 6943.1 -129.7 74 0 13.7 15.8 2.5 2.5 2 1 1 5 5
752.7 6920.9 -128.9 66 0 7.7 16.7 2.5 2.5 2 1 1 4 4
761.8 6924.5 -128.5 66 0 9.2 11.2 2.5 2.5 2 1 1 5 5
750.3 6905.4 -125.4 243 0 12.0 11.4 2.5 2.5 2 0 1 4 4
756.0 6887.1 -123.9 66 0 10.2 6.6 2.5 2.5 2 0 1 5 5
770.4 6896.1 -124.6 66 0 12.0 6.5 2.5 2.5 2 0 1 4 4
762.8 6911.3 -125.8 246 0 11.4 9.3 2.5 2.5 2 0 1 1 1
794.4 6925.8 -126.6 250 0 10.0 14.4 2.5 0.0 0 1 1 5 5
803.1 6944.2 -128.7 72 0 9.1 15.0 2.5 2.5 2 1 1 2 2
818.9 6909.0 -124.9 69 0 11.8 6.4 2.5 2.5 2 0 1 4 4
811.9 6930.9 -126.7 249 0 9.6 14.8 2.5 2.5 2 1 1 4 4
830.7 6917.4 -125.3 68 0 6.4 4.4 2.5 2.5 2 0 1 5 5
825.2 6933.9 -126.7 248 0 9.0 11.4 2.5 2.5 2 1 1 5 5
839.8 6936.6 -126.6 247 0 8.6 9.1 2.5 2.5 2 1 1 4 4
860.6 6926.0 -125.7 67 0 9.9 7.5 2.5 2.5 2 0 1 0 0
835.8 6842.7 -121.0 160 0 19.2 10.4 10.0 0.0 0 0 4 3 3
914.1 6874.7 -122.3 338 0 11.2 12.3 7.5 2.5 2 1 3 5 5
861.4 6825.6 -120.6 158 0 10.2 34.1 15.0 0.0 0 1 6 5 5
898.8 6836.9 -120.7 68 0 4.8 6.8 5.0 2.5 2 1 2 1 1
894.8 6870.8 -122.2 248 0 11.1 32.5 12.5 2.5 2 1 5 3 3
928.2 6840.4 -121.0 70 0 16.1 10.0 5.0 0.0 0 0 2 2 2
946.0 6857.4 -120.7 250 0 27.3 10.8 10.0 2.5 2 0 4 5 5
1002.8 6863.1 -118.5 62 0 8.7 11.0 5.0 2.5 2 1 2 5 5
994.1 6900.1 -120.4 249 0 9.4 24.2 7.5 2.5 2 1 3 5 5
1018.2 6944.3 -122.6 86 0 10.5 6.8 2.5 2.5 4 0 1 3 3
1051.4 6943.9 -121.5 80 0 4.0 6.0 2.5 2.5 2 1 1 1 1
1016.0 6885.8 -118.3 251 0 10.9 24.8 15.0 0.0 0 1 6 4 4
1041.0 6862.3 -116.5 75 0 20.1 11.1 7.5 2.5 2 0 3 4 4
1059.2 6866.7 -114.5 74 0 14.0 10.2 2.5 2.5 2 0 1 0 0
1075.0 6871.6 -112.2 74 0 17.4 9.3 7.5 2.5 2 0 3 0 0
1093.6 6895.6 -115.5 347 0 20.3 12.9 10.0 2.5 4 0 4 5 5
-1089.1 5344.3 -126.3 235 0 8.4 15.2 5.0 2.5 2 1 2 1 1
-2281.7 2759.3 -119.5 156 0 30.0 14.6 2.5 2.5 2 0 1 4 4
-1317.9 5099.9 -126.3 23 0 9.6 20.0 2.5 2.5 2 1 1 3 3
-1552.4 4481.3 -126.6 110 0 10.9 9.5 2.5 2.5 2 0 1 3 3
-1514.0 4650.1 -125.8 28 0 9.9 13.1 2.5 2.5 4 1 1 1 1
-1300.8 5145.9 -126.5 10 0 14.6 18.5 2.5 2.5 2 1 1 0 0
-1590.1 4490.6 -130.0 199 0 4.9 15.2 2.5 2.5 2 1 1 3 3
-1452.9 4867.0 -129.2 200 0 6.8 11.7 2.5 0.0 0 1 1 2 2
-1562.1 4554.9 -128.8 201 0 7.5 8.7 2.5 2.5 2 1 1 1 1
-1563.6 4447.0 -126.8 196 0 20.2 14.3 5.0 2.5 2 0 2 2 2
-1355.4 4981.8 -122.9 200 0 6.8 15.2 5.0 2.5 2 1 2 2 2
-1434.2 4826.4 -125.2 299 0 12.3 16.6 2.5 2.5 2 1 1 0 0
-1263.1 5206.5 -126.4 298 0 6.1 12.7 2.5 2.5 2 1 1 4 4
-503.9 5918.1 -131.0 240 0 8.4 7.5 5.0 2.5 2 0 2 1 1
-517.7 5905.5 -131.2 150 0 7.3 12.2 5.0 2.5 4 1 2 4 4
-1708.8 4256.4 -127.2 234 0 6.0 4.6 5.0 2.5 2 0 2 5 5
-1715.1 4271.8 -128.3 234 0 7.6 15.7 5.0 2.5 2 1 2 3 3
-1723.0 4265.8 -128.7 234 0 7.5 6.9 5.0 2.5 2 0 2 3 3
-1718.6 4260.1 -128.2 234 0 7.6 6.6 5.0 2.5 2 0 2 1 1
-1793.9 4244.5 -130.2 226 0 6.9 8.3 2.5 2.5 2 1 1 0 0
-1788.2 4234.8 -130.2 226 0 8.8 6.2 2.5 2.5 2 0 1 3 3
-1780.4 4214.4 -130.1 134 0 3.5 5.3 2.5 2.5 4 1 1 3 3
-1780.9 4203.3 -130.1 134 0 7.8 12.1 2.5 2.5 2 1 1 4 4
-1770.0 4200.4 -130.1 131 0 8.5 9.8 2.5 2.5 2 1 1 3 3
-1742.3 4207.5 -129.0 311 0 6.2 6.4 2.5 2.5 2 1 1 0 0
-1735.6 4215.2 -128.7 311 0 6.5 8.8 2.5 2.5 2 1 1 3 3
-1745.8 4220.9 -129.5 310 0 7.6 10.0 2.5 2.5 2 1 1 3 3
-1693.0 4202.3 -124.2 117 0 9.3 7.0 5.0 2.5 2 0 2 2 2
-1702.6 4206.8 -125.3 117 0 9.3 8.8 5.0 2.5 2 0 2 0 0
-1678.3 4195.5 -122.9 32 0 6.6 8.1 5.0 2.5 4 1 2 3 3
-1654.9 4243.1 -125.0 31 0 26.8 9.9 5.0 2.5 2 0 2 5 5
-1678.2 4219.0 -125.9 31 0 11.7 28.5 5.0 2.5 2 1 2 5 5
-1712.1 4235.4 -127.0 124 0 7.8 10.3 5.0 2.5 2 1 2 0 0
-1721.1 4224.2 -127.4 121 0 7.7 7.5 5.0 2.5 4 0 2 0 0
-1726.4 4215.8 -127.6 121 0 7.3 8.9 5.0 2.5 2 1 2 3 3
-1733.6 4239.2 -128.6 143 0 5.7 7.0 5.0 2.5 4 1 2 3 3
-1732.3 4258.2 -129.0 233 0 7.5 17.7 5.0 2.5 2 1 2 0 0
-1737.5 4250.8 -129.1 233 0 9.0 7.4 5.0 2.5 2 0 2 4 4
-1740.9 4234.4 -129.2 133 0 8.5 6.8 5.0 2.5 2 0 2 4 4
-1747.4 4246.4 -129.8 230 0 8.8 7.2 5.0 2.5 2 0 2 0 0
-1751.4 4253.7 -130.2 39 0 9.5 12.7 2.5 2.5 2 1 1 0 0
-1760.7 4247.2 -130.2 45 0 8.8 11.9 2.5 2.5 2 1 1 4 4
-1770.6 4271.6 -130.2 221 0 7.1 12.0 2.5 2.5 2 1 1 4 4
-1762.8 4276.7 -130.1 223 0 8.6 12.6 2.5 2.5 2 1 1 5 5
-1741.2 4262.5 -129.8 49 0 7.2 10.4 2.5 2.5 2 1 1 2 2
-1751.7 4281.4 -129.9 235 0 7.4 5.6 2.5 2.5 4 0 1 4 4
-1734.1 4266.9 -129.5 55 0 8.5 10.6 2.5 2.5 2 1 1 4 4
-1735.9 4286.4 -129.7 235 0 7.6 7.1 2.5 0.0 0 0 1 1 1
-1725.2 4271.6 -129.3 55 0 9.0 10.4 2.5 2.5 2 1 1 5 5
-1728.1 4294.7 -129.6 235 0 6.9 8.2 2.5 2.5 2 1 1 5 5
-1719.6 4300.7 -129.6 235 0 6.9 6.3 2.5 2.5 2 0 1 3 3
-1709.0 4285.6 -128.6 55 0 5.9 6.1 2.5 2.5 2 1 1 2 2
-1717.4 4278.5 -129.0 55 0 9.6 8.8 2.5 0.0 0 0 1 2 2
-1697.0 4319.8 -129.8 235 0 7.0 7.3 2.5 2.5 2 1 1 0 0
-1712.8 4307.9 -129.8 235 0 7.7 4.5 2.5 2.5 2 0 1 1 1
-1710.2 4303.3 -129.4 235 0 8.7 5.8 2.5 0.0 0 0 1 3 3
-1700.9 4289.7 -128.8 55 0 8.9 10.2 2.5 2.5 2 1 1 2 2
-1692.4 4295.8 -128.2 55 0 8.3 7.4 2.5 2.5 2 0 1 4 4
-1683.4 4302.0 -128.2 55 0 9.0 7.7 2.5 2.5 2 0 1 4 4
-1664.1 4315.5 -128.7 54 0 8.4 6.9 2.5 2.5 2 0 1 4 4
-1670.8 4311.5 -128.7 53 0 6.3 7.3 2.5 2.5 2 1 1 3 3
-1669.7 4343.6 -130.2 234 0 5.8 4.0 2.5 2.5 2 0 1 5 5
-1667.4 4339.6 -129.8 233 0 7.1 6.5 2.5 2.5 2 0 1 5 5
-1655.1 4322.2 -128.9 53 0 8.8 8.2 2.5 2.5 2 0 1 2 2
-1636.1 4336.8 -129.0 55 0 8.1 9.6 2.5 2.5 4 1 1 5 5
-1644.5 4330.4 -129.0 55 0 8.8 8.8 2.5 2.5 2 0 1 3 3
-1660.8 4351.9 -130.2 235 0 5.8 6.5 2.5 2.5 2 1 1 0 0
-1655.1 4357.3 -130.2 235 0 6.3 11.3 2.5 2.5 2 1 1 0 0
-1650.6 4363.4 -130.2 235 0 7.0 13.4 2.5 2.5 2 1 1 5 5
-1633.3 4353.8 -129.4 52 0 7.5 7.9 2.5 2.5 2 1 1 1 1
-1628.1 4346.9 -128.9 52 0 8.9 7.2 2.5 2.5 2 0 1 0 0
-1667.0 4292.7 -126.9 230 0 6.7 6.2 5.0 2.5 2 0 2 2 2
-1674.2 4298.5 -127.4 230 0 11.5 8.4 5.0 0.0 0 0 2 2 2
-1666.2 4307.0 -127.8 230 0 9.1 7.1 5.0 2.5 2 0 2 5 5
-1651.5 4307.0 -127.4 228 0 6.4 4.9 5.0 0.0 0 0 2 2 2
-1657.0 4313.4 -127.9 228 0 8.3 7.9 5.0 2.5 2 0 2 4 4
-1646.3 4313.8 -127.6 225 0 7.0 14.5 5.0 2.5 2 1 2 4 4
-1633.5 4303.0 -126.6 225 0 7.5 6.7 5.0 2.5 2 0 2 2 2
-1634.5 4316.2 -127.2 222 0 8.3 10.4 5.0 0.0 0 1 2 5 5
-1640.9 4320.3 -127.7 222 0 9.3 7.2 5.0 2.5 2 0 2 0 0
-1631.9 4329.7 -127.7 222 0 12.1 9.7 5.0 2.5 2 0 2 0 0
-1623.0 4323.9 -127.0 222 0 8.2 6.7 5.0 2.5 2 0 2 1 1
-1617.0 4319.7 -126.5 222 0 9.4 6.6 5.0 2.5 4 0 2 3 3
-1614.8 4330.0 -126.8 222 0 7.7 5.8 5.0 2.5 2 0 2 1 1
-1617.7 4333.2 -127.1 222 0 5.2 4.0 5.0 2.5 2 0 2 5 5
-1623.8 4337.7 -127.7 221 0 8.0 7.1 5.0 2.5 2 0 2 5 5
-1471.5 4519.5 -120.5 16 0 5.7 4.9 5.0 0.0 0 0 2 5 5
-1530.2 4373.2 -122.4 21 0 5.8 8.0 5.0 2.5 2 1 2 3 3
-1539.2 4378.4 -123.5 21 0 15.2 8.6 5.0 2.5 2 0 2 0 0
-1564.1 4421.1 -126.0 199 0 5.2 3.7 5.0 2.5 2 0 2 2 2
-1574.1 4427.9 -127.0 199 0 10.0 8.7 5.0 2.5 2 0 2 4 4
-1569.8 4415.0 -126.2 199 0 5.2 4.4 5.0 2.5 2 0 2 1 1
-1578.9 4416.5 -127.0 199 0 8.4 6.7 5.0 2.5 2 0 2 1 1
-1583.1 4394.8 -126.5 202 0 7.0 8.6 5.0 2.5 4 1 2 0 0
-1578.6 4380.7 -125.8 203 0 8.3 6.7 5.0 2.5 4 0 2 3 3
-1591.1 4384.4 -126.8 199 0 10.8 7.0 5.0 2.5 2 0 2 1 1
-1593.3 4375.5 -126.8 203 0 6.5 8.7 5.0 2.5 2 1 2 3 3
-1595.2 4369.0 -126.8 206 0 4.7 8.3 5.0 2.5 2 1 2 1 1
-1592.9 4360.0 -126.3 213 0 5.4 5.2 5.0 2.5 2 0 2 5 5
-1599.1 4363.8 -127.0 213 0 7.6 6.8 5.0 2.5 2 0 2 2 2
-1602.2 4342.9 -126.4 220 0 5.9 6.0 5.0 2.5 2 1 2 0 0
-1616.7 4345.5 -127.6 219 0 8.2 5.1 5.0 2.5 2 0 2 3 3
-1612.7 4338.6 -127.1 219 0 6.6 4.2 5.0 2.5 2 0 2 0 0
-1608.6 4347.0 -127.2 219 0 9.5 6.6 5.0 2.5 2 0 2 5 5
-1611.5 4357.1 -128.0 36 0 6.5 4.0 2.5 2.5 2 0 1 5 5
-1615.6 4370.7 -128.7 32 0 6.9 5.5 2.5 2.5 2 0 1 4 4
-1607.0 4364.7 -128.3 32 0 7.8 9.4 2.5 0.0 0 1 1 0 0
-1628.8 4399.0 -129.9 201 0 6.7 8.8 2.5 2.5 2 1 1 3 3
-1618.3 4398.5 -129.1 201 0 6.5 7.7 2.5 2.5 2 1 1 3 3
-1598.1 4393.0 -128.4 21 0 9.6 11.7 2.5 2.5 2 1 1 5 5
-1600.6 4383.8 -128.2 21 0 7.8 9.7 2.5 2.5 2 1 1 4 4
-1608.5 4448.0 -130.0 206 0 9.3 12.4 2.5 2.5 2 1 1 4 4
-1598.0 4422.6 -129.1 15 0 8.7 8.5 2.5 2.5 2 0 1 1 1
-1589.3 4419.6 -128.4 15 0 9.9 8.8 2.5 2.5 4 0 1 3 3
-1539.7 4452.8 -125.3 286 0 5.1 5.0 5.0 2.5 2 0 2 0 0
-1553.8 4460.6 -126.3 199 0 4.4 9.8 5.0 2.5 2 1 2 4 4
-1530.2 4467.0 -125.3 298 0 12.4 11.5 5.0 2.5 2 0 2 5 5
-1517.4 4443.4 -123.7 298 0 12.7 11.0 5.0 2.5 2 0 2 0 0
-1510.0 4454.7 -123.4 298 0 10.1 9.3 5.0 2.5 2 0 2 4 4
-1510.1 4459.5 -123.2 118 0 8.9 6.7 2.5 2.5 4 0 1 3 3
-1520.8 4465.9 -124.0 117 0 6.7 5.2 2.5 0.0 0 0 1 4 4
-1529.2 4469.5 -124.7 117 0 8.9 8.1 2.5 0.0 0 0 1 3 3
-1547.7 4474.2 -126.2 286 0 8.2 7.0 5.0 2.5 2 0 2 4 4
-1549.3 4502.6 -126.0 200 0 6.1 9.6 2.5 2.5 2 1 1 1 1
-1515.1 4509.0 -123.7 20 0 5.0 6.1 2.5 2.5 2 1 1 5 5
-1546.0 4516.0 -125.9 200 0 13.4 24.4 2.5 2.5 2 1 1 4 4
-1541.1 4532.1 -125.3 200 0 10.5 22.6 2.5 2.5 2 1 1 1 1
-1522.1 4538.7 -123.7 200 0 5.2 7.0 2.5 2.5 2 1 1 5 5
-1535.3 4543.6 -124.7 200 0 11.0 11.7 2.5 2.5 2 1 1 1 1
-1530.3 4560.8 -123.9 198 0 10.8 13.2 2.5 2.5 2 1 1 0 0
-1524.1 4576.7 -122.8 200 0 8.8 13.0 2.5 2.5 4 1 1 3 3
-1518.7 4591.0 -121.8 200 0 8.2 7.0 2.5 2.5 2 0 1 5 5
-1511.4 4610.2 -121.6 200 0 9.3 8.5 2.5 2.5 2 0 1 4 4
-1506.6 4618.7 -121.4 200 0 8.2 10.2 2.5 2.5 2 1 1 4 4
-1496.2 4657.8 -123.1 197 0 11.4 14.4 2.5 2.5 2 1 1 2 2
-1489.2 4668.9 -123.1 201 0 8.4 14.4 2.5 2.5 2 1 1 4 4
-1449.9 4680.9 -121.0 22 0 16.7 13.3 2.5 2.5 2 0 1 3 3
-1424.0 4794.3 -120.9 206 0 8.1 9.5 2.5 2.5 4 1 1 3 3
-1410.0 4857.4 -122.4 18 0 6.4 10.5 5.0 2.5 2 1 2 4 4
-1427.6 4853.2 -122.8 198 0 9.2 11.2 5.0 2.5 2 1 2 5 5
-1430.8 4863.5 -123.5 198 0 6.1 9.9 5.0 0.0 0 1 2 1 1
-1410.2 4872.9 -123.1 288 0 14.1 8.9 5.0 2.5 2 0 2 2 2
-1419.0 4893.7 -125.2 198 0 5.1 5.8 5.0 2.5 2 1 2 3 3
-1419.8 4881.9 -124.8 108 0 8.2 6.3 5.0 2.5 2 0 2 2 2
-1399.1 4880.4 -124.1 18 0 11.5 15.0 5.0 2.5 2 1 2 2 2
-1393.3 4898.1 -124.8 17 0 7.7 11.5 5.0 0.0 0 1 2 3 3
-1404.7 4827.5 -119.5 201 0 16.5 11.8 2.5 2.5 2 0 1 1 1
-1390.6 4849.8 -118.6 201 0 32.7 11.1 2.5 2.5 2 0 1 1 1
-1393.4 4874.3 -121.4 199 0 10.9 22.2 2.5 0.0 0 1 1 3 3
-1382.7 4883.0 -120.8 199 0 10.3 29.2 2.5 2.5 2 1 1 4 4
-1379.1 4958.0 -125.2 20 0 6.9 6.3 5.0 2.5 2 0 2 5 5
-1392.5 4962.7 -125.9 200 0 9.1 6.8 5.0 2.5 2 0 2 5 5
-1368.0 4967.9 -125.4 18 0 12.4 14.4 5.0 2.5 2 1 2 4 4
-1380.4 4988.9 -125.8 203 0 9.7 16.8 5.0 2.5 2 1 2 2 2
-1358.6 4992.4 -125.1 22 0 9.7 11.7 5.0 2.5 2 1 2 5 5
-1377.5 4998.9 -125.9 202 0 10.0 7.6 5.0 2.5 2 0 2 4 4
-1356.5 5002.7 -125.2 21 0 7.1 11.2 5.0 2.5 2 1 2 2 2
-1373.5 5008.8 -125.9 200 0 8.0 5.6 5.0 2.5 2 0 2 5 5
-1352.9 5014.4 -126.0 20 0 13.5 18.1 5.0 2.5 2 1 2 5 5
-1349.6 5028.8 -125.5 18 0 10.2 10.3 5.0 2.5 2 1 2 4 4
-1364.7 5033.7 -126.0 198 0 13.4 5.3 5.0 2.5 4 0 2 5 5
-1345.4 5038.4 -125.2 18 0 5.2 8.6 5.0 2.5 2 1 2 1 1
-1343.0 5047.0 -125.3 18 0 10.1 8.0 5.0 2.5 2 0 2 1 1
-1359.9 5048.6 -126.1 198 0 15.5 7.7 5.0 2.5 2 0 2 1 1
-1387.0 4928.4 -124.7 291 0 11.6 7.3 5.0 2.5 2 0 2 4 4
-1387.7 4913.8 -124.9 21 0 11.2 13.8 5.0 2.5 2 1 2 5 5
-1409.1 4919.4 -125.7 201 0 7.0 7.0 5.0 2.5 2 0 2 2 2
-1278.5 4995.6 -115.4 35 0 22.8 8.7 2.5 2.5 2 0 1 5 5
-1266.4 5016.0 -117.0 33 0 21.4 18.2 2.5 2.5 2 0 1 2 2
-1586.1 4456.3 -129.3 19 0 7.9 7.8 2.5 2.5 2 0 1 5 5
-1577.7 4452.6 -128.5 19 0 7.9 8.1 2.5 2.5 2 1 1 1 1
-1574.6 4462.4 -128.4 19 0 8.1 7.3 2.5 2.5 2 0 1 5 5
-1592.0 4469.1 -129.4 199 0 6.0 10.7 2.5 2.5 2 1 1 5 5
-1566.2 4483.7 -128.3 20 0 8.8 8.9 2.5 0.0 0 1 1 1 1
-1588.0 4497.2 -130.0 199 0 6.6 13.5 2.5 2.5 2 1 1 4 4
-1561.8 4497.9 -128.5 19 0 8.3 10.2 2.5 2.5 2 1 1 4 4
-1582.9 4504.0 -129.8 199 0 6.1 10.8 2.5 2.5 2 1 1 5 5
-1578.7 4513.7 -129.8 199 0 5.2 9.9 2.5 2.5 2 1 1 5 5
-1560.0 4507.4 -128.4 19 0 9.0 8.7 2.5 2.5 2 0 1 2 2
-1569.0 4547.3 -129.3 201 0 6.5 7.7 2.5 2.5 2 1 1 5 5
-1551.0 4531.2 -126.5 21 0 8.2 4.9 2.5 2.5 2 0 1 0 0
-1574.9 4534.0 -129.8 197 0 6.9 9.5 2.5 2.5 2 1 1 2 2
-1545.1 4548.6 -126.8 21 0 8.2 8.4 2.5 2.5 2 1 1 4 4
-1542.0 4564.1 -127.4 14 0 8.3 10.4 2.5 2.5 2 1 1 3 3
-1553.0 4579.2 -127.8 194 0 7.9 6.3 2.5 2.5 2 0 1 4 4
-1538.8 4576.0 -126.4 14 0 8.8 8.0 2.5 2.5 2 0 1 4 4
-1549.6 4606.2 -127.6 199 0 5.5 5.0 2.5 2.5 4 0 1 5 5
-1528.5 4600.7 -126.2 19 0 11.8 15.3 2.5 0.0 0 1 1 5 5
-1554.1 4622.1 -128.9 197 0 4.7 6.9 2.5 2.5 2 1 1 3 3
-1524.9 4616.1 -124.2 17 0 4.2 5.6 2.5 2.5 2 1 1 5 5
-1530.6 4617.3 -127.1 17 0 6.6 14.6 2.5 2.5 4 1 1 5 5
-1546.4 4639.4 -128.1 207 0 8.4 11.5 2.5 2.5 2 1 1 4 4
-1525.7 4642.5 -126.7 8 0 6.3 8.5 2.5 2.5 2 1 1 2 2
-1550.7 4683.0 -130.0 207 0 7.5 3.6 2.5 2.5 2 0 1 3 3
-1547.0 4680.7 -129.6 208 0 9.0 8.9 2.5 2.5 2 0 1 0 0
-1506.8 4772.0 -130.2 204 0 8.1 6.5 2.5 2.5 2 0 1 4 4
-1509.4 4763.9 -129.8 204 0 6.6 5.3 2.5 2.5 4 0 1 0 0
-1503.1 4761.2 -129.0 204 0 10.0 10.4 2.5 2.5 2 1 1 0 0
-1475.5 4755.0 -127.1 24 0 11.3 10.9 2.5 2.5 2 0 1 3 3
-1448.5 4772.9 -125.7 24 0 9.6 15.1 2.5 2.5 2 1 1 1 1
-1441.0 4786.1 -125.7 27 0 10.9 14.6 2.5 2.5 2 1 1 0 0
-1435.4 4862.9 -125.8 21 0 7.0 5.4 2.5 2.5 2 0 1 5 5
-1449.0 4914.8 -130.4 201 0 8.2 4.8 2.5 2.5 2 0 1 0 0
-1446.7 4905.6 -129.7 200 0 10.1 4.4 2.5 2.5 4 0 1 1 1
-1442.2 4903.7 -129.0 201 0 9.0 7.3 2.5 2.5 2 0 1 2 2
-1444.8 4890.8 -128.8 201 0 7.4 9.0 2.5 0.0 0 1 1 1 1
-1427.1 4885.7 -126.7 21 0 11.2 8.6 2.5 2.5 2 0 1 2 2
-1422.4 4896.3 -127.7 21 0 8.5 12.6 2.5 2.5 2 1 1 5 5
-1417.2 4906.9 -127.6 21 0 7.5 11.8 2.5 2.5 2 1 1 2 2
-1429.5 4911.3 -128.9 21 0 7.2 8.3 2.5 2.5 2 1 1 1 1
-1413.3 4919.2 -127.3 21 0 9.1 9.8 2.5 2.5 2 1 1 0 0
-1417.8 4933.9 -127.7 21 0 7.3 5.2 2.5 2.5 2 0 1 5 5
-1432.8 4939.4 -128.5 201 0 8.3 10.1 2.5 2.5 2 1 1 2 2
-1433.6 4931.0 -129.0 201 0 6.7 9.4 2.5 2.5 2 1 1 1 1
-1409.1 4930.5 -127.0 21 0 9.8 8.7 2.5 2.5 2 0 1 4 4
-1426.8 4953.1 -129.2 201 0 7.7 10.6 2.5 2.5 2 1 1 0 0
-1403.6 4943.9 -127.5 21 0 11.0 13.0 2.5 2.5 2 1 1 2 2
-1400.6 4959.0 -126.8 111 0 6.5 7.3 2.5 2.5 2 1 1 3 3
-1399.2 4954.2 -126.7 21 0 6.6 6.6 2.5 2.5 2 0 1 0 0
-1393.7 4970.8 -128.9 21 0 9.0 21.4 2.5 2.5 2 1 1 4 4
-1421.1 4994.4 -130.5 201 0 17.8 10.6 2.5 2.5 2 0 1 5 5
-1398.4 4984.6 -129.0 21 0 10.1 13.1 2.5 2.5 2 1 1 5 5
-1394.7 4992.5 -129.1 21 0 4.7 14.0 2.5 2.5 2 1 1 4 4
-1383.7 4997.1 -127.7 21 0 7.3 9.5 2.5 2.5 2 1 1 1 1
-1393.2 5000.8 -128.5 21 0 9.2 7.1 2.5 2.5 2 0 1 5 5
-1380.4 5005.4 -127.5 21 0 7.3 7.9 2.5 2.5 2 1 1 5 5
-1377.8 5011.8 -127.7 21 0 5.2 10.1 2.5 2.5 2 1 1 4 4
-1388.2 5008.8 -128.6 21 0 6.5 9.2 2.5 2.5 4 1 1 3 3
-1387.6 5016.3 -128.7 21 0 4.2 8.6 2.5 2.5 2 1 1 1 1
-1372.5 5027.5 -127.4 290 0 5.3 12.9 2.5 2.5 2 1 1 4 4
-1383.8 5022.3 -128.2 20 0 7.5 5.2 2.5 2.5 2 0 1 5 5
-1397.4 5027.8 -129.2 201 0 7.7 8.4 2.5 2.5 2 1 1 2 2
-1373.4 5032.0 -127.4 111 0 8.8 10.5 2.5 2.5 2 1 1 5 5
-1364.9 5046.2 -127.4 21 0 9.4 7.9 2.5 0.0 0 0 1 5 5
-1396.2 5060.1 -130.3 201 0 11.7 16.0 2.5 2.5 2 1 1 0 0
-1360.8 5057.8 -127.3 21 0 12.5 6.8 2.5 2.5 2 0 1 3 3
-1375.6 5068.2 -128.9 20 0 4.5 3.5 2.5 2.5 2 0 1 3 3
-1365.8 5067.6 -128.5 20 0 5.8 7.9 2.5 2.5 2 1 1 3 3
-1367.9 5059.8 -128.4 21 0 9.4 9.3 2.5 2.5 2 0 1 5 5
-1356.1 5076.3 -128.8 13 0 8.2 16.4 2.5 2.5 2 1 1 2 2
-1378.5 5100.7 -130.0 190 0 7.3 13.7 2.5 2.5 2 1 1 4 4
-1354.5 5092.8 -127.7 11 0 7.7 6.3 2.5 2.5 2 0 1 0 0
-1347.2 5086.7 -126.4 210 0 8.5 19.4 2.5 0.0 0 1 1 0 0
-1324.2 5087.9 -126.2 29 0 8.1 17.5 2.5 2.5 2 1 1 5 5
-1314.3 5108.9 -125.8 24 0 6.9 8.0 2.5 0.0 0 1 1 2 2
-1310.9 5117.7 -125.9 23 0 10.1 8.4 2.5 2.5 2 0 1 1 1
-1328.7 5125.0 -126.3 203 0 8.7 10.1 2.5 2.5 4 1 1 4 4
-1347.6 5158.9 -129.1 2 0 8.9 9.1 2.5 2.5 2 1 1 3 3
-1363.9 5157.3 -129.9 182 0 6.6 6.2 2.5 2.5 2 0 1 1 1
-1363.2 5171.7 -130.0 182 0 7.9 6.1 2.5 2.5 4 0 1 5 5
-1366.0 5189.1 -130.3 182 0 7.8 5.2 2.5 2.5 2 0 1 5 5
-1359.6 5189.6 -129.7 182 0 7.3 6.1 2.5 0.0 0 0 1 5 5
-1296.7 5184.6 -126.7 24 0 8.4 5.4 2.5 2.5 2 0 1 5 5
-1276.9 5189.8 -126.6 24 0 8.3 12.1 2.5 2.5 2 1 1 2 2
-1289.9 5201.2 -126.7 294 0 7.2 9.4 2.5 2.5 2 1 1 4 4
-1299.0 5218.8 -126.8 294 0 8.7 12.7 2.5 2.5 2 1 1 4 4
-1275.6 5209.3 -126.5 299 0 6.1 8.7 2.5 2.5 2 1 1 5 5
-1301.9 5281.1 -128.7 140 0 10.4 9.8 2.5 2.5 2 0 1 4 4
-1303.8 5252.0 -127.6 116 0 6.9 5.3 2.5 2.5 2 0 1 1 1
-1301.1 5238.4 -127.1 116 0 8.1 6.1 2.5 2.5 2 0 1 5 5
-1297.9 5244.2 -127.7 116 0 8.2 11.6 2.5 2.5 2 1 1 1 1
-1287.5 5241.7 -127.3 122 0 5.8 7.3 2.5 2.5 2 1 1 2 2
-1290.7 5232.6 -127.2 123 0 7.2 8.7 2.5 0.0 0 1 1 3 3
-1274.2 5235.5 -127.0 123 0 7.4 6.3 2.5 2.5 2 0 1 1 1
-1279.6 5227.3 -126.9 123 0 9.0 9.2 2.5 2.5 2 1 1 5 5
-1262.4 5219.4 -126.4 127 0 11.5 8.5 2.5 2.5 2 0 1 0 0
-1255.6 5251.6 -127.2 46 0 11.4 6.4 2.5 2.5 2 0 1 1 1
-1243.5 5226.8 -126.5 47 0 11.4 12.5 2.5 2.5 2 1 1 1 1
-1250.3 5241.4 -126.8 48 0 5.2 4.9 2.5 2.5 2 0 1 5 5
-1237.7 5239.6 -126.6 47 0 7.2 6.3 2.5 2.5 2 0 1 4 4
-1240.7 5246.9 -126.8 47 0 9.1 5.0 2.5 2.5 2 0 1 0 0
-1226.0 5249.5 -127.0 49 0 8.4 14.5 2.5 2.5 2 1 1 3 3
-1215.1 5258.3 -127.3 49 0 10.8 9.5 2.5 2.5 2 0 1 0 0
-1214.5 5291.1 -128.2 52 0 6.2 4.7 2.5 0.0 0 0 1 3 3
-1212.4 5281.8 -128.0 52 0 8.7 6.8 2.5 2.5 2 0 1 2 2
-1198.5 5271.8 -128.0 52 0 11.4 15.6 2.5 2.5 2 1 1 4 4
-1188.0 5278.3 -127.6 52 0 5.5 3.7 2.5 2.5 2 0 1 2 2
-1195.3 5291.4 -128.4 52 0 6.7 7.5 2.5 2.5 2 1 1 1 1
-1189.5 5283.3 -128.0 52 0 9.6 9.5 2.5 2.5 2 0 1 1 1
-1172.6 5296.4 -127.7 50 0 7.7 6.2 2.5 2.5 4 0 1 4 4
-1138.2 5288.2 -125.2 230 0 6.1 4.8 5.0 2.5 4 0 2 2 2
-1142.4 5294.3 -125.8 230 0 8.3 7.0 5.0 2.5 2 0 2 0 0
-1081.8 5356.0 -126.7 240 0 6.8 8.9 5.0 2.5 2 1 2 2 2
-1366.6 4949.1 -122.7 200 0 12.1 10.0 5.0 2.5 4 0 2 3 3
-1350.5 4991.6 -122.7 200 0 10.8 7.9 5.0 0.0 0 0 2 5 5
-1347.3 5001.9 -122.8 200 0 8.1 9.1 5.0 0.0 0 1 2 1 1
-1346.3 5010.8 -123.2 200 0 8.2 13.7 5.0 2.5 2 1 2 0 0
-1340.8 5027.0 -123.4 199 0 4.4 3.4 5.0 2.5 2 0 2 1 1
-1338.5 5033.6 -123.4 199 0 6.9 10.8 5.0 2.5 2 1 2 2 2
-1333.0 5046.7 -123.6 199 0 10.6 7.3 5.0 2.5 2 0 2 4 4
-1316.9 5079.0 -125.4 204 0 10.7 13.8 5.0 2.5 4 1 2 0 0
-1303.4 5095.7 -125.2 212 0 10.5 6.9 5.0 2.5 2 0 2 5 5
-1291.7 5102.1 -124.9 211 0 8.6 10.7 5.0 2.5 4 1 2 4 4
-1298.2 5106.3 -125.1 212 0 10.0 6.7 5.0 2.5 2 0 2 5 5
-1283.6 5119.9 -124.8 210 0 6.1 5.5 5.0 2.5 2 0 2 2 2
-1286.2 5131.2 -125.2 206 0 11.2 10.8 5.0 2.5 2 0 2 3 3
-1271.0 5156.8 -125.1 202 0 6.7 6.0 5.0 2.5 2 0 2 4 4
-1264.0 5171.4 -125.3 205 0 8.7 13.7 5.0 2.5 2 1 2 4 4
-1254.5 5179.8 -125.4 209 0 10.5 11.0 5.0 0.0 0 1 2 2 2
-1234.4 5185.5 -125.4 30 0 6.2 5.3 5.0 2.5 2 0 2 0 0
-1251.3 5197.0 -125.9 210 0 12.8 14.3 5.0 2.5 2 1 2 5 5
-1234.0 5214.2 -125.9 219 0 9.4 6.8 5.0 2.5 2 0 2 2 2
-1214.5 5198.8 -125.6 39 0 9.6 4.6 5.0 2.5 2 0 2 4 4
-1217.8 5203.6 -125.9 39 0 12.6 11.4 5.0 2.5 4 0 2 1 1
-1221.7 5226.4 -126.0 226 0 8.2 6.6 5.0 2.5 2 0 2 1 1
-1212.3 5235.3 -126.1 231 0 7.1 6.4 5.0 2.5 2 0 2 4 4
-1192.6 5251.8 -126.5 231 0 9.3 6.2 5.0 2.5 2 0 2 0 0
-1182.0 5269.4 -126.8 231 0 3.7 4.9 5.0 2.5 2 1 2 4 4
-1175.4 5245.8 -125.5 141 0 4.2 5.3 5.0 2.5 2 1 2 1 1
-1176.5 5255.8 -126.0 231 0 8.8 5.8 5.0 2.5 4 0 2 3 3
-1182.4 5261.4 -126.5 231 0 10.7 7.7 5.0 2.5 2 0 2 4 4
-1167.3 5145.9 -118.7 37 0 12.3 14.9 5.0 2.5 2 1 2 4 4
-1132.4 5204.7 -122.1 41 0 8.7 17.8 5.0 2.5 2 1 2 3 3
-1136.3 5327.2 -127.1 52 0 4.2 3.3 2.5 2.5 4 0 1 0 0
-1143.2 5322.6 -127.8 52 0 10.8 14.0 2.5 2.5 4 1 1 2 2
-1125.6 5349.8 -128.2 48 0 7.0 12.9 2.5 2.5 2 1 1 1 1
-1120.2 5342.1 -127.5 48 0 9.1 8.6 2.5 0.0 0 0 1 1 1
-1080.5 5331.3 -125.5 235 0 11.6 10.6 5.0 2.5 2 0 2 5 5
-1096.5 5370.9 -128.5 58 0 8.3 14.6 2.5 0.0 0 1 1 2 2
-1081.8 5388.3 -128.9 54 0 8.3 8.0 2.5 2.5 2 0 1 2 2
-1077.0 5380.3 -128.3 54 0 9.3 8.2 2.5 0.0 0 0 1 2 2
-1045.9 5404.7 -128.5 63 0 7.0 7.7 2.5 0.0 0 1 1 2 2
-1058.4 5409.7 -129.3 64 0 8.0 8.3 2.5 0.0 0 1 1 1 1
-1057.5 5398.0 -128.7 63 0 9.8 9.1 2.5 2.5 4 0 1 4 4
-1032.1 5337.3 -124.8 53 0 6.5 8.3 5.0 2.5 2 1 2 4 4
-1034.6 5319.3 -124.2 53 0 16.0 11.1 5.0 2.5 2 0 2 3 3
-980.9 5484.6 -129.4 257 0 15.4 7.5 2.5 2.5 4 0 1 4 4
-968.3 5487.5 -129.7 260 0 7.8 6.4 2.5 2.5 2 0 1 5 5
-966.2 5480.7 -129.1 260 0 7.9 7.0 2.5 2.5 2 0 1 0 0
-955.6 5490.0 -129.7 260 0 7.9 12.8 2.5 2.5 2 1 1 0 0
-968.6 5438.5 -126.2 74 0 8.0 5.1 2.5 2.5 4 0 1 5 5
-966.1 5428.2 -125.9 74 0 9.0 9.5 2.5 2.5 2 1 1 2 2
-955.9 5430.3 -125.8 74 0 8.5 9.8 2.5 2.5 2 1 1 3 3
-1765.4 3990.2 -125.5 18 0 9.3 10.9 5.0 2.5 4 1 2 1 1
-2660.0 2659.4 -122.6 60 0 8.8 8.1 2.5 0.0 0 0 1 5 5
-2140.1 2911.3 -121.9 48 0 8.5 8.9 5.0 2.5 2 1 2 4 4
-2133.9 2927.8 -122.0 49 0 9.3 10.7 5.0 0.0 0 1 2 4 4
-2074.7 2971.0 -122.7 52 0 9.4 7.2 5.0 2.5 2 0 2 1 1
-2049.3 2992.0 -122.7 46 0 10.2 10.9 5.0 2.5 2 1 2 0 0
-2076.3 2950.9 -122.6 230 0 7.3 11.6 5.0 2.5 2 1 2 5 5
-2093.5 2914.7 -122.3 230 0 7.7 12.3 5.0 2.5 2 1 2 2 2
-2101.7 2924.1 -122.3 230 0 8.8 10.4 5.0 2.5 2 1 2 3 3
-2117.4 2909.4 -122.1 230 0 8.1 11.5 5.0 0.0 0 1 2 0 0
-2170.9 2877.4 -121.5 40 0 10.1 11.7 5.0 2.5 2 1 2 3 3
-2295.0 2838.8 -121.5 156 0 10.8 19.9 2.5 0.0 0 1 1 2 2
-2229.9 2815.1 -120.4 245 0 8.0 5.4 2.5 2.5 4 0 1 4 4
-2615.4 2647.9 -123.3 244 0 8.2 14.8 5.0 2.5 2 1 2 5 5
-2803.6 2540.0 -121.6 233 0 8.6 10.0 5.0 2.5 2 1 2 2 2
-2795.6 2587.8 -124.6 147 0 14.1 10.8 5.0 2.5 2 0 2 0 0
-2807.6 2625.5 -124.7 319 0 6.1 5.3 5.0 2.5 2 0 2 4 4
-2826.0 2620.5 -125.0 140 0 7.2 11.3 5.0 2.5 2 1 2 2 2
-2841.2 2639.3 -125.1 145 0 10.1 12.5 5.0 0.0 0 1 2 4 4
-2860.9 2648.6 -125.2 313 0 4.6 6.1 5.0 0.0 0 1 2 4 4
-2855.0 2650.3 -125.2 142 0 8.3 12.3 5.0 2.5 2 1 2 3 3
-2867.9 2681.0 -125.1 138 0 8.3 8.7 5.0 2.5 2 1 2 3 3
-2896.8 2702.0 -125.0 143 0 8.4 9.5 5.0 2.5 4 1 2 0 0
-2887.9 2675.8 -125.0 316 0 7.5 8.4 5.0 2.5 2 1 2 2 2
-2895.0 2669.0 -124.7 317 0 9.3 7.0 5.0 2.5 2 0 2 5 5
-2917.1 2674.5 -124.5 228 0 7.7 22.1 5.0 2.5 4 1 2 1 1
-2897.1 2629.7 -124.7 129 0 11.0 14.8 5.0 2.5 2 1 2 2 2
-2874.3 2608.8 -124.6 130 0 7.3 3.1 5.0 0.0 0 0 2 4 4
-2882.5 2612.3 -124.6 130 0 9.2 8.0 5.0 2.5 2 0 2 0 0
-2860.1 2633.1 -125.0 311 0 13.7 7.4 5.0 0.0 0 0 2 0 0
-2840.3 2611.3 -124.8 324 0 7.5 8.4 5.0 2.5 2 1 2 1 1
-2830.2 2597.7 -124.7 324 0 9.5 13.9 5.0 2.5 2 1 2 4 4
-2829.6 2565.0 -123.7 144 0 6.9 17.5 5.0 2.5 2 1 2 4 4
