2851.0 -2859.9 15.3 132 0 11.0 8.4 2.5 2.5 2 0 1 0 0
2865.0 -2851.5 15.7 42 0 7.6 10.2 2.5 2.5 2 1 1 0 0
2870.3 -2836.9 16.1 311 0 11.4 6.7 2.5 2.5 2 0 1 4 4
2872.5 -2826.1 16.3 223 0 6.9 11.9 2.5 0.0 0 1 1 1 1
2879.9 -2818.7 16.5 223 0 6.1 11.0 2.5 2.5 2 1 1 4 4
2886.4 -2808.8 16.6 222 0 8.0 12.8 2.5 2.5 2 1 1 2 2
2923.9 -2737.6 15.8 39 0 12.7 15.8 5.0 2.5 2 1 2 1 1
2874.2 -2792.6 15.1 39 0 10.8 10.4 2.5 2.5 2 0 1 2 2
2834.4 -2811.5 13.9 220 0 28.3 20.2 2.5 2.5 2 0 1 0 0
6414.3 -287.8 -18.4 209 0 10.4 33.1 2.5 0.0 0 1 1 1 1
6288.9 -292.2 -20.2 232 0 8.8 8.3 5.0 2.5 2 0 2 2 2
6289.5 -313.6 -20.3 237 0 9.7 8.2 5.0 2.5 2 0 2 2 2
6279.0 -299.4 -20.5 235 0 7.6 10.3 5.0 2.5 2 1 2 1 1
6267.2 -310.0 -20.5 234 0 6.4 11.4 5.0 2.5 2 1 2 3 3
6261.7 -315.5 -20.5 236 0 6.6 11.2 5.0 2.5 2 1 2 4 4
6253.0 -322.8 -20.5 233 0 8.0 11.2 5.0 2.5 2 1 2 5 5
6238.9 -338.6 -20.4 221 0 8.4 13.8 5.0 0.0 0 1 2 2 2
6231.7 -344.9 -19.9 228 0 6.6 15.9 5.0 2.5 4 1 2 4 4
6215.8 -356.2 -18.9 237 0 7.6 11.6 5.0 2.5 2 1 2 5 5
6200.8 -364.4 -18.0 242 0 7.0 16.3 5.0 2.5 2 1 2 4 4
6193.9 -370.5 -17.5 241 0 9.1 15.4 5.0 2.5 2 1 2 0 0
6185.7 -380.5 -17.7 244 0 9.1 7.5 5.0 2.5 2 0 2 5 5
6176.0 -385.2 -18.4 245 0 7.9 13.0 5.0 2.5 2 1 2 4 4
6165.7 -390.5 -18.7 247 0 13.3 6.8 5.0 2.5 2 0 2 2 2
6164.1 -380.9 -20.0 330 0 12.7 14.2 5.0 2.5 2 1 2 5 5
6149.7 -362.2 -20.9 245 0 11.7 14.3 5.0 2.5 4 1 2 0 0
6302.2 -263.9 -19.9 61 0 7.3 11.0 5.0 2.5 2 1 2 1 1
6349.1 -216.5 -19.9 55 0 6.7 8.5 5.0 2.5 2 1 2 2 2
6341.8 -220.7 -19.9 60 0 6.8 9.2 5.0 2.5 2 1 2 0 0
6335.3 -226.6 -20.0 60 0 5.3 10.7 5.0 2.5 2 1 2 0 0
6327.1 -232.3 -20.3 59 0 8.0 12.7 5.0 2.5 4 1 2 5 5
6317.4 -235.2 -20.3 56 0 5.9 9.9 5.0 2.5 2 1 2 4 4
6310.9 -239.0 -20.3 60 0 5.6 10.0 5.0 2.5 2 1 2 1 1
6303.4 -243.1 -20.4 59 0 6.4 10.5 5.0 2.5 2 1 2 2 2
6296.3 -247.5 -20.3 57 0 6.3 9.8 5.0 2.5 2 1 2 2 2
6288.0 -252.5 -20.5 58 0 7.1 10.0 5.0 2.5 2 1 2 4 4
6287.9 -264.0 -20.4 48 0 8.2 7.2 5.0 2.5 2 0 2 1 1
6266.3 -303.0 -20.8 43 0 6.7 11.6 5.0 2.5 2 1 2 5 5
6251.7 -317.1 -20.8 51 0 7.4 15.8 5.0 2.5 2 1 2 2 2
6234.9 -335.5 -20.7 43 0 13.5 10.2 5.0 2.5 2 0 2 1 1
6209.5 -351.1 -19.5 68 0 7.5 10.3 5.0 2.5 2 1 2 5 5
6200.5 -354.4 -19.1 65 0 5.4 11.2 5.0 2.5 2 1 2 5 5
6192.9 -357.4 -20.2 63 0 6.5 19.6 5.0 2.5 2 1 2 2 2
6175.1 -345.6 -20.3 245 0 9.0 17.4 5.0 2.5 2 1 2 4 4
6165.8 -351.5 -20.4 246 0 7.8 15.8 5.0 2.5 2 1 2 3 3
6158.1 -356.8 -20.4 243 0 5.6 14.6 5.0 2.5 2 1 2 2 2
6349.0 -287.5 -18.9 231 0 7.3 7.0 2.5 2.5 2 0 1 0 0
6338.7 -284.6 -19.0 232 0 8.3 6.5 2.5 0.0 0 0 1 0 0
6334.0 -279.0 -19.1 234 0 9.0 5.3 2.5 2.5 2 0 1 5 5
6327.2 -271.0 -19.2 235 0 10.9 8.5 2.5 2.5 2 0 1 3 3
6344.4 -260.5 -19.1 232 0 6.0 6.6 2.5 2.5 2 1 1 2 2
6351.2 -256.2 -19.1 225 0 7.0 7.4 2.5 2.5 2 1 1 0 0
6368.1 -243.6 -19.1 227 0 8.8 7.9 2.5 2.5 4 0 1 0 0
6416.5 -204.9 -18.2 236 0 17.6 23.2 2.5 2.5 2 1 1 2 2
6417.7 -159.2 -19.4 44 0 7.2 10.2 5.0 2.5 2 1 2 1 1
6405.7 -166.3 -19.7 52 0 7.9 9.4 5.0 2.5 2 1 2 5 5
6398.2 -185.5 -19.2 53 0 6.8 10.1 5.0 2.5 4 1 2 2 2
6376.7 -199.7 -19.5 56 0 7.9 9.1 5.0 2.5 2 1 2 1 1
6359.5 -208.8 -20.7 62 0 8.0 24.2 5.0 2.5 2 1 2 5 5
6327.1 -265.6 -19.6 59 0 9.3 17.1 2.5 2.5 2 1 1 3 3
6336.1 -258.7 -19.7 56 0 9.0 18.0 2.5 2.5 2 1 1 4 4
6345.5 -232.0 -19.4 242 0 7.5 10.7 2.5 2.5 4 1 1 5 5
6361.7 -235.6 -19.3 49 0 9.1 11.5 2.5 2.5 2 1 1 3 3
6382.7 -218.4 -18.9 57 0 8.5 9.6 2.5 2.5 4 1 1 4 4
6391.6 -212.6 -18.7 56 0 8.3 9.7 2.5 2.5 2 1 1 0 0
6395.5 -196.9 -18.6 325 0 6.5 7.0 2.5 2.5 2 1 1 0 0
6406.2 -204.1 -18.4 53 0 8.6 8.2 2.5 0.0 0 0 1 0 0
6386.6 -259.5 -18.8 319 0 6.9 7.1 2.5 0.0 0 1 1 5 5
6365.0 -281.8 -18.8 222 0 8.2 12.6 2.5 0.0 0 1 1 1 1
6460.0 -174.8 -17.1 229 0 8.2 6.4 5.0 2.5 2 0 2 4 4
6450.5 -210.2 -17.5 142 0 9.4 8.5 5.0 2.5 2 0 2 0 0
6438.0 -190.2 -17.6 231 0 8.2 14.7 5.0 2.5 2 1 2 2 2
6440.0 -279.1 -18.2 208 0 24.9 10.4 2.5 2.5 2 0 1 4 4
6463.7 -264.2 -18.2 29 0 10.4 33.1 2.5 0.0 0 1 1 4 4
