1249.6 2499.7 -2.8 280 0 4.5 6.6 2.5 2.5 2 1 1 3 3
1254.3 2493.1 -3.5 139 0 4.6 7.3 2.5 2.5 2 1 1 0 0
1249.0 2506.1 -2.9 190 0 6.5 8.0 2.5 2.5 2 1 1 2 2
1252.8 2519.9 -2.7 196 0 4.6 9.7 2.5 2.5 2 1 1 3 3
1256.4 2534.2 -1.7 108 0 4.9 6.6 2.5 0.0 0 1 1 0 0
1262.1 2536.0 -3.0 186 0 6.2 5.4 2.5 2.5 2 0 1 0 0
1259.3 2549.5 -2.7 195 0 6.2 9.3 2.5 2.5 2 1 1 5 5
1261.6 2564.3 -2.9 190 0 5.9 11.6 2.5 2.5 2 1 1 1 1
1266.3 2592.8 -0.5 185 0 8.3 8.3 2.5 2.5 2 0 1 2 2
1257.2 2586.1 0.5 14 0 6.9 8.5 2.5 2.5 2 1 1 2 2
1249.9 2565.8 -0.1 10 0 7.4 8.6 2.5 2.5 2 1 1 2 2
1230.4 2534.7 -0.7 191 0 8.2 3.7 2.5 0.0 0 0 1 3 3
1224.2 2508.8 -1.3 193 0 5.8 3.0 2.5 2.5 2 0 1 1 1
1228.3 2507.7 -1.6 189 0 10.1 7.8 2.5 2.5 2 0 1 4 4
1222.6 2490.9 -1.9 192 0 4.4 7.6 2.5 2.5 2 1 1 3 3
1222.0 2476.6 -2.4 189 0 6.8 6.3 2.5 2.5 2 0 1 2 2
1230.8 2463.7 -3.0 11 0 11.4 11.3 2.5 2.5 2 0 1 3 3
1238.7 2442.8 -4.8 199 0 6.8 7.4 2.5 2.5 2 1 1 0 0
625.2 1331.6 -1.9 91 0 6.2 9.9 2.5 2.5 2 1 1 3 3
628.9 1327.4 -2.6 60 0 7.0 3.2 2.5 2.5 2 0 1 5 5
631.1 1348.4 -0.8 239 0 6.3 5.2 2.5 2.5 2 0 1 5 5
639.7 1336.3 -2.4 55 0 9.3 7.5 2.5 2.5 2 0 1 3 3
645.0 1334.2 -3.2 59 0 5.6 3.2 2.5 2.5 2 0 1 2 2
650.5 1339.3 -3.0 52 0 6.7 4.2 2.5 2.5 2 0 1 0 0
641.7 1355.5 -0.8 235 0 8.5 4.8 2.5 2.5 2 0 1 2 2
640.0 1359.8 0.1 239 0 5.6 3.6 2.5 2.5 2 0 1 0 0
650.0 1367.5 -0.1 240 0 6.3 5.4 2.5 2.5 2 0 1 5 5
671.6 1361.1 -2.2 48 0 12.9 6.5 2.5 2.5 2 0 1 0 0
663.0 1373.3 -0.7 233 0 10.1 6.3 2.5 2.5 2 0 1 0 0
720.5 1380.4 -3.5 233 0 9.2 5.9 2.5 2.5 2 0 1 2 2
725.7 1375.2 -3.7 232 0 6.3 7.9 2.5 2.5 2 1 1 5 5
749.5 1430.7 -2.5 311 0 10.9 13.4 2.5 2.5 2 1 1 0 0
714.5 1394.8 -1.8 58 0 6.0 10.4 2.5 2.5 2 1 1 5 5
708.7 1386.4 -2.4 44 0 8.7 8.1 2.5 2.5 2 0 1 1 1
695.4 1403.1 -1.2 231 0 8.8 10.2 2.5 2.5 2 1 1 5 5
695.0 1374.7 -2.6 45 0 10.2 11.8 2.5 2.5 2 1 1 1 1
677.3 1373.2 -1.1 48 0 5.1 3.6 2.5 2.5 2 0 1 4 4
684.5 1364.8 -2.9 58 0 9.3 8.1 2.5 2.5 2 0 1 1 1
683.4 1347.9 -3.3 231 0 9.3 6.5 2.5 2.5 2 0 1 4 4
687.9 1341.9 -2.8 232 0 9.0 5.9 2.5 2.5 2 0 1 1 1
683.3 1320.1 -3.3 54 0 10.4 4.4 2.5 2.5 2 0 1 2 2
673.0 1328.2 -2.8 230 0 8.6 7.4 2.5 2.5 2 0 1 4 4
667.3 1336.8 -3.3 232 0 8.3 7.1 2.5 2.5 2 0 1 3 3
660.1 1321.9 -2.8 232 0 7.8 7.7 2.5 2.5 2 0 1 3 3
656.1 1327.4 -3.3 237 0 6.8 5.3 2.5 2.5 2 0 1 1 1
637.1 1314.8 -3.4 236 0 11.3 7.6 2.5 2.5 2 0 1 3 3
632.9 1301.1 -2.8 237 0 8.9 9.0 2.5 2.5 2 1 1 5 5
626.2 1308.4 -3.5 240 0 10.2 8.4 2.5 2.5 2 0 1 1 1
620.3 1293.1 -2.9 241 0 7.3 7.1 2.5 2.5 2 0 1 1 1
600.0 1320.1 -1.3 31 0 15.4 18.2 2.5 2.5 4 1 1 5 5
607.1 1265.3 -3.6 62 0 7.0 12.8 2.5 2.5 2 1 1 5 5
582.1 1277.4 -3.6 244 0 10.7 9.2 2.5 2.5 2 0 1 3 3
561.3 1265.0 -3.8 236 0 8.8 11.8 2.5 2.5 2 1 1 3 3
542.1 1251.2 -4.3 235 0 8.9 10.6 2.5 2.5 2 1 1 0 0
534.5 1261.3 -3.7 55 0 8.3 17.3 2.5 2.5 2 1 1 5 5
540.6 1275.0 -3.8 55 0 5.9 3.4 2.5 2.5 2 0 1 4 4
546.1 1265.6 -3.8 55 0 7.8 9.4 2.5 2.5 2 1 1 1 1
561.2 1274.7 -3.6 55 0 9.7 13.4 2.5 2.5 4 1 1 3 3
571.2 1283.3 -3.0 62 0 7.8 10.0 2.5 2.5 2 1 1 4 4
532.1 1375.5 2.1 235 0 8.4 13.2 2.5 2.5 4 1 1 3 3
569.5 1348.1 0.2 328 0 8.4 10.4 2.5 2.5 2 1 1 3 3
552.4 1349.8 0.2 324 0 6.5 9.1 2.5 2.5 2 1 1 0 0
534.7 1329.0 -1.6 232 0 9.5 10.2 2.5 0.0 0 1 1 5 5
527.5 1336.9 -0.8 232 0 7.0 9.3 2.5 0.0 0 1 1 1 1
494.5 1261.2 -1.6 100 0 3.8 6.3 2.5 0.0 0 1 1 1 1
506.6 1250.1 -2.8 146 0 5.0 7.3 2.5 0.0 0 1 1 2 2
501.1 1259.7 -2.0 144 0 4.0 5.0 2.5 2.5 2 1 1 5 5
499.4 1308.8 -1.0 241 0 9.1 10.1 2.5 2.5 2 1 1 0 0
488.0 1302.7 -0.7 241 0 7.4 11.7 2.5 2.5 2 1 1 4 4
3.8 1217.7 3.7 43 0 5.5 12.3 5.0 2.5 2 1 2 0 0
-190.1 980.8 -0.6 224 0 4.0 8.3 5.0 2.5 2 1 2 4 4
-185.5 984.1 -0.6 223 0 6.4 5.9 5.0 2.5 2 0 2 1 1
-179.8 988.9 -0.6 224 0 5.4 6.7 5.0 0.0 0 1 2 2 2
-164.4 981.5 -0.7 44 0 3.9 8.3 5.0 2.5 2 1 2 2 2
-168.0 978.7 -0.7 42 0 4.2 7.3 5.0 2.5 2 1 2 1 1
-173.2 970.4 -0.8 47 0 7.5 4.3 5.0 2.5 2 0 2 3 3
-176.7 975.6 -0.7 52 0 7.7 4.9 5.0 2.5 2 0 2 0 0
-182.8 961.2 -0.8 49 0 7.3 5.2 5.0 2.5 2 0 2 2 2
-186.9 955.7 -0.8 50 0 3.6 5.5 5.0 0.0 0 1 2 5 5
-187.1 965.7 -0.7 44 0 9.7 5.1 5.0 2.5 2 0 2 3 3
-192.8 952.3 -0.9 39 0 7.7 8.1 5.0 2.5 2 1 2 4 4
-202.8 964.4 -0.7 219 0 3.8 4.6 5.0 2.5 2 1 2 5 5
-203.9 958.5 -0.8 223 0 5.6 3.1 5.0 2.5 2 0 2 2 2
-202.2 941.7 -0.9 40 0 8.2 9.4 5.0 2.5 2 1 2 4 4
-213.2 953.1 -0.7 230 0 6.7 4.5 5.0 2.5 2 0 2 3 3
-217.9 949.3 -0.7 227 0 3.5 4.5 5.0 2.5 4 1 2 4 4
-210.7 932.5 -1.0 36 0 8.9 9.6 5.0 2.5 2 1 2 3 3
-223.1 942.6 -0.7 220 0 4.2 5.6 5.0 2.5 2 1 2 4 4
-237.8 921.6 -0.7 220 0 5.2 4.1 5.0 2.5 2 0 2 0 0
-309.5 872.7 0.5 225 0 8.6 16.8 7.5 2.5 2 1 3 2 2
-303.4 892.5 0.6 228 0 19.3 10.0 5.0 0.0 0 0 2 2 2
-285.6 900.4 0.4 320 0 7.4 8.0 7.5 2.5 2 1 3 3 3
-270.1 894.5 -0.4 318 0 17.8 9.9 7.5 2.5 2 0 3 4 4
-245.3 896.2 -0.7 45 0 3.5 9.5 5.0 2.5 2 1 2 1 1
-258.4 898.3 -0.7 218 0 5.7 10.6 5.0 2.5 2 1 2 5 5
-244.9 868.5 -1.2 134 0 5.9 6.8 5.0 2.5 2 1 2 5 5
-234.8 869.1 -1.2 45 0 3.7 3.4 5.0 2.5 2 0 2 2 2
-235.0 863.0 -1.3 41 0 5.3 3.5 5.0 2.5 4 0 2 4 4
-240.0 887.5 -1.0 230 0 5.2 3.5 5.0 2.5 2 0 2 4 4
-237.1 883.7 -1.2 223 0 6.6 7.4 5.0 0.0 0 1 2 0 0
-232.6 897.0 -1.0 226 0 7.8 4.7 5.0 2.5 2 0 2 5 5
-228.2 892.6 -1.2 228 0 8.1 7.0 5.0 2.5 2 0 2 1 1
-217.7 882.2 -1.4 43 0 8.1 6.9 5.0 2.5 2 0 2 2 2
-211.3 889.4 -1.4 53 0 7.9 7.6 5.0 2.5 2 0 2 0 0
-219.0 908.8 -1.2 315 0 5.4 5.1 5.0 2.5 4 0 2 1 1
-214.6 912.2 -1.3 140 0 6.5 7.0 5.0 2.5 2 1 2 2 2
-209.8 922.3 -1.3 226 0 3.9 9.0 5.0 2.5 2 1 2 0 0
-206.1 925.3 -1.4 224 0 4.5 12.5 5.0 2.5 2 1 2 1 1
-200.5 932.4 -1.3 225 0 9.8 7.7 5.0 2.5 2 0 2 2 2
-194.0 927.0 -1.3 228 0 6.3 3.3 5.0 2.5 2 0 2 5 5
-189.3 920.5 -1.4 44 0 8.5 4.3 5.0 0.0 0 0 2 1 1
-182.7 914.2 -1.6 47 0 8.1 7.5 5.0 0.0 0 0 2 4 4
-178.2 927.7 -1.5 50 0 9.4 10.2 5.0 2.5 2 1 2 3 3
-192.8 938.2 -1.2 224 0 4.0 5.8 5.0 2.5 2 1 2 3 3
-183.8 950.3 -1.2 226 0 8.2 7.9 5.0 0.0 0 0 2 4 4
-176.7 944.7 -1.3 227 0 9.8 4.1 5.0 2.5 2 0 2 1 1
-169.3 939.0 -1.4 57 0 5.1 4.4 5.0 2.5 2 0 2 4 4
-164.3 933.3 -1.6 54 0 5.9 6.6 5.0 2.5 2 1 2 3 3
-158.0 941.9 -1.5 59 0 6.3 10.7 5.0 2.5 2 1 2 3 3
-170.0 954.3 -1.2 228 0 6.0 3.5 5.0 2.5 2 0 2 1 1
-175.8 959.6 -1.1 226 0 8.4 7.4 5.0 2.5 2 0 2 3 3
-157.0 980.0 -0.9 226 0 6.8 8.3 5.0 2.5 4 1 2 5 5
-150.9 981.2 -0.8 139 0 7.4 5.7 5.0 2.5 4 0 2 4 4
-148.8 968.0 -1.2 227 0 8.8 9.0 5.0 2.5 4 1 2 5 5
-129.7 983.7 -1.0 317 0 5.2 7.4 5.0 2.5 2 1 2 5 5
-142.6 976.7 -1.1 224 0 8.7 11.2 5.0 2.5 2 1 2 1 1
-149.8 937.9 -1.9 217 0 7.0 11.2 5.0 2.5 2 1 2 4 4
-146.2 920.3 -2.3 37 0 4.4 4.4 5.0 2.5 2 0 2 1 1
-156.8 931.4 -2.2 222 0 7.8 9.4 5.0 2.5 2 1 2 3 3
-160.2 927.2 -1.9 307 0 3.8 6.5 5.0 2.5 2 1 2 2 2
-152.3 916.9 -2.4 46 0 5.7 4.2 5.0 2.5 2 0 2 1 1
-157.4 905.7 -2.8 37 0 6.2 5.2 5.0 2.5 2 0 2 1 1
-170.1 917.8 -2.3 221 0 6.3 9.4 5.0 2.5 2 1 2 2 2
-183.8 902.4 -2.1 225 0 8.3 5.6 5.0 2.5 2 0 2 3 3
-176.4 910.4 -2.1 220 0 6.7 5.4 5.0 2.5 4 0 2 4 4
-168.4 902.9 -2.4 43 0 5.8 4.0 5.0 2.5 2 0 2 0 0
-172.8 890.5 -2.4 45 0 6.0 9.5 5.0 2.5 4 1 2 2 2
-178.5 883.7 -2.2 46 0 4.0 9.1 5.0 2.5 2 1 2 0 0
-209.8 878.9 -2.1 214 0 18.0 19.1 5.0 2.5 2 1 2 3 3
-205.5 856.0 -2.0 43 0 3.7 7.7 5.0 2.5 2 1 2 1 1
-219.8 867.9 -1.6 225 0 5.7 5.2 5.0 2.5 2 0 2 1 1
-212.0 848.2 -2.1 45 0 7.5 5.2 5.0 0.0 0 0 2 3 3
-220.2 856.7 -1.9 227 0 7.2 5.4 5.0 2.5 2 0 2 4 4
-225.2 860.9 -1.7 225 0 7.6 5.5 5.0 2.5 2 0 2 4 4
-231.9 853.0 -1.9 220 0 7.3 11.7 5.0 0.0 0 1 2 5 5
-241.3 836.0 -2.1 131 0 3.6 5.8 5.0 2.5 2 1 2 3 3
-229.7 830.3 -2.2 43 0 8.7 8.7 5.0 2.5 2 0 2 3 3
-215.1 832.1 -2.3 230 0 5.6 4.8 5.0 2.5 2 0 2 5 5
-203.1 832.7 -2.2 42 0 6.6 5.2 5.0 2.5 2 0 2 3 3
-206.4 843.7 -2.3 230 0 5.8 4.2 5.0 2.5 2 0 2 3 3
-195.5 846.3 -2.2 225 0 5.3 7.5 5.0 2.5 2 1 2 5 5
-191.6 856.6 -2.2 223 0 6.0 7.8 5.0 2.5 2 1 2 3 3
-181.5 845.9 -2.1 45 0 5.6 5.7 5.0 2.5 2 1 2 3 3
-176.7 858.5 -2.4 227 0 6.9 3.4 5.0 2.5 2 0 2 1 1
-183.7 865.0 -2.3 227 0 11.1 7.9 5.0 2.5 2 0 2 0 0
-175.6 874.3 -2.9 232 0 8.5 6.0 5.0 2.5 2 0 2 4 4
-171.1 869.0 -3.6 229 0 8.9 8.7 5.0 2.5 2 0 2 0 0
-168.0 880.9 -3.3 230 0 7.6 6.9 5.0 2.5 2 0 2 1 1
-162.4 874.0 -3.8 227 0 6.7 5.3 5.0 2.5 2 0 2 2 2
-155.4 895.8 -3.3 222 0 8.0 5.3 5.0 2.5 4 0 2 0 0
-146.5 903.7 -3.5 235 0 7.2 10.8 5.0 2.5 2 1 2 2 2
-131.3 897.7 -3.5 49 0 6.1 5.2 5.0 2.5 2 0 2 1 1
-140.3 910.5 -3.1 229 0 9.0 8.2 5.0 2.5 2 0 2 4 4
-130.3 918.1 -2.7 230 0 7.2 6.9 5.0 2.5 2 0 2 2 2
-120.8 906.1 -3.1 58 0 7.0 6.6 5.0 2.5 2 0 2 1 1
-112.5 919.3 -2.5 50 0 7.4 4.3 5.0 2.5 2 0 2 3 3
-113.8 936.8 -2.0 233 0 7.3 9.7 5.0 2.5 2 1 2 4 4
-103.4 924.6 -2.3 52 0 5.8 5.4 5.0 2.5 4 0 2 5 5
1087.6 4879.6 -0.8 270 0 9.3 10.1 2.5 2.5 2 1 1 3 3
1140.2 4819.9 -1.3 352 0 8.2 8.1 2.5 2.5 2 0 1 4 4
1129.1 4818.1 -1.4 349 0 7.6 6.5 2.5 2.5 2 0 1 4 4
1141.9 4797.8 -1.1 354 0 5.6 8.3 2.5 2.5 2 1 1 0 0
1154.7 4776.3 -1.5 346 0 8.1 9.5 2.5 2.5 2 1 1 4 4
1161.2 4750.1 -1.6 355 0 6.4 9.8 2.5 2.5 2 1 1 0 0
1171.4 4759.3 -2.2 179 0 7.5 6.6 2.5 2.5 2 0 1 2 2
1175.5 4743.9 -2.1 84 0 4.1 4.5 2.5 2.5 2 1 1 4 4
1183.6 4749.2 -2.4 352 0 3.9 4.7 2.5 2.5 2 1 1 2 2
1187.2 4711.7 -2.5 153 0 6.6 7.9 2.5 0.0 0 1 1 4 4
1192.4 4723.8 -2.5 337 0 5.2 6.5 2.5 2.5 2 1 1 0 0
1182.8 4718.7 -2.2 67 0 6.5 6.2 2.5 0.0 0 0 1 5 5
1214.7 4551.2 -1.7 340 0 10.2 9.6 2.5 2.5 2 0 1 3 3
1234.7 4497.7 -1.2 350 0 8.8 9.4 2.5 2.5 2 1 1 4 4
1231.0 4507.9 -1.3 345 0 8.0 7.9 2.5 2.5 2 0 1 1 1
1245.2 4507.0 -2.3 167 0 7.9 5.2 2.5 0.0 0 0 1 3 3
1250.6 4520.5 -2.7 346 0 7.1 5.5 2.5 2.5 4 0 1 0 0
1249.5 4531.8 -3.0 345 0 8.2 8.3 2.5 0.0 0 1 1 5 5
1245.2 4543.9 -3.0 340 0 10.2 10.6 2.5 0.0 0 1 1 5 5
1244.6 4560.6 -4.7 155 0 6.7 6.8 2.5 2.5 2 1 1 1 1
1251.2 4543.2 -4.9 160 0 7.0 8.4 2.5 2.5 2 1 1 2 2
1259.4 4525.5 -5.1 163 0 5.7 8.1 2.5 2.5 2 1 1 0 0
1272.4 4519.9 -5.5 333 0 5.8 4.5 2.5 2.5 2 0 1 3 3
1261.8 4514.0 -4.4 156 0 9.1 6.4 2.5 2.5 2 0 1 2 2
1265.8 4502.7 -4.7 162 0 6.9 8.5 2.5 2.5 4 1 1 2 2
1261.7 4497.5 -2.7 346 0 6.8 8.1 2.5 2.5 4 1 1 0 0
1252.3 4482.3 -1.9 87 0 3.7 4.7 2.5 2.5 2 1 1 3 3
1265.2 4487.7 -2.6 347 0 6.9 10.3 2.5 2.5 2 1 1 0 0
-1202.1 -1413.5 -1.3 282 0 4.7 6.0 5.0 0.0 0 1 2 1 1
-1208.4 -1411.0 -1.0 282 0 8.3 9.2 5.0 2.5 2 1 2 1 1
-1200.4 -1402.9 -1.9 102 0 5.1 6.1 2.5 2.5 2 1 1 5 5
-1209.4 -1396.7 -1.8 192 0 9.0 6.7 2.5 2.5 2 0 1 4 4
-1197.3 -1384.9 -2.7 192 0 4.8 4.9 2.5 2.5 2 1 1 5 5
-1206.8 -1382.7 -2.5 192 0 8.2 9.4 2.5 2.5 2 1 1 2 2
-1203.6 -1369.8 -2.6 192 0 9.0 10.4 2.5 2.5 2 1 1 5 5
-1201.1 -1356.9 -2.7 192 0 8.5 10.9 2.5 0.0 0 1 1 4 4
-1189.2 -1359.6 -2.9 192 0 7.3 6.3 2.5 2.5 2 0 1 5 5
-1182.2 -1350.4 -3.0 282 0 5.0 4.6 2.5 2.5 2 0 1 3 3
-1183.9 -1343.0 -2.9 282 0 6.2 5.4 2.5 2.5 2 0 1 1 1
-1197.0 -1342.0 -2.8 192 0 8.8 9.0 2.5 2.5 2 1 1 4 4
-1158.5 -1331.2 -3.6 102 0 8.9 7.8 5.0 2.5 2 0 2 1 1
-1170.6 -1318.0 -3.1 102 0 6.4 5.6 5.0 2.5 2 0 2 1 1
-1184.9 -1327.2 -3.0 102 0 13.6 18.5 5.0 2.5 4 1 2 1 1
-1184.2 -1282.9 -2.6 192 0 10.1 11.9 5.0 0.0 0 1 2 0 0
-1171.2 -1269.6 -2.8 192 0 8.8 9.0 5.0 2.5 2 1 2 4 4
-1180.1 -1268.6 -2.5 192 0 9.5 8.3 5.0 0.0 0 0 2 2 2
-1166.4 -1244.8 -2.5 192 0 5.7 4.6 5.0 2.5 2 0 2 4 4
-1175.1 -1243.6 -2.4 192 0 8.8 7.8 5.0 2.5 2 0 2 2 2
-1173.8 -1230.9 -2.7 192 0 8.4 13.8 5.0 2.5 2 1 2 4 4
-1170.2 -1216.1 -2.7 192 0 8.5 7.2 5.0 2.5 2 0 2 4 4
-1146.3 -1193.1 -3.4 282 0 8.7 7.8 5.0 2.5 2 0 2 1 1
-1158.4 -1200.0 -3.4 102 0 8.3 11.6 5.0 2.5 2 1 2 2 2
-1184.3 -1206.8 -2.0 12 0 9.5 12.6 5.0 2.5 2 1 2 5 5
-1186.7 -1216.0 -1.7 12 0 7.8 6.0 5.0 2.5 4 0 2 2 2
-1187.6 -1226.4 -1.6 12 0 10.7 11.0 5.0 2.5 2 1 2 2 2
-1208.7 -1238.3 -0.5 12 0 4.5 4.5 5.0 2.5 2 1 2 4 4
-1189.8 -1241.2 -1.5 12 0 9.6 11.2 5.0 2.5 2 1 2 2 2
-1193.4 -1252.9 -1.4 12 0 10.2 9.0 5.0 2.5 2 0 2 4 4
-1205.4 -1259.1 -0.8 12 0 7.8 5.6 5.0 2.5 2 0 2 5 5
-1197.2 -1273.4 -1.6 12 0 8.6 10.5 5.0 2.5 2 1 2 0 0
-1200.1 -1287.0 -1.6 12 0 8.8 9.3 5.0 2.5 2 1 2 1 1
-1210.6 -1285.0 -0.9 12 0 6.9 5.9 5.0 2.5 2 0 2 3 3
-1203.2 -1299.4 -1.7 12 0 9.2 7.4 5.0 2.5 2 0 2 0 0
-1211.3 -1297.4 -1.1 12 0 6.6 6.1 5.0 2.5 2 0 2 2 2
-1206.3 -1317.1 -1.8 12 0 7.4 11.7 5.0 2.5 2 1 2 5 5
-1207.9 -1335.0 -1.9 12 0 8.8 9.3 5.0 2.5 2 1 2 1 1
-1218.3 -1333.1 -1.2 12 0 8.0 7.4 5.0 2.5 2 0 2 5 5
-1211.9 -1350.7 -1.8 12 0 6.8 7.8 5.0 0.0 0 1 2 1 1
-1211.0 -1365.1 -1.9 12 0 10.1 8.5 5.0 2.5 2 0 2 1 1
-1220.8 -1363.5 -1.2 12 0 8.9 8.6 5.0 2.5 2 0 2 1 1
-1230.6 -1363.0 -0.5 12 0 7.7 6.1 5.0 2.5 2 0 2 5 5
-1221.0 -1404.1 -0.1 12 0 9.0 5.7 5.0 0.0 0 0 2 2 2
-1215.1 -1380.7 -1.7 12 0 10.2 8.7 5.0 2.5 2 0 2 1 1
-1225.1 -1378.8 -0.7 12 0 10.4 8.0 5.0 2.5 2 0 2 5 5
-1228.3 -1403.0 0.6 12 0 9.4 9.7 5.0 2.5 2 1 2 3 3
-1244.5 -1413.9 2.2 102 0 8.3 7.8 5.0 2.5 2 0 2 3 3
-1234.8 -1418.7 1.4 102 0 8.8 9.1 5.0 2.5 2 1 2 1 1
-1225.6 -1430.6 1.8 12 0 6.4 5.9 5.0 2.5 2 0 2 4 4
-1242.7 -1423.5 3.1 282 0 6.1 6.6 5.0 2.5 2 1 2 5 5
-1235.0 -1423.5 2.3 282 0 6.9 8.6 5.0 2.5 4 1 2 2 2
-1083.0 -1960.3 -5.9 269 0 5.9 10.3 5.0 2.5 2 1 2 5 5
-1078.1 -1963.5 -5.8 179 0 6.3 8.2 5.0 2.5 2 1 2 3 3
-1072.6 -1954.0 -5.9 179 0 5.8 8.5 5.0 2.5 2 1 2 3 3
-1081.3 -1953.1 -5.7 179 0 8.5 6.6 5.0 2.5 2 0 2 3 3
-1084.2 -1928.1 -5.6 179 0 6.4 6.4 5.0 2.5 2 0 2 0 0
-1075.6 -1936.4 -5.7 179 0 7.4 6.3 5.0 2.5 2 0 2 5 5
-1082.8 -1936.8 -5.6 179 0 8.1 5.8 5.0 2.5 2 0 2 0 0
-1073.9 -1919.4 -5.7 179 0 8.5 6.3 5.0 2.5 2 0 2 3 3
-1083.9 -1919.8 -5.6 179 0 9.0 8.1 5.0 2.5 2 0 2 4 4
-1071.2 -1904.9 -5.6 269 0 5.4 7.2 5.0 2.5 2 1 2 5 5
-1083.7 -1908.7 -5.6 179 0 8.9 8.6 5.0 2.5 2 0 2 2 2
-1067.3 -1899.8 -5.8 89 0 9.3 10.1 5.0 2.5 4 1 2 5 5
-1076.8 -1900.1 -5.6 89 0 7.2 10.3 5.0 2.5 2 1 2 2 2
-1074.9 -1885.7 -5.7 179 0 5.1 6.3 5.0 0.0 0 1 2 3 3
-1082.6 -1885.9 -5.5 179 0 5.2 6.5 5.0 2.5 2 1 2 3 3
-1074.9 -1876.6 -5.8 179 0 6.5 7.9 5.0 2.5 4 1 2 2 2
-1083.9 -1877.1 -5.6 179 0 7.9 7.6 5.0 2.5 2 0 2 4 4
-1074.2 -1868.2 -5.8 179 0 7.3 7.4 5.0 2.5 2 1 2 0 0
-1083.1 -1866.8 -5.6 179 0 8.4 6.9 5.0 2.5 2 0 2 5 5
-1074.8 -1850.3 -5.8 179 0 8.2 4.8 5.0 2.5 2 0 2 0 0
-1083.8 -1850.5 -5.6 179 0 9.9 6.0 5.0 2.5 2 0 2 5 5
-1075.3 -1839.1 -5.9 179 0 10.5 5.3 5.0 2.5 2 0 2 3 3
-1084.0 -1838.5 -5.8 179 0 10.3 6.5 5.0 2.5 4 0 2 5 5
-1086.1 -1826.6 -5.9 179 0 9.3 8.4 5.0 2.5 2 0 2 5 5
-1074.8 -1825.9 -6.0 179 0 8.9 7.1 5.0 0.0 0 0 2 5 5
-1075.6 -1813.0 -6.0 179 0 7.7 11.4 5.0 2.5 2 1 2 2 2
-1084.0 -1813.2 -5.9 179 0 9.6 7.8 5.0 2.5 2 0 2 0 0
-1084.4 -1793.8 -6.1 179 0 4.2 6.6 5.0 2.5 2 1 2 4 4
-1076.1 -1801.3 -6.0 179 0 7.3 4.5 5.0 2.5 2 0 2 3 3
-1085.7 -1801.5 -6.0 179 0 9.4 8.9 5.0 2.5 2 0 2 1 1
-1106.1 -1794.0 -5.9 183 0 4.7 11.2 5.0 2.5 2 1 2 3 3
-1112.0 -1803.8 -5.8 190 0 16.3 14.9 5.0 2.5 2 0 2 1 1
-1090.2 -1815.1 -5.8 3 0 11.5 5.9 5.0 2.5 2 0 2 3 3
-1112.0 -1828.6 -5.3 183 0 11.0 7.2 5.0 2.5 2 0 2 2 2
-1092.9 -1832.9 -5.5 3 0 9.5 6.4 5.0 0.0 0 0 2 2 2
-1101.2 -1845.0 -5.2 93 0 7.4 5.5 5.0 2.5 2 0 2 2 2
-1113.2 -1841.1 -5.0 182 0 8.7 7.6 5.0 2.5 4 0 2 2 2
-1095.6 -1849.9 -5.3 273 0 5.0 7.0 2.5 2.5 2 1 1 4 4
-1102.7 -1850.2 -5.1 273 0 6.8 7.8 2.5 2.5 2 1 1 4 4
-1110.4 -1850.6 -4.8 273 0 6.6 7.4 2.5 2.5 2 1 1 1 1
-1113.8 -1863.9 -4.7 183 0 9.1 8.5 2.5 2.5 2 0 1 4 4
-1092.6 -1865.6 -5.2 3 0 6.0 6.9 2.5 2.5 2 1 1 3 3
-1097.3 -1873.2 -5.0 2 0 5.1 5.6 2.5 0.0 0 1 1 2 2
-1114.1 -1874.9 -4.7 183 0 10.1 10.0 2.5 2.5 2 0 1 5 5
-1112.9 -1897.9 -4.4 95 0 5.8 8.7 2.5 2.5 2 1 1 0 0
-1114.5 -1884.6 -4.5 185 0 5.6 6.6 2.5 2.5 2 1 1 0 0
-1103.3 -1888.4 -4.9 95 0 5.4 6.0 2.5 2.5 2 1 1 0 0
-1090.7 -1886.5 -5.3 4 0 8.2 8.2 2.5 2.5 2 0 1 5 5
-1096.8 -1898.9 -5.3 95 0 9.1 7.7 2.5 2.5 2 0 1 3 3
-1089.4 -1906.0 -5.4 5 0 5.4 5.4 5.0 2.5 2 0 2 0 0
-1100.7 -1903.7 -5.0 275 0 6.7 7.9 5.0 2.5 2 1 2 0 0
-1112.4 -1902.3 -4.4 275 0 6.3 10.1 5.0 0.0 0 1 2 1 1
-1117.7 -1917.5 -4.5 185 0 8.4 7.3 5.0 2.5 2 0 2 3 3
-1099.6 -1919.9 -5.0 5 0 6.8 7.0 5.0 2.5 2 1 2 3 3
-1089.3 -1920.7 -5.4 5 0 7.9 8.2 5.0 2.5 2 1 2 0 0
-1090.7 -1929.6 -5.4 5 0 7.6 8.1 5.0 2.5 2 1 2 3 3
-1108.6 -1929.7 -4.9 185 0 5.9 6.4 5.0 2.5 2 1 2 1 1
-1119.2 -1928.4 -4.5 185 0 8.4 9.1 5.0 2.5 2 1 2 5 5
-1090.7 -1940.4 -5.4 5 0 10.3 11.3 5.0 2.5 2 1 2 1 1
-1109.1 -1939.6 -4.9 185 0 9.8 5.5 5.0 2.5 4 0 2 5 5
-1119.1 -1938.1 -4.5 185 0 6.9 6.8 5.0 2.5 2 0 2 2 2
-1119.4 -1946.9 -4.7 185 0 7.2 7.3 5.0 2.5 2 1 2 1 1
-1120.7 -1956.5 -5.0 185 0 10.3 8.4 5.0 2.5 2 0 2 2 2
-1119.7 -1804.4 -4.9 2 0 10.1 8.2 2.5 2.5 2 0 1 0 0
-1121.3 -1814.9 -4.6 2 0 8.0 8.5 2.5 2.5 4 1 1 5 5
-1134.2 -1814.3 -3.2 2 0 6.1 7.4 2.5 2.5 4 1 1 2 2
-1131.1 -1827.4 -3.5 2 0 5.9 5.8 2.5 2.5 4 0 1 2 2
-1122.1 -1827.7 -4.4 2 0 7.2 7.7 2.5 2.5 2 1 1 0 0
-1132.0 -1841.5 -3.1 2 0 6.4 9.0 2.5 2.5 2 1 1 2 2
-1124.2 -1841.2 -3.9 2 0 7.4 6.4 2.5 2.5 4 0 1 5 5
-1124.0 -1849.6 -3.7 2 0 7.1 6.2 2.5 2.5 2 0 1 5 5
-1131.5 -1849.7 -2.9 2 0 5.2 7.8 2.5 2.5 2 1 1 1 1
-1120.4 -1859.1 -4.0 2 0 5.9 11.4 2.5 2.5 4 1 1 0 0
-1122.2 -1867.5 -3.7 2 0 8.2 6.5 2.5 2.5 2 0 1 3 3
-1124.4 -1877.7 -3.4 2 0 7.3 8.3 2.5 2.5 2 1 1 5 5
-1137.4 -1878.0 -2.1 2 0 7.1 8.2 2.5 2.5 4 1 1 2 2
-1140.3 -1900.4 -2.0 2 0 7.3 5.8 2.5 2.5 2 0 1 5 5
-1136.8 -1887.2 -2.2 2 0 5.1 6.1 2.5 2.5 2 1 1 5 5
-1125.8 -1889.9 -3.3 2 0 8.0 9.5 2.5 2.5 2 1 1 1 1
-1125.9 -1901.6 -3.4 2 0 8.8 13.3 2.5 2.5 4 1 1 3 3
-1124.6 -1911.8 -3.6 2 0 6.2 4.0 2.5 2.5 2 0 1 5 5
-1129.5 -1911.3 -3.1 2 0 6.3 5.7 2.5 2.5 2 0 1 0 0
-1124.9 -1919.2 -3.7 2 0 5.7 5.3 2.5 2.5 4 0 1 5 5
-1131.1 -1918.8 -3.1 2 0 6.8 8.1 2.5 2.5 4 1 1 0 0
-1128.7 -1931.0 -3.6 2 0 7.9 4.5 2.5 2.5 4 0 1 0 0
-1134.6 -1930.3 -3.1 2 0 7.1 4.7 2.5 2.5 4 0 1 1 1
-1126.1 -1939.0 -3.9 2 0 4.4 4.2 2.5 2.5 2 0 1 3 3
-1126.4 -1944.6 -4.1 2 0 4.1 3.9 2.5 2.5 2 0 1 0 0
-1131.3 -1945.8 -3.8 2 0 6.9 6.7 2.5 2.5 4 0 1 1 1
-1128.2 -1957.5 -4.4 2 0 9.2 14.2 2.5 2.5 2 1 1 4 4
-1121.9 -1978.6 -5.5 271 0 10.4 9.7 5.0 2.5 2 0 2 1 1
-1137.8 -1982.9 -4.9 274 0 11.0 18.4 5.0 0.0 0 1 2 4 4
-1144.7 -2016.2 -4.8 184 0 25.4 9.1 5.0 2.5 4 0 2 5 5
-1144.1 -2035.8 -5.6 183 0 10.0 19.4 5.0 2.5 2 1 2 3 3
-1109.3 -2227.4 -1.4 108 0 5.1 8.0 5.0 0.0 0 1 2 0 0
-1108.3 -2261.6 -2.6 201 0 7.2 5.6 2.5 2.5 2 0 1 0 0
-1118.0 -2237.9 -1.3 292 0 6.8 7.7 2.5 2.5 2 1 1 5 5
-1099.9 -2247.2 -2.6 290 0 8.1 10.2 2.5 2.5 2 1 1 2 2
-1122.3 -2266.5 -2.1 200 0 9.5 9.0 2.5 2.5 2 0 1 0 0
-1112.4 -2284.4 -2.8 195 0 4.5 3.6 2.5 0.0 0 0 1 3 3
-1117.8 -2284.7 -2.5 195 0 7.8 4.3 2.5 2.5 2 0 1 5 5
-1120.2 -2319.2 -3.6 190 0 6.5 9.4 2.5 2.5 2 1 1 1 1
-1125.3 -2294.5 -2.8 203 0 8.1 12.0 2.5 2.5 2 1 1 3 3
-1143.1 -2303.6 -1.5 114 0 9.8 14.4 5.0 2.5 2 1 2 0 0
-1131.2 -2325.1 -2.7 294 0 8.1 5.5 2.5 2.5 2 0 1 1 1
-1128.1 -2330.2 -3.2 201 0 6.3 7.8 2.5 2.5 4 1 1 3 3
-1120.2 -2308.6 -3.1 203 0 6.8 6.7 2.5 2.5 2 0 1 0 0
-1130.5 -2305.8 -2.6 204 0 8.1 9.4 2.5 2.5 2 1 1 5 5
-1134.7 -2314.9 -2.5 202 0 7.9 9.1 2.5 2.5 4 1 1 0 0
-1158.5 -2319.8 -1.6 197 0 9.6 14.1 2.5 0.0 0 1 1 0 0
-1139.1 -2321.2 -2.1 291 0 6.5 10.2 2.5 2.5 4 1 1 2 2
-1129.2 -2363.1 -3.7 107 0 6.9 7.9 2.5 2.5 4 1 1 2 2
-1137.2 -2358.7 -3.1 106 0 7.5 10.4 2.5 2.5 2 1 1 2 2
-1140.9 -2371.8 -3.3 288 0 7.6 9.0 2.5 2.5 2 1 1 1 1
-1150.5 -2349.2 -2.0 112 0 4.2 3.7 2.5 2.5 2 0 1 3 3
-1141.1 -2341.8 -2.4 103 0 4.8 5.9 2.5 2.5 2 1 1 1 1
-1160.1 -2326.9 -1.0 202 0 4.7 4.3 2.5 2.5 4 0 1 5 5
-1155.6 -2336.4 -1.7 196 0 8.4 7.6 2.5 0.0 0 0 1 5 5
-1158.7 -2351.3 -1.7 106 0 8.5 6.7 2.5 2.5 2 0 1 1 1
-1168.2 -2357.7 -1.1 290 0 4.5 5.1 2.5 2.5 2 1 1 0 0
-1167.5 -2368.5 -2.0 194 0 6.7 10.7 2.5 2.5 2 1 1 4 4
-1169.7 -2383.1 -2.1 193 0 7.9 7.4 2.5 2.5 2 0 1 4 4
-1167.9 -2390.7 -2.1 192 0 4.4 4.3 2.5 0.0 0 0 1 0 0
-1157.4 -2256.6 -1.6 115 0 11.8 9.8 5.0 2.5 2 0 2 4 4
-1165.5 -2260.3 -1.6 289 0 4.1 3.2 2.5 2.5 2 0 1 5 5
-1159.7 -2261.8 -1.5 289 0 7.0 7.1 2.5 2.5 4 1 1 1 1
-1166.6 -2276.8 -1.6 19 0 6.5 8.6 2.5 2.5 2 1 1 3 3
-1155.4 -2284.1 -1.4 21 0 5.9 11.0 2.5 2.5 2 1 1 2 2
-1160.1 -2294.1 -1.3 18 0 5.7 9.1 2.5 2.5 2 1 1 5 5
-1168.9 -2288.6 -1.4 21 0 6.5 7.6 2.5 2.5 2 1 1 1 1
-1167.8 -2301.5 -1.3 19 0 8.0 8.2 2.5 2.5 2 1 1 5 5
-1178.9 -2362.5 -0.8 9 0 11.0 8.8 2.5 2.5 2 0 1 5 5
-1172.1 -2312.0 -1.2 21 0 6.4 9.0 2.5 2.5 2 1 1 1 1
-1175.4 -2325.8 -1.1 9 0 9.1 7.1 2.5 2.5 2 0 1 3 3
-1183.6 -2323.6 -1.2 21 0 11.7 5.9 2.5 2.5 2 0 1 4 4
-1204.3 -2317.1 -1.4 198 0 9.4 6.5 2.5 2.5 2 0 1 5 5
-1218.7 -2329.5 -1.5 205 0 9.6 5.6 2.5 2.5 2 0 1 3 3
-1218.7 -2343.3 -1.3 190 0 9.6 8.4 2.5 2.5 2 0 1 1 1
-1186.7 -2336.7 -1.1 16 0 5.8 6.7 2.5 2.5 2 1 1 0 0
-1187.9 -2348.7 -1.0 7 0 5.9 7.2 2.5 2.5 2 1 1 0 0
-1189.6 -2360.9 -0.9 9 0 6.8 8.4 2.5 2.5 4 1 1 1 1
-1196.0 -2370.0 -0.9 24 0 7.5 7.5 2.5 0.0 0 0 1 0 0
-1231.5 -2376.1 -1.1 193 0 3.7 4.4 2.5 2.5 2 1 1 4 4
-1227.2 -2379.6 -1.0 194 0 8.5 5.4 2.5 0.0 0 0 1 5 5
-1211.8 -2216.0 2.3 286 0 11.0 7.7 5.0 2.5 4 0 2 3 3
-2310.2 -5891.0 -1.2 191 0 18.2 10.0 5.0 2.5 2 0 2 2 2
-2298.5 -5856.3 -3.8 282 0 10.0 25.6 5.0 2.5 2 1 2 3 3
-2294.9 -5850.0 -5.3 192 0 10.2 17.1 5.0 2.5 4 1 2 2 2
-2257.0 -5930.6 -2.7 103 0 14.1 9.3 5.0 2.5 2 0 2 1 1
-2235.0 -5931.6 -4.1 103 0 8.3 6.3 5.0 2.5 2 0 2 1 1
-2226.6 -5934.2 -4.9 108 0 6.4 8.4 5.0 0.0 0 1 2 2 2
-2232.3 -5939.8 -4.1 192 0 8.9 9.5 5.0 2.5 4 1 2 5 5
-2238.4 -5947.6 -2.3 192 0 4.2 5.8 5.0 2.5 2 1 2 0 0
-2231.7 -5951.6 -3.3 188 0 8.1 6.5 5.0 2.5 2 0 2 1 1
-2229.2 -5964.6 -2.6 93 0 3.6 6.4 5.0 0.0 0 1 2 4 4
-2234.1 -5966.6 -2.0 91 0 5.0 9.1 5.0 2.5 2 1 2 4 4
-2238.5 -5971.3 -1.4 180 0 6.6 5.7 5.0 0.0 0 0 2 4 4
-2235.7 -5979.5 -1.4 178 0 5.7 5.1 5.0 2.5 4 0 2 5 5
-2235.5 -5985.5 -1.1 180 0 3.6 4.4 5.0 0.0 0 1 2 4 4
-2225.0 -5820.5 -6.4 289 0 5.4 7.1 5.0 0.0 0 1 2 2 2
-2174.7 -5702.4 -1.5 199 0 8.1 7.5 5.0 2.5 4 0 2 5 5
-2182.0 -5712.2 -3.4 198 0 8.4 9.3 5.0 2.5 2 1 2 0 0
-2181.7 -5724.8 -5.4 199 0 9.1 6.4 5.0 2.5 2 0 2 5 5
-2187.7 -5733.2 -6.4 199 0 9.5 10.1 5.0 2.5 2 1 2 2 2
-2190.9 -5742.6 -6.4 199 0 8.0 8.6 5.0 0.0 0 1 2 1 1
-2201.7 -5754.4 -6.4 199 0 4.7 4.4 5.0 2.5 4 0 2 4 4
-2198.6 -5761.2 -6.3 199 0 7.0 9.2 5.0 2.5 2 1 2 4 4
-2206.0 -5760.0 -6.6 199 0 6.4 5.7 5.0 2.5 2 0 2 4 4
-2208.8 -5766.8 -6.7 199 0 5.6 7.5 5.0 2.5 2 1 2 1 1
-2059.5 -5674.9 -0.9 20 0 7.5 11.1 5.0 2.5 2 1 2 5 5
-2067.6 -5684.7 -1.4 24 0 7.8 8.8 5.0 2.5 2 1 2 3 3
-2077.0 -5656.6 1.7 289 0 5.6 6.6 5.0 2.5 2 1 2 2 2
-2083.3 -5655.4 1.9 289 0 5.6 5.2 5.0 0.0 0 0 2 5 5
-2100.1 -5663.5 0.9 289 0 8.8 9.3 5.0 2.5 2 1 2 0 0
-2086.1 -5668.2 0.3 289 0 13.2 9.6 5.0 2.5 2 0 2 1 1
-2083.4 -5686.8 -0.8 19 0 8.9 8.2 5.0 2.5 2 0 2 3 3
-2095.2 -5681.3 -0.6 289 0 5.6 7.5 5.0 2.5 2 1 2 3 3
-2101.9 -5682.0 -0.3 289 0 4.2 4.5 5.0 2.5 4 1 2 0 0
-2108.0 -5677.1 -0.2 289 0 5.8 8.4 5.0 2.5 2 1 2 1 1
-2102.2 -5690.7 -1.5 289 0 6.0 8.9 5.0 2.5 2 1 2 3 3
-2110.8 -5690.1 -1.4 289 0 8.9 8.2 5.0 0.0 0 0 2 5 5
-2099.7 -5705.9 -2.3 19 0 6.0 4.2 5.0 2.5 2 0 2 4 4
-2091.6 -5707.6 -2.6 19 0 9.1 5.6 5.0 2.5 2 0 2 0 0
-2095.4 -5717.4 -3.5 19 0 8.8 6.7 5.0 2.5 2 0 2 4 4
-2102.6 -5714.1 -3.1 19 0 6.6 5.7 5.0 2.5 4 0 2 0 0
-2112.9 -5701.6 -2.7 289 0 11.4 10.6 5.0 2.5 2 0 2 2 2
-2125.4 -5691.0 -0.9 289 0 4.9 7.1 5.0 0.0 0 1 2 2 2
-2130.3 -5698.0 -1.6 289 0 7.7 6.7 5.0 2.5 2 0 2 1 1
-2153.9 -5691.9 -0.2 199 0 9.5 12.8 5.0 2.5 2 1 2 3 3
-2169.5 -5687.6 0.9 199 0 8.3 13.6 5.0 2.5 2 1 2 4 4
-2124.8 -5798.9 -4.2 19 0 9.1 8.6 5.0 2.5 2 0 2 3 3
-2122.3 -5790.4 -4.4 19 0 6.4 7.5 5.0 2.5 2 1 2 2 2
-2131.8 -5783.3 -4.6 289 0 5.0 6.5 5.0 2.5 2 1 2 4 4
-2138.8 -5779.6 -4.8 289 0 8.1 5.7 5.0 2.5 2 0 2 5 5
-2146.6 -5788.3 -4.7 199 0 6.9 6.0 5.0 2.5 4 0 2 1 1
-2148.5 -5795.5 -4.6 199 0 5.8 9.1 5.0 2.5 2 1 2 3 3
-2150.0 -5804.0 -4.4 199 0 6.6 7.2 5.0 0.0 0 1 2 0 0
-2130.9 -5816.0 -4.0 19 0 9.5 10.8 5.0 2.5 2 1 2 0 0
-2148.5 -5819.4 -4.4 199 0 5.3 7.5 5.0 2.5 2 1 2 4 4
-2134.1 -5824.6 -4.1 19 0 7.1 6.9 5.0 2.5 2 0 2 0 0
-2136.2 -5834.1 -4.5 19 0 10.9 9.6 5.0 2.5 2 0 2 0 0
-2155.5 -5827.9 -4.9 199 0 12.4 9.2 5.0 2.5 2 0 2 2 2
-2160.3 -5839.0 -5.3 199 0 8.5 9.4 5.0 2.5 4 1 2 1 1
-2140.4 -5845.3 -4.8 19 0 8.5 4.9 5.0 2.5 2 0 2 0 0
-2146.4 -5843.2 -4.9 19 0 8.1 3.8 5.0 2.5 2 0 2 0 0
-2142.5 -5853.6 -5.2 19 0 6.2 7.6 5.0 2.5 2 1 2 3 3
-2161.7 -5848.2 -5.6 199 0 6.0 5.5 5.0 2.5 2 0 2 4 4
-2150.7 -5851.6 -5.4 19 0 6.0 4.7 5.0 2.5 2 0 2 2 2
-2153.0 -5859.7 -5.7 19 0 4.5 3.1 5.0 2.5 2 0 2 5 5
-2162.7 -5856.5 -5.9 199 0 8.5 6.3 5.0 2.5 4 0 2 5 5
-2145.5 -5863.1 -5.8 19 0 10.9 7.4 5.0 2.5 2 0 2 4 4
-2148.3 -5873.4 -6.2 19 0 8.5 7.0 5.0 0.0 0 0 2 3 3
-2156.1 -5872.1 -6.3 19 0 7.0 3.3 5.0 0.0 0 0 2 3 3
-2152.1 -5878.6 -6.7 289 0 4.9 7.5 5.0 2.5 4 1 2 5 5
-2160.4 -5883.8 -6.8 109 0 5.2 7.8 5.0 2.5 2 1 2 3 3
-2169.4 -5877.7 -6.8 199 0 7.3 7.0 5.0 2.5 2 0 2 0 0
-2172.9 -5887.4 -6.8 199 0 7.3 9.2 5.0 2.5 2 1 2 5 5
-2154.5 -5893.2 -6.9 19 0 7.6 8.8 5.0 2.5 2 1 2 4 4
-2157.9 -5902.9 -6.8 19 0 8.0 9.8 5.0 2.5 2 1 2 4 4
-2175.5 -5897.5 -6.7 199 0 8.1 7.1 5.0 2.5 2 0 2 4 4
-2144.9 -5912.0 -7.4 19 0 7.0 9.4 5.0 2.5 2 1 2 1 1
-2139.7 -5897.7 -7.5 19 0 9.7 10.0 5.0 0.0 0 1 2 2 2
-2130.0 -5849.3 -5.0 19 0 10.2 6.0 5.0 2.5 2 0 2 0 0
-2130.8 -5864.2 -6.2 19 0 9.2 9.0 5.0 2.5 2 0 2 2 2
-2134.3 -5874.1 -6.8 19 0 9.1 8.2 5.0 2.5 2 0 2 0 0
-2120.0 -5852.1 -5.4 19 0 7.9 9.1 5.0 2.5 2 1 2 4 4
-2117.9 -5840.6 -4.4 19 0 10.2 6.9 5.0 2.5 2 0 2 1 1
-2125.8 -5838.4 -4.1 19 0 9.2 6.6 5.0 2.5 2 0 2 1 1
-2114.5 -5829.8 -5.4 19 0 9.4 12.5 5.0 2.5 2 1 2 4 4
-2111.5 -5817.5 -5.9 19 0 9.2 10.3 5.0 2.5 2 1 2 2 2
-2110.9 -5805.8 -5.8 19 0 8.4 10.8 5.0 2.5 2 1 2 3 3
-2102.6 -5797.8 -6.4 19 0 9.1 6.8 5.0 0.0 0 0 2 4 4
-2110.0 -5794.5 -5.5 19 0 9.6 8.3 5.0 2.5 2 0 2 5 5
-2098.9 -5772.8 -5.4 19 0 9.3 10.8 5.0 2.5 2 1 2 5 5
-2087.5 -5761.8 -5.7 19 0 6.8 7.8 5.0 2.5 2 1 2 5 5
-2096.8 -5761.2 -4.8 19 0 11.3 9.4 5.0 2.5 2 0 2 5 5
-2086.2 -5748.8 -4.8 19 0 5.8 5.3 5.0 2.5 2 0 2 0 0
-2092.9 -5748.3 -4.4 19 0 9.5 7.8 5.0 2.5 2 0 2 2 2
-2087.6 -5735.5 -4.3 19 0 7.4 8.0 5.0 2.5 2 1 2 5 5
-2112.5 -5720.3 -4.1 289 0 7.2 5.2 2.5 0.0 0 0 1 3 3
-2126.1 -5721.0 -4.1 199 0 6.6 8.5 2.5 2.5 2 1 1 5 5
-2129.6 -5731.7 -5.3 199 0 11.8 7.8 2.5 2.5 2 0 1 1 1
-2121.0 -5736.5 -5.2 199 0 6.1 5.5 2.5 2.5 2 0 1 0 0
-2104.2 -5742.6 -4.8 19 0 9.4 10.6 2.5 2.5 2 1 1 1 1
-2111.1 -5751.7 -4.9 19 0 6.9 7.8 2.5 2.5 2 1 1 0 0
-2124.3 -5747.6 -5.2 199 0 7.9 4.6 2.5 2.5 2 0 1 3 3
-2133.7 -5744.2 -5.6 199 0 11.5 9.2 2.5 2.5 2 0 1 0 0
-2137.9 -5756.9 -5.5 199 0 9.2 12.9 2.5 0.0 0 1 1 3 3
-2113.9 -5765.5 -5.0 19 0 9.0 10.5 2.5 2.5 2 1 1 4 4
-2116.8 -5775.5 -4.7 19 0 5.3 5.1 2.5 2.5 2 0 1 4 4
-2126.7 -5777.1 -4.9 109 0 5.1 8.3 2.5 2.5 2 1 1 0 0
-2141.5 -5768.7 -5.2 199 0 11.1 12.6 2.5 2.5 2 1 1 2 2
-2157.7 -5710.6 -3.5 199 0 8.8 8.7 5.0 2.5 2 0 2 5 5
-2146.8 -5717.7 -3.8 199 0 6.4 5.0 5.0 2.5 2 0 2 5 5
-2141.2 -5718.9 -4.1 199 0 9.7 9.7 5.0 0.0 0 0 2 5 5
-2145.5 -5728.5 -5.1 199 0 8.7 8.2 5.0 2.5 2 0 2 5 5
-2152.5 -5724.3 -4.7 199 0 6.6 6.1 5.0 2.5 2 0 2 1 1
-2158.9 -5723.6 -4.7 199 0 8.2 4.6 5.0 2.5 2 0 2 0 0
-2166.2 -5720.8 -4.6 199 0 8.3 6.5 5.0 2.5 2 0 2 0 0
-2169.6 -5731.4 -5.8 199 0 7.7 6.1 5.0 2.5 2 0 2 5 5
-2167.2 -5743.0 -6.2 199 0 5.0 5.2 5.0 2.5 2 1 2 1 1
-2162.7 -5733.5 -5.9 199 0 7.8 8.0 5.0 2.5 2 1 2 5 5
-2154.3 -5736.2 -6.0 199 0 8.3 8.5 5.0 0.0 0 1 2 0 0
-2145.2 -5738.9 -5.9 199 0 7.8 5.2 5.0 0.0 0 0 2 1 1
-2150.6 -5747.9 -6.0 199 0 8.9 7.6 5.0 0.0 0 0 2 3 3
-2157.5 -5747.1 -6.0 199 0 6.7 5.4 5.0 2.5 2 0 2 2 2
-2172.7 -5741.1 -6.2 199 0 8.1 5.5 5.0 2.5 2 0 2 4 4
-2180.9 -5780.9 -5.6 214 0 5.5 4.5 5.0 2.5 2 0 2 4 4
-2185.5 -5793.1 -5.7 199 0 3.3 4.0 5.0 2.5 2 1 2 5 5
-2176.4 -5749.8 -6.2 199 0 6.5 5.0 5.0 2.5 2 0 2 2 2
-2170.7 -5752.4 -6.0 199 0 4.7 5.5 5.0 2.5 2 1 2 1 1
-2158.8 -5756.0 -5.7 199 0 5.4 5.5 5.0 2.5 4 1 2 2 2
-2153.0 -5758.0 -5.6 199 0 8.0 6.2 5.0 2.5 2 0 2 1 1
-2157.1 -5765.4 -5.5 199 0 7.2 6.6 5.0 2.5 2 0 2 5 5
-2165.0 -5761.9 -5.6 199 0 5.7 6.9 5.0 2.5 2 1 2 2 2
-2158.4 -5775.5 -5.2 199 0 8.6 8.1 5.0 2.5 2 0 2 5 5
-2165.7 -5773.2 -5.3 199 0 6.2 6.6 5.0 2.5 2 1 2 0 0
-2163.5 -5784.9 -5.1 199 0 8.2 8.6 5.0 2.5 2 1 2 0 0
-2173.9 -5792.5 -5.2 199 0 6.6 6.9 5.0 2.5 2 1 2 2 2
-2165.6 -5795.6 -5.0 199 0 9.3 7.9 5.0 0.0 0 0 2 3 3
-2166.1 -5806.4 -4.9 199 0 7.4 5.4 5.0 2.5 2 0 2 2 2
-2169.9 -5812.4 -5.0 199 0 3.8 5.8 5.0 2.5 4 1 2 4 4
-2172.3 -5805.9 -5.1 199 0 4.3 4.1 5.0 2.5 2 0 2 0 0
-2186.3 -5810.0 -5.7 199 0 5.1 4.0 5.0 2.5 2 0 2 2 2
-2181.9 -5820.1 -5.6 199 0 11.5 5.9 5.0 2.5 4 0 2 5 5
-2181.1 -5809.9 -5.5 199 0 6.8 9.4 5.0 2.5 2 1 2 4 4
-2172.3 -5817.9 -5.2 199 0 6.7 8.3 5.0 2.5 4 1 2 5 5
-2176.0 -5826.9 -5.3 199 0 11.1 9.9 5.0 2.5 2 0 2 0 0
-2167.8 -5838.8 -5.5 19 0 4.8 4.2 5.0 2.5 2 0 2 3 3
-2171.4 -5846.1 -5.7 19 0 8.2 8.3 5.0 2.5 2 1 2 3 3
-2192.7 -5840.2 -6.0 199 0 9.2 12.4 5.0 2.5 4 1 2 4 4
-2173.9 -5860.0 -6.3 19 0 8.9 7.0 5.0 2.5 2 0 2 2 2
-2182.2 -5857.5 -6.2 19 0 7.9 9.1 5.0 0.0 0 1 2 0 0
-2176.0 -5870.0 -6.6 19 0 9.7 7.0 5.0 2.5 4 0 2 3 3
-2185.8 -5874.6 -6.7 19 0 3.9 4.0 5.0 2.5 2 1 2 4 4
-2183.6 -5866.0 -6.5 19 0 7.1 3.9 5.0 0.0 0 0 2 1 1
-2188.8 -5863.4 -6.4 19 0 4.8 4.4 5.0 2.5 2 0 2 2 2
-2190.2 -5870.6 -6.7 19 0 7.9 7.9 5.0 2.5 2 0 2 1 1
-2200.4 -5859.0 -6.5 289 0 6.0 6.6 5.0 2.5 2 1 2 2 2
-2206.6 -5867.1 -6.6 199 0 4.1 6.7 5.0 2.5 2 1 2 0 0
-2200.8 -5881.5 -6.6 19 0 9.2 8.5 5.0 2.5 2 0 2 4 4
-2190.9 -5885.7 -6.6 19 0 9.3 8.5 5.0 2.5 2 0 2 5 5
-2182.7 -5887.8 -6.7 19 0 9.8 7.5 5.0 2.5 2 0 2 5 5
-2183.6 -5897.8 -6.6 19 0 8.2 9.0 5.0 2.5 2 1 2 0 0
-2193.7 -5895.7 -6.5 19 0 9.8 4.6 5.0 2.5 4 0 2 1 1
-2213.5 -5905.4 -6.3 109 0 8.6 9.0 5.0 2.5 2 1 2 5 5
-2189.5 -5920.3 -6.4 19 0 11.2 12.2 5.0 2.5 2 1 2 4 4
-2206.1 -5934.3 -6.1 109 0 5.7 5.9 5.0 2.5 4 1 2 0 0
-2193.4 -5936.8 -6.3 19 0 11.0 8.3 5.0 2.5 4 0 2 0 0
-2216.2 -5948.9 -5.3 109 0 4.8 7.6 5.0 2.5 2 1 2 0 0
-2210.2 -5949.6 -5.8 109 0 4.6 7.8 5.0 2.5 2 1 2 1 1
-2203.3 -5953.4 -6.2 109 0 7.7 10.2 5.0 2.5 2 1 2 0 0
-2206.8 -5964.6 -5.7 109 0 8.8 9.2 5.0 2.5 2 1 2 3 3
-2217.7 -5961.8 -4.9 109 0 8.1 8.6 5.0 2.5 2 1 2 2 2
-2208.8 -5979.0 -5.1 109 0 5.9 9.8 5.0 2.5 2 1 2 3 3
-2215.7 -5976.8 -4.4 109 0 6.1 8.2 5.0 2.5 2 1 2 1 1
-2217.4 -5987.9 -3.7 109 0 6.0 8.0 5.0 2.5 2 1 2 1 1
-2211.0 -5991.0 -4.5 109 0 5.9 9.4 5.0 2.5 2 1 2 0 0
-2213.9 -6000.8 -4.0 109 0 7.5 8.2 5.0 2.5 2 1 2 4 4
-2221.5 -5999.5 -2.9 109 0 5.4 8.5 5.0 2.5 2 1 2 5 5
-2203.1 -6016.8 -4.4 109 0 7.8 8.6 5.0 2.5 2 1 2 5 5
-2192.5 -5996.7 -5.6 109 0 8.3 8.9 5.0 2.5 2 1 2 5 5
-2200.7 -5995.1 -5.1 109 0 5.9 10.5 5.0 2.5 2 1 2 3 3
-2196.6 -5983.1 -5.6 109 0 6.1 7.9 5.0 2.5 2 1 2 1 1
-2182.9 -5984.2 -6.0 19 0 8.7 9.1 5.0 2.5 4 1 2 2 2
-2181.2 -5975.8 -6.3 19 0 5.8 8.0 5.0 2.5 2 1 2 1 1
-2189.6 -5971.8 -6.0 19 0 8.1 6.6 5.0 2.5 2 0 2 3 3
-2177.5 -5960.3 -6.9 19 0 5.3 7.0 5.0 2.5 2 1 2 5 5
-2185.3 -5960.0 -6.6 19 0 7.8 6.3 5.0 2.5 2 0 2 2 2
-2178.3 -5952.3 -7.0 109 0 7.2 6.7 5.0 2.5 4 0 2 2 2
-2187.1 -5950.2 -6.6 109 0 5.8 8.2 5.0 2.5 2 1 2 0 0
-2170.6 -5942.2 -6.9 19 0 7.2 7.6 5.0 2.5 4 1 2 4 4
-2186.4 -5937.1 -6.7 199 0 6.6 7.2 5.0 2.5 2 1 2 2 2
-2181.6 -5921.8 -6.6 201 0 17.3 15.2 5.0 2.5 2 0 2 0 0
-2168.5 -5907.4 -6.6 289 0 10.3 6.6 5.0 2.5 2 0 2 4 4
-2149.6 -5920.1 -7.3 19 0 5.9 6.3 5.0 2.5 2 1 2 5 5
-2147.1 -5929.7 -7.6 19 0 5.0 5.2 5.0 2.5 2 1 2 0 0
-2153.0 -5927.7 -7.2 19 0 7.2 5.9 5.0 2.5 2 0 2 1 1
-2153.6 -5941.5 -7.5 19 0 4.8 4.9 5.0 2.5 2 1 2 1 1
-2159.1 -5940.1 -7.2 19 0 6.1 4.3 5.0 2.5 2 0 2 4 4
-2152.5 -5949.4 -7.8 19 0 4.5 5.7 5.0 2.5 2 1 2 0 0
-2159.4 -5948.5 -7.5 19 0 6.7 6.8 5.0 0.0 0 1 2 3 3
-2161.6 -5959.0 -7.6 19 0 8.7 7.5 5.0 2.5 4 0 2 0 0
-2164.9 -5969.6 -7.6 19 0 8.8 7.6 5.0 2.5 2 0 2 3 3
-2168.5 -5978.1 -7.1 19 0 7.9 8.4 5.0 0.0 0 1 2 2 2
-2161.9 -5980.9 -7.5 19 0 4.4 6.2 5.0 0.0 0 1 2 2 2
-2164.9 -5989.8 -7.2 19 0 7.0 7.1 5.0 2.5 2 1 2 2 2
-2173.3 -5987.9 -6.6 19 0 8.7 6.7 5.0 2.5 2 0 2 0 0
-2168.9 -6000.2 -6.9 19 0 8.3 14.8 5.0 2.5 2 1 2 4 4
-375.3 897.1 3.9 58 0 5.7 5.7 7.5 2.5 2 1 3 3 3
-385.0 884.9 3.9 58 0 17.0 9.2 5.0 0.0 0 0 2 0 0
-405.6 878.1 4.3 149 0 10.1 11.1 7.5 2.5 2 1 3 2 2
1167.0 4735.7 -1.7 344 0 15.5 9.3 2.5 2.5 2 0 1 1 1
1683.0 6822.0 1.5 217 0 6.9 13.7 2.5 2.5 2 1 1 2 2
1677.2 6797.3 -0.6 47 0 7.3 6.2 2.5 2.5 2 0 1 4 4
1656.6 6779.4 -3.5 45 0 31.1 7.4 2.5 2.5 2 0 1 2 2
1629.1 6774.6 -1.5 46 0 4.5 8.8 2.5 2.5 2 1 1 5 5
1640.2 6762.9 -3.5 50 0 8.6 7.7 2.5 2.5 2 0 1 4 4
1632.7 6755.7 -3.3 49 0 8.1 6.1 2.5 2.5 2 0 1 1 1
1613.7 6760.6 -1.9 237 0 4.0 7.4 2.5 2.5 2 1 1 3 3
1623.4 6767.9 -2.1 218 0 3.2 5.6 2.5 2.5 2 1 1 2 2
1618.3 6770.5 -0.8 51 0 8.2 8.5 7.5 2.5 2 1 3 4 4
1605.9 6768.4 0.3 48 0 9.2 6.8 5.0 2.5 2 0 2 3 3
1602.0 6756.4 -0.2 57 0 5.0 5.7 2.5 2.5 2 1 1 1 1
1598.7 6764.0 0.7 45 0 5.2 7.4 7.5 2.5 2 1 3 5 5
1592.5 6759.2 1.0 48 0 5.1 5.9 2.5 2.5 2 1 1 4 4
1584.8 6766.1 1.9 144 0 3.2 4.5 5.0 2.5 2 1 2 1 1
1622.7 6746.9 -3.0 51 0 7.2 7.2 2.5 2.5 2 1 1 1 1
1633.5 6745.1 -5.1 230 0 6.6 8.1 2.5 2.5 4 1 1 0 0
1638.3 6732.3 -5.2 145 0 5.4 7.4 2.5 2.5 4 1 1 3 3
1659.3 6730.2 -5.0 51 0 9.4 5.8 2.5 2.5 2 0 1 0 0
1654.7 6735.8 -5.1 56 0 6.0 3.7 2.5 2.5 2 0 1 1 1
1644.0 6722.8 -4.9 134 0 7.9 9.0 2.5 2.5 2 1 1 4 4
1708.7 6802.5 -1.3 313 0 17.7 9.0 2.5 2.5 2 0 1 2 2
1718.4 6782.2 -3.3 327 0 6.2 9.5 2.5 0.0 0 1 1 5 5
1735.9 6749.2 -5.9 52 0 6.0 9.5 2.5 2.5 2 1 1 5 5
1729.6 6743.2 -5.8 52 0 6.0 7.1 2.5 2.5 2 1 1 0 0
1722.3 6736.8 -5.5 56 0 7.1 5.4 2.5 2.5 2 0 1 2 2
1703.1 6753.1 -5.7 138 0 7.3 8.0 2.5 2.5 2 1 1 0 0
1697.1 6742.7 -5.6 141 0 9.3 7.4 2.5 2.5 2 0 1 5 5
1715.3 6731.7 -5.2 51 0 5.3 3.7 2.5 2.5 4 0 1 3 3
1710.1 6724.5 -5.1 51 0 6.3 10.0 2.5 2.5 2 1 1 5 5
1691.6 6735.5 -5.2 220 0 4.7 3.8 2.5 2.5 4 0 1 5 5
1685.0 6741.1 -5.4 233 0 12.3 6.2 2.5 2.5 2 0 1 2 2
1686.7 6732.1 -5.0 234 0 5.5 6.3 2.5 2.5 4 1 1 0 0
1699.1 6718.0 -4.7 48 0 7.5 5.1 2.5 2.5 2 0 1 1 1
1687.0 6709.6 -4.4 43 0 6.6 6.3 2.5 2.5 2 0 1 4 4
1673.3 6731.0 -4.9 235 0 7.2 5.7 2.5 2.5 2 0 1 1 1
1664.3 6725.5 -4.7 230 0 6.9 12.4 2.5 2.5 2 1 1 3 3
1653.9 6710.3 -4.4 143 0 7.6 12.6 2.5 2.5 2 1 1 3 3
1664.7 6697.4 -4.0 140 0 7.3 11.0 2.5 2.5 2 1 1 0 0
1629.5 6734.9 -4.8 322 0 7.1 9.2 2.5 2.5 2 1 1 1 1
1615.7 6725.3 -4.6 229 0 9.5 5.8 2.5 2.5 2 0 1 5 5
1614.0 6738.8 -2.7 45 0 7.8 10.4 2.5 0.0 0 1 1 2 2
1634.6 6728.1 -5.0 327 0 5.1 8.5 2.5 2.5 2 1 1 0 0
1639.6 6718.9 -4.7 324 0 8.0 5.0 2.5 2.5 2 0 1 0 0
1633.9 6710.8 -4.6 57 0 5.5 7.1 2.5 2.5 2 1 1 1 1
1619.5 6717.7 -4.8 231 0 7.8 3.9 2.5 2.5 2 0 1 4 4
1628.7 6705.0 -4.5 47 0 6.9 6.7 2.5 0.0 0 0 1 3 3
1641.9 6707.4 -4.2 229 0 7.4 6.9 2.5 2.5 2 0 1 5 5
1654.9 6687.8 -3.5 322 0 7.6 8.1 2.5 2.5 2 1 1 2 2
1643.0 6672.4 -3.3 49 0 5.1 9.6 2.5 2.5 2 1 1 3 3
1627.8 6695.2 -3.9 237 0 8.7 7.1 2.5 2.5 2 0 1 5 5
1620.4 6688.3 -3.8 234 0 7.8 12.0 2.5 2.5 2 1 1 0 0
1624.9 6661.1 -6.4 60 0 7.4 6.6 2.5 2.5 2 0 1 4 4
1609.4 6680.3 -3.6 233 0 9.8 9.5 2.5 2.5 4 0 1 0 0
1596.5 6678.5 -3.8 48 0 16.0 15.4 2.5 2.5 2 0 1 4 4
1624.0 6697.1 -4.4 45 0 8.4 11.6 2.5 2.5 2 1 1 1 1
1600.2 6714.9 -4.3 228 0 10.4 9.2 2.5 2.5 2 0 1 5 5
1598.2 6721.1 -2.5 49 0 8.7 9.3 2.5 2.5 2 1 1 3 3
1590.3 6716.4 -2.0 40 0 5.6 6.1 2.5 2.5 2 1 1 0 0
1584.8 6707.5 -2.2 47 0 7.4 7.8 2.5 2.5 2 1 1 4 4
1577.1 6701.6 -1.8 43 0 6.8 7.7 2.5 2.5 4 1 1 4 4
1570.8 6695.0 -1.7 39 0 9.1 8.5 2.5 0.0 0 0 1 0 0
1548.8 6674.4 -1.4 48 0 9.1 8.8 2.5 0.0 0 0 1 3 3
1532.5 6671.2 -0.9 140 0 8.1 6.5 2.5 2.5 2 0 1 5 5
1550.0 6664.9 -3.1 226 0 6.7 8.4 2.5 2.5 2 1 1 1 1
1544.6 6651.1 -3.4 222 0 4.3 6.7 2.5 2.5 2 1 1 1 1
1540.1 6658.1 -2.7 229 0 9.9 7.3 2.5 2.5 2 0 1 2 2
1533.9 6649.6 -2.5 225 0 4.7 5.3 2.5 2.5 2 1 1 2 2
1534.8 6664.1 -1.1 45 0 5.0 4.4 2.5 2.5 2 0 1 2 2
1529.7 6655.7 -1.3 48 0 7.9 11.2 2.5 2.5 2 1 1 3 3
1521.3 6648.5 -1.1 51 0 6.7 6.9 2.5 2.5 2 1 1 5 5
1522.9 6639.4 -2.8 223 0 9.7 10.3 2.5 2.5 4 1 1 5 5
1516.4 6633.4 -2.2 227 0 4.1 5.6 2.5 2.5 2 1 1 2 2
1515.2 6630.0 -2.3 313 0 6.5 7.4 2.5 2.5 2 1 1 2 2
1500.0 6627.1 -1.3 38 0 7.8 8.3 2.5 2.5 2 1 1 3 3
1502.6 6640.1 -0.3 44 0 8.4 5.4 2.5 2.5 2 0 1 2 2
1491.3 6632.9 -0.3 48 0 5.9 6.3 2.5 2.5 2 1 1 1 1
