-6625.7 6943.0 -11.9 242 0 18.2 9.8 2.5 2.5 2 0 1 4 4
-6858.6 6903.0 -5.4 61 0 4.7 11.0 2.5 2.5 2 1 1 0 0
-6898.2 6954.0 -1.3 241 0 9.2 18.7 5.0 2.5 2 1 2 0 0
-6875.1 6908.8 -5.0 241 0 12.0 11.4 2.5 2.5 2 0 1 1 1
-6892.8 6891.4 -4.3 151 0 9.5 14.3 2.5 2.5 2 1 1 1 1
-6904.9 6885.8 -3.0 151 0 10.2 9.3 2.5 2.5 2 0 1 3 3
-6732.9 6940.6 -9.6 322 0 12.1 9.5 2.5 0.0 0 0 1 3 3
-6814.7 6951.5 -8.2 240 0 7.3 10.3 2.5 2.5 2 1 1 3 3
-6636.8 6959.4 -12.0 140 0 6.7 10.6 2.5 2.5 2 1 1 1 1
-6651.6 6954.6 -11.7 230 0 7.0 6.1 2.5 2.5 2 0 1 3 3
-6660.7 6959.1 -11.5 50 0 6.1 11.5 2.5 2.5 2 1 1 0 0
-6685.0 6957.2 -11.0 230 0 9.0 12.7 2.5 0.0 0 1 1 1 1
-6691.2 6947.0 -10.6 230 0 4.5 8.2 2.5 2.5 2 1 1 3 3
-6703.6 6942.4 -10.4 230 0 14.2 11.0 2.5 2.5 2 0 1 0 0
-6664.6 6930.5 -10.9 50 0 10.0 10.6 2.5 2.5 2 1 1 3 3
-6682.1 6916.0 -10.2 50 0 11.4 11.8 2.5 2.5 2 1 1 2 2
-6705.3 6907.1 -9.1 320 0 7.3 10.7 5.0 2.5 2 1 2 3 3
-6696.0 6882.3 -8.0 320 0 8.3 5.4 5.0 0.0 0 0 2 2 2
-6667.6 6908.1 -9.4 230 0 3.9 10.3 5.0 2.5 4 1 2 3 3
-6649.6 6917.5 -10.1 320 0 9.8 8.2 5.0 2.5 2 0 2 5 5
-6620.3 6916.8 -11.9 140 0 21.0 32.9 2.5 0.0 0 1 1 5 5
-6593.5 6880.5 -10.6 230 0 7.9 13.2 2.5 2.5 2 1 1 4 4
-6600.6 6888.6 -10.8 50 0 10.4 10.7 2.5 2.5 2 1 1 5 5
-6629.6 6870.1 -8.9 50 0 6.0 8.2 5.0 2.5 2 1 2 5 5
-6619.0 6874.5 -9.5 50 0 7.5 10.8 5.0 2.5 2 1 2 3 3
-6635.2 6896.2 -9.6 320 0 5.6 7.7 5.0 2.5 2 1 2 1 1
-6658.6 6879.5 -8.5 140 0 9.9 7.1 5.0 2.5 2 0 2 1 1
-6672.0 6867.4 -7.5 320 0 12.0 8.4 5.0 2.5 2 0 2 2 2
-6686.7 6828.3 -5.9 140 0 13.5 8.9 5.0 2.5 2 0 2 1 1
-6641.8 6804.4 -5.7 320 0 7.4 13.5 5.0 2.5 2 1 2 0 0
-6649.9 6821.0 -6.1 320 0 11.5 7.6 5.0 2.5 4 0 2 4 4
-6628.1 6850.2 -8.3 230 0 13.9 9.7 5.0 2.5 2 0 2 5 5
-6619.2 6827.7 -8.1 140 0 7.3 12.6 5.0 2.5 2 1 2 4 4
-6614.6 6792.9 -6.2 320 0 6.2 7.9 5.0 2.5 2 1 2 0 0
-6599.9 6771.8 -6.1 50 0 7.8 7.5 5.0 2.5 2 0 2 5 5
-6582.4 6825.5 -8.6 320 0 8.5 11.7 5.0 2.5 2 1 2 2 2
-6577.3 6797.2 -8.1 50 0 14.2 6.4 5.0 2.5 2 0 2 0 0
-6525.7 6837.1 -10.5 50 0 9.3 8.9 2.5 2.5 2 0 1 0 0
-6530.1 6868.7 -10.9 320 0 8.8 8.1 2.5 2.5 2 0 1 4 4
-6538.6 6936.7 -11.9 50 0 9.8 6.6 2.5 2.5 2 0 1 3 3
-6536.5 6924.2 -11.8 230 0 4.8 7.6 5.0 0.0 0 1 2 4 4
-6514.9 6919.7 -11.8 320 0 8.1 9.8 5.0 2.5 2 1 2 4 4
-6506.3 6907.4 -11.7 320 0 7.3 13.1 5.0 2.5 2 1 2 1 1
-6499.1 6856.6 -11.1 50 0 6.7 11.8 5.0 2.5 2 1 2 0 0
-6480.7 6870.9 -11.6 50 0 8.5 11.5 5.0 2.5 2 1 2 4 4
-6472.4 6854.0 -12.6 230 0 10.7 8.2 2.5 2.5 2 0 1 0 0
-6470.8 6822.5 -13.2 140 0 11.6 10.4 2.5 0.0 0 0 1 1 1
-6491.6 6814.1 -11.3 319 0 38.8 11.2 2.5 2.5 2 0 1 0 0
-6483.9 6781.8 -9.7 318 0 7.3 29.9 2.5 2.5 2 1 1 4 4
-6445.3 6752.6 -8.7 318 0 11.2 7.1 2.5 2.5 2 0 1 0 0
-6455.5 6741.2 -6.5 318 0 11.6 20.7 2.5 2.5 4 1 1 5 5
-6560.4 6813.3 -8.9 318 0 9.4 13.1 5.0 2.5 2 1 2 1 1
-6474.8 6789.5 -10.8 320 0 13.0 7.9 2.5 2.5 2 0 1 3 3
-6491.4 6869.1 -11.4 44 0 5.2 7.5 5.0 2.5 2 1 2 0 0
-6575.7 6747.3 -6.5 229 0 10.6 32.4 2.5 2.5 4 1 1 4 4
-6540.0 6708.2 -6.6 49 0 6.8 7.1 2.5 2.5 2 1 1 1 1
-6477.0 6711.1 -3.8 43 0 12.6 7.9 2.5 2.5 2 0 1 4 4
