-1492.9 2046.4 -7.8 147 0 5.8 5.3 2.5 2.5 2 0 1 5 5
-1194.6 2775.3 -3.2 269 0 7.0 9.2 5.0 2.5 2 0 2 3 3
-1002.9 2414.5 2.2 290 0 12.0 7.0 2.5 2.5 2 0 1 5 5
-1045.6 2304.4 2.7 291 0 8.9 8.0 2.5 2.5 2 0 1 1 1
-1373.6 2320.8 -10.7 109 0 12.9 7.2 2.5 2.5 2 0 1 3 3
-1398.6 2346.0 -10.6 17 0 8.6 6.6 2.5 2.5 2 0 1 1 1
-1384.1 2364.4 -11.6 27 0 7.0 5.6 2.5 2.5 2 0 1 4 4
-1370.6 2351.3 -11.0 205 0 7.0 8.1 2.5 0.0 0 1 1 4 4
-1364.0 2373.8 -10.7 201 0 8.6 6.8 2.5 2.5 2 0 1 0 0
-1377.5 2391.2 -11.5 20 0 11.0 9.9 2.5 2.5 2 0 1 3 3
-1367.0 2413.6 -11.5 23 0 10.5 21.5 2.5 2.5 2 1 1 4 4
-1395.3 2434.0 -10.4 191 0 7.4 6.7 2.5 2.5 2 0 1 4 4
-1388.0 2460.8 -9.4 216 0 4.4 7.4 2.5 0.0 0 1 1 5 5
-1362.3 2431.9 -11.0 22 0 7.3 8.7 2.5 2.5 2 1 1 0 0
-1353.4 2428.7 -11.2 22 0 8.3 8.1 2.5 2.5 2 0 1 0 0
-1349.4 2410.5 -11.3 206 0 9.8 20.0 2.5 2.5 2 1 1 5 5
-1379.2 2470.9 -9.2 297 0 9.2 6.7 2.5 2.5 2 0 1 3 3
-1356.2 2460.3 -10.1 296 0 8.5 8.9 2.5 2.5 2 1 1 1 1
-1320.1 2442.4 -11.4 295 0 8.2 7.0 2.5 2.5 2 0 1 3 3
-1301.0 2544.1 -11.2 24 0 8.4 12.0 2.5 2.5 2 1 1 1 1
-1281.7 2582.8 -10.9 26 0 9.7 6.5 2.5 2.5 4 0 1 0 0
-1267.6 2598.6 -9.1 24 0 4.2 4.5 2.5 2.5 2 1 1 2 2
-1230.7 2601.7 -5.6 206 0 4.0 3.7 5.0 2.5 2 0 2 3 3
-1200.5 2652.2 -2.9 296 0 3.7 4.0 5.0 2.5 2 1 2 2 2
-1211.3 2621.6 -3.3 25 0 4.0 3.8 5.0 2.5 2 0 2 1 1
-1267.4 2612.3 -8.3 25 0 7.8 8.2 2.5 2.5 2 1 1 3 3
-1253.5 2638.9 -4.8 25 0 7.8 8.2 2.5 2.5 2 1 1 2 2
-1240.6 2666.6 -4.3 25 0 7.8 8.2 2.5 2.5 2 1 1 2 2
-1256.3 2579.7 -8.2 205 0 7.8 8.2 5.0 2.5 2 1 2 3 3
-1245.1 2603.5 -6.8 205 0 7.8 8.2 5.0 2.5 2 1 2 2 2
-1232.2 2629.6 -4.5 205 0 7.8 8.2 5.0 2.5 2 1 2 3 3
-1219.1 2656.2 -3.9 205 0 7.8 8.2 5.0 2.5 2 1 2 2 2
-1285.1 2375.2 -9.0 21 0 3.6 4.0 2.5 2.5 2 1 1 0 0
-1267.8 2377.5 -8.9 19 0 5.2 9.8 2.5 2.5 2 1 1 3 3
-1278.9 2351.4 -7.4 23 0 4.0 8.7 2.5 2.5 2 1 1 0 0
-1293.1 2327.0 -6.9 20 0 7.5 9.6 2.5 2.5 2 1 1 5 5
-1312.1 2299.8 -6.4 117 0 10.4 7.3 2.5 2.5 2 0 1 4 4
-1336.4 2311.7 -8.1 102 0 4.3 5.4 2.5 2.5 2 1 1 0 0
-1402.7 2278.3 -9.7 203 0 12.4 10.0 5.0 2.5 2 0 2 2 2
-1362.4 2279.9 -9.3 299 0 11.5 35.1 5.0 2.5 2 1 2 1 1
-1332.7 2277.4 -6.2 296 0 8.0 7.3 5.0 2.5 2 0 2 5 5
-1321.5 2268.0 -5.7 26 0 7.3 10.2 5.0 2.5 2 0 2 0 0
-1334.1 2261.7 -5.7 20 0 7.3 3.0 5.0 2.5 4 0 2 5 5
-1334.3 2242.4 -5.8 22 0 7.4 9.2 5.0 2.5 2 1 2 0 0
-1256.9 2345.0 -5.0 201 0 6.5 7.9 5.0 2.5 2 1 2 0 0
-1270.7 2318.8 -4.6 202 0 6.8 9.0 5.0 2.5 4 1 2 1 1
-1276.1 2288.9 -3.0 203 0 6.0 3.4 5.0 2.5 2 0 2 1 1
-1284.7 2292.6 -4.0 208 0 8.4 8.3 5.0 2.5 2 0 2 0 0
-1291.6 2252.5 -1.9 207 0 7.2 5.8 5.0 2.5 2 0 2 4 4
-1300.9 2256.7 -2.9 205 0 6.9 8.8 5.0 2.5 2 1 2 1 1
-1312.0 2235.3 -2.6 201 0 8.5 8.9 5.0 2.5 2 1 2 1 1
-1324.0 2211.1 -2.4 201 0 8.4 9.0 5.0 2.5 2 1 2 1 1
-1333.8 2189.1 -1.8 201 0 7.7 8.7 5.0 2.5 2 1 2 3 3
-1387.0 2139.7 -0.3 27 0 6.8 9.8 2.5 2.5 2 1 1 5 5
-1401.5 2106.7 -1.7 27 0 4.9 8.9 2.5 0.0 0 1 1 0 0
-1384.4 2055.6 -2.1 28 0 8.5 6.5 5.0 2.5 2 0 2 4 4
-1401.4 2031.9 -3.6 117 0 6.9 6.3 5.0 0.0 0 0 2 1 1
-1410.7 2039.3 -4.6 207 0 7.7 8.2 5.0 2.5 2 0 2 3 3
-1439.1 2077.3 -5.1 19 0 5.7 15.0 2.5 0.0 0 1 1 5 5
-1434.8 2048.1 -6.0 31 0 7.6 7.2 2.5 2.5 2 0 1 2 2
-1442.0 2052.1 -6.7 30 0 8.3 10.5 2.5 2.5 2 1 1 2 2
-3464.4 5027.5 -9.2 89 0 6.2 4.3 7.5 2.5 2 0 3 1 1
-3432.3 5044.7 -9.4 95 0 4.8 4.4 7.5 0.0 0 0 3 4 4
-3402.4 5146.0 -8.0 307 0 4.7 10.8 7.5 2.5 2 0 3 4 4
-3418.6 5151.6 -8.0 217 0 10.8 14.0 7.5 2.5 2 0 3 5 5
-3404.3 5094.5 -9.4 200 0 8.8 8.2 7.5 2.5 2 0 3 5 5
-3394.5 5115.1 -8.6 191 0 14.2 7.4 5.0 2.5 2 0 2 0 0
-3367.7 5095.9 -8.7 5 0 9.4 8.0 5.0 2.5 2 0 2 1 1
-3371.5 5131.9 -7.5 265 0 4.4 5.9 7.5 2.5 2 1 3 2 2
-3460.9 5299.1 -14.0 88 0 6.5 6.2 7.5 0.0 0 0 3 0 0
-3405.3 5352.6 -13.5 138 0 7.8 12.8 7.5 2.5 4 1 3 4 4
-3315.0 5390.2 -10.6 54 0 6.2 8.7 5.0 2.5 2 1 2 0 0
-3293.5 5429.5 -10.4 1 0 5.8 8.2 2.5 2.5 2 1 1 2 2
-3419.2 5233.6 -8.9 98 0 7.0 7.1 7.5 2.5 4 1 3 4 4
-3404.5 5223.5 -7.6 135 0 9.9 6.1 7.5 2.5 2 0 3 5 5
-3375.9 5241.0 -6.8 278 0 7.8 13.7 2.5 2.5 2 1 1 3 3
-3363.5 5239.8 -6.5 278 0 7.6 13.6 5.0 2.5 4 1 2 3 3
-3347.9 5209.1 -6.9 107 0 8.4 9.1 7.5 2.5 2 1 3 5 5
-3333.1 5246.8 -7.0 265 0 5.8 11.2 2.5 2.5 4 1 1 1 1
-3316.0 5256.0 -7.1 208 0 6.4 7.2 7.5 2.5 2 1 3 0 0
-3314.7 5273.1 -6.7 223 0 7.9 11.3 7.5 2.5 2 1 3 4 4
-3306.0 5297.1 -6.0 240 0 9.2 7.0 5.0 2.5 2 0 2 5 5
-3292.2 5308.3 -6.1 284 0 7.8 9.8 5.0 2.5 2 1 2 5 5
-3283.2 5297.7 -6.5 308 0 5.9 8.0 7.5 2.5 2 1 3 1 1
-3277.0 5262.9 -7.6 350 0 6.2 6.7 7.5 2.5 4 1 3 0 0
-3275.4 5280.7 -7.3 293 0 6.6 7.5 5.0 2.5 2 1 2 5 5
2828.0 -6157.0 7.5 230 0 6.9 12.9 5.0 2.5 2 1 2 2 2
2815.0 -6173.4 7.3 149 0 10.3 7.4 5.0 2.5 2 0 2 5 5
2820.9 -6142.2 7.4 59 0 3.6 4.5 5.0 2.5 2 0 2 4 4
2802.3 -6095.3 6.7 329 0 5.3 7.4 5.0 2.5 2 0 2 0 0
2782.6 -6157.4 6.9 160 0 6.9 8.1 5.0 2.5 4 1 2 4 4
2816.0 -6146.4 7.4 59 0 10.7 6.5 5.0 2.5 2 0 2 0 0
2801.1 -6131.6 7.2 149 0 4.0 10.8 5.0 2.5 2 1 2 2 2
2785.9 -6103.3 6.8 149 0 3.9 10.8 5.0 2.5 2 0 2 4 4
2794.3 -6117.6 7.0 149 0 3.9 10.8 5.0 2.5 2 1 2 3 3
-202.0 235.5 5.9 230 0 3.6 4.6 5.0 0.0 0 1 2 5 5
-140.6 163.5 10.1 152 0 8.8 6.6 7.5 0.0 0 0 3 2 2
-755.1 1140.5 -5.4 72 0 7.3 6.0 5.0 2.5 2 0 2 0 0
-779.7 1128.9 -5.4 162 0 10.2 5.4 5.0 2.5 2 0 2 4 4
-5704.5 -3369.0 2.9 126 0 21.6 30.2 2.5 0.0 0 1 1 5 5
-5712.8 -3380.9 3.4 311 0 34.6 17.8 2.5 2.5 2 0 1 2 2
-5736.7 -3414.2 4.2 126 0 26.5 19.3 2.5 2.5 2 0 1 0 0
-5779.9 -3369.9 5.6 213 0 19.7 15.0 2.5 2.5 4 0 1 3 3
-5765.5 -3390.2 5.0 116 0 10.1 21.5 2.5 0.0 0 1 1 3 3
-5743.7 -3419.0 5.1 305 0 22.5 12.5 2.5 2.5 2 0 1 0 0
-5754.7 -3431.3 5.1 310 0 23.7 15.0 2.5 2.5 2 0 1 3 3
-5764.5 -3405.7 6.1 308 0 12.4 18.6 2.5 2.5 2 1 1 2 2
-5801.7 -3388.8 7.3 32 0 16.1 15.1 2.5 2.5 2 0 1 5 5
-5815.4 -3369.3 7.2 313 0 12.1 17.4 2.5 0.0 0 1 1 3 3
-5825.7 -3362.0 7.1 308 0 9.1 14.9 2.5 2.5 2 1 1 5 5
-5836.4 -3353.8 7.0 310 0 13.9 15.1 2.5 2.5 2 1 1 1 1
-5811.0 -3405.6 7.3 35 0 16.0 18.4 2.5 2.5 2 1 1 3 3
-5826.0 -3350.3 7.1 132 0 18.3 17.0 2.5 2.5 4 0 1 1 1
-5688.4 -3431.6 3.6 225 0 46.3 22.7 5.0 2.5 2 0 2 5 5
-5414.9 -2942.0 4.2 182 0 8.7 12.4 2.5 2.5 2 1 1 4 4
