2129.1 -249.1 -11.8 295 0 8.4 6.3 2.5 2.5 2 0 1 5 5
2152.6 -271.7 -10.1 107 0 9.0 7.2 2.5 2.5 2 0 1 2 2
2164.8 -277.0 -9.6 104 0 7.3 7.2 2.5 2.5 2 0 1 4 4
2178.5 -265.3 -11.2 286 0 8.5 7.6 2.5 2.5 2 0 1 3 3
2227.8 -288.4 -12.0 96 0 9.4 7.1 2.5 0.0 0 0 1 2 2
2257.7 -290.8 -12.0 95 0 10.4 7.3 2.5 2.5 2 0 1 0 0
2273.5 -280.6 -12.4 91 0 7.8 6.7 2.5 2.5 2 0 1 0 0
2187.3 -402.4 -1.7 304 0 7.8 8.8 5.0 2.5 2 1 2 5 5
2182.3 -379.4 -4.1 125 0 10.4 7.3 5.0 2.5 2 0 2 3 3
2197.2 -388.5 -3.8 125 0 8.5 7.3 5.0 2.5 2 0 2 2 2
2228.9 -376.6 -5.8 30 0 11.7 10.5 5.0 2.5 2 0 2 0 0
2210.4 -397.8 -4.6 121 0 9.1 19.5 5.0 2.5 2 1 2 0 0
2172.6 -312.1 -8.4 190 0 32.7 10.2 2.5 2.5 2 0 1 2 2
2201.7 -335.1 -9.9 100 0 10.4 31.5 2.5 2.5 2 1 1 1 1
2223.5 -328.8 -9.2 102 0 10.1 8.1 2.5 2.5 2 0 1 5 5
2230.2 -302.3 -10.7 277 0 15.1 8.3 2.5 0.0 0 0 1 2 2
2245.7 -303.5 -10.8 281 0 8.7 7.9 2.5 2.5 2 0 1 1 1
2262.9 -314.3 -10.3 279 0 6.3 9.1 2.5 2.5 2 1 1 5 5
2280.1 -305.4 -11.0 281 0 8.2 8.5 2.5 2.5 2 1 1 3 3
2293.6 -277.2 -11.8 103 0 10.3 5.4 2.5 2.5 2 0 1 4 4
2300.7 -287.8 -10.9 96 0 6.9 4.5 2.5 2.5 2 0 1 5 5
2298.3 -295.5 -11.1 94 0 9.2 6.6 2.5 2.5 2 0 1 3 3
2318.2 -311.1 -9.0 274 0 8.2 13.8 2.5 2.5 2 1 1 4 4
2319.6 -297.3 -9.5 96 0 10.0 10.8 2.5 2.5 2 1 1 0 0
2341.1 -300.4 -7.8 95 0 11.8 7.6 2.5 2.5 2 0 1 0 0
2338.7 -311.3 -7.4 270 0 6.2 8.5 2.5 2.5 2 1 1 0 0
2356.7 -313.4 -6.1 271 0 10.0 6.4 2.5 2.5 2 0 1 5 5
2359.4 -301.7 -6.6 92 0 10.4 8.1 2.5 2.5 2 0 1 1 1
2436.8 -333.0 -4.7 78 0 9.5 8.1 5.0 2.5 2 0 2 4 4
2497.4 -374.3 -0.5 210 0 9.9 6.8 5.0 2.5 2 0 2 0 0
2496.6 -418.0 10.9 121 0 9.0 7.0 5.0 2.5 2 0 2 2 2
2444.6 -267.5 -11.1 313 0 11.4 10.3 2.5 2.5 2 0 1 4 4
2426.8 -287.0 -9.1 133 0 12.8 9.4 2.5 2.5 2 0 1 4 4
2327.3 -411.0 1.2 43 0 9.6 4.3 5.0 2.5 2 0 2 1 1
2315.6 -401.9 -1.0 223 0 13.3 6.1 5.0 2.5 2 0 2 3 3
2298.1 -420.1 2.4 223 0 9.3 6.2 5.0 2.5 2 0 2 1 1
2298.4 -442.9 6.7 43 0 5.0 6.7 5.0 2.5 2 1 2 0 0
2285.7 -432.3 4.6 223 0 7.0 8.3 5.0 2.5 2 1 2 2 2
2272.7 -446.4 6.9 223 0 9.3 9.0 5.0 2.5 2 0 2 2 2
2256.7 -462.3 9.5 223 0 7.1 10.1 5.0 2.5 2 1 2 0 0
2241.8 -481.8 11.5 133 0 4.9 9.4 5.0 2.5 2 1 2 2 2
2222.4 -465.1 4.4 133 0 10.1 9.9 5.0 2.5 2 0 2 1 1
2237.6 -438.2 0.7 313 0 7.5 11.4 5.0 2.5 2 1 2 5 5
2243.8 -445.2 3.1 313 0 8.4 7.8 5.0 2.5 2 0 2 1 1
2262.0 -433.2 0.1 43 0 7.5 10.1 2.5 0.0 0 1 1 5 5
2275.3 -420.9 -1.5 43 0 8.1 9.7 2.5 2.5 2 1 1 0 0
2287.3 -401.4 -3.5 313 0 9.8 8.9 2.5 2.5 2 0 1 2 2
2291.3 -385.4 -7.5 133 0 7.5 9.6 2.5 2.5 2 1 1 4 4
2315.5 -375.5 -8.2 43 0 12.0 13.2 2.5 2.5 2 1 1 3 3
2330.8 -363.1 -7.3 43 0 8.0 10.8 2.5 2.5 4 1 1 4 4
2353.5 -340.0 -6.1 43 0 12.3 9.3 2.5 2.5 2 0 1 5 5
2342.9 -351.0 -6.7 43 0 12.5 10.3 2.5 2.5 2 0 1 1 1
2344.3 -378.3 -4.3 223 0 6.2 8.2 5.0 2.5 2 1 2 1 1
2359.5 -369.3 -4.5 223 0 8.0 7.8 5.0 2.5 4 0 2 1 1
2354.2 -360.4 -5.2 223 0 10.5 8.1 5.0 2.5 2 0 2 1 1
2365.4 -347.2 -4.6 223 0 15.6 7.5 5.0 2.5 2 0 2 3 3
2378.3 -335.6 -3.6 223 0 7.0 8.7 5.0 2.5 2 1 2 0 0
2374.7 -324.1 -4.9 43 0 12.8 8.8 2.5 2.5 2 0 1 1 1
2377.9 -304.4 -6.0 133 0 9.1 8.2 2.5 2.5 4 0 1 5 5
2401.9 -298.3 -6.3 43 0 10.8 9.3 2.5 2.5 2 0 1 2 2
2425.2 -302.6 -6.4 313 0 13.3 26.1 5.0 2.5 4 1 2 3 3
2491.0 -329.0 -12.0 121 0 9.5 16.4 2.5 2.5 2 1 1 5 5
2476.8 -318.9 -10.4 122 0 9.6 7.6 2.5 2.5 2 0 1 5 5
2456.3 -318.1 -7.3 301 0 9.6 7.6 5.0 2.5 2 0 2 1 1
2469.9 -327.4 -7.6 302 0 9.2 11.7 5.0 2.5 2 1 2 2 2
2483.8 -337.7 -7.5 302 0 8.8 15.3 5.0 0.0 0 1 2 1 1
2501.5 -347.9 -7.3 302 0 7.0 11.4 5.0 2.5 2 1 2 5 5
2514.0 -358.5 -6.5 302 0 7.0 8.8 5.0 0.0 0 1 2 0 0
2547.9 -380.7 -3.2 302 0 10.0 13.4 5.0 2.5 2 1 2 3 3
2562.7 -389.5 -2.1 302 0 10.5 7.1 5.0 2.5 2 0 2 0 0
2580.9 -429.4 9.2 302 0 10.2 11.5 2.5 2.5 2 1 1 3 3
2594.7 -407.9 0.1 301 0 11.1 16.4 5.0 2.5 2 1 2 1 1
2577.2 -397.1 -1.3 301 0 9.3 11.4 5.0 2.5 2 1 2 1 1
2566.0 -376.8 -11.0 121 0 15.5 14.3 2.5 2.5 2 0 1 3 3
2594.2 -371.6 -12.0 301 0 6.4 10.2 2.5 2.5 2 1 1 2 2
2598.6 -398.9 -7.8 121 0 8.0 12.0 2.5 2.5 2 1 1 2 2
2621.6 -405.2 -8.7 120 0 7.0 9.5 2.5 2.5 2 1 1 1 1
2616.0 -412.5 -4.8 121 0 9.4 8.5 2.5 2.5 2 0 1 1 1
-415.9 4661.0 -7.3 152 0 10.3 35.0 2.5 2.5 2 1 1 0 0
-432.4 4670.6 -6.1 345 0 8.9 8.6 2.5 0.0 0 0 1 5 5
