6899.6 -3424.9 -6.2 334 0 8.6 15.5 2.5 2.5 2 1 1 3 3
6905.3 -3398.1 -5.2 328 0 11.0 31.1 2.5 2.5 2 1 1 2 2
6855.1 -3362.9 -1.3 145 0 14.0 17.8 2.5 2.5 2 1 1 5 5
6890.0 -3344.0 0.1 335 0 13.2 17.1 2.5 2.5 2 1 1 5 5
6766.9 -3140.4 1.6 164 0 14.5 18.2 5.0 0.0 0 1 2 3 3
6776.0 -3064.0 2.1 341 0 32.9 16.1 5.0 2.5 2 0 2 4 4
6768.6 -3031.5 0.0 339 0 15.0 23.6 5.0 2.5 2 1 2 0 0
6677.9 -2992.0 3.0 308 0 8.0 7.7 2.5 2.5 2 0 1 4 4
6800.4 -2934.3 -7.3 146 0 8.3 12.8 5.0 2.5 2 1 2 0 0
6764.9 -2831.2 -5.0 357 0 8.2 9.2 5.0 2.5 2 1 2 1 1
6698.8 -2808.8 -5.8 336 0 7.7 12.4 5.0 0.0 0 1 2 5 5
6644.4 -2835.1 -5.9 67 0 4.8 8.3 5.0 2.5 2 1 2 5 5
6546.3 -2816.6 -5.8 156 0 18.8 21.0 5.0 2.5 2 1 2 2 2
6550.3 -2789.8 -6.0 245 0 15.8 8.6 5.0 2.5 2 0 2 1 1
6580.0 -2757.2 -6.6 224 0 8.7 7.1 5.0 2.5 2 0 2 5 5
6640.6 -2736.0 -6.5 223 0 6.1 7.9 5.0 2.5 2 1 2 0 0
6651.1 -2723.3 -6.6 245 0 16.3 26.1 5.0 2.5 4 1 2 3 3
6476.9 -2792.2 1.4 327 0 10.0 8.4 2.5 2.5 2 0 1 0 0
6437.8 -2661.9 -4.1 159 0 10.7 5.0 5.0 2.5 2 0 2 5 5
6444.8 -2659.3 -4.9 166 0 13.1 11.9 5.0 2.5 2 0 2 5 5
6448.9 -2567.3 -7.1 254 0 8.3 16.9 5.0 2.5 2 1 2 0 0
6528.8 -2521.6 -7.4 232 0 9.2 12.5 5.0 2.5 2 1 2 3 3
6588.1 -2552.3 -7.6 319 0 9.8 8.2 5.0 2.5 2 0 2 1 1
6714.2 -2785.7 -5.3 157 0 14.5 13.5 2.5 2.5 2 0 1 5 5
6773.6 -2743.5 -3.6 325 0 9.2 7.9 2.5 2.5 2 0 1 2 2
6752.2 -2690.1 -4.2 328 0 7.4 14.6 2.5 2.5 2 1 1 0 0
6744.0 -2667.4 -4.4 315 0 9.4 11.3 2.5 2.5 2 1 1 0 0
6683.8 -2655.4 -6.0 151 0 10.6 11.9 2.5 2.5 2 1 1 2 2
6676.8 -2623.1 -6.5 166 0 5.6 11.1 2.5 2.5 2 1 1 0 0
6706.6 -2557.9 -5.2 340 0 13.9 10.1 2.5 2.5 2 0 1 2 2
6755.3 -2648.9 -4.1 115 0 8.3 14.3 2.5 2.5 4 1 1 2 2
6746.3 -2628.6 -4.4 172 0 7.4 15.6 2.5 2.5 2 1 1 2 2
6742.6 -2604.5 -4.7 159 0 3.5 7.5 2.5 2.5 2 1 1 3 3
6798.8 -2629.6 -3.6 310 0 6.8 11.7 2.5 2.5 2 1 1 1 1
6730.2 -2572.3 -4.8 129 0 4.8 11.8 2.5 2.5 2 1 1 1 1
6801.3 -2570.6 -4.3 347 0 9.7 13.1 2.5 0.0 0 1 1 4 4
6810.9 -2618.5 -3.4 341 0 6.3 7.9 2.5 2.5 2 1 1 3 3
6818.9 -2660.8 -2.9 354 0 7.9 4.3 2.5 2.5 2 0 1 4 4
6841.7 -2732.4 -2.9 345 0 7.2 7.0 2.5 2.5 2 0 1 5 5
6768.1 -2516.1 -4.9 240 0 11.9 22.7 2.5 2.5 4 1 1 1 1
6730.2 -2419.9 -8.9 334 0 12.0 23.7 2.5 2.5 2 1 1 1 1
6679.5 -2432.0 -7.6 225 0 10.3 11.5 2.5 2.5 2 1 1 1 1
6657.1 -2525.2 -5.2 159 0 12.5 11.9 2.5 2.5 2 0 1 0 0
6730.2 -2384.9 -11.2 153 0 17.5 25.9 5.0 0.0 0 1 2 4 4
6688.2 -2355.8 -7.2 314 0 9.7 7.8 5.0 0.0 0 0 2 3 3
6657.2 -2381.8 -7.4 331 0 10.9 10.2 5.0 2.5 2 0 2 4 4
6682.5 -2331.0 -6.4 322 0 5.0 10.1 5.0 0.0 0 1 2 5 5
6627.6 -2234.4 -5.7 131 0 14.2 11.9 5.0 2.5 2 0 2 1 1
6647.9 -2289.7 -4.6 322 0 14.5 9.0 5.0 2.5 4 0 2 3 3
6593.5 -2244.8 -2.3 218 0 9.3 12.0 5.0 2.5 2 1 2 4 4
6594.7 -2224.7 -5.2 131 0 7.7 21.2 5.0 2.5 2 1 2 1 1
6590.6 -2206.8 -5.0 126 0 9.8 5.7 5.0 2.5 2 0 2 1 1
6536.2 -2183.9 -7.1 117 0 10.4 12.4 5.0 2.5 2 1 2 3 3
6523.5 -2207.1 -3.6 211 0 14.0 13.5 5.0 2.5 2 0 2 5 5
6496.9 -2217.6 -3.2 45 0 7.9 3.4 5.0 2.5 2 0 2 2 2
6501.7 -2200.0 -6.3 41 0 11.2 7.5 5.0 2.5 2 0 2 3 3
6455.0 -2232.4 -3.3 279 0 7.4 6.2 5.0 2.5 2 0 2 2 2
6475.9 -2245.7 -2.9 30 0 13.0 3.5 5.0 2.5 2 0 2 5 5
6491.7 -2244.5 -2.7 281 0 8.2 8.3 5.0 2.5 2 1 2 0 0
6474.9 -2261.5 -3.3 197 0 8.6 12.7 5.0 2.5 4 1 2 3 3
6465.6 -2272.9 -3.8 222 0 10.4 15.7 5.0 2.5 4 1 2 2 2
6532.4 -2297.5 -3.5 36 0 8.6 14.0 5.0 2.5 2 1 2 5 5
6550.0 -2264.6 -2.6 299 0 9.7 11.8 5.0 2.5 2 1 2 4 4
6466.1 -2309.3 -4.7 303 0 9.6 11.8 2.5 2.5 2 1 1 1 1
6453.6 -2299.5 -4.6 290 0 5.4 10.3 2.5 2.5 2 1 1 0 0
6422.4 -2341.9 -5.8 232 0 6.4 12.3 2.5 0.0 0 1 1 3 3
6472.4 -2348.8 -5.4 16 0 8.7 8.6 2.5 2.5 2 0 1 2 2
6483.8 -2494.5 -6.9 141 0 4.8 7.9 2.5 2.5 2 1 1 4 4
6556.5 -2450.1 -6.8 324 0 10.3 21.2 2.5 2.5 2 1 1 2 2
6570.0 -2443.7 -6.9 139 0 10.3 19.0 5.0 2.5 2 1 2 5 5
6611.1 -2431.8 -7.1 317 0 8.0 10.5 5.0 2.5 2 1 2 3 3
6552.9 -2414.6 -6.8 145 0 18.4 10.6 5.0 2.5 2 0 2 5 5
6587.3 -2398.4 -7.0 293 0 6.5 9.2 5.0 2.5 2 1 2 2 2
6532.1 -2396.1 -6.5 144 0 8.1 9.6 5.0 2.5 2 1 2 3 3
6527.0 -2384.8 -6.2 147 0 5.6 12.3 5.0 2.5 2 1 2 2 2
6563.7 -2361.8 -6.0 326 0 12.2 16.4 5.0 2.5 2 1 2 1 1
6571.0 -2374.0 -6.3 316 0 4.9 17.5 5.0 2.5 4 1 2 3 3
6518.4 -2355.6 -5.3 129 0 3.8 5.1 5.0 2.5 2 1 2 3 3
6451.0 -2526.4 -7.0 38 0 7.4 12.6 5.0 2.5 2 1 2 0 0
6431.3 -2439.3 -6.0 353 0 8.5 15.9 2.5 2.5 2 1 1 1 1
6396.9 -2382.9 -5.4 326 0 11.1 6.0 2.5 2.5 2 0 1 3 3
6380.6 -2388.5 -5.0 222 0 6.4 8.6 2.5 2.5 2 1 1 4 4
6380.1 -2366.9 -5.3 221 0 6.1 8.2 2.5 2.5 2 1 1 2 2
6380.5 -2333.4 -6.2 56 0 4.6 4.7 5.0 2.5 4 1 2 4 4
6828.7 -3312.0 -1.4 166 0 7.4 7.2 2.5 2.5 2 0 1 2 2
6840.1 -3343.5 -1.4 158 0 7.4 5.8 2.5 2.5 2 0 1 5 5
6867.7 -3390.0 -3.8 160 0 23.2 13.1 2.5 2.5 2 0 1 2 2
