-2535.0 -3633.0 -15.1 87 0 7.7 14.1 5.0 2.5 2 1 2 1 1
-2636.1 -3534.5 -7.3 109 0 9.9 11.2 5.0 2.5 2 1 2 1 1
-3343.5 -3595.2 -11.5 271 0 11.7 18.2 5.0 2.5 2 1 2 4 4
-2368.9 -3552.3 -3.6 68 0 8.3 9.0 5.0 2.5 2 1 2 5 5
-3345.9 -3690.7 -16.5 80 0 7.5 13.4 5.0 2.5 2 1 2 3 3
-2715.0 -3694.3 -15.1 111 0 7.5 15.5 5.0 2.5 2 1 2 0 0
-3385.7 -3683.8 -16.9 256 0 16.6 7.2 5.0 0.0 0 0 2 1 1
-4002.7 -2885.0 -5.6 337 0 34.5 10.7 14.0 3.5 2 0 4 5 5
-3431.8 -3705.8 -16.6 158 0 6.3 7.4 5.0 2.5 2 1 2 5 5
-2387.9 -3581.9 -10.5 248 0 7.7 6.1 2.5 2.5 2 0 1 0 0
-4765.9 -1598.1 1.7 85 0 5.5 20.5 5.0 2.5 2 1 2 0 0
-1815.4 -3164.5 8.7 180 0 6.7 7.3 5.0 2.5 2 1 2 5 5
-2458.3 -3718.5 -18.9 67 0 8.5 9.0 2.5 2.5 2 1 1 4 4
-4717.4 -1852.1 -6.7 192 0 11.8 12.0 5.0 2.5 2 1 2 1 1
-2495.3 -3617.0 -14.5 68 0 9.9 7.1 5.0 2.5 2 0 2 3 3
-1869.8 -3347.3 -12.2 64 0 7.7 6.0 5.0 0.0 0 0 2 3 3
-2182.2 -3415.7 -4.6 266 0 11.5 7.2 5.0 2.5 2 0 2 3 3
-2312.3 -3605.7 -15.1 232 0 7.7 5.9 2.5 0.0 0 0 1 2 2
-2386.3 -3647.4 -18.0 226 0 12.4 9.3 2.5 2.5 4 0 1 1 1
-4759.2 -1681.7 -0.4 137 0 7.1 15.7 5.0 2.5 2 1 2 2 2
-2993.0 -3611.9 -17.3 20 0 9.9 10.6 5.0 2.5 2 1 2 2 2
-2607.7 -3683.1 -15.6 175 0 5.5 8.2 5.0 2.5 2 1 2 5 5
-3097.5 -3570.6 -14.8 6 0 9.2 9.0 2.5 2.5 2 0 1 2 2
-2914.4 -3596.5 -15.9 114 0 7.7 10.2 5.0 2.5 2 1 2 4 4
-2392.8 -3560.2 -4.9 60 0 7.3 9.2 5.0 2.5 2 1 2 4 4
-4050.0 -2847.6 -9.5 156 0 10.6 13.0 14.0 3.5 2 1 4 0 0
-3121.9 -3587.0 -15.1 358 0 9.7 24.1 2.5 2.5 2 1 1 0 0
-2588.6 -3715.8 -16.2 87 0 8.2 8.0 5.0 2.5 2 0 2 1 1
-2853.5 -3612.6 -15.7 20 0 9.5 8.2 5.0 2.5 2 0 2 1 1
-2522.9 -3730.2 -18.9 254 0 8.3 12.2 2.5 2.5 4 1 1 4 4
-3270.2 -3617.6 -13.8 0 0 12.8 13.8 5.0 2.5 2 1 2 0 0
-2987.6 -3432.1 -9.5 90 0 5.4 9.0 2.5 2.5 2 1 1 5 5
-3563.2 -3754.2 -12.1 74 0 8.0 6.1 5.0 2.5 2 0 2 0 0
-4124.7 -2688.4 -8.2 151 0 26.5 11.6 14.0 3.5 2 0 4 2 2
-2449.2 -3594.2 -11.0 65 0 6.8 9.8 5.0 2.5 2 1 2 3 3
-2648.9 -3754.1 -19.4 104 0 10.9 12.0 2.5 2.5 2 1 1 5 5
-4631.7 -1813.2 -6.8 10 0 22.5 17.1 5.0 2.5 2 0 2 3 3
-4022.5 -2842.0 -6.9 333 0 10.4 8.3 10.5 3.5 2 0 3 3 3
-3169.3 -3570.9 -13.0 358 0 7.3 8.5 2.5 2.5 2 1 1 4 4
-2601.0 -3542.0 -6.7 110 0 10.2 9.5 5.0 0.0 0 0 2 3 3
-4102.5 -2782.7 -11.2 152 0 8.0 24.4 10.5 3.5 2 1 3 3 3
-2037.3 -3448.7 -11.4 245 0 9.0 10.6 2.5 2.5 2 1 1 2 2
-2565.7 -3562.3 -7.6 109 0 13.1 12.7 5.0 2.5 2 0 2 1 1
-3166.9 -3617.4 -15.6 97 0 6.5 7.6 2.5 2.5 2 1 1 4 4
-4075.0 -2779.5 -10.0 148 0 7.5 6.4 10.5 3.5 2 0 3 0 0
-4654.8 -2232.3 -14.8 17 0 10.2 17.0 14.0 0.0 0 1 4 2 2
-2753.1 -3675.6 -15.0 114 0 8.4 9.3 2.5 2.5 2 1 1 3 3
-2490.2 -3732.2 -19.0 74 0 9.7 8.1 2.5 2.5 2 0 1 0 0
-2604.8 -3758.9 -19.8 86 0 6.8 5.9 2.5 2.5 2 0 1 2 2
-3093.2 -3428.6 -5.4 289 0 12.6 7.8 2.5 2.5 2 0 1 5 5
-4790.1 -1404.2 6.6 345 0 19.6 7.0 2.5 2.5 2 0 1 5 5
-4776.2 -1610.4 1.3 79 0 20.9 7.4 5.0 2.5 2 0 2 4 4
-2668.7 -3677.4 -15.3 12 0 8.0 17.5 5.0 2.5 2 1 2 3 3
-4760.5 -1577.3 1.9 267 0 3.2 14.0 5.0 2.5 4 1 2 4 4
-2437.5 -3705.6 -18.6 64 0 5.3 7.6 2.5 2.5 2 1 1 5 5
-3986.4 -2935.4 -1.1 333 0 9.7 8.5 10.5 3.5 2 0 3 2 2
-5564.1 -1573.5 -18.5 90 0 8.2 14.9 5.0 2.5 2 1 2 0 0
-4136.2 -2545.2 -9.2 142 0 22.3 14.4 10.5 3.5 2 0 3 1 1
-2502.3 -3702.3 -16.6 65 0 7.8 7.2 5.0 2.5 2 0 2 3 3
-1798.8 -3273.1 -8.5 88 0 7.1 11.8 5.0 2.5 2 1 2 4 4
-2809.7 -3679.9 -16.7 292 0 8.3 8.4 5.0 2.5 2 1 2 0 0
-3166.7 -3637.7 -16.6 88 0 6.8 8.5 2.5 2.5 2 1 1 0 0
-2377.5 -3655.5 -18.1 222 0 6.9 3.8 2.5 0.0 0 0 1 1 1
-3983.3 -2722.8 0.1 21 0 8.9 9.2 10.5 3.5 2 1 3 2 2
-2085.6 -3493.3 -13.8 74 0 11.1 8.4 2.5 0.0 0 0 1 1 1
-3011.9 -3457.6 -10.8 277 0 10.2 9.3 2.5 0.0 0 0 1 1 1
-3187.7 -3662.1 -17.4 270 0 17.1 8.7 2.5 0.0 0 0 1 2 2
-4125.3 -2331.2 -12.3 220 0 7.4 12.5 7.0 3.5 2 1 2 2 2
-4704.7 -1743.1 -1.2 121 0 10.1 10.3 5.0 2.5 4 1 2 2 2
-3173.6 -3539.9 -11.7 279 0 10.4 10.4 2.5 2.5 2 1 1 0 0
-2629.4 -3715.7 -15.9 101 0 6.5 14.4 5.0 2.5 2 1 2 0 0
-1685.7 -3387.8 -10.2 69 0 24.6 10.2 2.5 2.5 2 0 1 3 3
-2508.3 -3726.3 -19.0 258 0 9.9 13.5 2.5 2.5 2 1 1 5 5
-3392.4 -3605.1 -11.6 179 0 9.7 8.8 5.0 2.5 2 0 2 3 3
-3989.8 -2922.1 -2.0 333 0 7.5 8.2 10.5 0.0 0 1 3 1 1
-2601.3 -3666.8 -15.5 266 0 10.6 6.6 5.0 2.5 2 0 2 1 1
-2409.5 -3557.4 -3.7 67 0 4.8 5.6 5.0 2.5 2 1 2 3 3
-2555.1 -3713.2 -16.4 90 0 9.1 8.5 5.0 2.5 2 0 2 4 4
-2540.8 -3661.4 -15.8 269 0 11.5 8.8 5.0 2.5 2 0 2 5 5
-2604.4 -3740.7 -19.1 272 0 7.5 9.2 2.5 0.0 0 1 1 1 1
-2730.4 -3716.1 -16.0 203 0 7.1 6.1 2.5 2.5 4 0 1 4 4
-2894.5 -3496.1 -12.5 21 0 5.1 9.1 2.5 2.5 2 1 1 4 4
-4684.7 -2215.6 -15.0 288 0 16.4 11.6 14.0 3.5 2 0 4 5 5
-2882.0 -3609.1 -15.9 110 0 6.8 7.7 5.0 2.5 2 1 2 2 2
-3158.9 -3445.9 -3.1 264 0 12.0 6.7 2.5 2.5 4 0 1 0 0
-2904.3 -3509.8 -13.1 21 0 10.8 8.5 2.5 2.5 2 0 1 3 3
-2825.4 -3669.7 -16.9 296 0 8.6 8.6 5.0 2.5 2 1 2 5 5
-4829.5 -1395.2 3.5 162 0 161.8 20.6 2.5 0.0 0 0 1 0 0
-3207.6 -3661.4 -17.3 267 0 8.1 25.3 2.5 2.5 2 1 1 3 3
-5577.5 -1570.1 -17.6 85 0 7.3 10.4 5.0 2.5 2 1 2 0 0
-2869.4 -3670.1 -17.3 111 0 8.5 8.9 5.0 2.5 2 1 2 3 3
-2887.8 -3548.7 -14.0 107 0 9.6 8.9 5.0 2.5 2 0 2 0 0
-2405.6 -3566.8 -5.9 67 0 7.2 6.9 5.0 0.0 0 0 2 2 2
-1798.8 -3184.6 3.4 266 0 8.1 9.0 5.0 2.5 2 1 2 4 4
-2378.5 -3637.7 -17.3 236 0 4.3 7.6 2.5 2.5 2 1 1 3 3
-2314.9 -3573.1 -12.1 56 0 10.2 7.1 2.5 0.0 0 0 1 4 4
-4062.2 -2362.9 -10.5 43 0 18.1 10.9 10.5 3.5 2 0 3 3 3
-2651.5 -3690.2 -15.4 10 0 9.6 7.1 5.0 2.5 2 0 2 5 5
-2459.3 -3623.2 -15.6 336 0 7.3 11.4 5.0 2.5 2 1 2 5 5
-2907.3 -3612.8 -16.3 116 0 8.1 7.2 5.0 0.0 0 0 2 3 3
-3090.8 -3530.1 -13.5 103 0 8.4 7.6 2.5 0.0 0 0 1 2 2
-2119.3 -3461.2 -9.6 74 0 6.7 9.2 5.0 2.5 2 1 2 0 0
-2913.6 -3537.5 -14.0 83 0 7.2 8.3 2.5 2.5 2 1 1 3 3
-2517.6 -3665.1 -16.0 274 0 6.1 13.9 5.0 2.5 2 1 2 0 0
-2449.1 -3644.8 -16.3 331 0 5.9 7.0 5.0 2.5 2 1 2 2 2
-2545.7 -3736.0 -18.8 266 0 10.6 6.8 2.5 2.5 2 0 1 1 1
-3377.3 -3664.7 -15.7 270 0 5.6 8.8 5.0 2.5 4 1 2 4 4
-2940.1 -3533.5 -14.1 109 0 8.1 13.9 2.5 2.5 2 1 1 3 3
-2890.8 -3642.4 -17.1 292 0 7.1 7.5 5.0 2.5 2 1 2 5 5
-4133.1 -2654.1 -7.8 174 0 24.4 9.3 10.5 3.5 2 0 3 2 2
-3279.0 -3585.7 -12.6 269 0 10.1 15.0 5.0 2.5 2 1 2 0 0
-2557.1 -3599.4 -12.6 193 0 8.9 7.2 5.0 2.5 2 0 2 3 3
-2481.6 -3610.9 -14.0 65 0 10.0 9.5 5.0 0.0 0 0 2 0 0
-4083.9 -2337.9 -11.2 314 0 7.5 6.8 7.0 0.0 0 0 2 1 1
-2868.3 -3390.4 -8.0 17 0 7.7 13.5 2.5 2.5 2 1 1 3 3
-4160.3 -2339.5 -12.6 222 0 9.4 9.5 7.0 3.5 2 1 2 4 4
-1874.8 -3334.0 -11.5 63 0 6.5 8.7 5.0 2.5 4 1 2 3 3
-2468.8 -3723.3 -19.0 67 0 10.7 8.9 2.5 2.5 2 0 1 4 4
-2841.0 -3351.1 -4.0 177 0 5.6 6.0 2.5 2.5 2 1 1 0 0
-3066.3 -3539.1 -14.5 109 0 9.4 5.4 2.5 0.0 0 0 1 3 3
-1867.6 -3330.3 -11.0 62 0 4.2 7.7 5.0 2.5 2 1 2 2 2
-2821.7 -3468.8 -10.8 1 0 10.1 7.2 5.0 2.5 2 0 2 5 5
-4016.1 -2709.0 0.5 203 0 9.9 13.7 10.5 3.5 2 1 3 2 2
-2458.9 -3649.3 -16.2 332 0 5.1 7.0 5.0 2.5 2 1 2 1 1
-4063.2 -2862.5 -10.6 153 0 27.4 11.1 14.0 3.5 4 0 4 2 2
-4002.7 -3010.5 -3.2 162 0 29.7 11.6 14.0 0.0 0 0 4 1 1
-4031.4 -2742.6 -4.3 204 0 11.0 12.3 14.0 3.5 2 1 4 0 0
-2866.8 -3557.1 -14.1 106 0 7.4 15.2 5.0 2.5 2 1 2 4 4
-2580.8 -3659.6 -15.5 270 0 7.5 9.0 5.0 2.5 2 1 2 5 5
-2923.0 -3605.0 -16.3 110 0 11.7 7.8 5.0 2.5 2 0 2 0 0
-2953.6 -3429.4 -10.3 89 0 8.2 10.4 2.5 2.5 2 1 1 4 4
-2827.0 -3529.1 -13.0 6 0 8.8 7.0 5.0 2.5 2 0 2 4 4
-3958.0 -2716.9 2.3 24 0 10.3 35.5 14.0 3.5 2 1 4 1 1
-2497.0 -3638.7 -15.5 239 0 8.5 7.2 5.0 0.0 0 0 2 2 2
-2770.3 -3614.5 -14.7 291 0 10.4 10.6 2.5 2.5 2 1 1 2 2
-2919.5 -3358.3 -4.4 86 0 9.9 14.0 2.5 2.5 2 1 1 5 5
-4628.2 -1789.3 -4.3 9 0 13.9 17.3 5.0 2.5 2 1 2 5 5
-2435.9 -3584.7 -9.5 67 0 12.6 8.9 5.0 2.5 2 0 2 1 1
-4714.2 -1709.8 -2.8 301 0 8.2 9.4 5.0 2.5 2 1 2 1 1
-2919.0 -3386.3 -7.8 263 0 7.3 9.8 2.5 2.5 2 1 1 0 0
-3168.8 -3661.7 -17.5 269 0 5.6 12.0 2.5 2.5 2 1 1 1 1
-2466.6 -3598.0 -11.6 66 0 8.2 8.9 5.0 2.5 2 1 2 2 2
-4134.9 -2628.5 -7.4 180 0 16.5 9.4 10.5 3.5 2 0 3 1 1
-2771.2 -3666.8 -15.0 115 0 14.1 9.3 2.5 2.5 2 0 1 1 1
-2943.9 -3598.3 -16.3 115 0 6.7 9.2 5.0 2.5 2 1 2 4 4
-2500.8 -3661.9 -16.0 272 0 8.7 7.6 5.0 0.0 0 0 2 1 1
-2664.3 -3528.4 -7.9 108 0 12.5 17.2 5.0 2.5 2 1 2 5 5
-4089.4 -2794.8 -10.9 149 0 5.5 13.9 10.5 3.5 2 1 3 0 0
-2710.6 -3643.7 -15.4 198 0 8.3 12.9 5.0 0.0 0 1 2 1 1
-5553.2 -1573.2 -18.1 85 0 6.8 11.6 7.5 2.5 2 1 3 5 5
-1910.5 -3326.5 -10.3 46 0 9.8 8.8 5.0 2.5 4 0 2 3 3
-4093.5 -2747.4 -9.8 148 0 17.1 10.6 14.0 3.5 2 0 4 3 3
-1938.3 -3292.2 -6.0 220 0 8.3 8.8 5.0 2.5 2 1 2 4 4
-2269.4 -3542.9 -10.8 60 0 9.2 9.4 2.5 2.5 2 1 1 4 4
-2740.0 -3718.7 -16.2 20 0 9.6 15.7 5.0 2.5 2 1 2 3 3
-2171.6 -3472.2 -11.1 71 0 8.8 6.3 5.0 2.5 2 0 2 5 5
-2463.7 -3689.4 -16.9 60 0 10.0 7.2 5.0 2.5 2 0 2 4 4
-2336.8 -3586.6 -12.7 57 0 6.9 11.8 2.5 2.5 2 1 1 5 5
-2045.6 -3384.0 -4.3 58 0 8.0 8.0 5.0 2.5 2 1 2 5 5
-2812.2 -3421.7 -5.4 86 0 8.9 9.9 2.5 2.5 2 1 1 4 4
-2447.1 -3711.1 -18.7 67 0 8.0 6.5 2.5 2.5 2 0 1 2 2
-3965.2 -2996.9 1.7 343 0 28.6 12.5 14.0 0.0 0 0 4 5 5
-2152.7 -3476.5 -11.4 89 0 5.1 6.5 5.0 0.0 0 1 2 2 2
-2277.6 -3498.4 -5.7 58 0 7.6 5.7 5.0 2.5 2 0 2 1 1
-3950.4 -2698.8 4.0 26 0 12.2 35.2 14.0 3.5 2 1 4 3 3
-2741.1 -3625.8 -15.1 290 0 14.4 10.3 2.5 2.5 4 0 1 0 0
-4040.5 -2921.1 -8.5 151 0 16.7 13.2 14.0 3.5 2 0 4 3 3
-3143.4 -3626.7 -16.4 91 0 10.6 31.7 2.5 2.5 2 1 1 3 3
-4147.3 -2326.9 -12.9 221 0 11.9 10.6 3.5 3.5 2 0 1 5 5
-2760.7 -3574.1 -12.9 108 0 23.2 9.8 2.5 2.5 2 0 1 2 2
-2354.9 -3598.2 -13.4 59 0 11.8 10.1 2.5 2.5 2 0 1 2 2
-2459.6 -3631.6 -15.7 335 0 4.4 5.2 5.0 0.0 0 1 2 4 4
-4695.5 -1713.8 -1.4 281 0 8.8 14.1 5.0 2.5 2 1 2 0 0
-2371.3 -3571.4 -8.8 240 0 9.9 6.7 2.5 2.5 2 0 1 2 2
-2880.4 -3494.5 -12.5 206 0 13.0 12.5 5.0 2.5 2 0 2 4 4
-2842.9 -3585.9 -14.8 19 0 9.1 11.1 5.0 2.5 2 1 2 0 0
-4107.8 -2719.3 -7.8 148 0 22.7 10.2 14.0 3.5 2 0 4 2 2
-2541.1 -3712.3 -16.5 87 0 7.2 12.5 5.0 2.5 2 1 2 3 3
-2326.9 -3616.2 -15.6 238 0 6.6 6.7 2.5 2.5 2 1 1 3 3
-2219.9 -3494.1 -11.1 64 0 6.7 5.2 5.0 2.5 2 0 2 0 0
-2926.1 -3590.4 -15.8 108 0 9.9 8.6 5.0 2.5 2 0 2 0 0
-2572.9 -3716.8 -16.5 89 0 7.7 9.0 5.0 2.5 2 1 2 2 2
-1922.9 -3309.8 -8.6 221 0 8.7 6.8 5.0 2.5 2 0 2 2 2
-2886.0 -3625.5 -16.4 116 0 9.1 11.2 5.0 2.5 2 1 2 0 0
-2898.3 -3383.8 -8.2 268 0 10.6 12.0 2.5 2.5 2 1 1 5 5
-2344.0 -3630.9 -16.4 236 0 6.6 3.8 2.5 2.5 2 0 1 0 0
-4701.1 -2208.4 -15.1 287 0 8.8 12.9 10.5 3.5 2 1 3 4 4
-2825.1 -3508.7 -12.5 0 0 10.6 11.5 5.0 2.5 2 1 2 4 4
-2376.9 -3602.8 -13.8 57 0 5.9 8.3 2.5 2.5 2 1 1 4 4
-2480.9 -3696.0 -16.7 68 0 8.5 8.4 5.0 2.5 4 0 2 3 3
-2848.0 -3677.9 -17.2 113 0 10.4 7.7 5.0 2.5 2 0 2 3 3
-2276.9 -3569.8 -13.0 236 0 8.6 6.3 2.5 2.5 2 0 1 4 4
-2954.5 -3552.5 -15.1 199 0 13.4 8.8 5.0 2.5 2 0 2 4 4
-2822.2 -3451.5 -9.1 358 0 7.5 7.7 5.0 2.5 2 1 2 5 5
-2619.3 -3762.7 -20.1 94 0 6.3 9.6 2.5 2.5 2 1 1 0 0
-2302.8 -3562.0 -11.2 50 0 9.2 8.5 2.5 0.0 0 0 1 3 3
-2909.2 -3430.1 -10.6 90 0 9.3 11.7 2.5 2.5 2 1 1 4 4
-2275.6 -3505.1 -6.8 66 0 9.1 4.4 5.0 2.5 4 0 2 5 5
-4092.1 -2387.5 -10.8 132 0 11.0 24.2 14.0 3.5 4 1 4 1 1
-1879.7 -3304.4 -7.3 68 0 5.9 4.3 5.0 2.5 2 0 2 2 2
-2253.3 -3531.8 -11.5 44 0 7.9 6.9 2.5 2.5 2 0 1 4 4
-2944.4 -3447.7 -11.8 267 0 9.8 14.2 2.5 2.5 2 1 1 3 3
-2987.6 -3453.9 -10.7 268 0 8.7 6.6 2.5 2.5 2 0 1 4 4
-4779.1 -1569.0 3.7 263 0 4.2 3.4 5.0 2.5 2 0 2 1 1
-2155.2 -3498.9 -15.0 254 0 8.4 8.3 2.5 2.5 2 0 1 0 0
-2430.8 -3629.2 -16.8 154 0 30.1 11.0 2.5 0.0 0 0 1 3 3
-3204.8 -3601.3 -14.9 184 0 27.2 9.3 2.5 2.5 4 0 1 0 0
-2846.1 -3597.9 -15.2 24 0 8.6 17.1 5.0 2.5 2 1 2 2 2
-3985.1 -3050.4 -1.9 158 0 27.9 10.3 14.0 0.0 0 0 4 5 5
-4690.6 -2127.6 -13.2 107 0 8.0 9.9 3.5 3.5 2 1 1 0 0
-2513.3 -3626.5 -14.8 91 0 9.4 9.9 5.0 2.5 2 1 2 4 4
-2869.4 -3630.0 -16.3 113 0 12.7 9.1 5.0 2.5 2 0 2 5 5
-2883.0 -3426.6 -10.4 86 0 12.6 8.7 2.5 2.5 2 0 1 1 1
-2013.7 -3430.4 -10.3 253 0 10.1 8.7 2.5 2.5 2 0 1 0 0
-2367.8 -3580.0 -10.3 244 0 11.9 5.2 2.5 2.5 4 0 1 1 1
-3363.8 -3679.1 -16.6 269 0 7.8 8.0 5.0 0.0 0 1 2 5 5
-1901.3 -3296.0 -7.1 267 0 6.3 9.0 5.0 2.5 2 1 2 3 3
-2867.9 -3365.1 -6.1 79 0 7.7 8.5 2.5 0.0 0 1 1 3 3
-2055.7 -3457.7 -11.6 253 0 6.2 10.6 2.5 2.5 2 1 1 4 4
-3441.8 -3691.7 -15.3 262 0 7.2 6.9 5.0 2.5 2 0 2 4 4
-2681.2 -3709.2 -15.0 114 0 10.5 9.2 5.0 2.5 2 0 2 4 4
-2961.5 -3590.4 -16.2 104 0 6.8 9.9 5.0 2.5 2 1 2 1 1
-4682.4 -1832.5 -7.0 295 0 8.8 14.3 5.0 2.5 2 1 2 2 2
-5530.8 -1573.7 -18.0 90 0 9.4 10.9 7.5 2.5 2 1 3 2 2
-1968.2 -3303.1 -4.7 224 0 7.3 8.5 5.0 2.5 4 1 2 2 2
-2891.6 -3477.2 -11.9 15 0 9.4 10.7 2.5 2.5 2 1 1 3 3
-2887.3 -3566.9 -15.0 281 0 7.2 11.7 5.0 2.5 2 1 2 3 3
-4784.8 -1423.5 5.9 346 0 10.5 7.2 2.5 2.5 2 0 1 2 2
-2315.8 -3597.7 -14.5 234 0 11.2 6.2 2.5 2.5 2 0 1 5 5
-2837.0 -3564.0 -14.1 20 0 8.8 10.2 5.0 2.5 2 1 2 4 4
-2562.2 -3658.9 -15.7 267 0 10.3 7.6 5.0 2.5 2 0 2 0 0
-4660.1 -1901.6 -10.3 19 0 9.6 14.5 5.0 2.5 2 1 2 5 5
-4011.6 -2986.6 -3.9 157 0 11.5 16.9 14.0 3.5 2 1 4 5 5
-2975.2 -3480.5 -12.1 266 0 7.2 7.8 2.5 2.5 2 1 1 2 2
-2174.3 -3506.3 -15.5 241 0 6.0 9.9 2.5 2.5 2 1 1 0 0
-2629.5 -3680.7 -15.7 180 0 7.3 7.0 5.0 2.5 2 0 2 2 2
-2401.5 -3658.2 -18.0 235 0 7.6 6.9 2.5 2.5 2 0 1 0 0
-2904.2 -3361.4 -5.0 85 0 6.6 8.0 2.5 2.5 2 1 1 4 4
-4104.2 -2807.2 -11.7 149 0 10.5 8.4 10.5 3.5 2 0 3 5 5
-2869.1 -3612.6 -15.8 114 0 6.9 8.1 5.0 2.5 2 1 2 3 3
-3368.6 -3585.1 -9.4 272 0 26.7 9.0 5.0 2.5 2 0 2 2 2
-4064.2 -2756.3 -8.9 241 0 11.8 18.6 14.0 3.5 2 1 4 2 2
-2259.1 -3557.1 -12.5 228 0 7.2 9.9 2.5 2.5 2 1 1 5 5
-2203.2 -3450.2 -8.5 79 0 7.3 9.4 5.0 2.5 2 1 2 5 5
-2901.1 -3525.1 -13.6 354 0 5.0 7.8 2.5 2.5 2 1 1 4 4
-2884.9 -3515.3 -13.1 207 0 7.2 10.3 5.0 2.5 2 1 2 1 1
-3994.1 -2909.6 -3.2 331 0 8.4 9.5 10.5 3.5 2 1 3 2 2
-4636.7 -1831.4 -7.8 11 0 8.0 28.2 5.0 2.5 2 1 2 0 0
-2332.1 -3608.1 -15.2 238 0 10.1 7.6 2.5 2.5 2 0 1 4 4
-5543.5 -1572.4 -17.6 87 0 6.3 9.9 5.0 2.5 2 1 2 5 5
-4136.6 -2372.1 -12.0 135 0 18.8 10.6 7.0 3.5 4 0 2 1 1
-2193.0 -3514.0 -15.1 238 0 8.4 8.7 2.5 2.5 2 1 1 2 2
-2551.1 -3579.6 -11.2 198 0 12.0 10.1 5.0 2.5 2 0 2 2 2
-3163.9 -3601.3 -14.9 94 0 8.7 11.1 2.5 2.5 2 1 1 5 5
-2005.2 -3346.7 -6.7 248 0 10.1 5.6 5.0 0.0 0 0 2 5 5
-2174.7 -3462.1 -10.1 57 0 9.3 3.4 5.0 2.5 2 0 2 5 5
-2779.0 -3697.9 -16.6 290 0 23.4 10.8 5.0 2.5 2 0 2 3 3
-2822.2 -3489.0 -11.8 350 0 6.7 9.5 5.0 2.5 2 1 2 1 1
-2141.6 -3403.4 -1.7 270 0 8.4 6.7 5.0 2.5 2 0 2 4 4
-2898.9 -3538.3 -14.0 197 0 10.1 6.4 5.0 2.5 2 0 2 5 5
-2361.9 -3641.7 -17.4 231 0 6.3 6.0 2.5 2.5 4 0 1 0 0
-2285.1 -3553.8 -11.0 57 0 8.0 6.1 2.5 2.5 2 0 1 2 2
-4022.7 -2725.2 -2.1 204 0 11.1 14.6 14.0 0.0 0 1 4 4 4
-4025.2 -2952.7 -6.3 156 0 30.9 12.3 14.0 3.5 2 0 4 3 3
-4050.0 -2318.3 -10.4 313 0 16.5 6.0 7.0 0.0 0 0 2 5 5
-4784.3 -1574.6 3.4 263 0 16.2 9.3 5.0 2.5 2 0 2 2 2
-2938.2 -3311.4 0.3 204 0 6.1 9.2 2.5 2.5 2 1 1 1 1
-2325.9 -3529.2 -5.3 63 0 9.6 10.1 5.0 2.5 2 1 2 5 5
-4051.3 -2333.4 -10.7 315 0 28.9 13.4 21.0 0.0 0 0 6 5 5
-3306.7 -3667.4 -15.4 271 0 28.1 9.4 5.0 2.5 2 0 2 5 5
-2395.6 -3666.8 -18.4 234 0 6.4 5.6 2.5 2.5 4 0 1 5 5
-2446.0 -3653.8 -16.6 334 0 7.2 6.5 5.0 2.5 2 0 2 4 4
-3311.0 -3579.3 -11.0 270 0 33.5 9.4 5.0 2.5 2 0 2 0 0
-4647.5 -1877.2 -9.8 23 0 17.3 10.4 5.0 0.0 0 0 2 5 5
-2523.6 -3707.9 -16.5 78 0 7.7 11.6 5.0 2.5 2 1 2 5 5
-2238.1 -3460.9 -7.2 156 0 6.6 8.4 5.0 2.5 2 1 2 3 3
-2545.1 -3752.2 -19.6 88 0 8.2 6.6 2.5 2.5 2 0 1 4 4
-3026.6 -3436.2 -8.6 90 0 9.4 9.2 2.5 2.5 2 0 1 2 2
-3951.5 -3055.5 2.2 69 0 12.5 30.7 14.0 3.5 2 1 4 0 0
-2240.0 -3520.0 -12.4 137 0 7.1 8.3 5.0 2.5 2 1 2 2 2
-2349.1 -3621.1 -16.3 240 0 10.4 8.3 2.5 2.5 2 0 1 2 2
-4020.9 -2353.0 -9.3 39 0 7.6 7.8 3.5 0.0 0 1 1 1 1
-4083.6 -2806.5 -10.8 150 0 11.2 44.3 14.0 3.5 2 1 4 1 1
-2607.0 -3716.9 -16.2 87 0 10.8 9.4 5.0 2.5 2 0 2 2 2
-2793.4 -3656.1 -15.3 114 0 13.2 7.3 2.5 2.5 2 0 1 3 3
-2371.1 -3611.0 -15.1 57 0 11.1 7.0 2.5 0.0 0 0 1 1 1
-4163.9 -2360.2 -12.2 221 0 8.7 10.0 10.5 3.5 2 1 3 1 1
-2583.0 -3741.0 -19.2 268 0 14.8 8.5 2.5 2.5 2 0 1 1 1
-2073.5 -3470.4 -11.7 253 0 10.3 6.0 2.5 2.5 4 0 1 1 1
-2367.3 -3633.7 -17.0 230 0 5.7 5.4 2.5 0.0 0 0 1 0 0
-3086.1 -3479.1 -9.5 13 0 7.3 10.6 2.5 2.5 2 1 1 2 2
-4048.2 -2893.8 -9.8 156 0 18.2 11.2 14.0 3.5 2 0 4 0 0
-2341.9 -3573.1 -9.4 67 0 10.6 4.7 2.5 2.5 2 0 1 4 4
-2294.1 -3513.8 -6.5 52 0 8.5 6.4 5.0 2.5 2 0 2 4 4
-3980.2 -2948.0 0.3 334 0 8.5 10.1 10.5 3.5 2 1 3 5 5
-3186.8 -3687.4 -17.7 90 0 9.1 10.4 2.5 2.5 2 1 1 4 4
-4848.9 -1255.9 16.5 348 0 7.0 42.6 2.5 2.5 2 1 1 0 0
-2226.0 -3533.4 -14.6 224 0 8.1 12.3 2.5 0.0 0 1 1 5 5
-1651.9 -3099.4 2.1 95 0 5.6 5.3 2.5 2.5 2 0 1 2 2
-3277.4 -3640.3 -14.7 90 0 9.9 14.7 5.0 2.5 2 1 2 4 4
-2561.3 -3669.4 -15.8 268 0 6.7 6.1 5.0 2.5 2 0 2 1 1
-2417.3 -3676.9 -18.1 229 0 8.6 5.5 2.5 0.0 0 0 1 4 4
-4639.7 -1860.3 -8.6 26 0 13.0 9.9 5.0 2.5 2 0 2 3 3
-1829.8 -3181.4 6.2 249 0 11.9 6.4 5.0 2.5 2 0 2 1 1
-2733.8 -3592.6 -14.5 111 0 7.4 8.8 2.5 2.5 2 1 1 1 1
-2414.9 -3594.4 -13.8 245 0 17.9 8.3 2.5 2.5 2 0 1 1 1
-4682.8 -1743.2 -1.2 285 0 13.0 9.8 5.0 0.0 0 0 2 5 5
-2657.7 -3710.9 -15.4 97 0 9.9 8.7 5.0 2.5 2 0 2 4 4
-2058.2 -3489.8 -14.3 77 0 4.3 9.1 2.5 0.0 0 1 1 1 1
-4689.5 -1858.8 -7.3 187 0 7.0 6.6 5.0 2.5 4 0 2 5 5
-4712.0 -1876.9 -7.3 188 0 7.1 9.3 5.0 2.5 2 1 2 3 3
-4713.2 -1827.6 -6.3 184 0 10.3 6.4 5.0 2.5 2 0 2 0 0
-4721.8 -1875.9 -7.0 181 0 10.0 8.2 5.0 2.5 2 0 2 3 3
-4710.5 -1915.2 -10.4 183 0 5.2 4.7 5.0 2.5 2 0 2 2 2
-4729.3 -1922.6 -10.8 189 0 25.5 11.0 5.0 2.5 2 0 2 5 5
-4812.1 -1780.0 3.5 270 0 10.0 7.8 2.5 2.5 2 0 1 5 5
-4919.0 -1978.8 -9.8 264 0 9.2 12.6 5.0 2.5 2 1 2 1 1
-4998.0 -1952.0 -7.5 110 0 7.5 9.7 7.5 2.5 2 1 3 3 3
-5021.7 -1927.0 -4.6 130 0 6.0 8.0 5.0 2.5 2 1 2 4 4
-4972.0 -1963.6 -7.2 119 0 9.0 10.1 5.0 2.5 4 1 2 2 2
-4982.0 -2006.0 -9.5 223 0 10.3 9.5 5.0 2.5 2 0 2 5 5
-5002.7 -1987.4 -9.5 40 0 15.6 9.6 5.0 2.5 2 0 2 3 3
