-6710.0 -6869.6 -9.9 241 0 3.5 7.6 2.5 2.5 2 1 1 1 1
-6703.8 -6927.6 -9.7 322 0 12.2 11.4 2.5 2.5 2 0 1 1 1
-6756.7 -6916.8 -8.9 142 0 7.4 8.8 2.5 2.5 2 1 1 3 3
-6743.6 -6934.3 -9.1 142 0 6.4 14.0 2.5 0.0 0 1 1 3 3
-6732.8 -6948.1 -9.1 142 0 10.6 10.1 2.5 2.5 2 0 1 3 3
-6767.5 -6952.0 -8.3 52 0 16.3 20.5 5.0 2.5 2 1 2 1 1
-6848.3 -6901.6 -4.4 241 0 6.0 11.2 5.0 2.5 2 1 2 3 3
-6848.9 -6952.1 -3.7 55 0 9.1 10.9 5.0 2.5 2 1 2 0 0
-6819.9 -6863.8 -7.7 320 0 10.4 12.2 5.0 2.5 2 1 2 1 1
-6877.9 -6842.8 -1.7 230 0 9.3 13.5 5.0 2.5 2 1 2 3 3
-6834.3 -6849.7 -6.8 320 0 12.7 7.1 5.0 2.5 2 0 2 0 0
-6831.3 -6824.0 -8.1 140 0 12.3 11.8 5.0 2.5 2 0 2 3 3
-6852.8 -6706.0 -12.9 140 0 11.7 12.0 2.5 2.5 2 1 1 2 2
-6880.6 -6690.8 -10.9 140 0 11.7 14.4 2.5 2.5 2 1 1 3 3
-6889.7 -6706.2 -7.1 320 0 8.2 13.8 2.5 2.5 2 1 1 2 2
-6872.4 -6721.2 -9.0 320 0 17.0 13.0 2.5 0.0 0 0 1 3 3
-6830.8 -6768.4 -8.4 320 0 12.5 7.3 5.0 2.5 2 0 2 5 5
-6810.0 -6803.0 -8.7 320 0 19.3 9.4 5.0 0.0 0 0 2 5 5
-6786.1 -6828.4 -8.9 320 0 12.4 10.7 5.0 2.5 4 0 2 4 4
-6811.4 -6843.3 -8.2 230 0 9.1 11.0 5.0 2.5 2 1 2 5 5
-6794.6 -6873.3 -8.6 140 0 19.9 11.9 5.0 2.5 2 0 2 5 5
-6771.0 -6854.8 -9.0 320 0 19.6 8.6 5.0 2.5 2 0 2 3 3
-6753.9 -6876.7 -9.1 320 0 9.2 17.3 5.0 2.5 2 1 2 1 1
-6736.5 -6809.4 -8.5 320 0 8.8 15.5 5.0 2.5 2 1 2 1 1
-6770.3 -6808.5 -8.7 230 0 14.3 7.9 5.0 2.5 2 0 2 2 2
-6815.2 -6734.6 -11.8 230 0 9.9 6.8 2.5 2.5 2 0 1 1 1
-6795.5 -6750.7 -11.6 50 0 6.6 10.8 2.5 2.5 4 1 1 0 0
-6792.0 -6763.2 -9.7 230 0 5.0 14.8 5.0 2.5 2 1 2 4 4
-6795.4 -6772.4 -8.7 230 0 4.0 11.8 5.0 2.5 2 1 2 5 5
-6771.0 -6790.4 -8.2 50 0 4.0 9.5 5.0 2.5 2 1 2 4 4
-6763.3 -6785.6 -8.3 50 0 7.8 12.1 5.0 2.5 4 1 2 0 0
-6754.8 -6734.2 -12.2 320 0 8.0 9.4 2.5 2.5 2 1 1 5 5
-6730.2 -6779.0 -7.8 140 0 14.2 7.6 2.5 2.5 2 0 1 2 2
-6703.8 -6779.7 -10.5 320 0 13.9 6.1 2.5 2.5 2 0 1 0 0
-6748.0 -6844.3 -9.5 230 0 8.6 12.6 2.5 2.5 2 1 1 0 0
-6729.5 -6868.1 -9.8 50 0 13.9 9.7 2.5 2.5 2 0 1 4 4
-6713.8 -6854.4 -9.8 50 0 5.5 9.4 2.5 2.5 2 1 1 3 3
-6719.4 -6831.1 -9.1 320 0 13.0 8.5 2.5 2.5 2 0 1 4 4
-6683.1 -6832.1 -9.7 50 0 12.8 8.3 2.5 2.5 2 0 1 4 4
-6704.7 -6819.4 -9.7 140 0 8.7 9.6 2.5 2.5 2 1 1 1 1
-6685.0 -6796.2 -12.1 320 0 9.4 8.2 2.5 2.5 2 0 1 0 0
-6669.9 -6817.2 -11.0 50 0 6.1 12.0 2.5 2.5 2 1 1 4 4
-6655.2 -6831.7 -9.8 320 0 10.8 9.8 5.0 2.5 2 0 2 0 0
-6677.7 -6844.7 -9.8 230 0 8.7 13.3 5.0 2.5 2 1 2 1 1
-6661.1 -6866.5 -9.8 140 0 9.7 8.8 5.0 2.5 2 0 2 0 0
-6703.9 -6887.6 -10.1 140 0 6.1 8.5 2.5 2.5 2 1 1 4 4
-6691.6 -6916.2 -10.2 140 0 8.5 5.1 2.5 0.0 0 0 1 0 0
-6664.7 -6929.3 -10.5 50 0 7.4 8.9 2.5 2.5 2 1 1 5 5
-6661.9 -6903.3 -10.3 320 0 12.2 5.9 2.5 2.5 2 0 1 1 1
-6651.8 -6917.5 -10.4 50 0 7.0 8.5 2.5 2.5 2 1 1 3 3
-6648.3 -6884.0 -10.0 140 0 8.5 7.5 5.0 2.5 2 0 2 0 0
-6613.1 -6888.0 -10.4 50 0 5.0 12.5 5.0 2.5 4 1 2 4 4
-6620.5 -6893.7 -10.3 50 0 5.9 9.0 5.0 2.5 2 1 2 1 1
-6629.3 -6903.1 -10.3 50 0 8.3 13.2 5.0 2.5 2 1 2 4 4
-6609.9 -6902.3 -10.6 230 0 5.0 8.3 5.0 2.5 2 1 2 4 4
-6621.6 -6910.6 -10.6 230 0 8.6 9.9 5.0 2.5 4 1 2 0 0
-6578.4 -6918.7 -10.7 320 0 8.9 9.7 5.0 2.5 2 1 2 4 4
-6606.8 -6934.6 -10.7 140 0 14.1 11.4 5.0 2.5 2 0 2 0 0
-6643.5 -6929.7 -10.6 230 0 12.4 7.9 5.0 2.5 2 0 2 3 3
