3248.2 -5336.4 -6.8 206 0 6.6 10.9 2.5 2.5 2 1 1 3 3
3172.9 -5443.4 -1.0 214 0 7.4 6.1 2.5 2.5 2 0 1 0 0
3163.7 -5438.0 -1.1 214 0 7.6 9.6 2.5 0.0 0 1 1 0 0
3158.1 -5413.3 -2.1 29 0 4.4 10.8 5.0 2.5 2 1 2 2 2
3147.8 -5426.9 -1.6 29 0 4.4 10.8 5.0 2.5 2 1 2 2 2
3120.3 -5424.0 -1.7 220 0 4.9 3.5 5.0 2.5 2 0 2 1 1
3138.9 -5438.1 -1.3 26 0 7.3 10.8 5.0 2.5 2 1 2 0 0
3133.0 -5447.2 -1.0 26 0 7.0 10.6 5.0 2.5 2 1 2 1 1
3128.4 -5463.3 -0.3 15 0 4.6 10.2 5.0 2.5 2 1 2 4 4
3139.6 -5470.7 0.3 219 0 7.6 10.0 2.5 2.5 2 1 1 0 0
3131.2 -5485.4 0.5 208 0 6.4 15.0 2.5 0.0 0 1 1 0 0
3125.2 -5497.3 0.6 207 0 6.5 10.8 2.5 2.5 2 1 1 5 5
3119.4 -5506.5 0.5 211 0 8.2 5.9 2.5 2.5 2 0 1 3 3
3115.2 -5492.6 0.1 30 0 6.6 12.3 5.0 2.5 2 1 2 0 0
3097.5 -5508.3 -0.1 135 0 13.5 7.9 5.0 2.5 2 0 2 4 4
3083.7 -5495.4 -0.3 137 0 7.8 9.0 5.0 2.5 2 1 2 1 1
3087.0 -5532.9 -0.1 54 0 4.2 6.6 5.0 2.5 2 0 2 1 1
3095.6 -5523.6 -0.1 324 0 4.8 10.3 5.0 0.0 0 0 2 5 5
3084.1 -5510.3 -0.4 325 0 4.8 10.3 5.0 2.5 4 1 2 3 3
3073.4 -5499.4 -0.5 322 0 6.2 7.1 5.0 2.5 2 1 2 4 4
3058.1 -5514.6 -0.5 251 0 4.4 4.7 5.0 2.5 2 1 2 1 1
3102.3 -5566.4 0.3 53 0 5.9 5.5 2.5 2.5 2 0 1 2 2
3125.4 -5561.8 0.5 325 0 4.8 10.3 2.5 2.5 2 1 1 4 4
3155.0 -5600.8 0.1 317 0 9.7 7.5 2.5 2.5 2 0 1 4 4
3167.1 -5614.0 -0.1 323 0 6.2 12.8 2.5 2.5 2 1 1 3 3
3192.2 -5654.8 -0.6 54 0 6.0 6.8 2.5 2.5 2 1 1 1 1
3027.4 -5508.3 -1.5 170 0 6.7 4.2 5.0 2.5 2 0 2 4 4
2925.8 -5656.0 -2.2 186 0 12.3 21.0 2.5 2.5 2 1 1 5 5
3041.2 -5591.4 -0.7 220 0 11.2 31.6 2.5 2.5 2 1 1 5 5
3152.4 -5580.7 -0.0 143 0 26.1 12.5 2.5 2.5 2 0 1 1 1
3143.4 -5584.6 0.3 319 0 7.0 8.7 2.5 2.5 2 1 1 5 5
3113.2 -5527.9 0.3 130 0 7.2 7.7 2.5 2.5 2 1 1 2 2
3123.4 -5538.5 0.5 133 0 7.5 7.5 2.5 2.5 2 0 1 3 3
