3161.0 260.1 0.5 184 0 8.0 7.3 5.0 2.5 2 0 2 5 5
3140.8 245.6 -0.7 0 0 4.1 4.9 5.0 2.5 2 1 2 3 3
3152.5 515.0 -0.3 85 0 5.0 3.9 2.5 2.5 2 0 1 0 0
3241.7 214.2 0.9 186 0 8.1 6.7 2.5 2.5 2 0 1 4 4
3132.1 350.4 0.1 355 0 5.7 5.7 2.5 0.0 0 0 1 4 4
3184.8 430.3 0.3 359 0 7.4 9.2 2.5 2.5 2 1 1 5 5
3145.0 386.0 0.5 4 0 6.8 8.2 5.0 2.5 2 1 2 5 5
3281.5 306.6 0.7 91 0 8.6 9.8 2.5 2.5 2 1 1 5 5
3211.2 197.5 0.9 274 0 7.1 8.6 2.5 2.5 2 1 1 5 5
3114.1 363.6 -0.4 269 0 8.7 8.0 2.5 2.5 2 0 1 5 5
3179.2 515.1 0.1 89 0 6.6 6.8 2.5 2.5 2 1 1 1 1
3145.3 506.3 -0.7 0 0 10.5 11.4 2.5 0.0 0 1 1 2 2
3114.8 378.6 -0.3 89 0 4.4 7.4 5.0 2.5 2 1 2 3 3
3159.7 242.5 0.5 178 0 6.7 7.1 5.0 2.5 2 1 2 0 0
3225.4 217.2 0.8 6 0 8.4 7.6 5.0 2.5 2 0 2 5 5
3138.2 368.7 0.8 268 0 13.3 6.8 2.5 2.5 2 0 1 2 2
3203.8 373.0 1.1 89 0 9.3 12.1 2.5 2.5 2 1 1 4 4
3259.5 306.9 0.4 93 0 5.8 5.6 2.5 2.5 2 0 1 2 2
3097.1 421.5 -1.0 176 0 7.7 7.4 5.0 2.5 2 0 2 5 5
3100.7 449.3 -1.1 264 0 7.0 8.8 5.0 2.5 2 1 2 0 0
3199.1 291.9 0.1 343 0 6.6 4.7 5.0 2.5 2 0 2 5 5
3110.9 241.9 -2.5 177 0 6.2 7.5 5.0 2.5 2 1 2 2 2
3113.9 321.5 -0.8 94 0 3.4 5.1 2.5 0.0 0 1 1 4 4
3120.2 450.0 -0.8 265 0 10.1 9.1 5.0 2.5 2 0 2 2 2
3203.0 542.3 0.2 1 0 6.9 6.4 2.5 2.5 2 0 1 5 5
3256.2 223.2 0.8 182 0 3.9 3.7 2.5 2.5 2 0 1 3 3
3117.7 260.3 -1.8 167 0 5.3 7.3 5.0 2.5 2 1 2 2 2
3118.9 297.3 -1.2 275 0 5.1 4.8 5.0 2.5 4 0 2 3 3
3143.2 486.4 -0.6 1 0 9.7 8.3 2.5 2.5 2 0 1 5 5
3097.8 409.3 -0.9 176 0 6.8 8.8 5.0 2.5 2 1 2 2 2
3157.5 267.7 0.3 177 0 5.5 4.5 5.0 2.5 2 0 2 4 4
3143.4 342.4 0.3 357 0 8.3 10.0 2.5 2.5 2 1 1 1 1
3205.2 422.2 0.7 179 0 4.7 5.4 2.5 2.5 2 1 1 1 1
3300.4 308.1 0.9 90 0 12.7 12.6 2.5 2.5 2 0 1 3 3
3173.7 504.9 -0.1 271 0 27.4 9.5 2.5 2.5 2 0 1 5 5
3253.9 253.7 0.5 179 0 4.4 3.4 2.5 0.0 0 0 1 3 3
3196.5 420.0 0.6 172 0 7.8 6.3 2.5 2.5 2 0 1 5 5
3105.3 377.4 -0.8 87 0 9.7 8.7 5.0 2.5 2 0 2 5 5
3186.4 223.6 0.6 92 0 6.0 7.6 5.0 2.5 2 1 2 1 1
3246.8 197.9 1.1 228 0 4.6 4.2 2.5 2.5 2 0 1 4 4
3183.6 378.6 1.1 356 0 8.7 20.7 2.5 2.5 2 1 1 4 4
3228.9 375.7 1.0 94 0 7.3 8.2 2.5 0.0 0 1 1 2 2
3144.7 253.3 -0.8 359 0 7.3 8.6 5.0 2.5 2 1 2 3 3
3100.8 461.8 -1.2 85 0 7.2 8.1 2.5 2.5 2 1 1 4 4
3244.3 252.5 0.5 181 0 8.1 7.7 2.5 2.5 2 0 1 0 0
3169.2 297.7 0.2 178 0 4.4 4.3 5.0 2.5 2 0 2 2 2
3116.0 222.9 -2.7 87 0 7.6 7.8 5.0 2.5 4 1 2 2 2
3230.6 251.2 0.5 358 0 8.0 8.2 5.0 2.5 2 1 2 1 1
3103.1 325.3 -1.3 182 0 10.3 7.9 2.5 2.5 2 0 1 3 3
3163.4 454.6 -0.1 267 0 8.7 10.5 2.5 2.5 2 1 1 4 4
3300.6 294.9 1.0 256 0 16.0 17.2 2.5 2.5 4 1 1 4 4
3108.8 447.9 -1.0 263 0 4.2 5.4 5.0 2.5 2 1 2 5 5
3199.5 516.2 0.2 88 0 7.4 9.4 2.5 2.5 2 1 1 2 2
3255.2 236.8 0.7 180 0 5.0 5.5 2.5 2.5 2 1 1 3 3
3187.4 215.0 0.7 93 0 7.8 6.9 5.0 2.5 2 0 2 3 3
3105.4 293.4 -1.8 175 0 6.9 8.7 5.0 2.5 2 1 2 3 3
3173.4 355.4 0.9 269 0 5.2 6.4 5.0 2.5 2 1 2 5 5
3107.7 399.0 -0.7 177 0 5.8 5.3 5.0 2.5 2 0 2 1 1
3158.9 275.6 0.2 183 0 6.2 7.0 5.0 2.5 2 1 2 4 4
3270.9 283.7 0.5 270 0 24.4 11.6 2.5 2.5 2 0 1 3 3
3217.6 235.5 0.6 5 0 6.3 6.3 5.0 0.0 0 0 2 5 5
3146.3 325.5 0.1 359 0 15.3 11.7 2.5 2.5 2 0 1 1 1
3144.6 229.6 -0.4 4 0 7.3 6.6 5.0 0.0 0 0 2 5 5
3133.3 428.1 -0.5 0 0 5.0 6.2 5.0 2.5 2 1 2 0 0
3168.1 201.0 0.6 275 0 7.3 10.2 2.5 0.0 0 1 1 2 2
3115.8 278.0 -1.5 174 0 4.6 6.5 5.0 2.5 2 1 2 4 4
3099.7 397.6 -0.9 177 0 5.7 6.2 5.0 2.5 2 1 2 5 5
3200.3 484.9 0.4 0 0 39.7 9.1 2.5 2.5 2 0 1 5 5
3145.3 429.7 -0.2 354 0 6.7 6.0 5.0 2.5 2 0 2 4 4
3169.6 274.0 0.3 176 0 3.8 5.0 5.0 2.5 2 1 2 2 2
3132.4 226.3 -1.2 93 0 6.9 7.8 5.0 2.5 2 1 2 0 0
3137.7 465.9 -0.7 92 0 11.4 6.3 2.5 2.5 2 0 1 1 1
3249.9 212.3 0.9 185 0 11.8 5.6 2.5 2.5 2 0 1 5 5
3146.8 271.6 -0.7 0 0 9.7 9.9 5.0 2.5 2 1 2 2 2
3116.0 463.8 -1.0 84 0 7.5 6.8 2.5 2.5 2 0 1 1 1
3243.7 233.0 0.7 183 0 11.0 7.1 2.5 2.5 2 0 1 1 1
3158.9 297.7 0.2 178 0 10.4 8.5 5.0 2.5 2 0 2 1 1
3251.1 306.0 0.3 91 0 7.7 6.5 2.5 0.0 0 0 1 0 0
3210.9 187.7 0.9 271 0 5.3 6.8 2.5 2.5 4 1 1 0 0
3116.7 347.3 -0.2 178 0 3.8 6.1 2.5 2.5 2 1 1 1 1
3168.5 242.8 0.5 179 0 6.6 6.2 5.0 2.5 2 0 2 3 3
3147.1 294.5 -0.2 0 0 10.5 9.6 5.0 2.5 2 0 2 4 4
3177.1 524.4 0.1 86 0 11.2 13.2 2.5 2.5 4 1 1 0 0
3198.1 396.6 0.8 172 0 8.5 13.8 2.5 2.5 2 1 1 3 3
3106.8 421.9 -0.9 180 0 6.7 6.8 5.0 2.5 2 1 2 3 3
3248.1 323.1 0.5 182 0 8.9 7.7 2.5 2.5 2 0 1 5 5
3159.8 352.0 0.8 178 0 10.7 8.7 5.0 2.5 2 0 2 4 4
3108.8 259.9 -2.2 171 0 6.9 6.7 5.0 2.5 2 0 2 1 1
3227.6 233.7 0.6 7 0 6.6 7.5 5.0 0.0 0 1 2 5 5
3187.7 196.8 0.7 274 0 9.9 11.4 2.5 2.5 2 1 1 5 5
3160.1 430.0 0.1 179 0 5.8 6.5 2.5 2.5 2 1 1 3 3
3173.7 311.9 0.3 180 0 4.5 4.1 5.0 2.5 2 0 2 3 3
3108.0 277.0 -2.0 174 0 6.2 6.1 5.0 2.5 2 0 2 3 3
3131.8 297.7 -0.6 268 0 7.4 6.1 5.0 2.5 2 0 2 1 1
3160.2 410.1 0.4 179 0 11.8 10.7 2.5 2.5 2 0 1 1 1
3127.4 494.8 -1.0 309 0 6.9 12.4 2.5 2.5 2 1 1 5 5
3204.7 455.8 0.6 271 0 9.2 10.2 2.5 0.0 0 1 1 5 5
3291.9 225.7 1.1 43 0 9.2 14.4 2.5 2.5 2 1 1 0 0
