-5371.8 2671.3 -5.4 21 0 11.7 6.4 2.5 2.5 2 0 1 5 5
-5363.8 2686.1 -4.2 21 0 8.8 9.7 2.5 2.5 2 1 1 0 0
-5388.7 2699.1 -6.4 201 0 5.1 12.4 2.5 2.5 2 1 1 1 1
-5370.8 2718.6 -5.9 291 0 6.9 7.8 2.5 2.5 2 1 1 2 2
-5352.9 2711.9 -4.0 291 0 8.0 9.1 2.5 0.0 0 1 1 0 0
-5337.4 2704.7 -3.1 291 0 9.0 7.3 2.5 2.5 2 0 1 0 0
-5322.3 2698.6 -2.5 291 0 10.4 7.8 2.5 2.5 2 0 1 5 5
-5302.5 2692.5 -1.6 291 0 9.3 9.9 2.5 2.5 2 1 1 4 4
-5283.2 2689.5 -1.3 291 0 14.2 11.9 2.5 2.5 2 0 1 1 1
-5263.0 2684.2 -0.4 291 0 9.7 13.6 2.5 2.5 2 1 1 2 2
-5245.4 2672.6 1.2 291 0 10.1 10.9 2.5 2.5 2 1 1 2 2
-5276.0 2635.8 2.6 111 0 12.1 5.0 2.5 0.0 0 0 1 4 4
-5294.2 2656.5 1.0 111 0 13.0 7.6 2.5 2.5 2 0 1 1 1
-5310.8 2658.4 0.4 111 0 7.3 9.2 2.5 2.5 2 1 1 5 5
-5329.5 2665.3 -0.7 111 0 12.5 11.5 2.5 2.5 2 0 1 2 2
-5346.9 2669.3 -1.8 111 0 8.2 14.3 2.5 2.5 2 1 1 1 1
-5349.0 2653.5 -2.4 21 0 10.9 10.0 2.5 2.5 2 0 1 5 5
-5387.5 2590.6 -4.8 309 0 11.6 6.6 2.5 2.5 2 0 1 5 5
-5357.0 2580.4 -2.1 315 0 10.3 9.3 2.5 2.5 2 0 1 2 2
-5352.2 2552.8 -1.4 316 0 11.2 7.8 2.5 2.5 2 0 1 4 4
-5365.0 2535.5 -2.2 53 0 8.6 10.4 2.5 2.5 2 1 1 3 3
-5367.9 2515.1 -1.9 49 0 8.6 8.9 2.5 2.5 2 1 1 2 2
-5379.8 2521.9 -3.1 56 0 12.0 9.5 2.5 2.5 2 0 1 0 0
-5385.6 2559.3 -4.3 326 0 11.1 9.1 2.5 2.5 2 0 1 0 0
-5409.8 2552.8 -6.8 236 0 8.7 14.6 2.5 2.5 2 1 1 5 5
-5423.7 2535.7 -7.3 236 0 7.9 9.8 2.5 2.5 2 1 1 3 3
-5437.9 2525.0 -7.9 236 0 10.1 7.6 2.5 2.5 2 0 1 2 2
-5414.9 2504.3 -4.7 56 0 4.7 9.8 2.5 2.5 2 1 1 0 0
-5399.0 2509.8 -4.0 56 0 13.5 9.6 2.5 2.5 2 0 1 0 0
-5413.8 2488.2 -4.2 56 0 10.2 8.9 2.5 2.5 2 0 1 2 2
-5402.1 2482.5 -3.3 326 0 12.6 8.0 2.5 2.5 2 0 1 1 1
-5393.1 2431.8 -2.3 56 0 10.0 24.1 2.5 2.5 2 1 1 5 5
-5389.6 2411.4 -0.1 56 0 10.0 4.8 2.5 2.5 2 0 1 2 2
-5399.8 2388.6 0.0 56 0 6.1 9.2 2.5 2.5 2 1 1 1 1
-5410.8 2380.6 -0.1 56 0 6.6 9.9 2.5 2.5 2 1 1 5 5
-5425.4 2374.0 -0.2 56 0 9.4 6.6 2.5 2.5 2 0 1 3 3
-5419.6 2414.0 -2.4 56 0 23.4 9.4 2.5 2.5 2 0 1 4 4
-5439.2 2414.8 -3.2 56 0 10.2 25.0 2.5 2.5 2 1 1 5 5
-5427.7 2469.6 -4.1 326 0 12.1 12.4 2.5 2.5 2 1 1 3 3
-5469.7 2504.1 -8.5 236 0 13.0 8.8 2.5 2.5 2 0 1 4 4
-5491.3 2499.6 -10.4 236 0 9.9 17.0 2.5 2.5 2 1 1 0 0
-5501.3 2481.6 -7.7 236 0 9.6 8.8 2.5 2.5 2 0 1 0 0
-5450.2 2485.3 -4.7 240 0 16.0 10.1 2.5 2.5 2 0 1 0 0
-5464.6 2475.9 -4.6 240 0 8.1 12.5 2.5 2.5 2 1 1 5 5
-5479.5 2466.7 -4.3 240 0 13.7 10.4 2.5 2.5 2 0 1 1 1
-5498.5 2448.8 -4.0 150 0 9.9 12.1 2.5 2.5 2 1 1 4 4
-5481.9 2424.0 -3.0 150 0 6.5 9.1 2.5 2.5 2 1 1 0 0
-5475.8 2409.0 -2.4 150 0 5.6 13.1 2.5 2.5 2 1 1 2 2
-5463.4 2388.6 -1.7 150 0 7.4 11.7 2.5 2.5 2 1 1 4 4
-5507.7 2408.9 -2.6 150 0 11.4 13.6 2.5 2.5 4 1 1 4 4
-5521.9 2431.7 -3.4 150 0 6.4 11.1 2.5 2.5 2 1 1 1 1
-5518.6 2475.5 -8.4 240 0 9.5 14.4 2.5 2.5 2 1 1 3 3
-5531.7 2461.6 -7.1 240 0 10.4 10.5 2.5 2.5 2 1 1 1 1
-5576.7 2420.3 -5.3 60 0 8.3 8.0 2.5 2.5 4 0 1 0 0
-5575.5 2390.0 -1.4 330 0 8.4 14.7 2.5 2.5 2 1 1 2 2
-5592.0 2367.6 -0.7 60 0 7.8 14.4 2.5 2.5 2 1 1 2 2
-5591.7 2410.1 -4.3 60 0 11.9 10.7 2.5 2.5 2 0 1 0 0
-5629.9 2419.4 -6.4 240 0 8.4 5.2 2.5 2.5 2 0 1 2 2
-5639.6 2398.4 -4.5 240 0 7.6 7.4 2.5 2.5 4 0 1 1 1
-5649.2 2394.0 -5.2 240 0 7.1 9.6 2.5 2.5 2 1 1 5 5
-5630.2 2345.2 0.5 60 0 11.3 9.7 2.5 2.5 4 0 1 1 1
-5609.0 2362.8 -0.2 60 0 10.2 10.1 2.5 2.5 2 0 1 5 5
-5621.1 2409.6 -2.5 242 0 17.8 12.2 2.5 2.5 2 0 1 0 0
-5660.1 2403.1 -8.5 243 0 4.9 9.9 2.5 0.0 0 1 1 2 2
-5657.2 2386.2 -4.2 243 0 4.4 8.1 2.5 0.0 0 1 1 4 4
-5679.2 2372.0 -3.6 243 0 7.7 9.5 2.5 0.0 0 1 1 3 3
-5699.7 2363.6 -2.6 243 0 11.9 11.3 2.5 0.0 0 0 1 4 4
-5667.4 2322.9 2.1 63 0 8.5 11.1 2.5 2.5 2 1 1 5 5
-5680.6 2311.7 2.8 63 0 6.8 14.3 2.5 2.5 2 1 1 1 1
-5698.0 2296.0 4.1 63 0 8.4 10.1 2.5 2.5 2 1 1 1 1
-5716.5 2288.9 4.6 63 0 7.4 11.6 2.5 2.5 2 1 1 1 1
-5711.1 2344.7 -0.4 63 0 8.9 11.2 2.5 2.5 2 1 1 1 1
-5731.1 2381.9 -6.6 243 0 10.4 14.1 2.5 2.5 2 1 1 3 3
-5743.0 2334.0 -0.0 153 0 14.4 11.2 2.5 2.5 2 0 1 0 0
-5750.3 2349.4 -1.7 153 0 12.9 10.8 2.5 2.5 2 0 1 1 1
-5755.8 2373.3 -4.6 243 0 11.4 6.3 2.5 2.5 2 0 1 5 5
-5769.0 2343.5 -3.0 153 0 6.3 12.8 2.5 2.5 2 1 1 2 2
-5756.4 2323.3 0.9 153 0 9.3 9.8 2.5 2.5 2 1 1 3 3
