-1666.3 -5017.0 -3.0 185 0 18.7 8.2 2.5 2.5 2 0 1 5 5
-1625.7 -5119.2 -3.5 96 0 6.2 8.8 7.5 2.5 2 1 3 5 5
-1611.9 -5052.7 -1.9 38 0 4.6 4.1 7.5 2.5 2 0 3 4 4
-1627.9 -5020.9 -2.0 1 0 8.6 7.3 7.5 2.5 2 0 3 1 1
-1628.0 -5027.0 -2.1 0 0 3.8 8.4 5.0 2.5 2 0 2 5 5
-1649.0 -5016.5 -2.3 183 0 7.7 8.6 2.5 2.5 2 1 1 2 2
-1635.5 -4990.3 -1.8 272 0 3.6 3.1 5.0 2.5 2 0 2 0 0
-1627.0 -4988.8 -1.6 275 0 5.6 9.0 5.0 2.5 2 1 2 1 1
-1608.3 -4985.2 -1.0 273 0 7.6 15.0 7.5 2.5 2 1 3 0 0
-1592.6 -4985.8 -0.5 277 0 8.3 16.9 7.5 2.5 2 1 3 2 2
-1609.3 -5029.8 -1.5 357 0 6.7 5.9 7.5 2.5 2 0 3 3 3
-1616.8 -5092.4 -2.9 6 0 7.4 8.9 2.5 2.5 2 1 1 2 2
-1670.3 -5074.4 -3.9 179 0 7.3 9.0 7.5 2.5 4 1 3 0 0
