-4562.1 928.0 -14.7 329 0 8.0 12.1 2.5 2.5 2 1 1 3 3
-5382.2 971.9 -5.3 316 0 4.3 5.2 2.5 2.5 2 1 1 4 4
-5393.1 963.4 -6.2 143 0 5.6 4.8 2.5 2.5 2 0 1 2 2
-5348.2 887.5 -6.6 142 0 6.7 10.8 5.0 2.5 2 1 2 4 4
-5695.7 1159.5 -9.2 67 0 9.7 11.2 5.0 0.0 0 1 2 5 5
-5706.7 1123.1 -10.3 251 0 7.3 7.7 2.5 2.5 2 1 1 1 1
-5716.3 1114.1 -10.5 161 0 8.7 5.7 2.5 2.5 2 0 1 1 1
-5676.6 1134.2 -9.6 237 0 14.0 9.3 2.5 2.5 2 0 1 5 5
-5617.7 1169.4 -9.2 152 0 6.4 5.3 5.0 2.5 2 0 2 5 5
-5626.8 1180.1 -9.1 155 0 11.2 27.4 5.0 2.5 2 1 2 0 0
-5660.6 1178.2 -9.0 67 0 4.8 8.1 5.0 2.5 2 1 2 5 5
-5645.9 1149.4 -9.2 338 0 8.7 6.1 2.5 2.5 2 0 1 5 5
-5609.6 1096.7 -9.7 328 0 8.4 16.6 2.5 2.5 2 1 1 4 4
-5582.5 1028.0 -10.2 337 0 4.5 8.7 2.5 2.5 2 1 1 3 3
-5572.7 1064.8 -9.8 149 0 7.5 11.8 2.5 2.5 2 1 1 0 0
-5577.8 1073.6 -9.7 149 0 8.4 8.7 2.5 0.0 0 1 1 4 4
-5535.8 1204.7 -2.6 155 0 11.9 10.8 7.5 2.5 2 0 3 4 4
-5686.1 1047.8 -11.5 152 0 13.5 9.2 2.5 2.5 2 0 1 3 3
-5705.4 1093.7 -10.9 153 0 5.9 7.2 2.5 2.5 2 1 1 2 2
-5721.9 1149.2 -9.9 57 0 13.7 6.2 5.0 2.5 2 0 2 4 4
-5740.0 1164.3 -9.8 158 0 10.9 15.8 5.0 2.5 2 1 2 0 0
-5744.8 1176.2 -9.7 153 0 9.7 16.8 5.0 0.0 0 1 2 3 3
-5754.4 1199.5 -9.4 152 0 9.1 8.1 5.0 2.5 2 0 2 1 1
-5766.6 1219.0 -9.3 153 0 21.2 11.6 5.0 2.5 2 0 2 2 2
-5783.5 1200.0 -10.4 339 0 10.2 6.9 5.0 2.5 2 0 2 3 3
-5773.7 1182.0 -11.7 343 0 9.5 9.3 5.0 2.5 2 0 2 0 0
-5756.4 1136.9 -10.9 329 0 8.4 5.6 5.0 2.5 2 0 2 4 4
-5754.4 1115.8 -13.3 326 0 7.2 6.0 5.0 2.5 2 0 2 0 0
-5747.3 1121.7 -12.3 327 0 8.3 6.5 5.0 2.5 4 0 2 5 5
-5737.3 1104.3 -12.4 337 0 9.8 5.5 5.0 2.5 2 0 2 4 4
-5746.2 1100.1 -13.3 337 0 4.9 4.4 5.0 2.5 2 0 2 3 3
-5742.5 1088.3 -13.5 327 0 5.5 4.0 5.0 2.5 2 0 2 2 2
-5732.3 1092.0 -12.9 331 0 7.0 8.2 5.0 2.5 2 1 2 3 3
-5720.2 1084.1 -11.9 331 0 6.5 3.9 5.0 2.5 2 0 2 5 5
-5722.0 1073.5 -13.7 334 0 7.7 12.9 5.0 2.5 2 1 2 5 5
-5710.8 1055.1 -13.0 326 0 7.6 6.5 5.0 2.5 2 0 2 0 0
-5717.0 1020.3 -14.9 142 0 6.8 4.5 5.0 2.5 2 0 2 0 0
-5703.2 1026.9 -14.2 335 0 9.0 7.9 5.0 2.5 2 0 2 1 1
-5688.8 1009.6 -13.6 330 0 7.1 4.4 5.0 2.5 2 0 2 1 1
-5680.5 994.8 -13.9 324 0 7.6 5.3 5.0 2.5 2 0 2 4 4
-5635.4 1061.9 -10.1 322 0 8.4 8.1 2.5 2.5 2 0 1 5 5
-5626.7 1049.6 -10.2 315 0 11.1 8.4 2.5 2.5 2 0 1 0 0
-5616.5 1034.6 -10.4 325 0 9.1 7.0 2.5 2.5 2 0 1 1 1
-5616.9 1005.2 -10.5 56 0 10.4 10.0 2.5 2.5 2 0 1 5 5
-5613.3 948.9 -10.2 137 0 5.3 10.1 2.5 2.5 2 1 1 1 1
-5625.6 960.1 -10.5 133 0 6.8 8.4 2.5 2.5 2 1 1 3 3
-5669.9 979.7 -13.7 325 0 10.2 6.3 5.0 2.5 2 0 2 4 4
-5661.7 968.0 -13.3 329 0 6.0 4.7 5.0 2.5 2 0 2 2 2
-5660.4 954.5 -14.3 309 0 7.8 4.7 5.0 2.5 2 0 2 3 3
-5647.4 941.7 -14.2 312 0 7.3 6.1 5.0 2.5 2 0 2 4 4
-5636.5 929.7 -13.2 326 0 6.2 3.6 5.0 2.5 4 0 2 4 4
-5630.3 938.1 -12.2 313 0 8.4 6.3 5.0 2.5 2 0 2 3 3
-5616.3 924.8 -11.6 312 0 10.4 7.1 5.0 2.5 2 0 2 1 1
-5607.6 914.1 -12.2 314 0 5.6 4.8 5.0 2.5 2 0 2 1 1
-5523.1 868.5 -10.0 127 0 8.0 10.2 5.0 2.5 4 1 2 5 5
-5533.0 880.7 -9.9 133 0 8.1 11.7 5.0 2.5 2 1 2 2 2
-5537.1 834.6 -12.5 133 0 5.3 4.5 2.5 2.5 2 0 1 2 2
-5529.5 845.1 -12.7 315 0 10.6 6.5 2.5 2.5 2 0 1 4 4
-5484.2 835.6 -13.5 221 0 7.2 9.5 2.5 2.5 2 1 1 5 5
-5465.9 900.2 -10.2 47 0 15.1 16.4 5.0 0.0 0 1 2 2 2
-5055.0 437.2 -6.6 141 0 10.7 10.9 5.0 2.5 2 1 2 3 3
-5086.8 481.8 -6.8 144 0 8.3 9.9 5.0 2.5 2 1 2 5 5
-5071.8 465.6 -6.7 148 0 7.7 10.5 5.0 2.5 2 1 2 2 2
-5086.7 452.2 -8.2 325 0 8.9 6.2 2.5 0.0 0 0 1 0 0
-5092.8 446.3 -9.5 327 0 6.3 6.9 2.5 2.5 2 1 1 4 4
-5071.0 425.6 -8.7 328 0 7.0 5.6 2.5 0.0 0 0 1 0 0
-5062.8 411.3 -9.0 323 0 9.0 8.8 2.5 0.0 0 0 1 4 4
-4984.3 336.3 -5.9 141 0 8.0 6.9 5.0 0.0 0 0 2 4 4
-4975.8 320.6 -5.7 147 0 5.9 5.8 5.0 2.5 2 0 2 3 3
-4960.6 265.2 -8.0 327 0 6.1 7.8 2.5 2.5 2 1 1 1 1
-4947.0 274.0 -5.0 146 0 8.7 8.4 5.0 2.5 2 0 2 2 2
-4928.2 214.7 -7.3 324 0 6.8 5.1 2.5 2.5 2 0 1 0 0
-4942.9 220.4 -8.9 321 0 3.6 5.9 2.5 0.0 0 1 1 2 2
-4904.3 185.3 -7.1 331 0 9.6 7.4 2.5 2.5 2 0 1 4 4
-4920.7 237.1 -4.5 148 0 11.4 17.3 5.0 0.0 0 1 2 0 0
-4900.5 217.8 -3.7 148 0 13.2 14.1 5.0 0.0 0 1 2 0 0
-4881.8 204.8 -2.8 137 0 10.8 7.1 5.0 2.5 2 0 2 5 5
-4863.0 120.4 -5.6 333 0 3.2 4.0 2.5 2.5 2 1 1 4 4
-4858.8 148.8 -3.9 136 0 6.7 7.5 5.0 2.5 2 1 2 2 2
-4874.6 144.8 -6.4 321 0 10.0 8.1 2.5 2.5 2 0 1 0 0
-4837.0 120.8 -4.2 134 0 6.1 7.1 5.0 2.5 2 1 2 2 2
-4836.6 99.3 -5.9 324 0 7.4 4.0 2.5 0.0 0 0 1 0 0
-4829.4 92.5 -6.9 317 0 4.8 5.1 2.5 2.5 4 1 1 1 1
-4803.9 87.1 -4.4 136 0 8.7 8.0 5.0 2.5 2 0 2 3 3
-4789.6 71.0 -4.8 137 0 8.2 11.5 5.0 2.5 2 1 2 5 5
-4639.2 429.3 -7.7 164 0 4.5 6.6 5.0 2.5 2 1 2 4 4
-4552.9 414.0 -10.3 155 0 10.2 7.2 5.0 2.5 4 0 2 3 3
-4563.3 437.4 -10.6 163 0 7.5 7.1 5.0 2.5 2 0 2 5 5
-4573.1 461.5 -10.7 159 0 7.1 9.3 5.0 2.5 4 1 2 2 2
-4580.6 485.5 -10.8 160 0 8.0 8.0 5.0 2.5 2 1 2 5 5
-4605.2 478.4 -10.5 338 0 9.9 7.7 5.0 2.5 2 0 2 3 3
-4595.3 452.9 -10.4 338 0 9.2 9.1 5.0 2.5 2 0 2 3 3
-4586.0 429.0 -10.1 340 0 9.2 8.7 5.0 2.5 2 0 2 3 3
-4579.2 403.8 -9.4 335 0 6.0 6.7 5.0 2.5 2 1 2 3 3
-4566.6 381.1 -9.6 341 0 8.8 10.2 5.0 2.5 2 1 2 4 4
-4564.2 359.7 -9.3 340 0 7.8 8.0 5.0 2.5 2 1 2 1 1
-4424.6 461.2 -9.0 358 0 7.3 5.3 5.0 0.0 0 0 2 5 5
-4418.4 489.4 -9.0 0 0 7.0 4.0 5.0 2.5 2 0 2 1 1
-4378.3 502.7 -11.0 0 0 4.3 4.4 5.0 2.5 2 1 2 3 3
-4384.4 484.2 -9.9 165 0 7.9 5.7 5.0 0.0 0 0 2 1 1
-4388.7 449.9 -8.7 172 0 10.2 13.3 5.0 2.5 2 1 2 1 1
-4348.7 358.6 -8.2 95 0 3.6 7.0 5.0 2.5 2 1 2 4 4
-4375.4 400.9 -8.5 176 0 9.2 6.2 5.0 2.5 2 0 2 3 3
-4433.7 399.2 -9.0 170 0 7.4 6.8 5.0 2.5 2 0 2 2 2
-4418.6 358.6 -8.6 3 0 5.8 5.2 5.0 2.5 4 0 2 3 3
-4419.6 329.0 -8.7 5 0 8.5 14.0 5.0 2.5 2 1 2 1 1
-4425.9 318.0 -8.8 18 0 4.2 5.4 5.0 0.0 0 1 2 2 2
-4421.4 300.3 -8.8 11 0 10.6 10.7 5.0 2.5 2 1 2 5 5
-4421.9 283.3 -8.8 11 0 5.2 3.9 5.0 2.5 2 0 2 1 1
-4427.5 266.3 -8.9 14 0 11.7 6.3 5.0 2.5 2 0 2 1 1
-4405.3 241.1 -11.5 177 0 9.3 10.0 5.0 2.5 2 1 2 0 0
-4412.3 209.4 -12.1 185 0 5.9 4.9 5.0 2.5 2 0 2 0 0
-4445.0 238.8 -9.0 5 0 5.0 3.1 5.0 2.5 2 0 2 5 5
-4438.8 238.1 -9.0 10 0 7.6 4.2 5.0 2.5 4 0 2 0 0
-4404.5 80.7 -8.5 11 0 6.9 3.2 5.0 2.5 2 0 2 1 1
-4432.2 45.9 -6.7 201 0 4.2 3.3 5.0 2.5 2 0 2 5 5
-4428.8 68.0 -7.0 176 0 5.9 4.2 5.0 2.5 2 0 2 3 3
-4442.2 70.4 -7.1 189 0 11.4 5.7 5.0 2.5 2 0 2 5 5
-4445.6 49.8 -6.9 189 0 12.5 10.9 5.0 0.0 0 0 2 3 3
-4406.7 28.2 -8.0 13 0 6.1 7.8 5.0 2.5 2 1 2 1 1
-4413.6 13.7 -7.3 14 0 8.9 7.3 5.0 2.5 2 0 2 0 0
-4402.0 -7.2 -8.1 9 0 7.9 6.5 5.0 2.5 2 0 2 1 1
-4408.1 -28.5 -9.2 16 0 7.4 5.4 5.0 0.0 0 0 2 5 5
-4441.4 -7.9 -6.5 202 0 6.5 4.7 5.0 2.5 2 0 2 3 3
-4450.8 -5.7 -6.3 191 0 9.0 4.8 5.0 2.5 2 0 2 3 3
-4457.7 -24.8 -7.0 125 0 5.4 6.3 5.0 2.5 2 1 2 5 5
-4418.8 -53.9 -10.8 29 0 10.5 8.0 5.0 2.5 2 0 2 4 4
-4425.1 -67.7 -11.3 119 0 5.2 4.6 5.0 2.5 2 0 2 3 3
-4447.0 -68.4 -10.4 297 0 10.4 7.3 5.0 2.5 2 0 2 4 4
-4476.6 26.4 -7.0 11 0 8.9 13.3 5.0 2.5 2 1 2 1 1
-4467.5 61.7 -7.3 12 0 5.8 5.5 5.0 2.5 4 0 2 3 3
-4458.0 93.7 -7.7 11 0 8.1 7.6 5.0 2.5 4 0 2 4 4
-4446.6 156.1 -8.7 25 0 8.5 8.2 5.0 2.5 4 0 2 3 3
-4456.6 119.5 -8.1 9 0 10.4 6.9 5.0 2.5 2 0 2 4 4
-4429.3 132.1 -8.6 182 0 12.6 8.2 5.0 2.5 2 0 2 3 3
-4434.3 102.6 -7.5 195 0 10.5 19.2 5.0 2.5 2 1 2 3 3
-4400.2 57.4 -8.8 4 0 6.3 10.0 5.0 2.5 2 1 2 2 2
-4392.7 40.2 -9.4 1 0 9.1 7.4 5.0 2.5 2 0 2 1 1
-4371.3 55.2 -12.5 175 0 8.3 8.5 5.0 2.5 2 1 2 1 1
-4368.6 25.1 -11.9 190 0 7.6 5.0 5.0 2.5 2 0 2 3 3
-4371.8 6.8 -10.9 185 0 8.6 5.7 5.0 2.5 2 0 2 4 4
-4380.1 -18.3 -10.8 187 0 10.6 7.5 5.0 2.5 2 0 2 0 0
-4387.8 -52.2 -12.4 199 0 9.8 6.1 5.0 2.5 2 0 2 4 4
-4390.2 -68.5 -13.5 198 0 7.5 8.1 5.0 2.5 4 1 2 3 3
-4404.3 -107.7 -14.4 37 0 5.4 10.8 5.0 2.5 2 1 2 5 5
-6011.5 1981.6 -11.6 181 0 8.5 15.1 2.5 2.5 4 1 1 1 1
-5984.0 1798.4 -10.2 157 0 7.0 8.1 2.5 2.5 4 1 1 5 5
-5986.8 1808.9 -9.9 160 0 8.9 10.3 2.5 2.5 2 1 1 4 4
-6000.5 1850.9 -9.3 167 0 4.5 6.6 2.5 2.5 2 1 1 2 2
-6001.2 1841.0 -10.0 170 0 10.6 8.0 2.5 2.5 2 0 1 3 3
-6009.8 1841.6 -14.5 341 0 8.3 16.0 2.5 2.5 2 1 1 4 4
-6013.3 1826.9 -14.3 352 0 5.3 6.1 2.5 2.5 2 1 1 4 4
-6005.7 1812.9 -13.9 339 0 6.0 6.3 2.5 2.5 2 1 1 2 2
-5996.3 1796.5 -14.3 335 0 5.7 10.2 2.5 2.5 2 1 1 0 0
-5990.1 1789.0 -13.3 342 0 6.9 8.1 2.5 2.5 2 1 1 0 0
-5988.8 1779.1 -14.9 340 0 7.4 12.4 2.5 2.5 2 1 1 4 4
-5985.2 1770.3 -14.2 335 0 6.4 8.8 2.5 2.5 2 1 1 3 3
-5953.6 1698.0 -12.0 62 0 5.0 8.1 2.5 2.5 4 1 1 5 5
-5959.0 1699.5 -13.9 332 0 5.8 4.7 2.5 2.5 2 0 1 2 2
-5960.6 1713.7 -13.8 335 0 10.4 9.0 2.5 2.5 2 0 1 0 0
-5974.1 1738.8 -13.7 336 0 11.0 4.4 2.5 2.5 2 0 1 4 4
-5965.2 1725.6 -14.2 334 0 8.0 10.8 2.5 2.5 2 1 1 3 3
-5958.4 1738.5 -10.1 158 0 6.6 6.9 2.5 2.5 2 1 1 5 5
-5954.9 1722.6 -10.5 154 0 8.7 7.8 2.5 2.5 2 0 1 0 0
-5945.4 1713.5 -9.9 155 0 5.0 11.3 2.5 2.5 2 1 1 1 1
-5942.7 1705.7 -9.8 155 0 8.1 12.6 2.5 2.5 2 1 1 5 5
-5931.0 1689.6 -9.4 194 0 15.1 12.5 2.5 2.5 2 0 1 5 5
-5915.0 1678.9 -8.3 99 0 6.5 13.1 2.5 2.5 2 1 1 4 4
-5931.9 1623.6 -15.5 339 0 7.6 5.5 2.5 0.0 0 0 1 2 2
-5925.8 1621.7 -15.2 293 0 6.8 10.7 2.5 0.0 0 1 1 3 3
-5944.2 1672.8 -13.8 339 0 5.5 7.8 2.5 2.5 2 1 1 4 4
-5938.7 1662.0 -14.5 341 0 11.4 10.4 2.5 0.0 0 0 1 0 0
-5922.1 1650.8 -9.7 170 0 9.0 6.3 2.5 2.5 2 0 1 4 4
-5917.3 1634.8 -10.0 164 0 8.3 6.2 2.5 2.5 2 0 1 4 4
-5887.5 1602.5 -10.4 162 0 9.3 15.2 2.5 2.5 2 1 1 0 0
-5896.6 1615.2 -10.2 159 0 9.7 12.3 2.5 2.5 2 1 1 1 1
-5908.2 1611.7 -10.5 155 0 8.9 5.6 2.5 2.5 2 0 1 3 3
-5902.6 1597.6 -10.7 160 0 7.8 10.4 2.5 2.5 2 1 1 5 5
-5901.1 1583.4 -10.7 158 0 9.7 8.9 2.5 0.0 0 0 1 5 5
-5896.1 1571.7 -10.6 161 0 10.7 14.4 2.5 2.5 2 1 1 5 5
-5915.1 1592.5 -13.8 344 0 5.9 6.2 2.5 2.5 2 1 1 5 5
-5911.5 1580.3 -13.6 344 0 5.2 5.9 2.5 2.5 2 1 1 0 0
-5907.5 1568.3 -13.4 348 0 5.2 5.5 2.5 2.5 2 1 1 5 5
-5905.8 1561.6 -14.1 342 0 6.2 7.7 2.5 2.5 2 1 1 5 5
-5903.4 1554.3 -14.2 346 0 4.8 8.2 2.5 2.5 2 1 1 4 4
-5772.6 1443.4 -5.7 248 0 8.3 7.5 2.5 2.5 2 0 1 4 4
-5752.0 1412.9 -6.8 341 0 8.3 14.0 2.5 2.5 2 1 1 2 2
-5747.0 1392.1 -7.9 338 0 6.0 11.0 2.5 2.5 2 1 1 4 4
-5738.1 1359.7 -8.2 65 0 5.6 8.0 2.5 0.0 0 1 1 0 0
-5808.7 1399.6 -8.6 159 0 9.6 10.8 2.5 2.5 2 1 1 2 2
-5793.2 1415.5 -7.9 242 0 13.4 7.0 2.5 0.0 0 0 1 4 4
-5794.2 1399.6 -7.8 156 0 7.2 10.6 2.5 2.5 2 1 1 0 0
-5778.3 1377.6 -8.4 72 0 12.2 4.8 2.5 2.5 2 0 1 3 3
-5815.5 1367.9 -9.2 158 0 7.7 13.1 2.5 2.5 2 1 1 3 3
-5807.9 1346.1 -9.2 154 0 5.5 6.4 2.5 0.0 0 1 1 4 4
-5800.9 1322.7 -9.5 162 0 7.8 8.6 2.5 2.5 4 1 1 3 3
-5820.0 1380.2 -9.4 155 0 7.6 7.7 2.5 0.0 0 1 1 4 4
-5834.5 1430.9 -9.5 160 0 9.9 4.7 2.5 0.0 0 0 1 5 5
-5839.8 1425.3 -9.6 160 0 9.5 5.7 2.5 2.5 2 0 1 2 2
-5845.7 1436.1 -9.9 157 0 10.0 6.0 2.5 2.5 2 0 1 3 3
-5828.4 1492.7 -9.9 338 0 10.9 10.2 2.5 2.5 2 0 1 2 2
-5847.2 1465.0 -10.0 155 0 3.3 5.0 2.5 2.5 2 1 1 2 2
-5857.1 1472.2 -10.4 163 0 12.0 11.0 2.5 2.5 2 0 1 2 2
-5879.2 1476.6 -13.2 340 0 7.9 5.2 2.5 2.5 2 0 1 1 1
-5874.8 1459.2 -14.0 348 0 6.8 8.0 2.5 2.5 4 1 1 0 0
-5877.7 1442.4 -14.9 355 0 5.9 4.9 2.5 2.5 4 0 1 5 5
-5867.2 1442.3 -13.1 342 0 7.0 8.0 2.5 2.5 2 1 1 4 4
-5860.1 1423.0 -13.9 341 0 8.5 12.1 2.5 2.5 2 1 1 5 5
-5859.0 1382.4 -14.0 342 0 10.6 4.4 2.5 0.0 0 0 1 2 2
-5846.6 1370.4 -12.6 335 0 8.1 5.4 2.5 2.5 2 0 1 5 5
-5842.5 1360.2 -12.8 340 0 6.2 7.4 2.5 2.5 2 1 1 4 4
-5835.8 1332.3 -12.6 335 0 11.7 5.7 2.5 2.5 2 0 1 2 2
-5693.2 5845.4 -11.5 269 0 12.2 10.6 14.0 3.5 2 0 4 0 0
-5699.5 5826.1 -9.9 184 0 7.2 15.8 10.5 3.5 2 1 3 5 5
-5731.5 5766.6 -0.9 42 0 5.8 9.6 10.5 3.5 2 1 3 3 3
-5714.0 5804.9 -7.1 356 0 19.0 9.8 10.5 0.0 0 0 3 4 4
-5714.6 5825.5 -9.1 344 0 7.0 12.3 10.5 3.5 2 1 3 1 1
-5697.3 5809.8 -8.2 177 0 13.8 13.1 14.0 3.5 2 0 4 4 4
-5686.1 5794.6 -7.3 189 0 13.2 26.3 14.0 3.5 2 1 4 0 0
-5645.7 5765.0 -6.4 3 0 14.1 12.9 14.0 3.5 2 0 4 5 5
-5677.1 5761.5 -3.5 181 0 11.6 11.6 14.0 3.5 2 0 4 2 2
-5669.8 5842.6 -11.8 278 0 17.2 8.8 10.5 3.5 2 0 3 5 5
-5673.4 5817.7 -9.9 180 0 11.6 8.6 10.5 3.5 2 0 3 4 4
-5646.5 5819.2 -11.0 0 0 17.0 8.7 10.5 3.5 2 0 3 0 0
-5634.3 5835.9 -12.2 5 0 11.7 25.0 14.0 3.5 4 1 4 2 2
-5640.7 5798.3 -9.4 4 0 12.6 8.5 10.5 3.5 2 0 3 3 3
-5642.3 5782.7 -8.0 14 0 12.9 11.5 14.0 3.5 2 0 4 0 0
-5627.7 5768.3 -8.0 123 0 14.4 12.7 14.0 3.5 2 0 4 1 1
-5622.1 5794.7 -9.5 209 0 8.6 13.6 10.5 3.5 2 1 3 4 4
-5628.0 5811.3 -10.9 187 0 13.3 11.4 14.0 3.5 2 0 4 0 0
-5625.0 5836.9 -12.5 201 0 12.2 20.6 14.0 3.5 2 1 4 2 2
-5589.9 5815.9 -12.2 309 0 11.4 10.6 14.0 3.5 2 0 4 2 2
-5588.8 5795.9 -10.8 305 0 12.2 5.1 10.5 3.5 2 0 3 1 1
-5599.4 5779.5 -10.0 122 0 12.9 11.4 14.0 3.5 2 0 4 4 4
-5609.9 5764.5 -8.7 123 0 12.9 15.3 14.0 3.5 2 1 4 2 2
-5626.9 5761.8 -6.5 301 0 14.1 11.3 14.0 3.5 2 0 4 2 2
-5605.8 5747.5 -6.3 291 0 12.1 11.1 14.0 3.5 2 0 4 2 2
-5592.7 5753.7 -8.1 120 0 15.6 9.9 10.5 3.5 2 0 3 0 0
-5557.3 5788.7 -11.4 316 0 14.3 11.2 14.0 3.5 2 0 4 5 5
-5522.6 5755.6 -10.9 314 0 9.5 13.1 10.5 3.5 2 1 3 0 0
-5540.5 5771.5 -10.8 313 0 12.2 11.3 14.0 3.5 2 0 4 4 4
-5552.6 5759.2 -9.5 313 0 13.3 7.1 10.5 3.5 2 0 3 1 1
-5562.9 5733.4 -8.0 121 0 34.6 10.4 14.0 3.5 2 0 4 4 4
-5490.1 5645.5 -6.4 333 0 10.0 10.0 10.5 3.5 2 1 3 5 5
-5499.5 5611.3 -4.1 326 0 14.3 10.7 10.5 3.5 2 0 3 1 1
-5472.0 5593.4 -6.9 359 0 6.6 11.4 10.5 3.5 2 1 3 5 5
-5472.6 5569.4 -5.9 2 0 10.1 12.9 10.5 3.5 2 1 3 3 3
-5489.7 5571.6 -3.7 6 0 13.6 7.3 10.5 3.5 2 0 3 2 2
-5481.4 5520.1 -5.5 1 0 7.9 13.9 10.5 3.5 2 1 3 1 1
-5467.0 5501.7 -7.6 4 0 6.3 15.3 10.5 3.5 2 1 3 2 2
-5462.6 5486.5 -8.8 5 0 11.8 18.4 10.5 3.5 2 1 3 5 5
-5461.6 5465.6 -9.7 357 0 16.2 33.9 14.0 3.5 2 1 4 1 1
-5458.4 5446.3 -10.5 352 0 16.9 33.6 14.0 3.5 2 1 4 3 3
-5458.8 5426.6 -10.8 353 0 12.6 32.5 14.0 3.5 2 1 4 1 1
-5522.8 5719.6 -9.1 236 0 8.0 5.0 10.5 3.5 2 0 3 4 4
-5518.9 5729.7 -10.8 59 0 20.6 11.2 14.0 3.5 2 0 4 0 0
-5517.2 5709.8 -10.8 148 0 8.4 20.5 10.5 3.5 2 1 3 2 2
-5501.5 5686.0 -10.6 143 0 14.1 21.5 14.0 3.5 2 1 4 0 0
-5494.0 5672.4 -10.9 145 0 12.7 25.7 14.0 3.5 2 1 4 1 1
-5462.7 5676.1 -11.3 325 0 8.5 18.7 10.5 3.5 2 1 3 4 4
-5476.4 5642.2 -9.7 146 0 23.8 13.8 14.0 3.5 2 0 4 1 1
-5453.3 5657.7 -11.2 317 0 14.0 7.1 10.5 3.5 2 0 3 3 3
-5440.8 5641.0 -11.7 328 0 8.4 20.4 10.5 3.5 2 1 3 3 3
-5434.4 5616.6 -11.9 69 0 20.5 12.4 14.0 3.5 2 0 4 3 3
-5429.1 5602.0 -11.3 252 0 7.9 10.1 10.5 3.5 2 1 3 1 1
-5459.0 5588.5 -9.8 182 0 16.9 10.5 14.0 3.5 2 0 4 5 5
-5444.7 5566.6 -10.5 159 0 17.1 11.1 14.0 3.5 2 0 4 3 3
-5410.9 5578.7 -11.5 342 0 11.3 9.5 10.5 3.5 2 0 3 5 5
-5421.2 5574.6 -11.0 341 0 11.5 10.3 14.0 3.5 2 0 4 5 5
-5403.1 5558.0 -11.4 339 0 12.9 16.1 14.0 3.5 2 1 4 1 1
-5441.4 5541.2 -10.5 160 0 10.3 21.9 14.0 3.5 4 1 4 1 1
-5456.2 5536.2 -9.2 166 0 20.0 11.9 14.0 3.5 2 0 4 4 4
-5438.5 5491.3 -11.5 66 0 17.7 19.9 14.0 0.0 0 1 4 5 5
-5406.6 5498.5 -12.1 73 0 7.7 14.7 10.5 3.5 2 1 3 2 2
-5391.1 5503.8 -12.1 67 0 15.2 17.3 14.0 0.0 0 1 4 0 0
-5399.0 5542.4 -11.3 345 0 10.2 8.1 10.5 3.5 2 0 3 5 5
-5392.7 5531.4 -11.9 340 0 11.8 14.6 14.0 3.5 2 1 4 2 2
-5414.3 5535.0 -10.6 339 0 14.3 9.2 10.5 3.5 2 0 3 0 0
-5435.9 5524.1 -10.7 161 0 20.1 12.9 14.0 3.5 4 0 4 0 0
-5419.3 5498.1 -12.0 71 0 11.3 15.9 14.0 3.5 4 1 4 1 1
-5402.8 5488.0 -12.7 253 0 19.7 19.1 10.5 3.5 2 0 3 3 3
-5433.8 5478.9 -12.5 248 0 34.6 19.0 10.5 0.0 0 0 3 3 3
-5439.2 5447.4 -12.9 178 0 15.3 39.5 10.5 3.5 2 1 3 3 3
-5422.0 5421.0 -13.1 91 0 35.4 13.7 10.5 0.0 0 0 3 2 2
-5391.1 5420.0 -13.0 83 0 14.2 18.7 10.5 3.5 2 1 3 3 3
-5417.4 5381.2 -13.2 264 0 33.2 12.8 10.5 3.5 2 0 3 5 5
-5413.7 5391.5 -13.2 265 0 27.7 6.5 10.5 3.5 2 0 3 4 4
-5415.3 5405.7 -13.1 265 0 40.0 11.2 10.5 3.5 2 0 3 1 1
-5443.3 5402.8 -12.3 271 0 8.9 14.7 10.5 3.5 2 1 3 3 3
-5442.2 5384.0 -12.6 269 0 7.3 17.2 10.5 3.5 2 1 3 5 5
-5471.1 5404.4 -11.9 268 0 34.4 18.5 10.5 0.0 0 0 3 5 5
-5469.4 5381.2 -12.4 267 0 36.4 15.9 10.5 3.5 2 0 3 3 3
-5520.1 5541.1 -1.5 175 0 9.4 9.7 10.5 3.5 2 1 3 3 3
-5520.1 5556.1 -1.0 173 0 8.3 14.8 10.5 0.0 0 1 3 2 2
-5518.9 5571.6 -1.4 190 0 10.9 14.5 10.5 3.5 2 1 3 1 1
-5552.9 5598.1 2.9 280 0 8.9 13.2 10.5 3.5 4 1 3 4 4
-5551.4 5610.7 1.9 65 0 10.0 22.2 10.5 3.5 2 1 3 3 3
-5555.9 5657.0 -0.7 233 0 13.2 13.7 10.5 3.5 2 1 3 0 0
-5543.5 5666.8 -2.6 239 0 9.3 13.5 10.5 3.5 2 1 3 2 2
-5505.0 5675.6 -6.9 337 0 14.7 10.5 10.5 3.5 2 0 3 3 3
-5517.2 5690.1 -6.7 327 0 10.3 7.8 10.5 3.5 2 0 3 3 3
-5536.8 5703.2 -6.4 227 0 6.1 14.7 10.5 0.0 0 1 3 5 5
-5544.6 5690.2 -4.8 219 0 5.0 22.3 10.5 3.5 4 1 3 2 2
-5613.4 5681.8 1.6 133 0 14.7 10.5 14.0 3.5 2 0 4 4 4
-5621.0 5660.6 4.9 153 0 14.2 11.1 14.0 3.5 2 0 4 5 5
-5536.7 5592.3 0.6 156 0 12.8 9.1 10.5 3.5 2 0 3 0 0
-5534.7 5570.4 1.2 186 0 12.8 10.6 10.5 3.5 2 0 3 0 0
-5540.7 5555.7 2.7 3 0 5.2 7.7 10.5 3.5 2 1 3 4 4
-5554.2 5558.6 3.2 22 0 12.6 7.5 10.5 3.5 2 0 3 5 5
-5550.2 5540.1 2.2 338 0 15.1 10.5 14.0 3.5 2 0 4 2 2
-5544.8 5515.4 1.0 342 0 10.6 9.3 10.5 3.5 2 0 3 3 3
-5558.4 5451.4 -2.5 76 0 10.1 9.8 10.5 0.0 0 0 3 4 4
-5553.8 5499.2 0.6 351 0 6.6 8.7 10.5 3.5 2 1 3 5 5
-5541.4 5482.0 -1.8 306 0 12.5 11.7 14.0 3.5 2 0 4 2 2
-5581.7 5442.4 -2.3 131 0 9.8 8.0 10.5 3.5 2 0 3 2 2
-5584.5 5427.4 -3.2 130 0 8.3 7.4 10.5 0.0 0 0 3 2 2
-5556.3 5297.3 -7.1 105 0 8.7 6.5 10.5 3.5 2 0 3 2 2
-5541.0 5306.5 -8.9 158 0 3.2 8.8 10.5 3.5 2 1 3 0 0
-5512.9 5335.2 -9.9 356 0 3.6 3.7 10.5 3.5 2 1 3 2 2
-5510.3 5323.5 -10.0 355 0 3.4 6.7 10.5 3.5 2 1 3 5 5
-5513.1 5347.9 -10.2 238 0 6.3 5.3 10.5 3.5 2 0 3 4 4
-5528.5 5328.7 -9.3 67 0 3.9 4.4 10.5 3.5 2 1 3 3 3
-5518.5 5306.4 -9.9 158 0 6.3 5.3 10.5 3.5 2 0 3 3 3
-5491.2 5304.2 -10.8 348 0 5.9 7.0 10.5 3.5 2 1 3 5 5
-5374.7 5481.8 -12.7 338 0 6.8 12.3 10.5 3.5 2 1 3 5 5
-5364.5 5467.9 -13.0 346 0 20.2 15.3 10.5 3.5 2 0 3 1 1
-5357.9 5421.5 -13.1 75 0 16.3 23.8 10.5 3.5 2 1 3 5 5
-5376.6 5404.7 -13.0 262 0 25.4 11.8 10.5 3.5 2 0 3 5 5
-5343.2 5383.9 -13.2 350 0 12.7 11.6 10.5 3.5 2 0 3 4 4
-5339.0 5325.7 -12.7 9 0 8.4 13.9 10.5 3.5 2 1 3 1 1
-5344.0 5346.5 -13.0 86 0 11.7 16.5 10.5 3.5 2 1 3 4 4
-5358.9 5346.8 -13.0 87 0 11.1 13.7 10.5 3.5 2 1 3 2 2
-5372.5 5355.8 -13.0 84 0 13.4 8.3 10.5 3.5 2 0 3 5 5
-5373.2 5342.5 -13.0 89 0 10.2 8.7 10.5 3.5 2 0 3 5 5
-5386.9 5352.2 -13.2 85 0 11.0 8.3 10.5 3.5 2 0 3 1 1
-5385.2 5343.7 -13.2 84 0 7.6 6.7 10.5 3.5 2 0 3 2 2
-5411.4 5339.7 -13.3 91 0 30.1 15.4 10.5 3.5 2 0 3 4 4
-5437.8 5339.1 -13.1 81 0 8.5 17.6 10.5 3.5 2 1 3 0 0
-5453.6 5339.2 -12.8 94 0 6.7 19.5 10.5 3.5 2 1 3 5 5
-5463.8 5352.6 -12.0 1 0 6.1 14.5 10.5 3.5 4 1 3 0 0
-5466.9 5333.6 -12.0 350 0 13.1 12.8 10.5 3.5 4 0 3 0 0
-5463.7 5310.7 -12.0 354 0 12.2 15.7 10.5 3.5 2 1 3 0 0
-5449.6 5311.9 -12.8 359 0 13.0 11.4 10.5 0.0 0 0 3 3 3
-5447.1 5299.8 -12.7 356 0 7.0 13.2 10.5 3.5 2 1 3 0 0
-5476.7 5276.1 -10.9 356 0 9.4 15.0 10.5 3.5 4 1 3 4 4
-5477.5 5289.5 -11.2 0 0 11.2 15.3 10.5 3.5 2 1 3 0 0
-5447.0 5278.0 -12.2 2 0 9.7 10.8 10.5 3.5 2 1 3 5 5
-5466.8 5251.0 -9.5 348 0 10.8 11.2 10.5 0.0 0 1 3 3 3
-5479.7 5247.9 -8.3 351 0 11.8 14.8 10.5 3.5 2 1 3 2 2
-5458.5 5265.6 -11.3 353 0 9.8 13.4 10.5 3.5 4 1 3 1 1
-5443.4 5263.8 -11.9 356 0 13.0 11.1 10.5 3.5 2 0 3 5 5
-5441.6 5240.0 -10.9 358 0 8.3 18.8 10.5 3.5 2 1 3 2 2
-5442.4 5225.5 -10.3 354 0 15.9 16.5 7.0 0.0 0 1 2 2 2
-5443.6 5207.2 -9.3 356 0 15.0 12.8 10.5 3.5 4 0 3 1 1
-5462.2 5197.4 -7.1 43 0 9.3 17.5 10.5 3.5 2 1 3 0 0
-5470.2 5224.4 -7.0 349 0 9.0 7.6 10.5 0.0 0 0 3 0 0
-5464.8 5234.1 -8.1 2 0 5.5 13.1 10.5 3.5 2 1 3 4 4
-5506.7 5229.0 -5.2 157 0 5.5 9.0 10.5 3.5 2 1 3 0 0
-5532.7 5284.4 -9.4 93 0 15.6 7.0 10.5 3.5 2 0 3 0 0
-5536.2 5276.6 -8.7 187 0 9.4 13.8 10.5 3.5 2 1 3 4 4
-5559.6 5269.7 -5.3 96 0 12.7 8.9 10.5 3.5 4 0 3 5 5
-5566.0 5322.3 -6.0 61 0 7.1 8.9 10.5 3.5 2 1 3 1 1
-5576.9 5357.1 -5.7 231 0 8.8 11.4 10.5 3.5 2 1 3 4 4
-5567.8 5390.5 -6.2 275 0 13.0 10.5 10.5 3.5 2 0 3 5 5
-5559.8 5373.1 -6.8 297 0 11.8 7.6 10.5 3.5 2 0 3 0 0
-5435.2 5269.2 -12.4 186 0 7.6 7.6 10.5 0.0 0 0 3 5 5
-5434.3 5258.1 -11.9 190 0 10.9 7.5 10.5 3.5 2 0 3 0 0
-5428.7 5233.8 -11.4 166 0 12.3 9.6 10.5 3.5 2 0 3 0 0
-5378.2 5276.2 -12.5 354 0 9.5 17.1 10.5 3.5 2 1 3 4 4
-5403.6 5273.6 -12.4 179 0 8.4 6.4 10.5 3.5 2 0 3 1 1
-5402.1 5259.7 -12.3 182 0 14.6 9.6 10.5 3.5 2 0 3 3 3
-5423.3 5257.2 -12.1 181 0 11.4 14.8 10.5 3.5 2 1 3 5 5
-5419.7 5272.1 -12.3 178 0 5.7 11.9 10.5 3.5 2 1 3 5 5
-5434.2 5285.4 -13.0 176 0 11.4 56.9 10.5 3.5 2 1 3 4 4
-5432.7 5301.8 -13.1 175 0 15.4 8.2 10.5 3.5 2 0 3 1 1
-5406.8 5333.7 -13.2 266 0 44.5 9.1 10.5 3.5 2 0 3 0 0
-5422.2 5322.5 -13.2 267 0 22.1 9.7 10.5 3.5 2 0 3 5 5
-5385.5 5323.8 -13.0 269 0 13.1 18.1 10.5 3.5 2 1 3 1 1
-5344.0 5301.1 -12.4 8 0 9.9 12.6 10.5 3.5 2 1 3 2 2
-5346.5 5281.7 -12.4 10 0 14.3 21.7 10.5 3.5 2 1 3 2 2
-5351.1 5248.4 -12.2 5 0 9.0 12.1 10.5 3.5 4 1 3 3 3
-5373.4 5261.2 -12.4 358 0 12.1 16.2 10.5 3.5 2 1 3 5 5
-5383.2 5239.5 -12.0 6 0 10.4 10.9 10.5 3.5 2 1 3 0 0
-5388.6 5223.8 -11.4 353 0 9.5 7.5 10.5 3.5 2 0 3 5 5
-5386.2 5210.7 -11.2 2 0 8.9 10.8 10.5 3.5 2 1 3 3 3
-5413.5 5207.4 -10.8 188 0 7.7 10.6 10.5 3.5 2 1 3 2 2
-5429.9 5205.3 -10.4 175 0 11.5 9.4 10.5 0.0 0 0 3 3 3
-5431.8 5216.6 -10.6 171 0 7.8 12.9 10.5 3.5 2 1 3 5 5
-5422.2 5187.5 -10.2 170 0 16.5 12.4 10.5 3.5 2 0 3 5 5
-5439.0 5170.2 -8.7 49 0 5.9 9.1 10.5 0.0 0 1 3 2 2
-5448.2 5184.9 -7.9 318 0 6.8 7.0 10.5 3.5 2 1 3 2 2
-5447.2 5166.8 -7.7 55 0 4.2 9.5 10.5 3.5 2 1 3 1 1
-5439.8 5163.6 -8.4 322 0 8.9 7.3 10.5 3.5 2 0 3 0 0
-5436.3 5151.6 -8.7 319 0 9.3 7.5 10.5 3.5 2 0 3 2 2
-5427.2 5147.0 -9.2 312 0 8.0 10.9 10.5 3.5 4 1 3 0 0
-5420.0 5129.4 -9.5 316 0 8.5 8.3 10.5 3.5 2 0 3 3 3
-5430.7 5119.9 -8.8 308 0 12.3 5.8 10.5 3.5 2 0 3 3 3
-5434.1 5109.1 -8.6 296 0 14.3 7.1 10.5 3.5 2 0 3 2 2
-5440.9 5099.6 -8.4 278 0 9.1 9.7 10.5 3.5 2 1 3 0 0
-5317.7 5359.6 -13.4 182 0 11.7 8.8 10.5 3.5 2 0 3 2 2
-5315.7 5383.3 -13.8 180 0 8.4 6.2 10.5 0.0 0 0 3 2 2
-5316.0 5372.6 -13.6 176 0 7.9 7.0 10.5 3.5 2 0 3 1 1
-5331.0 5384.8 -13.6 174 0 10.1 10.4 10.5 3.5 2 1 3 3 3
-5329.5 5372.8 -13.4 177 0 10.0 11.1 10.5 3.5 2 1 3 0 0
-5329.1 5358.2 -13.2 176 0 14.8 8.8 10.5 3.5 2 0 3 3 3
-5332.0 5346.2 -13.1 185 0 6.9 17.1 10.5 3.5 2 1 3 1 1
-5331.8 5333.0 -12.7 179 0 6.5 12.5 10.5 3.5 4 1 3 4 4
-5331.1 5320.2 -12.7 183 0 15.5 14.9 10.5 0.0 0 0 3 3 3
-5331.1 5304.9 -12.3 184 0 6.4 13.2 10.5 3.5 2 1 3 1 1
-5336.1 5294.8 -12.2 192 0 7.9 5.8 10.5 0.0 0 0 3 5 5
-5335.5 5269.2 -12.2 180 0 8.5 17.2 10.5 3.5 4 1 3 3 3
-5334.2 5280.6 -12.1 184 0 7.5 15.6 10.5 3.5 2 1 3 0 0
-5312.3 5311.0 -12.5 183 0 7.0 6.5 10.5 3.5 2 0 3 1 1
-5310.5 5321.6 -12.8 189 0 10.6 8.8 10.5 3.5 4 0 3 4 4
-5295.0 5300.9 -12.2 359 0 7.4 10.7 10.5 3.5 2 1 3 3 3
-5296.1 5288.7 -12.2 357 0 8.2 10.0 10.5 3.5 2 1 3 1 1
-5294.4 5273.0 -12.2 12 0 7.1 6.4 10.5 0.0 0 0 3 4 4
-5313.1 5271.2 -12.3 175 0 15.3 9.8 10.5 3.5 4 0 3 5 5
-5307.4 5529.6 -13.5 258 0 5.9 6.0 10.5 3.5 2 1 3 0 0
-5303.6 5517.6 -13.6 343 0 7.7 6.7 10.5 3.5 2 0 3 3 3
-5297.5 5501.0 -13.7 350 0 18.2 16.8 10.5 0.0 0 0 3 5 5
-5296.7 5442.3 -13.9 359 0 5.7 15.1 10.5 0.0 0 1 3 2 2
-5292.2 5460.3 -13.9 353 0 8.6 19.9 10.5 3.5 4 1 3 0 0
-5296.1 5476.9 -13.8 353 0 19.3 23.3 10.5 0.0 0 1 3 0 0
-5354.3 5477.6 -13.1 156 0 5.0 9.8 10.5 0.0 0 1 3 0 0
-5330.5 5520.7 -13.3 254 0 16.7 15.5 10.5 3.5 4 0 3 0 0
-5349.4 5513.1 -12.9 244 0 8.8 11.4 10.5 3.5 2 1 3 4 4
-5362.0 5507.3 -13.0 246 0 7.8 23.4 10.5 3.5 2 1 3 5 5
-5333.8 5471.8 -13.5 163 0 15.9 9.5 10.5 3.5 2 0 3 2 2
-5346.5 5446.5 -13.4 159 0 32.3 8.4 10.5 0.0 0 0 3 3 3
-5321.1 5435.3 -13.7 78 0 9.0 23.9 10.5 3.5 4 1 3 0 0
-5326.8 5424.7 -13.7 77 0 14.1 7.6 10.5 3.5 2 0 3 3 3
-5335.3 5401.1 -13.9 173 0 5.0 28.7 10.5 3.5 2 1 3 1 1
-5338.3 5410.8 -14.0 172 0 5.9 32.9 10.5 3.5 2 1 3 5 5
-5284.6 5419.6 -14.3 338 0 8.0 13.5 10.5 3.5 2 1 3 5 5
-5280.3 5404.2 -14.5 347 0 18.6 10.0 10.5 3.5 2 0 3 0 0
-5292.3 5398.1 -14.2 345 0 7.8 7.5 10.5 3.5 2 0 3 0 0
-5286.2 5385.1 -14.3 350 0 9.7 20.0 10.5 0.0 0 1 3 5 5
-5273.9 5359.4 -14.0 351 0 9.8 12.8 10.5 3.5 2 1 3 3 3
-5275.8 5373.8 -14.3 352 0 8.2 16.8 10.5 3.5 2 1 3 2 2
-5295.3 5371.7 -13.8 351 0 8.5 8.4 10.5 3.5 2 0 3 1 1
-5290.5 5357.9 -13.6 353 0 10.7 5.8 10.5 3.5 2 0 3 5 5
-5271.3 5345.0 -13.6 357 0 7.6 21.7 10.5 3.5 4 1 3 2 2
-5290.4 5326.0 -12.9 5 0 5.4 8.9 10.5 3.5 2 1 3 3 3
-5269.7 5335.3 -13.3 349 0 6.2 18.7 10.5 3.5 2 1 3 4 4
-5270.6 5324.0 -13.0 354 0 8.0 13.4 10.5 0.0 0 1 3 0 0
-5270.1 5313.0 -12.6 355 0 7.5 16.7 10.5 3.5 2 1 3 4 4
-5269.4 5298.1 -12.3 5 0 8.3 14.3 10.5 3.5 2 1 3 5 5
-5270.5 5288.3 -12.2 0 0 8.2 21.9 10.5 3.5 2 1 3 3 3
-5274.1 5276.8 -12.3 1 0 11.1 17.5 10.5 3.5 4 1 3 3 3
-5266.8 5260.0 -12.6 0 0 6.4 13.8 10.5 3.5 2 1 3 3 3
-5271.9 5250.3 -12.7 11 0 6.0 10.3 10.5 0.0 0 1 3 3 3
-5271.4 5235.8 -13.0 12 0 9.4 7.7 10.5 3.5 2 0 3 5 5
-5285.9 5232.0 -12.9 94 0 6.4 11.5 10.5 3.5 2 1 3 0 0
-5887.5 5549.7 -19.0 180 0 8.2 7.7 10.5 3.5 2 0 3 4 4
-5531.4 5021.7 -8.3 140 0 3.2 4.6 10.5 3.5 2 1 3 1 1
-5542.1 5002.5 -11.5 130 0 3.5 3.0 10.5 3.5 2 0 3 0 0
-5536.6 5033.3 -6.9 118 0 4.0 3.7 10.5 0.0 0 0 3 3 3
-5539.7 5027.8 -8.0 127 0 4.6 3.9 10.5 3.5 4 0 3 5 5
-5535.2 4986.5 -12.1 141 0 4.9 4.2 10.5 3.5 2 0 3 3 3
-5561.9 5013.6 -11.9 124 0 3.4 3.7 10.5 3.5 2 1 3 0 0
-5566.2 5017.8 -11.7 133 0 3.2 3.8 10.5 0.0 0 1 3 4 4
-5572.7 5018.6 -12.1 126 0 4.6 6.1 10.5 3.5 2 1 3 4 4
-5580.2 5019.4 -12.7 124 0 4.4 3.8 10.5 3.5 2 0 3 2 2
-5568.5 5006.1 -13.2 138 0 4.9 4.5 10.5 0.0 0 0 3 2 2
-5533.5 4997.5 -11.2 136 0 4.1 4.1 10.5 3.5 2 0 3 5 5
-5538.4 4999.8 -11.4 131 0 3.3 6.8 10.5 3.5 2 1 3 2 2
-5530.6 5011.8 -9.7 134 0 3.6 8.0 10.5 3.5 2 1 3 3 3
-5560.2 4999.9 -13.0 137 0 3.2 4.0 10.5 3.5 2 1 3 0 0
-5555.4 4997.3 -12.9 131 0 3.2 4.4 10.5 3.5 2 1 3 5 5
-5553.3 4993.2 -13.0 140 0 3.8 4.1 10.5 3.5 2 1 3 5 5
-5544.9 4987.1 -12.8 133 0 4.0 4.9 10.5 3.5 2 1 3 0 0
-5536.7 4978.1 -12.9 136 0 3.6 3.9 10.5 3.5 2 1 3 2 2
-5525.1 4983.1 -12.1 131 0 4.4 3.1 10.5 3.5 2 0 3 4 4
-5518.9 4975.9 -12.6 129 0 5.6 4.4 10.5 3.5 2 0 3 2 2
-5532.7 4971.9 -13.0 136 0 4.1 4.4 10.5 3.5 2 1 3 0 0
-5517.3 4965.6 -13.2 134 0 3.4 4.7 10.5 3.5 2 1 3 3 3
-5524.9 4970.7 -13.1 133 0 6.0 6.7 10.5 3.5 2 1 3 2 2
-5521.7 4992.6 -11.3 156 0 4.3 3.0 10.5 3.5 2 0 3 5 5
-5514.9 4981.8 -12.1 135 0 4.1 4.2 10.5 3.5 2 1 3 1 1
-5501.7 4976.3 -12.4 112 0 4.3 4.2 10.5 0.0 0 0 3 1 1
-5506.3 4959.4 -13.3 43 0 3.3 3.3 10.5 3.5 2 0 3 4 4
-5543.2 5022.8 -9.2 136 0 5.4 4.3 10.5 3.5 2 0 3 0 0
-5549.7 5025.7 -9.1 122 0 4.0 3.5 10.5 3.5 2 0 3 3 3
-5546.9 5030.0 -8.3 127 0 4.5 6.3 10.5 3.5 2 1 3 5 5
-5555.1 5030.7 -8.9 131 0 3.1 4.3 10.5 3.5 2 1 3 1 1
-5555.7 5036.7 -8.0 127 0 3.8 5.9 10.5 3.5 2 1 3 2 2
-5549.8 5035.9 -7.6 117 0 3.7 3.4 10.5 0.0 0 0 3 5 5
-5547.6 5040.6 -6.7 127 0 3.5 4.8 10.5 3.5 2 1 3 3 3
-5542.8 5037.0 -6.9 127 0 4.3 5.6 10.5 3.5 4 1 3 0 0
-5560.3 5031.6 -9.1 129 0 3.4 5.8 10.5 3.5 2 1 3 5 5
-5563.9 5024.7 -10.5 131 0 3.3 6.5 10.5 3.5 2 1 3 5 5
-5568.7 5025.0 -10.8 122 0 3.4 5.3 10.5 3.5 4 1 3 2 2
-5564.9 5039.7 -8.3 122 0 5.1 3.7 10.5 3.5 2 0 3 3 3
-5573.8 5034.9 -10.0 135 0 4.2 3.3 10.5 3.5 2 0 3 0 0
-5522.4 5004.7 -10.3 127 0 3.7 3.8 10.5 3.5 4 1 3 5 5
-5530.7 4992.8 -11.4 139 0 4.1 4.4 10.5 3.5 2 1 3 3 3
-5530.7 4979.9 -12.5 140 0 6.9 5.3 10.5 0.0 0 0 3 5 5
-5575.8 5267.0 -2.0 16 0 11.4 15.9 10.5 3.5 4 1 3 1 1
-5592.9 5250.0 0.0 119 0 12.8 10.6 10.5 3.5 2 0 3 1 1
-5574.0 5241.7 0.2 242 0 5.6 7.3 10.5 0.0 0 1 3 0 0
-5563.5 5246.9 -1.3 247 0 7.5 7.9 10.5 3.5 2 1 3 1 1
-5533.0 5236.9 -3.2 241 0 6.7 17.3 10.5 3.5 2 1 3 0 0
-5551.3 5227.5 -1.1 218 0 9.0 14.5 10.5 3.5 2 1 3 5 5
-5528.3 5206.5 -0.7 226 0 6.7 9.3 10.5 3.5 2 1 3 4 4
-5518.1 5188.6 -1.0 217 0 8.0 6.2 10.5 3.5 2 0 3 1 1
-5501.7 5180.5 -2.4 321 0 13.2 9.8 10.5 3.5 2 0 3 3 3
-5482.1 5153.8 -3.5 329 0 12.6 7.6 10.5 3.5 2 0 3 3 3
-5521.1 5134.7 1.5 318 0 9.9 14.8 10.5 3.5 2 1 3 0 0
-5533.3 5096.7 2.5 124 0 10.2 12.6 10.5 3.5 4 1 3 4 4
-5505.5 5111.9 0.2 299 0 11.9 16.7 10.5 3.5 2 1 3 5 5
-5493.1 5096.5 -3.0 303 0 10.4 11.5 10.5 3.5 2 1 3 2 2
-5508.7 5067.8 -4.6 123 0 9.8 9.0 10.5 3.5 4 0 3 3 3
-5496.2 5033.7 -9.7 123 0 10.2 9.6 10.5 3.5 4 0 3 4 4
-5496.8 5007.3 -10.6 135 0 8.4 9.7 10.5 3.5 2 1 3 3 3
-5489.4 5020.2 -10.1 41 0 6.1 7.1 10.5 3.5 2 1 3 0 0
-5313.2 5243.4 -12.4 104 0 8.0 7.3 10.5 3.5 2 0 3 0 0
-5340.8 5242.9 -12.2 192 0 11.9 9.1 10.5 3.5 2 0 3 2 2
-5327.3 5235.1 -12.3 102 0 9.7 12.1 10.5 3.5 2 1 3 0 0
-5322.2 5223.4 -12.6 295 0 10.8 7.8 10.5 3.5 2 0 3 2 2
-5346.3 5215.1 -12.2 190 0 8.1 9.6 10.5 3.5 4 1 3 5 5
-5350.5 5199.5 -12.4 192 0 8.1 23.8 10.5 3.5 2 1 3 0 0
-5352.2 5190.1 -12.1 192 0 7.3 10.3 10.5 3.5 2 1 3 3 3
-5339.4 5174.3 -12.9 203 0 10.2 6.9 10.5 3.5 2 0 3 0 0
-5351.8 5177.1 -12.4 196 0 10.6 8.3 10.5 3.5 2 0 3 1 1
-5355.0 5152.4 -13.2 211 0 8.8 12.7 10.5 3.5 2 1 3 5 5
-5358.7 5128.3 -13.3 129 0 9.7 8.6 10.5 3.5 2 0 3 5 5
-5365.9 5119.2 -13.1 124 0 9.9 8.0 10.5 3.5 2 0 3 4 4
-5375.6 5133.7 -12.5 216 0 6.9 8.2 10.5 3.5 4 1 3 3 3
-5336.7 5114.9 -14.2 44 0 11.8 10.7 14.0 3.5 2 0 4 5 5
-5325.5 5129.1 -14.4 36 0 9.2 19.8 10.5 3.5 2 1 3 4 4
-5359.2 5218.9 -11.9 15 0 9.0 14.7 10.5 3.5 2 1 3 1 1
-5361.1 5205.4 -11.7 11 0 10.0 18.7 10.5 3.5 4 1 3 5 5
-5361.6 5195.6 -11.6 12 0 6.2 10.6 10.5 3.5 2 1 3 4 4
-5365.8 5179.7 -11.6 24 0 10.0 10.8 10.5 3.5 4 1 3 1 1
-5370.4 5165.0 -11.7 25 0 11.4 7.6 10.5 3.5 2 0 3 0 0
-5380.3 5169.2 -11.3 32 0 9.3 7.0 10.5 3.5 2 0 3 0 0
-5397.5 5144.1 -11.2 124 0 12.7 10.6 10.5 3.5 2 0 3 5 5
-5406.1 5135.0 -10.5 298 0 7.4 19.7 10.5 3.5 2 1 3 1 1
-5394.5 5105.4 -11.4 312 0 7.9 10.9 10.5 3.5 2 1 3 3 3
-5385.6 5119.8 -11.7 296 0 6.4 13.6 10.5 3.5 2 1 3 5 5
-5395.7 5122.0 -11.1 305 0 8.0 29.0 10.5 3.5 2 1 3 0 0
-5385.3 5084.7 -12.1 38 0 10.4 11.9 10.5 3.5 2 1 3 3 3
-5383.6 5098.7 -12.2 306 0 10.4 3.5 10.5 3.5 2 0 3 4 4
-5375.8 5116.9 -12.4 300 0 11.0 12.5 10.5 0.0 0 1 3 0 0
-5367.0 5106.0 -12.8 308 0 4.3 13.5 10.5 3.5 4 1 3 1 1
-5372.5 5064.9 -13.3 19 0 5.1 9.8 10.5 3.5 2 1 3 5 5
-5367.9 5070.5 -13.4 34 0 5.7 10.6 10.5 0.0 0 1 3 5 5
-5361.7 5077.2 -13.6 35 0 5.4 12.0 10.5 3.5 2 1 3 1 1
-5353.0 5091.2 -13.8 37 0 22.2 14.8 10.5 3.5 2 0 3 0 0
-5402.0 5029.8 -12.9 43 0 8.4 14.3 10.5 3.5 2 1 3 1 1
-5420.4 5040.5 -11.4 22 0 8.7 16.5 10.5 3.5 2 1 3 5 5
-5411.1 5075.5 -10.5 30 0 7.1 9.4 10.5 3.5 2 1 3 0 0
-5411.1 5062.5 -11.0 40 0 8.1 12.0 10.5 0.0 0 1 3 2 2
-5429.7 5088.0 -9.3 296 0 8.6 14.8 10.5 3.5 2 1 3 0 0
-5468.3 5052.6 -9.4 25 0 13.4 8.8 10.5 3.5 2 0 3 3 3
-5438.0 5059.4 -9.6 26 0 6.4 9.4 10.5 3.5 2 1 3 4 4
-5444.3 5048.3 -9.9 21 0 12.6 9.2 10.5 0.0 0 0 3 1 1
-5451.6 5034.7 -10.3 20 0 13.1 6.1 10.5 3.5 2 0 3 4 4
-5440.8 5008.5 -11.5 26 0 9.6 4.3 10.5 3.5 2 0 3 0 0
-5445.2 5016.6 -11.0 19 0 9.1 9.9 10.5 3.5 2 1 3 0 0
-5411.7 5018.1 -12.7 32 0 13.0 16.1 10.5 3.5 2 1 3 0 0
-5427.8 4999.5 -12.5 41 0 7.3 6.3 10.5 3.5 2 0 3 3 3
-5434.5 5004.2 -11.9 43 0 6.6 5.1 10.5 3.5 2 0 3 4 4
-5434.8 4991.0 -12.4 35 0 6.8 9.9 10.5 3.5 2 1 3 4 4
-5446.7 4976.8 -12.0 47 0 9.8 8.4 10.5 3.5 2 0 3 1 1
-5454.6 4966.4 -12.0 59 0 4.7 13.4 10.5 3.5 2 1 3 0 0
-5582.3 5041.6 -10.3 144 0 6.4 6.6 10.5 3.5 4 1 3 1 1
-5592.5 5036.8 -12.2 143 0 8.6 9.5 10.5 3.5 2 1 3 3 3
-5600.2 5048.4 -11.8 143 0 10.6 10.1 10.5 3.5 2 0 3 2 2
-5592.2 5067.1 -8.7 153 0 7.3 8.0 10.5 3.5 2 1 3 5 5
-5596.2 5075.2 -8.2 148 0 5.6 9.1 10.5 3.5 4 1 3 5 5
-5608.6 5057.6 -11.9 146 0 6.9 10.8 10.5 3.5 2 1 3 3 3
-5617.1 5068.0 -11.8 143 0 8.4 12.6 10.5 3.5 2 1 3 2 2
-5589.8 5087.5 -6.3 148 0 6.7 13.5 10.5 3.5 2 1 3 0 0
-5606.6 5093.2 -8.7 142 0 7.5 8.4 10.5 3.5 2 1 3 5 5
-5613.5 5087.8 -9.8 143 0 9.0 5.9 10.5 3.5 2 0 3 4 4
-5629.0 5083.1 -11.7 142 0 8.3 7.9 10.5 3.5 2 0 3 4 4
-5633.6 5095.0 -11.3 148 0 6.3 12.1 10.5 3.5 2 1 3 1 1
-5637.9 5100.5 -11.3 146 0 4.0 9.6 10.5 0.0 0 1 3 2 2
-5640.5 5109.4 -10.9 148 0 8.8 8.7 10.5 3.5 2 0 3 1 1
-5610.3 5049.3 -17.2 325 0 11.6 9.8 10.5 3.5 2 0 3 0 0
-5618.3 5061.9 -16.5 323 0 12.5 10.5 14.0 3.5 2 0 4 4 4
-5626.5 5071.8 -16.0 324 0 5.5 9.8 10.5 3.5 2 1 3 1 1
-5639.5 5087.3 -16.7 325 0 16.0 12.3 14.0 3.5 2 0 4 2 2
-5648.5 5098.4 -16.7 324 0 5.4 13.3 10.5 0.0 0 1 3 0 0
-5652.4 5104.7 -15.8 323 0 4.6 12.1 10.5 3.5 4 1 3 0 0
-5652.8 5126.1 -10.6 149 0 17.7 12.1 10.5 3.5 2 0 3 2 2
-5657.2 5110.7 -15.4 325 0 4.5 10.6 10.5 3.5 2 1 3 1 1
-5661.6 5117.0 -16.1 328 0 7.3 13.7 10.5 3.5 2 1 3 3 3
-5670.7 5130.3 -14.7 329 0 5.9 8.5 10.5 0.0 0 1 3 1 1
-5672.9 5119.2 -17.3 332 0 5.1 10.8 10.5 3.5 2 1 3 5 5
-5680.2 5126.3 -17.1 326 0 8.3 6.8 10.5 3.5 2 0 3 2 2
-5677.2 5138.1 -15.3 327 0 8.3 9.0 10.5 3.5 2 1 3 4 4
-5693.0 5130.2 -17.7 151 0 7.2 6.1 10.5 3.5 2 0 3 1 1
-5689.5 5150.8 -16.8 333 0 14.2 9.7 10.5 3.5 2 0 3 3 3
-5688.0 5177.9 -9.7 148 0 8.3 17.6 10.5 3.5 2 1 3 1 1
-5679.4 5166.2 -9.9 153 0 8.3 13.2 10.5 3.5 4 1 3 4 4
-5696.7 5173.9 -15.6 334 0 10.3 11.0 14.0 3.5 4 1 4 0 0
-5719.5 5177.3 -18.4 150 0 10.5 7.9 10.5 3.5 2 0 3 1 1
-5704.8 5191.2 -14.7 326 0 13.6 10.1 14.0 3.5 2 0 4 0 0
-5729.3 5194.5 -18.4 144 0 9.7 9.9 10.5 3.5 2 1 3 5 5
-5723.4 5218.2 -16.7 335 0 12.4 13.3 14.0 3.5 2 1 4 4 4
-5738.2 5239.5 -17.6 329 0 7.7 15.0 10.5 3.5 2 1 3 3 3
-5740.2 5249.2 -17.0 333 0 6.8 16.9 10.5 0.0 0 1 3 1 1
-5747.5 5256.0 -16.3 332 0 9.0 12.8 10.5 3.5 2 1 3 0 0
-5770.9 5256.3 -19.2 149 0 10.5 16.9 14.0 3.5 2 1 4 3 3
-5772.2 5291.8 -15.7 329 0 8.0 14.3 10.5 3.5 2 1 3 0 0
-5779.5 5301.0 -13.5 330 0 7.8 15.0 10.5 3.5 2 1 3 0 0
-5798.6 5303.7 -15.9 153 0 9.9 7.8 10.5 0.0 0 0 3 0 0
-5785.8 5323.8 -12.9 344 0 9.1 6.6 10.5 3.5 2 0 3 1 1
-5807.4 5316.8 -17.2 154 0 13.4 10.6 14.0 3.5 2 0 4 0 0
-5821.2 5324.1 -19.1 153 0 10.5 15.1 14.0 3.5 2 1 4 5 5
-5795.1 5340.3 -14.4 338 0 14.2 10.7 14.0 3.5 2 0 4 5 5
-5800.8 5357.4 -15.5 335 0 13.6 18.3 14.0 3.5 2 1 4 4 4
-5837.1 5363.3 -17.8 157 0 11.5 13.5 14.0 3.5 2 1 4 2 2
-5838.9 5417.0 -16.5 338 0 7.8 6.4 10.5 3.5 4 0 3 3 3
-5831.1 5404.1 -17.4 341 0 13.6 15.5 14.0 3.5 2 1 4 5 5
-5825.3 5386.4 -16.7 342 0 14.8 13.4 14.0 3.5 2 0 4 3 3
-5813.3 5385.9 -13.7 336 0 15.3 8.6 10.5 3.5 2 0 3 5 5
-5819.7 5403.9 -13.2 341 0 14.3 7.2 10.5 3.5 2 0 3 1 1
-5829.0 5424.2 -13.8 336 0 14.5 8.9 10.5 3.5 2 0 3 1 1
-5844.9 5429.6 -17.0 335 0 9.7 6.7 10.5 3.5 2 0 3 1 1
-5856.9 5436.9 -18.0 153 0 8.4 6.6 10.5 3.5 4 0 3 5 5
-5838.0 5440.1 -14.0 324 0 10.4 8.2 10.5 0.0 0 0 3 2 2
-5872.5 5461.1 -20.3 157 0 10.3 7.7 10.5 0.0 0 0 3 4 4
-5857.1 5486.8 -13.1 336 0 9.5 5.8 10.5 3.5 2 0 3 3 3
-5888.0 5497.8 -18.7 169 0 14.0 9.1 10.5 3.5 2 0 3 3 3
-5892.7 5509.0 -19.1 163 0 6.9 9.3 10.5 3.5 2 1 3 1 1
-5859.3 5579.8 -9.2 335 0 7.0 11.3 10.5 3.5 2 1 3 1 1
-5867.7 5589.7 -11.1 320 0 8.7 10.1 10.5 3.5 2 1 3 4 4
-5862.2 5554.3 -11.9 359 0 7.8 7.7 10.5 3.5 2 0 3 5 5
-5888.7 5523.3 -18.4 181 0 7.5 12.5 10.5 3.5 2 1 3 0 0
-5889.3 5533.4 -19.2 183 0 6.8 9.8 10.5 3.5 2 1 3 4 4
-5859.4 5534.4 -12.9 359 0 25.1 12.5 14.0 3.5 2 0 4 1 1
-5888.4 5577.2 -17.2 162 0 8.5 8.4 10.5 3.5 4 0 3 5 5
-5899.2 5593.5 -20.6 176 0 9.1 9.2 10.5 3.5 2 1 3 3 3
-5565.0 5660.4 -0.1 38 0 12.8 11.2 14.0 3.5 2 0 4 4 4
-5638.6 5697.1 0.5 116 0 18.2 16.4 14.0 3.5 2 0 4 0 0
-5577.8 5622.6 3.8 52 0 14.9 17.8 14.0 3.5 2 1 4 5 5
-5535.8 4965.1 -15.9 319 0 5.3 6.0 10.5 3.5 2 1 3 2 2
-5550.8 4980.4 -18.5 306 0 7.2 8.0 10.5 3.5 4 1 3 2 2
-5541.7 4971.8 -16.1 317 0 9.4 6.6 10.5 3.5 2 0 3 3 3
-5530.6 4958.9 -19.8 323 0 7.7 16.3 10.5 3.5 2 1 3 0 0
-5524.0 4953.0 -16.7 308 0 4.1 6.9 10.5 0.0 0 1 3 4 4
-5516.3 4943.4 -19.1 334 0 10.3 9.1 10.5 3.5 2 0 3 1 1
-5499.1 4913.8 -19.2 325 0 6.3 10.0 10.5 3.5 2 1 3 1 1
-5492.5 4907.4 -19.5 321 0 5.9 12.4 10.5 3.5 2 1 3 0 0
-5453.0 4859.2 -18.7 133 0 7.7 7.5 10.5 3.5 2 0 3 4 4
-5441.2 4852.2 -19.3 126 0 6.9 7.6 10.5 0.0 0 1 3 0 0
-5410.3 4856.8 -19.7 12 0 6.6 9.3 10.5 3.5 2 1 3 4 4
-5413.9 4875.7 -19.3 354 0 8.5 6.6 10.5 3.5 2 0 3 2 2
-5421.8 4865.5 -19.4 359 0 5.7 7.3 10.5 0.0 0 1 3 4 4
-5422.8 4877.4 -18.8 357 0 8.6 9.8 10.5 3.5 2 1 3 4 4
-5449.2 4876.5 -17.9 210 0 7.4 8.0 10.5 0.0 0 1 3 1 1
-5446.5 4886.4 -17.8 212 0 8.1 8.8 10.5 3.5 2 1 3 3 3
-5455.3 4890.1 -16.8 206 0 9.9 7.4 10.5 3.5 2 0 3 5 5
-5450.6 4901.9 -15.5 195 0 6.7 10.3 10.5 3.5 4 1 3 5 5
-5449.3 4913.2 -13.9 204 0 6.7 10.0 10.5 3.5 2 1 3 1 1
-5436.5 4898.0 -17.4 179 0 9.8 8.5 10.5 3.5 4 0 3 2 2
-5402.8 4879.4 -19.7 357 0 9.1 6.7 10.5 3.5 2 0 3 0 0
-5410.2 4897.1 -19.8 79 0 6.5 7.9 10.5 0.0 0 1 3 1 1
-5411.7 4907.3 -18.5 90 0 4.7 14.0 10.5 3.5 2 1 3 0 0
-5417.3 4914.7 -16.9 2 0 13.3 9.3 10.5 3.5 2 0 3 1 1
-5403.0 4928.0 -19.5 10 0 7.9 8.4 10.5 3.5 2 1 3 5 5
-5392.5 4935.9 -19.8 7 0 4.6 13.3 10.5 3.5 2 1 3 3 3
-5405.7 4951.3 -18.9 12 0 8.6 10.5 10.5 3.5 2 1 3 3 3
-5415.7 4939.3 -17.7 6 0 9.1 11.9 10.5 3.5 2 1 3 1 1
-5445.1 4934.4 -14.4 193 0 6.0 8.7 10.5 3.5 2 1 3 1 1
-5432.5 4930.6 -17.0 188 0 9.6 16.3 10.5 3.5 2 1 3 5 5
-5449.0 4924.5 -13.7 195 0 7.7 13.4 10.5 3.5 2 1 3 0 0
-5441.3 4944.5 -14.7 188 0 11.5 7.5 10.5 3.5 2 0 3 0 0
-5448.3 4958.9 -13.3 264 0 8.9 12.8 10.5 3.5 2 1 3 5 5
-5435.2 4973.7 -16.8 227 0 26.0 12.0 14.0 3.5 2 0 4 2 2
-5402.8 4977.1 -19.8 41 0 4.7 7.9 10.5 3.5 2 1 3 2 2
-5390.4 4992.0 -19.7 35 0 6.0 6.7 10.5 3.5 2 1 3 1 1
-5413.5 4995.5 -16.8 227 0 6.9 7.5 10.5 3.5 2 1 3 3 3
-5406.2 5004.1 -16.9 223 0 7.3 8.5 10.5 3.5 2 1 3 2 2
-5398.5 5013.4 -16.6 225 0 7.2 9.6 10.5 0.0 0 1 3 2 2
-5382.1 4998.2 -19.7 41 0 7.0 5.7 10.5 3.5 2 0 3 4 4
-5362.4 5017.4 -19.6 30 0 8.7 8.1 10.5 3.5 2 0 3 3 3
-5354.2 5023.6 -19.8 41 0 5.2 17.4 10.5 3.5 2 1 3 0 0
-5378.5 5032.7 -16.7 226 0 7.2 9.3 10.5 3.5 2 1 3 0 0
-5385.5 5021.2 -17.7 220 0 11.5 9.6 10.5 3.5 2 0 3 5 5
-5362.8 5003.8 -19.8 40 0 8.4 13.0 10.5 3.5 2 1 3 0 0
-5367.5 5056.6 -16.2 220 0 6.0 9.9 10.5 3.5 4 1 3 4 4
-5347.4 5036.6 -19.6 37 0 7.2 10.7 10.5 3.5 2 1 3 1 1
-5345.3 5048.2 -19.5 46 0 6.5 8.0 10.5 3.5 2 1 3 1 1
-5350.9 5073.8 -17.4 221 0 9.1 8.6 10.5 3.5 2 0 3 0 0
-5360.8 5064.1 -16.2 221 0 6.8 7.3 10.5 3.5 2 1 3 3 3
-5326.5 5076.6 -19.3 34 0 8.6 19.9 10.5 3.5 2 1 3 4 4
-5329.6 5104.9 -18.1 214 0 7.1 11.0 10.5 3.5 2 1 3 0 0
-5325.8 5112.1 -18.2 215 0 4.0 12.4 10.5 3.5 2 1 3 0 0
-5304.8 5120.1 -17.7 218 0 13.5 7.5 10.5 3.5 2 0 3 1 1
-5313.2 5127.5 -16.5 221 0 12.5 6.7 10.5 3.5 4 0 3 5 5
-5314.4 5145.7 -14.7 36 0 9.6 16.2 10.5 0.0 0 1 3 3 3
-5308.3 5155.0 -14.7 34 0 6.5 16.8 10.5 3.5 4 1 3 4 4
-5299.8 5163.3 -14.6 33 0 10.8 15.0 14.0 3.5 2 1 4 4 4
-5309.5 5185.8 -13.3 23 0 11.9 11.6 14.0 3.5 2 0 4 2 2
-5287.7 5176.6 -14.3 15 0 10.6 19.2 14.0 3.5 2 1 4 3 3
-5304.6 5136.2 -17.0 213 0 9.5 13.2 10.5 3.5 2 1 3 1 1
-5291.9 5148.1 -16.9 212 0 11.8 13.8 14.0 0.0 0 1 4 5 5
-5249.1 5133.0 -18.9 13 0 7.4 18.7 10.5 3.5 2 1 3 5 5
-5283.3 5162.5 -16.8 215 0 13.4 19.6 14.0 3.5 2 1 4 2 2
-5258.6 5141.9 -17.9 92 0 7.7 13.8 10.5 3.5 2 1 3 1 1
-5248.0 5142.7 -18.4 109 0 4.7 10.6 10.5 3.5 4 1 3 0 0
-5232.8 5140.4 -19.4 25 0 8.8 10.2 10.5 3.5 2 1 3 2 2
-5226.6 5156.4 -19.1 12 0 8.2 10.5 10.5 3.5 2 1 3 1 1
-5240.1 5160.1 -18.0 16 0 7.4 8.6 10.5 3.5 2 1 3 0 0
-5222.3 5179.1 -18.6 7 0 10.6 12.8 14.0 3.5 2 1 4 1 1
-5237.6 5181.9 -17.1 12 0 7.8 6.7 10.5 3.5 2 0 3 5 5
-5260.5 5176.4 -16.7 198 0 8.1 12.6 10.5 3.5 2 1 3 3 3
-5264.2 5169.2 -16.7 203 0 5.1 10.5 10.5 3.5 4 1 3 1 1
-5277.4 5181.4 -15.4 217 0 11.7 13.6 14.0 3.5 2 1 4 3 3
-5266.0 5188.9 -15.5 196 0 9.2 12.5 10.5 0.0 0 1 3 1 1
-5261.8 5205.3 -17.3 198 0 11.4 25.7 14.0 3.5 4 1 4 0 0
-5258.1 5221.4 -18.4 188 0 11.5 34.5 14.0 3.5 2 1 4 3 3
-5289.6 5217.9 -13.6 286 0 26.9 27.9 14.0 0.0 0 1 4 4 4
-5206.1 5266.3 -19.6 359 0 7.5 12.5 10.5 3.5 2 1 3 3 3
-5207.3 5255.4 -19.8 358 0 8.4 10.5 10.5 3.5 2 1 3 0 0
-5228.8 5238.5 -17.5 2 0 14.4 10.1 14.0 3.5 2 0 4 3 3
-5258.0 5247.4 -15.5 179 0 5.8 16.3 10.5 3.5 2 1 3 1 1
-5257.4 5256.2 -14.6 184 0 7.1 10.8 10.5 3.5 2 1 3 1 1
-5243.8 5263.2 -17.4 180 0 5.5 20.9 10.5 3.5 2 1 3 4 4
-5230.2 5346.7 -18.8 357 0 11.8 12.0 14.0 3.5 2 1 4 3 3
-5285.8 5594.2 -19.8 333 0 12.1 10.7 14.0 3.5 2 0 4 1 1
-5310.0 5643.9 -19.8 337 0 13.7 18.5 14.0 3.5 2 1 4 3 3
-5315.0 5662.6 -20.1 335 0 7.5 20.7 10.5 3.5 2 1 3 2 2
-5328.2 5668.3 -19.4 338 0 10.1 12.6 14.0 3.5 2 1 4 1 1
-5271.5 5564.4 -19.9 344 0 7.6 11.3 10.5 3.5 2 1 3 3 3
-5268.2 5556.4 -20.0 335 0 6.8 11.6 10.5 3.5 2 1 3 5 5
-5235.1 5381.4 -19.5 351 0 5.8 14.0 10.5 3.5 2 1 3 1 1
-5219.9 5318.5 -19.2 1 0 8.3 10.1 10.5 3.5 2 1 3 5 5
-5215.4 5291.3 -18.7 359 0 8.2 13.2 10.5 3.5 2 1 3 2 2
-5210.1 5280.7 -19.3 357 0 9.6 9.8 10.5 3.5 2 1 3 2 2
-5250.9 5277.0 -14.4 174 0 10.8 10.6 14.0 3.5 2 0 4 1 1
-5258.9 5289.6 -15.4 175 0 11.9 23.5 14.0 3.5 2 1 4 2 2
-5260.7 5301.7 -15.9 177 0 7.4 22.4 10.5 3.5 4 1 3 1 1
-5260.5 5312.5 -16.5 177 0 9.7 23.8 10.5 3.5 2 1 3 0 0
-5229.8 5330.4 -18.2 356 0 10.6 11.1 14.0 3.5 2 1 4 5 5
-5255.4 5326.6 -16.0 176 0 8.4 11.3 10.5 3.5 2 1 3 4 4
-5261.9 5343.5 -16.5 180 0 10.9 16.5 14.0 3.5 2 1 4 0 0
-5262.9 5359.1 -16.2 180 0 9.5 10.1 10.5 3.5 2 1 3 2 2
-5265.8 5382.7 -16.6 170 0 25.4 8.1 10.5 0.0 0 0 3 1 1
-5273.8 5420.5 -17.9 169 0 7.1 12.5 10.5 3.5 2 1 3 0 0
-5280.1 5440.1 -17.1 178 0 17.0 8.0 10.5 3.5 2 0 3 3 3
-5281.8 5459.5 -17.9 179 0 10.3 9.6 10.5 3.5 2 0 3 3 3
-5267.0 5475.3 -19.6 359 0 8.4 16.2 10.5 3.5 2 1 3 3 3
-5286.7 5488.3 -18.1 179 0 11.8 13.2 14.0 3.5 2 1 4 1 1
-5286.9 5500.4 -19.0 183 0 7.7 17.2 10.5 3.5 2 1 3 2 2
-5292.9 5534.8 -18.6 161 0 8.2 20.4 10.5 3.5 2 1 3 1 1
-5288.8 5523.8 -18.9 173 0 9.7 17.3 10.5 0.0 0 1 3 2 2
-5288.5 5510.2 -18.5 179 0 10.5 15.6 14.0 3.5 2 1 4 4 4
-5281.8 5577.3 -19.2 338 0 14.3 11.3 14.0 0.0 0 0 4 1 1
-5308.2 5568.1 -16.7 158 0 14.8 13.7 14.0 3.5 2 0 4 5 5
-5302.1 5553.5 -17.0 158 0 8.7 16.6 10.5 3.5 4 1 3 4 4
-5297.8 5543.6 -17.0 158 0 8.0 16.2 10.5 3.5 2 1 3 1 1
-5316.4 5582.2 -17.1 158 0 9.2 16.0 10.5 3.5 2 1 3 4 4
-5319.6 5591.6 -16.8 151 0 5.5 12.7 10.5 3.5 4 1 3 4 4
-5329.5 5607.3 -16.9 156 0 21.6 12.6 14.0 3.5 2 0 4 1 1
-5337.8 5625.1 -16.7 154 0 12.2 11.8 14.0 0.0 0 0 4 0 0
-5345.9 5639.1 -16.7 155 0 11.3 12.2 14.0 3.5 2 1 4 3 3
-5376.0 5701.3 -18.8 156 0 7.9 12.6 10.5 3.5 2 1 3 4 4
-5354.7 5656.6 -17.3 154 0 8.2 13.7 10.5 3.5 2 1 3 3 3
-5358.5 5668.2 -17.7 153 0 11.4 12.0 14.0 3.5 2 1 4 1 1
-5366.7 5680.2 -18.3 160 0 8.7 14.1 10.5 3.5 2 1 3 4 4
-5386.8 5713.1 -18.1 153 0 17.2 13.3 14.0 3.5 2 0 4 3 3
-5316.3 5535.2 -13.4 68 0 17.8 11.4 14.0 3.5 2 0 4 3 3
-5331.0 5528.9 -13.1 67 0 8.9 7.5 10.5 3.5 2 0 3 2 2
-5334.1 5541.9 -13.1 68 0 17.9 6.3 10.5 3.5 2 0 3 0 0
-5341.5 5526.2 -12.9 71 0 6.6 10.5 10.5 3.5 2 1 3 5 5
-5356.4 5521.4 -12.7 72 0 20.0 12.4 14.0 3.5 2 0 4 3 3
-5378.9 5531.8 -12.3 160 0 4.4 8.0 10.5 0.0 0 1 3 5 5
-5371.4 5515.7 -12.4 73 0 7.3 11.6 10.5 3.5 2 1 3 1 1
-5416.2 5708.0 -14.3 240 0 8.6 19.8 10.5 3.5 2 1 3 1 1
-5404.7 5678.9 -13.9 326 0 11.9 12.4 14.0 3.5 2 1 4 2 2
-5391.6 5662.3 -14.0 324 0 15.7 6.2 10.5 3.5 2 0 3 3 3
-5375.6 5672.5 -14.7 329 0 16.9 16.6 14.0 3.5 2 0 4 4 4
-5384.3 5690.7 -14.8 334 0 11.2 13.0 14.0 3.5 2 1 4 1 1
-5388.9 5704.5 -15.0 329 0 9.5 15.4 10.5 3.5 2 1 3 4 4
-5395.0 5714.0 -14.9 331 0 9.9 15.2 10.5 3.5 2 1 3 1 1
-5438.4 5694.4 -13.4 231 0 7.1 8.7 10.5 3.5 2 1 3 4 4
-5451.6 5681.5 -12.8 147 0 10.9 10.8 14.0 3.5 2 0 4 0 0
-5440.8 5676.0 -13.3 146 0 5.9 15.1 10.5 3.5 2 1 3 3 3
-5446.4 5672.8 -12.5 149 0 5.9 4.3 10.5 0.0 0 0 3 0 0
-5436.5 5659.3 -13.1 147 0 10.3 17.4 14.0 3.5 2 1 4 0 0
-5425.9 5648.8 -13.0 151 0 8.1 11.6 10.5 3.5 2 1 3 3 3
-5420.4 5638.5 -13.2 156 0 10.3 17.5 14.0 3.5 2 1 4 5 5
-5841.3 5478.3 -9.1 177 0 13.0 7.9 10.5 3.5 2 0 3 4 4
-5830.0 5478.5 -8.1 186 0 13.6 9.1 10.5 3.5 2 0 3 0 0
-5785.3 5445.6 -5.1 0 0 15.2 8.7 10.5 3.5 4 0 3 3 3
-5801.8 5457.8 -6.8 3 0 8.6 10.0 10.5 3.5 4 1 3 4 4
-5800.2 5439.9 -7.0 340 0 3.2 6.9 10.5 3.5 2 1 3 3 3
-5802.0 5432.7 -7.9 336 0 5.5 7.6 10.5 3.5 2 1 3 3 3
-5814.8 5436.3 -8.2 153 0 6.5 5.2 10.5 3.5 4 0 3 5 5
-5819.2 5445.8 -8.0 146 0 3.4 6.1 10.5 0.0 0 1 3 0 0
-5823.7 5453.1 -8.3 164 0 7.5 5.9 10.5 3.5 2 0 3 3 3
-5831.5 5444.5 -9.8 146 0 11.5 8.5 10.5 3.5 2 0 3 3 3
-5823.6 5429.7 -10.1 158 0 13.8 6.3 10.5 3.5 2 0 3 1 1
-5793.2 5425.1 -6.4 63 0 4.2 11.3 10.5 3.5 2 1 3 0 0
-5799.5 5420.6 -7.6 56 0 3.6 6.3 10.5 3.5 2 1 3 4 4
-5807.5 5413.9 -9.0 157 0 4.2 5.7 10.5 3.5 2 1 3 0 0
-5799.5 5409.3 -9.2 338 0 5.7 6.1 10.5 3.5 4 1 3 5 5
-5796.7 5400.9 -9.3 339 0 6.7 5.4 10.5 3.5 2 0 3 5 5
-5817.2 5413.8 -10.5 159 0 12.1 5.7 10.5 3.5 4 0 3 3 3
-5812.3 5397.8 -11.1 158 0 12.8 7.5 10.5 3.5 2 0 3 1 1
-5805.1 5385.8 -11.1 177 0 7.6 9.6 10.5 3.5 2 1 3 1 1
-5802.7 5373.6 -11.4 164 0 9.3 5.4 10.5 3.5 2 0 3 2 2
-5788.0 5356.3 -10.0 169 0 8.9 13.1 10.5 3.5 2 1 3 2 2
-5771.7 5335.5 -8.6 168 0 9.4 7.9 10.5 3.5 2 0 3 1 1
-5767.6 5306.4 -9.3 156 0 8.0 12.8 10.5 0.0 0 1 3 5 5
-5729.2 5246.4 -8.8 141 0 8.7 15.4 10.5 3.5 4 1 3 0 0
-5737.6 5257.9 -8.9 131 0 10.2 15.9 10.5 3.5 2 1 3 0 0
-5748.0 5273.2 -8.9 139 0 12.6 14.8 10.5 3.5 2 1 3 3 3
-5761.1 5290.4 -9.2 160 0 9.5 16.1 10.5 3.5 2 1 3 5 5
-5732.7 5291.8 -5.4 137 0 7.8 6.7 10.5 3.5 2 0 3 2 2
-5721.7 5275.6 -5.9 142 0 20.5 7.2 10.5 3.5 2 0 3 1 1
-5713.8 5262.6 -6.1 143 0 5.3 9.0 10.5 3.5 2 1 3 5 5
-5705.7 5249.4 -6.2 138 0 13.3 10.0 10.5 3.5 2 0 3 3 3
-5722.3 5229.4 -9.3 146 0 6.4 8.8 10.5 3.5 2 1 3 4 4
-5716.1 5222.3 -9.2 144 0 6.7 14.5 10.5 3.5 4 1 3 5 5
-5707.9 5212.7 -9.0 148 0 8.5 11.5 10.5 3.5 2 1 3 4 4
-5698.8 5193.3 -9.8 151 0 17.7 16.2 10.5 3.5 2 0 3 0 0
-5681.2 5197.8 -7.6 159 0 11.6 8.6 10.5 3.5 2 0 3 3 3
-5669.0 5187.9 -6.4 144 0 10.9 11.8 10.5 3.5 4 1 3 3 3
-5630.7 5163.5 -3.8 186 0 10.4 13.3 10.5 3.5 4 1 3 1 1
-5540.1 5162.5 1.5 227 0 7.6 12.0 10.5 3.5 2 1 3 5 5
-5557.0 5179.9 1.5 219 0 11.2 21.2 10.5 0.0 0 1 3 3 3
-5572.7 5194.6 1.5 222 0 10.3 18.1 10.5 3.5 2 1 3 1 1
-5609.5 5195.4 -0.9 226 0 10.6 36.5 10.5 0.0 0 1 3 2 2
-5588.0 5211.5 1.5 231 0 9.5 15.7 10.5 3.5 2 1 3 5 5
-5612.3 5239.5 1.5 228 0 11.3 29.9 10.5 0.0 0 1 3 3 3
-5618.7 5234.7 0.9 316 0 11.4 18.1 10.5 3.5 2 1 3 5 5
-5638.9 5217.3 -0.8 227 0 10.4 33.1 10.5 3.5 2 1 3 5 5
-5649.2 5242.4 -1.7 324 0 18.4 9.8 10.5 0.0 0 0 3 0 0
-5661.1 5257.9 -1.5 329 0 8.7 6.4 10.5 0.0 0 0 3 5 5
-5667.7 5275.2 -1.5 333 0 18.6 9.4 10.5 3.5 2 0 3 0 0
-5683.6 5293.8 -1.5 337 0 12.4 5.0 10.5 3.5 4 0 3 3 3
-5656.3 5309.2 0.4 332 0 14.2 14.4 10.5 3.5 2 1 3 5 5
-5678.5 5309.1 0.0 62 0 16.3 33.3 10.5 3.5 2 1 3 2 2
-5710.7 5331.6 0.0 55 0 3.6 4.6 10.5 3.5 2 1 3 4 4
-5696.3 5365.6 2.8 355 0 6.2 5.1 10.5 3.5 4 0 3 0 0
-5603.7 5343.5 -3.0 187 0 7.7 8.4 10.5 3.5 2 1 3 2 2
-5589.2 5378.0 -4.6 244 0 10.1 12.3 10.5 3.5 2 1 3 3 3
-5642.1 5351.2 0.3 165 0 9.0 10.0 10.5 3.5 2 1 3 2 2
-5659.7 5371.7 1.4 356 0 8.7 10.1 10.5 3.5 2 1 3 5 5
-5676.1 5369.0 2.1 349 0 7.9 12.2 10.5 3.5 2 1 3 4 4
-5676.0 5381.6 1.8 89 0 7.0 7.8 10.5 0.0 0 1 3 4 4
-5845.9 5498.2 -8.4 178 0 9.0 4.0 10.5 0.0 0 0 3 4 4
-5852.5 5512.5 -8.3 177 0 5.9 5.6 10.5 3.5 2 0 3 1 1
-5854.3 5522.2 -8.1 176 0 10.1 7.0 10.5 3.5 2 0 3 5 5
-5812.9 5517.3 -4.1 4 0 8.6 4.8 10.5 3.5 2 0 3 0 0
-5828.1 5521.8 -5.0 189 0 7.0 7.8 10.5 3.5 2 1 3 4 4
-5802.5 5526.5 -2.7 0 0 14.6 7.4 10.5 0.0 0 0 3 2 2
-5830.9 5548.0 -2.6 178 0 6.2 7.4 10.5 3.5 2 1 3 5 5
-5837.5 5564.8 -1.8 180 0 4.3 7.9 10.5 0.0 0 1 3 0 0
-5832.2 5558.1 -1.6 177 0 5.7 8.5 10.5 3.5 4 1 3 4 4
-5840.6 5587.0 0.0 172 0 5.8 7.3 10.5 3.5 2 1 3 5 5
-5825.3 5596.8 2.5 205 0 4.3 13.9 10.5 3.5 4 1 3 2 2
-5819.6 5564.7 0.8 178 0 6.1 5.8 10.5 3.5 2 0 3 0 0
-5811.5 5564.7 2.0 174 0 7.1 11.0 10.5 3.5 2 1 3 0 0
-5794.0 5553.6 1.1 3 0 10.1 12.8 10.5 3.5 2 1 3 3 3
-5780.9 5535.1 -0.0 354 0 9.1 17.0 10.5 3.5 2 1 3 2 2
-5764.9 5527.2 1.6 234 0 8.6 7.6 10.5 0.0 0 0 3 3 3
-5752.4 5539.8 3.3 229 0 9.7 9.7 10.5 0.0 0 0 3 4 4
-5733.6 5508.8 2.1 165 0 8.8 6.9 10.5 3.5 2 0 3 0 0
-5743.5 5507.4 1.4 169 0 11.0 7.6 10.5 3.5 4 0 3 2 2
-5763.8 5474.0 -1.9 182 0 9.9 8.9 10.5 0.0 0 0 3 2 2
-5775.6 5446.4 -2.6 181 0 7.1 5.9 10.5 3.5 2 0 3 1 1
-5775.9 5435.2 -3.0 181 0 11.2 9.5 10.5 3.5 4 0 3 5 5
-5751.9 5471.0 -1.5 181 0 9.4 10.1 10.5 3.5 2 1 3 4 4
-5741.6 5448.6 -0.7 184 0 8.7 13.9 10.5 0.0 0 1 3 5 5
-5728.6 5408.4 1.4 233 0 5.1 9.8 10.5 3.5 2 1 3 0 0
-5733.5 5423.0 0.6 179 0 6.5 5.6 10.5 0.0 0 0 3 4 4
-5719.2 5431.6 1.2 225 0 12.6 23.1 10.5 3.5 2 1 3 5 5
-5625.8 5406.7 0.1 11 0 9.5 7.1 10.5 3.5 2 0 3 1 1
-5622.1 5425.1 0.5 7 0 12.1 11.2 10.5 3.5 2 0 3 1 1
-5655.5 5421.9 1.0 330 0 4.7 12.6 10.5 3.5 2 1 3 2 2
-5684.2 5419.2 1.5 66 0 6.5 5.1 10.5 3.5 2 0 3 1 1
-5686.5 5428.3 1.1 53 0 9.0 13.5 10.5 3.5 2 1 3 4 4
-5687.4 5449.6 0.7 357 0 7.2 9.7 10.5 3.5 2 1 3 0 0
-5651.1 5444.9 0.5 65 0 6.2 10.5 10.5 0.0 0 1 3 5 5
-5683.8 5471.8 0.5 359 0 10.8 12.3 10.5 3.5 2 1 3 3 3
-5662.9 5471.8 0.6 1 0 10.0 12.9 10.5 3.5 2 1 3 5 5
-5651.8 5465.7 0.5 5 0 9.2 7.0 10.5 3.5 2 0 3 4 4
-5623.4 5446.8 0.5 359 0 13.9 8.0 10.5 3.5 2 0 3 5 5
-5625.0 5465.8 0.8 52 0 9.0 13.2 10.5 3.5 2 1 3 1 1
-5601.5 5456.5 -0.9 188 0 7.1 11.2 10.5 3.5 2 1 3 5 5
-5587.6 5472.7 -0.2 173 0 7.6 9.1 10.5 3.5 2 1 3 1 1
-5598.2 5488.5 1.3 165 0 11.9 9.2 10.5 0.0 0 0 3 2 2
-5602.6 5504.4 2.8 15 0 9.3 10.0 10.5 3.5 2 1 3 2 2
-5625.1 5562.4 6.7 316 0 10.1 8.9 10.5 3.5 2 0 3 2 2
-5611.7 5554.8 6.0 303 0 7.7 7.7 10.5 3.5 2 0 3 4 4
-5597.6 5532.2 4.0 353 0 19.4 9.4 10.5 3.5 2 0 3 5 5
-5587.8 5515.1 2.0 160 0 23.0 25.4 14.0 3.5 2 1 4 3 3
-5648.2 5536.6 5.4 278 0 8.4 6.0 10.5 3.5 2 0 3 2 2
-5644.2 5614.7 8.0 86 0 9.2 9.3 10.5 3.5 2 1 3 0 0
-5655.2 5654.9 8.1 266 0 8.6 11.6 10.5 3.5 4 1 3 0 0
-5660.5 5656.4 8.5 2 0 6.7 9.8 10.5 3.5 2 1 3 2 2
-5669.7 5651.4 8.7 267 0 9.8 17.9 10.5 3.5 2 1 3 2 2
-5660.0 5619.1 8.4 89 0 8.9 10.9 10.5 3.5 2 1 3 3 3
-5665.6 5593.9 8.4 90 0 20.9 10.9 14.0 3.5 2 0 4 3 3
-5685.4 5594.2 8.7 90 0 13.9 10.3 14.0 3.5 2 0 4 4 4
-5700.9 5592.7 8.7 93 0 10.4 7.7 10.5 3.5 2 0 3 4 4
-5699.8 5603.0 8.9 91 0 12.8 43.9 14.0 3.5 2 1 4 0 0
-5688.0 5562.7 5.7 305 0 11.2 33.9 10.5 3.5 2 1 3 3 3
-5734.0 5563.3 6.7 189 0 5.6 10.2 10.5 3.5 4 1 3 5 5
-5726.3 5578.9 7.2 273 0 8.0 12.1 10.5 3.5 2 1 3 4 4
-5715.8 5594.5 8.8 91 0 7.6 7.5 10.5 3.5 2 0 3 5 5
-5716.3 5637.2 9.6 181 0 10.4 7.3 10.5 3.5 2 0 3 4 4
-5731.3 5640.2 9.4 179 0 12.6 11.4 14.0 3.5 2 0 4 2 2
-5683.5 5663.5 8.8 278 0 10.3 10.8 14.0 3.5 2 1 4 3 3
-5679.1 5675.1 8.1 289 0 12.2 7.6 10.5 0.0 0 0 3 4 4
-5688.1 5691.3 7.3 286 0 7.2 4.9 10.5 3.5 2 0 3 2 2
-5690.0 5684.7 7.8 287 0 8.1 29.7 10.5 3.5 4 1 3 5 5
-5704.7 5698.2 7.0 292 0 12.3 10.4 14.0 0.0 0 0 4 5 5
-5717.3 5657.8 9.8 184 0 11.7 11.9 14.0 3.5 2 1 4 0 0
-5736.9 5655.2 9.6 181 0 10.0 15.9 14.0 3.5 2 1 4 1 1
-5727.4 5696.6 6.8 286 0 11.6 29.6 14.0 3.5 2 1 4 3 3
-5723.2 5727.3 4.6 3 0 8.4 12.2 10.5 3.5 4 1 3 0 0
-5746.4 5715.4 4.2 94 0 7.3 15.2 10.5 3.5 2 1 3 0 0
-5785.7 5719.1 2.7 91 0 8.7 11.3 10.5 3.5 4 1 3 3 3
-5780.1 5690.6 5.1 44 0 18.9 8.5 10.5 0.0 0 0 3 1 1
-5749.8 5665.9 8.3 340 0 12.4 11.8 10.5 3.5 2 0 3 2 2
-5769.9 5676.0 7.5 254 0 16.2 9.3 10.5 3.5 2 0 3 0 0
-5788.1 5667.7 7.7 232 0 8.1 12.7 10.5 3.5 2 1 3 0 0
-5800.4 5660.6 7.9 239 0 10.2 13.4 10.5 3.5 2 1 3 1 1
-5819.9 5603.8 3.3 208 0 8.1 10.6 10.5 3.5 2 1 3 2 2
-5798.8 5616.4 4.9 290 0 19.1 12.2 10.5 3.5 2 0 3 0 0
-5833.5 5620.4 2.7 194 0 9.9 12.5 10.5 3.5 4 1 3 5 5
-5842.7 5609.8 1.1 196 0 9.6 16.0 10.5 3.5 2 1 3 1 1
-5757.4 5872.3 -14.6 267 0 9.3 10.6 10.5 3.5 2 1 3 3 3
-5810.0 5816.4 -9.9 198 0 9.6 13.6 10.5 3.5 2 1 3 1 1
-5806.8 5828.9 -12.0 198 0 8.8 11.6 10.5 3.5 2 1 3 1 1
-5804.8 5838.3 -13.1 199 0 6.8 12.7 10.5 3.5 2 1 3 4 4
-5821.3 5869.2 -20.9 214 0 6.7 17.0 10.5 0.0 0 1 3 5 5
-5816.3 5806.8 -8.3 202 0 8.8 18.6 10.5 0.0 0 1 3 0 0
-5817.8 5796.4 -6.2 199 0 5.1 15.5 10.5 3.5 2 1 3 2 2
-5830.4 5753.7 -0.3 206 0 6.8 16.9 10.5 3.5 2 1 3 3 3
-5827.3 5765.6 -2.0 201 0 10.2 16.2 10.5 3.5 2 1 3 5 5
-5835.3 5742.2 0.6 201 0 10.7 23.1 10.5 3.5 4 1 3 4 4
-5858.5 5630.2 1.1 161 0 10.7 11.9 10.5 3.5 2 1 3 1 1
-5853.4 5675.2 3.1 223 0 12.7 14.1 10.5 3.5 2 1 3 3 3
-5407.5 5749.7 -19.3 142 0 14.1 19.9 14.0 3.5 2 1 4 2 2
-5399.7 5735.8 -20.0 144 0 11.5 24.6 14.0 3.5 2 1 4 3 3
-5424.7 5719.2 -14.6 55 0 20.9 7.7 10.5 3.5 2 0 3 3 3
-5467.2 5713.5 -13.1 148 0 30.8 14.5 14.0 3.5 2 0 4 5 5
-5435.7 5738.4 -14.2 315 0 10.8 10.2 14.0 3.5 2 0 4 5 5
-5452.2 5749.4 -14.0 226 0 10.5 10.5 14.0 3.5 2 1 4 0 0
-5426.2 5749.1 -14.7 320 0 11.1 10.2 14.0 3.5 2 0 4 2 2
-5464.0 5757.2 -13.6 240 0 13.1 11.1 14.0 3.5 4 0 4 1 1
-5471.5 5760.8 -13.2 232 0 5.8 4.1 10.5 3.5 2 0 3 0 0
-5478.1 5754.9 -12.9 235 0 7.2 5.7 10.5 3.5 2 0 3 0 0
-5489.0 5747.9 -12.5 237 0 10.7 9.0 10.5 3.5 2 0 3 1 1
-5476.2 5766.1 -13.1 58 0 5.0 12.1 10.5 3.5 2 1 3 4 4
-5452.9 5779.4 -14.1 44 0 8.2 8.7 10.5 3.5 2 1 3 5 5
-5451.1 5768.9 -14.3 233 0 15.3 11.0 14.0 3.5 2 0 4 2 2
-5432.0 5761.9 -14.6 318 0 10.0 14.3 14.0 3.5 2 1 4 3 3
-5421.0 5764.8 -17.9 141 0 17.3 15.5 14.0 3.5 2 0 4 4 4
-5418.2 5812.8 -19.9 321 0 6.8 9.3 10.5 3.5 2 1 3 2 2
-5435.3 5786.9 -18.4 139 0 7.3 19.1 10.5 3.5 4 1 3 5 5
-5448.4 5796.8 -17.2 140 0 13.7 17.7 14.0 3.5 2 1 4 5 5
-5463.4 5814.4 -16.9 143 0 16.2 17.3 14.0 3.5 2 1 4 2 2
-5426.1 5831.9 -20.5 319 0 7.9 12.8 10.5 0.0 0 1 3 3 3
-5464.2 5833.0 -18.0 144 0 6.8 12.2 10.5 3.5 2 1 3 4 4
-5474.6 5826.1 -14.0 143 0 8.6 10.3 10.5 3.5 4 1 3 5 5
-5504.6 5789.1 -12.6 142 0 13.3 8.5 10.5 3.5 2 0 3 5 5
-5514.7 5769.8 -12.3 142 0 10.1 17.3 14.0 3.5 2 1 4 4 4
-5485.1 5799.3 -13.2 325 0 19.3 8.9 10.5 3.5 2 0 3 4 4
-5470.8 5809.0 -13.9 318 0 21.9 13.8 14.0 3.5 2 0 4 3 3
-5529.8 5796.8 -12.5 141 0 17.7 19.6 14.0 0.0 0 1 4 3 3
-5508.0 5816.3 -12.8 321 0 16.9 8.0 10.5 3.5 2 0 3 2 2
-5541.5 5828.1 -12.7 224 0 25.0 19.1 14.0 3.5 2 0 4 4 4
-5551.5 5802.9 -12.1 135 0 21.4 10.7 14.0 3.5 2 0 4 1 1
-5588.0 5870.2 -13.8 304 0 16.9 20.6 14.0 3.5 2 1 4 2 2
-5571.8 5818.9 -12.5 126 0 16.8 12.9 14.0 3.5 2 0 4 1 1
-5587.4 5833.9 -12.9 134 0 16.3 11.0 14.0 3.5 2 0 4 2 2
-5570.9 5860.5 -13.3 305 0 6.2 12.0 10.5 3.5 2 1 3 1 1
-5548.1 5841.3 -12.8 319 0 17.3 15.6 14.0 3.5 2 0 4 3 3
-5494.3 5834.5 -13.4 319 0 7.1 12.9 10.5 3.5 2 1 3 2 2
-5497.4 5863.8 -17.3 139 0 6.0 12.1 10.5 3.5 2 1 3 2 2
-5492.4 5858.2 -17.2 137 0 5.3 11.7 10.5 3.5 2 1 3 0 0
-5487.5 5852.4 -17.2 138 0 7.3 11.8 10.5 3.5 2 1 3 1 1
-5500.0 5853.5 -15.1 140 0 14.0 6.3 10.5 3.5 2 0 3 2 2
-5478.2 5883.7 -19.9 324 0 16.4 9.5 10.5 3.5 2 0 3 2 2
-5488.6 5897.4 -19.8 312 0 10.5 8.9 10.5 3.5 2 0 3 3 3
-5497.4 5889.9 -17.3 318 0 6.0 8.4 10.5 3.5 2 1 3 1 1
-5508.4 5880.8 -14.8 52 0 4.7 9.3 10.5 3.5 4 1 3 4 4
-5515.8 5871.8 -14.2 47 0 11.6 8.3 10.5 3.5 2 0 3 1 1
-5517.0 5897.4 -14.8 318 0 9.9 8.9 10.5 3.5 2 0 3 5 5
-5520.8 5929.9 -19.7 309 0 7.5 22.2 10.5 3.5 4 1 3 4 4
-5535.4 5909.2 -15.1 310 0 8.8 5.0 10.5 3.5 2 0 3 2 2
-5537.2 5901.5 -14.8 311 0 9.8 5.1 10.5 3.5 2 0 3 1 1
-5545.5 5891.3 -14.6 128 0 9.2 5.9 10.5 3.5 2 0 3 1 1
-5550.8 5885.9 -14.4 130 0 9.7 5.5 10.5 3.5 2 0 3 5 5
-5539.1 5878.7 -14.3 136 0 9.7 14.2 10.5 3.5 2 1 3 5 5
-5546.7 5858.3 -13.6 94 0 17.1 13.4 14.0 3.5 2 0 4 5 5
-5581.0 5876.7 -14.7 129 0 35.4 21.8 14.0 0.0 0 0 4 1 1
-5698.0 5946.2 -20.8 266 0 13.1 14.2 14.0 3.5 2 1 4 1 1
-5666.7 5938.0 -17.2 357 0 7.1 6.2 10.5 3.5 2 0 3 1 1
-5674.8 5937.9 -18.6 0 0 8.5 11.6 10.5 3.5 4 1 3 0 0
-5677.6 5925.0 -17.6 359 0 10.9 11.9 14.0 3.5 2 1 4 0 0
-5666.6 5925.5 -16.2 1 0 11.3 8.0 10.5 3.5 4 0 3 2 2
-5678.7 5901.7 -16.3 88 0 24.9 15.4 14.0 3.5 2 0 4 4 4
-5745.2 5826.1 -10.3 357 0 7.4 7.9 10.5 3.5 2 1 3 1 1
-5745.4 5816.0 -8.8 357 0 9.5 7.3 10.5 3.5 2 0 3 3 3
-5726.3 5861.8 -13.4 347 0 15.8 11.7 10.5 3.5 2 0 3 2 2
-5787.8 5866.4 -15.1 232 0 5.7 11.5 10.5 0.0 0 1 3 2 2
-5729.0 5895.3 -19.1 81 0 8.6 15.4 10.5 0.0 0 1 3 1 1
-5720.2 5921.1 -20.2 265 0 13.1 11.6 14.0 3.5 2 0 4 1 1
-5719.4 5896.9 -17.1 82 0 9.1 10.1 10.5 3.5 4 1 3 4 4
-5701.9 5901.0 -18.1 91 0 13.2 29.2 14.0 3.5 2 1 4 5 5
-5701.0 5888.8 -13.3 267 0 12.6 22.2 14.0 3.5 2 1 4 0 0
-5657.5 5881.9 -14.0 358 0 22.4 32.9 14.0 0.0 0 1 4 5 5
-5625.2 5856.8 -13.8 94 0 20.5 20.5 14.0 0.0 0 0 4 2 2
-5649.0 5896.0 -14.3 264 0 11.6 32.2 14.0 3.5 2 1 4 2 2
-5625.3 5897.6 -14.5 275 0 22.6 19.5 14.0 0.0 0 0 4 1 1
-5629.0 5903.9 -15.9 101 0 59.8 27.4 10.5 0.0 0 0 3 2 2
-5577.6 5918.1 -15.4 220 0 17.2 31.0 14.0 3.5 2 1 4 3 3
-5565.5 5935.4 -18.5 220 0 18.3 30.6 14.0 0.0 0 1 4 4 4
-5529.3 5939.2 -20.6 318 0 15.2 12.1 14.0 3.5 4 0 4 1 1
-5555.1 5958.9 -20.8 300 0 14.1 13.5 14.0 3.5 2 0 4 4 4
-6765.3 6077.1 -21.4 289 0 13.2 24.4 14.0 3.5 2 1 4 2 2
-6773.4 6090.3 -17.0 18 0 27.3 12.4 14.0 3.5 2 0 4 0 0
-6763.5 6120.0 -15.5 19 0 32.3 12.4 14.0 3.5 2 0 4 0 0
-6759.3 6098.5 -19.4 195 0 23.6 10.5 14.0 3.5 4 0 4 3 3
-6889.8 6424.7 -3.3 138 0 7.7 16.1 10.5 3.5 2 1 3 3 3
-6887.5 6451.2 -0.4 154 0 11.4 11.9 17.5 3.5 2 1 5 1 1
-6884.5 6483.8 2.4 195 0 17.8 10.9 17.5 3.5 2 0 5 3 3
-6841.0 6519.2 8.4 235 0 7.6 8.2 10.5 3.5 2 1 3 2 2
-6859.0 6512.1 6.6 241 0 12.2 12.7 17.5 0.0 0 1 5 1 1
-6863.3 6482.5 4.7 208 0 11.2 15.9 17.5 3.5 2 1 5 0 0
-6830.9 6486.7 6.7 26 0 8.8 14.6 10.5 3.5 4 1 3 5 5
-6807.4 6463.7 4.6 34 0 6.8 9.0 10.5 3.5 2 1 3 4 4
-6814.1 6456.5 5.2 35 0 8.1 12.4 10.5 3.5 2 1 3 4 4
-6825.3 6446.7 4.3 40 0 13.9 10.7 17.5 0.0 0 0 5 2 2
-6839.5 6437.0 2.9 43 0 12.2 9.4 10.5 3.5 2 0 3 5 5
-6839.3 6419.3 1.5 42 0 6.4 20.7 10.5 3.5 2 1 3 5 5
-6881.3 6414.6 -3.4 145 0 11.8 13.6 17.5 3.5 2 1 5 2 2
-6910.1 6372.3 -11.0 157 0 6.9 11.4 10.5 3.5 2 1 3 3 3
-6903.5 6359.4 -12.3 158 0 16.7 10.9 17.5 3.5 2 0 5 2 2
-6891.0 6335.3 -13.6 149 0 21.7 13.8 17.5 3.5 4 0 5 4 4
-6905.5 6340.1 -16.1 238 0 14.8 30.9 10.5 3.5 2 1 3 5 5
-6889.1 6295.6 -16.1 149 0 15.8 16.3 17.5 3.5 2 1 5 1 1
-6787.7 6326.0 -10.1 20 0 7.3 7.7 10.5 3.5 4 1 3 4 4
-6790.8 6346.0 -7.1 0 0 5.4 7.9 10.5 3.5 2 1 3 5 5
-6789.0 6357.5 -6.1 6 0 11.9 6.9 10.5 3.5 2 0 3 3 3
-6804.7 6360.0 -4.1 49 0 6.5 9.3 10.5 3.5 2 1 3 2 2
-6785.2 6370.3 -4.3 13 0 5.8 14.0 10.5 3.5 2 1 3 5 5
-6792.8 6387.2 -2.2 15 0 6.8 6.8 10.5 3.5 2 0 3 0 0
-6780.1 6381.3 -4.5 19 0 7.4 8.6 10.5 0.0 0 1 3 5 5
-6774.0 6390.7 -5.2 29 0 7.5 7.3 10.5 3.5 4 0 3 3 3
-6783.7 6394.8 -3.5 34 0 7.8 5.9 10.5 3.5 2 0 3 0 0
-6779.3 6406.7 -3.5 37 0 5.8 9.7 10.5 3.5 2 1 3 1 1
-6808.5 6414.6 0.5 220 0 6.7 7.0 10.5 3.5 2 1 3 5 5
-6804.9 6432.8 0.1 230 0 24.0 8.4 10.5 3.5 2 0 3 4 4
-6791.0 6432.9 -1.5 226 0 9.7 8.2 10.5 3.5 2 0 3 0 0
-6766.1 6500.3 -0.6 320 0 13.3 5.4 10.5 0.0 0 0 3 2 2
-6757.2 6483.7 -2.4 332 0 12.5 9.1 10.5 3.5 2 0 3 0 0
-6774.6 6465.7 -1.8 196 0 9.2 8.8 10.5 3.5 2 0 3 3 3
-6781.3 6483.6 0.6 249 0 4.5 9.7 10.5 3.5 2 1 3 4 4
-6797.0 6483.8 3.5 351 0 20.2 14.6 17.5 3.5 2 0 5 1 1
-6805.0 6510.7 5.8 342 0 20.6 13.9 17.5 3.5 2 0 5 3 3
-6839.4 6538.0 7.9 242 0 10.6 14.3 17.5 0.0 0 1 5 2 2
-6851.9 6553.1 7.8 213 0 6.0 14.1 10.5 3.5 2 1 3 0 0
-6874.9 6533.8 7.5 214 0 11.0 10.2 17.5 3.5 2 0 5 2 2
-6863.4 6546.7 8.4 220 0 12.4 12.7 17.5 3.5 2 1 5 0 0
-6843.8 6563.6 7.4 221 0 10.2 15.6 17.5 3.5 2 1 5 4 4
-6876.3 6589.5 8.5 298 0 16.7 14.2 17.5 3.5 2 0 5 5 5
-6750.5 6764.2 -7.7 58 0 4.7 7.2 10.5 3.5 2 1 3 1 1
-6758.8 6755.6 -7.4 92 0 5.6 9.6 10.5 0.0 0 1 3 4 4
-6758.5 6772.1 -6.4 54 0 5.3 6.6 10.5 3.5 4 1 3 4 4
-6760.1 6782.7 -5.7 73 0 4.2 7.5 10.5 3.5 2 1 3 1 1
-6754.9 6789.7 -5.9 65 0 5.2 5.3 10.5 3.5 2 1 3 2 2
-6750.9 6781.6 -6.8 63 0 6.3 7.2 10.5 3.5 2 1 3 1 1
-6738.8 6779.7 -9.1 154 0 6.3 8.9 10.5 3.5 2 1 3 0 0
-6747.8 6775.8 -7.9 143 0 5.8 6.0 10.5 3.5 2 1 3 0 0
-6732.0 6768.5 -10.2 146 0 4.7 7.6 10.5 0.0 0 1 3 4 4
-6740.3 6763.5 -9.6 145 0 6.8 6.9 10.5 3.5 2 1 3 3 3
-6741.1 6757.4 -9.1 54 0 4.6 8.7 10.5 0.0 0 1 3 5 5
-6747.7 6753.3 -8.7 57 0 6.8 7.2 10.5 3.5 2 1 3 5 5
-6742.2 6748.3 -10.3 153 0 9.0 6.8 10.5 3.5 2 0 3 0 0
-6734.9 6754.8 -10.7 151 0 8.3 5.8 10.5 3.5 2 0 3 4 4
-6728.5 6757.3 -11.2 151 0 7.4 4.8 10.5 3.5 2 0 3 3 3
-6711.5 6754.6 -12.4 0 0 4.6 7.3 10.5 0.0 0 1 3 1 1
-6723.0 6761.6 -11.6 153 0 8.3 5.3 10.5 3.5 2 0 3 3 3
-6710.3 6769.9 -12.1 334 0 5.3 5.8 10.5 3.5 2 1 3 2 2
-6714.2 6775.6 -11.2 0 0 4.4 9.0 10.5 0.0 0 1 3 4 4
-6717.1 6792.8 -10.5 340 0 8.6 7.1 10.5 3.5 2 0 3 4 4
-6736.0 6794.5 -8.0 329 0 7.8 5.8 10.5 3.5 2 0 3 4 4
-6751.3 6799.1 -6.4 235 0 5.8 5.0 10.5 3.5 2 0 3 0 0
-6743.1 6787.4 -7.3 58 0 5.1 6.9 10.5 3.5 4 1 3 5 5
-6736.9 6818.0 -7.8 272 0 8.1 9.8 10.5 3.5 2 1 3 2 2
-6750.8 6815.1 -6.7 240 0 6.9 11.2 10.5 0.0 0 1 3 3 3
-6756.9 6807.5 -5.6 251 0 7.3 6.3 10.5 3.5 2 0 3 1 1
-6768.4 6811.4 -4.3 259 0 9.8 10.8 10.5 3.5 2 1 3 5 5
-6778.0 6810.7 -3.2 264 0 7.2 12.9 10.5 3.5 2 1 3 3 3
-6737.2 6681.7 -10.5 87 0 15.0 51.4 17.5 3.5 2 1 5 2 2
-6726.8 6817.3 -9.7 265 0 9.4 19.7 10.5 3.5 2 1 3 3 3
-6706.3 6811.8 -11.9 357 0 7.3 10.4 10.5 3.5 2 1 3 2 2
-6693.6 6803.3 -13.9 346 0 9.2 7.9 10.5 3.5 4 0 3 0 0
-6703.9 6800.9 -12.3 348 0 7.8 8.0 10.5 3.5 2 1 3 2 2
-6692.3 6791.8 -14.0 355 0 4.1 12.9 10.5 3.5 2 1 3 2 2
-6694.1 6785.3 -13.7 354 0 4.9 9.3 10.5 3.5 2 1 3 2 2
-6688.9 6774.3 -14.4 350 0 12.0 5.9 10.5 3.5 2 0 3 2 2
-6696.0 6776.0 -13.4 353 0 9.3 10.2 10.5 3.5 2 1 3 3 3
-6685.1 6755.5 -14.3 3 0 12.1 8.0 10.5 3.5 2 0 3 4 4
-6694.7 6740.7 -12.1 354 0 14.8 18.8 17.5 3.5 2 1 5 0 0
-6729.1 6743.8 -11.8 174 0 9.9 13.0 10.5 3.5 2 1 3 1 1
-6729.0 6733.4 -11.0 178 0 8.1 10.5 10.5 0.0 0 1 3 5 5
-6687.3 6725.9 -12.1 356 0 9.3 40.3 10.5 3.5 2 1 3 3 3
-6686.8 6716.6 -12.4 355 0 5.6 39.9 10.5 3.5 2 1 3 5 5
-6709.6 6700.5 -11.5 90 0 5.8 8.6 10.5 3.5 4 1 3 3 3
-6717.4 6695.4 -11.1 87 0 6.5 8.1 10.5 3.5 2 1 3 3 3
-6701.0 6694.7 -12.2 87 0 6.4 14.0 10.5 3.5 2 1 3 2 2
-6685.4 6707.4 -12.8 359 0 7.2 9.6 10.5 0.0 0 1 3 1 1
-6683.5 6699.1 -13.1 355 0 6.5 12.1 10.5 3.5 2 1 3 5 5
-6701.9 6682.1 -13.3 82 0 31.4 10.1 17.5 3.5 2 0 5 3 3
-6686.1 6675.0 -13.5 356 0 5.2 11.7 10.5 3.5 2 1 3 5 5
-6687.0 6670.3 -13.7 268 0 10.4 7.3 10.5 3.5 4 0 3 3 3
-6689.4 6647.2 -13.6 86 0 13.5 13.5 17.5 3.5 2 0 5 1 1
-6708.7 6645.7 -12.5 90 0 16.2 18.3 17.5 3.5 4 1 5 4 4
-6726.1 6643.2 -11.1 84 0 11.1 8.0 10.5 0.0 0 0 3 4 4
-6741.0 6656.7 -10.5 178 0 10.3 10.8 17.5 3.5 2 1 5 0 0
-6734.5 6599.0 -10.3 280 0 6.9 10.1 10.5 3.5 2 1 3 1 1
-6723.1 6590.0 -11.1 270 0 11.3 11.5 17.5 3.5 2 1 5 1 1
-6704.3 6577.5 -11.8 358 0 5.9 9.6 10.5 3.5 2 1 3 2 2
-6701.4 6568.5 -11.9 355 0 4.6 9.4 10.5 3.5 2 1 3 3 3
-6699.3 6557.1 -11.6 357 0 11.9 8.6 10.5 3.5 2 0 3 4 4
-6810.5 6664.7 -5.5 180 0 6.4 9.0 10.5 3.5 2 1 3 2 2
-6816.3 6654.5 -3.9 177 0 6.4 7.9 10.5 3.5 2 1 3 0 0
-6816.1 6584.0 3.3 128 0 17.4 13.9 17.5 3.5 2 0 5 4 4
-6792.5 6549.3 1.2 136 0 14.1 9.9 10.5 3.5 2 0 3 3 3
-6778.2 6536.2 -0.8 133 0 8.2 11.5 10.5 3.5 4 1 3 0 0
-6708.6 6529.3 -9.7 41 0 13.5 16.6 17.5 3.5 2 1 5 0 0
-6732.8 6546.3 -9.3 128 0 19.2 11.3 17.5 3.5 2 0 5 3 3
-6747.9 6558.0 -7.7 132 0 9.3 12.1 10.5 3.5 4 1 3 5 5
-6770.8 6555.1 -4.5 142 0 18.4 16.6 17.5 3.5 2 0 5 2 2
-6748.3 6598.2 -8.8 279 0 9.9 8.7 10.5 3.5 2 0 3 3 3
-6742.5 6607.4 -9.8 266 0 6.4 5.4 10.5 0.0 0 0 3 1 1
-6743.0 6618.0 -9.8 277 0 8.4 6.0 10.5 3.5 2 0 3 4 4
-6754.7 6616.1 -9.1 267 0 9.9 12.1 10.5 3.5 2 1 3 3 3
-6766.0 6615.3 -7.4 263 0 6.3 10.3 10.5 3.5 2 1 3 5 5
-6776.5 6613.8 -5.5 263 0 9.0 10.5 10.5 3.5 2 1 3 4 4
-6781.9 6621.7 -4.9 353 0 7.6 7.5 10.5 3.5 4 0 3 1 1
-6793.1 6639.9 -6.3 177 0 8.7 8.6 10.5 3.5 2 0 3 1 1
-6798.5 6661.0 -6.6 173 0 14.0 9.9 10.5 3.5 2 0 3 1 1
-6769.7 6705.6 -8.1 272 0 17.9 11.4 17.5 3.5 2 0 5 3 3
-6755.5 6681.7 -8.9 356 0 10.2 9.4 10.5 3.5 4 0 3 2 2
-6766.9 6680.9 -8.2 354 0 13.1 13.6 17.5 3.5 2 1 5 4 4
-6753.1 6659.4 -9.0 357 0 10.3 5.6 10.5 0.0 0 0 3 3 3
-6753.0 6645.7 -9.0 359 0 8.1 5.6 10.5 0.0 0 0 3 0 0
-6762.3 6653.6 -8.4 352 0 18.6 11.2 17.5 3.5 2 0 5 2 2
-6762.0 6637.6 -8.3 358 0 5.6 11.1 10.5 3.5 2 1 3 4 4
-6760.6 6627.1 -8.4 3 0 9.1 12.6 10.5 0.0 0 1 3 2 2
-6754.7 6632.1 -9.0 269 0 6.2 11.9 10.5 3.5 2 1 3 3 3
-6743.6 6633.2 -9.8 266 0 5.9 12.1 10.5 3.5 2 1 3 4 4
-6725.8 6637.4 -11.6 267 0 24.2 14.4 17.5 3.5 2 0 5 5 5
-6686.3 6640.7 -13.8 271 0 12.0 12.5 17.5 3.5 2 1 5 3 3
-6679.1 6619.2 -13.7 0 0 7.0 12.5 10.5 3.5 4 1 3 1 1
-6700.0 6634.6 -12.7 261 0 7.4 5.8 10.5 3.5 2 0 3 0 0
-6701.0 6623.9 -12.7 267 0 9.2 8.3 10.5 3.5 2 0 3 0 0
-6678.0 6607.1 -13.7 359 0 10.6 31.3 17.5 3.5 2 1 5 1 1
-6676.8 6591.1 -13.6 1 0 15.9 33.4 17.5 3.5 2 1 5 2 2
-6675.6 6577.2 -13.5 360 0 8.1 24.3 10.5 3.5 4 1 3 2 2
-6677.6 6565.3 -13.3 359 0 12.6 17.7 17.5 0.0 0 1 5 5 5
-6679.6 6552.9 -13.0 358 0 7.8 15.4 10.5 3.5 4 1 3 5 5
-6678.0 6542.3 -12.6 355 0 10.6 14.6 17.5 3.5 2 1 5 3 3
-6676.8 6527.8 -12.4 351 0 11.7 10.8 17.5 3.5 2 0 5 0 0
-6678.7 6509.1 -12.0 15 0 12.4 14.0 17.5 3.5 2 1 5 5 5
-6682.3 6493.6 -10.8 24 0 6.4 9.9 10.5 3.5 2 1 3 5 5
-6688.9 6483.3 -10.0 21 0 11.9 9.5 10.5 3.5 2 0 3 2 2
-6694.8 6467.0 -9.6 31 0 12.5 10.2 17.5 0.0 0 0 5 3 3
-6700.2 6450.4 -10.3 28 0 12.1 10.9 17.5 3.5 2 0 5 1 1
-6707.5 6433.6 -11.0 30 0 10.4 7.7 10.5 3.5 2 0 3 3 3
-6718.0 6414.2 -12.0 26 0 11.1 9.0 10.5 3.5 2 0 3 5 5
-6735.3 6428.3 -10.4 210 0 18.8 9.5 10.5 3.5 2 0 3 5 5
-6741.3 6406.9 -11.3 199 0 9.7 9.9 10.5 3.5 2 0 3 1 1
-6744.3 6398.3 -11.3 199 0 8.7 9.9 10.5 3.5 2 0 3 0 0
-6747.0 6390.5 -10.7 199 0 7.8 9.9 10.5 3.5 2 0 3 0 0
-6750.2 6381.5 -10.8 199 0 11.2 9.9 10.5 0.0 0 0 3 2 2
-6762.3 6374.3 -9.0 205 0 17.0 6.4 10.5 0.0 0 0 3 3 3
-6753.7 6371.4 -10.8 199 0 10.2 9.9 10.5 3.5 2 0 3 0 0
-6756.8 6362.4 -10.8 199 0 8.9 9.9 10.5 3.5 4 0 3 4 4
-6759.3 6355.2 -10.7 199 0 6.3 9.9 10.5 3.5 2 0 3 5 5
-6761.8 6347.9 -10.6 199 0 9.1 9.9 10.5 0.0 0 0 3 2 2
-6764.5 6340.1 -10.9 199 0 7.5 9.9 10.5 3.5 2 0 3 4 4
-6767.1 6332.7 -11.7 199 0 8.1 9.9 10.5 3.5 2 0 3 3 3
-6769.8 6324.9 -12.6 199 0 8.4 9.9 10.5 3.5 2 0 3 4 4
-6774.5 6316.1 -13.3 199 0 6.3 10.3 10.5 3.5 2 1 3 3 3
-6844.6 6828.0 4.9 248 0 14.9 10.2 17.5 0.0 0 0 5 2 2
-6831.6 6774.6 1.4 128 0 7.7 10.1 10.5 0.0 0 1 3 5 5
-6814.4 6740.7 -2.2 96 0 10.9 16.3 17.5 0.0 0 1 5 5 5
-6801.8 6744.8 -3.3 93 0 9.4 10.7 10.5 3.5 2 1 3 3 3
-6788.0 6741.3 -5.1 104 0 9.5 13.9 10.5 3.5 2 1 3 5 5
-6757.1 6723.7 -9.0 353 0 6.8 7.3 10.5 3.5 2 1 3 0 0
-6778.0 6721.2 -8.2 178 0 8.0 11.3 10.5 3.5 2 1 3 2 2
-6788.3 6718.3 -6.7 271 0 7.3 11.4 10.5 3.5 2 1 3 4 4
-6801.1 6728.0 -4.5 298 0 12.6 7.9 10.5 3.5 2 0 3 5 5
-6818.6 6732.6 -2.2 296 0 10.2 9.7 10.5 3.5 2 0 3 4 4
-6811.1 6720.4 -3.7 291 0 8.9 7.5 10.5 3.5 2 0 3 0 0
-6793.2 6702.9 -6.1 10 0 5.8 14.3 10.5 3.5 2 1 3 2 2
-6805.9 6690.9 -6.1 96 0 15.2 6.5 10.5 3.5 2 0 3 1 1
-6824.7 6679.6 -3.7 6 0 10.2 14.3 17.5 3.5 2 1 5 4 4
-6843.5 6678.2 -0.9 1 0 11.9 11.4 17.5 3.5 2 0 5 0 0
-6841.1 6664.9 -0.9 335 0 12.6 18.1 17.5 3.5 2 1 5 1 1
-6859.7 6639.8 3.1 30 0 8.0 6.9 10.5 3.5 2 0 3 2 2
-6889.7 6626.9 6.1 116 0 12.2 11.4 17.5 3.5 2 0 5 3 3
-6885.4 6650.9 4.0 178 0 8.4 9.3 10.5 3.5 2 1 3 5 5
-6888.9 6686.1 5.0 180 0 10.3 9.6 10.5 0.0 0 0 3 1 1
-6884.4 6664.9 4.1 167 0 10.2 7.4 10.5 3.5 2 0 3 2 2
-6874.0 6671.5 2.1 176 0 10.9 11.1 17.5 3.5 4 1 5 1 1
-6866.8 6699.5 1.6 173 0 10.7 10.5 17.5 3.5 4 0 5 0 0
-6864.3 6714.6 2.1 184 0 6.3 7.0 10.5 3.5 2 1 3 2 2
-6846.5 6709.6 0.3 358 0 6.2 8.0 10.5 3.5 2 1 3 2 2
-6846.1 6702.1 0.0 353 0 5.6 8.7 10.5 3.5 4 1 3 3 3
-6827.1 6708.0 -2.4 356 0 12.9 15.4 17.5 3.5 2 1 5 5 5
-6843.3 6727.8 0.5 7 0 16.5 9.0 10.5 3.5 2 0 3 2 2
-6870.6 6732.2 3.5 260 0 7.4 12.3 10.5 3.5 2 1 3 0 0
-6897.5 6729.7 7.3 180 0 7.5 9.6 10.5 3.5 2 1 3 2 2
-6904.2 6706.1 7.7 178 0 10.9 11.0 17.5 3.5 2 1 5 2 2
-6907.9 6689.5 7.9 175 0 7.0 11.2 10.5 3.5 2 1 3 4 4
-6911.7 6672.4 7.9 158 0 9.3 12.5 10.5 3.5 2 1 3 5 5
-6849.5 6385.7 -5.2 315 0 13.7 16.0 17.5 3.5 2 1 5 0 0
-6863.8 6339.8 -11.4 222 0 13.4 20.6 17.5 3.5 2 1 5 4 4
-6872.9 6314.7 -13.6 137 0 18.7 14.3 17.5 3.5 2 0 5 1 1
-6698.3 6952.7 -20.5 181 0 28.0 12.2 14.0 3.5 2 0 4 5 5
-6695.1 6890.2 -19.2 180 0 9.9 15.1 10.5 3.5 2 1 3 1 1
-6680.3 6921.4 -20.2 0 0 8.9 20.5 10.5 3.5 2 1 3 0 0
-6689.3 6858.0 -17.9 139 0 20.3 12.6 14.0 3.5 2 0 4 4 4
-6637.8 6721.9 -18.2 6 0 14.2 6.3 10.5 3.5 2 0 3 1 1
-6637.4 6708.1 -16.4 7 0 8.1 9.0 10.5 3.5 2 1 3 4 4
-6637.3 6697.3 -16.0 2 0 6.2 10.1 10.5 3.5 2 1 3 2 2
-6637.2 6686.4 -15.7 4 0 8.9 11.6 10.5 3.5 2 1 3 2 2
-6663.5 6717.1 -17.9 180 0 30.8 11.3 17.5 3.5 2 0 5 5 5
-6584.5 6517.6 -20.4 0 0 7.6 5.2 10.5 3.5 2 0 3 2 2
-6589.2 6504.4 -20.2 19 0 12.1 5.8 10.5 3.5 2 0 3 2 2
-6592.4 6488.2 -20.4 21 0 11.7 6.3 10.5 3.5 2 0 3 5 5
-6596.7 6474.2 -20.3 16 0 9.6 6.3 10.5 3.5 2 0 3 5 5
-6600.1 6462.2 -20.4 25 0 9.1 4.9 10.5 3.5 2 0 3 5 5
-6603.8 6450.2 -20.4 11 0 11.3 6.3 10.5 3.5 2 0 3 2 2
-6578.1 6552.3 -21.1 13 0 6.8 10.4 10.5 3.5 2 1 3 0 0
-6599.0 6573.8 -20.2 20 0 4.8 9.5 10.5 3.5 2 1 3 4 4
-6584.3 6563.1 -21.9 6 0 5.2 18.3 10.5 3.5 4 1 3 4 4
-6616.4 6440.0 -19.6 83 0 4.8 10.7 10.5 3.5 2 1 3 2 2
-6587.8 6534.9 -19.9 17 0 23.5 6.2 10.5 3.5 2 0 3 1 1
-6606.6 6522.2 -17.8 19 0 8.4 11.3 10.5 0.0 0 1 3 0 0
-6624.4 6530.6 -17.7 206 0 9.3 5.3 10.5 3.5 2 0 3 1 1
-6620.2 6540.0 -18.6 194 0 8.4 4.3 10.5 3.5 2 0 3 4 4
-6613.4 6556.4 -19.1 291 0 4.1 9.6 10.5 3.5 2 1 3 2 2
-6624.5 6558.0 -18.3 199 0 3.7 5.3 10.5 3.5 2 0 3 2 2
-6625.7 6554.5 -18.1 200 0 3.6 5.4 10.5 0.0 0 0 3 3 3
-6627.6 6546.9 -18.0 197 0 7.9 5.6 10.5 3.5 2 0 3 3 3
-6630.4 6536.0 -17.6 196 0 6.8 4.8 10.5 3.5 2 0 3 2 2
-6634.7 6519.0 -16.4 196 0 10.4 5.4 10.5 0.0 0 0 3 1 1
-6638.6 6510.5 -15.6 198 0 5.1 7.0 10.5 3.5 2 1 3 0 0
-6641.3 6498.7 -15.6 182 0 11.8 4.9 10.5 3.5 4 0 3 1 1
-6644.3 6478.8 -15.4 100 0 4.5 7.5 10.5 3.5 2 1 3 1 1
-6648.0 6468.6 -15.3 269 0 5.9 8.3 10.5 3.5 2 1 3 4 4
-6633.1 6447.0 -18.4 195 0 16.1 9.5 10.5 3.5 2 0 3 1 1
-6653.0 6454.6 -14.6 13 0 11.2 10.2 10.5 3.5 2 0 3 1 1
-6654.3 6568.8 -14.8 175 0 5.4 8.5 10.5 3.5 4 1 3 4 4
-6654.8 6559.3 -15.6 180 0 7.2 11.9 10.5 3.5 2 1 3 4 4
-6655.8 6549.9 -15.0 178 0 5.5 7.1 10.5 3.5 2 1 3 5 5
-6650.3 6543.7 -15.5 188 0 5.3 6.6 10.5 3.5 2 1 3 4 4
-6655.9 6542.4 -14.6 189 0 5.0 3.8 10.5 3.5 2 0 3 4 4
-6656.8 6533.4 -14.8 179 0 6.4 7.0 10.5 3.5 2 1 3 5 5
-6657.5 6524.6 -14.7 183 0 4.5 6.1 10.5 3.5 2 1 3 4 4
-6654.9 6519.3 -14.7 271 0 7.3 5.4 10.5 3.5 2 0 3 5 5
-6659.2 6506.6 -14.2 184 0 12.0 5.9 10.5 3.5 2 0 3 0 0
-6662.4 6491.4 -13.6 196 0 13.5 6.9 10.5 0.0 0 0 3 3 3
-6672.1 6466.4 -12.9 204 0 16.3 6.6 10.5 3.5 2 0 3 3 3
-6679.6 6446.0 -12.6 118 0 9.0 11.9 10.5 3.5 2 1 3 0 0
-6682.4 6443.0 -12.0 292 0 4.0 9.7 10.5 3.5 2 1 3 0 0
-6689.8 6428.1 -12.3 289 0 4.2 11.7 10.5 3.5 2 1 3 1 1
-6686.1 6416.0 -13.7 209 0 40.3 5.8 10.5 3.5 2 0 3 0 0
-6649.9 6426.5 -16.0 32 0 5.4 19.9 10.5 3.5 4 1 3 3 3
-6647.1 6410.7 -17.2 30 0 16.6 6.1 10.5 3.5 2 0 3 2 2
-6660.0 6387.9 -17.2 28 0 19.8 6.1 10.5 3.5 2 0 3 2 2
-6669.0 6373.6 -16.1 28 0 9.4 9.8 10.5 3.5 2 1 3 5 5
-6692.9 6385.7 -14.8 209 0 10.2 5.9 10.5 3.5 2 0 3 2 2
-6698.9 6376.0 -13.8 201 0 6.1 6.7 10.5 3.5 2 1 3 1 1
-6701.6 6368.6 -13.4 213 0 5.6 5.8 10.5 3.5 2 1 3 3 3
-6707.0 6360.6 -13.8 198 0 4.7 6.6 10.5 3.5 2 1 3 4 4
-6717.8 6358.8 -14.1 204 0 5.2 5.1 10.5 3.5 2 0 3 4 4
-6711.1 6369.8 -13.7 203 0 11.5 5.7 10.5 3.5 2 0 3 2 2
-6727.7 6336.0 -15.1 200 0 8.3 4.4 10.5 3.5 2 0 3 1 1
-6732.1 6326.6 -15.4 206 0 8.7 5.4 10.5 0.0 0 0 3 5 5
-6736.1 6315.3 -15.6 205 0 11.3 4.6 10.5 3.5 2 0 3 2 2
-6661.1 6402.7 -16.1 29 0 43.9 20.4 10.5 3.5 2 0 3 0 0
-6655.8 6324.3 -14.2 29 0 9.2 4.2 10.5 3.5 2 0 3 5 5
-6696.8 6324.2 -15.1 293 0 3.9 4.4 10.5 3.5 2 1 3 0 0
-6690.7 6319.6 -15.2 301 0 3.0 5.1 10.5 3.5 4 1 3 1 1
-6705.8 6322.0 -15.4 309 0 6.8 4.8 10.5 3.5 4 0 3 1 1
-6713.7 6327.1 -15.3 296 0 4.1 3.8 10.5 3.5 2 0 3 5 5
-6714.7 6320.3 -16.0 300 0 4.3 11.3 10.5 3.5 2 1 3 1 1
-6711.4 6314.7 -15.9 286 0 5.5 6.2 10.5 3.5 2 1 3 5 5
-6694.9 6312.3 -15.5 311 0 5.6 3.8 10.5 3.5 2 0 3 1 1
-6698.0 6306.5 -16.3 306 0 5.4 3.3 10.5 3.5 2 0 3 2 2
-6701.2 6302.8 -17.4 297 0 5.0 7.5 10.5 3.5 2 1 3 1 1
-6709.6 6297.3 -18.1 299 0 3.1 6.1 10.5 3.5 2 1 3 1 1
-6720.0 6301.0 -18.0 207 0 11.3 6.3 10.5 3.5 2 0 3 1 1
-6749.2 6294.0 -15.5 223 0 7.7 7.4 10.5 3.5 2 0 3 0 0
-6740.4 6303.6 -15.8 201 0 7.4 5.4 10.5 0.0 0 0 3 3 3
-6752.2 6266.1 -15.4 140 0 6.0 6.0 10.5 3.5 2 0 3 5 5
-6763.3 6279.0 -14.3 224 0 11.8 5.9 10.5 3.5 2 0 3 0 0
-6770.8 6267.5 -13.4 136 0 4.9 5.5 10.5 3.5 2 1 3 0 0
-6775.6 6267.1 -13.0 227 0 4.8 5.9 10.5 3.5 2 1 3 0 0
-6764.2 6251.3 -14.8 138 0 7.5 15.8 10.5 3.5 2 1 3 3 3
-6727.9 6301.5 -17.0 215 0 11.9 5.8 10.5 3.5 2 0 3 3 3
-6717.0 6272.7 -19.1 27 0 13.5 12.7 14.0 3.5 4 0 4 0 0
-6737.7 6286.8 -17.0 211 0 3.3 7.5 10.5 3.5 2 1 3 1 1
-6740.9 6276.4 -17.0 200 0 11.0 6.1 10.5 3.5 4 0 3 0 0
-6742.9 6231.8 -15.7 136 0 11.7 5.0 10.5 3.5 2 0 3 0 0
-6752.1 6241.7 -15.8 131 0 7.9 11.4 10.5 3.5 2 1 3 5 5
-6732.1 6248.6 -18.4 134 0 8.9 9.2 10.5 3.5 2 1 3 4 4
-6741.9 6256.4 -17.1 117 0 10.5 10.1 14.0 3.5 2 0 4 4 4
-6700.8 6166.4 -22.1 13 0 9.6 12.6 10.5 3.5 2 1 3 0 0
-6735.3 6143.0 -21.1 107 0 17.1 27.7 14.0 3.5 2 1 4 3 3
-6751.4 6138.9 -15.3 20 0 9.8 16.6 10.5 3.5 2 1 3 0 0
-6751.8 6154.5 -15.2 19 0 12.0 11.1 14.0 3.5 2 0 4 2 2
-6744.6 6184.9 -15.1 16 0 12.9 7.2 10.5 3.5 2 0 3 0 0
-6749.7 6170.2 -15.2 16 0 18.8 28.9 14.0 3.5 2 1 4 0 0
-6810.4 6164.1 -13.9 121 0 7.4 8.6 10.5 3.5 2 1 3 2 2
-6792.3 6143.3 -14.3 118 0 13.8 17.6 14.0 3.5 2 1 4 5 5
-6865.5 6164.9 -16.0 183 0 8.3 8.0 10.5 3.5 2 0 3 0 0
-6852.3 6180.2 -15.2 273 0 6.4 10.8 10.5 3.5 2 1 3 0 0
-6845.5 6181.6 -14.5 199 0 7.5 15.4 10.5 3.5 2 1 3 0 0
-6842.9 6195.4 -14.3 199 0 7.8 17.5 10.5 3.5 2 1 3 4 4
-6830.7 6200.5 -13.7 199 0 7.4 6.1 10.5 3.5 2 0 3 1 1
-6831.5 6237.1 -13.5 204 0 26.1 5.7 10.5 3.5 2 0 3 4 4
-6833.5 6214.0 -13.7 199 0 14.7 17.4 14.0 3.5 2 1 4 1 1
-6851.8 6219.2 -16.0 105 0 24.2 15.2 14.0 0.0 0 0 4 1 1
-5552.2 1032.3 -9.9 147 0 6.7 8.2 2.5 2.5 2 1 1 5 5
-5628.6 1023.5 -10.5 145 0 9.9 7.9 2.5 2.5 2 0 1 2 2
-5598.0 1078.5 -9.8 333 0 7.4 11.4 2.5 0.0 0 1 1 0 0
-5777.8 1149.6 -13.5 346 0 8.6 5.5 5.0 2.5 2 0 2 0 0
-4946.3 246.6 -7.4 326 0 7.7 6.4 2.5 0.0 0 0 1 1 1
-4929.2 255.7 -4.4 146 0 8.0 6.1 5.0 2.5 2 0 2 5 5
-4917.0 207.4 -7.2 332 0 6.6 10.8 2.5 2.5 2 1 1 2 2
-5881.2 1681.5 -6.5 37 0 5.7 8.0 2.5 2.5 2 1 1 4 4
-5830.1 1375.9 -9.9 163 0 7.1 5.5 2.5 2.5 2 0 1 2 2
-5873.8 1513.8 -10.8 163 0 8.1 7.1 2.5 2.5 2 0 1 2 2
-5497.9 2443.1 -14.7 308 0 4.2 6.9 5.0 0.0 0 1 2 1 1
-5983.9 1718.3 -16.8 154 0 5.2 7.7 2.5 2.5 2 1 1 4 4
-6569.1 6726.9 -22.5 18 0 43.6 13.7 17.5 3.5 2 0 5 5 5
-4592.7 933.2 -12.8 229 0 11.8 10.0 2.5 2.5 2 0 1 4 4
-5891.7 1544.1 -10.8 158 0 9.2 10.4 2.5 2.5 4 1 1 1 1
-5467.8 931.2 -10.0 314 0 11.8 14.4 5.0 2.5 2 1 2 4 4
-5985.6 2489.2 -9.8 269 0 8.7 7.2 5.0 2.5 2 0 2 4 4
-4622.2 196.0 -2.7 288 0 12.6 21.5 5.0 2.5 2 1 2 0 0
-4659.5 179.4 -0.8 201 0 9.2 28.6 5.0 0.0 0 1 2 0 0
6806.3 -6131.0 -5.4 90 0 19.0 12.5 5.0 2.5 2 0 2 4 4
6664.6 -6099.9 -5.1 270 0 11.3 7.6 2.5 2.5 2 0 1 0 0
6664.9 -6115.6 -5.1 0 0 6.4 8.4 7.5 2.5 2 1 3 4 4
6657.8 -6143.2 -5.0 86 0 7.1 14.8 2.5 2.5 4 1 1 1 1
6548.6 -6097.2 -14.1 173 0 9.2 18.6 5.0 0.0 0 1 2 5 5
6611.4 -6090.8 -9.2 2 0 9.3 15.8 7.5 2.5 2 1 3 1 1
6592.4 -6105.2 -9.5 177 0 6.2 19.2 5.0 2.5 2 1 2 2 2
6614.3 -6124.9 -7.0 174 0 8.6 5.1 5.0 2.5 2 0 2 1 1
6608.2 -6140.9 -6.4 172 0 8.8 15.3 7.5 2.5 2 1 3 4 4
6610.5 -6151.2 -5.6 177 0 8.7 17.8 5.0 2.5 2 1 2 0 0
6620.6 -6170.8 -5.5 170 0 8.2 10.4 7.5 0.0 0 1 3 5 5
6620.0 -6186.4 -5.6 177 0 6.7 7.4 7.5 2.5 2 1 3 0 0
6654.5 -6215.0 -5.8 341 0 7.3 14.2 5.0 2.5 2 1 2 1 1
6627.9 -6236.9 -6.8 161 0 9.0 12.9 5.0 2.5 2 1 2 4 4
6635.8 -6255.7 -7.5 161 0 6.6 9.7 2.5 2.5 2 1 1 5 5
6679.1 -6260.2 -7.0 71 0 6.2 10.2 7.5 2.5 2 1 3 3 3
6648.1 -6269.6 -8.5 161 0 8.7 9.2 5.0 2.5 2 1 2 2 2
6651.6 -6289.0 -10.8 161 0 6.0 10.2 5.0 2.5 2 1 2 5 5
6672.7 -6312.0 -12.5 339 0 7.5 8.6 2.5 0.0 0 1 1 4 4
6684.6 -6376.1 -10.9 95 0 10.1 6.9 7.5 2.5 2 0 3 1 1
6704.8 -6347.4 -10.4 343 0 8.1 12.4 2.5 2.5 2 1 1 3 3
6746.6 -6394.6 -7.3 262 0 10.6 9.2 7.5 2.5 2 0 3 5 5
6746.5 -6432.2 -6.2 355 0 18.9 11.3 7.5 2.5 2 0 3 0 0
6583.5 -5826.0 -9.8 152 0 9.9 17.1 5.0 2.5 2 1 2 1 1
6612.4 -5816.7 -7.2 322 0 10.2 8.4 7.5 2.5 2 0 3 2 2
6597.0 -5837.9 -8.1 171 0 6.0 16.3 7.5 2.5 2 1 3 3 3
6648.3 -5929.5 -7.1 273 0 12.1 18.9 7.5 2.5 2 1 3 3 3
6650.6 -5972.6 -7.0 3 0 7.9 13.5 2.5 2.5 2 1 1 1 1
6640.5 -5990.8 -7.1 3 0 5.5 8.3 7.5 2.5 2 1 3 4 4
6608.9 -5978.8 -9.0 183 0 10.6 8.6 7.5 2.5 2 0 3 1 1
6588.1 -5950.5 -11.0 183 0 5.8 19.6 5.0 2.5 2 1 2 3 3
6589.5 -5966.1 -10.7 183 0 5.0 15.8 5.0 2.5 2 1 2 0 0
6584.8 -5993.0 -10.7 183 0 6.7 14.2 2.5 2.5 4 1 1 2 2
6594.6 -6004.3 -9.8 183 0 5.7 11.8 7.5 2.5 4 1 3 0 0
6609.4 -6052.8 -8.8 344 0 4.3 11.0 7.5 2.5 2 1 3 3 3
6589.1 -6071.9 -9.9 174 0 6.0 14.4 7.5 2.5 2 1 3 0 0
-1600.9 -6841.4 -12.3 341 0 13.6 9.2 2.5 2.5 2 0 1 4 4
-1580.5 -6861.3 -12.3 330 0 16.2 12.4 2.5 2.5 2 0 1 1 1
-1636.4 -6880.4 -12.7 296 0 20.0 14.9 2.5 2.5 4 0 1 3 3
-1659.1 -6871.8 -12.8 299 0 17.4 13.6 2.5 2.5 2 0 1 2 2
-1636.9 -6846.9 -12.6 145 0 12.0 20.4 2.5 2.5 2 1 1 5 5
-1604.6 -6822.7 -12.3 328 0 9.1 9.2 2.5 2.5 2 1 1 2 2
-1619.0 -6802.9 -12.4 326 0 10.1 8.4 2.5 2.5 2 0 1 4 4
-1638.1 -6770.5 -12.5 311 0 10.6 13.7 2.5 2.5 2 1 1 5 5
-1660.2 -6750.5 -12.6 311 0 8.6 15.0 2.5 2.5 2 1 1 0 0
-1693.6 -6708.7 -12.7 309 0 9.7 15.7 2.5 2.5 2 1 1 0 0
-1674.9 -6730.2 -12.7 311 0 9.3 13.5 2.5 2.5 2 1 1 2 2
-1705.3 -6766.3 -12.8 131 0 10.4 12.2 2.5 2.5 2 1 1 3 3
-1791.8 -6631.4 -11.2 295 0 24.2 10.8 2.5 2.5 2 0 1 0 0
-1750.7 -6709.6 -12.7 130 0 9.3 13.1 2.5 2.5 2 1 1 3 3
-1770.2 -6714.3 -12.5 132 0 20.0 9.6 2.5 2.5 2 0 1 2 2
-1784.9 -6782.3 -12.8 311 0 9.9 15.3 2.5 2.5 2 1 1 3 3
-1807.0 -6758.2 -12.3 317 0 13.1 22.0 2.5 2.5 2 1 1 4 4
-1863.7 -6681.8 -9.6 123 0 10.4 13.1 2.5 2.5 2 1 1 5 5
-1876.5 -6661.0 -9.8 155 0 11.9 9.4 2.5 2.5 2 0 1 2 2
-1900.3 -6644.6 -10.1 142 0 11.4 8.7 2.5 2.5 2 0 1 5 5
-1906.8 -6633.8 -10.3 33 0 7.1 8.1 2.5 2.5 2 1 1 3 3
-1867.7 -6543.7 -11.1 297 0 12.0 16.0 2.5 2.5 2 1 1 1 1
-1883.7 -6536.1 -10.9 300 0 11.1 13.1 2.5 2.5 2 1 1 4 4
-1907.6 -6554.2 -10.9 22 0 8.7 14.8 2.5 2.5 2 1 1 3 3
-1901.5 -6523.6 -11.0 299 0 9.6 16.9 2.5 2.5 2 1 1 2 2
-1917.2 -6515.4 -11.1 307 0 9.5 13.8 2.5 2.5 2 1 1 3 3
-1944.8 -6500.8 -11.4 312 0 11.0 13.7 2.5 2.5 2 1 1 1 1
-1687.9 -6834.0 -12.9 326 0 46.4 17.9 2.5 2.5 2 0 1 0 0
-1602.1 -6896.4 -12.5 297 0 32.7 15.4 2.5 0.0 0 0 1 3 3
-6739.1 6076.1 -21.3 188 0 13.4 5.5 10.5 3.5 2 0 3 5 5
-6657.1 5742.0 -21.7 43 0 8.4 8.2 7.5 2.5 4 0 3 2 2
-6855.6 6184.7 -15.1 108 0 6.2 15.6 10.5 3.5 2 1 3 1 1
-6857.2 6211.8 -15.6 3 0 4.9 6.7 10.5 3.5 2 0 3 0 0
-6845.4 6221.0 -14.5 109 0 3.3 28.5 10.5 3.5 4 1 3 5 5
-6877.0 6203.0 -16.3 158 0 13.6 7.2 10.5 3.5 2 0 3 3 3
-6876.5 6221.0 -16.5 158 0 19.4 8.5 10.5 3.5 2 0 3 5 5
-6889.4 6233.6 -16.9 158 0 13.5 7.2 10.5 3.5 2 0 3 0 0
-6882.7 6236.3 -16.7 158 0 13.5 8.5 10.5 3.5 2 0 3 3 3
-6895.2 6247.8 -17.3 158 0 17.3 7.2 10.5 3.5 2 0 3 3 3
-6861.8 6192.7 -15.9 68 0 6.0 13.8 10.5 0.0 0 0 3 4 4
-6873.3 6194.0 -16.1 158 0 5.9 7.2 10.5 3.5 2 0 3 5 5
-6883.2 6218.3 -16.7 158 0 19.4 7.2 10.5 3.5 2 0 3 5 5
-6820.8 6153.7 -13.4 131 0 12.8 7.4 10.5 3.5 2 0 3 0 0
-6856.3 6165.9 -15.3 183 0 5.5 6.7 10.5 0.0 0 1 3 0 0
