-2458.4 -6377.5 0.8 88 0 4.7 11.6 2.5 2.5 2 1 1 4 4
-2445.1 -6358.6 0.9 358 0 13.6 7.6 7.5 2.5 2 0 3 0 0
-2472.4 -6351.4 0.3 267 0 10.1 5.4 2.5 2.5 2 0 1 2 2
-2507.8 -6345.1 -0.6 186 0 6.3 7.6 7.5 2.5 2 1 3 2 2
-2478.0 -6367.3 0.2 82 0 7.7 7.0 7.5 2.5 2 0 3 1 1
-2505.7 -6366.1 -0.4 177 0 8.3 7.7 5.0 2.5 2 0 2 3 3
-6058.5 -975.9 -11.8 116 0 3.4 5.3 5.0 2.5 2 1 2 4 4
-6062.4 -932.6 -16.6 262 0 11.0 33.3 5.0 2.5 2 1 2 4 4
-6069.6 -849.2 -13.2 8 0 5.7 4.8 5.0 2.5 2 0 2 5 5
-6062.2 -860.4 -14.4 252 0 4.2 6.4 5.0 2.5 2 1 2 2 2
-6049.1 -870.6 -15.1 185 0 7.1 9.2 5.0 2.5 2 1 2 3 3
-6032.4 -894.0 -16.2 83 0 6.2 3.4 5.0 2.5 2 0 2 3 3
-6033.6 -902.9 -16.7 83 0 10.8 8.7 5.0 0.0 0 0 2 3 3
-6030.6 -833.8 -13.3 6 0 3.7 5.3 5.0 2.5 2 0 2 5 5
-6030.7 -824.1 -13.1 276 0 8.2 7.8 5.0 0.0 0 0 2 1 1
-5924.4 -826.3 -13.8 261 0 7.8 8.8 5.0 2.5 4 1 2 4 4
-5864.0 -866.5 -16.7 79 0 5.4 6.4 5.0 2.5 2 0 2 3 3
-5863.3 -874.2 -17.2 79 0 9.5 7.6 5.0 2.5 2 0 2 5 5
-4357.3 -2267.3 1.2 253 0 4.9 13.0 5.0 2.5 2 1 2 1 1
-5599.1 -1143.8 1.8 41 0 3.5 4.6 7.5 2.5 2 1 3 5 5
-6106.3 -915.9 -16.3 84 0 6.9 7.7 5.0 2.5 2 1 2 0 0
-5674.8 -935.7 -11.9 180 0 5.9 12.7 5.0 2.5 2 1 2 2 2
-5672.1 -949.9 -11.1 122 0 12.4 5.6 5.0 2.5 2 0 2 4 4
-5808.3 -884.6 -18.3 268 0 7.5 7.9 5.0 2.5 2 1 2 5 5
-5804.0 -863.7 -18.9 82 0 7.8 8.1 5.0 2.5 2 1 2 5 5
-5826.0 -869.0 -18.5 85 0 8.7 8.3 5.0 2.5 4 0 2 4 4
-6090.9 -832.9 -12.2 262 0 10.3 17.3 5.0 2.5 2 1 2 2 2
-5946.1 -845.6 -14.5 256 0 4.7 7.6 5.0 2.5 2 1 2 0 0
-5955.9 -833.3 -14.3 263 0 11.7 9.2 5.0 2.5 2 0 2 1 1
-2741.5 -1565.2 9.4 298 0 14.5 6.3 5.0 2.5 2 0 2 5 5
-2404.6 -93.4 11.2 75 0 13.2 5.1 2.5 2.5 2 0 1 2 2
-5885.4 -878.8 -17.1 85 0 10.3 8.0 5.0 2.5 2 0 2 1 1
-5925.7 -884.2 -16.7 85 0 8.4 7.1 5.0 2.5 2 0 2 1 1
-5933.5 -902.1 -17.6 265 0 9.0 7.5 5.0 2.5 2 0 2 1 1
-6080.9 -934.5 -17.1 260 0 14.2 8.6 5.0 2.5 2 0 2 0 0
-6098.3 -937.8 -16.9 260 0 18.0 10.2 5.0 2.5 2 0 2 0 0
-6159.7 -855.0 -9.7 173 0 9.1 10.5 5.0 2.5 2 1 2 1 1
-6148.0 -919.5 -14.3 81 0 6.9 5.0 5.0 2.5 2 0 2 3 3
-6151.3 -948.2 -12.7 259 0 9.3 18.6 5.0 2.5 2 1 2 4 4
-6120.1 -913.3 -15.4 81 0 10.9 9.5 5.0 2.5 2 0 2 0 0
-6089.1 -903.7 -16.2 85 0 4.5 5.0 5.0 2.5 2 1 2 3 3
-6021.8 -940.6 -14.1 256 0 4.1 5.5 5.0 0.0 0 1 2 3 3
-6029.7 -937.8 -14.6 254 0 7.7 10.5 5.0 2.5 4 1 2 5 5
-6008.4 -972.9 -11.2 3 0 7.8 8.8 5.0 2.5 2 1 2 4 4
-5973.9 -913.3 -16.3 265 0 7.3 7.7 5.0 2.5 2 1 2 1 1
-5967.4 -891.7 -17.0 90 0 6.0 6.4 5.0 2.5 2 1 2 5 5
-5953.6 -848.0 -14.7 262 0 5.3 5.2 5.0 2.5 2 0 2 5 5
-5907.8 -878.6 -16.7 85 0 6.9 5.4 5.0 2.5 4 0 2 3 3
-5908.3 -882.0 -16.9 85 0 8.4 3.4 5.0 2.5 2 0 2 3 3
-5911.4 -909.1 -17.7 265 0 6.2 4.6 5.0 2.5 2 0 2 3 3
-5909.6 -914.4 -17.9 265 0 6.7 4.5 5.0 2.5 4 0 2 1 1
-5886.6 -931.4 -17.4 85 0 5.2 5.3 5.0 2.5 2 1 2 1 1
-5887.9 -904.8 -17.9 265 0 5.5 5.5 5.0 2.5 2 0 2 5 5
-5887.7 -897.0 -17.8 265 0 6.1 6.9 5.0 2.5 2 1 2 5 5
-5865.7 -892.6 -18.0 265 0 7.0 6.9 5.0 2.5 2 0 2 0 0
-5824.5 2001.3 2.8 49 0 5.4 9.3 5.0 2.5 2 0 2 0 0
-5820.4 2004.8 2.8 50 0 5.5 9.3 7.5 2.5 2 0 3 3 3
-5673.2 3590.5 4.3 202 0 8.6 8.1 2.5 2.5 2 0 1 1 1
-5670.2 3406.1 6.8 344 0 8.4 4.4 5.0 2.5 2 0 2 1 1
-5685.3 3400.7 6.6 347 0 13.1 4.5 5.0 0.0 0 0 2 5 5
-6429.5 6356.3 7.5 157 0 8.9 12.7 2.5 0.0 0 1 1 4 4
-6394.2 6396.5 6.3 169 0 9.4 15.7 5.0 0.0 0 1 2 3 3
-6387.5 6371.6 6.8 160 0 7.7 12.8 5.0 0.0 0 1 2 0 0
-6386.8 6478.8 3.7 91 0 8.7 10.1 2.5 2.5 2 1 1 4 4
-6413.8 6481.8 4.0 90 0 10.1 8.7 2.5 2.5 2 0 1 1 1
-6401.8 6421.9 5.4 165 0 8.9 20.2 5.0 2.5 2 1 2 0 0
-6342.6 6457.9 3.7 164 0 7.1 16.1 2.5 2.5 2 1 1 3 3
-6335.7 6434.7 4.6 163 0 8.9 20.2 2.5 2.5 2 1 1 1 1
-6315.6 6361.1 7.8 164 0 8.9 15.8 2.5 2.5 2 1 1 3 3
-6322.3 6383.9 6.6 163 0 7.5 9.7 2.5 2.5 2 1 1 5 5
-6308.9 6337.6 8.9 163 0 7.5 9.7 2.5 2.5 2 1 1 4 4
-6315.5 6415.8 5.5 166 0 10.4 8.9 2.5 2.5 2 0 1 4 4
-6330.9 6412.0 5.5 172 0 8.6 7.4 2.5 0.0 0 0 1 4 4
-6310.8 6392.7 6.3 166 0 10.4 8.9 2.5 2.5 4 0 1 2 2
-6356.1 6429.6 4.8 349 0 8.5 7.2 5.0 2.5 2 0 2 3 3
-6390.4 6446.9 5.0 259 0 5.9 6.9 5.0 2.5 2 1 2 4 4
-6336.3 6357.4 7.7 353 0 9.0 7.7 5.0 2.5 2 0 2 5 5
-6342.0 6380.2 7.0 349 0 9.0 7.7 5.0 2.5 4 0 2 4 4
-6375.9 6348.4 7.3 174 0 9.0 7.7 5.0 2.5 2 0 2 3 3
-6366.5 6319.3 7.7 156 0 8.9 7.7 5.0 2.5 4 0 2 4 4
-6404.3 6312.3 7.9 67 0 11.4 26.2 2.5 2.5 2 1 1 3 3
-6351.3 6285.2 8.4 149 0 8.8 12.9 2.5 2.5 2 1 1 1 1
-6272.0 6143.3 8.3 70 0 9.7 7.5 2.5 2.5 2 0 1 5 5
-6285.1 6172.2 9.3 250 0 9.7 7.5 2.5 0.0 0 0 1 3 3
-6317.2 6155.6 8.4 160 0 7.5 12.8 2.5 2.5 2 1 1 3 3
-6247.2 6182.3 10.1 340 0 7.5 9.7 2.5 0.0 0 1 1 2 2
-6578.9 -6748.9 -3.6 100 0 3.5 3.3 2.5 2.5 2 0 1 1 1
-6517.1 -6708.7 -5.3 344 0 4.8 4.9 2.5 0.0 0 1 1 5 5
-6520.9 -6669.0 -5.2 66 0 6.6 9.5 2.5 2.5 4 1 1 2 2
-6533.1 -6712.1 -5.7 164 0 6.8 7.9 2.5 2.5 2 1 1 4 4
-6507.0 -6688.7 -5.1 68 0 6.9 8.2 2.5 2.5 2 1 1 3 3
-6544.1 -6654.1 -5.1 330 0 4.1 3.4 2.5 2.5 2 0 1 5 5
-6556.7 -6635.2 -5.0 331 0 3.9 3.9 2.5 0.0 0 0 1 1 1
-6568.8 -6660.2 -4.9 157 0 6.4 8.7 2.5 2.5 2 1 1 2 2
-6571.2 -6710.0 -5.5 236 0 7.5 6.9 2.5 2.5 2 0 1 3 3
-6596.1 -6725.1 -4.3 242 0 7.4 8.3 2.5 2.5 2 1 1 0 0
-6601.6 -6682.4 -4.5 226 0 8.0 8.4 2.5 2.5 2 1 1 5 5
-6614.4 -6671.4 -3.6 227 0 3.8 3.3 2.5 2.5 2 0 1 2 2
