4269.5 -6930.2 8.6 252 0 7.3 7.4 5.0 2.5 2 1 2 1 1
-81.3 -3289.0 7.8 275 0 34.0 20.4 5.0 0.0 0 0 2 1 1
4288.7 -5419.4 49.0 250 0 5.4 5.9 7.5 2.5 2 1 3 0 0
4274.8 -5446.4 52.7 90 0 8.5 8.1 2.5 2.5 2 0 1 4 4
4259.0 -5442.5 53.4 183 0 8.4 7.3 7.5 2.5 2 0 3 1 1
1343.1 -5309.2 -19.9 24 0 8.9 8.1 5.0 2.5 2 0 2 1 1
1338.5 -5324.0 -20.4 17 0 3.1 9.9 5.0 2.5 2 1 2 1 1
1324.1 -5400.0 -22.4 0 0 6.9 7.1 5.0 2.5 2 1 2 3 3
1313.2 -5460.2 -23.0 8 0 10.8 8.7 5.0 2.5 2 0 2 5 5
1460.1 -5079.0 -17.6 11 0 8.8 7.4 5.0 2.5 2 0 2 0 0
1447.2 -5122.5 -17.5 26 0 7.9 5.8 5.0 2.5 2 0 2 4 4
1441.9 -5135.9 -17.1 29 0 6.4 5.9 5.0 2.5 2 0 2 1 1
1510.1 -5115.1 -18.6 340 0 5.2 7.7 2.5 2.5 2 1 1 3 3
1529.0 -5022.0 -9.9 180 0 18.2 13.0 2.5 2.5 2 0 1 5 5
1530.4 -4955.0 -3.5 183 0 16.8 20.5 15.0 0.0 0 1 6 2 2
1522.9 -4993.2 -9.0 181 0 20.9 33.8 12.5 0.0 0 1 5 2 2
-5204.7 -2880.8 -59.9 122 0 3.7 6.4 2.5 2.5 2 1 1 1 1
-5161.5 -2782.5 -59.8 73 0 5.8 6.0 7.5 2.5 4 1 3 4 4
-5115.1 -2720.0 -59.8 209 0 7.4 8.8 5.0 2.5 2 1 2 4 4
-5103.5 -2735.1 -59.2 120 0 4.6 5.0 5.0 2.5 2 1 2 5 5
-5084.7 -2709.1 -57.4 34 0 11.5 6.0 5.0 2.5 2 0 2 5 5
-5088.6 -2760.5 -58.7 27 0 5.5 5.0 5.0 2.5 2 0 2 0 0
-5078.6 -2735.7 -57.7 208 0 9.0 10.1 5.0 2.5 2 1 2 1 1
-5070.8 -2718.8 -56.4 210 0 7.4 9.6 5.0 2.5 2 1 2 2 2
-5062.4 -2700.0 -55.4 215 0 9.0 7.0 5.0 2.5 4 0 2 0 0
-5070.7 -2686.6 -57.8 31 0 8.6 6.9 5.0 2.5 2 0 2 4 4
-5043.2 -2692.1 -55.0 291 0 8.8 8.9 5.0 2.5 2 1 2 0 0
-5030.6 -2696.0 -55.2 287 0 6.5 14.5 5.0 2.5 2 1 2 2 2
-5026.6 -2685.1 -54.8 107 0 16.1 7.7 5.0 2.5 4 0 2 4 4
-5034.6 -2655.4 -55.7 209 0 7.7 4.7 5.0 2.5 2 0 2 5 5
-5011.2 -2667.3 -55.1 21 0 8.8 13.4 5.0 2.5 2 1 2 3 3
-5008.1 -2646.4 -55.5 17 0 4.2 6.8 5.0 2.5 2 1 2 3 3
-5048.5 -2643.1 -57.1 26 0 8.1 6.3 5.0 2.5 2 0 2 5 5
-5040.7 -2629.3 -57.8 29 0 7.1 12.5 5.0 2.5 2 1 2 1 1
-5029.6 -2600.7 -57.8 26 0 6.6 9.1 5.0 2.5 2 1 2 0 0
-5012.2 -2576.7 -56.8 28 0 7.8 10.3 5.0 2.5 2 1 2 4 4
-5011.6 -2567.7 -56.3 28 0 3.7 3.7 5.0 2.5 2 0 2 5 5
-5005.9 -2627.5 -55.8 106 0 4.6 8.6 5.0 2.5 2 1 2 5 5
-5013.3 -2623.8 -56.3 121 0 4.3 4.6 5.0 2.5 2 1 2 1 1
-5007.3 -2605.0 -55.9 197 0 15.0 8.9 5.0 2.5 2 0 2 0 0
-4997.5 -2580.1 -55.2 197 0 7.9 6.7 5.0 2.5 2 0 2 5 5
-4998.5 -2588.9 -55.2 200 0 4.6 5.0 5.0 2.5 2 1 2 2 2
-4989.2 -2567.2 -54.7 204 0 7.8 7.2 5.0 2.5 2 0 2 5 5
-5001.4 -2560.7 -55.9 26 0 10.2 6.7 5.0 2.5 2 0 2 4 4
-4995.1 -2548.5 -55.8 25 0 7.8 13.6 5.0 0.0 0 1 2 0 0
-4979.7 -2544.3 -54.1 202 0 13.3 8.5 5.0 2.5 4 0 2 4 4
-5026.7 -2530.7 -57.1 196 0 7.0 9.6 5.0 2.5 2 1 2 0 0
-4984.5 -2524.4 -54.8 28 0 8.3 8.0 5.0 2.5 2 0 2 2 2
-5013.3 -2518.2 -56.4 302 0 4.2 4.2 5.0 2.5 2 0 2 4 4
-5013.6 -2498.5 -56.7 313 0 8.4 6.4 5.0 2.5 2 0 2 3 3
-4984.4 -2490.1 -54.1 107 0 8.3 7.2 5.0 2.5 4 0 2 5 5
-4959.2 -2468.7 -50.5 299 0 7.7 10.3 5.0 2.5 2 1 2 2 2
-4931.3 -2471.5 -48.9 290 0 7.1 12.8 5.0 2.5 2 1 2 0 0
-4938.7 -2533.4 -48.6 279 0 14.8 10.2 5.0 2.5 4 0 2 4 4
-4940.3 -2598.8 -48.0 358 0 10.5 6.2 5.0 2.5 2 0 2 5 5
-4929.4 -2654.7 -48.2 356 0 12.1 11.4 5.0 2.5 2 0 2 2 2
-4933.3 -2636.6 -47.7 358 0 10.2 8.1 5.0 2.5 2 0 2 0 0
-4970.0 -2654.7 -54.1 263 0 27.4 12.6 5.0 2.5 2 0 2 3 3
-4969.8 -2641.0 -52.8 175 0 20.9 10.7 5.0 2.5 2 0 2 3 3
-4892.1 -2488.3 -46.8 331 0 9.3 7.7 5.0 2.5 2 0 2 0 0
-5011.5 -2301.2 -44.9 41 0 7.0 11.5 5.0 2.5 2 1 2 3 3
-5024.8 -2314.8 -45.2 45 0 10.6 13.1 5.0 2.5 2 1 2 2 2
-5025.6 -2341.6 -45.2 50 0 5.7 13.0 5.0 0.0 0 1 2 5 5
-5018.7 -2266.5 -47.1 221 0 8.2 12.1 5.0 2.5 2 1 2 3 3
-4978.1 -2301.3 -40.5 100 0 11.5 7.9 5.0 0.0 0 0 2 5 5
-1905.2 1085.9 -16.8 305 0 5.9 10.3 2.5 2.5 2 1 1 1 1
-1991.4 1065.6 -34.4 314 0 6.7 11.8 2.5 0.0 0 1 1 3 3
-2076.6 1138.9 -35.8 191 0 5.3 4.4 2.5 2.5 2 0 1 1 1
-2097.0 925.0 -41.4 317 0 8.8 16.6 2.5 2.5 2 1 1 5 5
-2128.6 898.8 -38.0 131 0 4.9 8.8 2.5 2.5 2 1 1 4 4
-2081.9 900.9 -40.2 331 0 5.1 8.4 2.5 2.5 2 1 1 5 5
-2194.4 946.7 -37.4 352 0 6.8 7.8 2.5 0.0 0 1 1 2 2
-2136.5 1065.1 -44.7 50 0 10.3 15.7 2.5 0.0 0 1 1 4 4
-2139.6 1126.6 -43.4 54 0 15.3 14.4 2.5 2.5 2 0 1 4 4
-2173.5 1169.8 -43.0 231 0 13.1 37.2 2.5 2.5 2 1 1 3 3
-2201.1 1158.7 -42.5 151 0 9.7 14.6 2.5 0.0 0 1 1 3 3
-2210.9 1174.5 -42.1 233 0 10.8 9.9 2.5 2.5 2 0 1 3 3
-2225.9 1194.5 -41.0 236 0 8.1 6.2 2.5 2.5 2 0 1 5 5
-2243.1 1141.9 -41.8 342 0 6.5 6.7 2.5 2.5 4 1 1 4 4
-2281.6 1165.1 -39.0 240 0 4.1 9.5 2.5 2.5 2 1 1 2 2
-2271.6 1170.4 -40.5 263 0 7.0 10.3 2.5 2.5 2 1 1 2 2
-2289.3 1246.3 -39.1 335 0 10.1 11.4 2.5 2.5 4 1 1 1 1
-2336.1 924.7 -26.4 206 0 5.4 5.7 2.5 2.5 2 1 1 0 0
-2311.5 942.1 -29.9 41 0 7.4 7.4 2.5 2.5 2 0 1 2 2
-2260.9 931.2 -32.3 352 0 29.3 14.4 5.0 2.5 2 0 2 3 3
-2277.1 1005.4 -36.1 152 0 8.3 10.4 5.0 2.5 2 1 2 1 1
-2228.2 1002.2 -39.8 326 0 9.3 11.2 5.0 2.5 2 1 2 3 3
-2241.2 998.8 -38.5 348 0 10.3 5.2 5.0 2.5 2 0 2 4 4
-2215.6 1013.9 -43.8 156 0 7.8 11.7 5.0 2.5 2 1 2 4 4
-2189.2 1025.0 -44.2 52 0 8.5 5.6 5.0 2.5 4 0 2 5 5
-2081.0 1350.2 -29.4 101 0 4.6 7.2 2.5 2.5 2 1 1 3 3
-2249.8 1952.5 -14.6 171 0 27.0 15.7 5.0 2.5 2 0 2 2 2
-2981.1 2472.3 -30.6 41 0 4.8 6.6 5.0 2.5 2 1 2 0 0
-2983.2 2482.7 -31.3 210 0 7.3 9.3 2.5 2.5 2 1 1 3 3
-4575.3 -2593.6 25.0 359 0 7.8 8.2 2.5 2.5 2 1 1 2 2
-4589.4 -2619.8 21.6 179 0 7.8 8.2 2.5 0.0 0 1 1 1 1
-4941.0 -2725.3 -51.0 287 0 10.9 6.7 5.0 2.5 2 0 2 3 3
-4986.1 -2711.8 -53.9 287 0 8.7 5.3 5.0 2.5 2 0 2 1 1
