4063.8 -5731.7 -32.7 316 0 11.4 10.1 14.0 3.5 2 0 4 3 3
3801.3 -5527.4 -33.7 330 0 7.1 8.2 10.5 3.5 2 1 3 0 0
3797.8 -5504.2 -30.4 63 0 7.6 12.2 10.5 3.5 2 1 3 3 3
3853.2 -5515.7 -29.7 322 0 8.7 7.4 10.5 3.5 2 0 3 1 1
3822.3 -5533.5 -31.8 312 0 8.0 6.6 10.5 0.0 0 0 3 1 1
3831.0 -5541.9 -32.0 311 0 11.8 6.0 10.5 3.5 2 0 3 4 4
3840.2 -5552.7 -32.1 317 0 7.6 5.6 10.5 3.5 2 0 3 4 4
3848.7 -5551.1 -31.4 124 0 12.4 9.8 10.5 3.5 2 0 3 4 4
3886.4 -5543.7 -30.5 341 0 9.4 10.2 10.5 3.5 2 1 3 0 0
3833.0 -5599.6 -39.1 148 0 5.5 6.3 10.5 3.5 2 1 3 0 0
3867.4 -5582.0 -32.8 330 0 8.1 11.5 10.5 3.5 2 1 3 4 4
3942.2 -5610.4 -31.9 326 0 9.1 9.0 10.5 0.0 0 0 3 0 0
3930.0 -5606.9 -32.0 340 0 4.9 9.0 10.5 3.5 2 1 3 2 2
3898.2 -5587.8 -32.2 250 0 11.0 10.1 14.0 3.5 2 0 4 4 4
3914.6 -5614.0 -33.0 341 0 9.7 9.7 10.5 3.5 2 0 3 2 2
3887.2 -5631.1 -35.3 170 0 6.6 9.2 10.5 3.5 2 1 3 3 3
3944.8 -5658.3 -33.4 138 0 5.1 12.5 10.5 3.5 2 1 3 2 2
3971.1 -5646.0 -32.3 316 0 19.8 6.9 10.5 3.5 2 0 3 3 3
3996.1 -5673.5 -32.7 317 0 9.3 8.9 10.5 3.5 2 0 3 5 5
4001.3 -5659.7 -32.4 309 0 8.0 8.9 10.5 3.5 2 1 3 3 3
4020.2 -5678.7 -32.5 317 0 7.1 9.2 10.5 3.5 2 1 3 4 4
4026.6 -5685.7 -32.6 301 0 7.2 11.8 10.5 3.5 2 1 3 4 4
4034.2 -5699.0 -32.8 311 0 8.3 15.6 10.5 3.5 2 1 3 3 3
4037.1 -5727.9 -32.9 114 0 7.8 6.0 10.5 3.5 2 0 3 0 0
4050.5 -5716.1 -32.7 314 0 11.2 9.5 10.5 3.5 2 0 3 1 1
4043.5 -5753.2 -33.2 128 0 10.0 16.8 14.0 3.5 2 1 4 2 2
4083.9 -5740.8 -32.6 317 0 11.9 13.9 14.0 3.5 2 1 4 3 3
4106.6 -5754.4 -31.9 315 0 9.4 8.6 10.5 3.5 2 0 3 1 1
4119.2 -5766.4 -32.2 324 0 11.8 20.4 14.0 3.5 2 1 4 4 4
4479.2 -6198.2 -44.9 317 0 9.5 10.0 10.5 3.5 2 1 3 4 4
4466.8 -6189.4 -44.6 308 0 14.6 7.4 10.5 3.5 2 0 3 5 5
4457.5 -6182.3 -44.7 311 0 6.3 7.7 10.5 3.5 2 1 3 5 5
4517.5 -6183.4 -41.8 340 0 15.6 10.8 14.0 3.5 2 0 4 3 3
4503.2 -6198.5 -42.6 64 0 7.4 15.7 10.5 3.5 2 1 3 0 0
4480.9 -6181.8 -42.6 153 0 11.0 12.8 14.0 3.5 2 1 4 3 3
4509.2 -6166.0 -41.1 338 0 12.7 10.7 14.0 3.5 2 0 4 2 2
4463.6 -6163.7 -42.3 151 0 13.5 11.7 14.0 3.5 2 0 4 5 5
4482.9 -6130.7 -40.9 333 0 18.0 12.2 14.0 3.5 2 0 4 1 1
4447.8 -6154.0 -42.0 134 0 9.4 14.5 10.5 3.5 2 1 3 0 0
4447.2 -6144.3 -41.8 45 0 14.1 8.4 10.5 3.5 2 0 3 5 5
4417.6 -6124.9 -41.4 123 0 14.9 12.2 14.0 3.5 2 0 4 3 3
4430.0 -6141.8 -43.0 44 0 16.6 11.3 14.0 3.5 2 0 4 2 2
4466.3 -6099.2 -41.0 320 0 12.2 32.5 14.0 3.5 2 1 4 2 2
4452.7 -6076.9 -39.8 315 0 10.1 9.9 10.5 3.5 2 0 3 0 0
4437.6 -6061.5 -39.6 315 0 19.5 11.3 14.0 3.5 2 0 4 2 2
4421.1 -6042.9 -39.1 317 0 21.3 11.1 14.0 3.5 2 0 4 2 2
4398.3 -6059.4 -39.4 357 0 8.5 9.9 10.5 3.5 2 1 3 2 2
4397.0 -6069.5 -39.7 356 0 8.4 9.0 10.5 3.5 2 1 3 2 2
4395.7 -6107.9 -41.2 126 0 31.4 11.2 14.0 3.5 2 0 4 3 3
4380.2 -6016.6 -38.3 230 0 13.7 9.1 10.5 3.5 4 0 3 5 5
4401.6 -6025.2 -38.9 321 0 14.2 25.8 14.0 3.5 2 1 4 5 5
4494.0 -5850.9 -30.8 45 0 24.6 20.9 14.0 3.5 2 0 4 0 0
4457.0 -5887.5 -32.7 49 0 20.4 13.0 14.0 3.5 2 0 4 1 1
4407.7 -5823.9 -31.7 226 0 13.4 18.5 14.0 3.5 4 1 4 1 1
4438.2 -5822.2 -31.2 227 0 20.4 12.2 14.0 3.5 2 0 4 2 2
4441.1 -5908.4 -33.6 37 0 12.0 9.7 10.5 3.5 2 0 3 5 5
4401.5 -5862.6 -33.8 227 0 71.9 14.3 14.0 3.5 2 0 4 3 3
4382.7 -5852.9 -33.4 224 0 58.2 12.8 14.0 3.5 2 0 4 2 2
4351.0 -5887.8 -34.5 223 0 27.5 9.5 10.5 3.5 4 0 3 2 2
4333.2 -5915.6 -35.1 131 0 13.1 16.3 14.0 3.5 2 1 4 5 5
4345.7 -5926.1 -35.4 137 0 15.0 43.9 14.0 3.5 4 1 4 3 3
4401.3 -5901.3 -33.7 56 0 4.7 5.6 10.5 3.5 2 1 3 4 4
4414.0 -5934.3 -34.9 44 0 10.8 17.9 14.0 3.5 2 1 4 5 5
4386.1 -5918.5 -34.7 41 0 4.9 4.9 10.5 0.0 0 1 3 0 0
4375.7 -5930.9 -35.3 152 0 12.0 7.9 10.5 3.5 2 0 3 1 1
4393.0 -5951.8 -36.0 45 0 13.6 13.6 14.0 3.5 2 0 4 3 3
4363.0 -5946.9 -36.1 139 0 17.1 12.1 14.0 0.0 0 0 4 1 1
4300.6 -5933.2 -35.9 312 0 8.0 6.0 10.5 0.0 0 0 3 3 3
4302.5 -5946.9 -36.7 317 0 12.8 17.5 14.0 3.5 2 1 4 5 5
4322.8 -5969.4 -37.3 312 0 16.2 17.6 14.0 3.5 2 1 4 3 3
4343.9 -5968.8 -37.1 315 0 9.3 17.6 10.5 3.5 2 1 3 4 4
4348.6 -5984.3 -37.4 315 0 8.7 7.5 10.5 3.5 2 0 3 2 2
4336.1 -6011.0 -38.6 41 0 36.6 16.6 14.0 3.5 2 0 4 0 0
4308.3 -6013.4 -38.9 40 0 14.4 12.1 14.0 3.5 2 0 4 4 4
4291.4 -6009.6 -39.3 46 0 16.4 12.6 14.0 3.5 2 0 4 1 1
4267.7 -6033.4 -38.9 131 0 13.9 12.7 14.0 3.5 2 0 4 0 0
4269.3 -5999.8 -38.5 142 0 11.3 15.9 14.0 3.5 2 1 4 2 2
4268.1 -5930.2 -36.5 52 0 42.6 14.0 14.0 3.5 2 0 4 5 5
4224.2 -5896.1 -35.1 308 0 5.8 9.1 10.5 3.5 2 1 3 4 4
4223.0 -5922.9 -35.8 44 0 9.8 9.6 10.5 3.5 2 0 3 3 3
4238.2 -5915.9 -35.7 51 0 16.5 11.5 14.0 0.0 0 0 4 1 1
4233.5 -5946.5 -36.8 50 0 28.5 11.9 14.0 3.5 4 0 4 4 4
4212.9 -5964.3 -36.0 43 0 9.1 14.4 10.5 3.5 2 1 3 4 4
4165.8 -5823.7 -32.6 311 0 22.2 30.6 14.0 0.0 0 1 4 0 0
4210.8 -5866.5 -34.2 314 0 8.9 26.0 10.5 3.5 2 1 3 1 1
4264.3 -4410.0 -19.5 158 0 14.9 21.2 2.5 2.5 2 1 1 1 1
4173.5 -4527.6 -20.8 46 0 36.9 21.2 5.0 0.0 0 0 2 1 1
4370.9 -4532.6 -16.1 231 0 19.3 30.8 2.5 2.5 2 1 1 0 0
4376.1 -4468.2 -16.2 111 0 14.3 22.7 5.0 0.0 0 1 2 1 1
4566.5 -4476.4 -11.3 312 0 15.1 21.7 5.0 0.0 0 1 2 0 0
4681.6 -4312.2 -11.7 92 0 18.5 9.3 7.5 2.5 2 0 3 3 3
4608.5 -4219.7 -11.0 81 0 16.7 16.1 2.5 2.5 2 0 1 0 0
4533.9 -4258.0 -9.3 63 0 16.1 23.0 2.5 0.0 0 1 1 2 2
4097.3 -6026.7 -51.7 132 0 10.2 13.2 14.0 3.5 2 1 4 5 5
4103.8 -5963.9 -39.1 313 0 9.1 8.7 10.5 3.5 4 0 3 1 1
4233.5 -6090.2 -42.6 312 0 7.7 6.4 10.5 3.5 4 0 3 2 2
4225.0 -6081.6 -42.3 315 0 10.4 6.4 10.5 3.5 2 0 3 2 2
4220.1 -6087.8 -42.8 311 0 5.2 3.6 10.5 3.5 2 0 3 3 3
4205.1 -6059.5 -41.8 316 0 7.4 12.0 10.5 3.5 2 1 3 4 4
4186.9 -6038.3 -40.8 316 0 6.5 9.9 10.5 3.5 2 1 3 3 3
4155.0 -6018.3 -40.5 315 0 7.4 8.3 10.5 3.5 2 1 3 5 5
4157.5 -6014.8 -40.0 311 0 6.4 4.2 10.5 0.0 0 0 3 0 0
4158.4 -6008.9 -39.8 314 0 3.8 3.9 10.5 3.5 2 1 3 5 5
4147.1 -6004.7 -39.9 315 0 5.9 8.9 10.5 3.5 2 1 3 0 0
4141.6 -5995.4 -39.7 313 0 9.6 12.3 10.5 3.5 2 1 3 1 1
4125.5 -5988.2 -40.4 315 0 10.7 13.3 14.0 0.0 0 1 4 2 2
4116.5 -5984.9 -39.7 317 0 4.0 7.3 10.5 3.5 2 1 3 3 3
4117.6 -5968.8 -39.0 314 0 10.3 10.9 14.0 3.5 2 1 4 4 4
4061.7 -5964.3 -50.7 74 0 10.7 20.5 14.0 3.5 2 1 4 3 3
4067.3 -5924.6 -38.8 325 0 7.2 6.2 10.5 3.5 2 0 3 1 1
4028.5 -5884.1 -38.9 271 0 6.6 7.4 10.5 3.5 2 1 3 3 3
3984.4 -5835.6 -40.4 310 0 11.1 8.9 10.5 0.0 0 0 3 4 4
3964.7 -5820.3 -40.9 313 0 5.7 4.2 10.5 3.5 2 0 3 4 4
3936.0 -5799.3 -43.3 315 0 10.8 7.8 10.5 3.5 2 0 3 2 2
3932.0 -5814.3 -43.2 120 0 7.2 5.0 10.5 3.5 2 0 3 2 2
3924.2 -5785.6 -43.7 318 0 6.8 7.0 10.5 3.5 2 1 3 1 1
3916.8 -5792.3 -44.1 320 0 5.2 4.5 10.5 3.5 2 0 3 2 2
3915.7 -5773.2 -44.0 319 0 6.5 7.9 10.5 0.0 0 1 3 5 5
3856.9 -5589.7 -35.5 330 0 5.0 9.6 10.5 3.5 2 1 3 5 5
3839.8 -5584.6 -36.6 322 0 4.9 4.9 10.5 3.5 2 0 3 0 0
4052.9 -5593.5 -28.8 37 0 12.9 10.1 14.0 3.5 2 0 4 2 2
4049.6 -5567.0 -27.2 307 0 4.2 9.5 10.5 3.5 2 0 3 0 0
4027.6 -5592.9 -29.2 25 0 8.2 3.4 10.5 3.5 2 0 3 3 3
3924.4 -5542.4 -28.5 138 0 22.4 12.1 10.5 3.5 2 0 3 0 0
3916.7 -5511.2 -26.6 136 0 11.7 8.2 10.5 3.5 2 0 3 1 1
3898.6 -5504.3 -26.9 136 0 21.8 14.9 10.5 3.5 2 0 3 4 4
3968.3 -5515.2 -25.4 46 0 10.8 11.3 10.5 0.0 0 1 3 1 1
3953.2 -5519.1 -25.8 46 0 4.8 8.6 10.5 3.5 2 1 3 1 1
3953.1 -5495.8 -24.5 34 0 9.5 6.9 10.5 3.5 2 0 3 5 5
3939.6 -5490.5 -24.3 128 0 8.8 10.2 10.5 3.5 4 1 3 1 1
3971.3 -5471.0 -22.5 39 0 14.5 4.8 10.5 3.5 4 0 3 5 5
3969.4 -5465.8 -22.0 38 0 8.9 9.1 10.5 3.5 2 0 3 1 1
3991.8 -5489.0 -23.3 42 0 5.3 10.5 10.5 3.5 2 1 3 2 2
4011.6 -5476.6 -22.5 40 0 5.3 8.0 10.5 3.5 2 1 3 5 5
3994.3 -5459.8 -21.7 40 0 5.9 4.7 10.5 3.5 2 0 3 3 3
4012.2 -5467.0 -22.2 44 0 5.5 13.3 10.5 3.5 2 1 3 4 4
4025.2 -5454.2 -21.9 45 0 9.3 14.5 10.5 3.5 2 1 3 0 0
4029.8 -5446.0 -21.7 40 0 5.7 11.3 10.5 3.5 2 1 3 5 5
3999.7 -5413.7 -20.8 223 0 4.1 12.3 10.5 3.5 2 1 3 0 0
3979.0 -5376.8 -20.1 334 0 8.3 9.6 10.5 3.5 2 1 3 3 3
3977.6 -5334.2 -19.4 360 0 7.9 7.8 10.5 3.5 4 0 3 1 1
3974.6 -5322.8 -19.4 271 0 11.0 7.8 10.5 3.5 2 0 3 5 5
3980.6 -5341.3 -19.4 0 0 4.3 5.6 10.5 3.5 2 1 3 1 1
3875.8 -5461.8 -23.9 141 0 10.4 14.6 10.5 3.5 2 1 3 4 4
3874.0 -5411.3 -22.5 142 0 10.0 6.7 10.5 3.5 2 0 3 0 0
3869.2 -5405.0 -22.5 144 0 5.0 9.7 10.5 3.5 2 1 3 1 1
3872.9 -5363.1 -21.2 193 0 7.4 12.6 10.5 3.5 2 1 3 2 2
3835.1 -5401.4 -22.8 151 0 4.5 16.8 10.5 3.5 2 1 3 4 4
3814.4 -5392.8 -22.8 152 0 9.4 8.0 10.5 3.5 4 0 3 2 2
3776.8 -5456.2 -26.7 334 0 11.2 6.7 10.5 3.5 2 0 3 5 5
3771.3 -5443.7 -26.2 329 0 9.5 10.3 10.5 3.5 2 1 3 5 5
3762.7 -5479.1 -29.9 140 0 10.6 7.3 10.5 3.5 2 0 3 5 5
3756.8 -5487.5 -32.0 80 0 9.3 8.9 10.5 3.5 2 0 3 2 2
3729.1 -5480.9 -33.9 146 0 5.9 5.6 10.5 3.5 2 0 3 3 3
3739.6 -5422.9 -27.4 311 0 9.3 6.8 10.5 3.5 2 0 3 3 3
3753.4 -5409.3 -24.7 326 0 8.1 7.5 10.5 0.0 0 0 3 2 2
3750.4 -5388.8 -23.6 322 0 13.9 9.8 10.5 3.5 2 0 3 3 3
3733.5 -5379.3 -25.9 335 0 10.3 18.7 14.0 0.0 0 1 4 2 2
3713.9 -5389.5 -27.4 343 0 15.5 6.3 10.5 3.5 2 0 3 1 1
3711.7 -5426.1 -29.8 117 0 5.2 10.0 10.5 3.5 2 1 3 3 3
3722.4 -5364.0 -24.6 327 0 14.9 10.7 14.0 3.5 2 0 4 2 2
3684.9 -5398.2 -30.9 33 0 7.9 12.9 10.5 0.0 0 1 3 5 5
3668.4 -5406.1 -32.3 120 0 4.1 8.4 10.5 0.0 0 1 3 4 4
3656.6 -5377.1 -30.8 139 0 8.5 17.4 10.5 3.5 2 1 3 4 4
3673.5 -5348.0 -28.0 303 0 8.2 10.2 10.5 3.5 2 1 3 3 3
3656.9 -5352.7 -28.6 124 0 8.4 6.7 10.5 3.5 2 0 3 4 4
3645.9 -5375.5 -31.6 144 0 5.3 7.2 10.5 3.5 2 1 3 0 0
3698.1 -5323.8 -23.3 323 0 26.6 7.7 10.5 3.5 2 0 3 0 0
3618.5 -5352.7 -29.4 77 0 6.0 14.2 10.5 3.5 4 1 3 4 4
3568.8 -5325.8 -35.8 191 0 9.1 21.8 10.5 3.5 2 1 3 5 5
3624.6 -5276.7 -25.9 211 0 7.2 11.1 10.5 3.5 2 1 3 2 2
3616.1 -5213.2 -28.7 250 0 10.3 10.2 14.0 0.0 0 0 4 4 4
3597.5 -5218.5 -30.5 272 0 9.3 9.3 10.5 3.5 2 1 3 5 5
3573.7 -5254.2 -31.9 163 0 10.5 6.2 10.5 3.5 2 0 3 4 4
3596.7 -5197.6 -29.4 55 0 9.1 6.5 5.0 2.5 2 0 2 4 4
3545.0 -5202.5 -34.9 86 0 8.7 11.3 5.0 2.5 2 1 2 2 2
3570.9 -5133.7 -29.3 334 0 6.4 8.8 5.0 0.0 0 1 2 2 2
4408.5 -5679.1 -24.6 47 0 13.9 19.3 10.5 3.5 2 1 3 5 5
4322.7 -5653.6 -22.5 220 0 8.3 12.9 10.5 3.5 2 1 3 0 0
4328.0 -5670.2 -23.1 219 0 15.4 11.5 10.5 3.5 2 0 3 3 3
4358.5 -5694.4 -24.1 45 0 15.5 13.0 10.5 3.5 4 0 3 0 0
4372.8 -5708.5 -25.0 49 0 18.3 12.3 10.5 0.0 0 0 3 2 2
4396.0 -5730.4 -27.6 224 0 20.3 19.9 10.5 3.5 2 0 3 2 2
4381.3 -5750.5 -27.2 226 0 13.2 9.8 10.5 3.5 2 0 3 5 5
4466.3 -5678.1 -23.3 137 0 18.1 20.3 10.5 3.5 2 1 3 2 2
4444.3 -5633.4 -22.8 143 0 17.5 26.5 10.5 3.5 2 1 3 2 2
4493.9 -5753.6 -25.8 131 0 15.6 86.3 10.5 3.5 2 1 3 2 2
4558.6 -5782.6 -25.8 45 0 16.3 15.5 10.5 3.5 2 0 3 5 5
4569.1 -5648.5 -20.7 228 0 13.8 8.8 10.5 3.5 2 0 3 5 5
4594.1 -5639.8 -20.2 238 0 13.3 22.8 10.5 3.5 4 1 3 5 5
4612.4 -5618.9 -20.3 237 0 10.8 23.4 10.5 3.5 2 1 3 2 2
4644.9 -5634.3 -20.4 326 0 8.9 23.3 10.5 3.5 2 1 3 1 1
4655.7 -5650.6 -20.5 323 0 5.6 10.7 10.5 3.5 2 1 3 1 1
4656.6 -5689.8 -20.6 53 0 23.2 14.4 10.5 3.5 2 0 3 4 4
4621.0 -5694.9 -20.2 54 0 14.9 17.9 10.5 3.5 2 1 3 1 1
4589.6 -5587.4 -19.8 52 0 12.2 31.7 10.5 3.5 2 1 3 0 0
4560.1 -5536.0 -19.5 324 0 32.1 10.9 10.5 3.5 2 0 3 4 4
4523.6 -5495.9 -19.6 227 0 9.0 26.1 10.5 3.5 2 1 3 3 3
4516.5 -5482.7 -19.5 57 0 9.7 23.8 10.5 3.5 2 1 3 5 5
4506.7 -5455.4 -19.4 325 0 5.5 10.9 10.5 3.5 2 1 3 2 2
4487.6 -5437.6 -19.4 321 0 23.6 7.5 10.5 3.5 2 0 3 5 5
4497.2 -5421.1 -19.1 327 0 8.2 8.1 10.5 3.5 2 0 3 1 1
4473.9 -5406.0 -19.8 325 0 14.8 14.0 10.5 0.0 0 0 3 5 5
4449.9 -5371.9 -21.2 325 0 14.6 13.6 10.5 0.0 0 0 3 0 0
4430.9 -5385.0 -20.3 144 0 10.0 8.7 10.5 3.5 2 0 3 5 5
4419.9 -5326.6 -20.5 331 0 18.5 12.5 10.5 3.5 2 0 3 3 3
4394.7 -5266.4 -19.3 242 0 6.0 8.9 10.5 3.5 2 1 3 2 2
4394.4 -5322.0 -20.1 231 0 6.9 6.4 10.5 3.5 2 0 3 2 2
4458.5 -5181.0 -17.8 326 0 18.3 10.1 5.0 2.5 2 0 2 3 3
4437.1 -5197.8 -17.9 150 0 6.8 12.3 5.0 2.5 2 1 2 3 3
4579.6 -5400.6 -17.1 322 0 10.3 16.0 10.5 3.5 2 1 3 3 3
4643.8 -5454.4 -18.3 332 0 11.7 6.9 10.5 3.5 2 0 3 5 5
4624.1 -5470.4 -19.2 236 0 17.7 19.9 14.0 3.5 2 0 4 0 0
4644.1 -5517.9 -20.2 142 0 11.1 17.0 14.0 3.5 2 1 4 4 4
4652.4 -5466.3 -18.9 326 0 14.8 16.3 14.0 3.5 2 0 4 5 5
4669.2 -5483.0 -19.0 325 0 4.9 8.0 10.5 3.5 2 1 3 4 4
4692.9 -5546.4 -20.7 329 0 7.3 7.8 10.5 3.5 2 1 3 1 1
4699.4 -5566.7 -20.8 327 0 7.1 7.1 10.5 3.5 2 1 3 2 2
4673.7 -5585.4 -20.7 150 0 12.4 11.4 14.0 3.5 2 0 4 5 5
4696.4 -5639.8 -20.9 148 0 10.6 5.5 10.5 3.5 2 0 3 5 5
4759.5 -5679.8 -21.3 234 0 24.0 13.0 14.0 3.5 2 0 4 1 1
4774.9 -5735.8 -20.5 146 0 8.4 13.5 10.5 3.5 4 1 3 5 5
4793.6 -5683.3 -20.4 52 0 6.8 15.7 10.5 3.5 2 1 3 4 4
4846.7 -5608.1 -20.0 237 0 26.4 11.6 14.0 3.5 2 0 4 5 5
4904.9 -5598.6 -20.6 324 0 20.9 13.9 14.0 0.0 0 0 4 3 3
4905.8 -5625.4 -21.2 143 0 13.5 22.3 14.0 3.5 2 1 4 5 5
4807.4 -5904.9 -21.1 58 0 17.8 32.1 14.0 3.5 2 1 4 2 2
2602.3 -3549.7 -8.5 269 0 9.0 22.9 2.5 2.5 4 1 1 4 4
2622.4 -3548.9 -5.9 263 0 7.7 17.3 2.5 2.5 4 1 1 2 2
2641.0 -3547.5 -4.7 263 0 10.3 17.1 2.5 2.5 2 1 1 1 1
4811.7 -5507.3 -17.2 230 0 23.5 23.6 14.0 3.5 2 1 4 5 5
4816.0 -5491.5 -16.3 231 0 8.0 9.0 10.5 3.5 2 1 3 4 4
4836.3 -5482.8 -16.3 325 0 7.5 11.6 10.5 3.5 2 1 3 1 1
4762.7 -5072.9 -17.6 149 0 11.0 22.9 7.5 2.5 2 1 3 2 2
4828.0 -5050.9 -15.8 327 0 17.6 18.5 10.0 0.0 0 1 4 0 0
4869.7 -5114.1 -14.6 325 0 18.5 19.6 10.0 2.5 2 1 4 3 3
4885.7 -5140.2 -14.0 326 0 21.6 18.3 10.0 0.0 0 0 4 1 1
4933.1 -5275.3 -14.2 136 0 16.2 38.1 5.0 2.5 2 1 2 5 5
4951.3 -5293.4 -14.1 136 0 16.2 38.1 5.0 2.5 2 1 2 2 2
4907.9 -5243.0 -14.2 140 0 11.7 11.9 5.0 2.5 2 1 2 5 5
5001.6 -5279.7 -14.0 324 0 9.1 11.6 5.0 2.5 2 1 2 4 4
4999.7 -5303.8 -14.1 326 0 13.8 10.9 5.0 2.5 2 0 2 1 1
5008.4 -5325.6 -14.3 60 0 9.5 13.2 5.0 0.0 0 1 2 5 5
4986.2 -5278.3 -14.0 314 0 10.5 7.8 5.0 2.5 4 0 2 2 2
5031.6 -5387.2 -15.3 149 0 21.9 9.7 2.5 2.5 2 0 1 5 5
5097.1 -5484.4 -18.4 326 0 12.1 17.0 2.5 2.5 2 1 1 0 0
5109.3 -5344.9 -14.4 145 0 30.7 15.5 7.5 2.5 2 0 3 1 1
5173.4 -5285.6 -14.7 142 0 35.7 11.2 7.5 2.5 2 0 3 2 2
5160.8 -5257.0 -14.9 140 0 20.3 11.5 7.5 2.5 2 0 3 1 1
5151.8 -5250.2 -15.1 52 0 11.2 31.7 7.5 2.5 2 1 3 5 5
5131.6 -5224.2 -15.2 55 0 10.6 25.3 7.5 2.5 2 1 3 2 2
5100.1 -5242.0 -15.0 87 0 16.7 26.8 7.5 0.0 0 1 3 3 3
5232.1 -5249.0 -15.2 322 0 35.7 11.2 7.5 2.5 2 0 3 2 2
5207.5 -5216.9 -15.5 322 0 35.7 11.2 7.5 2.5 2 0 3 2 2
5188.8 -5191.8 -15.6 323 0 15.1 12.9 7.5 2.5 2 0 3 2 2
5138.8 -5215.7 -15.2 51 0 7.4 8.3 7.5 0.0 0 1 3 4 4
5153.5 -5180.5 -15.5 318 0 6.4 7.2 7.5 2.5 2 1 3 2 2
5148.7 -5164.2 -15.7 326 0 5.3 9.7 7.5 2.5 2 1 3 3 3
5127.3 -5173.8 -15.5 311 0 11.7 15.0 7.5 2.5 2 1 3 0 0
5096.7 -5205.4 -15.3 138 0 12.6 19.5 7.5 2.5 2 1 3 3 3
5105.4 -5144.3 -15.8 314 0 30.3 14.1 7.5 2.5 2 0 3 0 0
5068.3 -5118.0 -16.0 224 0 12.0 28.6 7.5 2.5 2 1 3 5 5
5024.1 -5141.5 -15.7 225 0 38.7 13.7 7.5 2.5 2 0 3 4 4
5005.5 -5173.3 -15.2 226 0 11.0 18.7 7.5 2.5 2 1 3 4 4
5022.9 -5199.2 -15.0 138 0 18.6 10.2 7.5 2.5 2 0 3 4 4
5052.9 -5250.0 -14.5 51 0 8.0 7.4 7.5 2.5 2 0 3 0 0
5069.2 -5233.8 -14.8 139 0 6.5 13.3 7.5 2.5 2 1 3 3 3
4964.2 -5121.3 -15.6 144 0 13.1 31.6 5.0 2.5 2 1 2 1 1
4988.5 -5040.1 -16.0 232 0 14.9 32.8 5.0 2.5 2 1 2 4 4
4933.1 -5076.7 -14.7 141 0 23.4 12.0 5.0 2.5 2 0 2 0 0
4912.8 -5060.7 -14.1 148 0 11.8 18.2 5.0 2.5 2 1 2 5 5
4909.6 -4987.0 -13.4 328 0 12.3 29.2 5.0 2.5 2 1 2 3 3
4872.2 -4986.4 -13.3 144 0 21.1 12.5 5.0 2.5 2 0 2 4 4
4835.8 -4929.8 -14.2 146 0 12.9 12.2 5.0 2.5 2 0 2 2 2
4835.7 -4901.6 -14.2 236 0 29.9 13.7 5.0 2.5 2 0 2 3 3
4857.4 -4887.9 -13.4 237 0 9.3 7.6 5.0 2.5 2 0 2 0 0
4958.3 -4821.1 -19.5 329 0 9.9 17.1 5.0 2.5 2 1 2 1 1
4971.8 -4860.6 -16.9 332 0 10.7 7.2 5.0 2.5 4 0 2 1 1
4989.7 -4871.6 -17.0 329 0 10.2 17.2 5.0 2.5 4 1 2 1 1
4994.8 -4899.2 -15.8 324 0 8.9 12.1 5.0 2.5 2 1 2 2 2
5003.6 -4913.2 -15.6 328 0 7.6 10.0 5.0 0.0 0 1 2 3 3
5012.4 -4930.4 -15.9 326 0 9.0 9.8 5.0 2.5 2 1 2 4 4
5072.3 -5016.1 -16.8 324 0 9.4 10.2 2.5 2.5 2 1 1 3 3
5080.7 -5027.8 -16.8 325 0 11.3 10.9 2.5 2.5 4 0 1 1 1
5087.1 -5047.6 -16.8 56 0 11.1 11.3 2.5 2.5 4 1 1 2 2
5085.5 -5011.8 -17.0 325 0 8.7 7.1 2.5 2.5 2 0 1 5 5
5095.3 -5022.9 -17.0 331 0 7.0 5.3 2.5 2.5 2 0 1 1 1
5164.8 -5398.0 -15.1 245 0 10.6 10.0 2.5 2.5 2 0 1 0 0
5255.0 -5361.7 -14.3 52 0 7.6 9.9 2.5 2.5 4 1 1 3 3
5267.3 -5354.1 -14.9 50 0 7.4 10.5 2.5 2.5 2 1 1 2 2
5271.7 -5237.8 -16.1 144 0 11.9 16.9 5.0 2.5 2 1 2 5 5
5323.5 -5210.7 -18.0 54 0 11.5 15.8 5.0 0.0 0 1 2 1 1
5303.8 -5177.0 -17.0 323 0 11.8 11.2 5.0 2.5 4 0 2 2 2
5247.0 -5177.0 -16.0 149 0 13.6 7.7 5.0 2.5 2 0 2 5 5
5239.2 -5165.1 -16.1 152 0 8.4 12.2 5.0 0.0 0 1 2 0 0
5264.9 -5153.3 -16.4 333 0 7.7 14.1 5.0 2.5 2 1 2 0 0
5255.9 -5174.1 -16.1 150 0 9.1 6.1 5.0 2.5 2 0 2 3 3
5263.6 -5143.8 -16.5 332 0 7.3 6.4 5.0 2.5 2 0 2 2 2
5356.5 -5181.0 -19.1 53 0 20.2 13.7 5.0 2.5 2 0 2 1 1
5382.0 -5161.9 -18.8 54 0 10.3 15.5 5.0 2.5 4 1 2 1 1
5360.0 -5132.6 -18.7 233 0 10.5 18.5 5.0 2.5 2 1 2 4 4
4968.5 -6471.6 -31.2 54 0 16.0 12.8 14.0 3.5 2 0 4 1 1
4956.3 -6478.9 -32.6 54 0 7.8 11.1 10.5 3.5 2 1 3 3 3
4933.5 -6419.9 -34.8 321 0 9.0 14.3 10.5 3.5 2 1 3 0 0
4922.5 -6407.8 -35.6 320 0 9.0 16.0 10.5 3.5 2 1 3 1 1
4912.9 -6395.1 -34.9 314 0 8.6 9.1 10.5 3.5 2 1 3 4 4
4902.2 -6384.5 -35.0 312 0 9.0 10.1 10.5 3.5 4 1 3 3 3
4892.1 -6374.7 -34.6 316 0 8.9 7.5 10.5 0.0 0 0 3 5 5
4891.0 -6430.6 -38.6 130 0 6.6 8.2 10.5 3.5 2 1 3 3 3
4857.6 -6340.3 -35.8 314 0 8.6 14.1 10.5 3.5 4 1 3 3 3
4845.9 -6340.8 -35.9 311 0 5.7 7.0 10.5 3.5 2 1 3 3 3
4846.1 -6329.6 -35.2 312 0 7.9 8.0 10.5 3.5 2 1 3 3 3
4748.4 -6305.4 -37.6 68 0 8.2 11.6 10.5 3.5 4 1 3 3 3
4734.8 -6422.7 -44.7 159 0 13.3 9.2 10.5 3.5 2 0 3 0 0
4720.9 -6434.3 -45.3 161 0 8.1 8.8 10.5 3.5 2 1 3 0 0
4709.4 -6431.6 -45.5 322 0 10.7 8.5 10.5 3.5 2 0 3 4 4
4695.0 -6407.4 -43.7 148 0 7.6 7.6 10.5 3.5 2 1 3 1 1
4688.1 -6399.5 -43.5 139 0 10.4 6.2 10.5 3.5 2 0 3 5 5
4684.7 -6424.0 -46.1 317 0 8.0 7.8 10.5 3.5 2 0 3 2 2
4676.3 -6416.8 -46.1 328 0 7.6 6.2 10.5 0.0 0 0 3 0 0
4669.9 -6398.4 -45.5 270 0 8.6 9.1 10.5 3.5 2 1 3 2 2
4825.2 -6853.9 -69.8 252 0 14.3 9.2 5.0 2.5 2 0 2 4 4
4821.5 -6846.3 -69.8 69 0 19.0 15.1 5.0 2.5 4 0 2 1 1
4812.0 -6860.3 -69.7 341 0 13.1 14.7 5.0 2.5 2 1 2 0 0
4796.2 -6865.8 -69.6 345 0 13.7 10.0 5.0 2.5 2 0 2 5 5
4792.7 -6851.6 -69.6 343 0 11.4 10.6 5.0 2.5 2 0 2 0 0
4785.9 -6724.9 -69.2 346 0 10.7 13.6 5.0 2.5 2 1 2 5 5
4794.1 -6732.8 -68.8 236 0 5.0 12.2 2.5 2.5 4 1 1 5 5
4638.5 -6328.1 -43.3 323 0 6.3 8.4 10.5 3.5 2 1 3 1 1
4619.1 -6309.6 -43.6 314 0 11.3 6.5 10.5 3.5 2 0 3 1 1
4609.5 -6302.2 -43.8 310 0 7.3 6.5 10.5 3.5 2 0 3 5 5
4599.5 -6292.8 -43.9 311 0 6.7 7.4 10.5 3.5 2 1 3 2 2
4633.5 -6293.0 -41.4 129 0 10.6 8.4 10.5 3.5 2 0 3 2 2
4640.0 -6253.5 -40.3 330 0 15.3 9.5 10.5 3.5 2 0 3 1 1
4615.6 -6271.6 -41.2 139 0 11.5 9.7 10.5 3.5 2 0 3 0 0
4604.5 -6265.1 -41.4 128 0 5.5 7.0 10.5 3.5 4 1 3 3 3
4584.2 -6265.4 -42.2 132 0 8.6 11.5 10.5 0.0 0 1 3 4 4
4587.3 -6283.4 -44.6 308 0 9.7 11.2 10.5 3.5 2 1 3 4 4
4578.3 -6275.1 -44.4 304 0 8.8 9.5 10.5 0.0 0 1 3 2 2
4568.5 -6267.2 -44.5 305 0 10.5 9.2 10.5 3.5 4 0 3 1 1
4558.7 -6260.0 -44.7 311 0 8.1 10.1 10.5 3.5 2 1 3 0 0
4575.5 -6257.2 -42.2 134 0 6.8 7.1 10.5 3.5 2 1 3 0 0
4567.6 -6252.6 -42.3 131 0 9.1 9.3 10.5 3.5 4 1 3 2 2
4557.7 -6243.4 -42.3 135 0 8.5 8.0 10.5 3.5 2 0 3 2 2
4566.9 -6234.3 -41.5 139 0 5.4 7.6 10.5 3.5 2 1 3 3 3
4560.9 -6225.6 -41.4 137 0 10.9 6.9 10.5 3.5 2 0 3 5 5
4554.3 -6230.2 -41.8 140 0 9.3 6.4 10.5 3.5 2 0 3 4 4
4545.8 -6249.3 -44.6 319 0 10.5 7.6 10.5 3.5 2 0 3 4 4
4526.2 -6232.6 -44.4 310 0 9.2 7.6 10.5 0.0 0 0 3 4 4
4510.7 -6222.7 -45.1 311 0 11.3 11.4 14.0 3.5 4 1 4 2 2
4502.6 -6213.3 -44.3 313 0 10.1 6.3 10.5 3.5 2 0 3 3 3
4443.0 -6167.6 -44.0 43 0 8.3 15.1 10.5 3.5 4 1 3 5 5
4582.1 -6187.6 -39.7 239 0 22.0 15.1 14.0 3.5 2 0 4 1 1
4549.5 -6185.0 -40.3 332 0 5.1 10.7 10.5 0.0 0 1 3 2 2
4542.7 -6176.7 -39.8 65 0 11.7 10.2 14.0 3.5 4 0 4 3 3
4526.9 -6161.8 -39.4 156 0 7.0 7.7 10.5 0.0 0 1 3 2 2
4521.1 -6153.6 -39.2 151 0 4.8 6.5 10.5 3.5 2 1 3 1 1
4566.9 -6165.9 -38.4 92 0 10.1 17.1 14.0 3.5 2 1 4 1 1
4558.4 -6111.4 -37.2 327 0 8.5 18.9 10.5 3.5 2 1 3 3 3
4520.4 -6128.8 -38.2 149 0 11.8 12.0 14.0 3.5 2 1 4 0 0
4539.0 -6092.6 -36.6 329 0 11.1 13.7 14.0 0.0 0 1 4 1 1
4511.3 -6107.5 -37.5 149 0 8.4 10.3 10.5 0.0 0 1 3 1 1
4525.2 -6078.7 -36.9 331 0 21.0 22.2 14.0 3.5 2 1 4 5 5
4492.9 -6098.7 -37.9 149 0 21.7 9.3 10.5 3.5 2 0 3 1 1
4554.1 -6075.4 -34.7 146 0 4.7 13.1 10.5 3.5 2 1 3 1 1
4542.5 -6057.1 -34.2 148 0 8.4 7.8 10.5 3.5 2 0 3 5 5
4527.7 -6053.1 -34.2 146 0 13.4 6.9 10.5 3.5 2 0 3 0 0
4552.2 -6038.6 -33.4 152 0 12.3 8.0 10.5 3.5 2 0 3 4 4
4512.7 -6065.5 -36.7 329 0 5.1 22.2 10.5 3.5 2 1 3 4 4
4486.1 -6070.2 -36.9 147 0 5.9 10.8 10.5 3.5 4 1 3 1 1
4500.2 -6050.8 -35.5 65 0 7.5 9.7 10.5 3.5 2 1 3 0 0
4483.3 -6063.2 -36.8 149 0 6.5 10.4 10.5 3.5 4 1 3 2 2
4472.6 -6047.5 -36.7 145 0 11.1 12.5 14.0 3.5 2 1 4 5 5
4501.0 -6033.3 -34.6 68 0 12.4 7.6 10.5 3.5 2 0 3 5 5
4452.6 -6028.4 -36.9 144 0 11.5 13.1 14.0 3.5 2 1 4 0 0
4477.9 -6019.6 -34.9 137 0 8.1 9.5 10.5 3.5 4 1 3 3 3
4418.9 -6004.1 -37.3 138 0 13.2 21.9 14.0 3.5 2 1 4 5 5
4410.3 -5996.4 -37.4 138 0 15.3 25.4 14.0 0.0 0 1 4 2 2
4374.7 -5966.2 -36.7 134 0 16.5 13.6 14.0 3.5 2 0 4 4 4
4970.9 -6038.4 -19.4 148 0 7.1 20.6 10.5 3.5 2 1 3 4 4
4931.6 -6064.7 -23.4 54 0 13.4 10.6 14.0 3.5 2 0 4 0 0
4884.6 -6103.4 -27.3 65 0 8.7 12.2 10.5 3.5 2 1 3 4 4
4866.0 -6078.6 -27.4 160 0 6.9 15.7 10.5 3.5 2 1 3 0 0
4819.3 -6023.0 -27.4 56 0 7.3 10.5 10.5 3.5 2 1 3 5 5
4814.9 -5996.9 -26.6 313 0 8.9 12.7 10.5 3.5 4 1 3 0 0
4783.4 -5977.2 -26.4 315 0 13.7 13.0 14.0 0.0 0 0 4 5 5
4757.9 -5958.4 -26.2 312 0 10.9 13.9 14.0 3.5 2 1 4 0 0
4724.9 -5939.2 -25.6 160 0 9.3 11.9 10.5 3.5 2 1 3 0 0
4719.7 -5942.6 -26.0 161 0 11.6 4.4 10.5 3.5 2 0 3 5 5
4728.3 -5947.5 -25.8 160 0 5.5 4.6 10.5 3.5 2 0 3 0 0
4740.2 -5906.0 -23.5 6 0 7.4 9.8 10.5 0.0 0 1 3 3 3
4748.6 -5866.2 -21.6 333 0 8.8 16.1 10.5 3.5 2 1 3 3 3
4727.7 -5832.9 -19.6 153 0 11.6 12.9 14.0 3.5 2 1 4 3 3
4752.0 -5795.5 -19.9 332 0 9.5 7.9 10.5 3.5 2 0 3 0 0
4725.7 -5758.1 -20.7 328 0 21.6 17.9 14.0 3.5 2 0 4 4 4
4708.6 -5786.5 -20.4 143 0 5.7 7.9 10.5 3.5 2 1 3 2 2
4710.0 -5732.7 -20.7 324 0 9.9 12.8 10.5 3.5 4 1 3 3 3
4658.5 -5763.0 -20.1 227 0 8.9 15.2 10.5 3.5 2 1 3 5 5
4569.7 -5838.7 -29.0 230 0 22.5 18.3 14.0 3.5 2 0 4 1 1
4579.4 -5859.9 -28.8 235 0 7.2 12.8 10.5 3.5 2 1 3 1 1
4583.0 -5890.4 -29.1 54 0 11.1 11.9 14.0 3.5 2 1 4 5 5
4544.3 -5854.3 -29.5 228 0 7.7 15.1 10.5 3.5 2 1 3 5 5
5504.0 -5200.3 -22.4 251 0 11.9 9.0 5.0 2.5 2 0 2 5 5
5516.5 -5217.0 -23.0 340 0 8.1 11.9 5.0 2.5 2 1 2 0 0
5476.3 -5212.8 -22.6 249 0 10.7 8.2 5.0 2.5 2 0 2 2 2
5485.4 -5235.6 -23.3 71 0 12.7 9.9 5.0 2.5 2 0 2 3 3
5454.7 -5226.4 -22.6 93 0 6.2 8.7 5.0 2.5 2 1 2 5 5
5428.7 -5214.0 -22.1 231 0 7.5 6.4 5.0 2.5 2 0 2 0 0
5966.6 -5656.3 -21.7 154 0 8.8 11.7 5.0 2.5 2 1 2 5 5
5997.0 -5637.4 -21.9 334 0 8.8 11.7 5.0 2.5 2 1 2 4 4
5945.9 -5627.4 -21.0 154 0 8.8 11.8 5.0 2.5 2 1 2 2 2
5978.3 -5608.0 -21.1 334 0 8.8 11.7 5.0 2.5 2 1 2 4 4
5959.7 -5579.7 -20.6 334 0 8.8 11.8 5.0 0.0 0 1 2 4 4
5929.4 -5597.1 -20.2 154 0 8.8 11.8 5.0 2.5 2 1 2 5 5
5906.9 -5570.6 -19.8 154 0 8.8 11.8 5.0 2.5 2 1 2 1 1
5923.4 -5557.3 -19.8 244 0 11.7 8.8 5.0 2.5 2 0 2 3 3
5994.4 -5687.1 -21.8 64 0 11.7 8.8 5.0 2.5 2 0 2 0 0
5214.5 -5487.6 -15.5 66 0 9.7 13.2 2.5 2.5 2 1 1 4 4
5425.4 -5652.3 -22.1 238 0 16.7 49.7 10.0 2.5 2 1 4 5 5
5405.4 -5665.6 -22.3 240 0 16.2 50.8 5.0 0.0 0 1 2 4 4
4441.4 -5204.6 -17.9 149 0 7.8 7.6 5.0 2.5 2 0 2 0 0
4460.7 -5175.5 -17.6 325 0 11.7 3.5 5.0 2.5 2 0 2 2 2
4240.4 -4155.4 -9.7 326 0 23.0 11.6 7.5 0.0 0 0 3 0 0
4460.9 -5215.8 -17.6 60 0 10.1 6.2 5.0 0.0 0 0 2 0 0
4429.4 -5185.5 -18.0 150 0 6.8 12.3 5.0 2.5 2 1 2 3 3
4794.2 -4504.2 -15.1 60 0 23.5 30.2 10.0 0.0 0 1 4 1 1
2554.7 -3560.4 -14.6 11 0 5.8 13.0 5.0 2.5 2 1 2 4 4
2642.5 -3459.6 -2.8 324 0 14.7 11.6 5.0 2.5 2 0 2 1 1
4398.7 -3787.1 -5.2 17 0 19.6 11.3 10.0 2.5 2 0 4 2 2
4314.5 -3766.7 -5.8 103 0 10.9 18.0 2.5 2.5 2 1 1 4 4
4294.8 -3761.6 -6.2 102 0 15.0 13.6 7.5 2.5 2 0 3 1 1
2730.2 -3709.4 -3.6 334 0 9.4 20.7 2.5 2.5 4 1 1 2 2
2663.4 -3674.3 -6.0 65 0 10.8 15.4 2.5 2.5 2 1 1 5 5
2625.0 -3726.1 -13.4 313 0 7.5 13.6 5.0 2.5 2 1 2 3 3
2612.8 -3706.1 -13.3 325 0 11.7 9.7 5.0 2.5 2 0 2 2 2
2604.9 -3696.3 -13.2 326 0 5.9 5.5 5.0 2.5 2 0 2 1 1
2601.4 -3714.5 -14.8 330 0 7.8 9.1 5.0 2.5 2 1 2 0 0
2592.5 -3681.1 -14.8 326 0 6.8 14.9 5.0 2.5 2 1 2 4 4
2573.9 -3658.4 -14.7 325 0 8.3 6.6 5.0 2.5 2 0 2 3 3
2561.2 -3641.8 -15.3 323 0 5.3 7.6 5.0 0.0 0 1 2 1 1
2548.9 -3658.5 -17.0 53 0 8.5 5.7 5.0 0.0 0 0 2 5 5
2540.9 -3621.2 -17.0 327 0 10.4 6.6 5.0 0.0 0 0 2 3 3
2534.4 -3626.2 -17.6 324 0 7.9 4.6 5.0 2.5 2 0 2 2 2
2543.6 -3599.3 -16.3 15 0 7.8 8.5 5.0 2.5 2 1 2 1 1
2541.9 -3608.1 -16.7 18 0 5.2 8.5 5.0 2.5 2 1 2 0 0
2559.1 -3545.2 -13.8 10 0 10.0 12.7 5.0 2.5 2 1 2 0 0
4321.3 -3702.4 -6.0 237 0 9.5 12.6 2.5 2.5 2 1 1 5 5
4280.4 -3850.8 -5.3 13 0 10.9 13.9 7.5 2.5 2 1 3 0 0
6319.8 -5873.1 -23.0 326 0 10.9 7.1 5.0 0.0 0 0 2 0 0
6310.4 -5878.6 -22.5 327 0 10.7 25.2 5.0 0.0 0 1 2 4 4
6271.1 -5896.2 -21.9 238 0 26.2 11.3 5.0 2.5 2 0 2 5 5
6271.1 -5875.8 -21.5 231 0 17.8 9.5 5.0 2.5 2 0 2 3 3
6313.7 -5907.5 -22.8 327 0 10.4 18.0 5.0 2.5 2 1 2 1 1
6315.5 -5926.4 -23.1 57 0 18.0 9.5 5.0 2.5 2 0 2 0 0
6287.3 -5929.7 -22.5 57 0 18.2 10.1 5.0 2.5 2 0 2 4 4
6294.0 -5939.6 -22.8 56 0 18.0 9.5 5.0 0.0 0 0 2 0 0
6247.5 -5888.1 -21.2 238 0 11.1 12.7 5.0 2.5 2 1 2 5 5
6216.5 -5933.7 -21.3 234 0 22.2 14.1 5.0 2.5 4 0 2 5 5
6257.1 -5990.6 -22.7 57 0 10.9 26.5 5.0 2.5 2 1 2 0 0
4492.9 -5910.9 -32.2 227 0 9.2 16.6 10.5 3.5 2 1 3 2 2
2991.5 -4064.6 -2.0 324 0 11.6 17.9 5.0 2.5 4 1 2 5 5
4539.6 -5892.9 -30.0 138 0 17.8 17.1 14.0 3.5 2 0 4 1 1
4561.4 -5899.3 -29.4 138 0 5.0 7.3 10.5 3.5 4 1 3 3 3
4534.5 -5897.2 -30.8 308 0 13.4 11.8 14.0 3.5 2 0 4 2 2
4514.0 -5898.3 -31.7 316 0 9.8 16.3 10.5 3.5 2 1 3 2 2
4484.0 -5923.4 -33.1 229 0 16.3 13.8 14.0 3.5 2 0 4 3 3
4471.0 -5934.5 -33.7 223 0 9.3 8.8 10.5 3.5 2 0 3 0 0
4495.8 -5809.4 -29.5 318 0 10.7 17.2 14.0 3.5 2 1 4 0 0
4481.8 -5801.8 -29.3 316 0 11.6 12.0 14.0 0.0 0 1 4 1 1
4456.4 -5779.7 -29.2 224 0 23.0 13.9 14.0 3.5 2 0 4 0 0
4447.2 -5777.6 -29.3 223 0 18.6 6.9 10.5 3.5 2 0 3 2 2
4192.0 -5787.1 -31.0 135 0 13.4 16.3 14.0 3.5 2 1 4 2 2
4181.8 -5762.4 -30.5 228 0 19.1 15.9 14.0 3.5 2 0 4 5 5
4158.6 -5732.8 -30.2 317 0 13.2 17.4 14.0 3.5 2 1 4 2 2
4161.3 -5750.4 -30.0 48 0 11.8 7.4 10.5 3.5 2 0 3 3 3
4149.3 -5631.9 -28.6 315 0 10.8 11.8 14.0 3.5 4 1 4 5 5
4136.1 -5659.8 -29.6 42 0 20.6 15.1 14.0 3.5 2 0 4 0 0
4119.2 -5678.2 -30.4 43 0 18.6 15.8 14.0 3.5 2 0 4 0 0
4100.5 -5684.0 -30.6 132 0 9.6 5.3 10.5 3.5 2 0 3 0 0
4096.4 -5703.5 -31.1 132 0 6.1 11.4 10.5 3.5 2 1 3 0 0
4074.4 -5670.7 -31.1 135 0 13.1 12.0 14.0 3.5 2 0 4 1 1
4181.8 -5611.9 -27.1 37 0 9.5 17.0 10.5 3.5 2 1 3 5 5
4153.1 -5594.7 -27.3 132 0 17.5 9.7 10.5 3.5 4 0 3 5 5
4138.4 -5581.9 -27.6 128 0 15.0 9.6 10.5 3.5 2 0 3 1 1
4121.5 -5566.2 -27.5 131 0 17.7 8.7 10.5 3.5 2 0 3 2 2
4096.4 -5544.1 -26.3 130 0 12.3 7.7 10.5 3.5 2 0 3 2 2
4050.2 -5506.3 -24.1 129 0 8.3 8.5 10.5 3.5 2 1 3 3 3
4987.6 -5434.2 -19.1 240 0 8.9 13.3 2.5 2.5 2 1 1 4 4
5270.4 -6125.5 -22.3 325 0 12.6 26.2 5.0 2.5 2 1 2 2 2
5605.8 -5161.3 -23.3 47 0 19.9 34.6 7.5 0.0 0 1 3 5 5
5406.0 -5302.3 -22.5 318 0 15.7 20.2 10.0 2.5 2 1 4 0 0
5428.5 -5352.2 -23.9 53 0 17.8 11.6 2.5 2.5 2 0 1 2 2
5118.4 -5595.3 -21.9 145 0 8.9 9.0 2.5 2.5 2 1 1 2 2
5053.2 -5721.4 -24.0 146 0 9.8 10.8 5.0 2.5 2 1 2 1 1
5070.5 -5693.8 -24.0 287 0 8.6 14.9 5.0 2.5 2 1 2 0 0
5463.8 -5720.9 -22.4 57 0 10.0 15.4 7.5 2.5 2 1 3 3 3
5520.7 -5917.7 -20.3 344 0 23.1 28.5 10.0 0.0 0 1 4 3 3
5233.8 -5884.0 -20.6 258 0 16.9 21.0 5.0 2.5 2 1 2 3 3
5299.3 -6218.5 -21.7 218 0 9.0 12.8 5.0 2.5 2 1 2 2 2
5331.3 -6231.4 -21.4 310 0 7.2 8.9 5.0 2.5 2 1 2 3 3
6111.0 -6597.5 -22.1 172 0 29.0 11.3 5.0 2.5 2 0 2 5 5
5501.8 -6147.8 -19.1 329 0 13.8 11.9 5.0 2.5 4 0 2 3 3
5535.2 -6220.9 -20.7 141 0 11.7 10.9 5.0 2.5 2 0 2 3 3
5580.8 -6247.0 -21.7 146 0 15.8 13.2 10.0 2.5 2 0 4 5 5
5695.9 -6437.2 -24.7 136 0 18.2 26.4 10.0 0.0 0 1 4 1 1
5714.6 -6404.2 -24.6 313 0 25.0 7.2 7.5 2.5 2 0 3 0 0
5702.4 -6385.6 -24.0 314 0 14.9 13.5 5.0 0.0 0 0 2 1 1
5627.8 -6245.0 -22.3 322 0 9.0 14.6 7.5 2.5 2 1 3 5 5
6132.9 -6581.3 -21.5 358 0 7.9 11.0 5.0 2.5 2 1 2 5 5
6147.4 -6652.0 -23.9 264 0 8.9 17.0 2.5 2.5 2 1 1 0 0
5367.4 -6373.0 -22.4 236 0 16.0 17.9 5.0 2.5 2 1 2 1 1
5351.7 -6386.1 -22.8 239 0 11.8 20.6 5.0 2.5 2 1 2 0 0
5322.8 -6444.2 -24.2 64 0 14.0 20.4 5.0 2.5 2 1 2 3 3
5263.0 -6370.4 -24.3 132 0 33.9 15.6 5.0 2.5 2 0 2 4 4
5229.3 -6332.2 -24.3 135 0 28.0 16.2 5.0 2.5 2 0 2 3 3
5130.3 -6406.3 -26.4 230 0 8.9 13.9 5.0 2.5 2 1 2 4 4
5100.2 -6460.4 -26.5 50 0 8.9 13.9 2.5 2.5 2 1 1 5 5
5080.5 -6479.4 -26.9 50 0 8.9 13.9 2.5 2.5 2 1 1 3 3
4956.7 -6280.5 -25.8 50 0 8.9 13.9 10.5 3.5 2 1 3 1 1
4905.7 -6231.2 -28.0 230 0 8.9 13.9 10.5 3.5 4 1 3 4 4
4906.7 -6332.1 -30.7 140 0 13.9 8.9 10.5 3.5 2 0 3 3 3
4858.9 -6281.1 -31.3 140 0 13.9 8.9 10.5 3.5 2 0 3 2 2
5081.2 -5842.7 -18.9 320 0 13.9 8.9 7.5 2.5 2 0 3 4 4
5077.5 -5921.0 -16.0 140 0 13.9 8.9 7.5 2.5 2 0 3 0 0
5164.6 -5870.6 -17.4 140 0 13.9 8.9 5.0 0.0 0 0 2 5 5
5183.7 -5914.6 -18.9 140 0 13.9 8.9 5.0 2.5 2 0 2 5 5
4991.4 -5746.1 -20.3 50 0 8.9 13.9 10.5 0.0 0 1 3 1 1
5190.8 -5039.3 -17.2 230 0 8.9 13.9 5.0 2.5 2 1 2 3 3
5592.1 -4976.4 -19.4 140 0 13.9 8.9 2.5 2.5 4 0 1 3 3
5582.9 -4949.4 -19.5 230 0 8.9 13.9 2.5 2.5 2 1 1 0 0
5604.3 -4943.1 -20.0 230 0 8.9 13.9 5.0 2.5 2 1 2 3 3
5506.7 -5028.8 -17.4 50 0 8.9 13.9 5.0 0.0 0 1 2 3 3
5472.8 -4988.0 -17.6 230 0 8.9 13.9 5.0 2.5 4 1 2 0 0
5504.0 -4985.2 -17.5 230 0 8.9 13.9 5.0 2.5 2 1 2 0 0
5420.4 -4955.0 -19.3 140 0 13.9 8.9 5.0 2.5 2 0 2 2 2
5818.7 -4577.9 -14.2 320 0 13.9 8.9 5.0 2.5 2 0 2 5 5
5776.1 -4649.0 -15.1 230 0 8.9 13.9 2.5 2.5 2 1 1 2 2
5763.8 -4489.3 -13.1 50 0 8.9 13.9 5.0 2.5 2 1 2 0 0
5668.6 -4609.0 -16.5 50 0 8.9 13.9 5.0 2.5 2 1 2 5 5
5911.6 -4561.9 -18.5 50 0 8.9 13.9 7.5 2.5 2 1 3 5 5
5896.6 -4581.0 -17.1 50 0 8.9 13.9 2.5 2.5 2 1 1 4 4
5877.6 -4605.5 -15.9 140 0 13.9 8.9 2.5 2.5 2 0 1 5 5
5980.3 -4786.3 -31.3 230 0 8.9 13.9 2.5 2.5 2 1 1 4 4
5977.1 -4833.8 -31.9 140 0 13.9 8.9 7.5 2.5 2 0 3 5 5
6027.4 -4828.7 -30.2 50 0 8.9 13.9 2.5 2.5 2 1 1 4 4
6000.0 -4891.5 -31.2 140 0 13.9 8.9 5.0 2.5 2 0 2 1 1
6023.4 -4917.8 -29.2 140 0 13.9 8.9 5.0 2.5 2 0 2 5 5
6082.0 -4959.3 -22.5 50 0 8.9 13.9 2.5 2.5 2 1 1 2 2
5594.9 -4565.8 -17.7 50 0 8.9 13.9 5.0 2.5 4 1 2 4 4
5472.7 -4532.9 -18.4 124 0 8.9 13.9 7.5 2.5 2 1 3 4 4
5499.6 -4544.4 -18.6 34 0 13.9 8.9 7.5 2.5 4 0 3 5 5
5464.2 -4522.7 -18.3 124 0 8.9 13.9 5.0 2.5 2 1 2 5 5
5447.1 -4507.5 -18.1 124 0 8.9 13.9 2.5 2.5 2 1 1 4 4
5443.8 -4476.4 -17.7 214 0 13.9 8.9 7.5 2.5 2 0 3 0 0
5339.2 -4401.1 -16.8 304 0 8.9 13.9 2.5 2.5 2 1 1 3 3
5241.8 -4333.5 -15.0 34 0 13.9 8.9 7.5 2.5 2 0 3 5 5
5259.4 -4314.7 -15.4 34 0 13.9 8.9 5.0 2.5 2 0 2 5 5
5194.3 -4306.9 -14.1 214 0 13.9 8.9 7.5 2.5 2 0 3 1 1
5216.8 -4268.5 -14.3 304 0 8.9 13.9 2.5 2.5 2 1 1 3 3
5339.9 -4488.1 -16.7 304 0 8.9 13.9 5.0 2.5 2 1 2 2 2
5288.9 -4538.7 -16.2 34 0 13.9 8.9 5.0 2.5 4 0 2 5 5
5232.6 -4496.8 -16.2 124 0 8.9 13.9 5.0 0.0 0 1 2 5 5
5069.4 -4181.0 -13.2 34 0 13.9 8.9 7.5 0.0 0 0 3 5 5
5041.9 -4153.7 -13.1 304 0 8.9 13.9 7.5 2.5 2 1 3 3 3
5008.8 -4130.5 -13.1 304 0 8.9 13.9 5.0 2.5 2 1 2 1 1
4963.3 -4115.9 -12.9 214 0 13.9 8.9 7.5 2.5 2 0 3 4 4
4952.6 -4231.7 -13.4 304 0 8.9 13.9 7.5 2.5 2 1 3 4 4
5023.9 -4335.8 -16.3 34 0 13.9 8.9 5.0 0.0 0 0 2 0 0
5075.6 -4395.4 -17.3 304 0 8.9 13.9 5.0 2.5 2 1 2 0 0
4912.5 -4490.0 -17.2 144 0 13.9 8.9 5.0 2.5 2 0 2 5 5
4929.1 -4472.3 -17.4 322 0 13.9 8.9 7.5 2.5 2 0 3 1 1
5151.3 -4989.7 -17.6 330 0 8.9 13.8 2.5 2.5 2 1 1 4 4
5167.2 -5064.8 -17.0 142 0 8.9 13.8 5.0 2.5 2 1 2 3 3
5168.1 -5089.8 -16.7 142 0 8.9 13.8 5.0 2.5 2 1 2 3 3
5200.6 -5072.1 -16.9 322 0 8.9 13.8 5.0 2.5 2 1 2 1 1
5212.4 -5132.7 -16.3 143 0 8.9 13.8 5.0 2.5 4 1 2 0 0
5175.7 -5031.8 -17.3 232 0 13.8 8.9 5.0 2.5 2 0 2 3 3
5170.9 -5448.8 -15.8 142 0 8.9 13.8 2.5 2.5 2 1 1 2 2
5188.4 -5468.4 -15.7 142 0 8.9 13.8 2.5 2.5 2 1 1 1 1
5320.2 -5323.0 -17.7 323 0 8.9 13.8 2.5 2.5 4 1 1 2 2
4740.7 -5360.2 -15.1 232 0 13.8 8.9 10.5 3.5 2 0 3 2 2
4435.5 -5463.4 -20.7 232 0 13.8 8.9 10.5 0.0 0 0 3 0 0
4484.5 -5494.9 -20.0 52 0 13.8 8.9 10.5 3.5 2 0 3 4 4
4325.5 -5295.2 -19.3 322 0 8.9 13.8 3.5 3.5 2 1 1 1 1
4295.5 -5185.0 -20.5 52 0 13.8 8.9 7.5 2.5 2 0 3 4 4
4252.0 -5136.8 -21.0 142 0 8.9 13.8 7.5 2.5 2 1 3 5 5
4230.6 -5055.3 -20.9 322 0 8.9 13.8 7.5 2.5 2 1 3 3 3
4218.1 -5273.3 -18.7 322 0 8.9 13.8 10.5 0.0 0 1 3 3 3
4198.3 -5261.5 -19.2 233 0 13.8 8.9 10.5 3.5 2 0 3 1 1
4188.7 -5317.6 -19.2 52 0 13.8 8.9 10.5 0.0 0 0 3 0 0
4161.9 -5311.5 -19.5 142 0 8.9 13.8 10.5 3.5 2 1 3 3 3
4148.3 -5296.9 -19.7 142 0 8.9 13.8 10.5 3.5 2 1 3 3 3
4293.6 -5679.4 -23.3 232 0 13.8 8.9 10.5 3.5 4 0 3 4 4
4320.3 -5746.5 -25.9 52 0 13.8 8.9 10.5 3.5 2 0 3 3 3
4294.1 -5763.6 -27.3 142 0 8.9 13.8 10.5 3.5 4 1 3 0 0
4343.1 -5741.5 -25.5 52 0 13.8 8.9 10.5 3.5 2 0 3 3 3
4155.5 -5916.5 -35.3 142 0 8.9 13.8 10.5 3.5 2 1 3 3 3
3960.4 -5621.7 -31.9 322 0 8.9 13.8 10.5 3.5 2 1 3 2 2
3917.4 -5352.3 -20.6 232 0 13.8 8.9 10.5 3.5 2 0 3 0 0
3903.7 -5342.7 -20.4 232 0 13.8 8.9 10.5 3.5 2 0 3 3 3
3771.6 -5319.1 -20.7 233 0 13.8 8.9 10.5 3.5 4 0 3 5 5
3795.7 -5368.6 -22.0 142 0 8.9 13.8 10.5 3.5 2 1 3 5 5
3801.3 -5223.4 -18.8 232 0 13.8 8.9 5.0 2.5 2 0 2 0 0
3775.8 -5228.6 -19.2 232 0 13.8 8.9 5.0 2.5 2 0 2 0 0
3754.1 -5268.8 -19.0 52 0 13.8 8.9 5.0 2.5 2 0 2 3 3
3733.2 -5236.2 -19.1 322 0 8.9 13.8 5.0 2.5 2 1 2 3 3
3713.4 -5221.0 -19.8 322 0 8.9 13.8 5.0 2.5 2 1 2 0 0
3674.9 -5189.0 -22.9 232 0 13.8 8.9 5.0 2.5 2 0 2 4 4
3643.2 -5415.0 -35.3 142 0 8.9 13.8 10.5 3.5 2 1 3 4 4
3775.7 -5581.9 -44.6 142 0 8.9 13.8 10.5 3.5 2 1 3 0 0
3790.0 -5594.6 -44.6 142 0 8.9 13.8 10.5 3.5 2 1 3 0 0
3510.9 -5103.7 -33.7 142 0 8.9 13.8 5.0 2.5 2 1 2 4 4
3486.9 -5029.2 -31.9 232 0 13.8 8.9 5.0 2.5 2 0 2 4 4
3526.7 -5059.8 -30.8 336 0 31.7 12.4 5.0 2.5 2 0 2 5 5
3468.2 -4944.9 -27.7 322 0 8.9 13.8 7.5 0.0 0 1 3 2 2
3435.3 -4780.3 -14.1 323 0 8.9 13.8 5.0 0.0 0 1 2 4 4
3514.3 -4804.5 -9.1 322 0 8.9 13.8 5.0 2.5 2 1 2 4 4
3353.6 -4662.7 -14.0 322 0 8.9 13.8 7.5 2.5 4 1 3 1 1
3441.0 -4863.9 -20.9 322 0 8.9 13.8 5.0 2.5 2 1 2 5 5
3070.2 -4272.8 -13.8 323 0 8.9 13.8 5.0 2.5 2 1 2 5 5
3035.1 -4123.2 -3.8 322 0 8.9 13.8 5.0 2.5 4 1 2 3 3
2993.7 -4110.5 -3.1 142 0 8.9 13.8 5.0 2.5 2 1 2 2 2
3057.3 -4170.9 -5.3 142 0 8.9 13.8 5.0 2.5 2 1 2 2 2
3919.9 -3783.8 -4.9 142 0 8.9 13.8 5.0 2.5 2 1 2 0 0
4160.0 -3853.5 -5.7 323 0 8.9 13.8 5.0 2.5 2 1 2 1 1
5285.6 -3791.9 -11.2 322 0 8.9 13.8 7.5 2.5 2 1 3 3 3
6139.5 -4018.0 -12.4 322 0 8.9 13.8 5.0 2.5 2 1 2 2 2
6123.1 -4054.5 -13.3 52 0 13.8 8.9 2.5 2.5 2 0 1 4 4
6071.8 -4031.3 -12.7 143 0 8.9 13.8 5.0 2.5 2 1 2 4 4
6058.3 -3975.3 -12.5 322 0 8.9 13.8 5.0 2.5 2 1 2 4 4
6010.0 -3977.4 -12.9 233 0 13.8 8.9 5.0 2.5 2 0 2 3 3
6021.9 -4004.9 -12.9 142 0 8.9 13.8 5.0 2.5 2 1 2 5 5
5990.6 -4014.5 -13.2 142 0 8.9 13.8 7.5 2.5 4 1 3 5 5
5968.5 -3878.4 -7.8 143 0 8.9 13.8 2.5 2.5 2 1 1 2 2
6218.6 -3918.5 -8.6 322 0 8.9 13.8 7.5 2.5 2 1 3 5 5
5966.9 -4109.7 -13.1 232 0 13.8 8.9 2.5 2.5 2 0 1 3 3
5934.0 -4150.6 -12.3 232 0 13.8 8.9 2.5 2.5 2 0 1 0 0
5905.6 -4226.6 -11.1 322 0 8.9 13.8 7.5 2.5 4 1 3 0 0
5848.9 -4221.6 -10.5 142 0 8.9 13.8 7.5 2.5 2 1 3 5 5
5795.3 -4095.8 -10.6 322 0 8.9 13.8 7.5 2.5 2 1 3 1 1
6063.2 -4775.4 -24.3 322 0 8.9 13.8 2.5 2.5 2 1 1 0 0
6197.7 -4780.9 -19.8 323 0 8.9 13.8 5.0 2.5 2 1 2 2 2
6541.6 -5142.1 -20.7 322 0 8.9 13.8 2.5 2.5 4 1 1 2 2
6123.3 -5985.9 -19.8 142 0 8.9 13.8 5.0 2.5 4 1 2 5 5
6156.1 -5991.8 -20.5 52 0 13.8 8.9 5.0 2.5 2 0 2 2 2
4265.1 -4172.4 -10.2 322 0 8.9 13.8 2.5 2.5 2 1 1 4 4
4223.7 -4123.1 -8.9 232 0 13.8 8.9 7.5 2.5 2 0 3 4 4
4206.2 -4215.9 -9.8 52 0 13.8 8.9 5.0 2.5 4 0 2 2 2
4240.7 -4203.0 -10.2 52 0 13.8 8.9 5.0 2.5 2 0 2 5 5
4069.1 -4359.8 -15.2 260 0 19.8 32.7 5.0 0.0 0 1 2 0 0
4044.8 -4401.9 -14.6 142 0 8.9 13.8 2.5 2.5 2 1 1 0 0
4048.1 -4417.4 -15.0 142 0 8.9 13.8 2.5 2.5 2 1 1 1 1
4128.7 -4517.3 -19.5 142 0 8.9 13.8 2.5 2.5 2 1 1 3 3
4293.4 -4987.0 -20.3 323 0 8.9 13.8 7.5 2.5 2 1 3 1 1
4047.1 -5430.9 -21.5 40 0 5.3 8.0 10.5 3.5 2 1 3 5 5
4055.3 -5419.5 -21.4 40 0 5.3 8.0 10.5 3.5 2 1 3 5 5
4042.3 -5423.0 -21.2 40 0 5.3 8.0 10.5 3.5 2 1 3 5 5
4021.5 -5401.5 -20.5 220 0 5.3 8.0 10.5 3.5 2 1 3 3 3
4032.3 -5377.5 -20.0 220 0 5.3 8.0 10.5 3.5 2 1 3 0 0
4055.9 -5375.2 -20.4 220 0 5.3 8.0 10.5 3.5 2 1 3 2 2
4059.2 -5360.3 -20.0 220 0 5.3 8.0 10.5 3.5 2 1 3 4 4
4094.2 -5362.2 -20.4 310 0 8.0 5.3 10.5 3.5 2 0 3 1 1
4272.6 -6136.6 -46.3 310 0 8.0 5.3 10.5 3.5 2 0 3 1 1
4271.6 -6176.9 -50.8 220 0 5.3 8.0 10.5 3.5 2 1 3 0 0
4334.1 -6170.4 -49.0 220 0 5.3 8.0 10.5 3.5 2 1 3 3 3
4362.6 -6177.3 -48.6 310 0 8.0 5.3 10.5 3.5 2 0 3 1 1
4382.7 -6193.4 -49.2 310 0 8.0 5.3 10.5 3.5 2 0 3 3 3
4405.0 -6229.6 -50.8 130 0 8.0 5.3 10.5 3.5 4 0 3 1 1
4490.8 -6153.5 -40.9 310 0 8.0 5.3 10.5 3.5 2 0 3 5 5
4461.0 -6211.2 -46.5 310 0 8.0 5.3 10.5 3.5 2 0 3 2 2
4625.3 -6232.7 -39.5 310 0 8.0 5.3 10.5 3.5 2 0 3 0 0
4598.2 -6119.3 -35.6 220 0 5.3 8.0 10.5 3.5 2 1 3 3 3
4603.8 -6145.4 -36.4 40 0 5.3 8.0 10.5 3.5 2 1 3 0 0
4617.7 -6158.5 -36.8 40 0 5.3 8.0 10.5 0.0 0 1 3 5 5
4635.6 -6150.0 -36.4 40 0 5.3 8.0 10.5 3.5 2 1 3 5 5
4635.1 -6110.5 -35.3 220 0 5.3 8.0 10.5 3.5 2 1 3 4 4
4623.3 -6120.9 -35.5 220 0 5.3 8.0 10.5 3.5 2 1 3 0 0
4675.2 -6141.1 -36.6 40 0 5.3 8.0 10.5 3.5 2 1 3 3 3
4659.9 -6061.9 -34.1 220 0 5.3 8.0 10.5 3.5 2 1 3 3 3
4644.6 -5969.0 -29.7 262 0 5.3 8.0 10.5 3.5 2 1 3 5 5
4622.8 -5950.7 -29.3 262 0 5.3 8.0 10.5 3.5 2 1 3 4 4
4601.3 -5968.4 -30.1 262 0 5.3 8.0 10.5 3.5 2 1 3 4 4
4605.5 -6000.7 -31.2 82 0 5.3 8.0 10.5 0.0 0 1 3 1 1
4614.9 -5994.5 -30.8 82 0 5.3 8.0 10.5 3.5 2 1 3 3 3
4589.4 -5930.3 -29.2 262 0 5.3 8.0 10.5 0.0 0 1 3 0 0
4573.2 -5930.9 -29.6 262 0 5.3 8.0 10.5 3.5 2 1 3 4 4
4572.3 -6007.8 -31.7 82 0 5.3 8.0 10.5 3.5 4 1 3 5 5
4577.2 -6023.1 -32.6 352 0 8.0 5.3 10.5 3.5 2 0 3 0 0
4570.9 -5995.0 -31.1 82 0 5.3 8.0 10.5 3.5 2 1 3 4 4
4553.7 -6006.2 -31.9 352 0 8.0 5.3 10.5 3.5 4 0 3 3 3
4539.7 -6013.1 -32.1 82 0 5.3 8.0 10.5 3.5 2 1 3 4 4
4550.6 -5960.9 -30.6 262 0 5.3 8.0 10.5 0.0 0 1 3 3 3
4534.4 -5948.0 -30.8 262 0 5.3 8.0 10.5 3.5 2 1 3 4 4
4535.8 -5965.2 -31.0 262 0 5.3 8.0 10.5 3.5 2 1 3 1 1
4544.6 -5999.9 -31.4 82 0 5.3 8.0 10.5 3.5 2 1 3 5 5
4591.4 -5903.0 -28.6 82 0 5.3 8.0 10.5 3.5 2 1 3 4 4
4600.7 -5884.2 -28.4 352 0 8.0 5.3 10.5 3.5 2 0 3 1 1
4629.8 -5836.8 -26.7 352 0 8.0 5.3 10.5 3.5 2 0 3 5 5
4478.2 -5959.2 -33.8 262 0 5.3 8.0 10.5 3.5 2 1 3 1 1
4495.7 -5968.8 -32.9 262 0 5.3 8.0 10.5 3.5 2 1 3 0 0
4488.7 -5942.3 -33.0 262 0 5.3 8.0 10.5 3.5 2 1 3 3 3
4431.4 -5876.2 -32.3 82 0 5.3 8.0 10.5 3.5 2 1 3 5 5
4366.8 -6066.7 -39.8 172 0 8.0 5.3 10.5 3.5 2 0 3 4 4
4385.9 -6000.1 -37.8 262 0 5.3 8.0 10.5 0.0 0 1 3 4 4
4255.0 -5764.0 -27.3 352 0 8.0 5.3 10.5 3.5 2 0 3 2 2
4467.6 -5446.8 -19.6 172 0 8.0 5.3 10.5 3.5 2 0 3 4 4
4535.3 -5606.9 -20.7 262 0 5.3 8.0 10.5 3.5 2 1 3 3 3
3625.9 -3543.7 -4.2 82 0 5.3 8.0 7.5 2.5 2 1 3 3 3
3577.9 -3539.5 -4.0 172 0 8.0 5.3 5.0 2.5 2 0 2 4 4
3590.3 -3482.3 -4.0 262 0 5.3 8.0 5.0 2.5 2 1 2 5 5
3599.6 -3296.5 0.5 82 0 5.3 8.0 5.0 2.5 2 1 2 1 1
3597.6 -3205.8 3.0 82 0 5.3 8.0 5.0 2.5 2 1 2 2 2
3624.9 -3455.9 -3.7 352 0 8.0 5.3 5.0 2.5 2 0 2 3 3
3863.1 -3714.9 -3.3 82 0 5.3 8.0 7.5 2.5 4 1 3 2 2
3940.3 -3802.0 -5.2 82 0 5.3 8.0 5.0 2.5 2 1 2 2 2
4007.6 -3655.3 -12.0 82 0 5.3 8.0 5.0 2.5 2 1 2 3 3
4262.0 -6672.6 -76.4 262 0 5.3 8.0 10.5 3.5 2 1 3 1 1
4261.0 -6703.4 -76.6 82 0 5.3 8.0 7.0 3.5 2 1 2 1 1
4253.0 -6695.0 -76.6 82 0 5.3 8.0 7.0 3.5 2 1 2 3 3
4246.9 -6681.4 -76.5 262 0 5.3 8.0 7.0 3.5 2 1 2 4 4
4271.6 -6652.4 -76.2 262 0 5.3 8.0 7.0 0.0 0 1 2 5 5
4253.8 -6665.3 -76.3 172 0 8.0 5.3 10.5 3.5 2 0 3 5 5
4279.1 -6681.9 -76.4 352 0 8.0 5.3 10.5 3.5 2 0 3 4 4
4397.2 -6622.5 -74.3 262 0 5.3 8.0 10.5 3.5 2 1 3 2 2
4419.2 -6621.5 -73.0 262 0 5.3 8.0 7.0 3.5 2 1 2 5 5
4431.9 -6640.4 -72.6 82 0 5.3 8.0 3.5 3.5 4 1 1 4 4
3126.7 -4666.7 -44.7 82 0 5.3 8.1 7.5 2.5 2 1 3 2 2
3098.9 -4583.3 -41.6 82 0 5.3 8.0 7.5 2.5 2 1 3 5 5
3089.2 -4536.3 -38.4 172 0 8.0 5.3 7.5 2.5 2 0 3 5 5
5265.4 -4836.7 -18.8 330 0 8.9 13.8 5.0 2.5 2 1 2 4 4
5123.5 -4708.7 -15.4 330 0 8.9 13.8 5.0 2.5 2 1 2 5 5
4930.3 -5493.3 -18.7 60 0 8.9 13.3 2.5 2.5 2 1 1 1 1
5349.8 -6545.6 -25.5 330 0 8.9 13.8 5.0 2.5 2 1 2 1 1
5362.7 -6562.9 -25.6 330 0 8.9 13.8 5.0 2.5 2 1 2 1 1
5344.2 -6532.1 -25.3 330 0 8.9 13.8 5.0 2.5 4 1 2 4 4
5227.2 -6164.2 -22.7 150 0 8.9 13.8 5.0 2.5 2 1 2 5 5
5297.8 -6326.2 -23.5 330 0 8.9 13.8 5.0 2.5 2 1 2 2 2
5006.6 -5446.5 -19.1 60 0 8.9 13.3 2.5 2.5 2 1 1 5 5
5016.5 -5440.5 -18.6 60 0 8.9 13.3 2.5 2.5 2 1 1 2 2
5021.5 -5421.6 -17.4 240 0 8.9 13.3 2.5 2.5 2 1 1 5 5
5033.0 -5413.5 -16.3 240 0 8.9 13.3 2.5 2.5 2 1 1 1 1
5045.6 -5406.2 -15.7 240 0 8.9 13.3 2.5 2.5 2 1 1 5 5
5065.1 -5411.3 -15.6 60 0 8.9 13.3 2.5 2.5 2 1 1 5 5
5036.8 -5480.0 -20.4 240 0 8.9 13.3 2.5 2.5 2 1 1 1 1
5018.1 -5494.3 -21.0 240 0 8.9 13.3 2.5 2.5 4 1 1 4 4
4997.5 -5507.8 -20.8 240 0 8.9 13.3 2.5 2.5 2 1 1 4 4
4974.3 -5523.6 -20.6 240 0 8.9 13.3 2.5 0.0 0 1 1 5 5
4959.4 -5529.5 -20.3 240 0 8.9 13.3 2.5 2.5 2 1 1 5 5
5055.2 -5464.3 -18.5 240 0 8.9 13.3 2.5 2.5 2 1 1 2 2
4935.4 -5553.7 -20.0 150 0 13.3 8.9 2.5 2.5 2 0 1 5 5
4894.8 -5570.0 -19.8 240 0 8.9 13.3 3.5 3.5 2 1 1 0 0
4901.4 -5508.9 -18.5 150 0 13.3 8.9 2.5 2.5 2 0 1 2 2
4963.9 -5473.2 -19.1 60 0 8.9 13.3 2.5 2.5 2 1 1 4 4
4944.9 -5483.4 -18.8 60 0 8.9 13.3 2.5 2.5 2 1 1 3 3
4865.4 -5544.1 -18.2 60 0 8.9 13.3 3.5 3.5 4 1 1 4 4
4835.5 -5566.3 -18.4 60 0 8.9 13.3 3.5 3.5 2 1 1 4 4
4800.2 -5589.3 -18.6 60 0 8.9 13.3 3.5 3.5 2 1 1 5 5
4779.7 -5605.6 -19.4 60 0 8.9 13.3 3.5 3.5 2 1 1 5 5
4754.5 -5624.4 -20.3 60 0 8.9 13.3 3.5 3.5 2 1 1 3 3
4736.9 -5639.8 -21.1 60 0 8.9 13.3 3.5 3.5 2 1 1 5 5
4793.2 -5643.8 -20.3 240 0 8.9 13.3 3.5 3.5 4 1 1 5 5
4813.9 -5622.6 -20.0 240 0 8.9 13.3 3.5 3.5 2 1 1 4 4
4870.0 -5586.0 -19.7 240 0 8.9 13.3 3.5 3.5 2 1 1 2 2
4769.1 -5652.6 -20.2 240 0 8.9 13.3 3.5 3.5 4 1 1 3 3
5179.3 -5376.9 -14.7 240 0 8.9 13.3 2.5 2.5 2 1 1 0 0
5203.4 -5359.8 -14.3 240 0 8.9 13.3 2.5 2.5 2 1 1 4 4
5224.8 -5347.5 -14.1 240 0 8.9 13.3 2.5 2.5 2 1 1 0 0
5248.2 -5329.0 -14.4 240 0 8.9 13.3 2.5 2.5 2 1 1 0 0
5272.0 -5316.6 -15.5 240 0 8.9 13.3 2.5 2.5 4 1 1 3 3
5309.1 -5297.9 -17.0 330 0 13.3 8.9 2.5 2.5 4 0 1 1 1
5167.5 -5341.1 -14.3 58 0 65.6 12.3 2.5 2.5 4 0 1 0 0
4337.0 -6061.7 -40.9 150 0 13.3 8.9 3.5 3.5 2 0 1 5 5
4345.6 -6036.6 -39.2 240 0 8.9 13.3 3.5 3.5 4 1 1 0 0
4357.5 -6023.7 -38.6 240 0 8.9 13.3 3.5 3.5 4 1 1 1 1
4425.4 -5960.2 -36.0 240 0 8.9 13.3 3.5 3.5 4 1 1 2 2
4434.9 -5950.3 -35.3 240 0 8.9 13.3 3.5 3.5 2 1 1 1 1
4446.6 -5937.3 -34.5 240 0 8.9 13.3 3.5 3.5 2 1 1 2 2
6287.9 -3904.2 -5.5 60 0 8.9 13.3 2.5 2.5 2 1 1 5 5
6339.4 -3903.9 -4.7 60 0 8.9 13.3 2.5 2.5 2 1 1 2 2
6852.6 -3858.1 -2.0 60 0 8.9 13.3 2.5 2.5 2 1 1 1 1
5911.8 -3931.5 -12.1 60 0 8.9 13.3 2.5 2.5 2 1 1 0 0
5991.8 -3994.9 -13.1 150 0 13.3 8.9 2.5 2.5 4 0 1 5 5
6055.7 -4026.3 -12.8 150 0 13.3 8.9 2.5 2.5 2 0 1 2 2
6079.2 -3977.8 -12.3 330 0 13.3 8.9 2.5 2.5 2 0 1 1 1
5626.6 -4979.1 -20.6 330 0 13.3 8.9 2.5 2.5 2 0 1 4 4
5612.5 -5005.4 -20.6 60 0 8.9 13.3 2.5 2.5 2 1 1 0 0
5523.6 -5023.1 -17.6 60 0 8.9 13.3 2.5 2.5 2 1 1 2 2
5464.8 -5026.4 -17.2 150 0 13.3 8.9 2.5 2.5 2 0 1 3 3
5429.2 -4974.1 -18.6 150 0 13.3 8.9 2.5 2.5 2 0 1 0 0
5447.1 -4936.1 -19.5 330 0 13.3 8.9 2.5 2.5 2 0 1 4 4
5397.0 -5131.0 -18.1 60 0 8.9 13.3 2.5 2.5 2 1 1 5 5
495.4 -2774.9 -3.3 281 0 18.1 13.5 8.0 0.0 0 0 2 5 5
1781.4 -2457.1 71.0 308 0 12.5 10.7 5.0 2.5 2 0 2 4 4
1841.5 -2515.7 69.3 38 0 10.7 12.5 5.0 2.5 2 1 2 1 1
1808.4 -2479.6 69.4 308 0 34.5 10.5 5.0 2.5 2 0 2 5 5
1831.4 -2363.6 70.8 217 0 10.4 7.6 5.0 0.0 0 0 2 5 5
1914.0 -2416.8 69.5 217 0 10.4 7.6 5.0 2.5 2 0 2 4 4
1826.1 -2465.1 69.1 130 0 32.3 22.1 7.5 0.0 0 0 3 3 3
5025.9 -5356.4 -14.9 235 0 7.0 16.7 5.0 2.5 2 1 2 1 1
