-2740.4 3086.7 132.9 68 0 10.5 5.3 2.5 2.5 2 0 1 5 5
-2735.2 3049.7 141.6 24 0 3.2 5.0 5.0 2.5 2 1 2 5 5
-2753.9 3089.3 129.0 87 0 3.3 5.2 2.5 2.5 2 1 1 0 0
-2744.4 3223.2 115.6 169 0 3.2 5.0 5.0 2.5 2 1 2 4 4
-2755.6 3193.1 117.3 149 0 4.3 6.8 5.0 0.0 0 1 2 5 5
-4563.3 3685.2 -145.6 70 0 4.6 8.2 5.0 2.5 2 1 2 1 1
-4503.0 3494.6 -137.9 132 0 3.8 6.0 2.5 0.0 0 1 1 4 4
-4492.1 3488.9 -136.8 145 0 4.8 11.2 2.5 2.5 2 1 1 5 5
-4434.1 3485.9 -136.5 49 0 4.1 12.6 2.5 2.5 2 1 1 1 1
-4460.3 3527.9 -138.7 306 0 3.8 5.2 2.5 2.5 2 1 1 1 1
-4476.4 3538.3 -139.7 308 0 9.5 9.1 2.5 2.5 2 0 1 3 3
-4499.2 3546.5 -140.6 308 0 6.5 7.1 2.5 0.0 0 1 1 3 3
-4499.3 3570.4 -141.4 318 0 7.4 8.3 2.5 2.5 2 1 1 2 2
-4530.4 3595.2 -143.2 327 0 10.6 6.1 2.5 2.5 2 0 1 5 5
-4555.7 3606.7 -143.9 238 0 8.0 6.8 2.5 2.5 2 0 1 5 5
-4561.3 3619.5 -144.5 64 0 6.0 5.8 5.0 2.5 2 0 2 4 4
