-1353.0 -2034.2 -5.6 356 0 10.0 9.1 2.5 2.5 2 0 1 4 4
-1360.8 -2056.2 -4.4 172 0 8.9 9.1 7.5 2.5 2 1 3 1 1
-1357.1 -2062.4 -1.6 267 0 6.3 13.7 2.5 2.5 2 1 1 1 1
-1365.4 -2031.2 -6.7 356 0 9.8 9.3 7.5 2.5 2 0 3 2 2
-1388.2 -2019.5 -5.5 272 0 6.1 9.5 7.5 2.5 2 1 3 1 1
-1386.2 -2043.4 -6.0 87 0 9.2 12.7 5.0 2.5 2 1 2 4 4
-1384.6 -2064.6 1.8 262 0 9.1 15.9 2.5 2.5 2 1 1 4 4
-1398.2 -2045.4 -3.6 79 0 8.8 12.7 5.0 2.5 2 1 2 0 0
-1412.0 -2030.7 -0.9 262 0 6.2 15.2 5.0 2.5 2 1 2 4 4
-1419.9 -2048.2 -0.6 79 0 6.7 11.2 7.5 2.5 2 1 3 2 2
-1429.9 -2048.7 -0.3 86 0 7.4 9.7 7.5 2.5 2 1 3 3 3
-1440.8 -2049.6 -0.7 79 0 8.5 11.2 7.5 2.5 2 1 3 0 0
-1458.7 -2022.0 -3.3 256 0 5.7 20.9 2.5 2.5 2 1 1 0 0
-1476.2 -2029.2 -6.5 162 0 9.7 14.0 7.5 2.5 4 1 3 2 2
-1469.2 -2037.9 -6.3 252 0 8.3 16.9 7.5 2.5 2 1 3 2 2
-1415.1 -2062.4 1.4 346 0 10.3 8.2 5.0 2.5 2 0 2 1 1
-1427.0 -2063.4 1.9 352 0 5.4 9.6 7.5 2.5 4 1 3 0 0
-1443.9 -2066.1 2.6 252 0 5.5 12.0 2.5 2.5 2 1 1 1 1
-1456.7 -2068.8 3.0 252 0 6.9 12.4 7.5 2.5 4 1 3 4 4
-1468.8 -2074.2 3.6 248 0 10.1 10.1 7.5 2.5 2 1 3 0 0
-1487.1 -2064.9 -3.6 73 0 8.4 14.8 7.5 2.5 2 1 3 0 0
-1484.8 -2078.7 4.3 255 0 8.3 14.1 7.5 0.0 0 1 3 5 5
-1500.1 -2084.6 5.1 252 0 13.2 9.9 5.0 2.5 2 0 2 3 3
-1512.9 -2088.4 5.7 252 0 8.2 10.0 2.5 2.5 2 1 1 0 0
-1512.6 -2057.4 -1.1 245 0 8.3 11.2 5.0 2.5 2 1 2 4 4
-1525.8 -2069.5 0.6 162 0 11.4 8.9 7.5 2.5 2 0 3 1 1
-1531.8 -2077.2 1.4 73 0 7.9 10.8 7.5 2.5 2 1 3 1 1
