-5416.4 -3457.4 -3.0 61 0 25.1 12.2 2.5 2.5 2 0 1 5 5
-5434.9 -3467.8 -3.2 61 0 10.5 11.1 2.5 2.5 2 1 1 3 3
-5371.1 -3479.6 -0.8 337 0 13.6 10.4 2.5 2.5 2 0 1 4 4
-5391.2 -3519.1 -2.0 55 0 15.1 9.0 2.5 2.5 2 0 1 0 0
-5408.6 -3650.9 -2.1 273 0 13.4 21.6 7.5 0.0 0 1 3 3 3
-5404.6 -3684.7 -2.3 3 0 12.0 12.4 7.5 2.5 2 1 3 3 3
-5408.4 -3705.6 -3.2 3 0 19.3 8.4 5.0 2.5 2 0 2 4 4
-5407.8 -3724.5 -3.9 3 0 9.2 10.5 2.5 2.5 2 1 1 3 3
-5411.0 -3741.6 -5.0 3 0 17.2 8.3 5.0 2.5 2 0 2 4 4
-5411.2 -3762.3 -6.3 3 0 16.4 9.2 5.0 2.5 2 0 2 2 2
-5388.4 -3836.6 -8.2 272 0 9.9 8.1 2.5 2.5 2 0 1 4 4
-5417.5 -3840.9 -7.6 270 0 14.5 10.7 2.5 2.5 2 0 1 0 0
-5379.7 -3875.0 -7.2 2 0 9.2 15.3 2.5 0.0 0 1 1 5 5
-5422.5 -3876.8 -6.7 182 0 9.2 21.1 2.5 2.5 2 1 1 5 5
-5393.3 -3907.8 -5.9 1 0 8.3 22.0 2.5 2.5 2 1 1 0 0
-5409.5 -3939.2 -5.2 17 0 9.6 7.0 2.5 2.5 2 0 1 5 5
-5417.9 -4011.0 -6.3 287 0 17.6 8.5 7.5 2.5 2 0 3 4 4
-5420.1 -4045.7 -7.3 17 0 9.2 16.7 5.0 2.5 2 1 2 2 2
-5438.3 -4077.7 -8.1 17 0 10.5 8.0 7.5 2.5 4 0 3 5 5
-5447.0 -4106.4 -8.2 17 0 10.3 11.9 2.5 2.5 2 1 1 2 2
-5245.2 -4747.3 -2.1 302 0 16.5 13.0 7.5 2.5 4 0 3 0 0
-5274.2 -4814.6 0.8 37 0 18.3 13.0 7.5 2.5 2 0 3 2 2
-5252.1 -4789.1 -0.9 32 0 29.4 13.4 12.5 2.5 2 0 5 3 3
