-5443.9 1631.7 0.5 213 0 12.9 11.1 2.5 2.5 2 0 1 2 2
-5383.7 1582.5 -2.4 38 0 11.0 10.6 2.5 2.5 2 0 1 1 1
-5335.2 1517.6 -7.4 69 0 34.9 11.7 2.5 2.5 2 0 1 2 2
-5298.8 1532.3 -7.2 22 0 9.6 9.7 2.5 2.5 2 1 1 2 2
-5427.9 1611.2 -0.1 132 0 11.6 10.7 2.5 0.0 0 0 1 1 1
-5298.6 1580.3 -6.5 274 0 13.9 33.0 2.5 2.5 2 1 1 5 5
-5365.5 1649.0 -1.2 25 0 13.1 16.0 2.5 2.5 2 1 1 2 2
-5404.8 1675.8 2.1 304 0 14.2 8.1 2.5 2.5 2 0 1 5 5
-5430.8 1659.9 3.2 220 0 11.0 9.9 2.5 2.5 2 0 1 5 5
-5377.2 1507.6 -8.2 67 0 14.0 10.7 2.5 2.5 2 0 1 5 5
-5381.0 1373.8 -3.9 144 0 6.1 12.2 7.5 2.5 2 1 3 0 0
-5465.1 1390.3 -3.5 124 0 15.0 32.5 10.0 0.0 0 1 4 4 4
-5424.0 1569.2 -4.3 191 0 12.1 12.8 2.5 2.5 2 1 1 5 5
-5404.7 1742.8 3.3 96 0 7.0 6.0 2.5 2.5 2 0 1 1 1
