4435.1 4229.2 -8.8 45 0 6.1 13.5 2.5 2.5 2 1 1 4 4
4448.1 4298.6 -5.1 28 0 13.7 8.2 7.5 2.5 2 0 3 5 5
4418.9 4294.1 -4.7 306 0 10.7 10.5 2.5 2.5 2 0 1 1 1
4435.3 4262.2 -8.1 64 0 6.6 18.6 7.5 2.5 2 1 3 1 1
4391.2 4287.6 -3.3 135 0 10.1 5.5 7.5 2.5 2 0 3 3 3
4371.6 4297.9 -1.7 176 0 9.0 14.8 5.0 2.5 2 1 2 3 3
4396.6 4308.8 -1.7 236 0 7.7 8.7 2.5 2.5 2 1 1 2 2
4370.4 4319.7 -1.4 275 0 11.4 6.6 5.0 2.5 2 0 2 5 5
4329.6 4358.6 -5.6 341 0 6.9 12.6 5.0 2.5 2 1 2 5 5
4299.3 4321.5 0.8 89 0 14.0 8.5 7.5 2.5 2 0 3 4 4
4273.7 4342.3 2.2 131 0 6.1 10.5 7.5 2.5 2 1 3 1 1
4307.4 4382.9 -1.4 310 0 7.6 12.0 7.5 2.5 2 1 3 5 5
4279.3 4409.2 2.9 235 0 8.1 9.7 2.5 2.5 2 1 1 2 2
