2100.1 3770.7 8.9 51 0 14.0 42.1 7.5 2.5 2 1 3 5 5
2110.2 3806.5 8.3 320 0 40.8 13.8 10.0 2.5 2 0 4 4 4
2094.0 3824.7 8.9 321 0 6.7 35.1 2.5 0.0 0 1 1 5 5
2083.4 3757.0 9.6 50 0 13.5 41.8 10.0 2.5 2 1 4 5 5
2065.5 3742.2 10.2 51 0 13.3 41.7 7.5 2.5 2 1 3 3 3
2181.4 3826.6 4.6 100 0 13.2 12.5 5.0 2.5 2 0 2 1 1
2145.3 3916.8 6.9 230 0 11.4 42.2 10.0 2.5 2 1 4 1 1
2157.2 3926.2 6.9 230 0 11.6 42.5 12.5 2.5 2 1 5 2 2
2517.7 3778.5 -0.6 139 0 143.9 36.1 2.5 0.0 0 0 1 1 1
2542.3 3876.1 2.0 230 0 51.6 311.2 2.5 0.0 0 1 1 0 0
2637.6 3939.7 13.4 229 0 5.5 15.4 5.0 2.5 2 1 2 4 4
2776.5 3914.0 10.9 321 0 14.3 63.0 5.0 2.5 2 1 2 5 5
2815.2 3775.9 -3.2 318 0 34.2 14.3 5.0 2.5 2 0 2 4 4
2971.8 3508.6 -16.8 230 0 26.3 151.7 2.5 0.0 0 1 1 0 0
-1871.1 -1636.3 -15.7 1 0 17.3 73.8 2.5 2.5 2 1 1 5 5
-1959.8 -1665.5 -15.7 203 0 14.1 50.9 2.5 2.5 2 1 1 2 2
-1993.8 -1698.5 -14.4 31 0 71.0 7.8 2.5 2.5 2 0 1 0 0
-1939.3 -1496.4 -15.6 179 0 14.2 52.9 2.5 2.5 2 1 1 0 0
-1985.7 -1534.6 -6.5 42 0 3.7 6.8 5.0 2.5 2 1 2 4 4
-1937.9 -1873.6 -14.4 125 0 21.3 16.8 5.0 2.5 2 0 2 3 3
-1979.3 -2025.6 -13.9 34 0 23.3 72.8 2.5 0.0 0 1 1 4 4
-1816.3 -2019.3 -14.8 212 0 46.0 18.8 5.0 2.5 2 0 2 4 4
-1900.6 -1896.6 -14.6 122 0 26.1 15.7 5.0 2.5 2 0 2 1 1
-2079.3 -1828.4 -12.7 305 0 13.0 12.7 5.0 2.5 2 0 2 0 0
-2088.8 -1852.8 -12.6 36 0 11.0 12.4 5.0 2.5 2 1 2 4 4
-2109.8 -1882.5 -12.5 35 0 10.2 12.5 5.0 2.5 2 1 2 0 0
-2099.5 -1867.0 -12.5 34 0 11.5 11.7 5.0 2.5 2 1 2 1 1
-2109.5 -1872.4 -12.3 37 0 3.6 5.7 5.0 2.5 2 1 2 0 0
-2141.8 -1866.4 -12.0 125 0 13.5 46.6 5.0 2.5 2 1 2 4 4
-2412.9 -1656.7 -4.8 35 0 37.6 31.1 2.5 0.0 0 0 1 0 0
-2382.1 -1715.9 -7.6 306 0 12.0 33.3 2.5 2.5 2 1 1 5 5
-2369.3 -1688.6 -7.7 216 0 10.8 9.8 5.0 2.5 2 0 2 1 1
-2335.2 -1713.4 -10.0 216 0 10.6 9.1 5.0 0.0 0 0 2 3 3
-2326.4 -1701.4 -10.3 217 0 10.1 9.1 5.0 2.5 4 0 2 0 0
-2318.3 -1689.5 -10.6 214 0 11.0 9.5 5.0 2.5 2 0 2 4 4
-2265.1 -1592.3 -9.3 127 0 10.7 9.6 2.5 2.5 2 0 1 1 1
-2249.6 -1603.3 -9.5 127 0 10.6 9.6 2.5 2.5 2 0 1 4 4
-2284.4 -1572.7 -9.0 216 0 10.0 10.2 2.5 2.5 2 1 1 4 4
-2268.9 -1529.8 -7.2 37 0 32.1 11.6 5.0 2.5 2 0 2 0 0
-2476.6 -1870.3 -3.3 2 0 10.9 24.8 5.0 2.5 2 1 2 4 4
-3265.1 -449.1 3.9 93 0 11.5 30.1 10.0 2.5 4 1 4 0 0
-3290.3 -441.4 5.1 183 0 20.5 11.0 5.0 2.5 4 0 2 3 3
-3275.0 -418.6 5.7 274 0 6.2 13.3 7.5 2.5 2 1 3 5 5
-3832.1 842.7 2.3 51 0 6.3 6.7 5.0 2.5 2 1 2 4 4
-4323.8 980.6 -2.8 107 0 6.7 14.0 5.0 2.5 4 1 2 4 4
-4314.2 1004.7 -3.5 15 0 6.6 8.6 5.0 2.5 2 1 2 4 4
-4311.9 1012.2 -3.4 14 0 6.4 8.2 5.0 2.5 2 1 2 2 2
-4214.2 1244.2 4.1 106 0 6.0 6.2 7.5 2.5 2 1 3 2 2
-4063.9 1316.3 13.3 57 0 4.2 4.3 2.5 2.5 2 1 1 1 1
