3948.5 1199.7 -10.9 202 0 11.2 20.2 2.5 2.5 2 1 1 3 3
3944.1 1182.1 -11.2 202 0 11.2 18.6 2.5 2.5 2 1 1 5 5
3938.5 1166.6 -10.6 206 0 9.6 16.6 2.5 2.5 2 1 1 3 3
3933.8 1151.8 -10.1 203 0 10.7 15.5 2.5 2.5 2 1 1 1 1
3926.6 1136.6 -9.6 200 0 10.5 17.1 2.5 0.0 0 1 1 2 2
3904.1 1182.2 -9.0 25 0 11.5 19.8 5.0 2.5 2 1 2 1 1
3894.8 1159.6 -9.2 25 0 9.9 9.9 5.0 2.5 2 1 2 1 1
3887.4 1136.6 -9.6 29 0 11.6 10.5 5.0 2.5 2 0 2 5 5
3876.6 1104.7 -9.3 23 0 13.9 23.1 5.0 2.5 2 1 2 4 4
3912.7 1203.0 -8.8 24 0 11.7 10.7 5.0 2.5 2 0 2 4 4
3920.2 1225.0 -8.5 27 0 12.0 13.0 5.0 2.5 2 1 2 2 2
3941.1 1276.8 -10.8 40 0 13.9 9.2 5.0 2.5 2 0 2 5 5
3957.7 1297.0 -11.6 37 0 14.9 10.4 5.0 2.5 2 0 2 4 4
3948.5 1317.1 -10.4 310 0 6.8 15.2 5.0 2.5 2 1 2 3 3
3921.4 1330.8 -8.0 310 0 13.3 12.9 5.0 2.5 2 0 2 4 4
3886.6 1312.0 -5.2 129 0 12.0 10.4 5.0 0.0 0 0 2 3 3
3876.7 1358.7 -3.5 224 0 8.3 14.8 5.0 2.5 2 1 2 2 2
3859.2 1347.0 -2.7 221 0 10.3 21.8 5.0 0.0 0 1 2 1 1
-534.5 -1057.4 10.2 280 0 10.8 12.7 2.5 2.5 4 1 1 1 1
-548.3 -1148.7 6.4 15 0 17.6 18.6 2.5 2.5 2 1 1 4 4
-566.3 -1171.7 4.7 103 0 20.9 13.7 2.5 2.5 2 0 1 3 3
-437.3 -1210.8 3.6 23 0 49.1 18.1 2.5 2.5 2 0 1 0 0
