4280.7 4888.1 -61.5 195 0 9.4 9.5 2.5 2.5 2 1 1 3 3
4327.6 4968.9 -61.2 17 0 6.8 8.4 2.5 2.5 2 1 1 0 0
4179.9 4899.7 -52.3 116 0 10.3 14.8 7.5 2.5 2 1 3 1 1
4307.5 4950.0 -61.3 291 0 11.3 9.1 2.5 2.5 2 0 1 3 3
4295.3 4933.1 -61.5 203 0 8.8 11.8 2.5 0.0 0 1 1 0 0
4306.5 4909.2 -62.2 109 0 8.7 10.6 2.5 2.5 2 1 1 3 3
4293.7 4914.4 -61.6 110 0 11.2 8.1 2.5 2.5 2 0 1 2 2
4291.4 4903.0 -61.7 286 0 9.6 7.8 2.5 2.5 2 0 1 3 3
4267.1 4910.1 -60.7 286 0 13.5 8.4 2.5 2.5 2 0 1 2 2
4254.6 4914.3 -59.9 286 0 8.0 14.1 2.5 2.5 2 1 1 3 3
4269.8 4893.0 -60.6 16 0 7.4 10.8 2.5 2.5 2 1 1 5 5
4260.5 4880.7 -60.5 106 0 9.7 7.3 2.5 0.0 0 0 1 5 5
4280.5 4956.8 -59.9 286 0 10.3 7.8 5.0 2.5 2 0 2 4 4
4281.7 4939.1 -60.1 16 0 6.8 9.8 5.0 2.5 2 1 2 5 5
4278.6 4927.0 -60.3 16 0 7.9 11.5 5.0 2.5 2 1 2 5 5
4256.5 4927.8 -59.5 106 0 9.0 10.2 5.0 2.5 2 1 2 3 3
4244.3 4930.7 -58.9 106 0 8.3 9.3 5.0 2.5 2 1 2 1 1
4229.7 4940.5 -58.0 196 0 10.4 8.7 5.0 2.5 2 0 2 1 1
4242.8 4918.8 -59.4 286 0 8.8 11.0 2.5 0.0 0 1 1 2 2
4230.5 4922.0 -58.4 286 0 9.7 9.3 2.5 2.5 4 0 1 1 1
4232.6 4891.9 -59.1 106 0 9.6 11.8 2.5 2.5 2 1 1 0 0
-5521.9 -2558.3 29.5 62 0 10.2 33.2 2.5 2.5 2 1 1 4 4
-5654.3 -2870.2 45.1 44 0 12.0 8.5 5.0 2.5 2 0 2 5 5
-5667.5 -2849.6 46.6 314 0 8.4 12.6 5.0 2.5 2 1 2 4 4
-5682.5 -2837.5 48.2 314 0 7.5 10.2 5.0 0.0 0 1 2 0 0
-5694.7 -2824.5 49.4 314 0 8.6 11.4 5.0 2.5 2 1 2 5 5
-5709.4 -2810.6 50.9 314 0 8.7 11.0 5.0 2.5 2 1 2 2 2
-5730.6 -2791.6 51.4 314 0 7.8 9.9 5.0 2.5 2 1 2 0 0
-5742.4 -2778.3 51.6 314 0 8.4 12.3 5.0 2.5 2 1 2 0 0
-5754.6 -2765.9 51.1 314 0 8.5 13.2 5.0 2.5 2 1 2 4 4
-5807.1 -2764.9 50.7 134 0 9.7 10.3 5.0 2.5 2 1 2 3 3
-5792.6 -2780.5 51.7 134 0 7.8 10.4 5.0 2.5 4 1 2 4 4
-5780.5 -2793.2 51.5 134 0 8.4 11.6 5.0 2.5 2 1 2 4 4
-5768.0 -2805.8 51.2 134 0 7.4 11.8 5.0 2.5 2 1 2 1 1
-5756.0 -2816.9 51.0 134 0 8.6 11.0 5.0 2.5 2 1 2 0 0
-5721.8 -2850.6 51.1 134 0 7.9 10.6 5.0 2.5 2 1 2 4 4
-5708.1 -2863.9 49.6 134 0 8.1 13.5 5.0 2.5 2 1 2 0 0
-5694.0 -2877.2 48.4 134 0 7.6 10.0 5.0 2.5 2 1 2 1 1
-5680.9 -2891.2 46.9 134 0 7.6 11.8 5.0 2.5 2 1 2 0 0
-5685.3 -2897.0 48.0 314 0 8.9 9.9 5.0 2.5 2 1 2 4 4
-5700.8 -2881.0 49.6 314 0 8.9 10.7 5.0 2.5 2 1 2 0 0
-5714.4 -2868.5 50.9 314 0 8.2 10.5 5.0 2.5 2 1 2 5 5
-5728.1 -2855.9 50.8 314 0 7.9 11.4 5.0 2.5 2 1 2 1 1
-5741.2 -2843.2 50.7 314 0 8.5 10.8 5.0 2.5 2 1 2 3 3
-5762.0 -2822.6 50.7 314 0 8.7 10.3 5.0 2.5 2 1 2 0 0
-5774.0 -2811.4 50.9 314 0 7.6 11.5 5.0 2.5 2 1 2 4 4
-5785.8 -2799.3 51.1 314 0 7.6 10.8 5.0 2.5 2 1 2 1 1
-5799.9 -2785.7 51.2 314 0 7.9 11.1 5.0 0.0 0 1 2 4 4
-5812.1 -2773.4 51.5 314 0 8.4 8.2 5.0 2.5 4 0 2 4 4
-5833.9 -2739.3 49.3 224 0 13.8 10.1 5.0 2.5 2 0 2 0 0
-5721.4 -3077.8 55.6 80 0 10.7 17.9 7.5 2.5 2 1 3 4 4
-5836.6 -2791.5 50.8 224 0 11.9 8.6 5.0 2.5 2 0 2 0 0
-5824.8 -2812.5 50.7 134 0 8.3 10.5 5.0 2.5 4 1 2 3 3
-5808.4 -2823.7 50.6 134 0 8.1 12.8 5.0 2.5 2 1 2 5 5
-5798.8 -2837.4 50.5 134 0 7.1 10.5 5.0 2.5 2 1 2 4 4
-5786.8 -2848.9 50.2 134 0 7.4 10.9 5.0 2.5 2 1 2 4 4
-5766.2 -2868.0 50.3 134 0 8.9 12.7 5.0 2.5 4 1 2 4 4
-5752.0 -2881.2 50.4 134 0 7.9 10.4 5.0 2.5 2 1 2 2 2
-5738.2 -2895.8 50.5 134 0 8.8 10.5 5.0 2.5 2 1 2 2 2
-5725.5 -2907.7 50.5 134 0 8.6 12.9 5.0 2.5 2 1 2 1 1
-5704.9 -2917.2 49.6 45 0 14.7 8.9 5.0 2.5 2 0 2 5 5
