-4098.9 2037.8 35.8 174 0 7.4 10.6 2.5 2.5 2 1 1 0 0
-4057.6 2035.7 34.4 2 0 10.6 10.1 7.5 2.5 2 0 3 1 1
-4057.6 2008.2 34.4 8 0 14.6 10.3 2.5 2.5 2 0 1 1 1
-3980.7 2089.5 35.8 138 0 6.3 4.1 7.5 2.5 2 0 3 3 3
-3973.2 2098.4 36.0 267 0 7.7 7.0 7.5 2.5 2 0 3 3 3
-3961.4 2082.0 35.8 352 0 6.2 9.8 5.0 2.5 2 1 2 3 3
-3894.0 2058.9 38.5 124 0 7.7 11.2 2.5 2.5 2 1 1 1 1
-4008.7 1888.3 40.3 57 0 11.6 9.1 5.0 2.5 2 0 2 3 3
-4085.9 2116.5 34.9 195 0 10.1 10.1 5.0 2.5 2 0 2 0 0
-4042.6 2112.5 34.8 357 0 10.5 11.9 7.5 2.5 2 1 3 1 1
-4043.0 2089.4 34.4 355 0 10.8 9.9 7.5 2.5 2 0 3 3 3
-4055.0 2058.9 34.4 358 0 7.7 11.2 7.5 2.5 2 1 3 0 0
-4096.1 2070.6 35.2 190 0 12.6 8.7 2.5 2.5 2 0 1 3 3
-4090.4 2048.7 35.5 195 0 8.6 8.1 7.5 2.5 4 0 3 2 2
-5784.0 4783.0 35.8 268 0 10.7 11.4 7.5 2.5 2 1 3 3 3
-5802.8 4732.1 33.4 171 0 9.3 13.7 5.0 2.5 2 1 2 2 2
-5771.6 4732.4 33.8 348 0 8.9 10.3 7.5 2.5 4 1 3 3 3
-5727.1 4626.4 35.8 60 0 10.9 13.4 2.5 2.5 2 1 1 5 5
-5789.7 4665.4 32.4 209 0 8.4 8.6 7.5 2.5 4 1 3 5 5
-5794.6 4709.6 32.6 179 0 14.7 8.3 7.5 2.5 2 0 3 4 4
-5770.6 4707.8 33.5 348 0 12.2 8.1 7.5 2.5 2 0 3 5 5
-5759.8 4683.7 33.6 334 0 8.3 14.9 7.5 0.0 0 1 3 5 5
4036.6 -6280.1 -46.2 224 0 8.7 28.1 5.0 2.5 2 1 2 3 3
4340.3 -6131.6 -33.3 24 0 9.4 10.4 2.5 2.5 2 1 1 1 1
4223.3 -6200.6 -40.0 123 0 10.9 9.3 5.0 2.5 2 0 2 1 1
4235.9 -6171.2 -39.8 212 0 9.9 11.7 7.5 2.5 2 1 3 2 2
4251.2 -6147.4 -39.3 209 0 9.4 10.9 7.5 2.5 2 1 3 1 1
4273.3 -6124.7 -38.4 305 0 10.4 8.9 7.5 2.5 2 0 3 0 0
4292.4 -6100.1 -37.6 330 0 12.8 10.1 5.0 0.0 0 0 2 4 4
4310.6 -6115.8 -35.3 293 0 12.0 9.2 5.0 2.5 2 0 2 5 5
4299.2 -6145.0 -36.1 30 0 8.9 11.4 7.5 2.5 2 1 3 4 4
4283.9 -6169.7 -37.0 32 0 9.0 11.0 5.0 2.5 2 1 2 0 0
4294.8 -6207.1 -35.6 35 0 8.5 10.8 2.5 2.5 2 1 1 5 5
4267.5 -6191.6 -37.7 34 0 8.8 7.6 5.0 2.5 2 0 2 2 2
4247.6 -6216.0 -38.4 122 0 8.0 8.9 7.5 2.5 2 1 3 0 0
4235.3 -6237.8 -38.6 120 0 10.2 8.1 2.5 2.5 2 0 1 0 0
4211.5 -6221.8 -40.1 122 0 10.2 8.3 5.0 2.5 2 0 2 4 4
4227.0 -6132.6 -41.1 212 0 8.6 11.1 7.5 2.5 2 1 3 3 3
4212.1 -6157.7 -41.2 209 0 8.7 11.3 7.5 0.0 0 1 3 4 4
4241.7 -6069.3 -42.1 298 0 10.9 8.6 7.5 2.5 2 0 3 4 4
4221.2 -6095.2 -42.2 210 0 10.6 10.4 5.0 2.5 2 0 2 1 1
4205.7 -6118.6 -42.4 211 0 10.5 9.7 7.5 2.5 2 0 3 0 0
4189.7 -6142.7 -42.6 214 0 10.3 10.1 7.5 2.5 4 0 3 4 4
4177.9 -6162.9 -42.7 210 0 17.8 11.2 10.0 2.5 2 0 4 0 0
4159.7 -6188.4 -43.0 213 0 10.6 13.4 5.0 2.5 2 1 2 1 1
