3123.7 5755.6 -9.5 208 0 11.2 20.6 2.5 2.5 2 1 1 0 0
3254.5 5718.2 -4.7 297 0 76.5 16.4 2.5 2.5 2 0 1 1 1
5575.4 6195.6 -10.6 101 0 18.2 13.4 5.0 2.5 2 0 2 0 0
5594.7 6190.5 -11.8 103 0 17.1 13.1 5.0 2.5 2 0 2 2 2
5518.1 6315.0 -7.5 269 0 13.7 19.5 5.0 0.0 0 1 2 3 3
5529.3 6288.1 -7.7 0 0 11.9 15.7 5.0 2.5 2 1 2 2 2
5485.7 6304.0 -6.5 180 0 11.0 23.1 5.0 2.5 2 1 2 0 0
5440.1 6385.1 0.8 87 0 72.6 36.2 2.5 0.0 0 0 1 1 1
5569.9 6178.3 -10.4 273 0 17.3 15.8 2.5 2.5 2 0 1 4 4
5527.6 6184.2 -7.2 282 0 20.1 14.3 2.5 2.5 4 0 1 5 5
5471.1 6203.3 -4.6 345 0 12.9 15.2 2.5 0.0 0 1 1 2 2
5435.8 6214.0 -3.8 263 0 28.7 14.4 2.5 2.5 2 0 1 1 1
5335.4 6236.3 -0.0 274 0 10.6 17.6 5.0 2.5 2 1 2 5 5
5552.1 6202.6 -9.4 112 0 19.8 13.4 5.0 2.5 2 0 2 3 3
5489.7 6287.5 -6.0 179 0 18.5 11.2 5.0 2.5 2 0 2 3 3
5488.7 6268.4 -6.9 180 0 13.1 28.7 5.0 2.5 2 1 2 5 5
5485.9 6251.2 -6.0 182 0 9.2 17.8 5.0 2.5 2 1 2 3 3
5505.9 6197.4 -6.6 112 0 14.9 23.4 5.0 0.0 0 1 2 1 1
5484.0 6211.5 -5.2 117 0 11.6 16.4 5.0 2.5 4 1 2 2 2
