6570.0 1596.8 -6.4 252 0 11.3 28.2 7.5 2.5 2 1 3 1 1
4561.1 2733.8 9.7 145 0 14.0 8.7 7.5 2.5 2 0 3 5 5
4271.3 2274.4 5.5 98 0 8.3 12.7 2.5 2.5 2 1 1 4 4
4282.2 2286.7 8.1 278 0 7.0 7.2 7.5 2.5 2 1 3 4 4
6734.5 1104.2 -11.7 275 0 14.1 16.0 5.0 2.5 2 1 2 3 3
6713.6 1156.6 -12.4 92 0 18.9 11.3 5.0 2.5 2 0 2 1 1
6569.0 487.7 -9.3 356 0 12.0 6.9 5.0 2.5 2 0 2 3 3
6582.2 479.4 -3.5 193 0 5.5 9.0 5.0 2.5 2 1 2 3 3
6575.9 449.1 -3.2 189 0 6.5 11.0 5.0 2.5 2 1 2 1 1
6546.0 377.7 -9.5 193 0 5.8 10.1 5.0 2.5 2 1 2 0 0
6590.4 530.0 -7.1 199 0 17.1 8.5 5.0 2.5 2 0 2 0 0
6616.9 653.5 -10.9 16 0 13.2 13.0 5.0 2.5 2 0 2 5 5
6623.4 639.9 -6.6 202 0 15.0 7.8 5.0 2.5 2 0 2 3 3
6640.1 692.0 -6.7 202 0 10.6 10.1 5.0 0.0 0 0 2 2 2
6645.9 730.7 -9.8 21 0 18.0 11.5 5.0 2.5 2 0 2 3 3
6650.7 757.4 -10.2 22 0 14.2 9.0 5.0 0.0 0 0 2 3 3
6659.1 769.7 -10.5 25 0 9.7 14.1 5.0 2.5 4 1 2 3 3
6665.4 782.3 -9.4 20 0 10.8 12.2 5.0 2.5 2 1 2 5 5
6642.7 820.9 -14.8 198 0 8.9 8.5 5.0 2.5 2 0 2 0 0
6648.3 833.1 -15.5 112 0 9.2 10.9 5.0 2.5 2 1 2 5 5
6658.4 841.0 -12.1 202 0 7.9 11.2 5.0 2.5 2 1 2 5 5
6694.9 812.8 -6.2 199 0 11.5 7.0 5.0 2.5 2 0 2 5 5
6700.4 834.5 -8.5 200 0 12.1 8.2 5.0 2.5 2 0 2 0 0
6706.6 846.8 -8.8 199 0 9.6 9.5 5.0 2.5 2 0 2 0 0
6682.1 830.6 -9.7 23 0 12.9 7.9 5.0 2.5 4 0 2 3 3
6690.9 843.6 -11.1 20 0 10.6 16.5 5.0 2.5 2 1 2 5 5
6712.4 860.0 -8.9 197 0 7.0 9.8 5.0 2.5 2 1 2 2 2
6765.8 878.4 -3.8 13 0 11.2 12.5 5.0 2.5 2 1 2 0 0
6738.9 902.7 -7.3 190 0 12.1 20.9 5.0 2.5 2 1 2 1 1
6714.3 967.7 -12.3 19 0 10.4 7.6 5.0 2.5 4 0 2 1 1
6782.3 1029.9 -5.3 201 0 10.5 8.5 5.0 2.5 2 0 2 1 1
6789.5 1047.4 -5.8 198 0 15.2 11.3 5.0 2.5 2 0 2 4 4
6796.4 1066.0 -5.8 200 0 16.3 11.1 5.0 2.5 2 0 2 3 3
6802.5 1083.9 -5.5 203 0 14.0 9.2 5.0 2.5 2 0 2 1 1
6779.9 1081.9 -8.2 21 0 10.4 7.3 5.0 2.5 2 0 2 3 3
6770.5 1059.3 -8.3 24 0 10.7 12.5 5.0 2.5 2 1 2 1 1
6751.0 1019.3 -8.9 293 0 10.4 15.5 5.0 2.5 2 1 2 2 2
6758.8 1102.9 -10.4 273 0 26.3 7.8 5.0 2.5 2 0 2 3 3
6788.7 1102.1 -9.0 4 0 18.4 14.2 5.0 2.5 2 0 2 1 1
6807.6 1099.7 -5.2 199 0 14.0 9.0 5.0 2.5 2 0 2 0 0
6857.3 1213.9 -2.4 289 0 7.7 17.8 5.0 2.5 2 1 2 3 3
6812.1 1158.2 -8.4 22 0 12.2 7.6 5.0 2.5 2 0 2 4 4
6816.9 1184.6 -9.7 16 0 18.8 12.0 5.0 2.5 2 0 2 0 0
6829.0 1214.1 -9.7 17 0 22.1 10.5 5.0 2.5 2 0 2 0 0
6788.0 1265.5 -8.1 115 0 13.1 10.3 2.5 2.5 2 0 1 5 5
6558.1 267.5 -1.7 24 0 12.9 14.1 5.0 2.5 2 1 2 4 4
6539.4 258.3 -1.2 204 0 10.8 10.1 5.0 0.0 0 0 2 0 0
6524.6 296.5 -8.4 24 0 13.0 9.0 5.0 2.5 4 0 2 0 0
6508.9 248.6 -6.5 24 0 12.5 9.2 5.0 2.5 2 0 2 1 1
6511.8 231.8 -1.4 204 0 12.7 8.6 5.0 2.5 2 0 2 1 1
