225.4 3282.0 9.8 166 0 12.8 37.9 7.5 2.5 2 1 3 4 4
374.7 3205.9 2.4 358 0 8.4 15.2 2.5 2.5 2 0 1 2 2
352.5 3209.2 1.7 268 0 13.8 8.4 2.5 2.5 2 0 1 5 5
333.4 3211.0 0.8 258 0 16.3 9.5 2.5 2.5 2 0 1 4 4
364.8 3177.4 -0.4 36 0 11.3 10.1 2.5 0.0 0 0 1 3 3
387.7 3176.5 0.8 73 0 14.2 8.1 2.5 2.5 2 0 1 4 4
317.3 3154.8 -6.0 61 0 11.6 6.6 2.5 2.5 2 0 1 3 3
314.9 3188.8 -2.4 242 0 6.0 13.7 2.5 2.5 2 1 1 2 2
312.1 3163.4 -5.4 61 0 12.5 6.4 2.5 2.5 2 0 1 1 1
313.0 3201.2 -0.8 241 0 13.7 6.1 2.5 2.5 2 0 1 1 1
300.1 3194.1 -2.4 241 0 8.6 6.5 2.5 2.5 2 0 1 4 4
287.6 3187.2 -5.7 241 0 11.5 6.3 2.5 0.0 0 0 1 3 3
272.6 3179.3 -7.4 241 0 10.5 5.8 2.5 2.5 2 0 1 0 0
257.5 3170.4 -9.5 241 0 12.5 5.6 2.5 2.5 2 0 1 0 0
238.9 3135.8 -10.9 88 0 7.4 18.8 2.5 2.5 2 1 1 0 0
262.5 3099.0 -11.4 332 0 4.7 13.8 2.5 2.5 2 1 1 1 1
335.0 3066.1 0.5 59 0 18.0 12.1 2.5 2.5 2 0 1 5 5
328.4 3120.0 -4.3 60 0 14.8 5.5 5.0 2.5 2 0 2 1 1
350.1 3134.0 -1.8 332 0 6.3 12.1 5.0 2.5 4 1 2 5 5
360.9 3136.3 -1.2 62 0 13.8 6.3 5.0 2.5 2 0 2 3 3
375.4 3138.7 -1.6 69 0 8.5 10.8 5.0 2.5 2 1 2 4 4
383.1 3156.2 -1.1 249 0 11.7 12.7 5.0 2.5 2 1 2 0 0
413.9 3159.2 -0.5 347 0 13.2 16.2 5.0 2.5 2 1 2 3 3
434.8 3181.9 1.8 80 0 36.1 23.3 2.5 0.0 0 0 1 3 3
