-3249.9 4237.3 -13.9 295 0 8.3 6.1 2.5 2.5 2 0 1 3 3
-6587.8 3493.5 -4.2 290 0 8.2 22.0 5.0 2.5 2 1 2 1 1
-3236.6 4258.2 -13.4 115 0 9.0 14.2 5.0 2.5 2 1 2 3 3
-6482.5 3447.6 -6.2 351 0 6.6 11.1 2.5 2.5 2 1 1 0 0
-6504.2 3439.3 -5.9 180 0 11.9 7.5 7.5 2.5 2 0 3 5 5
-3216.6 4290.4 -11.0 249 0 5.3 5.8 5.0 2.5 2 1 2 5 5
-3229.1 4278.0 -11.2 207 0 9.9 6.6 5.0 2.5 2 0 2 2 2
-3223.8 4250.6 -15.3 125 0 9.4 6.6 5.0 2.5 2 0 2 4 4
4458.2 -5372.2 -2.2 351 0 6.0 13.2 2.5 2.5 2 1 1 1 1
4435.6 -5376.0 -0.9 91 0 7.5 18.5 5.0 2.5 2 1 2 4 4
4480.5 -5312.7 -1.6 86 0 11.9 7.5 5.0 2.5 2 0 2 0 0
4510.7 -5306.8 -4.1 356 0 6.5 14.1 7.5 2.5 2 1 3 5 5
4428.8 -5282.3 4.0 268 0 16.1 4.8 7.5 2.5 2 0 3 2 2
4431.4 -5311.9 2.3 177 0 5.3 11.0 7.5 2.5 2 1 3 5 5
4421.3 -5315.1 3.0 183 0 6.2 7.2 2.5 2.5 2 1 1 4 4
4478.8 -5277.7 -1.1 267 0 14.9 5.9 7.5 2.5 4 0 3 4 4
4423.3 -5293.6 4.0 266 0 5.9 8.1 7.5 2.5 2 1 3 1 1
4407.4 -5301.3 4.6 177 0 16.9 5.6 5.0 2.5 2 0 2 1 1
-1171.9 6918.3 3.2 117 0 26.5 22.0 5.0 2.5 4 0 2 2 2
-1177.7 6903.7 4.3 25 0 11.9 15.9 5.0 2.5 2 1 2 1 1
-1198.7 6878.7 4.3 295 0 14.4 17.3 5.0 2.5 2 1 2 4 4
-1236.5 6894.3 9.2 28 0 9.5 11.7 2.5 2.5 2 1 1 4 4
-1243.6 6876.8 9.0 33 0 7.8 9.6 2.5 2.5 2 1 1 0 0
-1252.1 6862.9 9.1 28 0 8.1 9.5 2.5 2.5 2 1 1 4 4
-1261.6 6847.9 9.3 27 0 7.1 16.5 2.5 2.5 2 1 1 2 2
-1268.8 6832.8 7.9 30 0 7.7 26.7 2.5 2.5 2 1 1 3 3
-1290.3 6805.3 5.1 42 0 7.6 10.5 2.5 2.5 2 1 1 0 0
-1301.1 6792.2 4.2 43 0 8.6 10.3 2.5 2.5 2 1 1 0 0
