-1020.0 -4202.0 1.9 88 0 6.2 10.0 2.5 2.5 2 1 1 3 3
-1033.0 -4204.3 1.8 92 0 6.8 10.9 7.5 2.5 2 1 3 3 3
-1035.4 -4215.7 4.5 91 0 12.1 5.5 2.5 2.5 2 0 1 1 1
-894.3 -4164.2 -3.6 328 0 5.9 9.5 7.5 2.5 2 1 3 0 0
-917.7 -4186.2 2.3 71 0 6.0 10.4 7.5 2.5 2 1 3 0 0
-937.0 -4191.4 -5.9 83 0 7.9 12.0 5.0 2.5 2 1 2 5 5
-949.3 -4191.2 -7.6 85 0 7.7 12.0 2.5 2.5 2 1 1 3 3
-970.6 -4195.0 1.4 80 0 6.8 12.6 5.0 2.5 2 1 2 2 2
-988.1 -4202.0 4.0 91 0 7.1 8.3 5.0 2.5 2 1 2 3 3
-998.9 -4194.9 2.5 79 0 6.5 5.5 7.5 2.5 2 0 3 3 3
-1000.1 -4203.9 4.6 88 0 5.8 4.6 7.5 2.5 2 0 3 3 3
-1009.1 -4201.3 3.1 84 0 7.9 5.8 7.5 2.5 2 0 3 5 5
-1038.2 -4222.2 4.7 358 0 8.1 14.4 2.5 2.5 2 1 1 0 0
-1051.2 -4213.1 1.5 90 0 8.4 15.9 7.5 2.5 4 1 3 5 5
-1070.4 -4186.4 -1.5 267 0 5.6 4.0 7.5 2.5 2 0 3 5 5
-1071.2 -4192.4 -0.9 270 0 7.1 3.9 5.0 2.5 2 0 2 5 5
-1074.2 -4207.8 0.1 89 0 5.9 6.6 7.5 2.5 4 1 3 0 0
-1094.2 -4185.4 -3.4 259 0 7.2 4.4 2.5 2.5 2 0 1 0 0
-1095.7 -4192.0 -2.7 262 0 7.2 4.3 7.5 2.5 4 0 3 3 3
-1088.1 -4208.8 -0.9 55 0 9.0 5.9 7.5 2.5 2 0 3 5 5
-1091.4 -4222.9 0.2 49 0 6.9 8.6 7.5 2.5 2 1 3 2 2
-1084.6 -4234.0 3.8 235 0 5.0 9.3 7.5 0.0 0 1 3 0 0
-1099.3 -4237.2 2.2 170 0 9.5 6.1 5.0 2.5 2 0 2 1 1
-1106.9 -4229.4 0.2 82 0 5.6 6.2 2.5 2.5 2 1 1 1 1
-1111.9 -4197.7 -3.2 234 0 6.4 8.8 5.0 2.5 2 1 2 1 1
-1109.7 -4186.8 -4.2 246 0 4.9 6.2 7.5 2.5 2 1 3 4 4
-1123.2 -4195.0 -5.2 238 0 9.3 6.3 7.5 2.5 2 0 3 3 3
-1136.2 -4205.4 -5.6 217 0 7.4 8.2 7.5 2.5 2 1 3 1 1
-1143.7 -4214.0 -4.5 221 0 5.0 8.6 5.0 0.0 0 1 2 3 3
-1117.7 -4238.5 -0.5 51 0 8.2 11.1 5.0 2.5 2 1 2 1 1
-1129.3 -4244.6 2.0 313 0 6.4 10.2 7.5 2.5 2 1 3 2 2
-1153.7 -4224.1 -3.4 214 0 6.2 8.2 5.0 2.5 2 1 2 3 3
-1155.6 -4241.0 -1.9 48 0 4.7 10.2 2.5 2.5 2 1 1 1 1
-1161.1 -4244.5 -0.4 40 0 6.2 5.2 5.0 2.5 2 0 2 0 0
-1173.6 -4250.9 0.3 45 0 6.1 6.0 7.5 2.5 2 0 3 3 3
-1179.0 -4263.2 3.3 43 0 6.3 3.9 2.5 2.5 2 0 1 4 4
-1187.5 -4267.5 4.0 135 0 5.0 3.6 5.0 2.5 2 0 2 0 0
-1183.9 -4259.8 2.0 48 0 4.6 5.6 7.5 2.5 2 1 3 0 0
-1201.8 -4265.0 2.5 243 0 14.1 7.5 7.5 0.0 0 0 3 5 5
