6462.3 6174.7 -39.7 115 0 43.4 22.9 5.0 0.0 0 0 2 1 1
6164.7 5804.4 -38.9 181 0 10.2 17.5 5.0 2.5 2 1 2 0 0
6212.9 5803.2 -38.6 2 0 10.5 17.1 5.0 0.0 0 1 2 4 4
6168.8 5814.2 -39.2 182 0 4.5 13.0 5.0 2.5 2 1 2 1 1
-5882.6 -4847.4 -7.2 102 0 20.2 24.1 10.0 2.5 2 1 4 4 4
-6009.6 -4728.3 -7.1 276 0 11.7 27.5 5.0 2.5 2 1 2 1 1
-6372.9 -5482.5 -4.1 75 0 22.5 11.7 10.0 2.5 2 0 4 1 1
-6389.3 -5465.1 -5.0 154 0 11.7 21.5 10.0 2.5 2 1 4 2 2
-6802.4 -6941.7 20.9 79 0 9.7 13.2 7.5 2.5 2 1 3 1 1
-5908.2 -4814.5 -7.4 269 0 13.9 8.9 5.0 2.5 2 0 2 4 4
-5905.0 -4689.5 -1.3 129 0 9.2 18.7 5.0 2.5 2 1 2 0 0
-5938.9 -4657.2 -3.0 114 0 14.2 19.1 5.0 2.5 2 1 2 2 2
-5980.8 -4623.6 -6.4 101 0 24.7 22.6 5.0 2.5 4 0 2 1 1
-5933.9 -4616.9 -0.1 284 0 12.8 10.8 5.0 2.5 2 0 2 1 1
-5950.9 -4532.8 0.5 12 0 26.5 18.6 5.0 2.5 2 0 2 4 4
-5856.0 -4140.5 5.7 29 0 5.2 8.9 5.0 2.5 2 1 2 2 2
-5852.0 -4070.4 6.3 15 0 12.6 5.6 5.0 2.5 2 0 2 1 1
-5862.1 -4006.6 6.6 174 0 5.1 7.4 5.0 2.5 2 1 2 0 0
-4884.5 -3398.8 35.1 200 0 7.4 6.9 5.0 2.5 2 0 2 5 5
3805.3 6639.1 -18.4 136 0 8.3 4.8 5.0 2.5 2 0 2 0 0
-1071.7 6394.0 -13.8 274 0 5.3 6.4 5.0 2.5 2 1 2 1 1
-1733.9 6465.9 -3.7 284 0 6.5 9.3 2.5 2.5 2 1 1 0 0
-4624.5 6949.9 -5.0 317 0 4.9 12.7 2.5 2.5 2 1 1 2 2
3978.5 -2389.1 -3.0 62 0 7.2 7.3 5.0 2.5 2 1 2 1 1
4163.8 -2269.7 -0.3 14 0 6.2 16.3 5.0 2.5 2 0 2 4 4
4162.3 -2275.7 -0.3 13 0 6.2 16.3 2.5 2.5 2 0 1 2 2
4160.9 -2281.8 -0.4 14 0 6.2 16.3 2.5 2.5 2 0 1 0 0
4159.4 -2287.9 -0.4 13 0 6.2 16.3 5.0 0.0 0 0 2 1 1
4149.3 -2295.0 -0.4 103 0 16.3 6.2 7.5 2.5 4 0 3 2 2
3698.2 -1832.1 9.5 327 0 4.3 6.4 2.5 2.5 2 1 1 0 0
3700.8 -1823.5 8.5 327 0 15.1 6.1 2.5 2.5 2 0 1 1 1
3716.2 -1840.7 5.9 312 0 7.5 6.3 2.5 0.0 0 0 1 5 5
3147.0 -1393.2 -15.7 139 0 11.0 5.1 5.0 2.5 2 0 2 3 3
89.8 -783.3 31.4 124 0 5.8 5.4 5.0 2.5 2 0 2 4 4
5456.5 -2106.8 -12.5 294 0 5.4 16.0 5.0 2.5 4 1 2 0 0
5440.9 -2100.8 -13.3 296 0 5.4 16.1 5.0 2.5 2 1 2 5 5
6753.3 5620.4 -43.1 110 0 14.5 14.3 14.0 3.5 2 0 4 0 0
6780.6 5662.2 -43.0 196 0 10.6 15.5 14.0 0.0 0 1 4 3 3
6740.7 5676.6 -43.6 196 0 9.0 37.9 10.5 3.5 2 1 3 3 3
6800.9 5632.6 -42.9 109 0 57.3 10.9 14.0 3.5 2 0 4 2 2
6662.3 5831.6 -43.1 125 0 21.9 11.5 14.0 3.5 2 0 4 4 4
6655.6 5821.3 -43.0 125 0 21.9 11.5 14.0 3.5 4 0 4 4 4
6770.8 6673.3 -33.7 358 0 8.7 15.1 5.0 2.5 2 1 2 0 0
6696.7 5857.0 -43.6 303 0 12.8 8.3 10.5 3.5 2 0 3 3 3
6725.0 5876.2 -43.6 298 0 12.5 15.1 14.0 3.5 2 1 4 4 4
6751.1 6950.8 -42.1 309 0 12.4 22.8 2.5 2.5 2 1 1 1 1
6861.0 6948.9 -43.8 234 0 3.9 6.4 5.0 0.0 0 1 2 4 4
6811.7 6948.6 -43.0 234 0 8.3 9.8 5.0 0.0 0 1 2 0 0
6765.8 6898.1 -40.8 147 0 9.8 11.1 5.0 2.5 2 1 2 5 5
6770.9 6799.0 -39.6 269 0 4.0 9.9 5.0 2.5 2 1 2 5 5
6576.8 6789.7 -9.6 289 0 13.7 4.6 5.0 2.5 2 0 2 4 4
6597.4 6777.3 -10.2 27 0 5.1 14.5 5.0 0.0 0 1 2 2 2
6542.7 6803.9 -8.3 211 0 3.5 4.3 5.0 2.5 2 1 2 3 3
6768.8 6637.4 -33.8 90 0 4.1 4.4 5.0 2.5 2 1 2 5 5
6806.1 6677.1 -35.4 181 0 3.3 3.9 5.0 2.5 2 1 2 0 0
6804.4 6664.2 -35.6 182 0 6.7 6.5 5.0 2.5 2 0 2 0 0
6500.4 6577.2 -23.7 176 0 10.0 9.5 2.5 0.0 0 0 1 3 3
6495.6 6343.0 -32.6 22 0 32.1 9.8 2.5 2.5 4 0 1 3 3
6466.3 6288.0 -34.7 36 0 5.6 4.9 2.5 2.5 2 0 1 3 3
6455.6 6317.3 -33.9 216 0 4.3 6.0 2.5 2.5 2 1 1 5 5
6447.9 6309.6 -34.7 216 0 14.2 12.7 2.5 2.5 2 0 1 0 0
6451.4 6257.7 -36.5 29 0 7.4 13.2 2.5 2.5 4 1 1 3 3
6490.4 6261.0 -35.1 215 0 7.6 15.4 5.0 2.5 2 1 2 5 5
6718.2 6935.7 -40.9 15 0 8.1 5.4 2.5 2.5 2 0 1 3 3
6721.2 6946.5 -41.5 15 0 10.1 4.9 2.5 2.5 2 0 1 0 0
6699.7 6940.9 -40.8 285 0 7.1 10.9 2.5 2.5 2 1 1 0 0
6802.8 6006.9 -42.1 30 0 7.9 4.0 10.5 3.5 2 0 3 2 2
6810.8 6002.2 -42.1 31 0 7.9 9.3 10.5 3.5 2 0 3 4 4
6773.8 6045.2 -41.9 203 0 8.7 11.3 10.5 3.5 2 1 3 1 1
6825.4 6030.0 -41.9 124 0 6.0 4.2 10.5 3.5 2 0 3 0 0
6704.5 6017.0 -42.2 143 0 7.8 12.0 10.5 0.0 0 1 3 1 1
6752.1 5973.3 -42.0 117 0 15.2 13.5 14.0 3.5 2 0 4 2 2
6787.6 5967.3 -42.1 22 0 9.1 17.8 10.5 3.5 2 1 3 4 4
6782.1 6085.2 -41.5 207 0 11.0 11.8 14.0 0.0 0 1 4 5 5
6754.2 6078.3 -41.7 215 0 6.8 13.4 10.5 3.5 2 1 3 4 4
6777.3 6065.5 -41.7 213 0 8.8 16.3 10.5 3.5 2 1 3 4 4
6808.4 6110.0 -41.6 212 0 10.8 12.0 14.0 3.5 2 1 4 5 5
6797.2 6094.6 -41.5 207 0 17.1 15.9 14.0 3.5 2 0 4 2 2
6843.7 6129.0 -41.6 226 0 7.4 20.1 10.5 3.5 4 1 3 3 3
6821.2 5944.8 -42.4 203 0 11.3 22.0 14.0 3.5 2 1 4 4 4
6874.3 5978.0 -42.6 28 0 9.6 8.7 10.5 3.5 2 0 3 4 4
6863.8 5927.4 -42.7 109 0 7.7 6.1 10.5 3.5 2 0 3 2 2
6869.3 5943.2 -42.7 291 0 7.7 9.4 10.5 3.5 2 1 3 3 3
6888.8 5934.3 -42.9 14 0 3.5 6.9 10.5 3.5 2 1 3 4 4
6888.0 5924.8 -42.9 16 0 9.8 8.9 10.5 3.5 2 0 3 4 4
6884.0 5969.3 -42.6 220 0 9.3 10.7 10.5 3.5 4 1 3 3 3
6907.8 5978.5 -41.8 55 0 6.1 9.5 10.5 3.5 2 1 3 0 0
6897.0 5994.5 -41.8 49 0 10.8 15.7 14.0 3.5 2 1 4 5 5
6877.9 6014.8 -41.6 39 0 7.9 7.5 10.5 3.5 2 0 3 0 0
6891.6 6040.8 -41.1 30 0 7.5 5.8 10.5 3.5 2 0 3 5 5
6885.0 6044.5 -41.2 27 0 7.6 11.7 10.5 3.5 2 1 3 5 5
6898.0 6064.7 -41.2 39 0 7.3 9.0 10.5 3.5 2 1 3 4 4
6906.4 6072.9 -41.2 38 0 7.7 9.9 10.5 0.0 0 1 3 5 5
6908.8 6017.7 -41.1 234 0 6.3 7.3 10.5 3.5 2 1 3 1 1
6910.9 6036.6 -41.1 305 0 6.8 8.2 10.5 3.5 2 1 3 3 3
6627.4 6083.6 -42.1 294 0 7.7 7.9 10.5 3.5 2 1 3 3 3
6607.4 6076.8 -42.2 106 0 7.6 14.9 10.5 0.0 0 1 3 1 1
6593.8 6082.6 -42.2 101 0 10.6 8.2 10.5 3.5 2 0 3 3 3
6578.1 6084.5 -42.2 99 0 5.7 9.3 10.5 3.5 2 1 3 2 2
6565.2 6090.5 -42.1 101 0 7.6 7.2 10.5 3.5 2 0 3 3 3
6615.2 6048.3 -42.6 304 0 8.5 9.7 10.5 3.5 2 1 3 3 3
6608.7 6054.4 -42.6 297 0 7.2 11.6 10.5 3.5 4 1 3 3 3
6599.7 6056.8 -42.5 294 0 6.8 11.9 10.5 3.5 2 1 3 5 5
6677.2 5744.0 -42.8 202 0 3.8 8.2 10.5 0.0 0 0 3 0 0
6699.1 5729.4 -43.2 191 0 3.8 11.5 10.5 3.5 2 0 3 2 2
6684.8 5740.9 -43.0 192 0 16.6 16.4 14.0 0.0 0 0 4 3 3
6681.0 5753.6 -42.9 203 0 4.0 4.9 10.5 3.5 2 1 3 2 2
6725.3 5686.6 -43.3 18 0 14.0 12.0 14.0 3.5 2 0 4 5 5
6715.3 5672.1 -42.9 18 0 6.0 4.5 10.5 3.5 2 0 3 2 2
6678.8 5640.3 -42.2 112 0 4.1 9.2 10.5 3.5 2 1 3 2 2
6649.5 5643.8 -41.6 114 0 7.7 4.0 10.5 3.5 2 0 3 1 1
6887.1 5559.4 -41.5 111 0 10.7 14.5 14.0 3.5 2 0 4 5 5
6906.9 5600.1 -41.5 20 0 7.1 9.0 10.5 3.5 2 1 3 3 3
6874.0 5777.1 -42.5 293 0 5.3 6.5 10.5 3.5 2 1 3 0 0
6897.7 5776.7 -42.1 306 0 8.5 13.0 10.5 3.5 2 1 3 0 0
6883.6 5744.8 -42.1 27 0 7.3 6.1 10.5 3.5 4 0 3 0 0
6863.2 5787.5 -42.9 286 0 6.6 8.6 10.5 3.5 2 1 3 0 0
6838.7 5782.6 -43.3 296 0 13.8 10.1 14.0 3.5 2 0 4 3 3
6778.0 5822.8 -44.1 297 0 5.0 3.7 10.5 3.5 2 0 3 0 0
6763.2 5815.3 -44.0 304 0 5.1 4.0 10.5 3.5 2 0 3 5 5
6740.5 5820.5 -43.9 305 0 6.9 4.5 10.5 3.5 2 0 3 5 5
6755.6 5826.4 -44.0 302 0 16.6 10.2 14.0 3.5 2 0 4 2 2
6768.4 5837.5 -44.1 300 0 14.0 14.5 14.0 3.5 2 1 4 1 1
6742.8 5849.7 -43.9 302 0 5.9 14.2 10.5 3.5 2 1 3 4 4
6503.7 5920.4 -42.8 210 0 8.5 13.3 10.5 3.5 2 1 3 0 0
6518.5 5912.2 -42.8 205 0 8.3 10.4 10.5 3.5 2 1 3 4 4
6529.5 5939.7 -42.9 204 0 10.3 9.7 10.5 0.0 0 0 3 4 4
6564.4 5934.8 -43.0 287 0 7.8 7.1 10.5 0.0 0 0 3 4 4
6589.5 5911.9 -43.1 298 0 11.6 11.0 14.0 3.5 2 0 4 2 2
6564.2 5842.1 -42.7 129 0 4.1 4.6 10.5 0.0 0 1 3 5 5
6614.8 5917.9 -43.2 290 0 7.2 9.8 10.5 3.5 2 1 3 0 0
6689.3 5865.0 -43.5 303 0 8.4 11.0 10.5 3.5 2 0 3 3 3
6669.3 5870.4 -43.2 300 0 4.7 5.7 10.5 3.5 2 1 3 2 2
6678.1 5865.1 -43.4 303 0 6.1 4.4 10.5 3.5 2 0 3 5 5
6697.8 5813.2 -43.4 126 0 4.8 4.5 10.5 3.5 2 0 3 3 3
6701.7 5841.9 -43.6 303 0 9.9 9.4 10.5 0.0 0 0 3 5 5
6629.3 6246.3 -31.1 151 0 10.0 12.1 7.5 2.5 2 1 3 0 0
6647.5 6250.0 -30.7 58 0 8.2 7.9 7.5 2.5 2 0 3 2 2
6671.2 5911.6 -43.5 297 0 7.4 8.6 10.5 3.5 2 1 3 4 4
6497.1 5346.0 -26.8 183 0 9.6 5.8 10.5 3.5 2 0 3 2 2
6483.4 5354.1 -25.5 170 0 8.5 16.7 10.5 3.5 2 1 3 2 2
6474.2 5421.0 -19.9 322 0 10.3 8.2 10.5 3.5 2 0 3 0 0
6230.6 5785.2 -36.3 4 0 4.1 4.2 5.0 2.5 2 1 2 4 4
6295.6 5497.4 -21.0 289 0 3.3 4.1 10.5 3.5 2 1 3 4 4
6329.0 5464.2 -17.4 119 0 4.7 5.0 10.5 3.5 2 1 3 1 1
6322.0 5467.5 -18.4 119 0 7.6 5.2 10.5 3.5 2 0 3 1 1
6345.0 5487.7 -19.3 27 0 24.1 11.0 10.5 3.5 2 0 3 5 5
6310.4 5405.6 -18.0 188 0 4.8 8.8 10.5 3.5 2 1 3 3 3
6181.1 5552.2 -24.7 240 0 4.4 4.6 5.0 2.5 2 0 2 1 1
6188.9 5545.1 -24.5 330 0 10.9 8.4 5.0 2.5 2 0 2 0 0
5846.2 5352.8 -17.6 64 0 8.3 10.9 2.5 2.5 2 1 1 2 2
5477.4 5386.3 -18.7 109 0 4.0 5.2 5.0 2.5 4 1 2 4 4
6211.0 6233.5 -39.8 282 0 12.6 19.3 5.0 0.0 0 1 2 2 2
6224.6 6200.2 -39.0 122 0 7.4 5.2 5.0 2.5 2 0 2 0 0
6232.7 6213.4 -39.2 302 0 15.3 10.3 5.0 2.5 2 0 2 2 2
6301.5 6255.4 -39.7 332 0 11.6 11.9 2.5 2.5 2 0 1 4 4
6436.0 6155.6 -41.1 207 0 3.9 4.7 2.5 2.5 2 1 1 1 1
6507.0 5570.8 -32.7 218 0 5.2 12.9 10.5 3.5 4 1 3 3 3
6516.6 5588.7 -31.5 211 0 3.9 6.8 10.5 3.5 2 1 3 4 4
6529.3 5664.9 -32.9 37 0 4.4 6.5 7.0 0.0 0 1 2 4 4
6558.5 5600.7 -37.5 211 0 5.4 5.8 10.5 3.5 2 1 3 4 4
6561.0 5618.9 -37.1 212 0 6.4 11.9 10.5 3.5 2 1 3 5 5
6561.1 5630.8 -37.7 212 0 8.9 17.2 10.5 3.5 2 1 3 5 5
6576.7 5644.5 -38.2 302 0 12.9 14.3 14.0 3.5 2 0 4 4 4
6560.8 5650.0 -36.9 212 0 7.5 10.0 10.5 3.5 2 0 3 0 0
6588.5 5645.4 -39.1 31 0 8.9 29.8 10.5 0.0 0 1 3 4 4
6595.3 5652.9 -39.8 31 0 8.3 10.8 10.5 3.5 2 1 3 5 5
6603.0 5659.9 -40.6 31 0 10.5 28.0 14.0 3.5 2 1 4 5 5
6600.5 5672.5 -40.3 32 0 5.7 15.6 10.5 3.5 2 1 3 2 2
6604.4 5708.2 -41.4 211 0 6.5 17.6 10.5 3.5 4 1 3 0 0
6587.9 5708.5 -39.4 212 0 3.6 5.2 10.5 0.0 0 1 3 1 1
6602.9 5677.6 -41.0 32 0 9.9 13.4 10.5 3.5 2 0 3 2 2
6645.9 5756.4 -42.3 314 0 4.7 5.6 10.5 3.5 2 1 3 5 5
6637.0 5747.6 -42.1 315 0 4.9 3.5 10.5 3.5 2 0 3 2 2
6651.2 5749.5 -42.3 315 0 10.0 15.7 10.5 3.5 2 1 3 2 2
6557.6 5352.4 -27.5 304 0 15.9 10.9 14.0 3.5 2 0 4 2 2
6689.4 5546.4 -39.8 29 0 5.9 13.8 10.5 3.5 2 1 3 0 0
6661.7 5433.8 -31.7 28 0 7.5 7.1 10.5 3.5 2 0 3 1 1
6723.5 5581.3 -42.0 21 0 7.4 10.0 10.5 3.5 2 1 3 1 1
6675.6 5612.9 -41.5 289 0 8.8 6.8 10.5 3.5 2 0 3 4 4
6655.2 5620.4 -41.0 293 0 7.0 9.5 10.5 3.5 2 1 3 5 5
6608.9 5619.7 -39.2 295 0 9.3 7.1 10.5 3.5 2 0 3 3 3
6616.0 5641.3 -40.3 296 0 5.2 6.9 10.5 3.5 2 1 3 0 0
6615.5 5626.7 -39.7 296 0 7.7 3.6 10.5 3.5 2 0 3 1 1
6635.9 5634.5 -40.8 296 0 8.3 15.3 10.5 3.5 2 1 3 5 5
5028.9 5154.6 -26.6 17 0 5.2 14.0 5.0 2.5 2 1 2 5 5
6768.2 5518.9 -40.7 105 0 7.4 5.2 10.5 3.5 2 0 3 0 0
6766.7 5491.6 -40.1 110 0 6.2 6.7 10.5 3.5 2 1 3 0 0
6804.7 5477.8 -40.6 106 0 6.5 6.4 10.5 3.5 2 0 3 5 5
6838.0 5465.4 -41.3 109 0 6.7 17.4 10.5 3.5 2 1 3 4 4
6889.3 5455.9 -40.8 16 0 7.1 5.3 10.5 3.5 2 0 3 1 1
6910.0 5507.6 -40.6 20 0 4.6 3.9 10.5 3.5 2 0 3 3 3
6911.1 5511.5 -40.8 111 0 7.5 6.9 10.5 3.5 2 0 3 3 3
6884.7 5533.9 -41.1 284 0 3.7 4.9 10.5 3.5 2 1 3 3 3
6867.4 5526.7 -41.3 296 0 4.8 6.1 10.5 3.5 2 1 3 2 2
6871.0 5535.9 -41.4 294 0 12.5 8.8 10.5 3.5 2 0 3 1 1
6795.3 5564.9 -41.7 290 0 10.0 7.8 10.5 3.5 2 0 3 2 2
6771.1 5580.8 -42.1 294 0 13.9 9.8 10.5 3.5 4 0 3 2 2
6745.2 5581.6 -42.1 200 0 10.8 6.1 10.5 3.5 2 0 3 5 5
6752.1 5356.6 -38.8 100 0 3.4 3.5 10.5 3.5 2 1 3 2 2
6757.6 5359.9 -39.0 109 0 5.5 6.7 10.5 3.5 2 1 3 4 4
6790.5 5425.2 -40.1 290 0 5.8 3.5 10.5 3.5 2 0 3 4 4
6830.8 5328.2 -41.3 111 0 6.2 7.3 10.5 3.5 2 1 3 0 0
6872.9 5411.1 -42.5 21 0 9.0 8.5 10.5 3.5 2 0 3 0 0
6861.5 5406.5 -42.3 21 0 6.9 3.4 10.5 3.5 2 0 3 1 1
6754.7 5462.6 -39.3 292 0 10.5 10.7 14.0 3.5 2 1 4 1 1
6748.0 5450.0 -39.0 291 0 4.5 4.1 10.5 3.5 2 0 3 4 4
6887.7 5555.8 -41.4 111 0 6.9 3.1 10.5 3.5 2 0 3 0 0
6900.8 5254.2 -40.6 22 0 6.0 3.7 10.5 3.5 2 0 3 5 5
6835.7 5114.2 -39.8 106 0 5.3 6.0 10.5 3.5 2 0 3 0 0
6837.1 5120.1 -39.8 106 0 8.4 6.5 10.5 3.5 2 0 3 2 2
6795.8 5073.4 -39.0 113 0 7.1 4.6 10.5 3.5 4 0 3 3 3
6658.0 5285.2 -36.7 226 0 10.3 5.0 10.5 3.5 2 0 3 5 5
6656.0 5290.3 -36.6 226 0 6.3 5.1 10.5 0.0 0 0 3 3 3
6652.2 5286.7 -36.6 226 0 4.0 5.1 10.5 3.5 2 0 3 3 3
6650.2 5293.5 -36.6 227 0 10.4 6.4 10.5 0.0 0 0 3 4 4
6631.1 5210.6 -36.9 109 0 4.6 6.0 10.5 3.5 2 1 3 3 3
6722.2 5164.2 -37.3 108 0 3.7 9.6 10.5 3.5 2 1 3 3 3
6732.6 5065.0 -38.2 292 0 5.0 4.8 10.5 3.5 4 0 3 2 2
6627.6 5145.6 -37.2 120 0 6.3 6.3 10.5 3.5 4 0 3 1 1
6592.2 5127.8 -37.1 299 0 5.0 5.5 10.5 3.5 2 1 3 4 4
6561.7 5191.3 -36.4 11 0 5.6 5.8 10.5 0.0 0 1 3 0 0
6504.1 5139.7 -36.6 171 0 6.7 4.7 10.5 3.5 2 0 3 2 2
6843.2 5195.5 -39.1 286 0 4.8 4.6 10.5 3.5 2 0 3 3 3
6860.4 5198.6 -40.1 290 0 7.3 6.8 10.5 3.5 2 0 3 0 0
6853.9 5227.8 -40.0 112 0 9.6 7.5 10.5 3.5 2 0 3 2 2
6856.3 5277.2 -40.1 192 0 5.9 5.7 10.5 0.0 0 0 3 5 5
6864.7 5289.1 -40.3 290 0 6.3 7.2 10.5 3.5 2 1 3 5 5
6824.3 5304.1 -40.3 285 0 6.5 6.7 10.5 3.5 2 1 3 4 4
6807.5 5250.2 -38.7 20 0 10.9 7.6 10.5 3.5 2 0 3 3 3
6814.5 5246.7 -38.7 22 0 7.8 6.3 10.5 3.5 2 0 3 4 4
6800.0 5218.6 -37.8 21 0 7.7 8.7 10.5 0.0 0 1 3 5 5
6768.6 5225.5 -37.4 23 0 5.0 4.5 10.5 3.5 2 0 3 2 2
6771.4 5230.0 -37.4 23 0 5.4 8.9 10.5 3.5 2 0 3 0 0
6744.0 5243.4 -37.4 20 0 7.1 9.5 10.5 3.5 2 1 3 1 1
6755.1 5281.1 -38.0 293 0 6.7 5.0 10.5 3.5 2 0 3 3 3
6650.1 5350.0 -33.2 201 0 5.0 5.0 10.5 3.5 2 1 3 4 4
6567.9 6103.9 -42.1 281 0 7.5 6.5 10.5 0.0 0 0 3 0 0
6482.9 6084.3 -42.5 290 0 3.7 4.9 2.5 2.5 4 1 1 0 0
6477.1 6080.2 -42.4 286 0 4.9 3.3 2.5 0.0 0 0 1 1 1
