-103.5 -4194.1 0.8 180 0 12.5 22.1 5.0 2.5 2 1 2 0 0
-52.0 -4205.0 -0.2 8 0 10.3 11.9 5.0 2.5 2 1 2 0 0
-21.6 -4208.9 -0.9 14 0 7.9 10.3 5.0 2.5 2 1 2 4 4
-22.9 -4183.8 -3.8 359 0 10.6 14.0 5.0 2.5 2 1 2 5 5
-24.1 -4161.8 -5.6 5 0 9.3 17.2 5.0 2.5 2 1 2 1 1
-25.3 -4120.6 -7.8 360 0 6.7 14.5 5.0 2.5 2 1 2 4 4
-25.2 -4111.3 -8.1 359 0 5.8 11.3 5.0 0.0 0 1 2 5 5
-18.3 -4083.4 -10.1 2 0 8.3 14.6 5.0 2.5 2 1 2 0 0
-22.5 -4067.5 -9.7 5 0 9.0 16.0 5.0 2.5 2 1 2 5 5
-21.3 -3988.8 -10.0 5 0 12.2 16.3 5.0 2.5 2 1 2 0 0
3.9 -4199.8 -0.8 179 0 8.6 11.0 5.0 2.5 2 1 2 0 0
7.1 -4188.9 -2.4 179 0 8.0 12.9 5.0 2.5 2 1 2 4 4
-2.6 -4115.4 -8.7 179 0 7.0 8.1 5.0 2.5 2 1 2 1 1
8.8 -4090.2 -10.2 182 0 11.8 12.7 5.0 2.5 2 1 2 3 3
4.2 -4069.9 -10.9 180 0 8.6 14.8 5.0 2.5 2 1 2 5 5
6.9 -4058.5 -10.9 178 0 6.7 11.1 5.0 0.0 0 1 2 5 5
-21.2 -4015.0 -10.3 1 0 14.7 16.5 5.0 0.0 0 1 2 4 4
5.1 -4008.7 -11.9 182 0 10.1 21.0 5.0 2.5 4 1 2 1 1
11.1 -3982.5 -12.0 166 0 9.2 13.9 5.0 2.5 2 1 2 0 0
-20.2 -3962.6 -9.8 3 0 9.0 21.3 5.0 2.5 2 1 2 5 5
11.9 -3964.9 -12.1 177 0 12.2 13.5 5.0 2.5 2 1 2 1 1
-17.7 -3937.6 -10.2 2 0 11.8 17.2 5.0 2.5 2 1 2 2 2
-14.7 -3910.4 -10.7 2 0 20.2 15.7 5.0 2.5 2 0 2 2 2
8.5 -3940.9 -12.3 176 0 12.5 12.1 5.0 2.5 2 0 2 3 3
10.0 -3887.3 -13.2 93 0 9.0 14.1 5.0 2.5 2 1 2 5 5
-15.2 -3878.6 -10.1 3 0 9.6 17.5 5.0 2.5 4 1 2 0 0
-25.8 -3851.2 -7.7 0 0 17.0 9.7 5.0 2.5 2 0 2 5 5
-10.1 -3827.2 -10.9 359 0 14.4 13.7 5.0 2.5 2 0 2 3 3
-10.9 -3800.0 -10.8 359 0 14.7 16.8 5.0 2.5 2 1 2 2 2
14.4 -3798.2 -13.4 181 0 8.9 16.0 5.0 2.5 2 1 2 3 3
23.1 -3854.9 -13.5 195 0 8.0 8.5 5.0 2.5 4 1 2 5 5
21.1 -3832.5 -13.6 178 0 10.9 13.8 5.0 2.5 2 1 2 5 5
12.5 -3777.5 -13.2 180 0 11.1 20.0 5.0 2.5 2 1 2 2 2
-10.5 -3775.9 -11.0 359 0 9.9 15.7 5.0 2.5 2 1 2 2 2
-8.5 -3754.3 -11.6 3 0 10.6 20.2 5.0 2.5 2 1 2 1 1
18.3 -3754.0 -13.0 184 0 14.1 16.9 5.0 2.5 2 1 2 0 0
-3.7 -3722.8 -11.8 2 0 15.7 19.6 5.0 2.5 2 1 2 2 2
19.6 -3727.3 -12.8 180 0 10.9 17.3 5.0 2.5 2 1 2 0 0
19.0 -3705.4 -12.6 182 0 10.8 14.8 5.0 2.5 2 1 2 3 3
12.5 -3676.8 -11.9 182 0 15.3 26.7 5.0 2.5 2 1 2 3 3
51.6 -3668.9 -11.5 180 0 18.5 11.1 5.0 2.5 2 0 2 2 2
-5.5 -3702.8 -11.5 2 0 10.2 13.0 5.0 2.5 2 1 2 0 0
-5.3 -3671.5 -11.2 357 0 12.8 19.6 5.0 2.5 2 1 2 2 2
-2.4 -3647.3 -11.2 356 0 10.9 19.9 5.0 2.5 2 1 2 2 2
-11.4 -3590.4 -10.2 6 0 7.4 11.4 5.0 2.5 2 1 2 1 1
-5.3 -3581.5 -11.2 7 0 5.8 10.9 5.0 2.5 2 1 2 3 3
-2.8 -3572.6 -11.7 5 0 7.6 12.1 5.0 0.0 0 1 2 0 0
1.2 -3545.2 -12.5 5 0 11.2 16.8 5.0 2.5 4 1 2 3 3
-1.4 -3523.8 -12.5 5 0 8.4 11.4 5.0 2.5 2 1 2 1 1
32.8 -3546.5 -12.5 185 0 15.8 18.4 5.0 2.5 2 1 2 4 4
42.0 -3525.8 -12.5 183 0 10.4 13.8 5.0 2.5 2 1 2 3 3
46.7 -3505.7 -12.4 178 0 9.0 16.4 5.0 2.5 2 1 2 1 1
25.0 -3492.5 -12.3 180 0 10.3 15.4 5.0 2.5 4 1 2 5 5
4.6 -3471.3 -11.5 7 0 10.6 13.1 5.0 2.5 2 1 2 3 3
28.2 -3458.9 -11.6 188 0 12.6 15.7 5.0 2.5 2 1 2 0 0
27.1 -3443.5 -11.2 176 0 12.8 15.4 5.0 2.5 2 1 2 1 1
3.4 -3446.0 -10.9 359 0 9.3 12.4 5.0 2.5 4 1 2 4 4
5.3 -3433.2 -10.7 359 0 9.3 12.9 5.0 2.5 2 1 2 3 3
-16.7 -3411.6 -9.8 6 0 14.2 10.6 5.0 2.5 2 0 2 1 1
7.0 -3419.6 -10.4 7 0 10.4 17.6 5.0 2.5 2 1 2 4 4
32.3 -3396.8 -10.5 188 0 9.7 12.9 5.0 2.5 2 1 2 5 5
3.5 -3389.8 -9.7 6 0 8.1 10.7 5.0 2.5 2 1 2 0 0
36.8 -3367.5 -10.2 191 0 8.5 7.6 5.0 2.5 2 0 2 3 3
7.2 -3339.3 -9.2 5 0 12.3 12.1 5.0 2.5 2 0 2 5 5
46.8 -3339.1 -10.1 182 0 11.2 10.7 5.0 2.5 2 0 2 2 2
15.5 -3311.6 -9.1 1 0 8.9 20.8 5.0 2.5 2 1 2 0 0
8.8 -3287.9 -8.5 2 0 11.8 14.0 5.0 0.0 0 1 2 0 0
29.7 -3324.9 -9.7 183 0 12.8 11.6 5.0 2.5 2 0 2 0 0
43.7 -3289.3 -9.3 183 0 11.1 21.0 5.0 0.0 0 1 2 0 0
41.3 -3271.5 -8.6 180 0 8.6 9.8 5.0 2.5 2 1 2 4 4
40.1 -3257.7 -8.1 178 0 12.5 13.0 5.0 0.0 0 1 2 5 5
10.0 -3258.7 -7.9 7 0 8.4 12.8 5.0 2.5 2 1 2 2 2
6.8 -3234.2 -7.0 0 0 15.7 14.1 5.0 2.5 2 0 2 3 3
44.1 -3320.1 -9.8 183 0 9.9 9.1 5.0 2.5 2 0 2 0 0
8.3 -3362.6 -9.6 4 0 8.7 11.4 5.0 2.5 2 1 2 3 3
8.5 -3373.1 -9.7 3 0 6.7 9.2 5.0 0.0 0 1 2 1 1
48.9 -3369.3 -10.3 178 0 6.7 5.2 5.0 2.5 2 0 2 5 5
16.8 -3299.8 -8.9 358 0 7.4 10.3 5.0 0.0 0 1 2 5 5
16.9 -3111.3 -0.0 357 0 53.2 11.6 5.0 0.0 0 0 2 0 0
-13.0 -3089.3 2.8 263 0 27.5 13.9 5.0 2.5 2 0 2 0 0
-25.6 -3077.6 4.1 266 0 5.7 10.2 5.0 2.5 2 1 2 5 5
-62.0 -3085.1 3.7 270 0 16.2 13.4 5.0 2.5 2 0 2 3 3
-46.0 -3080.0 4.4 265 0 6.3 7.1 5.0 2.5 2 1 2 2 2
19.7 -3057.9 2.1 76 0 11.7 10.2 5.0 2.5 2 0 2 1 1
21.4 -3036.3 -1.6 2 0 12.6 12.7 5.0 0.0 0 1 2 5 5
-9.7 -3048.9 -1.3 91 0 8.6 19.3 5.0 2.5 2 1 2 2 2
-20.9 -3048.5 0.5 85 0 7.8 10.7 5.0 2.5 2 1 2 3 3
-21.3 -3058.0 3.4 86 0 10.6 5.1 5.0 2.5 2 0 2 4 4
-92.0 -3047.8 0.9 92 0 8.4 13.4 5.0 2.5 2 1 2 0 0
-47.5 -3008.1 -5.0 283 0 11.9 9.1 5.0 2.5 2 0 2 4 4
59.9 -2991.0 -5.9 91 0 10.1 9.9 5.0 2.5 2 0 2 5 5
74.1 -2994.3 -8.0 89 0 11.7 14.0 5.0 2.5 4 1 2 3 3
87.7 -2992.8 -7.6 90 0 8.5 11.7 5.0 2.5 2 1 2 3 3
100.6 -2992.5 -8.4 87 0 9.6 10.4 5.0 2.5 2 1 2 3 3
125.3 -3013.4 -9.2 270 0 8.1 10.9 2.5 2.5 2 1 1 3 3
124.4 -3043.3 -9.0 89 0 8.9 16.6 2.5 2.5 2 1 1 5 5
64.3 -3012.8 -5.6 269 0 4.4 6.5 2.5 2.5 2 1 1 0 0
78.7 -3012.6 -6.0 268 0 16.5 8.4 2.5 0.0 0 0 1 4 4
68.3 -2999.7 -8.3 269 0 6.4 8.2 2.5 2.5 2 1 1 1 1
77.6 -2999.3 -8.6 266 0 7.4 8.1 2.5 0.0 0 1 1 0 0
88.6 -3000.2 -8.6 265 0 9.8 7.6 2.5 2.5 2 0 1 3 3
-246.3 -3049.0 1.1 98 0 8.5 13.1 5.0 2.5 2 1 2 5 5
-265.5 -3138.1 -1.8 358 0 43.9 12.7 5.0 0.0 0 0 2 3 3
-308.8 -3181.8 -3.2 184 0 26.3 11.3 5.0 2.5 2 0 2 0 0
-259.4 -3193.8 -2.5 95 0 38.4 10.6 5.0 2.5 2 0 2 4 4
-247.6 -3171.1 -1.8 274 0 55.3 10.5 5.0 2.5 2 0 2 4 4
-247.1 -3138.7 -0.4 186 0 47.3 13.4 5.0 2.5 2 0 2 2 2
-231.2 -3141.1 -0.6 187 0 46.2 11.6 5.0 0.0 0 0 2 2 2
-216.8 -3142.6 -0.8 188 0 48.1 11.4 5.0 2.5 2 0 2 5 5
-274.6 -3048.8 -1.9 92 0 12.9 13.5 5.0 2.5 2 1 2 2 2
-318.9 -3075.6 -5.6 7 0 12.3 25.4 2.5 2.5 2 1 1 3 3
-303.9 -3035.9 -3.0 183 0 12.0 14.5 5.0 2.5 2 1 2 0 0
-360.1 -3019.1 -5.5 187 0 7.3 12.2 5.0 2.5 2 1 2 5 5
-358.9 -3042.2 -6.4 95 0 9.9 15.3 5.0 2.5 2 1 2 5 5
-365.9 -3083.4 -5.9 273 0 18.1 9.1 2.5 2.5 4 0 1 0 0
-339.7 -3100.6 -4.5 3 0 7.5 18.8 2.5 2.5 2 1 1 2 2
-346.6 -3093.3 -5.0 90 0 16.1 8.3 2.5 2.5 2 0 1 4 4
-364.6 -2980.9 -4.8 181 0 10.7 17.7 5.0 2.5 2 1 2 2 2
-365.8 -2961.5 -4.9 188 0 10.4 10.8 5.0 2.5 2 1 2 0 0
-359.9 -2926.1 -4.7 183 0 20.8 16.2 5.0 2.5 2 0 2 3 3
-428.0 -2923.7 -8.4 183 0 15.4 16.7 2.5 0.0 0 1 1 2 2
-436.0 -3001.9 -9.5 274 0 7.1 17.4 2.5 0.0 0 1 1 5 5
-396.4 -3007.8 -8.3 13 0 9.3 12.0 2.5 2.5 2 1 1 1 1
-412.6 -3058.0 -8.3 275 0 13.3 12.0 2.5 2.5 2 0 1 1 1
-397.0 -3059.8 -7.8 275 0 7.5 12.3 2.5 2.5 2 1 1 4 4
-426.7 -2940.9 -8.4 183 0 7.6 10.2 2.5 0.0 0 1 1 0 0
166.3 -2636.0 -0.9 181 0 11.2 10.6 2.5 0.0 0 0 1 3 3
223.4 -2641.0 -0.5 6 0 7.9 11.8 2.5 2.5 2 1 1 5 5
233.3 -2643.5 -0.2 1 0 13.1 9.5 2.5 2.5 2 0 1 1 1
257.9 -2638.2 1.0 2 0 15.6 12.9 2.5 2.5 2 0 1 2 2
248.8 -2669.5 -0.6 359 0 9.9 17.1 2.5 2.5 2 1 1 5 5
274.2 -2680.7 0.8 183 0 12.2 9.7 2.5 2.5 4 0 1 3 3
250.9 -2709.5 -1.8 0 0 10.0 17.2 2.5 2.5 2 1 1 0 0
269.5 -2717.6 -0.6 179 0 8.6 18.3 2.5 0.0 0 1 1 5 5
268.4 -2730.2 -1.1 181 0 8.9 12.9 2.5 2.5 2 1 1 5 5
272.4 -2743.0 -1.3 183 0 8.3 17.2 2.5 2.5 2 1 1 2 2
272.6 -2645.0 2.3 182 0 6.1 8.9 2.5 2.5 2 1 1 3 3
243.6 -2778.4 -4.3 3 0 8.0 15.3 2.5 2.5 2 1 1 0 0
253.7 -2784.9 -3.9 1 0 11.8 7.9 2.5 2.5 2 0 1 5 5
263.0 -2781.1 -3.2 178 0 12.7 13.5 2.5 2.5 2 1 1 3 3
268.5 -2796.2 -3.4 179 0 8.9 14.9 2.5 0.0 0 1 1 5 5
248.7 -2798.5 -5.3 1 0 14.8 23.0 2.5 2.5 2 1 1 1 1
261.4 -2820.2 -4.7 183 0 9.9 7.0 2.5 2.5 2 0 1 1 1
240.3 -2835.1 -6.4 9 0 9.5 13.4 2.5 2.5 2 1 1 0 0
242.7 -2848.8 -6.9 6 0 7.7 12.9 2.5 2.5 4 1 1 1 1
266.5 -2851.1 -5.6 181 0 12.1 16.2 2.5 2.5 2 1 1 0 0
285.1 -2880.8 -5.6 176 0 16.0 10.2 2.5 2.5 2 0 1 5 5
261.1 -2884.8 -7.2 177 0 18.6 20.5 2.5 2.5 2 1 1 4 4
316.8 -2831.8 -2.4 184 0 16.1 7.3 2.5 2.5 2 0 1 1 1
-6067.9 791.3 -12.6 8 0 10.7 16.9 2.5 2.5 2 1 1 3 3
-6085.0 752.9 -12.7 90 0 9.2 18.1 2.5 2.5 2 1 1 3 3
-6055.4 749.9 -12.7 3 0 5.9 10.5 2.5 2.5 2 1 1 0 0
-6018.0 762.3 -12.6 182 0 13.7 25.4 2.5 2.5 2 1 1 4 4
-6023.4 795.7 -12.6 274 0 10.9 23.2 2.5 2.5 2 1 1 5 5
-6006.8 790.7 -12.5 272 0 18.1 8.1 2.5 2.5 2 0 1 2 2
-5979.2 801.0 -12.5 89 0 27.9 8.8 2.5 2.5 4 0 1 3 3
-5987.5 789.5 -12.4 272 0 11.2 13.8 2.5 2.5 2 1 1 4 4
-5970.0 746.2 -12.3 94 0 23.8 13.3 2.5 2.5 2 0 1 3 3
-6006.2 802.0 -12.5 94 0 22.2 10.2 2.5 2.5 2 0 1 0 0
-6019.6 855.8 -12.8 180 0 4.7 19.0 2.5 2.5 2 1 1 0 0
-6019.6 865.1 -12.9 183 0 7.4 13.2 2.5 2.5 2 1 1 2 2
-6075.9 734.5 -12.7 91 0 12.6 7.4 2.5 2.5 2 0 1 0 0
-6087.2 728.9 -12.5 96 0 5.7 11.2 2.5 2.5 2 1 1 2 2
-6060.1 766.8 -12.7 2 0 9.8 9.7 2.5 2.5 2 0 1 5 5
-6062.2 826.4 -12.7 5 0 8.6 14.5 2.5 2.5 2 1 1 0 0
-6059.7 856.6 -12.9 4 0 11.5 20.3 2.5 2.5 2 1 1 3 3
-6070.7 780.2 -12.7 8 0 8.0 10.6 2.5 0.0 0 1 1 0 0
-6018.8 875.5 -12.9 181 0 8.4 12.1 2.5 2.5 2 1 1 1 1
-6015.8 908.9 -13.6 183 0 8.9 18.7 2.5 0.0 0 1 1 5 5
-6021.6 925.1 -13.8 183 0 10.1 26.2 2.5 2.5 2 1 1 5 5
-6003.5 944.8 -13.7 275 0 18.1 11.4 2.5 2.5 2 0 1 4 4
-6071.3 907.8 -13.2 1 0 15.0 8.0 2.5 2.5 2 0 1 3 3
-6058.8 904.1 -13.2 5 0 8.6 10.5 2.5 2.5 2 1 1 5 5
-6051.1 929.3 -13.3 1 0 6.1 19.7 2.5 2.5 2 1 1 4 4
-6050.3 945.3 -13.4 0 0 9.1 9.5 2.5 2.5 2 1 1 1 1
-6061.3 941.5 -13.4 357 0 14.8 12.8 2.5 0.0 0 0 1 5 5
-6059.3 986.4 -13.6 2 0 13.9 13.5 2.5 2.5 2 0 1 4 4
-6024.5 997.6 -13.3 181 0 13.3 14.9 5.0 2.5 2 1 2 1 1
-6011.1 1011.6 -13.2 183 0 8.3 14.2 5.0 2.5 2 1 2 0 0
-5992.6 972.8 -13.3 91 0 12.9 16.3 5.0 2.5 2 1 2 0 0
-6056.5 1048.7 -13.4 10 0 11.4 14.8 2.5 2.5 2 1 1 5 5
-6008.9 1049.7 -13.0 182 0 16.9 20.1 5.0 2.5 2 1 2 1 1
-6053.2 1058.1 -13.3 11 0 6.0 13.1 2.5 2.5 2 1 1 3 3
-6047.5 1080.2 -13.2 1 0 8.6 17.2 2.5 2.5 2 1 1 5 5
-6004.9 1080.3 -12.8 176 0 6.8 6.3 5.0 0.0 0 0 2 0 0
-6006.5 1094.6 -12.8 177 0 6.8 12.9 5.0 2.5 2 1 2 3 3
-6009.3 1107.9 -12.8 182 0 7.4 17.0 5.0 0.0 0 1 2 4 4
-6048.6 1103.3 -13.0 359 0 10.6 14.5 2.5 2.5 2 1 1 0 0
-6041.3 1129.7 -12.9 0 0 7.4 13.7 2.5 2.5 2 1 1 1 1
-6046.5 1164.4 -13.0 2 0 8.6 20.3 2.5 2.5 2 1 1 5 5
-6075.6 1187.9 -13.2 183 0 10.4 12.6 2.5 0.0 0 1 1 5 5
-6002.8 1176.9 -12.5 92 0 19.6 13.7 5.0 0.0 0 0 2 1 1
-6006.3 1210.9 -12.3 181 0 13.1 13.0 5.0 2.5 2 0 2 0 0
-6053.5 1262.3 -13.4 2 0 13.3 18.7 2.5 2.5 2 1 1 1 1
-6014.3 1227.6 -12.3 182 0 10.3 34.8 5.0 2.5 2 1 2 5 5
-5997.3 1243.6 -12.0 182 0 11.2 17.6 5.0 2.5 2 1 2 0 0
-6079.7 1281.2 -13.5 180 0 10.5 27.9 2.5 2.5 2 1 1 2 2
-6104.0 684.8 -11.8 272 0 12.7 17.6 5.0 2.5 2 1 2 0 0
-6088.9 707.6 -12.1 276 0 6.9 9.9 5.0 2.5 4 1 2 3 3
-6140.3 703.0 -11.6 274 0 9.7 15.1 5.0 2.5 4 1 2 4 4
-6118.2 700.1 -11.8 272 0 10.5 16.1 5.0 2.5 2 1 2 1 1
-6142.4 735.9 -12.1 94 0 15.0 15.6 2.5 2.5 2 1 1 4 4
-6155.2 706.0 -11.5 270 0 11.9 20.0 5.0 0.0 0 1 2 0 0
-6164.2 735.4 -11.9 92 0 16.4 21.0 2.5 2.5 2 1 1 0 0
-6180.7 705.4 -11.4 272 0 8.4 16.1 5.0 2.5 2 1 2 0 0
-6179.6 733.2 -11.9 93 0 9.7 13.0 2.5 2.5 2 1 1 3 3
-6176.8 749.5 -12.0 93 0 10.0 10.2 2.5 2.5 2 1 1 4 4
-6197.4 793.0 -12.6 271 0 10.9 13.3 2.5 2.5 2 1 1 4 4
-6200.0 810.0 -12.8 272 0 6.9 8.9 2.5 2.5 2 1 1 1 1
-6203.4 712.4 -11.7 271 0 10.4 23.2 5.0 0.0 0 1 2 0 0
-6196.7 742.1 -12.2 90 0 10.2 12.0 2.5 2.5 2 1 1 1 1
-6197.2 757.6 -12.3 88 0 10.4 8.4 2.5 2.5 2 0 1 3 3
-6213.0 737.7 -12.3 88 0 9.3 17.1 2.5 2.5 2 1 1 2 2
-6225.6 715.7 -12.0 270 0 11.0 24.9 5.0 2.5 2 1 2 5 5
-6222.7 742.2 -12.5 92 0 6.8 15.7 2.5 2.5 2 1 1 5 5
-6241.6 709.8 -12.1 272 0 12.1 23.0 5.0 2.5 2 1 2 3 3
-6238.8 740.3 -12.7 90 0 10.5 25.3 2.5 2.5 4 1 1 2 2
-6238.8 773.6 -12.9 95 0 10.6 13.8 2.5 0.0 0 1 1 0 0
-6252.9 739.2 -12.9 95 0 11.7 28.2 2.5 2.5 2 1 1 5 5
-6267.2 745.6 -13.0 92 0 12.5 17.3 2.5 2.5 2 1 1 4 4
-6268.3 704.9 -12.5 278 0 9.6 15.9 5.0 2.5 2 1 2 4 4
-6278.8 713.1 -12.6 270 0 7.9 12.9 5.0 2.5 2 1 2 1 1
-6264.8 771.7 -13.0 92 0 10.8 7.0 2.5 2.5 2 0 1 2 2
-6278.9 751.7 -13.0 92 0 8.6 18.3 2.5 2.5 2 1 1 1 1
-6295.6 744.6 -13.1 91 0 10.7 14.2 2.5 2.5 2 1 1 0 0
-6273.7 659.4 -12.8 184 0 11.2 9.6 5.0 2.5 2 0 2 4 4
-6291.6 710.6 -12.8 271 0 9.4 13.2 5.0 2.5 2 1 2 1 1
-6316.2 747.5 -13.1 92 0 8.7 12.8 2.5 2.5 2 1 1 2 2
-6327.0 704.1 -13.5 184 0 18.3 16.6 5.0 2.5 2 0 2 0 0
-6348.1 658.2 -14.3 272 0 18.6 13.8 5.0 2.5 2 0 2 0 0
-6330.7 656.5 -13.7 278 0 10.4 9.6 5.0 2.5 2 0 2 2 2
-6319.9 654.4 -13.6 281 0 7.4 8.6 5.0 2.5 2 1 2 1 1
-6379.9 704.2 -14.5 273 0 10.6 16.7 5.0 2.5 2 1 2 3 3
-6328.2 747.9 -13.1 92 0 8.7 19.6 2.5 2.5 2 1 1 1 1
-6339.2 748.9 -13.2 91 0 9.9 19.7 2.5 2.5 2 1 1 5 5
-6322.4 769.1 -13.1 91 0 8.0 5.8 2.5 2.5 2 0 1 2 2
-6354.5 748.4 -13.2 94 0 9.0 21.1 2.5 0.0 0 1 1 4 4
-6365.5 716.7 -14.2 274 0 8.4 12.2 5.0 2.5 2 1 2 1 1
-6366.1 685.8 -14.4 5 0 13.1 8.1 5.0 2.5 2 0 2 3 3
-6366.3 747.0 -13.2 93 0 11.0 17.7 2.5 2.5 2 1 1 1 1
-6364.6 769.6 -13.2 89 0 8.6 8.7 2.5 2.5 2 1 1 4 4
-6391.9 719.1 -14.8 271 0 8.6 13.9 5.0 2.5 2 1 2 0 0
-6377.1 748.9 -13.3 92 0 7.5 13.7 2.5 2.5 2 1 1 1 1
-6390.4 749.4 -13.3 91 0 10.2 16.1 2.5 2.5 2 1 1 0 0
-6389.8 768.4 -13.3 89 0 10.1 12.2 2.5 2.5 2 1 1 5 5
-6402.3 751.7 -13.3 94 0 9.5 14.8 2.5 2.5 2 1 1 4 4
-6401.2 775.4 -13.3 94 0 9.5 8.8 2.5 2.5 2 0 1 3 3
-6406.3 721.5 -15.1 277 0 6.8 13.1 5.0 2.5 2 1 2 1 1
-6414.3 749.7 -13.4 92 0 8.3 16.5 2.5 2.5 4 1 1 0 0
-6412.7 771.8 -13.4 94 0 7.6 27.5 2.5 2.5 2 1 1 3 3
-6416.9 724.1 -14.6 275 0 8.0 7.3 5.0 2.5 2 0 2 0 0
-6444.0 720.8 -15.6 275 0 10.4 17.4 5.0 2.5 2 1 2 0 0
-6454.9 728.6 -14.7 275 0 9.1 10.3 5.0 2.5 2 1 2 0 0
-6423.9 757.2 -13.4 93 0 5.4 14.9 2.5 2.5 2 1 1 1 1
-6438.1 752.8 -13.4 96 0 7.7 10.0 2.5 2.5 2 1 1 0 0
-6454.7 754.2 -13.5 97 0 7.6 16.6 2.5 2.5 2 1 1 5 5
-6445.7 758.3 -13.4 97 0 6.2 18.2 2.5 2.5 2 1 1 5 5
-6466.8 725.4 -14.7 270 0 9.3 6.3 5.0 2.5 2 0 2 4 4
-6480.2 723.3 -15.5 272 0 9.9 14.9 5.0 2.5 2 1 2 2 2
-6477.6 783.8 -13.5 88 0 7.7 7.9 2.5 2.5 2 1 1 3 3
-6471.2 770.9 -13.5 93 0 10.2 6.0 2.5 2.5 2 0 1 5 5
-6473.1 750.7 -13.5 93 0 9.4 17.2 2.5 2.5 2 1 1 3 3
-6496.9 753.0 -13.6 91 0 10.2 19.2 2.5 2.5 2 1 1 5 5
-6505.3 709.7 -16.2 270 0 11.1 10.6 5.0 2.5 2 0 2 1 1
-6505.3 723.2 -15.4 266 0 11.7 10.3 5.0 2.5 4 0 2 1 1
-6514.1 792.4 -13.8 96 0 6.8 8.1 2.5 0.0 0 1 1 1 1
-5981.3 644.7 -12.8 92 0 14.8 12.3 5.0 2.5 2 0 2 5 5
-6010.3 590.2 -13.9 276 0 21.9 12.7 5.0 0.0 0 0 2 2 2
-5969.8 608.3 -13.9 181 0 62.4 13.6 5.0 2.5 2 0 2 4 4
-6039.8 598.0 -13.6 8 0 10.3 21.4 5.0 2.5 2 1 2 3 3
-6047.6 524.5 -13.8 1 0 12.5 16.0 5.0 2.5 4 1 2 3 3
-5915.0 661.1 -12.7 355 0 10.0 8.0 5.0 2.5 4 0 2 1 1
-5912.1 634.6 -13.2 344 0 11.3 8.2 5.0 2.5 2 0 2 1 1
-5916.7 575.1 -13.9 84 0 8.2 10.0 5.0 0.0 0 1 2 4 4
-5903.8 576.0 -14.0 96 0 7.9 8.0 5.0 2.5 2 1 2 5 5
-5903.0 634.4 -13.4 257 0 11.4 26.0 5.0 0.0 0 1 2 0 0
-5864.8 642.9 -13.4 250 0 8.5 21.8 5.0 2.5 2 1 2 4 4
-5870.4 647.5 -13.0 160 0 8.6 11.5 5.0 2.5 2 1 2 1 1
-5879.4 624.3 -13.4 255 0 27.2 9.1 5.0 2.5 2 0 2 5 5
-5908.7 611.4 -13.5 259 0 6.5 7.5 5.0 2.5 2 1 2 3 3
-5850.1 653.2 -13.1 198 0 6.3 15.4 5.0 2.5 2 1 2 4 4
-5835.6 672.0 -13.0 291 0 15.3 17.4 5.0 2.5 2 1 2 0 0
-6072.0 707.6 -12.3 274 0 9.9 10.8 5.0 2.5 2 1 2 5 5
-6042.7 685.4 -12.6 1 0 15.1 10.5 5.0 2.5 2 0 2 2 2
-6041.6 701.1 -12.7 6 0 8.9 12.7 5.0 2.5 2 1 2 2 2
-6068.4 693.8 -12.3 274 0 12.3 10.4 5.0 0.0 0 0 2 3 3
-5948.9 667.0 -12.6 270 0 10.1 7.0 5.0 2.5 2 0 2 0 0
-5898.5 766.9 -12.5 96 0 20.6 10.2 2.5 2.5 4 0 1 4 4
-5893.3 731.8 -11.6 93 0 15.1 14.1 2.5 2.5 2 0 1 1 1
-5925.2 735.7 -11.7 102 0 7.8 7.9 2.5 2.5 2 1 1 1 1
-5871.2 720.8 -11.9 84 0 13.1 9.6 2.5 2.5 2 0 1 0 0
-5850.7 724.8 -12.1 84 0 19.0 13.3 2.5 2.5 2 0 1 4 4
-5805.1 737.0 -12.5 350 0 14.0 25.6 2.5 2.5 2 1 1 0 0
-5782.2 744.0 -12.8 169 0 23.5 14.0 2.5 0.0 0 0 1 4 4
-5816.6 792.3 -13.2 349 0 13.5 30.4 2.5 2.5 4 1 1 2 2
-5806.4 677.8 -13.3 265 0 19.6 16.7 5.0 0.0 0 0 2 4 4
-5745.1 686.4 -13.9 265 0 16.4 18.5 5.0 2.5 2 1 2 4 4
-5708.5 697.6 -14.3 264 0 14.0 7.8 5.0 2.5 2 0 2 1 1
646.0 -3115.8 -7.5 10 0 23.2 24.6 2.5 2.5 2 1 1 3 3
639.4 -3140.0 -7.4 359 0 7.5 13.6 2.5 2.5 2 1 1 5 5
639.8 -3162.9 -7.7 7 0 21.9 18.7 2.5 2.5 2 0 1 5 5
635.5 -3180.8 -7.7 7 0 8.7 17.2 2.5 2.5 2 1 1 1 1
634.0 -3193.6 -7.7 5 0 10.2 14.8 2.5 2.5 2 1 1 2 2
645.1 -3204.4 -7.7 3 0 5.6 11.2 2.5 0.0 0 1 1 0 0
630.4 -3210.5 -8.1 5 0 7.5 14.5 2.5 2.5 2 1 1 1 1
672.8 -3113.6 -7.2 180 0 8.0 19.7 5.0 2.5 2 1 2 0 0
669.8 -3138.1 -7.3 180 0 8.2 14.8 5.0 2.5 2 1 2 1 1
667.1 -3156.1 -7.4 178 0 7.7 16.5 5.0 2.5 2 1 2 5 5
668.3 -3169.0 -7.4 183 0 8.5 16.0 5.0 2.5 2 1 2 3 3
667.1 -3183.6 -7.3 184 0 9.5 12.2 5.0 2.5 2 1 2 3 3
662.7 -3208.4 -7.7 183 0 8.5 13.0 5.0 2.5 2 1 2 1 1
636.1 -3076.3 -7.3 93 0 13.1 14.2 2.5 2.5 4 1 1 1 1
648.4 -3046.2 -6.6 6 0 13.7 16.2 2.5 2.5 2 1 1 5 5
653.2 -3021.0 -5.9 7 0 15.4 19.9 2.5 2.5 2 1 1 0 0
655.0 -2993.1 -5.2 4 0 12.1 25.4 2.5 2.5 2 1 1 0 0
656.7 -2977.6 -4.8 6 0 15.7 25.2 2.5 2.5 2 1 1 5 5
664.1 -3059.2 -7.3 186 0 17.6 16.9 2.5 2.5 4 0 1 2 2
672.1 -3006.5 -6.0 184 0 9.5 16.8 2.5 2.5 4 1 1 2 2
674.9 -2976.4 -5.5 181 0 18.4 19.6 2.5 2.5 4 1 1 1 1
677.5 -2952.2 -4.8 178 0 11.8 20.6 2.5 2.5 2 1 1 3 3
653.1 -2955.9 -4.0 4 0 11.1 14.8 2.5 2.5 4 1 1 2 2
655.0 -2944.2 -3.6 5 0 8.1 15.7 2.5 2.5 2 1 1 2 2
635.8 -2943.6 -4.0 5 0 8.0 10.1 2.5 2.5 4 1 1 4 4
679.4 -2930.4 -4.0 185 0 8.7 12.5 2.5 2.5 2 1 1 3 3
659.7 -2927.5 -3.2 3 0 8.0 20.4 2.5 2.5 2 1 1 0 0
647.0 -2917.0 -3.0 3 0 8.0 10.5 2.5 2.5 4 1 1 0 0
678.8 -2918.7 -3.7 185 0 9.1 12.5 2.5 2.5 2 1 1 5 5
684.6 -2903.7 -3.3 184 0 6.1 10.3 2.5 2.5 2 1 1 0 0
660.3 -2903.6 -2.5 5 0 9.4 18.7 2.5 2.5 4 1 1 4 4
658.5 -2870.0 -1.8 4 0 15.2 20.9 2.5 2.5 2 1 1 1 1
656.5 -2850.5 -1.1 2 0 9.1 11.5 2.5 2.5 2 1 1 1 1
658.6 -2836.0 -0.8 360 0 12.4 15.9 2.5 2.5 4 1 1 0 0
681.8 -2872.0 -2.7 186 0 17.2 18.5 2.5 2.5 2 1 1 3 3
686.9 -2809.8 -0.6 184 0 7.0 11.0 2.5 2.5 2 1 1 4 4
662.7 -2788.1 0.9 4 0 12.9 16.1 2.5 2.5 4 1 1 0 0
685.5 -2777.7 0.6 181 0 8.2 6.9 2.5 2.5 4 0 1 0 0
695.4 -2777.8 0.1 182 0 5.9 9.6 2.5 2.5 4 1 1 1 1
689.4 -2762.5 0.3 182 0 11.7 20.0 2.5 2.5 4 1 1 5 5
668.9 -2743.9 2.2 3 0 13.7 16.6 2.5 2.5 2 1 1 3 3
686.3 -2739.8 1.9 184 0 11.4 12.6 2.5 2.5 2 1 1 4 4
683.2 -2718.1 3.6 184 0 13.6 13.2 2.5 2.5 2 0 1 4 4
414.6 -3073.6 -6.3 91 0 9.5 15.6 2.5 2.5 4 1 1 2 2
425.8 -3073.2 -6.2 89 0 8.1 16.6 2.5 2.5 2 1 1 3 3
438.7 -3044.5 -5.3 15 0 9.4 10.1 2.5 2.5 2 1 1 1 1
420.7 -3030.0 -5.0 3 0 8.6 11.6 2.5 0.0 0 1 1 5 5
463.1 -3075.6 -5.9 89 0 13.1 19.0 2.5 2.5 2 1 1 5 5
480.6 -3071.6 -6.2 85 0 10.5 10.9 2.5 2.5 2 1 1 2 2
389.0 -3095.2 -7.7 271 0 13.8 15.1 5.0 0.0 0 1 2 1 1
406.3 -3142.7 -8.8 2 0 24.2 19.8 5.0 2.5 2 0 2 0 0
457.3 -3120.8 -7.3 184 0 8.3 13.6 2.5 2.5 2 1 1 2 2
459.9 -3132.8 -7.8 183 0 10.0 15.3 2.5 2.5 2 1 1 1 1
460.5 -3150.8 -8.1 180 0 6.2 11.9 2.5 2.5 2 1 1 0 0
460.1 -3159.2 -8.7 183 0 7.4 21.3 2.5 0.0 0 1 1 1 1
452.7 -3175.5 -8.9 182 0 12.9 19.4 2.5 2.5 2 1 1 5 5
451.1 -3197.3 -9.3 182 0 10.1 13.6 2.5 2.5 2 1 1 3 3
412.7 -3089.9 -7.0 276 0 14.4 11.2 5.0 2.5 2 0 2 1 1
423.1 -3112.5 -7.4 2 0 17.2 9.4 5.0 2.5 2 0 2 3 3
458.5 -3232.0 -10.3 184 0 10.6 12.1 2.5 2.5 2 1 1 1 1
460.6 -3257.4 -10.4 181 0 12.2 16.8 2.5 2.5 4 1 1 0 0
411.4 -3220.3 -10.2 5 0 15.8 12.4 5.0 2.5 2 0 2 3 3
431.1 -3167.0 -8.5 2 0 18.0 11.7 5.0 2.5 2 0 2 4 4
453.3 -3338.3 -9.6 185 0 13.7 14.6 5.0 2.5 2 1 2 3 3
448.6 -3352.4 -9.3 182 0 5.8 17.4 5.0 2.5 4 1 2 0 0
426.0 -3314.7 -10.1 2 0 14.1 10.5 5.0 2.5 4 0 2 3 3
425.1 -3359.1 -9.5 4 0 11.6 21.6 5.0 2.5 2 1 2 1 1
428.4 -3335.6 -9.8 6 0 11.1 14.8 5.0 2.5 4 1 2 1 1
449.5 -3383.1 -9.0 186 0 12.0 18.8 5.0 2.5 2 1 2 4 4
424.9 -3387.8 -9.1 0 0 16.3 17.2 5.0 2.5 2 1 2 3 3
420.7 -3404.7 -9.0 358 0 9.7 18.2 5.0 2.5 2 1 2 1 1
445.5 -3457.1 -7.2 181 0 9.5 15.7 5.0 2.5 2 1 2 3 3
447.4 -3481.9 -5.2 183 0 7.7 10.2 5.0 2.5 2 1 2 2 2
418.3 -3486.1 -6.2 8 0 11.5 18.4 5.0 2.5 4 1 2 1 1
447.6 -3526.2 -2.5 182 0 10.8 13.0 5.0 2.5 2 1 2 3 3
446.5 -3573.9 -4.6 185 0 13.6 11.2 5.0 2.5 2 0 2 5 5
450.6 -3620.2 -5.7 178 0 13.0 22.0 5.0 2.5 2 1 2 1 1
410.1 -3751.4 -6.2 1 0 37.8 14.0 5.0 2.5 2 0 2 5 5
356.2 -3787.0 -6.8 357 0 10.5 17.4 5.0 2.5 2 1 2 2 2
398.2 -3876.4 -7.4 5 0 10.0 19.5 5.0 2.5 2 1 2 2 2
337.8 -3895.2 -7.2 98 0 17.5 12.2 5.0 2.5 2 0 2 1 1
360.0 -3898.4 -7.6 94 0 16.7 11.5 5.0 0.0 0 0 2 2 2
379.7 -3902.2 -7.6 96 0 14.5 13.4 5.0 2.5 2 0 2 1 1
428.8 -3935.2 -7.1 178 0 10.9 14.6 5.0 2.5 2 1 2 0 0
396.1 -3955.0 -5.7 4 0 8.3 13.4 5.0 2.5 2 1 2 5 5
425.2 -3975.3 -5.2 180 0 10.6 14.0 5.0 2.5 2 1 2 4 4
425.1 -4027.1 -5.1 182 0 10.2 14.3 5.0 2.5 4 1 2 0 0
402.8 -4028.9 -4.7 2 0 10.6 17.4 5.0 2.5 2 1 2 2 2
400.1 -4055.3 -6.2 1 0 12.5 15.1 5.0 2.5 2 1 2 1 1
396.6 -4078.3 -7.0 2 0 16.3 15.1 5.0 2.5 2 0 2 0 0
414.0 -4067.9 -7.0 184 0 19.2 17.2 5.0 2.5 2 0 2 3 3
401.2 -4105.3 -7.3 6 0 16.8 23.5 5.0 2.5 2 1 2 3 3
419.2 -4109.4 -7.5 94 0 14.9 19.7 5.0 0.0 0 1 2 3 3
392.1 -4213.0 -9.0 1 0 13.2 14.0 5.0 2.5 2 1 2 1 1
388.6 -4251.6 -9.9 6 0 8.3 15.6 5.0 2.5 2 1 2 2 2
376.5 -4315.0 -11.1 93 0 9.6 14.6 5.0 2.5 2 1 2 1 1
1292.5 -3315.2 -0.0 96 0 7.7 11.1 5.0 2.5 4 1 2 2 2
1290.1 -3344.1 -1.2 282 0 8.3 7.8 5.0 0.0 0 0 2 4 4
1305.3 -3350.8 0.8 11 0 11.2 6.5 5.0 2.5 4 0 2 1 1
1275.6 -3341.4 -1.5 282 0 6.1 7.0 5.0 2.5 2 1 2 5 5
1200.9 -3311.1 -2.7 94 0 7.6 13.8 5.0 2.5 4 1 2 4 4
1182.4 -3316.5 -3.5 93 0 8.9 12.9 5.0 2.5 2 1 2 1 1
1152.0 -3305.1 -3.9 97 0 9.3 13.0 5.0 2.5 2 1 2 4 4
1145.8 -3336.6 -3.6 272 0 10.3 15.6 5.0 2.5 2 1 2 4 4
1142.8 -3313.6 -3.9 86 0 4.7 8.2 5.0 2.5 4 1 2 1 1
1159.9 -3315.7 -3.8 95 0 9.1 8.1 5.0 2.5 2 0 2 0 0
1119.3 -3338.4 -3.6 270 0 9.6 11.2 5.0 2.5 2 1 2 3 3
1099.3 -3316.3 -4.0 94 0 15.5 19.8 5.0 2.5 2 1 2 4 4
1132.8 -3346.7 -3.5 270 0 3.9 8.1 5.0 2.5 2 1 2 3 3
1131.5 -3340.2 -3.6 273 0 8.1 4.2 5.0 0.0 0 0 2 1 1
1064.0 -3356.2 -4.3 182 0 11.3 9.8 5.0 2.5 2 0 2 4 4
1070.6 -3341.4 -4.5 182 0 8.5 11.4 5.0 0.0 0 1 2 3 3
1080.6 -3315.0 -4.2 90 0 10.8 16.0 5.0 2.5 4 1 2 3 3
1041.0 -3310.2 -5.2 90 0 9.7 17.1 5.0 0.0 0 1 2 2 2
1057.7 -3300.0 -4.9 5 0 20.5 10.0 5.0 0.0 0 0 2 0 0
1053.5 -3226.2 -4.3 7 0 11.1 10.0 5.0 2.5 4 0 2 5 5
1082.9 -3236.5 -4.0 178 0 9.6 14.5 5.0 2.5 2 1 2 3 3
1035.7 -3187.5 -3.6 266 0 5.2 15.4 5.0 2.5 2 1 2 5 5
1055.2 -3149.0 -2.1 0 0 10.8 14.0 5.0 0.0 0 1 2 1 1
999.2 -3331.1 -6.2 270 0 13.2 21.4 5.0 2.5 2 1 2 1 1
1014.8 -3335.2 -5.6 273 0 8.2 12.2 5.0 2.5 2 1 2 2 2
1012.9 -3396.7 -4.8 96 0 12.5 8.1 5.0 2.5 2 0 2 3 3
1010.0 -3416.2 -4.3 90 0 8.1 11.2 5.0 2.5 2 1 2 4 4
1020.0 -3417.0 -4.3 95 0 8.6 12.2 5.0 2.5 2 1 2 1 1
992.6 -3309.0 -6.4 85 0 8.6 13.8 5.0 0.0 0 1 2 4 4
1004.8 -3309.4 -6.1 90 0 6.0 13.6 5.0 2.5 2 1 2 1 1
951.4 -3309.8 -6.9 95 0 9.4 15.8 5.0 2.5 2 1 2 4 4
949.6 -3332.5 -7.3 269 0 17.7 17.7 5.0 2.5 2 1 2 0 0
922.7 -3288.1 -7.1 86 0 13.1 19.3 5.0 2.5 2 1 2 3 3
971.2 -3304.1 -6.6 92 0 11.5 16.0 5.0 2.5 4 1 2 0 0
864.8 -3217.9 -7.5 180 0 9.8 12.9 5.0 2.5 2 1 2 0 0
891.3 -3219.4 -7.1 268 0 9.4 11.0 5.0 2.5 2 1 2 3 3
869.2 -3244.6 -7.7 182 0 12.2 14.8 5.0 0.0 0 1 2 5 5
865.9 -3278.5 -8.0 181 0 11.4 16.5 5.0 2.5 2 1 2 4 4
859.5 -3352.8 -6.5 182 0 7.7 8.9 5.0 2.5 2 1 2 0 0
813.7 -3323.4 -6.9 270 0 12.8 11.6 5.0 2.5 2 0 2 3 3
842.9 -3336.1 -6.9 357 0 15.1 15.1 5.0 2.5 4 0 2 4 4
837.9 -3379.1 -4.9 7 0 9.8 14.1 5.0 2.5 2 1 2 3 3
842.8 -3399.6 -3.6 1 0 9.5 15.1 5.0 0.0 0 1 2 3 3
817.1 -3381.7 -4.5 8 0 11.7 16.3 5.0 2.5 2 1 2 5 5
758.3 -3321.6 -6.5 272 0 12.5 17.6 5.0 2.5 2 1 2 0 0
811.6 -3197.1 -7.7 358 0 36.4 12.2 5.0 2.5 2 0 2 3 3
776.7 -3179.9 -7.5 5 0 11.5 8.8 5.0 2.5 2 0 2 3 3
774.0 -3158.1 -7.6 276 0 8.8 11.0 5.0 2.5 2 1 2 1 1
801.8 -3111.1 -7.8 268 0 15.7 21.4 5.0 2.5 2 1 2 0 0
734.5 -3113.3 -7.8 268 0 17.5 10.9 5.0 2.5 2 0 2 4 4
825.9 -3017.9 -3.2 0 0 13.7 10.8 2.5 0.0 0 0 1 0 0
907.3 -3097.2 -4.1 93 0 21.7 13.5 5.0 2.5 2 0 2 5 5
910.3 -3115.0 -4.7 274 0 15.1 8.4 5.0 2.5 2 0 2 5 5
937.3 -3111.9 -4.0 266 0 19.1 11.3 5.0 2.5 2 0 2 3 3
1007.8 -3101.8 -1.8 85 0 17.9 16.1 5.0 2.5 4 0 2 1 1
1063.9 -3069.3 -0.3 358 0 12.3 20.6 5.0 0.0 0 1 2 1 1
1065.8 -3048.9 0.6 14 0 8.9 14.2 5.0 2.5 2 1 2 2 2
1065.2 -3025.4 0.9 358 0 10.9 18.5 5.0 2.5 2 1 2 2 2
1067.5 -3004.6 1.6 6 0 8.1 17.4 5.0 2.5 2 1 2 1 1
1071.3 -2925.2 4.8 3 0 12.0 12.5 5.0 2.5 2 1 2 5 5
1065.2 -2947.0 3.3 2 0 15.1 16.2 5.0 2.5 2 1 2 0 0
1093.5 -2948.4 3.6 186 0 7.9 16.1 5.0 2.5 4 1 2 0 0
1039.8 -3103.0 -1.2 87 0 11.6 19.0 5.0 2.5 2 1 2 3 3
981.8 -3191.2 -4.5 95 0 14.2 8.4 5.0 0.0 0 0 2 5 5
1001.1 -3174.9 -3.6 78 0 14.2 9.5 5.0 0.0 0 0 2 2 2
1000.8 -3209.2 -4.5 259 0 12.2 8.8 5.0 2.5 4 0 2 1 1
903.8 -3051.6 -1.8 187 0 11.0 15.0 5.0 2.5 2 1 2 5 5
905.3 -3029.2 -0.3 190 0 16.6 10.4 5.0 2.5 2 0 2 3 3
907.8 -3007.4 1.5 181 0 16.2 10.5 5.0 2.5 2 0 2 4 4
858.1 -2915.6 2.1 11 0 15.8 19.2 2.5 2.5 2 1 1 5 5
1351.5 -2931.4 11.2 350 0 14.5 11.3 5.0 2.5 2 0 2 4 4
1354.5 -2970.3 10.5 2 0 13.5 13.6 5.0 2.5 2 1 2 0 0
1318.5 -2944.4 12.1 176 0 13.8 12.5 5.0 2.5 2 0 2 3 3
1332.6 -2995.8 11.6 1 0 13.7 8.6 5.0 0.0 0 0 2 3 3
1315.1 -2991.0 12.1 177 0 12.4 6.6 5.0 2.5 2 0 2 1 1
1287.3 -3010.6 13.0 180 0 12.8 12.1 5.0 2.5 2 0 2 5 5
1293.1 -2934.0 12.6 177 0 13.1 7.9 5.0 2.5 2 0 2 3 3
1311.2 -2856.1 9.3 98 0 16.6 22.7 2.5 2.5 2 1 1 1 1
1296.0 -3088.2 11.5 168 0 10.6 9.0 5.0 2.5 2 0 2 2 2
1269.9 -3097.3 6.7 6 0 15.9 13.8 5.0 2.5 2 0 2 5 5
1260.8 -3136.4 3.4 274 0 9.2 16.8 5.0 2.5 2 1 2 3 3
1238.7 -3106.6 5.0 86 0 12.5 14.7 5.0 2.5 2 1 2 5 5
1244.8 -3137.5 2.9 276 0 10.2 15.6 5.0 2.5 2 1 2 5 5
1232.3 -3138.1 2.7 280 0 7.3 10.4 5.0 0.0 0 1 2 0 0
1157.3 -3101.7 2.1 93 0 13.0 12.0 5.0 2.5 2 0 2 5 5
1162.6 -3126.1 1.0 283 0 7.3 12.2 5.0 2.5 2 1 2 0 0
1118.3 -3108.0 2.0 90 0 9.9 12.8 5.0 2.5 2 1 2 3 3
1110.8 -3136.2 -0.2 277 0 7.7 10.9 5.0 2.5 2 1 2 5 5
656.6 -3267.8 -7.8 186 0 10.1 15.4 5.0 2.5 2 1 2 2 2
631.4 -3270.9 -8.1 21 0 14.3 12.7 2.5 2.5 2 0 1 4 4
641.0 -3287.4 -7.1 0 0 10.7 20.3 2.5 2.5 2 1 1 0 0
622.9 -3311.5 -6.9 258 0 7.0 11.2 5.0 0.0 0 1 2 2 2
682.7 -3325.0 -5.7 268 0 22.8 9.9 5.0 2.5 2 0 2 3 3
624.7 -3341.5 -6.5 353 0 14.1 16.4 5.0 2.5 2 1 2 2 2
628.3 -3366.1 -5.2 0 0 9.5 8.9 5.0 2.5 2 0 2 5 5
634.8 -3389.4 -4.4 6 0 8.5 14.2 5.0 2.5 2 1 2 4 4
630.4 -3401.1 -3.9 11 0 9.3 11.9 5.0 2.5 2 1 2 4 4
619.3 -3466.0 -2.0 5 0 12.3 16.1 5.0 2.5 2 1 2 4 4
651.5 -3472.0 -1.2 182 0 16.0 11.8 5.0 2.5 2 0 2 1 1
650.5 -3425.1 -2.0 177 0 10.8 12.3 5.0 0.0 0 1 2 5 5
614.2 -3496.3 -2.0 90 0 17.9 10.9 5.0 2.5 2 0 2 0 0
627.4 -3557.4 -1.7 358 0 10.8 13.3 5.0 0.0 0 1 2 4 4
623.1 -3524.0 -1.8 8 0 13.7 16.9 5.0 2.5 2 1 2 2 2
647.6 -3554.4 0.3 184 0 9.5 11.9 5.0 2.5 2 1 2 5 5
647.2 -3572.2 0.3 184 0 6.6 12.4 5.0 2.5 2 1 2 0 0
621.5 -3655.0 -2.8 2 0 13.4 13.3 5.0 2.5 2 0 2 4 4
365.9 -3065.9 -7.1 81 0 10.2 12.0 2.5 2.5 2 1 1 5 5
363.0 -3109.7 -9.5 276 0 11.3 42.0 5.0 2.5 4 1 2 2 2
333.7 -3115.0 -9.4 277 0 6.9 9.4 5.0 2.5 2 1 2 0 0
375.3 -3170.7 -10.0 3 0 25.8 12.9 5.0 2.5 2 0 2 0 0
321.3 -3170.2 -10.7 189 0 11.4 29.3 5.0 2.5 2 1 2 3 3
344.3 -3063.4 -8.2 84 0 15.4 14.9 2.5 2.5 2 0 1 2 2
319.6 -3059.9 -9.2 86 0 9.2 16.4 2.5 2.5 2 1 1 3 3
328.0 -3070.4 -9.0 79 0 6.0 12.1 2.5 2.5 2 1 1 4 4
298.4 -3145.7 -10.6 185 0 12.2 10.1 5.0 0.0 0 0 2 0 0
304.0 -3123.1 -10.3 274 0 11.7 10.7 5.0 2.5 2 0 2 2 2
297.4 -3063.9 -10.6 88 0 10.8 13.0 2.5 0.0 0 1 1 2 2
256.8 -3082.2 -12.3 272 0 7.9 17.7 5.0 2.5 2 1 2 1 1
257.7 -3065.9 -11.9 90 0 14.5 15.7 2.5 2.5 2 1 1 5 5
260.4 -3026.5 -10.9 184 0 7.8 14.8 2.5 2.5 2 1 1 4 4
236.0 -3090.7 -12.8 5 0 18.3 19.1 5.0 2.5 2 1 2 5 5
232.2 -3068.1 -12.5 84 0 6.7 15.5 2.5 2.5 2 1 1 0 0
233.2 -3023.7 -11.9 357 0 16.1 19.1 2.5 2.5 2 1 1 4 4
183.3 -3054.8 -13.0 94 0 17.9 15.8 2.5 2.5 2 0 1 5 5
203.1 -3062.1 -13.1 98 0 19.9 20.8 2.5 0.0 0 1 1 1 1
230.5 -3003.5 -10.8 7 0 15.6 23.4 2.5 0.0 0 1 1 1 1
233.2 -2985.2 -10.2 4 0 12.3 18.3 2.5 2.5 4 1 1 2 2
234.2 -2960.5 -9.6 0 0 9.6 16.0 2.5 2.5 2 1 1 1 1
243.3 -2904.2 -9.1 3 0 12.4 18.3 2.5 2.5 2 1 1 4 4
237.6 -2885.8 -8.3 0 0 6.4 10.7 2.5 2.5 2 1 1 0 0
248.5 -2860.5 -7.3 6 0 8.1 17.9 2.5 2.5 2 1 1 5 5
178.0 -2876.2 -9.3 180 0 19.3 8.9 2.5 2.5 2 0 1 3 3
219.0 -3331.1 -11.8 9 0 8.9 15.0 5.0 2.5 2 1 2 5 5
247.0 -3324.8 -11.8 180 0 11.3 14.9 5.0 2.5 4 1 2 4 4
217.0 -3366.2 -11.8 3 0 9.8 18.4 5.0 2.5 2 1 2 5 5
245.9 -3379.7 -11.2 180 0 14.2 13.3 5.0 2.5 4 0 2 1 1
246.0 -3446.7 -10.8 182 0 12.0 12.5 5.0 2.5 2 1 2 5 5
223.3 -3496.7 -11.3 7 0 6.7 9.5 5.0 2.5 2 1 2 1 1
246.5 -3509.6 -10.4 184 0 11.0 11.1 5.0 2.5 4 1 2 2 2
235.0 -3465.1 -11.0 191 0 9.8 7.3 5.0 2.5 2 0 2 2 2
241.9 -3582.5 -12.3 181 0 8.6 13.5 5.0 0.0 0 1 2 2 2
240.7 -3608.7 -12.7 182 0 8.3 16.8 5.0 2.5 4 1 2 4 4
234.1 -3653.5 -11.6 180 0 9.1 18.6 5.0 2.5 2 1 2 5 5
233.0 -3623.1 -12.5 177 0 8.2 12.4 5.0 0.0 0 1 2 3 3
204.8 -3647.8 -11.9 1 0 8.9 14.0 5.0 2.5 2 1 2 2 2
205.3 -3625.5 -12.4 4 0 11.8 12.1 5.0 2.5 2 1 2 0 0
208.1 -3585.7 -12.7 2 0 7.6 11.3 5.0 2.5 2 1 2 0 0
198.8 -3839.8 -11.6 7 0 9.7 14.9 5.0 2.5 2 1 2 2 2
198.3 -3864.1 -10.9 8 0 13.8 16.2 5.0 2.5 2 1 2 2 2
225.7 -3873.8 -9.2 183 0 8.4 12.5 5.0 2.5 2 1 2 3 3
224.5 -3923.9 -6.4 178 0 6.9 11.8 5.0 2.5 2 1 2 3 3
166.9 -3888.5 -10.8 80 0 11.3 17.3 5.0 2.5 4 1 2 4 4
215.1 -4018.4 -2.0 183 0 10.1 15.7 5.0 2.5 2 1 2 4 4
224.0 -3977.7 -2.2 180 0 8.1 11.9 5.0 2.5 2 1 2 0 0
213.0 -3950.9 -4.7 175 0 8.1 18.6 5.0 2.5 4 1 2 3 3
200.6 -4013.2 -3.6 0 0 7.9 13.1 5.0 2.5 2 1 2 5 5
181.1 -4222.3 -2.6 359 0 12.6 16.4 5.0 2.5 2 1 2 4 4
180.1 -4271.4 -6.2 5 0 12.1 14.0 5.0 2.5 2 1 2 5 5
179.7 -4295.5 -7.2 2 0 14.2 10.9 5.0 2.5 2 0 2 4 4
229.3 -4304.8 -9.0 90 0 11.0 10.7 5.0 2.5 2 0 2 2 2
200.5 -4308.9 -8.6 90 0 13.8 10.0 5.0 2.5 2 0 2 3 3
278.8 -4304.6 -9.4 90 0 10.2 14.2 5.0 2.5 2 1 2 4 4
294.6 -4337.1 -12.6 273 0 10.5 14.4 2.5 2.5 2 1 1 2 2
277.6 -4332.8 -12.1 270 0 14.0 11.2 2.5 0.0 0 0 1 5 5
308.5 -4309.7 -10.0 93 0 8.6 16.7 5.0 2.5 2 1 2 5 5
331.2 -4311.5 -10.0 89 0 12.1 15.6 5.0 2.5 2 1 2 0 0
350.8 -4336.3 -12.4 268 0 14.3 15.2 2.5 2.5 2 1 1 1 1
-5912.3 972.5 -12.8 87 0 23.4 16.2 5.0 2.5 2 0 2 3 3
-5856.5 976.9 -12.3 82 0 11.7 21.1 5.0 2.5 2 1 2 0 0
-5835.8 968.1 -12.2 92 0 7.7 15.4 5.0 2.5 4 1 2 0 0
-6902.3 3730.8 -10.2 206 0 9.7 12.8 5.0 2.5 2 1 2 3 3
-6863.0 3637.7 -12.4 32 0 8.9 15.0 5.0 2.5 2 1 2 1 1
-6873.6 3770.8 -8.5 212 0 7.8 9.6 5.0 2.5 2 1 2 2 2
-6869.3 3781.5 -8.6 216 0 8.3 10.2 5.0 2.5 4 1 2 0 0
-6887.4 3810.0 -7.6 32 0 8.2 11.0 2.5 2.5 2 1 1 0 0
-6905.1 4075.6 -10.1 200 0 11.4 13.8 5.0 2.5 4 1 2 1 1
-6882.9 4095.6 -10.4 16 0 9.0 11.8 5.0 2.5 2 1 2 2 2
-6879.4 4104.7 -10.5 24 0 6.4 12.5 5.0 2.5 2 1 2 0 0
-6872.9 4126.2 -10.7 18 0 15.9 13.5 5.0 2.5 2 0 2 5 5
-6866.3 4150.6 -10.8 16 0 5.7 11.4 5.0 2.5 2 1 2 1 1
-6877.0 4156.1 -10.6 24 0 11.5 5.5 5.0 2.5 2 0 2 3 3
-6848.5 4187.3 -11.4 20 0 14.5 18.6 5.0 2.5 2 1 2 1 1
-6844.6 4242.7 -11.6 104 0 15.0 14.2 5.0 2.5 2 0 2 1 1
-6877.1 4285.1 -11.3 194 0 12.8 11.6 5.0 0.0 0 0 2 4 4
-6854.0 4278.8 -11.4 11 0 11.7 9.8 5.0 2.5 4 0 2 5 5
-6844.6 4278.9 -11.5 4 0 9.0 6.9 5.0 2.5 2 0 2 0 0
-6873.3 4296.8 -11.5 190 0 9.3 8.4 5.0 0.0 0 0 2 2 2
-6869.8 4308.2 -11.8 179 0 8.8 6.9 5.0 2.5 2 0 2 3 3
-6855.8 4303.3 -12.0 92 0 8.4 8.2 5.0 2.5 2 0 2 5 5
-6813.6 4208.6 -12.3 207 0 8.6 10.9 5.0 2.5 2 1 2 4 4
-6829.2 4180.2 -12.0 203 0 8.0 10.4 5.0 2.5 2 1 2 1 1
-6836.0 4163.0 -12.1 201 0 12.8 17.6 5.0 2.5 2 1 2 3 3
-6839.0 4141.7 -11.8 209 0 10.1 13.6 5.0 2.5 4 1 2 2 2
-6884.1 4025.5 -10.4 204 0 10.6 14.0 5.0 2.5 2 1 2 3 3
-6893.9 3989.6 -10.0 198 0 9.6 10.7 5.0 2.5 2 1 2 3 3
-6882.2 3927.1 -10.0 120 0 17.6 20.0 5.0 2.5 2 1 2 5 5
-6829.9 3922.5 -10.9 16 0 17.3 15.1 5.0 2.5 2 0 2 5 5
-6816.5 3964.8 -11.5 23 0 8.9 10.8 5.0 2.5 2 1 2 0 0
-6808.4 3980.0 -11.8 17 0 14.1 12.9 5.0 2.5 2 0 2 2 2
-6806.0 4013.7 -12.0 18 0 10.7 8.9 5.0 2.5 2 0 2 1 1
-6794.9 4008.6 -12.3 33 0 7.1 9.5 5.0 2.5 2 1 2 0 0
-6809.0 3895.2 -11.3 115 0 8.9 15.6 5.0 2.5 2 1 2 0 0
-6782.1 3954.3 -11.9 205 0 13.7 15.2 5.0 2.5 2 1 2 1 1
-6755.2 3891.4 -11.4 111 0 11.4 12.1 5.0 2.5 4 1 2 4 4
-6734.4 3953.3 -11.9 299 0 13.7 10.3 5.0 2.5 2 0 2 5 5
-6791.4 4015.7 -12.4 27 0 6.4 11.7 5.0 2.5 2 1 2 2 2
-6784.4 4037.8 -12.7 24 0 8.5 11.5 5.0 2.5 2 1 2 3 3
-6689.9 3962.2 -12.0 29 0 13.4 12.3 5.0 2.5 4 0 2 4 4
-6682.2 3984.7 -12.1 24 0 9.0 10.2 5.0 2.5 2 1 2 2 2
-6669.7 4007.0 -12.6 27 0 9.7 12.9 5.0 2.5 2 1 2 5 5
-6802.1 3685.7 -10.7 207 0 9.9 10.7 5.0 2.5 2 1 2 5 5
-6787.8 3707.8 -10.6 213 0 11.2 11.9 5.0 2.5 2 1 2 2 2
-6774.6 3728.2 -10.6 205 0 9.6 14.3 5.0 2.5 2 1 2 3 3
-6765.0 3750.6 -10.5 214 0 14.9 12.0 5.0 2.5 2 0 2 4 4
-6786.3 3771.2 -10.4 36 0 8.7 13.0 5.0 2.5 2 1 2 5 5
-6873.7 3630.0 -13.0 40 0 7.4 9.3 5.0 0.0 0 1 2 5 5
-6756.7 3775.7 -11.3 210 0 10.3 11.5 5.0 2.5 2 1 2 4 4
-6705.1 3813.2 -12.1 284 0 8.8 17.2 5.0 0.0 0 1 2 4 4
-6694.2 3804.8 -11.9 303 0 6.7 12.3 5.0 2.5 2 1 2 3 3
-6695.4 3745.3 -11.1 122 0 13.7 8.8 5.0 2.5 2 0 2 3 3
-6664.8 3796.9 -11.5 298 0 10.5 18.2 5.0 2.5 2 1 2 2 2
-6645.2 3997.4 -12.3 204 0 9.2 9.3 5.0 2.5 2 1 2 4 4
-6628.0 4025.2 -12.0 205 0 7.4 11.9 5.0 2.5 2 1 2 1 1
-6630.2 4041.2 -12.2 211 0 7.9 14.2 5.0 0.0 0 1 2 2 2
-6665.8 3953.8 -11.8 211 0 14.2 13.1 5.0 2.5 2 0 2 1 1
-6690.8 3919.0 -11.7 198 0 9.6 16.8 5.0 2.5 2 1 2 2 2
-6697.7 3904.7 -11.7 196 0 13.0 12.0 5.0 2.5 2 0 2 1 1
-6702.0 3883.7 -11.5 210 0 8.7 10.2 5.0 2.5 2 1 2 3 3
-6707.9 3855.9 -11.6 123 0 7.1 12.1 5.0 2.5 2 1 2 2 2
-6688.6 3845.3 -11.5 114 0 7.2 12.2 5.0 2.5 2 1 2 2 2
-6668.8 3827.8 -11.4 115 0 10.0 7.2 5.0 2.5 4 0 2 0 0
-6662.4 3832.4 -11.5 118 0 7.2 10.6 5.0 2.5 4 1 2 1 1
-6589.6 3913.8 -11.7 23 0 10.0 13.9 5.0 2.5 2 1 2 2 2
-6582.3 3933.4 -11.5 37 0 7.8 11.1 5.0 2.5 2 1 2 2 2
-6537.5 4008.7 -9.5 23 0 8.1 12.7 5.0 2.5 2 1 2 3 3
-6541.7 4055.7 -9.0 207 0 7.7 15.7 5.0 2.5 2 1 2 1 1
-6504.3 4073.3 -6.8 19 0 10.5 14.4 5.0 2.5 2 1 2 4 4
-6487.6 3985.4 -9.7 311 0 12.1 5.1 5.0 2.5 2 0 2 1 1
-6511.5 3939.4 -9.7 120 0 13.3 8.8 5.0 2.5 2 0 2 5 5
-6550.7 3938.9 -10.7 213 0 8.1 16.8 5.0 2.5 2 1 2 4 4
-6568.6 3904.2 -11.5 209 0 12.1 15.9 5.0 2.5 4 1 2 2 2
-6577.6 3880.5 -11.7 200 0 8.1 9.8 5.0 2.5 2 1 2 1 1
-6567.5 3869.1 -11.6 217 0 8.4 9.9 5.0 2.5 2 1 2 1 1
-6632.0 3904.3 -11.8 34 0 6.8 7.8 5.0 2.5 2 1 2 5 5
-6621.5 3848.5 -11.8 20 0 6.9 8.9 5.0 2.5 2 1 2 5 5
-6605.9 3796.2 -11.2 121 0 14.6 13.9 5.0 2.5 2 0 2 5 5
-6881.0 3827.1 -8.0 21 0 9.3 8.0 2.5 2.5 4 0 1 1 1
-6874.1 3813.9 -8.2 35 0 10.0 7.7 2.5 2.5 2 0 1 1 1
-6894.2 3881.2 -8.6 198 0 8.0 8.0 2.5 2.5 2 0 1 1 1
-6844.5 3875.1 -10.1 29 0 12.2 11.4 2.5 2.5 2 0 1 0 0
-6829.4 3857.0 -10.3 208 0 7.9 13.0 5.0 2.5 2 1 2 0 0
-6822.4 3863.1 -10.6 205 0 5.2 10.1 5.0 2.5 2 1 2 2 2
-6812.9 3870.6 -10.9 299 0 12.9 6.8 5.0 2.5 4 0 2 4 4
-6891.6 3788.1 -7.7 27 0 7.7 12.2 2.5 0.0 0 1 1 1 1
-6894.7 3780.4 -7.7 33 0 4.1 7.5 2.5 0.0 0 1 1 3 3
-6453.2 3741.9 -10.5 46 0 13.4 7.7 5.0 2.5 2 0 2 2 2
-6491.2 3733.4 -10.5 128 0 5.9 11.4 5.0 2.5 2 1 2 2 2
-6481.8 3725.2 -10.5 121 0 7.1 15.2 5.0 2.5 2 1 2 1 1
-6447.5 3729.0 -10.7 43 0 5.5 8.7 5.0 2.5 2 1 2 1 1
-6441.5 3736.0 -10.7 41 0 10.5 9.7 5.0 2.5 2 0 2 4 4
-6434.2 3742.6 -10.3 38 0 6.8 10.0 5.0 2.5 2 1 2 5 5
-6426.9 3751.1 -10.0 41 0 11.1 9.8 5.0 2.5 4 0 2 0 0
-6295.7 3710.4 -5.2 313 0 7.1 14.9 5.0 2.5 2 1 2 5 5
-6313.5 3712.1 -4.9 225 0 6.2 7.6 5.0 2.5 2 1 2 2 2
-6307.4 3721.6 -3.3 228 0 6.8 8.5 5.0 2.5 2 1 2 2 2
-6281.3 3715.0 -3.3 307 0 6.9 9.5 5.0 2.5 2 1 2 1 1
-6331.4 3648.7 -9.9 45 0 5.6 6.9 5.0 2.5 2 1 2 2 2
-6323.9 3653.1 -9.8 57 0 10.2 11.3 5.0 2.5 2 1 2 3 3
-6437.5 3687.4 -10.7 130 0 8.2 17.8 5.0 2.5 2 1 2 4 4
-6428.1 3683.5 -10.4 131 0 6.6 12.2 5.0 2.5 2 1 2 1 1
-6387.8 3685.1 -9.0 305 0 10.2 9.4 5.0 0.0 0 0 2 4 4
-6394.3 3654.2 -9.4 114 0 13.6 18.3 5.0 2.5 2 1 2 2 2
-6381.7 3633.7 -10.4 141 0 9.2 14.0 5.0 2.5 2 1 2 0 0
-6369.3 3621.1 -10.6 135 0 8.2 14.5 5.0 2.5 2 1 2 0 0
-6347.7 3594.5 -11.2 156 0 12.3 14.9 5.0 2.5 2 1 2 3 3
-6341.6 3581.8 -11.3 154 0 11.3 13.5 5.0 0.0 0 1 2 3 3
-6354.7 3604.0 -11.0 146 0 7.6 12.6 5.0 2.5 2 1 2 1 1
-6331.9 3572.1 -11.5 149 0 7.5 19.0 5.0 2.5 2 1 2 3 3
-6321.0 3556.3 -11.7 146 0 7.8 16.5 5.0 0.0 0 1 2 2 2
-6338.8 3367.3 -10.7 35 0 11.2 17.3 5.0 2.5 2 1 2 1 1
-6365.6 3416.0 -11.5 294 0 11.6 34.7 5.0 2.5 2 1 2 0 0
-6381.0 3435.7 -12.0 208 0 12.2 17.5 5.0 2.5 2 1 2 5 5
-6252.6 3396.5 -11.2 160 0 8.0 12.5 5.0 2.5 2 1 2 4 4
-6254.1 3409.7 -11.4 158 0 13.6 12.7 5.0 2.5 2 0 2 4 4
-6196.2 3366.7 -10.9 64 0 6.2 10.7 5.0 2.5 2 1 2 2 2
-6218.0 3317.1 -9.6 161 0 11.5 15.3 5.0 2.5 2 1 2 5 5
-6177.8 3374.4 -10.8 69 0 6.9 8.8 5.0 2.5 2 1 2 5 5
-6157.7 3381.8 -11.0 75 0 7.0 14.4 5.0 2.5 2 1 2 2 2
-6170.7 3379.1 -10.9 64 0 5.4 7.1 5.0 2.5 4 1 2 3 3
-6147.2 3383.4 -11.0 73 0 7.6 14.4 5.0 2.5 2 1 2 2 2
-6134.8 3385.7 -11.0 77 0 11.1 19.1 5.0 2.5 2 1 2 4 4
-6545.1 3724.5 -11.2 296 0 5.9 15.8 5.0 2.5 2 1 2 5 5
-6526.3 3709.5 -11.1 298 0 9.8 12.5 5.0 2.5 2 1 2 1 1
-6516.2 3699.7 -11.3 303 0 8.7 23.5 5.0 2.5 2 1 2 4 4
-6497.2 3685.8 -11.0 305 0 10.2 14.6 5.0 2.5 2 1 2 5 5
-6499.5 3660.2 -11.1 132 0 10.1 8.7 5.0 2.5 2 0 2 3 3
-6474.0 3674.4 -11.1 302 0 11.0 25.9 5.0 2.5 2 1 2 2 2
-6485.1 3676.8 -11.0 317 0 10.1 11.2 5.0 2.5 2 1 2 5 5
-6881.7 3312.4 -9.3 23 0 12.3 16.5 5.0 2.5 2 1 2 0 0
-6817.4 3017.1 -10.3 302 0 15.7 11.3 5.0 2.5 2 0 2 5 5
-6774.3 2949.0 -9.6 106 0 7.6 15.9 5.0 2.5 2 1 2 3 3
-6758.7 2988.0 -8.5 267 0 6.5 8.9 5.0 2.5 2 1 2 0 0
-6747.4 2981.3 -8.2 274 0 4.3 5.3 5.0 2.5 2 1 2 1 1
-6858.3 2842.3 -11.6 27 0 12.0 15.4 5.0 2.5 2 1 2 5 5
-6874.2 2915.9 -11.6 166 0 9.3 7.9 5.0 2.5 4 0 2 4 4
-6880.2 2929.9 -11.6 172 0 14.2 12.2 5.0 2.5 2 0 2 0 0
-6881.2 3458.1 -10.7 114 0 8.6 5.6 5.0 2.5 2 0 2 2 2
-6899.6 3454.9 -11.0 127 0 7.1 9.8 5.0 2.5 2 1 2 0 0
-6856.2 3425.2 -9.5 126 0 4.1 4.1 5.0 2.5 2 0 2 3 3
-6821.6 3416.6 -8.8 40 0 6.9 5.7 5.0 2.5 4 0 2 4 4
-6806.2 3428.2 -9.1 212 0 9.2 9.9 5.0 2.5 2 1 2 1 1
-6789.2 3445.5 -10.2 215 0 10.1 12.9 5.0 2.5 2 1 2 3 3
-6783.2 3456.7 -10.5 215 0 6.7 8.8 5.0 2.5 2 1 2 2 2
-6803.4 3441.5 -9.4 40 0 5.0 6.0 5.0 2.5 2 1 2 0 0
-6796.4 3448.4 -10.0 39 0 10.1 8.1 5.0 2.5 2 0 2 2 2
-6786.4 3462.3 -10.9 36 0 6.2 12.9 5.0 2.5 2 1 2 0 0
-6774.4 3485.1 -12.0 28 0 7.5 14.2 5.0 2.5 2 1 2 4 4
-6761.1 3484.6 -11.9 224 0 9.1 14.2 5.0 2.5 2 1 2 5 5
-6775.0 3263.3 -10.1 37 0 13.6 9.3 2.5 0.0 0 0 1 1 1
-6803.9 3273.9 -9.9 225 0 10.2 15.3 2.5 2.5 2 1 1 4 4
-6700.7 3308.8 -9.6 297 0 6.8 11.2 5.0 2.5 2 1 2 4 4
-6726.4 3307.1 -9.4 213 0 9.2 16.8 5.0 2.5 2 1 2 1 1
-6752.6 3325.4 -10.0 36 0 7.2 8.8 2.5 2.5 2 1 1 2 2
-6742.4 3324.7 -10.1 32 0 13.5 8.0 2.5 2.5 2 0 1 1 1
-6514.7 3826.1 -10.9 303 0 11.5 7.7 5.0 2.5 2 0 2 0 0
-6454.6 3924.4 -9.9 40 0 6.2 8.6 5.0 2.5 2 1 2 0 0
-6440.6 3561.9 -11.8 213 0 7.6 11.9 2.5 0.0 0 1 1 4 4
-6437.4 3574.1 -11.6 217 0 7.9 16.0 2.5 2.5 2 1 1 3 3
-6385.7 3578.5 -11.3 315 0 14.2 15.5 2.5 2.5 2 1 1 5 5
-6415.9 3606.9 -10.8 224 0 10.4 14.0 2.5 2.5 2 1 1 5 5
-6314.1 3349.4 -10.1 217 0 10.9 12.8 5.0 2.5 2 1 2 0 0
-6320.3 3336.0 -10.1 217 0 12.6 13.8 5.0 2.5 4 1 2 4 4
-6346.8 3294.5 -10.5 226 0 8.2 11.7 5.0 2.5 2 1 2 3 3
-6389.3 3228.2 -10.6 210 0 10.9 11.4 5.0 2.5 2 1 2 1 1
-6359.3 3333.7 -10.7 31 0 9.4 15.0 5.0 2.5 2 1 2 3 3
-6333.4 3379.9 -10.9 34 0 6.9 9.0 5.0 2.5 2 1 2 2 2
-6372.6 3295.4 -10.9 38 0 11.2 9.4 5.0 2.5 2 0 2 4 4
-6384.5 3297.1 -10.9 30 0 5.2 6.1 5.0 0.0 0 1 2 4 4
-6380.5 3282.2 -11.0 30 0 10.7 9.9 5.0 2.5 2 0 2 4 4
-6435.3 3362.8 -11.3 219 0 12.6 15.8 5.0 2.5 2 1 2 0 0
-6474.1 3302.4 -11.4 211 0 8.4 14.2 5.0 2.5 2 1 2 5 5
-6474.2 3291.5 -11.3 213 0 6.7 9.8 5.0 2.5 2 1 2 2 2
-6483.8 3283.0 -11.4 216 0 8.4 11.5 5.0 2.5 2 1 2 3 3
-6512.9 3248.3 -11.4 207 0 10.3 7.4 5.0 2.5 2 0 2 1 1
-6447.6 3214.8 -10.8 112 0 4.7 4.7 5.0 2.5 2 1 2 5 5
-6430.0 3209.0 -10.7 28 0 13.6 7.8 5.0 2.5 2 0 2 3 3
-6409.8 3201.7 -10.3 201 0 9.9 8.3 5.0 2.5 2 0 2 2 2
-6276.7 3186.6 -11.1 85 0 10.0 18.5 5.0 2.5 2 1 2 3 3
-6297.4 3188.3 -11.2 81 0 9.9 9.7 5.0 2.5 2 0 2 2 2
-6265.4 3188.7 -10.8 89 0 8.5 14.7 5.0 2.5 2 1 2 0 0
-6241.4 3186.1 -10.5 87 0 10.2 20.6 5.0 2.5 2 1 2 2 2
-6210.3 3183.8 -10.1 74 0 8.0 8.7 5.0 2.5 4 1 2 2 2
-6166.9 3168.3 -9.9 157 0 5.6 9.6 2.5 2.5 2 1 1 2 2
-6146.7 3151.1 -10.3 104 0 7.6 10.9 2.5 2.5 2 1 1 2 2
-6166.4 3199.5 -9.2 156 0 5.5 10.3 2.5 2.5 2 1 1 3 3
-6166.0 3210.9 -8.8 155 0 6.1 9.1 2.5 2.5 2 1 1 4 4
-6130.8 3135.7 -9.7 248 0 15.1 10.0 2.5 2.5 2 0 1 0 0
-6131.0 3115.4 -10.0 163 0 9.8 14.4 2.5 2.5 2 1 1 1 1
-6094.1 3153.0 -7.5 248 0 9.6 18.3 2.5 0.0 0 1 1 5 5
-6079.8 3155.6 -6.9 247 0 8.5 16.4 2.5 2.5 2 1 1 3 3
-6071.6 3159.8 -6.8 232 0 7.5 15.1 2.5 2.5 2 1 1 5 5
-6044.6 3171.3 -6.7 248 0 8.7 14.4 2.5 2.5 2 1 1 3 3
-6007.2 3187.3 -6.9 247 0 8.3 18.0 2.5 2.5 2 1 1 3 3
-6033.9 3172.4 -6.7 234 0 7.6 11.2 2.5 2.5 2 1 1 2 2
-6043.8 3196.5 -8.6 59 0 5.9 12.4 2.5 2.5 2 1 1 1 1
-6028.8 3204.0 -8.3 77 0 8.8 12.1 2.5 2.5 2 1 1 5 5
-6013.5 3207.8 -8.1 47 0 12.9 14.6 2.5 0.0 0 1 1 3 3
-5993.1 3219.6 -7.8 72 0 9.6 13.1 2.5 2.5 2 1 1 5 5
-5953.3 3199.9 -7.0 253 0 14.4 12.6 2.5 0.0 0 0 1 3 3
-5965.5 3224.1 -7.3 70 0 6.8 10.3 2.5 2.5 2 1 1 1 1
-6094.4 3186.6 -9.4 69 0 6.9 7.4 2.5 2.5 2 1 1 4 4
-6079.1 3253.4 -8.9 248 0 13.7 12.9 2.5 2.5 2 0 1 4 4
-6092.3 3267.5 -8.9 245 0 7.9 12.2 2.5 2.5 4 1 1 0 0
-6107.8 3264.9 -8.8 256 0 9.1 12.6 2.5 2.5 2 1 1 1 1
-6089.9 3292.8 -8.8 68 0 6.8 10.8 5.0 0.0 0 1 2 1 1
-6070.8 3301.3 -9.0 69 0 8.9 16.8 5.0 2.5 2 1 2 2 2
-6152.2 3276.9 -8.9 71 0 9.0 16.4 5.0 2.5 2 1 2 3 3
-6169.0 3345.4 -10.3 254 0 10.4 11.8 5.0 2.5 2 1 2 4 4
-6106.2 3365.6 -10.3 251 0 9.4 16.3 5.0 2.5 4 1 2 2 2
-6126.8 3361.4 -10.3 251 0 11.0 19.6 5.0 2.5 2 1 2 0 0
-6082.2 3370.3 -10.2 249 0 11.1 8.3 5.0 2.5 2 0 2 4 4
-6071.6 3378.2 -10.3 245 0 8.8 13.9 5.0 2.5 2 1 2 3 3
-5773.0 3473.2 4.6 22 0 8.0 10.7 2.5 2.5 2 1 1 0 0
-6084.4 3399.1 -10.9 76 0 6.6 9.2 5.0 2.5 2 1 2 0 0
-6050.0 3406.9 -11.0 73 0 9.1 17.8 5.0 2.5 2 1 2 3 3
-6064.8 3405.4 -10.9 74 0 8.5 11.2 5.0 2.5 2 1 2 5 5
-5864.0 3372.3 -5.9 86 0 6.1 7.6 2.5 0.0 0 1 1 2 2
-5813.5 3403.0 -1.9 347 0 7.6 8.1 2.5 2.5 2 1 1 3 3
-5780.8 3414.2 -0.9 275 0 8.0 9.2 5.0 2.5 2 1 2 1 1
-5766.1 3398.4 -2.6 248 0 6.7 8.0 5.0 2.5 2 1 2 4 4
-5797.5 3388.7 -2.4 173 0 9.9 15.1 5.0 2.5 2 1 2 3 3
-5774.1 3384.5 -2.8 73 0 8.7 7.5 5.0 2.5 2 0 2 5 5
-5755.2 3386.1 -3.4 87 0 6.1 6.8 5.0 2.5 2 1 2 4 4
-5738.2 3385.0 -4.1 79 0 3.4 7.7 5.0 2.5 2 1 2 1 1
-6910.8 3281.9 -9.8 115 0 13.4 9.2 5.0 0.0 0 0 2 1 1
-6759.5 3394.2 -10.3 128 0 11.6 10.6 5.0 2.5 2 0 2 1 1
-6598.3 3243.7 -10.9 305 0 11.0 15.8 2.5 2.5 2 1 1 3 3
-6554.2 3170.8 -11.7 210 0 7.1 9.7 5.0 2.5 2 1 2 2 2
-6554.7 3182.0 -11.7 208 0 7.0 9.6 5.0 2.5 2 1 2 4 4
-6546.9 3189.5 -11.7 210 0 10.4 7.8 5.0 2.5 2 0 2 3 3
-6534.8 3213.6 -11.5 211 0 7.5 8.0 5.0 2.5 2 1 2 0 0
-6492.7 3179.3 -11.1 292 0 8.6 12.0 5.0 2.5 2 1 2 2 2
-6501.7 3202.0 -11.1 292 0 7.1 8.1 5.0 2.5 2 1 2 4 4
-6506.4 3192.0 -11.2 291 0 6.2 6.2 5.0 0.0 0 1 2 2 2
-6561.9 3159.8 -11.6 210 0 10.3 8.5 5.0 0.0 0 0 2 3 3
-6587.7 3170.9 -10.8 33 0 9.9 7.3 2.5 0.0 0 0 1 4 4
-5813.1 3523.5 8.6 263 0 8.3 8.5 2.5 2.5 2 1 1 5 5
-5787.9 3551.9 8.6 219 0 7.3 7.4 2.5 2.5 2 1 1 3 3
-5753.7 3518.5 5.6 2 0 5.9 6.3 2.5 2.5 2 1 1 1 1
-5793.2 3529.3 8.8 180 0 7.5 8.5 2.5 2.5 4 1 1 0 0
-6823.4 3427.1 -9.2 42 0 8.3 9.8 5.0 2.5 2 1 2 0 0
-6723.8 3405.4 -10.8 306 0 11.5 18.5 5.0 2.5 2 1 2 1 1
-6605.5 3302.8 -11.7 212 0 14.4 6.5 2.5 2.5 2 0 1 2 2
-6597.9 3299.5 -11.8 209 0 12.3 7.5 2.5 2.5 2 0 1 2 2
-6589.5 3286.6 -11.8 121 0 9.7 15.8 2.5 2.5 2 1 1 5 5
-6560.1 3264.0 -11.7 117 0 8.3 14.0 2.5 2.5 4 1 1 5 5
-6482.1 3338.7 -11.5 23 0 10.1 17.3 2.5 2.5 2 1 1 3 3
-6477.9 3352.1 -11.5 32 0 6.8 6.7 2.5 2.5 2 0 1 0 0
-6571.2 3340.4 -11.8 206 0 7.4 10.0 2.5 2.5 2 1 1 5 5
-6558.6 3379.6 -11.7 203 0 7.7 11.4 2.5 2.5 2 1 1 5 5
-6543.0 3389.4 -11.6 213 0 11.0 24.5 2.5 2.5 2 1 1 2 2
-6535.5 3403.3 -11.4 211 0 13.5 13.7 2.5 2.5 2 1 1 3 3
-6514.1 3442.4 -11.3 213 0 9.1 12.2 2.5 2.5 2 1 1 1 1
-6500.2 3462.9 -11.7 211 0 11.0 11.8 2.5 2.5 2 1 1 3 3
-6465.7 3525.1 -12.6 204 0 9.8 10.8 2.5 2.5 2 1 1 5 5
-6456.7 3540.7 -12.3 214 0 7.6 12.9 2.5 2.5 2 1 1 5 5
-6394.8 3473.7 -12.6 26 0 9.1 11.7 2.5 2.5 4 1 1 1 1
-6402.7 3485.6 -12.6 41 0 11.7 13.2 2.5 2.5 2 1 1 0 0
-6357.6 3534.9 -11.8 38 0 11.5 18.5 2.5 0.0 0 1 1 0 0
-6457.7 3385.2 -11.3 25 0 8.1 11.2 2.5 2.5 2 1 1 2 2
-6224.1 3351.7 -10.3 62 0 11.7 8.1 5.0 2.5 2 0 2 3 3
-6239.7 3367.8 -10.9 156 0 19.8 15.9 5.0 2.5 2 0 2 0 0
-6281.3 3145.0 -12.0 270 0 13.3 14.7 5.0 2.5 2 1 2 4 4
-6226.0 3084.3 -11.3 180 0 9.3 10.6 5.0 2.5 4 1 2 5 5
-6193.3 3094.6 -10.9 354 0 11.2 10.4 5.0 0.0 0 0 2 2 2
-6201.1 3116.3 -11.2 266 0 8.6 10.1 5.0 2.5 2 1 2 4 4
-6318.6 3149.2 -10.8 275 0 10.4 11.3 5.0 2.5 2 1 2 3 3
-6319.3 3136.3 -11.5 279 0 9.7 11.8 5.0 0.0 0 1 2 4 4
-6343.6 3190.4 -10.4 91 0 9.9 17.3 5.0 2.5 2 1 2 3 3
-6450.1 3101.6 -12.7 192 0 7.0 14.6 5.0 2.5 4 1 2 2 2
-6458.3 3167.7 -11.1 299 0 14.0 11.2 5.0 2.5 2 0 2 5 5
-6382.9 3246.3 -10.7 212 0 11.6 9.3 5.0 2.5 4 0 2 5 5
-6372.5 3102.4 -12.0 115 0 18.4 25.4 5.0 2.5 2 1 2 3 3
-6385.5 3110.8 -12.0 111 0 8.7 9.5 5.0 2.5 2 1 2 5 5
-6321.6 3204.1 -11.2 87 0 20.3 10.8 5.0 2.5 2 0 2 0 0
-6301.2 2908.3 -10.7 100 0 13.2 19.3 2.5 2.5 2 1 1 2 2
-6325.1 2912.9 -11.1 103 0 12.1 19.6 2.5 2.5 2 1 1 4 4
-6344.8 2918.5 -11.5 105 0 9.5 11.0 2.5 0.0 0 1 1 5 5
-6279.9 2875.2 -9.8 284 0 9.4 11.2 2.5 0.0 0 1 1 4 4
-6304.4 2885.8 -10.3 286 0 7.8 14.8 2.5 2.5 2 1 1 0 0
-6330.6 2889.0 -10.7 287 0 8.6 12.1 2.5 2.5 4 1 1 2 2
-6355.9 2891.6 -11.3 280 0 11.4 8.8 2.5 2.5 4 0 1 1 1
-6372.8 2924.4 -11.7 96 0 12.2 20.6 2.5 2.5 2 1 1 4 4
-6398.8 2930.2 -11.6 98 0 12.4 17.4 2.5 2.5 4 1 1 0 0
-6427.8 2908.7 -11.6 192 0 17.5 12.6 2.5 2.5 2 0 1 1 1
-6403.1 2901.4 -11.6 285 0 8.9 8.5 2.5 0.0 0 0 1 2 2
-6379.7 2893.8 -11.6 276 0 7.3 7.3 2.5 2.5 2 1 1 3 3
-6428.6 2932.4 -11.5 101 0 8.8 15.3 2.5 2.5 2 1 1 5 5
-6453.0 2913.5 -11.7 283 0 9.3 11.5 5.0 2.5 2 1 2 1 1
-6446.7 2831.1 -12.0 11 0 10.2 9.6 5.0 2.5 2 0 2 2 2
-6479.0 2920.5 -11.0 283 0 10.8 9.6 5.0 2.5 2 0 2 1 1
-6501.8 2926.9 -10.3 280 0 8.0 10.3 5.0 2.5 2 1 2 0 0
-6491.5 2950.6 -10.7 105 0 15.3 14.4 2.5 0.0 0 0 1 2 2
-6526.5 2919.8 -9.7 90 0 8.1 7.2 5.0 2.5 2 0 2 2 2
-6556.6 2936.7 -9.6 281 0 11.2 11.8 5.0 2.5 2 1 2 3 3
-6471.6 2738.3 -10.4 192 0 16.9 14.8 5.0 2.5 4 0 2 5 5
-6444.8 2725.1 -10.2 104 0 14.2 16.1 5.0 2.5 2 1 2 2 2
-6422.7 2721.9 -10.5 103 0 10.2 18.0 5.0 2.5 2 1 2 0 0
-6393.2 2714.8 -10.7 97 0 14.1 16.0 5.0 2.5 4 1 2 2 2
-6363.1 2706.9 -10.5 102 0 13.5 13.9 5.0 2.5 2 1 2 2 2
-6416.8 2689.6 -9.7 290 0 7.5 8.6 5.0 0.0 0 1 2 4 4
-6382.6 2686.3 -10.5 283 0 7.7 9.9 5.0 2.5 2 1 2 5 5
-6374.8 2679.0 -10.6 289 0 7.2 9.3 5.0 0.0 0 1 2 0 0
-6345.2 2675.8 -10.5 283 0 12.2 12.4 5.0 2.5 2 1 2 4 4
-6333.8 2670.6 -10.4 282 0 8.8 16.6 5.0 2.5 2 1 2 1 1
-6325.6 2647.1 -10.3 108 0 8.9 15.4 5.0 2.5 2 1 2 5 5
-6293.8 2666.4 -9.8 278 0 7.2 12.7 5.0 2.5 2 1 2 1 1
-6281.5 2670.7 -9.6 274 0 10.4 12.7 5.0 2.5 2 1 2 0 0
-6243.4 2683.2 -10.0 108 0 13.3 17.4 5.0 2.5 2 1 2 4 4
-6250.8 2632.3 -9.5 97 0 7.2 10.7 5.0 2.5 2 1 2 1 1
-6227.9 2651.5 -10.0 274 0 10.9 11.0 5.0 2.5 2 1 2 4 4
-6229.0 2679.4 -9.9 99 0 7.1 15.3 5.0 2.5 2 1 2 2 2
-6215.3 2679.5 -10.2 110 0 9.5 13.5 5.0 2.5 2 1 2 2 2
-6205.0 2673.8 -10.3 106 0 7.3 11.0 5.0 2.5 2 1 2 5 5
-6197.0 2647.4 -10.6 283 0 10.3 10.6 5.0 0.0 0 1 2 2 2
-6185.2 2637.8 -10.9 280 0 11.3 12.1 5.0 2.5 2 1 2 2 2
-6190.6 2671.3 -10.6 109 0 9.3 8.0 5.0 2.5 2 0 2 5 5
-6176.2 2672.2 -10.7 14 0 11.6 7.8 5.0 2.5 2 0 2 5 5
-6184.7 2689.7 -10.6 9 0 9.9 10.8 5.0 2.5 2 1 2 5 5
-6864.1 3349.3 -8.9 22 0 9.8 18.6 5.0 2.5 2 1 2 2 2
-6853.1 3437.3 -9.8 127 0 11.4 11.3 5.0 2.5 2 0 2 0 0
-6099.9 2859.4 -11.3 101 0 18.7 10.6 5.0 2.5 2 0 2 4 4
-6044.2 2823.5 -10.5 283 0 17.2 8.1 5.0 2.5 4 0 2 4 4
-6051.5 2810.4 -10.4 192 0 8.1 9.1 5.0 2.5 2 1 2 2 2
-6099.9 2758.9 -10.6 15 0 11.3 14.3 5.0 2.5 4 1 2 1 1
-6105.4 2721.7 -10.4 14 0 12.1 18.9 5.0 2.5 2 1 2 0 0
-6068.3 2728.8 -9.9 193 0 12.3 9.5 5.0 2.5 2 0 2 1 1
-6076.5 2696.1 -9.6 190 0 9.4 14.7 5.0 2.5 2 1 2 4 4
-6084.7 2675.5 -9.5 196 0 12.3 15.7 5.0 2.5 2 1 2 2 2
-6080.9 2648.4 -9.4 101 0 15.6 10.0 5.0 2.5 2 0 2 2 2
-6040.2 2636.7 -9.3 106 0 17.8 18.1 5.0 2.5 4 1 2 3 3
-6018.2 2633.0 -9.3 104 0 12.8 18.2 5.0 2.5 2 1 2 3 3
-5994.6 2624.1 -9.1 101 0 14.1 17.5 5.0 2.5 2 1 2 2 2
-6113.9 2683.0 -10.1 19 0 12.2 14.6 5.0 2.5 2 1 2 1 1
-6116.5 2670.7 -10.1 8 0 7.7 14.8 5.0 2.5 2 1 2 0 0
-6127.3 2656.8 -10.1 102 0 12.3 9.2 5.0 2.5 2 0 2 1 1
-6128.6 2639.0 -10.2 286 0 15.5 9.7 5.0 0.0 0 0 2 1 1
-6104.3 2556.5 -10.5 184 0 7.7 12.0 5.0 2.5 2 1 2 4 4
-5973.8 2621.5 -8.8 105 0 8.7 17.3 5.0 2.5 4 1 2 1 1
-5960.3 2612.6 -8.6 101 0 10.8 23.6 5.0 2.5 2 1 2 1 1
-5988.9 2597.8 -9.0 274 0 7.6 16.5 5.0 2.5 2 1 2 4 4
-5970.5 2583.9 -8.6 288 0 11.1 7.1 5.0 2.5 2 0 2 4 4
-5941.1 2585.2 -8.2 279 0 11.5 15.6 5.0 2.5 2 1 2 5 5
-5910.3 2613.0 -7.5 99 0 7.9 13.7 5.0 2.5 2 1 2 4 4
-5928.1 2588.0 -7.9 279 0 8.8 17.3 5.0 0.0 0 1 2 4 4
-5915.0 2585.8 -7.9 279 0 9.6 17.9 5.0 2.5 4 1 2 5 5
-5889.6 2579.9 -8.4 280 0 8.4 20.6 5.0 2.5 2 1 2 4 4
-5873.2 2602.6 -7.7 101 0 9.1 18.2 5.0 2.5 2 1 2 5 5
-5864.8 2639.2 -7.6 285 0 10.5 11.3 5.0 2.5 2 1 2 0 0
-5893.2 2606.2 -7.4 102 0 15.6 18.8 5.0 2.5 2 1 2 3 3
-5913.6 2532.4 -9.1 103 0 7.6 10.9 5.0 2.5 2 1 2 3 3
-5787.4 2587.9 -9.3 108 0 13.3 9.6 5.0 2.5 2 0 2 0 0
-5792.7 2553.1 -9.8 279 0 6.9 13.5 5.0 2.5 2 1 2 0 0
-5748.4 2546.9 -10.3 278 0 8.7 14.6 5.0 0.0 0 1 2 1 1
-5729.3 2545.4 -10.3 282 0 7.5 14.2 5.0 0.0 0 1 2 0 0
-5719.4 2544.3 -10.2 281 0 8.3 14.2 5.0 2.5 2 1 2 3 3
-5741.2 2570.8 -10.0 101 0 8.5 14.6 5.0 2.5 2 1 2 2 2
-5753.2 2573.7 -9.8 110 0 8.2 14.1 5.0 2.5 2 1 2 2 2
-5731.6 2598.6 -10.2 10 0 9.6 6.7 5.0 2.5 4 0 2 5 5
-5701.2 2570.1 -10.4 200 0 9.5 10.9 5.0 2.5 2 1 2 2 2
-6105.2 2536.5 -10.8 185 0 13.9 11.7 5.0 2.5 2 0 2 1 1
-6877.7 4049.0 -10.7 201 0 10.6 18.0 5.0 2.5 2 1 2 3 3
-6864.4 4090.0 -11.1 202 0 13.7 16.8 5.0 2.5 2 1 2 4 4
-6595.7 3977.6 -11.5 290 0 21.2 19.4 5.0 2.5 2 0 2 4 4
-6679.6 2823.4 -11.3 180 0 8.5 11.9 5.0 2.5 2 1 2 2 2
-6653.6 2796.9 -11.5 17 0 8.7 9.0 5.0 2.5 2 1 2 1 1
-6643.3 2800.9 -11.5 281 0 8.0 10.5 5.0 2.5 2 1 2 5 5
-6627.8 2797.0 -11.2 284 0 8.0 6.7 5.0 2.5 2 0 2 2 2
-6605.1 2807.9 -11.3 124 0 7.8 8.5 5.0 2.5 2 1 2 0 0
-6596.2 2801.2 -11.3 117 0 7.9 9.2 5.0 2.5 2 1 2 5 5
-6158.2 2645.3 -10.7 277 0 13.2 13.6 5.0 2.5 2 1 2 0 0
-6172.0 2574.2 -11.3 103 0 18.7 22.0 5.0 2.5 2 1 2 1 1
-6150.0 2562.4 -11.2 103 0 13.5 10.2 5.0 0.0 0 0 2 1 1
-5652.0 1055.8 -10.6 180 0 10.2 12.9 5.0 2.5 2 1 2 5 5
-5650.7 1079.2 -10.5 181 0 9.7 17.1 5.0 2.5 2 1 2 1 1
-5707.4 1143.5 -10.3 269 0 12.2 16.5 5.0 2.5 2 1 2 5 5
-5587.4 1171.9 -9.8 95 0 11.1 18.5 5.0 2.5 2 1 2 1 1
-5525.9 1162.7 -9.8 97 0 12.1 14.0 5.0 2.5 2 1 2 2 2
-5551.8 1139.2 -10.2 267 0 9.9 19.1 5.0 2.5 2 1 2 1 1
-5566.5 1142.3 -10.2 271 0 13.0 17.3 5.0 2.5 2 1 2 1 1
-5586.1 955.3 -11.2 90 0 9.3 17.1 5.0 2.5 2 1 2 1 1
-5575.4 952.4 -11.4 89 0 11.2 15.6 5.0 2.5 2 1 2 0 0
-5561.2 952.8 -11.5 92 0 8.0 9.0 5.0 2.5 4 1 2 3 3
-5602.5 921.3 -11.9 270 0 11.7 12.6 5.0 2.5 2 1 2 5 5
-5603.8 902.3 -12.3 272 0 8.6 9.5 5.0 2.5 2 1 2 0 0
-5578.3 922.9 -12.2 275 0 8.3 22.7 5.0 2.5 2 1 2 0 0
-5564.8 928.9 -12.0 271 0 11.1 15.2 5.0 2.5 2 1 2 0 0
-5551.8 923.1 -12.1 276 0 9.4 14.6 5.0 0.0 0 1 2 3 3
-5519.7 916.3 -12.1 272 0 12.4 10.5 5.0 2.5 2 0 2 3 3
-5503.6 915.3 -12.2 260 0 9.7 13.2 5.0 2.5 2 1 2 0 0
-5500.5 953.2 -11.7 95 0 11.1 18.2 5.0 2.5 2 1 2 1 1
-5513.5 949.4 -11.8 92 0 7.7 12.9 5.0 2.5 2 1 2 0 0
-5527.2 951.6 -11.7 88 0 11.5 10.9 5.0 2.5 2 0 2 0 0
-5538.6 946.8 -11.7 92 0 8.2 11.0 5.0 2.5 2 1 2 5 5
-5547.7 951.0 -11.6 93 0 8.2 10.3 5.0 2.5 2 1 2 4 4
-5565.0 1016.5 -10.9 91 0 7.9 13.0 5.0 2.5 2 1 2 4 4
-5412.0 985.1 -11.0 359 0 11.9 7.9 5.0 2.5 2 0 2 0 0
-5410.9 1017.6 -11.1 359 0 6.2 12.6 5.0 2.5 2 1 2 3 3
-5382.0 943.1 -10.9 92 0 7.2 10.5 5.0 2.5 2 1 2 0 0
-5372.3 913.4 -11.4 271 0 9.5 22.3 5.0 2.5 2 1 2 2 2
-5320.9 939.2 -10.6 90 0 7.3 13.5 5.0 2.5 2 1 2 0 0
-5307.3 939.2 -10.5 91 0 11.1 15.2 5.0 2.5 2 1 2 0 0
-5271.0 934.5 -10.1 91 0 11.3 16.1 5.0 2.5 2 1 2 2 2
-5321.5 907.0 -10.9 275 0 9.6 18.0 5.0 2.5 2 1 2 5 5
-5262.0 900.9 -10.4 269 0 12.8 12.8 5.0 2.5 2 1 2 0 0
-5241.5 905.3 -10.4 277 0 15.9 17.4 5.0 2.5 2 1 2 0 0
-5229.4 928.6 -10.2 89 0 7.4 14.7 5.0 2.5 4 1 2 0 0
-6427.5 3626.6 -10.7 34 0 8.5 21.8 5.0 2.5 2 1 2 4 4
-6443.7 3613.8 -11.1 29 0 11.3 13.5 5.0 2.5 4 1 2 1 1
-6449.4 3601.0 -11.3 29 0 8.3 8.7 5.0 2.5 2 1 2 4 4
-6460.1 3581.5 -11.9 31 0 12.4 18.8 5.0 2.5 4 1 2 1 1
-6495.1 3596.3 -11.9 212 0 9.5 8.0 5.0 2.5 2 0 2 1 1
-6489.0 3535.3 -12.7 22 0 8.9 18.2 5.0 2.5 2 1 2 5 5
-6527.6 3500.4 -12.7 125 0 15.6 11.1 5.0 2.5 2 0 2 2 2
-6548.1 3548.1 -12.8 126 0 13.2 14.4 5.0 2.5 2 1 2 0 0
-6564.6 3409.0 -11.6 30 0 8.2 10.2 5.0 2.5 2 1 2 0 0
-5856.4 3500.7 2.0 34 0 8.5 10.4 2.5 2.5 2 1 1 1 1
-5149.8 692.2 -11.3 190 0 16.2 14.4 5.0 2.5 2 0 2 5 5
-5129.7 676.3 -11.2 93 0 11.1 15.1 5.0 2.5 4 1 2 2 2
-5117.1 671.4 -10.9 96 0 9.8 13.8 5.0 2.5 4 1 2 4 4
-5102.9 667.3 -10.8 92 0 12.7 18.5 5.0 0.0 0 1 2 2 2
-5066.8 666.7 -10.4 96 0 8.7 16.4 5.0 2.5 2 1 2 2 2
-5076.1 677.7 -10.6 92 0 8.5 7.7 5.0 2.5 2 0 2 1 1
-5476.9 945.2 -11.6 90 0 10.4 17.5 5.0 2.5 2 1 2 4 4
-5449.3 943.8 -11.3 96 0 13.9 15.0 5.0 2.5 4 1 2 5 5
-5441.8 915.1 -11.6 273 0 15.1 12.6 5.0 2.5 2 0 2 4 4
-5396.3 1126.5 -10.4 188 0 11.7 17.9 5.0 2.5 2 1 2 1 1
-5357.0 1124.5 -10.2 271 0 10.2 10.2 5.0 2.5 2 0 2 4 4
-5315.9 1126.5 -10.1 271 0 11.0 18.7 5.0 2.5 2 1 2 4 4
-5331.6 1128.2 -10.1 267 0 10.5 18.7 5.0 0.0 0 1 2 0 0
-5185.0 1073.4 -9.7 5 0 8.4 10.9 5.0 2.5 2 1 2 0 0
-5161.4 1027.8 -10.4 7 0 10.6 12.3 5.0 2.5 4 1 2 4 4
-5158.2 1071.8 -9.2 6 0 7.7 11.6 5.0 2.5 2 1 2 0 0
-5157.4 1082.5 -8.9 3 0 9.3 12.8 5.0 0.0 0 1 2 4 4
-5137.8 1061.5 -9.5 185 0 8.4 10.1 5.0 0.0 0 1 2 1 1
-5137.6 1076.8 -9.2 182 0 8.5 9.7 5.0 0.0 0 1 2 5 5
-5134.5 1032.2 -10.0 183 0 7.8 12.2 5.0 2.5 2 1 2 1 1
-5138.3 1107.9 -8.7 181 0 13.7 10.2 5.0 2.5 2 0 2 2 2
-5108.3 1115.3 -8.7 270 0 11.9 12.3 5.0 0.0 0 1 2 1 1
-5154.4 1138.3 -8.1 88 0 9.8 12.1 5.0 2.5 2 1 2 4 4
-5168.2 1147.5 -8.2 91 0 10.0 17.2 5.0 0.0 0 1 2 0 0
-5181.0 1146.2 -8.1 94 0 9.7 15.0 5.0 2.5 4 1 2 5 5
-4982.5 1107.3 -9.7 277 0 19.7 18.3 5.0 2.5 2 0 2 0 0
-4940.1 912.2 -9.4 92 0 8.6 14.3 5.0 2.5 2 1 2 1 1
-4949.8 916.0 -9.4 92 0 8.7 17.5 5.0 2.5 2 1 2 4 4
-4963.7 917.9 -9.2 93 0 8.4 18.1 5.0 2.5 2 1 2 5 5
-4965.0 886.4 -9.5 274 0 9.2 18.5 5.0 0.0 0 1 2 3 3
-4982.0 921.7 -9.2 95 0 9.4 18.9 5.0 2.5 2 1 2 2 2
-4999.4 922.6 -9.4 88 0 8.6 11.3 5.0 2.5 2 1 2 5 5
-4749.2 790.2 -8.9 91 0 12.9 16.6 5.0 0.0 0 1 2 4 4
-4750.6 718.4 -9.4 351 0 11.0 9.5 5.0 2.5 2 0 2 1 1
-4754.0 735.2 -9.6 346 0 10.7 8.1 5.0 2.5 2 0 2 3 3
-4624.0 909.6 -10.8 8 0 22.8 10.8 5.0 2.5 2 0 2 5 5
-4795.8 882.4 -8.6 274 0 12.4 16.8 5.0 2.5 2 1 2 0 0
-4779.5 879.7 -8.5 276 0 10.1 18.6 5.0 2.5 2 1 2 1 1
-4770.1 908.6 -9.3 93 0 13.4 20.6 2.5 2.5 2 1 1 2 2
-4682.2 902.0 -9.9 90 0 9.3 15.2 2.5 2.5 2 1 1 3 3
-4704.4 911.3 -9.7 96 0 14.8 14.4 2.5 2.5 2 0 1 3 3
-4924.6 923.8 -9.6 87 0 7.4 10.6 5.0 2.5 2 1 2 1 1
-4909.3 915.9 -9.7 90 0 7.2 12.8 5.0 2.5 2 1 2 4 4
-5055.3 925.0 -9.8 91 0 10.9 12.8 5.0 2.5 2 1 2 1 1
-5077.4 922.2 -10.0 92 0 12.7 19.6 5.0 2.5 2 1 2 3 3
-5112.1 897.3 -10.6 270 0 10.5 20.2 5.0 2.5 2 1 2 0 0
-5024.8 894.0 -9.7 275 0 9.1 13.0 5.0 2.5 4 1 2 2 2
-5027.7 867.4 -10.0 271 0 10.3 8.7 5.0 2.5 2 0 2 0 0
-5000.1 888.5 -9.5 271 0 7.8 10.8 5.0 2.5 2 1 2 3 3
-4937.8 884.3 -9.6 271 0 13.8 14.3 5.0 2.5 2 1 2 0 0
-4881.6 877.2 -10.0 187 0 16.8 10.9 5.0 0.0 0 0 2 4 4
-4878.5 966.0 -10.1 177 0 8.2 16.4 2.5 2.5 2 1 1 1 1
-5212.6 905.2 -10.7 272 0 10.8 22.4 5.0 2.5 4 1 2 3 3
-5195.5 900.8 -10.8 271 0 9.6 17.7 5.0 2.5 2 1 2 2 2
-5182.7 897.2 -10.9 281 0 10.3 13.9 5.0 2.5 2 1 2 5 5
-5202.6 927.4 -10.5 90 0 26.0 22.9 5.0 2.5 2 0 2 2 2
-5166.7 902.8 -11.0 270 0 14.3 15.3 5.0 2.5 2 1 2 4 4
-5130.7 935.6 -10.4 178 0 10.9 8.3 5.0 0.0 0 0 2 5 5
-5135.9 917.5 -10.5 93 0 4.1 6.2 5.0 2.5 4 1 2 0 0
-5106.5 924.2 -10.2 95 0 11.6 13.1 5.0 2.5 2 1 2 0 0
-5095.5 929.1 -10.1 87 0 5.0 12.7 5.0 2.5 2 1 2 2 2
-5090.3 894.5 -10.4 272 0 9.7 15.0 5.0 2.5 2 1 2 3 3
-5081.8 892.5 -10.3 271 0 3.5 9.2 5.0 2.5 2 1 2 0 0
-5029.6 922.2 -9.7 94 0 11.3 14.1 5.0 0.0 0 1 2 3 3
-4983.3 890.3 -9.4 268 0 10.2 14.9 5.0 2.5 2 1 2 2 2
-4908.4 844.3 -10.1 8 0 10.5 13.7 5.0 0.0 0 1 2 3 3
-4913.2 832.0 -10.2 1 0 11.4 8.4 5.0 2.5 2 0 2 4 4
-4929.8 781.5 -10.7 0 0 12.9 14.7 5.0 2.5 2 1 2 5 5
-4911.4 758.1 -10.5 355 0 8.3 13.2 5.0 2.5 2 1 2 2 2
-4917.4 710.6 -10.3 0 0 9.7 13.0 5.0 2.5 2 1 2 5 5
-4892.4 698.7 -10.1 181 0 14.7 14.2 5.0 2.5 2 0 2 3 3
-4929.9 648.7 -10.6 90 0 8.2 22.2 5.0 2.5 2 1 2 1 1
-4990.1 683.5 -11.0 100 0 11.6 13.7 5.0 2.5 4 1 2 4 4
-5028.3 657.5 -10.4 100 0 10.7 12.7 5.0 2.5 2 1 2 3 3
-5016.1 655.0 -10.5 98 0 9.0 17.2 5.0 0.0 0 1 2 2 2
-5004.6 655.8 -10.5 95 0 6.3 12.3 5.0 2.5 2 1 2 3 3
-4993.7 655.0 -10.5 95 0 7.7 9.3 5.0 2.5 2 1 2 1 1
-4914.0 650.5 -10.4 2 0 11.0 8.9 5.0 2.5 2 0 2 0 0
-4757.2 602.3 -10.5 0 0 16.7 15.0 5.0 0.0 0 0 2 3 3
-4741.3 602.0 -10.3 360 0 17.9 12.9 5.0 0.0 0 0 2 5 5
-4726.5 604.9 -10.5 177 0 9.2 10.2 2.5 2.5 4 1 1 2 2
-4715.3 605.6 -10.4 176 0 15.5 11.3 2.5 2.5 2 0 1 1 1
-4876.2 386.4 -11.0 281 0 9.7 13.6 2.5 2.5 2 1 1 0 0
-4920.4 478.0 -9.6 193 0 9.0 14.1 2.5 2.5 2 1 1 5 5
-4928.2 447.3 -9.8 199 0 7.4 9.4 2.5 2.5 2 1 1 3 3
-4934.6 430.8 -10.0 187 0 10.4 15.0 2.5 2.5 4 1 1 5 5
-4938.2 471.1 -9.3 9 0 10.0 14.6 2.5 2.5 2 1 1 0 0
-4934.8 479.8 -9.0 10 0 4.9 9.6 2.5 0.0 0 1 1 3 3
-4954.1 476.2 -9.3 9 0 16.2 9.0 2.5 2.5 2 0 1 3 3
-4959.5 497.7 -8.8 5 0 13.4 12.1 2.5 2.5 2 0 1 4 4
-4957.6 512.0 -9.0 9 0 13.5 21.7 2.5 2.5 2 1 1 5 5
-4948.0 509.7 -9.1 11 0 12.2 8.3 2.5 2.5 4 0 1 5 5
-4929.4 508.9 -9.3 6 0 8.3 17.4 2.5 2.5 4 1 1 0 0
-4935.2 495.7 -9.1 11 0 10.3 13.1 2.5 0.0 0 1 1 0 0
-4938.6 399.3 -10.3 281 0 10.7 16.1 2.5 2.5 2 1 1 1 1
-4928.2 395.2 -10.4 277 0 8.1 12.8 2.5 0.0 0 1 1 3 3
-4890.1 388.7 -10.9 279 0 13.1 13.1 2.5 2.5 2 1 1 3 3
-4860.5 386.2 -11.1 283 0 9.3 9.1 2.5 2.5 2 0 1 5 5
-4909.4 417.5 -10.3 102 0 9.6 16.6 2.5 2.5 2 1 1 4 4
-4899.5 416.7 -10.4 98 0 8.6 14.0 2.5 2.5 4 1 1 0 0
-4885.5 414.7 -10.6 100 0 10.5 17.6 2.5 2.5 2 1 1 5 5
-4871.5 413.3 -11.0 104 0 12.4 11.6 2.5 2.5 4 0 1 1 1
-4859.4 411.6 -11.1 100 0 7.0 10.5 2.5 0.0 0 1 1 0 0
-4849.4 402.2 -11.2 95 0 8.8 14.8 2.5 0.0 0 1 1 2 2
-4839.5 381.3 -11.2 271 0 9.2 17.5 2.5 2.5 2 1 1 1 1
-4790.5 497.5 -11.7 282 0 8.2 14.8 2.5 2.5 2 1 1 2 2
-4790.8 508.6 -11.9 92 0 8.2 19.4 5.0 2.5 2 1 2 1 1
-4779.2 514.7 -12.0 92 0 8.7 11.2 5.0 2.5 2 1 2 4 4
-4766.8 510.5 -12.1 94 0 7.6 13.9 5.0 0.0 0 1 2 3 3
-4743.1 472.0 -11.9 3 0 9.3 15.2 2.5 2.5 2 1 1 0 0
-4585.6 644.7 -3.2 254 0 17.4 10.6 5.0 2.5 2 0 2 1 1
-4094.3 609.4 -9.7 163 0 8.0 12.8 2.5 2.5 2 1 1 3 3
-4097.2 625.3 -9.5 162 0 10.8 10.3 2.5 2.5 2 0 1 5 5
-4101.2 649.0 -9.1 164 0 11.0 21.8 2.5 2.5 2 1 1 3 3
-4070.5 762.1 -6.2 242 0 11.8 15.7 5.0 0.0 0 1 2 2 2
-4040.7 537.3 -10.0 148 0 15.8 10.8 5.0 2.5 2 0 2 5 5
-3845.2 691.3 -9.2 2 0 9.4 19.2 5.0 0.0 0 1 2 4 4
-5923.2 1087.0 -12.6 270 0 11.9 14.1 5.0 2.5 2 1 2 4 4
-5926.6 1155.0 -12.1 270 0 9.4 13.6 5.0 0.0 0 1 2 2 2
-5914.6 1151.2 -12.1 271 0 12.0 10.9 5.0 2.5 2 0 2 5 5
-5885.2 1151.4 -12.1 271 0 8.0 10.0 5.0 0.0 0 1 2 3 3
-5871.8 1152.2 -12.1 269 0 8.7 13.5 5.0 2.5 2 1 2 2 2
-5931.6 1173.5 -11.8 90 0 7.3 11.8 5.0 2.5 2 1 2 3 3
-5921.2 1174.7 -11.8 92 0 10.6 15.2 5.0 2.5 2 1 2 5 5
-5868.3 1174.2 -11.8 87 0 6.7 9.9 5.0 0.0 0 1 2 4 4
-5814.0 1153.5 -11.8 269 0 13.6 22.1 5.0 2.5 4 1 2 3 3
-5708.1 1175.3 -9.3 93 0 11.4 17.0 5.0 2.5 4 1 2 3 3
-5695.9 1174.8 -9.2 90 0 9.4 16.9 5.0 2.5 2 1 2 4 4
-5682.4 1172.8 -9.1 91 0 8.7 10.0 5.0 2.5 2 1 2 2 2
-5721.1 1147.4 -10.5 268 0 8.3 10.7 5.0 2.5 2 1 2 1 1
-5683.6 1145.6 -9.8 267 0 9.8 12.9 5.0 0.0 0 1 2 3 3
-5673.6 1095.6 -10.1 351 0 10.3 13.0 5.0 2.5 2 1 2 0 0
-5668.1 1036.0 -10.6 357 0 9.8 17.7 5.0 0.0 0 1 2 0 0
-5669.4 1018.3 -10.9 353 0 9.5 16.0 5.0 2.5 2 1 2 2 2
-5687.9 1017.5 -11.2 7 0 14.3 11.2 5.0 2.5 2 0 2 3 3
-5670.2 1057.4 -10.3 1 0 6.0 9.6 5.0 0.0 0 1 2 3 3
-5476.5 1139.2 -10.3 270 0 10.6 21.9 5.0 2.5 2 1 2 1 1
-5447.8 1137.8 -10.5 272 0 16.3 12.5 5.0 2.5 2 0 2 5 5
-5500.7 1166.8 -9.8 90 0 8.4 16.7 5.0 2.5 2 1 2 1 1
-5536.7 1136.1 -10.1 270 0 8.9 10.3 5.0 2.5 2 1 2 0 0
-5616.1 1140.8 -10.3 271 0 15.7 18.4 5.0 2.5 2 1 2 0 0
-5621.9 1176.8 -9.5 93 0 10.1 9.4 5.0 0.0 0 0 2 5 5
-5667.6 975.4 -11.1 3 0 10.0 16.1 5.0 0.0 0 1 2 0 0
-5668.9 963.6 -11.1 359 0 8.2 14.2 5.0 2.5 2 1 2 0 0
-5666.7 921.2 -11.6 6 0 11.6 16.5 2.5 2.5 2 1 1 3 3
-5696.1 934.8 -11.6 280 0 12.7 12.0 2.5 2.5 2 0 1 5 5
-5649.6 923.2 -11.5 187 0 12.9 13.8 5.0 2.5 2 1 2 0 0
-5773.4 924.2 -12.4 276 0 9.4 14.8 2.5 2.5 2 1 1 1 1
-5737.7 840.5 -13.5 98 0 16.6 13.8 2.5 2.5 2 0 1 3 3
-5730.1 823.7 -13.6 88 0 26.0 10.9 2.5 2.5 2 0 1 4 4
-5719.3 813.9 -13.5 171 0 15.9 9.8 2.5 2.5 2 0 1 5 5
-5708.1 827.2 -13.4 179 0 11.8 9.5 2.5 2.5 2 0 1 2 2
-5901.0 801.3 -13.6 156 0 11.9 10.4 2.5 2.5 2 0 1 1 1
-5908.2 888.2 -13.8 269 0 13.6 8.7 2.5 2.5 2 0 1 2 2
-5904.6 873.0 -14.1 276 0 14.4 9.1 2.5 0.0 0 0 1 4 4
-6055.9 801.7 -12.6 6 0 6.2 14.8 2.5 0.0 0 1 1 4 4
-6210.2 519.7 -12.3 90 0 13.6 15.3 5.0 2.5 2 1 2 0 0
-5783.7 967.1 -11.9 92 0 9.2 13.7 5.0 2.5 2 1 2 0 0
-5796.6 965.7 -11.9 93 0 10.9 11.3 5.0 2.5 2 1 2 5 5
-5650.3 878.6 -12.4 179 0 10.6 10.1 5.0 0.0 0 0 2 4 4
-5644.7 866.7 -12.7 183 0 7.7 10.0 5.0 2.5 2 1 2 3 3
-6166.3 525.2 -12.5 180 0 11.0 8.1 5.0 2.5 2 0 2 3 3
-6149.2 519.1 -12.5 93 0 9.6 12.4 5.0 2.5 2 1 2 1 1
-6199.5 488.9 -12.9 269 0 11.2 16.0 5.0 2.5 2 1 2 2 2
-5821.1 966.6 -12.1 92 0 7.6 12.6 5.0 2.5 4 1 2 5 5
-5810.1 937.8 -12.5 266 0 13.0 15.7 2.5 2.5 4 1 1 3 3
-5652.0 893.5 -12.2 181 0 14.6 14.6 5.0 2.5 2 1 2 3 3
-5627.4 924.9 -11.7 271 0 7.6 14.4 5.0 2.5 2 1 2 4 4
-5618.4 920.5 -11.8 271 0 8.1 12.6 5.0 2.5 2 1 2 2 2
-5423.3 796.7 -12.7 358 0 12.7 13.4 5.0 2.5 2 1 2 4 4
-5396.0 793.9 -12.4 183 0 14.5 12.8 5.0 2.5 2 0 2 2 2
-5357.0 724.3 -11.9 98 0 7.4 16.0 5.0 0.0 0 1 2 4 4
-5333.0 716.5 -11.8 99 0 8.9 14.2 5.0 2.5 2 1 2 4 4
-5320.6 718.4 -11.7 93 0 9.2 11.6 5.0 0.0 0 1 2 0 0
-5258.7 702.6 -11.6 99 0 8.2 14.3 5.0 2.5 2 1 2 0 0
-5238.9 658.2 -11.1 274 0 8.6 15.5 2.5 2.5 2 1 1 3 3
-5257.9 669.6 -11.3 279 0 16.6 20.8 2.5 2.5 2 1 1 0 0
-5228.7 656.1 -11.0 275 0 8.7 19.3 2.5 2.5 2 1 1 3 3
-5058.0 621.0 -9.2 271 0 12.8 15.9 2.5 2.5 2 1 1 3 3
-4920.3 601.5 -10.9 360 0 24.6 11.6 2.5 0.0 0 0 1 2 2
-5007.0 563.7 -9.3 278 0 21.1 12.1 2.5 2.5 2 0 1 3 3
-4877.1 923.4 -9.8 175 0 12.2 8.7 2.5 2.5 2 0 1 3 3
-4848.8 915.8 -9.4 93 0 8.2 8.4 2.5 2.5 2 1 1 3 3
-4806.5 908.8 -9.0 91 0 7.2 13.3 2.5 2.5 2 1 1 0 0
-4707.3 876.8 -9.1 270 0 11.5 21.5 5.0 2.5 2 1 2 0 0
-5548.8 532.1 -13.4 97 0 6.8 15.2 5.0 2.5 2 1 2 1 1
-5524.5 527.7 -13.1 89 0 6.7 16.5 5.0 2.5 2 1 2 4 4
-5495.6 552.7 -12.9 89 0 11.3 9.2 5.0 2.5 2 0 2 5 5
-5501.9 525.1 -13.0 98 0 7.0 17.6 5.0 2.5 2 1 2 2 2
-5470.4 524.2 -12.7 100 0 12.2 9.6 5.0 2.5 2 0 2 5 5
-5418.6 545.2 -11.6 182 0 8.9 13.6 2.5 2.5 2 1 1 1 1
-5405.3 507.1 -11.3 88 0 9.7 14.7 2.5 2.5 2 1 1 3 3
-5780.4 688.9 -13.5 256 0 10.5 13.5 5.0 2.5 2 1 2 3 3
-5728.7 706.6 -14.1 260 0 13.9 20.6 5.0 2.5 2 1 2 1 1
-5381.2 731.3 -11.9 98 0 10.3 11.9 5.0 0.0 0 1 2 2 2
-5321.9 672.4 -11.5 284 0 9.0 20.3 2.5 2.5 2 1 1 5 5
-5333.8 680.8 -11.6 269 0 10.4 22.6 2.5 2.5 2 1 1 3 3
-5238.0 697.4 -11.5 97 0 12.1 17.8 5.0 0.0 0 1 2 3 3
-5071.8 622.6 -9.2 280 0 9.1 16.0 2.5 2.5 2 1 1 0 0
-5028.2 612.4 -9.2 275 0 13.5 10.0 2.5 2.5 2 0 1 4 4
-4781.4 645.1 -8.8 83 0 7.4 17.2 5.0 0.0 0 1 2 5 5
-4186.3 761.6 -8.0 113 0 9.2 16.0 5.0 2.5 2 1 2 3 3
-4174.3 760.9 -7.7 109 0 4.4 18.8 5.0 2.5 2 1 2 5 5
-4198.1 767.2 -8.0 110 0 6.6 9.8 5.0 2.5 2 1 2 4 4
-4209.8 770.3 -8.2 101 0 6.8 13.6 5.0 0.0 0 1 2 5 5
-4222.9 774.4 -8.3 108 0 8.9 17.5 5.0 2.5 2 1 2 4 4
-4281.9 790.9 -9.0 103 0 7.0 18.7 5.0 2.5 2 1 2 4 4
-4266.6 787.6 -8.8 105 0 12.0 17.0 5.0 2.5 2 1 2 3 3
-4236.5 743.5 -9.9 290 0 17.4 14.0 5.0 2.5 2 0 2 3 3
-4222.6 736.7 -9.9 279 0 9.0 16.7 5.0 0.0 0 1 2 4 4
-4184.1 712.0 -9.6 309 0 14.1 10.1 5.0 2.5 2 0 2 1 1
-4128.9 727.8 -7.8 108 0 15.6 14.0 5.0 2.5 2 0 2 4 4
-4122.5 810.9 -5.3 17 0 8.9 7.6 5.0 2.5 2 0 2 0 0
-5050.1 893.7 -10.0 273 0 11.2 13.6 5.0 2.5 2 1 2 3 3
-4825.9 882.2 -9.1 274 0 19.8 17.5 5.0 2.5 2 0 2 2 2
-4831.3 911.3 -9.2 89 0 7.1 15.0 2.5 0.0 0 1 1 3 3
-4853.4 870.5 -9.5 267 0 8.6 7.8 5.0 2.5 2 0 2 4 4
-4849.1 647.6 -9.6 93 0 7.7 13.0 5.0 2.5 2 1 2 3 3
-4840.8 650.5 -9.5 91 0 5.4 11.9 5.0 2.5 2 1 2 4 4
-4731.6 509.3 -11.4 183 0 10.9 12.4 2.5 2.5 2 1 1 5 5
-4726.4 527.0 -11.1 185 0 12.7 13.7 2.5 2.5 2 1 1 2 2
-4395.2 713.9 -10.8 87 0 9.2 8.0 5.0 2.5 4 0 2 2 2
-5354.7 1148.1 -9.6 90 0 7.4 8.4 5.0 2.5 2 1 2 2 2
-5346.5 1147.1 -9.6 98 0 7.5 7.9 5.0 2.5 4 1 2 0 0
-5083.3 1141.1 -8.8 93 0 9.5 24.7 5.0 2.5 2 1 2 0 0
-6591.1 3863.2 -11.9 202 0 13.7 19.1 5.0 2.5 2 1 2 4 4
1950.8 -2944.8 10.3 98 0 13.9 17.3 2.5 2.5 2 1 1 0 0
1968.4 -2928.1 10.0 261 0 13.6 14.6 2.5 2.5 2 1 1 1 1
1946.4 -2862.4 9.1 194 0 10.1 11.5 5.0 2.5 2 1 2 2 2
1947.1 -2885.2 7.8 94 0 12.6 13.2 5.0 2.5 4 1 2 2 2
1983.9 -2880.9 9.6 97 0 27.2 13.6 5.0 2.5 2 0 2 5 5
1997.0 -2993.4 13.0 84 0 8.7 10.6 2.5 2.5 2 1 1 4 4
2026.8 -2968.4 11.3 80 0 10.7 9.1 2.5 2.5 2 0 1 0 0
2051.0 -2930.0 9.3 275 0 9.0 11.0 2.5 2.5 2 1 1 5 5
2090.8 -2887.7 6.9 96 0 10.9 12.1 5.0 2.5 2 1 2 2 2
2095.8 -2922.3 8.2 267 0 7.7 12.4 2.5 2.5 2 1 1 3 3
2105.8 -2921.1 7.9 266 0 9.5 12.5 2.5 2.5 2 1 1 0 0
2191.5 -2845.4 6.1 86 0 14.5 11.3 5.0 2.5 2 0 2 3 3
2184.0 -2829.4 6.8 172 0 7.5 13.4 5.0 0.0 0 1 2 2 2
2229.2 -2808.9 5.5 269 0 8.5 11.5 5.0 2.5 2 1 2 2 2
2350.8 -2869.8 -3.7 266 0 8.7 11.4 5.0 0.0 0 1 2 3 3
2446.7 -2874.6 -5.8 1 0 12.8 11.0 2.5 2.5 2 0 1 2 2
2381.6 -3054.7 -0.5 91 0 9.8 15.6 7.5 2.5 2 1 3 0 0
2408.6 -3007.3 -2.0 0 0 13.4 11.3 5.0 2.5 2 0 2 5 5
2549.7 -2884.6 -3.8 1 0 12.0 11.6 5.0 2.5 2 0 2 1 1
2555.2 -2824.3 -4.0 2 0 11.5 15.5 5.0 0.0 0 1 2 1 1
2570.0 -2864.0 -2.4 180 0 9.0 6.6 5.0 2.5 2 0 2 1 1
2572.1 -2839.7 -2.5 188 0 7.4 12.2 5.0 2.5 2 1 2 5 5
2573.8 -2831.7 -2.6 176 0 5.8 11.6 5.0 2.5 2 1 2 2 2
2573.0 -2774.4 -2.8 175 0 9.2 13.7 5.0 2.5 2 1 2 4 4
2577.4 -2811.9 -2.7 178 0 13.1 15.1 5.0 2.5 2 1 2 0 0
-2781.1 -2520.2 -13.1 187 0 11.5 16.7 5.0 2.5 2 1 2 5 5
-2791.1 -2595.2 -10.9 179 0 12.1 20.9 5.0 2.5 2 1 2 0 0
-2780.2 -2497.5 -13.5 187 0 15.4 15.7 5.0 2.5 4 1 2 2 2
-2750.1 -2576.5 -11.9 8 0 8.0 10.3 5.0 2.5 2 1 2 0 0
-2744.6 -2533.6 -12.8 358 0 8.8 15.7 5.0 0.0 0 1 2 2 2
-2741.1 -2503.2 -13.2 358 0 10.5 11.8 5.0 2.5 2 1 2 1 1
-2729.6 -2579.1 -12.8 179 0 7.0 13.4 5.0 2.5 2 1 2 0 0
-2729.0 -2560.9 -12.8 183 0 7.3 11.5 5.0 2.5 2 1 2 4 4
-2729.1 -2551.2 -12.7 170 0 5.0 9.4 5.0 2.5 2 1 2 2 2
-2699.5 -2561.0 -13.8 353 0 7.6 11.0 5.0 0.0 0 1 2 0 0
-2700.7 -2548.1 -13.7 357 0 7.0 9.8 5.0 2.5 2 1 2 3 3
-2693.9 -2516.0 -13.6 347 0 6.4 9.5 5.0 2.5 2 1 2 5 5
-2682.6 -2502.5 -12.7 179 0 13.1 14.4 2.5 2.5 2 1 1 3 3
-2677.6 -2531.9 -13.0 179 0 7.7 8.2 2.5 2.5 2 1 1 4 4
-2678.2 -2544.7 -13.5 174 0 6.6 9.9 2.5 2.5 2 1 1 4 4
-2734.3 -2705.2 -7.5 276 0 10.7 13.0 2.5 2.5 2 1 1 3 3
-2712.9 -2708.1 -8.6 272 0 10.4 12.0 2.5 2.5 4 1 1 2 2
-2700.9 -2662.7 -10.5 7 0 9.9 11.2 5.0 2.5 2 1 2 0 0
-2662.8 -2706.0 -11.0 270 0 9.3 16.7 2.5 2.5 2 1 1 5 5
-2635.7 -2498.1 -13.2 266 0 12.5 12.9 2.5 2.5 2 1 1 3 3
-2572.0 -2280.8 -9.0 269 0 11.9 18.5 5.0 2.5 2 1 2 4 4
-2543.5 -2365.3 -10.1 2 0 13.0 14.5 5.0 2.5 2 1 2 0 0
-2515.9 -2370.7 -9.2 6 0 10.3 19.5 5.0 2.5 2 1 2 2 2
-2524.0 -2408.4 -11.6 9 0 21.1 19.1 5.0 2.5 2 0 2 3 3
-2492.4 -2440.7 -11.2 176 0 12.0 21.4 5.0 2.5 2 1 2 4 4
-2495.3 -2396.1 -9.3 170 0 10.1 12.3 5.0 2.5 4 1 2 3 3
-2494.1 -2252.6 -6.3 181 0 9.4 11.2 2.5 2.5 4 1 1 2 2
-2492.2 -2242.4 -6.9 180 0 8.2 10.9 2.5 2.5 2 1 1 4 4
-2491.2 -2226.0 -6.6 181 0 8.5 7.6 2.5 2.5 2 0 1 0 0
-2558.8 -2049.1 -8.2 89 0 17.4 16.5 2.5 2.5 2 0 1 3 3
-2582.8 -2042.8 -8.8 88 0 10.1 11.6 2.5 2.5 2 1 1 0 0
-2504.0 -2530.9 -13.7 90 0 14.3 15.0 2.5 2.5 2 1 1 5 5
-2521.1 -2279.7 -6.0 272 0 11.5 8.4 5.0 2.5 4 0 2 5 5
-3113.7 -739.6 -7.4 238 0 11.6 7.2 2.5 0.0 0 0 1 1 1
-3147.1 -785.3 -6.6 112 0 8.2 10.5 2.5 2.5 2 1 1 2 2
-3128.8 -809.4 -4.8 266 0 6.7 9.2 2.5 2.5 2 1 1 3 3
-3143.1 -857.1 -4.7 93 0 5.8 9.4 2.5 2.5 2 1 1 4 4
-3086.7 -862.2 -2.8 102 0 9.7 9.4 2.5 2.5 2 0 1 5 5
-3048.6 -812.2 -3.7 258 0 5.7 11.2 2.5 2.5 2 1 1 2 2
-3027.4 -847.6 -2.6 153 0 6.6 9.1 2.5 2.5 2 1 1 1 1
-3026.1 -797.8 -4.1 271 0 7.6 6.3 2.5 2.5 2 0 1 4 4
-2976.4 -870.6 -1.7 89 0 7.8 12.4 2.5 2.5 2 1 1 2 2
-2919.9 -799.8 -3.3 175 0 9.4 9.2 5.0 2.5 2 0 2 2 2
-2826.1 -791.1 -2.2 267 0 11.3 11.5 5.0 2.5 2 1 2 3 3
-2817.6 -810.0 -1.8 359 0 9.4 10.0 5.0 2.5 2 1 2 1 1
-2815.1 -833.6 -1.8 357 0 31.3 20.1 5.0 0.0 0 0 2 3 3
-3072.5 -691.4 -4.9 65 0 12.1 12.3 5.0 2.5 2 1 2 5 5
-3045.1 -682.6 -4.4 84 0 9.8 10.6 5.0 2.5 2 1 2 0 0
-3023.9 -676.3 -4.0 48 0 9.2 11.4 5.0 2.5 2 1 2 4 4
-3008.3 -628.7 -2.6 239 0 8.9 9.2 5.0 2.5 2 1 2 1 1
-2915.7 -664.0 -4.9 115 0 7.1 8.9 5.0 2.5 4 1 2 2 2
-3231.8 -850.6 -8.1 179 0 9.2 14.0 2.5 2.5 2 1 1 2 2
-3224.5 -833.6 -7.7 183 0 8.7 7.6 2.5 2.5 4 0 1 0 0
-3244.0 -709.5 -6.9 256 0 8.6 7.2 2.5 2.5 2 0 1 2 2
-3278.5 -750.5 -8.6 184 0 5.7 7.9 2.5 2.5 2 1 1 4 4
-3685.8 -981.6 -12.7 185 0 24.7 12.4 12.5 2.5 2 0 5 3 3
-3658.3 -966.2 -12.2 270 0 20.0 13.5 7.5 2.5 2 0 3 1 1
-3687.4 -867.9 -12.1 265 0 17.3 11.7 5.0 2.5 2 0 2 4 4
-3629.7 -789.0 -11.5 290 0 25.4 22.0 5.0 2.5 2 0 2 5 5
-3650.8 -761.4 -11.3 264 0 13.5 12.6 5.0 0.0 0 0 2 0 0
-3684.2 -741.5 -11.3 84 0 13.3 36.8 2.5 2.5 2 1 1 5 5
-3717.5 -710.7 -11.2 172 0 5.1 6.3 2.5 2.5 2 1 1 4 4
-3544.8 -838.5 -11.5 99 0 12.3 17.3 5.0 2.5 2 1 2 0 0
-3522.6 -847.1 -11.4 91 0 29.8 10.7 5.0 2.5 2 0 2 4 4
-3481.3 -828.1 -11.7 4 0 26.0 23.9 5.0 0.0 0 0 2 2 2
-3515.4 -771.0 -11.9 268 0 27.3 19.8 5.0 2.5 2 0 2 2 2
-3413.8 -814.4 -12.1 90 0 12.9 31.2 5.0 0.0 0 1 2 0 0
-3309.1 -827.4 -10.5 93 0 13.5 30.3 2.5 2.5 2 1 1 4 4
-3323.5 -779.6 -10.7 274 0 20.8 14.3 2.5 2.5 2 0 1 4 4
-3785.2 -1289.9 -13.2 266 0 7.4 8.8 5.0 2.5 2 1 2 3 3
-3800.8 -1278.7 -13.0 93 0 7.4 5.0 5.0 2.5 4 0 2 3 3
-3812.3 -1279.0 -13.0 92 0 7.1 4.0 5.0 2.5 2 0 2 1 1
-3830.3 -1293.1 -13.2 260 0 14.3 9.8 5.0 2.5 2 0 2 2 2
-3831.6 -1277.8 -13.0 101 0 9.4 7.2 5.0 2.5 2 0 2 0 0
-3847.8 -1277.4 -13.0 107 0 6.4 6.7 5.0 2.5 2 1 2 5 5
-3862.7 -1268.3 -13.0 98 0 11.4 9.8 5.0 2.5 2 0 2 2 2
-3818.4 -1419.8 -12.6 176 0 12.8 4.6 5.0 2.5 2 0 2 4 4
-3796.2 -1418.4 -12.5 3 0 11.9 15.1 2.5 2.5 2 1 1 2 2
-3734.1 -1454.9 -11.7 83 0 7.5 9.8 2.5 2.5 4 1 1 3 3
-3710.6 -1424.8 -11.7 3 0 9.7 10.6 2.5 0.0 0 1 1 5 5
-3695.3 -1375.2 -12.0 359 0 9.4 14.6 2.5 2.5 2 1 1 4 4
-3648.4 -1585.0 -10.0 96 0 7.5 17.2 2.5 2.5 2 1 1 2 2
-3634.5 -1608.2 -9.9 281 0 6.2 10.6 2.5 2.5 2 1 1 1 1
-3589.4 -1620.4 -9.7 276 0 7.2 12.0 2.5 2.5 2 1 1 3 3
-3568.8 -1620.7 -9.5 270 0 6.8 12.6 2.5 2.5 2 1 1 3 3
-3563.7 -1594.9 -9.2 98 0 8.2 11.5 2.5 2.5 2 1 1 2 2
-3594.3 -1587.1 -9.6 95 0 13.4 12.2 2.5 2.5 2 0 1 4 4
-3617.2 -1586.5 -9.7 90 0 7.3 9.8 2.5 0.0 0 1 1 4 4
-3691.9 -1623.1 -10.6 274 0 9.2 14.3 2.5 2.5 2 1 1 3 3
-3672.3 -1625.9 -10.5 277 0 9.3 17.2 2.5 2.5 2 1 1 5 5
-3690.2 -1582.5 -10.3 92 0 7.6 12.4 2.5 2.5 4 1 1 4 4
-3719.2 -1616.7 -10.8 271 0 8.8 13.0 2.5 2.5 2 1 1 1 1
-3536.6 -1577.0 -9.2 0 0 13.8 13.9 2.5 2.5 2 1 1 0 0
-3505.2 -1546.5 -9.6 182 0 9.5 17.6 5.0 0.0 0 1 2 5 5
-3505.3 -1522.2 -9.5 179 0 7.5 11.1 5.0 2.5 2 1 2 5 5
-3490.0 -1516.4 -9.7 273 0 5.0 8.7 5.0 2.5 2 1 2 4 4
-3458.5 -1510.9 -10.3 277 0 9.4 5.2 5.0 2.5 2 0 2 1 1
-3512.6 -1486.9 -9.7 187 0 5.9 7.9 5.0 0.0 0 1 2 4 4
-3502.8 -1627.4 -8.8 177 0 8.2 13.1 5.0 2.5 2 1 2 3 3
-3509.1 -1593.6 -9.2 179 0 15.0 14.5 5.0 0.0 0 0 2 1 1
-3520.5 -1702.2 -9.5 190 0 13.4 13.9 5.0 0.0 0 1 2 5 5
-3520.1 -1729.1 -9.5 178 0 10.4 16.9 5.0 2.5 2 1 2 5 5
-3515.1 -1779.5 -9.7 182 0 11.3 18.6 5.0 0.0 0 1 2 3 3
-3510.6 -1811.5 -9.9 100 0 14.6 8.9 5.0 2.5 2 0 2 2 2
-3514.2 -1821.6 -10.2 279 0 11.2 7.9 5.0 2.5 2 0 2 5 5
-3523.1 -1852.0 -10.3 181 0 10.1 17.3 5.0 2.5 2 1 2 4 4
-5269.7 483.9 -10.4 98 0 7.0 15.1 2.5 2.5 2 1 1 4 4
-3554.0 -1807.4 -11.1 96 0 14.4 13.4 2.5 2.5 2 0 1 3 3
-5390.3 505.6 -11.2 90 0 6.9 17.9 2.5 2.5 2 1 1 4 4
-5379.6 505.2 -11.1 96 0 7.3 15.9 2.5 2.5 2 1 1 5 5
-5288.8 488.3 -10.7 102 0 12.1 16.2 2.5 2.5 2 1 1 5 5
-5309.1 493.6 -10.8 95 0 9.4 9.1 2.5 2.5 2 0 1 0 0
-5236.2 481.0 -9.9 101 0 8.3 9.9 2.5 2.5 2 1 1 4 4
-5221.4 469.6 -10.1 97 0 9.6 15.5 2.5 2.5 4 1 1 1 1
-5207.3 469.3 -10.3 100 0 8.5 9.6 2.5 2.5 2 1 1 2 2
-5183.7 479.0 -10.4 6 0 8.6 9.8 2.5 2.5 2 1 1 3 3
-5159.5 530.2 -9.9 189 0 8.5 10.6 2.5 2.5 4 1 1 1 1
-5159.6 516.3 -10.1 179 0 7.2 8.9 2.5 2.5 2 1 1 1 1
-5163.7 505.9 -10.3 187 0 8.9 14.0 2.5 2.5 2 1 1 1 1
-5138.5 463.1 -10.5 101 0 7.6 13.5 2.5 2.5 2 1 1 5 5
-5126.5 458.5 -10.3 99 0 11.0 15.8 2.5 2.5 2 1 1 5 5
-5093.3 496.4 -9.2 106 0 8.0 9.3 2.5 2.5 2 1 1 2 2
-5104.6 465.2 -10.0 97 0 10.7 14.0 2.5 2.5 2 1 1 3 3
-5089.7 448.4 -10.2 93 0 6.5 13.1 2.5 2.5 2 1 1 3 3
-5064.6 449.4 -10.1 107 0 9.1 12.0 2.5 2.5 2 1 1 2 2
-5050.9 444.6 -10.1 96 0 9.4 14.5 2.5 2.5 4 1 1 0 0
-5025.4 441.4 -10.1 94 0 6.8 11.7 2.5 2.5 2 1 1 5 5
-5092.1 423.7 -10.8 279 0 10.1 12.6 2.5 2.5 2 1 1 1 1
-5078.8 422.6 -10.7 271 0 10.6 15.0 2.5 2.5 2 1 1 3 3
-5065.1 417.2 -10.7 272 0 11.2 13.4 2.5 2.5 2 1 1 2 2
-5052.2 419.7 -10.6 277 0 7.0 11.5 2.5 2.5 2 1 1 2 2
-5031.9 413.8 -10.6 279 0 13.8 14.7 2.5 2.5 2 1 1 5 5
-5002.5 438.4 -10.1 100 0 5.7 11.7 2.5 2.5 2 1 1 1 1
-5013.4 409.3 -10.6 286 0 7.6 12.5 2.5 2.5 2 1 1 2 2
-5003.7 407.6 -10.7 281 0 6.8 13.7 2.5 2.5 2 1 1 5 5
-4991.1 402.8 -10.7 281 0 7.4 14.3 2.5 2.5 2 1 1 4 4
-4979.2 402.0 -10.7 277 0 10.7 15.8 2.5 2.5 2 1 1 1 1
-5133.6 431.6 -10.7 275 0 5.4 11.1 2.5 2.5 2 1 1 3 3
-5245.2 452.5 -10.6 283 0 8.0 13.7 2.5 2.5 2 1 1 1 1
-5285.8 462.6 -10.6 278 0 9.3 12.5 2.5 2.5 2 1 1 0 0
-5468.0 494.5 -12.7 275 0 5.8 11.3 5.0 2.5 2 1 2 1 1
-5489.7 483.1 -13.1 274 0 9.1 10.2 5.0 2.5 2 1 2 1 1
-5446.5 525.0 -12.3 4 0 15.5 5.5 5.0 2.5 4 0 2 0 0
-5436.9 565.6 -12.3 0 0 9.3 10.6 5.0 2.5 4 1 2 1 1
-6852.6 -2579.2 -18.1 124 0 9.1 23.0 5.0 2.5 4 1 2 2 2
-6839.8 -2602.0 -18.2 131 0 9.7 13.5 5.0 2.5 2 1 2 3 3
-6750.5 -2732.2 -16.8 135 0 13.5 13.8 5.0 2.5 2 1 2 3 3
-6687.3 -2773.1 -15.8 324 0 13.8 20.2 10.0 2.5 4 1 4 4 4
-3772.4 -678.5 -11.2 94 0 9.8 9.2 5.0 2.5 2 0 2 3 3
-3787.6 -678.5 -11.2 89 0 7.3 9.6 5.0 2.5 4 1 2 3 3
-3806.5 -678.0 -11.0 92 0 9.1 9.1 5.0 2.5 2 1 2 5 5
-3822.0 -638.1 -11.0 187 0 12.3 7.1 5.0 2.5 2 0 2 0 0
-3775.9 -595.1 -11.4 348 0 7.6 11.0 5.0 2.5 2 1 2 1 1
-3839.7 -677.9 -10.6 92 0 7.8 9.6 5.0 2.5 2 1 2 1 1
-3830.2 -698.4 -10.8 274 0 9.1 11.3 2.5 2.5 2 1 1 2 2
-3845.7 -698.6 -10.6 265 0 6.3 9.7 2.5 0.0 0 1 1 1 1
-3869.7 -697.7 -10.3 268 0 8.7 8.2 2.5 0.0 0 0 1 0 0
-3879.0 -676.7 -10.5 92 0 7.7 11.0 5.0 2.5 2 1 2 2 2
-3894.8 -695.4 -10.6 276 0 7.7 10.0 2.5 2.5 2 1 1 2 2
-3912.7 -673.7 -10.6 95 0 9.7 10.1 5.0 2.5 2 1 2 5 5
-3931.8 -691.8 -10.6 265 0 9.8 11.1 2.5 2.5 2 1 1 4 4
-3935.8 -672.4 -10.8 79 0 8.3 8.8 5.0 2.5 2 1 2 1 1
-3994.2 315.1 -10.5 165 0 13.5 9.3 5.0 2.5 2 0 2 5 5
-3967.9 322.1 -10.7 343 0 11.0 16.3 5.0 2.5 4 1 2 0 0
-3968.5 339.2 -10.6 353 0 6.7 9.9 5.0 2.5 2 1 2 5 5
-4011.8 384.9 -10.2 253 0 6.4 7.4 5.0 2.5 4 1 2 3 3
-4060.9 358.9 -8.1 146 0 3.5 7.3 5.0 2.5 2 1 2 0 0
-4146.9 636.4 -10.7 344 0 12.0 10.9 5.0 0.0 0 0 2 0 0
-4132.2 614.6 -10.7 6 0 10.1 9.3 5.0 2.5 4 0 2 0 0
-4169.3 649.4 -10.5 125 0 9.8 7.9 5.0 2.5 2 0 2 2 2
-4195.2 667.4 -10.7 116 0 10.3 7.9 5.0 2.5 2 0 2 4 4
6645.4 -2907.9 -9.8 176 0 9.3 19.6 2.5 2.5 2 1 1 2 2
6631.9 -2888.3 -9.4 46 0 13.7 14.0 2.5 2.5 2 1 1 0 0
6608.4 -2875.3 -9.3 106 0 5.2 14.2 2.5 2.5 2 1 1 3 3
6658.3 -2875.1 -8.3 60 0 13.1 17.9 2.5 2.5 2 1 1 2 2
6656.2 -2836.5 -8.6 3 0 8.2 37.4 2.5 2.5 2 1 1 5 5
6580.5 -2859.7 -9.8 189 0 18.7 17.8 2.5 2.5 2 0 1 5 5
6583.7 -2893.2 -9.9 99 0 14.5 20.3 2.5 2.5 2 1 1 0 0
6650.1 -3065.2 -14.3 358 0 20.5 25.2 2.5 0.0 0 1 1 3 3
6638.8 -3033.7 -14.1 359 0 11.5 29.8 2.5 2.5 2 1 1 5 5
6578.3 -2944.5 -11.8 179 0 17.9 10.3 2.5 2.5 4 0 1 1 1
6631.0 -2947.1 -11.7 358 0 10.5 38.6 2.5 2.5 2 1 1 1 1
6652.0 -2972.3 -12.0 357 0 14.6 4.6 2.5 2.5 2 0 1 0 0
6649.7 -2951.1 -11.2 359 0 5.1 12.3 2.5 2.5 2 1 1 4 4
6627.7 -2954.3 -11.9 267 0 13.2 16.7 2.5 2.5 2 1 1 5 5
6652.0 -3010.7 -13.1 356 0 20.1 10.9 2.5 2.5 2 0 1 4 4
6636.8 -2987.2 -12.6 357 0 20.2 10.8 2.5 2.5 4 0 1 0 0
6637.5 -3012.0 -13.3 357 0 20.9 11.7 2.5 2.5 2 0 1 4 4
6623.2 -3017.1 -13.7 356 0 11.8 20.1 2.5 0.0 0 1 1 5 5
6572.3 -3019.0 -14.1 177 0 11.1 20.6 2.5 2.5 2 1 1 4 4
6559.9 -2955.2 -12.3 178 0 18.4 13.4 2.5 2.5 2 0 1 4 4
6559.8 -2978.8 -13.0 178 0 19.7 12.3 2.5 2.5 2 0 1 2 2
6558.3 -3006.3 -14.1 178 0 31.1 10.7 2.5 2.5 4 0 1 3 3
-240.4 -1986.2 -2.5 6 0 31.4 14.7 2.5 2.5 2 0 1 0 0
-247.2 -2009.3 -2.1 6 0 10.5 10.0 2.5 2.5 2 0 1 1 1
-321.9 -1962.0 -3.5 185 0 11.9 17.0 2.5 2.5 2 1 1 4 4
-302.7 -1964.2 -2.6 187 0 11.9 30.9 2.5 2.5 2 1 1 0 0
-310.5 -2003.6 -4.0 184 0 13.3 42.5 2.5 2.5 4 1 1 2 2
-373.6 -1958.2 -6.2 270 0 7.7 6.1 2.5 2.5 2 0 1 2 2
-355.7 -1942.3 -5.0 268 0 15.3 7.6 2.5 2.5 2 0 1 4 4
