-817.2 -3529.6 2.2 50 0 11.7 59.7 5.0 2.5 2 1 2 2 2
-724.8 -3673.2 0.7 131 0 6.1 17.3 5.0 2.5 2 1 2 0 0
-866.6 -3723.2 6.7 80 0 35.7 14.6 2.5 0.0 0 0 1 1 1
-662.2 -3690.0 -1.0 43 0 13.1 10.9 2.5 0.0 0 0 1 5 5
725.8 -4520.4 -1.2 143 0 10.1 11.3 5.0 2.5 2 1 2 2 2
-936.6 -3724.6 6.3 43 0 12.7 15.9 2.5 2.5 2 1 1 1 1
-156.6 -4004.4 -3.3 4 0 14.1 27.9 2.5 2.5 2 1 1 1 1
665.7 -4327.5 0.5 143 0 28.7 6.8 5.0 2.5 2 0 2 1 1
996.8 -4654.5 1.0 49 0 22.8 12.3 5.0 2.5 2 0 2 0 0
-681.6 -3805.6 -5.4 121 0 12.6 41.7 2.5 2.5 2 1 1 0 0
-785.1 -3617.4 3.2 144 0 24.5 15.0 5.0 0.0 0 0 2 1 1
1120.0 -4722.9 2.0 319 0 27.8 12.3 5.0 2.5 2 0 2 3 3
-304.3 -3952.5 -4.4 264 0 29.6 39.8 5.0 0.0 0 1 2 4 4
-763.7 -3648.7 2.2 146 0 29.0 14.7 5.0 2.5 4 0 2 0 0
-470.5 -3593.5 1.0 32 0 24.9 32.5 5.0 0.0 0 1 2 3 3
-156.2 -3648.0 5.3 137 0 15.4 40.3 5.0 2.5 2 1 2 3 3
604.3 -4233.9 1.6 142 0 21.6 34.7 5.0 0.0 0 1 2 5 5
-226.1 -3834.9 1.7 118 0 38.8 16.1 5.0 2.5 2 0 2 4 4
-645.8 -3801.8 -7.6 302 0 24.5 73.4 2.5 0.0 0 1 1 1 1
-835.1 -3728.6 5.2 242 0 13.9 22.0 5.0 2.5 2 1 2 5 5
-151.6 -3826.1 2.2 36 0 30.4 13.6 5.0 2.5 2 0 2 5 5
-607.3 -3853.1 -4.6 119 0 50.9 17.2 5.0 2.5 2 0 2 3 3
-825.2 -3675.4 5.9 353 0 29.9 14.5 2.5 2.5 2 0 1 3 3
737.8 -4536.5 -1.4 146 0 26.8 10.0 5.0 2.5 2 0 2 3 3
-952.6 -3784.9 1.6 64 0 12.7 14.9 2.5 2.5 2 1 1 1 1
-113.0 -3821.6 2.2 215 0 44.1 20.4 5.0 2.5 2 0 2 1 1
685.4 -4360.6 0.6 147 0 19.7 8.0 5.0 2.5 2 0 2 5 5
-366.7 -3963.2 -6.0 264 0 19.1 32.0 5.0 0.0 0 1 2 5 5
-974.2 -3756.8 3.3 153 0 15.6 12.2 2.5 2.5 4 0 1 0 0
685.0 -4610.5 -3.1 236 0 32.3 9.2 5.0 2.5 2 0 2 0 0
-807.1 -3635.6 4.5 56 0 14.9 31.4 2.5 2.5 2 1 1 3 3
-144.0 -3991.8 -3.2 183 0 69.0 19.4 5.0 2.5 2 0 2 1 1
639.0 -4288.3 0.8 144 0 26.7 8.7 5.0 2.5 2 0 2 1 1
-170.7 -3849.7 1.5 35 0 19.1 9.1 5.0 2.5 2 0 2 5 5
712.5 -4588.7 -2.6 236 0 32.1 16.5 5.0 2.5 2 0 2 4 4
-665.3 -3583.8 -1.9 170 0 31.2 12.2 2.5 2.5 2 0 1 3 3
-563.9 -3879.8 -2.9 121 0 23.5 23.4 5.0 2.5 2 0 2 0 0
826.1 -4513.0 -0.2 139 0 25.2 13.9 5.0 2.5 2 0 2 4 4
-589.3 -3705.3 -1.9 31 0 87.7 15.4 5.0 2.5 2 0 2 1 1
-33.0 -3712.3 2.6 47 0 13.5 30.7 5.0 2.5 2 1 2 0 0
733.9 -4291.2 2.2 51 0 7.0 46.4 5.0 2.5 2 1 2 3 3
824.8 -4478.6 0.0 228 0 12.3 38.9 5.0 2.5 2 1 2 1 1
277.0 -3523.4 5.6 40 0 82.3 26.3 2.5 0.0 0 0 1 3 3
-909.5 -3603.8 4.8 32 0 27.9 37.9 5.0 0.0 0 1 2 5 5
-65.0 -4001.7 -2.6 5 0 28.7 33.1 5.0 0.0 0 1 2 4 4
734.7 -4574.5 -2.0 232 0 12.4 14.9 5.0 2.5 2 1 2 4 4
-928.2 -3752.1 4.4 78 0 13.3 15.5 2.5 2.5 2 1 1 4 4
-826.2 -3591.8 4.2 325 0 14.6 33.3 2.5 2.5 2 1 1 2 2
-145.5 -4039.9 -3.4 184 0 10.9 20.5 5.0 2.5 2 1 2 3 3
-807.0 -3586.1 2.7 144 0 30.7 16.0 5.0 2.5 4 0 2 4 4
-802.2 -3669.0 4.4 163 0 21.6 14.5 5.0 2.5 2 0 2 5 5
-556.0 -3669.3 -1.4 122 0 6.6 27.2 5.0 2.5 2 1 2 4 4
-24.4 -3638.5 3.7 318 0 20.5 66.1 5.0 2.5 2 1 2 3 3
976.0 -4597.6 2.7 51 0 9.7 27.0 5.0 2.5 2 1 2 4 4
-779.3 -3712.2 3.8 41 0 23.5 15.2 5.0 2.5 2 0 2 3 3
-493.3 -3619.1 0.6 33 0 18.0 27.3 5.0 2.5 2 1 2 1 1
-174.4 -3628.8 4.7 138 0 13.2 50.5 5.0 2.5 2 1 2 5 5
630.7 -4184.3 2.7 234 0 12.2 36.0 5.0 2.5 2 1 2 3 3
-294.7 -3821.5 2.7 116 0 14.4 27.8 5.0 2.5 2 1 2 3 3
988.4 -4587.4 3.2 53 0 11.5 28.7 5.0 2.5 2 1 2 2 2
-331.0 -3859.4 2.6 262 0 10.1 14.4 2.5 0.0 0 1 1 1 1
1264.6 -5523.5 -10.2 93 0 14.1 13.2 5.0 2.5 2 0 2 5 5
1298.5 -5514.1 -9.6 2 0 7.3 21.9 5.0 2.5 4 1 2 2 2
-34.0 -4287.1 -4.2 288 0 21.4 14.0 5.0 2.5 2 0 2 4 4
-12.4 -4034.8 -2.9 195 0 37.6 23.9 5.0 0.0 0 0 2 3 3
-26.9 -4119.7 -3.9 105 0 13.3 19.1 5.0 2.5 2 1 2 5 5
-380.1 -3935.0 -4.5 348 0 9.6 44.3 2.5 2.5 2 1 1 1 1
-574.3 -3403.1 -3.4 325 0 14.0 4.9 7.5 2.5 2 0 3 2 2
27.2 -4054.6 -3.2 16 0 68.6 6.8 5.0 2.5 2 0 2 3 3
38.8 -4008.2 -1.9 285 0 10.0 10.1 5.0 2.5 2 1 2 0 0
-50.8 -4329.6 -4.3 106 0 44.3 22.8 5.0 0.0 0 0 2 5 5
-1365.5 -3787.2 -9.2 136 0 12.0 8.2 5.0 2.5 2 0 2 2 2
-5.4 -3656.8 4.3 314 0 9.2 17.3 5.0 2.5 2 1 2 1 1
-123.1 -3568.0 2.7 227 0 18.6 10.8 5.0 2.5 4 0 2 2 2
582.3 -4215.6 1.8 140 0 7.5 8.5 5.0 2.5 2 1 2 2 2
-116.5 -3606.4 5.7 316 0 8.0 12.8 5.0 2.5 2 1 2 2 2
685.6 -4208.2 2.5 322 0 7.6 35.5 5.0 2.5 2 1 2 4 4
623.2 -4238.5 1.8 143 0 7.4 10.1 5.0 2.5 2 1 2 0 0
763.5 -4426.4 0.5 52 0 5.6 6.0 7.5 2.5 2 1 3 1 1
1053.7 -4754.4 -0.7 319 0 17.1 16.8 5.0 2.5 2 0 2 1 1
689.1 -4470.5 -0.8 141 0 13.1 17.0 2.5 2.5 2 1 1 1 1
644.0 -4238.2 2.1 145 0 7.5 9.1 5.0 2.5 2 1 2 3 3
-881.0 -3752.7 5.1 303 0 14.7 9.8 5.0 2.5 2 0 2 5 5
908.9 -4532.2 0.5 318 0 13.1 21.1 5.0 2.5 2 1 2 1 1
670.9 -4448.6 -0.6 144 0 4.7 15.4 2.5 2.5 2 1 1 5 5
-835.2 -3850.5 -3.0 93 0 9.7 16.0 5.0 2.5 2 1 2 1 1
1059.9 -4695.8 1.0 318 0 14.1 17.7 5.0 0.0 0 1 2 0 0
678.9 -4301.3 0.9 19 0 13.0 9.0 5.0 2.5 2 0 2 3 3
-816.2 -3789.9 3.5 16 0 14.0 17.2 5.0 2.5 2 1 2 3 3
1061.9 -4721.7 0.9 142 0 11.1 16.2 5.0 0.0 0 1 2 2 2
633.7 -4230.6 2.2 143 0 5.8 12.1 5.0 2.5 4 1 2 4 4
869.1 -4426.0 1.4 231 0 4.4 6.7 5.0 2.5 2 1 2 3 3
544.1 -4248.3 0.3 236 0 6.8 5.9 2.5 2.5 2 0 1 3 3
703.7 -4241.1 2.0 322 0 8.3 28.9 5.0 2.5 2 1 2 0 0
1073.8 -4737.9 0.7 141 0 12.7 16.0 5.0 0.0 0 1 2 1 1
800.0 -4395.8 0.9 323 0 5.8 22.7 5.0 0.0 0 1 2 3 3
-858.6 -3786.4 4.1 62 0 9.7 15.5 5.0 2.5 4 1 2 3 3
774.8 -4419.8 0.6 54 0 11.8 9.6 2.5 2.5 2 0 1 4 4
1047.6 -4680.4 1.2 323 0 15.1 17.8 5.0 2.5 2 1 2 5 5
-372.1 -3533.0 -0.0 79 0 7.4 15.8 2.5 2.5 2 1 1 0 0
1051.6 -4667.4 2.7 133 0 11.8 10.5 5.0 2.5 4 0 2 4 4
621.7 -4265.6 1.0 146 0 24.0 11.1 5.0 2.5 2 0 2 3 3
-809.4 -3820.1 -1.6 181 0 14.3 16.6 5.0 2.5 2 1 2 3 3
691.7 -4219.6 2.3 322 0 8.5 32.6 5.0 2.5 2 1 2 0 0
604.1 -4201.5 2.3 229 0 10.7 7.8 5.0 2.5 2 0 2 2 2
704.4 -4226.3 2.2 324 0 8.1 38.5 5.0 2.5 2 1 2 2 2
-847.8 -3814.8 0.7 169 0 16.7 19.5 5.0 0.0 0 1 2 3 3
