-2943.2 5623.4 19.0 238 0 4.9 9.0 2.5 2.5 2 1 1 0 0
-3484.7 1521.6 31.2 268 0 7.8 6.9 5.0 2.5 2 0 2 5 5
-3491.9 1510.5 32.2 181 0 3.6 3.7 7.5 2.5 2 1 3 4 4
-4805.8 -4832.4 -6.7 187 0 6.4 9.9 2.5 2.5 2 1 1 5 5
6888.9 -4656.9 -21.2 179 0 5.4 4.9 5.0 2.5 2 0 2 1 1
6306.2 -5354.1 -21.2 11 0 4.2 5.9 2.5 2.5 2 1 1 1 1
6248.0 -6481.1 -30.4 107 0 3.7 6.1 5.0 2.5 2 1 2 1 1
6329.7 -4581.0 -19.4 88 0 6.1 7.2 2.5 2.5 2 1 1 5 5
6819.0 -6574.4 -30.6 36 0 3.3 4.8 5.0 2.5 2 1 2 3 3
6793.8 -6588.9 -29.1 146 0 4.0 5.0 5.0 2.5 2 1 2 2 2
-1110.2 2684.3 34.3 77 0 32.5 11.4 15.0 0.0 0 0 6 5 5
-891.6 2304.7 32.1 145 0 15.3 15.5 7.5 2.5 2 1 3 4 4
-810.1 2218.6 32.5 235 0 5.5 13.6 2.5 2.5 2 1 1 4 4
-826.7 2301.7 28.7 313 0 11.9 13.1 7.5 2.5 4 1 3 4 4
-894.7 2346.0 31.6 237 0 7.6 8.7 7.5 2.5 2 0 3 2 2
-885.6 2338.7 31.6 328 0 4.9 9.4 5.0 2.5 2 0 2 0 0
-877.6 2342.9 30.7 328 0 3.4 9.0 7.5 2.5 4 0 3 1 1
-881.2 2348.7 30.7 328 0 10.2 9.0 2.5 2.5 2 0 1 2 2
-875.3 2350.8 30.1 327 0 14.1 6.2 7.5 2.5 4 0 3 1 1
-905.4 2329.7 33.3 237 0 5.1 6.4 7.5 2.5 2 1 3 2 2
-943.2 2319.1 37.6 254 0 6.0 6.5 7.5 2.5 2 1 3 1 1
4675.2 -6531.2 -22.6 149 0 3.0 7.8 7.5 0.0 0 1 3 2 2
4471.1 -4176.6 -40.1 271 0 9.3 4.1 2.5 2.5 2 0 1 0 0
4471.5 -4169.3 -40.2 271 0 9.9 7.3 2.5 2.5 2 0 1 5 5
4479.7 -4205.7 -39.9 0 0 5.1 10.2 2.5 2.5 2 0 1 4 4
4472.7 -4460.1 -34.4 87 0 3.8 4.9 2.5 2.5 2 0 1 1 1
4480.5 -4457.0 -34.1 357 0 5.4 6.1 2.5 2.5 2 0 1 2 2
4553.7 -4285.7 -38.3 269 0 10.7 8.4 2.5 2.5 2 0 1 0 0
4539.3 -4286.0 -38.5 266 0 8.0 8.8 2.5 2.5 2 1 1 0 0
4524.0 -4290.6 -38.7 262 0 9.7 7.4 2.5 2.5 2 0 1 4 4
4525.0 -4303.4 -38.6 258 0 10.8 39.5 2.5 2.5 2 1 1 2 2
4572.9 -4347.2 -35.2 355 0 6.6 5.4 2.5 2.5 2 0 1 5 5
4574.7 -4363.0 -34.5 0 0 7.8 6.0 2.5 2.5 2 0 1 1 1
4548.9 -4355.4 -36.3 0 0 16.2 9.5 2.5 2.5 2 0 1 5 5
4535.1 -4379.1 -36.2 90 0 28.3 10.3 2.5 2.5 2 0 1 3 3
4509.2 -4379.7 -37.1 90 0 18.0 10.6 2.5 2.5 2 0 1 0 0
4536.0 -4394.1 -35.3 90 0 25.7 10.6 2.5 2.5 2 0 1 0 0
4362.2 -4401.4 -39.9 83 0 5.8 3.5 2.5 2.5 2 0 1 4 4
4435.9 -4232.8 -40.1 120 0 7.4 9.7 2.5 2.5 2 1 1 2 2
4438.5 -4222.3 -40.1 89 0 3.4 4.7 2.5 2.5 4 1 1 3 3
4444.3 -4205.5 -40.0 360 0 7.9 8.8 2.5 2.5 2 1 1 3 3
4429.3 -4152.9 -39.9 78 0 7.3 7.8 2.5 2.5 2 1 1 3 3
4431.9 -4141.7 -40.1 76 0 6.6 7.4 2.5 2.5 2 1 1 2 2
4445.3 -4155.9 -40.1 84 0 9.3 7.1 2.5 2.5 2 0 1 1 1
4421.2 -4170.1 -39.4 265 0 8.1 9.2 2.5 2.5 2 1 1 0 0
4440.7 -4182.7 -39.9 268 0 9.6 8.4 2.5 2.5 2 0 1 2 2
4439.5 -4167.5 -39.8 269 0 8.5 8.9 2.5 2.5 4 1 1 3 3
4477.6 -4279.5 -39.7 266 0 5.5 4.6 2.5 2.5 2 0 1 0 0
4372.6 -4435.9 -37.9 173 0 6.7 11.8 2.5 0.0 0 1 1 0 0
4347.1 -4401.5 -40.0 83 0 6.6 6.9 2.5 0.0 0 1 1 3 3
4335.6 -4392.2 -40.1 264 0 8.4 5.0 2.5 2.5 2 0 1 3 3
4321.2 -4386.5 -40.2 262 0 7.5 7.7 2.5 2.5 2 1 1 0 0
4346.3 -4381.9 -40.4 269 0 6.8 9.0 2.5 2.5 2 1 1 4 4
4359.9 -4380.2 -40.5 265 0 6.7 9.2 2.5 2.5 2 1 1 5 5
4360.7 -4396.6 -40.2 85 0 7.7 6.1 2.5 2.5 2 0 1 5 5
4342.7 -4284.4 -40.2 18 0 3.8 10.1 5.0 2.5 2 1 2 0 0
4340.8 -4290.4 -40.3 17 0 6.6 10.6 5.0 2.5 2 1 2 1 1
4233.2 -4229.1 -39.3 177 0 5.2 6.3 5.0 0.0 0 1 2 1 1
4235.5 -4245.3 -39.8 177 0 4.8 5.3 5.0 2.5 2 1 2 4 4
4242.4 -4226.0 -39.3 267 0 5.3 7.3 5.0 2.5 2 1 2 2 2
4246.9 -4243.2 -39.8 357 0 7.3 5.3 5.0 2.5 2 0 2 0 0
4269.5 -4241.4 -39.5 177 0 7.3 5.3 5.0 2.5 2 0 2 1 1
4271.4 -4257.5 -40.0 177 0 7.3 5.3 5.0 2.5 2 0 2 0 0
4273.4 -4273.9 -40.5 177 0 7.3 5.3 5.0 0.0 0 0 2 4 4
4268.7 -4229.9 -39.1 174 0 3.1 8.6 5.0 2.5 2 1 2 3 3
4274.2 -4206.4 -38.6 285 0 7.8 8.9 5.0 2.5 2 1 2 4 4
4288.5 -4223.4 -39.0 282 0 9.3 7.1 5.0 2.5 2 0 2 4 4
4291.2 -4214.8 -38.8 281 0 7.0 8.0 5.0 2.5 2 1 2 4 4
4316.1 -4219.2 -38.8 279 0 3.9 7.4 5.0 2.5 2 1 2 1 1
4307.4 -4234.0 -39.3 287 0 8.1 7.0 5.0 2.5 4 0 2 4 4
4315.7 -4234.2 -39.3 279 0 7.7 10.2 5.0 2.5 2 1 2 3 3
4338.0 -4232.4 -39.4 283 0 26.3 11.5 5.0 2.5 2 0 2 3 3
4358.1 -4228.7 -39.2 270 0 3.2 3.1 5.0 2.5 2 0 2 3 3
4366.1 -4229.0 -39.2 280 0 7.8 5.7 5.0 2.5 2 0 2 2 2
4380.4 -4287.7 -40.2 358 0 6.1 8.1 5.0 2.5 2 1 2 4 4
4389.8 -4271.4 -40.0 351 0 7.9 10.1 5.0 2.5 2 1 2 3 3
4391.9 -4281.7 -40.0 359 0 4.0 5.3 5.0 2.5 2 1 2 2 2
4391.7 -4290.0 -40.2 356 0 7.4 8.2 5.0 0.0 0 1 2 4 4
4393.7 -4310.0 -40.4 353 0 6.9 7.2 5.0 2.5 2 1 2 4 4
4397.7 -4333.0 -40.7 349 0 9.8 10.6 5.0 2.5 2 1 2 0 0
4384.6 -4340.0 -40.8 0 0 4.5 4.7 5.0 0.0 0 1 2 4 4
4390.9 -4354.1 -40.9 83 0 5.7 5.1 5.0 2.5 2 0 2 5 5
4401.2 -4359.0 -40.9 78 0 8.5 14.2 5.0 2.5 2 1 2 0 0
4381.5 -4403.2 -39.7 2 0 5.5 5.5 2.5 2.5 2 0 1 1 1
4383.0 -4375.9 -40.7 268 0 5.2 3.6 2.5 2.5 2 0 1 5 5
4381.9 -4379.5 -40.6 268 0 7.6 10.0 2.5 2.5 4 0 1 1 1
4401.5 -4372.8 -40.6 271 0 5.4 4.1 2.5 2.5 2 0 1 2 2
4403.0 -4379.0 -40.4 271 0 10.2 8.9 2.5 0.0 0 0 1 5 5
4439.1 -4380.4 -39.1 266 0 8.5 7.4 2.5 2.5 2 0 1 0 0
4437.2 -4369.0 -39.8 266 0 9.1 9.3 2.5 2.5 2 1 1 1 1
4414.8 -4261.2 -40.3 169 0 8.2 6.3 2.5 2.5 2 0 1 1 1
4416.3 -4272.5 -40.4 178 0 4.7 7.0 2.5 2.5 2 1 1 1 1
4404.5 -4270.6 -40.2 174 0 8.3 10.3 2.5 2.5 4 1 1 4 4
4421.5 -4313.5 -40.6 176 0 4.7 3.6 2.5 2.5 2 0 1 0 0
4412.3 -4314.3 -40.6 176 0 8.0 9.2 2.5 2.5 2 0 1 1 1
4416.4 -4338.7 -40.7 176 0 6.7 3.1 2.5 2.5 2 0 1 0 0
4446.6 -4347.6 -40.0 89 0 10.0 16.0 2.5 0.0 0 1 1 3 3
4427.9 -4296.6 -40.5 180 0 11.3 7.8 2.5 2.5 2 0 1 3 3
4386.1 -4090.7 -39.6 262 0 8.1 7.5 2.5 0.0 0 0 1 5 5
4413.2 -4114.2 -39.9 267 0 4.6 7.2 2.5 0.0 0 1 1 4 4
4385.8 -4116.6 -39.6 168 0 6.8 12.6 2.5 2.5 2 1 1 3 3
4376.2 -4114.3 -39.3 173 0 7.7 7.7 2.5 2.5 2 1 1 2 2
4387.8 -4125.7 -39.4 168 0 6.1 5.2 2.5 2.5 2 0 1 0 0
4379.1 -4128.6 -39.2 168 0 7.4 8.8 2.5 2.5 2 1 1 1 1
4390.8 -4136.3 -39.4 168 0 6.6 9.1 2.5 2.5 4 1 1 2 2
4382.1 -4139.1 -39.2 166 0 7.5 7.6 2.5 2.5 2 1 1 5 5
4388.2 -4160.4 -39.0 82 0 8.0 6.7 2.5 0.0 0 0 1 2 2
4398.0 -4160.1 -39.2 81 0 7.3 9.1 2.5 2.5 2 1 1 5 5
4410.5 -4155.5 -39.5 87 0 8.3 8.3 2.5 2.5 2 0 1 3 3
4401.9 -4170.2 -39.1 255 0 6.6 10.2 2.5 2.5 2 1 1 0 0
4394.6 -4172.4 -39.0 249 0 5.2 7.1 2.5 2.5 2 1 1 5 5
4391.3 -4185.3 -39.1 177 0 6.6 8.6 2.5 0.0 0 1 1 1 1
4392.1 -4194.9 -39.2 171 0 7.2 8.0 2.5 2.5 2 1 1 2 2
4409.5 -4188.1 -39.3 264 0 3.3 3.2 2.5 2.5 2 0 1 5 5
4403.8 -4201.8 -39.5 172 0 8.4 7.4 2.5 2.5 2 0 1 4 4
4392.1 -4206.3 -39.4 172 0 7.7 9.9 2.5 2.5 4 1 1 5 5
4411.9 -4225.6 -39.9 91 0 7.4 8.8 2.5 2.5 2 1 1 1 1
4400.3 -4225.3 -39.7 90 0 7.3 7.8 2.5 2.5 2 1 1 3 3
4428.8 -4232.2 -40.2 94 0 7.4 10.0 2.5 2.5 2 1 1 0 0
4293.4 -4176.7 -37.8 284 0 7.9 7.5 2.5 2.5 2 0 1 4 4
4287.7 -4196.1 -38.0 111 0 5.9 10.5 2.5 2.5 2 1 1 1 1
4307.7 -4198.1 -38.1 89 0 3.3 5.7 2.5 2.5 2 1 1 5 5
4303.1 -4196.7 -38.1 98 0 3.9 6.2 2.5 2.5 2 1 1 1 1
4325.8 -4193.8 -38.2 282 0 4.8 4.0 2.5 2.5 2 0 1 2 2
4354.9 -4176.8 -38.2 177 0 3.8 5.5 2.5 2.5 2 1 1 1 1
4347.5 -4210.3 -38.5 98 0 8.3 8.5 2.5 2.5 4 1 1 0 0
4356.7 -4184.3 -38.3 176 0 4.0 6.0 2.5 2.5 2 1 1 0 0
4371.7 -4184.2 -38.6 350 0 6.8 9.2 2.5 2.5 2 1 1 1 1
4375.2 -4202.4 -38.9 347 0 7.2 9.8 2.5 2.5 2 1 1 2 2
4368.8 -4154.5 -38.5 336 0 4.0 3.7 2.5 2.5 2 0 1 4 4
4344.5 -4151.3 -38.1 86 0 3.8 5.7 2.5 2.5 2 1 1 5 5
4351.3 -4152.5 -38.3 77 0 5.7 7.6 2.5 2.5 2 1 1 4 4
4365.3 -4145.5 -38.6 350 0 7.0 9.3 2.5 2.5 2 1 1 2 2
4365.0 -4138.3 -38.6 351 0 6.2 16.0 2.5 2.5 2 1 1 3 3
4353.7 -4101.2 -38.7 359 0 5.8 13.1 2.5 0.0 0 1 1 0 0
4330.2 -4100.4 -38.1 269 0 6.3 5.1 2.5 2.5 2 0 1 3 3
4321.8 -4113.0 -38.0 89 0 8.1 11.5 2.5 2.5 2 1 1 5 5
4307.7 -4101.6 -38.0 179 0 7.6 7.4 2.5 0.0 0 0 1 2 2
4347.5 -4080.9 -38.7 82 0 7.7 7.0 2.5 2.5 2 0 1 5 5
4361.6 -4084.4 -39.2 87 0 10.8 10.0 2.5 2.5 2 0 1 3 3
4382.6 -4056.8 -39.7 248 0 5.6 6.2 2.5 2.5 2 0 1 2 2
4388.9 -4070.4 -39.8 68 0 7.1 8.8 2.5 2.5 2 0 1 4 4
4399.6 -4049.9 -40.1 248 0 5.0 6.1 2.5 2.5 2 1 1 4 4
4419.3 -4044.8 -40.9 255 0 10.3 5.8 2.5 0.0 0 0 1 3 3
4419.2 -4050.8 -40.8 255 0 6.9 9.1 2.5 2.5 2 0 1 3 3
4336.9 -4141.6 -38.2 169 0 8.1 11.3 2.5 2.5 2 1 1 0 0
4275.5 -4241.2 -39.4 177 0 5.7 4.5 5.0 2.5 2 0 2 4 4
4384.6 -4313.4 -40.5 355 0 7.9 8.4 5.0 2.5 2 1 2 0 0
