60.3 4778.2 5.6 94 0 16.6 11.9 2.5 2.5 2 0 1 2 2
19.9 4782.4 6.4 168 0 11.5 15.3 7.5 2.5 2 1 3 0 0
-3106.3 6720.2 0.2 258 0 4.6 5.2 7.5 2.5 2 1 3 1 1
-3161.5 6651.2 2.2 163 0 7.3 4.8 5.0 2.5 2 0 2 1 1
6689.5 5238.1 -7.8 2 0 9.0 7.0 2.5 2.5 2 0 1 1 1
6697.0 5298.7 -10.0 354 0 9.1 8.6 5.0 2.5 2 0 2 4 4
6677.9 5252.6 -8.0 187 0 8.3 6.2 5.0 2.5 2 0 2 3 3
-2259.8 -1673.7 -7.8 0 0 6.4 4.4 2.5 2.5 2 0 1 1 1
-2251.7 -1661.4 -7.8 355 0 5.6 6.8 2.5 2.5 2 1 1 3 3
-5735.9 3894.4 3.3 159 0 4.9 4.5 5.0 0.0 0 0 2 1 1
-4465.7 -6694.7 8.4 98 0 11.9 9.7 7.5 2.5 2 0 3 2 2
-2319.7 -6881.0 -5.8 178 0 5.5 9.4 2.5 2.5 2 1 1 3 3
-2275.7 -6847.2 -9.1 0 0 6.9 25.7 2.5 2.5 2 1 1 1 1
-2274.6 -6823.5 -9.7 1 0 8.2 25.6 2.5 2.5 2 1 1 0 0
-2272.9 -6802.4 -9.6 2 0 8.1 26.0 2.5 2.5 2 1 1 3 3
-3941.3 -6780.5 4.1 276 0 5.4 6.9 5.0 2.5 2 1 2 4 4
-3938.4 -6796.3 4.3 92 0 5.1 7.3 5.0 0.0 0 1 2 0 0
-3547.3 -4752.7 4.9 10 0 11.4 10.0 5.0 2.5 2 0 2 0 0
-3730.2 -6276.7 12.3 5 0 3.2 3.7 7.5 0.0 0 1 3 5 5
-3758.1 -6224.9 8.9 272 0 11.0 31.2 10.0 2.5 2 1 4 4 4
-3505.0 -5616.3 6.8 194 0 4.4 8.1 5.0 2.5 2 1 2 0 0
-6913.2 -6783.0 -21.5 140 0 8.6 20.0 2.5 2.5 2 0 1 0 0
-6892.4 -6776.5 -21.6 320 0 8.6 20.0 2.5 2.5 2 0 1 1 1
-6886.9 -6783.1 -21.6 320 0 8.6 20.0 2.5 2.5 2 0 1 1 1
-6881.3 -6789.6 -21.7 320 0 8.6 20.0 2.5 2.5 2 0 1 3 3
-6857.0 -6820.8 -22.1 22 0 17.5 30.4 2.5 2.5 2 1 1 3 3
-6775.4 -6943.6 -23.9 139 0 17.1 12.3 2.5 2.5 2 0 1 3 3
-6801.8 -6900.3 -23.7 319 0 10.4 8.9 2.5 0.0 0 0 1 1 1
-6824.3 -6889.2 -23.7 141 0 9.6 11.2 2.5 2.5 2 1 1 3 3
-6839.9 -6872.2 -23.3 139 0 7.7 11.1 2.5 2.5 2 1 1 0 0
-6851.4 -6851.6 -22.8 186 0 7.6 15.7 2.5 2.5 2 1 1 1 1
-6814.6 -6824.7 -22.0 242 0 8.0 16.3 2.5 2.5 2 1 1 3 3
-6833.5 -6834.6 -22.5 241 0 8.6 15.8 2.5 2.5 2 1 1 0 0
-6774.5 -6808.2 -21.3 331 0 10.1 8.3 2.5 2.5 2 0 1 3 3
-6797.9 -6815.1 -21.6 241 0 8.3 10.2 2.5 2.5 2 1 1 2 2
-6799.1 -6765.8 -20.3 241 0 6.7 22.0 2.5 2.5 2 0 1 3 3
-6804.9 -6769.1 -20.5 241 0 6.7 22.0 2.5 2.5 2 0 1 2 2
-6810.8 -6772.4 -20.6 241 0 6.7 22.0 2.5 2.5 2 0 1 3 3
-6816.7 -6775.7 -20.7 241 0 6.7 22.0 2.5 2.5 4 0 1 5 5
-6844.4 -6791.3 -21.4 241 0 6.7 22.0 2.5 2.5 2 0 1 5 5
-6838.6 -6788.0 -21.3 241 0 6.7 22.0 2.5 2.5 2 0 1 4 4
-6832.7 -6784.7 -21.1 241 0 6.7 22.0 2.5 2.5 2 0 1 5 5
-6826.9 -6781.4 -21.0 241 0 6.7 22.0 2.5 2.5 4 0 1 5 5
