-4328.8 3996.7 490.7 175 0 8.0 21.8 2.5 2.5 2 1 1 4 4
-4431.0 3889.8 489.5 179 0 86.9 27.3 5.0 0.0 0 0 2 3 3
-5203.3 3741.7 495.2 34 0 25.3 17.0 2.5 2.5 2 0 1 5 5
6911.0 6811.6 491.1 274 0 6.6 8.4 2.5 2.5 2 1 1 3 3
6911.5 6758.1 491.5 4 0 4.2 6.4 5.0 0.0 0 1 2 0 0
6852.3 6811.5 490.9 185 0 9.2 13.2 2.5 2.5 2 1 1 3 3
6882.7 6768.0 491.6 273 0 5.0 6.7 5.0 2.5 2 1 2 2 2
6858.7 6769.0 491.9 276 0 6.8 4.5 5.0 2.5 2 0 2 3 3
6785.3 6809.8 491.0 131 0 9.0 18.9 5.0 2.5 2 1 2 2 2
6751.1 6778.7 491.7 273 0 7.0 12.9 5.0 2.5 2 1 2 2 2
6729.7 6769.6 491.7 92 0 6.8 4.3 5.0 2.5 2 0 2 5 5
6680.4 6762.8 491.9 93 0 16.3 20.6 5.0 2.5 2 1 2 0 0
6638.5 6768.6 491.9 94 0 8.4 11.0 5.0 0.0 0 1 2 1 1
6675.7 6806.8 491.5 93 0 17.0 11.8 2.5 2.5 2 0 1 2 2
6684.4 6832.0 491.1 3 0 8.7 8.5 2.5 2.5 2 0 1 3 3
6654.3 6808.6 491.8 94 0 5.6 4.9 2.5 2.5 2 0 1 5 5
6674.2 6861.8 490.6 185 0 6.4 12.4 2.5 2.5 2 1 1 3 3
6677.7 6883.9 490.1 183 0 10.2 8.8 2.5 2.5 2 0 1 2 2
6678.0 6908.4 489.6 183 0 10.7 9.0 2.5 2.5 2 0 1 5 5
6815.8 6909.1 488.9 180 0 32.1 11.2 5.0 2.5 2 0 2 3 3
6841.5 6909.2 489.1 3 0 9.8 7.9 5.0 2.5 2 0 2 4 4
6841.8 6919.3 489.1 5 0 4.3 3.8 5.0 2.5 2 0 2 0 0
6841.9 6888.5 489.4 2 0 9.3 5.1 5.0 2.5 2 0 2 3 3
6841.8 6933.4 488.8 357 0 7.2 6.0 5.0 2.5 4 0 2 0 0
6842.4 6955.2 488.5 274 0 6.0 9.0 5.0 2.5 2 1 2 2 2
6870.9 6897.0 489.5 94 0 8.6 9.0 5.0 2.5 2 1 2 2 2
6876.3 6924.0 489.0 3 0 10.7 6.6 5.0 2.5 2 0 2 2 2
6601.4 6825.6 492.2 274 0 11.1 10.4 2.5 2.5 2 0 1 0 0
6586.8 6773.3 491.7 94 0 7.3 7.6 5.0 2.5 2 1 2 3 3
6551.6 6771.1 491.5 95 0 11.8 13.9 5.0 2.5 2 1 2 4 4
6561.3 6821.6 492.0 4 0 7.6 13.7 2.5 2.5 2 1 1 0 0
6531.6 6826.7 491.7 271 0 6.5 7.4 2.5 2.5 2 1 1 5 5
6476.1 6810.3 491.0 90 0 9.3 10.1 2.5 0.0 0 1 1 4 4
6456.4 6831.4 490.8 274 0 7.8 7.3 2.5 2.5 2 0 1 3 3
6432.2 6832.6 491.0 274 0 7.7 7.5 2.5 2.5 2 0 1 3 3
6404.3 6780.6 492.1 95 0 7.9 7.9 5.0 2.5 2 0 2 0 0
6364.4 6739.6 494.9 95 0 9.0 7.7 5.0 2.5 2 0 2 1 1
6374.4 6763.4 494.3 4 0 10.0 17.2 5.0 2.5 2 1 2 4 4
6377.9 6793.1 493.1 4 0 9.5 18.7 5.0 0.0 0 1 2 2 2
6369.1 6847.2 491.1 93 0 8.0 6.2 5.0 2.5 4 0 2 4 4
6368.2 6901.3 490.6 183 0 7.2 8.1 5.0 2.5 2 1 2 3 3
6380.9 6919.5 490.3 6 0 9.0 6.5 5.0 2.5 2 0 2 5 5
6367.4 6664.6 494.4 3 0 8.0 14.9 5.0 2.5 2 1 2 3 3
6365.3 6646.1 494.2 1 0 7.8 8.7 5.0 2.5 4 1 2 0 0
6358.6 6512.9 490.4 3 0 7.6 8.3 2.5 0.0 0 1 1 1 1
6468.9 6587.2 493.5 273 0 6.7 9.6 5.0 2.5 2 1 2 2 2
6498.7 6621.0 494.9 272 0 6.7 7.8 2.5 2.5 4 1 1 4 4
6518.9 6568.1 494.3 90 0 7.6 6.6 5.0 2.5 2 0 2 1 1
6575.5 6557.5 492.5 92 0 7.4 19.8 5.0 2.5 2 1 2 2 2
6601.7 6563.5 492.3 93 0 7.7 7.0 5.0 2.5 2 0 2 3 3
6626.8 6580.7 491.5 274 0 8.7 19.1 5.0 2.5 2 1 2 5 5
6627.9 6605.1 491.5 90 0 7.3 7.8 5.0 2.5 2 1 2 3 3
6651.3 6560.7 490.9 95 0 6.8 8.3 5.0 2.5 2 1 2 0 0
6653.0 6602.5 491.2 93 0 8.1 9.8 5.0 0.0 0 1 2 0 0
6711.8 6592.6 490.3 94 0 14.4 20.1 2.5 0.0 0 1 1 5 5
6716.0 6558.8 489.8 92 0 6.7 7.6 2.5 2.5 2 1 1 4 4
6741.2 6620.9 490.4 273 0 9.1 13.8 2.5 0.0 0 1 1 1 1
6766.2 6554.0 489.4 93 0 5.6 8.7 2.5 2.5 2 1 1 5 5
5551.9 4511.7 487.2 153 0 10.2 12.3 2.5 2.5 2 1 1 1 1
5555.2 4586.2 484.9 333 0 10.9 18.6 2.5 2.5 2 1 1 2 2
5510.6 4581.6 490.1 143 0 8.0 7.4 2.5 2.5 2 0 1 4 4
5503.5 4590.6 490.3 152 0 5.0 7.5 2.5 2.5 2 1 1 0 0
5500.0 4597.9 489.6 149 0 8.0 9.8 2.5 2.5 2 1 1 4 4
5486.2 4613.9 489.5 149 0 12.1 14.3 2.5 2.5 2 1 1 3 3
5475.1 4629.9 488.3 150 0 8.1 22.0 2.5 2.5 2 1 1 0 0
5520.1 4657.1 486.2 327 0 8.6 20.3 2.5 2.5 2 1 1 1 1
5471.9 4636.3 491.4 150 0 3.5 4.2 2.5 2.5 2 1 1 0 0
5486.5 4651.6 489.3 146 0 5.6 3.9 2.5 2.5 2 0 1 3 3
5474.4 4672.3 490.6 243 0 7.8 13.7 2.5 0.0 0 1 1 0 0
5485.6 4681.8 489.0 244 0 6.1 15.2 2.5 2.5 4 1 1 5 5
5498.1 4708.1 490.4 60 0 7.4 6.8 5.0 2.5 2 0 2 1 1
5475.6 4695.0 491.0 62 0 9.4 14.8 5.0 2.5 2 1 2 3 3
5451.5 4687.2 491.6 62 0 19.7 10.1 5.0 2.5 4 0 2 5 5
5410.0 4731.2 492.4 333 0 11.9 12.5 2.5 2.5 2 1 1 2 2
5398.1 4649.6 -515.1 63 0 16.2 11.2 5.0 2.5 2 0 2 4 4
5434.3 4541.8 -515.0 151 0 8.4 13.9 5.0 2.5 2 1 2 5 5
5411.6 4587.5 -515.0 147 0 8.0 10.3 5.0 2.5 2 1 2 2 2
5405.1 4599.2 -515.0 153 0 8.1 9.9 5.0 2.5 2 1 2 3 3
5392.0 4619.5 -515.0 149 0 4.9 5.3 5.0 2.5 2 1 2 3 3
5395.7 4612.1 -515.0 155 0 9.2 8.3 5.0 0.0 0 0 2 3 3
5402.1 4630.2 -515.0 244 0 8.5 15.2 5.0 2.5 2 1 2 1 1
5418.2 4636.8 -515.1 242 0 5.0 7.1 5.0 2.5 2 1 2 3 3
5422.5 4629.8 -515.1 243 0 5.9 5.1 5.0 0.0 0 0 2 4 4
5453.7 4618.7 -515.1 334 0 5.8 6.4 5.0 2.5 2 1 2 1 1
5460.6 4622.5 -515.1 334 0 6.3 5.6 5.0 2.5 2 0 2 3 3
5453.0 4637.7 -515.1 336 0 7.7 12.9 5.0 2.5 2 1 2 1 1
5442.0 4652.4 -515.1 319 0 6.8 8.7 5.0 2.5 4 1 2 4 4
5467.5 4608.0 -515.1 325 0 8.6 12.6 5.0 2.5 2 1 2 4 4
5457.0 4599.2 -515.1 331 0 5.9 3.4 5.0 0.0 0 0 2 5 5
5465.2 4574.6 -515.1 77 0 7.0 5.8 5.0 2.5 2 0 2 1 1
5487.6 4569.4 -515.1 60 0 13.6 7.7 5.0 2.5 2 0 2 0 0
5477.7 4590.5 -515.1 325 0 4.2 6.7 5.0 2.5 2 1 2 2 2
5484.5 4585.1 -515.1 329 0 7.0 8.3 5.0 2.5 2 1 2 3 3
5475.2 4548.6 -515.1 242 0 9.1 16.2 5.0 2.5 2 1 2 2 2
5501.7 4548.5 -515.1 334 0 4.7 4.7 5.0 2.5 4 1 2 4 4
5497.7 4567.3 -515.1 233 0 12.2 7.4 5.0 2.5 2 0 2 2 2
5510.3 4553.6 -515.1 331 0 6.8 8.4 5.0 2.5 2 1 2 0 0
5508.3 4535.0 -515.1 328 0 6.9 8.4 5.0 2.5 2 1 2 2 2
5522.5 4535.3 -515.1 329 0 7.2 11.4 5.0 2.5 2 1 2 5 5
5519.8 4503.3 -515.1 43 0 8.3 10.6 5.0 2.5 2 1 2 2 2
5526.7 4520.3 -515.1 318 0 7.2 5.8 5.0 0.0 0 0 2 4 4
5478.1 4496.8 -515.0 150 0 11.1 9.4 5.0 0.0 0 0 2 4 4
5503.3 4484.0 -515.0 47 0 8.5 8.8 5.0 2.5 2 1 2 5 5
5453.7 4514.1 -515.0 145 0 7.4 7.8 5.0 2.5 2 1 2 3 3
5460.9 4496.9 -515.0 148 0 15.7 11.3 5.0 2.5 2 0 2 1 1
5477.4 4478.8 -515.0 136 0 5.0 7.6 5.0 0.0 0 1 2 3 3
5494.8 4446.1 494.1 133 0 9.2 7.9 5.0 2.5 2 0 2 4 4
5508.6 4445.0 493.3 136 0 8.8 6.4 5.0 2.5 2 0 2 3 3
5535.6 4489.2 492.0 229 0 8.2 7.4 5.0 2.5 2 0 2 2 2
5548.2 4493.8 491.3 320 0 8.9 7.4 5.0 2.5 2 0 2 2 2
5527.8 4385.8 493.0 101 0 3.7 3.8 5.0 2.5 2 1 2 4 4
5547.9 4416.2 487.9 15 0 6.2 3.1 5.0 2.5 2 0 2 4 4
5516.0 4436.3 492.6 128 0 3.6 4.1 5.0 2.5 4 1 2 3 3
5455.8 4419.7 495.4 230 0 10.9 7.9 5.0 2.5 4 0 2 3 3
5443.2 4413.8 495.8 314 0 9.1 24.7 5.0 2.5 2 1 2 2 2
5430.9 4429.6 496.0 309 0 10.3 26.5 5.0 2.5 2 1 2 1 1
5402.8 4411.9 497.9 211 0 3.6 4.8 5.0 2.5 2 1 2 5 5
5447.6 4432.4 495.3 44 0 10.5 17.2 5.0 2.5 2 1 2 1 1
5429.3 4452.3 495.4 223 0 9.7 6.8 5.0 2.5 2 0 2 4 4
5449.3 4485.5 494.5 334 0 9.3 7.3 5.0 2.5 2 0 2 3 3
5428.9 4514.6 494.4 242 0 12.3 11.5 5.0 2.5 2 0 2 1 1
5441.1 4501.3 494.5 327 0 7.4 7.4 5.0 2.5 2 0 2 3 3
5390.8 4443.9 497.1 222 0 11.4 23.6 5.0 2.5 4 1 2 0 0
5313.2 4389.7 503.8 142 0 10.6 23.5 10.0 2.5 2 1 4 2 2
5305.4 4475.8 500.9 356 0 15.3 11.5 5.0 2.5 2 0 2 5 5
5265.0 4492.6 502.2 325 0 7.1 12.7 5.0 2.5 2 1 2 3 3
5249.6 4514.6 501.1 326 0 8.3 13.8 5.0 2.5 2 1 2 5 5
5276.8 4466.2 502.7 56 0 11.6 8.3 5.0 2.5 2 0 2 3 3
5270.5 4455.5 504.1 58 0 6.3 9.6 5.0 2.5 2 1 2 3 3
5250.0 4450.3 504.9 151 0 9.4 15.0 5.0 2.5 2 1 2 5 5
5234.7 4468.2 504.2 144 0 7.1 13.9 5.0 2.5 2 1 2 5 5
5219.8 4488.4 502.6 144 0 7.1 13.9 5.0 2.5 2 1 2 1 1
5205.7 4509.1 501.0 144 0 7.1 13.9 5.0 0.0 0 1 2 3 3
5214.1 4552.0 498.9 236 0 13.8 8.3 5.0 2.5 2 0 2 0 0
5263.1 4551.6 498.9 324 0 7.1 13.9 5.0 2.5 2 1 2 1 1
5248.3 4571.8 498.1 324 0 7.1 13.9 5.0 0.0 0 1 2 4 4
5263.8 4566.1 498.1 59 0 3.5 4.0 5.0 2.5 2 1 2 4 4
5265.1 4575.7 497.6 57 0 8.6 10.6 5.0 2.5 2 1 2 2 2
5191.2 4528.6 499.5 144 0 7.1 13.9 5.0 2.5 2 1 2 0 0
5202.3 4461.7 506.4 327 0 7.8 13.4 5.0 2.5 4 1 2 3 3
5189.0 4481.3 504.3 326 0 5.8 12.2 5.0 2.5 2 1 2 0 0
5162.0 4456.3 507.4 59 0 13.2 7.5 5.0 2.5 2 0 2 4 4
5143.1 4473.4 505.8 149 0 8.7 11.9 5.0 2.5 2 1 2 3 3
5198.4 4661.7 495.9 41 0 7.8 15.4 5.0 2.5 2 1 2 0 0
5208.0 4674.4 495.6 34 0 3.2 3.6 5.0 2.5 2 1 2 5 5
5206.3 4706.0 495.3 230 0 9.5 13.4 5.0 2.5 2 1 2 1 1
5181.7 4711.9 495.9 35 0 6.6 7.2 5.0 2.5 2 1 2 3 3
5186.4 4719.5 495.8 37 0 7.0 12.9 5.0 2.5 2 1 2 5 5
5169.3 4695.6 496.1 43 0 8.2 17.3 5.0 2.5 2 1 2 1 1
5159.0 4685.2 496.3 43 0 8.0 13.1 5.0 2.5 4 1 2 0 0
5145.1 4709.6 496.4 253 0 3.2 3.5 5.0 2.5 2 1 2 3 3
5091.1 4568.0 499.6 217 0 8.4 9.5 5.0 2.5 2 1 2 2 2
5103.3 4557.9 499.9 38 0 6.2 4.8 5.0 2.5 2 0 2 2 2
5109.1 4556.4 499.9 38 0 3.2 3.6 5.0 2.5 2 1 2 4 4
5077.9 4557.3 500.4 220 0 7.8 10.3 5.0 2.5 2 1 2 5 5
5075.7 4567.2 499.9 219 0 4.7 5.9 5.0 2.5 2 1 2 3 3
5088.2 4536.6 501.2 37 0 6.9 18.7 5.0 2.5 2 1 2 5 5
5103.5 4540.4 501.1 25 0 3.2 4.1 5.0 2.5 2 1 2 0 0
5099.8 4547.9 500.7 38 0 3.8 4.3 5.0 2.5 2 1 2 2 2
5101.1 4578.7 498.7 213 0 4.4 3.5 5.0 2.5 2 0 2 5 5
5073.4 4602.1 498.3 40 0 7.7 11.0 5.0 2.5 2 1 2 4 4
5064.1 4591.9 498.8 36 0 11.7 7.0 5.0 2.5 2 0 2 3 3
5165.7 4655.1 496.3 220 0 8.6 12.2 5.0 2.5 2 1 2 2 2
5158.1 4583.7 497.3 146 0 13.1 7.1 5.0 2.5 2 0 2 5 5
5132.2 4610.7 497.0 133 0 11.8 7.7 5.0 2.5 2 0 2 5 5
5146.6 4635.8 496.7 223 0 8.3 11.3 5.0 2.5 2 1 2 3 3
5104.6 4665.7 496.8 220 0 7.7 14.0 5.0 2.5 2 1 2 4 4
5092.8 4650.3 496.9 214 0 7.5 13.0 5.0 2.5 2 1 2 0 0
5128.0 4687.2 496.6 219 0 6.6 9.7 5.0 2.5 2 1 2 4 4
5110.1 4573.2 498.5 31 0 4.0 6.4 5.0 2.5 2 1 2 0 0
5148.0 4568.8 497.8 328 0 5.9 3.4 5.0 2.5 2 0 2 1 1
5045.5 4574.2 499.7 37 0 6.7 7.4 5.0 2.5 2 1 2 5 5
5030.9 4553.5 501.1 37 0 6.0 5.6 5.0 2.5 2 0 2 5 5
5058.4 4672.7 496.5 139 0 7.2 10.7 2.5 2.5 2 1 1 2 2
4962.3 4724.6 495.7 309 0 7.4 8.9 2.5 2.5 2 1 1 1 1
4983.0 4750.6 495.3 30 0 6.5 5.9 5.0 2.5 2 0 2 5 5
4960.6 4800.3 495.4 211 0 6.5 6.2 5.0 2.5 2 0 2 0 0
4944.3 4782.5 495.6 223 0 7.5 6.6 5.0 2.5 2 0 2 3 3
4939.0 4701.2 496.4 40 0 6.8 8.5 2.5 2.5 2 1 1 0 0
4922.2 4676.4 498.7 41 0 6.9 12.4 2.5 2.5 4 1 1 5 5
4901.3 4661.9 500.8 132 0 13.0 6.8 2.5 0.0 0 0 1 5 5
4843.1 4654.1 505.8 5 0 9.8 17.2 5.0 0.0 0 1 2 0 0
4840.2 4664.4 504.8 131 0 8.2 6.9 5.0 2.5 2 0 2 3 3
4851.3 4683.2 502.8 218 0 7.5 8.3 5.0 2.5 2 1 2 1 1
4865.3 4701.0 500.1 222 0 6.3 9.7 5.0 2.5 2 1 2 5 5
4880.4 4715.4 499.1 217 0 5.4 9.2 5.0 2.5 2 1 2 2 2
