-6140.1 -4541.4 -7.0 275 0 11.5 9.0 2.5 2.5 2 0 1 5 5
-6089.7 -4570.5 -7.9 5 0 7.1 7.8 2.5 2.5 2 1 1 0 0
-6112.4 -4565.5 -7.5 5 0 9.7 12.8 2.5 2.5 2 1 1 5 5
-6111.8 -4582.7 -7.5 5 0 10.3 15.1 2.5 0.0 0 1 1 2 2
-6116.9 -4605.1 -7.5 5 0 9.1 11.3 2.5 2.5 2 1 1 4 4
-6105.2 -4810.2 -8.3 5 0 6.4 6.7 2.5 2.5 2 1 1 2 2
-6083.9 -4863.5 -8.8 5 0 15.8 7.7 2.5 2.5 2 0 1 5 5
-6079.9 -4779.3 -8.5 5 0 7.5 6.4 2.5 2.5 2 0 1 3 3
-6079.2 -4748.6 -8.5 5 0 8.2 4.1 2.5 2.5 2 0 1 2 2
-6080.5 -4765.2 -8.5 5 0 8.6 5.0 2.5 2.5 2 0 1 3 3
-6070.1 -4734.9 -8.6 5 0 6.5 8.1 2.5 0.0 0 1 1 5 5
-6075.7 -4717.0 -8.5 5 0 8.4 6.2 2.5 2.5 2 0 1 2 2
-6074.8 -4699.7 -8.5 5 0 8.4 9.0 2.5 2.5 2 1 1 4 4
-6074.1 -4681.7 -8.5 275 0 12.0 7.5 2.5 2.5 2 0 1 1 1
-6068.6 -4672.2 -8.5 5 0 7.2 10.3 2.5 2.5 2 1 1 1 1
-6093.0 -4661.8 -8.0 5 0 8.3 6.3 2.5 2.5 2 0 1 3 3
-6098.6 -4681.7 -8.0 275 0 4.4 8.1 2.5 2.5 2 1 1 5 5
-6101.3 -4694.8 -8.0 275 0 5.7 8.4 2.5 2.5 2 1 1 3 3
-6097.1 -4713.2 -8.1 5 0 15.0 8.1 2.5 2.5 2 0 1 5 5
-6098.5 -4732.5 -8.1 5 0 7.2 8.8 2.5 2.5 2 1 1 5 5
-6100.4 -4745.7 -8.1 5 0 6.7 8.4 2.5 2.5 2 1 1 1 1
-6105.2 -4777.9 -8.1 5 0 11.8 7.6 2.5 2.5 2 0 1 4 4
-6132.1 -4700.0 -7.5 275 0 9.5 12.6 2.5 2.5 2 1 1 4 4
-6124.1 -4695.6 -7.6 5 0 6.1 7.1 2.5 2.5 2 1 1 2 2
-6125.0 -4686.3 -7.5 5 0 9.4 11.8 2.5 2.5 2 1 1 3 3
-6123.1 -4670.4 -7.5 5 0 6.8 8.1 2.5 2.5 2 1 1 4 4
-6125.8 -4653.1 -7.4 5 0 11.2 11.1 2.5 2.5 2 0 1 0 0
-6144.9 -4666.9 -7.1 5 0 7.7 9.8 2.5 2.5 2 1 1 2 2
-6146.7 -4684.4 -7.1 5 0 8.9 13.2 2.5 2.5 2 1 1 2 2
-6148.9 -4703.1 -7.2 5 0 8.8 10.0 2.5 2.5 2 1 1 1 1
-6150.8 -4721.0 -7.3 5 0 9.3 11.3 2.5 2.5 2 1 1 3 3
-6153.0 -4738.4 -7.3 5 0 9.9 9.2 2.5 2.5 2 0 1 4 4
-6130.4 -4723.4 -7.5 359 0 10.8 10.2 2.5 2.5 2 0 1 4 4
-6131.9 -4740.8 -7.6 4 0 8.6 9.9 2.5 2.5 2 1 1 5 5
-6135.1 -4776.5 -7.7 7 0 8.6 10.5 2.5 2.5 2 1 1 2 2
-6136.7 -4795.8 -7.8 5 0 11.9 10.2 2.5 2.5 2 0 1 3 3
-6164.9 -4825.1 -7.6 5 0 9.3 9.2 2.5 2.5 4 0 1 3 3
-6147.6 -4826.1 -7.8 6 0 12.3 7.4 2.5 2.5 2 0 1 3 3
-6133.7 -4826.0 -8.0 5 0 26.7 12.0 2.5 2.5 2 0 1 5 5
-6099.4 -4836.6 -8.5 4 0 8.3 13.2 2.5 2.5 2 1 1 1 1
-6099.8 -4847.0 -8.5 5 0 7.8 12.9 2.5 0.0 0 1 1 4 4
-6156.4 -4908.2 -8.1 6 0 8.3 9.4 2.5 2.5 2 1 1 3 3
-6155.7 -4897.7 -8.1 5 0 9.2 8.7 2.5 2.5 2 0 1 5 5
-6144.6 -4888.3 -8.2 7 0 9.2 15.5 2.5 2.5 2 1 1 1 1
-6113.2 -4886.1 -8.6 6 0 27.0 11.6 2.5 2.5 2 0 1 5 5
-6106.5 -4914.6 -8.8 2 0 12.0 12.3 2.5 2.5 4 1 1 0 0
-6151.5 -4949.1 -8.4 9 0 15.1 8.0 2.5 2.5 2 0 1 2 2
-6163.8 -4951.8 -8.2 13 0 13.2 11.0 2.5 2.5 2 0 1 4 4
-6166.6 -4969.0 -8.3 6 0 9.1 6.8 2.5 2.5 2 0 1 5 5
-6141.7 -4999.4 -8.4 7 0 10.1 22.5 2.5 2.5 4 1 1 5 5
-6172.5 -5024.0 -8.1 6 0 8.6 9.2 2.5 2.5 2 1 1 4 4
-6177.4 -5074.1 -6.9 7 0 9.1 10.2 2.5 2.5 2 1 1 2 2
-6182.3 -5105.7 -6.1 6 0 8.8 10.2 2.5 2.5 2 1 1 0 0
-6350.2 -5059.5 -6.7 14 0 11.8 34.4 10.0 2.5 2 1 4 1 1
-6319.3 -5066.4 -7.0 192 0 28.4 11.0 2.5 2.5 4 0 1 5 5
-6327.2 -5090.5 -7.0 189 0 12.9 14.7 2.5 2.5 2 1 1 2 2
-6194.6 -5801.7 -8.7 10 0 13.2 7.8 2.5 2.5 2 0 1 1 1
-6235.8 -5741.7 -7.0 9 0 10.3 15.5 2.5 0.0 0 1 1 1 1
-6238.2 -5754.9 -7.0 10 0 9.9 15.0 2.5 2.5 2 1 1 1 1
-6267.7 -5652.6 -6.4 190 0 31.7 12.3 2.5 2.5 2 0 1 0 0
-6276.3 -5691.5 -6.2 188 0 18.5 13.5 2.5 0.0 0 0 1 0 0
-6284.0 -5720.4 -6.1 193 0 15.1 12.9 2.5 0.0 0 0 1 1 1
-6283.1 -5736.9 -6.1 191 0 8.6 10.7 2.5 2.5 2 1 1 3 3
-6285.4 -5747.2 -6.1 193 0 8.2 11.7 2.5 2.5 2 1 1 4 4
-6295.0 -5778.7 -5.9 189 0 9.4 14.4 2.5 2.5 2 1 1 0 0
-6285.6 -5847.3 -6.6 194 0 9.7 18.9 2.5 2.5 2 1 1 3 3
-6318.8 -5838.9 -5.4 193 0 9.6 20.4 2.5 2.5 2 1 1 3 3
-6355.5 -6012.5 -2.7 202 0 12.4 10.3 2.5 2.5 2 0 1 5 5
-6321.8 -6032.9 -2.1 29 0 13.6 17.4 2.5 2.5 2 1 1 4 4
-6342.3 -6054.5 -2.7 292 0 12.6 21.5 2.5 2.5 2 1 1 1 1
-6361.5 -6088.6 -3.1 209 0 19.5 10.2 2.5 2.5 2 0 1 5 5
-6435.1 -6457.2 -2.5 201 0 9.5 15.8 5.0 2.5 2 1 2 5 5
-6582.6 -6759.1 -7.3 314 0 6.0 7.9 2.5 2.5 2 1 1 3 3
-6567.5 -6755.4 -7.2 120 0 5.3 5.2 5.0 2.5 4 0 2 3 3
-6069.5 5088.9 -4.3 87 0 10.1 32.3 2.5 2.5 2 0 1 3 3
-6064.7 5131.1 -4.1 354 0 18.6 12.6 2.5 2.5 2 0 1 1 1
-6124.1 5078.6 -4.3 86 0 8.2 7.7 2.5 2.5 2 0 1 1 1
-6132.7 5114.3 -4.8 176 0 7.7 8.2 2.5 2.5 2 1 1 5 5
-6134.3 5126.2 -4.9 176 0 7.7 8.2 2.5 2.5 2 1 1 5 5
-6137.1 5145.9 -5.0 176 0 7.7 8.2 2.5 2.5 2 1 1 0 0
-6138.1 5157.8 -4.9 176 0 7.7 8.2 2.5 2.5 2 1 1 0 0
-6141.0 5176.8 -5.1 176 0 7.7 8.2 2.5 2.5 2 1 1 3 3
-6045.3 5057.9 -4.5 356 0 7.7 8.2 2.5 2.5 2 1 1 1 1
-6151.8 5038.2 -4.2 176 0 7.7 8.2 2.5 2.5 2 1 1 1 1
-6151.3 5075.0 -4.5 356 0 7.7 8.2 2.5 0.0 0 1 1 5 5
-6156.0 5096.5 -4.8 356 0 7.7 8.2 2.5 2.5 2 1 1 4 4
-6158.5 5107.9 -4.9 356 0 7.7 8.2 2.5 0.0 0 1 1 3 3
-6164.1 5315.9 -5.2 176 0 7.7 8.2 2.5 2.5 2 1 1 0 0
-6166.2 5327.5 -5.0 176 0 7.7 8.2 2.5 2.5 2 1 1 4 4
-6170.8 5355.0 -4.5 176 0 7.7 8.2 2.5 0.0 0 1 1 1 1
-6171.1 5368.7 -4.1 176 0 7.7 8.2 2.5 2.5 4 1 1 0 0
-6174.2 5380.1 -3.9 176 0 7.7 8.2 2.5 2.5 2 1 1 3 3
-6190.1 5466.7 -3.1 176 0 7.7 8.2 2.5 2.5 2 1 1 1 1
-6230.1 5499.3 -3.0 356 0 7.7 8.2 2.5 2.5 2 1 1 3 3
-6243.2 5571.4 -2.8 356 0 7.7 8.2 2.5 2.5 2 1 1 5 5
-6199.9 5533.5 -3.3 176 0 7.7 8.2 2.5 0.0 0 1 1 4 4
-6201.2 5543.6 -3.3 176 0 7.7 8.2 2.5 2.5 2 1 1 4 4
-6207.4 5572.6 -3.4 176 0 7.7 8.2 2.5 2.5 2 1 1 4 4
-6208.9 5583.5 -3.4 176 0 7.7 8.2 2.5 2.5 2 1 1 2 2
-6214.3 5611.2 -3.5 176 0 7.7 8.2 2.5 2.5 2 1 1 3 3
-6215.6 5623.4 -3.5 176 0 7.7 8.2 2.5 2.5 2 1 1 4 4
