-2089.3 144.9 3.3 17 0 5.2 7.3 2.5 2.5 2 1 1 3 3
-2098.7 147.0 3.3 14 0 4.3 3.8 7.5 2.5 2 0 3 0 0
-2092.7 157.0 3.1 269 0 4.2 4.0 2.5 2.5 2 0 1 0 0
-2100.1 164.6 3.1 275 0 4.4 4.4 7.5 2.5 2 0 3 4 4
-2113.2 116.0 3.8 179 0 4.6 3.3 7.5 2.5 2 0 3 2 2
-2117.7 110.3 3.9 202 0 4.8 3.2 2.5 2.5 2 0 1 3 3
-3037.4 3856.2 -2.0 339 0 5.8 4.8 5.0 2.5 2 0 2 3 3
-3026.2 3832.4 -1.9 339 0 5.9 3.8 5.0 2.5 2 0 2 3 3
-3019.4 3811.0 -1.8 339 0 7.3 5.2 7.5 2.5 2 0 3 2 2
-3022.0 3820.4 -1.8 339 0 9.3 7.5 7.5 2.5 2 0 3 1 1
-3044.3 3866.2 -2.0 339 0 8.4 7.3 7.5 2.5 2 0 3 0 0
-3041.1 3886.4 -2.1 339 0 6.6 10.3 2.5 2.5 2 1 1 2 2
-3047.7 3899.3 -2.1 339 0 8.0 5.8 7.5 2.5 4 0 3 3 3
-3092.1 3964.4 -2.4 339 0 7.2 5.0 7.5 2.5 2 0 3 0 0
-3085.5 3954.9 -2.4 339 0 6.3 3.1 5.0 2.5 2 0 2 0 0
-3089.0 3953.6 -2.4 339 0 7.4 5.1 7.5 2.5 4 0 3 3 3
-3084.5 3942.1 -2.4 339 0 7.4 5.5 2.5 2.5 2 0 1 3 3
-3075.7 3915.4 -2.3 339 0 7.6 5.1 7.5 2.5 4 0 3 0 0
-3066.2 3889.0 -2.2 339 0 9.7 6.4 7.5 2.5 2 0 3 4 4
-3058.2 3867.6 -2.1 339 0 9.5 7.1 7.5 2.5 2 0 3 5 5
-3054.2 3852.9 -2.0 339 0 8.4 6.2 7.5 0.0 0 0 3 5 5
-3046.2 3842.6 -1.9 339 0 4.6 4.2 5.0 2.5 2 0 2 0 0
-3050.3 3839.9 -1.9 339 0 8.3 5.3 2.5 2.5 2 0 1 1 1
-3044.9 3827.0 -1.8 339 0 9.2 6.0 5.0 2.5 2 0 2 1 1
-3040.0 3812.9 -1.7 339 0 9.2 6.1 7.5 2.5 2 0 3 4 4
-3103.8 4057.5 -2.8 339 0 5.2 6.2 7.5 2.5 2 1 3 2 2
-3119.7 4051.4 -2.8 339 0 7.4 6.0 7.5 2.5 2 0 3 0 0
-3124.3 4067.3 -2.8 339 0 8.2 6.3 5.0 0.0 0 0 2 1 1
-3155.7 4066.2 -2.7 249 0 8.2 10.6 5.0 2.5 2 1 2 0 0
-3151.0 4046.7 -2.7 249 0 8.3 9.3 7.5 2.5 2 1 3 4 4
-3139.1 4028.2 -2.7 339 0 9.5 7.8 5.0 2.5 2 0 2 3 3
-3137.8 4010.9 -2.6 339 0 7.9 7.4 2.5 2.5 2 0 1 4 4
-3150.2 4012.8 -2.6 339 0 5.9 5.3 5.0 2.5 2 0 2 4 4
-3125.2 3983.2 -2.6 339 0 8.3 6.2 7.5 2.5 2 0 3 4 4
-3120.6 3969.6 -2.5 339 0 8.2 7.1 2.5 2.5 2 0 1 1 1
-3109.0 3938.8 -2.4 339 0 10.1 7.3 5.0 2.5 2 0 2 4 4
-3117.0 3938.0 -2.4 339 0 4.9 3.0 7.5 2.5 2 0 3 3 3
-3103.4 3921.8 -2.3 339 0 8.4 7.4 7.5 0.0 0 0 3 3 3
-3097.0 3907.4 -2.3 339 0 7.7 9.9 7.5 2.5 2 1 3 3 3
-3092.2 3893.6 -2.2 339 0 7.7 9.8 5.0 2.5 2 1 2 2 2
-3087.1 3879.9 -2.1 338 0 5.1 8.2 7.5 2.5 2 1 3 4 4
-3076.5 3847.8 -1.8 338 0 7.2 6.3 7.5 2.5 4 0 3 3 3
-3070.3 3828.2 -1.6 338 0 7.4 4.9 7.5 2.5 2 0 3 2 2
-3065.5 3814.9 -1.5 342 0 9.4 7.3 5.0 2.5 2 0 2 4 4
-3060.3 3795.1 -1.3 72 0 4.0 6.7 5.0 2.5 2 1 2 4 4
-3031.3 3773.2 -1.3 67 0 5.4 9.2 5.0 2.5 2 1 2 0 0
-3217.6 4052.1 -2.5 251 0 11.7 28.6 7.5 2.5 2 1 3 4 4
-3187.4 4009.8 -2.5 167 0 5.9 5.5 5.0 0.0 0 0 2 5 5
-3172.8 4024.1 -2.6 257 0 18.5 11.5 2.5 2.5 2 0 1 0 0
-3138.1 3994.0 -2.6 335 0 9.1 7.6 7.5 2.5 2 0 3 1 1
-3150.4 3966.0 -2.5 155 0 8.4 6.9 7.5 0.0 0 0 3 5 5
-3137.6 3924.9 -2.4 155 0 6.0 10.2 7.5 2.5 2 1 3 1 1
-3129.0 3911.7 -2.3 155 0 9.7 5.9 7.5 2.5 2 0 3 2 2
-3124.3 3897.4 -2.1 155 0 8.6 5.5 7.5 2.5 2 0 3 5 5
-3115.0 3865.6 -1.8 156 0 7.4 10.5 5.0 2.5 2 1 2 0 0
-3118.1 3881.7 -2.0 155 0 10.1 6.8 5.0 2.5 2 0 2 1 1
-3125.8 3882.8 -1.9 154 0 5.3 5.9 7.5 2.5 2 1 3 1 1
-3140.9 3882.9 -1.9 154 0 12.9 11.0 10.0 0.0 0 0 4 1 1
-3108.7 3852.4 -1.7 154 0 7.3 8.5 7.5 2.5 4 1 3 4 4
-3102.5 3840.1 -1.6 154 0 8.6 6.3 5.0 2.5 2 0 2 0 0
-3096.6 3830.7 -1.5 154 0 9.1 8.6 2.5 2.5 2 0 1 1 1
-3131.9 3840.6 -1.3 154 0 7.1 5.9 7.5 2.5 4 0 3 0 0
-3125.0 3826.6 -1.1 154 0 7.8 5.6 7.5 2.5 2 0 3 3 3
-3107.3 3823.8 -1.3 154 0 6.8 7.8 2.5 2.5 2 1 1 3 3
-3092.0 3813.8 -1.3 157 0 7.4 6.3 5.0 2.5 4 0 2 5 5
-3097.0 3810.8 -1.2 152 0 5.8 3.5 2.5 2.5 2 0 1 4 4
-3082.8 3797.6 -1.2 67 0 6.3 8.2 7.5 2.5 2 1 3 3 3
-6556.7 3241.6 -5.4 33 0 8.2 5.6 5.0 2.5 4 0 2 2 2
-6687.1 3135.6 -6.0 39 0 7.1 6.8 2.5 0.0 0 0 1 0 0
-6689.1 3190.5 -6.7 35 0 6.3 7.8 7.5 2.5 2 1 3 1 1
-6681.3 3183.8 -6.5 39 0 5.9 7.8 7.5 2.5 2 1 3 2 2
-6642.7 3177.0 -5.7 36 0 7.6 5.2 5.0 2.5 2 0 2 5 5
-6625.7 3179.6 -5.4 120 0 5.0 4.9 7.5 2.5 2 0 3 2 2
-6627.5 3173.6 -5.4 37 0 5.1 7.2 7.5 2.5 4 1 3 5 5
-6644.7 3234.3 -6.4 306 0 5.5 3.1 5.0 2.5 2 0 2 3 3
-6639.8 3229.5 -6.2 312 0 4.6 10.3 5.0 2.5 2 1 2 0 0
-6673.8 3235.1 -6.9 304 0 6.9 8.1 7.5 2.5 2 1 3 5 5
-6688.2 3264.8 -7.0 309 0 5.8 4.5 7.5 2.5 4 0 3 1 1
-6714.6 3264.6 -7.2 309 0 4.0 4.4 5.0 2.5 2 1 2 2 2
-6730.0 3258.8 -7.6 309 0 8.4 9.5 2.5 2.5 4 1 1 5 5
-6739.2 3263.0 -7.5 309 0 7.3 7.0 2.5 2.5 2 0 1 4 4
-6766.8 3254.3 -7.9 219 0 9.7 5.9 5.0 2.5 2 0 2 5 5
-6790.7 3259.1 -8.0 309 0 4.2 4.2 5.0 2.5 2 0 2 1 1
-6762.7 3234.8 -8.1 219 0 6.9 8.3 5.0 0.0 0 1 2 3 3
-6756.2 3225.8 -8.0 219 0 5.9 7.7 7.5 0.0 0 1 3 0 0
-6744.2 3218.8 -7.8 309 0 6.9 4.6 5.0 2.5 2 0 2 4 4
-6737.0 3212.6 -7.6 309 0 7.7 4.9 2.5 2.5 2 0 1 1 1
-6728.7 3205.6 -7.4 309 0 7.2 5.9 5.0 0.0 0 0 2 5 5
-6707.8 3188.4 -6.9 39 0 6.5 7.8 2.5 2.5 2 1 1 1 1
-6717.7 3202.6 -7.2 309 0 8.5 6.9 5.0 2.5 2 0 2 2 2
-6719.4 3185.4 -7.1 39 0 7.3 7.8 7.5 2.5 2 1 3 1 1
-6704.3 3172.4 -6.7 39 0 5.6 6.9 7.5 2.5 4 1 3 0 0
-6759.4 3209.8 -7.9 219 0 9.8 7.3 7.5 2.5 2 0 3 0 0
-6745.8 3205.4 -7.7 309 0 6.6 8.3 7.5 2.5 2 1 3 1 1
-6739.0 3198.4 -7.5 309 0 7.7 6.8 7.5 2.5 2 0 3 2 2
-6730.6 3186.6 -7.3 39 0 6.8 7.5 5.0 2.5 2 1 2 4 4
-6754.3 3178.3 -7.5 129 0 7.2 6.2 7.5 2.5 2 0 3 5 5
-6726.6 3148.9 -6.8 39 0 6.4 7.2 2.5 0.0 0 1 1 4 4
-6731.3 3132.2 -6.7 40 0 7.8 12.7 7.5 2.5 2 1 3 2 2
-6778.5 3208.8 -8.3 129 0 7.2 7.4 5.0 2.5 2 1 2 3 3
-6773.7 3194.2 -8.0 129 0 7.7 6.8 2.5 2.5 2 0 1 0 0
-6792.3 3172.8 -8.0 129 0 6.0 5.0 7.5 2.5 2 0 3 3 3
-6806.7 3171.6 -8.2 219 0 5.7 20.1 5.0 2.5 2 1 2 5 5
-6801.6 3271.1 -7.9 309 0 4.8 6.3 7.5 2.5 2 1 3 2 2
-6808.4 3250.2 -8.3 219 0 8.0 5.6 2.5 2.5 2 0 1 5 5
-6822.4 3229.4 -8.7 219 0 6.1 5.4 5.0 2.5 2 0 2 3 3
-6785.5 3268.4 -7.9 309 0 5.6 8.7 7.5 2.5 2 1 3 2 2
-6784.4 3252.2 -8.1 309 0 5.0 5.4 5.0 2.5 2 1 2 4 4
-6781.6 3245.1 -8.1 219 0 6.1 7.5 7.5 2.5 2 1 3 4 4
-6760.8 3249.3 -7.9 219 0 8.0 7.2 5.0 2.5 4 0 2 3 3
-6769.4 3241.5 -8.1 219 0 5.8 7.3 7.5 2.5 2 1 3 3 3
-6773.4 3261.2 -7.8 219 0 5.7 7.7 7.5 2.5 2 1 3 0 0
-6760.2 3275.9 -7.4 219 0 5.4 7.5 2.5 2.5 2 1 1 4 4
-6766.2 3276.5 -7.6 306 0 5.7 11.3 7.5 2.5 2 1 3 0 0
-6777.8 3275.1 -7.6 222 0 6.9 4.0 7.5 2.5 2 0 3 3 3
-6756.0 3288.7 -7.2 234 0 7.2 5.3 7.5 2.5 2 0 3 5 5
-6746.5 3279.3 -7.2 219 0 4.2 5.8 5.0 2.5 2 1 2 2 2
-6730.8 3279.8 -7.1 316 0 6.2 3.9 2.5 2.5 2 0 1 4 4
-6734.1 3273.6 -7.3 307 0 10.0 6.6 7.5 2.5 2 0 3 2 2
-6724.7 3267.4 -7.3 309 0 9.0 7.0 7.5 0.0 0 0 3 0 0
-6710.0 3269.7 -7.1 299 0 5.5 4.9 7.5 2.5 2 0 3 0 0
-6702.0 3265.2 -7.2 312 0 6.4 7.5 5.0 2.5 2 1 2 1 1
-6709.9 3254.2 -7.4 309 0 7.8 4.0 2.5 2.5 2 0 1 5 5
-6701.2 3249.3 -7.4 305 0 7.9 5.6 7.5 2.5 2 0 3 4 4
-6692.2 3243.8 -7.3 310 0 4.4 4.8 5.0 0.0 0 1 2 4 4
-6684.2 3239.7 -7.1 299 0 8.4 6.9 7.5 2.5 2 0 3 0 0
-6676.1 3249.3 -7.1 313 0 8.8 7.3 7.5 2.5 2 0 3 5 5
-6665.3 3246.1 -6.9 309 0 8.0 6.5 7.5 2.5 2 0 3 2 2
-6665.9 3208.0 -6.4 309 0 8.4 6.9 2.5 2.5 2 0 1 4 4
-6665.3 3228.5 -6.7 304 0 8.0 6.9 5.0 2.5 2 0 2 0 0
-6633.9 3197.5 -5.8 33 0 5.7 4.4 5.0 2.5 2 0 2 1 1
-6628.2 3203.0 -5.8 49 0 4.5 5.6 2.5 2.5 2 1 1 3 3
-6627.6 3218.4 -5.9 315 0 5.0 5.9 5.0 2.5 2 1 2 4 4
-6633.3 3225.1 -6.1 310 0 5.4 8.3 5.0 2.5 2 1 2 5 5
-6648.6 3215.5 -6.2 299 0 7.4 6.4 2.5 2.5 2 0 1 3 3
-6637.6 3204.5 -6.0 38 0 8.0 7.4 5.0 2.5 2 0 2 2 2
-6754.8 3147.3 -7.1 125 0 6.7 7.6 7.5 2.5 2 1 3 1 1
-6775.9 3130.6 -7.3 134 0 6.3 5.4 2.5 2.5 2 0 1 4 4
-6706.8 3135.0 -6.4 42 0 13.4 12.6 7.5 2.5 2 0 3 3 3
-6680.7 3162.7 -6.2 123 0 10.0 21.5 5.0 2.5 2 1 2 5 5
-6644.6 3318.5 -5.7 134 0 7.4 13.2 2.5 2.5 2 1 1 3 3
-6655.9 3329.1 -5.6 130 0 9.4 15.4 2.5 2.5 2 1 1 0 0
