5204.3 5138.5 53.0 90 0 8.0 13.7 2.5 2.5 2 1 1 5 5
5588.9 5194.3 -9.8 171 0 6.0 5.4 2.5 2.5 2 0 1 4 4
5609.5 5183.9 -15.8 263 0 5.3 5.1 2.5 2.5 2 0 1 4 4
5536.9 4814.7 -35.1 208 0 5.9 6.0 2.5 2.5 2 1 1 1 1
5537.8 4802.5 -36.4 209 0 7.1 7.4 2.5 0.0 0 1 1 1 1
5506.7 4907.9 -18.8 241 0 7.6 5.6 2.5 2.5 2 0 1 2 2
5524.7 4891.9 -26.9 33 0 8.2 6.2 2.5 2.5 2 0 1 1 1
5538.2 4881.4 -30.5 40 0 7.8 6.5 2.5 2.5 2 0 1 4 4
5589.7 4865.1 -42.9 286 0 5.5 4.5 2.5 2.5 2 0 1 4 4
5593.4 4874.1 -43.9 283 0 9.0 7.4 2.5 2.5 2 0 1 0 0
5543.9 4939.2 -21.3 27 0 8.2 8.3 2.5 2.5 2 1 1 4 4
5670.5 4862.8 -57.9 111 0 5.4 7.0 2.5 0.0 0 1 1 2 2
5671.7 4906.8 -57.4 200 0 7.1 6.5 2.5 2.5 2 0 1 3 3
5668.2 4899.0 -57.3 205 0 5.3 7.6 2.5 2.5 2 1 1 0 0
5636.1 4872.7 -53.6 108 0 15.8 28.3 2.5 2.5 2 1 1 0 0
5722.3 4937.3 -61.6 29 0 5.7 6.4 2.5 2.5 2 1 1 2 2
5727.9 4947.2 -61.7 27 0 10.6 15.6 2.5 2.5 2 1 1 2 2
5675.1 5011.0 -47.9 225 0 13.0 9.6 2.5 2.5 2 0 1 1 1
5689.4 4998.7 -51.4 226 0 6.0 6.4 2.5 2.5 2 1 1 0 0
5724.2 5022.0 -58.0 244 0 7.8 8.9 2.5 2.5 2 1 1 1 1
5733.5 5025.0 -59.2 245 0 6.6 8.9 2.5 2.5 2 1 1 4 4
5724.0 5264.3 -49.6 86 0 5.1 6.3 5.0 2.5 2 1 2 0 0
5752.2 5249.1 -46.9 94 0 5.7 6.4 5.0 0.0 0 1 2 0 0
5780.4 5298.1 -55.7 4 0 7.0 8.3 5.0 2.5 2 1 2 5 5
5778.4 5260.9 -48.7 86 0 5.6 6.0 5.0 2.5 2 1 2 3 3
5783.7 5155.0 -56.3 277 0 9.8 13.7 2.5 2.5 2 1 1 0 0
5795.8 5145.5 -57.7 195 0 9.2 6.5 2.5 2.5 2 0 1 4 4
5798.0 5167.3 -57.1 191 0 9.4 9.6 2.5 2.5 2 1 1 1 1
5849.0 5159.8 -60.0 32 0 17.2 6.0 2.5 2.5 2 0 1 1 1
5817.3 5217.4 -56.1 208 0 12.1 9.0 2.5 2.5 2 0 1 5 5
5832.2 5223.5 -56.1 199 0 11.0 8.0 2.5 2.5 2 0 1 3 3
5849.3 5281.8 -55.7 26 0 14.0 9.4 2.5 2.5 2 0 1 4 4
5861.4 5251.2 -56.4 208 0 11.2 17.4 2.5 2.5 2 1 1 1 1
5892.3 5244.0 -57.7 32 0 29.4 10.4 2.5 2.5 2 0 1 2 2
