4640.5 3206.9 -54.9 135 0 4.7 5.3 2.5 2.5 2 1 1 3 3
4571.3 3281.9 -99.6 136 0 5.5 5.4 7.5 2.5 2 0 3 4 4
6778.8 3914.1 55.6 58 0 11.2 10.7 2.5 2.5 2 0 1 5 5
6725.4 3868.5 70.5 143 0 8.2 13.4 2.5 0.0 0 1 1 1 1
6756.8 3936.9 52.7 136 0 9.2 12.7 2.5 2.5 2 1 1 1 1
6720.7 3913.5 60.7 85 0 22.6 15.8 5.0 2.5 2 0 2 1 1
6749.8 3874.5 67.5 157 0 7.2 7.6 2.5 2.5 2 1 1 1 1
6749.8 3857.4 70.7 127 0 7.3 5.6 2.5 2.5 2 0 1 3 3
6729.3 3954.1 54.7 348 0 15.9 14.1 5.0 2.5 2 0 2 0 0
6711.9 3985.9 43.6 21 0 11.6 18.1 5.0 0.0 0 1 2 1 1
6821.0 3991.7 32.3 281 0 3.6 5.7 2.5 0.0 0 1 1 5 5
6905.2 3898.3 46.6 11 0 3.9 6.0 2.5 0.0 0 1 1 2 2
6270.2 4016.1 -117.4 109 0 5.8 6.5 7.5 2.5 2 1 3 3 3
6276.3 4036.2 -118.4 251 0 4.2 6.8 7.5 0.0 0 1 3 5 5
6269.5 3271.0 75.8 281 0 3.6 5.7 2.5 0.0 0 1 1 5 5
6272.1 3284.1 75.3 232 0 5.7 6.2 2.5 2.5 2 1 1 1 1
6301.2 3592.5 5.7 131 0 3.6 5.6 2.5 0.0 0 1 1 2 2
6636.5 3679.1 103.6 101 0 3.6 5.7 2.5 0.0 0 1 1 1 1
6679.7 3786.9 80.7 342 0 3.6 5.6 2.5 0.0 0 1 1 5 5
6665.3 3769.6 83.5 341 0 4.3 6.8 2.5 0.0 0 1 1 0 0
6631.0 3832.2 63.1 41 0 4.2 6.6 5.0 0.0 0 1 2 3 3
6653.3 3809.2 72.7 221 0 3.6 5.6 2.5 0.0 0 1 1 0 0
6604.8 3751.7 80.9 161 0 3.6 5.6 2.5 0.0 0 1 1 3 3
6618.0 3764.2 80.7 221 0 4.2 6.6 2.5 0.0 0 1 1 1 1
6629.7 3721.0 95.4 161 0 4.7 7.4 2.5 0.0 0 1 1 1 1
6691.5 3688.1 108.7 312 0 3.6 5.6 2.5 0.0 0 1 1 3 3
6838.5 3644.0 109.3 161 0 3.6 5.6 5.0 0.0 0 1 2 2 2
6810.0 4295.6 -12.9 305 0 5.8 6.8 5.0 2.5 2 1 2 2 2
6838.6 4257.8 -14.2 4 0 6.4 6.6 7.5 2.5 2 1 3 1 1
6839.4 4225.6 -10.1 11 0 4.7 7.4 7.5 0.0 0 1 3 1 1
6805.1 4150.2 9.4 41 0 3.6 5.6 5.0 0.0 0 1 2 0 0
6834.0 4045.4 19.5 341 0 4.1 6.4 2.5 0.0 0 1 1 5 5
6826.3 4089.8 14.7 161 0 4.7 7.3 2.5 0.0 0 1 1 1 1
6798.1 4111.1 12.8 356 0 5.0 6.8 2.5 2.5 2 1 1 3 3
6717.6 4069.8 27.2 251 0 3.5 5.7 5.0 0.0 0 1 2 2 2
6734.2 4093.1 22.1 101 0 3.8 6.1 2.5 0.0 0 1 1 2 2
6668.8 4035.3 28.3 11 0 3.6 5.6 5.0 0.0 0 1 2 0 0
6673.1 4026.3 32.2 191 0 3.6 5.6 5.0 0.0 0 1 2 2 2
6678.6 4016.0 35.7 191 0 3.6 5.6 5.0 0.0 0 1 2 2 2
6697.6 3922.0 60.8 146 0 3.8 3.9 5.0 2.5 2 1 2 5 5
6891.8 3833.5 68.5 101 0 4.6 7.2 2.5 0.0 0 1 1 4 4
6901.1 3848.1 64.3 11 0 4.6 7.2 2.5 0.0 0 1 1 3 3
6791.3 4286.6 -13.0 175 0 8.9 8.0 7.5 2.5 2 0 3 5 5
6831.5 4242.0 -11.2 25 0 9.6 8.7 7.5 0.0 0 0 3 4 4
6719.5 4181.9 3.0 192 0 7.3 7.9 5.0 2.5 2 1 2 2 2
6791.6 4002.4 34.1 192 0 5.9 5.6 2.5 2.5 4 0 1 0 0
6732.9 3892.9 67.4 205 0 6.7 6.6 2.5 2.5 2 0 1 0 0
6683.3 3985.1 44.7 179 0 6.3 4.8 5.0 2.5 2 0 2 2 2
6687.5 4099.3 11.0 341 0 26.4 12.5 5.0 2.5 2 0 2 1 1
6697.8 4126.8 9.7 244 0 12.9 32.2 2.5 2.5 2 1 1 4 4
6705.6 4071.8 24.7 264 0 8.2 8.7 5.0 2.5 2 1 2 2 2
6721.4 4081.9 22.0 83 0 12.1 7.6 2.5 2.5 2 0 1 0 0
6748.2 4083.0 23.6 147 0 8.3 14.1 2.5 2.5 2 1 1 0 0
6802.6 4092.4 14.9 353 0 13.0 30.3 2.5 2.5 2 1 1 4 4
6834.1 4055.9 17.0 126 0 6.9 13.1 5.0 2.5 2 1 2 3 3
6833.8 4031.7 21.5 11 0 7.6 8.1 2.5 2.5 2 1 1 2 2
6772.8 4017.5 35.8 314 0 13.2 8.7 2.5 2.5 4 0 1 5 5
6794.4 4018.2 31.5 293 0 10.2 8.3 2.5 2.5 2 0 1 2 2
6814.4 4002.4 31.4 309 0 15.7 10.5 2.5 2.5 2 0 1 3 3
6804.0 3782.8 82.8 165 0 10.3 10.1 2.5 2.5 2 0 1 4 4
6712.0 3756.5 92.0 357 0 9.7 12.3 2.5 2.5 2 1 1 4 4
6670.3 3790.6 76.1 17 0 9.0 10.8 2.5 2.5 2 1 1 0 0
6681.9 3818.4 76.2 345 0 8.0 7.2 2.5 2.5 2 0 1 3 3
6656.5 3826.8 70.5 273 0 5.6 4.6 2.5 2.5 2 0 1 4 4
6659.4 3845.3 71.3 69 0 7.9 7.8 5.0 2.5 2 0 2 1 1
6656.7 3857.5 70.3 341 0 5.1 8.0 5.0 2.5 2 1 2 2 2
6643.6 3837.7 66.0 73 0 12.3 14.2 5.0 2.5 2 1 2 0 0
6630.1 3775.8 78.3 246 0 11.0 11.9 2.5 2.5 2 1 1 5 5
6350.2 3570.8 16.5 13 0 7.2 5.5 7.5 0.0 0 0 3 3 3
6340.3 3574.6 14.3 24 0 6.2 4.6 7.5 2.5 4 0 3 0 0
6271.2 3568.2 9.7 132 0 3.3 4.2 5.0 2.5 2 1 2 4 4
6311.0 3450.5 49.5 245 0 5.9 6.3 5.0 2.5 4 1 2 4 4
6295.8 3439.5 47.3 357 0 5.8 5.8 2.5 0.0 0 0 1 5 5
6299.8 3414.2 54.9 303 0 4.5 6.9 2.5 2.5 4 1 1 5 5
6308.9 3404.9 59.1 121 0 4.8 5.2 5.0 2.5 2 1 2 5 5
6213.4 3432.8 33.1 146 0 5.0 7.5 2.5 2.5 2 1 1 5 5
6217.2 3419.1 36.7 176 0 7.1 6.1 2.5 2.5 2 0 1 5 5
6231.1 3446.3 34.0 269 0 6.3 7.0 2.5 2.5 2 1 1 1 1
6236.9 3433.7 37.5 315 0 5.8 7.4 2.5 2.5 2 1 1 2 2
6266.5 3399.5 49.6 74 0 7.4 6.9 2.5 2.5 2 0 1 3 3
