-1400.3 -6239.8 -44.3 186 0 6.3 10.4 10.5 3.5 2 1 3 4 4
-1402.3 -6201.3 -44.2 181 0 6.8 11.1 10.5 3.5 2 1 3 0 0
-1378.2 -6262.6 -44.3 358 0 8.8 13.0 10.5 3.5 2 1 3 3 3
-1219.2 -6431.3 -42.4 175 0 8.6 10.8 10.5 3.5 2 1 3 0 0
-1229.7 -6398.5 -42.6 177 0 7.1 8.3 10.5 0.0 0 1 3 2 2
-1168.6 -6299.7 -40.1 171 0 8.6 5.4 10.5 3.5 2 0 3 2 2
-1168.3 -6252.9 -40.6 272 0 8.8 17.0 10.5 3.5 2 1 3 2 2
-1179.5 -6251.7 -41.3 270 0 9.6 8.2 10.5 3.5 2 0 3 0 0
-1183.2 -6271.7 -41.7 90 0 14.7 9.4 10.5 3.5 2 0 3 3 3
-1197.5 -6273.6 -42.5 91 0 8.7 11.0 10.5 3.5 2 1 3 4 4
-1198.1 -6248.1 -42.5 271 0 7.0 10.3 10.5 3.5 2 1 3 0 0
-1219.6 -6264.8 -43.7 178 0 9.6 14.9 10.5 0.0 0 1 3 5 5
-40.0 -5538.3 17.7 97 0 11.9 39.2 2.5 2.5 2 1 1 4 4
-55.7 -5505.8 16.5 187 0 17.5 10.8 2.5 2.5 2 0 1 3 3
-59.9 -5527.3 16.3 187 0 19.4 12.5 2.5 2.5 2 0 1 3 3
-66.1 -5502.2 15.0 5 0 10.3 6.1 5.0 2.5 2 0 2 0 0
-75.7 -5501.5 12.9 5 0 8.8 14.7 5.0 2.5 2 1 2 1 1
-52.5 -5570.4 12.1 13 0 11.5 27.7 5.0 2.5 2 1 2 4 4
-82.2 -5563.2 9.1 13 0 12.9 19.9 5.0 2.5 2 1 2 2 2
-91.1 -5538.1 10.4 10 0 26.2 11.0 5.0 2.5 2 0 2 4 4
-106.2 -5582.2 3.6 100 0 17.4 13.0 5.0 0.0 0 0 2 3 3
-126.1 -5583.3 -0.2 105 0 12.6 84.9 5.0 2.5 2 1 2 5 5
-406.7 -6546.5 32.5 142 0 11.9 79.3 14.0 3.5 2 1 4 3 3
-371.5 -6535.7 35.7 141 0 12.2 31.4 14.0 3.5 2 1 4 0 0
-321.5 -6529.6 35.6 63 0 11.7 31.6 14.0 3.5 2 1 4 1 1
-307.8 -6559.3 37.8 50 0 10.6 30.4 14.0 3.5 2 1 4 2 2
-384.6 -6474.6 29.5 186 0 11.9 20.6 14.0 3.5 2 1 4 4 4
-339.7 -6582.1 37.7 53 0 11.9 11.1 14.0 3.5 2 0 4 1 1
-327.6 -6576.0 37.5 49 0 13.1 13.8 14.0 3.5 2 1 4 2 2
-362.9 -6474.0 32.0 187 0 9.6 16.7 10.5 3.5 2 1 3 3 3
-638.6 -6710.2 1.9 274 0 11.7 62.3 10.5 3.5 2 1 3 5 5
-645.0 -6699.2 1.6 268 0 9.1 9.8 10.5 3.5 2 1 3 3 3
-10.4 -5486.3 23.4 190 0 11.8 28.6 5.0 2.5 2 1 2 0 0
16.6 -5507.3 25.0 185 0 47.2 10.1 5.0 2.5 2 0 2 0 0
-12.0 -5499.9 22.3 187 0 14.6 11.3 7.0 2.5 2 0 2 5 5
-12.1 -5513.7 21.7 186 0 11.0 26.9 5.0 2.5 2 1 2 4 4
-8.8 -5533.6 21.2 188 0 10.4 32.6 5.0 2.5 2 1 2 1 1
-5.5 -5559.4 19.9 193 0 9.3 8.9 5.0 2.5 2 0 2 5 5
-797.9 -6902.2 -22.3 153 0 19.9 9.2 10.5 3.5 2 0 3 1 1
-812.2 -6877.7 -23.1 152 0 35.4 10.8 10.5 0.0 0 0 3 2 2
-784.4 -6918.2 -21.9 64 0 8.6 10.6 10.5 3.5 4 0 3 4 4
-823.0 -6558.7 -31.1 25 0 21.4 31.2 14.0 0.0 0 1 4 0 0
-806.8 -6501.9 -31.0 312 0 12.8 30.5 14.0 3.5 2 1 4 4 4
-789.3 -6521.1 -29.1 296 0 11.4 19.9 14.0 3.5 2 1 4 3 3
-813.8 -6542.9 -30.7 28 0 12.0 32.1 14.0 3.5 2 1 4 0 0
-810.8 -6545.1 -30.0 208 0 12.0 11.2 14.0 3.5 2 0 4 1 1
-748.4 -6512.4 -27.9 122 0 12.3 18.6 14.0 3.5 2 1 4 0 0
-758.3 -6531.0 -27.1 122 0 10.8 19.7 14.0 3.5 2 1 4 3 3
-777.0 -6521.2 -29.1 116 0 11.1 47.7 14.0 3.5 4 1 4 0 0
-779.8 -6466.2 -30.8 214 0 11.2 17.2 14.0 3.5 2 1 4 5 5
-801.3 -6496.1 -30.9 135 0 11.0 28.7 14.0 3.5 2 1 4 1 1
-579.1 -6764.8 11.2 211 0 10.6 9.2 10.5 3.5 2 0 3 3 3
-580.6 -6786.0 11.9 214 0 49.0 11.6 14.0 3.5 2 0 4 5 5
-596.5 -6813.8 11.1 212 0 13.3 10.3 14.0 3.5 4 0 4 2 2
-608.3 -6807.8 8.7 208 0 12.6 10.3 14.0 3.5 2 0 4 4 4
-583.4 -6212.7 -27.6 294 0 22.4 12.4 14.0 3.5 4 0 4 5 5
-942.7 -6716.6 -37.5 280 0 34.8 14.3 14.0 3.5 2 0 4 2 2
-1415.6 -6508.6 -44.4 359 0 32.9 16.1 14.0 3.5 2 0 4 3 3
-1065.4 -6604.4 -39.2 154 0 21.7 23.2 14.0 0.0 0 1 4 3 3
-946.5 -5660.0 -20.1 187 0 22.3 37.8 2.5 0.0 0 1 1 3 3
-887.4 -6495.7 -28.9 30 0 19.1 24.6 14.0 3.5 2 1 4 1 1
-956.8 -6703.3 -37.7 96 0 16.8 24.4 10.5 0.0 0 1 3 3 3
-913.4 -6635.5 -36.0 288 0 27.2 14.1 10.5 3.5 2 0 3 4 4
-887.3 -6622.6 -33.9 287 0 9.8 32.7 10.5 3.5 2 1 3 1 1
-898.5 -6662.7 -35.1 20 0 9.4 15.0 10.5 3.5 2 1 3 3 3
-942.0 -6648.3 -37.2 199 0 7.6 22.4 10.5 3.5 2 0 3 1 1
-933.1 -6629.1 -37.1 285 0 7.5 17.2 10.5 0.0 0 0 3 4 4
-924.7 -6602.4 -36.7 288 0 8.5 27.7 10.5 3.5 2 1 3 4 4
-938.2 -6675.4 -37.5 109 0 7.8 10.7 10.5 0.0 0 1 3 5 5
-923.7 -6680.1 -36.9 111 0 8.5 11.4 10.5 0.0 0 1 3 1 1
458.9 -1817.2 -32.4 296 0 29.4 29.0 5.0 0.0 0 0 2 0 0
502.0 -1746.4 -29.6 19 0 26.2 25.8 5.0 0.0 0 0 2 2 2
477.8 -1362.8 -38.9 202 0 35.7 14.1 5.0 2.5 2 0 2 3 3
1523.1 -838.4 -8.8 180 0 16.5 15.1 5.0 2.5 2 0 2 2 2
1537.4 -813.0 -8.3 96 0 36.0 16.6 5.0 2.5 2 0 2 4 4
1512.8 -798.9 -9.8 98 0 6.0 66.4 5.0 2.5 2 0 2 2 2
1561.0 -783.9 -8.4 6 0 14.9 36.4 5.0 2.5 2 1 2 0 0
1564.9 -763.3 -8.4 6 0 14.9 36.4 5.0 2.5 2 1 2 2 2
1566.5 -746.5 -8.6 6 0 14.9 36.4 5.0 2.5 2 1 2 5 5
1468.4 -711.6 -14.4 185 0 14.8 14.3 5.0 2.5 2 0 2 2 2
1535.1 -719.6 -10.6 7 0 12.3 21.2 5.0 2.5 2 1 2 4 4
1458.6 -762.8 -14.1 187 0 31.0 23.2 5.0 0.0 0 0 2 4 4
1492.6 -810.7 -12.4 98 0 48.6 14.6 5.0 0.0 0 0 2 5 5
1414.4 -826.6 -17.8 96 0 39.7 17.0 5.0 0.0 0 0 2 3 3
1442.5 -727.5 -16.8 4 0 10.7 10.3 5.0 2.5 2 0 2 1 1
1453.5 -710.5 -16.7 11 0 10.2 18.1 5.0 2.5 2 1 2 3 3
1458.2 -694.5 -16.2 8 0 10.4 14.2 5.0 2.5 2 1 2 4 4
1461.2 -679.4 -16.5 6 0 15.2 10.3 5.0 2.5 2 0 2 3 3
1436.1 -788.0 -16.4 1 0 11.5 13.7 5.0 2.5 2 1 2 2 2
1438.8 -768.1 -16.5 1 0 11.5 13.7 5.0 2.5 2 1 2 2 2
1441.5 -748.6 -16.3 6 0 13.9 9.3 5.0 2.5 4 0 2 4 4
1419.9 -746.0 -17.6 282 0 9.2 12.9 5.0 2.5 2 1 2 4 4
1420.0 -735.9 -17.5 201 0 11.0 8.2 5.0 2.5 2 0 2 3 3
531.9 -1722.3 -28.8 19 0 25.3 32.1 5.0 0.0 0 1 2 3 3
386.7 -1831.1 -34.9 113 0 23.9 12.9 5.0 2.5 2 0 2 2 2
354.1 -1817.3 -36.1 114 0 17.8 15.8 5.0 2.5 2 0 2 1 1
488.3 -1704.5 -29.5 290 0 7.5 8.7 5.0 0.0 0 1 2 5 5
454.3 -1696.3 -31.6 199 0 12.0 7.6 5.0 0.0 0 0 2 1 1
459.3 -1863.4 -31.1 109 0 10.7 7.5 5.0 2.5 2 0 2 4 4
469.4 -1866.7 -30.4 112 0 5.8 5.4 5.0 2.5 2 0 2 3 3
439.2 -1957.0 -31.9 23 0 22.0 12.4 5.0 2.5 2 0 2 1 1
372.8 -2041.9 -32.4 122 0 13.9 22.0 5.0 2.5 2 1 2 3 3
354.0 -2037.9 -33.1 88 0 6.7 19.4 5.0 2.5 2 1 2 0 0
353.5 -2009.8 -33.8 111 0 6.2 10.9 5.0 2.5 2 1 2 2 2
357.7 -1998.9 -33.9 112 0 5.7 4.2 5.0 2.5 2 0 2 5 5
311.2 -1928.1 -36.6 202 0 15.8 15.7 5.0 2.5 4 0 2 3 3
323.2 -1860.5 -36.5 201 0 15.3 21.5 5.0 2.5 4 1 2 5 5
364.6 -1868.1 -35.6 293 0 26.1 12.3 5.0 2.5 2 0 2 3 3
421.4 -1915.5 -32.7 297 0 11.3 10.4 5.0 2.5 2 0 2 3 3
397.1 -1900.8 -33.8 294 0 13.9 7.7 5.0 2.5 2 0 2 5 5
397.7 -1881.7 -34.2 291 0 25.7 12.2 5.0 2.5 2 0 2 5 5
237.4 -1924.7 -38.2 202 0 30.1 14.7 5.0 2.5 2 0 2 1 1
251.9 -1889.3 -38.2 198 0 26.8 10.0 5.0 2.5 2 0 2 3 3
244.3 -1846.0 -38.9 109 0 19.5 38.9 5.0 0.0 0 1 2 0 0
277.7 -1828.2 -38.4 290 0 10.5 21.9 7.0 2.5 2 1 2 1 1
238.9 -1800.9 -39.1 288 0 8.4 19.0 5.0 2.5 2 1 2 4 4
221.3 -1791.7 -39.3 289 0 10.6 13.9 5.0 2.5 2 1 2 4 4
248.8 -1965.7 -37.5 22 0 9.0 15.4 5.0 0.0 0 1 2 2 2
268.5 -1922.5 -38.2 21 0 7.2 10.6 5.0 2.5 2 1 2 0 0
257.7 -1865.8 -38.2 207 0 5.8 16.0 5.0 2.5 2 1 2 3 3
292.1 -1779.8 -38.3 111 0 23.4 13.8 5.0 2.5 2 0 2 0 0
254.3 -1764.6 -39.3 111 0 36.8 15.4 5.0 2.5 2 0 2 4 4
207.0 -1747.6 -39.8 110 0 33.6 14.9 5.0 2.5 2 0 2 3 3
253.8 -1580.1 -39.4 290 0 26.0 23.8 5.0 0.0 0 0 2 0 0
318.8 -1603.6 -38.9 293 0 9.3 19.2 7.0 2.5 2 1 2 5 5
327.3 -1741.6 -37.6 28 0 23.7 12.2 5.0 2.5 2 0 2 1 1
342.4 -1711.7 -37.3 25 0 22.9 10.8 7.0 2.5 2 0 2 3 3
371.7 -1645.5 -37.0 42 0 12.0 14.3 7.0 2.5 2 1 2 5 5
361.1 -1673.6 -37.1 23 0 34.3 14.3 5.0 2.5 2 0 2 1 1
310.4 -1792.7 -37.8 109 0 10.4 15.8 5.0 2.5 2 1 2 0 0
296.7 -1758.5 -38.1 121 0 10.9 11.2 5.0 2.5 2 1 2 3 3
568.8 -1500.9 -35.6 294 0 8.3 23.9 7.0 2.5 2 1 2 2 2
586.7 -1508.5 -35.0 293 0 11.0 11.5 7.0 2.5 4 1 2 2 2
501.6 -1495.4 -37.2 203 0 25.4 11.7 5.0 2.5 2 0 2 4 4
529.9 -1594.1 -33.0 111 0 11.8 27.2 5.0 2.5 2 1 2 5 5
535.0 -1660.3 -30.2 112 0 13.4 27.8 5.0 2.5 2 1 2 3 3
522.5 -1648.6 -31.0 114 0 9.5 13.9 7.0 2.5 2 1 2 5 5
523.1 -1619.9 -32.0 107 0 7.3 6.6 7.0 0.0 0 0 2 0 0
531.1 -1630.8 -31.2 108 0 7.2 10.9 7.0 0.0 0 1 2 2 2
546.0 -1628.9 -30.6 116 0 13.4 9.7 7.0 2.5 2 0 2 5 5
407.1 -1570.4 -37.8 25 0 23.5 14.3 5.0 0.0 0 0 2 4 4
428.6 -1520.3 -37.6 26 0 23.7 11.9 5.0 2.5 2 0 2 3 3
403.9 -1515.2 -38.4 23 0 11.3 31.1 5.0 2.5 2 0 2 2 2
396.0 -1465.9 -38.4 293 0 9.1 36.5 5.0 2.5 2 0 2 5 5
426.0 -1555.7 -37.5 28 0 11.3 16.7 7.0 2.5 2 1 2 5 5
449.5 -1473.8 -38.1 27 0 24.4 13.2 5.0 2.5 2 0 2 3 3
417.5 -1432.3 -38.5 294 0 10.3 10.5 5.0 2.5 2 1 2 4 4
454.8 -1510.0 -37.5 29 0 9.1 16.9 5.0 2.5 2 1 2 0 0
391.7 -1591.6 -37.7 111 0 10.8 11.3 5.0 2.5 2 1 2 4 4
402.6 -1546.8 -37.8 17 0 10.0 6.5 5.0 2.5 4 0 2 0 0
420.8 -1539.7 -37.6 24 0 6.4 10.9 5.0 0.0 0 1 2 1 1
435.0 -1500.8 -37.6 31 0 8.8 10.5 5.0 2.5 4 1 2 5 5
456.0 -1443.2 -38.4 294 0 11.1 13.4 7.0 2.5 4 1 2 5 5
384.2 -1456.2 -38.6 290 0 10.5 12.9 7.0 2.5 2 1 2 2 2
366.5 -1580.9 -38.3 119 0 6.6 13.8 5.0 2.5 2 1 2 1 1
352.0 -1568.2 -38.5 120 0 8.7 6.6 5.0 2.5 2 0 2 5 5
303.8 -1563.8 -39.0 112 0 11.5 19.5 5.0 2.5 2 1 2 0 0
286.7 -1428.2 -39.2 199 0 11.0 21.0 5.0 2.5 2 1 2 3 3
289.3 -1463.6 -39.1 200 0 8.2 20.0 5.0 2.5 2 1 2 0 0
294.0 -1456.1 -39.1 198 0 6.9 14.6 5.0 2.5 2 1 2 5 5
189.8 -1520.4 -40.2 25 0 9.7 21.9 5.0 2.5 2 1 2 5 5
145.2 -1476.7 -40.6 199 0 9.5 19.5 5.0 2.5 2 1 2 0 0
117.2 -1500.6 -40.9 109 0 8.0 13.7 5.0 2.5 2 1 2 3 3
123.2 -1471.2 -40.9 199 0 13.2 9.6 5.0 2.5 2 0 2 1 1
130.3 -1461.7 -40.9 202 0 4.7 4.0 5.0 2.5 4 0 2 5 5
137.7 -1456.3 -40.9 190 0 5.3 7.4 5.0 2.5 2 1 2 2 2
162.7 -1445.5 -40.7 290 0 6.6 9.2 5.0 2.5 2 1 2 0 0
175.0 -1442.6 -40.6 288 0 11.2 4.4 5.0 2.5 2 0 2 0 0
184.0 -1445.1 -40.3 278 0 7.5 9.2 5.0 2.5 2 1 2 2 2
81.8 -1472.8 -41.3 200 0 5.9 9.4 5.0 0.0 0 1 2 0 0
76.8 -1493.2 -41.3 113 0 10.8 5.5 5.0 2.5 2 0 2 2 2
-720.4 -6679.1 -10.5 45 0 6.2 15.0 10.5 3.5 4 1 3 2 2
-712.9 -6625.8 -14.2 21 0 9.0 13.9 10.5 0.0 0 1 3 2 2
-721.8 -6663.6 -10.2 108 0 8.6 12.3 10.5 0.0 0 1 3 3 3
-713.0 -6641.3 -10.4 292 0 8.1 10.6 10.5 3.5 2 1 3 1 1
-707.7 -6625.2 -11.2 290 0 8.3 15.2 10.5 3.5 2 1 3 1 1
-679.9 -6664.2 -5.4 59 0 8.6 10.7 10.5 3.5 2 1 3 4 4
-618.4 -6704.2 5.7 188 0 12.9 22.5 10.5 3.5 2 1 3 3 3
-621.4 -6613.8 1.6 275 0 20.4 29.6 10.5 3.5 2 1 3 4 4
-607.6 -6662.1 7.0 185 0 9.1 11.9 10.5 3.5 4 1 3 5 5
-606.9 -6652.2 6.6 186 0 7.7 9.8 10.5 3.5 2 1 3 1 1
-597.8 -6693.2 8.6 187 0 8.6 7.9 10.5 0.0 0 0 3 1 1
