-1582.0 6351.6 -13.7 81 0 6.2 5.9 2.5 2.5 2 0 1 1 1
-1565.1 6363.8 -13.8 357 0 6.0 5.6 2.5 2.5 2 0 1 3 3
-1597.6 6346.1 -13.7 87 0 6.4 12.5 2.5 2.5 2 1 1 2 2
-1589.1 6391.8 -13.0 270 0 10.4 5.7 2.5 2.5 2 0 1 2 2
-1581.9 6377.7 -13.8 4 0 8.1 11.6 2.5 0.0 0 1 1 1 1
-1579.9 6432.0 -10.9 355 0 7.0 9.9 2.5 2.5 2 1 1 1 1
-1575.2 6413.9 -12.7 270 0 8.3 6.3 2.5 2.5 2 0 1 0 0
-1585.3 6411.1 -12.4 269 0 7.7 7.5 2.5 2.5 2 0 1 5 5
-1567.1 6384.2 -13.8 0 0 5.2 8.0 2.5 2.5 2 1 1 1 1
-1553.8 6389.1 -13.8 356 0 7.2 6.7 2.5 2.5 2 0 1 3 3
-1557.3 6400.6 -13.5 0 0 4.5 5.6 2.5 2.5 2 1 1 2 2
-1558.8 6407.7 -12.9 0 0 5.8 5.0 2.5 0.0 0 0 1 2 2
-1468.7 6376.0 -13.0 79 0 6.3 6.8 2.5 2.5 2 1 1 0 0
-1496.1 6458.5 -9.1 91 0 7.2 5.7 2.5 2.5 2 0 1 2 2
-1512.8 6454.2 -9.2 90 0 6.5 4.5 2.5 2.5 2 0 1 2 2
-1542.6 6388.0 -13.7 180 0 7.2 9.3 2.5 2.5 2 1 1 5 5
-1542.7 6397.6 -13.5 176 0 6.4 8.6 2.5 2.5 2 1 1 4 4
-1523.2 6410.8 -13.1 270 0 8.3 5.3 2.5 2.5 2 0 1 3 3
-1543.8 6406.1 -13.2 172 0 5.3 7.9 2.5 2.5 2 1 1 5 5
-1479.3 6459.7 -9.3 77 0 6.2 7.2 2.5 2.5 2 1 1 4 4
-1493.4 6447.2 -9.9 90 0 9.5 7.3 2.5 2.5 2 0 1 2 2
-1511.2 6446.3 -9.7 78 0 8.5 6.5 2.5 2.5 2 0 1 0 0
-1403.3 6430.6 -12.9 238 0 5.6 5.9 2.5 2.5 2 1 1 0 0
-1418.5 6428.5 -12.4 233 0 5.0 4.3 2.5 2.5 2 0 1 2 2
-1436.6 6419.2 -12.2 164 0 7.0 5.2 2.5 2.5 2 0 1 1 1
-1453.5 6384.9 -13.2 257 0 6.3 7.6 2.5 2.5 2 1 1 4 4
-1512.7 6359.5 -13.7 91 0 7.4 7.3 2.5 2.5 2 0 1 2 2
-1497.9 6362.8 -13.6 92 0 8.0 5.1 2.5 2.5 2 0 1 0 0
-1487.9 6364.1 -13.4 90 0 7.3 5.8 2.5 2.5 2 0 1 0 0
-1483.7 6535.3 -6.4 267 0 14.7 7.5 2.5 2.5 2 0 1 4 4
-1576.0 6478.6 -6.8 175 0 7.2 11.8 2.5 2.5 2 1 1 3 3
-1584.0 6452.0 -9.3 356 0 7.8 6.5 2.5 2.5 2 0 1 2 2
-1504.4 6425.3 -12.0 264 0 6.8 6.0 2.5 2.5 2 0 1 5 5
-1501.5 6414.9 -12.7 267 0 5.6 6.0 2.5 2.5 2 1 1 2 2
-1502.4 6401.1 -13.1 264 0 6.1 9.0 2.5 2.5 2 1 1 3 3
-1499.1 6373.0 -13.4 86 0 5.6 8.1 2.5 2.5 2 1 1 4 4
-1526.2 6422.2 -12.2 267 0 8.4 6.3 2.5 2.5 2 0 1 4 4
-1544.0 6414.5 -12.5 180 0 7.2 6.2 2.5 2.5 2 0 1 0 0
-1525.1 6391.2 -13.4 178 0 8.4 7.7 2.5 2.5 2 0 1 3 3
-1530.6 6441.1 -10.0 84 0 6.6 6.0 2.5 2.5 2 0 1 4 4
-1566.0 6461.2 -9.2 175 0 26.0 12.7 2.5 2.5 2 0 1 1 1
-1486.1 6404.6 -12.9 269 0 8.2 13.1 2.5 2.5 2 1 1 2 2
-1490.0 6423.4 -12.6 255 0 9.3 16.0 2.5 2.5 2 1 1 0 0
-1454.7 6425.4 -12.1 349 0 27.9 9.3 2.5 2.5 2 0 1 5 5
-1485.0 6437.1 -11.5 264 0 24.0 9.9 2.5 2.5 2 0 1 3 3
-1656.3 6400.7 -7.3 275 0 7.6 6.6 2.5 2.5 2 0 1 0 0
-1682.5 6386.3 -9.2 183 0 5.7 7.7 2.5 2.5 2 1 1 4 4
-1679.8 6365.7 -11.3 177 0 6.3 7.2 2.5 2.5 2 1 1 4 4
-1646.2 6347.2 -12.4 93 0 6.5 6.3 2.5 2.5 2 0 1 5 5
-1659.5 6347.4 -12.7 90 0 7.1 8.7 2.5 2.5 4 1 1 5 5
-1635.2 6368.4 -10.4 87 0 3.6 6.9 2.5 2.5 2 1 1 5 5
-1643.8 6371.2 -9.5 90 0 3.5 4.8 2.5 2.5 2 1 1 5 5
-1622.6 6401.4 -9.5 357 0 6.0 6.5 2.5 2.5 2 1 1 5 5
-1618.6 6379.6 -11.5 270 0 8.9 6.0 2.5 2.5 4 0 1 1 1
-1609.0 6365.6 -12.6 90 0 5.6 5.4 2.5 2.5 2 0 1 2 2
-1604.4 6382.2 -12.2 265 0 5.3 5.2 2.5 2.5 2 0 1 3 3
-1630.5 6349.6 -11.9 83 0 4.8 4.8 2.5 2.5 2 1 1 0 0
-1631.1 6430.5 -8.6 254 0 9.3 7.1 2.5 2.5 2 0 1 5 5
-1614.5 6351.1 -13.2 86 0 7.2 5.8 2.5 2.5 4 0 1 2 2
-1608.5 6407.5 -10.9 261 0 7.4 5.8 2.5 2.5 2 0 1 4 4
-1616.6 2242.6 -7.5 8 0 6.5 6.2 5.0 2.5 4 0 2 2 2
-1621.9 2229.4 -8.0 7 0 7.2 9.2 5.0 2.5 2 1 2 5 5
-1609.7 2229.5 -5.7 185 0 5.5 4.0 5.0 2.5 2 0 2 0 0
-1645.4 2212.6 -8.9 180 0 6.1 6.7 5.0 2.5 2 1 2 5 5
-1627.9 2284.4 -9.8 188 0 20.0 11.9 5.0 2.5 2 0 2 2 2
-1625.0 2245.0 -8.4 11 0 6.1 5.4 5.0 0.0 0 0 2 4 4
-1544.9 2369.2 -5.6 209 0 6.1 12.6 5.0 2.5 2 1 2 2 2
-1528.0 2339.6 -2.5 27 0 4.0 8.6 5.0 0.0 0 1 2 5 5
-1543.8 2350.5 -4.1 204 0 8.2 6.5 5.0 2.5 2 0 2 3 3
-1518.9 2356.1 -3.1 19 0 8.5 10.7 5.0 2.5 2 1 2 2 2
-525.8 2595.5 -10.9 84 0 4.9 4.3 7.5 2.5 2 0 3 3 3
-1457.4 2442.2 9.8 36 0 9.2 10.5 7.5 0.0 0 1 3 5 5
-1506.0 2432.6 -4.3 208 0 11.9 19.0 7.5 2.5 2 1 3 2 2
-1504.4 2389.9 -3.6 25 0 8.7 8.4 5.0 2.5 2 0 2 4 4
-1529.4 2400.0 -6.2 207 0 5.9 10.1 5.0 0.0 0 1 2 1 1
-1481.8 2358.4 3.0 209 0 27.5 10.4 5.0 2.5 2 0 2 1 1
-1479.6 2308.9 6.1 102 0 7.7 6.5 5.0 2.5 2 0 2 3 3
-1538.0 2381.8 -5.8 209 0 9.9 10.6 5.0 2.5 2 1 2 5 5
-1541.2 2330.6 -3.1 116 0 11.5 7.6 5.0 2.5 2 0 2 3 3
-1557.0 2353.9 -5.9 211 0 6.9 10.7 5.0 2.5 2 1 2 5 5
-1561.4 2342.6 -5.7 204 0 9.1 6.5 5.0 0.0 0 0 2 5 5
-1512.9 2336.0 0.8 208 0 11.5 12.0 5.0 2.5 2 1 2 1 1
-1525.1 2311.7 1.0 188 0 6.3 13.0 5.0 2.5 2 1 2 4 4
-1542.6 2277.6 0.3 199 0 6.3 9.8 5.0 2.5 2 1 2 4 4
-1547.5 2259.4 0.2 204 0 5.9 7.0 5.0 2.5 2 1 2 2 2
-1543.7 2317.7 -2.1 296 0 9.0 7.6 2.5 2.5 2 0 1 3 3
-1547.9 2297.0 -2.0 25 0 5.6 10.7 2.5 2.5 2 1 1 4 4
-1569.7 2323.4 -5.2 204 0 7.5 13.7 2.5 2.5 2 1 1 0 0
-1576.3 2308.6 -4.9 201 0 8.3 8.0 2.5 2.5 2 0 1 2 2
-1583.4 2291.3 -4.5 200 0 7.0 10.3 2.5 2.5 2 1 1 2 2
-1554.6 2278.6 -2.1 27 0 6.7 9.7 2.5 2.5 2 1 1 1 1
-1555.9 2233.3 -0.3 294 0 4.9 7.5 5.0 2.5 2 1 2 3 3
-1557.4 2242.7 -0.5 201 0 7.6 8.2 5.0 2.5 2 1 2 4 4
-1559.8 2265.4 -2.0 6 0 9.1 6.0 2.5 2.5 2 0 1 4 4
-1571.1 2266.4 -2.8 107 0 5.3 6.2 2.5 0.0 0 1 1 5 5
-1584.2 2270.5 -4.7 110 0 11.6 7.0 2.5 2.5 2 0 1 2 2
-1566.0 2247.2 -2.1 296 0 6.4 11.6 5.0 2.5 2 1 2 3 3
