-2645.6 2300.5 8.9 144 0 7.1 9.5 2.5 2.5 2 1 1 3 3
-2644.2 2278.9 7.8 144 0 12.4 23.5 2.5 2.5 2 1 1 1 1
-2662.7 2254.8 3.2 234 0 10.4 9.6 2.5 2.5 2 0 1 3 3
-2675.4 2244.8 1.3 234 0 11.3 7.4 2.5 2.5 2 0 1 0 0
-2686.7 2235.8 0.3 234 0 12.4 9.9 2.5 0.0 0 0 1 5 5
-2670.9 2264.6 2.8 54 0 9.8 16.7 2.5 2.5 2 1 1 5 5
-2779.7 2330.2 1.2 144 0 6.7 7.7 2.5 2.5 2 1 1 2 2
-2767.4 2312.6 -0.5 144 0 9.8 6.3 2.5 2.5 2 0 1 4 4
-2740.5 2286.1 0.3 144 0 8.4 7.9 2.5 2.5 2 0 1 1 1
-2749.5 2275.1 -1.1 324 0 6.0 7.4 2.5 2.5 2 1 1 4 4
-2739.7 2264.3 -1.1 324 0 7.5 10.5 2.5 0.0 0 1 1 0 0
-2727.1 2248.2 -1.0 324 0 8.7 10.1 2.5 2.5 2 1 1 5 5
-2724.3 2227.4 -1.7 54 0 13.7 8.6 2.5 2.5 2 0 1 2 2
-2763.9 2236.0 -3.0 132 0 6.6 7.8 2.5 2.5 2 1 1 5 5
-2774.2 2248.1 -4.1 137 0 6.7 9.0 2.5 2.5 2 1 1 4 4
-2793.1 2262.7 -6.6 132 0 8.7 8.2 2.5 2.5 2 0 1 4 4
-2769.8 2294.1 -3.7 314 0 7.6 13.2 2.5 2.5 2 1 1 1 1
-2789.5 2315.6 -2.5 316 0 6.9 11.6 2.5 2.5 2 1 1 1 1
-2781.7 2306.3 -4.0 310 0 8.9 13.1 2.5 2.5 2 1 1 2 2
-2824.2 2291.7 -5.4 133 0 9.3 12.1 2.5 2.5 2 1 1 1 1
-2806.9 2275.9 -7.3 135 0 12.7 9.9 2.5 2.5 2 0 1 4 4
-2834.0 2277.4 -9.1 304 0 8.8 11.7 2.5 2.5 2 1 1 4 4
-2820.5 2268.0 -10.3 307 0 14.1 11.9 2.5 2.5 2 0 1 0 0
-2759.0 2217.9 -10.8 314 0 15.5 10.3 2.5 2.5 2 0 1 4 4
-2730.8 2203.7 -7.5 138 0 7.2 6.9 2.5 2.5 2 0 1 2 2
-2714.1 2189.8 -5.0 132 0 7.4 12.9 2.5 2.5 2 1 1 3 3
-2703.2 2179.5 -3.5 138 0 10.0 6.4 2.5 2.5 2 0 1 0 0
-2692.1 2166.8 -1.7 135 0 8.3 8.6 2.5 2.5 2 1 1 0 0
-2673.0 2153.9 1.1 224 0 9.0 11.0 2.5 2.5 2 1 1 2 2
