-4041.7 61.2 -4.3 51 0 10.9 26.1 2.5 2.5 2 1 1 2 2
-4029.2 72.5 -10.3 51 0 10.7 25.3 2.5 2.5 2 1 1 4 4
-4021.0 112.0 -16.7 339 0 8.1 12.7 2.5 2.5 2 1 1 0 0
-4016.8 102.7 -18.0 337 0 8.2 13.9 2.5 2.5 2 1 1 4 4
-4013.1 92.9 -18.1 337 0 7.4 13.4 2.5 0.0 0 1 1 1 1
-3928.7 -35.5 -13.6 315 0 8.4 8.8 5.0 2.5 2 1 2 0 0
-3964.6 -90.2 8.5 145 0 13.5 9.7 2.5 2.5 2 0 1 1 1
-4052.5 191.2 -6.6 359 0 7.9 14.7 2.5 2.5 2 1 1 5 5
-4092.3 91.4 -1.2 154 0 6.7 20.5 2.5 2.5 2 1 1 3 3
-4036.7 155.8 -18.0 354 0 7.6 14.0 2.5 2.5 2 1 1 3 3
-4045.9 137.6 -9.3 345 0 7.9 8.6 2.5 2.5 2 1 1 4 4
-4007.3 82.0 -16.9 338 0 6.5 13.9 2.5 2.5 2 1 1 1 1
-4000.7 53.9 -13.9 330 0 10.4 9.4 5.0 2.5 2 0 2 5 5
-3994.9 44.9 -14.3 330 0 7.4 11.1 5.0 2.5 2 1 2 3 3
-3988.7 35.0 -13.0 329 0 7.2 10.9 5.0 2.5 2 1 2 5 5
-3984.1 25.3 -9.9 327 0 8.9 8.3 5.0 2.5 2 0 2 5 5
-3977.4 16.0 -9.3 327 0 7.9 10.3 5.0 2.5 2 1 2 3 3
-3970.2 7.4 -8.9 318 0 8.8 10.3 5.0 0.0 0 1 2 3 3
-3962.7 -0.5 -9.9 316 0 9.3 11.0 5.0 2.5 4 1 2 0 0
-3954.1 -9.2 -11.3 313 0 6.5 12.2 5.0 2.5 2 1 2 0 0
-3946.5 -17.1 -12.2 314 0 7.2 10.8 5.0 2.5 2 1 2 2 2
-3937.0 -26.7 -13.8 313 0 9.1 8.7 5.0 2.5 2 0 2 1 1
-2842.0 -874.5 -17.3 14 0 8.1 11.1 5.0 2.5 2 1 2 3 3
-2845.8 -885.9 -15.7 16 0 11.1 13.1 5.0 2.5 2 1 2 5 5
-2914.1 -941.6 -2.5 180 0 12.5 24.6 2.5 2.5 2 1 1 1 1
-2853.1 -917.3 -12.6 7 0 10.5 15.5 5.0 2.5 2 1 2 2 2
-2855.4 -930.6 -12.5 6 0 10.6 15.0 5.0 2.5 2 1 2 5 5
-2859.2 -965.0 -14.4 4 0 14.2 12.9 2.5 2.5 2 0 1 4 4
-2860.5 -977.6 -15.1 1 0 8.8 14.7 2.5 2.5 2 1 1 2 2
-1808.3 -1082.0 -18.3 128 0 7.4 9.9 2.5 2.5 2 1 1 3 3
-1781.3 -1095.0 -10.7 359 0 10.4 8.4 2.5 2.5 2 0 1 4 4
-1788.7 -1135.0 -12.0 359 0 7.0 8.4 2.5 2.5 2 1 1 4 4
-1768.2 -1131.2 -2.2 179 0 7.0 9.6 2.5 2.5 2 1 1 2 2
-1690.4 -1210.1 18.6 359 0 12.1 7.4 2.5 2.5 2 0 1 3 3
-1725.6 -1201.2 7.9 2 0 9.0 9.6 2.5 2.5 2 1 1 5 5
-1753.3 -1198.4 2.9 181 0 11.6 7.7 2.5 2.5 2 0 1 4 4
-1768.0 -1173.2 -2.2 179 0 9.5 9.6 2.5 2.5 2 1 1 2 2
-1803.3 -1228.7 0.6 91 0 8.8 9.8 2.5 2.5 2 1 1 2 2
-1773.3 -1227.6 3.0 181 0 12.5 13.3 2.5 2.5 2 1 1 5 5
-1743.0 -1270.3 11.9 100 0 16.7 7.1 2.5 2.5 2 0 1 3 3
5776.6 -2433.0 -7.4 289 0 10.2 11.8 5.0 2.5 2 1 2 2 2
5767.3 -2472.2 -7.3 109 0 11.8 9.5 5.0 2.5 2 0 2 2 2
5791.3 -2484.4 -6.1 109 0 9.3 13.5 5.0 2.5 2 1 2 2 2
5789.5 -2495.6 -5.7 289 0 8.9 14.3 5.0 2.5 2 1 2 1 1
5771.5 -2492.7 -6.8 289 0 7.0 13.9 5.0 2.5 2 1 2 0 0
5737.8 -2470.9 -8.6 109 0 14.4 12.9 5.0 2.5 2 0 2 5 5
5729.8 -2487.4 -8.4 199 0 7.9 13.7 5.0 0.0 0 1 2 1 1
5721.2 -2505.8 -8.5 199 0 8.6 18.2 5.0 2.5 4 1 2 2 2
5664.0 -2440.6 -11.8 199 0 9.8 29.9 2.5 2.5 2 1 1 0 0
5713.2 -2484.7 -9.9 19 0 9.5 13.8 2.5 2.5 2 1 1 5 5
5702.5 -2523.5 -8.2 19 0 9.9 19.8 2.5 2.5 2 1 1 4 4
5707.5 -2502.1 -9.6 19 0 8.3 8.1 2.5 2.5 2 0 1 5 5
5691.7 -2489.0 -10.6 19 0 18.7 11.0 2.5 2.5 2 0 1 1 1
5680.8 -2507.9 -9.3 19 0 13.7 8.0 2.5 2.5 2 0 1 1 1
5658.0 -2483.1 -12.4 289 0 32.0 11.5 2.5 2.5 2 0 1 1 1
5600.9 -2469.8 -14.3 199 0 11.5 7.6 2.5 2.5 4 0 1 5 5
5597.3 -2484.5 -14.3 199 0 13.0 9.7 2.5 2.5 2 0 1 3 3
5590.6 -2524.7 -14.0 199 0 10.3 15.0 2.5 2.5 2 1 1 2 2
5573.3 -2499.5 -16.7 19 0 9.1 9.4 2.5 2.5 2 1 1 5 5
5564.3 -2526.6 -16.2 19 0 8.7 9.6 2.5 2.5 2 1 1 4 4
5572.0 -2588.2 -16.3 109 0 10.6 10.3 2.5 2.5 4 0 1 4 4
5765.3 -2239.0 -14.8 197 0 10.3 7.6 2.5 2.5 2 0 1 4 4
5558.6 -2812.8 4.7 68 0 26.2 12.5 2.5 2.5 4 0 1 2 2
5613.1 -2602.2 -12.0 116 0 8.6 17.7 2.5 2.5 2 1 1 0 0
5643.0 -2577.6 -7.7 117 0 7.8 11.7 2.5 2.5 2 1 1 1 1
5628.8 -2240.5 -18.6 105 0 7.5 11.3 2.5 0.0 0 1 1 2 2
5580.9 -2462.1 -17.9 9 0 8.9 16.7 2.5 0.0 0 1 1 1 1
5573.4 -2327.1 -18.4 284 0 4.6 6.0 2.5 2.5 2 1 1 2 2
5602.7 -2333.9 -15.5 280 0 6.6 4.4 2.5 0.0 0 0 1 1 1
5649.4 -2407.5 -12.7 283 0 6.3 11.6 2.5 2.5 2 1 1 2 2
5629.3 -2467.0 -13.7 14 0 28.4 11.8 2.5 2.5 2 0 1 0 0
5608.8 -2404.7 -14.6 192 0 9.2 13.3 2.5 2.5 2 1 1 5 5
5598.2 -2400.9 -16.6 9 0 14.3 8.2 2.5 2.5 2 0 1 4 4
5567.2 -2384.5 -19.8 280 0 7.4 17.1 2.5 2.5 2 1 1 1 1
5580.7 -2375.2 -18.6 101 0 9.8 8.8 2.5 2.5 2 0 1 2 2
5628.9 -2376.8 -14.4 17 0 10.3 13.5 2.5 2.5 2 1 1 0 0
5628.1 -2334.2 -13.7 280 0 6.5 13.5 2.5 2.5 2 1 1 0 0
5662.2 -2344.4 -11.9 282 0 6.3 10.5 2.5 2.5 2 1 1 4 4
5687.1 -2391.8 -11.2 96 0 10.2 11.8 2.5 2.5 2 1 1 2 2
5694.0 -2349.9 -10.8 280 0 7.1 12.2 2.5 2.5 2 1 1 5 5
5722.6 -2402.6 -9.8 100 0 6.5 10.7 2.5 2.5 2 1 1 1 1
5726.8 -2354.2 -9.7 282 0 7.5 13.2 2.5 0.0 0 1 1 5 5
5768.0 -2343.2 -9.4 99 0 8.9 9.8 5.0 2.5 4 1 2 3 3
5744.4 -2396.3 -9.0 193 0 23.7 10.8 5.0 2.5 2 0 2 0 0
5774.0 -2408.9 -8.3 99 0 11.9 8.9 5.0 2.5 2 0 2 0 0
5819.5 -2374.0 -7.7 282 0 6.8 10.1 5.0 2.5 2 1 2 4 4
5801.9 -2300.2 -10.6 284 0 10.2 10.3 5.0 2.5 2 1 2 2 2
5790.3 -2347.4 -9.1 97 0 7.0 11.4 5.0 2.5 2 1 2 3 3
5804.0 -2280.9 -12.7 102 0 6.9 12.7 2.5 2.5 4 1 1 3 3
5749.1 -2233.4 -15.5 22 0 8.5 16.3 2.5 2.5 2 1 1 3 3
5761.7 -2172.6 -19.2 14 0 7.5 11.7 2.5 2.5 2 1 1 2 2
5861.7 -2178.9 -15.1 112 0 7.2 12.7 2.5 2.5 2 1 1 1 1
5893.5 -2154.5 -13.9 290 0 7.3 11.3 2.5 2.5 2 1 1 0 0
5912.7 -2160.3 -12.9 291 0 7.7 11.7 2.5 2.5 2 1 1 2 2
5932.2 -2167.1 -11.7 293 0 8.8 7.9 2.5 0.0 0 0 1 3 3
5953.9 -2181.1 -10.5 27 0 10.4 8.5 2.5 2.5 2 0 1 0 0
5945.4 -2205.5 -10.4 24 0 9.1 8.1 2.5 0.0 0 0 1 0 0
5937.0 -2234.5 -10.0 20 0 16.9 9.5 5.0 2.5 2 0 2 3 3
5924.8 -2275.8 -7.2 17 0 8.4 8.3 5.0 2.5 2 0 2 3 3
5951.3 -2237.7 -7.8 192 0 8.4 11.3 5.0 0.0 0 1 2 0 0
5946.2 -2261.8 -6.2 196 0 15.5 14.9 5.0 2.5 2 0 2 4 4
5943.0 -2282.7 -4.2 194 0 9.2 18.3 5.0 2.5 2 1 2 5 5
5938.5 -2323.4 -1.6 199 0 15.4 10.7 5.0 2.5 2 0 2 5 5
5949.3 -2375.8 -2.2 17 0 18.1 26.1 5.0 2.5 2 1 2 0 0
5942.1 -2402.0 1.0 6 0 15.8 7.2 5.0 2.5 4 0 2 1 1
5822.3 -2353.4 -8.6 99 0 7.3 8.2 5.0 2.5 2 1 2 1 1
5835.6 -2288.5 -11.9 106 0 6.9 11.2 2.5 0.0 0 1 1 4 4
5856.9 -2288.0 -11.1 14 0 9.2 6.1 2.5 2.5 2 0 1 2 2
5878.8 -2300.7 -9.4 110 0 11.7 16.8 5.0 2.5 2 1 2 0 0
5858.9 -2325.0 -9.1 196 0 18.8 16.4 5.0 2.5 2 0 2 1 1
5888.5 -2325.0 -7.6 287 0 8.2 9.5 5.0 2.5 2 1 2 0 0
5904.6 -2335.7 -6.7 15 0 9.7 10.6 5.0 2.5 2 1 2 4 4
5889.9 -2367.1 -7.0 100 0 9.3 15.0 5.0 2.5 2 1 2 3 3
5872.3 -2364.9 -7.6 104 0 14.7 11.2 5.0 2.5 4 0 2 4 4
5852.7 -2355.0 -8.0 202 0 9.2 8.0 5.0 2.5 2 0 2 4 4
5876.7 -2387.6 -6.5 286 0 14.7 9.0 5.0 2.5 2 0 2 4 4
5865.0 -2382.5 -6.8 290 0 8.5 10.9 5.0 2.5 2 1 2 1 1
5842.5 -2386.0 -7.2 197 0 12.3 14.1 5.0 2.5 2 1 2 4 4
5839.6 -2398.6 -6.8 204 0 10.9 16.3 5.0 2.5 2 1 2 3 3
5870.9 -2430.5 -4.8 106 0 12.5 12.1 5.0 0.0 0 0 2 3 3
5856.9 -2428.2 -5.4 105 0 14.3 12.2 5.0 0.0 0 0 2 3 3
5835.7 -2417.9 -5.9 195 0 10.5 14.7 5.0 2.5 2 1 2 2 2
5905.7 -2438.2 -2.2 102 0 10.8 8.8 5.0 2.5 2 0 2 4 4
5923.0 -2466.6 3.0 12 0 11.0 6.5 5.0 2.5 2 0 2 3 3
4945.8 2565.7 -14.3 20 0 8.9 15.5 5.0 0.0 0 1 2 2 2
4916.4 2561.1 -16.4 200 0 8.2 8.5 5.0 2.5 2 1 2 4 4
4937.8 2547.9 -13.8 20 0 9.7 14.8 5.0 2.5 2 1 2 4 4
4933.1 2529.2 -14.2 20 0 9.5 19.9 5.0 2.5 2 1 2 0 0
4909.6 2482.5 -12.2 20 0 9.1 6.3 5.0 2.5 2 0 2 4 4
4904.4 2428.8 -13.8 20 0 11.7 16.3 5.0 2.5 2 1 2 5 5
4877.1 2407.9 -17.5 20 0 13.3 6.4 5.0 2.5 2 0 2 0 0
4889.7 2381.6 -16.3 20 0 8.9 17.4 5.0 2.5 2 1 2 1 1
4884.6 2367.0 -15.9 20 0 6.5 18.5 5.0 2.5 4 1 2 5 5
4879.3 2352.5 -15.7 20 0 8.0 15.4 5.0 2.5 4 1 2 1 1
4866.5 2310.1 -15.9 20 0 16.4 10.9 5.0 2.5 4 0 2 2 2
4860.0 2289.3 -17.5 20 0 10.6 17.6 5.0 2.5 2 1 2 5 5
4842.3 2278.9 -18.6 20 0 12.1 11.7 5.0 2.5 2 0 2 0 0
4840.3 2235.6 -17.0 20 0 8.3 12.8 5.0 2.5 2 1 2 1 1
4813.7 2206.5 -18.0 20 0 7.1 8.6 5.0 2.5 2 1 2 1 1
4813.5 2168.4 -17.0 20 0 9.1 14.2 5.0 2.5 2 1 2 1 1
4771.0 2152.2 -19.8 200 0 8.4 11.3 5.0 2.5 2 1 2 4 4
4791.8 2142.0 -18.1 20 0 12.6 9.8 5.0 2.5 2 0 2 0 0
4785.4 2124.4 -18.4 20 0 7.9 9.8 5.0 2.5 2 1 2 1 1
4814.3 2132.6 -14.3 200 0 9.7 9.4 2.5 2.5 2 0 1 0 0
4821.7 2147.3 -14.2 200 0 8.4 10.8 2.5 2.5 2 1 1 3 3
4827.8 2164.9 -14.2 200 0 6.9 9.2 2.5 2.5 2 1 1 3 3
4832.7 2179.7 -14.1 200 0 9.1 7.1 2.5 2.5 2 0 1 5 5
4837.4 2191.8 -13.9 200 0 9.5 23.2 2.5 2.5 4 1 1 4 4
4840.7 2202.7 -13.9 200 0 9.9 23.1 2.5 2.5 2 1 1 3 3
4857.1 2247.8 -14.5 200 0 7.7 10.1 2.5 2.5 2 1 1 2 2
4850.3 2230.4 -14.3 200 0 6.4 11.3 2.5 2.5 2 1 1 0 0
4844.4 2214.0 -14.1 200 0 7.8 13.1 2.5 2.5 2 1 1 1 1
4964.6 2270.5 -10.1 290 0 25.9 11.3 2.5 2.5 2 0 1 2 2
4987.0 2255.1 -9.3 20 0 12.7 8.3 2.5 2.5 2 0 1 5 5
4981.6 2234.5 -12.2 20 0 26.4 10.6 2.5 2.5 2 0 1 2 2
4958.9 2218.5 -11.9 290 0 11.6 7.3 5.0 2.5 2 0 2 5 5
4941.2 2226.0 -12.2 290 0 13.5 8.5 5.0 2.5 2 0 2 3 3
4886.9 2229.1 -12.2 200 0 11.1 19.3 5.0 0.0 0 1 2 0 0
4907.3 2267.1 -11.8 200 0 16.0 8.7 2.5 2.5 2 0 1 5 5
4899.7 2306.0 -11.3 106 0 22.5 9.2 5.0 2.5 2 0 2 1 1
4891.1 2344.0 -12.3 196 0 9.9 8.3 5.0 2.5 2 0 2 2 2
4901.3 2379.2 -13.1 196 0 11.8 12.9 5.0 2.5 2 1 2 5 5
4907.1 2407.5 -10.8 196 0 8.5 18.1 5.0 2.5 2 1 2 4 4
4913.2 2424.7 -9.0 196 0 8.6 12.5 5.0 2.5 2 1 2 5 5
4917.7 2442.2 -8.1 196 0 8.2 14.8 5.0 2.5 2 1 2 1 1
4923.0 2459.8 -7.0 196 0 9.0 13.8 5.0 2.5 2 1 2 3 3
4927.6 2476.8 -6.1 196 0 8.2 13.1 5.0 2.5 2 1 2 0 0
4933.1 2493.9 -6.1 196 0 8.4 11.7 5.0 2.5 2 1 2 4 4
4937.1 2512.5 -6.4 196 0 8.3 12.0 5.0 2.5 2 1 2 1 1
4942.3 2530.4 -7.4 196 0 8.2 13.2 5.0 2.5 2 1 2 5 5
4948.0 2545.7 -8.1 196 0 8.8 12.1 5.0 2.5 2 1 2 1 1
4954.1 2563.3 -9.2 199 0 9.3 13.6 5.0 2.5 2 1 2 2 2
4958.4 2583.0 -10.1 201 0 11.8 9.7 5.0 2.5 2 0 2 1 1
-6122.7 -5038.3 -23.9 107 0 7.2 12.4 2.5 2.5 2 1 1 0 0
-6161.0 -5048.9 -17.5 358 0 16.1 22.7 2.5 2.5 4 1 1 0 0
