5311.2 -1054.4 1.3 321 0 7.2 5.6 5.0 2.5 2 0 2 4 4
5308.4 -1070.5 2.6 329 0 8.4 12.8 5.0 2.5 2 1 2 3 3
5312.6 -1084.8 3.3 332 0 7.5 11.4 5.0 2.5 2 1 2 0 0
5354.8 -1001.4 3.3 242 0 10.1 9.1 2.5 2.5 2 0 1 1 1
6847.7 -847.0 -14.0 7 0 9.9 14.5 2.5 2.5 2 1 1 1 1
6842.6 -915.0 -12.1 10 0 10.6 13.6 2.5 2.5 2 1 1 0 0
6820.2 -876.2 -10.5 11 0 12.7 9.9 2.5 0.0 0 0 1 2 2
6795.0 -750.4 -5.9 285 0 15.1 14.2 2.5 2.5 2 0 1 0 0
6799.9 -803.0 -9.9 12 0 9.8 12.4 2.5 2.5 2 1 1 4 4
6811.8 -834.3 -11.2 280 0 9.3 18.5 2.5 2.5 2 1 1 4 4
6789.2 -815.4 -9.3 286 0 7.4 22.0 2.5 2.5 2 1 1 1 1
6760.3 -884.5 -6.6 104 0 15.1 7.4 2.5 0.0 0 0 1 4 4
6812.8 -899.3 -9.6 101 0 8.4 10.9 2.5 2.5 2 1 1 1 1
6809.8 -913.0 -9.1 101 0 14.3 12.8 2.5 2.5 2 0 1 0 0
5111.6 -954.7 2.7 77 0 16.4 8.9 2.5 2.5 2 0 1 0 0
5342.5 -988.8 2.2 65 0 8.5 10.0 5.0 2.5 2 1 2 5 5
5334.6 -1090.4 2.3 336 0 11.4 9.7 5.0 2.5 2 0 2 5 5
5409.8 -1139.6 -6.6 62 0 8.0 13.9 5.0 2.5 2 1 2 0 0
5373.2 -1158.5 -7.5 336 0 9.2 11.7 5.0 0.0 0 1 2 1 1
5359.1 -1138.8 -3.0 335 0 10.0 9.2 5.0 2.5 4 0 2 0 0
5362.8 -1099.9 4.2 155 0 10.8 9.8 2.5 2.5 2 0 1 0 0
5271.1 -1119.2 8.0 59 0 6.9 8.0 5.0 2.5 2 1 2 2 2
5280.0 -1039.2 2.0 242 0 7.7 6.1 5.0 2.5 2 0 2 0 0
5293.8 -1036.4 1.1 328 0 9.1 7.5 5.0 2.5 2 0 2 4 4
5339.9 -1042.2 2.5 148 0 9.9 10.1 2.5 2.5 2 1 1 1 1
5300.0 -943.3 -0.7 247 0 10.0 10.0 5.0 2.5 2 0 2 2 2
5307.6 -1001.6 -0.4 59 0 16.0 7.0 5.0 2.5 2 0 2 5 5
5275.5 -1002.3 -0.1 330 0 9.5 13.0 2.5 2.5 4 1 1 3 3
5251.6 -1028.8 2.9 61 0 6.1 10.1 2.5 2.5 2 1 1 1 1
5252.6 -960.9 -1.4 333 0 7.1 15.7 2.5 2.5 2 1 1 4 4
5220.2 -978.5 1.6 251 0 8.4 13.6 2.5 2.5 2 1 1 1 1
5205.3 -982.8 2.4 257 0 16.1 10.1 2.5 2.5 2 0 1 5 5
5174.9 -990.2 3.7 249 0 34.5 11.1 2.5 2.5 2 0 1 4 4
5165.6 -936.1 -0.1 72 0 8.7 9.0 2.5 2.5 2 1 1 4 4
5238.4 -944.2 -2.4 67 0 8.2 8.4 2.5 2.5 2 1 1 3 3
5221.7 -948.9 -1.7 78 0 7.4 12.8 2.5 2.5 2 1 1 1 1
5193.7 -890.8 -10.4 253 0 9.9 8.0 2.5 2.5 2 0 1 3 3
5219.2 -924.1 -3.6 333 0 6.7 8.0 2.5 2.5 2 1 1 3 3
5228.8 -917.7 -5.7 331 0 8.1 8.4 2.5 2.5 2 1 1 1 1
5245.2 -909.5 -7.6 150 0 8.8 15.4 2.5 2.5 2 1 1 0 0
5266.1 -916.5 -5.6 155 0 4.3 9.9 2.5 2.5 2 1 1 0 0
5289.6 -925.6 -4.2 75 0 7.0 12.9 2.5 2.5 2 1 1 5 5
5309.8 -893.0 -7.3 332 0 5.7 9.4 2.5 2.5 2 1 1 3 3
5332.6 -913.1 -2.6 75 0 11.9 7.1 2.5 2.5 2 0 1 2 2
5354.0 -943.2 3.1 249 0 10.0 17.5 5.0 2.5 2 1 2 3 3
5383.7 -943.0 4.4 345 0 19.1 14.0 5.0 2.5 2 0 2 3 3
