622.0 -6391.0 -16.0 157 0 20.8 24.1 2.5 0.0 0 1 1 4 4
1472.9 -6334.7 -19.2 281 0 23.1 22.7 5.0 2.5 2 0 2 0 0
1997.7 -6432.4 -16.3 87 0 13.9 18.1 5.0 2.5 2 1 2 0 0
2027.4 -6429.0 -15.5 90 0 6.1 10.7 5.0 0.0 0 1 2 5 5
2021.2 -6533.3 -18.1 88 0 9.0 9.5 5.0 0.0 0 1 2 3 3
2032.6 -6472.3 -16.4 359 0 12.7 10.2 5.0 2.5 2 0 2 3 3
1994.8 -6475.4 -16.8 180 0 20.1 9.2 5.0 2.5 2 0 2 2 2
1964.5 -6477.9 -17.5 0 0 9.1 6.2 5.0 2.5 2 0 2 2 2
1945.1 -6462.7 -17.5 269 0 10.2 7.9 5.0 2.5 2 0 2 1 1
1940.5 -6481.9 -17.7 179 0 7.5 8.9 5.0 2.5 2 1 2 2 2
1898.9 -6569.4 -20.4 179 0 8.1 7.5 2.5 2.5 2 0 1 2 2
1962.2 -6622.2 -20.8 357 0 10.6 14.1 2.5 2.5 2 1 1 4 4
1913.9 -6627.8 -19.9 89 0 9.7 7.9 2.5 0.0 0 0 1 5 5
1871.8 -6458.6 -19.2 273 0 8.8 12.8 5.0 2.5 2 1 2 0 0
1853.7 -6451.4 -19.7 270 0 10.7 15.2 5.0 2.5 2 1 2 2 2
1833.4 -6453.7 -20.1 280 0 13.8 20.1 5.0 2.5 2 1 2 1 1
1796.4 -6464.1 -19.8 187 0 12.8 10.0 5.0 2.5 2 0 2 2 2
1798.7 -6381.6 -18.9 282 0 11.9 21.0 5.0 2.5 2 1 2 4 4
1736.2 -6379.4 -18.4 103 0 12.3 11.5 5.0 2.5 2 0 2 3 3
1737.4 -6320.6 -16.6 8 0 16.4 12.7 5.0 0.0 0 0 2 4 4
1697.2 -6295.7 -14.3 276 0 8.7 12.1 5.0 2.5 4 1 2 1 1
1579.7 -6202.2 -12.2 112 0 16.2 11.1 5.0 2.5 2 0 2 3 3
1613.8 -6321.2 -15.1 110 0 9.0 14.7 5.0 2.5 2 1 2 0 0
1581.9 -6308.8 -16.5 109 0 6.2 15.1 5.0 2.5 2 1 2 1 1
1541.4 -6281.0 -16.7 295 0 12.7 7.2 5.0 2.5 2 0 2 1 1
1519.1 -6282.8 -16.9 201 0 13.1 9.5 5.0 0.0 0 0 2 5 5
1767.1 -6441.1 -19.2 25 0 10.3 8.9 5.0 2.5 2 0 2 2 2
1732.5 -6416.1 -17.8 295 0 10.9 8.7 5.0 2.5 2 0 2 1 1
1618.0 -6389.5 -15.6 9 0 12.7 13.1 5.0 2.5 2 1 2 5 5
1552.3 -6349.8 -18.4 287 0 11.1 12.5 5.0 2.5 2 1 2 0 0
1542.4 -6390.4 -18.9 106 0 17.3 10.7 5.0 2.5 2 0 2 0 0
1498.9 -6351.2 -19.0 281 0 10.2 14.3 5.0 2.5 2 1 2 5 5
1472.2 -6382.6 -19.6 97 0 9.1 10.2 5.0 2.5 4 1 2 0 0
1413.3 -6339.3 -19.3 183 0 15.5 14.5 5.0 2.5 2 0 2 1 1
1363.8 -6291.1 -19.0 82 0 9.5 10.4 5.0 2.5 2 1 2 4 4
1346.5 -6282.5 -19.0 90 0 4.4 9.4 5.0 2.5 2 1 2 1 1
1314.1 -6278.6 -18.6 86 0 8.1 7.8 5.0 2.5 2 0 2 2 2
1285.1 -6279.1 -18.0 90 0 10.2 8.7 5.0 2.5 2 0 2 0 0
1094.7 -6402.8 -13.7 351 0 13.4 7.8 5.0 2.5 2 0 2 2 2
1081.8 -6412.6 -13.8 81 0 7.6 14.8 5.0 2.5 2 1 2 5 5
1103.8 -6452.7 -14.7 351 0 10.6 6.6 5.0 2.5 2 0 2 0 0
1094.0 -6454.8 -14.8 351 0 10.5 7.2 5.0 2.5 2 0 2 2 2
1084.5 -6455.2 -14.9 351 0 11.6 6.6 5.0 2.5 2 0 2 3 3
1069.9 -6452.4 -15.1 261 0 7.6 11.9 5.0 2.5 2 1 2 3 3
1077.1 -6437.6 -14.6 261 0 7.0 8.5 5.0 2.5 2 1 2 0 0
1086.3 -6431.8 -14.5 261 0 7.3 13.0 5.0 2.5 2 1 2 2 2
1100.9 -6437.1 -14.4 351 0 13.0 6.5 5.0 2.5 2 0 2 1 1
1117.8 -6449.6 -14.4 171 0 10.8 7.1 5.0 2.5 2 0 2 5 5
1127.0 -6447.5 -14.3 171 0 10.2 6.0 5.0 2.5 2 0 2 4 4
1138.4 -6440.9 -14.1 261 0 5.6 10.6 5.0 0.0 0 1 2 1 1
1217.5 -6433.9 -12.9 351 0 7.3 11.8 5.0 2.5 4 1 2 1 1
1196.0 -6415.8 -12.9 261 0 6.7 9.2 5.0 2.5 2 1 2 4 4
1185.8 -6416.9 -13.1 261 0 6.2 8.8 5.0 2.5 2 1 2 4 4
1175.9 -6419.9 -13.3 261 0 4.9 8.1 5.0 2.5 2 1 2 2 2
1166.7 -6421.9 -13.4 261 0 5.3 7.8 5.0 2.5 2 1 2 4 4
1156.1 -6423.6 -13.6 261 0 6.2 8.8 5.0 2.5 4 1 2 3 3
1147.2 -6424.4 -13.7 261 0 6.0 10.8 5.0 2.5 2 1 2 4 4
1137.0 -6426.6 -13.9 261 0 6.4 10.5 5.0 2.5 2 1 2 5 5
1127.8 -6427.1 -14.1 261 0 6.4 11.8 5.0 2.5 2 1 2 1 1
1115.2 -6436.3 -14.2 171 0 11.5 7.7 5.0 2.5 4 0 2 5 5
1120.2 -6407.8 -13.4 83 0 7.1 10.9 5.0 2.5 2 1 2 5 5
1130.5 -6405.8 -13.3 83 0 5.4 10.6 5.0 2.5 2 1 2 5 5
1140.9 -6404.8 -13.3 83 0 7.5 11.9 5.0 2.5 2 1 2 0 0
1150.7 -6403.5 -13.1 83 0 5.8 10.3 5.0 2.5 2 1 2 3 3
1161.2 -6403.3 -13.0 83 0 7.1 11.0 5.0 2.5 2 1 2 4 4
1171.2 -6400.9 -12.8 83 0 5.7 10.6 5.0 2.5 2 1 2 5 5
1180.8 -6400.8 -12.7 83 0 6.9 11.6 5.0 2.5 2 1 2 4 4
1190.5 -6398.9 -12.4 83 0 6.1 9.8 5.0 2.5 2 1 2 0 0
1201.1 -6397.0 -12.4 83 0 6.2 8.6 5.0 2.5 2 1 2 2 2
1210.4 -6396.9 -12.7 83 0 4.7 9.8 5.0 0.0 0 1 2 1 1
1221.2 -6395.3 -13.1 83 0 5.9 9.6 5.0 2.5 2 1 2 0 0
1233.9 -6388.8 -13.5 353 0 11.1 6.2 5.0 0.0 0 0 2 2 2
1231.4 -6373.3 -13.7 353 0 11.6 5.9 5.0 2.5 2 0 2 1 1
1217.5 -6369.8 -13.4 263 0 7.6 10.9 5.0 0.0 0 1 2 5 5
1208.1 -6370.5 -13.1 263 0 6.8 9.5 5.0 2.5 2 1 2 4 4
1198.1 -6371.4 -12.9 263 0 7.8 10.2 5.0 2.5 2 1 2 2 2
1188.2 -6373.4 -12.6 263 0 6.3 9.3 5.0 2.5 2 1 2 0 0
1179.3 -6374.5 -12.5 263 0 7.2 9.2 5.0 2.5 2 1 2 3 3
1168.9 -6375.7 -12.7 263 0 7.1 11.8 5.0 0.0 0 1 2 5 5
1158.9 -6377.1 -12.8 263 0 8.0 11.9 5.0 2.5 2 1 2 0 0
1148.3 -6379.0 -12.9 263 0 6.8 11.6 5.0 0.0 0 1 2 0 0
1137.1 -6379.2 -13.0 263 0 6.6 10.5 5.0 0.0 0 1 2 3 3
1127.5 -6379.9 -13.0 263 0 5.0 10.5 5.0 2.5 2 1 2 5 5
1117.6 -6381.0 -13.1 263 0 6.7 10.3 5.0 2.5 2 1 2 2 2
1145.2 -6360.3 -12.9 83 0 6.7 8.5 2.5 2.5 2 1 1 5 5
1134.6 -6361.4 -12.9 83 0 5.3 13.6 2.5 2.5 2 1 1 5 5
1125.3 -6361.8 -13.0 83 0 6.0 12.8 2.5 2.5 2 1 1 2 2
1115.2 -6363.4 -13.1 83 0 5.7 11.9 2.5 0.0 0 1 1 0 0
1105.4 -6364.4 -13.1 83 0 6.5 11.3 2.5 2.5 4 1 1 0 0
1169.5 -6344.5 -13.1 5 0 10.6 11.1 2.5 2.5 2 1 1 2 2
1168.8 -6330.0 -13.3 3 0 8.0 16.9 2.5 2.5 2 1 1 5 5
1228.8 -6339.7 -15.0 100 0 9.8 13.6 5.0 2.5 2 1 2 3 3
1189.1 -6327.9 -13.9 186 0 12.1 17.6 5.0 2.5 4 1 2 1 1
1016.4 -6255.9 -12.8 94 0 16.5 23.5 2.5 2.5 2 1 1 3 3
1005.4 -6313.7 -13.9 196 0 9.9 11.2 2.5 2.5 2 1 1 4 4
1000.7 -6332.4 -13.7 195 0 20.9 11.9 2.5 2.5 2 0 1 5 5
990.3 -6376.5 -13.6 198 0 12.1 11.4 2.5 2.5 2 0 1 0 0
986.2 -6316.7 -12.6 19 0 19.9 15.7 2.5 2.5 2 0 1 2 2
935.6 -6222.7 -7.4 86 0 7.7 11.7 7.5 2.5 2 1 3 3 3
883.7 -6221.3 -6.0 173 0 9.6 12.4 5.0 0.0 0 1 2 4 4
884.8 -6193.9 -2.6 261 0 7.6 9.8 7.5 2.5 2 1 3 4 4
856.0 -6310.5 -12.5 68 0 14.0 16.3 7.5 2.5 2 1 3 0 0
750.7 -6208.9 -6.7 343 0 15.9 10.6 2.5 2.5 2 0 1 1 1
762.0 -6267.0 -11.5 344 0 16.3 6.6 2.5 2.5 2 0 1 1 1
753.6 -6250.6 -10.3 345 0 13.1 18.0 2.5 2.5 2 1 1 4 4
720.0 -6246.2 -9.5 251 0 6.8 6.2 2.5 2.5 2 0 1 3 3
698.1 -6248.3 -9.6 250 0 8.5 7.9 2.5 2.5 2 0 1 4 4
671.2 -6200.7 1.8 255 0 10.3 14.5 2.5 2.5 2 1 1 5 5
655.2 -6308.3 -13.2 163 0 7.0 7.3 2.5 2.5 4 1 1 0 0
651.2 -6277.6 -10.3 167 0 10.2 4.6 2.5 2.5 2 0 1 0 0
656.0 -6272.5 -11.3 167 0 20.4 9.6 2.5 0.0 0 0 1 1 1
674.8 -6260.1 -9.9 162 0 10.0 8.8 2.5 2.5 2 0 1 4 4
721.2 -6293.6 -13.0 70 0 7.1 8.4 2.5 2.5 2 1 1 2 2
709.5 -6298.3 -13.3 71 0 7.1 9.1 2.5 2.5 2 1 1 2 2
692.8 -6301.6 -13.4 69 0 8.6 6.7 2.5 2.5 2 0 1 3 3
728.3 -6430.6 -16.8 337 0 15.1 16.7 2.5 2.5 2 1 1 3 3
749.7 -6325.0 -14.6 249 0 9.6 13.2 2.5 2.5 4 1 1 5 5
729.1 -6330.6 -14.6 254 0 8.8 6.4 2.5 2.5 2 0 1 1 1
718.8 -6346.4 -15.0 257 0 8.4 8.0 2.5 2.5 2 0 1 0 0
703.0 -6331.7 -14.7 259 0 5.2 9.1 2.5 2.5 2 1 1 2 2
702.7 -6343.7 -15.0 259 0 8.2 6.8 2.5 2.5 2 0 1 5 5
689.5 -6344.9 -15.1 257 0 8.2 11.6 2.5 2.5 2 1 1 2 2
673.7 -6359.6 -15.4 249 0 7.6 9.8 2.5 2.5 2 1 1 2 2
595.5 -6391.6 -13.2 340 0 10.9 5.0 2.5 0.0 0 0 1 5 5
607.1 -6396.8 -14.0 158 0 11.8 6.3 2.5 2.5 2 0 1 2 2
672.1 -6425.6 -16.2 333 0 16.5 15.5 2.5 2.5 2 0 1 1 1
675.7 -6455.0 -16.2 65 0 13.6 16.0 2.5 2.5 2 1 1 4 4
681.7 -6473.8 -16.1 66 0 11.1 15.2 2.5 0.0 0 1 1 2 2
628.6 -6436.8 -15.2 245 0 11.7 10.7 2.5 2.5 2 0 1 0 0
633.3 -6451.0 -15.3 247 0 13.0 8.3 2.5 2.5 2 0 1 5 5
637.2 -6468.2 -15.4 156 0 7.1 10.3 2.5 2.5 2 1 1 2 2
634.4 -6495.0 -14.9 152 0 4.9 7.1 2.5 2.5 2 1 1 3 3
584.6 -6409.0 -13.3 343 0 10.1 15.0 2.5 2.5 4 1 1 0 0
580.5 -6397.9 -12.9 342 0 9.6 15.1 2.5 2.5 2 1 1 4 4
550.4 -6404.2 -13.2 252 0 7.2 11.6 2.5 0.0 0 1 1 2 2
539.1 -6408.8 -13.3 249 0 6.3 6.1 2.5 2.5 2 0 1 1 1
515.6 -6414.6 -14.2 251 0 7.8 14.2 2.5 2.5 2 1 1 1 1
422.8 -6475.8 -18.3 67 0 7.1 11.2 5.0 2.5 2 1 2 2 2
156.0 -6750.2 -19.6 46 0 16.0 9.5 5.0 2.5 2 0 2 3 3
302.2 -6777.3 -23.8 49 0 7.7 12.5 5.0 2.5 2 1 2 5 5
229.8 -6731.8 -21.3 229 0 9.5 21.3 5.0 2.5 2 1 2 1 1
231.3 -6805.6 -23.4 325 0 12.5 8.9 5.0 2.5 2 0 2 0 0
199.5 -6794.0 -22.6 242 0 7.2 11.9 5.0 2.5 4 1 2 5 5
213.0 -6817.8 -23.2 143 0 10.1 7.2 5.0 2.5 2 0 2 3 3
-132.5 -6888.4 -15.8 80 0 6.2 10.1 5.0 2.5 4 1 2 4 4
-715.0 -6834.2 -14.7 98 0 10.3 13.7 2.5 2.5 4 1 1 5 5
-724.6 -6892.1 -17.0 195 0 10.7 7.5 5.0 2.5 2 0 2 4 4
-659.7 -6894.6 -17.1 290 0 9.6 7.3 5.0 2.5 2 0 2 5 5
-543.3 -6892.8 -15.2 102 0 8.6 11.1 5.0 2.5 2 1 2 5 5
-559.6 -6891.4 -15.6 97 0 10.3 14.3 5.0 2.5 2 1 2 1 1
-592.2 -6930.7 -17.4 196 0 9.1 9.5 2.5 2.5 2 1 1 3 3
-571.7 -6942.3 -17.4 102 0 8.3 9.6 2.5 2.5 2 1 1 1 1
-770.1 -6812.0 -12.8 96 0 8.5 10.6 2.5 2.5 2 1 1 4 4
-782.4 -6778.2 -10.7 264 0 7.0 6.9 2.5 2.5 2 0 1 1 1
-885.8 -6830.9 -12.0 270 0 7.6 10.7 2.5 2.5 2 1 1 3 3
-935.5 -6833.3 -13.1 265 0 8.0 8.0 2.5 2.5 2 0 1 2 2
-1139.9 -6783.9 -3.1 252 0 13.4 7.1 2.5 2.5 4 0 1 4 4
-1158.0 -6799.6 -3.2 165 0 8.8 6.1 2.5 2.5 2 0 1 2 2
-1124.0 -6819.8 -8.5 335 0 10.1 9.0 2.5 2.5 2 0 1 3 3
-961.5 -6935.1 -19.1 264 0 6.7 11.7 2.5 2.5 2 1 1 4 4
-973.1 -6928.9 -17.5 84 0 6.6 10.9 5.0 2.5 2 1 2 1 1
-983.5 -6929.4 -17.9 84 0 6.9 10.5 5.0 2.5 2 1 2 1 1
-992.9 -6931.0 -18.2 84 0 5.5 10.2 5.0 2.5 2 1 2 5 5
-970.9 -6906.3 -16.9 354 0 10.6 7.9 5.0 2.5 2 0 2 1 1
-987.5 -6901.6 -17.2 264 0 4.7 11.5 5.0 2.5 2 1 2 4 4
-995.2 -6904.8 -17.5 264 0 6.8 8.6 5.0 2.5 2 1 2 4 4
-1003.6 -6904.5 -17.8 264 0 6.4 14.8 5.0 2.5 2 1 2 5 5
-980.6 -6886.3 -16.3 84 0 5.4 12.5 2.5 2.5 2 1 1 1 1
-989.1 -6887.1 -16.5 84 0 6.9 12.5 2.5 2.5 2 1 1 1 1
-980.0 -6861.6 -15.9 354 0 15.0 6.0 2.5 0.0 0 0 1 2 2
-993.0 -6857.8 -15.9 264 0 5.5 12.9 2.5 2.5 2 1 1 5 5
-1002.6 -6859.6 -15.9 264 0 7.3 11.2 2.5 2.5 2 1 1 5 5
-999.3 -6888.7 -16.5 84 0 6.5 11.6 2.5 2.5 4 1 1 4 4
-1009.3 -6891.0 -16.6 84 0 7.0 14.9 2.5 2.5 2 1 1 1 1
-1014.1 -6861.1 -15.8 264 0 7.7 9.8 2.5 2.5 2 1 1 3 3
-1024.0 -6860.6 -15.9 264 0 6.1 13.6 2.5 2.5 2 1 1 1 1
-1022.6 -6886.1 -16.7 174 0 12.9 5.8 2.5 2.5 2 0 1 5 5
-1037.6 -6896.7 -16.6 84 0 5.2 13.0 2.5 2.5 2 1 1 4 4
-1047.1 -6897.0 -16.3 84 0 5.2 11.6 2.5 0.0 0 1 1 1 1
-1038.2 -6871.1 -15.7 354 0 12.2 6.8 2.5 2.5 2 0 1 2 2
-1051.5 -6867.2 -15.3 264 0 6.4 9.8 2.5 2.5 2 1 1 0 0
-1061.3 -6868.4 -15.2 264 0 6.2 13.7 2.5 2.5 2 1 1 4 4
-1057.5 -6899.1 -16.0 84 0 6.0 13.2 2.5 2.5 2 1 1 4 4
-1067.4 -6900.0 -15.7 84 0 7.5 14.8 2.5 2.5 2 1 1 5 5
-1070.6 -6869.1 -14.8 264 0 6.6 12.4 2.5 2.5 2 1 1 0 0
-1080.9 -6872.8 -14.6 264 0 5.6 13.1 2.5 2.5 2 1 1 1 1
-1076.8 -6901.2 -15.3 84 0 5.1 12.1 2.5 2.5 2 1 1 2 2
-1086.9 -6903.5 -15.1 84 0 6.0 13.2 2.5 2.5 2 1 1 1 1
-1091.0 -6873.0 -14.2 264 0 6.9 11.7 2.5 0.0 0 1 1 5 5
-1101.0 -6875.5 -13.9 264 0 6.0 10.9 2.5 2.5 2 1 1 0 0
-1096.9 -6905.0 -14.8 84 0 5.7 13.7 2.5 0.0 0 1 1 2 2
-1107.8 -6906.9 -14.4 84 0 5.2 13.6 2.5 2.5 2 1 1 3 3
-1110.8 -6876.3 -13.7 264 0 6.1 12.9 2.5 2.5 2 1 1 3 3
-1123.7 -6886.4 -13.5 174 0 13.6 6.3 2.5 2.5 2 0 1 2 2
-1121.3 -6901.8 -14.2 174 0 14.0 5.7 2.5 0.0 0 0 1 3 3
-1029.7 -6915.6 -17.7 354 0 8.1 7.5 5.0 2.5 4 0 2 5 5
-1043.7 -6910.9 -17.3 264 0 6.0 9.6 5.0 0.0 0 1 2 5 5
-1031.2 -6936.8 -18.5 84 0 5.6 13.1 5.0 2.5 2 1 2 5 5
-1040.4 -6937.7 -18.1 84 0 6.4 12.8 5.0 2.5 2 1 2 2 2
-1050.8 -6940.1 -17.8 84 0 6.5 13.7 5.0 2.5 2 1 2 1 1
-1061.1 -6941.9 -17.4 84 0 6.1 13.5 5.0 2.5 2 1 2 1 1
-1053.3 -6913.2 -17.0 264 0 7.6 9.0 5.0 2.5 2 1 2 0 0
-1063.9 -6914.8 -16.7 264 0 6.8 10.1 5.0 0.0 0 1 2 1 1
-1074.2 -6916.0 -16.3 264 0 6.9 9.5 5.0 2.5 2 1 2 1 1
-1071.1 -6943.6 -17.1 84 0 7.0 13.1 5.0 2.5 4 1 2 0 0
-1081.1 -6944.7 -16.7 84 0 6.2 11.5 5.0 0.0 0 1 2 4 4
-1083.8 -6917.9 -16.0 264 0 6.6 9.4 5.0 0.0 0 1 2 4 4
-1093.9 -6920.0 -15.8 264 0 5.9 12.4 5.0 2.5 2 1 2 2 2
-1091.3 -6945.5 -16.4 84 0 5.3 10.7 5.0 2.5 2 1 2 4 4
-1101.1 -6947.6 -16.2 84 0 5.0 11.6 5.0 2.5 2 1 2 4 4
-1105.0 -6920.9 -15.5 264 0 6.0 12.6 5.0 2.5 2 1 2 4 4
-1116.1 -6928.6 -15.3 174 0 12.5 5.1 5.0 2.5 2 0 2 1 1
-2233.6 -6943.4 -4.7 88 0 27.7 13.3 12.5 0.0 0 0 5 4 4
-2268.5 -6943.0 -4.1 90 0 25.5 12.2 12.5 2.5 2 0 5 1 1
3973.3 -5719.6 -1.3 246 0 9.1 15.3 5.0 2.5 2 1 2 1 1
3946.9 -5700.7 8.8 70 0 9.3 10.5 5.0 2.5 2 1 2 5 5
3867.1 -5675.8 20.2 80 0 10.3 22.1 5.0 2.5 4 1 2 0 0
3844.1 -5738.1 7.3 278 0 13.0 18.3 5.0 2.5 2 1 2 2 2
3924.2 -5767.8 -1.4 85 0 10.7 14.1 5.0 2.5 2 1 2 0 0
3896.4 -5750.9 1.8 267 0 11.4 11.6 5.0 2.5 4 1 2 5 5
3545.2 -5711.2 24.1 182 0 9.2 19.3 5.0 0.0 0 1 2 3 3
3433.2 -5802.0 9.0 272 0 20.5 9.5 5.0 2.5 2 0 2 1 1
3444.8 -5820.3 7.0 2 0 10.4 21.9 5.0 0.0 0 1 2 4 4
3395.6 -5806.1 5.7 256 0 35.7 12.4 5.0 2.5 2 0 2 4 4
3397.1 -5830.3 3.2 267 0 35.9 10.9 5.0 2.5 2 0 2 3 3
3305.6 -5834.3 -2.8 257 0 16.7 11.7 5.0 2.5 2 0 2 5 5
3286.5 -5916.8 -7.8 77 0 9.8 12.4 5.0 2.5 2 1 2 5 5
3261.4 -5850.7 -3.6 257 0 8.9 13.5 5.0 2.5 2 1 2 2 2
3264.3 -5911.7 -7.5 77 0 13.4 20.1 5.0 2.5 2 1 2 1 1
3236.9 -5895.3 -7.3 257 0 16.0 10.1 5.0 2.5 2 0 2 3 3
3237.8 -5925.0 -9.0 77 0 11.4 16.3 5.0 2.5 4 1 2 3 3
3203.4 -5934.1 -9.5 77 0 10.0 18.2 5.0 2.5 2 1 2 3 3
3126.4 -5929.0 -10.7 257 0 12.8 18.8 5.0 2.5 2 1 2 1 1
3062.4 -5969.7 -11.3 77 0 9.6 7.3 5.0 2.5 2 0 2 1 1
3075.2 -5968.5 -11.5 77 0 9.0 12.9 5.0 2.5 2 1 2 1 1
2944.1 -6236.9 -21.6 167 0 8.3 12.9 5.0 2.5 2 1 2 1 1
2955.1 -6157.7 -18.4 167 0 8.0 10.3 5.0 2.5 2 1 2 0 0
2953.7 -6146.7 -17.9 167 0 7.4 11.4 5.0 2.5 2 1 2 3 3
2950.0 -6135.6 -17.4 167 0 8.7 13.9 5.0 2.5 2 1 2 0 0
2948.5 -6120.6 -17.0 167 0 13.8 10.2 5.0 2.5 2 0 2 2 2
2944.3 -6101.6 -16.4 167 0 14.8 10.1 5.0 2.5 2 0 2 3 3
2926.4 -6103.8 -16.5 167 0 16.0 10.4 5.0 2.5 2 0 2 1 1
2930.5 -6123.4 -17.1 167 0 16.0 10.1 5.0 2.5 2 0 2 5 5
2931.4 -6141.4 -17.6 167 0 7.8 11.2 5.0 2.5 2 1 2 5 5
2931.5 -6153.2 -18.2 167 0 9.4 13.7 5.0 0.0 0 1 2 1 1
2917.6 -6143.2 -17.7 167 0 7.2 8.6 5.0 2.5 2 1 2 1 1
2915.3 -6129.4 -17.2 167 0 9.2 9.1 5.0 2.5 2 0 2 0 0
2912.4 -6117.5 -16.8 167 0 7.9 10.6 5.0 2.5 2 1 2 1 1
2909.6 -6103.7 -16.4 167 0 12.3 12.9 5.0 0.0 0 1 2 3 3
2927.0 -6032.7 -14.8 257 0 12.7 19.4 5.0 2.5 2 1 2 4 4
2903.6 -6071.9 -15.5 167 0 12.8 17.2 5.0 2.5 2 1 2 3 3
2888.4 -6100.7 -16.1 347 0 4.7 5.9 5.0 2.5 2 1 2 5 5
2892.0 -6119.8 -17.0 347 0 15.7 6.1 5.0 2.5 2 0 2 2 2
2896.8 -6139.1 -17.7 347 0 16.3 7.7 5.0 2.5 2 0 2 3 3
2940.2 -6195.9 -19.9 167 0 19.6 22.4 5.0 2.5 2 1 2 1 1
2945.5 -6260.9 -22.9 167 0 14.8 15.5 5.0 2.5 2 1 2 3 3
2928.7 -6265.0 -22.6 347 0 10.1 16.0 5.0 2.5 4 1 2 3 3
2905.9 -6174.6 -19.1 347 0 15.7 10.3 5.0 2.5 2 0 2 0 0
2908.4 -6194.2 -19.7 347 0 17.2 10.3 5.0 2.5 2 0 2 4 4
2911.4 -6212.8 -20.1 347 0 12.0 7.6 5.0 2.5 2 0 2 5 5
2914.8 -6224.2 -20.4 347 0 4.8 7.2 5.0 2.5 2 1 2 3 3
2917.1 -6233.0 -20.9 347 0 6.9 8.3 5.0 2.5 2 1 2 5 5
2919.1 -6244.0 -21.4 347 0 8.0 6.5 5.0 2.5 2 0 2 2 2
2874.7 -6295.6 -21.8 90 0 8.6 12.2 5.0 2.5 2 1 2 3 3
2853.5 -6286.2 -21.0 92 0 8.3 14.3 5.0 2.5 2 1 2 4 4
2826.7 -6235.2 -20.0 190 0 9.3 22.3 5.0 2.5 2 1 2 5 5
2818.4 -6293.0 -20.7 96 0 13.4 20.1 5.0 2.5 2 1 2 4 4
2794.4 -6283.7 -20.2 168 0 10.1 10.0 5.0 2.5 2 0 2 4 4
2792.1 -6252.3 -19.8 168 0 15.9 9.9 5.0 2.5 4 0 2 4 4
2776.2 -6177.3 -17.9 168 0 14.9 8.8 5.0 2.5 2 0 2 4 4
2753.7 -6084.8 -15.9 258 0 10.1 24.1 5.0 0.0 0 1 2 5 5
2765.6 -6137.2 -16.7 78 0 11.0 25.7 5.0 2.5 2 1 2 5 5
2717.2 -6146.0 -16.1 348 0 14.3 10.5 5.0 2.5 4 0 2 0 0
2758.7 -6183.4 -17.7 348 0 8.5 9.0 5.0 2.5 2 1 2 4 4
2762.4 -6200.6 -18.1 348 0 7.6 5.8 5.0 2.5 2 0 2 0 0
2753.8 -6203.9 -18.0 348 0 10.2 12.4 5.0 2.5 2 1 2 3 3
2771.6 -6229.0 -18.8 348 0 10.2 10.9 5.0 2.5 2 1 2 3 3
2755.6 -6234.5 -18.4 348 0 13.6 9.4 5.0 2.5 2 0 2 0 0
2777.1 -6250.9 -19.2 348 0 8.8 10.6 5.0 2.5 2 1 2 1 1
2759.5 -6250.7 -18.7 348 0 8.8 8.7 5.0 2.5 4 0 2 4 4
3979.2 -6405.2 -21.9 148 0 12.6 6.7 2.5 2.5 2 0 1 4 4
3816.0 -6389.9 -21.1 345 0 11.6 15.3 5.0 0.0 0 1 2 3 3
3807.3 -6375.1 -21.0 345 0 11.3 12.2 5.0 2.5 2 1 2 5 5
3779.5 -6390.8 -21.2 75 0 9.8 10.3 5.0 2.5 2 1 2 0 0
3763.7 -6376.9 -21.2 75 0 8.8 14.9 5.0 2.5 2 1 2 4 4
3764.4 -6326.8 -21.0 255 0 11.7 10.8 5.0 2.5 2 0 2 3 3
3745.7 -6329.4 -21.1 255 0 15.9 12.7 5.0 2.5 2 0 2 4 4
3794.5 -6353.5 -21.0 345 0 15.3 10.8 5.0 2.5 2 0 2 5 5
3777.4 -6361.5 -21.1 345 0 25.6 8.0 5.0 2.5 2 0 2 0 0
3696.0 -6441.3 -21.8 73 0 13.5 35.3 5.0 2.5 2 1 2 1 1
3727.7 -6342.5 -21.2 265 0 15.3 17.0 5.0 2.5 2 1 2 2 2
3733.8 -6385.7 -21.5 85 0 10.5 20.4 5.0 0.0 0 1 2 3 3
3736.3 -6401.2 -21.5 85 0 8.9 7.7 5.0 2.5 2 0 2 3 3
3714.0 -6418.9 -21.7 85 0 14.2 10.8 5.0 2.5 4 0 2 2 2
3713.5 -6404.7 -21.6 85 0 12.6 16.4 5.0 2.5 2 1 2 2 2
3704.3 -6351.9 -21.1 265 0 9.3 20.8 5.0 2.5 2 1 2 3 3
3682.4 -6362.7 -21.3 265 0 11.2 24.8 5.0 2.5 2 1 2 1 1
3670.1 -6363.7 -21.2 265 0 7.9 21.8 5.0 2.5 2 1 2 3 3
3652.0 -6442.2 -22.2 85 0 5.7 16.3 5.0 2.5 2 1 2 2 2
3530.9 -6345.2 -22.4 265 0 7.3 9.3 5.0 0.0 0 1 2 4 4
3552.9 -6348.4 -22.4 265 0 20.1 9.8 5.0 2.5 4 0 2 0 0
3592.0 -6334.2 -21.8 265 0 14.9 12.3 5.0 2.5 2 0 2 5 5
3629.1 -6371.8 -21.9 265 0 9.3 23.8 5.0 2.5 2 1 2 4 4
3605.9 -6377.2 -22.2 265 0 10.2 20.1 5.0 2.5 4 1 2 1 1
3586.9 -6367.3 -22.1 265 0 7.9 13.7 5.0 2.5 2 1 2 3 3
3574.9 -6369.3 -22.3 266 0 5.2 13.1 5.0 2.5 4 1 2 5 5
3555.8 -6371.8 -22.5 265 0 7.1 11.4 5.0 2.5 2 1 2 3 3
3982.2 -6345.0 -21.4 339 0 8.1 14.9 5.0 2.5 2 1 2 0 0
3980.7 -6329.8 -21.4 342 0 11.9 7.5 5.0 2.5 2 0 2 5 5
3969.5 -6334.6 -21.4 339 0 15.0 8.4 5.0 2.5 2 0 2 4 4
3959.8 -6314.8 -21.3 252 0 16.2 9.9 5.0 0.0 0 0 2 0 0
3938.1 -6317.3 -21.2 263 0 16.2 16.2 5.0 2.5 2 0 2 1 1
3918.6 -6317.9 -21.2 259 0 8.1 12.7 5.0 2.5 2 1 2 4 4
3901.8 -6321.5 -21.0 260 0 12.3 8.1 5.0 2.5 2 0 2 5 5
3908.4 -6340.7 -21.0 257 0 13.7 11.6 5.0 2.5 2 0 2 4 4
3881.8 -6340.6 -20.8 259 0 9.6 14.1 5.0 2.5 2 1 2 1 1
3880.5 -6324.1 -20.9 266 0 20.5 10.5 5.0 2.5 2 0 2 3 3
3857.6 -6320.1 -20.9 266 0 15.8 15.3 5.0 2.5 2 0 2 3 3
3857.4 -6371.1 -20.9 77 0 16.4 23.2 5.0 2.5 4 1 2 2 2
3831.7 -6352.8 -20.9 172 0 8.7 9.9 5.0 2.5 2 1 2 3 3
3830.9 -6372.5 -20.9 168 0 19.2 11.0 5.0 2.5 2 0 2 0 0
3973.0 -6415.9 -22.2 329 0 27.0 15.1 5.0 2.5 2 0 2 1 1
3983.9 -6366.4 -21.5 59 0 12.9 13.1 5.0 2.5 2 1 2 3 3
3962.1 -6374.3 -21.3 59 0 13.3 12.2 5.0 2.5 4 0 2 4 4
3948.0 -6361.7 -21.2 59 0 11.5 15.0 5.0 2.5 4 1 2 5 5
3929.5 -6367.1 -21.1 59 0 14.6 8.0 5.0 2.5 2 0 2 1 1
3936.2 -6376.0 -21.1 59 0 10.1 4.4 5.0 2.5 2 0 2 3 3
3950.8 -6388.9 -21.1 59 0 6.3 14.3 5.0 2.5 2 1 2 0 0
3935.8 -6402.5 -21.0 59 0 10.6 8.6 5.0 2.5 2 0 2 2 2
3909.3 -6402.3 -20.7 59 0 5.4 19.3 5.0 2.5 2 1 2 2 2
3884.5 -6409.1 -20.5 149 0 32.4 8.9 5.0 2.5 2 0 2 5 5
3867.8 -6394.6 -20.4 329 0 9.5 12.1 5.0 2.5 2 1 2 5 5
3852.7 -6424.9 -20.6 149 0 8.2 13.1 5.0 2.5 2 1 2 5 5
3878.6 -6415.9 -20.5 329 0 8.9 8.3 5.0 2.5 2 0 2 1 1
3858.3 -6439.9 -20.5 149 0 6.0 12.1 5.0 2.5 2 1 2 5 5
3892.1 -6450.5 -20.3 329 0 11.8 19.3 5.0 2.5 2 1 2 5 5
3878.2 -6478.1 -20.0 149 0 9.2 9.5 5.0 2.5 2 1 2 0 0
3910.5 -6476.7 -20.4 329 0 10.9 15.0 5.0 2.5 2 1 2 0 0
3914.8 -6497.6 -20.4 59 0 14.2 9.6 5.0 2.5 2 0 2 0 0
3927.4 -6428.7 -21.1 239 0 12.8 16.0 5.0 2.5 4 1 2 5 5
3910.7 -6447.3 -20.8 149 0 14.3 9.1 5.0 2.5 4 0 2 3 3
3920.6 -6462.7 -21.2 149 0 15.2 9.9 5.0 2.5 2 0 2 5 5
3965.5 -6461.6 -22.2 59 0 10.1 9.6 5.0 0.0 0 0 2 2 2
3950.4 -6473.2 -21.7 59 0 10.2 9.8 5.0 2.5 2 0 2 0 0
3930.0 -6476.7 -21.3 149 0 11.8 11.7 5.0 2.5 2 0 2 4 4
3974.0 -6477.1 -27.0 239 0 12.0 19.9 2.5 2.5 4 1 1 5 5
3983.1 -6514.3 -29.3 59 0 8.3 10.0 2.5 2.5 2 1 1 3 3
3957.1 -6506.0 -27.9 239 0 7.1 15.1 2.5 2.5 2 1 1 5 5
3960.1 -6491.3 -24.8 239 0 7.9 6.4 2.5 2.5 2 0 1 4 4
3949.0 -6497.5 -24.7 239 0 8.8 8.6 2.5 2.5 2 0 1 4 4
3949.9 -6518.1 -27.5 239 0 5.3 9.0 2.5 2.5 4 1 1 1 1
3935.6 -6523.2 -25.8 239 0 6.8 12.9 2.5 2.5 2 1 1 3 3
3937.8 -6558.5 -27.9 59 0 6.9 15.9 2.5 2.5 2 1 1 4 4
3917.7 -6537.1 -22.5 149 0 8.7 7.6 2.5 0.0 0 0 1 3 3
3904.3 -6547.2 -20.9 157 0 7.6 10.0 2.5 2.5 2 1 1 0 0
3910.1 -6557.6 -22.7 155 0 8.5 9.8 2.5 2.5 2 1 1 1 1
3892.1 -6549.0 -22.0 329 0 8.0 11.1 2.5 0.0 0 1 1 2 2
3895.3 -6562.2 -22.3 331 0 9.9 6.8 2.5 2.5 2 0 1 4 4
3865.1 -6505.2 -20.0 334 0 7.0 9.6 2.5 2.5 2 1 1 5 5
3841.5 -6505.5 -20.6 337 0 5.6 21.5 2.5 2.5 2 1 1 1 1
3877.1 -6573.8 -24.4 61 0 12.9 27.6 2.5 2.5 2 1 1 1 1
3855.4 -6585.1 -26.5 63 0 15.3 15.6 2.5 0.0 0 1 1 1 1
3818.4 -6612.9 -28.9 78 0 9.9 11.9 2.5 2.5 2 1 1 1 1
3734.6 -6583.4 -24.1 149 0 12.2 8.6 2.5 2.5 2 0 1 5 5
3727.4 -6549.4 -22.6 348 0 11.3 10.0 2.5 2.5 2 0 1 0 0
3685.6 -6543.2 -23.1 257 0 31.0 10.9 2.5 2.5 2 0 1 3 3
3679.1 -6527.6 -22.8 169 0 12.5 16.4 2.5 2.5 2 1 1 2 2
3678.6 -6509.7 -22.7 168 0 13.1 8.0 2.5 2.5 4 0 1 2 2
3653.1 -6487.2 -22.8 351 0 10.2 13.5 2.5 2.5 2 1 1 5 5
3659.7 -6545.6 -23.4 352 0 16.6 13.6 2.5 2.5 2 0 1 3 3
3658.3 -6524.2 -23.1 352 0 10.9 10.9 2.5 2.5 4 0 1 2 2
3653.8 -6506.2 -23.0 352 0 12.4 15.8 2.5 0.0 0 1 1 5 5
3617.6 -6494.0 -23.1 170 0 12.2 15.9 2.5 2.5 2 1 1 1 1
3621.1 -6513.0 -23.3 172 0 11.1 14.4 2.5 2.5 2 1 1 0 0
3624.5 -6532.6 -23.4 176 0 8.8 12.2 2.5 2.5 4 1 1 1 1
3628.6 -6549.5 -23.6 174 0 18.6 10.2 2.5 2.5 2 0 1 1 1
3624.2 -6582.1 -24.3 174 0 7.0 19.4 2.5 2.5 2 1 1 0 0
3632.4 -6414.4 -22.1 87 0 12.6 10.5 5.0 2.5 4 0 2 4 4
3615.6 -6456.8 -22.8 87 0 11.7 10.5 5.0 2.5 2 0 2 2 2
3603.8 -6449.2 -22.8 87 0 5.8 10.8 5.0 2.5 2 1 2 0 0
3574.3 -6453.0 -23.0 87 0 8.0 12.2 5.0 2.5 2 1 2 3 3
3561.8 -6454.0 -23.1 87 0 5.5 9.9 5.0 2.5 2 1 2 3 3
3548.1 -6462.9 -23.1 87 0 5.3 18.3 5.0 2.5 2 1 2 3 3
3529.6 -6449.0 -23.1 87 0 12.1 19.8 5.0 2.5 2 1 2 4 4
3599.7 -6498.9 -23.4 357 0 12.1 9.4 2.5 2.5 2 0 1 0 0
3581.9 -6492.4 -23.4 267 0 7.8 15.5 2.5 0.0 0 1 1 4 4
3561.1 -6511.9 -23.6 267 0 9.5 7.9 2.5 2.5 2 0 1 3 3
3523.9 -6563.2 -24.0 177 0 10.2 13.5 2.5 2.5 2 1 1 1 1
3536.2 -6545.2 -23.9 177 0 18.1 15.3 2.5 2.5 4 0 1 1 1
3513.2 -6549.7 -23.9 178 0 10.5 6.7 2.5 2.5 2 0 1 4 4
3563.9 -6495.6 -23.5 267 0 14.7 10.4 2.5 2.5 2 0 1 5 5
3545.9 -6494.0 -23.5 267 0 10.9 19.2 2.5 2.5 2 1 1 3 3
3515.7 -6508.0 -23.5 177 0 18.1 21.9 2.5 2.5 2 1 1 3 3
3515.9 -6527.3 -23.6 178 0 11.7 6.1 2.5 2.5 2 0 1 3 3
3503.1 -6579.0 -23.9 358 0 11.9 6.7 2.5 2.5 2 0 1 3 3
3486.5 -6526.3 -23.2 357 0 11.5 16.5 2.5 2.5 2 1 1 0 0
3480.8 -6511.3 -23.0 357 0 9.0 6.6 2.5 2.5 2 0 1 4 4
3469.3 -6496.3 -22.7 267 0 8.3 7.7 2.5 2.5 2 0 1 4 4
3454.6 -6492.5 -22.4 267 0 11.2 10.8 2.5 2.5 2 0 1 0 0
3450.3 -6563.3 -22.5 87 0 11.8 11.4 2.5 2.5 2 0 1 1 1
3438.9 -6602.1 -22.0 87 0 8.4 15.4 2.5 2.5 2 1 1 4 4
3417.1 -6491.5 -21.4 267 0 7.2 22.7 2.5 2.5 2 1 1 2 2
3379.0 -6499.6 -20.5 267 0 8.8 11.2 2.5 2.5 2 1 1 4 4
3411.1 -6541.4 -21.5 178 0 9.1 9.3 2.5 2.5 4 1 1 5 5
3427.3 -6567.4 -21.9 87 0 14.3 14.6 2.5 0.0 0 1 1 4 4
3433.6 -6488.1 -22.0 267 0 16.4 41.4 2.5 2.5 4 1 1 1 1
3467.7 -6463.0 -22.6 87 0 15.7 14.2 5.0 2.5 2 0 2 0 0
3484.7 -6441.2 -22.8 357 0 10.1 21.8 5.0 2.5 4 1 2 1 1
3481.2 -6417.5 -22.7 357 0 13.4 20.5 5.0 2.5 2 1 2 1 1
3478.7 -6370.2 -22.6 357 0 22.0 9.9 5.0 2.5 2 0 2 0 0
3440.6 -6359.5 -22.6 267 0 13.5 18.2 5.0 2.5 2 1 2 5 5
3449.9 -6425.1 -22.4 357 0 18.5 14.5 5.0 2.5 4 0 2 2 2
3433.7 -6472.3 -22.0 87 0 11.1 29.7 5.0 2.5 2 1 2 0 0
3386.9 -6418.4 -21.5 87 0 10.0 11.8 5.0 2.5 2 1 2 1 1
3390.4 -6384.6 -21.8 267 0 13.8 17.3 5.0 2.5 2 1 2 0 0
3413.2 -6372.0 -22.1 267 0 10.4 21.0 5.0 2.5 2 1 2 5 5
3397.8 -6357.3 -22.0 267 0 7.4 12.2 5.0 2.5 2 1 2 4 4
3389.0 -6357.2 -21.9 267 0 4.2 15.0 5.0 0.0 0 1 2 4 4
3378.8 -6362.1 -21.7 267 0 7.5 15.8 5.0 2.5 2 1 2 2 2
3377.3 -6345.1 -21.9 267 0 8.2 10.1 5.0 0.0 0 1 2 2 2
3363.8 -6343.1 -21.9 267 0 10.3 11.5 5.0 2.5 4 1 2 0 0
3355.1 -6363.7 -21.6 267 0 12.2 7.5 5.0 0.0 0 0 2 0 0
3339.6 -6363.6 -21.5 267 0 8.9 13.3 5.0 0.0 0 1 2 0 0
3364.3 -6443.4 -21.0 87 0 11.6 21.6 5.0 2.5 4 1 2 3 3
3320.3 -6438.8 -21.1 87 0 17.8 26.1 5.0 2.5 2 1 2 1 1
3318.3 -6355.7 -21.8 267 0 14.1 11.0 5.0 2.5 2 0 2 1 1
3300.2 -6366.3 -21.9 267 0 10.6 12.7 5.0 2.5 2 1 2 5 5
3282.0 -6348.4 -22.3 267 0 8.0 13.4 5.0 0.0 0 1 2 2 2
3249.2 -6402.4 -22.3 267 0 7.8 22.9 5.0 2.5 2 1 2 4 4
3236.7 -6433.8 -22.3 267 0 15.5 9.8 5.0 2.5 2 0 2 5 5
3234.1 -6372.1 -22.7 177 0 14.9 13.7 5.0 2.5 2 0 2 5 5
3209.4 -6370.0 -23.2 357 0 22.8 4.6 5.0 2.5 2 0 2 5 5
3199.2 -6376.4 -23.2 357 0 17.7 5.5 5.0 2.5 2 0 2 4 4
3192.4 -6352.3 -23.4 266 0 10.7 12.6 5.0 2.5 2 1 2 4 4
3182.3 -6371.0 -23.4 268 0 7.8 18.8 5.0 0.0 0 1 2 4 4
3174.6 -6350.0 -24.2 267 0 10.7 13.4 5.0 2.5 2 1 2 1 1
3742.2 -5929.7 -0.8 257 0 10.4 6.5 5.0 2.5 2 0 2 3 3
3729.4 -6119.5 -9.6 355 0 10.5 10.8 5.0 2.5 2 1 2 5 5
3952.4 -5993.8 -13.7 258 0 12.7 15.2 5.0 2.5 2 1 2 4 4
3920.4 -6014.9 -13.2 168 0 8.1 15.5 5.0 2.5 4 1 2 2 2
3927.1 -6031.3 -13.9 165 0 11.5 15.7 5.0 2.5 2 1 2 0 0
3921.7 -6049.6 -14.2 157 0 9.7 13.2 5.0 2.5 2 1 2 0 0
3941.7 -6048.3 -15.0 158 0 7.5 14.4 5.0 0.0 0 1 2 2 2
3963.0 -6111.2 -16.4 155 0 12.8 15.0 5.0 2.5 2 1 2 2 2
3935.8 -6076.0 -15.5 161 0 12.3 13.5 5.0 2.5 2 1 2 2 2
3975.0 -6187.6 -18.5 171 0 20.2 9.2 5.0 2.5 2 0 2 3 3
3884.2 -6045.0 -12.1 75 0 17.8 18.7 5.0 2.5 4 1 2 0 0
3838.8 -6064.4 -10.4 255 0 12.3 8.4 5.0 2.5 2 0 2 3 3
3860.9 -6077.1 -12.2 255 0 7.1 15.4 5.0 0.0 0 1 2 4 4
3848.1 -6080.9 -11.7 255 0 7.5 16.3 5.0 2.5 2 1 2 0 0
3847.6 -6130.6 -13.2 164 0 15.8 8.5 5.0 2.5 2 0 2 2 2
3846.1 -6185.8 -14.2 69 0 14.3 8.0 5.0 2.5 2 0 2 3 3
3945.8 -6143.9 -16.6 348 0 11.5 14.8 5.0 2.5 2 1 2 1 1
3949.9 -6155.1 -16.9 348 0 5.2 11.4 5.0 2.5 2 1 2 0 0
3939.5 -6170.0 -16.9 348 0 13.7 7.1 5.0 2.5 2 0 2 5 5
3935.0 -6199.5 -17.3 78 0 10.0 14.7 5.0 2.5 4 1 2 2 2
3775.8 -6091.7 -8.2 351 0 10.2 20.7 5.0 2.5 2 1 2 2 2
3765.6 -6063.2 -6.8 355 0 8.8 12.8 5.0 2.5 2 1 2 4 4
3735.2 -6048.6 -5.9 259 0 8.0 16.1 5.0 2.5 4 1 2 3 3
3715.9 -6057.3 -6.0 264 0 6.5 15.9 5.0 0.0 0 1 2 4 4
3584.5 -6038.8 -3.8 86 0 12.1 23.3 5.0 2.5 2 1 2 1 1
3570.3 -6028.2 -3.2 86 0 7.4 9.6 5.0 2.5 2 1 2 5 5
3474.2 -6050.2 -6.8 78 0 9.1 13.4 5.0 2.5 2 1 2 1 1
3418.9 -6045.2 -9.5 170 0 19.4 16.2 5.0 2.5 2 0 2 4 4
3414.6 -6026.7 -9.0 171 0 11.5 12.3 5.0 2.5 2 1 2 0 0
3413.7 -6005.8 -8.5 170 0 13.9 7.9 5.0 2.5 2 0 2 0 0
3405.1 -5957.1 -7.2 167 0 5.7 12.2 5.0 2.5 4 1 2 4 4
3398.9 -5936.0 -6.8 166 0 15.3 8.4 5.0 2.5 2 0 2 5 5
3367.1 -5945.1 -7.8 349 0 11.2 9.4 2.5 0.0 0 0 1 5 5
3377.6 -6014.3 -9.4 0 0 6.3 8.3 2.5 2.5 2 1 1 4 4
3382.6 -6049.3 -10.4 0 0 14.3 8.3 2.5 2.5 2 0 1 0 0
3273.9 -5972.7 -11.0 270 0 11.9 5.4 2.5 2.5 2 0 1 3 3
3273.0 -5981.3 -11.3 270 0 15.4 5.4 2.5 2.5 2 0 1 5 5
3292.4 -5976.8 -10.8 267 0 15.7 6.6 2.5 2.5 2 0 1 5 5
3295.1 -5958.1 -10.3 270 0 11.0 14.0 2.5 2.5 2 1 1 4 4
3272.5 -5955.2 -10.6 265 0 25.9 9.8 2.5 2.5 2 0 1 5 5
3246.3 -5966.0 -11.5 257 0 12.2 15.0 2.5 2.5 2 1 1 2 2
3333.3 -6041.0 -11.6 74 0 15.1 7.2 2.5 2.5 2 0 1 3 3
3325.7 -6069.6 -12.7 82 0 8.3 8.4 2.5 2.5 2 1 1 4 4
3298.2 -6074.6 -14.0 81 0 16.3 11.2 2.5 2.5 2 0 1 2 2
3230.3 -6101.1 -16.1 89 0 10.0 15.8 2.5 2.5 2 1 1 2 2
3217.1 -6075.0 -15.4 178 0 9.5 15.6 2.5 2.5 2 1 1 4 4
3243.7 -6078.4 -15.2 84 0 9.0 16.8 2.5 2.5 2 1 1 4 4
3205.1 -5978.5 -12.1 172 0 12.4 7.8 2.5 2.5 2 0 1 4 4
3212.3 -6006.7 -13.0 168 0 8.5 20.5 2.5 2.5 2 1 1 2 2
3202.4 -6017.3 -13.4 169 0 4.4 26.6 2.5 2.5 2 1 1 1 1
3214.5 -6024.8 -13.7 167 0 8.8 13.1 2.5 0.0 0 1 1 4 4
3144.1 -5977.9 -13.3 255 0 38.3 10.2 5.0 2.5 2 0 2 4 4
3148.1 -5991.8 -13.7 256 0 36.3 10.0 5.0 2.5 2 0 2 3 3
3119.1 -6094.3 -16.7 86 0 9.3 8.1 5.0 2.5 2 0 2 4 4
3118.0 -6115.6 -17.4 90 0 9.5 13.1 5.0 2.5 2 1 2 5 5
3091.2 -6002.1 -13.8 265 0 9.7 13.5 5.0 2.5 2 1 2 5 5
3088.1 -6095.3 -16.2 88 0 17.2 9.2 5.0 2.5 2 0 2 3 3
3507.1 -6146.2 -11.9 78 0 5.7 11.3 5.0 2.5 2 1 2 3 3
3567.3 -6127.3 -10.5 348 0 11.3 5.7 5.0 0.0 0 0 2 1 1
3556.2 -6135.0 -10.8 78 0 5.7 11.3 5.0 2.5 2 1 2 4 4
3546.8 -6137.8 -11.2 78 0 5.7 11.3 5.0 2.5 2 1 2 1 1
3535.4 -6138.9 -11.4 78 0 5.7 11.3 5.0 2.5 2 1 2 5 5
3526.0 -6141.8 -11.6 78 0 5.7 11.3 5.0 2.5 2 1 2 2 2
3516.5 -6143.3 -11.7 78 0 5.7 11.3 5.0 2.5 2 1 2 1 1
3501.8 -6122.6 -11.3 258 0 5.7 11.3 5.0 2.5 2 1 2 0 0
3564.4 -6114.8 -9.7 348 0 11.3 5.7 5.0 2.5 2 0 2 0 0
3550.8 -6111.4 -10.0 258 0 5.7 11.3 5.0 0.0 0 1 2 0 0
3541.5 -6114.2 -10.2 258 0 5.7 11.3 5.0 2.5 2 1 2 3 3
3530.0 -6115.4 -10.3 258 0 5.7 11.3 5.0 0.0 0 1 2 5 5
3520.7 -6118.2 -10.6 258 0 5.7 11.3 5.0 2.5 2 1 2 0 0
3511.1 -6119.8 -10.9 258 0 5.7 11.3 5.0 2.5 2 1 2 5 5
3428.6 -6162.0 -13.8 78 0 5.7 11.3 5.0 2.5 2 1 2 1 1
3496.6 -6146.4 -12.1 78 0 5.7 11.3 5.0 2.5 2 1 2 4 4
3487.2 -6149.2 -12.5 78 0 5.7 11.3 5.0 2.5 2 1 2 3 3
3477.7 -6150.8 -12.8 78 0 5.7 11.3 5.0 0.0 0 1 2 3 3
3468.3 -6153.6 -13.1 78 0 5.7 11.3 5.0 2.5 2 1 2 0 0
3456.9 -6154.8 -13.4 78 0 5.7 11.3 5.0 2.5 2 1 2 2 2
3447.5 -6157.6 -13.7 78 0 5.7 11.3 5.0 2.5 2 1 2 2 2
3438.0 -6159.1 -13.8 78 0 5.7 11.3 5.0 2.5 2 1 2 4 4
3418.4 -6164.0 -14.0 78 0 5.7 11.3 5.0 2.5 2 1 2 5 5
3409.0 -6166.8 -14.1 78 0 5.7 11.3 5.0 2.5 2 1 2 1 1
3399.5 -6168.4 -14.4 78 0 5.7 11.3 5.0 2.5 2 1 2 0 0
3386.1 -6166.3 -14.6 168 0 11.3 5.7 5.0 0.0 0 0 2 5 5
3491.5 -6122.8 -11.5 258 0 5.7 11.3 5.0 0.0 0 1 2 1 1
3482.2 -6125.7 -11.8 258 0 5.7 11.3 5.0 0.0 0 1 2 5 5
3472.6 -6127.2 -12.1 258 0 5.7 11.3 5.0 2.5 2 1 2 2 2
3463.3 -6130.1 -12.4 258 0 5.7 11.3 5.0 2.5 4 1 2 2 2
3451.8 -6131.2 -12.7 258 0 5.7 11.3 5.0 2.5 2 1 2 0 0
3442.5 -6134.0 -13.1 258 0 5.7 11.3 5.0 2.5 2 1 2 2 2
3432.9 -6135.6 -13.4 258 0 5.7 11.3 5.0 2.5 2 1 2 2 2
3423.6 -6138.4 -13.7 258 0 5.7 11.3 5.0 2.5 2 1 2 4 4
3413.0 -6139.5 -13.9 258 0 5.7 11.3 5.0 2.5 4 1 2 4 4
3403.7 -6142.4 -14.0 258 0 5.7 11.3 5.0 2.5 2 1 2 2 2
3394.1 -6143.9 -14.2 258 0 5.7 11.3 5.0 2.5 2 1 2 0 0
3383.2 -6152.9 -14.4 168 0 11.3 5.7 5.0 2.5 2 0 2 0 0
3552.4 -6073.7 -7.0 258 0 5.7 11.3 5.0 2.5 2 1 2 5 5
3543.4 -6075.4 -7.3 258 0 5.7 11.3 5.0 2.5 2 1 2 2 2
3557.7 -6097.6 -8.1 78 0 5.7 11.3 5.0 2.5 2 1 2 2 2
3548.2 -6099.2 -8.4 78 0 5.7 11.3 5.0 2.5 2 1 2 3 3
3538.8 -6102.0 -8.8 78 0 5.7 11.3 5.0 0.0 0 1 2 5 5
3528.6 -6102.6 -9.0 78 0 5.7 11.3 5.0 2.5 2 1 2 4 4
3519.2 -6105.4 -9.4 78 0 5.7 11.3 5.0 2.5 4 1 2 4 4
3509.7 -6107.0 -9.7 78 0 5.7 11.3 5.0 2.5 2 1 2 0 0
3500.3 -6109.8 -10.0 78 0 5.7 11.3 5.0 2.5 2 1 2 1 1
3534.2 -6077.2 -7.7 258 0 5.7 11.3 5.0 2.5 4 1 2 1 1
3524.8 -6080.0 -8.3 258 0 5.7 11.3 5.0 2.5 2 1 2 2 2
3515.3 -6081.6 -8.8 258 0 5.7 11.3 5.0 2.5 4 1 2 2 2
3506.0 -6084.4 -9.2 258 0 5.7 11.3 5.0 2.5 2 1 2 5 5
3494.2 -6084.1 -9.5 258 0 5.7 11.3 5.0 2.5 2 1 2 3 3
3484.9 -6086.9 -9.9 258 0 5.7 11.3 5.0 2.5 2 1 2 3 3
3475.3 -6088.5 -10.2 258 0 5.7 11.3 5.0 2.5 4 1 2 0 0
3466.0 -6091.3 -10.5 258 0 5.7 11.3 5.0 2.5 2 1 2 5 5
3489.8 -6110.6 -10.3 78 0 5.7 11.3 5.0 0.0 0 1 2 1 1
3480.4 -6113.4 -10.7 78 0 5.7 11.3 5.0 2.5 4 1 2 3 3
3470.9 -6115.0 -11.0 78 0 5.7 11.3 5.0 2.5 2 1 2 1 1
3461.5 -6117.8 -11.3 78 0 5.7 11.3 5.0 0.0 0 1 2 5 5
3454.5 -6092.4 -10.8 258 0 5.7 11.3 5.0 2.5 2 1 2 3 3
3445.2 -6095.2 -11.2 258 0 5.7 11.3 5.0 2.5 2 1 2 4 4
3435.6 -6096.8 -11.5 258 0 5.7 11.3 5.0 2.5 2 1 2 2 2
3426.3 -6099.6 -11.8 258 0 5.7 11.3 5.0 2.5 2 1 2 3 3
3450.7 -6119.0 -11.6 78 0 5.7 11.3 5.0 2.5 2 1 2 3 3
3441.3 -6121.8 -12.0 78 0 5.7 11.3 5.0 2.5 2 1 2 5 5
3431.8 -6123.4 -12.3 78 0 5.7 11.3 5.0 2.5 2 1 2 0 0
3422.4 -6126.2 -12.6 78 0 5.7 11.3 5.0 2.5 2 1 2 4 4
3411.0 -6125.9 -12.9 78 0 5.7 11.3 5.0 2.5 4 1 2 2 2
3401.6 -6128.7 -13.2 78 0 5.7 11.3 5.0 2.5 2 1 2 4 4
3392.1 -6130.3 -13.5 78 0 5.7 11.3 5.0 2.5 2 1 2 5 5
3378.8 -6128.2 -13.9 168 0 11.3 5.7 5.0 2.5 4 0 2 5 5
3386.1 -6095.1 -12.6 257 0 6.7 9.5 5.0 2.5 4 1 2 2 2
3376.0 -6096.4 -13.1 255 0 7.2 13.9 5.0 2.5 2 1 2 4 4
3347.5 -6103.5 -14.1 256 0 8.3 14.8 5.0 2.5 2 1 2 4 4
3353.9 -6159.4 -15.3 345 0 15.8 12.9 5.0 2.5 2 0 2 0 0
3248.6 -6121.9 -16.6 261 0 9.4 14.5 5.0 2.5 2 1 2 1 1
3225.8 -6125.4 -17.1 260 0 10.8 13.9 5.0 2.5 2 1 2 4 4
3134.2 -6195.6 -20.3 174 0 13.5 8.3 5.0 2.5 2 0 2 5 5
3142.9 -6139.4 -18.6 259 0 6.1 9.4 5.0 2.5 2 1 2 2 2
3123.3 -6142.3 -18.8 263 0 6.5 9.3 5.0 2.5 2 1 2 2 2
3095.2 -6160.0 -18.8 170 0 10.9 9.4 5.0 2.5 2 0 2 0 0
3088.3 -6176.1 -19.3 172 0 10.2 12.8 5.0 2.5 2 1 2 1 1
3094.2 -6198.9 -20.2 165 0 10.8 11.8 5.0 2.5 2 1 2 2 2
3098.6 -6223.8 -21.2 170 0 9.1 10.7 5.0 2.5 2 1 2 0 0
3101.2 -6249.0 -21.9 166 0 14.5 6.2 5.0 2.5 2 0 2 2 2
3105.9 -6268.7 -22.4 164 0 19.5 7.6 5.0 2.5 2 0 2 3 3
3112.4 -6253.9 -22.3 165 0 24.7 6.1 5.0 2.5 2 0 2 5 5
3129.2 -6258.6 -22.6 166 0 13.2 8.0 5.0 2.5 4 0 2 4 4
3154.2 -6251.0 -22.8 346 0 12.3 14.9 5.0 2.5 2 1 2 1 1
3134.8 -6274.8 -23.0 168 0 6.8 16.0 5.0 2.5 2 1 2 4 4
3157.9 -6287.2 -23.5 353 0 12.0 10.5 5.0 2.5 2 0 2 4 4
3145.7 -6336.7 -23.9 89 0 15.6 11.9 5.0 2.5 2 0 2 3 3
3126.3 -6329.0 -23.7 176 0 16.5 7.9 5.0 2.5 4 0 2 1 1
3091.0 -6260.3 -21.8 349 0 11.3 17.8 5.0 2.5 2 1 2 4 4
3103.9 -6302.5 -22.8 351 0 9.4 12.5 5.0 2.5 4 1 2 0 0
3087.3 -6303.4 -23.0 356 0 9.0 14.6 5.0 2.5 2 1 2 2 2
3084.1 -6320.5 -23.0 87 0 9.8 9.9 5.0 2.5 2 1 2 5 5
3082.0 -6333.8 -23.1 86 0 11.4 9.0 5.0 2.5 2 0 2 2 2
3047.6 -6334.1 -23.5 86 0 10.2 12.6 5.0 2.5 2 1 2 5 5
3055.9 -6318.1 -23.3 86 0 8.5 20.0 5.0 2.5 2 1 2 0 0
2904.7 -6597.5 -21.8 83 0 31.4 20.1 5.0 0.0 0 0 2 2 2
3141.0 -6369.7 -23.8 356 0 21.2 10.4 5.0 2.5 2 0 2 3 3
3126.4 -6377.7 -23.4 357 0 9.0 19.0 5.0 2.5 2 1 2 0 0
3094.1 -6368.5 -23.3 275 0 8.3 14.1 5.0 2.5 2 1 2 3 3
3042.4 -6356.7 -23.8 273 0 45.1 14.1 5.0 2.5 2 0 2 1 1
3011.7 -6355.1 -23.8 271 0 5.3 17.3 5.0 2.5 4 1 2 2 2
2986.2 -6352.1 -24.3 268 0 17.2 10.4 5.0 2.5 2 0 2 3 3
2976.3 -6453.0 -23.0 161 0 19.8 13.1 5.0 0.0 0 0 2 2 2
2945.8 -6345.2 -24.4 270 0 9.8 23.9 5.0 2.5 2 1 2 1 1
2934.5 -6331.2 -24.2 271 0 6.8 21.8 5.0 2.5 2 1 2 4 4
2913.2 -6344.8 -23.8 181 0 17.6 10.4 5.0 2.5 2 0 2 2 2
2914.3 -6361.0 -23.7 182 0 8.3 11.0 5.0 2.5 2 1 2 1 1
2913.7 -6372.7 -24.0 181 0 8.3 23.1 5.0 2.5 2 1 2 0 0
2931.4 -6404.7 -23.7 174 0 11.7 11.3 5.0 0.0 0 0 2 2 2
2925.1 -6450.6 -23.0 243 0 9.9 11.7 5.0 2.5 2 1 2 0 0
2906.2 -6454.3 -23.0 247 0 15.4 12.3 5.0 2.5 2 0 2 1 1
2874.8 -6464.7 -22.1 238 0 5.0 10.8 5.0 2.5 2 1 2 0 0
2868.1 -6472.8 -21.9 237 0 5.8 11.6 5.0 0.0 0 1 2 3 3
2892.8 -6353.6 -22.8 4 0 38.6 20.3 5.0 0.0 0 0 2 4 4
2851.1 -6382.9 -22.1 179 0 8.7 21.9 5.0 2.5 2 1 2 0 0
2848.4 -6396.7 -21.9 179 0 12.2 20.1 5.0 2.5 4 1 2 3 3
2773.1 -6395.3 -20.1 184 0 12.6 8.6 5.0 2.5 4 0 2 4 4
2810.4 -6394.0 -20.7 2 0 10.4 10.4 5.0 2.5 2 0 2 1 1
2825.2 -6357.4 -20.9 359 0 19.4 11.2 5.0 2.5 2 0 2 1 1
2840.3 -6371.1 -21.3 3 0 10.8 9.0 5.0 2.5 2 0 2 2 2
2836.8 -6399.9 -21.2 2 0 40.6 12.1 5.0 2.5 2 0 2 3 3
2836.2 -6431.5 -21.3 1 0 11.9 13.7 5.0 2.5 2 1 2 5 5
2854.1 -6417.0 -22.0 173 0 8.5 18.1 5.0 2.5 2 1 2 4 4
2855.6 -6449.5 -22.1 173 0 8.6 17.8 5.0 2.5 4 1 2 2 2
2854.5 -6474.2 -21.6 263 0 12.2 18.9 5.0 2.5 2 1 2 2 2
2836.0 -6485.8 -21.4 173 0 18.9 8.9 5.0 2.5 2 0 2 1 1
2844.5 -6338.2 -21.3 353 0 8.1 5.2 5.0 2.5 2 0 2 0 0
2837.2 -6341.1 -21.2 353 0 9.7 9.0 5.0 2.5 4 0 2 4 4
2822.5 -6328.5 -20.9 263 0 5.1 9.3 5.0 2.5 2 1 2 5 5
2814.7 -6322.6 -20.7 263 0 5.9 11.3 5.0 2.5 2 1 2 1 1
2790.3 -6330.7 -20.2 263 0 6.7 10.6 5.0 2.5 2 1 2 1 1
2766.9 -6336.7 -19.9 173 0 10.6 11.2 5.0 2.5 2 1 2 5 5
2770.0 -6375.2 -20.1 173 0 9.3 11.9 5.0 2.5 2 1 2 0 0
2762.0 -6424.0 -20.0 353 0 10.2 9.4 5.0 2.5 2 0 2 3 3
2760.2 -6394.8 -19.7 353 0 9.8 12.6 2.5 2.5 2 1 1 3 3
2754.8 -6357.7 -19.4 353 0 9.0 11.6 2.5 2.5 2 1 1 5 5
2756.6 -6376.1 -19.5 353 0 13.6 9.2 2.5 2.5 2 0 1 4 4
2722.7 -6380.0 -19.0 173 0 6.2 12.4 2.5 2.5 2 1 1 0 0
2712.4 -6341.7 -18.6 173 0 24.5 12.6 2.5 2.5 2 0 1 0 0
2351.3 -6366.9 -12.8 353 0 14.2 6.6 2.5 0.0 0 0 1 2 2
2412.0 -6362.3 -12.7 353 0 12.7 22.5 2.5 2.5 2 1 1 0 0
2415.1 -6376.6 -12.9 353 0 10.9 15.7 2.5 2.5 2 1 1 5 5
2421.7 -6389.2 -13.5 353 0 11.7 28.4 2.5 2.5 2 1 1 4 4
2425.7 -6403.3 -13.9 353 0 14.1 16.1 2.5 2.5 2 1 1 0 0
2512.6 -6249.2 -12.3 79 0 12.3 17.6 5.0 2.5 2 1 2 2 2
2483.9 -6226.8 -11.2 260 0 10.6 12.1 5.0 2.5 4 1 2 3 3
2449.3 -6187.9 -9.7 258 0 10.2 29.2 5.0 2.5 2 1 2 0 0
2388.6 -6278.0 -11.0 344 0 14.5 11.1 5.0 2.5 4 0 2 0 0
2428.8 -6254.3 -10.9 178 0 10.7 12.2 5.0 2.5 2 1 2 4 4
2446.5 -6267.7 -12.0 178 0 17.9 32.2 5.0 2.5 2 1 2 5 5
2549.4 -6221.1 -12.8 358 0 8.9 12.1 5.0 2.5 2 1 2 5 5
2628.0 -6217.1 -15.1 88 0 10.6 8.1 5.0 2.5 2 0 2 2 2
2604.8 -6217.0 -14.5 358 0 9.0 10.0 5.0 2.5 2 1 2 0 0
2580.2 -6238.7 -14.2 358 0 13.6 13.7 5.0 2.5 4 1 2 4 4
2608.5 -6245.9 -15.0 358 0 23.3 9.5 5.0 2.5 4 0 2 2 2
2593.0 -6323.8 -15.3 268 0 7.3 18.0 5.0 2.5 2 1 2 5 5
2557.5 -6324.7 -14.8 268 0 7.9 16.8 5.0 2.5 2 1 2 1 1
2571.3 -6369.1 -15.6 178 0 8.2 15.6 5.0 2.5 2 1 2 2 2
2469.4 -6292.1 -12.6 88 0 20.5 11.7 5.0 2.5 2 0 2 1 1
2486.0 -6299.8 -13.0 88 0 3.9 13.3 5.0 2.5 2 1 2 1 1
2495.4 -6298.6 -13.1 88 0 7.2 13.5 5.0 2.5 2 1 2 2 2
2529.5 -6298.0 -13.7 88 0 5.6 19.5 5.0 2.5 2 1 2 2 2
2549.1 -6297.1 -14.3 88 0 6.8 21.9 5.0 2.5 2 1 2 4 4
2585.5 -6303.3 -14.9 88 0 12.0 16.4 5.0 2.5 2 1 2 2 2
2611.5 -6303.3 -15.3 88 0 9.6 15.0 5.0 2.5 2 1 2 3 3
2666.6 -6329.6 -17.0 268 0 10.6 18.2 5.0 2.5 2 1 2 5 5
2701.6 -6416.8 -18.5 358 0 6.6 8.5 5.0 2.5 2 1 2 0 0
2701.0 -6427.7 -18.6 358 0 5.1 8.7 5.0 2.5 4 1 2 2 2
2701.6 -6439.3 -18.8 358 0 6.9 8.5 5.0 2.5 2 1 2 1 1
2687.4 -6444.3 -18.6 358 0 9.1 5.0 5.0 2.5 2 0 2 1 1
2687.1 -6431.8 -18.4 358 0 8.5 5.0 5.0 2.5 2 0 2 2 2
2677.6 -6431.6 -18.2 358 0 8.8 5.3 5.0 2.5 2 0 2 0 0
2679.1 -6445.3 -18.4 358 0 10.7 6.5 5.0 2.5 2 0 2 0 0
2729.0 -6404.7 -19.1 84 0 9.5 14.4 2.5 2.5 2 1 1 4 4
2783.7 -6417.7 -20.5 170 0 12.7 14.9 5.0 2.5 4 1 2 4 4
2814.6 -6462.3 -21.1 81 0 8.8 36.5 5.0 2.5 4 1 2 4 4
2798.9 -6465.2 -20.9 82 0 11.2 36.1 5.0 2.5 2 1 2 0 0
2776.0 -6450.0 -20.7 173 0 36.4 10.7 5.0 2.5 2 0 2 1 1
2813.4 -6493.6 -21.1 267 0 6.7 10.5 5.0 2.5 2 1 2 4 4
2803.7 -6494.5 -21.0 267 0 6.7 10.5 5.0 2.5 2 1 2 2 2
2794.0 -6496.2 -20.9 267 0 6.7 10.5 5.0 2.5 2 1 2 4 4
2784.4 -6497.0 -20.8 267 0 6.7 10.5 5.0 2.5 2 1 2 2 2
2814.6 -6517.8 -20.9 87 0 6.7 10.5 5.0 2.5 4 1 2 2 2
2804.9 -6518.6 -20.8 87 0 6.7 10.5 5.0 0.0 0 1 2 1 1
2795.2 -6520.3 -20.7 87 0 6.7 10.5 5.0 0.0 0 1 2 5 5
2785.5 -6521.2 -20.6 87 0 6.7 10.5 5.0 2.5 2 1 2 2 2
2825.1 -6554.3 -20.3 87 0 6.7 10.5 5.0 2.5 2 1 2 4 4
2815.5 -6555.4 -20.3 87 0 6.7 10.5 5.0 2.5 2 1 2 1 1
2805.8 -6556.2 -20.2 87 0 6.7 10.5 5.0 2.5 2 1 2 1 1
2796.1 -6557.9 -20.2 87 0 6.7 10.5 5.0 2.5 2 1 2 0 0
2782.8 -6553.7 -20.1 177 0 10.5 6.7 5.0 2.5 2 0 2 2 2
2824.3 -6528.1 -20.6 267 0 6.7 10.5 5.0 2.5 2 1 2 4 4
2814.6 -6529.1 -20.5 267 0 6.7 10.5 5.0 2.5 2 1 2 2 2
2804.9 -6530.0 -20.5 267 0 6.7 10.5 5.0 2.5 2 1 2 4 4
2795.2 -6531.6 -20.4 267 0 6.7 10.5 5.0 2.5 2 1 2 3 3
2785.5 -6532.5 -20.3 267 0 6.7 10.5 5.0 2.5 4 1 2 0 0
2764.2 -6462.7 -20.4 357 0 10.5 6.7 2.5 2.5 2 0 1 1 1
2750.9 -6458.7 -20.2 267 0 6.7 10.5 2.5 2.5 2 1 1 0 0
2741.2 -6459.6 -20.0 267 0 6.7 10.5 2.5 2.5 2 1 1 3 3
2731.5 -6461.3 -19.8 267 0 6.7 10.5 2.5 2.5 2 1 1 5 5
2721.9 -6462.1 -19.6 267 0 6.7 10.5 2.5 2.5 2 1 1 0 0
2764.8 -6476.1 -20.6 357 0 10.5 6.7 2.5 2.5 2 0 1 0 0
2752.1 -6482.6 -20.4 87 0 6.7 10.5 2.5 2.5 4 1 1 3 3
2742.4 -6483.5 -20.2 87 0 6.7 10.5 2.5 2.5 2 1 1 0 0
2732.7 -6485.1 -20.0 87 0 6.7 10.5 2.5 2.5 2 1 1 0 0
2723.0 -6486.0 -19.8 87 0 6.7 10.5 2.5 0.0 0 1 1 3 3
2766.6 -6514.6 -20.4 357 0 10.5 6.7 5.0 2.5 2 0 2 3 3
2753.8 -6521.1 -20.2 87 0 6.7 10.5 5.0 2.5 2 1 2 1 1
2744.2 -6521.9 -20.0 87 0 6.7 10.5 5.0 2.5 2 1 2 5 5
2734.5 -6523.6 -19.8 87 0 6.7 10.5 5.0 2.5 2 1 2 4 4
2724.8 -6524.4 -19.6 87 0 6.7 10.5 5.0 0.0 0 1 2 4 4
2766.6 -6501.8 -20.6 357 0 10.5 6.7 5.0 2.5 2 0 2 5 5
2753.2 -6497.8 -20.3 267 0 6.7 10.5 5.0 2.5 2 1 2 5 5
2743.6 -6498.7 -20.1 267 0 6.7 10.5 5.0 0.0 0 1 2 5 5
2733.9 -6500.3 -19.9 267 0 6.7 10.5 5.0 2.5 2 1 2 3 3
2724.2 -6501.2 -19.7 267 0 6.7 10.5 5.0 0.0 0 1 2 4 4
2762.3 -6532.5 -20.2 267 0 6.7 10.5 5.0 2.5 2 1 2 2 2
2752.7 -6533.6 -20.0 267 0 6.7 10.5 5.0 2.5 2 1 2 2 2
2743.0 -6534.5 -19.8 267 0 6.7 10.5 5.0 2.5 4 1 2 2 2
2733.3 -6536.1 -19.6 267 0 6.7 10.5 5.0 2.5 2 1 2 1 1
2720.6 -6542.4 -19.4 177 0 10.5 6.7 5.0 2.5 4 0 2 5 5
2767.1 -6553.8 -20.0 357 0 10.5 6.7 5.0 2.5 2 0 2 5 5
2754.3 -6560.3 -19.8 87 0 6.7 10.5 5.0 2.5 2 1 2 4 4
2744.7 -6561.1 -19.7 87 0 6.7 10.5 5.0 2.5 2 1 2 0 0
2735.0 -6562.8 -19.5 87 0 6.7 10.5 5.0 2.5 2 1 2 3 3
2721.7 -6558.6 -19.2 177 0 10.4 6.7 5.0 2.5 2 0 2 4 4
2696.3 -6640.4 -18.5 261 0 11.4 11.1 5.0 2.5 4 0 2 1 1
2674.0 -6644.7 -18.4 264 0 19.7 11.4 5.0 2.5 2 0 2 0 0
2424.1 -6695.4 -18.7 178 0 10.4 21.0 2.5 2.5 2 1 1 5 5
2423.8 -6668.2 -18.7 182 0 11.0 21.9 2.5 2.5 2 1 1 3 3
2435.5 -6547.6 -18.2 349 0 20.9 18.2 2.5 2.5 2 0 1 0 0
2440.9 -6586.4 -18.7 356 0 7.0 16.3 2.5 2.5 2 1 1 3 3
2442.6 -6614.0 -18.7 356 0 41.6 16.3 2.5 2.5 2 0 1 2 2
2472.4 -6489.1 -16.8 170 0 8.6 6.1 5.0 2.5 2 0 2 5 5
2459.4 -6476.9 -16.5 170 0 7.9 16.8 5.0 2.5 2 1 2 5 5
2472.1 -6412.5 -13.7 170 0 8.4 13.6 5.0 2.5 2 1 2 5 5
2536.6 -6334.3 -14.5 350 0 13.3 6.6 5.0 2.5 2 0 2 3 3
2533.8 -6366.5 -14.6 350 0 8.9 17.6 5.0 2.5 2 1 2 3 3
2534.3 -6381.5 -14.6 350 0 18.3 10.8 5.0 0.0 0 0 2 1 1
2489.7 -6338.2 -13.4 260 0 10.3 15.7 5.0 2.5 2 1 2 1 1
2492.6 -6357.0 -13.2 260 0 6.2 21.3 5.0 2.5 2 1 2 1 1
2467.1 -6397.9 -13.1 170 0 11.5 23.4 5.0 2.5 2 1 2 4 4
2460.5 -6360.3 -13.0 170 0 16.7 23.9 5.0 2.5 4 1 2 2 2
2466.7 -6373.7 -12.9 170 0 13.3 5.1 5.0 2.5 2 0 2 2 2
2437.8 -6376.1 -13.5 170 0 25.3 5.7 5.0 2.5 2 0 2 3 3
2446.2 -6375.1 -13.5 170 0 23.7 14.5 5.0 2.5 4 0 2 1 1
2443.0 -6400.2 -13.8 170 0 16.4 20.1 5.0 2.5 2 1 2 5 5
2453.2 -6423.6 -14.3 170 0 7.8 10.7 5.0 2.5 4 1 2 5 5
2482.6 -6482.8 -16.8 170 0 27.4 9.4 5.0 2.5 2 0 2 2 2
2489.0 -6509.0 -17.1 170 0 19.0 7.3 5.0 2.5 2 0 2 2 2
2472.4 -6505.9 -17.0 170 0 8.9 13.0 5.0 2.5 2 1 2 3 3
2471.9 -6517.3 -17.2 170 0 8.2 15.0 5.0 2.5 4 1 2 3 3
2473.9 -6532.7 -17.6 168 0 9.8 18.2 5.0 2.5 2 1 2 0 0
2483.8 -6546.8 -17.8 167 0 9.0 14.9 5.0 2.5 2 1 2 0 0
2508.3 -6534.1 -17.3 179 0 9.6 48.6 5.0 2.5 2 1 2 3 3
2533.8 -6579.5 -18.2 87 0 50.1 24.6 5.0 2.5 2 0 2 0 0
2577.5 -6797.0 -18.6 268 0 21.6 13.7 7.5 2.5 2 0 3 2 2
2631.1 -6644.4 -17.4 350 0 14.3 8.7 5.0 2.5 2 0 2 3 3
2604.2 -6691.5 -18.0 351 0 22.7 27.2 5.0 0.0 0 1 2 3 3
2581.9 -6633.0 -18.0 260 0 26.5 22.2 5.0 0.0 0 0 2 1 1
2547.9 -6639.3 -18.3 260 0 26.9 21.2 5.0 2.5 4 0 2 2 2
2543.8 -6702.0 -18.3 170 0 20.6 26.5 5.0 2.5 2 1 2 2 2
2499.2 -6683.0 -18.6 170 0 25.4 19.8 5.0 2.5 2 0 2 4 4
6177.2 -5948.3 -32.0 297 0 6.2 9.3 2.5 0.0 0 1 1 4 4
6186.3 -5958.4 -32.1 205 0 11.5 9.1 2.5 2.5 2 0 1 1 1
6316.9 -6006.8 -29.8 27 0 20.6 8.5 2.5 2.5 2 0 1 4 4
6333.9 -5903.0 -26.7 19 0 23.0 11.2 2.5 2.5 2 0 1 0 0
6688.0 -5598.7 -12.2 193 0 16.2 17.0 5.0 2.5 2 1 2 3 3
6680.4 -5543.9 -10.4 183 0 12.0 16.3 5.0 2.5 2 1 2 5 5
6624.2 -5622.7 -16.1 100 0 36.4 11.0 5.0 2.5 4 0 2 0 0
6632.8 -5560.7 -12.9 100 0 36.4 11.0 5.0 2.5 2 0 2 2 2
6633.4 -5565.1 -13.6 280 0 36.4 11.0 5.0 2.5 4 0 2 4 4
6653.9 -5543.0 -12.8 10 0 11.0 36.4 5.0 2.5 2 1 2 5 5
6648.1 -5589.1 -14.4 10 0 11.0 36.4 5.0 2.5 2 1 2 0 0
6645.4 -5604.9 -15.3 10 0 11.0 36.4 5.0 2.5 2 1 2 2 2
6584.2 -5599.2 -17.0 100 0 36.4 11.0 5.0 2.5 2 0 2 4 4
6582.0 -5614.7 -17.6 100 0 36.4 11.0 5.0 2.5 2 0 2 3 3
6591.2 -5557.0 -15.8 280 0 36.4 11.0 5.0 2.5 2 0 2 3 3
6588.9 -5572.5 -16.4 280 0 36.4 11.0 5.0 2.5 2 0 2 4 4
6590.5 -5552.7 -15.2 100 0 36.4 11.0 5.0 2.5 2 0 2 3 3
6592.8 -5537.2 -14.7 100 0 36.4 11.0 5.0 0.0 0 0 2 1 1
6662.6 -5486.9 -10.7 15 0 19.7 14.6 5.0 2.5 2 0 2 4 4
6694.7 -5493.5 -8.3 178 0 8.4 13.6 5.0 2.5 2 1 2 1 1
6735.7 -5404.1 -5.6 175 0 15.0 15.2 5.0 2.5 2 1 2 4 4
6558.0 -5529.9 -15.7 9 0 16.9 12.9 5.0 2.5 2 0 2 1 1
6617.8 -5486.9 -13.6 356 0 9.5 36.7 5.0 2.5 2 1 2 3 3
6579.4 -5476.6 -13.3 176 0 9.0 36.0 5.0 2.5 2 1 2 3 3
6558.7 -5485.9 -14.1 176 0 16.5 14.9 5.0 2.5 2 0 2 0 0
6546.0 -5479.2 -14.5 266 0 13.7 16.6 5.0 2.5 2 1 2 2 2
6530.5 -5478.0 -14.9 266 0 13.8 13.9 5.0 2.5 2 1 2 1 1
6509.8 -5475.4 -15.8 266 0 17.3 20.2 5.0 2.5 2 1 2 5 5
6486.9 -5480.3 -16.8 266 0 20.4 18.5 5.0 2.5 2 0 2 4 4
6464.3 -5479.0 -17.5 266 0 17.6 17.5 5.0 2.5 2 0 2 3 3
6442.0 -5480.7 -18.3 266 0 15.5 16.8 5.0 2.5 2 1 2 3 3
6416.4 -5478.1 -18.9 266 0 21.7 15.9 5.0 2.5 2 0 2 4 4
6675.6 -5392.8 -8.6 6 0 18.6 11.0 5.0 2.5 2 0 2 2 2
6666.9 -5447.3 -9.6 14 0 14.2 9.9 5.0 2.5 4 0 2 4 4
6580.1 -5449.4 -12.8 194 0 12.9 29.2 5.0 2.5 2 1 2 5 5
6557.7 -5451.2 -13.6 194 0 28.2 13.2 5.0 2.5 2 0 2 1 1
6536.5 -5457.5 -14.0 194 0 17.1 14.1 5.0 2.5 2 0 2 1 1
6544.1 -5438.3 -13.4 194 0 13.6 12.5 5.0 2.5 2 0 2 5 5
6550.2 -5417.2 -13.2 194 0 20.3 12.4 5.0 2.5 2 0 2 5 5
6564.8 -5425.8 -12.5 194 0 11.1 30.5 5.0 2.5 2 1 2 0 0
6597.4 -5434.5 -11.9 194 0 11.1 32.1 5.0 2.5 2 1 2 5 5
6644.0 -5384.9 -10.0 14 0 29.9 13.6 5.0 0.0 0 0 2 5 5
6632.6 -5417.8 -10.8 14 0 30.7 12.2 5.0 2.5 2 0 2 4 4
6560.5 -5376.5 -12.8 194 0 34.1 14.7 5.0 2.5 2 0 2 3 3
6567.5 -5350.2 -12.2 194 0 14.0 12.7 5.0 2.5 2 0 2 0 0
6573.3 -5327.8 -12.6 284 0 38.5 13.7 5.0 2.5 2 0 2 4 4
6595.8 -5341.1 -10.9 194 0 14.8 56.2 5.0 2.5 2 1 2 4 4
6606.3 -5269.8 -9.4 279 0 7.0 9.4 5.0 2.5 2 1 2 3 3
6554.1 -5199.9 -4.7 273 0 16.3 16.7 5.0 2.5 2 1 2 2 2
6548.7 -5244.8 -7.4 187 0 9.6 20.8 5.0 2.5 2 1 2 4 4
6562.3 -5297.3 -10.6 95 0 7.2 11.1 5.0 0.0 0 1 2 0 0
6552.0 -5293.6 -10.8 93 0 5.4 10.5 5.0 2.5 2 1 2 3 3
6528.2 -5276.6 -11.9 193 0 18.7 7.8 5.0 0.0 0 0 2 1 1
6505.8 -5275.8 -12.8 11 0 9.1 15.2 5.0 2.5 2 1 2 2 2
6485.6 -5267.8 -12.7 13 0 15.0 7.8 5.0 2.5 4 0 2 3 3
6430.1 -5307.4 -14.2 18 0 5.9 16.1 5.0 2.5 2 1 2 0 0
6434.9 -5274.6 -13.2 90 0 5.3 14.0 5.0 2.5 2 1 2 4 4
6373.5 -5240.3 -6.7 247 0 16.1 13.1 5.0 2.5 4 0 2 0 0
6345.3 -5248.4 -6.8 270 0 24.0 9.5 5.0 2.5 2 0 2 5 5
6317.7 -5290.4 -10.8 186 0 14.4 14.0 5.0 0.0 0 0 2 4 4
6301.7 -5287.7 -11.0 182 0 11.3 12.7 5.0 2.5 2 1 2 3 3
6286.3 -5332.2 -13.9 187 0 12.6 9.5 5.0 2.5 2 0 2 2 2
6312.3 -5339.3 -14.0 198 0 11.9 10.1 5.0 2.5 2 0 2 3 3
6404.9 -5363.7 -15.7 31 0 6.9 15.4 5.0 2.5 2 1 2 5 5
6388.2 -5412.1 -16.7 21 0 7.4 17.4 5.0 2.5 4 1 2 5 5
6364.7 -5464.4 -20.0 12 0 9.8 18.3 5.0 2.5 2 1 2 0 0
6346.3 -5517.9 -20.6 19 0 11.0 14.7 5.0 2.5 2 1 2 0 0
6321.6 -5490.5 -20.2 7 0 7.5 8.1 5.0 2.5 2 1 2 1 1
6253.7 -5555.9 -20.4 192 0 15.8 9.1 5.0 2.5 2 0 2 1 1
6315.1 -5566.3 -21.0 25 0 12.5 11.7 5.0 0.0 0 0 2 4 4
6317.9 -5594.4 -21.2 21 0 8.3 10.9 5.0 2.5 2 1 2 5 5
6300.4 -5604.6 -21.3 24 0 8.1 9.5 5.0 2.5 2 1 2 0 0
6292.1 -5632.3 -21.5 24 0 12.4 15.4 5.0 0.0 0 1 2 1 1
6279.7 -5651.1 -21.6 24 0 9.5 17.1 5.0 2.5 2 1 2 5 5
6229.8 -5686.2 -22.4 13 0 9.5 12.8 5.0 2.5 2 1 2 1 1
6262.9 -5686.8 -21.8 15 0 11.7 10.6 5.0 2.5 2 0 2 3 3
6277.1 -5707.4 -22.2 23 0 13.6 10.5 5.0 2.5 2 0 2 4 4
6231.7 -5760.8 -24.7 118 0 16.6 19.9 5.0 2.5 2 1 2 2 2
6217.4 -5750.9 -24.9 116 0 12.5 20.1 5.0 2.5 2 1 2 3 3
6197.4 -5726.2 -24.9 114 0 17.7 8.8 5.0 2.5 2 0 2 4 4
6072.2 -5694.4 -24.4 112 0 13.3 20.6 5.0 2.5 2 1 2 4 4
6082.4 -5561.7 -22.1 211 0 19.8 10.0 5.0 2.5 2 0 2 3 3
6052.7 -5606.7 -23.6 297 0 19.0 12.7 5.0 0.0 0 0 2 1 1
6017.5 -5659.6 -24.8 116 0 25.8 15.2 5.0 2.5 2 0 2 1 1
6314.5 -5700.1 -23.1 211 0 5.9 12.6 5.0 2.5 2 1 2 5 5
6336.7 -5669.5 -22.4 191 0 9.7 19.3 5.0 2.5 2 1 2 2 2
6343.4 -5623.7 -21.7 187 0 12.3 22.4 5.0 2.5 2 1 2 2 2
6406.9 -5541.7 -19.7 188 0 13.5 7.7 5.0 2.5 2 0 2 4 4
6389.7 -5537.7 -19.8 200 0 10.7 12.0 5.0 2.5 2 1 2 5 5
6371.4 -5548.7 -20.2 195 0 9.3 11.5 5.0 2.5 2 1 2 2 2
6368.1 -5575.7 -20.6 180 0 6.9 9.2 5.0 2.5 2 1 2 3 3
6368.7 -5605.5 -21.1 177 0 13.4 12.1 5.0 2.5 2 0 2 5 5
6383.7 -5604.6 -20.9 179 0 15.2 13.0 5.0 2.5 2 0 2 2 2
6417.0 -5655.7 -21.4 186 0 27.3 13.6 5.0 2.5 2 0 2 0 0
6485.3 -5619.1 -20.1 355 0 13.8 13.6 5.0 0.0 0 0 2 4 4
6471.5 -5776.0 -23.4 99 0 15.1 19.6 5.0 0.0 0 1 2 0 0
6461.2 -5796.5 -24.0 105 0 8.7 9.5 5.0 0.0 0 1 2 4 4
6475.3 -5801.3 -23.8 108 0 9.2 11.6 5.0 2.5 2 1 2 4 4
6661.9 -5940.5 -21.9 105 0 31.8 17.6 5.0 2.5 2 0 2 3 3
6875.6 -6005.9 -20.4 104 0 20.0 15.0 5.0 2.5 2 0 2 1 1
6888.7 -5980.5 -18.7 11 0 10.6 17.0 5.0 2.5 2 1 2 2 2
6868.3 -5943.2 -17.5 284 0 13.4 9.8 5.0 2.5 4 0 2 0 0
6848.8 -5997.8 -20.8 102 0 16.5 11.6 5.0 2.5 2 0 2 2 2
6854.3 -5970.0 -19.7 277 0 16.0 9.3 5.0 2.5 4 0 2 4 4
6826.0 -6004.9 -21.5 107 0 9.4 16.5 5.0 2.5 2 1 2 0 0
6762.8 -5938.0 -21.4 277 0 10.6 11.7 5.0 2.5 2 1 2 0 0
6752.1 -5966.5 -22.3 102 0 13.2 14.0 5.0 2.5 2 1 2 5 5
6739.9 -5927.4 -22.1 284 0 8.8 12.3 5.0 2.5 2 1 2 4 4
6719.5 -5956.7 -22.3 104 0 7.3 12.0 5.0 2.5 2 1 2 2 2
6700.7 -5964.6 -22.2 107 0 9.0 14.0 5.0 0.0 0 1 2 0 0
6638.6 -5938.1 -21.9 100 0 8.7 13.9 5.0 2.5 2 1 2 2 2
6587.2 -5770.1 -20.7 3 0 20.0 10.5 5.0 2.5 2 0 2 0 0
6503.6 -5851.4 -23.8 120 0 12.9 8.3 5.0 2.5 2 0 2 1 1
6528.5 -5871.4 -23.7 121 0 21.6 8.0 5.0 2.5 2 0 2 3 3
6310.6 -5789.9 -24.6 117 0 7.7 12.0 5.0 2.5 4 1 2 5 5
6334.5 -5744.5 -23.6 201 0 13.1 7.2 5.0 2.5 2 0 2 4 4
6297.3 -5741.5 -23.9 195 0 17.0 7.5 5.0 2.5 2 0 2 3 3
6271.2 -5768.4 -24.5 204 0 16.7 25.7 5.0 2.5 2 1 2 5 5
6322.7 -5806.1 -25.3 115 0 10.0 9.9 5.0 2.5 2 0 2 2 2
6352.7 -5818.6 -25.9 123 0 11.1 17.0 5.0 2.5 2 1 2 5 5
6357.6 -5832.8 -26.4 123 0 7.1 16.6 5.0 2.5 4 1 2 3 3
6370.1 -5841.7 -26.5 122 0 17.7 20.6 5.0 2.5 2 1 2 3 3
6406.0 -5834.0 -25.7 117 0 11.5 14.7 5.0 2.5 2 1 2 3 3
6414.5 -5863.1 -26.1 119 0 21.2 13.6 5.0 2.5 2 0 2 3 3
6438.0 -5872.0 -25.8 90 0 6.8 23.3 5.0 2.5 4 1 2 4 4
6459.4 -5881.5 -25.7 112 0 26.7 16.7 5.0 2.5 4 0 2 1 1
6481.1 -5890.8 -25.5 113 0 12.2 17.1 5.0 2.5 2 1 2 5 5
6589.7 -5867.8 -22.4 10 0 8.2 12.7 5.0 0.0 0 1 2 1 1
6585.6 -5884.1 -23.0 10 0 15.4 11.8 5.0 2.5 2 0 2 3 3
6587.9 -5912.0 -23.5 10 0 9.1 12.6 5.0 0.0 0 1 2 1 1
6632.2 -5662.1 -17.0 10 0 17.6 9.0 5.0 2.5 2 0 2 1 1
6627.4 -5745.6 -19.4 10 0 11.5 15.8 5.0 0.0 0 1 2 4 4
6672.0 -5691.3 -15.9 190 0 11.6 11.0 5.0 2.5 2 0 2 3 3
6654.3 -5778.1 -19.2 190 0 16.3 17.4 5.0 2.5 2 1 2 2 2
6668.4 -5806.3 -19.8 10 0 10.1 14.8 5.0 0.0 0 1 2 3 3
6688.3 -5828.0 -19.8 10 0 12.3 18.6 5.0 2.5 2 1 2 1 1
6663.6 -5839.7 -20.3 10 0 10.1 19.9 5.0 2.5 2 1 2 2 2
6659.9 -5863.3 -20.7 10 0 9.4 21.2 5.0 2.5 2 1 2 5 5
6632.2 -5889.4 -21.4 190 0 14.3 19.8 5.0 2.5 4 1 2 1 1
6606.4 -5918.0 -22.9 190 0 27.7 18.7 5.0 2.5 2 0 2 1 1
6551.5 -5919.6 -25.0 100 0 12.4 19.1 5.0 2.5 2 1 2 0 0
6675.8 -6245.8 -31.9 100 0 14.5 13.7 2.5 2.5 2 0 1 0 0
6790.6 -6102.3 -24.9 190 0 13.4 11.0 2.5 2.5 4 0 1 5 5
6793.0 -6039.3 -23.4 280 0 11.0 16.7 2.5 2.5 2 1 1 0 0
6762.1 -6056.1 -23.9 190 0 22.8 14.8 2.5 2.5 2 0 1 1 1
6742.2 -6107.7 -25.7 190 0 61.7 20.8 2.5 2.5 4 0 1 5 5
6727.0 -6182.8 -27.6 190 0 21.1 15.6 2.5 2.5 2 0 1 3 3
6705.5 -6136.4 -25.8 10 0 10.6 15.4 2.5 2.5 2 1 1 5 5
6723.0 -6111.0 -25.3 17 0 15.8 16.4 2.5 2.5 2 1 1 3 3
6742.6 -6032.1 -23.6 16 0 10.9 7.9 2.5 2.5 2 0 1 1 1
6730.5 -6048.6 -24.0 18 0 11.9 9.0 2.5 2.5 4 0 1 0 0
6711.7 -6005.6 -23.3 288 0 18.9 16.3 2.5 2.5 4 0 1 1 1
6709.9 -6025.6 -23.7 286 0 21.1 17.1 2.5 2.5 4 0 1 5 5
6664.1 -5989.7 -23.2 278 0 9.8 17.1 2.5 2.5 2 1 1 3 3
6627.9 -5997.5 -24.4 279 0 6.9 16.3 2.5 2.5 4 1 1 3 3
6593.7 -5970.9 -25.4 287 0 9.3 12.4 2.5 2.5 2 1 1 5 5
6570.5 -5988.1 -27.4 294 0 13.1 13.0 2.5 0.0 0 0 1 4 4
6548.6 -5976.8 -27.7 294 0 8.7 14.2 2.5 2.5 2 1 1 3 3
6512.1 -5952.6 -27.8 294 0 10.2 23.4 2.5 2.5 2 1 1 4 4
6475.4 -5934.7 -27.2 294 0 13.2 8.4 2.5 2.5 2 0 1 1 1
6435.2 -5964.2 -28.8 294 0 11.7 11.7 2.5 2.5 2 0 1 3 3
6411.9 -5904.9 -27.3 294 0 10.4 41.4 2.5 2.5 2 1 1 4 4
6383.1 -5917.4 -27.5 204 0 38.4 10.0 2.5 2.5 2 0 1 3 3
6385.7 -5892.0 -27.0 25 0 17.1 7.8 2.5 2.5 4 0 1 4 4
6374.8 -5877.3 -26.7 299 0 8.6 15.1 2.5 2.5 2 0 1 3 3
6356.2 -5875.9 -26.7 208 0 15.1 12.9 2.5 2.5 2 0 1 3 3
6340.8 -5922.0 -27.3 297 0 13.8 18.9 2.5 2.5 2 1 1 2 2
6316.3 -5921.4 -26.8 297 0 8.9 17.4 2.5 2.5 2 1 1 1 1
6340.8 -5862.8 -26.6 27 0 12.7 16.6 2.5 2.5 2 1 1 1 1
6298.5 -5836.2 -26.4 27 0 19.2 18.3 2.5 2.5 2 0 1 3 3
6264.2 -5817.7 -26.2 297 0 9.4 15.7 2.5 2.5 2 1 1 4 4
6211.7 -5881.6 -25.9 207 0 7.2 14.3 2.5 2.5 2 1 1 0 0
6214.7 -5871.7 -25.7 207 0 6.1 12.9 2.5 2.5 2 1 1 4 4
6230.6 -5842.5 -26.2 207 0 7.3 11.0 2.5 2.5 2 1 1 3 3
6235.8 -5831.4 -26.3 208 0 7.6 19.1 2.5 2.5 2 1 1 5 5
6237.9 -5804.2 -26.0 33 0 9.3 9.5 2.5 0.0 0 1 1 1 1
6224.0 -5787.9 -26.3 292 0 9.5 17.4 2.5 2.5 2 1 1 5 5
6192.1 -5798.2 -26.1 288 0 12.1 21.0 2.5 2.5 2 1 1 4 4
6168.6 -5784.8 -26.1 205 0 16.0 10.7 2.5 2.5 2 0 1 2 2
6160.1 -5803.6 -25.8 205 0 16.6 10.4 2.5 2.5 2 0 1 3 3
6151.5 -5822.3 -25.5 205 0 16.3 10.5 2.5 2.5 2 0 1 4 4
6143.8 -5839.9 -25.1 205 0 14.9 11.8 2.5 2.5 2 0 1 4 4
6144.1 -5853.5 -26.6 295 0 11.2 15.1 2.5 0.0 0 1 1 2 2
6090.2 -5742.3 -25.0 297 0 10.5 16.9 2.5 2.5 2 1 1 0 0
6082.7 -5770.2 -24.8 27 0 14.4 11.4 2.5 2.5 2 0 1 0 0
6076.7 -5788.6 -24.5 27 0 16.3 11.8 2.5 2.5 2 0 1 4 4
6068.5 -5806.4 -24.2 27 0 15.9 13.0 2.5 0.0 0 0 1 3 3
6059.1 -5825.0 -24.3 27 0 18.2 13.1 2.5 2.5 2 0 1 5 5
6045.0 -5858.5 -27.2 27 0 12.9 23.2 2.5 2.5 2 1 1 2 2
6000.5 -5711.0 -24.7 199 0 16.2 25.9 2.5 2.5 2 1 1 0 0
6003.4 -5740.1 -24.6 199 0 8.5 15.6 2.5 2.5 2 1 1 4 4
5983.6 -5764.2 -24.6 206 0 7.6 7.6 2.5 2.5 2 1 1 3 3
5982.0 -5702.2 -25.2 23 0 21.0 12.4 2.5 2.5 2 0 1 5 5
5965.2 -5790.3 -26.1 22 0 11.9 8.4 2.5 2.5 2 0 1 0 0
5910.8 -5798.3 -30.5 118 0 7.4 5.7 2.5 2.5 4 0 1 1 1
5899.6 -5794.0 -30.6 117 0 6.0 9.3 2.5 2.5 2 1 1 5 5
5854.7 -5767.6 -30.3 125 0 17.8 10.5 2.5 2.5 2 0 1 5 5
5845.3 -5715.5 -27.6 2 0 7.5 12.8 2.5 2.5 2 1 1 4 4
5859.0 -5705.9 -26.5 192 0 20.7 14.6 2.5 2.5 2 0 1 2 2
5886.6 -5629.6 -26.8 303 0 13.3 14.9 2.5 2.5 2 1 1 3 3
5832.9 -5634.8 -26.3 194 0 7.7 15.2 2.5 2.5 2 1 1 4 4
5814.5 -5729.2 -29.6 318 0 14.4 8.0 2.5 2.5 2 0 1 0 0
5393.2 -5495.4 -22.9 98 0 14.2 32.8 5.0 2.5 2 1 2 4 4
5358.3 -5500.4 -23.2 96 0 50.6 51.6 5.0 0.0 0 1 2 4 4
5308.0 -5493.0 -21.2 90 0 24.3 33.4 5.0 0.0 0 1 2 0 0
5492.3 -5367.5 -4.8 254 0 18.0 9.9 5.0 2.5 2 0 2 1 1
5537.8 -5335.0 3.4 254 0 19.6 9.2 5.0 2.5 2 0 2 3 3
5516.1 -5343.9 1.3 255 0 14.1 9.1 5.0 2.5 2 0 2 5 5
5536.8 -5358.7 -4.6 344 0 10.6 31.8 5.0 2.5 2 1 2 5 5
5549.4 -5368.3 -8.6 344 0 9.8 35.8 5.0 0.0 0 1 2 5 5
5698.7 -5655.7 -28.0 192 0 6.9 14.9 2.5 2.5 2 1 1 5 5
5695.6 -5666.8 -28.8 192 0 8.5 13.8 2.5 0.0 0 1 1 0 0
5772.5 -5606.1 -26.1 276 0 13.5 25.8 2.5 2.5 2 1 1 5 5
5785.9 -5606.3 -25.8 275 0 6.9 19.5 2.5 2.5 2 1 1 5 5
5803.8 -5626.8 -26.0 8 0 38.8 14.5 2.5 2.5 2 0 1 4 4
5795.2 -5671.4 -27.9 282 0 7.2 10.1 2.5 2.5 4 1 1 4 4
5766.4 -5671.7 -28.1 12 0 11.2 12.1 2.5 2.5 4 1 1 2 2
5729.1 -5647.4 -27.2 192 0 11.0 12.8 2.5 0.0 0 1 1 4 4
5724.4 -5664.3 -28.1 192 0 8.8 15.4 2.5 2.5 2 1 1 0 0
5720.7 -5684.7 -29.6 192 0 7.5 13.3 2.5 2.5 2 1 1 2 2
5708.1 -5700.8 -31.1 192 0 9.3 20.1 2.5 2.5 2 1 1 4 4
5705.4 -5637.2 -27.0 192 0 11.3 14.9 2.5 2.5 2 1 1 0 0
5761.0 -5597.8 -26.1 281 0 8.1 27.9 2.5 2.5 2 1 1 3 3
5695.1 -5576.9 -25.6 285 0 10.4 15.2 2.5 2.5 2 1 1 3 3
5695.6 -5602.6 -26.5 15 0 11.5 24.2 2.5 2.5 4 1 1 4 4
5686.3 -5617.2 -27.2 15 0 11.4 18.3 2.5 2.5 2 1 1 3 3
5681.3 -5636.2 -27.8 19 0 13.9 11.3 2.5 2.5 2 0 1 4 4
5682.3 -5658.1 -29.1 18 0 18.2 25.5 2.5 2.5 2 1 1 5 5
5676.3 -5674.3 -29.8 16 0 7.7 11.5 2.5 0.0 0 1 1 2 2
5666.5 -5692.4 -31.3 21 0 13.7 6.9 2.5 0.0 0 0 1 3 3
5869.0 -5493.9 -22.3 98 0 13.3 16.6 5.0 0.0 0 1 2 2 2
5869.4 -5508.2 -23.3 193 0 12.2 14.5 5.0 2.5 2 1 2 2 2
5873.8 -5534.7 -24.4 281 0 18.5 16.7 5.0 2.5 2 0 2 2 2
5864.9 -5571.9 -25.1 108 0 7.7 15.0 5.0 2.5 2 1 2 1 1
5839.0 -5591.3 -26.0 102 0 19.5 12.8 5.0 2.5 4 0 2 0 0
5846.5 -5543.9 -24.9 294 0 9.9 14.9 5.0 2.5 2 1 2 5 5
5815.2 -5564.7 -25.5 190 0 9.9 21.0 5.0 2.5 2 1 2 4 4
5818.3 -5550.8 -25.2 189 0 7.8 13.9 5.0 2.5 2 1 2 5 5
5834.9 -5502.9 -23.5 92 0 8.4 17.9 5.0 2.5 2 1 2 2 2
5814.3 -5513.4 -24.1 94 0 13.4 17.3 5.0 2.5 2 1 2 5 5
5793.4 -5568.9 -25.4 2 0 18.2 9.2 2.5 2.5 2 0 1 4 4
5797.9 -5529.6 -24.9 277 0 8.5 19.5 2.5 2.5 2 1 1 2 2
5778.2 -5505.4 -23.6 103 0 12.6 21.7 5.0 2.5 2 1 2 0 0
5769.4 -5526.1 -24.2 283 0 10.9 16.2 2.5 2.5 2 1 1 5 5
5718.3 -5516.0 -23.1 17 0 19.0 28.0 5.0 2.5 4 1 2 3 3
5707.7 -5539.4 -24.0 19 0 8.5 21.0 5.0 2.5 2 1 2 4 4
5705.1 -5557.1 -24.6 16 0 9.6 19.6 5.0 2.5 2 1 2 1 1
5721.1 -5552.0 -24.5 196 0 23.6 30.2 2.5 0.0 0 1 1 4 4
5749.2 -5504.7 -22.9 105 0 17.7 12.1 5.0 2.5 2 0 2 0 0
5731.5 -5525.0 -23.6 195 0 9.7 21.4 2.5 2.5 2 1 1 5 5
5745.1 -5469.7 -20.6 195 0 11.7 18.7 5.0 2.5 2 1 2 2 2
5767.4 -5434.5 -20.0 194 0 21.5 26.5 5.0 2.5 2 1 2 5 5
5809.6 -5321.8 -0.7 265 0 11.8 12.6 5.0 2.5 2 1 2 4 4
5798.8 -5308.1 2.4 269 0 18.4 12.0 5.0 2.5 2 0 2 0 0
5766.2 -5326.9 -0.5 266 0 15.6 14.6 5.0 2.5 4 0 2 2 2
5689.7 -5425.5 -17.1 193 0 12.9 10.1 5.0 2.5 2 0 2 3 3
5626.7 -5382.8 -12.6 82 0 5.5 12.4 5.0 2.5 2 1 2 0 0
5641.4 -5383.9 -12.4 89 0 19.6 9.6 5.0 2.5 2 0 2 1 1
5670.1 -5325.7 -1.6 258 0 10.3 22.3 5.0 2.5 4 1 2 4 4
5655.3 -5332.4 -3.4 262 0 14.3 18.7 5.0 2.5 2 1 2 0 0
5630.5 -5323.7 2.1 261 0 10.3 6.0 5.0 2.5 2 0 2 2 2
5624.8 -5332.4 -1.6 261 0 27.6 9.7 5.0 2.5 2 0 2 2 2
5611.7 -5361.2 -8.4 164 0 11.0 15.1 5.0 2.5 2 1 2 1 1
5683.7 -5443.8 -19.0 204 0 8.3 11.2 5.0 0.0 0 1 2 4 4
5676.8 -5454.3 -19.8 204 0 9.5 11.8 5.0 2.5 2 1 2 2 2
5665.7 -5470.4 -21.3 207 0 14.4 15.2 5.0 2.5 2 1 2 2 2
5646.7 -5444.1 -20.3 17 0 8.8 9.5 5.0 2.5 2 1 2 2 2
5644.1 -5454.3 -21.5 17 0 6.2 11.8 5.0 2.5 2 1 2 0 0
5633.7 -5512.6 -25.1 15 0 9.5 14.7 5.0 2.5 2 1 2 5 5
5626.6 -5536.8 -26.0 18 0 11.6 13.1 5.0 2.5 2 1 2 0 0
5589.4 -5482.0 -23.0 13 0 8.2 15.9 5.0 2.5 2 1 2 4 4
5600.8 -5581.3 -28.0 17 0 11.2 12.3 2.5 2.5 2 1 1 1 1
5593.0 -5557.8 -27.3 288 0 17.9 11.6 2.5 2.5 2 0 1 4 4
5578.9 -5567.3 -27.6 284 0 15.3 6.2 2.5 2.5 2 0 1 5 5
5562.6 -5556.7 -28.2 287 0 11.8 16.8 2.5 2.5 2 1 1 1 1
5575.2 -5608.8 -30.1 21 0 13.1 15.4 2.5 2.5 2 1 1 5 5
5541.5 -5612.0 -30.7 111 0 15.1 13.2 2.5 2.5 2 0 1 3 3
5540.5 -5556.9 -28.6 284 0 9.0 15.7 2.5 2.5 2 1 1 2 2
5519.0 -5549.7 -28.6 284 0 27.0 17.1 2.5 2.5 2 0 1 1 1
5489.4 -5544.0 -27.8 284 0 6.8 13.6 2.5 2.5 2 1 1 2 2
5460.1 -5587.2 -30.2 104 0 10.3 11.4 2.5 2.5 2 1 1 5 5
5460.2 -5533.9 -26.6 284 0 8.9 8.6 2.5 2.5 2 0 1 1 1
5446.0 -5537.0 -27.2 284 0 13.1 12.4 2.5 2.5 4 0 1 3 3
5437.7 -5586.9 -30.4 104 0 12.4 15.0 2.5 2.5 2 1 1 1 1
5414.0 -5525.2 -27.9 282 0 28.5 27.4 2.5 0.0 0 0 1 4 4
5381.0 -5545.3 -28.0 272 0 23.7 7.8 2.5 2.5 4 0 1 0 0
5380.7 -5524.1 -26.7 272 0 25.5 15.9 2.5 2.5 2 0 1 2 2
5360.3 -5519.9 -26.3 272 0 8.2 17.0 2.5 2.5 2 1 1 0 0
5346.7 -5521.4 -26.0 272 0 9.3 12.0 2.5 2.5 2 1 1 1 1
5336.3 -5523.2 -25.9 272 0 6.4 11.6 2.5 2.5 2 1 1 4 4
5327.4 -5519.4 -25.8 272 0 6.4 17.0 2.5 2.5 2 1 1 1 1
5313.3 -5517.1 -24.9 272 0 16.4 13.5 2.5 2.5 2 0 1 3 3
5298.0 -5516.1 -24.3 272 0 7.7 14.9 2.5 2.5 2 1 1 3 3
5280.6 -5515.2 -23.8 271 0 18.4 14.9 2.5 2.5 4 0 1 3 3
5256.2 -5516.3 -23.2 268 0 9.4 14.0 2.5 2.5 4 1 1 1 1
5236.6 -5512.9 -23.5 267 0 14.7 23.3 2.5 0.0 0 1 1 5 5
5146.4 -5454.2 -9.2 254 0 8.7 14.5 5.0 2.5 2 1 2 3 3
5122.7 -5464.6 -13.2 260 0 9.8 15.1 5.0 2.5 2 1 2 5 5
5102.2 -5464.7 -14.1 259 0 8.4 14.6 5.0 2.5 2 1 2 5 5
5121.7 -5520.3 -19.8 67 0 5.0 11.6 5.0 2.5 4 1 2 1 1
5135.3 -5552.7 -26.3 250 0 9.9 16.8 2.5 2.5 2 1 1 1 1
5144.9 -5576.1 -28.7 249 0 10.2 15.0 2.5 2.5 2 1 1 4 4
4886.2 -5521.8 -12.7 264 0 7.1 12.0 5.0 2.5 2 1 2 5 5
4772.7 -5571.2 -20.2 241 0 6.1 13.6 5.0 2.5 2 1 2 2 2
4716.7 -5564.1 -17.2 252 0 8.5 10.7 5.0 0.0 0 1 2 0 0
4696.6 -5565.3 -17.2 252 0 8.8 13.8 5.0 0.0 0 1 2 5 5
4721.7 -5625.9 -23.5 55 0 12.6 21.1 5.0 2.5 2 1 2 2 2
4706.6 -5628.5 -23.5 58 0 9.5 11.9 5.0 2.5 4 1 2 0 0
4691.0 -5635.7 -23.7 74 0 7.3 25.8 5.0 2.5 2 1 2 0 0
4666.9 -5608.3 -20.5 157 0 9.7 13.8 5.0 0.0 0 1 2 1 1
4645.0 -5621.7 -22.9 351 0 37.5 15.2 5.0 0.0 0 0 2 3 3
4613.1 -5613.3 -20.0 3 0 12.2 41.8 5.0 2.5 2 1 2 3 3
4561.1 -5603.5 -19.5 272 0 11.5 17.3 5.0 2.5 2 1 2 3 3
4535.4 -5604.1 -18.5 269 0 12.7 10.4 5.0 2.5 2 0 2 2 2
4130.4 -5696.5 -11.6 258 0 30.0 31.4 5.0 0.0 0 1 2 3 3
4174.5 -5733.5 -14.1 77 0 20.3 10.5 5.0 2.5 2 0 2 5 5
4199.8 -5731.8 -15.7 79 0 19.7 19.1 5.0 2.5 2 0 2 4 4
4194.7 -5686.7 -9.7 75 0 19.9 12.1 5.0 2.5 2 0 2 1 1
4240.5 -5718.6 -18.0 159 0 12.9 9.2 5.0 2.5 4 0 2 3 3
4255.1 -5688.3 -15.7 157 0 8.5 9.0 5.0 2.5 2 1 2 5 5
4231.6 -5705.8 -16.4 161 0 12.2 21.7 5.0 2.5 2 1 2 5 5
4235.0 -5678.1 -11.1 74 0 8.9 18.6 5.0 2.5 2 1 2 3 3
4260.2 -5665.5 -14.0 248 0 5.7 12.8 5.0 2.5 2 1 2 3 3
4247.9 -5658.8 -11.7 250 0 7.1 15.6 5.0 2.5 2 1 2 2 2
4273.6 -5658.5 -14.6 244 0 18.2 14.4 5.0 0.0 0 0 2 1 1
4291.0 -5702.0 -18.3 65 0 19.9 19.3 5.0 2.5 2 0 2 4 4
4325.5 -5681.1 -18.6 45 0 10.9 15.6 5.0 2.5 2 1 2 3 3
4343.3 -5661.1 -17.8 59 0 12.6 18.4 5.0 2.5 2 1 2 0 0
4420.7 -5629.5 -16.4 73 0 8.3 17.2 5.0 2.5 2 1 2 2 2
4446.0 -5573.3 -13.9 256 0 36.7 17.1 5.0 0.0 0 0 2 3 3
4469.4 -5613.9 -17.2 91 0 30.2 13.1 5.0 2.5 2 0 2 3 3
4447.0 -5645.6 -20.1 257 0 18.5 13.6 5.0 2.5 2 0 2 5 5
4483.8 -5639.2 -20.7 170 0 18.5 14.2 5.0 2.5 2 0 2 2 2
4555.8 -5671.2 -23.3 160 0 18.7 29.2 5.0 2.5 2 1 2 4 4
4527.2 -5668.0 -22.7 172 0 13.2 9.4 5.0 2.5 2 0 2 5 5
4490.4 -5667.6 -22.3 166 0 10.1 30.3 5.0 2.5 2 1 2 0 0
4510.0 -5687.7 -23.1 165 0 18.5 16.5 5.0 2.5 2 0 2 0 0
4570.3 -5867.9 -28.5 126 0 12.2 16.2 5.0 2.5 2 1 2 4 4
4550.1 -5852.9 -28.1 136 0 29.3 22.5 5.0 0.0 0 0 2 5 5
4555.7 -5823.7 -27.2 134 0 16.4 11.1 5.0 2.5 2 0 2 2 2
4531.6 -5832.7 -27.3 136 0 18.1 20.6 5.0 2.5 2 1 2 3 3
4582.3 -5882.5 -29.0 123 0 16.9 26.1 5.0 2.5 2 1 2 4 4
4607.9 -5857.4 -28.5 38 0 13.5 27.4 5.0 2.5 4 1 2 5 5
4628.8 -5824.6 -28.1 38 0 15.1 24.5 5.0 2.5 2 1 2 2 2
4630.8 -5808.9 -27.5 38 0 6.4 12.0 5.0 2.5 2 1 2 2 2
4641.9 -5801.1 -27.5 38 0 16.3 24.4 5.0 2.5 2 1 2 2 2
4651.2 -5788.3 -27.1 38 0 7.2 25.8 5.0 0.0 0 1 2 2 2
4658.4 -5777.4 -27.0 38 0 12.3 20.5 5.0 2.5 2 1 2 0 0
4661.2 -5748.7 -26.3 47 0 9.0 14.7 5.0 2.5 4 1 2 2 2
4679.1 -5751.8 -26.8 47 0 7.8 13.8 5.0 2.5 2 1 2 5 5
4690.0 -5738.6 -26.8 47 0 13.3 22.9 5.0 2.5 2 1 2 4 4
4698.6 -5727.5 -26.8 47 0 8.3 21.4 5.0 2.5 2 1 2 3 3
4709.3 -5721.8 -26.9 47 0 9.1 37.6 5.0 2.5 2 1 2 3 3
4716.6 -5712.9 -26.9 47 0 8.1 45.0 5.0 0.0 0 1 2 5 5
4725.5 -5704.1 -26.9 47 0 10.4 43.1 5.0 2.5 4 1 2 5 5
4736.0 -5689.4 -26.8 44 0 10.8 23.5 5.0 2.5 2 1 2 1 1
4776.9 -5621.4 -24.2 44 0 13.4 16.9 5.0 2.5 2 1 2 5 5
4766.4 -5630.2 -24.8 44 0 8.8 15.4 5.0 2.5 2 1 2 5 5
4747.9 -5642.4 -26.0 134 0 18.9 13.8 5.0 2.5 2 0 2 4 4
4813.1 -5592.9 -21.9 65 0 17.8 10.7 5.0 0.0 0 0 2 1 1
4839.1 -5576.0 -20.7 65 0 9.1 8.9 5.0 2.5 2 0 2 4 4
4861.9 -5580.4 -21.7 65 0 9.6 10.0 5.0 0.0 0 1 2 2 2
4874.8 -5578.6 -21.8 65 0 8.1 11.0 5.0 2.5 2 1 2 5 5
4890.4 -5572.1 -21.1 65 0 10.5 12.6 5.0 2.5 2 1 2 5 5
5019.1 -5633.9 -31.5 185 0 11.1 9.6 2.5 2.5 4 0 1 1 1
5001.3 -5573.6 -25.4 268 0 9.7 11.0 2.5 2.5 2 1 1 2 2
4985.2 -5576.1 -26.0 267 0 13.7 10.2 2.5 2.5 2 0 1 4 4
4944.8 -5580.9 -29.6 259 0 10.0 32.8 2.5 2.5 2 1 1 0 0
4933.0 -5591.2 -27.2 257 0 9.6 11.9 2.5 2.5 2 1 1 5 5
4903.6 -5589.8 -26.9 247 0 12.7 16.8 2.5 0.0 0 1 1 0 0
4882.1 -5590.3 -26.1 245 0 16.4 19.7 2.5 2.5 2 1 1 0 0
4866.3 -5596.3 -27.5 244 0 10.4 29.4 2.5 0.0 0 1 1 0 0
4855.8 -5607.3 -26.0 245 0 5.4 10.8 2.5 2.5 2 1 1 3 3
4869.9 -5651.0 -31.1 64 0 9.7 21.2 2.5 2.5 2 1 1 0 0
4829.2 -5612.7 -27.1 245 0 9.6 20.9 2.5 2.5 2 1 1 4 4
4812.0 -5625.1 -26.9 232 0 7.9 13.2 2.5 2.5 2 1 1 0 0
4799.6 -5638.2 -28.0 229 0 9.0 14.0 2.5 0.0 0 1 1 5 5
4791.8 -5655.9 -29.5 228 0 17.9 20.2 2.5 2.5 4 1 1 3 3
4724.8 -5736.5 -31.0 224 0 7.8 28.6 2.5 2.5 2 1 1 2 2
4753.8 -5744.1 -30.9 45 0 15.1 15.3 2.5 2.5 2 0 1 1 1
4735.2 -5725.3 -29.3 225 0 15.1 11.1 2.5 2.5 2 0 1 5 5
4782.8 -5718.4 -31.3 41 0 16.5 33.9 2.5 2.5 2 1 1 2 2
4676.3 -5789.9 -29.7 216 0 12.9 16.6 2.5 2.5 4 1 1 2 2
4665.8 -5802.5 -30.3 216 0 17.1 27.6 2.5 2.5 2 1 1 1 1
4665.2 -5827.5 -30.5 216 0 19.2 15.4 2.5 0.0 0 0 1 0 0
4668.8 -5871.1 -31.3 36 0 13.1 17.9 2.5 2.5 2 1 1 0 0
4638.6 -5851.5 -29.9 216 0 13.2 14.9 2.5 0.0 0 1 1 4 4
4619.2 -5877.0 -31.8 218 0 20.8 43.8 2.5 2.5 2 1 1 0 0
4596.7 -5909.6 -31.1 217 0 15.5 30.9 2.5 2.5 2 1 1 0 0
4610.2 -5973.5 -32.1 42 0 8.8 16.0 2.5 2.5 2 1 1 4 4
4581.4 -5947.0 -30.6 222 0 11.6 15.1 2.5 2.5 4 1 1 5 5
4563.7 -5965.8 -31.6 222 0 17.2 36.9 2.5 2.5 4 1 1 1 1
4553.8 -5978.5 -30.5 222 0 7.9 25.3 2.5 0.0 0 1 1 4 4
4549.9 -5989.8 -29.4 222 0 11.3 8.2 2.5 2.5 2 0 1 5 5
4540.2 -5998.8 -30.0 222 0 8.0 20.0 2.5 2.5 2 1 1 0 0
4527.6 -6017.9 -29.6 222 0 12.0 14.7 2.5 0.0 0 1 1 5 5
4556.1 -6037.5 -31.2 42 0 10.9 12.6 2.5 2.5 2 1 1 0 0
4556.9 -6053.3 -32.0 42 0 7.8 18.9 2.5 2.5 2 1 1 0 0
4536.6 -6065.7 -31.2 42 0 15.3 16.6 2.5 2.5 2 1 1 4 4
4511.6 -6035.3 -29.3 222 0 10.9 15.7 2.5 2.5 2 1 1 1 1
4530.8 -6081.8 -31.4 42 0 9.7 22.4 2.5 2.5 4 1 1 3 3
4514.1 -6097.9 -31.3 42 0 9.0 25.1 2.5 2.5 2 1 1 5 5
4525.8 -6092.1 -31.6 42 0 8.6 21.1 2.5 2.5 4 1 1 5 5
4488.5 -6062.2 -29.3 222 0 15.6 12.0 2.5 0.0 0 0 1 4 4
4488.5 -6106.2 -31.1 132 0 26.1 15.4 2.5 0.0 0 0 1 1 1
4470.1 -6093.2 -29.5 132 0 13.9 23.3 2.5 2.5 2 1 1 0 0
4505.0 -6119.2 -31.5 132 0 8.8 15.6 2.5 2.5 2 1 1 5 5
4558.9 -5941.8 -28.4 34 0 21.5 13.3 5.0 2.5 2 0 2 1 1
4510.7 -5922.6 -26.7 145 0 11.3 8.3 5.0 2.5 2 0 2 2 2
4520.6 -5939.5 -27.4 141 0 13.4 20.9 5.0 0.0 0 1 2 2 2
4561.3 -5879.8 -29.3 313 0 70.9 32.7 5.0 0.0 0 0 2 3 3
4510.9 -5826.0 -26.9 324 0 17.0 35.1 5.0 2.5 2 1 2 5 5
4516.2 -5839.5 -27.0 320 0 9.3 16.7 5.0 2.5 2 1 2 0 0
4429.3 -5710.9 -23.6 194 0 15.6 21.8 5.0 2.5 2 1 2 5 5
4420.0 -5725.9 -23.9 194 0 12.3 25.7 5.0 2.5 2 1 2 3 3
4385.0 -5719.8 -23.3 267 0 20.2 6.7 5.0 2.5 2 0 2 2 2
4313.4 -5759.9 -23.1 270 0 8.9 10.1 5.0 2.5 2 1 2 3 3
4312.8 -5804.4 -22.8 283 0 17.5 26.3 5.0 2.5 2 1 2 5 5
4275.6 -5809.4 -21.7 196 0 25.4 16.1 5.0 0.0 0 0 2 5 5
4220.5 -5799.0 -19.5 165 0 17.3 27.3 5.0 2.5 2 1 2 2 2
4218.1 -5828.5 -19.4 178 0 9.0 29.9 5.0 2.5 2 1 2 2 2
4221.8 -5850.3 -19.4 163 0 10.5 25.3 5.0 0.0 0 1 2 1 1
4288.0 -5930.8 -22.3 343 0 9.4 18.5 5.0 2.5 2 1 2 0 0
4254.9 -5954.0 -22.7 163 0 9.4 29.0 5.0 0.0 0 1 2 2 2
4248.5 -5935.8 -22.3 163 0 18.9 10.8 5.0 2.5 2 0 2 0 0
4236.1 -5890.5 -21.7 163 0 69.0 10.4 5.0 2.5 2 0 2 3 3
4268.3 -5860.8 -21.1 163 0 17.1 25.1 5.0 2.5 2 1 2 3 3
4281.8 -5878.9 -21.5 163 0 19.8 10.8 5.0 0.0 0 0 2 2 2
4302.7 -5929.6 -22.5 73 0 12.1 41.0 5.0 2.5 4 1 2 0 0
4301.5 -5943.0 -22.7 71 0 20.1 10.6 5.0 2.5 4 0 2 2 2
4287.2 -5969.2 -23.4 337 0 14.8 7.8 5.0 2.5 2 0 2 2 2
4302.1 -5961.1 -23.3 337 0 15.3 13.5 5.0 2.5 4 0 2 1 1
4309.9 -5979.5 -23.9 337 0 9.8 18.0 5.0 2.5 2 1 2 3 3
4317.9 -5997.4 -24.5 337 0 15.8 16.9 5.0 2.5 2 1 2 0 0
4329.5 -6018.2 -25.1 337 0 11.1 15.6 5.0 2.5 2 1 2 3 3
4333.7 -6037.5 -25.7 337 0 13.4 11.1 5.0 0.0 0 0 2 1 1
4341.8 -6068.1 -26.4 67 0 12.8 19.8 5.0 2.5 2 1 2 4 4
4256.6 -5969.6 -23.1 157 0 10.4 18.2 5.0 2.5 2 1 2 3 3
4262.8 -5981.9 -23.5 157 0 10.2 15.6 5.0 0.0 0 1 2 1 1
4268.3 -5994.8 -23.9 157 0 10.7 16.7 5.0 2.5 2 1 2 5 5
4279.5 -6017.6 -24.5 157 0 9.7 16.0 5.0 2.5 2 1 2 3 3
4288.6 -6036.3 -25.1 157 0 11.8 17.9 5.0 0.0 0 1 2 0 0
4294.3 -6057.2 -25.6 157 0 11.2 17.9 5.0 2.5 2 1 2 1 1
4301.2 -6076.1 -26.2 157 0 14.1 16.7 5.0 2.5 2 1 2 4 4
4351.0 -5929.3 -23.4 90 0 14.8 14.9 5.0 2.5 2 1 2 3 3
4428.5 -5901.8 -24.9 62 0 10.4 14.5 5.0 2.5 2 1 2 1 1
4458.9 -5911.4 -25.4 347 0 20.2 8.1 5.0 2.5 2 0 2 4 4
4500.5 -5936.6 -26.1 328 0 13.0 18.1 5.0 0.0 0 1 2 5 5
4512.1 -5948.7 -26.5 312 0 12.6 27.9 5.0 0.0 0 1 2 0 0
4528.8 -5969.1 -27.6 312 0 20.8 27.7 5.0 2.5 2 1 2 3 3
4510.8 -6003.2 -27.1 42 0 6.4 20.1 5.0 2.5 2 1 2 5 5
4492.2 -6001.0 -26.7 42 0 5.9 11.2 5.0 2.5 4 1 2 2 2
4476.2 -5995.7 -26.4 42 0 21.0 14.8 5.0 2.5 2 0 2 0 0
4495.1 -6018.8 -27.0 42 0 11.7 24.8 5.0 2.5 2 1 2 0 0
4478.8 -6035.3 -27.3 42 0 10.0 16.9 5.0 2.5 2 1 2 0 0
4470.5 -6047.2 -27.6 42 0 10.1 15.2 5.0 2.5 2 1 2 0 0
4444.8 -6068.0 -28.1 133 0 15.8 18.3 5.0 2.5 2 1 2 4 4
4433.7 -6057.1 -27.5 128 0 8.6 24.0 5.0 2.5 2 1 2 5 5
4424.6 -6043.8 -27.1 138 0 12.1 16.4 5.0 2.5 2 1 2 2 2
4414.3 -6018.5 -26.4 156 0 28.6 17.1 5.0 2.5 4 0 2 3 3
4400.3 -5985.3 -25.4 156 0 28.8 20.1 5.0 2.5 2 0 2 0 0
4388.0 -5949.4 -24.5 156 0 28.4 13.1 5.0 2.5 2 0 2 3 3
4353.8 -5961.9 -23.7 66 0 17.1 19.8 5.0 2.5 2 1 2 1 1
4315.8 -5967.6 -23.9 156 0 45.3 26.4 5.0 0.0 0 0 2 5 5
4341.4 -6013.2 -25.1 156 0 10.9 18.1 5.0 2.5 2 1 2 5 5
4388.3 -6015.5 -25.7 336 0 11.8 17.5 5.0 2.5 2 1 2 0 0
4399.8 -6033.7 -26.5 336 0 13.1 20.4 5.0 2.5 2 1 2 0 0
4351.6 -6031.2 -25.7 156 0 10.0 14.8 5.0 2.5 2 1 2 5 5
4368.6 -6053.5 -26.4 66 0 13.9 9.9 5.0 0.0 0 0 2 3 3
4375.2 -6080.7 -27.6 144 0 19.4 10.6 5.0 2.5 2 0 2 2 2
4392.8 -6104.9 -28.6 146 0 18.0 14.3 5.0 2.5 2 0 2 1 1
4399.3 -6056.5 -28.2 236 0 21.0 32.6 5.0 0.0 0 1 2 5 5
4469.6 -6200.9 -31.4 313 0 16.0 13.9 2.5 2.5 2 0 1 2 2
4480.3 -6126.8 -30.3 348 0 18.0 13.7 2.5 2.5 4 0 1 3 3
4462.6 -6101.9 -29.6 320 0 19.7 17.1 2.5 2.5 4 0 1 4 4
4434.0 -6111.9 -29.6 242 0 13.4 19.0 2.5 2.5 2 1 1 0 0
4446.2 -6167.2 -30.5 54 0 24.2 30.2 2.5 0.0 0 1 1 4 4
4261.8 -6159.3 -25.5 157 0 22.7 6.8 2.5 2.5 2 0 1 5 5
4298.1 -6167.0 -26.8 61 0 40.9 7.3 2.5 2.5 2 0 1 3 3
4324.5 -6152.3 -27.1 65 0 6.1 23.3 2.5 2.5 2 1 1 3 3
4288.8 -6107.5 -26.4 199 0 11.0 12.3 2.5 2.5 4 1 1 3 3
4378.6 -6108.9 -28.2 324 0 13.1 16.4 2.5 0.0 0 1 1 3 3
4344.5 -6080.7 -27.3 248 0 19.7 18.6 2.5 2.5 4 0 1 5 5
4344.6 -6127.4 -27.7 68 0 7.3 15.7 2.5 2.5 2 1 1 0 0
4315.8 -6111.3 -27.0 248 0 12.7 7.7 2.5 2.5 2 0 1 4 4
4331.9 -6100.9 -27.2 248 0 13.0 10.8 2.5 2.5 2 0 1 1 1
4324.8 -6086.0 -26.8 248 0 14.7 13.3 2.5 2.5 2 0 1 0 0
4309.5 -6093.4 -26.8 248 0 14.7 13.3 2.5 2.5 2 0 1 3 3
4294.2 -6079.3 -26.1 338 0 18.1 15.6 5.0 0.0 0 0 2 5 5
4262.7 -6096.2 -25.5 68 0 14.6 12.4 5.0 2.5 2 0 2 3 3
4246.9 -6102.1 -25.0 68 0 12.0 12.2 5.0 2.5 2 1 2 0 0
4230.3 -6071.7 -24.7 158 0 37.1 16.3 5.0 0.0 0 0 2 4 4
4272.0 -6054.3 -25.4 338 0 38.0 18.0 5.0 2.5 4 0 2 4 4
4244.5 -5988.1 -23.3 342 0 14.4 19.3 5.0 2.5 2 1 2 2 2
4188.3 -5989.3 -22.3 162 0 15.6 18.4 5.0 2.5 2 1 2 2 2
4237.2 -5952.2 -22.5 342 0 11.2 34.1 5.0 2.5 2 1 2 5 5
4204.4 -5931.1 -21.4 342 0 30.1 8.6 5.0 2.5 2 0 2 2 2
4187.2 -5940.8 -21.0 161 0 12.9 7.1 5.0 2.5 2 0 2 3 3
4173.8 -5925.4 -20.1 161 0 13.2 11.2 5.0 2.5 4 0 2 0 0
4166.4 -5910.2 -19.5 165 0 11.8 16.2 5.0 2.5 2 1 2 5 5
4160.9 -5893.9 -18.8 167 0 14.4 15.3 5.0 2.5 2 1 2 5 5
4211.4 -5875.3 -19.5 347 0 15.3 13.1 5.0 2.5 2 0 2 0 0
4202.6 -5841.6 -18.1 346 0 15.9 36.1 5.0 2.5 2 1 2 2 2
4185.5 -5830.1 -17.1 346 0 14.3 21.0 5.0 2.5 2 1 2 4 4
4139.5 -5820.4 -15.6 166 0 14.8 16.0 5.0 0.0 0 1 2 2 2
4082.5 -5786.8 -11.7 346 0 14.8 7.5 5.0 2.5 4 0 2 0 0
4095.8 -5815.1 -13.4 346 0 6.8 11.1 5.0 2.5 2 1 2 3 3
4077.4 -5815.4 -12.5 346 0 13.9 20.4 5.0 2.5 2 1 2 2 2
4084.9 -5844.4 -14.1 347 0 16.8 17.6 5.0 2.5 2 1 2 5 5
4104.8 -5848.1 -14.9 348 0 11.7 16.3 5.0 2.5 2 1 2 1 1
4109.2 -5865.2 -15.6 348 0 12.1 19.1 5.0 2.5 2 1 2 1 1
4114.5 -5879.9 -16.3 351 0 12.4 19.5 5.0 2.5 2 1 2 4 4
4129.0 -5911.9 -17.8 348 0 9.3 27.5 5.0 2.5 2 1 2 0 0
4112.7 -5980.4 -19.6 329 0 7.5 9.7 5.0 0.0 0 1 2 3 3
4106.1 -5970.3 -19.1 332 0 8.5 10.8 5.0 2.5 2 1 2 5 5
4148.8 -5961.0 -20.3 334 0 13.9 9.4 5.0 2.5 2 0 2 1 1
4139.1 -5975.0 -20.3 340 0 11.3 15.8 5.0 2.5 2 1 2 2 2
4152.0 -5998.7 -21.1 338 0 7.4 14.4 5.0 0.0 0 1 2 5 5
4167.6 -6236.2 -21.6 66 0 5.7 11.1 5.0 2.5 2 1 2 3 3
4159.8 -6240.9 -21.8 65 0 5.6 16.1 5.0 2.5 2 1 2 0 0
4147.3 -6223.1 -20.9 73 0 12.6 11.2 5.0 2.5 2 0 2 5 5
4148.2 -6246.0 -22.0 73 0 6.3 13.0 5.0 2.5 2 1 2 5 5
4116.9 -6259.0 -22.4 73 0 11.5 17.7 5.0 2.5 2 1 2 2 2
4087.0 -6159.2 -19.0 171 0 12.0 8.9 5.0 0.0 0 0 2 3 3
4080.9 -6176.0 -20.1 170 0 12.6 15.6 5.0 2.5 2 1 2 0 0
4084.8 -6194.1 -20.8 165 0 10.6 18.4 5.0 2.5 2 1 2 5 5
4113.1 -6213.6 -21.1 161 0 13.1 24.7 5.0 2.5 2 1 2 3 3
4129.9 -6127.8 -21.1 162 0 10.3 13.4 5.0 2.5 2 1 2 5 5
4102.2 -6143.4 -20.0 155 0 11.3 15.7 5.0 2.5 2 1 2 1 1
4076.2 -6140.9 -18.9 166 0 16.3 11.6 5.0 0.0 0 0 2 1 1
4115.8 -6110.8 -20.4 166 0 14.5 10.3 5.0 2.5 2 0 2 0 0
4088.1 -6102.1 -19.4 160 0 13.0 13.2 5.0 2.5 2 1 2 1 1
4068.5 -6109.5 -18.4 163 0 9.3 13.0 5.0 2.5 2 1 2 0 0
4069.6 -6122.6 -18.6 166 0 11.6 19.3 5.0 2.5 2 1 2 5 5
3994.8 -6010.3 -16.0 333 0 17.3 10.9 5.0 2.5 2 0 2 4 4
4015.0 -6048.8 -17.1 0 0 11.6 14.8 5.0 2.5 2 1 2 1 1
4019.8 -6065.5 -17.1 349 0 12.7 10.2 5.0 2.5 2 0 2 3 3
4041.8 -6101.9 -17.0 334 0 10.3 13.5 5.0 2.5 2 1 2 3 3
4048.8 -6151.9 -18.6 347 0 8.1 13.0 5.0 2.5 2 1 2 0 0
4064.3 -6202.1 -20.5 348 0 6.5 13.3 5.0 0.0 0 1 2 4 4
4073.1 -6218.6 -21.6 348 0 11.1 9.4 5.0 2.5 2 0 2 5 5
4070.3 -6231.8 -21.6 348 0 7.4 12.2 5.0 2.5 2 1 2 2 2
4076.2 -6243.6 -22.5 348 0 9.7 12.7 5.0 2.5 2 1 2 3 3
4078.0 -6260.6 -23.0 348 0 21.2 20.1 5.0 2.5 2 0 2 4 4
4055.4 -6281.3 -23.4 78 0 4.9 14.2 5.0 2.5 2 1 2 3 3
4008.7 -6235.2 -20.6 168 0 12.5 8.1 5.0 2.5 4 0 2 0 0
3986.5 -6180.2 -18.6 168 0 12.7 19.7 5.0 2.5 2 1 2 0 0
4165.2 -6195.7 -21.6 66 0 26.3 16.8 5.0 2.5 2 0 2 2 2
4191.3 -6040.8 -22.7 336 0 13.6 16.5 5.0 2.5 2 1 2 0 0
4196.4 -6058.5 -23.0 336 0 10.5 12.3 5.0 2.5 2 1 2 2 2
4200.7 -6072.9 -23.4 336 0 11.4 11.1 5.0 2.5 2 0 2 5 5
4216.4 -6094.3 -24.1 336 0 19.0 17.6 5.0 2.5 2 0 2 0 0
4220.6 -6109.3 -24.3 336 0 5.6 17.0 5.0 0.0 0 1 2 3 3
4224.7 -6122.4 -24.4 336 0 8.7 14.4 5.0 0.0 0 1 2 0 0
4240.7 -6153.2 -24.5 336 0 10.1 19.2 5.0 2.5 2 1 2 1 1
4253.0 -6186.9 -24.3 336 0 15.3 18.6 5.0 2.5 2 1 2 5 5
4402.3 -6260.9 -30.9 156 0 23.5 43.7 2.5 0.0 0 1 1 5 5
4335.8 -6190.0 -27.6 336 0 26.6 13.4 2.5 2.5 4 0 1 4 4
4301.0 -6293.2 -26.8 336 0 18.3 13.1 2.5 2.5 2 0 1 3 3
4372.4 -6256.9 -28.8 336 0 9.4 8.9 5.0 2.5 2 0 2 5 5
4391.7 -6346.5 -30.3 336 0 15.5 7.0 5.0 2.5 2 0 2 4 4
4337.5 -6276.8 -28.4 246 0 11.9 18.5 5.0 2.5 2 1 2 1 1
4355.5 -6356.4 -29.7 156 0 22.0 24.7 5.0 2.5 2 1 2 5 5
4363.2 -6376.9 -30.4 156 0 14.5 25.6 5.0 2.5 2 1 2 4 4
4323.6 -6362.0 -27.4 336 0 18.6 17.7 2.5 2.5 2 0 1 1 1
4276.2 -6361.9 -26.6 156 0 14.0 26.7 2.5 2.5 2 1 1 0 0
4263.1 -6311.1 -25.8 156 0 11.7 13.4 2.5 2.5 2 1 1 0 0
4240.1 -6257.1 -24.6 156 0 21.5 14.1 5.0 0.0 0 0 2 5 5
4273.3 -6243.7 -25.4 336 0 17.6 13.4 5.0 2.5 2 0 2 1 1
4279.3 -6276.3 -26.1 66 0 14.2 20.1 5.0 2.5 2 1 2 3 3
4189.7 -6322.6 -23.5 66 0 13.9 15.7 5.0 2.5 2 1 2 5 5
4208.8 -6312.0 -23.8 66 0 8.9 12.4 5.0 2.5 2 1 2 0 0
4189.7 -6265.5 -23.2 246 0 10.5 21.4 5.0 2.5 2 1 2 3 3
4179.4 -6267.9 -22.6 247 0 4.6 10.0 5.0 2.5 2 1 2 4 4
4165.4 -6258.7 -22.2 246 0 7.9 15.4 5.0 2.5 4 1 2 0 0
4149.2 -6269.1 -22.3 246 0 14.3 19.5 5.0 2.5 2 1 2 1 1
4108.9 -6337.9 -23.4 64 0 13.5 16.9 5.0 2.5 2 1 2 5 5
3997.9 -6324.0 -23.7 170 0 13.0 48.5 5.0 0.0 0 1 2 5 5
4053.4 -6308.0 -24.0 253 0 12.1 15.0 5.0 2.5 2 1 2 1 1
4076.6 -6378.1 -22.7 59 0 10.7 16.5 5.0 2.5 2 1 2 0 0
4046.7 -6408.7 -22.9 59 0 13.5 15.5 5.0 2.5 2 1 2 1 1
4005.9 -6348.5 -22.4 149 0 12.8 11.6 5.0 2.5 2 0 2 5 5
4013.4 -6363.9 -22.3 149 0 8.8 10.3 5.0 0.0 0 1 2 0 0
4019.2 -6375.1 -22.1 149 0 7.0 12.7 5.0 2.5 2 1 2 2 2
4024.2 -6385.4 -22.2 149 0 9.5 13.1 5.0 2.5 2 1 2 0 0
3986.1 -6391.9 -21.8 239 0 5.9 12.4 2.5 2.5 2 1 1 3 3
4004.8 -6386.1 -21.9 329 0 13.5 11.0 2.5 2.5 2 0 1 4 4
4011.8 -6400.1 -22.2 329 0 10.8 8.7 2.5 2.5 2 0 1 1 1
3987.2 -6418.5 -22.3 149 0 9.6 10.8 2.5 2.5 2 1 1 4 4
4083.1 -6404.0 -24.4 239 0 7.8 18.6 2.5 2.5 2 1 1 0 0
4061.6 -6418.0 -25.0 239 0 13.6 12.7 2.5 2.5 4 0 1 0 0
4074.7 -6431.2 -27.2 239 0 14.9 11.3 2.5 2.5 2 0 1 0 0
4063.2 -6482.0 -28.1 59 0 11.4 8.8 2.5 2.5 2 0 1 3 3
4019.3 -6489.2 -26.6 59 0 11.2 12.1 2.5 0.0 0 1 1 4 4
4025.8 -6445.8 -24.1 239 0 6.6 15.4 2.5 2.5 2 1 1 4 4
4013.7 -6456.7 -24.3 239 0 8.6 11.2 2.5 2.5 2 1 1 1 1
4003.2 -6463.6 -25.2 239 0 9.7 11.2 2.5 2.5 2 1 1 0 0
4009.4 -6499.3 -27.7 59 0 8.0 14.9 2.5 2.5 2 1 1 1 1
3989.3 -6471.3 -26.5 239 0 9.6 15.8 2.5 2.5 2 1 1 3 3
3996.8 -6504.8 -28.6 59 0 11.2 12.1 2.5 0.0 0 1 1 2 2
6912.6 -6104.6 -24.2 113 0 14.0 16.8 2.5 2.5 2 1 1 5 5
6911.5 -6065.3 -23.4 286 0 21.6 14.0 2.5 2.5 2 0 1 5 5
6889.6 -6059.7 -23.3 285 0 12.2 15.8 2.5 2.5 2 1 1 3 3
6872.9 -6055.8 -23.3 285 0 14.4 15.8 2.5 2.5 2 1 1 2 2
5522.3 -5569.8 -29.7 292 0 9.7 15.4 2.5 2.5 2 1 1 0 0
5423.5 -5586.1 -30.6 112 0 5.8 17.0 2.5 2.5 2 1 1 5 5
4671.7 -5715.3 -25.9 52 0 25.2 22.8 5.0 2.5 2 0 2 4 4
4368.3 -5669.2 -19.9 256 0 28.4 12.7 5.0 2.5 2 0 2 4 4
4363.4 -5706.4 -21.4 77 0 44.0 20.0 5.0 2.5 2 0 2 1 1
6702.2 -5387.5 -7.3 80 0 9.7 10.0 5.0 2.5 2 1 2 2 2
6718.7 -5404.0 -6.7 272 0 8.9 9.6 5.0 2.5 2 1 2 1 1
6710.6 -5430.2 -6.6 185 0 10.6 11.0 5.0 2.5 2 1 2 0 0
6687.9 -5524.6 -9.5 191 0 15.2 11.3 5.0 2.5 2 0 2 4 4
6678.1 -5290.3 -7.2 5 0 17.7 6.3 5.0 2.5 2 0 2 1 1
