-6365.3 -6305.3 -6.1 222 0 3.8 7.5 2.5 2.5 2 1 1 3 3
-6325.3 -6309.6 -6.1 60 0 3.2 6.3 7.5 2.5 2 1 3 2 2
-6317.8 -6298.7 -6.0 334 0 9.3 4.6 2.5 2.5 2 0 1 3 3
-6246.8 -6478.7 -5.3 178 0 4.3 8.6 7.5 2.5 2 1 3 5 5
-6209.5 -6425.0 -6.3 351 0 4.8 9.0 7.5 2.5 2 1 3 2 2
-6213.3 -6405.6 -6.8 0 0 3.6 7.4 5.0 2.5 2 1 2 1 1
-6211.1 -6379.1 -7.6 40 0 4.7 13.4 2.5 2.5 2 1 1 2 2
-6000.1 -6553.7 -7.5 202 0 4.6 7.7 5.0 2.5 2 1 2 2 2
-6100.0 -6557.7 -4.9 223 0 4.9 7.4 5.0 2.5 2 1 2 1 1
-6087.1 -6649.7 -6.0 123 0 5.3 13.1 7.5 2.5 2 1 3 5 5
-6068.2 -6675.1 -6.4 311 0 5.9 8.9 7.5 2.5 2 1 3 2 2
