5740.6 -4243.9 -11.8 0 0 15.8 7.4 5.0 2.5 2 0 2 2 2
5749.0 -4230.2 -6.9 180 0 13.9 12.7 5.0 2.5 2 0 2 1 1
5711.4 -4187.1 -19.0 183 0 7.7 14.3 5.0 2.5 2 1 2 2 2
5704.5 -4204.0 -19.6 181 0 6.8 16.0 5.0 2.5 2 1 2 1 1
5726.8 -4219.1 -15.8 360 0 12.7 8.8 5.0 2.5 2 0 2 2 2
5724.6 -4233.8 -16.5 0 0 10.2 9.5 5.0 2.5 2 0 2 0 0
5727.0 -4246.8 -15.3 359 0 10.8 7.9 5.0 0.0 0 0 2 5 5
5738.7 -4259.1 -13.7 0 0 8.1 14.3 5.0 2.5 2 1 2 4 4
5710.9 -4273.1 -16.9 180 0 7.8 17.7 5.0 2.5 2 1 2 1 1
5705.2 -4286.7 -18.2 179 0 11.8 10.3 5.0 2.5 2 0 2 2 2
5735.2 -4307.2 -13.7 1 0 8.6 13.5 5.0 2.5 2 1 2 0 0
5707.4 -4298.2 -17.4 181 0 7.4 13.4 5.0 2.5 2 1 2 0 0
5710.3 -4308.1 -16.5 180 0 9.8 6.1 5.0 2.5 2 0 2 4 4
5732.7 -4323.0 -15.6 1 0 11.3 19.6 5.0 2.5 2 1 2 2 2
5734.1 -4337.3 -15.4 359 0 9.6 16.7 5.0 2.5 2 1 2 5 5
5705.2 -4337.9 -17.7 179 0 15.1 11.7 5.0 2.5 2 0 2 1 1
5739.2 -4352.5 -14.4 0 0 6.9 13.0 5.0 0.0 0 1 2 5 5
5739.2 -4360.9 -14.9 357 0 8.0 13.8 5.0 2.5 2 1 2 3 3
5743.4 -4369.3 -14.2 355 0 7.8 11.7 5.0 0.0 0 1 2 0 0
5709.4 -4367.0 -18.4 178 0 8.0 11.9 5.0 2.5 4 1 2 0 0
5715.0 -4379.5 -18.0 177 0 6.3 13.2 5.0 2.5 2 1 2 4 4
5713.7 -4395.2 -19.0 179 0 7.0 12.0 5.0 2.5 2 1 2 2 2
5747.0 -4382.1 -15.2 347 0 7.6 13.6 5.0 2.5 2 1 2 3 3
5750.7 -4393.6 -15.2 351 0 7.4 13.3 5.0 2.5 2 1 2 3 3
5727.7 -4409.1 -17.4 174 0 9.4 8.4 5.0 2.5 2 0 2 3 3
5752.6 -4405.2 -15.9 353 0 11.4 16.1 5.0 2.5 2 1 2 2 2
5758.0 -4420.7 -15.3 351 0 9.4 13.5 5.0 2.5 2 1 2 1 1
5762.8 -4442.9 -15.5 352 0 9.0 12.5 5.0 2.5 4 1 2 0 0
5764.9 -4454.2 -15.7 353 0 7.9 12.8 5.0 2.5 2 1 2 2 2
5765.7 -4463.8 -16.9 359 0 5.6 18.5 5.0 2.5 2 1 2 3 3
5754.6 -4472.7 -17.2 358 0 8.4 6.4 5.0 2.5 2 0 2 0 0
5788.6 -4513.5 -14.1 177 0 8.5 9.1 5.0 2.5 2 1 2 0 0
5794.8 -4539.9 -15.2 172 0 9.3 12.4 5.0 2.5 4 1 2 3 3
5797.8 -4552.0 -15.8 174 0 10.9 9.5 5.0 2.5 2 0 2 3 3
5798.3 -4562.6 -16.4 171 0 7.9 11.0 5.0 2.5 2 1 2 0 0
5802.1 -4577.3 -17.0 175 0 6.6 14.9 5.0 2.5 2 1 2 4 4
5805.9 -4588.4 -17.4 180 0 6.6 15.2 5.0 2.5 2 1 2 5 5
5806.9 -4599.4 -18.1 179 0 8.2 16.0 5.0 2.5 2 1 2 5 5
5779.8 -4516.4 -19.1 357 0 9.9 26.1 5.0 2.5 2 1 2 0 0
5782.8 -4530.4 -18.8 353 0 12.3 18.5 5.0 2.5 2 1 2 1 1
5784.8 -4545.4 -19.2 354 0 8.8 16.1 5.0 2.5 2 1 2 1 1
5789.6 -4558.1 -19.3 358 0 9.3 14.5 5.0 2.5 2 1 2 4 4
5791.2 -4577.7 -19.9 357 0 8.0 13.0 5.0 2.5 2 1 2 2 2
5799.7 -4599.0 -19.9 356 0 9.7 8.5 5.0 2.5 2 0 2 0 0
5803.1 -4625.5 -19.9 356 0 7.2 9.8 5.0 2.5 2 1 2 1 1
5804.7 -4635.1 -20.0 356 0 7.4 10.8 5.0 2.5 2 1 2 0 0
5807.2 -4644.6 -20.0 351 0 7.7 12.1 5.0 2.5 2 1 2 4 4
5809.7 -4612.1 -18.7 174 0 11.0 20.7 5.0 2.5 2 1 2 3 3
5809.5 -4626.5 -19.8 174 0 10.6 14.1 5.0 2.5 2 1 2 4 4
5841.3 -4630.1 -16.3 87 0 11.1 12.9 5.0 0.0 0 1 2 4 4
5839.6 -4636.1 -17.6 266 0 7.0 13.3 5.0 2.5 4 1 2 4 4
5828.7 -4638.5 -19.4 265 0 6.5 16.9 5.0 2.5 2 1 2 1 1
5814.5 -4645.1 -20.0 177 0 10.6 7.2 5.0 2.5 2 0 2 4 4
5821.9 -4671.0 -20.0 177 0 18.1 10.6 5.0 2.5 2 0 2 3 3
5830.7 -4695.7 -20.0 174 0 8.6 12.6 5.0 2.5 2 1 2 3 3
5822.9 -4721.1 -20.0 359 0 14.0 10.0 5.0 2.5 4 0 2 3 3
5756.9 -4361.9 -9.5 178 0 13.3 9.1 5.0 2.5 2 0 2 2 2
5762.3 -4392.1 -10.3 171 0 16.1 6.8 5.0 2.5 2 0 2 4 4
5768.2 -4414.9 -11.3 175 0 14.5 8.2 5.0 2.5 2 0 2 3 3
5770.4 -4430.7 -11.6 168 0 9.9 10.5 5.0 2.5 4 1 2 2 2
5774.2 -4448.8 -11.8 170 0 7.9 17.3 5.0 2.5 2 1 2 4 4
5777.4 -4457.2 -11.8 175 0 6.9 14.3 5.0 2.5 2 1 2 4 4
5776.2 -4469.1 -12.5 175 0 6.3 13.5 5.0 2.5 2 1 2 0 0
5808.4 -4464.2 -9.6 356 0 17.7 11.1 5.0 2.5 2 0 2 4 4
5810.1 -4488.0 -10.6 353 0 12.8 8.4 5.0 2.5 2 0 2 5 5
5783.0 -4176.3 0.2 358 0 32.1 12.1 5.0 2.5 2 0 2 0 0
5779.9 -4142.3 -1.2 360 0 27.2 11.8 5.0 2.5 2 0 2 1 1
5997.3 -3838.5 -7.5 211 0 16.2 6.3 2.5 2.5 2 0 1 5 5
6065.9 -3406.0 -15.6 90 0 9.5 7.0 5.0 2.5 2 0 2 1 1
6077.4 -3413.3 -14.9 258 0 7.8 4.9 2.5 0.0 0 0 1 2 2
6068.1 -3418.1 -15.7 263 0 8.9 6.5 2.5 2.5 2 0 1 5 5
6052.1 -3412.8 -16.8 261 0 14.6 6.9 2.5 0.0 0 0 1 0 0
6070.7 -3432.2 -15.8 83 0 14.4 6.5 2.5 2.5 2 0 1 1 1
6096.9 -3424.5 -13.5 355 0 7.0 11.5 2.5 0.0 0 1 1 1 1
6109.4 -3433.2 -10.7 174 0 12.9 7.2 2.5 2.5 2 0 1 1 1
6040.5 -3368.3 -16.9 89 0 9.1 8.4 2.5 2.5 2 0 1 4 4
6059.9 -3370.6 -15.9 270 0 15.3 8.5 5.0 2.5 2 0 2 0 0
6064.3 -3393.3 -15.6 86 0 9.6 7.3 5.0 2.5 2 0 2 1 1
6042.9 -3381.4 -17.2 269 0 18.0 5.8 5.0 0.0 0 0 2 0 0
6046.3 -3396.7 -16.9 90 0 11.3 8.1 5.0 2.5 2 0 2 3 3
6023.6 -3421.6 -18.4 173 0 7.5 15.5 2.5 0.0 0 1 1 3 3
6099.4 -3459.2 -13.6 359 0 6.6 13.1 2.5 0.0 0 1 1 5 5
6099.8 -3383.6 -11.6 169 0 8.7 18.7 2.5 2.5 2 1 1 4 4
6118.5 -3409.6 -9.5 180 0 7.5 14.1 2.5 2.5 2 1 1 3 3
6117.9 -3422.0 -9.6 176 0 11.4 13.3 2.5 2.5 2 1 1 2 2
6183.7 -3442.6 -5.1 347 0 16.8 30.8 2.5 2.5 2 1 1 0 0
6182.7 -3477.4 -4.3 347 0 10.8 25.1 2.5 0.0 0 1 1 1 1
6110.7 -3463.3 -10.7 180 0 5.8 13.0 2.5 2.5 4 1 1 2 2
6022.2 -3405.7 -18.3 173 0 8.1 17.8 5.0 2.5 2 1 2 5 5
6048.5 -3448.5 -17.4 79 0 10.7 8.0 2.5 2.5 2 0 1 2 2
6069.6 -3444.1 -16.0 85 0 13.2 8.5 2.5 2.5 2 0 1 5 5
6063.7 -3452.7 -16.1 178 0 7.2 12.4 2.5 2.5 4 1 1 3 3
6073.7 -3482.7 -15.7 90 0 7.3 16.2 2.5 2.5 2 1 1 0 0
6062.4 -3485.5 -16.8 85 0 6.9 18.1 2.5 2.5 2 1 1 5 5
6045.7 -3495.8 -18.2 271 0 7.3 9.0 2.5 2.5 2 1 1 1 1
6065.0 -3494.2 -17.2 268 0 16.6 13.1 2.5 2.5 2 0 1 2 2
6066.8 -3514.0 -17.1 273 0 13.0 6.0 2.5 2.5 2 0 1 5 5
6081.7 -3569.9 -16.6 6 0 6.2 14.2 2.5 2.5 2 1 1 4 4
6079.3 -3557.7 -17.4 6 0 6.8 18.9 2.5 0.0 0 1 1 5 5
6083.3 -3530.2 -16.4 1 0 7.2 15.9 2.5 2.5 2 1 1 1 1
6092.6 -3507.4 -14.3 1 0 7.4 8.8 2.5 0.0 0 1 1 3 3
6106.6 -3508.7 -13.1 1 0 6.6 13.1 2.5 2.5 2 1 1 0 0
6107.0 -3516.5 -13.2 359 0 6.4 13.9 2.5 2.5 2 1 1 4 4
6106.1 -3526.4 -13.0 359 0 7.7 11.3 2.5 0.0 0 1 1 1 1
6102.1 -3537.6 -14.4 5 0 6.7 17.7 2.5 2.5 2 1 1 5 5
6103.5 -3545.1 -14.2 4 0 6.8 17.3 2.5 2.5 2 1 1 1 1
6104.9 -3564.8 -14.4 0 0 8.0 14.7 2.5 2.5 2 1 1 2 2
6104.1 -3578.7 -14.6 3 0 6.0 10.4 2.5 2.5 4 1 1 1 1
6099.2 -3591.4 -15.7 10 0 7.5 14.8 2.5 2.5 2 1 1 0 0
6097.9 -3602.0 -15.8 3 0 10.3 11.0 2.5 0.0 0 1 1 0 0
6086.2 -3601.0 -16.5 3 0 12.0 7.1 2.5 2.5 2 0 1 1 1
6097.2 -3620.9 -16.2 20 0 7.8 15.2 2.5 2.5 2 1 1 2 2
6094.2 -3629.5 -16.5 21 0 6.2 15.6 2.5 2.5 2 1 1 4 4
6077.1 -3595.2 -17.2 2 0 8.0 12.5 2.5 2.5 2 1 1 5 5
6066.7 -3629.5 -18.3 111 0 11.0 7.6 2.5 2.5 2 0 1 4 4
6087.0 -3658.1 -18.1 16 0 7.1 22.2 2.5 2.5 4 1 1 2 2
6084.8 -3641.6 -15.4 109 0 12.6 7.0 2.5 2.5 2 0 1 3 3
6078.2 -3676.8 -16.1 29 0 7.0 11.3 2.5 2.5 2 1 1 0 0
6076.5 -3684.6 -16.9 29 0 5.1 15.0 2.5 2.5 2 1 1 3 3
6073.7 -3690.1 -17.7 29 0 5.6 16.2 2.5 2.5 2 1 1 5 5
6069.9 -3697.8 -17.2 29 0 7.3 12.9 2.5 2.5 2 1 1 2 2
6066.1 -3705.9 -17.2 29 0 6.9 11.7 2.5 2.5 2 1 1 5 5
6061.8 -3713.4 -17.1 29 0 6.6 9.4 2.5 0.0 0 1 1 3 3
6058.4 -3721.5 -17.9 29 0 6.4 11.2 2.5 2.5 2 1 1 2 2
6054.3 -3728.2 -18.1 29 0 6.4 9.9 2.5 2.5 2 1 1 4 4
6050.3 -3735.2 -18.1 29 0 6.7 9.7 2.5 2.5 2 1 1 4 4
6043.5 -3748.9 -16.7 29 0 7.1 8.6 2.5 0.0 0 1 1 3 3
6046.7 -3741.7 -18.1 29 0 6.4 9.8 2.5 2.5 2 1 1 3 3
6084.0 -3681.2 -9.3 204 0 12.7 8.2 2.5 2.5 2 0 1 0 0
6076.7 -3695.7 -8.5 206 0 13.9 7.9 2.5 2.5 2 0 1 4 4
6103.8 -3619.4 -9.8 194 0 10.3 9.5 2.5 2.5 2 0 1 0 0
6114.9 -3581.5 -11.0 187 0 10.4 10.6 2.5 2.5 4 1 1 3 3
6136.5 -3563.8 -7.5 185 0 15.6 8.6 2.5 2.5 2 0 1 5 5
6122.4 -3542.2 -9.9 180 0 9.7 17.6 2.5 0.0 0 1 1 2 2
6142.8 -3497.7 -7.5 267 0 11.3 37.2 2.5 2.5 2 1 1 4 4
6173.6 -3504.7 -3.2 356 0 21.7 9.2 2.5 2.5 2 0 1 2 2
6168.8 -3533.3 -4.9 20 0 26.7 11.3 2.5 2.5 2 0 1 0 0
6089.6 -3408.9 -13.7 270 0 12.2 7.3 2.5 2.5 2 0 1 0 0
6086.3 -3404.3 -14.2 88 0 15.1 7.3 5.0 2.5 2 0 2 1 1
6092.1 -3383.2 -14.6 358 0 9.7 18.3 5.0 2.5 2 1 2 5 5
6079.6 -3369.3 -14.7 269 0 19.7 8.4 5.0 2.5 2 0 2 4 4
6081.3 -3363.5 -14.1 89 0 8.8 16.0 2.5 2.5 2 1 1 4 4
6070.2 -3364.7 -14.8 88 0 8.6 11.0 2.5 2.5 4 1 1 0 0
6058.8 -3366.6 -15.7 87 0 11.4 6.9 2.5 2.5 2 0 1 5 5
6056.2 -3356.4 -15.9 81 0 15.1 7.4 2.5 2.5 4 0 1 2 2
6030.6 -3368.3 -17.5 85 0 7.5 7.5 2.5 2.5 4 0 1 4 4
6007.8 -3340.9 -18.4 175 0 8.1 11.2 2.5 2.5 2 1 1 0 0
6044.9 -3329.0 -16.5 255 0 21.6 8.7 2.5 2.5 2 0 1 1 1
6066.9 -3336.7 -14.7 262 0 7.2 10.2 2.5 2.5 2 1 1 3 3
6080.3 -3340.5 -14.1 353 0 10.7 8.2 2.5 2.5 2 0 1 4 4
6071.6 -3324.4 -14.6 264 0 18.2 8.7 2.5 2.5 2 0 1 5 5
6072.0 -3315.2 -16.0 86 0 6.7 9.3 2.5 2.5 2 1 1 3 3
6069.2 -3297.4 -16.6 261 0 9.3 6.9 2.5 2.5 2 0 1 2 2
6043.8 -3301.3 -16.9 260 0 10.6 7.6 2.5 2.5 2 0 1 1 1
6027.4 -3303.9 -17.0 260 0 10.1 9.7 2.5 2.5 2 0 1 4 4
6042.9 -3294.8 -18.1 80 0 13.1 8.7 2.5 2.5 2 0 1 3 3
6065.8 -3289.7 -17.9 78 0 11.7 8.4 2.5 2.5 4 0 1 5 5
6058.3 -3267.8 -19.0 255 0 12.7 9.6 2.5 2.5 2 0 1 3 3
6405.2 -562.0 -14.7 356 0 8.4 7.0 2.5 2.5 2 0 1 0 0
6377.6 -394.0 -15.4 338 0 6.1 12.9 2.5 2.5 2 1 1 3 3
6345.5 -356.3 -16.4 158 0 9.0 7.5 2.5 2.5 2 0 1 2 2
6355.7 -331.9 -11.2 338 0 11.1 5.5 2.5 2.5 2 0 1 3 3
6320.2 -292.0 -16.7 158 0 8.9 11.9 2.5 2.5 2 1 1 2 2
6352.9 -275.8 -3.6 158 0 6.9 12.1 5.0 2.5 2 1 2 2 2
6344.4 -250.6 3.2 158 0 6.9 10.4 5.0 2.5 2 1 2 5 5
6342.2 -235.1 6.1 243 0 8.5 5.7 5.0 2.5 2 0 2 0 0
6308.2 -255.1 -13.6 157 0 8.2 10.6 2.5 2.5 2 1 1 1 1
6302.1 -240.9 -15.1 159 0 8.8 7.0 2.5 0.0 0 0 1 2 2
5745.2 -5426.4 -17.9 182 0 11.1 6.6 5.0 0.0 0 0 2 3 3
5826.3 -5373.4 10.7 277 0 10.6 11.7 5.0 2.5 2 1 2 5 5
5806.5 -5406.2 6.0 2 0 14.0 10.3 5.0 2.5 2 0 2 3 3
5819.2 -5447.8 7.3 1 0 7.2 10.3 5.0 2.5 4 1 2 2 2
5783.1 -5466.3 -3.1 180 0 6.6 9.6 5.0 2.5 2 1 2 5 5
5770.2 -5462.4 -8.6 180 0 7.0 9.0 5.0 2.5 2 1 2 3 3
5767.7 -5471.7 -9.7 181 0 7.2 10.6 5.0 2.5 2 1 2 4 4
5766.0 -5480.8 -10.6 185 0 6.9 10.3 5.0 2.5 2 1 2 0 0
5801.9 -5488.7 0.5 2 0 7.5 10.1 5.0 2.5 2 1 2 3 3
5819.4 -5506.1 7.7 6 0 7.5 10.8 5.0 2.5 2 1 2 0 0
5814.4 -5519.9 5.5 5 0 7.2 11.0 5.0 2.5 2 1 2 2 2
5393.6 -6040.3 -8.7 47 0 9.3 7.1 2.5 2.5 4 0 1 2 2
5387.0 -6046.6 -9.0 47 0 8.9 7.1 7.5 2.5 2 0 3 2 2
5374.6 -6053.3 -9.0 137 0 7.1 9.1 7.5 2.5 4 0 3 0 0
4424.5 -3928.0 -4.6 162 0 9.8 7.0 5.0 2.5 2 0 2 3 3
