-49.0 -3209.9 -600.5 356 0 9.9 13.0 5.0 2.5 2 1 2 2 2
-12.0 -3097.5 410.8 86 0 8.5 7.8 2.5 2.5 2 0 1 3 3
-27.1 -3101.8 409.7 86 0 6.8 17.5 2.5 2.5 2 1 1 4 4
-65.5 -3316.7 -600.6 176 0 8.7 8.5 5.0 2.5 2 0 2 3 3
-56.9 -3339.7 -600.6 176 0 8.5 8.7 5.0 0.0 0 1 2 0 0
-36.6 -3305.6 -600.6 356 0 19.4 6.9 5.0 2.5 2 0 2 1 1
-39.0 -3279.3 -600.6 356 0 12.7 8.7 5.0 2.5 2 0 2 1 1
-48.7 -3256.4 -600.6 356 0 11.6 7.3 5.0 2.5 2 0 2 0 0
-66.2 -3241.5 -600.6 176 0 11.7 10.0 5.0 2.5 2 0 2 2 2
-57.4 -3104.8 407.2 86 0 14.7 9.0 2.5 2.5 2 0 1 0 0
-53.0 -3118.1 -600.5 266 0 7.2 10.4 5.0 2.5 2 1 2 4 4
-60.8 -3121.9 -600.5 266 0 6.9 12.8 5.0 2.5 2 1 2 4 4
-46.1 -3147.0 -600.5 356 0 8.6 10.4 5.0 2.5 2 1 2 1 1
-44.6 -3167.4 -600.5 356 0 12.3 18.7 5.0 2.5 2 1 2 4 4
-42.4 -3187.5 -600.5 356 0 10.0 16.1 5.0 2.5 2 1 2 1 1
-32.6 -3123.7 -600.5 176 0 8.6 13.8 5.0 2.5 2 1 2 0 0
-32.5 -3146.5 -600.5 176 0 8.6 18.8 5.0 0.0 0 1 2 0 0
-29.1 -3166.5 -600.5 176 0 8.8 12.6 5.0 2.5 2 1 2 5 5
-24.0 -3185.8 -600.5 177 0 10.6 10.5 5.0 0.0 0 0 2 5 5
-24.2 -3208.7 -600.5 181 0 8.9 9.4 5.0 2.5 4 1 2 0 0
-17.6 -3324.7 -600.6 182 0 10.0 10.7 5.0 2.5 2 1 2 1 1
22.6 -3325.4 -600.6 357 0 12.3 10.6 5.0 2.5 2 0 2 0 0
23.4 -3247.0 -600.6 359 0 27.3 12.3 5.0 2.5 2 0 2 0 0
26.4 -3300.8 -600.6 359 0 22.8 10.7 5.0 2.5 2 0 2 2 2
6889.8 -6494.5 592.7 270 0 23.7 13.4 2.5 2.5 2 0 1 0 0
6821.0 -6171.3 582.8 67 0 9.1 21.0 7.5 2.5 2 1 3 4 4
6794.8 -6138.7 582.8 159 0 11.5 15.0 10.0 2.5 2 1 4 1 1
6828.4 -6103.9 583.0 244 0 9.5 13.6 7.5 2.5 2 1 3 2 2
6844.4 -6122.8 582.8 330 0 10.3 15.3 7.5 2.5 2 1 3 5 5
6860.6 -6148.5 582.9 339 0 9.8 16.5 7.5 0.0 0 1 3 3 3
6871.0 -6216.2 583.4 157 0 7.4 9.0 5.0 2.5 2 1 2 1 1
6910.2 -6434.6 586.8 281 0 13.0 9.0 2.5 2.5 2 0 1 4 4
6911.4 -6414.1 585.8 101 0 14.8 10.6 2.5 2.5 2 0 1 1 1
6910.1 -6384.5 585.5 191 0 9.4 19.3 2.5 2.5 2 1 1 5 5
6912.3 -6285.0 584.8 11 0 8.0 11.1 2.5 2.5 2 1 1 4 4
6910.0 -6311.3 585.1 11 0 7.4 14.2 5.0 2.5 2 1 2 4 4
6905.7 -6334.5 584.9 11 0 8.1 14.4 5.0 2.5 2 1 2 3 3
6902.6 -6358.0 584.9 11 0 6.6 17.4 5.0 2.5 2 1 2 1 1
6891.2 -6374.4 585.3 281 0 15.6 8.3 5.0 2.5 2 0 2 3 3
6894.4 -6392.4 585.6 11 0 8.5 6.2 5.0 2.5 2 0 2 3 3
6892.6 -6406.4 586.3 11 0 7.6 8.3 5.0 2.5 2 1 2 1 1
6870.5 -6341.2 584.5 7 0 12.9 10.7 2.5 2.5 2 0 1 0 0
6861.5 -6400.5 587.2 8 0 16.9 9.3 2.5 2.5 2 0 1 0 0
6857.3 -6427.0 588.6 276 0 11.8 28.5 2.5 2.5 2 1 1 5 5
