3055.8 3734.5 -6.7 24 0 8.5 15.6 2.5 2.5 2 1 1 4 4
3057.5 3888.2 -9.6 99 0 12.0 9.1 2.5 2.5 2 0 1 4 4
3071.4 3885.4 -8.9 102 0 7.7 14.5 2.5 2.5 2 1 1 3 3
3090.2 3881.4 -8.5 102 0 8.5 26.4 2.5 0.0 0 1 1 1 1
3110.9 3888.5 -8.3 196 0 18.9 13.1 2.5 2.5 2 0 1 4 4
3158.8 3870.6 -5.7 106 0 7.1 19.9 2.5 2.5 2 1 1 5 5
3177.0 3864.0 -4.5 106 0 8.2 17.7 2.5 2.5 2 1 1 5 5
3198.5 3859.3 -3.1 103 0 7.0 11.8 2.5 2.5 2 1 1 1 1
3242.0 3856.2 -1.1 8 0 7.8 15.2 5.0 2.5 2 1 2 5 5
3146.9 3708.7 6.5 210 0 25.4 12.6 2.5 2.5 2 0 1 2 2
3129.6 3719.4 1.0 25 0 8.9 16.0 5.0 2.5 2 1 2 3 3
3103.2 3761.3 -3.9 25 0 16.3 10.0 2.5 2.5 2 0 1 5 5
3085.7 3718.9 -3.4 25 0 7.2 17.0 2.5 0.0 0 1 1 5 5
3088.0 3867.5 -8.6 295 0 13.5 10.5 5.0 2.5 2 0 2 2 2
3112.8 3854.4 -7.6 25 0 9.5 16.4 5.0 0.0 0 1 2 3 3
3103.1 3840.5 -7.2 25 0 8.6 9.0 5.0 2.5 4 1 2 4 4
3098.3 3821.4 -6.9 25 0 8.9 10.3 5.0 2.5 2 1 2 3 3
3067.0 3855.4 -9.0 205 0 6.2 9.6 5.0 2.5 2 1 2 0 0
3066.3 3839.5 -9.2 205 0 11.8 7.8 5.0 2.5 2 0 2 1 1
3086.0 3828.3 -7.9 25 0 12.4 6.9 5.0 2.5 2 0 2 1 1
3089.4 3804.2 -7.8 25 0 8.0 19.2 5.0 2.5 2 1 2 0 0
3058.7 3821.3 -9.3 205 0 15.2 9.2 5.0 2.5 2 0 2 2 2
3082.7 3785.1 -7.6 25 0 7.6 20.5 5.0 2.5 2 1 2 0 0
3053.4 3794.1 -8.9 115 0 5.9 11.1 5.0 2.5 4 1 2 4 4
3041.2 3795.9 -10.0 115 0 6.5 13.0 5.0 2.5 2 1 2 4 4
3056.7 3766.1 -6.5 295 0 6.0 11.9 2.5 2.5 2 1 1 1 1
3045.8 3774.6 -8.0 295 0 6.0 11.5 2.5 2.5 2 1 1 4 4
3032.2 3774.2 -8.7 205 0 6.1 8.0 2.5 2.5 2 1 1 1 1
3045.4 3861.7 -10.1 25 0 7.9 8.2 2.5 2.5 2 1 1 0 0
3040.4 3844.5 -10.0 25 0 7.3 9.4 2.5 2.5 2 1 1 0 0
3032.2 3826.8 -10.3 25 0 7.5 9.3 2.5 2.5 2 1 1 5 5
3014.8 3835.9 -9.6 205 0 11.8 8.2 2.5 2.5 2 0 1 5 5
3027.0 3806.8 -10.2 25 0 5.3 10.8 2.5 2.5 2 1 1 0 0
3006.5 3815.1 -8.4 205 0 8.5 9.2 2.5 2.5 2 1 1 1 1
3012.2 3773.9 -8.1 25 0 5.5 8.7 2.5 2.5 2 1 1 0 0
2998.1 3783.7 -6.7 205 0 13.1 6.7 2.5 2.5 2 0 1 0 0
3006.3 3758.7 -7.1 25 0 6.0 9.2 2.5 2.5 2 1 1 2 2
2989.3 3768.8 -5.2 205 0 7.9 8.6 2.5 2.5 2 1 1 0 0
