-5861.8 -1144.1 -11.3 175 0 8.4 21.1 2.5 2.5 2 1 1 0 0
-5815.6 -1133.7 -12.7 173 0 6.6 9.1 5.0 2.5 2 1 2 0 0
-5813.1 -1148.4 -11.7 167 0 8.9 11.3 5.0 2.5 2 1 2 5 5
-5810.9 -1163.4 -10.5 171 0 7.7 9.5 5.0 2.5 2 1 2 3 3
-5754.9 -1230.1 -7.6 98 0 7.5 14.8 5.0 2.5 2 1 2 1 1
-5771.6 -1215.3 -7.9 95 0 9.2 7.9 5.0 2.5 2 0 2 3 3
-5803.9 -1219.7 -7.8 186 0 8.0 10.4 5.0 0.0 0 1 2 1 1
-5801.7 -1244.3 -6.9 278 0 7.2 10.2 2.5 2.5 2 1 1 0 0
-5779.3 -1246.1 -7.0 280 0 9.4 10.0 2.5 2.5 2 1 1 2 2
-5760.5 -1247.5 -7.0 278 0 10.5 9.8 2.5 2.5 2 0 1 3 3
-5638.3 -1251.0 -6.6 89 0 8.2 12.4 2.5 2.5 2 1 1 2 2
-5642.1 -1270.2 -5.1 274 0 8.7 10.2 2.5 0.0 0 1 1 1 1
-5663.5 -1265.3 -5.2 277 0 7.5 14.1 2.5 2.5 2 1 1 3 3
-5697.1 -1259.3 -6.0 280 0 8.0 11.5 2.5 2.5 2 1 1 2 2
-5705.8 -1243.5 -6.6 94 0 17.8 12.1 2.5 2.5 2 0 1 2 2
-5703.1 -1210.7 -7.9 186 0 34.5 12.3 2.5 2.5 2 0 1 3 3
-5695.7 -1167.6 -9.6 183 0 16.6 9.0 2.5 2.5 2 0 1 2 2
-5712.5 -1055.7 -15.6 175 0 8.7 12.7 2.5 2.5 2 1 1 3 3
-5709.6 -1090.6 -13.6 180 0 7.6 13.5 2.5 2.5 2 1 1 2 2
-5682.1 -1076.3 -14.7 167 0 7.2 9.1 2.5 2.5 2 1 1 0 0
-5667.1 -1098.8 -13.3 349 0 7.6 8.2 2.5 2.5 2 1 1 3 3
-5681.2 -1119.4 -12.1 180 0 6.7 8.0 2.5 2.5 2 1 1 0 0
-5660.0 -1124.1 -12.0 345 0 12.5 9.7 2.5 2.5 2 0 1 5 5
-5635.4 -1121.1 -12.4 349 0 12.6 8.2 2.5 2.5 2 0 1 4 4
-5639.5 -1091.8 -13.8 344 0 7.5 11.5 2.5 2.5 2 1 1 0 0
-5649.5 -1062.6 -14.9 347 0 6.7 9.0 2.5 2.5 2 1 1 2 2
-5664.5 -1005.0 -17.5 355 0 13.2 9.4 2.5 2.5 2 0 1 1 1
-5691.0 -1019.9 -16.8 257 0 9.0 7.2 2.5 2.5 2 0 1 5 5
-5714.1 -1034.6 -16.8 172 0 15.1 8.3 2.5 2.5 2 0 1 0 0
-5790.7 -1039.5 -16.4 78 0 7.7 10.3 2.5 2.5 2 1 1 5 5
-5828.8 -1043.2 -16.2 163 0 7.9 11.6 2.5 2.5 2 1 1 0 0
-5821.3 -1060.4 -15.5 253 0 11.3 7.5 5.0 2.5 2 0 2 0 0
-5821.4 -1089.7 -14.8 163 0 8.1 11.0 5.0 2.5 2 1 2 1 1
-5761.3 -1066.1 -14.7 252 0 10.9 25.5 5.0 2.5 2 1 2 1 1
-5748.5 -1030.6 -17.3 81 0 7.9 15.5 2.5 2.5 2 1 1 0 0
-5780.0 -928.6 -20.8 252 0 11.6 19.6 2.5 2.5 2 1 1 4 4
-5844.0 -1011.3 -17.3 89 0 7.5 13.2 2.5 2.5 2 1 1 1 1
-5868.4 -1010.8 -17.0 89 0 7.3 10.9 2.5 2.5 2 1 1 1 1
-5876.8 -1033.6 -15.8 269 0 8.7 8.5 2.5 2.5 2 0 1 1 1
-5846.8 -1048.5 -15.7 359 0 8.2 12.0 2.5 2.5 2 1 1 3 3
-5844.3 -1063.9 -15.2 359 0 8.5 18.9 2.5 2.5 2 1 1 5 5
-5841.9 -1077.9 -14.7 359 0 8.7 21.8 2.5 2.5 2 1 1 0 0
-5839.8 -1092.8 -14.2 359 0 8.2 10.9 2.5 2.5 2 1 1 4 4
-5839.1 -1107.3 -13.4 359 0 7.4 13.1 2.5 2.5 2 1 1 1 1
-5829.8 -1191.6 -8.8 359 0 9.5 16.1 2.5 2.5 2 1 1 3 3
-5829.5 -1220.4 -7.2 0 0 8.3 7.4 2.5 2.5 2 0 1 5 5
-5842.0 -1241.4 -6.4 185 0 8.4 9.5 2.5 2.5 2 1 1 2 2
-5836.2 -1268.0 -5.7 91 0 10.4 11.9 2.5 2.5 2 1 1 2 2
1186.8 -114.8 -2.7 347 0 7.4 13.1 2.5 2.5 2 1 1 1 1
1214.0 -129.8 -0.9 343 0 8.3 16.3 2.5 2.5 2 1 1 4 4
1226.5 -169.2 2.2 346 0 7.9 6.9 2.5 2.5 2 0 1 4 4
1294.9 -413.1 6.7 14 0 11.5 10.1 2.5 2.5 4 0 1 5 5
1187.2 -423.8 3.7 173 0 14.4 9.9 2.5 2.5 2 0 1 5 5
1166.9 -345.1 0.7 160 0 12.3 34.0 2.5 2.5 2 1 1 0 0
1193.0 -310.1 -0.2 345 0 33.9 10.6 2.5 2.5 2 0 1 1 1
1216.7 -287.1 2.3 344 0 11.4 12.8 2.5 2.5 2 1 1 2 2
1225.3 -261.8 4.1 69 0 12.7 11.6 2.5 2.5 4 0 1 0 0
1237.8 -207.8 3.3 355 0 8.4 9.4 2.5 2.5 2 1 1 4 4
1240.6 -228.3 4.5 358 0 8.7 8.6 2.5 2.5 4 0 1 0 0
1221.4 -232.6 2.2 340 0 9.3 14.3 2.5 2.5 2 1 1 2 2
1180.9 -228.7 -0.5 163 0 9.2 11.2 2.5 2.5 2 1 1 4 4
1195.9 -241.9 -0.2 344 0 8.7 14.7 2.5 0.0 0 1 1 5 5
1199.7 -263.5 1.1 346 0 5.5 14.3 2.5 2.5 2 1 1 3 3
1157.0 -276.4 -1.7 165 0 7.9 10.1 2.5 2.5 2 1 1 3 3
1152.3 -256.0 -2.8 163 0 8.6 17.5 2.5 0.0 0 1 1 5 5
1144.5 -237.3 -3.3 163 0 7.2 20.6 2.5 0.0 0 1 1 1 1
1140.7 -217.4 -3.7 161 0 10.8 14.7 2.5 2.5 2 1 1 0 0
1135.0 -197.4 -4.2 162 0 15.2 9.4 2.5 2.5 2 0 1 4 4
1128.1 -178.5 -4.7 159 0 11.0 9.5 2.5 2.5 2 0 1 5 5
1123.4 -160.4 -5.0 167 0 13.6 15.2 2.5 2.5 2 1 1 5 5
1135.7 -122.2 -4.0 178 0 12.1 25.4 2.5 2.5 2 1 1 1 1
1122.9 -88.7 -6.1 221 0 7.7 16.7 2.5 2.5 2 1 1 0 0
1136.4 -74.2 -6.6 223 0 8.8 13.2 2.5 2.5 2 1 1 5 5
1179.6 -84.7 -5.0 36 0 7.0 7.3 2.5 2.5 2 1 1 2 2
1148.7 -60.4 -7.1 221 0 7.4 9.4 2.5 2.5 2 1 1 5 5
1162.9 -44.5 -7.7 223 0 6.7 8.2 2.5 2.5 2 1 1 4 4
1200.3 -55.6 -6.4 47 0 9.0 8.9 2.5 2.5 2 0 1 0 0
1176.8 -29.9 -8.2 227 0 11.4 9.2 2.5 2.5 2 0 1 4 4
1211.8 0.9 -8.6 225 0 5.0 11.7 2.5 0.0 0 1 1 0 0
1225.9 10.8 -8.0 225 0 9.8 10.4 2.5 2.5 4 1 1 2 2
1236.9 23.6 -7.1 224 0 9.8 13.2 2.5 2.5 2 1 1 4 4
1282.8 54.1 -5.0 223 0 8.3 11.8 2.5 2.5 2 1 1 3 3
1323.0 74.4 -7.8 244 0 14.7 9.3 2.5 2.5 2 0 1 5 5
1131.7 57.3 -2.1 221 0 7.7 10.0 5.0 2.5 4 1 2 2 2
1128.9 23.5 -3.3 226 0 7.7 9.2 5.0 2.5 2 1 2 0 0
1152.3 44.1 -4.5 222 0 15.8 9.0 5.0 2.5 4 0 2 4 4
1188.6 107.6 -2.7 221 0 7.3 8.5 5.0 2.5 2 1 2 5 5
1213.0 102.8 -3.9 228 0 7.4 10.6 5.0 2.5 2 1 2 2 2
1225.5 126.2 -3.4 225 0 8.4 11.2 5.0 2.5 2 1 2 0 0
1262.4 82.9 -5.5 46 0 8.0 14.0 5.0 2.5 2 1 2 3 3
1243.4 66.1 -3.9 47 0 6.9 15.0 5.0 2.5 2 1 2 3 3
1223.6 47.0 -4.5 49 0 6.4 15.5 5.0 2.5 2 1 2 0 0
1208.4 36.3 -6.0 48 0 9.9 8.3 5.0 2.5 2 0 2 3 3
1195.3 20.0 -7.9 42 0 8.1 11.7 5.0 0.0 0 1 2 2 2
1178.8 8.5 -7.4 44 0 6.8 14.2 5.0 2.5 2 1 2 5 5
1163.4 -8.5 -7.0 48 0 12.9 15.4 5.0 2.5 2 1 2 3 3
1145.1 -24.4 -6.2 45 0 10.0 7.7 5.0 0.0 0 0 2 5 5
1129.9 -36.5 -5.5 44 0 10.0 8.0 5.0 2.5 2 0 2 1 1
1114.2 -51.4 -4.9 47 0 6.6 11.7 5.0 2.5 2 1 2 3 3
1102.2 -62.2 -4.4 32 0 12.5 9.0 5.0 2.5 2 0 2 1 1
1090.6 -79.5 -4.3 33 0 10.9 10.0 5.0 2.5 2 0 2 5 5
1070.0 -94.0 -3.2 211 0 20.6 9.4 5.0 2.5 4 0 2 4 4
1083.9 -142.8 -3.5 0 0 8.9 11.4 5.0 2.5 2 1 2 5 5
1049.2 -239.2 -0.1 254 0 7.6 11.8 5.0 0.0 0 1 2 2 2
1015.2 -275.4 3.0 171 0 8.8 12.5 5.0 2.5 2 1 2 4 4
1040.9 -268.0 0.6 262 0 12.2 8.6 5.0 2.5 2 0 2 4 4
1067.3 -264.0 -2.7 261 0 14.1 11.1 5.0 2.5 2 0 2 3 3
1103.2 -268.4 -6.1 346 0 15.6 14.5 5.0 2.5 2 0 2 3 3
1107.9 -297.8 -4.4 344 0 12.6 12.2 5.0 2.5 2 0 2 3 3
1058.9 -341.5 1.8 164 0 11.2 11.6 5.0 2.5 2 1 2 5 5
1101.4 -330.1 0.3 344 0 11.1 28.4 5.0 2.5 4 1 2 4 4
1116.2 -336.0 0.6 344 0 15.2 10.3 5.0 2.5 2 0 2 2 2
1124.0 -355.3 2.8 344 0 21.5 13.0 5.0 2.5 2 0 2 2 2
1128.7 -377.8 4.5 344 0 18.5 12.8 5.0 2.5 2 0 2 1 1
1146.4 -405.5 4.1 344 0 13.8 7.6 5.0 2.5 2 0 2 0 0
1134.4 -408.6 4.4 344 0 10.6 18.4 5.0 2.5 2 1 2 2 2
1102.2 -419.2 4.8 164 0 11.5 10.1 5.0 0.0 0 0 2 3 3
1160.0 -446.2 4.1 333 0 9.7 8.2 5.0 0.0 0 0 2 1 1
1160.9 -508.5 3.0 153 0 7.4 8.8 5.0 2.5 2 1 2 3 3
1187.1 -495.9 2.4 333 0 8.1 17.9 5.0 2.5 2 1 2 4 4
1228.6 -490.9 1.4 156 0 7.7 14.4 2.5 2.5 2 1 1 4 4
1368.8 -928.4 11.6 300 0 7.4 8.9 2.5 0.0 0 1 1 5 5
1355.2 -941.7 11.9 210 0 8.9 8.8 2.5 0.0 0 0 1 3 3
1348.9 -954.3 11.9 210 0 9.7 16.4 2.5 2.5 2 1 1 2 2
1342.5 -969.3 11.3 210 0 7.9 8.5 2.5 2.5 2 1 1 0 0
1327.9 -1000.0 11.2 210 0 9.9 8.8 2.5 2.5 2 0 1 3 3
1347.0 -1051.4 13.9 30 0 10.3 13.9 2.5 2.5 2 1 1 2 2
1354.1 -1036.0 14.1 30 0 8.5 10.5 2.5 2.5 4 1 1 1 1
1359.7 -1020.7 13.5 30 0 8.6 10.6 2.5 2.5 2 1 1 3 3
1375.5 -986.7 11.9 30 0 10.6 16.8 2.5 0.0 0 1 1 1 1
1382.0 -971.7 12.1 30 0 7.6 8.1 2.5 2.5 2 1 1 2 2
1388.9 -957.9 12.4 30 0 9.2 11.8 2.5 2.5 2 1 1 2 2
1395.9 -943.8 12.4 30 0 7.2 8.3 2.5 2.5 2 1 1 2 2
1416.3 -952.9 13.3 210 0 9.2 14.1 2.5 2.5 2 1 1 2 2
1408.6 -966.8 13.1 210 0 10.1 13.5 2.5 2.5 2 1 1 4 4
1407.5 -983.1 13.2 210 0 8.6 11.0 2.5 2.5 2 1 1 5 5
1413.6 -1004.6 13.1 30 0 8.7 14.0 2.5 0.0 0 1 1 2 2
1403.7 -1015.7 12.9 30 0 6.8 11.7 2.5 2.5 2 1 1 4 4
1381.0 -1029.1 13.3 210 0 11.0 12.3 2.5 2.5 2 1 1 0 0
1374.0 -1044.1 14.7 213 0 7.8 7.9 2.5 2.5 2 1 1 4 4
1365.9 -1063.0 16.5 212 0 7.7 6.8 2.5 2.5 4 0 1 1 1
1358.4 -1083.9 17.9 122 0 6.8 7.8 2.5 2.5 2 1 1 0 0
