-3611.1 -3436.3 0.1 256 0 8.2 13.2 2.5 2.5 2 1 1 4 4
-3623.9 -3451.4 0.3 261 0 10.7 18.1 7.5 2.5 2 1 3 5 5
-3625.2 -3514.7 -0.6 352 0 11.3 13.4 2.5 2.5 2 1 1 1 1
-3655.7 -3508.5 0.6 172 0 11.1 12.9 7.5 2.5 2 1 3 1 1
-3639.7 -3551.8 -1.5 171 0 17.9 10.5 7.5 2.5 2 0 3 3 3
-3620.5 -3582.4 -3.3 168 0 8.2 10.1 5.0 2.5 2 1 2 3 3
-3574.9 -3574.0 -3.9 347 0 8.6 18.8 2.5 2.5 2 1 1 2 2
-3576.9 -3596.8 -3.6 348 0 7.8 12.2 5.0 2.5 2 1 2 5 5
-3571.7 -3620.4 -4.7 352 0 7.8 12.8 5.0 2.5 2 1 2 5 5
-3616.3 -3649.6 -4.2 176 0 11.2 14.9 7.5 2.5 2 1 3 4 4
-3565.6 -3664.0 -4.0 356 0 15.3 10.9 10.0 2.5 2 0 4 1 1
-3600.5 -3698.5 -4.1 173 0 15.8 6.0 7.5 2.5 2 0 3 5 5
-3593.4 -3721.0 -3.2 83 0 11.6 8.3 2.5 2.5 2 0 1 2 2
