-3712.0 6508.4 -9.5 261 0 10.5 12.8 2.5 2.5 2 1 1 0 0
-179.7 6944.6 -10.5 258 0 6.5 8.5 5.0 2.5 2 1 2 1 1
-208.8 6949.6 -9.6 83 0 12.5 18.3 2.5 0.0 0 1 1 2 2
-241.4 6950.4 -9.0 80 0 7.7 15.7 7.5 2.5 2 1 3 5 5
-230.3 6890.4 -10.9 83 0 11.9 16.4 5.0 2.5 2 1 2 2 2
-197.2 6896.6 -11.6 80 0 14.3 13.0 2.5 2.5 2 0 1 5 5
-769.1 6948.0 -11.3 188 0 15.2 8.9 2.5 2.5 2 0 1 3 3
-763.5 6929.0 -11.2 11 0 14.7 8.7 2.5 2.5 2 0 1 0 0
-535.3 6909.3 -10.7 185 0 8.8 9.3 2.5 2.5 2 1 1 5 5
-560.6 6919.4 -11.1 17 0 8.6 14.2 5.0 2.5 2 1 2 1 1
-569.8 6894.5 -11.4 14 0 9.4 14.3 5.0 0.0 0 1 2 2 2
-587.3 6896.5 -11.2 14 0 7.8 8.2 5.0 2.5 2 1 2 5 5
-591.2 6875.0 -11.8 6 0 6.6 6.5 5.0 0.0 0 0 2 4 4
-594.1 6887.6 -11.3 1 0 7.9 10.1 5.0 2.5 4 1 2 5 5
-607.0 6941.9 -10.7 286 0 13.4 10.8 5.0 2.5 2 0 2 1 1
-617.9 6914.0 -10.8 201 0 6.8 7.2 5.0 2.5 2 1 2 3 3
-624.2 6895.8 -11.0 198 0 10.8 8.7 5.0 2.5 2 0 2 0 0
-566.2 6745.0 -13.3 98 0 6.7 6.3 7.5 2.5 2 0 3 4 4
-622.3 6779.8 -13.2 18 0 8.3 10.1 5.0 2.5 2 1 2 1 1
-697.0 6818.8 -15.2 108 0 7.9 6.9 5.0 2.5 2 0 2 5 5
-667.4 6798.9 -14.0 106 0 6.6 9.0 5.0 2.5 2 1 2 1 1
-970.4 6950.2 -12.6 84 0 7.5 11.2 5.0 2.5 2 1 2 2 2
-1028.5 6946.5 -12.2 264 0 6.8 13.7 5.0 2.5 2 1 2 1 1
-1038.3 6946.3 -11.8 264 0 6.6 10.9 5.0 2.5 2 1 2 0 0
-1048.4 6944.8 -11.3 264 0 6.9 14.1 5.0 2.5 2 1 2 0 0
-1111.2 6950.0 -9.2 84 0 6.1 11.7 5.0 2.5 4 1 2 1 1
-1632.4 6879.3 -9.9 233 0 7.8 9.1 5.0 2.5 2 1 2 2 2
-1653.6 6861.3 -11.9 233 0 7.6 8.0 5.0 2.5 2 1 2 4 4
-1691.1 6829.0 -15.1 228 0 7.8 11.8 5.0 2.5 2 1 2 5 5
-1693.7 6796.8 -17.2 55 0 6.5 8.2 5.0 2.5 2 1 2 4 4
-1702.9 6788.2 -17.3 53 0 8.0 9.2 5.0 2.5 2 1 2 2 2
-2048.3 6812.4 -20.9 176 0 14.3 11.6 5.0 2.5 2 0 2 3 3
-2116.2 6944.8 -3.5 268 0 11.8 29.2 2.5 2.5 2 1 1 0 0
-2041.3 6915.2 -5.1 359 0 11.1 28.7 2.5 2.5 2 1 1 3 3
-2088.8 6909.5 -4.6 89 0 28.9 11.4 2.5 2.5 2 0 1 5 5
-2095.2 6844.8 -13.1 93 0 5.7 6.6 5.0 0.0 0 1 2 2 2
-2108.9 6843.2 -13.3 92 0 5.7 7.9 5.0 2.5 2 1 2 5 5
-2138.8 6850.1 -12.2 177 0 8.5 7.8 5.0 2.5 2 0 2 3 3
-2181.9 6896.5 -3.7 84 0 8.0 12.0 2.5 2.5 2 1 1 2 2
-2201.0 6892.5 -3.8 91 0 9.1 14.3 2.5 2.5 2 1 1 4 4
-2211.1 6895.1 -3.3 89 0 6.3 12.4 2.5 2.5 2 1 1 4 4
-2301.1 6942.0 1.0 269 0 15.2 12.1 5.0 2.5 2 0 2 3 3
-2464.6 6878.2 -5.8 353 0 10.4 8.2 2.5 2.5 2 0 1 3 3
-2485.7 6874.3 -5.9 78 0 9.1 11.1 2.5 2.5 2 1 1 0 0
-2501.2 6871.4 -6.6 77 0 7.2 15.8 2.5 2.5 2 1 1 4 4
-2521.3 6866.6 -6.8 77 0 7.6 11.6 2.5 2.5 2 1 1 0 0
-2547.2 6904.3 -1.6 268 0 8.4 7.9 2.5 2.5 2 0 1 3 3
-2538.5 6862.5 -6.9 76 0 6.9 10.8 2.5 2.5 2 1 1 5 5
-2608.9 6875.2 -6.5 174 0 9.3 13.4 2.5 2.5 2 1 1 2 2
-2603.6 6860.5 -8.6 166 0 5.5 7.8 2.5 2.5 4 1 1 4 4
-2592.7 6841.4 -9.1 66 0 7.8 6.7 2.5 2.5 2 0 1 2 2
-2574.0 6847.1 -8.8 63 0 8.6 17.0 2.5 2.5 2 1 1 0 0
-2534.6 6815.1 -11.8 327 0 13.2 7.9 5.0 2.5 2 0 2 0 0
-2557.5 6807.5 -10.9 233 0 6.9 9.8 5.0 2.5 2 1 2 1 1
-2886.5 6860.9 -4.7 87 0 7.1 9.8 5.0 2.5 2 1 2 5 5
-3031.7 6712.2 -17.7 268 0 9.8 17.2 2.5 2.5 2 1 1 4 4
-2999.8 6723.8 -14.1 268 0 8.2 11.4 2.5 2.5 2 1 1 4 4
-2986.4 6725.8 -14.5 268 0 9.0 12.3 2.5 2.5 2 1 1 0 0
-2958.3 6720.1 -16.2 268 0 8.2 11.0 2.5 2.5 2 1 1 5 5
-2925.8 6713.3 -16.9 88 0 7.1 11.0 2.5 0.0 0 1 1 2 2
-2862.4 6731.0 -16.9 268 0 7.4 11.2 2.5 0.0 0 1 1 4 4
-2830.0 6734.1 -17.1 268 0 8.7 11.7 2.5 0.0 0 1 1 0 0
-2779.9 6789.6 -12.6 178 0 10.7 7.6 5.0 0.0 0 0 2 1 1
-2770.1 6786.8 -12.9 178 0 11.8 10.3 5.0 2.5 2 0 2 3 3
-2734.9 6785.1 -12.7 88 0 7.1 9.7 5.0 2.5 2 1 2 4 4
-2682.5 6787.6 -13.1 88 0 6.5 12.9 5.0 2.5 2 1 2 5 5
-2701.7 6788.5 -13.1 88 0 6.6 11.7 5.0 2.5 2 1 2 3 3
-2702.8 6758.3 -16.7 268 0 18.1 17.0 2.5 0.0 0 0 1 2 2
-2731.8 6747.3 -16.3 268 0 9.2 10.2 2.5 2.5 2 1 1 1 1
-2729.7 6735.4 -17.4 268 0 10.0 5.8 2.5 0.0 0 0 1 4 4
-2773.0 6718.5 -16.7 178 0 7.6 11.6 2.5 2.5 2 1 1 3 3
-2766.2 6686.2 -20.1 178 0 7.4 9.7 2.5 2.5 2 1 1 5 5
-2782.8 6698.1 -18.4 358 0 7.3 13.2 2.5 2.5 2 1 1 3 3
-2786.9 6714.4 -16.9 358 0 7.8 10.0 2.5 2.5 2 1 1 0 0
-2791.5 6738.1 -15.5 358 0 9.6 12.3 2.5 2.5 2 1 1 3 3
-2824.0 6767.6 -13.3 88 0 13.8 9.7 5.0 0.0 0 0 2 2 2
-2798.4 6786.3 -12.6 358 0 10.2 12.6 5.0 2.5 4 1 2 3 3
-2802.6 6811.3 -10.7 358 0 8.2 10.4 5.0 2.5 2 1 2 2 2
-2806.8 6837.2 -8.8 358 0 6.8 9.2 5.0 2.5 2 1 2 2 2
-2787.9 6843.2 -8.7 178 0 10.0 10.5 5.0 2.5 2 1 2 5 5
-2790.5 6874.8 -6.1 178 0 8.1 8.8 5.0 2.5 2 1 2 0 0
-2810.9 6882.2 -4.8 358 0 13.5 16.3 5.0 2.5 2 1 2 1 1
-2848.4 6863.2 -5.6 88 0 12.7 8.6 5.0 2.5 4 0 2 2 2
-2874.4 6768.7 -12.4 88 0 7.5 13.3 5.0 2.5 2 1 2 3 3
-2898.4 6760.5 -12.4 88 0 7.2 16.9 5.0 2.5 2 1 2 5 5
-2930.4 6761.4 -11.6 88 0 8.2 12.0 5.0 2.5 2 1 2 3 3
-2964.2 6755.7 -10.8 88 0 7.8 12.9 5.0 2.5 2 1 2 2 2
-2991.3 6755.1 -9.6 88 0 5.5 11.1 5.0 2.5 2 1 2 5 5
-3010.8 6748.8 -9.4 88 0 6.6 10.4 5.0 2.5 2 1 2 3 3
-2999.1 6785.0 -7.5 167 0 7.2 7.4 5.0 2.5 2 1 2 4 4
-2954.5 6850.3 -4.4 177 0 10.9 8.0 5.0 0.0 0 0 2 0 0
-3085.4 6780.3 -4.1 149 0 8.2 6.0 5.0 2.5 2 0 2 3 3
-3061.3 6807.7 -4.0 239 0 6.5 10.7 5.0 2.5 2 1 2 0 0
-3052.6 6812.2 -4.1 239 0 6.7 9.5 5.0 0.0 0 1 2 2 2
-3044.2 6817.4 -4.1 239 0 6.0 8.4 5.0 2.5 2 1 2 2 2
-3036.0 6822.3 -4.0 239 0 4.9 8.9 5.0 2.5 2 1 2 2 2
-3026.4 6827.5 -3.9 239 0 6.1 9.2 5.0 2.5 2 1 2 0 0
-3018.1 6833.0 -3.8 239 0 6.7 9.3 5.0 2.5 2 1 2 3 3
-3009.2 6837.7 -3.8 239 0 6.9 9.4 5.0 2.5 4 1 2 4 4
-2984.7 6895.4 4.0 329 0 9.4 6.1 2.5 2.5 2 0 1 0 0
-2998.0 6894.3 3.4 239 0 6.9 10.4 2.5 0.0 0 1 1 5 5
-3007.2 6890.2 3.1 239 0 5.9 9.7 2.5 2.5 2 1 1 4 4
-3016.3 6884.9 2.4 239 0 6.3 9.4 2.5 2.5 2 1 1 3 3
-2976.4 6880.4 0.7 329 0 11.0 6.2 2.5 2.5 2 0 1 3 3
-2984.8 6868.4 0.0 59 0 6.3 10.6 2.5 2.5 2 1 1 0 0
-2992.7 6864.3 -0.4 59 0 5.9 10.2 2.5 2.5 2 1 1 1 1
-3000.6 6858.5 -1.3 59 0 7.7 10.7 2.5 2.5 4 1 1 4 4
-3009.8 6854.5 -1.6 59 0 7.2 9.0 2.5 2.5 2 1 1 2 2
-3019.1 6848.8 -1.8 59 0 5.4 10.1 2.5 2.5 2 1 1 4 4
-3027.4 6844.1 -1.9 59 0 5.4 9.8 2.5 2.5 2 1 1 3 3
-3045.7 6839.4 -1.6 329 0 11.1 6.0 2.5 2.5 2 0 1 5 5
-3052.8 6828.6 -1.4 59 0 8.0 10.8 2.5 2.5 2 1 1 3 3
-3062.3 6823.4 -1.0 59 0 6.3 10.3 2.5 2.5 2 1 1 0 0
-3072.1 6818.6 -0.6 59 0 6.2 9.8 2.5 0.0 0 1 1 1 1
-3079.6 6813.5 -0.5 59 0 6.2 10.5 2.5 2.5 2 1 1 2 2
-3088.2 6808.6 -0.2 59 0 6.2 12.2 2.5 2.5 2 1 1 4 4
-3095.9 6803.5 -0.1 59 0 6.5 12.4 2.5 2.5 2 1 1 1 1
-3054.8 6857.4 0.8 329 0 9.7 6.4 2.5 0.0 0 0 1 2 2
-3068.4 6854.3 1.1 239 0 6.9 10.3 2.5 2.5 2 1 1 3 3
-3077.3 6848.9 1.6 239 0 6.3 10.3 2.5 2.5 2 1 1 5 5
-3086.3 6844.7 2.3 239 0 5.9 10.0 2.5 2.5 2 1 1 3 3
-3111.5 6831.2 2.6 239 0 7.3 13.5 2.5 2.5 2 1 1 0 0
-3074.1 6869.3 4.5 59 0 6.7 11.1 5.0 2.5 4 1 2 0 0
-3082.9 6864.6 4.9 59 0 6.8 10.7 5.0 2.5 4 1 2 5 5
-3091.5 6859.8 5.3 59 0 6.1 10.0 5.0 2.5 4 1 2 4 4
-3100.7 6854.8 5.9 59 0 6.4 9.7 5.0 2.5 2 1 2 1 1
-3109.0 6849.6 6.3 59 0 6.0 9.6 5.0 2.5 2 1 2 5 5
-3117.9 6844.2 6.5 59 0 6.0 9.9 5.0 2.5 2 1 2 1 1
-3180.0 6888.6 13.1 329 0 12.5 10.7 2.5 2.5 2 0 1 2 2
-3174.6 6865.2 10.5 59 0 12.2 14.9 2.5 2.5 2 1 1 4 4
-3222.8 6871.8 11.3 149 0 12.5 15.9 2.5 2.5 2 1 1 0 0
-3211.2 6851.0 8.1 149 0 11.1 15.9 2.5 2.5 2 1 1 4 4
-3248.3 6824.8 4.6 59 0 12.5 11.8 5.0 2.5 2 0 2 3 3
-3263.8 6815.7 3.4 59 0 9.5 14.6 5.0 2.5 2 1 2 0 0
-3277.8 6808.4 2.4 59 0 9.4 12.9 5.0 2.5 2 1 2 1 1
-3291.8 6800.4 1.3 59 0 8.5 10.5 5.0 2.5 4 1 2 0 0
-3311.1 6795.0 0.2 149 0 9.2 8.2 5.0 2.5 2 0 2 3 3
-3325.3 6787.7 -0.8 329 0 11.0 11.8 5.0 2.5 4 1 2 0 0
-3273.5 6703.0 -6.9 329 0 6.2 10.0 2.5 2.5 4 1 1 5 5
-3254.4 6677.1 -8.8 329 0 7.2 8.8 2.5 2.5 2 1 1 1 1
-3248.8 6668.3 -9.7 329 0 5.7 8.7 2.5 2.5 2 1 1 3 3
-3243.5 6658.2 -10.7 329 0 7.2 9.3 2.5 2.5 2 1 1 5 5
-3161.9 6797.6 0.9 147 0 11.9 8.1 5.0 2.5 2 0 2 2 2
-3159.5 6767.7 -4.7 147 0 22.1 21.1 5.0 0.0 0 0 2 4 4
-3178.2 6736.2 -7.2 58 0 15.5 34.8 5.0 2.5 2 1 2 5 5
-3198.5 6722.0 -8.2 71 0 18.5 14.3 5.0 0.0 0 0 2 2 2
-3129.1 6677.0 -18.8 240 0 12.1 7.5 5.0 2.5 2 0 2 3 3
-3155.2 6622.3 -21.8 58 0 15.1 6.9 5.0 2.5 4 0 2 3 3
-3182.1 6632.7 -21.6 237 0 13.1 22.6 5.0 2.5 2 1 2 3 3
-3184.8 6603.7 -21.4 57 0 13.1 23.5 5.0 2.5 4 1 2 1 1
-3336.3 6534.4 -13.8 238 0 7.3 12.9 2.5 2.5 2 1 1 3 3
-3437.6 6554.4 -12.9 251 0 16.2 8.0 2.5 2.5 2 0 1 4 4
-3411.6 6535.5 -13.7 75 0 9.2 10.8 2.5 2.5 2 1 1 1 1
-3409.6 6498.8 -15.1 170 0 12.3 5.6 5.0 2.5 2 0 2 3 3
-3424.7 6437.6 -18.8 262 0 10.6 11.4 5.0 2.5 2 1 2 1 1
-3437.7 6492.8 -15.9 256 0 7.7 20.6 5.0 2.5 2 1 2 4 4
-3453.6 6526.7 -13.2 75 0 8.3 10.0 2.5 2.5 2 1 1 4 4
-3480.1 6517.3 -12.8 72 0 8.2 8.6 2.5 2.5 2 1 1 5 5
-3468.5 6481.9 -15.5 253 0 7.7 14.3 5.0 2.5 2 1 2 1 1
-3514.1 6464.2 -13.7 166 0 12.9 6.9 5.0 2.5 2 0 2 0 0
-3522.0 6503.9 -12.4 71 0 5.6 8.7 2.5 2.5 2 1 1 2 2
-3549.9 6490.5 -12.4 72 0 6.9 11.9 2.5 2.5 2 1 1 3 3
-3555.3 6484.6 -12.2 71 0 5.3 13.2 2.5 0.0 0 1 1 2 2
-3585.5 6481.1 -11.5 72 0 7.5 11.1 2.5 2.5 2 1 1 4 4
-3535.9 6455.1 -13.2 345 0 10.2 7.5 2.5 0.0 0 0 1 2 2
-3641.3 6522.8 -9.0 159 0 9.6 6.5 2.5 2.5 2 0 1 0 0
-3679.6 6561.0 -7.0 74 0 6.6 8.4 2.5 2.5 2 1 1 2 2
-3709.8 6559.3 -7.5 88 0 6.8 9.8 2.5 2.5 2 1 1 5 5
-3733.9 6557.1 -7.7 89 0 6.4 9.8 2.5 2.5 2 1 1 2 2
-3669.0 6518.4 -8.4 341 0 8.1 7.1 2.5 2.5 2 0 1 4 4
-3735.2 6511.1 -9.8 272 0 8.1 12.1 2.5 2.5 2 1 1 4 4
-3699.1 6470.2 -10.3 70 0 10.8 10.9 2.5 0.0 0 1 1 5 5
-3693.7 6448.0 -11.0 70 0 9.5 19.1 2.5 2.5 2 1 1 3 3
-3631.9 6469.2 -10.8 160 0 12.6 9.0 2.5 2.5 2 0 1 1 1
-3654.1 6461.7 -10.7 340 0 13.5 8.7 2.5 2.5 2 0 1 3 3
-3652.3 6427.9 -12.6 250 0 7.5 11.4 2.5 2.5 2 1 1 4 4
-3617.9 6439.3 -12.3 250 0 8.4 18.8 2.5 2.5 2 1 1 3 3
-3590.9 6407.9 -13.3 340 0 12.0 31.9 2.5 2.5 2 1 1 2 2
-3583.2 6407.9 -12.8 160 0 9.1 9.5 2.5 2.5 2 1 1 2 2
-3542.2 6413.9 -13.4 340 0 12.0 14.6 2.5 2.5 2 1 1 4 4
-3537.0 6385.7 -13.8 340 0 12.4 11.9 2.5 2.5 2 0 1 4 4
-3558.5 6372.3 -13.5 70 0 17.7 10.6 2.5 0.0 0 0 1 3 3
-3591.7 6374.0 -14.2 250 0 29.7 10.8 2.5 2.5 2 0 1 3 3
-3611.9 6344.3 -14.9 70 0 8.1 8.8 2.5 0.0 0 1 1 2 2
-3613.5 6368.5 -14.3 340 0 10.2 9.1 2.5 2.5 2 0 1 1 1
-3643.1 6360.5 -14.7 160 0 7.5 8.6 2.5 2.5 2 1 1 5 5
-3656.3 6392.0 -14.0 250 0 7.7 8.0 2.5 2.5 2 1 1 1 1
-3673.0 6422.8 -13.0 250 0 13.4 21.0 2.5 0.0 0 1 1 4 4
-3685.5 6414.3 -12.8 250 0 6.5 14.0 2.5 2.5 4 1 1 3 3
-3694.6 6409.9 -13.0 250 0 6.9 12.1 2.5 0.0 0 1 1 1 1
-3711.5 6403.9 -13.7 250 0 7.7 13.0 2.5 0.0 0 1 1 3 3
-3722.6 6431.9 -12.3 80 0 7.5 12.7 2.5 2.5 2 1 1 0 0
-3890.5 6424.3 -13.0 82 0 7.2 8.4 2.5 2.5 2 1 1 2 2
-3940.9 6445.8 -12.5 271 0 7.1 8.8 2.5 2.5 2 1 1 5 5
