936.1 1301.0 5.4 284 0 11.9 25.2 2.5 2.5 2 1 1 2 2
814.4 1328.7 8.9 251 0 8.3 7.8 2.5 2.5 2 0 1 4 4
792.3 1326.1 9.3 251 0 8.1 7.0 2.5 2.5 2 0 1 3 3
773.5 1321.8 9.4 251 0 7.1 11.4 2.5 2.5 2 1 1 3 3
747.1 1308.5 9.7 251 0 6.6 9.1 2.5 0.0 0 1 1 0 0
721.9 1300.7 9.9 251 0 6.6 14.4 2.5 2.5 2 1 1 1 1
703.4 1289.5 10.2 251 0 7.6 12.8 2.5 2.5 2 1 1 3 3
687.7 1255.2 10.2 71 0 8.7 10.5 2.5 2.5 2 1 1 3 3
679.7 1277.0 10.8 251 0 7.6 7.4 2.5 2.5 2 0 1 4 4
643.5 1267.9 12.1 251 0 8.3 7.8 2.5 2.5 2 0 1 5 5
609.6 1245.9 12.8 251 0 7.9 7.4 2.5 2.5 2 0 1 0 0
584.3 1238.3 12.6 251 0 7.0 12.1 2.5 0.0 0 1 1 4 4
564.1 1231.5 12.1 251 0 7.2 7.0 2.5 2.5 2 0 1 3 3
516.2 1222.4 9.9 266 0 7.1 9.6 2.5 2.5 2 1 1 3 3
481.9 1219.6 10.7 248 0 13.8 16.3 2.5 2.5 2 1 1 0 0
483.6 1247.8 12.5 68 0 10.8 8.8 5.0 2.5 2 0 2 2 2
500.8 1253.6 12.2 68 0 7.0 8.1 5.0 2.5 2 1 2 2 2
533.2 1259.3 12.4 68 0 8.6 8.7 5.0 2.5 2 1 2 3 3
546.2 1264.4 13.3 68 0 10.4 12.5 5.0 0.0 0 1 2 3 3
560.8 1270.6 14.4 68 0 8.7 7.4 5.0 2.5 4 0 2 4 4
577.8 1281.0 14.6 68 0 8.2 10.8 5.0 2.5 2 1 2 5 5
597.0 1286.5 14.5 68 0 9.3 8.1 5.0 2.5 2 0 2 5 5
609.8 1298.2 14.5 68 0 7.7 8.8 5.0 2.5 2 1 2 4 4
624.6 1305.4 14.1 68 0 8.3 9.5 5.0 2.5 2 1 2 4 4
636.8 1324.0 13.7 248 0 7.2 11.2 5.0 2.5 2 1 2 1 1
658.9 1317.9 13.1 71 0 9.3 7.3 5.0 2.5 2 0 2 3 3
686.1 1322.8 12.3 68 0 8.5 15.1 5.0 2.5 2 1 2 1 1
709.7 1329.0 11.6 75 0 9.3 9.3 5.0 2.5 4 0 2 2 2
729.2 1337.3 11.1 77 0 8.6 16.2 5.0 2.5 2 1 2 3 3
744.9 1341.1 10.9 77 0 8.0 11.0 5.0 2.5 2 1 2 3 3
766.7 1350.2 10.7 62 0 7.9 9.5 5.0 2.5 2 1 2 0 0
786.0 1358.1 10.5 62 0 8.7 9.5 5.0 2.5 2 1 2 3 3
832.3 1362.3 9.5 94 0 9.6 7.8 5.0 2.5 4 0 2 2 2
858.5 1361.3 9.0 107 0 7.1 9.1 5.0 2.5 2 1 2 5 5
902.2 1354.6 8.0 107 0 10.0 7.8 5.0 2.5 2 0 2 5 5
924.4 1347.8 7.4 107 0 9.4 8.8 5.0 2.5 2 0 2 3 3
966.1 1338.8 7.2 287 0 10.0 6.8 5.0 2.5 2 0 2 5 5
996.7 1301.9 5.1 107 0 11.3 8.1 5.0 2.5 2 0 2 1 1
1118.5 1302.9 7.1 74 0 6.2 8.2 5.0 2.5 2 1 2 3 3
-2698.8 -172.0 14.5 339 0 13.7 9.8 2.5 2.5 2 0 1 1 1
-2718.1 -204.7 13.7 98 0 7.0 9.2 2.5 2.5 2 1 1 4 4
-2731.9 -197.9 13.7 98 0 10.9 17.3 2.5 2.5 2 1 1 4 4
-2745.3 -203.2 13.6 99 0 6.7 7.3 2.5 0.0 0 1 1 0 0
-2763.7 -194.6 13.8 99 0 7.1 8.3 2.5 2.5 2 1 1 3 3
-2779.2 -223.5 12.4 278 0 9.3 10.1 5.0 2.5 2 1 2 4 4
-2764.7 -228.3 12.5 279 0 8.7 8.2 5.0 2.5 2 0 2 4 4
-2749.5 -231.7 12.6 279 0 7.2 7.7 5.0 2.5 2 1 2 5 5
-2734.1 -234.8 12.4 279 0 6.1 15.1 5.0 2.5 2 1 2 0 0
-2716.3 -238.0 12.6 279 0 7.2 8.0 5.0 0.0 0 1 2 0 0
-2721.6 -253.0 11.4 279 0 10.2 8.2 5.0 2.5 4 0 2 5 5
-2723.7 -277.8 10.0 98 0 6.6 7.9 5.0 2.5 2 1 2 3 3
-2726.4 -292.8 8.8 99 0 7.7 6.9 5.0 2.5 2 0 2 1 1
-2728.4 -305.9 7.6 99 0 7.9 7.5 5.0 2.5 2 0 2 3 3
-2705.4 -296.0 7.7 9 0 8.9 8.9 5.0 2.5 2 0 2 1 1
-2702.4 -283.1 8.7 8 0 8.8 10.1 5.0 2.5 4 1 2 0 0
-2702.6 -259.4 10.5 279 0 8.4 6.0 5.0 2.5 2 0 2 2 2
-2694.1 -238.8 11.0 281 0 19.1 16.4 5.0 2.5 2 0 2 3 3
-2680.6 -244.5 11.1 277 0 6.9 9.3 5.0 2.5 2 1 2 2 2
-2676.0 -212.5 14.1 89 0 8.8 7.8 2.5 2.5 4 0 1 1 1
-2454.7 -205.4 20.0 269 0 7.9 8.8 2.5 2.5 2 1 1 3 3
-2473.3 -201.9 19.7 269 0 8.3 12.9 2.5 2.5 2 1 1 2 2
-2499.2 -213.2 19.0 89 0 16.3 12.7 2.5 2.5 2 0 1 2 2
-2520.1 -213.6 18.0 89 0 8.9 13.8 2.5 2.5 2 1 1 3 3
-2533.6 -215.7 17.2 89 0 6.2 11.5 2.5 2.5 4 1 1 2 2
-2549.3 -218.4 16.5 89 0 7.3 8.5 2.5 2.5 2 1 1 3 3
-2564.8 -217.5 16.2 89 0 6.5 13.0 2.5 2.5 4 1 1 2 2
-2575.8 -217.5 16.0 89 0 6.5 11.2 2.5 2.5 2 1 1 0 0
-2588.4 -216.9 15.7 89 0 6.7 7.6 2.5 2.5 2 1 1 3 3
-2598.7 -216.6 15.5 89 0 6.4 7.3 2.5 0.0 0 1 1 0 0
-2614.1 -218.1 15.0 89 0 7.6 8.2 2.5 0.0 0 1 1 5 5
-2627.4 -253.1 11.3 269 0 4.9 7.9 5.0 0.0 0 1 2 4 4
-2616.9 -268.5 10.8 89 0 9.0 15.0 5.0 0.0 0 1 2 0 0
-2601.0 -253.5 11.1 269 0 9.0 15.9 5.0 2.5 2 1 2 2 2
-2584.0 -253.8 12.1 269 0 10.0 8.4 5.0 2.5 2 0 2 1 1
-2567.8 -253.8 13.9 269 0 8.2 9.0 5.0 2.5 2 1 2 5 5
-2553.8 -254.6 14.2 269 0 6.9 14.4 5.0 2.5 2 1 2 0 0
-2541.8 -254.0 14.6 269 0 8.5 8.4 5.0 0.0 0 0 2 5 5
-2525.0 -253.8 14.6 269 0 10.9 9.0 5.0 2.5 2 0 2 0 0
-2506.2 -249.6 15.7 269 0 8.3 11.1 5.0 0.0 0 1 2 0 0
-2480.7 -248.7 16.8 269 0 7.0 7.9 5.0 0.0 0 1 2 1 1
-2466.3 -249.0 17.2 269 0 9.1 7.2 5.0 2.5 2 0 2 1 1
-2452.6 -246.3 17.1 269 0 7.7 12.3 5.0 2.5 2 1 2 0 0
-2437.0 -249.0 16.5 269 0 8.0 12.0 5.0 2.5 2 1 2 4 4
-2380.0 -239.8 16.7 269 0 10.0 8.1 5.0 2.5 2 0 2 1 1
-2338.4 -238.9 15.3 269 0 9.2 12.2 5.0 2.5 2 1 2 1 1
-1148.8 -416.2 -20.6 268 0 11.9 30.4 2.5 0.0 0 1 1 1 1
-1208.8 -469.5 -20.2 88 0 11.0 9.2 2.5 2.5 4 0 1 3 3
-1216.3 -412.0 -15.8 268 0 8.2 15.8 2.5 2.5 2 1 1 5 5
-1249.7 -430.2 -15.2 178 0 12.2 9.3 2.5 2.5 2 0 1 0 0
-1233.2 -421.2 -15.8 268 0 8.2 15.3 2.5 2.5 2 1 1 4 4
-1836.0 -488.6 1.1 178 0 10.7 10.4 5.0 2.5 4 0 2 1 1
-1839.0 -513.6 -0.4 178 0 8.4 16.9 5.0 2.5 2 1 2 3 3
-1811.2 -513.4 0.5 178 0 10.7 48.9 5.0 2.5 4 1 2 5 5
-1740.7 -536.2 4.2 88 0 9.0 13.1 5.0 2.5 2 1 2 2 2
-1716.2 -533.2 5.0 88 0 8.9 10.8 5.0 2.5 2 1 2 2 2
-1676.6 -533.5 6.6 88 0 10.0 15.5 5.0 2.5 2 1 2 1 1
-1650.7 -526.4 6.8 88 0 9.0 12.5 5.0 2.5 2 1 2 4 4
-1613.0 -520.7 4.4 88 0 9.8 10.4 5.0 2.5 2 1 2 4 4
-1593.3 -516.2 2.3 88 0 8.9 18.8 5.0 2.5 2 1 2 5 5
-1557.8 -513.0 -1.1 88 0 8.2 15.6 5.0 2.5 2 1 2 5 5
-1534.1 -507.0 -2.9 88 0 10.0 16.7 5.0 0.0 0 1 2 0 0
-1516.9 -504.9 -3.2 88 0 8.2 17.3 5.0 2.5 2 1 2 1 1
-1498.9 -502.2 -4.0 88 0 8.7 21.2 5.0 2.5 2 1 2 2 2
-1480.4 -498.6 -4.4 88 0 9.0 21.2 5.0 0.0 0 1 2 0 0
-1463.8 -495.0 -4.4 88 0 10.7 20.5 5.0 2.5 4 1 2 4 4
-1444.2 -495.6 -5.3 88 0 8.4 13.5 5.0 2.5 2 1 2 0 0
-1426.4 -489.1 -7.5 88 0 7.2 13.5 5.0 2.5 2 1 2 2 2
-1409.5 -489.1 -9.6 88 0 6.3 11.1 5.0 2.5 2 1 2 4 4
-1391.5 -484.3 -12.1 88 0 7.7 10.5 5.0 0.0 0 1 2 5 5
-1373.2 -481.1 -13.9 88 0 5.9 10.0 5.0 0.0 0 1 2 3 3
-1356.1 -481.0 -15.0 88 0 13.4 12.7 5.0 2.5 2 0 2 3 3
-1337.5 -474.2 -15.6 88 0 7.9 17.6 5.0 2.5 2 1 2 5 5
-1323.7 -520.7 -16.1 88 0 7.2 11.7 2.5 2.5 2 1 1 1 1
-1349.8 -515.0 -14.8 268 0 7.2 12.0 2.5 2.5 2 1 1 0 0
-1365.6 -513.5 -13.8 268 0 9.1 16.4 2.5 2.5 2 1 1 4 4
-1384.7 -517.4 -11.8 268 0 8.2 15.6 2.5 2.5 4 1 1 5 5
-1404.0 -521.3 -9.2 268 0 8.2 16.5 2.5 2.5 2 1 1 5 5
-1421.1 -524.2 -7.9 268 0 8.8 15.5 2.5 2.5 2 1 1 1 1
-1439.4 -527.2 -8.7 268 0 8.0 17.6 2.5 2.5 2 1 1 0 0
-1458.1 -533.8 -9.5 268 0 9.3 12.5 2.5 2.5 2 1 1 5 5
-1475.6 -536.7 -9.5 268 0 6.9 12.0 2.5 2.5 2 1 1 2 2
-1493.6 -540.6 -8.6 268 0 7.5 11.1 2.5 2.5 2 1 1 5 5
-1512.5 -542.1 -6.8 268 0 8.4 12.6 2.5 0.0 0 1 1 4 4
-1530.2 -544.2 -4.9 268 0 6.0 12.3 2.5 2.5 2 1 1 0 0
-1547.3 -546.6 -3.4 268 0 8.1 12.9 2.5 2.5 2 1 1 4 4
-1566.6 -551.3 -1.5 268 0 6.0 11.7 2.5 2.5 2 1 1 0 0
-1590.9 -555.5 0.7 268 0 6.6 11.4 2.5 0.0 0 1 1 2 2
-1609.2 -558.5 1.9 268 0 6.9 11.4 2.5 2.5 2 1 1 4 4
-1626.5 -560.6 2.2 268 0 8.4 12.9 2.5 2.5 2 1 1 3 3
-1670.5 -566.0 1.4 268 0 7.6 15.3 2.5 2.5 2 1 1 5 5
-1692.0 -568.7 1.1 268 0 10.8 13.4 2.5 2.5 2 1 1 2 2
-1730.6 -571.3 0.9 268 0 16.3 9.5 2.5 2.5 4 0 1 0 0
-6333.8 -2372.9 14.9 113 0 12.1 11.0 5.0 2.5 2 0 2 4 4
-5459.2 -2125.1 10.3 249 0 9.9 7.4 2.5 2.5 2 0 1 5 5
-5412.9 -2086.5 9.8 246 0 15.5 12.2 2.5 2.5 2 0 1 2 2
-5386.1 -2174.8 6.3 69 0 12.7 7.8 7.5 2.5 2 0 3 0 0
-5276.9 -2038.3 6.7 141 0 8.3 9.5 5.0 2.5 2 1 2 3 3
