-1940.3 -3654.5 3.8 2 0 10.2 7.6 2.5 2.5 2 0 1 2 2
-1961.4 -3656.2 3.3 92 0 7.5 10.1 7.5 2.5 2 1 3 0 0
-1978.0 -3652.1 1.9 92 0 9.1 9.1 2.5 2.5 2 1 1 1 1
-1998.2 -3647.9 -3.5 92 0 8.7 10.4 7.5 2.5 2 1 3 0 0
-2016.1 -3643.7 -6.5 92 0 8.5 9.8 7.5 2.5 2 1 3 3 3
-2030.7 -3641.8 -6.4 92 0 8.2 11.7 5.0 2.5 2 1 2 2 2
-2045.7 -3638.8 -4.6 92 0 7.8 9.9 2.5 2.5 2 1 1 3 3
-2060.9 -3637.1 -2.6 92 0 6.5 9.2 5.0 2.5 2 1 2 5 5
-2080.4 -3633.2 -1.1 92 0 7.8 10.4 5.0 2.5 2 1 2 2 2
-2094.9 -3631.6 0.5 92 0 9.1 9.8 7.5 2.5 2 1 3 1 1
