-2045.5 -2392.5 0.4 76 0 10.4 19.4 2.5 2.5 2 1 1 1 1
-2058.1 -2393.0 0.1 78 0 5.9 8.7 2.5 2.5 2 1 1 5 5
-2112.2 -2412.3 -4.4 265 0 10.2 12.7 5.0 2.5 2 1 2 2 2
-2075.5 -2381.1 0.1 80 0 12.0 36.7 2.5 2.5 2 1 1 0 0
-2082.7 -2337.0 2.6 351 0 9.9 12.0 2.5 2.5 2 1 1 1 1
-2109.4 -2296.5 2.6 335 0 10.8 11.0 2.5 2.5 2 1 1 0 0
-2105.6 -2311.8 2.4 338 0 11.4 10.4 2.5 0.0 0 0 1 2 2
-2097.3 -2340.0 0.7 348 0 11.0 17.0 2.5 2.5 2 1 1 3 3
-2122.8 -2349.7 0.5 80 0 15.4 13.5 2.5 2.5 2 0 1 2 2
-2138.1 -2352.5 0.6 80 0 10.7 11.8 2.5 2.5 2 1 1 0 0
-2092.1 -2386.8 -1.2 76 0 17.3 10.7 2.5 2.5 2 0 1 1 1
-2119.3 -2389.3 -1.6 82 0 28.0 9.4 2.5 0.0 0 0 1 4 4
-2145.3 -2394.0 -1.6 81 0 19.0 9.9 2.5 2.5 2 0 1 5 5
-2148.7 -2381.8 -0.7 81 0 9.9 25.4 2.5 2.5 2 1 1 2 2
-2164.7 -2389.6 -0.7 82 0 10.1 12.5 2.5 2.5 2 1 1 1 1
-2164.8 -2373.1 0.2 81 0 13.3 21.3 2.5 2.5 2 1 1 5 5
-2178.0 -2342.4 1.7 167 0 16.8 12.1 2.5 2.5 2 0 1 3 3
-2177.1 -2316.3 2.8 258 0 12.5 12.5 2.5 2.5 2 1 1 3 3
