-1424.1 2567.6 30.4 51 0 12.7 20.9 5.0 2.5 2 1 2 4 4
2553.7 -4102.1 -26.3 57 0 8.6 12.0 2.5 2.5 2 1 1 1 1
2571.1 -4092.2 -29.0 57 0 8.6 12.0 2.5 2.5 2 1 1 1 1
2584.1 -4083.1 -30.9 57 0 8.6 12.0 2.5 2.5 2 1 1 5 5
2605.1 -4071.2 -31.0 57 0 8.6 12.0 2.5 0.0 0 1 1 3 3
2622.5 -4058.3 -31.4 57 0 8.6 12.0 2.5 2.5 2 1 1 4 4
2637.8 -4048.0 -31.3 57 0 8.6 12.0 2.5 2.5 2 1 1 1 1
2655.6 -4038.1 -31.3 57 0 8.6 12.0 2.5 2.5 2 1 1 2 2
2673.7 -4025.9 -31.0 57 0 8.6 12.0 2.5 2.5 2 1 1 4 4
2692.8 -4013.2 -30.6 57 0 8.6 12.0 2.5 2.5 2 1 1 4 4
2709.9 -4004.6 -30.4 57 0 8.6 12.0 2.5 2.5 2 1 1 3 3
2758.0 -3971.1 -31.9 57 0 8.6 12.0 2.5 0.0 0 1 1 1 1
2774.9 -3982.8 -31.7 237 0 8.6 12.0 5.0 2.5 2 1 2 4 4
2765.0 -3996.1 -31.4 237 0 8.6 12.0 5.0 2.5 2 1 2 5 5
2723.8 -4022.0 -31.1 237 0 8.6 12.0 5.0 2.5 2 1 2 5 5
2703.7 -4034.8 -31.4 237 0 8.6 12.0 5.0 2.5 2 1 2 1 1
2685.1 -4045.3 -31.7 237 0 8.6 12.0 5.0 2.5 2 1 2 5 5
2667.3 -4056.4 -32.0 237 0 8.6 12.0 5.0 2.5 2 1 2 2 2
2649.3 -4068.0 -31.6 237 0 8.6 12.0 5.0 0.0 0 1 2 3 3
2631.5 -4077.7 -30.8 237 0 8.6 12.0 5.0 2.5 4 1 2 5 5
2613.7 -4090.5 -29.3 237 0 8.6 12.0 5.0 2.5 2 1 2 5 5
2593.9 -4101.0 -28.7 237 0 8.6 12.0 5.0 2.5 2 1 2 2 2
2581.4 -4112.3 -27.4 237 0 8.6 12.0 5.0 2.5 2 1 2 3 3
2796.3 -4056.7 -32.5 354 0 12.1 8.6 5.0 2.5 2 0 2 4 4
2798.6 -4077.2 -32.3 0 0 8.6 12.0 5.0 2.5 2 1 2 3 3
2799.2 -4093.3 -30.4 0 0 8.6 12.0 5.0 2.5 2 1 2 0 0
2800.4 -4109.4 -29.4 0 0 8.6 12.0 5.0 2.5 2 1 2 1 1
2805.4 -4134.4 -29.8 0 0 8.6 12.0 5.0 2.5 4 1 2 1 1
2802.8 -4149.9 -29.6 0 0 8.6 12.0 5.0 2.5 2 1 2 0 0
2817.4 -4149.4 -31.1 180 0 8.6 12.0 2.5 2.5 2 1 1 2 2
2814.2 -4131.6 -31.1 180 0 8.6 12.0 2.5 2.5 2 1 1 0 0
2813.5 -4112.4 -31.1 180 0 8.6 12.0 2.5 2.5 2 1 1 4 4
2809.5 -4099.4 -30.8 180 0 8.6 12.0 2.5 2.5 2 1 1 4 4
2807.9 -4087.0 -31.3 180 0 8.6 12.0 2.5 2.5 2 1 1 1 1
2810.2 -4075.6 -32.8 90 0 12.0 8.6 2.5 2.5 2 0 1 4 4
2812.7 -4028.8 -32.3 270 0 12.0 8.6 2.5 2.5 2 0 1 1 1
2796.9 -4176.6 -29.2 0 0 8.6 12.0 5.0 2.5 2 1 2 0 0
2796.1 -4216.4 -29.0 0 0 8.6 12.0 5.0 2.5 2 1 2 0 0
2863.0 -4013.6 -32.9 217 0 8.6 12.0 2.5 2.5 2 1 1 5 5
2880.9 -3991.9 -32.9 218 0 17.9 8.2 2.5 2.5 2 0 1 5 5
2886.9 -3936.3 -32.4 128 0 8.2 17.9 2.5 2.5 2 1 1 0 0
2916.2 -3942.7 -32.7 124 0 22.8 12.1 2.5 2.5 2 0 1 1 1
