2831.8 1498.4 -2.3 306 0 9.3 8.1 2.5 2.5 2 0 1 5 5
2813.5 1477.4 -1.8 306 0 9.3 8.1 2.5 2.5 2 0 1 2 2
2802.1 1458.6 -1.8 36 0 8.1 9.3 2.5 2.5 2 1 1 1 1
2832.2 1449.3 -2.7 36 0 8.1 9.3 2.5 2.5 2 1 1 1 1
2815.3 1427.3 -2.6 36 0 8.1 9.3 2.5 0.0 0 1 1 1 1
2794.9 1439.4 -1.9 36 0 8.1 9.3 2.5 2.5 2 1 1 0 0
2785.4 1432.7 -1.7 36 0 8.1 9.3 2.5 2.5 2 1 1 0 0
2807.9 1414.9 -2.5 36 0 8.1 9.3 2.5 2.5 2 1 1 1 1
2799.6 1404.8 -2.3 36 0 8.1 9.3 2.5 2.5 2 1 1 3 3
2777.2 1420.6 -1.6 36 0 8.1 9.3 2.5 2.5 2 1 1 4 4
2768.4 1410.2 -1.4 36 0 8.1 9.3 2.5 2.5 2 1 1 0 0
2762.4 1400.7 -1.4 36 0 8.1 9.3 2.5 0.0 0 1 1 3 3
2753.3 1387.0 -1.3 36 0 8.1 9.3 2.5 2.5 2 1 1 3 3
2745.2 1374.6 -1.2 36 0 8.1 9.3 2.5 2.5 2 1 1 5 5
2736.9 1364.8 -1.1 36 0 8.1 9.3 2.5 2.5 2 1 1 4 4
2790.5 1390.4 -2.1 36 0 8.1 9.3 2.5 2.5 2 1 1 1 1
2783.4 1378.6 -1.9 36 0 8.1 9.3 2.5 2.5 2 1 1 5 5
2774.0 1368.7 -1.7 36 0 8.1 9.3 2.5 2.5 2 1 1 5 5
2765.0 1358.1 -1.5 36 0 8.1 9.3 2.5 2.5 2 1 1 3 3
2752.6 1344.2 -1.3 36 0 8.1 9.3 2.5 2.5 2 1 1 3 3
2745.8 1335.9 -1.3 36 0 8.1 9.3 2.5 2.5 2 1 1 3 3
2739.2 1327.4 -1.3 36 0 8.1 9.3 2.5 2.5 2 1 1 1 1
2733.1 1319.2 -1.5 36 0 8.1 9.3 2.5 2.5 2 1 1 1 1
2723.6 1307.9 -2.0 36 0 8.1 9.3 2.5 2.5 2 1 1 5 5
2715.2 1298.9 -2.5 36 0 8.1 9.3 2.5 2.5 2 1 1 5 5
2706.0 1290.5 -2.6 36 0 8.1 9.3 2.5 2.5 2 1 1 0 0
2697.8 1280.1 -2.6 36 0 8.1 9.3 2.5 2.5 2 1 1 0 0
2691.6 1269.2 -3.0 36 0 8.1 9.3 2.5 2.5 2 1 1 3 3
2676.9 1258.8 -2.8 39 0 8.0 7.4 2.5 2.5 2 0 1 1 1
2669.0 1250.6 -2.4 39 0 8.0 7.4 2.5 2.5 2 0 1 1 1
2663.1 1242.3 -2.1 39 0 8.0 7.4 2.5 2.5 2 0 1 5 5
2654.8 1231.9 -2.0 39 0 8.0 7.4 2.5 2.5 2 0 1 4 4
2647.3 1224.5 -2.0 39 0 8.0 7.4 2.5 2.5 2 0 1 3 3
2639.3 1215.5 -2.1 39 0 8.0 7.4 2.5 2.5 2 0 1 0 0
2630.3 1204.7 -2.3 39 0 8.0 7.4 2.5 2.5 2 0 1 4 4
2622.9 1194.0 -2.7 39 0 8.0 7.4 2.5 2.5 2 0 1 1 1
2614.1 1185.5 -3.0 39 0 8.0 7.4 2.5 2.5 2 0 1 0 0
2604.9 1175.7 -3.1 39 0 8.0 7.4 2.5 2.5 2 0 1 3 3
2591.9 1162.7 -2.6 39 0 8.0 7.4 2.5 2.5 2 0 1 1 1
2586.6 1153.7 -2.3 39 0 8.0 7.4 2.5 2.5 2 0 1 3 3
2578.3 1143.7 -1.8 39 0 8.0 7.4 2.5 2.5 2 0 1 5 5
2567.3 1134.2 -1.1 39 0 8.0 7.4 2.5 2.5 2 0 1 4 4
2560.7 1126.3 -0.8 39 0 8.0 7.4 2.5 2.5 2 0 1 4 4
2553.5 1118.7 -1.1 39 0 8.0 7.4 2.5 2.5 2 0 1 4 4
2546.0 1109.1 -1.5 39 0 8.0 7.4 2.5 2.5 2 0 1 2 2
2511.0 1087.0 -2.4 130 0 9.2 16.4 2.5 2.5 2 1 1 3 3
2467.0 1039.3 -1.1 135 0 11.4 25.5 2.5 2.5 2 1 1 4 4
2471.8 1064.0 -1.0 126 0 13.5 15.7 2.5 2.5 2 1 1 5 5
2485.3 1076.2 -1.4 129 0 7.4 8.0 2.5 2.5 2 1 1 4 4
2527.0 1121.2 -0.9 39 0 8.0 7.4 2.5 2.5 4 0 1 3 3
2514.6 1126.5 -0.4 129 0 7.4 8.0 2.5 2.5 2 1 1 4 4
2537.1 1135.0 -0.2 39 0 8.0 7.4 2.5 2.5 2 0 1 3 3
2547.8 1147.2 -0.7 39 0 8.0 7.4 2.5 2.5 2 0 1 1 1
2556.7 1162.5 -1.5 39 0 8.0 7.4 2.5 2.5 4 0 1 5 5
2568.9 1172.9 -2.1 39 0 8.0 7.4 2.5 2.5 2 0 1 3 3
2576.6 1182.0 -2.5 39 0 8.0 7.4 2.5 2.5 2 0 1 3 3
2592.0 1198.8 -2.7 39 0 8.0 7.4 2.5 2.5 2 0 1 2 2
2602.1 1213.1 -2.3 39 0 8.0 7.4 2.5 2.5 2 0 1 1 1
2613.9 1225.4 -1.9 39 0 8.0 7.4 2.5 2.5 4 0 1 5 5
2623.4 1235.5 -1.7 39 0 8.0 7.4 2.5 2.5 2 0 1 2 2
2633.1 1247.2 -1.5 39 0 8.0 7.4 2.5 2.5 4 0 1 4 4
2642.7 1257.8 -1.8 39 0 8.0 7.4 2.5 2.5 2 0 1 3 3
2659.4 1276.5 -2.8 39 0 8.0 7.4 2.5 2.5 2 0 1 5 5
2674.5 1293.7 -3.2 39 0 8.0 7.4 2.5 0.0 0 0 1 1 1
2682.7 1302.9 -3.1 39 0 8.0 7.4 2.5 0.0 0 0 1 2 2
2692.8 1314.0 -2.5 39 0 8.0 7.4 2.5 0.0 0 0 1 3 3
2703.2 1326.5 -1.8 39 0 8.0 7.4 2.5 0.0 0 0 1 0 0
2712.6 1338.5 -1.1 39 0 8.0 7.4 2.5 2.5 2 0 1 5 5
2721.4 1347.8 -1.1 39 0 8.0 7.4 2.5 2.5 2 0 1 2 2
2727.1 1354.7 -1.1 39 0 8.0 7.4 2.5 2.5 2 0 1 1 1
2517.5 1180.6 -0.0 219 0 8.0 7.4 2.5 2.5 2 0 1 2 2
2522.2 1189.7 0.0 219 0 8.0 7.4 2.5 2.5 2 0 1 2 2
-312.8 -3315.8 0.7 28 0 8.2 11.1 2.5 2.5 2 1 1 2 2
-292.6 -3315.1 1.0 208 0 8.2 11.1 2.5 2.5 2 1 1 4 4
-286.6 -3301.3 1.3 208 0 8.2 11.1 2.5 2.5 2 1 1 0 0
-299.5 -3324.5 0.8 208 0 8.2 11.1 2.5 2.5 2 1 1 1 1
-271.4 -3285.1 1.4 118 0 11.1 8.2 5.0 2.5 2 0 2 1 1
-265.5 -3265.9 1.4 208 0 8.2 11.1 5.0 2.5 2 1 2 1 1
-310.6 -3289.1 0.9 28 0 8.2 11.1 2.5 2.5 2 1 1 3 3
-295.1 -3281.3 1.0 28 0 8.2 11.1 2.5 0.0 0 1 1 5 5
-286.7 -3270.9 1.1 28 0 8.2 11.1 2.5 2.5 4 1 1 1 1
-281.0 -3257.5 1.1 28 0 8.2 11.1 2.5 2.5 2 1 1 5 5
-275.2 -3244.7 1.1 28 0 8.2 11.1 2.5 2.5 2 1 1 1 1
-244.1 -3227.2 0.3 208 0 8.2 11.1 5.0 2.5 2 1 2 0 0
-231.2 -3204.2 -0.2 208 0 8.2 11.1 5.0 2.5 4 1 2 3 3
-224.2 -3192.9 -0.3 208 0 8.2 11.1 5.0 2.5 2 1 2 3 3
-210.1 -3187.5 -0.2 208 0 8.2 11.1 5.0 2.5 4 1 2 2 2
-202.4 -3166.9 0.8 208 0 8.2 11.1 5.0 2.5 2 1 2 4 4
-188.7 -3147.8 1.8 208 0 8.2 11.1 5.0 2.5 2 1 2 3 3
-188.7 -3132.2 1.1 208 0 8.2 11.1 5.0 2.5 2 1 2 3 3
-174.4 -3126.0 1.2 208 0 8.2 11.1 5.0 2.5 2 1 2 0 0
-178.9 -3109.5 0.6 208 0 8.2 11.1 5.0 2.5 2 1 2 1 1
-174.0 -3099.6 0.5 208 0 8.2 11.1 5.0 2.5 2 1 2 3 3
-179.4 -3081.4 -0.3 28 0 8.2 11.1 2.5 2.5 2 1 1 3 3
-188.1 -3090.7 -0.2 28 0 8.2 11.1 2.5 0.0 0 1 1 4 4
-195.8 -3100.3 -0.1 28 0 8.2 11.1 2.5 2.5 2 1 1 5 5
-206.6 -3122.1 -0.0 28 0 8.2 11.1 2.5 2.5 2 1 1 0 0
-214.8 -3133.4 -0.0 28 0 8.2 11.1 2.5 0.0 0 1 1 4 4
-229.4 -3166.0 0.1 28 0 8.2 11.1 2.5 2.5 2 1 1 3 3
-158.1 -3074.8 0.5 208 0 8.2 7.4 5.0 2.5 2 0 2 3 3
-159.9 -3045.4 -0.4 28 0 9.8 26.1 2.5 2.5 4 1 1 0 0
-206.1 -3019.5 -0.1 209 0 13.9 10.1 2.5 2.5 2 0 1 2 2
-214.3 -3037.0 -0.4 209 0 13.9 10.1 2.5 0.0 0 0 1 2 2
-228.6 -3063.2 -0.6 209 0 13.9 10.1 2.5 2.5 2 0 1 3 3
-264.7 -3050.8 -0.6 302 0 11.2 27.0 2.5 2.5 2 1 1 3 3
-281.2 -3111.1 -0.9 116 0 13.8 10.1 2.5 2.5 2 0 1 4 4
-233.2 -3144.5 -0.0 34 0 8.7 6.2 2.5 2.5 2 0 1 5 5
-252.0 -3181.2 0.1 303 0 6.2 8.6 2.5 2.5 2 1 1 5 5
-273.6 -3227.9 0.9 27 0 7.6 6.1 2.5 2.5 4 0 1 4 4
-293.9 -3212.2 0.5 206 0 7.5 6.1 2.5 2.5 2 0 1 4 4
-258.6 -3257.1 1.4 206 0 7.5 6.1 5.0 2.5 2 0 2 1 1
-233.6 -3255.2 1.0 206 0 7.5 6.1 5.0 2.5 2 0 2 3 3
-225.5 -3220.0 -0.3 206 0 7.5 6.1 5.0 2.5 2 0 2 1 1
-336.7 -3279.4 0.7 206 0 7.5 6.1 2.5 2.5 2 0 1 2 2
-278.2 -3345.8 1.0 117 0 6.1 7.6 2.5 0.0 0 1 1 3 3
-246.6 -3176.9 0.1 117 0 6.1 7.6 2.5 0.0 0 1 1 3 3
-146.0 -3113.0 -0.0 297 0 6.1 7.6 5.0 2.5 2 1 2 0 0
