6834.9 -6035.0 -56.6 293 0 9.8 7.0 5.0 2.5 2 0 2 4 4
6626.5 -5943.2 -77.1 282 0 20.4 11.2 5.0 2.5 2 0 2 5 5
6541.6 -5897.3 -70.5 280 0 9.5 11.2 5.0 2.5 2 1 2 5 5
6432.9 -5795.7 -90.8 312 0 6.7 12.4 2.5 2.5 2 1 1 4 4
6397.8 -5798.6 -89.1 124 0 19.6 9.3 5.0 0.0 0 0 2 2 2
6274.1 -5841.3 -72.1 121 0 6.7 15.8 5.0 2.5 2 1 2 5 5
6304.5 -5793.8 -76.0 310 0 8.1 14.8 5.0 2.5 2 1 2 2 2
6332.7 -5760.7 -79.4 35 0 9.4 32.5 5.0 2.5 2 1 2 2 2
6316.0 -5706.9 -88.4 310 0 13.4 30.6 5.0 2.5 2 1 2 1 1
-3658.9 -3509.3 -80.5 12 0 7.2 9.8 5.0 2.5 2 1 2 0 0
-3692.5 -3544.2 -78.5 195 0 14.6 11.8 5.0 2.5 2 0 2 0 0
-3704.0 -3560.0 -77.0 19 0 11.2 12.1 5.0 2.5 2 1 2 3 3
-3729.6 -3547.9 -77.4 197 0 14.9 14.7 5.0 2.5 2 0 2 4 4
-3718.3 -3521.8 -80.6 195 0 18.4 20.8 5.0 2.5 2 1 2 4 4
-3692.6 -3528.1 -80.1 194 0 9.2 15.9 5.0 2.5 2 1 2 3 3
-3689.2 -3511.9 -82.1 192 0 16.0 10.7 5.0 0.0 0 0 2 1 1
-3614.0 -3441.4 -91.1 273 0 6.9 14.4 5.0 2.5 2 1 2 0 0
-3605.2 -3442.7 -91.3 273 0 8.2 12.7 5.0 0.0 0 1 2 2 2
-3608.5 -3472.8 -84.4 91 0 15.5 12.2 5.0 2.5 4 0 2 0 0
-3628.5 -3473.1 -84.4 94 0 8.5 14.0 5.0 2.5 2 1 2 3 3
-3638.3 -3474.3 -85.2 93 0 8.2 14.9 5.0 2.5 2 1 2 0 0
-3633.2 -3441.3 -89.9 271 0 6.8 11.9 5.0 2.5 2 1 2 2 2
-3640.7 -3479.8 -80.0 268 0 7.1 10.3 5.0 2.5 2 1 2 5 5
-3626.3 -3501.4 -79.1 89 0 18.8 5.5 5.0 2.5 2 0 2 5 5
-3616.0 -3478.8 -79.1 270 0 8.9 12.1 5.0 2.5 2 1 2 4 4
-3624.9 -3477.7 -79.1 271 0 6.1 14.3 5.0 2.5 2 1 2 3 3
-3632.5 -3478.8 -79.4 269 0 6.8 15.8 5.0 2.5 4 1 2 1 1
-3586.9 -3445.9 -91.9 272 0 12.6 6.7 5.0 2.5 2 0 2 0 0
-3623.8 -3440.4 -90.9 273 0 9.8 16.2 5.0 2.5 2 1 2 0 0
-3650.2 -3481.1 -80.7 268 0 8.6 14.1 5.0 2.5 2 1 2 1 1
-3685.5 -3498.9 -82.4 183 0 9.1 15.1 5.0 2.5 2 1 2 1 1
-3684.3 -3487.1 -82.9 184 0 10.3 21.9 5.0 2.5 4 1 2 5 5
-3667.7 -3639.0 -62.8 10 0 12.7 8.6 5.0 2.5 2 0 2 2 2
-3665.9 -3643.4 -58.4 190 0 6.4 14.0 5.0 2.5 2 1 2 0 0
-3663.4 -3635.6 -60.4 189 0 7.6 13.3 5.0 2.5 2 1 2 3 3
-3661.8 -3626.0 -63.3 186 0 7.5 13.8 5.0 2.5 2 1 2 0 0
-3658.1 -3601.9 -70.3 180 0 9.5 12.4 5.0 2.5 2 1 2 2 2
-3660.4 -3615.2 -67.5 186 0 12.4 12.0 5.0 2.5 2 0 2 3 3
-3701.7 -3630.8 -65.3 184 0 7.5 13.3 5.0 2.5 2 1 2 3 3
-3722.3 -3582.9 -72.1 16 0 7.6 10.6 5.0 2.5 2 1 2 3 3
-3708.1 -3596.0 -72.0 13 0 11.0 13.5 5.0 2.5 2 1 2 5 5
-3736.6 -3560.2 -74.1 286 0 7.6 9.6 5.0 2.5 2 1 2 2 2
-3746.0 -3569.7 -70.5 291 0 17.5 9.2 5.0 2.5 2 0 2 0 0
-3742.3 -3557.4 -74.5 26 0 9.8 10.1 5.0 2.5 2 1 2 5 5
-3760.1 -3549.8 -73.0 11 0 7.2 10.5 5.0 2.5 2 1 2 4 4
-3539.7 -3630.0 -45.3 178 0 7.5 31.5 2.5 2.5 2 1 1 3 3
-3521.3 -3573.9 -55.9 272 0 12.1 22.6 2.5 2.5 2 1 1 1 1
-3472.0 -3605.7 -52.0 0 0 12.0 53.6 2.5 2.5 2 1 1 2 2
-3361.9 -3498.5 -91.4 96 0 8.4 7.5 5.0 2.5 2 0 2 3 3
-3351.6 -3500.8 -91.3 93 0 8.0 10.3 5.0 2.5 2 1 2 2 2
-3347.2 -3514.8 -80.1 272 0 16.1 19.3 5.0 2.5 2 1 2 1 1
-3332.3 -3516.9 -80.1 270 0 8.2 7.3 5.0 2.5 2 0 2 3 3
-3333.3 -3503.7 -89.2 95 0 8.8 9.8 5.0 2.5 2 1 2 0 0
-3324.6 -3503.7 -88.4 93 0 6.3 8.9 5.0 2.5 4 1 2 2 2
-3314.4 -3515.5 -80.5 269 0 9.3 7.2 5.0 2.5 2 0 2 3 3
-3313.2 -3498.4 -91.7 91 0 12.1 11.3 5.0 2.5 2 0 2 3 3
-3290.0 -3488.5 -90.4 273 0 9.8 5.2 5.0 2.5 2 0 2 2 2
-3292.4 -3500.9 -87.6 91 0 6.0 6.4 5.0 2.5 4 1 2 1 1
-3274.8 -3484.7 -91.7 271 0 12.3 10.9 5.0 2.5 2 0 2 2 2
-3265.0 -3512.8 -80.1 268 0 18.2 8.9 5.0 2.5 2 0 2 4 4
-3248.2 -3508.6 -80.4 271 0 11.4 12.3 5.0 2.5 2 1 2 0 0
-3233.4 -3503.4 -87.2 73 0 9.8 12.9 5.0 2.5 2 1 2 1 1
-3209.5 -3447.1 -92.2 238 0 6.4 6.9 5.0 2.5 2 1 2 5 5
-3204.0 -3434.9 -92.3 230 0 9.6 15.3 5.0 2.5 2 1 2 5 5
-3195.2 -3428.9 -91.1 228 0 9.4 11.6 5.0 2.5 2 1 2 0 0
-3187.5 -3421.0 -90.8 225 0 10.7 14.5 5.0 2.5 2 1 2 0 0
-3173.9 -3405.4 -91.1 214 0 8.8 12.3 5.0 2.5 2 1 2 5 5
-3019.2 -3439.4 -58.3 24 0 8.6 6.8 2.5 0.0 0 0 1 2 2
-4111.1 -3478.6 -61.6 196 0 6.6 11.6 5.0 0.0 0 1 2 4 4
-4095.9 -3460.4 -68.0 219 0 6.2 8.0 5.0 2.5 2 1 2 3 3
-4050.6 -3472.2 -74.6 317 0 9.6 7.9 5.0 0.0 0 0 2 4 4
-4073.2 -3477.7 -70.7 227 0 9.6 14.0 5.0 2.5 2 1 2 1 1
-4058.7 -3442.9 -79.1 41 0 5.2 9.4 5.0 2.5 2 1 2 4 4
-4050.9 -3449.4 -79.0 43 0 8.2 7.2 5.0 2.5 2 0 2 0 0
-4056.0 -3430.2 -80.8 316 0 9.3 6.6 5.0 2.5 2 0 2 3 3
-4067.2 -3410.1 -87.8 117 0 9.4 8.7 5.0 0.0 0 0 2 4 4
-4044.5 -3409.9 -89.8 97 0 8.4 6.7 5.0 2.5 2 0 2 3 3
-4042.6 -3441.5 -80.0 38 0 4.5 7.6 5.0 0.0 0 1 2 4 4
-4039.7 -3431.2 -80.8 302 0 6.8 6.3 5.0 0.0 0 0 2 5 5
-4041.7 -3447.0 -79.5 212 0 18.5 15.4 5.0 2.5 2 0 2 3 3
-4019.0 -3503.2 -68.1 270 0 8.0 15.2 5.0 2.5 2 1 2 4 4
-4023.9 -3521.0 -64.0 270 0 10.6 6.7 5.0 2.5 2 0 2 1 1
-4045.7 -3483.1 -72.0 321 0 4.3 6.3 5.0 2.5 2 1 2 3 3
-4056.6 -3508.8 -68.1 319 0 10.2 5.5 5.0 0.0 0 0 2 2 2
-4066.6 -3512.3 -66.4 230 0 7.2 7.4 5.0 2.5 2 1 2 0 0
-4094.9 -3510.7 -60.6 199 0 5.0 9.0 5.0 2.5 2 1 2 3 3
-4087.7 -3504.2 -62.7 221 0 7.0 7.0 5.0 2.5 2 0 2 5 5
-4080.1 -3498.5 -65.2 222 0 7.8 5.9 5.0 2.5 2 0 2 0 0
-4080.4 -3486.1 -67.6 224 0 9.5 7.3 5.0 2.5 2 0 2 4 4
-4086.7 -3493.9 -63.9 223 0 5.9 6.7 5.0 2.5 2 1 2 4 4
-4076.7 -3544.1 -57.1 181 0 10.2 6.8 5.0 2.5 4 0 2 4 4
-4095.8 -3523.1 -57.7 182 0 5.4 8.6 5.0 2.5 2 1 2 4 4
-4096.8 -3551.9 -51.5 181 0 7.6 14.3 5.0 2.5 2 1 2 5 5
-4054.7 -3487.3 -70.3 314 0 8.3 5.9 5.0 2.5 2 0 2 4 4
-4064.8 -3494.2 -69.6 234 0 7.1 5.6 5.0 2.5 2 0 2 1 1
-4042.0 -3494.3 -70.4 327 0 6.2 9.5 5.0 2.5 2 1 2 0 0
-4034.3 -3522.6 -64.1 266 0 6.6 11.7 5.0 2.5 2 1 2 3 3
-4030.2 -3501.5 -69.0 269 0 11.7 6.1 5.0 2.5 2 0 2 1 1
-4029.8 -3490.7 -71.1 184 0 6.3 7.8 5.0 0.0 0 1 2 1 1
-4042.6 -3468.3 -75.6 179 0 7.6 12.8 5.0 2.5 2 1 2 1 1
-4036.2 -3479.4 -73.5 181 0 8.5 11.1 5.0 2.5 2 1 2 1 1
-4005.5 -3467.7 -74.2 292 0 7.4 7.2 5.0 0.0 0 0 2 1 1
-4015.0 -3463.2 -75.5 297 0 10.2 6.4 5.0 2.5 2 0 2 0 0
-4008.1 -3500.0 -69.4 105 0 4.9 8.1 5.0 2.5 2 1 2 3 3
-4002.3 -3502.4 -69.4 104 0 5.8 10.2 5.0 2.5 2 1 2 0 0
-3995.1 -3505.9 -68.5 105 0 5.3 11.1 5.0 2.5 2 1 2 5 5
-3976.8 -3462.9 -75.0 281 0 5.4 8.2 5.0 2.5 4 1 2 3 3
-3955.7 -3518.4 -63.0 104 0 5.4 7.8 5.0 2.5 2 1 2 1 1
-3962.3 -3516.4 -64.4 104 0 5.4 9.3 5.0 0.0 0 1 2 5 5
-3970.7 -3513.9 -65.1 106 0 8.5 9.2 5.0 2.5 2 1 2 1 1
-3979.4 -3511.6 -65.7 105 0 7.2 8.9 5.0 2.5 2 1 2 4 4
-3846.3 -3559.2 -52.7 309 0 7.9 8.1 5.0 2.5 2 1 2 2 2
-3856.4 -3552.7 -52.5 299 0 8.4 8.7 5.0 2.5 2 1 2 2 2
-3804.3 -3538.5 -68.2 230 0 6.5 12.0 5.0 2.5 2 1 2 5 5
-3808.8 -3544.8 -66.1 233 0 6.9 9.5 5.0 2.5 2 1 2 0 0
-3821.6 -3517.7 -71.8 359 0 8.1 12.8 5.0 2.5 4 1 2 0 0
-3807.7 -3527.4 -71.5 41 0 7.4 8.9 5.0 2.5 2 1 2 3 3
-3812.3 -3500.2 -76.9 308 0 7.4 8.3 5.0 2.5 2 1 2 4 4
-3798.5 -3511.5 -75.5 309 0 13.3 12.5 5.0 2.5 2 0 2 3 3
-3797.9 -3533.0 -70.7 230 0 8.7 13.3 5.0 2.5 2 1 2 4 4
-3792.3 -3527.2 -72.4 229 0 5.3 10.7 5.0 2.5 2 1 2 2 2
-3786.7 -3522.4 -74.5 232 0 6.8 10.4 5.0 0.0 0 1 2 2 2
-3780.4 -3515.8 -76.9 235 0 8.4 13.5 5.0 0.0 0 1 2 4 4
-3775.2 -3508.2 -78.6 230 0 7.3 16.7 5.0 2.5 2 1 2 3 3
-3774.7 -3495.6 -82.3 112 0 11.0 7.4 5.0 2.5 2 0 2 0 0
-3779.2 -3501.6 -80.4 32 0 6.6 10.2 5.0 2.5 2 1 2 5 5
-3816.9 -3468.4 -85.4 267 0 7.0 11.5 5.0 0.0 0 1 2 4 4
-3795.0 -3465.1 -86.4 268 0 6.7 12.4 5.0 2.5 2 1 2 4 4
-3783.9 -3467.0 -86.2 275 0 8.0 9.2 5.0 2.5 2 1 2 4 4
-3773.3 -3467.8 -86.2 276 0 7.6 14.9 5.0 2.5 2 1 2 3 3
-3763.0 -3470.3 -86.0 275 0 8.5 12.2 5.0 2.5 2 1 2 0 0
-3753.8 -3472.9 -85.7 281 0 6.1 11.0 5.0 2.5 2 1 2 3 3
-3756.7 -3499.7 -82.7 105 0 8.4 11.3 5.0 2.5 2 1 2 1 1
-3755.5 -3517.3 -78.7 202 0 7.1 7.8 5.0 2.5 2 1 2 1 1
-3743.8 -3537.9 -76.7 24 0 6.8 7.0 5.0 2.5 4 1 2 4 4
-3730.6 -3535.0 -77.9 26 0 5.3 11.3 5.0 2.5 4 1 2 4 4
-3726.5 -3526.9 -78.8 20 0 7.5 14.7 5.0 2.5 4 1 2 4 4
-3724.0 -3515.2 -80.7 21 0 11.8 10.4 5.0 2.5 2 0 2 0 0
-3714.7 -3494.1 -84.0 12 0 6.9 11.2 5.0 2.5 2 1 2 0 0
-3717.6 -3503.7 -82.5 17 0 9.0 13.5 5.0 2.5 2 1 2 4 4
-3733.9 -3500.7 -82.0 11 0 8.1 12.2 5.0 2.5 2 1 2 0 0
-3738.0 -3489.0 -83.5 275 0 13.8 4.8 5.0 2.5 2 0 2 2 2
-3737.8 -3476.3 -85.6 273 0 14.3 10.7 5.0 2.5 2 0 2 4 4
-3661.2 -3457.4 -90.0 2 0 5.7 10.9 5.0 2.5 2 1 2 2 2
-3666.2 -3476.5 -85.9 93 0 9.7 10.2 5.0 2.5 2 1 2 3 3
-3686.4 -3475.2 -87.5 95 0 9.4 9.2 5.0 2.5 2 0 2 2 2
-3698.4 -3474.0 -90.9 93 0 10.1 18.7 5.0 2.5 2 1 2 3 3
-3709.1 -3471.9 -91.4 95 0 8.8 18.6 5.0 2.5 4 1 2 5 5
-3714.3 -3441.7 -95.4 2 0 7.6 10.0 5.0 2.5 2 1 2 3 3
-3727.6 -3470.5 -90.4 91 0 5.1 16.6 5.0 2.5 4 1 2 4 4
-3718.3 -3459.0 -91.3 93 0 9.8 6.5 5.0 2.5 4 0 2 4 4
-3719.4 -3472.2 -89.2 93 0 8.2 12.5 5.0 2.5 2 1 2 3 3
-3735.7 -3466.4 -91.0 91 0 9.4 14.7 5.0 2.5 2 1 2 0 0
-3745.9 -3463.7 -92.5 94 0 7.1 19.1 5.0 2.5 2 1 2 1 1
-3754.1 -3461.6 -92.8 94 0 6.9 17.6 5.0 2.5 2 1 2 2 2
-3762.7 -3460.9 -93.2 97 0 6.8 16.8 5.0 2.5 2 1 2 3 3
-3771.1 -3460.5 -93.3 91 0 8.8 15.4 5.0 2.5 2 1 2 1 1
-3780.9 -3460.6 -93.0 94 0 7.8 12.6 5.0 0.0 0 1 2 4 4
-3792.7 -3460.3 -92.6 89 0 10.4 11.5 5.0 2.5 2 1 2 4 4
-3807.3 -3459.4 -91.7 88 0 6.0 8.1 5.0 2.5 2 1 2 5 5
-3808.5 -3466.6 -86.0 263 0 8.0 10.9 5.0 0.0 0 1 2 5 5
-3833.7 -3466.2 -90.8 91 0 5.6 8.5 5.0 2.5 2 1 2 3 3
-3824.6 -3484.0 -82.5 91 0 6.1 6.9 5.0 2.5 2 1 2 0 0
-3838.6 -3475.1 -83.3 181 0 6.7 9.6 5.0 2.5 2 1 2 3 3
-3833.4 -3484.3 -80.5 91 0 6.7 4.4 5.0 2.5 2 0 2 2 2
-3842.3 -3486.3 -78.0 0 0 6.1 8.3 5.0 2.5 2 1 2 5 5
-3847.2 -3472.6 -81.3 270 0 7.9 8.7 5.0 2.5 4 1 2 1 1
-3858.6 -3472.6 -79.9 271 0 9.6 15.6 5.0 2.5 4 1 2 0 0
-3868.8 -3472.6 -78.4 269 0 6.6 13.6 5.0 2.5 2 1 2 5 5
-3876.6 -3472.5 -77.5 267 0 5.5 11.9 5.0 2.5 2 1 2 3 3
-3883.1 -3474.2 -76.3 268 0 6.6 12.0 5.0 2.5 2 1 2 2 2
-3894.0 -3472.6 -75.9 269 0 9.3 12.2 5.0 2.5 2 1 2 2 2
-3905.9 -3475.1 -73.8 274 0 7.6 9.5 5.0 2.5 2 1 2 0 0
-3918.6 -3474.8 -73.3 275 0 6.9 8.1 5.0 2.5 2 1 2 2 2
-3946.4 -3471.3 -73.6 271 0 7.8 7.4 5.0 2.5 2 0 2 2 2
-3955.1 -3476.5 -73.9 7 0 14.0 6.0 5.0 2.5 2 0 2 2 2
-3970.0 -3464.4 -74.8 279 0 7.2 7.2 5.0 2.5 2 1 2 2 2
-3983.3 -3460.7 -75.3 281 0 6.6 12.3 5.0 2.5 2 1 2 3 3
-3991.9 -3458.1 -75.7 287 0 8.2 9.2 5.0 2.5 2 1 2 5 5
-3978.0 -3457.1 -82.4 110 0 11.3 8.0 5.0 2.5 4 0 2 5 5
-4002.6 -3447.2 -85.0 126 0 5.5 14.1 5.0 2.5 2 1 2 0 0
-4009.8 -3443.2 -85.7 124 0 7.5 13.5 5.0 2.5 2 1 2 1 1
-4024.1 -3433.6 -87.4 123 0 5.8 13.5 5.0 2.5 2 1 2 1 1
-4033.7 -3430.0 -86.2 127 0 10.2 12.3 5.0 2.5 2 1 2 2 2
-4086.2 -3416.1 -79.5 200 0 10.2 7.2 5.0 2.5 2 0 2 5 5
-4069.9 -3417.4 -80.4 306 0 5.8 6.0 5.0 2.5 2 1 2 3 3
-4071.4 -3425.9 -78.9 304 0 14.7 8.0 5.0 2.5 2 0 2 2 2
-4089.5 -3433.6 -76.0 212 0 9.4 17.2 5.0 2.5 4 1 2 2 2
-4098.9 -3448.7 -70.5 216 0 6.6 16.6 5.0 2.5 2 1 2 5 5
-6886.5 -2765.6 -57.9 277 0 7.3 10.9 5.0 2.5 2 1 2 3 3
-6843.9 -2763.3 -68.1 91 0 8.9 5.7 2.5 2.5 2 0 1 4 4
-6865.4 -2758.8 -66.5 88 0 4.9 3.6 2.5 2.5 2 0 1 5 5
-6856.4 -2761.7 -68.3 90 0 7.8 6.7 2.5 2.5 2 0 1 0 0
-6870.0 -2770.6 -58.0 270 0 5.0 7.3 5.0 2.5 2 1 2 1 1
-6861.0 -2774.3 -57.5 273 0 6.6 9.5 5.0 2.5 2 1 2 3 3
-6839.0 -2786.0 -55.4 271 0 5.0 5.9 5.0 2.5 2 1 2 1 1
-6847.5 -2798.9 -54.0 93 0 6.2 11.2 5.0 2.5 2 1 2 3 3
-6832.2 -2778.9 -58.9 267 0 4.5 10.0 5.0 2.5 2 1 2 5 5
-6825.3 -2780.6 -58.5 273 0 6.0 12.8 5.0 2.5 2 1 2 3 3
-6813.7 -2803.6 -54.7 87 0 6.0 10.5 5.0 2.5 2 1 2 4 4
-6812.4 -2772.1 -63.2 271 0 11.7 6.8 5.0 2.5 2 0 2 2 2
-6813.2 -2783.7 -58.8 273 0 9.4 6.1 5.0 2.5 2 0 2 0 0
-6805.8 -2782.1 -59.9 270 0 4.2 8.2 5.0 2.5 2 1 2 4 4
-6802.0 -2804.5 -56.1 89 0 6.5 11.2 5.0 2.5 2 1 2 1 1
-6788.9 -2797.5 -56.5 4 0 6.4 9.0 5.0 2.5 2 1 2 0 0
-6642.5 -2796.1 -75.3 205 0 16.5 55.8 5.0 2.5 4 1 2 2 2
-3786.0 -3552.5 -67.6 237 0 6.7 11.3 5.0 2.5 2 1 2 5 5
-3819.2 -3540.7 -65.3 276 0 8.0 12.1 5.0 2.5 2 1 2 4 4
-3856.0 -3583.9 -43.5 125 0 10.8 10.4 5.0 2.5 2 0 2 3 3
-3648.9 -3588.9 -70.3 183 0 7.8 6.9 5.0 2.5 2 0 2 1 1
-3627.4 -3508.7 -77.0 267 0 8.7 16.4 5.0 2.5 2 1 2 4 4
-3513.6 -3495.9 -74.4 94 0 7.6 9.4 5.0 0.0 0 1 2 4 4
-3340.9 -3551.1 -71.9 272 0 16.0 15.3 5.0 2.5 2 0 2 0 0
-3489.4 -3679.5 -35.6 91 0 13.1 19.2 2.5 2.5 4 1 1 1 1
-3669.1 -3669.4 -51.4 194 0 9.3 10.9 5.0 0.0 0 1 2 1 1
-3297.9 -3547.0 -73.0 270 0 11.9 8.5 5.0 0.0 0 0 2 1 1
-3319.4 -3542.9 -74.3 271 0 8.9 14.0 5.0 2.5 2 1 2 0 0
-3285.1 -3511.0 -81.2 273 0 12.4 19.1 5.0 2.5 2 1 2 1 1
-3255.1 -3541.0 -73.6 267 0 19.0 15.1 5.0 2.5 2 0 2 0 0
-3585.8 -3504.5 -73.8 271 0 6.2 13.5 5.0 2.5 2 1 2 3 3
-3571.1 -3497.4 -77.3 87 0 8.2 16.5 5.0 2.5 2 1 2 0 0
-3568.7 -3503.3 -72.5 266 0 9.1 11.7 5.0 0.0 0 1 2 2 2
-3870.2 -3517.6 -68.3 91 0 6.2 14.8 5.0 2.5 4 1 2 5 5
-3485.6 -3509.9 -74.4 117 0 11.7 15.3 5.0 2.5 2 1 2 1 1
-3645.0 -3511.1 -78.4 268 0 10.0 16.5 5.0 2.5 2 1 2 2 2
-3466.7 -3632.4 -44.4 359 0 14.3 36.1 2.5 2.5 2 1 1 2 2
-1481.1 -3745.8 -56.4 310 0 18.8 9.0 2.5 2.5 2 0 1 3 3
-1453.4 -3755.7 -48.4 303 0 7.7 8.1 2.5 2.5 2 1 1 4 4
-1457.9 -3770.0 -48.2 37 0 7.2 7.8 2.5 2.5 2 1 1 3 3
-1590.2 -3718.6 -78.7 102 0 15.6 15.1 2.5 2.5 2 0 1 5 5
-1541.9 -3673.3 -77.0 347 0 5.6 13.8 2.5 2.5 2 1 1 0 0
-1540.2 -3681.0 -76.0 348 0 5.7 13.4 2.5 2.5 2 1 1 5 5
-1535.0 -3695.6 -74.5 346 0 5.5 15.5 2.5 2.5 4 1 1 0 0
-1534.9 -3711.7 -72.6 75 0 17.1 9.3 2.5 2.5 2 0 1 1 1
-1542.8 -3723.8 -70.0 249 0 13.9 8.9 2.5 2.5 2 0 1 2 2
-1537.8 -3737.8 -65.8 250 0 7.7 7.7 2.5 2.5 2 0 1 3 3
-1585.5 -3742.1 -72.3 162 0 6.4 9.7 2.5 2.5 2 1 1 4 4
-1581.2 -3752.4 -70.4 163 0 7.8 10.7 2.5 2.5 2 1 1 3 3
-1571.1 -3768.3 -67.1 167 0 9.1 12.1 2.5 2.5 2 1 1 1 1
-1604.5 -3770.6 -68.7 174 0 9.7 10.8 2.5 2.5 2 1 1 3 3
-1618.1 -3788.7 -66.2 357 0 8.9 5.8 2.5 2.5 2 0 1 4 4
-1607.9 -3760.0 -70.5 176 0 6.1 11.7 2.5 2.5 2 1 1 4 4
-1592.6 -3745.1 -72.7 353 0 5.9 10.5 2.5 2.5 2 1 1 2 2
-1601.2 -3731.7 -74.7 260 0 8.3 8.9 2.5 2.5 2 1 1 2 2
-1609.2 -3734.3 -74.8 262 0 9.2 8.4 2.5 2.5 2 0 1 1 1
-1606.2 -3725.4 -77.3 75 0 16.9 7.2 2.5 2.5 2 0 1 2 2
-1615.7 -3714.2 -78.9 169 0 7.4 9.5 2.5 2.5 2 1 1 5 5
-1626.8 -3715.4 -79.9 350 0 7.7 10.7 2.5 2.5 2 1 1 5 5
-1627.5 -3729.5 -77.9 359 0 7.1 11.3 2.5 2.5 2 1 1 0 0
-1640.2 -3742.5 -75.5 178 0 5.6 6.8 2.5 2.5 2 1 1 2 2
-1623.3 -3740.8 -75.3 355 0 6.5 9.6 2.5 2.5 2 1 1 0 0
-1620.3 -3761.3 -71.6 356 0 9.0 7.9 2.5 2.5 2 0 1 3 3
-1622.8 -3750.9 -73.4 354 0 6.3 10.9 2.5 2.5 2 1 1 0 0
-1638.6 -3770.2 -70.6 183 0 9.5 4.4 2.5 2.5 2 0 1 1 1
-1642.6 -3782.8 -67.9 270 0 10.2 12.3 2.5 2.5 2 1 1 4 4
-1652.6 -3734.1 -77.5 357 0 7.0 4.9 2.5 2.5 2 0 1 1 1
-1651.5 -3744.1 -75.9 0 0 8.3 9.4 2.5 2.5 2 1 1 1 1
-1651.6 -3755.9 -73.7 358 0 9.8 9.4 2.5 2.5 2 0 1 5 5
-1660.8 -3766.3 -70.2 0 0 7.0 5.6 2.5 2.5 2 0 1 1 1
-1652.9 -3777.1 -69.2 3 0 6.7 9.9 2.5 2.5 2 1 1 5 5
-1652.7 -3782.9 -68.1 269 0 5.3 8.0 2.5 2.5 2 1 1 1 1
-1656.0 -3787.2 -68.0 0 0 7.9 5.7 2.5 2.5 2 0 1 2 2
-1664.6 -3791.3 -66.7 90 0 3.0 6.8 2.5 2.5 4 1 1 5 5
-1138.0 -3689.6 -64.2 205 0 5.8 6.1 2.5 2.5 2 1 1 3 3
-1136.7 -3701.2 -63.0 219 0 9.1 7.0 2.5 2.5 2 0 1 4 4
-1121.6 -3707.9 -64.6 27 0 7.7 5.9 2.5 2.5 2 0 1 0 0
-1124.5 -3692.2 -67.2 208 0 8.4 4.7 2.5 2.5 2 0 1 5 5
-1106.5 -3706.7 -67.7 32 0 8.9 9.5 2.5 2.5 2 1 1 0 0
-1088.5 -3723.8 -67.6 128 0 5.4 8.9 2.5 2.5 2 1 1 3 3
-1098.0 -3723.7 -67.4 127 0 6.2 13.0 2.5 2.5 2 1 1 1 1
-1102.2 -3710.1 -68.2 220 0 13.3 7.3 2.5 2.5 2 0 1 5 5
-1087.4 -3691.3 -76.0 33 0 9.2 11.1 2.5 2.5 2 1 1 1 1
-1084.3 -3699.3 -72.6 222 0 8.1 8.8 2.5 2.5 2 1 1 4 4
-1066.7 -3693.6 -75.8 300 0 11.6 4.9 2.5 2.5 2 0 1 0 0
-1076.6 -3708.9 -71.2 229 0 5.6 10.2 2.5 2.5 2 1 1 1 1
-1069.5 -3728.4 -69.6 137 0 8.1 9.3 2.5 2.5 2 1 1 2 2
-1062.7 -3732.3 -68.5 142 0 3.5 5.9 2.5 2.5 2 1 1 4 4
-1054.3 -3704.0 -75.1 302 0 7.8 8.3 2.5 2.5 2 1 1 2 2
-1045.1 -3722.7 -71.9 299 0 7.5 5.1 2.5 2.5 4 0 1 5 5
-1039.4 -3714.2 -74.8 300 0 8.2 8.8 2.5 2.5 2 1 1 5 5
-1031.4 -3718.8 -74.9 302 0 6.3 13.3 2.5 0.0 0 1 1 5 5
-1022.7 -3733.8 -72.7 294 0 7.4 8.0 2.5 2.5 2 1 1 2 2
-1024.6 -3722.9 -74.9 299 0 4.5 10.8 2.5 0.0 0 1 1 3 3
-1017.5 -3726.5 -75.2 295 0 7.1 7.2 2.5 2.5 2 1 1 3 3
-1012.6 -3731.0 -74.8 299 0 3.2 8.2 2.5 2.5 2 1 1 2 2
-1004.8 -3735.1 -75.0 303 0 6.6 10.2 2.5 2.5 2 1 1 3 3
-960.0 -3763.7 -75.2 301 0 5.2 5.6 2.5 2.5 4 1 1 2 2
-961.8 -3771.0 -73.3 306 0 6.6 7.3 2.5 2.5 4 1 1 1 1
-955.0 -3774.8 -73.6 299 0 8.6 14.1 2.5 2.5 2 1 1 3 3
-989.0 -3746.0 -75.1 295 0 15.4 16.0 2.5 0.0 0 1 1 2 2
-1036.8 -3706.4 -80.6 127 0 7.2 6.7 2.5 2.5 2 0 1 5 5
-1025.4 -3712.3 -81.6 124 0 6.4 7.4 2.5 0.0 0 1 1 4 4
-1017.7 -3717.3 -82.7 125 0 7.6 9.3 2.5 2.5 2 1 1 4 4
-1001.0 -3708.9 -91.9 124 0 6.3 6.7 7.5 2.5 2 1 3 3 3
-992.0 -3715.2 -90.9 118 0 8.2 7.2 5.0 0.0 0 0 2 4 4
-995.2 -3736.7 -77.7 208 0 4.3 10.1 2.5 0.0 0 1 1 0 0
-987.7 -3736.9 -83.7 122 0 10.0 11.2 2.5 2.5 2 1 1 0 0
-968.8 -3727.5 -87.2 301 0 5.7 6.5 2.5 2.5 2 1 1 4 4
-970.6 -3747.8 -86.0 121 0 6.5 15.3 2.5 2.5 2 1 1 5 5
-953.7 -3736.1 -87.6 296 0 7.2 8.4 2.5 2.5 2 1 1 2 2
-945.0 -3741.1 -83.2 301 0 7.3 7.8 2.5 0.0 0 1 1 4 4
-954.3 -3755.5 -79.9 120 0 6.9 7.8 2.5 2.5 2 1 1 5 5
-938.9 -3747.1 -82.4 301 0 6.0 12.3 2.5 2.5 2 1 1 4 4
-941.0 -3762.3 -82.4 120 0 4.4 11.9 2.5 2.5 2 1 1 4 4
-935.9 -3768.2 -83.4 122 0 7.4 13.6 2.5 2.5 2 1 1 2 2
-961.2 -3808.3 -67.7 197 0 8.6 8.8 2.5 0.0 0 1 1 2 2
-943.1 -3804.3 -69.9 288 0 7.6 5.0 2.5 2.5 2 0 1 5 5
-945.4 -3809.6 -68.6 289 0 10.0 8.2 2.5 0.0 0 0 1 0 0
-942.4 -3780.6 -74.4 288 0 10.0 8.7 2.5 2.5 4 0 1 3 3
-942.2 -3796.4 -71.2 285 0 7.3 4.3 2.5 0.0 0 0 1 0 0
-934.4 -3811.4 -69.9 289 0 8.2 8.9 2.5 2.5 2 1 1 2 2
-925.2 -3814.5 -70.7 292 0 7.7 8.7 2.5 2.5 2 1 1 2 2
-932.9 -3783.7 -75.2 285 0 8.8 8.9 2.5 2.5 2 1 1 5 5
-923.6 -3790.1 -75.2 286 0 6.1 7.0 2.5 2.5 2 1 1 2 2
-914.3 -3801.8 -74.9 293 0 8.8 6.7 2.5 2.5 2 0 1 2 2
-907.5 -3805.6 -75.4 288 0 4.6 5.3 2.5 2.5 2 1 1 2 2
-917.7 -3819.2 -70.9 294 0 6.2 10.4 2.5 2.5 2 1 1 5 5
-913.4 -3825.9 -70.4 298 0 4.3 7.9 2.5 0.0 0 1 1 5 5
-907.4 -3819.4 -72.8 290 0 4.3 6.4 2.5 2.5 2 1 1 5 5
-901.7 -3822.3 -73.4 297 0 4.4 6.3 2.5 2.5 2 1 1 2 2
-906.6 -3828.5 -71.6 294 0 9.3 8.6 2.5 0.0 0 0 1 1 1
-886.2 -3847.1 -73.7 304 0 8.0 7.3 2.5 2.5 2 0 1 1 1
-882.4 -3842.4 -75.2 307 0 7.9 4.8 2.5 2.5 2 0 1 4 4
-880.3 -3836.4 -76.4 304 0 7.6 4.7 2.5 2.5 2 0 1 1 1
-871.9 -3851.4 -75.7 304 0 6.4 12.3 2.5 0.0 0 1 1 0 0
-873.6 -3841.0 -76.8 304 0 5.3 5.1 2.5 2.5 2 0 1 4 4
-869.1 -3834.7 -78.5 302 0 6.1 6.0 2.5 2.5 2 0 1 3 3
-871.5 -3826.0 -79.2 306 0 5.9 4.9 2.5 2.5 2 0 1 5 5
-863.5 -3830.0 -79.7 314 0 7.2 5.9 2.5 2.5 2 0 1 2 2
-861.5 -3861.2 -76.5 33 0 11.6 8.4 2.5 2.5 2 0 1 5 5
-863.6 -3904.8 -71.0 182 0 9.1 8.6 2.5 2.5 2 0 1 1 1
-852.4 -3894.2 -72.4 3 0 9.2 8.9 2.5 2.5 2 0 1 5 5
-832.7 -3929.5 -73.4 1 0 12.1 7.8 2.5 2.5 2 0 1 0 0
-822.0 -3885.7 -85.4 322 0 13.0 9.2 2.5 2.5 2 0 1 5 5
-830.5 -3906.6 -79.5 179 0 5.5 6.1 2.5 2.5 2 1 1 3 3
-815.6 -3905.6 -85.8 355 0 6.4 6.7 2.5 2.5 4 1 1 2 2
-815.2 -3913.9 -85.1 354 0 5.9 5.4 2.5 2.5 2 0 1 2 2
-813.1 -3925.9 -85.5 353 0 7.1 4.2 2.5 2.5 2 0 1 3 3
-828.8 -3928.1 -81.6 173 0 7.5 10.6 2.5 2.5 4 1 1 3 3
-825.7 -3939.1 -83.3 173 0 10.3 11.4 2.5 2.5 2 1 1 3 3
-822.6 -3950.8 -81.9 168 0 5.8 8.5 2.5 2.5 2 1 1 5 5
-809.9 -3958.0 -84.0 350 0 7.3 4.6 2.5 2.5 2 0 1 0 0
-817.7 -3975.1 -77.0 171 0 8.2 8.0 2.5 2.5 4 0 1 4 4
-804.3 -3973.5 -85.8 351 0 7.8 4.1 2.5 2.5 2 0 1 5 5
-815.1 -3987.4 -87.8 171 0 7.9 15.2 2.5 2.5 2 1 1 4 4
-813.2 -3997.9 -83.9 172 0 8.8 11.9 2.5 2.5 4 1 1 1 1
-794.5 -4007.6 -83.4 0 0 7.8 6.3 2.5 2.5 4 0 1 2 2
-813.0 -4009.3 -79.6 175 0 8.1 10.7 2.5 2.5 4 1 1 5 5
-790.1 -4016.8 -81.6 339 0 6.4 5.4 2.5 2.5 4 0 1 5 5
-812.7 -4026.6 -73.5 180 0 5.5 10.3 2.5 2.5 2 1 1 1 1
-808.8 -4019.9 -77.8 170 0 6.2 10.4 2.5 2.5 2 1 1 5 5
-804.5 -4055.7 -72.4 143 0 8.4 12.2 2.5 2.5 2 1 1 4 4
-780.5 -4047.8 -75.9 313 0 4.6 8.4 2.5 2.5 4 1 1 5 5
-795.5 -4064.5 -72.8 137 0 8.9 8.8 2.5 2.5 2 0 1 3 3
-790.4 -4073.4 -73.3 132 0 7.1 7.5 2.5 2.5 2 1 1 5 5
-778.7 -4068.1 -74.4 43 0 6.4 8.6 2.5 0.0 0 1 1 2 2
-772.4 -4053.8 -77.6 314 0 6.8 10.1 2.5 2.5 2 1 1 4 4
-767.6 -4072.3 -76.2 53 0 5.1 8.9 2.5 2.5 2 1 1 2 2
-774.0 -4078.3 -75.6 60 0 8.2 8.1 2.5 0.0 0 0 1 1 1
-782.1 -4086.7 -74.3 50 0 4.6 10.8 2.5 2.5 2 1 1 5 5
-961.1 -3877.4 -54.4 135 0 7.2 7.7 2.5 2.5 2 1 1 4 4
-953.3 -3894.6 -53.1 126 0 5.2 11.4 2.5 2.5 2 1 1 1 1
-945.2 -3915.5 -50.0 128 0 7.1 7.6 2.5 2.5 2 1 1 2 2
-952.0 -3907.7 -49.2 140 0 7.2 4.7 2.5 0.0 0 0 1 0 0
-946.6 -3900.2 -54.0 130 0 8.0 14.6 2.5 2.5 2 1 1 3 3
-937.0 -3904.0 -55.4 134 0 7.4 12.9 2.5 2.5 2 1 1 1 1
-918.0 -3910.3 -56.4 46 0 7.3 8.4 2.5 2.5 2 1 1 5 5
-923.7 -3890.2 -61.0 126 0 7.9 13.2 2.5 2.5 2 1 1 2 2
-932.8 -3884.3 -59.6 138 0 7.0 13.3 2.5 2.5 2 1 1 5 5
-934.5 -3873.8 -59.2 128 0 5.6 6.7 2.5 2.5 4 1 1 4 4
-944.5 -3875.7 -58.7 127 0 6.0 13.4 2.5 2.5 2 1 1 1 1
-952.7 -3871.5 -58.3 129 0 7.0 13.9 2.5 2.5 2 1 1 5 5
-960.7 -3862.3 -58.2 127 0 6.2 11.3 2.5 2.5 4 1 1 2 2
-968.3 -3855.3 -57.1 124 0 5.7 6.1 2.5 0.0 0 1 1 5 5
-990.4 -3831.0 -56.1 310 0 10.6 8.1 5.0 2.5 2 0 2 0 0
-985.7 -3821.5 -60.3 33 0 7.3 14.2 2.5 2.5 2 1 1 1 1
-975.8 -3824.6 -61.9 207 0 7.9 10.0 2.5 2.5 2 1 1 2 2
-947.2 -3844.2 -62.1 214 0 6.0 11.4 2.5 2.5 2 1 1 1 1
-941.8 -3838.9 -65.5 123 0 8.2 9.6 2.5 0.0 0 1 1 5 5
-927.9 -3834.7 -66.1 300 0 7.1 5.1 2.5 2.5 2 0 1 2 2
-935.4 -3841.7 -64.6 207 0 6.6 6.6 2.5 2.5 2 1 1 3 3
-936.6 -3853.0 -62.9 213 0 9.1 17.0 2.5 2.5 2 1 1 2 2
-921.4 -3852.1 -64.8 215 0 4.7 6.5 2.5 2.5 2 1 1 2 2
-912.3 -3846.7 -66.8 310 0 7.2 6.2 2.5 0.0 0 0 1 2 2
-903.5 -3852.5 -68.6 304 0 11.7 10.9 2.5 2.5 2 0 1 4 4
-903.2 -3896.0 -62.8 39 0 9.9 12.9 2.5 2.5 2 1 1 2 2
-896.9 -3905.5 -63.1 44 0 10.4 8.5 2.5 2.5 4 0 1 3 3
3417.9 -4774.2 -86.9 102 0 11.0 6.4 5.0 2.5 2 0 2 0 0
4106.2 -4951.5 -76.9 91 0 13.2 23.7 5.0 0.0 0 1 2 3 3
4083.7 -4942.2 -70.8 2 0 10.1 11.7 5.0 0.0 0 1 2 0 0
4255.5 -4973.9 -77.4 290 0 16.6 10.5 5.0 2.5 2 0 2 5 5
3419.4 -4803.3 -75.8 24 0 11.1 8.5 5.0 2.5 2 0 2 4 4
4437.3 -5024.1 -71.3 185 0 3.1 4.1 5.0 2.5 4 1 2 4 4
4442.4 -5039.7 -65.6 322 0 6.2 9.0 5.0 2.5 2 1 2 4 4
4288.3 -5020.4 -64.5 285 0 5.1 6.2 5.0 2.5 2 1 2 0 0
4283.3 -5007.9 -69.8 278 0 7.2 9.9 5.0 2.5 4 1 2 3 3
4272.4 -5007.4 -68.5 287 0 8.6 13.8 5.0 0.0 0 1 2 1 1
4248.1 -5026.6 -62.0 102 0 13.5 8.1 5.0 2.5 4 0 2 4 4
4226.3 -5002.6 -64.2 271 0 8.4 13.3 5.0 2.5 2 1 2 0 0
4215.9 -5002.0 -63.3 269 0 6.9 12.9 5.0 2.5 4 1 2 5 5
4206.9 -5002.5 -62.9 273 0 8.1 11.5 5.0 2.5 2 1 2 3 3
4129.4 -5001.8 -60.3 104 0 12.7 7.2 5.0 2.5 2 0 2 4 4
4133.3 -4985.8 -64.1 284 0 10.8 5.6 5.0 2.5 4 0 2 2 2
4137.3 -4974.1 -68.3 285 0 8.2 11.3 5.0 2.5 2 1 2 3 3
4162.1 -4969.1 -75.3 118 0 4.9 14.3 5.0 2.5 2 1 2 0 0
4157.6 -4955.9 -76.3 203 0 14.1 6.0 5.0 2.5 2 0 2 1 1
4148.7 -4949.4 -76.5 201 0 8.7 9.2 5.0 2.5 2 1 2 1 1
4168.5 -4938.0 -79.9 292 0 9.3 11.3 5.0 2.5 2 1 2 1 1
4158.3 -4935.1 -79.8 292 0 9.3 10.4 5.0 0.0 0 1 2 2 2
4185.9 -4944.2 -79.1 290 0 6.7 22.8 5.0 2.5 2 1 2 3 3
4173.9 -4974.5 -72.6 120 0 8.2 8.2 5.0 0.0 0 1 2 4 4
4180.2 -4980.7 -71.5 116 0 4.6 10.6 5.0 2.5 4 1 2 3 3
4195.0 -4982.0 -70.7 25 0 9.4 10.8 5.0 0.0 0 1 2 1 1
4199.1 -4971.5 -73.2 19 0 7.9 8.6 5.0 0.0 0 1 2 2 2
4190.1 -4966.2 -74.4 17 0 9.0 7.4 5.0 2.5 4 0 2 5 5
4192.6 -4948.8 -78.0 290 0 8.2 11.8 5.0 2.5 2 1 2 1 1
4203.9 -4959.9 -77.6 21 0 15.0 9.6 5.0 2.5 2 0 2 0 0
4210.0 -4959.5 -76.5 208 0 25.7 19.5 5.0 0.0 0 0 2 3 3
4233.4 -4996.2 -70.5 92 0 4.6 10.4 5.0 2.5 2 1 2 2 2
4224.0 -4988.5 -69.8 184 0 7.1 6.0 5.0 2.5 2 0 2 5 5
4239.9 -4964.6 -78.0 292 0 10.8 7.1 5.0 2.5 2 0 2 1 1
4227.0 -4974.0 -74.4 203 0 7.0 13.0 5.0 2.5 2 1 2 2 2
4273.7 -4979.0 -78.1 288 0 11.8 11.6 5.0 2.5 2 0 2 5 5
4290.7 -5004.9 -77.5 110 0 7.0 16.3 5.0 2.5 2 1 2 0 0
4314.7 -5012.3 -73.5 106 0 8.9 6.7 5.0 0.0 0 0 2 0 0
4329.6 -5008.5 -76.3 15 0 12.7 7.9 5.0 2.5 2 0 2 3 3
4342.3 -5005.6 -75.2 285 0 8.1 9.0 5.0 2.5 2 1 2 2 2
4355.0 -5009.4 -73.9 285 0 11.2 9.1 5.0 2.5 2 0 2 1 1
4368.7 -5013.5 -71.9 277 0 6.6 7.4 5.0 2.5 2 1 2 1 1
4384.1 -5018.5 -70.4 279 0 21.8 7.3 5.0 2.5 4 0 2 4 4
4409.2 -5005.5 -76.7 279 0 5.2 9.7 5.0 0.0 0 1 2 1 1
4394.2 -5014.5 -77.3 103 0 14.6 10.7 5.0 2.5 2 0 2 3 3
4381.3 -5012.1 -78.4 106 0 8.2 11.9 5.0 2.5 2 1 2 0 0
4372.0 -5009.4 -79.3 108 0 9.0 11.5 5.0 2.5 2 1 2 1 1
4361.9 -5006.0 -78.2 103 0 7.0 6.3 5.0 2.5 4 0 2 4 4
4355.5 -4989.7 -83.0 292 0 9.1 14.1 5.0 2.5 2 1 2 3 3
4340.8 -4998.4 -83.9 107 0 7.3 14.4 5.0 0.0 0 1 2 5 5
4331.8 -4995.6 -84.1 110 0 8.3 13.3 5.0 2.5 2 1 2 3 3
4320.1 -4990.2 -85.3 110 0 11.5 15.3 5.0 2.5 2 1 2 3 3
4289.0 -4979.6 -84.9 100 0 7.1 14.6 5.0 2.5 2 1 2 3 3
4279.0 -4962.9 -84.1 291 0 11.0 10.3 5.0 2.5 2 0 2 3 3
4265.6 -4968.6 -85.0 108 0 8.1 13.2 5.0 2.5 2 1 2 3 3
4217.3 -4948.4 -85.5 115 0 9.5 15.0 5.0 2.5 4 1 2 0 0
4158.2 -4926.0 -85.3 109 0 7.9 12.5 5.0 0.0 0 1 2 0 0
4165.5 -4925.4 -85.4 115 0 4.5 9.9 5.0 2.5 2 1 2 4 4
4190.8 -4913.4 -87.7 291 0 10.1 22.3 5.0 2.5 2 1 2 1 1
4172.6 -4929.2 -88.1 111 0 9.2 21.8 5.0 2.5 2 1 2 5 5
4173.6 -4907.7 -89.8 18 0 15.3 10.2 5.0 2.5 2 0 2 2 2
4140.7 -4890.9 -91.4 102 0 10.2 7.1 7.5 2.5 2 0 3 0 0
4139.2 -4899.4 -87.3 280 0 7.8 8.0 5.0 2.5 2 1 2 2 2
4133.9 -4917.0 -84.8 104 0 7.1 9.0 5.0 2.5 2 1 2 4 4
4128.2 -4898.9 -86.7 275 0 8.8 5.2 5.0 2.5 2 0 2 1 1
4074.6 -4903.5 -81.2 270 0 9.4 4.7 5.0 2.5 2 0 2 0 0
4082.5 -4920.8 -78.6 91 0 7.1 10.4 5.0 2.5 2 1 2 5 5
4091.8 -4919.2 -80.6 93 0 7.9 13.6 5.0 0.0 0 1 2 0 0
4100.7 -4919.1 -82.6 92 0 7.6 15.1 5.0 0.0 0 1 2 5 5
4118.7 -4893.9 -87.2 277 0 10.1 12.8 5.0 2.5 4 1 2 5 5
4115.3 -4917.9 -83.7 97 0 9.7 10.7 5.0 2.5 2 1 2 1 1
4148.7 -4939.6 -80.0 21 0 15.2 6.6 5.0 2.5 2 0 2 1 1
4139.4 -4928.0 -80.1 287 0 8.6 15.6 5.0 2.5 2 1 2 5 5
4129.5 -4923.6 -80.5 279 0 7.4 23.3 5.0 2.5 2 1 2 2 2
4091.2 -4946.6 -73.9 90 0 12.7 18.4 5.0 2.5 2 1 2 2 2
4068.8 -4927.5 -71.6 276 0 7.1 15.9 5.0 2.5 2 1 2 1 1
4060.3 -4928.1 -71.2 274 0 7.2 14.6 5.0 0.0 0 1 2 0 0
4053.1 -4927.4 -71.2 278 0 6.1 14.9 5.0 2.5 2 1 2 3 3
4043.2 -4925.8 -70.6 283 0 12.8 13.4 5.0 2.5 2 1 2 4 4
4030.4 -4923.0 -68.5 285 0 10.5 14.9 5.0 2.5 2 1 2 4 4
3500.5 -4891.4 -38.2 271 0 15.1 8.8 5.0 2.5 2 0 2 2 2
3482.6 -4914.3 -36.3 354 0 10.4 9.2 5.0 2.5 2 0 2 1 1
3422.7 -4977.5 -32.8 76 0 4.4 7.0 5.0 2.5 2 1 2 0 0
3415.5 -4923.5 -40.3 343 0 15.2 5.5 5.0 2.5 2 0 2 0 0
3424.0 -4920.0 -40.9 340 0 23.7 7.6 5.0 2.5 2 0 2 2 2
3400.4 -4887.4 -47.2 179 0 11.7 18.0 5.0 2.5 2 1 2 2 2
3442.6 -4779.7 -87.3 109 0 8.3 11.9 5.0 0.0 0 1 2 3 3
3433.8 -4777.5 -89.2 109 0 6.4 13.5 5.0 2.5 2 1 2 5 5
3424.1 -4767.2 -90.5 109 0 10.7 7.0 5.0 2.5 2 0 2 4 4
3411.9 -4761.3 -89.6 109 0 12.4 6.4 5.0 2.5 2 0 2 4 4
3404.8 -4770.4 -86.5 111 0 12.5 10.1 2.5 2.5 2 0 1 4 4
3379.0 -4754.1 -87.5 107 0 5.2 4.9 7.5 0.0 0 0 3 2 2
3376.4 -4760.9 -85.5 106 0 9.1 6.3 7.5 2.5 2 0 3 3 3
3384.6 -4764.0 -88.8 108 0 6.2 16.9 2.5 2.5 2 1 1 5 5
3392.3 -4766.9 -88.5 108 0 8.1 18.2 7.5 2.5 2 1 3 1 1
3374.5 -4809.2 -70.0 183 0 7.2 3.7 5.0 2.5 2 0 2 2 2
3363.9 -4791.9 -74.2 192 0 7.8 11.2 5.0 2.5 2 1 2 3 3
3381.6 -4774.0 -79.8 294 0 3.8 8.7 5.0 0.0 0 1 2 2 2
3373.6 -4770.8 -80.1 290 0 6.9 12.3 5.0 2.5 2 1 2 1 1
3409.4 -4801.3 -75.5 24 0 8.9 10.0 5.0 2.5 2 1 2 1 1
3398.8 -4778.5 -80.2 294 0 11.8 11.9 5.0 2.5 2 1 2 3 3
3409.9 -4782.5 -80.2 284 0 10.0 12.2 5.0 2.5 2 1 2 0 0
3423.4 -4791.2 -80.6 16 0 10.8 9.0 5.0 2.5 2 0 2 1 1
3430.4 -4790.0 -76.7 199 0 9.2 14.5 5.0 2.5 2 1 2 1 1
3422.8 -4807.0 -72.1 197 0 9.5 16.1 5.0 2.5 2 1 2 5 5
3414.7 -4827.3 -66.5 194 0 11.5 13.7 5.0 2.5 2 1 2 1 1
3389.0 -4929.8 -39.5 348 0 19.4 11.2 5.0 0.0 0 0 2 1 1
3374.1 -4907.0 -41.8 356 0 13.6 10.2 5.0 2.5 2 0 2 5 5
3394.7 -4888.3 -46.4 349 0 10.2 16.2 5.0 2.5 2 1 2 0 0
3428.0 -4859.9 -54.7 167 0 9.1 14.7 5.0 2.5 2 1 2 4 4
3453.7 -4830.4 -62.6 356 0 7.9 8.3 5.0 2.5 2 1 2 4 4
3461.4 -4831.8 -61.2 355 0 6.4 6.2 5.0 2.5 2 0 2 1 1
3471.0 -4833.9 -59.5 357 0 3.9 7.1 5.0 2.5 2 1 2 0 0
3473.2 -4844.0 -57.1 7 0 7.7 8.4 5.0 2.5 2 1 2 2 2
3463.3 -4843.0 -58.7 2 0 9.1 13.3 5.0 0.0 0 1 2 5 5
3437.6 -4845.7 -58.2 179 0 6.7 7.3 5.0 0.0 0 1 2 5 5
3425.4 -4846.4 -59.2 175 0 8.4 10.1 5.0 0.0 0 1 2 0 0
3449.7 -4899.3 -40.1 261 0 11.9 9.2 5.0 2.5 2 0 2 3 3
3450.2 -4891.8 -45.4 88 0 20.1 10.9 5.0 2.5 2 0 2 5 5
3430.4 -4895.9 -47.2 83 0 13.6 16.9 5.0 2.5 2 1 2 2 2
3463.3 -4857.6 -51.5 273 0 5.0 9.4 5.0 2.5 2 1 2 4 4
3473.5 -4886.4 -45.2 90 0 11.3 10.9 5.0 2.5 2 0 2 4 4
3479.5 -4864.9 -50.6 359 0 12.5 12.7 5.0 2.5 2 1 2 0 0
3492.3 -4872.7 -46.3 274 0 12.3 9.1 5.0 2.5 4 0 2 4 4
3426.1 -4905.2 -41.4 168 0 9.0 13.7 5.0 2.5 2 1 2 0 0
3429.3 -4917.0 -39.6 161 0 7.9 9.8 5.0 2.5 2 1 2 5 5
3432.3 -4927.8 -38.2 165 0 11.0 10.8 5.0 2.5 2 0 2 0 0
3463.2 -4948.3 -33.8 72 0 9.8 9.1 5.0 2.5 2 0 2 5 5
3460.1 -4937.7 -35.4 71 0 8.8 8.4 5.0 2.5 2 0 2 0 0
3479.7 -4894.1 -39.6 3 0 5.6 5.3 5.0 2.5 2 0 2 0 0
3462.1 -4912.5 -37.3 261 0 8.1 7.1 5.0 2.5 2 0 2 5 5
3460.2 -4895.4 -39.7 258 0 10.0 7.1 5.0 0.0 0 0 2 0 0
3514.2 -4937.9 -25.4 4 0 7.1 8.4 5.0 2.5 2 1 2 3 3
3478.8 -4942.5 -33.7 76 0 6.4 16.4 5.0 2.5 4 1 2 3 3
3476.9 -4954.0 -26.6 249 0 9.7 11.9 5.0 2.5 2 1 2 3 3
3461.5 -4955.7 -29.6 252 0 13.3 7.2 5.0 2.5 2 0 2 0 0
3429.8 -4959.0 -33.8 258 0 12.2 14.6 5.0 2.5 4 1 2 4 4
3394.9 -4914.4 -41.8 166 0 9.1 15.3 5.0 2.5 2 1 2 2 2
3403.1 -4945.2 -38.0 165 0 15.0 9.0 5.0 2.5 4 0 2 3 3
3398.5 -4928.5 -40.3 161 0 17.2 9.3 5.0 2.5 2 0 2 5 5
2477.7 -4506.7 -46.3 184 0 7.1 12.0 2.5 2.5 2 1 1 1 1
2368.0 -4549.6 -37.1 129 0 9.2 14.5 2.5 0.0 0 1 1 1 1
2383.8 -4463.9 -52.0 280 0 16.8 18.6 5.0 2.5 2 1 2 5 5
2280.2 -4384.4 -84.2 106 0 11.4 13.1 2.5 0.0 0 1 1 5 5
2356.6 -4581.3 -25.6 18 0 11.2 14.0 5.0 2.5 2 1 2 5 5
2444.4 -4432.5 -59.7 100 0 12.1 15.2 2.5 0.0 0 1 1 0 0
2328.6 -4419.3 -69.0 127 0 8.3 13.5 2.5 2.5 2 1 1 2 2
2234.6 -4440.6 -64.4 163 0 7.4 15.1 5.0 2.5 2 1 2 3 3
2283.4 -4433.2 -64.5 356 0 8.9 15.7 5.0 2.5 2 1 2 5 5
2285.0 -4449.5 -59.9 358 0 8.6 16.6 5.0 2.5 2 1 2 0 0
2259.5 -4455.4 -61.0 83 0 12.8 12.7 5.0 2.5 2 0 2 5 5
2239.3 -4450.4 -60.7 182 0 9.9 10.6 5.0 2.5 2 1 2 4 4
2312.2 -4493.7 -50.3 1 0 22.2 23.2 5.0 2.5 2 1 2 2 2
2294.2 -4459.5 -55.7 267 0 12.3 15.3 5.0 2.5 2 1 2 4 4
2271.0 -4503.7 -49.0 98 0 10.5 16.8 5.0 2.5 4 1 2 4 4
2256.6 -4490.2 -50.2 186 0 16.1 8.5 5.0 2.5 2 0 2 5 5
2241.0 -4492.9 -47.8 186 0 5.4 13.2 5.0 2.5 2 1 2 1 1
2231.4 -4466.3 -55.0 267 0 5.3 5.4 5.0 2.5 2 1 2 3 3
2222.0 -4504.2 -44.5 91 0 5.0 6.7 5.0 2.5 2 1 2 0 0
2273.7 -4537.1 -34.4 283 0 20.9 9.6 5.0 2.5 2 0 2 4 4
2308.9 -4542.7 -34.2 285 0 12.9 6.2 5.0 2.5 2 0 2 5 5
2338.5 -4549.0 -33.7 286 0 9.8 12.9 5.0 2.5 2 1 2 4 4
2362.6 -4566.3 -32.5 22 0 16.0 12.2 5.0 2.5 2 0 2 0 0
2503.8 -4482.2 -47.9 284 0 5.3 8.2 2.5 2.5 2 1 1 2 2
2483.2 -4488.9 -47.8 196 0 8.0 14.1 2.5 2.5 2 1 1 0 0
2521.6 -4491.6 -47.5 7 0 9.7 9.3 2.5 2.5 2 0 1 0 0
2503.7 -4470.2 -49.0 189 0 6.0 10.3 2.5 2.5 2 1 1 3 3
2486.8 -4433.3 -52.5 286 0 11.9 10.2 2.5 2.5 2 0 1 1 1
2473.6 -4477.6 -49.2 16 0 9.1 8.2 2.5 2.5 2 0 1 4 4
2464.5 -4448.2 -51.2 188 0 6.0 9.2 2.5 2.5 2 1 1 1 1
2458.4 -4455.3 -50.8 188 0 6.2 14.2 2.5 2.5 4 1 1 2 2
2468.9 -4464.9 -50.2 8 0 5.8 12.4 2.5 2.5 2 1 1 4 4
2464.1 -4473.8 -49.6 10 0 8.5 8.3 2.5 2.5 2 0 1 1 1
2425.9 -4434.5 -59.6 103 0 11.6 15.2 2.5 2.5 2 1 1 2 2
2438.4 -4459.7 -50.7 196 0 5.0 9.8 2.5 2.5 4 1 1 5 5
2447.1 -4467.7 -50.0 192 0 7.1 5.8 2.5 2.5 2 0 1 3 3
2444.5 -4477.4 -49.4 193 0 8.8 9.4 2.5 2.5 4 1 1 2 2
2434.8 -4473.0 -49.8 195 0 7.8 8.9 2.5 2.5 2 1 1 1 1
2441.2 -4550.0 -40.0 111 0 12.4 11.9 2.5 2.5 2 0 1 0 0
2455.7 -4516.1 -44.5 19 0 9.0 7.4 2.5 2.5 2 0 1 4 4
2429.5 -4489.7 -48.4 194 0 12.1 12.4 2.5 0.0 0 1 1 3 3
2425.8 -4503.9 -46.6 197 0 7.5 16.2 2.5 0.0 0 1 1 1 1
2423.5 -4517.7 -44.7 199 0 9.4 9.0 2.5 2.5 2 0 1 5 5
2408.4 -4506.0 -46.9 287 0 13.9 11.0 5.0 0.0 0 0 2 3 3
2424.9 -4483.6 -49.5 17 0 16.0 11.4 5.0 2.5 2 0 2 2 2
2420.8 -4499.0 -47.9 17 0 8.4 14.7 5.0 2.5 2 1 2 1 1
2410.1 -4470.3 -49.9 289 0 10.3 4.7 5.0 0.0 0 0 2 0 0
2406.1 -4478.1 -49.3 284 0 6.6 7.5 5.0 2.5 2 1 2 0 0
2396.7 -4475.5 -49.8 274 0 6.3 7.0 5.0 0.0 0 1 2 5 5
2370.1 -4502.7 -48.9 191 0 11.5 17.7 5.0 2.5 2 1 2 0 0
2391.4 -4510.5 -46.3 279 0 8.2 13.2 5.0 2.5 2 1 2 0 0
2369.3 -4514.3 -46.1 186 0 8.0 12.5 5.0 2.5 2 1 2 4 4
2374.8 -4531.9 -43.4 98 0 16.7 10.0 5.0 2.5 2 0 2 5 5
2357.6 -4539.6 -39.4 11 0 11.7 8.9 5.0 2.5 2 0 2 3 3
2339.4 -4529.3 -40.0 282 0 9.8 9.1 5.0 2.5 2 0 2 1 1
2327.1 -4527.6 -40.0 272 0 7.1 8.8 5.0 2.5 2 1 2 0 0
2330.8 -4519.3 -44.6 107 0 10.7 9.6 2.5 2.5 4 0 1 4 4
2358.6 -4512.5 -45.6 11 0 5.6 6.9 2.5 2.5 2 1 1 0 0
2360.0 -4524.3 -42.7 6 0 5.8 8.0 2.5 2.5 2 1 1 5 5
2363.8 -4500.1 -49.0 8 0 6.5 7.1 2.5 2.5 2 1 1 5 5
2352.2 -4495.9 -48.7 274 0 4.3 10.3 2.5 2.5 2 1 1 0 0
2345.0 -4494.4 -48.8 272 0 8.1 8.9 2.5 2.5 2 1 1 2 2
2369.7 -4471.4 -52.4 349 0 7.3 4.5 2.5 2.5 2 0 1 5 5
2363.2 -4472.9 -52.7 6 0 5.7 4.4 2.5 2.5 2 0 1 1 1
2356.9 -4487.6 -51.5 95 0 3.9 9.4 2.5 2.5 2 1 1 3 3
2367.0 -4486.6 -51.4 12 0 12.5 6.6 2.5 2.5 2 0 1 2 2
2347.3 -4489.3 -50.9 97 0 8.7 7.2 2.5 2.5 2 0 1 2 2
2371.4 -4456.3 -54.2 358 0 7.6 7.2 2.5 2.5 4 0 1 3 3
2356.3 -4451.8 -55.0 264 0 6.9 10.9 2.5 2.5 2 1 1 0 0
2357.3 -4471.4 -53.1 14 0 8.0 4.5 2.5 2.5 2 0 1 0 0
2323.1 -4468.4 -54.5 189 0 7.2 11.7 2.5 2.5 2 1 1 1 1
2310.7 -4407.7 -73.2 122 0 8.4 6.1 2.5 2.5 2 0 1 0 0
2302.2 -4405.6 -75.3 114 0 6.7 10.0 2.5 2.5 2 1 1 2 2
2295.1 -4400.5 -78.5 117 0 7.9 13.8 2.5 2.5 2 1 1 2 2
2264.5 -4379.0 -85.6 114 0 5.0 12.1 2.5 0.0 0 1 1 5 5
2258.1 -4372.7 -87.6 124 0 9.0 10.1 2.5 2.5 2 1 1 2 2
2310.3 -4416.5 -68.3 304 0 8.3 3.1 5.0 2.5 2 0 2 3 3
2292.6 -4432.7 -63.1 217 0 5.6 11.9 5.0 2.5 2 1 2 5 5
2297.2 -4422.4 -67.8 214 0 14.0 11.7 5.0 0.0 0 0 2 0 0
2287.5 -4405.8 -72.4 301 0 8.1 9.5 5.0 2.5 2 1 2 0 0
2261.1 -4395.4 -75.8 263 0 3.1 7.0 5.0 2.5 2 1 2 0 0
2269.6 -4394.4 -75.9 269 0 9.8 8.6 5.0 2.5 4 0 2 0 0
2252.1 -4397.0 -75.7 258 0 9.2 14.9 5.0 2.5 2 1 2 1 1
2247.3 -4419.4 -69.8 173 0 7.1 6.8 5.0 2.5 2 0 2 5 5
2236.1 -4422.6 -69.6 166 0 8.7 7.3 5.0 2.5 2 0 2 5 5
2228.1 -4425.4 -68.9 165 0 8.8 7.5 5.0 0.0 0 0 2 1 1
2233.6 -4388.2 -80.2 173 0 7.6 5.1 5.0 2.5 2 0 2 2 2
2232.1 -4404.9 -75.3 171 0 10.0 14.4 5.0 2.5 2 1 2 2 2
2222.6 -4406.7 -74.6 169 0 8.1 7.2 5.0 2.5 2 0 2 3 3
2184.3 -4435.9 -63.9 272 0 3.6 8.8 2.5 2.5 2 1 1 4 4
2177.5 -4443.8 -66.1 9 0 8.2 3.6 2.5 2.5 2 0 1 2 2
2189.0 -4462.4 -57.0 99 0 4.0 7.7 2.5 2.5 2 1 1 5 5
2182.6 -4463.0 -56.3 95 0 7.6 6.8 2.5 2.5 2 0 1 0 0
2168.9 -4461.0 -60.7 96 0 13.0 6.6 2.5 2.5 2 0 1 2 2
2179.8 -4470.6 -51.7 279 0 13.5 7.1 5.0 2.5 2 0 2 2 2
2173.6 -4489.6 -47.2 96 0 3.4 7.8 5.0 2.5 2 1 2 1 1
2167.8 -4487.0 -47.1 100 0 6.8 5.2 5.0 2.5 2 0 2 0 0
2143.5 -4527.9 -30.3 186 0 6.9 13.8 5.0 2.5 2 1 2 3 3
2151.0 -4521.9 -35.6 99 0 7.1 10.4 5.0 2.5 2 1 2 3 3
2143.6 -4511.2 -35.0 280 0 8.5 6.6 5.0 2.5 2 0 2 3 3
2111.2 -4506.2 -35.4 270 0 12.1 6.0 5.0 2.5 2 0 2 2 2
2109.2 -4492.1 -44.7 96 0 8.3 10.2 5.0 2.5 2 1 2 3 3
2086.5 -4488.3 -44.6 181 0 6.8 16.0 5.0 2.5 2 1 2 5 5
2085.7 -4496.9 -39.9 312 0 8.2 15.6 5.0 2.5 4 1 2 3 3
-3448.6 -3931.0 51.2 96 0 9.6 10.6 5.0 2.5 2 1 2 3 3
-3468.1 -3979.0 58.6 95 0 7.3 12.8 5.0 2.5 2 1 2 5 5
-3457.3 -3977.9 57.8 93 0 11.7 19.1 5.0 2.5 2 1 2 1 1
-3417.9 -4042.4 72.6 346 0 7.8 7.8 5.0 2.5 2 1 2 0 0
-3416.2 -4063.2 75.9 356 0 6.7 9.4 5.0 2.5 2 1 2 1 1
-3421.6 -4082.9 79.5 259 0 8.4 5.6 5.0 2.5 2 0 2 5 5
-3422.8 -4076.1 77.0 89 0 11.1 6.2 5.0 2.5 4 0 2 5 5
-3409.9 -4087.4 82.0 271 0 7.3 9.4 5.0 2.5 4 1 2 0 0
-3399.5 -4099.0 83.3 88 0 6.3 13.8 5.0 2.5 2 1 2 1 1
-3380.8 -4088.9 86.0 3 0 8.2 4.0 5.0 2.5 2 0 2 0 0
-3390.4 -4092.3 84.3 90 0 6.3 9.6 5.0 2.5 2 1 2 3 3
-3383.5 -4073.7 82.3 2 0 6.7 10.5 5.0 2.5 2 1 2 4 4
-3409.6 -4046.9 75.6 175 0 7.7 10.5 5.0 2.5 2 1 2 3 3
-3409.1 -4030.7 73.1 193 0 11.3 18.5 5.0 2.5 4 1 2 4 4
-3402.0 -4002.8 70.2 267 0 3.5 7.4 5.0 0.0 0 1 2 5 5
-3411.8 -4007.7 69.0 178 0 8.5 7.2 5.0 0.0 0 0 2 3 3
-3417.9 -4008.0 68.2 177 0 8.1 5.2 5.0 2.5 2 0 2 1 1
-3398.2 -3986.6 67.2 270 0 7.6 12.6 5.0 2.5 2 1 2 4 4
-3407.6 -3988.8 66.8 268 0 8.3 11.7 5.0 2.5 2 1 2 3 3
-3416.9 -3989.6 65.6 269 0 6.2 12.6 5.0 2.5 2 1 2 2 2
-3427.2 -3982.4 63.1 91 0 7.8 7.1 5.0 2.5 2 0 2 4 4
-3427.7 -3975.0 62.3 88 0 10.9 5.2 5.0 2.5 2 0 2 0 0
-3416.3 -3982.8 64.0 83 0 4.8 7.7 5.0 2.5 2 1 2 5 5
-3403.9 -3983.5 65.0 95 0 12.7 7.7 5.0 2.5 2 0 2 5 5
-3400.8 -3965.6 61.3 12 0 7.2 16.2 5.0 2.5 2 1 2 1 1
-3421.5 -3956.1 59.9 176 0 4.7 5.4 5.0 2.5 2 1 2 3 3
-3429.4 -3963.5 60.7 180 0 5.9 6.5 5.0 2.5 4 1 2 3 3
-3430.0 -3952.1 58.3 183 0 7.2 7.2 5.0 2.5 2 0 2 0 0
-3429.3 -3945.8 57.5 186 0 3.4 8.1 5.0 2.5 2 1 2 3 3
-3417.5 -3927.7 53.7 279 0 6.1 6.5 5.0 2.5 2 1 2 3 3
-3433.9 -3933.5 52.9 108 0 8.6 9.2 5.0 2.5 2 1 2 0 0
-3436.5 -3946.2 55.7 10 0 10.0 6.2 5.0 2.5 2 0 2 0 0
-3447.9 -3936.0 54.0 274 0 9.1 6.0 5.0 2.5 2 0 2 2 2
-3448.6 -3943.8 55.5 279 0 8.2 7.9 5.0 2.5 2 0 2 5 5
-3435.3 -3977.8 62.0 353 0 9.6 7.3 5.0 2.5 2 0 2 2 2
-3437.8 -3987.7 63.5 267 0 8.5 7.4 5.0 2.5 2 0 2 0 0
-3431.7 -4000.2 64.4 356 0 6.8 11.7 5.0 2.5 2 1 2 5 5
-3429.9 -4009.5 65.4 356 0 7.6 12.4 5.0 0.0 0 1 2 5 5
-3429.4 -4017.8 66.9 352 0 6.6 9.0 5.0 2.5 2 1 2 4 4
-3428.1 -4033.2 69.4 354 0 7.6 8.8 5.0 2.5 2 1 2 5 5
-3426.8 -4046.7 72.0 344 0 8.5 7.0 5.0 2.5 2 0 2 4 4
-3435.0 -4048.7 71.2 357 0 6.9 5.6 5.0 2.5 2 0 2 5 5
-3451.1 -4032.2 66.0 352 0 13.2 11.0 5.0 0.0 0 0 2 4 4
-3483.6 -4048.4 66.2 177 0 7.3 31.1 5.0 2.5 2 1 2 1 1
-3473.2 -4067.6 68.6 65 0 6.9 5.3 5.0 2.5 2 0 2 5 5
-3483.0 -4071.1 67.9 58 0 8.7 7.9 5.0 0.0 0 0 2 2 2
-3483.2 -4079.3 69.4 326 0 6.3 8.4 5.0 2.5 2 1 2 4 4
-3468.8 -4105.8 75.1 89 0 7.6 4.8 5.0 0.0 0 0 2 4 4
-3468.7 -4093.5 73.9 271 0 7.6 6.0 5.0 2.5 2 0 2 5 5
-3477.8 -4088.6 71.8 272 0 6.1 9.4 5.0 2.5 2 1 2 5 5
-3496.6 -4107.4 70.6 64 0 6.7 8.0 5.0 2.5 4 1 2 4 4
-3412.9 -4127.7 89.5 269 0 8.2 5.9 5.0 2.5 2 0 2 0 0
-3418.7 -4138.3 91.1 179 0 4.7 9.5 5.0 2.5 2 1 2 3 3
-3377.1 -4074.7 83.7 359 0 6.8 8.8 5.0 0.0 0 1 2 5 5
-3388.0 -4074.9 82.3 359 0 5.9 7.8 5.0 2.5 2 1 2 5 5
-3378.5 -4089.2 86.4 179 0 10.3 4.2 5.0 2.5 2 0 2 1 1
-3380.5 -4091.0 86.5 359 0 5.8 4.2 5.0 2.5 2 0 2 3 3
-3390.0 -4093.6 84.3 89 0 7.7 10.8 5.0 2.5 2 1 2 2 2
-3387.7 -4101.3 87.6 269 0 6.9 7.5 5.0 2.5 2 1 2 5 5
-3400.4 -4082.0 82.7 269 0 6.6 11.7 5.0 2.5 2 1 2 5 5
-3399.4 -4100.8 85.2 89 0 6.4 3.8 5.0 2.5 2 0 2 5 5
-3411.8 -4105.7 83.4 89 0 8.2 7.1 5.0 2.5 2 0 2 3 3
-3411.4 -4086.2 81.6 269 0 7.1 10.4 5.0 2.5 4 1 2 1 1
-3384.3 -4061.6 81.3 0 0 4.1 4.9 5.0 2.5 2 1 2 4 4
-3408.3 -4061.4 78.3 180 0 5.0 9.5 5.0 2.5 2 1 2 4 4
-3402.0 -4046.8 76.8 180 0 7.6 6.3 5.0 2.5 2 0 2 0 0
-3411.1 -4048.0 75.7 180 0 6.4 8.3 5.0 2.5 2 1 2 0 0
-3409.5 -4031.5 73.1 188 0 10.2 19.0 5.0 2.5 2 1 2 5 5
-3399.0 -3988.6 67.5 268 0 9.3 11.6 5.0 2.5 2 1 2 1 1
-3408.9 -3989.7 66.8 268 0 6.9 11.9 5.0 2.5 2 1 2 4 4
-3401.0 -4002.4 70.0 268 0 6.9 7.1 5.0 0.0 0 1 2 3 3
-3411.2 -4007.3 69.2 178 0 6.3 5.0 5.0 2.5 2 0 2 3 3
-3417.9 -4007.7 68.3 178 0 5.6 4.9 5.0 2.5 2 0 2 1 1
-3420.5 -3995.8 65.5 178 0 12.3 6.7 5.0 2.5 2 0 2 0 0
-3431.3 -3945.7 57.0 184 0 6.2 8.7 5.0 2.5 4 1 2 3 3
-3422.6 -3953.9 59.2 184 0 6.7 9.3 5.0 2.5 2 1 2 2 2
-3431.4 -3953.1 58.5 184 0 5.9 6.4 5.0 2.5 2 1 2 1 1
-3397.6 -3966.3 61.9 4 0 6.8 8.9 5.0 2.5 4 1 2 2 2
-3418.0 -3963.6 61.6 184 0 5.7 10.5 5.0 2.5 2 1 2 2 2
-3406.2 -3984.0 65.0 94 0 8.4 7.9 5.0 2.5 4 0 2 0 0
-3417.3 -3982.8 63.7 94 0 6.1 9.6 5.0 2.5 2 1 2 4 4
-3429.7 -3963.3 60.6 184 0 6.4 7.7 5.0 2.5 2 1 2 1 1
-3430.7 -3971.4 62.2 184 0 5.2 7.6 5.0 2.5 2 1 2 4 4
-3427.5 -3982.5 63.3 94 0 5.0 5.7 5.0 2.5 4 1 2 5 5
-3433.0 -3932.5 52.7 94 0 8.4 9.2 5.0 2.5 2 1 2 3 3
-3445.3 -3929.2 51.6 94 0 7.4 8.1 5.0 2.5 2 1 2 3 3
-3453.2 -3928.6 51.4 94 0 5.5 7.3 5.0 2.5 2 1 2 1 1
-3435.7 -3946.0 55.5 4 0 12.1 6.9 5.0 2.5 2 0 2 0 0
-3448.4 -3937.0 54.2 274 0 8.2 13.5 5.0 2.5 2 1 2 3 3
-3468.2 -3938.4 53.3 274 0 10.4 8.5 5.0 2.5 2 0 2 3 3
-3458.7 -3977.8 57.0 94 0 12.0 22.5 5.0 2.5 2 1 2 4 4
-3469.5 -3978.8 58.4 94 0 7.6 13.0 5.0 2.5 2 1 2 3 3
-3436.1 -3978.4 62.1 357 0 7.4 7.8 5.0 0.0 0 1 2 0 0
-3440.0 -3987.9 63.3 267 0 11.8 6.5 5.0 2.5 2 0 2 3 3
-3432.5 -4000.5 64.3 357 0 7.0 12.8 5.0 2.5 2 1 2 3 3
-3431.1 -4010.4 65.5 357 0 6.7 12.5 5.0 2.5 2 1 2 2 2
-3429.1 -4017.6 66.7 357 0 5.8 10.2 5.0 2.5 2 1 2 0 0
-3426.8 -4032.2 69.1 352 0 7.5 11.8 5.0 2.5 2 1 2 3 3
-3421.1 -4039.3 72.7 262 0 8.4 9.0 5.0 2.5 2 1 2 5 5
-3426.3 -4045.9 71.6 352 0 9.7 7.8 5.0 2.5 2 0 2 5 5
-3427.6 -4055.3 73.8 352 0 4.5 4.8 5.0 2.5 2 1 2 0 0
-3436.5 -4048.6 71.2 352 0 5.9 5.4 5.0 0.0 0 0 2 0 0
-3438.2 -4060.4 72.2 82 0 9.1 6.5 5.0 2.5 2 0 2 3 3
-3416.8 -4064.2 75.8 358 0 9.4 8.5 5.0 2.5 2 0 2 3 3
-3421.7 -4077.2 77.3 87 0 11.7 5.8 5.0 2.5 2 0 2 0 0
-3450.0 -4032.8 65.9 357 0 15.4 11.5 5.0 2.5 4 0 2 4 4
-3482.9 -4048.2 66.1 177 0 9.0 29.7 5.0 2.5 2 1 2 4 4
-3471.9 -4068.5 68.4 81 0 9.3 8.0 5.0 2.5 2 0 2 0 0
-3479.7 -4067.3 67.9 351 0 6.7 9.6 5.0 2.5 2 1 2 0 0
-3482.1 -4079.9 69.0 0 0 5.3 8.5 5.0 2.5 4 1 2 4 4
-3494.5 -4087.6 69.5 180 0 5.5 8.9 5.0 2.5 2 1 2 4 4
-3469.2 -4083.4 72.3 270 0 6.8 8.2 5.0 2.5 4 1 2 5 5
-3469.5 -4093.8 73.9 270 0 6.6 4.9 5.0 0.0 0 0 2 2 2
-3479.7 -4089.2 71.7 270 0 5.0 9.0 5.0 2.5 4 1 2 4 4
-3468.5 -4104.1 74.8 90 0 9.7 4.2 5.0 2.5 2 0 2 4 4
-3495.9 -4110.0 70.5 61 0 8.2 11.4 5.0 2.5 2 1 2 1 1
-3465.4 -3489.7 -85.2 111 0 14.8 6.6 5.0 2.5 2 0 2 5 5
-3488.7 -3481.0 -86.5 111 0 13.0 9.6 5.0 2.5 2 0 2 5 5
-3518.5 -3469.0 -85.8 111 0 7.3 9.8 5.0 2.5 2 1 2 3 3
-3530.3 -3467.1 -86.3 95 0 6.7 12.2 5.0 0.0 0 1 2 2 2
-3576.5 -3468.5 -87.8 95 0 5.7 14.3 5.0 2.5 2 1 2 2 2
-3555.7 -3467.1 -91.3 88 0 7.5 16.8 5.0 2.5 2 1 2 0 0
-3594.8 -3470.6 -85.9 88 0 7.3 12.8 5.0 2.5 2 1 2 1 1
-3583.8 -3477.0 -78.6 268 0 5.0 11.6 5.0 2.5 2 1 2 3 3
-3591.0 -3478.0 -78.8 268 0 4.8 11.3 5.0 2.5 2 1 2 2 2
-3599.2 -3477.6 -79.2 265 0 6.5 15.0 5.0 2.5 2 1 2 4 4
-4095.1 -3441.4 -73.3 215 0 8.6 18.6 5.0 2.5 2 1 2 4 4
-4106.4 -3466.9 -65.0 212 0 9.3 12.7 5.0 2.5 2 1 2 4 4
-3718.3 -3478.5 -85.5 278 0 13.2 10.1 5.0 2.5 2 0 2 3 3
-4752.1 -3568.8 -58.5 183 0 6.7 10.2 2.5 2.5 2 1 1 5 5
-5751.5 -3075.0 -69.8 112 0 6.4 10.3 5.0 2.5 2 1 2 5 5
-5810.9 -3044.5 -72.2 131 0 7.4 8.6 5.0 2.5 2 1 2 2 2
-5800.0 -3065.9 -69.3 109 0 4.2 7.4 5.0 2.5 2 1 2 5 5
-5785.5 -3075.1 -68.8 120 0 6.2 6.5 5.0 2.5 2 1 2 3 3
-5794.6 -3054.9 -72.3 117 0 5.5 12.9 5.0 2.5 2 1 2 0 0
-5768.4 -3042.7 -73.1 294 0 9.8 4.4 5.0 2.5 4 0 2 0 0
-5771.4 -3049.0 -70.9 301 0 8.4 5.9 5.0 2.5 2 0 2 5 5
-5831.9 -2973.0 -79.6 298 0 4.2 7.9 5.0 2.5 2 1 2 1 1
-5827.1 -2979.6 -78.5 302 0 5.1 6.7 5.0 2.5 2 1 2 0 0
-5819.5 -2982.6 -80.7 300 0 5.1 9.1 5.0 2.5 2 1 2 2 2
-5814.5 -2988.4 -81.3 300 0 5.3 8.4 5.0 2.5 2 1 2 2 2
-5806.5 -2993.5 -83.1 301 0 5.9 9.4 5.0 2.5 2 1 2 5 5
-5797.9 -3001.3 -83.1 299 0 7.8 11.2 5.0 2.5 2 1 2 2 2
-5788.2 -3010.3 -82.2 282 0 11.4 14.7 5.0 0.0 0 1 2 4 4
-5777.4 -3026.7 -78.8 301 0 7.3 7.5 5.0 2.5 2 1 2 4 4
-5736.6 -3022.9 -81.0 295 0 8.3 10.2 5.0 2.5 2 1 2 2 2
-5737.3 -3055.4 -70.8 298 0 6.9 9.4 5.0 2.5 2 1 2 5 5
-5722.5 -3043.5 -73.6 298 0 5.6 11.6 5.0 2.5 2 1 2 0 0
-5728.8 -3031.7 -77.7 294 0 5.5 20.7 5.0 2.5 2 1 2 0 0
-5713.9 -3075.0 -67.2 87 0 7.9 9.5 5.0 2.5 2 1 2 1 1
-5679.6 -3062.9 -62.2 294 0 6.1 13.2 5.0 2.5 2 1 2 3 3
-5693.1 -3041.1 -78.4 295 0 8.9 10.2 5.0 2.5 2 1 2 1 1
-5696.4 -3019.2 -90.3 118 0 6.6 7.6 5.0 2.5 2 1 2 5 5
-5681.3 -3030.8 -88.2 102 0 3.9 7.1 5.0 2.5 2 1 2 5 5
-5675.1 -3039.6 -87.3 112 0 8.3 11.1 5.0 2.5 2 1 2 5 5
-5655.4 -3049.9 -76.4 113 0 6.0 13.0 5.0 2.5 2 1 2 3 3
-5629.6 -3053.4 -65.3 107 0 6.4 8.4 5.0 2.5 4 1 2 0 0
-5103.8 -3275.0 -76.7 117 0 7.0 11.8 5.0 0.0 0 1 2 2 2
-5096.4 -3282.5 -74.8 116 0 6.1 11.1 5.0 2.5 2 1 2 4 4
-5152.6 -3317.4 -49.2 189 0 10.7 9.2 5.0 2.5 4 0 2 1 1
-5135.5 -3290.9 -59.5 293 0 6.5 9.0 5.0 2.5 2 1 2 1 1
-5133.0 -3278.8 -65.0 289 0 13.3 6.0 5.0 2.5 2 0 2 0 0
-5160.9 -3230.9 -79.0 40 0 12.0 6.9 5.0 0.0 0 0 2 3 3
-5141.4 -3229.1 -84.8 205 0 9.6 13.1 5.0 2.5 2 1 2 1 1
-5122.6 -3265.3 -77.6 106 0 5.5 12.8 5.0 2.5 2 1 2 3 3
-5130.2 -3264.2 -75.8 96 0 4.6 11.1 5.0 2.5 2 1 2 1 1
-5100.8 -3229.2 -90.2 294 0 7.5 9.7 5.0 2.5 2 1 2 5 5
-5084.7 -3235.9 -90.5 296 0 7.0 7.9 5.0 2.5 4 1 2 2 2
-5012.6 -3302.0 -81.9 122 0 7.4 7.5 2.5 2.5 2 1 1 0 0
-4958.5 -3340.6 -78.8 31 0 6.6 6.6 2.5 2.5 2 0 1 3 3
-4932.4 -3340.6 -82.6 29 0 8.0 8.3 2.5 2.5 2 1 1 0 0
-4813.7 -3598.2 -49.8 300 0 5.4 7.4 2.5 2.5 2 1 1 5 5
-4813.7 -3627.9 -47.5 114 0 8.8 9.4 2.5 2.5 2 1 1 5 5
-4732.4 -3645.9 -46.6 92 0 10.5 8.2 2.5 2.5 2 0 1 4 4
-4771.0 -3601.3 -53.9 274 0 13.4 8.9 2.5 2.5 2 0 1 0 0
-4778.2 -3422.0 -78.2 17 0 8.7 9.3 5.0 0.0 0 1 2 3 3
-4805.1 -3445.8 -73.7 211 0 10.4 8.7 5.0 2.5 2 0 2 3 3
-4764.0 -3428.5 -78.2 15 0 8.1 4.1 5.0 2.5 2 0 2 5 5
-4764.9 -3442.6 -76.6 0 0 8.6 7.5 5.0 2.5 2 0 2 4 4
-4765.0 -3465.7 -73.6 357 0 8.6 9.5 5.0 2.5 2 1 2 4 4
-4760.2 -3516.1 -66.0 176 0 7.0 16.9 2.5 2.5 2 1 1 1 1
-4748.6 -3544.3 -62.1 182 0 8.8 10.0 2.5 2.5 2 1 1 3 3
-4749.1 -3585.1 -56.0 183 0 9.2 10.6 2.5 2.5 2 1 1 0 0
-4751.3 -3556.4 -60.4 182 0 7.0 12.5 2.5 2.5 2 1 1 4 4
-4740.7 -3512.9 -66.2 183 0 9.2 8.6 2.5 2.5 2 0 1 5 5
-4738.8 -3499.7 -67.9 185 0 8.9 8.7 2.5 2.5 2 0 1 0 0
-4736.3 -3449.3 -74.3 179 0 4.6 8.0 2.5 2.5 2 1 1 4 4
-4718.3 -3447.6 -75.0 7 0 6.9 6.1 2.5 0.0 0 0 1 3 3
-4715.1 -3466.7 -71.6 284 0 11.4 9.8 2.5 2.5 2 0 1 4 4
-4691.1 -3476.2 -71.4 8 0 8.4 14.1 2.5 2.5 2 1 1 3 3
-4693.6 -3445.4 -76.3 6 0 12.2 5.0 2.5 2.5 2 0 1 4 4
-4745.9 -3484.3 -70.0 182 0 7.1 13.0 2.5 2.5 2 1 1 1 1
-4746.5 -3472.4 -71.5 184 0 6.1 9.5 2.5 2.5 2 1 1 5 5
-4743.6 -3458.8 -73.7 184 0 11.9 8.2 2.5 2.5 4 0 1 4 4
-4793.2 -3412.1 -79.8 198 0 6.9 5.4 5.0 2.5 4 0 2 1 1
-4752.0 -3428.7 -77.4 190 0 5.4 8.5 2.5 2.5 2 1 1 5 5
-4762.7 -3418.2 -79.1 12 0 5.8 7.7 5.0 2.5 2 1 2 1 1
-4770.5 -3387.9 -86.6 290 0 21.4 9.7 5.0 2.5 4 0 2 0 0
-4812.4 -3422.1 -74.9 210 0 11.3 11.8 5.0 0.0 0 1 2 3 3
-4855.0 -3403.5 -70.1 304 0 6.4 10.0 5.0 0.0 0 1 2 5 5
-4835.7 -3452.1 -66.0 118 0 12.3 9.7 5.0 2.5 2 0 2 4 4
-4828.4 -3424.8 -71.6 302 0 51.0 6.1 5.0 2.5 2 0 2 4 4
-4815.4 -3480.1 -69.0 103 0 10.0 16.8 5.0 2.5 2 1 2 2 2
-4772.8 -3476.7 -72.6 10 0 8.7 13.5 5.0 2.5 2 1 2 4 4
-4778.3 -3488.8 -71.2 0 0 8.3 6.2 5.0 2.5 4 0 2 3 3
-4779.9 -3500.9 -69.6 5 0 7.4 11.7 5.0 2.5 2 1 2 3 3
-4780.3 -3525.8 -66.6 0 0 12.2 9.2 5.0 2.5 4 0 2 4 4
-3887.4 -3516.8 -65.3 88 0 6.1 9.4 5.0 2.5 2 1 2 5 5
-3719.4 -3609.8 -66.5 16 0 12.0 8.7 5.0 2.5 2 0 2 1 1
-3666.7 -3657.3 -54.8 184 0 9.8 9.7 5.0 2.5 2 0 2 2 2
-3229.4 -3532.0 -77.2 84 0 10.2 12.2 5.0 2.5 2 1 2 3 3
-3373.6 -3533.3 -77.4 91 0 5.2 13.5 5.0 2.5 2 1 2 2 2
-3373.2 -3559.4 -66.8 282 0 8.3 8.4 5.0 0.0 0 1 2 2 2
-3385.1 -3552.7 -68.1 285 0 6.7 8.1 5.0 2.5 2 1 2 3 3
-3407.9 -3529.6 -76.4 88 0 6.7 11.7 5.0 2.5 2 1 2 1 1
-3440.9 -3522.0 -75.0 103 0 8.7 9.4 5.0 2.5 2 1 2 1 1
-3543.1 -3495.9 -76.1 90 0 5.8 12.6 5.0 2.5 2 1 2 3 3
-3552.5 -3495.9 -76.3 90 0 7.7 13.2 5.0 2.5 4 1 2 4 4
-3602.1 -3510.0 -74.4 264 0 8.9 5.8 5.0 2.5 2 0 2 5 5
-3613.5 -3509.5 -75.5 264 0 7.4 6.9 5.0 2.5 2 0 2 5 5
-3871.1 -3492.8 -71.7 266 0 8.3 5.8 5.0 2.5 2 0 2 4 4
-3829.3 -3494.1 -76.9 261 0 7.1 8.0 5.0 2.5 2 1 2 2 2
-3768.5 -3528.9 -76.0 238 0 8.0 9.3 5.0 2.5 2 1 2 5 5
-3792.0 -3573.8 -62.4 57 0 4.6 9.7 5.0 2.5 4 1 2 4 4
-3813.0 -3562.1 -62.0 220 0 10.5 9.7 5.0 2.5 2 0 2 2 2
-3797.2 -3581.4 -60.4 51 0 9.7 10.4 5.0 2.5 2 1 2 5 5
-3700.5 -3598.5 -74.0 198 0 11.2 9.1 5.0 2.5 2 0 2 5 5
-3687.8 -3575.8 -75.7 194 0 9.7 8.0 5.0 2.5 4 0 2 4 4
-3654.7 -3670.3 -48.5 192 0 8.0 12.0 5.0 2.5 4 1 2 5 5
-3619.1 -3657.6 -48.7 2 0 10.4 9.8 5.0 2.5 2 0 2 1 1
-3636.5 -3667.6 -50.5 92 0 6.8 16.1 5.0 0.0 0 1 2 1 1
-3668.7 -3622.4 -68.2 13 0 9.4 11.2 5.0 2.5 2 1 2 1 1
-3730.1 -3605.1 -65.6 14 0 11.9 6.6 5.0 0.0 0 0 2 4 4
-3717.6 -3623.8 -62.5 20 0 7.6 13.0 5.0 2.5 2 1 2 5 5
-3713.3 -3633.0 -59.5 284 0 6.4 8.2 5.0 0.0 0 1 2 2 2
-3693.5 -3662.3 -56.2 89 0 4.7 6.1 5.0 2.5 2 1 2 5 5
-3690.4 -3668.9 -54.5 90 0 7.4 4.2 5.0 2.5 2 0 2 2 2
-3693.1 -3678.4 -52.3 90 0 12.0 6.8 5.0 0.0 0 0 2 5 5
