-6802.8 -6002.7 -29.3 289 0 8.1 9.6 5.0 2.5 2 1 2 0 0
-6813.4 -5995.7 -30.1 281 0 8.6 8.8 5.0 2.5 2 1 2 1 1
-6826.5 -5991.9 -30.5 287 0 12.6 12.3 5.0 2.5 2 0 2 4 4
-6757.1 -6064.4 -27.1 232 0 7.3 7.6 5.0 2.5 2 1 2 4 4
-6703.6 -6012.5 -37.7 27 0 5.6 8.7 5.0 2.5 2 1 2 2 2
-6720.0 -6005.3 -39.9 126 0 10.2 5.8 5.0 2.5 2 0 2 0 0
-6653.6 -6077.8 -28.6 200 0 6.6 12.2 5.0 0.0 0 1 2 3 3
-6744.4 -6075.9 -26.8 228 0 9.0 8.9 5.0 2.5 2 0 2 0 0
-6708.2 -6131.6 -21.6 94 0 10.5 8.2 5.0 2.5 2 0 2 4 4
-6710.1 -6114.7 -23.9 97 0 8.3 8.1 5.0 2.5 2 0 2 3 3
-6696.8 -6084.3 -27.8 16 0 6.4 8.9 5.0 2.5 2 1 2 0 0
-6675.1 -6078.8 -29.0 24 0 8.1 11.6 5.0 2.5 2 1 2 5 5
-6687.3 -6098.6 -26.9 22 0 19.3 8.5 5.0 2.5 2 0 2 1 1
-6673.6 -6096.2 -26.8 22 0 8.2 10.5 5.0 2.5 2 1 2 3 3
-6667.6 -6092.5 -26.7 201 0 9.5 12.3 5.0 2.5 2 1 2 5 5
-6590.7 -6027.5 -44.3 89 0 6.0 11.9 5.0 2.5 2 1 2 1 1
-6581.8 -6030.0 -42.9 90 0 8.6 11.0 5.0 0.0 0 1 2 0 0
-6571.2 -6033.4 -40.8 89 0 9.6 10.4 5.0 2.5 2 1 2 3 3
-6560.0 -6024.1 -48.8 88 0 8.7 12.8 5.0 0.0 0 1 2 2 2
-6493.2 -5991.2 -47.5 20 0 9.8 10.5 5.0 2.5 4 1 2 2 2
-6488.6 -5980.6 -47.1 20 0 8.1 6.9 5.0 2.5 2 0 2 4 4
-6496.0 -5976.5 -50.0 25 0 9.0 10.9 5.0 2.5 2 1 2 5 5
-6544.2 -6028.6 -48.7 85 0 6.9 14.2 5.0 2.5 2 1 2 3 3
-6548.9 -6035.3 -36.2 260 0 11.3 13.1 5.0 2.5 2 1 2 5 5
-6564.3 -6039.1 -35.7 265 0 14.8 11.1 5.0 2.5 2 0 2 0 0
-6571.7 -6130.7 -19.7 95 0 8.3 7.3 5.0 2.5 2 0 2 2 2
-6585.8 -6129.7 -21.5 95 0 7.9 13.7 5.0 2.5 2 1 2 5 5
-6597.3 -6135.5 -23.4 98 0 8.1 27.2 5.0 2.5 4 1 2 4 4
-6605.3 -6112.4 -24.5 101 0 12.5 8.5 5.0 2.5 2 0 2 3 3
-6621.6 -6097.0 -27.5 192 0 16.7 10.0 5.0 2.5 2 0 2 2 2
-6631.0 -6121.7 -23.9 98 0 11.1 15.7 5.0 2.5 2 1 2 5 5
-6637.5 -6128.0 -20.3 192 0 9.6 32.3 5.0 2.5 2 1 2 5 5
-6550.5 -6106.4 -29.1 88 0 8.5 12.9 5.0 2.5 4 1 2 3 3
-6553.0 -6081.7 -30.6 273 0 7.6 8.3 5.0 2.5 2 1 2 4 4
-6531.2 -6067.3 -32.6 279 0 8.6 21.8 5.0 2.5 2 1 2 0 0
-6527.4 -6102.2 -29.3 5 0 13.9 11.6 5.0 2.5 2 0 2 4 4
-6522.6 -6044.4 -35.5 284 0 13.0 11.3 5.0 2.5 2 0 2 0 0
-6525.0 -6001.6 -51.6 206 0 7.0 13.5 5.0 2.5 2 1 2 1 1
-6502.1 -6012.9 -46.0 22 0 10.1 10.5 5.0 2.5 2 1 2 5 5
-6497.6 -6024.9 -39.2 201 0 8.7 10.7 5.0 2.5 2 1 2 5 5
-6485.5 -6002.7 -42.3 201 0 7.4 15.0 5.0 2.5 2 1 2 2 2
-6482.2 -5994.1 -43.7 200 0 9.0 13.4 5.0 2.5 2 1 2 1 1
-6479.2 -5981.9 -45.5 198 0 11.3 13.9 5.0 2.5 2 1 2 5 5
-6473.8 -5970.9 -46.6 198 0 6.0 13.0 5.0 2.5 2 1 2 0 0
-6403.9 -6100.9 -31.3 8 0 5.7 3.3 5.0 2.5 2 0 2 3 3
-6397.2 -6094.6 -32.7 5 0 10.1 5.4 5.0 2.5 2 0 2 0 0
-6393.1 -6080.5 -34.8 15 0 7.8 5.2 5.0 2.5 2 0 2 5 5
-6403.7 -6081.9 -34.5 16 0 8.1 11.8 5.0 2.5 2 1 2 5 5
-6410.5 -6053.0 -37.9 288 0 5.6 6.9 5.0 2.5 2 1 2 0 0
-6402.9 -6059.4 -37.8 17 0 7.9 4.7 5.0 0.0 0 0 2 3 3
-6395.3 -6062.5 -38.0 15 0 12.8 6.5 5.0 2.5 4 0 2 1 1
-6424.5 -6033.6 -40.4 289 0 5.1 7.4 5.0 2.5 2 1 2 5 5
-6421.9 -6024.8 -41.9 289 0 14.1 6.7 5.0 2.5 2 0 2 2 2
-6415.0 -6015.4 -43.9 293 0 8.3 7.2 5.0 2.5 2 0 2 0 0
-6405.9 -6022.7 -43.3 293 0 9.3 12.6 5.0 2.5 2 1 2 0 0
-6372.2 -6045.8 -42.8 12 0 7.8 10.1 5.0 2.5 4 1 2 2 2
-6375.0 -6064.3 -38.7 11 0 9.3 13.8 5.0 2.5 2 1 2 0 0
-6381.8 -6083.6 -34.8 15 0 8.8 10.7 5.0 2.5 2 1 2 2 2
-6386.0 -6100.2 -32.5 14 0 12.2 11.3 5.0 2.5 2 0 2 2 2
-6387.3 -6114.2 -30.2 12 0 12.3 8.6 5.0 2.5 4 0 2 2 2
-6394.7 -6144.7 -24.2 280 0 20.1 25.9 5.0 2.5 2 1 2 3 3
-6369.2 -6090.9 -34.3 103 0 8.1 7.2 2.5 2.5 2 0 1 1 1
-6369.1 -6069.0 -38.8 193 0 12.8 10.1 2.5 2.5 2 0 1 1 1
-6356.3 -6049.0 -42.6 290 0 13.8 12.3 2.5 2.5 2 0 1 4 4
-6345.1 -6067.4 -39.3 290 0 9.1 12.5 2.5 2.5 4 1 1 3 3
-6333.4 -6075.0 -38.4 284 0 9.3 6.0 2.5 2.5 2 0 1 4 4
-6338.7 -6095.6 -36.5 99 0 10.9 12.6 2.5 2.5 4 1 1 5 5
-6339.9 -6099.1 -32.8 276 0 9.2 15.7 5.0 2.5 2 1 2 1 1
-6321.7 -6131.2 -27.7 103 0 11.1 5.5 5.0 2.5 2 0 2 1 1
-6323.8 -6121.7 -29.5 94 0 5.0 4.8 5.0 0.0 0 0 2 1 1
-6320.7 -6105.8 -32.2 289 0 10.0 10.0 5.0 2.5 2 0 2 0 0
-6319.9 -6100.2 -35.5 105 0 8.5 8.3 2.5 2.5 2 0 1 4 4
-6309.7 -6102.9 -34.6 109 0 9.4 4.4 2.5 0.0 0 0 1 3 3
-6298.7 -6107.6 -34.6 103 0 10.2 7.3 2.5 0.0 0 0 1 4 4
-6300.0 -6118.4 -31.1 1 0 8.5 5.0 5.0 2.5 2 0 2 5 5
-6305.6 -6131.6 -27.4 9 0 5.9 9.0 5.0 2.5 2 1 2 1 1
-6309.7 -6161.4 -20.9 195 0 5.8 6.1 5.0 2.5 2 1 2 3 3
-6289.6 -6142.8 -24.6 277 0 9.3 8.2 5.0 2.5 2 0 2 4 4
-6301.1 -6140.7 -24.5 278 0 5.8 10.9 5.0 0.0 0 1 2 1 1
-6299.6 -6132.1 -27.6 199 0 7.2 12.6 2.5 2.5 2 1 1 1 1
-6296.4 -6124.7 -29.3 203 0 5.1 10.4 2.5 0.0 0 1 1 3 3
-6284.2 -6092.9 -38.0 198 0 7.3 6.7 5.0 2.5 2 0 2 5 5
-6286.5 -6111.2 -35.3 110 0 11.5 10.1 5.0 2.5 2 0 2 2 2
-6269.4 -6120.0 -31.0 288 0 4.0 7.0 2.5 2.5 2 1 1 3 3
-6278.8 -6118.4 -31.0 282 0 7.9 5.9 2.5 2.5 2 0 1 2 2
-6281.7 -6139.7 -27.0 96 0 6.5 5.0 2.5 2.5 2 0 1 5 5
-6302.6 -6162.8 -20.5 196 0 5.6 5.6 5.0 0.0 0 0 2 0 0
-6273.5 -6169.7 -20.1 17 0 5.8 14.6 5.0 2.5 4 1 2 3 3
-6334.2 -6182.6 -19.0 19 0 6.0 8.5 5.0 2.5 2 1 2 2 2
-6323.9 -6185.6 -18.2 21 0 9.2 8.0 5.0 2.5 2 0 2 5 5
-6316.1 -6159.3 -22.9 13 0 13.4 12.9 5.0 2.5 2 0 2 4 4
-6340.8 -6144.4 -24.7 278 0 19.7 8.4 5.0 2.5 2 0 2 1 1
-6368.6 -6157.2 -22.5 277 0 15.2 9.0 5.0 2.5 2 0 2 0 0
-6375.4 -6139.1 -25.3 273 0 11.2 8.3 5.0 2.5 4 0 2 3 3
-6352.2 -6098.6 -32.3 279 0 11.7 18.3 5.0 2.5 2 1 2 2 2
-6363.0 -6127.1 -29.2 101 0 34.0 9.2 5.0 2.5 2 0 2 4 4
-6180.7 -6113.8 -26.9 275 0 4.4 6.4 2.5 2.5 2 1 1 2 2
-6265.9 -6185.3 -15.7 180 0 4.6 8.4 2.5 2.5 2 1 1 5 5
-6282.5 -6253.3 0.1 7 0 5.0 7.7 5.0 2.5 2 1 2 3 3
-6252.7 -6288.6 14.2 140 0 4.9 5.4 2.5 2.5 2 1 1 5 5
-6255.9 -6292.5 14.5 137 0 4.9 3.9 2.5 0.0 0 0 1 2 2
-6207.8 -6304.3 24.8 352 0 5.0 8.5 2.5 2.5 2 1 1 3 3
-6221.5 -6317.8 25.6 157 0 11.1 5.2 2.5 2.5 2 0 1 2 2
-6242.0 -6293.6 17.3 151 0 6.2 10.8 2.5 0.0 0 1 1 1 1
-6252.5 -6310.1 19.0 163 0 8.0 7.8 2.5 2.5 2 0 1 3 3
-6275.5 -6224.5 -6.2 174 0 9.5 5.8 2.5 2.5 2 0 1 3 3
-6278.8 -6199.7 -13.1 92 0 8.9 5.2 5.0 2.5 2 0 2 0 0
-6285.4 -6202.5 -12.2 10 0 4.0 7.8 5.0 2.5 4 1 2 1 1
-6292.6 -6197.5 -13.9 34 0 6.7 5.4 5.0 2.5 2 0 2 3 3
-6313.2 -6217.9 -9.3 269 0 6.5 6.2 5.0 0.0 0 0 2 4 4
-6312.3 -6203.5 -12.5 203 0 5.7 6.9 5.0 2.5 2 1 2 2 2
-6322.6 -6197.3 -14.5 201 0 7.1 9.3 5.0 2.5 2 1 2 4 4
-6319.9 -6206.9 -12.3 274 0 8.8 7.1 5.0 2.5 2 0 2 2 2
-6301.1 -6227.9 -7.7 4 0 14.5 7.6 5.0 2.5 2 0 2 5 5
-6291.5 -6228.3 -6.6 9 0 11.4 8.0 5.0 2.5 2 0 2 2 2
-6294.0 -6266.4 0.9 4 0 7.2 8.6 5.0 2.5 2 1 2 0 0
-6264.8 -6271.4 8.8 145 0 4.5 10.3 2.5 2.5 4 1 1 5 5
-6225.5 -6258.9 13.0 236 0 5.0 6.2 2.5 2.5 2 1 1 3 3
-6206.9 -6277.4 19.7 333 0 4.6 8.4 2.5 2.5 2 1 1 2 2
-6223.9 -6286.2 18.9 162 0 6.0 8.8 2.5 2.5 2 1 1 0 0
-6279.1 -6283.9 7.0 358 0 4.1 9.4 5.0 2.5 2 1 2 4 4
-6286.9 -6277.8 4.0 358 0 4.6 11.9 5.0 2.5 2 1 2 5 5
-6259.9 -6280.7 10.9 137 0 6.4 11.5 2.5 0.0 0 1 1 5 5
-6266.8 -6202.8 -11.0 184 0 6.1 6.8 2.5 0.0 0 1 1 0 0
-6271.8 -6184.7 -17.2 11 0 9.1 14.3 5.0 2.5 2 1 2 4 4
-6268.1 -6158.7 -22.7 9 0 7.9 9.9 5.0 2.5 2 1 2 5 5
-6266.6 -6192.6 -14.0 179 0 5.7 13.6 2.5 2.5 2 1 1 3 3
-6274.2 -6212.5 -9.3 181 0 8.4 12.7 2.5 0.0 0 1 1 2 2
-6266.1 -6226.6 -4.9 167 0 11.4 8.2 2.5 0.0 0 0 1 1 1
-6273.8 -6259.7 3.7 146 0 8.0 14.3 2.5 2.5 2 1 1 4 4
-6220.8 -6253.0 11.7 233 0 7.6 11.3 2.5 2.5 2 1 1 2 2
-6225.1 -6243.4 6.9 326 0 7.3 10.1 2.5 2.5 2 1 1 1 1
-6188.8 -6261.6 16.6 0 0 6.2 12.2 2.5 2.5 2 1 1 5 5
-6195.7 -6252.6 13.2 347 0 7.8 13.8 2.5 2.5 4 1 1 1 1
-6202.3 -6290.9 23.0 337 0 8.1 8.3 2.5 2.5 2 1 1 4 4
-6241.4 -6320.5 22.9 168 0 10.0 11.9 2.5 0.0 0 1 1 2 2
-6199.9 -6329.7 29.8 2 0 4.3 10.1 2.5 2.5 2 1 1 5 5
-6200.7 -6334.9 30.8 358 0 4.8 8.4 2.5 2.5 2 1 1 5 5
-6201.9 -6344.5 32.1 357 0 8.2 6.2 2.5 2.5 2 0 1 5 5
-6219.1 -6340.8 29.8 180 0 12.0 8.7 2.5 2.5 2 0 1 5 5
-6359.3 -6317.0 -1.3 9 0 13.2 8.7 2.5 2.5 2 0 1 1 1
-6279.8 -6368.0 27.8 248 0 9.1 7.8 5.0 0.0 0 0 2 5 5
-6250.7 -6365.1 30.8 358 0 11.3 7.8 5.0 2.5 2 0 2 0 0
-6250.0 -6401.6 39.1 6 0 4.6 9.9 5.0 2.5 4 1 2 5 5
-6054.0 -6166.1 -27.6 31 0 5.5 18.6 2.5 2.5 2 1 1 5 5
-6183.3 -6144.4 -17.5 270 0 10.6 11.4 2.5 2.5 4 1 1 0 0
-6184.6 -6140.2 -18.7 271 0 7.2 3.3 2.5 2.5 4 0 1 2 2
-6168.7 -6112.6 -27.6 282 0 7.5 8.2 2.5 2.5 2 1 1 3 3
-6222.5 -6097.3 -38.3 96 0 12.6 8.2 2.5 2.5 2 0 1 0 0
-6257.5 -6088.8 -43.5 98 0 11.5 6.7 2.5 2.5 2 0 1 4 4
-6253.0 -6104.1 -35.3 189 0 8.0 11.5 2.5 2.5 2 1 1 2 2
-6256.7 -6121.3 -32.0 188 0 15.6 10.2 2.5 2.5 2 0 1 5 5
-6239.1 -6139.5 -25.3 190 0 10.1 18.8 2.5 2.5 2 1 1 1 1
-6171.1 -6137.9 -19.4 275 0 7.5 10.3 2.5 2.5 2 1 1 0 0
-6146.4 -6116.2 -35.5 192 0 8.8 11.9 2.5 2.5 2 1 1 2 2
-6149.7 -6143.5 -20.7 190 0 5.3 14.8 2.5 2.5 2 1 1 2 2
-6108.0 -6154.0 -24.2 4 0 7.2 16.6 2.5 2.5 2 1 1 5 5
-6204.5 -6130.7 -23.6 278 0 9.3 7.2 2.5 2.5 4 0 1 3 3
-6147.4 -6173.9 -13.6 89 0 12.1 9.3 2.5 2.5 2 0 1 1 1
-6593.4 -6080.9 -29.7 274 0 13.3 5.5 5.0 2.5 2 0 2 1 1
-6586.6 -6059.0 -33.2 272 0 12.7 6.2 5.0 2.5 2 0 2 1 1
-6607.6 -6059.8 -32.3 280 0 9.7 22.2 5.0 2.5 2 1 2 4 4
-6637.3 -6019.9 -40.4 95 0 12.2 8.9 5.0 2.5 2 0 2 2 2
-6622.1 -6056.1 -32.4 277 0 6.7 15.9 5.0 2.5 2 1 2 4 4
-6638.2 -6072.6 -30.1 189 0 9.2 8.0 5.0 2.5 2 0 2 4 4
-6652.0 -6065.3 -30.8 193 0 10.5 12.5 5.0 2.5 2 1 2 2 2
-6660.5 -6018.7 -37.6 188 0 7.1 13.4 5.0 2.5 2 1 2 1 1
-6661.6 -6003.5 -40.2 197 0 7.8 15.0 5.0 2.5 2 1 2 2 2
-6674.3 -6023.4 -36.6 216 0 12.8 6.3 5.0 2.5 2 0 2 3 3
-6772.5 -6076.7 -24.4 226 0 8.8 14.3 5.0 2.5 2 1 2 2 2
-6785.2 -6068.1 -24.6 47 0 12.5 7.2 5.0 2.5 2 0 2 5 5
-6765.5 -6055.2 -27.7 52 0 7.4 10.0 5.0 2.5 2 1 2 2 2
-6723.0 -6018.7 -36.2 141 0 11.5 5.6 5.0 2.5 2 0 2 0 0
-6687.4 -6019.4 -38.0 27 0 10.3 9.5 5.0 2.5 4 0 2 3 3
-6681.3 -6006.8 -43.9 22 0 9.8 9.2 5.0 2.5 2 0 2 0 0
-6701.8 -6039.2 -34.5 52 0 11.0 12.2 5.0 2.5 2 1 2 1 1
-6734.6 -6025.7 -35.0 136 0 11.9 7.9 5.0 2.5 2 0 2 1 1
-6743.7 -6017.9 -35.3 130 0 7.9 10.3 5.0 2.5 2 1 2 5 5
-6746.9 -5993.8 -44.0 125 0 9.9 9.3 5.0 2.5 2 0 2 5 5
-6755.6 -5988.0 -43.2 130 0 5.6 6.7 5.0 2.5 2 1 2 5 5
-6761.6 -6007.6 -37.1 117 0 9.3 10.2 5.0 2.5 2 1 2 3 3
-6779.9 -6014.1 -30.5 264 0 6.7 7.8 5.0 2.5 4 1 2 4 4
-6779.6 -5992.5 -38.4 114 0 9.7 9.4 5.0 2.5 2 0 2 2 2
-6793.7 -6003.5 -30.2 282 0 6.9 11.4 5.0 2.5 2 1 2 0 0
-6791.8 -5995.1 -36.5 98 0 7.5 10.6 5.0 2.5 2 1 2 3 3
-6800.1 -5992.4 -36.4 101 0 7.3 10.7 5.0 2.5 2 1 2 0 0
-6807.1 -5978.3 -39.7 94 0 11.0 6.8 5.0 2.5 2 0 2 2 2
-6880.2 -6052.2 -19.7 92 0 7.5 11.4 5.0 2.5 2 1 2 4 4
-6849.4 -6083.4 -15.6 293 0 10.5 7.8 5.0 2.5 2 0 2 0 0
-6867.1 -6075.9 -15.3 282 0 14.6 8.6 5.0 2.5 2 0 2 3 3
-6868.4 -6119.6 -8.4 36 0 8.2 12.8 5.0 2.5 2 1 2 2 2
-4208.4 -6689.9 -17.8 44 0 10.3 11.8 2.5 2.5 2 1 1 5 5
-4196.1 -6682.4 -20.4 41 0 12.1 18.0 2.5 2.5 2 1 1 5 5
-3896.5 -6600.3 -15.5 294 0 10.9 5.8 2.5 0.0 0 0 1 5 5
-4017.6 -6632.2 -14.2 3 0 5.3 11.6 5.0 2.5 2 1 2 2 2
-4018.8 -6621.6 -19.6 1 0 4.1 10.3 5.0 2.5 2 1 2 4 4
-4044.2 -6641.5 -10.8 90 0 12.9 7.1 5.0 2.5 2 0 2 3 3
-4010.7 -6604.7 -31.0 1 0 6.0 15.8 5.0 0.0 0 1 2 5 5
-4003.3 -6648.9 -11.5 105 0 6.6 7.8 5.0 2.5 4 1 2 2 2
-4006.2 -6626.8 -17.0 194 0 6.8 9.3 5.0 2.5 2 1 2 0 0
-4005.9 -6614.3 -21.1 183 0 6.2 7.0 5.0 2.5 2 1 2 5 5
-3989.6 -6602.0 -24.1 2 0 5.4 12.0 5.0 2.5 2 1 2 1 1
-3995.2 -6597.4 -25.3 98 0 9.8 5.2 5.0 2.5 2 0 2 3 3
-3975.8 -6600.7 -20.7 103 0 11.4 18.3 5.0 2.5 2 1 2 0 0
-3987.0 -6612.6 -15.9 268 0 5.4 10.8 5.0 2.5 2 1 2 4 4
-3982.1 -6633.1 -9.4 91 0 4.3 6.4 5.0 0.0 0 1 2 4 4
-3968.8 -6632.5 -8.2 10 0 6.7 9.7 5.0 2.5 2 1 2 2 2
-3975.4 -6612.2 -13.9 266 0 8.5 5.8 5.0 2.5 4 0 2 4 4
-3961.2 -6613.5 -12.0 10 0 5.9 8.5 5.0 0.0 0 1 2 1 1
-3955.2 -6605.8 -12.0 112 0 7.1 5.1 2.5 0.0 0 0 1 5 5
-3945.5 -6608.8 -13.5 106 0 6.3 10.0 2.5 2.5 2 1 1 0 0
-3939.3 -6618.9 -8.9 294 0 5.8 13.9 5.0 2.5 2 1 2 5 5
-3933.0 -6622.8 -8.4 285 0 6.3 9.1 5.0 2.5 2 1 2 3 3
-3934.1 -6594.4 -15.2 280 0 5.7 6.6 2.5 2.5 2 1 1 5 5
-3938.0 -6612.0 -13.1 101 0 6.4 9.5 2.5 2.5 2 1 1 2 2
-3927.2 -6598.1 -14.8 281 0 7.3 5.4 2.5 2.5 2 0 1 5 5
-3930.2 -6614.9 -13.2 103 0 6.1 10.4 2.5 2.5 2 1 1 3 3
-3924.9 -6614.1 -11.8 195 0 4.1 8.5 2.5 0.0 0 1 1 0 0
-3920.6 -6612.1 -12.8 102 0 8.2 3.7 2.5 2.5 2 0 1 1 1
-3915.7 -6594.5 -16.1 285 0 10.0 5.3 2.5 2.5 2 0 1 0 0
-3920.2 -6607.1 -14.8 105 0 8.5 7.5 2.5 2.5 2 0 1 0 0
-3926.4 -6624.9 -8.5 280 0 5.8 8.3 5.0 2.5 2 1 2 2 2
-3933.6 -6647.6 -3.1 106 0 6.3 4.3 5.0 2.5 2 0 2 3 3
-3925.8 -6654.0 -3.6 100 0 8.4 8.7 5.0 2.5 2 1 2 0 0
-3926.0 -6659.3 -0.3 21 0 5.1 11.2 5.0 2.5 4 1 2 0 0
-3903.7 -6656.1 -3.2 218 0 8.5 7.7 2.5 0.0 0 0 1 1 1
-3908.1 -6643.0 -6.2 21 0 5.1 9.0 5.0 2.5 2 1 2 4 4
-3895.6 -6642.6 -7.4 210 0 7.1 12.3 2.5 0.0 0 1 1 1 1
-3893.5 -6634.0 -9.7 212 0 6.1 11.3 2.5 2.5 2 1 1 3 3
-3876.7 -6626.9 -11.9 210 0 6.3 13.3 2.5 2.5 2 1 1 3 3
-3891.7 -6596.5 -16.9 123 0 7.2 5.5 2.5 2.5 2 0 1 2 2
-3880.3 -6596.0 -26.5 135 0 5.9 8.8 2.5 2.5 2 1 1 5 5
-3879.7 -6610.2 -19.4 127 0 13.9 6.9 2.5 2.5 2 0 1 5 5
-3894.4 -6623.6 -12.8 116 0 10.4 8.1 2.5 2.5 2 0 1 5 5
-3900.1 -6621.4 -12.0 23 0 5.9 10.5 2.5 2.5 2 1 1 4 4
-3903.8 -6615.7 -14.2 114 0 9.8 10.1 2.5 2.5 2 1 1 3 3
-3912.4 -6610.7 -14.7 116 0 5.4 9.3 2.5 2.5 2 1 1 4 4
-3919.6 -6585.6 -23.8 108 0 8.5 7.7 2.5 2.5 2 0 1 5 5
-3931.8 -6582.0 -27.8 106 0 7.4 8.9 2.5 2.5 2 1 1 5 5
-3940.3 -6579.2 -29.3 100 0 7.5 9.5 2.5 2.5 2 1 1 1 1
-3947.9 -6614.3 -9.2 288 0 9.0 10.2 5.0 2.5 2 1 2 3 3
