6071.3 -1232.7 -20.1 56 0 8.2 10.3 5.0 2.5 2 1 2 2 2
6135.4 -1326.8 -5.6 239 0 10.6 13.3 2.5 2.5 2 1 1 5 5
6164.2 -1320.1 1.2 229 0 12.4 12.5 2.5 2.5 2 1 1 2 2
6214.8 -1361.5 7.0 105 0 11.2 36.1 2.5 0.0 0 1 1 4 4
6206.6 -1308.5 4.5 307 0 28.1 10.4 2.5 2.5 2 0 1 5 5
6066.9 -1316.7 -20.5 221 0 8.5 12.4 5.0 2.5 2 1 2 3 3
6075.2 -1307.1 -20.5 224 0 10.9 13.3 5.0 2.5 2 1 2 2 2
6084.1 -1298.6 -19.7 220 0 6.5 13.6 5.0 2.5 2 1 2 3 3
6095.7 -1291.7 -17.2 223 0 9.8 12.9 5.0 2.5 2 1 2 2 2
6102.3 -1284.4 -16.0 223 0 6.6 14.2 5.0 2.5 2 1 2 5 5
6107.7 -1278.7 -14.7 222 0 5.0 14.3 5.0 2.5 2 1 2 4 4
6113.7 -1273.5 -13.3 221 0 7.8 17.0 5.0 2.5 2 1 2 4 4
6120.9 -1267.5 -11.4 219 0 7.2 15.9 5.0 2.5 2 1 2 3 3
6138.0 -1267.5 -8.7 129 0 19.3 9.3 5.0 0.0 0 0 2 3 3
6138.7 -1247.5 -8.2 216 0 8.9 16.7 5.0 2.5 2 1 2 1 1
6145.9 -1239.3 -8.4 216 0 6.9 20.6 5.0 0.0 0 1 2 1 1
6155.3 -1232.8 -8.2 219 0 9.6 15.0 5.0 2.5 4 1 2 0 0
6161.5 -1224.4 -8.3 219 0 6.2 15.2 5.0 2.5 2 1 2 1 1
6166.3 -1213.9 -9.7 223 0 11.5 15.4 5.0 2.5 2 1 2 5 5
6161.1 -1209.9 -11.1 140 0 5.4 7.0 5.0 2.5 2 1 2 1 1
6171.5 -1205.8 -11.0 121 0 6.9 9.0 5.0 2.5 2 1 2 5 5
6160.5 -1189.7 -11.3 220 0 7.3 12.9 5.0 2.5 2 1 2 2 2
6151.0 -1225.0 -12.6 43 0 10.7 14.4 5.0 2.5 2 1 2 5 5
6140.9 -1236.2 -11.9 37 0 8.6 14.4 5.0 2.5 2 1 2 5 5
6123.9 -1241.1 -12.5 46 0 7.4 6.3 5.0 2.5 4 0 2 5 5
6119.8 -1247.8 -13.0 44 0 3.6 7.2 5.0 2.5 2 1 2 0 0
6120.2 -1256.5 -13.7 44 0 6.2 13.5 5.0 2.5 2 1 2 1 1
6113.6 -1261.9 -14.5 43 0 6.6 12.8 5.0 2.5 2 1 2 1 1
6104.5 -1270.3 -17.0 44 0 8.2 13.9 5.0 2.5 2 1 2 3 3
6096.6 -1277.8 -18.1 43 0 8.2 13.3 5.0 2.5 4 1 2 0 0
6090.1 -1283.3 -19.0 43 0 6.4 14.2 5.0 2.5 2 1 2 0 0
6084.9 -1290.6 -20.3 42 0 6.4 14.9 5.0 2.5 2 1 2 0 0
6077.2 -1297.7 -20.8 47 0 7.8 16.3 5.0 2.5 2 1 2 3 3
6069.5 -1304.7 -20.9 46 0 10.2 16.9 5.0 2.5 2 1 2 4 4
6061.7 -1313.3 -24.6 41 0 10.7 18.7 5.0 2.5 2 1 2 0 0
6095.5 -1223.4 -17.1 231 0 5.3 13.8 5.0 2.5 2 1 2 0 0
6091.8 -1230.1 -17.3 230 0 5.9 11.6 5.0 2.5 2 1 2 3 3
6083.1 -1231.9 -18.5 233 0 8.3 16.9 5.0 2.5 2 1 2 4 4
6080.6 -1244.7 -18.8 234 0 8.5 6.9 5.0 2.5 2 0 2 0 0
6075.0 -1236.5 -19.5 237 0 8.2 8.9 5.0 2.5 2 1 2 0 0
6073.8 -1250.1 -19.0 233 0 6.3 6.6 5.0 2.5 2 1 2 2 2
6067.5 -1240.8 -19.6 237 0 6.3 10.2 5.0 2.5 2 1 2 4 4
6061.9 -1246.8 -18.9 233 0 6.7 14.8 5.0 2.5 2 1 2 1 1
6058.8 -1255.2 -18.1 239 0 6.0 7.8 5.0 2.5 2 1 2 0 0
6049.5 -1255.3 -18.1 231 0 6.0 13.2 5.0 2.5 2 1 2 5 5
6093.2 -1217.8 -19.3 60 0 5.9 9.8 5.0 2.5 2 1 2 3 3
6086.2 -1222.6 -19.9 57 0 8.3 9.6 5.0 0.0 0 1 2 2 2
6063.2 -1239.8 -20.2 55 0 8.2 16.9 5.0 2.5 4 1 2 1 1
6055.8 -1245.5 -19.8 52 0 9.0 13.3 5.0 2.5 2 1 2 1 1
6384.8 -1651.7 -23.1 29 0 7.5 20.4 2.5 2.5 2 1 1 5 5
6490.1 -1500.2 5.4 343 0 6.2 8.6 2.5 2.5 2 1 1 2 2
6479.8 -1489.3 5.1 247 0 8.7 6.8 2.5 2.5 2 0 1 3 3
6465.5 -1494.7 2.0 241 0 11.2 9.5 2.5 0.0 0 0 1 5 5
6279.0 -1358.3 11.4 92 0 7.3 13.5 5.0 2.5 2 1 2 1 1
6301.5 -1510.6 -12.8 42 0 5.5 5.7 2.5 2.5 4 1 1 1 1
6295.8 -1515.3 -13.4 33 0 5.4 4.5 2.5 2.5 2 0 1 4 4
6256.1 -1553.8 -18.3 284 0 9.1 10.2 5.0 2.5 2 1 2 1 1
6252.8 -1578.2 -20.2 13 0 8.8 6.5 5.0 2.5 2 0 2 0 0
6203.2 -1577.2 -15.4 294 0 3.6 6.1 5.0 2.5 2 1 2 0 0
6199.1 -1579.0 -14.8 25 0 7.3 7.2 5.0 2.5 2 0 2 5 5
6199.0 -1597.2 -21.7 296 0 4.2 7.5 5.0 2.5 2 1 2 2 2
6193.3 -1592.6 -20.0 297 0 7.0 8.6 5.0 2.5 2 1 2 2 2
6212.9 -1613.0 -27.6 112 0 11.5 7.2 5.0 0.0 0 0 2 3 3
6206.8 -1596.9 -22.5 288 0 6.5 7.9 5.0 2.5 2 1 2 3 3
6203.0 -1590.5 -16.6 113 0 3.8 9.5 5.0 0.0 0 1 2 4 4
6207.4 -1577.4 -16.4 195 0 4.5 8.5 5.0 2.5 2 1 2 2 2
6209.0 -1584.3 -17.2 193 0 3.1 7.3 5.0 0.0 0 1 2 4 4
6207.3 -1589.6 -17.8 198 0 5.1 7.2 5.0 2.5 2 1 2 3 3
6215.4 -1592.7 -18.7 201 0 6.5 5.1 5.0 2.5 2 0 2 1 1
6218.6 -1583.6 -18.6 197 0 7.0 9.7 5.0 2.5 2 1 2 5 5
6218.7 -1574.1 -17.0 197 0 7.5 6.2 5.0 2.5 2 0 2 4 4
6211.5 -1571.3 -16.0 202 0 6.4 6.5 5.0 0.0 0 1 2 1 1
6223.2 -1563.1 -15.4 200 0 6.9 3.8 5.0 2.5 2 0 2 4 4
6215.7 -1561.7 -14.8 199 0 7.0 6.2 5.0 0.0 0 0 2 4 4
6222.2 -1537.9 -10.9 188 0 6.2 4.8 5.0 0.0 0 0 2 3 3
6209.3 -1524.5 -7.2 284 0 5.6 7.3 5.0 2.5 2 1 2 5 5
6200.9 -1517.9 -4.9 293 0 8.2 5.1 5.0 2.5 2 0 2 5 5
6193.7 -1525.4 -6.2 199 0 6.6 9.3 5.0 2.5 2 1 2 5 5
6196.3 -1536.5 -8.1 197 0 7.3 6.5 5.0 2.5 2 0 2 4 4
6209.0 -1539.9 -9.1 14 0 8.3 5.7 5.0 2.5 2 0 2 3 3
6190.1 -1551.2 -10.5 197 0 8.9 7.4 5.0 0.0 0 0 2 4 4
6207.1 -1556.6 -11.9 22 0 7.5 8.4 5.0 2.5 2 1 2 5 5
6203.2 -1569.3 -13.8 24 0 6.4 6.7 5.0 2.5 2 1 2 5 5
6185.3 -1561.7 -12.6 196 0 8.4 11.4 5.0 2.5 2 1 2 4 4
6177.7 -1572.2 -13.5 202 0 5.8 10.2 5.0 2.5 2 1 2 2 2
6187.4 -1590.6 -16.7 16 0 8.0 7.1 5.0 2.5 2 0 2 2 2
6172.7 -1584.8 -16.4 199 0 9.6 8.3 5.0 2.5 2 0 2 3 3
6171.3 -1596.5 -20.6 211 0 5.4 11.7 5.0 2.5 4 1 2 4 4
6162.5 -1592.5 -19.8 5 0 4.8 3.9 2.5 2.5 2 0 1 1 1
6167.5 -1584.8 -17.9 14 0 6.2 8.4 2.5 2.5 2 1 1 0 0
6156.0 -1577.6 -19.7 283 0 6.1 10.0 2.5 2.5 2 1 1 3 3
6136.3 -1572.0 -20.7 194 0 6.8 11.0 2.5 2.5 2 1 1 2 2
6154.8 -1568.1 -16.3 113 0 10.0 8.4 5.0 2.5 2 0 2 2 2
6188.0 -1507.3 -3.5 288 0 8.1 9.8 2.5 2.5 2 1 1 3 3
6188.3 -1522.5 -5.4 19 0 6.1 10.4 2.5 0.0 0 1 1 2 2
6172.8 -1522.5 -7.3 114 0 5.7 6.5 2.5 2.5 2 1 1 1 1
6185.4 -1530.9 -7.6 16 0 6.7 11.1 2.5 2.5 2 1 1 2 2
6170.4 -1532.3 -9.0 114 0 3.6 7.6 2.5 0.0 0 1 1 0 0
6178.9 -1555.0 -11.8 17 0 6.2 13.4 5.0 2.5 4 1 2 0 0
6177.0 -1539.7 -10.3 288 0 10.1 8.7 5.0 2.5 2 0 2 4 4
6166.9 -1536.9 -11.9 282 0 5.6 8.6 5.0 2.5 2 1 2 1 1
6153.2 -1549.6 -14.8 198 0 6.5 8.7 5.0 2.5 2 1 2 2 2
6143.4 -1548.3 -17.4 201 0 10.9 7.9 5.0 0.0 0 0 2 2 2
6155.4 -1534.1 -15.5 287 0 12.0 9.9 5.0 0.0 0 0 2 3 3
6150.4 -1527.4 -14.2 111 0 7.7 7.5 2.5 2.5 2 0 1 4 4
6160.6 -1529.8 -12.0 112 0 10.3 8.3 2.5 2.5 2 0 1 0 0
6163.9 -1521.0 -9.3 115 0 7.0 5.6 2.5 2.5 2 0 1 5 5
6152.2 -1517.9 -11.7 110 0 8.4 10.1 2.5 2.5 2 1 1 3 3
6154.6 -1498.2 -7.3 209 0 10.4 10.0 2.5 2.5 2 0 1 3 3
6165.0 -1504.9 -6.3 204 0 12.7 8.6 2.5 2.5 4 0 1 2 2
6186.0 -1492.6 1.7 110 0 8.1 12.9 2.5 2.5 2 1 1 0 0
6186.6 -1468.3 4.1 205 0 11.0 5.3 2.5 2.5 2 0 1 3 3
6177.2 -1466.4 4.0 24 0 4.6 10.2 2.5 2.5 2 1 1 2 2
6166.0 -1476.9 0.7 115 0 9.2 9.0 2.5 2.5 2 0 1 4 4
6152.9 -1476.6 -5.1 24 0 7.6 5.6 2.5 2.5 2 0 1 1 1
6146.3 -1509.9 -12.3 34 0 6.5 10.8 2.5 2.5 2 1 1 0 0
6143.7 -1522.4 -15.2 26 0 7.3 7.6 2.5 0.0 0 1 1 4 4
6139.4 -1531.6 -17.3 24 0 7.8 6.3 2.5 2.5 2 0 1 2 2
6124.6 -1527.1 -17.6 195 0 9.3 7.1 2.5 2.5 2 0 1 1 1
6104.8 -1560.4 -25.7 214 0 8.1 10.4 2.5 2.5 2 1 1 3 3
6109.3 -1550.1 -23.5 204 0 9.4 9.4 2.5 0.0 0 1 1 4 4
6188.3 -1439.5 4.4 197 0 14.0 7.3 2.5 2.5 2 0 1 3 3
6395.4 -1605.2 -17.8 218 0 6.1 5.8 2.5 2.5 2 0 1 3 3
6380.1 -1623.2 -20.8 219 0 12.8 9.0 2.5 2.5 2 0 1 1 1
6389.8 -1538.5 -13.0 36 0 8.3 12.2 5.0 2.5 2 1 2 1 1
6369.1 -1610.6 -21.8 31 0 6.3 6.0 2.5 2.5 2 0 1 5 5
6376.1 -1586.7 -20.8 216 0 11.3 7.7 2.5 2.5 4 0 1 5 5
6369.0 -1583.9 -21.4 210 0 9.7 5.0 2.5 0.0 0 0 1 5 5
6382.8 -1562.8 -17.3 223 0 7.2 5.1 2.5 2.5 2 0 1 3 3
6389.6 -1568.9 -16.2 182 0 8.2 6.6 2.5 2.5 2 0 1 3 3
6398.6 -1578.3 -15.2 134 0 8.6 13.8 2.5 2.5 2 1 1 1 1
6394.7 -1558.3 -14.0 213 0 6.8 10.2 2.5 2.5 2 1 1 2 2
6399.8 -1550.0 -12.1 216 0 9.0 13.0 2.5 2.5 2 1 1 0 0
6411.8 -1580.7 -13.3 138 0 10.9 11.0 2.5 0.0 0 1 1 3 3
6416.4 -1565.2 -11.1 128 0 11.0 10.1 2.5 2.5 2 0 1 5 5
6422.5 -1549.3 -9.1 223 0 8.7 10.1 2.5 2.5 2 1 1 1 1
6428.2 -1540.8 -7.2 228 0 7.0 9.9 2.5 2.5 2 1 1 4 4
6417.9 -1533.2 -7.5 218 0 8.3 9.7 2.5 2.5 4 1 1 4 4
6434.9 -1531.8 -5.4 206 0 10.3 8.9 2.5 2.5 2 0 1 5 5
6425.1 -1524.1 -5.7 220 0 8.2 10.6 2.5 2.5 2 1 1 5 5
6433.8 -1514.6 -3.8 227 0 9.7 10.2 2.5 2.5 2 1 1 2 2
6443.4 -1505.8 -1.7 229 0 11.1 14.3 2.5 2.5 2 1 1 2 2
6417.1 -1476.0 0.1 115 0 7.9 11.3 5.0 2.5 2 1 2 5 5
6412.9 -1496.4 -5.4 38 0 13.7 9.8 5.0 2.5 2 0 2 5 5
6407.9 -1520.6 -7.6 48 0 10.2 9.9 5.0 0.0 0 0 2 4 4
6361.4 -1464.4 -7.5 194 0 13.0 8.1 5.0 2.5 2 0 2 2 2
6354.0 -1500.5 -11.2 212 0 6.0 6.2 5.0 2.5 2 1 2 3 3
6347.2 -1506.5 -11.7 206 0 7.9 5.8 5.0 0.0 0 0 2 1 1
6361.3 -1523.1 -12.7 37 0 6.7 7.3 5.0 2.5 2 1 2 0 0
6354.7 -1624.5 -22.5 123 0 5.7 9.2 2.5 2.5 2 1 1 1 1
6345.2 -1613.6 -22.5 208 0 10.0 9.8 2.5 2.5 2 0 1 1 1
6352.3 -1607.8 -22.5 212 0 4.6 9.5 2.5 2.5 2 1 1 2 2
6355.8 -1602.1 -22.5 211 0 7.3 8.6 2.5 2.5 2 1 1 0 0
6317.9 -1588.7 -21.5 127 0 8.1 6.8 5.0 2.5 4 0 2 5 5
6310.5 -1601.8 -21.6 121 0 10.9 13.1 5.0 2.5 4 1 2 3 3
6322.3 -1608.4 -22.0 120 0 12.5 14.6 5.0 2.5 2 1 2 4 4
6334.6 -1585.2 -21.8 301 0 11.2 7.9 5.0 2.5 2 0 2 3 3
6359.0 -1590.1 -22.2 36 0 13.2 12.3 5.0 2.5 2 0 2 2 2
6345.4 -1576.9 -21.9 299 0 6.6 10.9 5.0 2.5 2 1 2 5 5
6378.5 -1554.5 -17.2 32 0 9.2 8.6 5.0 2.5 2 0 2 4 4
6370.9 -1565.4 -20.8 37 0 12.6 7.7 5.0 2.5 2 0 2 3 3
6366.0 -1554.2 -19.2 36 0 16.6 6.3 5.0 2.5 2 0 2 1 1
6350.7 -1552.0 -17.6 126 0 10.9 16.3 5.0 2.5 2 1 2 2 2
6344.6 -1566.7 -21.4 122 0 7.4 11.5 5.0 2.5 2 1 2 0 0
6335.0 -1565.2 -21.0 122 0 8.5 9.6 5.0 2.5 2 1 2 1 1
6338.8 -1572.1 -21.6 304 0 7.6 9.2 5.0 2.5 2 1 2 0 0
6318.1 -1563.4 -21.0 306 0 7.3 7.1 5.0 2.5 4 0 2 4 4
6328.4 -1568.8 -21.3 310 0 9.2 11.5 5.0 2.5 2 1 2 0 0
6302.9 -1585.3 -21.1 124 0 6.3 7.6 5.0 2.5 2 1 2 1 1
6312.9 -1570.9 -21.0 310 0 7.0 7.6 5.0 2.5 2 1 2 0 0
6297.5 -1593.2 -21.1 122 0 5.3 6.4 5.0 2.5 2 1 2 2 2
6285.0 -1583.2 -21.0 210 0 9.2 12.2 5.0 2.5 2 1 2 2 2
6289.8 -1575.3 -20.9 209 0 6.9 12.4 5.0 2.5 2 1 2 1 1
6292.5 -1569.3 -20.9 211 0 3.4 13.1 5.0 2.5 2 1 2 5 5
6295.6 -1564.0 -20.7 213 0 7.4 7.7 5.0 2.5 4 1 2 3 3
6303.1 -1568.4 -20.8 207 0 6.0 3.4 5.0 2.5 2 0 2 5 5
6311.2 -1559.4 -20.7 303 0 5.1 7.6 5.0 2.5 2 1 2 0 0
6307.4 -1554.5 -19.8 301 0 4.2 7.1 5.0 2.5 2 1 2 1 1
6299.2 -1557.7 -19.3 119 0 4.9 6.3 5.0 2.5 2 1 2 0 0
6289.2 -1566.9 -20.4 30 0 12.2 15.3 5.0 2.5 2 1 2 1 1
6294.1 -1546.9 -19.2 299 0 9.0 12.0 5.0 2.5 2 1 2 0 0
6285.5 -1542.3 -18.2 298 0 6.9 10.8 5.0 2.5 2 1 2 3 3
6271.6 -1548.3 -19.0 300 0 9.4 12.4 5.0 2.5 2 1 2 1 1
6276.2 -1536.7 -17.2 294 0 7.8 10.4 5.0 2.5 2 1 2 2 2
6261.0 -1530.9 -15.0 296 0 8.3 9.2 5.0 2.5 2 1 2 3 3
6264.5 -1522.1 -13.0 114 0 8.0 6.9 2.5 2.5 2 0 1 2 2
6283.6 -1533.9 -15.7 115 0 8.0 11.5 2.5 2.5 2 1 1 3 3
6306.8 -1530.0 -15.8 40 0 7.5 14.5 2.5 2.5 2 1 1 2 2
6294.1 -1539.9 -17.1 119 0 12.9 10.6 2.5 2.5 2 0 1 3 3
6306.1 -1542.8 -18.6 208 0 7.2 11.8 5.0 2.5 2 1 2 5 5
6332.8 -1554.2 -19.3 128 0 3.3 5.6 5.0 2.5 2 1 2 0 0
6323.3 -1557.7 -20.2 123 0 11.6 7.5 5.0 2.5 2 0 2 2 2
6336.7 -1548.0 -17.9 121 0 5.9 6.9 5.0 2.5 4 1 2 0 0
6342.2 -1540.7 -16.1 122 0 6.3 6.4 5.0 2.5 2 1 2 1 1
6343.4 -1526.3 -14.1 204 0 6.7 10.4 5.0 2.5 2 1 2 0 0
6337.2 -1521.0 -13.8 209 0 7.2 5.9 5.0 2.5 2 0 2 2 2
6333.0 -1529.7 -16.1 216 0 9.2 9.1 5.0 0.0 0 0 2 3 3
6328.1 -1547.6 -18.4 116 0 7.0 8.7 5.0 2.5 4 1 2 0 0
6321.6 -1544.3 -18.0 122 0 5.7 8.0 5.0 0.0 0 1 2 4 4
6315.4 -1527.2 -16.3 210 0 4.6 9.5 5.0 0.0 0 1 2 3 3
6311.6 -1534.1 -17.4 208 0 8.6 9.6 5.0 2.5 2 1 2 1 1
6318.1 -1519.1 -15.2 206 0 10.0 12.7 5.0 2.5 2 1 2 1 1
6331.9 -1488.6 -10.8 204 0 10.3 16.0 5.0 2.5 2 1 2 2 2
6329.5 -1504.9 -12.7 204 0 12.3 13.0 5.0 2.5 2 1 2 3 3
6327.5 -1500.4 -13.1 294 0 6.2 13.2 5.0 2.5 2 1 2 0 0
6317.2 -1503.7 -12.3 36 0 7.1 5.9 2.5 0.0 0 0 1 0 0
6326.3 -1489.1 -10.7 24 0 10.6 7.9 2.5 2.5 2 0 1 5 5
6315.1 -1478.5 -9.4 283 0 9.2 6.6 2.5 0.0 0 0 1 1 1
6300.5 -1474.9 -8.9 288 0 11.0 8.7 2.5 2.5 2 0 1 3 3
6306.3 -1470.0 -7.3 10 0 7.6 9.6 2.5 2.5 2 1 1 3 3
6290.7 -1444.8 -2.9 356 0 7.1 10.6 2.5 2.5 2 1 1 1 1
6287.3 -1431.2 -0.9 16 0 9.9 9.5 2.5 2.5 2 0 1 5 5
6286.9 -1420.8 1.1 20 0 6.0 7.1 2.5 2.5 2 1 1 0 0
6296.1 -1411.5 2.4 29 0 6.1 5.4 2.5 2.5 2 0 1 1 1
6315.5 -1408.8 3.0 5 0 5.4 8.3 2.5 2.5 2 1 1 3 3
6310.9 -1421.0 0.2 17 0 10.6 9.3 2.5 2.5 2 0 1 5 5
6309.3 -1444.4 -3.2 16 0 6.9 11.9 2.5 2.5 4 1 1 0 0
6325.9 -1432.2 -2.2 202 0 10.4 9.7 2.5 2.5 2 0 1 4 4
6328.8 -1421.1 0.3 200 0 5.4 12.6 2.5 2.5 2 1 1 5 5
6351.4 -1436.4 -2.2 203 0 9.7 10.1 5.0 2.5 2 1 2 1 1
6354.7 -1426.5 0.0 203 0 8.1 9.4 5.0 2.5 2 1 2 3 3
6357.8 -1412.8 2.6 198 0 11.2 8.4 5.0 2.5 2 0 2 3 3
6377.9 -1388.3 7.7 292 0 6.7 12.6 5.0 2.5 2 1 2 5 5
6367.4 -1388.5 7.1 283 0 6.2 9.4 5.0 2.5 2 1 2 2 2
6351.5 -1400.5 5.0 15 0 8.9 12.0 2.5 2.5 2 1 1 2 2
6358.9 -1389.8 7.0 12 0 11.2 9.5 2.5 2.5 2 0 1 1 1
6338.0 -1386.4 7.3 189 0 9.9 9.4 2.5 2.5 2 0 1 5 5
6308.0 -1368.8 10.4 106 0 6.0 9.8 5.0 2.5 2 1 2 5 5
6319.1 -1368.9 10.6 102 0 9.7 10.8 5.0 2.5 2 1 2 0 0
6335.4 -1374.0 10.0 101 0 18.0 11.4 5.0 2.5 2 0 2 5 5
6362.9 -1346.7 14.9 198 0 8.4 13.9 5.0 2.5 2 1 2 4 4
6365.9 -1333.9 16.9 195 0 14.3 13.0 5.0 2.5 2 0 2 4 4
6354.5 -1318.0 19.6 107 0 5.0 7.5 5.0 2.5 2 1 2 0 0
6348.9 -1357.3 12.3 11 0 10.5 15.0 5.0 2.5 2 1 2 2 2
6325.3 -1357.9 12.3 102 0 13.3 10.2 5.0 2.5 2 0 2 3 3
6325.1 -1324.1 16.1 290 0 7.2 9.4 5.0 2.5 2 1 2 5 5
6035.6 -1252.3 -19.4 323 0 14.1 6.4 5.0 2.5 2 0 2 2 2
4858.5 -1164.5 -21.7 293 0 7.9 8.6 5.0 2.5 2 1 2 1 1
4857.7 -1174.2 -23.2 293 0 6.6 8.8 5.0 2.5 2 1 2 2 2
4831.8 -1170.3 -22.9 203 0 5.9 11.9 5.0 0.0 0 1 2 0 0
4836.2 -1150.8 -19.7 293 0 5.8 5.4 5.0 2.5 2 0 2 5 5
4845.0 -1154.0 -20.2 293 0 10.4 6.6 5.0 2.5 2 0 2 1 1
4832.3 -1161.3 -21.7 203 0 7.9 14.7 5.0 2.5 2 1 2 0 0
4853.4 -1134.1 -16.5 113 0 8.6 13.0 5.0 0.0 0 1 2 1 1
4868.2 -1134.2 -17.7 23 0 26.0 7.8 5.0 2.5 2 0 2 5 5
4901.6 -1140.9 -17.3 293 0 5.0 7.2 5.0 2.5 2 1 2 3 3
4896.6 -1155.1 -18.1 113 0 5.5 6.9 5.0 2.5 2 1 2 2 2
4891.6 -1140.3 -17.7 293 0 5.3 10.0 5.0 2.5 2 1 2 0 0
4883.8 -1171.7 -22.7 275 0 14.9 16.1 5.0 2.5 2 1 2 1 1
4890.7 -1210.4 -24.6 113 0 7.6 11.8 5.0 2.5 2 1 2 2 2
4880.2 -1209.7 -25.1 113 0 7.9 11.3 5.0 2.5 2 1 2 4 4
4872.4 -1206.7 -25.2 113 0 6.6 9.9 5.0 2.5 4 1 2 0 0
4912.8 -1174.5 -19.3 113 0 7.5 8.5 5.0 2.5 2 1 2 3 3
4912.1 -1182.2 -22.0 293 0 7.7 15.3 5.0 2.5 2 1 2 1 1
4901.9 -1180.4 -22.1 293 0 9.7 13.0 5.0 2.5 2 1 2 0 0
4944.9 -1166.8 -17.2 113 0 9.3 7.4 5.0 2.5 2 0 2 0 0
4941.8 -1176.7 -18.2 113 0 9.4 8.8 5.0 2.5 2 0 2 4 4
4937.6 -1188.3 -19.5 113 0 7.3 12.0 5.0 2.5 2 1 2 5 5
4927.8 -1191.2 -22.2 293 0 7.8 15.3 5.0 2.5 2 1 2 3 3
4935.4 -1196.3 -22.8 293 0 6.9 17.9 5.0 2.5 2 1 2 5 5
4943.4 -1200.3 -22.0 293 0 8.2 11.8 5.0 2.5 2 1 2 4 4
4953.4 -1205.3 -21.3 293 0 9.3 6.4 5.0 2.5 2 0 2 1 1
4950.4 -1211.9 -22.7 293 0 9.8 8.9 5.0 2.5 2 0 2 2 2
4981.0 -1195.0 -18.9 23 0 11.8 6.6 5.0 2.5 4 0 2 0 0
4975.1 -1189.4 -18.4 23 0 8.9 10.8 5.0 2.5 2 1 2 1 1
4962.0 -1202.0 -19.8 113 0 10.8 10.5 5.0 0.0 0 0 2 1 1
4972.4 -1207.1 -19.9 113 0 6.6 7.1 5.0 2.5 2 1 2 3 3
4991.0 -1219.0 -20.2 113 0 9.4 5.8 5.0 2.5 4 0 2 0 0
4971.6 -1212.1 -21.2 293 0 6.1 7.3 5.0 2.5 2 1 2 5 5
4970.6 -1221.0 -22.5 293 0 10.7 8.4 5.0 2.5 2 0 2 4 4
5009.4 -1173.7 -15.3 23 0 7.5 6.7 5.0 2.5 2 0 2 2 2
4993.8 -1175.1 -15.6 113 0 4.9 9.8 5.0 2.5 2 1 2 5 5
4987.4 -1173.1 -15.8 113 0 5.6 10.2 5.0 2.5 2 1 2 0 0
4985.4 -1179.7 -16.9 23 0 6.6 6.0 5.0 2.5 2 0 2 0 0
4987.3 -1140.2 -13.7 293 0 17.7 10.2 5.0 2.5 4 0 2 2 2
4969.4 -1147.3 -15.3 293 0 11.0 10.2 5.0 2.5 2 0 2 5 5
4957.3 -1141.2 -15.6 293 0 10.8 12.7 5.0 0.0 0 1 2 1 1
4947.9 -1128.8 -14.0 203 0 11.1 30.1 5.0 2.5 2 1 2 5 5
5084.2 -1157.8 -9.6 210 0 4.6 5.4 5.0 2.5 2 1 2 4 4
5083.6 -1145.9 -8.8 210 0 11.5 7.5 5.0 2.5 2 0 2 0 0
5087.6 -1137.1 -7.2 120 0 5.5 6.3 5.0 2.5 2 1 2 1 1
5080.1 -1134.9 -7.3 120 0 5.3 7.3 5.0 0.0 0 1 2 3 3
5075.6 -1149.1 -8.9 119 0 9.9 10.6 5.0 2.5 2 1 2 1 1
5081.1 -1164.0 -10.6 210 0 7.0 4.8 5.0 2.5 2 0 2 2 2
5073.1 -1159.5 -10.8 210 0 10.0 7.7 5.0 0.0 0 0 2 4 4
5066.9 -1171.2 -12.6 209 0 11.3 11.3 5.0 2.5 2 0 2 5 5
5063.2 -1132.7 -8.3 206 0 8.3 9.5 5.0 2.5 4 1 2 2 2
5055.1 -1129.6 -8.6 205 0 9.4 7.3 5.0 2.5 2 0 2 3 3
5064.0 -1140.7 -9.9 296 0 9.9 9.8 5.0 2.5 2 0 2 5 5
5061.8 -1157.3 -11.0 29 0 5.5 9.2 5.0 2.5 2 1 2 1 1
5065.5 -1162.5 -12.3 299 0 5.0 10.2 5.0 2.5 2 1 2 0 0
5055.4 -1169.2 -12.3 119 0 3.4 8.5 5.0 2.5 2 1 2 5 5
5049.2 -1166.0 -12.3 119 0 8.3 9.3 5.0 0.0 0 1 2 3 3
5047.8 -1142.5 -10.5 205 0 12.0 6.4 5.0 2.5 4 0 2 2 2
5041.2 -1139.5 -10.4 205 0 9.8 5.6 5.0 2.5 2 0 2 5 5
5038.7 -1156.5 -11.8 115 0 6.1 7.9 5.0 2.5 2 1 2 1 1
5023.0 -1134.2 -10.9 294 0 6.1 7.3 5.0 2.5 4 1 2 2 2
5028.3 -1148.9 -12.0 24 0 9.7 5.6 5.0 2.5 2 0 2 0 0
5033.9 -1146.0 -12.1 295 0 6.1 10.6 5.0 2.5 4 1 2 3 3
5029.7 -1164.4 -13.6 28 0 10.3 8.1 5.0 2.5 2 0 2 5 5
5024.8 -1172.8 -14.3 29 0 3.6 7.0 5.0 2.5 2 1 2 3 3
5021.7 -1179.0 -15.3 28 0 7.9 9.4 5.0 2.5 2 1 2 4 4
5032.0 -1176.5 -14.5 209 0 6.3 9.2 5.0 2.5 2 1 2 2 2
5023.2 -1194.0 -16.7 209 0 7.7 9.1 5.0 0.0 0 1 2 4 4
5026.7 -1184.2 -15.7 209 0 9.6 10.6 5.0 2.5 2 1 2 5 5
5035.2 -1166.4 -13.6 208 0 9.9 7.1 5.0 2.5 2 0 2 3 3
5046.0 -1167.6 -13.5 298 0 4.7 7.7 5.0 2.5 2 1 2 1 1
5051.2 -1171.4 -13.7 298 0 5.9 8.5 5.0 2.5 2 1 2 4 4
5046.4 -1179.7 -14.8 299 0 6.4 9.9 5.0 2.5 2 1 2 1 1
5057.0 -1174.7 -13.7 298 0 5.7 8.3 5.0 2.5 2 1 2 4 4
5015.5 -1244.4 -22.5 307 0 8.2 6.9 5.0 2.5 2 0 2 2 2
5007.9 -1238.6 -22.3 307 0 8.2 7.4 5.0 2.5 4 0 2 2 2
4998.3 -1252.7 -23.3 127 0 10.1 8.2 5.0 2.5 2 0 2 5 5
5015.7 -1214.3 -19.0 212 0 5.1 11.3 5.0 2.5 2 1 2 3 3
5012.0 -1220.9 -19.9 212 0 6.6 10.8 5.0 2.5 2 1 2 2 2
5010.9 -1233.5 -20.7 122 0 9.8 6.6 5.0 2.5 2 0 2 4 4
5018.3 -1237.8 -20.8 130 0 6.1 11.8 5.0 2.5 4 1 2 4 4
5025.4 -1243.6 -21.2 130 0 10.6 11.5 5.0 2.5 4 1 2 1 1
5032.5 -1220.6 -19.3 220 0 8.8 13.5 5.0 2.5 2 1 2 0 0
5049.6 -1221.6 -18.2 41 0 7.5 12.6 5.0 2.5 2 1 2 4 4
5032.6 -1207.2 -17.7 220 0 6.2 7.6 5.0 2.5 2 1 2 1 1
5039.1 -1202.1 -17.2 220 0 6.1 18.9 5.0 2.5 2 1 2 3 3
5044.7 -1195.5 -16.2 220 0 6.8 16.4 5.0 2.5 2 1 2 2 2
5065.6 -1180.9 -13.9 304 0 10.7 8.3 5.0 2.5 2 0 2 2 2
5058.6 -1189.4 -15.2 305 0 16.5 8.2 5.0 2.5 2 0 2 4 4
5076.3 -1187.0 -13.9 300 0 11.4 8.1 5.0 2.5 2 0 2 2 2
5087.8 -1199.4 -13.9 30 0 6.2 8.2 5.0 2.5 2 1 2 3 3
5083.5 -1207.9 -15.2 30 0 8.8 9.6 5.0 2.5 2 1 2 0 0
5071.1 -1196.1 -15.3 300 0 9.1 9.8 5.0 2.5 2 1 2 5 5
5075.7 -1219.0 -16.8 38 0 11.1 8.1 5.0 2.5 2 0 2 4 4
5066.0 -1215.7 -17.0 38 0 11.3 8.3 5.0 2.5 2 0 2 3 3
5059.4 -1226.9 -18.3 37 0 8.2 8.7 5.0 2.5 2 1 2 5 5
5066.7 -1232.0 -18.6 37 0 9.5 6.3 5.0 2.5 4 0 2 1 1
5059.3 -1243.1 -20.1 38 0 11.9 7.9 5.0 2.5 4 0 2 0 0
5051.7 -1237.4 -19.9 38 0 12.2 8.0 5.0 2.5 2 0 2 4 4
5035.6 -1254.4 -21.8 127 0 11.1 14.4 5.0 0.0 0 1 2 2 2
5095.8 -1198.2 -13.8 206 0 14.9 11.5 5.0 2.5 2 0 2 4 4
5089.0 -1210.9 -15.1 206 0 9.8 12.2 5.0 2.5 2 1 2 1 1
5081.1 -1222.7 -16.9 206 0 11.1 13.2 5.0 2.5 4 1 2 2 2
5074.3 -1237.4 -18.7 206 0 10.1 13.0 5.0 2.5 2 1 2 5 5
5065.8 -1247.4 -20.2 206 0 11.1 12.2 5.0 2.5 2 1 2 0 0
5053.1 -1266.4 -22.3 206 0 7.1 14.6 5.0 0.0 0 1 2 5 5
5059.3 -1257.2 -21.2 206 0 7.6 11.8 5.0 2.5 2 1 2 4 4
5107.6 -1155.9 -8.4 202 0 11.5 23.4 5.0 2.5 4 1 2 3 3
2860.1 -668.4 -7.6 254 0 8.9 7.8 5.0 2.5 2 0 2 1 1
2856.1 -658.8 -6.3 254 0 9.5 9.6 5.0 0.0 0 1 2 4 4
2836.1 -681.7 -5.5 164 0 9.8 7.5 5.0 2.5 2 0 2 5 5
2862.9 -685.6 -8.7 74 0 6.9 8.4 5.0 2.5 2 1 2 3 3
2854.0 -690.6 -7.7 74 0 5.4 7.2 5.0 2.5 2 1 2 4 4
2844.0 -690.4 -7.0 164 0 7.0 5.4 5.0 0.0 0 0 2 1 1
2854.9 -699.5 -8.8 74 0 9.2 6.7 5.0 2.5 4 0 2 4 4
2874.2 -690.6 -10.7 74 0 5.9 8.3 5.0 2.5 2 1 2 2 2
2865.5 -695.3 -9.9 74 0 8.5 8.0 5.0 2.5 2 0 2 2 2
2879.4 -677.7 -10.0 69 0 6.5 7.1 5.0 2.5 2 1 2 3 3
2883.3 -686.4 -11.4 69 0 5.8 6.7 5.0 0.0 0 1 2 5 5
2897.6 -681.1 -12.9 69 0 7.2 9.4 5.0 2.5 2 1 2 2 2
2892.0 -686.6 -12.7 69 0 5.1 5.9 5.0 2.5 2 1 2 0 0
2874.1 -651.5 -8.1 243 0 6.9 10.9 5.0 2.5 2 1 2 0 0
2921.7 -609.8 -9.8 243 0 9.1 8.8 5.0 2.5 2 0 2 4 4
2917.4 -620.8 -9.0 63 0 7.2 6.5 7.5 2.5 2 0 3 5 5
2955.5 -624.2 -14.0 333 0 10.4 10.1 5.0 2.5 2 0 2 0 0
2937.9 -628.0 -13.3 243 0 8.7 8.6 5.0 2.5 2 0 2 0 0
2949.7 -604.2 -11.7 346 0 10.2 7.2 5.0 2.5 4 0 2 1 1
2942.7 -590.4 -10.0 325 0 6.9 7.9 5.0 2.5 2 1 2 1 1
2924.9 -578.3 -7.5 145 0 10.0 7.1 5.0 2.5 4 0 2 0 0
2937.3 -580.4 -8.5 325 0 5.3 8.5 5.0 2.5 4 1 2 1 1
2947.9 -562.6 -8.1 317 0 5.6 8.6 5.0 2.5 2 1 2 0 0
2927.1 -552.5 -5.3 207 0 8.4 5.0 5.0 2.5 4 0 2 3 3
2942.8 -560.9 -7.1 33 0 8.8 9.6 5.0 2.5 2 1 2 1 1
2936.8 -520.6 -2.2 199 0 7.6 7.3 5.0 2.5 2 0 2 0 0
2944.4 -533.2 -4.0 19 0 8.4 10.5 5.0 2.5 2 1 2 0 0
2946.6 -545.7 -6.3 19 0 10.3 15.3 5.0 2.5 2 1 2 4 4
2950.1 -533.2 -5.7 182 0 10.5 6.3 2.5 2.5 2 0 1 5 5
2950.1 -543.2 -7.0 182 0 5.5 6.6 2.5 2.5 2 1 1 3 3
2951.0 -549.2 -7.7 182 0 4.0 6.3 2.5 2.5 2 1 1 5 5
2954.4 -556.5 -9.1 182 0 7.3 8.9 2.5 2.5 2 1 1 3 3
2971.2 -573.6 -12.3 181 0 7.9 8.3 2.5 2.5 2 1 1 4 4
2965.8 -581.8 -12.1 181 0 5.6 7.1 2.5 0.0 0 1 1 4 4
2956.0 -580.5 -11.3 181 0 8.7 8.5 2.5 2.5 2 0 1 5 5
2994.3 -597.0 -15.3 75 0 9.9 7.0 2.5 2.5 2 0 1 4 4
2995.1 -603.8 -15.8 75 0 8.7 5.0 2.5 2.5 4 0 1 2 2
2996.6 -610.6 -16.4 75 0 8.9 6.0 2.5 2.5 2 0 1 0 0
3007.5 -592.7 -16.4 84 0 11.4 15.8 2.5 2.5 2 1 1 2 2
3009.0 -608.2 -17.4 84 0 9.8 13.4 2.5 2.5 2 1 1 1 1
2969.5 -592.2 -13.1 157 0 6.6 7.3 2.5 2.5 2 1 1 4 4
2962.8 -596.4 -12.7 157 0 6.5 7.1 2.5 2.5 2 1 1 5 5
2976.0 -599.6 -14.4 157 0 7.3 10.5 2.5 2.5 2 1 1 0 0
2979.2 -606.3 -14.7 157 0 4.7 4.4 2.5 2.5 2 0 1 0 0
2984.9 -611.2 -15.2 67 0 5.5 3.7 2.5 2.5 2 0 1 1 1
2982.9 -615.1 -15.7 157 0 4.6 6.0 2.5 2.5 2 1 1 5 5
2977.0 -615.0 -14.8 67 0 5.7 15.6 2.5 2.5 2 1 1 3 3
2959.1 -603.5 -12.6 337 0 9.8 6.1 5.0 2.5 2 0 2 0 0
2960.9 -613.1 -13.2 337 0 6.0 5.0 5.0 2.5 2 0 2 3 3
2963.4 -620.8 -14.3 337 0 7.8 5.4 5.0 2.5 4 0 2 5 5
2964.2 -605.6 -14.6 247 0 6.2 16.3 5.0 2.5 2 1 2 0 0
2984.7 -644.3 -18.4 262 0 6.4 8.3 5.0 2.5 2 1 2 2 2
2980.5 -649.8 -18.1 352 0 7.1 6.4 5.0 2.5 4 0 2 4 4
2972.0 -622.9 -16.0 243 0 11.1 9.4 5.0 0.0 0 0 2 5 5
2984.5 -634.8 -17.4 333 0 12.0 6.4 5.0 2.5 4 0 2 3 3
2977.5 -637.8 -17.1 333 0 8.1 8.7 5.0 2.5 2 1 2 2 2
2969.7 -656.1 -18.0 76 0 5.5 8.7 5.0 2.5 4 1 2 5 5
2971.5 -669.0 -19.0 76 0 7.7 9.7 5.0 2.5 2 1 2 0 0
2976.5 -662.0 -18.6 87 0 3.9 6.6 5.0 2.5 2 1 2 4 4
2983.9 -663.7 -19.1 357 0 4.1 5.4 5.0 2.5 2 1 2 2 2
2987.9 -657.4 -18.9 357 0 6.8 7.4 5.0 2.5 4 1 2 4 4
2955.2 -664.1 -17.9 64 0 7.9 6.1 5.0 2.5 2 0 2 0 0
2958.9 -671.3 -18.6 64 0 10.4 7.6 5.0 2.5 2 0 2 5 5
2954.6 -655.3 -17.0 64 0 17.8 12.4 5.0 2.5 2 0 2 0 0
2937.8 -679.3 -17.9 64 0 14.2 10.0 5.0 2.5 2 0 2 2 2
2926.9 -671.7 -16.4 64 0 36.1 17.9 5.0 2.5 2 0 2 0 0
2852.2 -709.1 -10.9 262 0 7.4 8.3 2.5 0.0 0 1 1 1 1
2862.3 -705.8 -12.0 262 0 5.9 8.2 2.5 2.5 4 1 1 4 4
2880.9 -696.6 -13.8 262 0 7.3 8.6 2.5 2.5 2 1 1 0 0
2873.7 -719.9 -13.9 82 0 7.4 12.6 2.5 2.5 4 1 1 0 0
2887.1 -719.0 -14.8 82 0 10.5 11.9 2.5 2.5 2 1 1 5 5
2902.7 -714.1 -15.7 82 0 5.6 8.7 2.5 0.0 0 1 1 1 1
2896.7 -717.5 -15.3 82 0 5.4 10.0 2.5 2.5 4 1 1 4 4
2902.7 -695.5 -15.9 262 0 7.2 8.2 2.5 0.0 0 1 1 3 3
2893.4 -696.7 -15.4 262 0 7.6 7.6 2.5 2.5 2 1 1 1 1
2910.3 -712.7 -16.2 82 0 6.2 7.9 2.5 2.5 2 1 1 1 1
2921.8 -692.9 -17.1 262 0 5.2 7.7 2.5 2.5 2 1 1 4 4
2927.8 -709.6 -19.4 82 0 5.3 8.2 2.5 2.5 2 1 1 5 5
2919.8 -712.2 -19.4 82 0 7.4 9.4 2.5 2.5 2 1 1 1 1
2913.1 -692.0 -16.7 262 0 7.4 7.9 2.5 0.0 0 1 1 4 4
2966.4 -680.0 -20.1 252 0 8.6 8.9 2.5 0.0 0 1 1 5 5
2957.9 -683.4 -19.5 252 0 7.5 9.0 2.5 2.5 2 1 1 1 1
2946.5 -696.3 -18.6 62 0 10.3 7.4 2.5 2.5 2 0 1 4 4
3011.8 -658.3 -22.0 266 0 5.2 14.2 2.5 2.5 2 1 1 5 5
3004.7 -659.5 -21.5 267 0 6.3 13.5 2.5 2.5 2 1 1 4 4
2991.3 -668.7 -20.7 176 0 6.0 8.4 2.5 2.5 2 1 1 3 3
2997.1 -672.4 -21.8 266 0 7.6 5.8 2.5 2.5 2 0 1 5 5
2986.6 -668.9 -21.2 266 0 7.6 9.1 2.5 2.5 2 1 1 0 0
3007.3 -679.9 -22.4 86 0 7.0 6.3 2.5 2.5 4 0 1 5 5
3014.1 -614.6 -18.8 264 0 4.9 9.0 2.5 2.5 2 1 1 4 4
3006.3 -616.0 -18.3 264 0 8.0 8.7 2.5 2.5 4 1 1 2 2
3010.3 -625.5 -19.7 264 0 12.0 11.1 2.5 2.5 2 0 1 5 5
3009.4 -644.4 -20.0 84 0 8.3 6.1 2.5 2.5 2 0 1 3 3
2995.2 -620.0 -17.6 264 0 8.3 7.7 2.5 2.5 2 0 1 5 5
2991.2 -634.8 -18.6 174 0 9.3 11.1 2.5 2.5 4 1 1 5 5
2993.4 -643.0 -19.3 174 0 6.6 10.5 2.5 2.5 2 1 1 3 3
3010.2 -652.2 -20.5 84 0 6.1 7.4 2.5 0.0 0 1 1 0 0
2993.5 -651.8 -20.0 174 0 7.4 11.6 2.5 2.5 2 1 1 1 1
3035.3 -658.7 -23.0 272 0 5.5 14.2 2.5 2.5 2 1 1 1 1
3049.3 -689.4 -25.2 92 0 8.5 6.3 2.5 2.5 2 0 1 4 4
3048.5 -689.9 -27.7 272 0 9.9 7.3 2.5 2.5 2 0 1 3 3
3035.5 -685.9 -25.8 182 0 7.4 6.4 2.5 2.5 2 0 1 4 4
3042.8 -660.7 -23.1 276 0 6.9 13.2 2.5 2.5 4 1 1 2 2
3055.5 -662.5 -23.2 289 0 5.2 9.8 2.5 0.0 0 1 1 5 5
3070.2 -666.8 -23.8 289 0 5.3 7.3 2.5 2.5 2 1 1 1 1
3063.0 -664.2 -23.5 289 0 7.5 8.3 2.5 2.5 2 1 1 4 4
3068.0 -692.7 -26.2 109 0 7.0 10.3 2.5 2.5 2 1 1 4 4
3079.3 -667.1 -24.9 288 0 8.3 14.5 2.5 2.5 2 1 1 3 3
3090.0 -670.4 -24.3 288 0 9.0 8.2 2.5 0.0 0 0 1 2 2
3086.4 -679.5 -25.3 289 0 8.7 5.0 2.5 2.5 2 0 1 2 2
3080.9 -692.7 -26.5 108 0 7.5 8.3 2.5 2.5 2 1 1 4 4
3094.4 -686.5 -26.5 289 0 8.1 8.7 2.5 2.5 2 1 1 2 2
3103.7 -676.8 -24.9 288 0 6.3 10.6 2.5 2.5 2 1 1 2 2
3111.1 -677.3 -25.1 288 0 5.9 14.1 2.5 2.5 2 1 1 3 3
3103.2 -691.6 -26.4 289 0 9.3 6.3 2.5 2.5 4 0 1 5 5
3119.0 -680.6 -24.7 288 0 8.5 12.9 2.5 2.5 2 1 1 3 3
3127.0 -684.1 -24.4 288 0 5.5 12.6 2.5 2.5 2 1 1 5 5
3119.4 -709.2 -26.3 109 0 6.0 9.7 2.5 2.5 2 1 1 2 2
3135.1 -685.4 -24.3 288 0 8.9 15.2 2.5 2.5 2 1 1 4 4
3143.9 -688.9 -23.8 288 0 6.4 13.7 2.5 2.5 2 1 1 1 1
3138.9 -714.4 -25.4 109 0 13.1 8.4 2.5 2.5 2 0 1 4 4
3127.1 -712.0 -26.0 109 0 6.9 11.7 2.5 2.5 2 1 1 4 4
3151.8 -690.7 -23.3 289 0 7.3 12.5 2.5 2.5 2 1 1 1 1
3160.1 -692.2 -22.9 292 0 6.7 15.7 2.5 2.5 2 1 1 3 3
3163.5 -726.5 -24.0 112 0 7.8 9.0 2.5 2.5 2 1 1 4 4
3164.1 -741.3 -26.0 113 0 6.4 10.8 2.5 2.5 2 1 1 5 5
3156.4 -737.8 -26.9 113 0 7.6 8.5 2.5 2.5 2 1 1 2 2
3175.4 -699.5 -21.9 293 0 7.4 15.7 2.5 2.5 2 1 1 2 2
3166.9 -696.1 -22.6 293 0 6.8 15.8 2.5 2.5 2 1 1 3 3
3056.4 -622.7 -21.0 293 0 8.0 12.8 2.5 2.5 2 1 1 3 3
3046.7 -618.1 -21.1 293 0 8.0 14.6 2.5 2.5 2 1 1 3 3
3036.7 -612.4 -20.5 292 0 11.8 9.1 2.5 2.5 2 0 1 0 0
3033.8 -622.3 -20.9 293 0 9.7 8.9 2.5 2.5 2 0 1 5 5
3031.1 -646.0 -21.9 112 0 7.3 12.7 2.5 2.5 2 1 1 0 0
3039.4 -649.2 -22.0 112 0 7.3 14.5 2.5 0.0 0 1 1 2 2
3047.7 -650.8 -22.0 112 0 7.9 14.7 2.5 2.5 2 1 1 4 4
3075.0 -631.0 -21.3 293 0 7.1 14.0 2.5 2.5 2 1 1 0 0
3066.4 -628.7 -21.2 293 0 7.9 13.8 2.5 2.5 2 1 1 4 4
3059.6 -654.3 -22.3 112 0 13.2 11.1 2.5 2.5 2 0 1 1 1
3070.9 -658.6 -22.5 112 0 8.6 11.0 2.5 2.5 2 1 1 2 2
3081.9 -635.6 -21.4 292 0 7.8 12.2 2.5 2.5 2 1 1 0 0
3090.4 -637.6 -21.5 292 0 7.9 14.6 2.5 0.0 0 1 1 2 2
3079.6 -662.9 -22.7 112 0 8.7 11.7 2.5 2.5 2 1 1 1 1
3099.0 -641.2 -21.0 293 0 6.8 10.7 2.5 2.5 2 1 1 1 1
3088.9 -664.5 -22.5 112 0 7.2 13.1 2.5 2.5 2 1 1 2 2
3106.3 -645.9 -21.2 293 0 7.5 11.8 2.5 2.5 2 1 1 0 0
3096.5 -667.9 -22.6 112 0 7.2 11.3 2.5 2.5 2 1 1 5 5
3114.8 -649.0 -21.2 293 0 7.9 11.9 2.5 2.5 2 1 1 2 2
3105.5 -671.3 -22.5 112 0 8.3 10.9 2.5 2.5 2 1 1 4 4
3124.0 -653.8 -21.2 293 0 8.8 11.1 2.5 0.0 0 1 1 4 4
3115.2 -674.8 -22.5 112 0 9.7 9.9 2.5 2.5 2 1 1 4 4
3133.5 -657.4 -20.9 292 0 8.5 10.0 2.5 2.5 2 1 1 4 4
3125.0 -678.6 -22.3 112 0 7.8 11.8 2.5 2.5 2 1 1 4 4
3143.1 -660.9 -20.5 290 0 9.1 9.4 2.5 2.5 2 1 1 1 1
3136.0 -680.9 -21.8 110 0 10.5 10.3 2.5 2.5 2 0 1 0 0
3154.1 -665.2 -19.9 290 0 10.4 9.9 2.5 2.5 2 0 1 0 0
3147.7 -684.2 -21.3 110 0 10.3 8.8 2.5 0.0 0 0 1 3 3
3162.3 -671.8 -20.0 290 0 7.0 12.6 2.5 2.5 2 1 1 2 2
3168.4 -690.4 -19.8 110 0 14.8 15.7 2.5 2.5 2 1 1 1 1
3055.8 -572.7 -17.0 111 0 7.6 8.8 2.5 2.5 2 1 1 1 1
3063.2 -577.8 -17.0 111 0 7.1 8.0 2.5 2.5 2 1 1 2 2
3063.4 -587.0 -18.2 21 0 10.5 9.3 2.5 2.5 2 0 1 2 2
3052.4 -578.7 -18.0 291 0 4.5 9.6 2.5 2.5 2 1 1 4 4
3043.7 -563.8 -16.9 291 0 9.6 8.3 2.5 0.0 0 0 1 1 1
3043.3 -578.0 -17.8 291 0 8.3 7.5 2.5 2.5 2 0 1 1 1
3057.9 -595.8 -18.7 26 0 3.8 7.0 2.5 0.0 0 1 1 2 2
3055.9 -603.0 -19.4 26 0 8.0 8.8 2.5 2.5 2 1 1 2 2
3041.5 -599.4 -18.8 116 0 7.5 10.2 2.5 2.5 2 1 1 0 0
3037.4 -606.8 -19.5 116 0 7.8 7.0 2.5 2.5 2 0 1 4 4
3046.9 -612.1 -20.1 116 0 7.5 7.2 2.5 2.5 4 0 1 3 3
3079.1 -591.4 -17.4 119 0 5.2 10.5 5.0 2.5 2 1 2 4 4
3070.6 -581.3 -17.5 208 0 9.2 7.0 5.0 2.5 2 0 2 1 1
3066.4 -589.8 -18.1 208 0 7.8 13.3 5.0 2.5 2 1 2 5 5
3091.3 -593.9 -18.1 303 0 12.5 13.0 5.0 2.5 4 1 2 0 0
3077.9 -614.5 -19.0 117 0 6.5 9.7 5.0 2.5 2 1 2 5 5
3070.6 -603.6 -18.9 207 0 8.1 4.7 5.0 2.5 2 0 2 2 2
3061.3 -599.2 -19.0 207 0 9.6 8.3 5.0 2.5 2 0 2 3 3
3057.8 -616.2 -20.0 117 0 9.7 10.6 5.0 2.5 2 1 2 1 1
3065.9 -620.9 -19.9 117 0 7.0 11.7 5.0 2.5 2 1 2 3 3
3074.4 -623.6 -19.7 117 0 7.0 8.2 5.0 2.5 2 1 2 5 5
3081.1 -629.0 -19.8 117 0 8.7 14.6 5.0 2.5 2 1 2 5 5
3090.2 -633.4 -19.7 117 0 8.3 12.7 5.0 0.0 0 1 2 4 4
3101.7 -637.4 -19.5 117 0 10.2 15.6 5.0 2.5 2 1 2 0 0
3121.8 -620.6 -17.5 27 0 10.9 11.1 5.0 2.5 4 1 2 4 4
3112.4 -640.8 -19.3 117 0 8.9 11.1 5.0 2.5 2 1 2 5 5
3121.0 -643.7 -19.2 117 0 6.9 11.6 5.0 2.5 2 1 2 2 2
3127.2 -646.6 -19.1 117 0 4.1 11.0 5.0 2.5 4 1 2 0 0
3148.6 -634.7 -13.9 117 0 7.4 7.4 2.5 2.5 2 0 1 5 5
3132.1 -652.9 -19.4 117 0 7.8 18.2 5.0 2.5 4 1 2 4 4
3140.3 -655.6 -18.8 115 0 6.0 16.8 5.0 2.5 2 1 2 3 3
3170.6 -651.8 -13.4 115 0 8.5 9.0 5.0 2.5 2 1 2 0 0
3147.8 -658.0 -18.1 115 0 7.3 12.6 5.0 2.5 2 1 2 0 0
3156.3 -660.6 -17.3 115 0 8.0 12.8 5.0 2.5 4 1 2 2 2
3165.3 -665.0 -16.7 115 0 9.0 13.2 5.0 2.5 2 1 2 2 2
3173.9 -670.3 -16.2 115 0 8.9 12.8 5.0 0.0 0 1 2 3 3
3185.5 -674.0 -14.9 115 0 7.3 13.8 5.0 2.5 4 1 2 3 3
3203.9 -676.0 -14.7 299 0 13.8 10.7 5.0 2.5 2 0 2 0 0
3212.3 -697.4 -16.3 290 0 13.0 11.2 5.0 0.0 0 0 2 1 1
3205.1 -713.8 -18.0 200 0 11.4 11.1 5.0 2.5 2 0 2 5 5
3246.0 -591.4 4.9 225 0 8.0 9.4 5.0 2.5 2 1 2 5 5
-6317.7 2218.4 -18.1 308 0 8.2 9.6 5.0 2.5 2 1 2 4 4
-6308.7 2211.9 -21.8 308 0 8.7 15.7 5.0 2.5 2 1 2 0 0
-6300.8 2206.6 -20.7 308 0 7.9 19.5 5.0 2.5 2 1 2 5 5
-6292.7 2200.4 -16.5 308 0 9.2 16.9 5.0 2.5 2 1 2 5 5
-6284.6 2193.8 -16.1 308 0 8.9 16.7 5.0 2.5 2 1 2 3 3
-6276.2 2185.9 -15.2 312 0 7.2 12.2 5.0 2.5 2 1 2 0 0
-6268.6 2161.6 -21.8 315 0 7.5 8.6 5.0 2.5 4 1 2 2 2
-6268.0 2179.5 -14.6 315 0 10.0 11.6 5.0 2.5 2 1 2 4 4
-6242.7 2160.1 -12.2 315 0 8.7 7.1 5.0 2.5 2 0 2 0 0
-6231.6 2200.2 -6.0 225 0 6.7 5.3 5.0 2.5 4 0 2 2 2
-6224.5 2184.6 -6.8 315 0 4.5 6.5 5.0 2.5 4 1 2 4 4
-6238.4 2193.0 -8.0 225 0 8.0 11.8 5.0 2.5 2 1 2 4 4
-6248.2 2185.1 -11.0 225 0 12.4 8.6 5.0 2.5 2 0 2 1 1
-6288.5 2242.2 -12.6 219 0 7.9 12.6 5.0 2.5 2 1 2 2 2
-6298.4 2211.6 -14.6 129 0 10.1 13.9 5.0 2.5 2 1 2 4 4
-6266.1 2228.5 -12.7 309 0 10.1 19.7 5.0 2.5 2 1 2 5 5
-6261.5 2218.5 -11.8 309 0 6.3 9.9 5.0 2.5 2 1 2 1 1
-6235.6 2202.9 -7.5 40 0 8.8 6.3 5.0 2.5 2 0 2 1 1
-6244.7 2211.4 -8.5 310 0 6.8 4.7 5.0 2.5 2 0 2 0 0
-6251.8 2217.2 -9.7 310 0 8.4 5.5 5.0 2.5 2 0 2 5 5
-6254.9 2211.1 -11.4 309 0 7.8 8.7 5.0 2.5 2 1 2 5 5
-6245.6 2194.4 -11.0 39 0 12.0 11.8 5.0 2.5 2 0 2 3 3
-6231.2 2246.1 -4.0 37 0 8.0 6.7 5.0 2.5 2 0 2 3 3
-6234.9 2227.5 -4.6 127 0 7.1 10.5 5.0 2.5 2 1 2 4 4
-6242.6 2219.9 -6.7 128 0 8.2 8.0 5.0 2.5 2 0 2 4 4
-6252.0 2226.3 -8.2 128 0 8.5 12.6 5.0 2.5 2 1 2 4 4
-6255.9 2240.2 -8.2 128 0 6.7 7.1 5.0 2.5 4 1 2 0 0
-6260.9 2233.5 -9.5 127 0 7.7 6.9 5.0 2.5 2 0 2 1 1
-6249.1 2278.1 -5.2 224 0 7.7 18.5 5.0 2.5 2 1 2 3 3
-6262.4 2269.1 -8.2 220 0 9.7 21.5 5.0 2.5 2 1 2 2 2
-6262.2 2254.4 -9.1 220 0 10.3 8.1 5.0 2.5 2 0 2 3 3
-6269.1 2240.4 -10.4 131 0 7.2 9.2 5.0 2.5 4 1 2 1 1
-6270.0 2261.1 -9.5 221 0 8.0 7.7 5.0 2.5 2 0 2 1 1
-6276.7 2252.4 -11.0 221 0 10.4 7.7 5.0 2.5 4 0 2 2 2
-6259.8 2291.4 -6.2 44 0 6.8 7.4 5.0 2.5 2 1 2 0 0
-6252.8 2285.1 -6.1 44 0 10.1 8.0 5.0 2.5 2 0 2 3 3
-6270.0 2281.0 -8.8 45 0 8.1 6.4 5.0 2.5 2 0 2 4 4
-6262.7 2274.5 -8.5 46 0 10.9 7.3 5.0 2.5 2 0 2 5 5
-6289.9 2289.6 -10.3 226 0 6.7 5.8 5.0 2.5 2 0 2 0 0
-6289.2 2256.2 -11.8 136 0 9.0 20.4 5.0 2.5 2 1 2 4 4
-6303.3 2273.4 -12.5 135 0 9.3 11.4 5.0 2.5 2 1 2 3 3
-6296.5 2264.7 -12.2 136 0 8.2 18.1 5.0 2.5 2 1 2 2 2
-6303.6 2264.0 -13.9 316 0 7.6 10.3 5.0 2.5 2 1 2 0 0
-6298.9 2256.8 -13.6 315 0 7.3 9.2 5.0 0.0 0 1 2 3 3
-6292.7 2250.9 -14.0 316 0 7.9 16.9 5.0 2.5 4 1 2 4 4
-6320.9 2230.6 -15.8 134 0 7.6 10.8 5.0 2.5 2 1 2 3 3
-6323.3 2251.0 -15.8 223 0 16.6 8.8 5.0 0.0 0 0 2 5 5
-6353.5 2272.4 -17.4 139 0 7.0 9.1 2.5 2.5 2 1 1 1 1
-6346.8 2263.0 -17.0 139 0 12.9 11.6 2.5 2.5 2 0 1 1 1
-6330.4 2255.2 -16.6 49 0 15.3 8.4 2.5 2.5 2 0 1 3 3
-6398.8 2358.0 -19.7 313 0 5.1 9.7 2.5 2.5 2 1 1 4 4
-6404.0 2363.1 -19.8 313 0 6.8 9.0 2.5 0.0 0 1 1 1 1
-6410.4 2369.0 -20.2 313 0 6.8 8.9 2.5 2.5 2 1 1 3 3
-6423.4 2350.5 -22.4 133 0 16.1 10.8 2.5 2.5 2 0 1 3 3
-6411.5 2345.0 -21.1 133 0 6.1 6.2 2.5 0.0 0 1 1 5 5
-6390.6 2351.4 -19.3 313 0 10.3 10.0 2.5 2.5 2 0 1 4 4
-6403.7 2339.6 -20.5 133 0 8.7 5.9 2.5 2.5 2 0 1 1 1
-6411.3 2334.0 -22.2 133 0 9.5 6.5 2.5 2.5 2 0 1 4 4
-6382.8 2341.7 -19.7 313 0 10.8 13.7 2.5 2.5 2 1 1 4 4
-6401.5 2323.8 -21.8 133 0 12.2 7.5 2.5 2.5 2 0 1 5 5
-6373.6 2332.6 -19.8 313 0 10.0 17.1 2.5 2.5 2 1 1 4 4
-6352.2 2313.7 -18.0 313 0 12.0 16.6 2.5 2.5 2 1 1 1 1
-6375.7 2307.4 -19.7 133 0 10.0 9.9 2.5 2.5 2 0 1 1 1
-6361.8 2322.8 -17.9 313 0 9.8 9.5 2.5 2.5 4 0 1 0 0
-6404.8 2420.2 -15.2 312 0 6.1 8.2 5.0 2.5 2 1 2 2 2
-6399.1 2412.0 -15.3 312 0 10.2 5.3 5.0 2.5 2 0 2 3 3
-6402.8 2401.5 -16.0 42 0 4.5 10.2 5.0 2.5 2 1 2 2 2
-6407.4 2394.7 -17.3 42 0 8.0 16.1 5.0 2.5 4 1 2 5 5
-6413.5 2387.1 -18.8 42 0 9.9 15.5 5.0 2.5 2 1 2 4 4
-6420.9 2375.5 -20.9 42 0 9.8 16.6 5.0 2.5 2 1 2 0 0
-6428.8 2366.9 -22.7 42 0 11.1 14.2 5.0 2.5 2 1 2 0 0
-6467.8 2447.2 -16.2 46 0 6.9 7.5 5.0 2.5 2 1 2 5 5
-6487.3 2447.9 -16.9 136 0 8.8 11.2 5.0 2.5 2 1 2 3 3
-6474.1 2440.8 -17.4 46 0 9.1 7.7 5.0 2.5 2 0 2 3 3
-6490.0 2440.4 -20.3 327 0 10.0 9.2 5.0 2.5 2 0 2 2 2
-6495.2 2448.2 -19.1 327 0 7.0 7.4 5.0 0.0 0 1 2 2 2
-6508.2 2445.2 -21.9 237 0 7.3 6.4 5.0 2.5 2 0 2 1 1
-6504.8 2431.7 -21.8 147 0 9.2 6.0 5.0 2.5 2 0 2 2 2
-6486.9 2429.3 -21.7 327 0 7.5 9.2 5.0 2.5 2 1 2 2 2
-6482.5 2417.7 -23.4 318 0 7.7 9.3 5.0 0.0 0 1 2 4 4
-6474.0 2403.9 -23.9 318 0 4.9 11.2 5.0 2.5 2 1 2 5 5
-6476.8 2411.7 -24.0 318 0 6.3 14.6 5.0 2.5 2 1 2 0 0
-6466.1 2399.0 -22.7 133 0 8.9 10.4 5.0 2.5 2 1 2 2 2
-6460.6 2389.3 -23.2 133 0 9.2 13.3 5.0 2.5 4 1 2 1 1
-6441.6 2394.8 -20.6 133 0 9.3 11.8 5.0 2.5 2 1 2 2 2
-6451.2 2383.7 -22.8 133 0 9.6 13.6 5.0 2.5 2 1 2 4 4
-6424.5 2416.0 -18.4 315 0 14.2 12.8 5.0 2.5 2 0 2 3 3
-6429.0 2439.1 -15.7 307 0 7.9 10.2 5.0 0.0 0 1 2 4 4
-6435.8 2428.6 -17.2 308 0 7.3 7.2 5.0 2.5 2 0 2 1 1
-6435.0 2445.3 -17.2 307 0 7.2 21.8 5.0 2.5 2 1 2 3 3
-6443.6 2449.2 -16.0 308 0 6.9 11.5 5.0 2.5 2 1 2 0 0
-6449.8 2455.6 -16.8 307 0 9.0 21.0 5.0 2.5 2 1 2 1 1
-6468.9 2437.8 -18.0 218 0 6.4 9.9 5.0 2.5 2 1 2 1 1
-6474.1 2430.0 -19.4 217 0 9.4 7.0 5.0 2.5 2 0 2 5 5
-6493.2 2486.1 -13.8 234 0 6.8 14.3 5.0 2.5 4 1 2 2 2
-6501.2 2474.9 -14.4 144 0 9.1 8.7 5.0 2.5 4 0 2 1 1
-6468.4 2480.3 -13.1 41 0 12.9 8.7 5.0 2.5 2 0 2 5 5
-6452.5 2477.1 -12.9 41 0 15.6 8.9 5.0 2.5 2 0 2 0 0
-6406.5 2550.4 -7.9 311 0 7.1 11.0 5.0 2.5 2 1 2 0 0
-6412.1 2529.3 -8.8 41 0 10.1 7.4 5.0 2.5 2 0 2 5 5
-6424.5 2538.7 -8.7 221 0 9.3 6.6 5.0 2.5 2 0 2 0 0
-6427.0 2525.5 -9.3 41 0 7.0 5.8 5.0 2.5 2 0 2 1 1
-6422.3 2519.4 -9.5 41 0 8.4 6.1 5.0 2.5 2 0 2 4 4
-6430.8 2505.4 -10.7 41 0 14.0 14.0 5.0 2.5 2 1 2 1 1
-6438.2 2493.2 -11.5 41 0 10.5 14.0 5.0 2.5 2 1 2 2 2
-6394.9 2522.1 -8.5 131 0 5.7 12.3 5.0 2.5 2 1 2 0 0
-6398.2 2533.4 -8.3 221 0 9.5 4.9 5.0 2.5 2 0 2 2 2
-6367.8 2498.1 -10.1 311 0 9.2 11.1 5.0 2.5 2 1 2 5 5
-6385.9 2474.7 -11.1 41 0 7.3 6.6 5.0 2.5 4 0 2 0 0
-6392.4 2467.1 -11.7 41 0 9.1 6.3 5.0 2.5 2 0 2 2 2
-6400.0 2470.2 -11.6 41 0 6.7 5.2 5.0 2.5 2 0 2 3 3
-6378.7 2504.9 -9.7 311 0 8.4 8.8 5.0 2.5 2 1 2 3 3
-6386.2 2495.9 -10.4 311 0 8.2 9.6 5.0 2.5 2 1 2 0 0
-6391.1 2514.3 -9.3 311 0 7.9 7.9 5.0 2.5 2 0 2 2 2
-6396.4 2506.0 -10.1 311 0 8.1 11.7 5.0 2.5 2 1 2 1 1
-6397.7 2482.7 -11.0 41 0 12.5 8.8 5.0 2.5 4 0 2 5 5
-6406.1 2474.0 -11.5 41 0 7.9 9.1 5.0 2.5 4 1 2 4 4
-6418.0 2491.1 -11.3 221 0 16.7 8.8 5.0 2.5 2 0 2 1 1
-6436.6 2483.5 -12.1 221 0 8.9 9.1 5.0 2.5 2 1 2 1 1
-6441.7 2475.7 -12.6 221 0 7.2 8.4 5.0 2.5 2 1 2 4 4
-6447.4 2460.3 -13.3 131 0 8.1 10.6 5.0 2.5 2 1 2 4 4
-6434.6 2454.2 -13.2 131 0 8.5 13.6 5.0 2.5 2 1 2 2 2
-6401.4 2454.5 -12.5 41 0 11.0 8.1 5.0 2.5 2 0 2 4 4
-6414.1 2456.5 -12.6 41 0 7.9 7.7 5.0 2.5 4 0 2 3 3
-6425.9 2446.8 -13.3 131 0 8.2 9.1 5.0 0.0 0 1 2 4 4
-6411.6 2435.1 -13.8 221 0 8.3 7.4 5.0 0.0 0 0 2 5 5
-6409.7 2441.8 -13.4 41 0 14.3 7.4 5.0 2.5 2 0 2 1 1
-6392.6 2454.3 -12.2 224 0 8.4 11.8 5.0 2.5 2 1 2 5 5
-6393.2 2415.4 -13.9 134 0 10.9 9.3 5.0 2.5 2 0 2 5 5
-6348.9 2444.5 -10.4 45 0 10.2 7.3 5.0 2.5 2 0 2 5 5
-6354.9 2451.4 -10.9 45 0 13.7 5.8 5.0 2.5 2 0 2 0 0
-6376.7 2455.2 -11.5 224 0 6.7 4.4 5.0 2.5 2 0 2 3 3
-6368.1 2440.9 -11.7 44 0 10.2 8.8 5.0 2.5 2 0 2 4 4
-6363.1 2435.4 -11.6 44 0 11.2 6.3 5.0 2.5 2 0 2 5 5
-6330.7 2467.8 -8.5 32 0 7.9 11.9 5.0 2.5 2 1 2 4 4
-6327.7 2522.2 -4.5 32 0 4.9 7.0 5.0 2.5 2 1 2 0 0
-6330.9 2516.1 -5.6 32 0 7.7 8.7 5.0 2.5 4 1 2 2 2
-6345.5 2503.0 -7.5 122 0 7.0 7.3 5.0 2.5 2 1 2 1 1
-6350.6 2496.1 -8.6 122 0 8.9 6.8 5.0 2.5 2 0 2 0 0
-6335.0 2489.4 -7.3 121 0 8.8 10.7 5.0 2.5 2 1 2 2 2
-6310.4 2420.0 -7.7 320 0 7.1 8.9 5.0 2.5 2 1 2 1 1
-6322.8 2423.2 -8.8 320 0 8.1 8.3 5.0 2.5 2 1 2 5 5
-6327.1 2412.1 -9.5 320 0 3.8 7.6 5.0 2.5 2 1 2 4 4
-6349.0 2414.7 -11.2 230 0 5.8 13.1 5.0 2.5 2 1 2 2 2
-6338.3 2418.1 -10.3 230 0 12.6 8.2 5.0 2.5 2 0 2 0 0
-6336.3 2439.6 -9.1 226 0 8.3 10.6 5.0 2.5 2 1 2 3 3
-6347.1 2432.8 -10.7 226 0 13.6 13.6 5.0 2.5 2 1 2 5 5
-6371.0 2420.2 -12.8 226 0 7.5 10.4 5.0 0.0 0 1 2 0 0
-6376.3 2398.5 -15.9 226 0 41.8 8.8 5.0 2.5 2 0 2 0 0
-6310.7 2386.3 -11.3 318 0 16.4 29.9 5.0 2.5 2 1 2 3 3
-6330.1 2616.1 2.3 133 0 6.7 8.5 5.0 2.5 2 1 2 5 5
-6315.6 2595.4 1.0 312 0 9.8 11.2 2.5 2.5 2 1 1 2 2
-6326.7 2601.2 1.1 312 0 7.2 7.5 2.5 0.0 0 1 1 5 5
-6333.3 2595.0 0.2 313 0 6.8 9.4 2.5 2.5 2 1 1 5 5
-6334.9 2610.4 1.1 312 0 8.7 8.2 2.5 2.5 2 0 1 2 2
-6356.9 2632.3 1.1 305 0 5.8 7.4 2.5 0.0 0 1 1 0 0
-6363.0 2636.1 0.7 305 0 5.9 7.7 2.5 2.5 2 1 1 0 0
-6453.5 2642.3 -6.3 215 0 13.5 15.1 5.0 0.0 0 1 2 2 2
-6404.3 2709.2 -1.3 28 0 11.8 9.7 5.0 2.5 2 0 2 5 5
-6410.7 2697.6 -1.9 28 0 6.5 9.9 5.0 2.5 2 1 2 3 3
60.8 -95.4 -7.8 120 0 17.0 11.6 5.0 2.5 4 0 2 1 1
34.8 -47.5 -0.2 89 0 6.6 14.1 2.5 2.5 2 1 1 3 3
54.3 -61.7 -3.4 297 0 9.0 9.0 5.0 2.5 4 0 2 4 4
46.7 -85.4 -6.5 117 0 13.8 13.7 5.0 2.5 2 0 2 5 5
34.6 -78.8 -5.8 117 0 8.4 14.8 5.0 2.5 2 1 2 0 0
27.5 -71.1 -4.7 117 0 8.9 13.6 5.0 2.5 2 1 2 2 2
10.5 -63.4 -4.2 117 0 10.7 12.3 5.0 2.5 2 1 2 3 3
-1.0 -57.0 -3.7 117 0 12.9 13.8 5.0 2.5 2 1 2 4 4
21.0 9.2 5.8 295 0 4.8 6.0 2.5 2.5 4 1 1 4 4
14.0 12.9 6.3 295 0 4.2 5.6 2.5 2.5 2 1 1 0 0
7.7 16.7 6.5 295 0 6.6 10.5 2.5 2.5 2 1 1 1 1
8.2 -17.9 3.5 115 0 6.1 7.0 2.5 2.5 2 1 1 1 1
0.6 -10.9 3.7 204 0 7.3 5.3 2.5 2.5 2 0 1 4 4
-32.3 -31.9 -1.2 202 0 6.2 9.7 5.0 2.5 2 1 2 3 3
-30.4 -40.9 -1.8 113 0 9.3 3.6 5.0 2.5 2 0 2 4 4
-43.4 -29.4 -1.1 113 0 6.1 7.3 5.0 2.5 2 1 2 5 5
-41.3 -40.9 -3.1 22 0 7.8 11.1 5.0 2.5 2 1 2 0 0
-44.8 -49.7 -4.5 23 0 9.1 10.8 5.0 2.5 2 1 2 0 0
-57.8 -46.4 -4.6 23 0 7.5 4.7 5.0 2.5 2 0 2 1 1
-58.3 -57.3 -6.3 203 0 12.4 9.0 5.0 2.5 2 0 2 4 4
-39.5 -95.7 -11.5 123 0 6.4 8.6 5.0 2.5 2 1 2 2 2
-38.5 -99.6 -13.7 303 0 6.9 6.5 5.0 2.5 2 0 2 2 2
-45.7 -94.0 -14.3 303 0 6.2 10.9 5.0 2.5 2 1 2 3 3
-54.0 -91.0 -14.2 303 0 4.9 9.9 5.0 0.0 0 1 2 3 3
7.8 -122.2 -16.6 212 0 10.5 15.3 5.0 2.5 2 1 2 5 5
13.3 -141.0 -18.1 123 0 6.3 5.1 5.0 2.5 2 0 2 1 1
4.5 -138.1 -18.1 123 0 9.4 8.8 5.0 2.5 2 0 2 0 0
-39.1 -50.5 -5.0 212 0 11.4 11.7 5.0 2.5 4 1 2 2 2
-43.0 -61.1 -6.5 213 0 7.3 9.6 5.0 2.5 2 1 2 5 5
-14.5 -56.6 -6.0 302 0 13.4 10.2 5.0 2.5 2 0 2 2 2
-17.3 -83.3 -8.9 122 0 8.0 19.5 5.0 2.5 4 1 2 2 2
-8.8 -87.8 -9.5 122 0 6.9 18.5 5.0 2.5 2 1 2 5 5
-0.8 -91.9 -10.0 122 0 9.3 18.0 5.0 2.5 4 1 2 2 2
32.2 -83.0 -8.6 303 0 10.6 10.2 5.0 2.5 2 0 2 1 1
22.6 -78.2 -8.1 303 0 7.5 9.8 5.0 2.5 2 1 2 4 4
13.6 -102.7 -11.3 122 0 9.6 14.7 5.0 2.5 2 1 2 2 2
31.0 -103.1 -12.0 302 0 6.9 8.7 5.0 2.5 4 1 2 0 0
17.0 -112.2 -13.8 213 0 7.6 9.6 5.0 2.5 2 1 2 5 5
43.4 -89.6 -8.6 302 0 12.6 6.2 5.0 2.5 2 0 2 2 2
39.9 -96.9 -10.3 303 0 12.2 7.1 5.0 2.5 2 0 2 3 3
59.8 -111.3 -12.2 303 0 8.4 12.6 5.0 2.5 2 1 2 0 0
51.5 -106.7 -13.1 302 0 8.5 18.1 5.0 2.5 2 1 2 4 4
64.9 -141.9 -14.7 32 0 8.5 14.5 5.0 2.5 2 1 2 2 2
67.6 -158.6 -17.0 33 0 10.1 13.2 5.0 2.5 2 1 2 1 1
49.2 -151.3 -16.7 122 0 9.2 9.4 5.0 2.5 2 1 2 1 1
75.1 -109.3 -10.0 302 0 10.8 8.8 5.0 0.0 0 0 2 2 2
81.8 -124.4 -10.8 32 0 8.0 5.7 5.0 2.5 2 0 2 3 3
76.9 -134.7 -12.8 33 0 9.5 7.9 5.0 2.5 2 0 2 5 5
69.1 -118.1 -12.9 302 0 10.9 15.6 5.0 2.5 2 1 2 1 1
86.7 -163.0 -17.9 306 0 12.3 15.4 5.0 2.5 2 1 2 0 0
180.6 -242.3 -22.8 123 0 12.0 9.5 5.0 2.5 2 0 2 5 5
187.7 -251.9 -23.6 123 0 5.6 13.7 5.0 2.5 2 1 2 3 3
207.7 -258.8 -23.2 114 0 5.3 12.1 5.0 2.5 2 1 2 4 4
197.7 -258.6 -23.9 119 0 9.5 17.2 5.0 2.5 2 1 2 5 5
217.2 -261.6 -23.1 105 0 9.5 13.5 5.0 0.0 0 1 2 4 4
248.6 -276.8 -22.7 104 0 5.8 15.4 5.0 2.5 2 1 2 5 5
240.9 -273.3 -22.9 105 0 8.2 14.2 5.0 2.5 2 1 2 5 5
226.0 -275.7 -25.4 104 0 11.0 23.8 5.0 2.5 2 1 2 1 1
224.2 -199.1 -14.5 294 0 8.7 9.6 5.0 2.5 4 1 2 3 3
215.4 -192.1 -14.0 294 0 11.0 9.4 5.0 2.5 2 0 2 1 1
211.6 -207.1 -16.6 294 0 12.3 9.5 5.0 2.5 2 0 2 4 4
205.1 -215.6 -18.4 294 0 7.6 9.8 5.0 2.5 2 1 2 1 1
223.2 -213.2 -16.7 290 0 10.6 9.1 5.0 2.5 4 0 2 3 3
231.7 -217.8 -17.2 290 0 6.9 11.6 5.0 2.5 2 1 2 2 2
212.9 -240.4 -20.0 110 0 5.7 11.2 5.0 2.5 4 1 2 4 4
228.4 -231.6 -19.9 290 0 12.9 13.8 5.0 0.0 0 1 2 2 2
279.1 -224.8 -15.3 290 0 9.2 14.6 5.0 2.5 4 1 2 3 3
267.6 -219.8 -14.4 290 0 10.9 9.0 5.0 2.5 2 0 2 4 4
264.4 -229.7 -15.7 290 0 10.3 6.0 5.0 2.5 2 0 2 1 1
256.8 -216.6 -15.7 290 0 9.2 15.2 5.0 2.5 2 1 2 1 1
251.9 -235.2 -19.9 290 0 11.3 21.0 5.0 2.5 2 1 2 5 5
104.8 -179.2 -17.0 181 0 7.4 8.7 5.0 2.5 2 1 2 1 1
100.2 -165.6 -15.1 181 0 5.4 6.8 5.0 0.0 0 1 2 4 4
97.2 -156.9 -14.2 181 0 7.4 15.5 5.0 2.5 2 1 2 4 4
105.9 -143.1 -12.9 271 0 18.1 8.8 5.0 2.5 2 0 2 5 5
114.0 -135.5 -9.9 91 0 6.7 14.6 5.0 2.5 2 1 2 1 1
109.4 -101.2 -6.2 1 0 8.1 11.4 5.0 2.5 2 1 2 1 1
94.6 -114.2 -8.9 181 0 17.2 11.9 5.0 2.5 2 0 2 2 2
100.9 -134.1 -10.6 91 0 15.4 10.0 5.0 2.5 2 0 2 5 5
149.6 -152.2 -10.3 107 0 7.5 9.5 5.0 2.5 2 1 2 5 5
137.8 -146.0 -10.0 107 0 16.5 7.5 5.0 2.5 2 0 2 4 4
152.8 -111.9 -4.4 97 0 7.1 9.8 5.0 2.5 2 1 2 1 1
150.3 -133.3 -8.6 277 0 7.8 6.7 5.0 2.5 2 0 2 3 3
146.4 -122.3 -7.4 187 0 17.3 9.9 5.0 2.5 2 0 2 1 1
131.9 -110.3 -5.8 96 0 30.7 11.2 5.0 2.5 2 0 2 5 5
266.8 -134.7 -0.2 122 0 6.3 6.9 5.0 2.5 4 1 2 4 4
266.3 -143.2 -2.5 32 0 13.1 9.5 5.0 2.5 2 0 2 1 1
231.3 -127.7 -2.7 204 0 10.6 8.6 5.0 2.5 2 0 2 2 2
253.2 -104.0 2.4 204 0 9.4 7.1 5.0 2.5 4 0 2 0 0
244.7 -100.4 2.3 204 0 9.0 7.9 5.0 2.5 2 0 2 4 4
245.8 -111.1 0.1 294 0 9.9 8.8 5.0 2.5 2 0 2 4 4
188.5 -183.4 -14.8 296 0 9.6 10.9 5.0 2.5 2 1 2 5 5
178.4 -179.0 -14.8 296 0 10.0 12.0 5.0 2.5 2 1 2 0 0
170.1 -174.0 -14.6 296 0 5.9 13.5 5.0 2.5 2 1 2 1 1
159.2 -169.1 -14.0 296 0 12.9 10.8 5.0 2.5 2 0 2 2 2
174.0 -165.6 -11.3 29 0 5.9 9.6 5.0 2.5 2 1 2 1 1
176.5 -150.7 -10.4 299 0 12.5 10.6 5.0 0.0 0 0 2 5 5
192.9 -159.6 -10.4 209 0 13.6 12.4 5.0 2.5 2 0 2 0 0
212.5 -160.4 -8.6 208 0 8.6 10.0 5.0 2.5 2 1 2 2 2
207.9 -180.4 -11.2 118 0 8.6 14.0 5.0 2.5 2 1 2 3 3
248.9 -163.0 -6.5 28 0 11.1 9.1 5.0 2.5 2 0 2 3 3
244.3 -178.3 -8.9 29 0 7.7 5.0 5.0 2.5 2 0 2 2 2
238.5 -175.4 -9.2 29 0 11.2 6.1 5.0 2.5 2 0 2 3 3
224.2 -177.3 -9.6 119 0 8.6 11.7 5.0 2.5 2 1 2 5 5
218.0 -186.4 -11.4 119 0 8.7 9.7 5.0 2.5 2 1 2 5 5
227.1 -191.6 -11.5 118 0 7.8 11.9 5.0 2.5 2 1 2 5 5
236.4 -201.5 -12.4 112 0 7.6 12.4 5.0 2.5 2 1 2 2 2
254.0 -183.9 -10.7 293 0 8.9 13.5 5.0 2.5 2 1 2 1 1
244.3 -206.8 -12.6 112 0 8.6 10.1 5.0 2.5 2 1 2 1 1
270.9 -189.8 -8.8 203 0 8.2 6.7 5.0 2.5 4 0 2 0 0
259.2 -202.5 -10.9 113 0 8.9 15.5 5.0 0.0 0 1 2 1 1
290.1 -166.4 -5.1 292 0 6.3 11.3 5.0 2.5 2 1 2 1 1
302.1 -176.4 -4.6 22 0 8.3 10.0 5.0 2.5 4 1 2 0 0
298.7 -187.6 -6.6 23 0 9.1 5.6 5.0 2.5 2 0 2 4 4
291.2 -187.5 -7.0 23 0 7.5 9.1 5.0 2.5 2 1 2 4 4
289.9 -206.0 -10.3 22 0 11.9 10.7 5.0 0.0 0 0 2 2 2
281.6 -219.0 -11.8 112 0 8.7 8.1 5.0 2.5 2 0 2 4 4
293.5 -272.4 -19.0 113 0 9.9 7.2 5.0 2.5 2 0 2 4 4
277.9 -265.1 -19.6 203 0 7.9 10.0 5.0 2.5 2 1 2 4 4
306.8 -233.6 -14.3 293 0 14.3 12.8 5.0 2.5 2 0 2 1 1
287.8 -232.7 -14.5 203 0 13.9 8.2 5.0 2.5 4 0 2 4 4
296.2 -254.1 -17.2 203 0 13.9 11.8 5.0 2.5 2 0 2 1 1
281.9 -251.0 -17.9 203 0 16.0 12.4 5.0 2.5 2 0 2 1 1
337.8 -247.4 -13.7 293 0 8.3 8.7 5.0 2.5 2 1 2 5 5
336.8 -261.8 -15.2 23 0 7.5 9.8 5.0 2.5 2 1 2 0 0
328.2 -241.7 -13.4 293 0 10.3 8.5 5.0 0.0 0 0 2 2 2
323.8 -250.6 -15.1 293 0 10.0 8.3 5.0 2.5 2 0 2 0 0
339.5 -238.6 -10.8 113 0 7.8 10.3 5.0 2.5 2 1 2 5 5
330.3 -236.1 -11.0 113 0 7.6 12.3 5.0 0.0 0 1 2 3 3
319.3 -159.8 -0.9 203 0 9.4 8.4 5.0 2.5 2 0 2 1 1
312.3 -169.6 -2.7 203 0 7.2 8.2 5.0 2.5 2 1 2 4 4
317.6 -182.0 -4.1 203 0 6.0 5.6 5.0 2.5 2 0 2 4 4
308.6 -180.3 -4.6 203 0 7.4 8.0 5.0 2.5 2 1 2 3 3
327.0 -200.7 -6.7 23 0 10.1 5.8 5.0 2.5 2 0 2 5 5
313.6 -195.5 -6.6 203 0 8.6 5.7 5.0 2.5 2 0 2 5 5
304.1 -191.0 -6.7 203 0 9.2 8.2 5.0 2.5 2 0 2 2 2
300.7 -203.9 -9.0 201 0 11.0 8.7 5.0 2.5 2 0 2 1 1
308.7 -208.2 -9.1 201 0 11.1 8.0 5.0 2.5 2 0 2 3 3
309.5 -229.7 -11.4 111 0 6.7 9.8 5.0 0.0 0 1 2 3 3
299.1 -224.3 -11.3 112 0 10.7 8.0 5.0 2.5 2 0 2 3 3
344.8 -138.3 5.0 118 0 7.9 10.1 5.0 2.5 2 1 2 1 1
340.4 -124.8 5.2 298 0 9.4 8.8 5.0 2.5 2 0 2 1 1
353.9 -161.5 0.8 298 0 5.4 8.5 5.0 2.5 2 1 2 1 1
345.1 -174.3 -0.5 118 0 6.7 6.2 5.0 2.5 2 0 2 1 1
342.4 -169.3 -0.5 28 0 6.0 7.8 5.0 2.5 2 1 2 0 0
731.9 -241.7 -10.9 283 0 8.7 14.3 5.0 2.5 2 1 2 3 3
716.8 -244.3 -10.1 193 0 10.7 6.9 7.5 2.5 2 0 3 0 0
720.2 -271.4 -14.7 103 0 9.7 10.5 5.0 2.5 4 1 2 2 2
745.5 -244.0 -10.5 283 0 9.5 14.5 5.0 2.5 2 1 2 3 3
753.6 -244.2 -10.3 283 0 3.9 15.8 7.5 2.5 4 1 3 1 1
763.4 -247.7 -9.3 283 0 9.2 11.5 2.5 2.5 2 1 1 5 5
763.5 -282.0 -15.2 103 0 10.4 13.5 7.5 2.5 2 1 3 5 5
750.9 -282.1 -15.5 103 0 10.5 13.2 5.0 2.5 2 1 2 1 1
738.3 -278.8 -15.5 103 0 8.5 11.6 5.0 2.5 2 1 2 1 1
799.6 -260.8 -10.1 283 0 11.0 11.5 2.5 2.5 4 1 1 0 0
786.6 -255.9 -9.8 283 0 13.5 11.6 10.0 2.5 2 0 4 1 1
784.4 -293.8 -14.6 103 0 12.8 7.2 7.5 2.5 2 0 3 3 3
785.0 -284.3 -14.1 103 0 11.2 8.0 7.5 2.5 2 0 3 4 4
835.4 -283.9 -10.1 103 0 8.6 8.6 5.0 2.5 2 0 2 3 3
834.5 -294.4 -12.7 103 0 11.9 7.9 5.0 2.5 2 0 2 5 5
829.2 -303.6 -14.9 103 0 11.0 6.1 7.5 2.5 2 0 3 2 2
826.1 -281.1 -10.2 102 0 6.7 9.2 2.5 2.5 2 1 1 3 3
814.2 -256.5 -8.2 273 0 11.6 11.9 5.0 2.5 2 1 2 1 1
839.5 -261.0 -6.4 271 0 14.1 7.5 5.0 2.5 2 0 2 3 3
826.5 -244.7 -5.2 271 0 7.7 15.9 5.0 2.5 2 1 2 3 3
838.8 -242.6 -4.7 271 0 10.3 17.5 10.0 2.5 2 1 4 0 0
882.7 -251.7 -2.4 271 0 7.7 4.8 5.0 2.5 2 0 2 4 4
880.1 -243.5 -1.9 181 0 13.3 7.4 5.0 2.5 2 0 2 5 5
864.5 -238.2 -3.2 271 0 10.6 16.8 7.5 2.5 2 1 3 3 3
875.7 -264.3 -4.8 271 0 8.7 9.4 5.0 2.5 4 1 2 5 5
917.5 -272.7 -3.6 271 0 7.0 9.2 7.5 2.5 2 1 3 2 2
906.4 -254.2 -1.6 271 0 5.8 6.0 2.5 0.0 0 1 1 3 3
922.6 -255.6 -1.1 271 0 5.0 8.9 2.5 0.0 0 1 1 4 4
915.4 -263.3 -1.9 271 0 5.5 7.0 2.5 2.5 2 1 1 5 5
903.8 -261.1 -2.5 289 0 7.5 10.7 2.5 2.5 2 1 1 4 4
889.7 -260.9 -3.1 289 0 6.5 9.8 2.5 2.5 4 1 1 4 4
886.8 -272.4 -5.0 289 0 7.0 6.1 2.5 2.5 2 0 1 4 4
903.5 -297.2 -8.0 109 0 11.3 9.1 5.0 2.5 2 0 2 4 4
901.7 -308.4 -10.7 109 0 6.7 9.1 5.0 2.5 2 1 2 5 5
882.0 -287.3 -7.3 109 0 10.7 7.6 5.0 2.5 2 0 2 5 5
874.3 -299.0 -10.6 109 0 6.7 11.3 7.5 2.5 2 1 3 0 0
881.8 -301.7 -10.7 109 0 6.2 12.0 7.5 2.5 4 1 3 4 4
890.1 -303.9 -10.6 109 0 6.2 12.3 5.0 2.5 2 1 2 0 0
898.1 -319.1 -13.5 109 0 5.7 8.6 7.5 2.5 2 1 3 3 3
893.0 -325.4 -20.5 109 0 8.0 7.4 7.5 2.5 2 0 3 3 3
888.5 -316.5 -13.6 109 0 5.3 6.7 7.5 2.5 4 1 3 0 0
888.5 -321.6 -20.1 19 0 5.4 6.8 7.5 2.5 2 1 3 1 1
876.4 -314.3 -14.0 109 0 7.5 8.8 2.5 2.5 2 1 1 4 4
879.3 -319.5 -23.0 19 0 6.2 9.4 7.5 2.5 4 1 3 4 4
873.1 -323.9 -27.9 289 0 7.6 5.9 5.0 2.5 4 0 2 3 3
866.3 -309.4 -13.7 109 0 8.6 7.3 7.5 2.5 2 0 3 5 5
853.7 -309.7 -14.7 109 0 8.4 8.7 5.0 2.5 2 1 2 0 0
862.8 -316.8 -18.4 109 0 7.5 6.9 5.0 2.5 2 0 2 4 4
1055.0 -238.3 5.6 272 0 9.2 10.0 7.5 2.5 2 1 3 3 3
1054.4 -249.8 4.1 272 0 7.3 7.7 7.5 2.5 2 1 3 4 4
1042.9 -241.5 4.4 272 0 11.9 12.3 7.5 2.5 2 1 3 5 5
1043.4 -275.4 0.2 18 0 10.6 10.3 10.0 2.5 2 0 4 0 0
1037.7 -285.1 -1.3 18 0 8.2 9.4 5.0 0.0 0 1 2 1 1
1033.6 -295.2 -3.4 18 0 12.5 11.3 5.0 2.5 2 0 2 2 2
1035.0 -308.7 -5.2 18 0 8.3 15.4 5.0 2.5 2 1 2 3 3
1029.1 -317.5 -6.8 18 0 8.9 13.1 5.0 2.5 2 1 2 3 3
1024.7 -327.2 -8.4 18 0 8.1 11.7 5.0 0.0 0 1 2 2 2
1012.6 -339.3 -10.2 108 0 12.7 8.3 5.0 2.5 2 0 2 2 2
1035.5 -343.4 -10.7 17 0 6.5 7.9 5.0 0.0 0 1 2 3 3
1033.3 -351.6 -12.2 18 0 8.1 8.4 2.5 2.5 2 1 1 1 1
1007.2 -348.1 -12.0 108 0 13.3 7.7 5.0 2.5 2 0 2 3 3
1403.2 -407.3 -18.0 142 0 7.0 9.4 5.0 0.0 0 1 2 2 2
1399.2 -399.0 -17.7 142 0 7.2 8.4 5.0 2.5 2 1 2 4 4
1423.6 -383.0 -15.5 322 0 6.7 17.5 5.0 2.5 2 1 2 0 0
1405.6 -352.9 -14.4 322 0 7.0 15.3 5.0 2.5 2 1 2 5 5
1410.5 -359.2 -14.1 322 0 6.2 14.0 5.0 2.5 2 1 2 4 4
1414.7 -366.2 -14.2 322 0 7.4 13.5 5.0 2.5 2 1 2 1 1
1391.6 -371.0 -16.7 232 0 11.2 11.1 5.0 2.5 2 0 2 3 3
1394.0 -390.9 -17.6 142 0 7.2 7.2 5.0 2.5 2 1 2 5 5
1418.7 -374.3 -15.7 322 0 8.6 19.8 5.0 0.0 0 1 2 3 3
1395.6 -351.0 -13.9 49 0 11.9 6.9 5.0 2.5 2 0 2 0 0
1386.8 -335.8 -15.1 314 0 8.3 15.7 5.0 2.5 2 1 2 5 5
1377.8 -320.7 -13.9 314 0 9.6 12.5 5.0 2.5 2 1 2 4 4
1369.4 -335.4 -16.0 314 0 5.5 9.2 5.0 2.5 2 1 2 0 0
1358.0 -337.8 -16.1 134 0 4.7 9.4 5.0 2.5 2 1 2 1 1
1370.4 -312.1 -14.7 314 0 9.0 18.4 5.0 2.5 2 1 2 4 4
1359.2 -304.5 -14.6 314 0 8.2 15.3 5.0 2.5 2 1 2 5 5
1352.4 -297.4 -14.6 308 0 7.1 15.1 5.0 2.5 4 1 2 4 4
1338.6 -316.1 -15.9 129 0 5.7 5.7 5.0 2.5 2 1 2 1 1
1331.7 -280.6 -15.5 308 0 15.9 17.3 5.0 2.5 2 1 2 3 3
1344.7 -289.8 -14.8 308 0 11.3 15.8 5.0 2.5 4 1 2 3 3
1326.7 -312.7 -17.0 128 0 12.6 11.7 5.0 2.5 2 0 2 2 2
1316.8 -267.6 -15.2 309 0 6.1 15.1 5.0 2.5 2 1 2 3 3
1309.8 -262.2 -15.7 309 0 9.5 17.6 5.0 2.5 2 1 2 0 0
1294.3 -281.0 -17.0 129 0 9.6 6.1 5.0 2.5 2 0 2 1 1
1306.7 -253.5 -11.0 128 0 7.2 11.8 5.0 2.5 2 1 2 3 3
1321.0 -263.8 -11.1 129 0 5.1 9.2 5.0 2.5 2 1 2 4 4
1314.6 -258.6 -10.9 128 0 9.4 10.3 5.0 2.5 4 1 2 5 5
1332.3 -271.3 -10.9 128 0 7.4 17.0 5.0 2.5 2 1 2 1 1
1339.0 -275.7 -10.8 128 0 7.1 16.6 5.0 2.5 2 1 2 3 3
1346.6 -279.2 -10.4 131 0 8.2 17.9 5.0 2.5 2 1 2 0 0
1352.2 -287.4 -10.9 131 0 8.0 16.9 5.0 2.5 2 1 2 2 2
1361.4 -295.2 -10.7 131 0 11.7 21.1 5.0 2.5 2 1 2 2 2
1378.6 -309.4 -10.3 131 0 9.2 16.7 5.0 0.0 0 1 2 5 5
1369.9 -303.9 -10.7 131 0 9.6 20.6 5.0 2.5 2 1 2 5 5
1400.9 -323.0 -9.5 179 0 18.2 16.4 5.0 2.5 4 0 2 5 5
1437.2 -330.7 -4.6 318 0 12.0 7.6 5.0 2.5 2 0 2 1 1
1458.3 -345.6 -2.4 48 0 9.0 12.4 5.0 2.5 2 1 2 5 5
1451.6 -353.2 -4.8 48 0 7.2 13.8 5.0 2.5 2 1 2 5 5
1441.2 -360.4 -8.0 48 0 9.0 13.8 5.0 2.5 2 1 2 0 0
1423.0 -346.2 -7.8 138 0 14.0 10.7 5.0 2.5 2 0 2 0 0
1413.4 -354.3 -10.6 138 0 13.1 10.7 5.0 0.0 0 0 2 0 0
1421.6 -361.3 -10.1 138 0 5.2 8.0 5.0 2.5 4 1 2 5 5
1425.6 -368.2 -10.3 138 0 8.1 9.7 5.0 2.5 2 1 2 3 3
1483.0 -341.2 2.5 138 0 10.3 7.5 5.0 2.5 2 0 2 5 5
1482.1 -342.8 1.1 318 0 12.1 6.2 5.0 2.5 2 0 2 2 2
1476.3 -353.6 -0.9 228 0 7.1 4.2 5.0 2.5 2 0 2 0 0
1468.9 -345.3 -0.5 228 0 7.4 9.3 5.0 2.5 2 1 2 4 4
1462.6 -351.9 -3.0 228 0 8.1 12.3 5.0 2.5 2 1 2 5 5
1462.9 -367.1 -5.2 228 0 7.8 8.8 5.0 2.5 4 1 2 3 3
1454.7 -357.3 -5.3 228 0 9.1 11.0 5.0 2.5 2 1 2 5 5
1435.6 -372.5 -10.2 234 0 10.6 9.6 5.0 2.5 2 0 2 4 4
1445.9 -366.3 -7.7 233 0 8.5 11.5 5.0 2.5 2 1 2 4 4
1454.1 -377.9 -7.6 238 0 6.9 7.6 5.0 2.5 2 1 2 1 1
1458.6 -391.9 -7.7 148 0 10.6 10.0 5.0 2.5 2 0 2 3 3
1460.7 -404.9 -9.0 148 0 7.3 9.4 5.0 2.5 2 1 2 4 4
1451.4 -417.1 -11.4 148 0 11.2 8.8 5.0 0.0 0 0 2 3 3
1455.6 -428.2 -11.7 148 0 9.2 14.8 5.0 0.0 0 1 2 0 0
1494.6 -459.3 -11.0 123 0 9.6 10.8 2.5 2.5 2 1 1 1 1
1503.3 -471.0 -11.8 123 0 9.2 13.7 2.5 2.5 2 1 1 2 2
1534.2 -447.4 -9.2 303 0 14.4 9.9 2.5 2.5 2 0 1 4 4
1518.6 -462.5 -10.4 123 0 26.1 10.5 2.5 2.5 4 0 1 5 5
1556.8 -443.8 -7.9 298 0 18.8 10.3 2.5 2.5 2 0 1 1 1
1555.2 -457.0 -9.3 299 0 17.7 10.6 2.5 2.5 2 0 1 1 1
1543.2 -443.3 -7.8 28 0 10.9 24.2 2.5 2.5 2 1 1 1 1
1527.1 -528.8 -18.8 309 0 9.8 6.5 5.0 2.5 2 0 2 1 1
1524.0 -541.7 -20.7 39 0 6.7 10.1 5.0 2.5 2 1 2 5 5
1510.0 -548.7 -25.2 129 0 8.8 9.6 5.0 2.5 2 1 2 0 0
1566.4 -487.3 -10.7 129 0 7.6 12.2 2.5 2.5 2 1 1 3 3
1562.0 -491.9 -11.8 39 0 11.3 8.3 2.5 2.5 2 0 1 2 2
1566.1 -498.1 -12.1 39 0 10.2 5.9 2.5 2.5 2 0 1 2 2
1553.0 -503.1 -13.2 39 0 7.9 5.5 2.5 2.5 4 0 1 5 5
1558.6 -507.5 -13.4 39 0 9.9 5.8 2.5 2.5 2 0 1 3 3
1533.0 -519.3 -15.4 129 0 6.1 9.4 2.5 2.5 2 1 1 2 2
1543.7 -525.1 -16.1 39 0 9.3 7.2 2.5 2.5 2 0 1 5 5
1551.5 -516.3 -14.5 39 0 9.6 6.5 2.5 2.5 2 0 1 1 1
1573.7 -499.4 -11.5 128 0 7.0 10.2 2.5 2.5 2 1 1 0 0
1580.8 -509.3 -12.4 33 0 6.2 6.0 2.5 2.5 2 0 1 1 1
1578.5 -515.9 -13.1 33 0 4.6 7.8 2.5 2.5 2 1 1 1 1
1574.8 -522.1 -13.9 33 0 6.5 7.9 2.5 2.5 2 1 1 0 0
1567.2 -502.2 -12.3 213 0 4.7 6.5 2.5 2.5 2 1 1 4 4
1562.1 -509.5 -13.6 213 0 10.9 7.7 2.5 2.5 4 0 1 2 2
1552.0 -543.4 -17.2 125 0 13.4 22.9 2.5 2.5 2 1 1 0 0
1538.3 -541.2 -19.6 310 0 8.7 7.3 5.0 2.5 2 0 2 3 3
1524.7 -548.2 -22.0 220 0 9.9 8.0 5.0 2.5 2 0 2 3 3
1530.4 -560.3 -22.0 130 0 5.4 9.6 5.0 2.5 4 1 2 3 3
1555.6 -557.1 -20.3 310 0 7.5 9.9 5.0 2.5 2 1 2 4 4
1547.8 -553.2 -20.4 310 0 6.5 8.8 5.0 2.5 2 1 2 0 0
1534.5 -568.1 -24.8 220 0 7.3 4.2 5.0 2.5 2 0 2 4 4
1542.9 -570.6 -23.9 310 0 5.2 6.2 5.0 2.5 2 1 2 3 3
1564.2 -564.7 -20.0 310 0 6.9 7.7 5.0 0.0 0 1 2 1 1
1554.5 -571.9 -21.0 221 0 5.0 6.2 5.0 2.5 2 1 2 1 1
1554.3 -577.0 -24.2 310 0 6.6 8.0 5.0 2.5 2 1 2 4 4
1571.5 -570.2 -23.6 310 0 7.9 20.4 5.0 2.5 2 1 2 5 5
1579.1 -575.8 -19.1 311 0 7.9 8.0 5.0 2.5 2 1 2 3 3
1567.2 -583.7 -22.6 220 0 8.5 7.8 5.0 2.5 2 0 2 3 3
1583.5 -593.0 -21.8 221 0 8.9 6.1 5.0 2.5 2 0 2 3 3
1576.2 -599.1 -26.1 311 0 7.4 5.5 2.5 2.5 2 0 1 3 3
1577.5 -588.0 -22.5 220 0 13.5 6.2 5.0 2.5 2 0 2 0 0
1602.6 -601.0 -19.9 312 0 5.0 5.9 5.0 2.5 2 1 2 4 4
1599.7 -598.9 -20.1 42 0 11.9 7.6 5.0 2.5 2 0 2 4 4
1615.7 -612.7 -21.8 319 0 7.0 9.9 7.5 2.5 2 1 3 0 0
1605.8 -620.5 -24.5 319 0 5.4 5.2 2.5 2.5 2 0 1 1 1
1607.6 -634.5 -28.1 49 0 10.1 7.0 5.0 2.5 2 0 2 4 4
1619.7 -619.6 -23.0 319 0 6.2 11.2 5.0 2.5 2 1 2 2 2
1591.7 -501.7 -11.4 209 0 8.5 6.2 2.5 2.5 2 0 1 4 4
1585.8 -511.2 -12.8 209 0 11.6 10.3 2.5 2.5 2 0 1 5 5
1580.5 -530.3 -14.2 119 0 7.0 11.6 2.5 2.5 2 1 1 4 4
1593.2 -541.9 -15.3 304 0 8.7 8.1 2.5 2.5 4 0 1 1 1
1582.7 -556.6 -16.1 124 0 6.5 6.5 2.5 2.5 2 0 1 0 0
1573.9 -536.7 -15.5 213 0 8.2 6.2 2.5 2.5 2 0 1 1 1
1585.0 -537.6 -15.3 303 0 4.9 8.6 2.5 2.5 4 1 1 1 1
1571.1 -545.4 -16.5 214 0 7.9 11.1 2.5 2.5 2 1 1 0 0
1567.9 -560.2 -17.7 124 0 7.4 8.4 2.5 2.5 2 1 1 5 5
1577.7 -565.4 -17.0 124 0 7.2 9.3 2.5 2.5 2 1 1 2 2
1604.6 -546.5 -15.2 307 0 7.0 10.0 2.5 2.5 2 1 1 0 0
1620.6 -549.1 -14.5 307 0 6.6 5.9 2.5 2.5 2 0 1 1 1
1610.2 -546.5 -14.5 217 0 5.4 5.7 2.5 2.5 2 1 1 0 0
1615.1 -560.2 -14.9 37 0 8.6 7.0 2.5 2.5 2 0 1 5 5
1606.6 -569.1 -15.6 37 0 8.3 9.9 2.5 2.5 4 1 1 4 4
1592.8 -561.4 -15.8 127 0 7.7 6.1 2.5 2.5 4 0 1 4 4
1585.5 -570.7 -16.7 127 0 8.1 10.2 2.5 0.0 0 1 1 2 2
1595.2 -579.1 -16.3 127 0 8.0 8.7 2.5 2.5 2 1 1 2 2
1647.0 -492.9 -7.5 112 0 8.2 7.0 5.0 2.5 2 0 2 0 0
1633.5 -505.5 -9.8 202 0 6.9 6.7 2.5 2.5 4 0 1 0 0
1647.0 -497.7 -8.5 22 0 6.7 9.3 5.0 2.5 2 1 2 0 0
1666.5 -524.0 -9.7 112 0 9.1 11.1 5.0 2.5 2 1 2 3 3
1659.3 -504.5 -8.5 202 0 6.7 8.5 5.0 2.5 2 1 2 1 1
1655.8 -519.7 -9.8 112 0 8.3 10.2 5.0 2.5 2 1 2 1 1
1628.1 -555.6 -14.7 306 0 5.7 11.1 5.0 0.0 0 1 2 5 5
1638.0 -586.3 -14.6 36 0 11.3 8.5 5.0 0.0 0 0 2 2 2
1620.8 -576.0 -15.0 216 0 7.7 7.9 5.0 2.5 2 1 2 4 4
1613.2 -572.4 -15.3 216 0 8.2 6.3 5.0 2.5 4 0 2 5 5
1616.9 -596.7 -15.4 126 0 7.8 9.6 5.0 2.5 2 1 2 5 5
1608.4 -582.6 -15.7 216 0 9.9 9.6 5.0 0.0 0 0 2 5 5
1657.2 -528.1 -11.5 306 0 7.0 8.9 5.0 0.0 0 1 2 4 4
1640.6 -530.0 -12.3 216 0 12.4 6.3 5.0 0.0 0 0 2 4 4
1637.4 -541.6 -13.2 216 0 7.5 8.3 5.0 2.5 2 1 2 4 4
1635.0 -552.7 -13.9 216 0 8.9 10.6 5.0 2.5 2 1 2 1 1
1628.3 -562.7 -14.4 216 0 11.3 18.4 5.0 0.0 0 1 2 3 3
-4579.9 1304.7 -21.4 289 0 8.0 12.1 5.0 0.0 0 1 2 5 5
-4568.8 1299.0 -22.0 289 0 8.6 13.7 5.0 2.5 2 1 2 4 4
-4558.6 1297.9 -22.3 289 0 8.0 16.5 5.0 0.0 0 1 2 2 2
-4548.7 1294.7 -22.9 289 0 9.8 21.1 5.0 2.5 4 1 2 0 0
-4508.3 1264.6 -23.8 22 0 16.7 8.7 5.0 2.5 2 0 2 0 0
-4521.8 1278.8 -23.7 292 0 14.7 16.6 5.0 2.5 2 1 2 2 2
-4537.2 1283.9 -23.1 292 0 11.7 12.9 5.0 2.5 2 1 2 2 2
-4472.5 1303.2 -18.3 292 0 9.1 14.1 5.0 2.5 2 1 2 2 2
-4490.5 1284.7 -20.0 112 0 9.7 20.5 5.0 2.5 2 1 2 3 3
-4442.5 1289.4 -17.5 292 0 7.5 6.8 5.0 0.0 0 0 2 0 0
-4454.2 1302.3 -16.2 202 0 7.6 9.1 5.0 2.5 2 1 2 3 3
-4438.2 1295.1 -16.4 22 0 8.5 6.7 5.0 2.5 2 0 2 4 4
-4448.5 1288.3 -17.7 22 0 9.1 8.7 5.0 2.5 2 0 2 0 0
-4460.5 1299.2 -17.1 292 0 6.4 5.4 5.0 2.5 2 0 2 2 2
-4466.9 1279.2 -19.2 112 0 8.9 13.4 5.0 0.0 0 1 2 3 3
-4482.7 1244.4 -23.5 112 0 6.3 7.5 5.0 2.5 2 1 2 1 1
-4492.1 1242.4 -24.3 112 0 7.7 11.2 5.0 2.5 2 1 2 0 0
-4479.2 1269.9 -22.6 292 0 11.4 15.0 5.0 2.5 2 1 2 5 5
-4465.0 1269.1 -21.1 291 0 9.1 8.6 5.0 2.5 2 0 2 2 2
-4467.9 1259.9 -22.6 292 0 8.5 12.0 5.0 2.5 2 1 2 2 2
-4474.0 1238.2 -23.7 111 0 9.3 9.0 5.0 2.5 2 0 2 4 4
-4454.0 1262.8 -21.2 292 0 7.2 9.1 5.0 2.5 2 1 2 3 3
-4460.1 1245.0 -22.2 111 0 7.2 7.1 5.0 2.5 2 0 2 4 4
-4462.7 1236.5 -23.2 111 0 6.4 7.2 5.0 2.5 2 1 2 1 1
-4431.9 1249.5 -20.9 22 0 10.4 11.0 5.0 2.5 2 1 2 5 5
-4446.6 1255.9 -21.2 292 0 6.0 6.4 5.0 2.5 2 1 2 1 1
-4443.7 1242.4 -22.1 21 0 7.9 10.5 5.0 2.5 2 1 2 4 4
-4435.3 1239.0 -21.9 21 0 7.4 7.4 5.0 2.5 2 0 2 0 0
-4438.3 1228.2 -23.1 21 0 6.2 8.1 5.0 2.5 4 1 2 0 0
-4452.4 1229.3 -23.4 111 0 7.7 7.6 5.0 2.5 2 0 2 4 4
-4423.4 1289.0 -16.7 289 0 6.2 6.4 2.5 2.5 2 1 1 5 5
-4414.2 1284.9 -16.8 289 0 12.2 7.0 2.5 2.5 4 0 1 5 5
-4418.7 1262.7 -18.3 109 0 8.1 12.5 2.5 2.5 2 1 1 4 4
-4429.0 1264.5 -18.7 110 0 8.3 14.0 2.5 2.5 2 1 1 0 0
-4438.2 1282.4 -17.6 199 0 6.2 8.7 2.5 2.5 2 1 1 3 3
-4441.7 1274.0 -18.8 199 0 8.8 7.9 2.5 2.5 2 0 1 5 5
-4403.8 1210.9 -22.8 109 0 12.9 7.0 2.5 2.5 2 0 1 5 5
-4401.8 1198.8 -23.9 109 0 8.9 9.6 2.5 0.0 0 1 1 4 4
-4411.9 1201.4 -24.0 109 0 9.0 6.0 2.5 2.5 2 0 1 5 5
-4421.1 1231.5 -21.9 199 0 7.4 8.7 2.5 2.5 2 1 1 2 2
-4411.7 1252.5 -20.5 289 0 9.0 13.3 2.5 2.5 2 1 1 3 3
-4421.6 1252.0 -20.8 289 0 5.8 11.9 2.5 2.5 2 1 1 4 4
-4429.6 1235.3 -21.9 199 0 7.3 7.3 2.5 2.5 2 1 1 2 2
-4421.3 1218.4 -22.8 109 0 7.8 6.1 2.5 2.5 2 0 1 2 2
-4424.5 1212.0 -23.6 109 0 7.8 5.3 2.5 0.0 0 0 1 4 4
-4433.5 1222.3 -23.5 199 0 10.9 6.2 2.5 2.5 2 0 1 4 4
-4395.7 1273.9 -18.0 289 0 15.4 11.3 2.5 2.5 2 0 1 4 4
-4401.6 1254.7 -18.7 109 0 12.9 7.3 2.5 2.5 2 0 1 2 2
-4389.2 1256.4 -19.0 199 0 12.9 10.1 2.5 2.5 2 0 1 1 1
-4404.0 1244.7 -20.1 199 0 11.4 7.1 2.5 2.5 2 0 1 4 4
-4395.4 1231.5 -20.9 199 0 7.1 9.5 2.5 0.0 0 1 1 4 4
-4401.5 1236.1 -21.2 289 0 9.8 8.6 2.5 2.5 2 0 1 3 3
-4395.0 1242.7 -20.2 199 0 11.2 13.6 2.5 2.5 2 1 1 4 4
-4371.7 1225.2 -21.1 358 0 8.0 6.5 2.5 2.5 2 0 1 5 5
-4379.8 1222.2 -21.3 358 0 3.8 5.6 2.5 2.5 2 1 1 5 5
-4370.5 1217.1 -21.7 358 0 5.1 9.4 2.5 2.5 2 1 1 3 3
-4506.9 1399.1 -5.7 284 0 8.3 13.1 2.5 2.5 2 1 1 3 3
-4494.7 1390.1 -6.4 284 0 9.5 10.0 2.5 0.0 0 1 1 1 1
-4498.6 1370.2 -8.3 14 0 11.0 11.6 2.5 2.5 4 1 1 4 4
-4501.3 1348.0 -12.0 14 0 10.0 9.7 2.5 2.5 2 0 1 1 1
-4517.3 1345.5 -12.4 104 0 6.7 12.4 2.5 2.5 2 1 1 5 5
-4510.8 1335.0 -13.8 104 0 7.2 7.1 2.5 2.5 2 0 1 2 2
-4518.3 1337.4 -13.8 104 0 5.6 5.7 2.5 2.5 2 1 1 1 1
-4490.2 1340.1 -13.1 13 0 15.5 9.0 2.5 2.5 4 0 1 0 0
-4472.7 1378.6 -7.2 203 0 11.8 7.7 2.5 2.5 2 0 1 0 0
-4459.5 1370.7 -8.9 293 0 8.2 13.5 2.5 0.0 0 1 1 0 0
-4431.6 1366.7 -8.7 293 0 14.4 9.5 2.5 2.5 2 0 1 3 3
-4432.7 1350.1 -10.7 293 0 9.1 11.6 2.5 0.0 0 1 1 5 5
-4442.7 1358.6 -10.2 293 0 8.0 14.7 2.5 2.5 2 1 1 0 0
-4454.9 1328.0 -12.1 113 0 8.6 12.1 2.5 2.5 2 1 1 5 5
-4466.9 1329.5 -12.0 113 0 4.0 6.4 2.5 2.5 2 1 1 1 1
-4459.7 1317.8 -13.5 113 0 7.4 9.4 2.5 2.5 4 1 1 4 4
-4448.5 1313.7 -13.6 113 0 7.2 17.2 2.5 2.5 4 1 1 3 3
-4413.6 1318.6 -13.0 23 0 7.2 7.2 2.5 0.0 0 0 1 3 3
-4420.1 1296.3 -15.2 113 0 8.1 6.6 2.5 2.5 2 0 1 0 0
-4416.2 1308.1 -14.3 23 0 10.3 10.0 2.5 2.5 2 0 1 2 2
-4421.4 1325.2 -12.6 23 0 11.1 14.7 2.5 0.0 0 1 1 2 2
-4438.9 1305.0 -14.5 113 0 9.2 16.5 2.5 2.5 2 1 1 4 4
-4398.7 1302.0 -15.0 206 0 11.2 7.1 2.5 2.5 2 0 1 5 5
-4406.0 1304.1 -14.7 206 0 9.6 5.6 2.5 2.5 2 0 1 1 1
-4409.7 1293.6 -15.7 206 0 5.7 8.2 2.5 2.5 2 1 1 0 0
-4417.3 1368.5 -7.7 116 0 9.9 16.4 2.5 2.5 4 1 1 5 5
-4405.1 1389.3 -6.7 26 0 10.2 10.7 2.5 2.5 2 1 1 1 1
-4418.1 1401.4 -6.0 296 0 9.4 10.7 2.5 2.5 4 1 1 5 5
-4428.6 1377.1 -6.9 116 0 9.5 13.1 2.5 0.0 0 1 1 2 2
-4441.2 1382.4 -6.3 116 0 8.4 13.0 2.5 0.0 0 1 1 2 2
-4450.7 1385.3 -6.0 116 0 9.1 15.9 2.5 2.5 2 1 1 0 0
-4463.2 1393.2 -5.3 116 0 9.2 17.1 2.5 2.5 2 1 1 2 2
-4490.4 1417.2 -4.4 195 0 11.1 15.1 2.5 2.5 2 1 1 2 2
-4487.1 1444.1 -3.5 195 0 6.8 7.1 2.5 2.5 2 1 1 4 4
-4492.8 1454.3 -3.1 15 0 13.0 10.7 5.0 2.5 4 0 2 4 4
-4496.4 1434.5 -3.7 15 0 13.9 12.0 5.0 2.5 2 0 2 2 2
-4546.2 1417.5 -5.6 102 0 12.2 10.5 5.0 2.5 2 0 2 0 0
-4558.1 1550.0 0.9 285 0 9.6 10.9 5.0 2.5 2 1 2 0 0
-4563.6 1532.9 -0.4 285 0 9.5 7.3 5.0 2.5 2 0 2 5 5
-4543.9 1562.5 -1.2 285 0 9.7 43.0 5.0 2.5 2 1 2 2 2
-4537.3 1551.5 -0.4 192 0 10.3 28.7 5.0 2.5 2 1 2 2 2
-4513.9 1536.4 -1.0 286 0 10.1 14.8 5.0 2.5 2 1 2 3 3
-4529.0 1536.5 -0.9 285 0 16.8 9.9 5.0 2.5 2 0 2 5 5
-4535.1 1494.0 -2.0 15 0 9.0 10.0 5.0 0.0 0 1 2 4 4
-4534.9 1517.1 -1.6 286 0 18.1 13.8 5.0 2.5 2 0 2 4 4
-4495.8 1500.4 -1.7 15 0 11.3 30.0 5.0 2.5 2 1 2 0 0
-4942.4 1483.4 -9.8 276 0 12.9 7.7 5.0 0.0 0 0 2 1 1
-4888.6 1493.4 -7.6 96 0 5.1 5.0 5.0 2.5 2 0 2 1 1
-4873.9 1452.1 -13.8 6 0 7.0 12.7 5.0 0.0 0 1 2 2 2
-4877.8 1443.2 -14.6 6 0 4.6 11.1 5.0 2.5 2 1 2 2 2
-4883.3 1431.4 -15.7 96 0 9.8 6.7 5.0 2.5 2 0 2 5 5
-4880.3 1478.0 -11.9 276 0 10.7 10.6 5.0 2.5 2 0 2 3 3
-4901.8 1482.7 -11.0 276 0 12.7 8.7 5.0 0.0 0 0 2 3 3
-4904.3 1472.4 -11.8 276 0 12.9 5.9 5.0 2.5 4 0 2 0 0
-4918.3 1482.9 -10.7 276 0 8.8 10.6 5.0 2.5 4 1 2 5 5
-4928.7 1480.9 -10.2 276 0 5.4 6.9 5.0 2.5 2 1 2 1 1
-4898.8 1442.7 -14.6 96 0 14.0 14.0 5.0 2.5 4 0 2 3 3
-4900.9 1432.1 -15.6 96 0 10.5 8.6 5.0 2.5 2 0 2 1 1
-4913.7 1446.8 -13.8 96 0 10.4 9.7 5.0 2.5 2 0 2 5 5
-4916.5 1433.2 -15.2 96 0 12.2 12.2 5.0 2.5 2 0 2 3 3
-4951.1 1463.1 -11.7 186 0 8.3 7.5 5.0 0.0 0 0 2 4 4
-4934.4 1446.5 -13.3 96 0 11.3 10.6 5.0 2.5 2 0 2 2 2
-4936.0 1436.2 -14.6 96 0 9.0 8.9 5.0 2.5 2 0 2 3 3
-4939.3 1418.3 -17.8 276 0 10.2 7.8 5.0 0.0 0 0 2 3 3
-4941.4 1398.9 -19.2 96 0 7.4 9.7 5.0 2.5 2 1 2 5 5
-4946.2 1429.4 -16.3 276 0 9.1 7.6 5.0 2.5 2 0 2 0 0
-4954.0 1415.3 -17.7 186 0 8.4 7.8 5.0 0.0 0 0 2 4 4
-4951.8 1402.3 -18.8 96 0 10.0 6.6 5.0 2.5 2 0 2 2 2
-4925.1 1427.9 -16.6 276 0 12.0 7.7 5.0 2.5 2 0 2 4 4
-4937.0 1427.7 -16.5 276 0 6.3 7.2 5.0 2.5 2 1 2 5 5
-4921.0 1412.9 -18.0 6 0 9.3 11.0 5.0 2.5 2 1 2 5 5
-4905.7 1424.3 -17.3 282 0 12.9 6.2 5.0 2.5 2 0 2 2 2
-4914.4 1413.9 -18.3 192 0 6.7 15.0 5.0 2.5 2 1 2 4 4
-4877.0 1419.3 -18.4 282 0 11.4 14.3 5.0 0.0 0 1 2 4 4
-4865.5 1382.2 -20.5 102 0 5.0 7.0 5.0 0.0 0 1 2 0 0
-4876.0 1384.6 -20.6 102 0 4.0 10.1 5.0 0.0 0 1 2 1 1
-4875.4 1399.0 -19.3 12 0 6.5 8.7 5.0 2.5 2 1 2 4 4
-4883.9 1386.9 -20.4 102 0 8.3 9.0 5.0 2.5 4 1 2 5 5
-4894.0 1389.1 -20.3 102 0 8.5 14.1 5.0 2.5 2 1 2 2 2
-4854.2 1460.3 -12.0 191 0 7.3 6.0 5.0 2.5 2 0 2 2 2
-4856.5 1452.2 -12.8 191 0 4.3 9.0 5.0 2.5 2 1 2 0 0
-4857.7 1444.1 -13.9 191 0 8.0 6.9 5.0 2.5 2 0 2 1 1
-4848.5 1442.6 -13.8 191 0 8.1 6.5 5.0 2.5 2 0 2 2 2
-4847.8 1433.7 -14.5 191 0 5.8 5.4 5.0 2.5 2 0 2 0 0
-4859.4 1435.5 -14.8 191 0 7.1 10.0 5.0 2.5 2 1 2 2 2
-4864.4 1413.2 -17.5 191 0 7.7 10.1 5.0 2.5 4 1 2 3 3
-4861.9 1424.8 -16.1 191 0 7.8 10.7 5.0 2.5 2 1 2 5 5
-4803.1 1465.5 -10.8 281 0 9.2 13.0 5.0 2.5 2 1 2 4 4
-4814.6 1467.1 -12.0 281 0 9.6 21.2 5.0 2.5 2 1 2 1 1
-4830.1 1470.7 -12.0 281 0 11.4 19.2 5.0 0.0 0 1 2 4 4
-4760.0 1383.2 -16.6 101 0 10.2 14.6 5.0 2.5 2 1 2 4 4
-4709.5 1451.8 -5.0 101 0 12.3 5.6 5.0 2.5 2 0 2 3 3
-4705.8 1468.6 -3.7 281 0 11.1 8.7 5.0 2.5 2 0 2 1 1
-4724.6 1459.0 -5.0 101 0 11.5 9.1 5.0 2.5 2 0 2 4 4
-4813.1 1478.3 -8.4 101 0 9.0 10.4 5.0 0.0 0 1 2 0 0
-4823.0 1480.4 -8.3 101 0 8.5 12.9 5.0 2.5 2 1 2 2 2
-4918.0 1530.7 -1.4 2 0 5.1 8.6 5.0 2.5 2 1 2 5 5
-4918.8 1520.8 -3.4 2 0 8.4 7.4 5.0 2.5 2 0 2 2 2
-4935.9 1523.5 -3.2 182 0 9.1 6.2 5.0 2.5 2 0 2 5 5
-4944.7 1525.4 -3.2 182 0 10.8 7.3 5.0 2.5 2 0 2 0 0
-4946.3 1500.3 -7.3 182 0 9.6 10.3 5.0 2.5 4 1 2 2 2
-4967.7 1530.6 -3.1 269 0 11.1 9.1 5.0 2.5 4 0 2 3 3
-4972.0 1517.9 -3.8 179 0 3.9 9.0 5.0 2.5 2 1 2 0 0
-4964.6 1496.5 -6.7 89 0 13.8 8.4 5.0 2.5 2 0 2 3 3
-4959.4 1474.0 -10.3 359 0 11.7 12.5 5.0 2.5 2 1 2 1 1
-4994.1 1451.0 -12.8 359 0 8.4 10.8 5.0 2.5 2 1 2 2 2
-4952.2 1564.1 2.1 269 0 6.2 9.1 5.0 2.5 2 1 2 3 3
-4964.6 1553.5 1.6 179 0 3.7 8.3 5.0 0.0 0 1 2 2 2
-4966.0 1560.0 2.2 179 0 7.5 9.3 5.0 2.5 2 1 2 1 1
-4874.3 1541.2 2.3 100 0 7.7 6.0 5.0 0.0 0 0 2 4 4
-4885.9 1551.3 3.2 100 0 14.0 7.2 5.0 2.5 4 0 2 2 2
-4319.1 1240.4 -21.0 113 0 9.3 10.3 2.5 2.5 2 1 1 1 1
-4323.0 1269.1 -18.9 194 0 13.6 11.1 2.5 2.5 2 0 1 0 0
6541.1 -1484.5 17.3 129 0 8.0 11.4 5.0 2.5 2 1 2 2 2
6516.9 -1484.5 13.0 124 0 4.7 8.6 5.0 2.5 2 1 2 0 0
6628.1 -1558.7 17.3 312 0 11.5 5.1 5.0 2.5 2 0 2 1 1
6621.2 -1499.2 24.2 318 0 8.4 7.3 5.0 2.5 2 0 2 0 0
6604.1 -1525.7 19.7 127 0 8.9 11.1 5.0 2.5 2 1 2 3 3
5354.5 -1316.7 -23.9 98 0 8.6 9.0 5.0 0.0 0 1 2 4 4
864.5 -290.2 -9.3 106 0 6.9 6.6 7.5 2.5 4 0 3 0 0
1297.1 -292.0 -16.7 129 0 5.9 13.7 5.0 2.5 2 1 2 3 3
1584.1 -501.0 -11.6 37 0 8.5 4.9 2.5 2.5 2 0 1 4 4
1532.5 -507.8 -14.2 126 0 5.3 17.1 2.5 2.5 2 1 1 1 1
3194.9 -703.3 -17.4 114 0 6.7 6.0 5.0 2.5 2 0 2 1 1
3213.5 -600.9 -2.6 29 0 5.9 6.9 2.5 2.5 2 1 1 2 2
3086.9 -565.8 -13.6 110 0 13.7 7.4 5.0 2.5 4 0 2 3 3
3074.9 -573.2 -15.5 120 0 7.4 5.1 5.0 2.5 2 0 2 5 5
3058.7 -686.3 -25.1 106 0 5.5 7.0 2.5 2.5 2 1 1 4 4
2990.4 -584.2 -14.0 116 0 5.1 11.7 2.5 2.5 2 1 1 2 2
1605.1 -454.7 -5.8 20 0 5.4 7.7 2.5 2.5 2 1 1 2 2
913.7 -305.6 -9.2 106 0 8.5 5.3 7.5 2.5 2 0 3 1 1
322.0 -90.4 9.3 114 0 11.2 8.8 5.0 2.5 2 0 2 0 0
29.7 -15.4 3.7 293 0 6.9 3.9 2.5 2.5 2 0 1 4 4
-38.5 0.5 3.0 30 0 9.1 9.3 5.0 2.5 2 1 2 5 5
-26.7 7.8 4.6 33 0 6.5 8.4 5.0 0.0 0 1 2 1 1
