-1012.6 5378.7 -15.6 288 0 7.1 16.0 5.0 2.5 2 1 2 2 2
-897.8 5308.0 -25.9 280 0 4.3 4.4 7.5 2.5 2 1 3 4 4
-900.2 5318.8 -24.2 284 0 12.8 6.1 2.5 2.5 2 0 1 3 3
-918.1 5323.5 -24.7 295 0 4.6 11.0 2.5 2.5 2 1 1 5 5
-925.4 5323.6 -25.1 286 0 3.8 10.0 5.0 2.5 2 1 2 3 3
-935.4 5325.7 -24.7 291 0 7.2 7.8 7.5 2.5 2 1 3 0 0
-956.4 5334.8 -25.4 299 0 9.9 11.5 5.0 2.5 2 1 2 1 1
-967.7 5336.8 -26.4 303 0 3.1 12.0 5.0 2.5 4 1 2 2 2
-1002.9 5343.5 -26.2 302 0 4.4 4.7 7.5 0.0 0 1 3 4 4
-997.6 5376.2 -16.9 296 0 8.7 14.8 5.0 2.5 2 1 2 1 1
-992.0 5355.5 -19.4 116 0 4.2 11.4 5.0 2.5 2 1 2 2 2
-976.8 5409.4 -6.2 298 0 4.8 6.4 5.0 2.5 2 1 2 3 3
-982.1 5353.4 -18.9 116 0 6.5 11.4 5.0 2.5 2 1 2 5 5
-966.4 5363.4 -17.9 290 0 5.3 12.8 5.0 2.5 2 1 2 3 3
-956.5 5358.9 -17.2 291 0 4.4 12.7 5.0 0.0 0 1 2 0 0
-934.0 5356.5 -18.3 283 0 5.8 17.5 5.0 2.5 4 1 2 0 0
-924.5 5351.7 -19.2 288 0 5.4 15.9 5.0 2.5 2 1 2 5 5
-915.1 5343.2 -19.9 298 0 8.1 8.2 5.0 2.5 2 1 2 4 4
-906.3 5399.6 -7.4 35 0 3.0 6.0 5.0 2.5 2 1 2 1 1
-920.7 5396.0 -8.9 205 0 7.4 5.4 5.0 2.5 2 0 2 5 5
-929.8 5401.7 -7.5 207 0 4.6 5.5 5.0 2.5 2 1 2 1 1
-939.2 5395.2 -9.1 201 0 7.1 8.4 5.0 2.5 2 1 2 2 2
-952.8 5420.3 -4.7 295 0 7.6 9.4 5.0 2.5 2 1 2 4 4
-975.6 5424.6 -3.4 291 0 6.5 8.6 5.0 2.5 4 1 2 0 0
-993.0 5411.8 -6.1 291 0 10.3 6.6 5.0 2.5 2 0 2 4 4
-1014.2 5448.3 1.9 283 0 11.1 5.8 5.0 2.5 2 0 2 3 3
-1018.0 5431.5 -1.1 189 0 5.2 7.2 5.0 2.5 2 1 2 0 0
-2324.4 6921.8 19.9 298 0 9.2 9.9 2.5 2.5 2 1 1 1 1
-2342.9 6927.8 16.2 27 0 14.1 8.0 5.0 2.5 4 0 2 0 0
5947.7 3590.8 15.1 16 0 10.7 5.5 5.0 2.5 2 0 2 3 3
5938.1 3605.5 13.4 285 0 6.7 18.7 5.0 2.5 2 1 2 0 0
5940.8 3580.0 13.3 16 0 8.2 5.9 5.0 2.5 2 0 2 5 5
5947.5 3570.1 13.7 16 0 6.7 6.5 5.0 2.5 2 0 2 1 1
5928.6 3561.7 9.9 196 0 6.8 7.6 5.0 2.5 2 1 2 3 3
5924.2 3564.6 9.3 105 0 7.2 8.7 5.0 2.5 2 1 2 5 5
5914.4 3573.9 6.7 15 0 10.2 6.2 5.0 2.5 2 0 2 2 2
5907.9 3559.5 5.8 16 0 6.7 3.4 5.0 2.5 2 0 2 4 4
5921.2 3555.0 5.5 15 0 9.7 11.5 5.0 2.5 2 1 2 5 5
5915.6 3539.0 4.1 15 0 9.4 9.7 5.0 2.5 2 1 2 2 2
5903.0 3532.3 4.5 15 0 9.2 7.9 5.0 2.5 2 0 2 3 3
5912.0 3528.1 3.7 15 0 8.1 7.7 5.0 2.5 2 0 2 3 3
5909.2 3519.0 3.4 16 0 8.8 7.2 5.0 2.5 2 0 2 3 3
5898.1 3516.7 4.0 15 0 6.5 4.5 5.0 2.5 2 0 2 1 1
5905.9 3510.6 3.2 15 0 6.6 7.2 5.0 2.5 2 1 2 3 3
5903.5 3501.8 2.8 15 0 9.2 7.6 5.0 0.0 0 0 2 4 4
5900.1 3490.1 1.3 16 0 10.8 9.4 5.0 2.5 4 0 2 1 1
5895.1 3479.9 -0.8 15 0 7.6 13.6 5.0 2.5 2 1 2 3 3
5892.8 3471.0 -2.9 15 0 6.4 10.2 5.0 2.5 2 1 2 1 1
5888.7 3463.7 -4.7 15 0 6.3 9.6 5.0 2.5 2 1 2 4 4
5885.2 3457.3 -6.1 15 0 5.0 9.1 5.0 2.5 2 1 2 4 4
5882.4 3451.4 -7.7 15 0 6.3 9.2 5.0 2.5 4 1 2 5 5
5861.1 3431.6 -10.1 28 0 9.3 5.2 5.0 2.5 2 0 2 1 1
5863.6 3421.1 -11.9 28 0 4.1 6.1 5.0 2.5 2 1 2 0 0
5856.2 3413.1 -12.8 119 0 6.6 7.1 5.0 2.5 2 1 2 2 2
5871.7 3433.8 -10.5 28 0 6.0 7.0 5.0 2.5 4 1 2 3 3
5863.7 3426.4 -11.6 118 0 8.1 6.4 5.0 2.5 2 0 2 2 2
5899.0 3478.8 -1.9 200 0 9.0 5.4 5.0 2.5 2 0 2 4 4
5896.8 3468.4 -4.0 200 0 6.7 3.1 5.0 2.5 2 0 2 2 2
5892.8 3460.9 -5.9 201 0 6.1 4.5 5.0 2.5 2 0 2 0 0
5889.4 3452.6 -8.3 200 0 8.3 4.9 5.0 2.5 2 0 2 2 2
5890.8 3441.1 -10.9 20 0 9.7 7.1 5.0 2.5 2 0 2 5 5
5876.0 3431.2 -13.8 200 0 13.3 10.3 5.0 2.5 2 0 2 2 2
5869.6 3420.7 -14.8 200 0 8.4 12.3 5.0 2.5 2 1 2 4 4
5878.7 3406.9 -16.0 21 0 6.1 5.3 5.0 2.5 2 0 2 4 4
5867.0 3405.3 -15.3 110 0 8.5 10.3 5.0 0.0 0 1 2 5 5
5838.8 3470.7 -1.3 198 0 7.8 8.5 5.0 2.5 2 1 2 3 3
5819.6 3461.9 -1.8 198 0 14.0 8.5 5.0 0.0 0 0 2 1 1
5813.1 3446.6 -4.3 198 0 13.0 9.7 5.0 2.5 2 0 2 3 3
5811.9 3462.5 0.8 18 0 9.4 9.1 5.0 0.0 0 0 2 4 4
5808.7 3451.1 -1.3 18 0 10.1 7.2 5.0 2.5 2 0 2 3 3
5796.7 3419.9 -16.2 288 0 7.6 9.3 5.0 2.5 2 1 2 2 2
5810.6 3420.7 -14.6 288 0 7.8 11.1 5.0 2.5 2 1 2 2 2
5803.1 3389.8 -24.6 108 0 6.0 11.3 5.0 2.5 2 1 2 4 4
5819.8 3401.3 -20.1 288 0 10.4 9.9 5.0 0.0 0 0 2 4 4
5831.5 3399.8 -18.7 288 0 6.7 12.9 5.0 2.5 2 1 2 3 3
5839.2 3388.9 -14.9 116 0 8.4 19.5 5.0 0.0 0 1 2 3 3
5856.9 3403.2 -15.3 296 0 6.4 9.3 5.0 0.0 0 1 2 2 2
5847.4 3385.3 -16.5 116 0 6.6 9.9 5.0 2.5 2 1 2 1 1
5868.9 3397.6 -21.1 293 0 12.4 20.6 5.0 2.5 2 1 2 5 5
5886.7 3388.3 -24.4 293 0 15.9 16.7 5.0 2.5 2 1 2 1 1
5905.2 3382.4 -23.0 297 0 9.7 14.8 5.0 2.5 2 1 2 4 4
5915.2 3376.9 -23.5 297 0 10.3 15.6 5.0 2.5 2 1 2 3 3
5927.3 3370.7 -23.9 297 0 8.1 15.3 5.0 0.0 0 1 2 1 1
5934.1 3367.2 -24.4 297 0 5.3 16.5 5.0 2.5 2 1 2 3 3
5954.4 3357.2 -19.6 297 0 6.0 11.0 5.0 2.5 2 1 2 0 0
5946.0 3363.9 -24.3 297 0 11.6 18.0 5.0 2.5 2 1 2 2 2
5977.1 3349.2 -13.5 300 0 5.9 6.6 5.0 2.5 2 1 2 5 5
5967.9 3334.0 -16.3 119 0 6.8 9.9 5.0 2.5 2 1 2 3 3
5982.9 3344.7 -15.4 299 0 6.6 14.7 5.0 2.5 2 1 2 5 5
5992.5 3340.7 -14.8 299 0 6.4 15.7 5.0 2.5 4 1 2 3 3
6001.4 3335.5 -15.1 300 0 7.1 12.3 5.0 2.5 2 1 2 3 3
5991.7 3318.0 -19.7 119 0 6.9 6.5 5.0 2.5 2 0 2 5 5
6009.2 3331.1 -20.5 299 0 7.9 18.4 5.0 2.5 2 1 2 5 5
6028.7 3321.9 -21.2 300 0 7.7 10.3 5.0 2.5 2 1 2 1 1
6019.3 3327.4 -17.1 300 0 8.7 7.7 5.0 2.5 2 0 2 3 3
6009.9 3309.2 -23.9 119 0 10.3 11.4 5.0 2.5 2 1 2 0 0
6019.8 3305.1 -25.3 120 0 6.4 8.1 5.0 2.5 2 1 2 1 1
6036.6 3318.0 -20.8 300 0 7.0 5.5 5.0 0.0 0 0 2 4 4
6028.0 3302.5 -24.9 119 0 8.0 11.0 5.0 2.5 2 1 2 4 4
6044.6 3313.7 -25.5 299 0 7.3 19.5 5.0 2.5 2 1 2 2 2
6052.8 3309.6 -21.8 300 0 8.8 6.8 5.0 0.0 0 0 2 0 0
6044.4 3294.2 -24.9 119 0 9.4 10.0 5.0 2.5 2 1 2 3 3
6062.4 3305.7 -25.0 299 0 7.1 18.9 5.0 2.5 2 1 2 0 0
6071.1 3301.0 -24.3 299 0 9.2 16.0 5.0 2.5 2 1 2 4 4
6081.8 3294.7 -22.2 300 0 10.5 8.0 5.0 2.5 2 0 2 3 3
6073.8 3280.2 -24.7 119 0 11.7 6.5 5.0 2.5 4 0 2 0 0
6084.0 3274.5 -24.8 120 0 9.3 5.4 5.0 2.5 2 0 2 5 5
6091.8 3289.2 -22.8 299 0 7.6 9.9 5.0 0.0 0 1 2 1 1
6101.1 3283.8 -24.4 295 0 10.6 14.7 5.0 2.5 2 1 2 3 3
6114.4 3282.5 -20.8 295 0 8.2 10.9 5.0 2.5 2 1 2 5 5
6122.8 3278.2 -20.6 295 0 6.8 12.2 5.0 2.5 2 1 2 1 1
6118.8 3260.9 -23.0 26 0 6.1 7.7 5.0 2.5 2 1 2 0 0
6105.7 3264.5 -23.9 115 0 8.1 7.5 5.0 2.5 2 0 2 3 3
5999.3 3401.4 1.5 118 0 9.1 9.8 5.0 2.5 2 1 2 2 2
6014.2 3433.6 7.7 208 0 7.1 18.3 5.0 2.5 4 1 2 2 2
6013.4 3427.9 4.1 298 0 8.5 17.8 5.0 2.5 2 1 2 4 4
6014.6 3404.0 2.6 118 0 11.1 19.3 5.0 2.5 2 1 2 5 5
6024.0 3396.2 1.3 118 0 7.1 16.9 5.0 2.5 2 1 2 3 3
6043.9 3418.5 5.6 290 0 11.5 7.4 5.0 2.5 2 0 2 5 5
6038.5 3400.4 3.0 110 0 10.9 10.0 5.0 2.5 2 0 2 0 0
6076.4 3435.8 10.3 290 0 13.0 10.3 5.0 0.0 0 0 2 2 2
6075.5 3419.1 8.4 20 0 5.9 12.1 5.0 0.0 0 1 2 5 5
6074.9 3410.3 6.2 20 0 7.3 11.3 5.0 2.5 2 1 2 4 4
6061.1 3427.9 7.1 290 0 7.3 13.7 5.0 2.5 2 1 2 3 3
6050.7 3396.5 2.6 110 0 9.0 10.8 5.0 2.5 2 1 2 2 2
6071.7 3394.3 2.2 20 0 8.5 13.1 5.0 0.0 0 1 2 5 5
6068.9 3384.0 -0.3 20 0 9.1 7.1 5.0 2.5 2 0 2 5 5
6050.0 3384.0 -0.2 110 0 4.9 6.9 5.0 2.5 2 1 2 3 3
6043.3 3385.5 -0.1 110 0 7.3 8.6 5.0 2.5 2 1 2 4 4
6056.8 3383.7 0.0 110 0 5.4 8.8 5.0 2.5 2 1 2 0 0
6087.0 3418.4 8.3 198 0 10.3 9.0 5.0 2.5 2 0 2 4 4
6084.9 3407.0 5.7 198 0 9.2 8.0 5.0 2.5 2 0 2 0 0
6118.8 3412.1 9.1 13 0 8.0 8.1 5.0 2.5 2 1 2 1 1
6116.9 3402.8 6.8 13 0 8.4 8.9 5.0 2.5 4 1 2 5 5
6107.6 3412.9 8.5 13 0 8.9 8.9 5.0 2.5 4 0 2 5 5
6105.9 3403.8 6.4 13 0 7.7 9.6 5.0 2.5 4 1 2 2 2
6116.8 3391.3 4.5 16 0 6.5 9.1 5.0 2.5 2 1 2 1 1
6114.0 3382.0 1.7 16 0 10.1 9.0 5.0 2.5 2 0 2 5 5
6105.9 3392.0 3.7 16 0 8.7 12.5 5.0 2.5 2 1 2 0 0
6102.1 3383.0 1.4 16 0 8.7 9.2 5.0 2.5 2 1 2 3 3
6110.3 3370.1 -0.9 16 0 7.4 15.7 5.0 2.5 2 1 2 0 0
6109.7 3353.2 -5.4 20 0 14.0 9.8 5.0 2.5 2 0 2 5 5
6093.6 3351.7 -5.3 110 0 7.9 11.9 5.0 2.5 2 1 2 5 5
6078.4 3355.3 -5.6 110 0 21.4 13.5 5.0 2.5 2 0 2 0 0
6152.1 3425.1 12.9 274 0 10.1 8.8 5.0 2.5 2 0 2 3 3
6140.8 3426.0 12.3 274 0 8.8 9.5 5.0 2.5 2 1 2 1 1
6126.8 3421.4 11.9 184 0 7.6 8.3 5.0 2.5 4 1 2 5 5
6147.4 3390.5 6.1 4 0 4.8 5.7 5.0 2.5 2 1 2 2 2
6147.3 3375.2 3.5 4 0 3.6 6.0 5.0 2.5 4 1 2 0 0
6149.1 3383.1 4.3 4 0 8.0 8.7 5.0 2.5 4 1 2 0 0
6143.3 3363.5 0.4 4 0 7.0 10.2 5.0 2.5 2 1 2 2 2
6129.0 3374.0 1.4 184 0 5.9 8.9 5.0 2.5 2 1 2 0 0
6124.6 3386.4 3.6 184 0 8.7 12.0 5.0 2.5 2 1 2 2 2
6116.6 3368.2 -1.0 194 0 7.9 13.5 5.0 2.5 2 1 2 2 2
6115.7 3359.6 -2.8 193 0 7.6 8.5 5.0 2.5 2 1 2 2 2
6114.5 3339.0 -5.9 104 0 9.4 6.9 5.0 2.5 2 0 2 3 3
6113.3 3351.9 -4.2 194 0 5.7 9.5 5.0 0.0 0 1 2 1 1
6126.4 3335.0 -4.7 113 0 8.4 9.6 5.0 2.5 2 1 2 1 1
6133.8 3333.8 -3.8 113 0 4.7 9.1 5.0 2.5 2 1 2 4 4
6121.3 3333.5 -5.8 203 0 4.8 11.5 5.0 0.0 0 1 2 3 3
6124.8 3319.3 -8.0 203 0 10.0 17.4 5.0 2.5 2 1 2 4 4
6119.8 3310.0 -10.0 203 0 8.6 22.6 5.0 2.5 2 1 2 5 5
6141.1 3289.8 -11.2 23 0 7.1 9.7 5.0 2.5 2 1 2 1 1
6132.2 3279.9 -14.1 113 0 8.1 7.0 5.0 2.5 2 0 2 1 1
6116.6 3301.5 -12.2 203 0 6.3 8.4 5.0 2.5 2 1 2 1 1
6115.4 3288.0 -15.5 113 0 9.7 8.6 5.0 2.5 4 0 2 0 0
6115.6 3312.1 -11.7 26 0 11.3 16.7 5.0 2.5 4 1 2 4 4
6108.9 3300.1 -16.3 26 0 13.0 12.7 5.0 2.5 2 0 2 3 3
6093.3 3337.4 -10.4 292 0 14.8 8.6 5.0 2.5 2 0 2 4 4
6085.6 3309.5 -15.7 111 0 7.7 13.5 5.0 2.5 2 1 2 5 5
6075.8 3325.9 -13.7 201 0 7.1 8.1 5.0 2.5 2 1 2 1 1
6070.2 3308.4 -18.4 202 0 3.8 6.4 5.0 2.5 2 1 2 3 3
6073.1 3316.1 -16.9 201 0 9.6 7.9 5.0 2.5 2 0 2 4 4
6034.7 3381.3 -3.7 294 0 9.2 9.5 5.0 2.5 2 1 2 1 1
6030.8 3371.4 -5.5 294 0 7.1 8.5 5.0 2.5 2 1 2 1 1
6024.8 3382.7 -4.8 294 0 7.3 15.8 5.0 2.5 2 1 2 3 3
6044.8 3373.8 -5.3 294 0 6.7 11.5 5.0 2.5 2 1 2 5 5
6053.4 3370.6 -5.7 294 0 7.7 11.3 5.0 2.5 2 1 2 2 2
6050.8 3354.2 -7.4 24 0 6.1 7.8 5.0 2.5 4 1 2 3 3
6040.6 3361.7 -7.0 294 0 5.7 7.1 5.0 2.5 2 1 2 2 2
6071.1 3325.3 -14.4 24 0 8.0 7.4 5.0 2.5 2 0 2 5 5
6061.3 3311.5 -18.3 114 0 8.1 11.0 5.0 2.5 2 1 2 0 0
6060.3 3327.5 -13.0 24 0 6.8 10.7 5.0 2.5 2 1 2 3 3
6051.7 3319.1 -17.5 114 0 13.1 7.0 5.0 2.5 2 0 2 2 2
6039.1 3324.2 -14.7 114 0 10.5 12.7 5.0 2.5 2 1 2 5 5
6029.1 3329.2 -12.6 114 0 9.5 10.9 5.0 2.5 2 1 2 4 4
6011.9 3337.4 -11.4 117 0 10.2 8.7 5.0 2.5 4 0 2 1 1
6003.4 3342.4 -10.4 117 0 5.9 7.5 5.0 2.5 2 1 2 0 0
5995.6 3345.8 -9.9 117 0 8.5 6.8 5.0 2.5 2 0 2 3 3
5987.4 3349.7 -10.0 115 0 7.7 8.7 5.0 2.5 2 1 2 2 2
5977.3 3355.6 -10.8 115 0 10.1 6.8 5.0 2.5 2 0 2 4 4
5965.3 3367.9 -10.6 115 0 6.0 6.3 5.0 2.5 2 1 2 2 2
5958.2 3370.3 -11.7 115 0 5.7 8.5 5.0 2.5 2 1 2 5 5
5948.3 3371.2 -14.0 115 0 9.0 12.1 5.0 2.5 2 1 2 3 3
5944.0 3388.2 -13.5 295 0 7.3 6.4 5.0 2.5 2 0 2 5 5
5938.6 3375.5 -16.7 115 0 7.8 6.2 5.0 2.5 2 0 2 2 2
5935.4 3391.4 -17.0 295 0 8.8 12.8 5.0 2.5 2 1 2 3 3
5921.5 3383.1 -16.9 115 0 5.8 10.6 5.0 2.5 2 1 2 2 2
5916.1 3394.8 -16.2 115 0 7.7 5.6 5.0 2.5 2 0 2 1 1
5909.5 3388.1 -18.7 115 0 15.0 8.1 5.0 2.5 2 0 2 3 3
5919.0 3509.0 1.7 197 0 8.5 8.6 5.0 2.5 2 1 2 3 3
5915.1 3499.5 1.1 197 0 8.2 10.6 5.0 2.5 2 1 2 0 0
5912.3 3489.0 0.1 197 0 9.6 9.3 5.0 2.5 2 0 2 1 1
5907.8 3479.6 -2.0 197 0 8.3 8.6 5.0 2.5 2 1 2 3 3
5906.5 3469.6 -4.8 202 0 8.6 9.7 5.0 2.5 4 1 2 4 4
5905.7 3454.1 -7.2 112 0 8.8 8.8 5.0 2.5 2 1 2 2 2
5899.1 3447.4 -10.6 202 0 12.7 7.3 5.0 2.5 2 0 2 4 4
5895.3 3437.0 -12.9 201 0 6.7 11.0 5.0 2.5 2 1 2 2 2
5893.0 3429.5 -14.4 201 0 8.3 12.9 5.0 2.5 2 1 2 5 5
5897.8 3414.4 -17.6 202 0 12.8 9.3 5.0 2.5 2 0 2 2 2
5887.7 3417.0 -17.7 202 0 11.8 9.3 5.0 0.0 0 0 2 0 0
5885.0 3404.2 -19.4 202 0 10.0 14.1 5.0 2.5 2 1 2 5 5
-1014.2 5459.4 5.8 10 0 6.9 12.5 5.0 2.5 4 1 2 3 3
-995.5 5384.7 -10.5 107 0 8.6 14.8 5.0 0.0 0 1 2 2 2
-985.3 5383.6 -10.5 102 0 7.1 16.1 5.0 0.0 0 1 2 0 0
-1009.6 5390.5 -9.2 102 0 5.2 20.2 5.0 2.5 2 1 2 4 4
-1022.1 5391.0 -9.8 104 0 8.5 27.5 5.0 2.5 2 1 2 5 5
-990.7 5438.8 0.7 6 0 8.7 12.8 5.0 2.5 2 1 2 5 5
-944.7 5430.9 -1.5 119 0 11.6 7.7 5.0 2.5 2 0 2 0 0
-928.9 5418.4 -4.6 199 0 6.6 9.4 5.0 2.5 2 1 2 4 4
-910.6 5360.1 -14.8 108 0 8.6 14.0 5.0 0.0 0 1 2 5 5
-924.5 5363.8 -14.3 108 0 6.1 15.5 5.0 2.5 4 1 2 3 3
-933.4 5366.2 -13.9 110 0 6.7 15.4 5.0 2.5 2 1 2 2 2
-942.9 5368.0 -13.6 101 0 7.8 14.4 5.0 0.0 0 1 2 1 1
-975.1 5381.1 -11.1 107 0 6.1 15.0 5.0 2.5 2 1 2 4 4
-962.8 5376.2 -12.0 98 0 10.2 18.2 5.0 2.5 2 1 2 2 2
