-3799.8 -624.5 -63.0 312 0 10.9 9.4 5.0 2.5 2 0 2 3 3
-3808.6 -634.0 -63.2 312 0 9.8 6.4 5.0 2.5 2 0 2 3 3
-3822.7 -641.4 -63.5 222 0 5.7 8.8 5.0 2.5 2 1 2 5 5
-3830.7 -648.7 -63.6 222 0 6.6 10.4 5.0 2.5 2 1 2 1 1
-3848.4 -668.0 -63.9 222 0 7.2 9.3 5.0 2.5 2 1 2 4 4
-3856.1 -675.3 -63.9 222 0 5.3 10.1 5.0 2.5 2 1 2 3 3
-3863.4 -682.5 -64.0 222 0 8.5 11.0 5.0 0.0 0 1 2 5 5
-3871.1 -692.0 -64.1 222 0 8.8 10.0 5.0 2.5 2 1 2 1 1
-3648.5 -785.0 -58.4 219 0 5.9 10.2 2.5 2.5 2 1 1 5 5
-3650.1 -793.1 -59.2 309 0 10.2 5.5 2.5 2.5 2 0 1 0 0
-3662.2 -798.5 -59.9 219 0 5.2 9.6 2.5 2.5 2 1 1 2 2
-3668.6 -806.9 -60.9 219 0 7.6 8.5 2.5 0.0 0 1 1 4 4
-3658.4 -770.8 -58.8 309 0 13.3 6.0 2.5 2.5 2 0 1 5 5
-3664.5 -776.6 -59.5 309 0 9.0 6.8 2.5 2.5 2 0 1 5 5
-3675.5 -789.0 -60.2 129 0 10.2 5.9 2.5 2.5 2 0 1 4 4
-3684.3 -796.1 -60.8 129 0 10.3 7.0 2.5 2.5 2 0 1 2 2
-3691.9 -804.4 -61.4 309 0 8.4 14.6 2.5 2.5 2 1 1 0 0
-3682.4 -742.9 -58.7 309 0 9.2 7.1 2.5 2.5 2 0 1 1 1
-3696.0 -752.3 -59.4 219 0 6.4 8.6 2.5 2.5 2 1 1 5 5
-3703.8 -759.2 -59.9 219 0 6.5 12.2 2.5 2.5 2 1 1 2 2
-3705.7 -775.5 -60.5 129 0 18.7 7.0 2.5 2.5 2 0 1 1 1
-3723.4 -780.9 -61.0 309 0 9.8 5.9 2.5 2.5 2 0 1 1 1
-3730.9 -789.3 -61.3 309 0 8.7 6.0 2.5 2.5 2 0 1 1 1
-3742.5 -800.9 -61.6 129 0 8.3 5.5 2.5 2.5 2 0 1 0 0
-3760.9 -786.3 -61.7 129 0 12.0 8.2 2.5 2.5 2 0 1 0 0
-3748.6 -771.5 -61.4 309 0 11.9 7.2 2.5 2.5 2 0 1 1 1
-3740.5 -763.6 -61.1 309 0 11.5 7.1 2.5 2.5 2 0 1 3 3
-3721.9 -753.5 -60.3 39 0 7.3 9.4 5.0 2.5 2 1 2 4 4
-3714.7 -747.0 -60.1 39 0 5.6 11.5 5.0 2.5 2 1 2 0 0
-3707.0 -738.6 -60.0 39 0 5.8 10.8 5.0 2.5 2 1 2 3 3
-3701.7 -724.2 -59.6 309 0 10.6 6.0 5.0 2.5 2 0 2 3 3
-3705.0 -703.4 -59.9 129 0 10.8 18.5 2.5 2.5 2 1 1 5 5
-3731.6 -696.9 -60.5 309 0 9.3 6.2 5.0 2.5 2 0 2 4 4
-3744.8 -703.7 -60.5 219 0 4.3 10.8 5.0 2.5 2 1 2 1 1
-3752.0 -711.3 -60.5 219 0 6.1 10.4 5.0 2.5 2 1 2 5 5
-3758.5 -725.9 -60.5 129 0 9.6 7.1 5.0 2.5 2 0 2 5 5
-3776.0 -736.9 -60.8 219 0 5.2 11.1 2.5 2.5 2 1 1 3 3
-3783.9 -744.7 -61.1 219 0 6.0 11.0 2.5 2.5 2 1 1 3 3
-3791.2 -753.1 -61.7 219 0 5.4 11.7 2.5 0.0 0 1 1 3 3
-3796.0 -768.2 -62.2 129 0 11.7 5.0 2.5 2.5 2 0 1 1 1
-3815.3 -776.2 -62.6 219 0 5.7 10.4 2.5 2.5 2 1 1 1 1
-3825.1 -787.5 -62.8 219 0 11.6 10.2 2.5 2.5 2 0 1 5 5
-3861.1 -752.8 -64.1 219 0 5.4 9.4 5.0 2.5 2 1 2 5 5
-3851.0 -712.8 -64.0 219 0 5.2 9.6 5.0 2.5 2 1 2 0 0
-3833.9 -712.7 -63.7 39 0 5.6 11.1 5.0 2.5 2 1 2 0 0
-3827.2 -702.9 -63.6 39 0 6.2 11.2 5.0 2.5 2 1 2 3 3
-3819.0 -696.1 -63.4 39 0 7.6 12.7 5.0 2.5 2 1 2 1 1
-3778.9 -642.6 -62.5 309 0 11.0 10.2 5.0 2.5 2 0 2 1 1
-3786.1 -657.7 -62.3 309 0 16.3 5.5 5.0 2.5 2 0 2 5 5
-3795.6 -664.6 -62.4 309 0 10.8 5.8 5.0 2.5 4 0 2 4 4
-3798.3 -680.3 -62.7 39 0 4.6 15.6 5.0 2.5 2 1 2 3 3
-3750.9 -681.6 -61.4 39 0 5.7 10.0 5.0 2.5 2 1 2 0 0
-3758.6 -689.7 -61.5 39 0 5.5 10.2 5.0 2.5 2 1 2 4 4
-3766.2 -696.5 -61.5 39 0 5.1 10.7 5.0 2.5 4 1 2 1 1
-3772.6 -705.8 -61.4 39 0 6.3 12.0 5.0 2.5 2 1 2 0 0
-3789.9 -722.4 -61.9 39 0 5.9 12.5 5.0 2.5 2 1 2 3 3
-3798.4 -730.3 -62.1 39 0 6.4 10.5 5.0 2.5 2 1 2 1 1
-3806.1 -739.3 -62.3 39 0 5.4 11.3 5.0 2.5 2 1 2 3 3
-3813.4 -746.3 -62.4 39 0 6.7 9.7 5.0 2.5 2 1 2 5 5
-3828.3 -762.6 -63.4 39 0 6.3 11.6 5.0 2.5 2 1 2 4 4
-3836.0 -770.9 -63.4 39 0 5.5 10.6 5.0 2.5 2 1 2 4 4
-3847.2 -787.2 -63.4 39 0 10.4 11.4 5.0 2.5 2 1 2 4 4
-3837.1 -804.0 -62.6 217 0 7.4 14.6 2.5 2.5 2 1 1 2 2
-3780.6 -803.5 -62.3 312 0 8.9 8.0 2.5 0.0 0 0 1 3 3
-3757.1 -822.3 -62.2 306 0 25.3 9.9 2.5 2.5 2 0 1 4 4
-2029.8 4783.9 -39.0 285 0 20.1 16.6 5.0 0.0 0 0 2 5 5
3221.9 4490.0 6.7 0 0 9.9 7.1 5.0 2.5 2 0 2 4 4
3251.6 4434.8 9.3 4 0 8.4 11.1 5.0 0.0 0 1 2 3 3
3296.5 3072.0 14.4 40 0 10.1 13.8 5.0 2.5 2 1 2 4 4
3279.9 3052.1 11.8 43 0 8.6 8.6 5.0 2.5 2 1 2 3 3
3201.0 2977.1 -9.5 270 0 9.5 7.8 5.0 2.5 2 0 2 1 1
3198.1 2926.8 -12.2 190 0 7.0 12.6 5.0 2.5 2 1 2 5 5
3209.0 2883.1 -13.9 24 0 9.7 8.2 2.5 0.0 0 0 1 3 3
3162.4 2804.1 -11.5 119 0 7.3 8.8 5.0 2.5 2 1 2 3 3
3240.8 2804.8 -5.1 120 0 8.9 10.3 5.0 2.5 2 1 2 2 2
3233.5 2733.1 3.0 7 0 7.8 11.6 7.5 0.0 0 1 3 1 1
3224.8 2698.0 7.9 99 0 8.5 9.4 5.0 2.5 2 1 2 5 5
3743.2 3097.5 44.4 102 0 7.8 14.6 5.0 2.5 2 1 2 2 2
3698.3 3103.2 42.5 112 0 9.2 11.2 5.0 2.5 2 1 2 4 4
3606.5 3134.9 42.8 117 0 8.4 10.4 2.5 2.5 2 1 1 3 3
3574.5 3116.5 40.5 301 0 8.0 9.8 2.5 0.0 0 1 1 5 5
3533.5 3184.1 42.9 141 0 8.0 10.5 5.0 2.5 4 1 2 1 1
3503.3 3241.1 43.9 149 0 10.0 12.0 5.0 2.5 2 1 2 2 2
3505.5 3219.2 43.6 138 0 15.2 8.1 5.0 2.5 2 0 2 3 3
3466.1 3235.4 41.7 304 0 7.9 7.9 2.5 2.5 2 0 1 0 0
3491.2 3206.2 41.6 326 0 9.0 10.5 2.5 2.5 2 1 1 5 5
3685.0 5934.6 58.3 322 0 10.6 13.1 5.0 2.5 2 1 2 2 2
3674.9 5969.2 56.7 324 0 9.2 9.4 5.0 2.5 2 1 2 1 1
3637.5 5969.1 53.9 182 0 8.4 9.6 5.0 2.5 2 1 2 2 2
3631.4 5936.2 54.4 195 0 9.6 8.9 5.0 2.5 2 0 2 2 2
3625.4 5908.4 52.7 194 0 8.9 11.6 5.0 2.5 2 1 2 2 2
3662.5 5880.9 53.3 92 0 11.7 8.7 5.0 2.5 2 0 2 4 4
3704.0 6009.1 55.2 313 0 8.0 12.5 5.0 2.5 2 1 2 0 0
3736.1 5933.1 59.0 133 0 7.2 10.8 5.0 2.5 2 1 2 1 1
3745.7 5920.4 58.2 133 0 7.6 12.0 5.0 0.0 0 1 2 1 1
3759.2 5909.6 57.3 133 0 8.2 13.5 5.0 2.5 2 1 2 1 1
3769.9 5898.5 56.4 133 0 9.7 12.2 5.0 2.5 2 1 2 3 3
3811.1 5882.7 52.3 326 0 8.6 13.6 5.0 0.0 0 1 2 5 5
3819.8 5764.7 52.1 31 0 10.0 9.7 5.0 2.5 2 0 2 1 1
3364.3 5218.1 -7.1 357 0 10.2 20.1 5.0 2.5 2 1 2 5 5
3356.3 5187.0 -6.0 11 0 7.9 11.5 5.0 2.5 2 1 2 1 1
3283.5 5051.6 -23.8 15 0 7.1 11.3 5.0 2.5 2 1 2 0 0
3265.7 5026.1 -28.0 200 0 8.6 9.5 5.0 2.5 4 1 2 3 3
3348.3 4874.8 -34.0 171 0 7.8 12.1 5.0 2.5 2 1 2 3 3
3367.6 4858.8 -33.7 347 0 10.4 11.1 5.0 0.0 0 1 2 2 2
3374.5 4835.4 -33.7 349 0 7.9 10.9 5.0 2.5 2 1 2 4 4
3268.2 4903.0 -31.5 180 0 6.3 10.4 5.0 2.5 2 1 2 3 3
3273.7 4874.0 -30.4 169 0 7.6 11.7 5.0 2.5 2 1 2 3 3
3284.0 4848.8 -29.7 161 0 9.4 11.0 5.0 2.5 2 1 2 0 0
3295.1 4801.9 -28.4 153 0 8.4 11.9 5.0 2.5 2 1 2 1 1
3310.9 4764.5 -19.4 147 0 8.8 11.0 5.0 2.5 2 1 2 3 3
3377.7 4806.4 -31.3 349 0 7.9 9.3 5.0 2.5 4 1 2 3 3
3388.3 4766.0 -24.3 0 0 9.2 9.2 5.0 2.5 2 0 2 4 4
3373.3 4706.0 -13.4 15 0 10.2 8.0 5.0 2.5 2 0 2 5 5
3326.3 4684.4 -7.3 19 0 8.2 9.2 5.0 2.5 2 1 2 0 0
3272.5 4591.5 1.5 217 0 9.8 11.1 5.0 2.5 2 1 2 4 4
