3624.8 3994.6 2.4 36 0 7.8 9.1 5.0 2.5 2 1 2 1 1
3517.3 3799.3 0.2 44 0 7.7 10.8 5.0 2.5 2 1 2 4 4
3423.8 3714.8 1.0 223 0 7.9 11.5 5.0 2.5 2 1 2 5 5
3414.3 3688.2 0.7 46 0 8.2 10.7 5.0 2.5 2 1 2 0 0
3254.6 3255.3 2.4 97 0 11.0 7.1 5.0 2.5 2 0 2 2 2
3061.4 3081.8 -9.5 222 0 5.4 11.8 5.0 2.5 2 1 2 4 4
3178.0 3196.0 -5.8 218 0 12.3 6.9 5.0 0.0 0 0 2 3 3
3146.8 3153.6 -4.9 219 0 10.8 21.3 5.0 2.5 2 1 2 5 5
3116.0 3120.3 -7.0 225 0 9.1 6.8 5.0 2.5 2 0 2 2 2
3059.4 3070.5 -9.1 225 0 11.1 6.9 5.0 2.5 2 0 2 1 1
3006.9 3018.6 -8.1 225 0 11.3 7.9 2.5 2.5 2 0 1 5 5
2360.8 2556.3 2.1 45 0 8.1 9.1 5.0 2.5 2 1 2 5 5
2177.5 2364.4 6.3 45 0 7.8 9.5 5.0 2.5 2 1 2 5 5
2131.7 2337.3 5.7 135 0 7.9 8.5 5.0 2.5 2 1 2 5 5
1924.1 2095.6 6.3 315 0 10.0 8.1 2.5 2.5 2 0 1 4 4
1895.6 2075.2 6.6 225 0 8.3 10.4 7.5 2.5 2 1 3 0 0
1844.1 2029.9 8.2 225 0 8.9 9.8 7.5 2.5 2 1 3 5 5
1841.3 2011.1 8.3 45 0 7.6 9.4 2.5 2.5 2 1 1 5 5
797.7 936.2 2.9 45 0 9.1 9.6 7.5 2.5 4 1 3 3 3
787.5 925.9 2.8 45 0 8.9 10.0 7.5 2.5 2 1 3 4 4
778.1 917.2 2.8 44 0 7.9 9.6 5.0 2.5 2 1 2 2 2
749.0 889.3 2.6 52 0 8.7 9.2 7.5 2.5 4 1 3 0 0
-629.9 -297.8 -4.6 39 0 7.9 6.4 2.5 2.5 2 0 1 2 2
-634.7 -320.2 -4.9 39 0 7.6 5.2 2.5 2.5 2 0 1 2 2
-641.6 -331.6 -5.3 35 0 5.2 7.8 2.5 2.5 2 1 1 1 1
-668.2 -402.6 -7.2 113 0 9.6 8.4 2.5 2.5 2 0 1 1 1
-656.0 -372.5 -5.4 28 0 10.1 6.7 2.5 2.5 2 0 1 2 2
-649.4 -348.2 -5.4 37 0 8.1 6.7 2.5 2.5 2 0 1 3 3
-615.3 -309.4 -3.8 218 0 10.5 15.9 2.5 2.5 2 1 1 1 1
-493.2 -399.0 -1.1 224 0 8.3 8.2 2.5 2.5 2 0 1 1 1
-509.3 -402.9 -1.4 222 0 8.2 18.3 2.5 2.5 2 1 1 1 1
-517.4 -411.8 -2.4 224 0 9.2 12.4 2.5 2.5 2 1 1 1 1
-544.7 -399.6 -1.4 40 0 9.2 10.5 2.5 2.5 2 1 1 0 0
-518.0 -361.8 -1.4 39 0 15.0 8.5 2.5 2.5 2 0 1 2 2
-504.7 -299.7 -1.9 27 0 9.2 10.3 2.5 2.5 2 1 1 0 0
-479.0 -301.1 -1.5 35 0 13.0 19.1 2.5 2.5 2 1 1 4 4
-493.1 -334.6 -1.5 41 0 9.8 14.8 2.5 2.5 2 1 1 4 4
-469.5 -359.3 -1.3 218 0 14.7 12.7 2.5 2.5 2 0 1 5 5
-454.0 -353.7 -1.7 130 0 12.7 62.7 2.5 2.5 2 1 1 4 4
-372.2 -183.4 -1.2 45 0 9.6 16.1 5.0 2.5 2 1 2 0 0
-292.2 -131.5 0.2 223 0 19.3 11.6 2.5 2.5 2 0 1 5 5
-320.7 -154.3 -0.4 222 0 8.6 6.2 2.5 2.5 2 0 1 2 2
-338.1 -176.0 -0.7 224 0 9.5 9.0 2.5 2.5 2 0 1 4 4
-370.8 -225.5 -1.6 221 0 12.0 16.5 2.5 2.5 2 1 1 1 1
-383.0 -250.2 -1.7 223 0 11.4 7.2 2.5 2.5 2 0 1 4 4
-398.7 -254.8 -1.8 222 0 10.3 23.7 2.5 2.5 2 1 1 3 3
-588.7 -299.4 -2.8 225 0 8.8 9.0 2.5 2.5 2 1 1 1 1
-576.4 -267.9 -3.0 225 0 10.1 9.9 2.5 2.5 2 0 1 1 1
-534.3 -211.4 -2.2 225 0 11.3 12.5 2.5 2.5 4 1 1 1 1
-553.8 -234.6 -2.6 225 0 8.9 7.1 2.5 2.5 2 0 1 5 5
-558.5 -222.3 -3.8 45 0 10.3 6.9 2.5 2.5 2 0 1 4 4
-545.0 -205.7 -3.9 45 0 9.7 7.8 2.5 2.5 2 0 1 1 1
-476.6 -152.4 -2.4 225 0 11.4 10.9 2.5 2.5 4 0 1 5 5
-494.3 -179.3 -1.6 225 0 7.0 6.2 2.5 2.5 2 0 1 3 3
-506.7 -162.4 -4.5 45 0 8.3 6.4 2.5 2.5 2 0 1 0 0
-493.7 -150.6 -4.3 45 0 7.0 6.6 2.5 2.5 2 0 1 3 3
-480.4 -134.7 -4.5 45 0 10.8 7.0 2.5 2.5 2 0 1 2 2
-463.6 -117.3 -5.3 45 0 8.0 13.0 2.5 2.5 4 1 1 5 5
-452.6 -127.6 -2.7 225 0 9.4 6.2 5.0 2.5 2 0 2 5 5
-439.6 -115.5 -2.7 225 0 9.3 10.1 5.0 2.5 2 1 2 1 1
-429.3 -103.9 -2.6 225 0 8.8 11.4 5.0 2.5 2 1 2 3 3
-400.0 -81.8 -2.5 225 0 8.0 9.5 5.0 2.5 2 1 2 4 4
-376.9 -57.9 -2.3 315 0 12.3 10.4 5.0 2.5 2 0 2 2 2
-364.3 -47.2 -1.8 135 0 9.4 9.1 2.5 2.5 2 0 1 5 5
-362.5 -28.1 -2.1 225 0 9.4 9.6 2.5 0.0 0 1 1 3 3
-340.9 -16.8 -2.1 225 0 8.4 9.7 2.5 0.0 0 1 1 1 1
-330.7 -8.3 -2.3 225 0 8.5 14.4 2.5 0.0 0 1 1 4 4
-319.0 -0.6 -2.5 225 0 8.6 6.9 2.5 2.5 2 0 1 1 1
-309.4 19.4 -3.3 225 0 8.6 10.5 2.5 2.5 2 1 1 2 2
-303.2 32.4 -3.5 225 0 8.1 14.2 2.5 2.5 2 1 1 3 3
-317.0 31.6 -5.1 45 0 8.0 9.9 2.5 2.5 2 1 1 1 1
-304.1 66.0 -5.7 225 0 9.0 10.1 2.5 2.5 2 1 1 2 2
-269.0 86.7 -6.3 45 0 9.0 8.5 2.5 2.5 2 0 1 5 5
-254.0 77.6 -3.8 225 0 5.9 6.9 2.5 2.5 2 1 1 4 4
-232.2 95.7 -5.1 139 0 11.1 6.4 2.5 2.5 2 0 1 3 3
-171.1 150.1 -6.3 227 0 8.8 12.4 2.5 2.5 2 1 1 3 3
-137.4 179.6 -6.8 227 0 8.7 8.3 2.5 2.5 2 0 1 2 2
-125.0 193.6 -6.9 224 0 8.0 10.7 2.5 2.5 2 1 1 3 3
-143.1 213.7 -7.6 229 0 8.6 8.8 2.5 2.5 2 1 1 4 4
-131.1 224.1 -7.9 223 0 11.4 9.2 2.5 0.0 0 0 1 4 4
6396.2 6942.9 -11.0 313 0 10.9 10.9 5.0 2.5 4 1 2 3 3
6394.3 6862.3 -10.5 39 0 13.1 17.6 5.0 2.5 2 1 2 1 1
6342.3 6830.6 -11.0 132 0 12.7 17.5 5.0 2.5 2 1 2 1 1
6357.2 6816.3 -10.8 133 0 9.7 16.4 5.0 2.5 2 1 2 4 4
6319.3 6881.6 -11.3 226 0 9.3 14.1 5.0 2.5 2 1 2 1 1
6306.8 6856.5 -11.4 140 0 20.3 22.7 5.0 2.5 2 1 2 2 2
6300.4 6778.6 -10.9 135 0 8.2 18.1 5.0 2.5 4 1 2 0 0
6322.5 6806.1 -11.0 225 0 12.2 8.2 5.0 2.5 2 0 2 5 5
6310.1 6763.1 -10.8 137 0 11.3 10.1 5.0 2.5 2 0 2 3 3
6340.8 6783.4 -10.9 319 0 9.4 11.4 5.0 2.5 2 1 2 2 2
6366.6 6738.0 -10.3 63 0 15.2 20.8 5.0 2.5 2 1 2 4 4
6402.4 6744.9 -9.5 241 0 17.5 29.9 5.0 2.5 2 1 2 0 0
6360.0 6687.3 -10.6 229 0 13.0 31.2 5.0 2.5 2 1 2 5 5
6184.7 6761.2 -10.7 142 0 15.5 17.8 7.5 2.5 2 1 3 4 4
6205.9 6731.7 -10.5 142 0 39.0 17.4 7.5 2.5 2 0 3 0 0
6314.0 6745.9 -10.7 319 0 14.6 20.9 10.0 2.5 2 1 4 2 2
6257.9 6813.2 -11.3 321 0 26.5 12.3 10.0 2.5 2 0 4 0 0
6208.1 6787.0 -10.9 231 0 21.0 46.1 12.5 2.5 4 1 5 1 1
6225.9 6805.3 -11.1 232 0 19.0 56.7 10.0 2.5 2 1 4 2 2
6182.2 6837.8 -13.6 58 0 11.5 11.9 5.0 2.5 2 1 2 3 3
6159.0 6822.0 -12.7 56 0 25.8 12.9 5.0 2.5 2 0 2 4 4
6158.9 6808.8 -11.0 242 0 14.1 11.5 5.0 2.5 2 0 2 1 1
6056.2 6745.2 -11.7 243 0 15.8 24.4 5.0 2.5 2 1 2 3 3
6068.6 6565.9 -10.0 64 0 9.3 18.9 5.0 2.5 2 1 2 0 0
6044.0 6581.1 -10.7 61 0 20.7 12.9 5.0 2.5 2 0 2 1 1
6013.1 6549.6 -11.5 334 0 16.5 19.5 5.0 2.5 2 1 2 3 3
5740.8 6562.9 -13.0 75 0 13.3 19.5 14.0 3.5 4 1 4 2 2
5820.0 6649.4 -14.7 72 0 5.5 11.6 2.5 2.5 2 1 1 0 0
5809.1 6642.7 -14.8 76 0 8.4 21.8 2.5 2.5 2 1 1 3 3
5842.8 6593.5 -13.4 69 0 13.7 11.5 14.0 3.5 2 0 4 0 0
5813.6 6583.2 -13.2 74 0 15.4 23.5 14.0 3.5 2 1 4 3 3
5754.4 6620.0 -13.9 256 0 18.0 17.5 14.0 3.5 2 0 4 4 4
5784.4 6576.4 -13.3 74 0 7.0 25.8 10.5 3.5 2 1 3 2 2
5797.0 6641.7 -14.9 77 0 7.8 21.8 2.5 0.0 0 1 1 1 1
5787.3 6637.9 -14.6 75 0 8.9 12.9 2.5 2.5 2 1 1 3 3
5775.5 6634.4 -14.6 76 0 11.3 16.3 2.5 2.5 2 1 1 0 0
5761.1 6628.1 -14.5 78 0 12.8 15.9 2.5 2.5 2 1 1 2 2
5689.3 6590.5 -13.8 164 0 20.1 15.8 14.0 0.0 0 0 4 1 1
5735.6 6612.8 -13.8 255 0 16.7 21.9 14.0 3.5 2 1 4 0 0
5715.3 6603.2 -13.7 253 0 20.2 18.4 14.0 3.5 2 0 4 2 2
5795.1 6579.4 -13.1 76 0 12.6 19.4 14.0 3.5 2 1 4 0 0
5721.1 6560.6 -13.1 78 0 12.1 20.1 14.0 3.5 2 1 4 5 5
5698.9 6489.4 -11.2 87 0 18.6 17.6 2.5 2.5 4 0 1 5 5
5698.8 6542.7 -12.2 272 0 10.0 14.9 2.5 2.5 2 1 1 2 2
5687.1 6540.5 -12.2 270 0 7.4 14.3 2.5 0.0 0 1 1 1 1
5728.2 6540.8 -12.0 261 0 7.7 25.1 2.5 2.5 2 1 1 1 1
5724.2 6521.0 -11.7 357 0 13.4 14.4 2.5 2.5 2 1 1 0 0
5723.7 6501.9 -11.2 356 0 18.3 9.5 2.5 2.5 2 0 1 2 2
5739.9 6501.8 -11.1 355 0 16.2 14.3 2.5 2.5 2 0 1 3 3
5736.0 6464.7 -10.4 90 0 11.0 20.0 2.5 2.5 2 1 1 5 5
5725.6 6471.0 -10.6 89 0 6.2 18.2 2.5 2.5 2 1 1 1 1
5661.0 6540.0 -12.3 269 0 9.1 23.6 2.5 0.0 0 1 1 5 5
5624.8 6491.5 -11.7 84 0 36.5 21.6 2.5 0.0 0 0 1 3 3
5587.3 6525.7 -12.0 259 0 7.1 11.2 2.5 2.5 2 1 1 3 3
5594.8 6488.1 -11.4 82 0 9.6 21.1 2.5 2.5 2 1 1 4 4
5565.0 6521.0 -11.8 261 0 27.9 15.1 2.5 2.5 4 0 1 0 0
5545.4 6560.7 -13.2 359 0 16.7 10.3 14.0 3.5 2 0 4 0 0
5523.5 6545.6 -12.8 88 0 19.2 9.0 10.5 3.5 2 0 3 0 0
5502.8 6542.1 -12.9 87 0 15.3 12.3 14.0 3.5 2 0 4 2 2
5501.9 6568.6 -13.3 263 0 17.1 10.5 14.0 3.5 2 0 4 1 1
5484.4 6544.1 -13.0 88 0 15.7 14.3 14.0 3.5 2 0 4 1 1
5466.3 6573.3 -13.6 267 0 8.7 15.0 10.5 3.5 2 1 3 4 4
5453.8 6541.1 -9.3 84 0 10.9 13.2 14.0 3.5 2 1 4 5 5
5427.1 6563.5 -8.9 267 0 10.9 26.0 14.0 3.5 2 1 4 4 4
5397.4 6539.2 -9.7 91 0 13.8 12.8 14.0 3.5 2 0 4 4 4
5383.4 6572.2 -11.1 274 0 9.5 24.2 10.5 3.5 2 1 3 3 3
5248.2 6566.3 -14.0 6 0 27.9 29.0 14.0 0.0 0 1 4 0 0
5213.4 6578.5 -13.9 278 0 10.0 11.1 14.0 3.5 2 1 4 2 2
5195.2 6583.0 -14.0 276 0 19.4 18.6 14.0 3.5 2 0 4 1 1
5197.2 6544.9 -13.4 82 0 13.9 10.5 14.0 3.5 2 0 4 2 2
5162.5 6585.5 -13.8 286 0 10.6 9.9 10.5 3.5 2 0 3 0 0
5141.6 6598.7 -13.9 297 0 24.3 16.7 14.0 3.5 2 0 4 0 0
5048.4 6593.0 -12.1 127 0 7.3 13.2 10.5 3.5 2 1 3 1 1
5084.2 6621.3 -13.2 307 0 11.9 19.5 14.0 3.5 2 1 4 3 3
5089.1 6607.3 -12.8 310 0 5.7 16.0 10.5 3.5 2 1 3 5 5
5090.9 6574.8 -13.1 128 0 29.9 26.3 14.0 0.0 0 0 4 4 4
5112.8 6555.7 -13.3 116 0 11.8 30.1 14.0 3.5 2 1 4 3 3
5125.2 6550.5 -13.0 116 0 11.0 12.9 14.0 0.0 0 1 4 0 0
5140.7 6545.1 -13.2 105 0 7.3 17.6 10.5 0.0 0 1 3 0 0
5150.9 6539.9 -13.2 104 0 8.6 17.5 10.5 3.5 2 1 3 3 3
5210.4 6514.5 -12.8 100 0 11.9 8.5 10.5 0.0 0 0 3 4 4
5225.5 6467.1 -11.7 258 0 13.1 19.2 10.5 3.5 2 1 3 4 4
5266.3 6434.3 -11.0 83 0 17.4 23.8 10.5 3.5 2 1 3 0 0
5237.2 6403.4 -10.1 72 0 13.6 16.9 10.5 3.5 2 1 3 5 5
5205.1 6392.2 -9.7 164 0 9.0 9.8 10.5 3.5 2 1 3 4 4
5198.5 6389.5 -10.1 71 0 10.4 14.1 10.5 3.5 2 1 3 4 4
5171.0 6431.9 -11.3 160 0 15.6 19.1 10.5 3.5 2 1 3 1 1
5140.2 6483.0 -11.9 112 0 12.8 10.3 10.5 3.5 2 0 3 5 5
5060.3 6559.0 -10.7 304 0 6.8 26.2 10.5 3.5 2 1 3 1 1
5052.1 6525.4 -10.6 122 0 8.6 28.5 10.5 3.5 4 1 3 2 2
5078.6 6545.8 -10.9 301 0 8.2 30.8 10.5 3.5 2 1 3 3 3
5091.5 6543.6 -11.4 299 0 11.2 22.4 10.5 3.5 2 1 3 0 0
5105.9 6538.5 -11.7 299 0 12.3 33.1 10.5 3.5 2 1 3 4 4
5051.2 6566.8 -10.9 304 0 10.9 30.0 10.5 3.5 2 1 3 2 2
5054.3 6634.3 -13.1 303 0 8.3 10.3 10.5 3.5 2 1 3 1 1
5041.5 6601.0 -12.5 128 0 6.8 19.1 10.5 3.5 2 1 3 4 4
4931.7 6722.3 -13.1 318 0 16.5 16.8 14.0 3.5 2 1 4 3 3
4940.0 6685.2 -12.7 134 0 9.1 14.5 10.5 3.5 2 0 3 1 1
4947.8 6677.6 -12.7 134 0 12.6 14.5 14.0 3.5 2 0 4 5 5
4975.2 6678.9 -12.9 316 0 18.5 16.2 14.0 0.0 0 0 4 5 5
4727.2 6948.7 -10.9 49 0 19.8 31.4 14.0 0.0 0 1 4 0 0
4672.0 6937.8 -10.5 138 0 17.4 35.4 14.0 3.5 2 1 4 4 4
4770.5 6970.2 -12.7 236 0 15.0 37.5 14.0 3.5 2 1 4 2 2
4762.9 6953.5 -12.2 233 0 11.1 23.8 14.0 3.5 2 1 4 0 0
4751.9 6947.6 -11.9 235 0 7.9 22.9 10.5 3.5 2 1 3 4 4
4742.8 6940.7 -11.4 236 0 6.7 23.4 10.5 3.5 2 1 3 4 4
4734.9 6932.0 -10.9 234 0 8.4 19.0 10.5 3.5 4 1 3 4 4
4723.7 6925.3 -10.3 232 0 9.6 19.5 10.5 3.5 2 1 3 4 4
4757.6 6916.3 -11.5 240 0 11.2 17.2 14.0 3.5 2 1 4 4 4
4793.6 6909.4 -12.6 332 0 24.3 11.6 14.0 3.5 2 0 4 0 0
4811.3 6920.1 -13.2 330 0 18.8 12.5 14.0 3.5 2 0 4 3 3
4821.6 6894.8 -13.4 332 0 18.1 11.3 14.0 3.5 2 0 4 3 3
4828.7 6872.7 -13.3 336 0 16.4 28.6 14.0 3.5 2 1 4 0 0
4839.4 6858.0 -13.6 332 0 16.1 13.6 14.0 3.5 2 0 4 5 5
4862.6 6826.3 -13.7 330 0 25.5 16.5 14.0 3.5 4 0 4 3 3
4820.9 6800.9 -12.6 132 0 23.7 20.9 14.0 3.5 4 0 4 2 2
4833.1 6730.1 -11.4 135 0 14.9 22.1 14.0 3.5 2 1 4 2 2
4827.7 6762.8 -11.2 314 0 8.6 20.4 10.5 3.5 2 1 3 5 5
4796.9 6751.5 -10.9 135 0 13.7 26.1 14.0 0.0 0 1 4 0 0
4785.5 6767.4 -10.8 136 0 18.7 22.7 14.0 3.5 2 1 4 2 2
4767.4 6772.6 -9.8 46 0 23.1 8.2 10.5 3.5 2 0 3 0 0
4784.5 6793.3 -10.4 318 0 9.1 10.7 10.5 3.5 2 1 3 2 2
4776.6 6802.5 -10.2 316 0 6.7 17.0 10.5 3.5 2 1 3 1 1
4765.4 6813.9 -10.0 314 0 20.6 19.6 14.0 3.5 2 0 4 5 5
4745.8 6836.3 -9.3 316 0 17.0 63.5 14.0 3.5 2 1 4 5 5
4721.5 6845.4 -8.4 319 0 15.5 66.2 14.0 0.0 0 1 4 5 5
4615.0 6965.8 -9.5 312 0 6.4 17.3 10.5 3.5 2 1 3 0 0
4590.0 6959.4 -9.5 227 0 5.4 20.2 10.5 3.5 2 1 3 4 4
4581.8 6952.5 -9.6 225 0 8.5 22.1 10.5 3.5 2 1 3 5 5
4598.9 6924.2 -9.4 226 0 12.0 13.2 14.0 3.5 2 1 4 2 2
4589.4 6909.6 -9.4 226 0 16.2 14.3 14.0 3.5 2 0 4 1 1
4567.3 6925.6 -9.8 225 0 13.8 22.9 14.0 3.5 2 1 4 0 0
4579.6 6889.5 -9.4 140 0 12.3 6.5 10.5 3.5 2 0 3 2 2
4553.3 6914.2 -9.9 227 0 14.1 26.6 14.0 3.5 2 1 4 4 4
4561.0 6872.3 -9.4 136 0 5.9 13.3 10.5 3.5 4 1 3 2 2
4583.3 6857.3 -8.8 136 0 5.7 12.8 10.5 3.5 2 1 3 5 5
4588.9 6849.2 -8.6 134 0 4.9 15.8 10.5 3.5 2 1 3 1 1
4515.7 6814.7 -9.1 227 0 11.8 22.7 14.0 3.5 2 1 4 5 5
4568.3 6826.3 -8.6 325 0 8.7 13.4 10.5 3.5 2 1 3 3 3
4496.5 6848.8 -10.1 225 0 16.0 12.0 14.0 3.5 2 0 4 5 5
4508.4 6838.3 -9.6 223 0 17.7 8.2 10.5 3.5 2 0 3 3 3
4515.3 6859.8 -9.9 227 0 13.8 24.2 14.0 3.5 2 1 4 5 5
4477.6 6818.8 -9.8 218 0 6.8 17.0 10.5 3.5 2 1 3 1 1
4477.3 6804.2 -10.1 222 0 14.1 17.4 14.0 3.5 2 1 4 1 1
4593.4 6794.4 -7.9 326 0 16.7 36.6 14.0 3.5 2 1 4 0 0
4638.0 6782.2 -7.2 148 0 12.9 19.9 14.0 3.5 2 1 4 5 5
4631.9 6796.7 -7.4 145 0 9.2 14.1 10.5 3.5 2 1 3 3 3
4663.7 6742.3 -6.4 164 0 7.7 12.1 10.5 3.5 2 1 3 0 0
4657.2 6749.9 -6.6 155 0 7.8 14.3 10.5 3.5 2 1 3 2 2
4692.4 6732.2 -6.1 3 0 9.9 9.0 10.5 3.5 2 0 3 1 1
4670.1 6706.1 -6.0 176 0 9.9 10.8 10.5 3.5 2 1 3 0 0
4706.8 6585.9 -4.1 349 0 9.4 12.4 10.5 3.5 2 1 3 1 1
4684.4 6659.6 -5.1 178 0 8.1 7.9 10.5 3.5 2 0 3 0 0
4627.0 6650.0 -8.1 344 0 11.1 9.4 10.5 3.5 2 0 3 2 2
4568.4 6695.1 -10.1 153 0 17.1 10.4 14.0 3.5 2 0 4 2 2
4561.9 6653.6 -11.6 162 0 7.8 8.6 10.5 3.5 2 1 3 4 4
4573.1 6628.0 -9.0 165 0 9.0 10.6 10.5 3.5 2 1 3 3 3
4573.3 6572.9 -8.3 170 0 12.7 27.1 14.0 3.5 2 1 4 4 4
4640.1 6609.1 -4.6 350 0 12.1 17.5 14.0 3.5 2 1 4 3 3
4650.0 6589.1 -3.6 356 0 12.3 15.7 14.0 3.5 2 1 4 2 2
4658.7 6558.2 -3.3 345 0 8.3 11.0 10.5 3.5 2 1 3 0 0
4665.4 6542.1 -3.3 344 0 8.0 10.5 10.5 3.5 2 1 3 5 5
4671.2 6529.3 -3.3 355 0 8.3 13.1 10.5 3.5 2 1 3 1 1
4566.5 6491.7 -10.6 182 0 10.8 7.3 10.5 3.5 2 0 3 2 2
4671.4 6511.1 -3.4 2 0 8.4 8.6 10.5 3.5 4 1 3 2 2
4664.6 6496.9 -3.4 2 0 8.8 10.3 10.5 3.5 2 1 3 0 0
4563.0 6445.3 -11.9 182 0 11.6 12.0 14.0 3.5 2 1 4 5 5
4659.5 6452.1 -3.5 2 0 9.4 11.5 10.5 3.5 2 1 3 2 2
4631.0 6445.2 -3.5 2 0 10.1 14.1 14.0 3.5 2 1 4 2 2
4630.3 6415.1 -3.6 2 0 17.1 8.8 10.5 3.5 2 0 3 0 0
4652.6 6430.5 -3.6 2 0 12.1 17.3 14.0 3.5 2 1 4 2 2
4592.9 6413.0 -6.1 182 0 8.6 11.8 10.5 3.5 2 1 3 3 3
4592.9 6377.8 -6.2 182 0 9.7 11.2 10.5 3.5 2 1 3 3 3
4576.9 6369.6 -11.1 182 0 9.4 11.5 10.5 3.5 2 1 3 5 5
4632.0 6385.4 -3.6 2 0 7.4 13.0 10.5 3.5 2 1 3 3 3
4631.7 6375.4 -3.7 2 0 7.3 10.7 10.5 3.5 2 1 3 3 3
4651.8 6362.9 -3.7 7 0 7.2 10.1 10.5 3.5 2 1 3 2 2
4629.9 6365.6 -3.7 2 0 7.2 10.4 10.5 3.5 2 1 3 1 1
4650.3 6341.9 -3.8 5 0 10.2 16.1 14.0 3.5 2 1 4 3 3
4644.8 6305.9 -3.8 0 0 9.8 11.0 10.5 3.5 2 1 3 5 5
4590.8 6307.8 -9.2 180 0 8.9 12.7 10.5 3.5 4 1 3 3 3
4708.2 6326.9 -3.9 0 0 10.7 8.0 10.5 3.5 2 0 3 2 2
4712.3 6304.1 -3.6 5 0 7.5 15.1 10.5 0.0 0 1 3 4 4
4713.0 6290.7 -3.4 4 0 9.6 15.8 10.5 3.5 2 1 3 2 2
4694.4 6202.9 -2.1 15 0 8.3 8.5 10.5 0.0 0 1 3 0 0
4694.7 6181.7 -1.8 5 0 9.6 11.9 10.5 3.5 2 1 3 5 5
4692.2 6167.8 -1.5 4 0 8.4 8.3 10.5 3.5 2 0 3 3 3
4699.9 6153.2 -1.3 4 0 9.3 16.0 10.5 3.5 2 1 3 0 0
4643.0 6260.5 -3.3 0 0 9.3 13.3 10.5 3.5 4 1 3 3 3
4627.7 6182.8 -9.4 4 0 8.4 11.6 10.5 3.5 4 1 3 4 4
4611.2 6153.5 -11.1 182 0 10.7 7.8 10.5 3.5 2 0 3 1 1
4606.7 6125.3 -11.8 182 0 8.1 19.0 10.5 0.0 0 1 3 4 4
4619.4 6103.5 -11.0 92 0 10.2 9.0 10.5 3.5 2 0 3 2 2
4678.9 6098.8 -3.1 180 0 11.6 11.6 14.0 3.5 2 0 4 2 2
6731.5 6720.1 -6.0 335 0 22.0 5.7 2.5 2.5 2 0 1 0 0
6445.3 6741.5 -7.5 238 0 10.2 13.4 5.0 2.5 2 1 2 0 0
6430.3 6735.8 -8.1 238 0 8.4 14.0 5.0 0.0 0 1 2 2 2
6339.5 6738.4 -10.6 239 0 13.9 11.8 5.0 2.5 2 0 2 5 5
6323.6 6721.8 -10.7 226 0 10.7 10.7 5.0 2.5 2 0 2 2 2
6341.3 6691.6 -10.7 53 0 15.9 11.2 5.0 2.5 2 0 2 2 2
6387.1 6705.0 -10.0 240 0 13.0 6.9 5.0 2.5 2 0 2 3 3
6130.8 6789.6 -10.4 234 0 5.7 17.3 5.0 2.5 2 1 2 4 4
6122.0 6786.4 -10.6 237 0 6.4 8.8 5.0 0.0 0 1 2 5 5
6113.7 6782.6 -10.7 236 0 4.4 11.2 5.0 2.5 2 1 2 3 3
6110.2 6743.1 -10.3 54 0 9.6 8.8 5.0 2.5 4 0 2 1 1
6119.4 6682.0 -9.7 57 0 10.2 14.6 2.5 2.5 2 1 1 5 5
5147.0 6514.2 -12.3 292 0 8.8 12.2 10.5 3.5 2 1 3 3 3
5132.1 6524.4 -12.2 294 0 6.0 26.7 10.5 3.5 2 1 3 2 2
4631.6 6956.1 -9.8 314 0 15.0 20.2 14.0 3.5 2 1 4 3 3
4642.3 6942.3 -9.7 314 0 13.5 22.5 14.0 3.5 2 1 4 0 0
4653.2 6933.1 -9.4 314 0 7.4 23.1 10.5 0.0 0 1 3 5 5
4661.1 6925.2 -9.2 314 0 8.7 9.8 10.5 3.5 4 1 3 2 2
4671.2 6915.3 -9.0 314 0 10.6 9.6 10.5 0.0 0 0 3 4 4
4666.9 6902.2 -8.7 314 0 9.1 12.4 10.5 3.5 2 1 3 3 3
4681.6 6900.0 -8.7 315 0 7.8 20.0 10.5 3.5 2 1 3 2 2
3977.1 6951.1 -2.6 95 0 10.2 11.4 5.0 2.5 2 1 2 5 5
3963.7 6952.1 -1.6 90 0 9.5 11.6 5.0 2.5 2 1 2 0 0
3951.7 6950.3 -2.3 90 0 8.0 10.4 5.0 2.5 2 1 2 0 0
4361.4 6957.5 -8.8 46 0 13.6 6.7 10.5 3.5 2 0 3 5 5
4357.5 6923.5 -9.0 46 0 12.0 14.5 14.0 3.5 2 1 4 5 5
4371.3 6947.8 -9.0 46 0 8.9 10.0 10.5 0.0 0 1 3 3 3
4380.9 6930.0 -9.1 46 0 10.9 14.3 14.0 3.5 2 1 4 2 2
4294.0 6958.8 -8.5 226 0 8.0 11.7 10.5 3.5 2 1 3 4 4
4281.8 6960.9 -8.4 226 0 9.1 8.1 10.5 3.5 2 0 3 5 5
4278.2 6942.1 -8.4 136 0 8.5 7.9 10.5 0.0 0 0 3 5 5
4288.3 6931.3 -8.4 136 0 10.2 5.7 10.5 3.5 2 0 3 1 1
4295.4 6917.4 -8.5 136 0 10.4 15.8 14.0 3.5 2 1 4 0 0
4312.7 6902.5 -8.4 136 0 22.9 8.9 10.5 3.5 2 0 3 1 1
4342.7 6896.7 -8.7 46 0 8.5 18.2 10.5 3.5 2 1 3 4 4
4196.6 6945.9 -9.7 49 0 15.3 9.9 10.5 0.0 0 0 3 5 5
4154.2 6967.0 -8.2 229 0 7.3 19.3 10.5 3.5 2 1 3 3 3
4127.8 6957.9 -9.1 229 0 18.5 12.7 14.0 3.5 2 0 4 0 0
4152.9 6926.6 -12.1 139 0 9.7 12.4 10.5 3.5 2 1 3 1 1
4162.2 6916.4 -13.6 139 0 9.6 13.5 10.5 3.5 2 1 3 0 0
4204.6 6931.2 -11.5 139 0 7.7 14.2 10.5 3.5 2 1 3 1 1
4279.1 6912.4 -13.2 319 0 24.4 11.4 14.0 3.5 2 0 4 5 5
4263.0 6930.4 -11.8 319 0 7.8 12.7 10.5 3.5 2 1 3 2 2
4253.3 6938.1 -10.6 319 0 7.0 10.1 10.5 3.5 2 1 3 2 2
4241.6 6948.6 -10.3 319 0 13.2 11.1 14.0 3.5 2 0 4 3 3
4504.3 6877.0 -10.2 43 0 34.4 15.1 14.0 3.5 2 0 4 4 4
4483.4 6914.5 -10.2 313 0 43.4 10.2 14.0 3.5 4 0 4 0 0
4458.5 6952.5 -9.8 313 0 7.5 14.1 10.5 3.5 2 1 3 4 4
4436.7 6962.7 -9.6 223 0 13.4 12.6 14.0 3.5 2 0 4 1 1
4427.0 6950.4 -9.6 223 0 6.1 19.2 10.5 3.5 4 1 3 5 5
4459.7 6937.9 -9.8 313 0 9.2 41.1 10.5 3.5 2 1 3 3 3
4448.1 6875.8 -9.7 43 0 14.7 19.1 14.0 3.5 2 1 4 2 2
4396.1 6836.7 -11.4 133 0 14.9 8.5 10.5 3.5 2 0 3 2 2
4457.4 6828.3 -10.5 43 0 9.8 18.6 10.5 3.5 4 1 3 3 3
4449.5 6819.1 -10.9 43 0 7.5 20.0 10.5 3.5 2 1 3 0 0
4540.7 6883.5 -10.0 133 0 21.8 16.6 14.0 3.5 2 0 4 4 4
4506.3 6953.8 -9.8 133 0 14.4 12.6 14.0 3.5 4 0 4 1 1
4495.4 6941.7 -10.0 133 0 18.4 11.7 14.0 3.5 4 0 4 4 4
4509.7 6926.4 -10.0 133 0 6.7 32.2 10.5 3.5 4 1 3 2 2
4544.4 6932.0 -9.9 43 0 9.5 15.1 10.5 3.5 4 1 3 3 3
4641.9 6968.9 -10.1 136 0 49.9 36.4 14.0 0.0 0 0 4 2 2
4818.8 6943.8 -13.8 152 0 12.1 16.3 10.5 3.5 2 1 3 5 5
4822.0 6925.1 -14.2 153 0 20.4 23.2 10.5 3.5 2 1 3 2 2
4685.0 6879.9 -8.1 316 0 7.5 15.4 10.5 3.5 4 1 3 1 1
4704.2 6881.4 -8.3 319 0 5.6 27.4 10.5 3.5 2 1 3 0 0
4678.6 6677.3 -6.1 163 0 9.3 14.3 10.5 3.5 2 1 3 0 0
4709.3 6663.7 -5.2 349 0 7.6 7.7 10.5 0.0 0 1 3 5 5
4557.0 6529.5 -11.8 168 0 7.3 7.8 10.5 3.5 2 1 3 1 1
4721.7 6432.5 -3.7 9 0 7.5 12.9 10.5 3.5 2 1 3 3 3
4718.2 6419.2 -3.7 14 0 6.2 10.6 10.5 0.0 0 1 3 4 4
4660.3 6382.6 -3.7 0 0 8.1 17.8 10.5 3.5 2 1 3 3 3
4604.9 6016.2 -11.9 172 0 9.0 8.7 5.0 2.5 2 0 2 4 4
4625.9 5966.1 -10.5 0 0 8.4 11.3 5.0 2.5 2 1 2 0 0
4685.8 5978.0 -3.2 275 0 16.0 7.5 5.0 2.5 2 0 2 2 2
4678.1 5937.1 -3.0 180 0 7.8 13.9 5.0 2.5 4 1 2 2 2
4617.8 5839.1 -4.5 178 0 8.1 9.4 2.5 2.5 2 1 1 5 5
4642.8 5857.7 -5.1 354 0 16.5 11.6 2.5 2.5 2 0 1 3 3
4688.5 5732.6 -4.0 184 0 8.7 12.0 2.5 2.5 2 1 1 1 1
4730.7 5691.0 -3.6 151 0 6.9 12.5 2.5 2.5 2 1 1 4 4
4732.4 5648.7 -3.8 149 0 17.6 13.6 2.5 0.0 0 0 1 2 2
4751.5 5559.0 -3.2 175 0 9.6 8.4 2.5 2.5 2 0 1 5 5
4740.5 5530.5 -3.2 210 0 8.3 7.3 2.5 2.5 2 0 1 3 3
4590.3 5707.5 -13.1 165 0 7.6 21.1 5.0 2.5 2 1 2 1 1
4625.2 5662.7 -9.1 182 0 8.7 8.5 5.0 2.5 4 0 2 0 0
4629.3 5645.8 -8.3 102 0 8.7 7.0 5.0 2.5 2 0 2 1 1
4544.0 5413.5 -2.6 28 0 8.8 9.3 2.5 2.5 4 1 1 0 0
4531.7 5382.4 -0.6 38 0 9.8 11.7 2.5 2.5 4 1 1 3 3
4325.9 5148.9 -6.0 128 0 9.0 8.8 5.0 2.5 2 0 2 1 1
4260.1 5054.6 -2.3 128 0 9.0 8.8 5.0 2.5 2 0 2 5 5
4200.8 4955.6 -5.2 38 0 9.9 8.9 5.0 2.5 2 0 2 3 3
4194.3 4939.1 -5.5 38 0 7.8 10.1 5.0 2.5 2 1 2 0 0
4172.5 4915.4 -7.0 38 0 7.3 9.0 5.0 0.0 0 1 2 5 5
4062.4 4758.6 -1.5 308 0 10.6 8.2 5.0 2.5 2 0 2 2 2
4041.2 4713.7 -1.8 38 0 9.4 10.7 5.0 2.5 2 1 2 5 5
4026.1 4686.5 -2.3 38 0 8.3 10.5 5.0 2.5 2 1 2 2 2
3930.6 4513.5 -5.7 32 0 8.0 10.2 5.0 2.5 2 1 2 5 5
3919.1 4471.0 -6.1 36 0 9.2 9.3 2.5 2.5 2 1 1 0 0
3798.7 4333.1 2.0 120 0 9.3 8.3 5.0 2.5 2 0 2 4 4
