-6080.5 -1687.6 0.5 188 0 27.3 13.8 2.5 2.5 2 0 1 2 2
-5919.1 -1338.0 -8.8 283 0 3.8 9.4 2.5 2.5 2 1 1 4 4
-5890.9 -1409.1 -8.2 193 0 6.4 7.5 2.5 2.5 2 1 1 1 1
-5891.5 -1425.8 -7.4 193 0 5.3 7.8 2.5 2.5 2 1 1 4 4
-5937.7 -1416.8 -7.3 193 0 6.3 13.0 2.5 0.0 0 1 1 0 0
-5942.9 -1509.7 -2.9 13 0 7.3 8.5 2.5 2.5 2 1 1 5 5
-5948.0 -1530.4 -1.8 13 0 7.5 9.9 2.5 2.5 2 1 1 2 2
-5952.1 -1547.0 -1.0 13 0 8.5 9.3 2.5 2.5 2 1 1 5 5
-5900.9 -1439.1 -6.7 193 0 8.0 9.5 2.5 2.5 2 1 1 4 4
-5910.7 -1456.9 -5.7 193 0 7.9 18.6 2.5 2.5 2 1 1 4 4
-5906.4 -1474.1 -5.0 193 0 9.1 15.9 2.5 2.5 2 1 1 1 1
-5915.6 -1488.4 -4.3 193 0 12.0 6.9 2.5 0.0 0 0 1 1 1
-5915.3 -1519.0 -2.7 193 0 7.2 14.8 2.5 2.5 2 1 1 2 2
-5919.4 -1540.7 -1.6 193 0 7.2 16.3 2.5 2.5 2 1 1 1 1
-5924.0 -1555.0 -0.8 193 0 6.8 13.2 2.5 2.5 2 1 1 4 4
-5927.6 -1570.0 -0.1 193 0 7.2 11.0 2.5 2.5 2 1 1 4 4
-5966.6 -1560.4 -0.1 193 0 6.3 8.9 2.5 2.5 2 1 1 0 0
-5955.9 -1578.2 0.6 13 0 6.9 11.5 2.5 2.5 2 1 1 4 4
-5932.2 -1586.3 0.3 193 0 8.9 10.8 2.5 2.5 2 1 1 2 2
-5935.7 -1602.5 0.4 193 0 6.3 11.7 2.5 2.5 2 1 1 3 3
-5983.6 -1606.8 0.9 193 0 7.9 14.3 2.5 2.5 2 1 1 0 0
-5938.8 -1615.5 0.5 193 0 7.8 10.1 2.5 2.5 2 1 1 0 0
-5947.4 -1629.7 0.6 193 0 11.1 7.2 2.5 2.5 2 0 1 2 2
-5946.6 -1646.0 0.6 193 0 7.1 12.4 2.5 2.5 2 1 1 2 2
-5970.3 -1663.7 1.0 13 0 14.0 9.0 2.5 2.5 2 0 1 1 1
-5952.2 -1663.9 0.7 193 0 7.8 15.3 2.5 2.5 2 1 1 0 0
-5955.7 -1692.8 0.8 193 0 8.4 16.9 2.5 2.5 2 1 1 1 1
-5963.0 -1714.7 1.0 193 0 9.5 10.6 2.5 2.5 2 1 1 4 4
-5961.4 -1732.8 1.0 193 0 10.3 7.7 2.5 2.5 2 0 1 0 0
-5962.8 -1753.5 1.0 193 0 16.2 10.2 2.5 2.5 2 0 1 0 0
661.7 4789.1 4.1 134 0 3.8 4.5 5.0 2.5 2 1 2 5 5
