6906.0 -6762.4 -9.0 327 0 19.2 13.0 5.0 2.5 2 0 2 2 2
6910.4 -6676.5 -9.3 246 0 13.8 9.5 2.5 2.5 2 0 1 4 4
6874.9 -6697.7 -8.9 157 0 10.0 29.9 2.5 2.5 2 1 1 4 4
6865.8 -6699.4 -8.3 332 0 12.8 17.8 5.0 2.5 2 1 2 0 0
6887.3 -6731.5 -8.7 333 0 25.3 13.4 5.0 0.0 0 0 2 3 3
6877.2 -6760.0 -8.1 60 0 10.4 15.1 5.0 2.5 2 1 2 4 4
6857.4 -6764.7 -7.9 233 0 10.8 21.3 5.0 2.5 2 1 2 1 1
6850.7 -6756.4 -7.3 54 0 10.7 15.1 5.0 2.5 2 1 2 4 4
6806.8 -6797.4 -6.0 30 0 6.5 13.8 5.0 2.5 2 1 2 0 0
6796.6 -6758.3 -6.5 127 0 15.3 8.9 5.0 2.5 2 0 2 5 5
6786.2 -6818.3 -5.8 296 0 9.3 6.9 7.5 2.5 2 0 3 5 5
6525.3 -6850.4 -8.4 227 0 8.8 9.7 2.5 2.5 2 1 1 4 4
6629.5 -6764.7 -9.1 47 0 11.1 14.0 2.5 2.5 2 1 1 2 2
6614.5 -6771.4 -9.0 47 0 9.0 9.1 2.5 2.5 2 1 1 3 3
6604.9 -6779.9 -8.9 47 0 6.9 9.0 2.5 0.0 0 1 1 5 5
6595.6 -6786.5 -8.8 47 0 8.4 8.9 2.5 2.5 2 1 1 0 0
6592.2 -6823.8 -8.7 47 0 12.8 7.1 2.5 2.5 2 0 1 0 0
6585.7 -6841.0 -8.6 47 0 6.3 13.2 2.5 2.5 2 1 1 3 3
6556.8 -6798.3 -8.7 227 0 16.9 11.5 2.5 2.5 2 0 1 3 3
6543.6 -6820.0 -8.5 227 0 11.5 10.4 2.5 2.5 2 0 1 3 3
6459.5 -6898.7 -8.1 227 0 9.6 16.7 2.5 2.5 2 1 1 5 5
6506.1 -6847.5 -8.4 227 0 13.6 10.9 2.5 2.5 2 0 1 0 0
6550.3 -6879.8 -8.2 137 0 10.0 10.2 2.5 2.5 2 1 1 3 3
6514.1 -6910.1 -8.1 47 0 8.3 12.2 2.5 2.5 2 1 1 5 5
6501.6 -6922.6 -7.8 47 0 6.6 11.8 2.5 2.5 2 1 1 3 3
6488.5 -6932.7 -7.7 47 0 9.6 10.6 2.5 2.5 2 1 1 0 0
6472.7 -6944.2 -7.4 137 0 11.8 6.9 2.5 2.5 2 0 1 0 0
6445.4 -6914.4 -8.0 232 0 10.6 24.7 2.5 2.5 2 1 1 2 2
4746.4 -6905.4 -7.6 311 0 13.3 20.0 14.0 3.5 2 1 4 4 4
4600.4 -6938.7 -7.1 225 0 20.8 7.3 10.5 3.5 2 0 3 1 1
4945.9 -6789.0 -11.2 66 0 10.4 18.6 2.5 2.5 2 1 1 0 0
4125.5 -6765.1 -7.6 52 0 12.6 9.8 10.5 3.5 2 0 3 1 1
4142.3 -6769.7 -7.2 52 0 8.5 8.4 10.5 3.5 2 0 3 2 2
4084.0 -6765.2 -7.4 142 0 9.9 12.4 10.5 3.5 2 1 3 4 4
4101.1 -6780.4 -6.5 142 0 10.0 10.9 10.5 3.5 2 1 3 5 5
4117.1 -6790.0 -6.1 52 0 12.5 8.5 10.5 3.5 2 0 3 4 4
3944.8 -6803.5 -7.2 259 0 11.5 12.8 14.0 3.5 2 1 4 4 4
3882.8 -6931.8 -2.1 103 0 8.5 10.7 10.5 3.5 2 1 3 5 5
3866.8 -6931.7 -6.1 98 0 8.4 8.7 10.5 3.5 2 1 3 2 2
3855.9 -6932.4 -9.3 95 0 8.0 13.2 10.5 3.5 2 1 3 3 3
3756.9 -6901.5 -10.6 206 0 18.7 12.2 14.0 3.5 2 0 4 4 4
3812.0 -6875.9 -5.6 62 0 8.8 13.5 10.5 3.5 2 1 3 4 4
3826.8 -6857.1 -4.1 249 0 7.1 10.2 10.5 3.5 2 1 3 2 2
3877.8 -6909.3 -3.2 13 0 13.5 9.2 10.5 3.5 4 0 3 3 3
3860.8 -6874.6 -2.8 247 0 8.3 13.9 10.5 3.5 2 1 3 4 4
3850.9 -6858.6 -2.1 253 0 12.1 11.2 14.0 3.5 2 0 4 4 4
3864.2 -6852.9 0.3 260 0 7.4 10.9 10.5 3.5 2 1 3 3 3
3892.0 -6865.7 0.9 348 0 14.0 6.1 10.5 3.5 4 0 3 0 0
3884.6 -6889.5 -0.2 348 0 11.9 7.3 10.5 3.5 2 0 3 5 5
3898.2 -6887.9 0.1 343 0 18.4 7.4 10.5 3.5 2 0 3 0 0
4518.7 -6531.5 -9.1 265 0 22.6 12.8 14.0 3.5 2 0 4 5 5
4549.6 -6580.5 -3.9 90 0 12.7 13.4 14.0 3.5 2 1 4 5 5
4558.1 -6554.1 -6.4 0 0 18.8 11.0 14.0 3.5 4 0 4 4 4
4632.5 -6672.0 -2.8 340 0 8.8 17.5 10.5 3.5 2 1 3 5 5
4635.6 -6683.5 -2.9 340 0 8.6 16.3 10.5 3.5 4 1 3 1 1
4612.3 -6699.5 -3.1 30 0 11.8 12.7 14.0 3.5 2 1 4 3 3
4573.5 -6652.5 -2.8 294 0 12.8 19.2 14.0 3.5 2 1 4 3 3
4600.0 -6635.9 -2.6 294 0 45.4 22.2 14.0 0.0 0 0 4 1 1
4512.4 -6603.7 -3.6 226 0 9.9 11.1 10.5 3.5 2 1 3 3 3
4497.7 -6612.7 -3.8 226 0 12.8 16.2 14.0 3.5 2 1 4 2 2
4489.3 -6637.1 -3.8 136 0 12.7 7.4 10.5 0.0 0 0 3 3 3
4510.9 -6659.9 -3.2 136 0 13.0 13.0 14.0 0.0 0 0 4 3 3
4524.2 -6675.7 -2.9 136 0 15.7 19.7 14.0 3.5 2 1 4 3 3
4551.8 -6697.5 -3.1 136 0 16.5 4.4 10.5 3.5 2 0 3 5 5
4566.2 -6693.9 -3.0 136 0 9.8 9.5 10.5 3.5 2 0 3 0 0
4568.0 -6713.4 -3.3 136 0 8.9 15.2 10.5 3.5 2 1 3 2 2
4579.9 -6722.9 -3.4 136 0 14.7 13.4 14.0 3.5 2 0 4 3 3
4663.7 -6686.4 -3.1 316 0 14.9 7.7 10.5 3.5 2 0 3 2 2
4652.7 -6706.5 -3.3 46 0 16.8 16.1 14.0 3.5 2 0 4 5 5
4342.3 -6944.4 -6.3 136 0 9.4 11.2 10.5 3.5 2 1 3 2 2
4397.2 -6949.9 -6.8 136 0 10.0 17.5 10.5 3.5 2 1 3 2 2
4384.8 -6910.9 -6.1 316 0 15.1 10.1 14.0 3.5 2 0 4 1 1
4391.6 -6884.1 -5.3 316 0 3.8 11.9 10.5 3.5 2 1 3 5 5
4398.2 -6890.2 -5.4 316 0 7.4 12.5 10.5 3.5 2 1 3 3 3
4406.4 -6897.9 -5.7 316 0 8.9 14.4 10.5 0.0 0 1 3 0 0
4415.2 -6908.3 -6.0 316 0 10.4 16.7 14.0 3.5 4 1 4 0 0
4424.9 -6934.0 -6.5 46 0 14.7 11.4 14.0 3.5 2 0 4 0 0
4379.8 -6875.7 -5.2 316 0 16.8 10.9 14.0 3.5 2 0 4 0 0
4361.5 -6880.7 -5.3 226 0 5.9 13.4 10.5 3.5 2 1 3 3 3
4353.7 -6889.6 -5.6 226 0 12.7 8.0 10.5 3.5 4 0 3 0 0
4338.0 -6898.0 -5.7 226 0 11.8 11.3 14.0 3.5 2 0 4 5 5
4325.1 -6914.3 -5.9 226 0 9.0 14.9 10.5 3.5 2 1 3 5 5
4305.1 -6928.1 -6.0 226 0 13.4 16.4 14.0 3.5 2 1 4 2 2
4307.4 -6812.4 -5.2 226 0 13.7 8.2 10.5 3.5 2 0 3 1 1
4297.2 -6797.2 -5.2 226 0 17.2 13.5 14.0 3.5 2 0 4 4 4
4363.2 -6859.5 -4.8 46 0 9.5 10.7 10.5 3.5 2 1 3 0 0
4352.0 -6865.0 -5.3 46 0 8.7 57.8 10.5 0.0 0 1 3 4 4
4446.6 -6742.9 -4.1 136 0 14.6 16.6 10.5 3.5 2 1 3 4 4
4433.1 -6722.8 -4.2 136 0 16.6 11.9 10.5 0.0 0 0 3 4 4
4456.1 -6704.9 -3.8 136 0 7.6 12.7 10.5 3.5 2 1 3 2 2
4461.5 -6716.2 -3.9 136 0 7.6 14.8 10.5 3.5 2 1 3 5 5
4493.0 -6734.6 -3.9 46 0 25.0 26.3 10.5 0.0 0 1 3 0 0
4520.2 -6691.1 -3.6 316 0 13.1 27.5 10.5 3.5 2 1 3 3 3
4474.7 -6649.5 -4.2 316 0 16.9 15.5 10.5 3.5 2 0 3 2 2
4454.8 -6672.7 -4.1 226 0 11.0 18.7 10.5 3.5 2 1 3 5 5
4428.9 -6679.3 -4.5 226 0 17.0 14.6 10.5 3.5 2 0 3 3 3
4415.3 -6704.2 -4.5 136 0 15.9 10.5 10.5 0.0 0 0 3 5 5
4395.2 -6720.1 -4.5 316 0 13.3 14.5 14.0 0.0 0 1 4 0 0
4411.3 -6736.7 -4.4 316 0 12.8 11.1 14.0 3.5 2 0 4 2 2
4429.7 -6753.4 -4.2 316 0 13.7 14.5 14.0 3.5 2 1 4 4 4
4446.3 -6779.7 -4.0 46 0 17.3 12.8 14.0 3.5 2 0 4 2 2
4409.6 -6832.5 -4.2 223 0 9.4 19.1 10.5 3.5 2 1 3 2 2
4437.3 -6845.2 -4.1 313 0 11.2 18.8 14.0 3.5 2 1 4 0 0
4450.1 -6833.6 -4.2 313 0 8.9 12.5 10.5 3.5 4 1 3 4 4
4457.9 -6846.2 -4.3 313 0 12.3 10.0 14.0 3.5 2 0 4 4 4
4392.7 -6853.1 -4.4 223 0 10.1 16.1 14.0 3.5 2 1 4 1 1
4436.5 -6895.1 -5.3 133 0 7.5 15.8 10.5 3.5 2 1 3 1 1
4456.1 -6898.0 -5.6 43 0 13.1 8.3 10.5 3.5 2 0 3 5 5
4473.2 -6885.6 -5.4 43 0 12.6 21.7 14.0 3.5 2 1 4 3 3
4461.9 -6793.3 -4.1 223 0 9.8 10.4 10.5 3.5 2 1 3 1 1
4481.2 -6803.7 -4.2 313 0 9.5 12.7 10.5 0.0 0 1 3 0 0
4495.1 -6814.1 -4.4 313 0 11.9 16.5 14.0 3.5 2 1 4 2 2
4445.0 -6804.0 -4.2 223 0 8.8 14.9 10.5 3.5 2 1 3 4 4
4460.2 -6824.2 -4.3 133 0 9.9 7.9 10.5 3.5 2 0 3 2 2
4471.2 -6836.0 -4.4 133 0 6.7 8.8 10.5 0.0 0 1 3 0 0
4482.8 -6847.5 -4.6 133 0 10.6 10.0 10.5 3.5 2 0 3 2 2
4502.2 -6858.5 -4.9 43 0 11.7 12.7 14.0 3.5 2 1 4 4 4
4515.3 -6846.5 -4.8 43 0 10.0 25.4 10.5 3.5 2 1 3 1 1
4588.7 -6772.8 -4.0 43 0 18.4 24.3 14.0 3.5 2 1 4 3 3
4534.1 -6734.5 -3.6 223 0 19.8 7.6 10.5 3.5 4 0 3 4 4
4554.3 -6740.4 -3.7 313 0 6.8 19.3 10.5 3.5 2 1 3 4 4
4528.6 -6762.8 -4.1 223 0 9.0 11.3 10.5 0.0 0 1 3 4 4
4514.4 -6750.2 -4.0 223 0 8.0 14.5 10.5 3.5 2 1 3 5 5
4495.3 -6780.7 -4.1 133 0 10.3 20.9 14.0 3.5 2 1 4 5 5
4559.4 -6797.8 -4.3 43 0 19.4 8.9 10.5 3.5 2 0 3 4 4
4541.7 -6816.7 -4.5 43 0 23.2 10.5 14.0 3.5 2 0 4 0 0
4629.9 -6720.8 -3.4 48 0 10.4 15.8 14.0 3.5 2 1 4 4 4
4610.6 -6737.4 -3.6 48 0 13.6 20.2 14.0 0.0 0 1 4 5 5
4650.5 -6737.6 -3.7 228 0 11.1 8.4 10.5 3.5 2 0 3 5 5
4666.7 -6721.4 -3.6 228 0 9.9 17.4 10.5 3.5 2 1 3 2 2
4738.6 -6788.9 -4.8 48 0 11.9 18.8 14.0 3.5 2 1 4 0 0
4721.0 -6759.5 -4.4 318 0 23.1 12.5 14.0 3.5 4 0 4 1 1
4704.1 -6739.5 -4.0 318 0 17.5 21.9 14.0 3.5 2 1 4 2 2
4707.0 -6800.5 -4.7 48 0 11.3 15.0 14.0 3.5 2 1 4 5 5
4716.4 -6810.5 -4.8 48 0 12.7 10.2 14.0 3.5 2 0 4 2 2
4675.3 -6813.4 -4.6 138 0 14.0 12.0 14.0 3.5 2 0 4 2 2
4697.4 -6824.0 -4.8 48 0 9.6 11.7 10.5 3.5 2 1 3 2 2
4655.0 -6800.7 -4.4 138 0 13.5 18.4 14.0 3.5 2 1 4 0 0
4630.7 -6783.0 -4.2 138 0 32.2 27.4 14.0 0.0 0 0 4 1 1
4508.9 -6582.8 -5.7 51 0 19.0 14.0 14.0 3.5 2 0 4 1 1
4485.8 -6600.8 -6.4 49 0 14.2 16.8 14.0 3.5 4 1 4 4 4
4356.5 -6579.1 -9.9 229 0 32.9 24.6 14.0 0.0 0 0 4 5 5
4407.0 -6599.2 -8.3 49 0 14.5 19.3 14.0 3.5 2 1 4 3 3
4426.8 -6624.0 -6.8 49 0 10.9 24.8 14.0 3.5 2 1 4 0 0
4434.1 -6601.1 -8.1 49 0 16.9 26.3 14.0 3.5 2 1 4 1 1
4460.7 -6617.3 -6.2 49 0 12.2 21.3 14.0 3.5 4 1 4 5 5
4378.5 -6613.9 -7.4 49 0 27.9 8.5 10.5 3.5 2 0 3 5 5
4391.3 -6627.6 -6.4 49 0 27.2 9.1 10.5 3.5 2 0 3 0 0
4428.3 -6637.5 -5.1 319 0 11.9 16.2 14.0 3.5 2 1 4 0 0
4397.8 -6655.8 -5.1 229 0 26.4 10.9 14.0 3.5 2 0 4 5 5
4371.7 -6681.1 -4.8 229 0 28.1 14.6 14.0 3.5 2 0 4 4 4
4364.5 -6709.7 -4.6 49 0 13.3 17.6 14.0 3.5 2 1 4 1 1
4268.6 -6633.5 -10.6 229 0 11.4 15.8 14.0 0.0 0 1 4 3 3
4287.7 -6672.5 -5.4 319 0 9.0 22.8 10.5 0.0 0 1 3 3 3
4311.2 -6677.3 -6.8 319 0 50.9 6.8 10.5 3.5 2 0 3 3 3
4247.5 -6671.2 -6.7 229 0 10.7 10.4 14.0 3.5 2 0 4 2 2
4261.1 -6710.0 -5.3 139 0 8.0 12.1 10.5 3.5 4 1 3 1 1
4296.6 -6688.6 -5.1 319 0 12.8 20.6 14.0 3.5 2 1 4 2 2
4313.3 -6711.9 -5.0 49 0 22.3 12.5 14.0 3.5 2 0 4 2 2
4323.6 -6727.8 -5.3 49 0 28.4 12.7 14.0 3.5 2 0 4 5 5
4270.0 -6746.3 -5.2 139 0 16.0 9.2 10.5 3.5 2 0 3 2 2
4280.6 -6757.9 -5.3 139 0 8.9 16.5 10.5 3.5 2 1 3 4 4
4291.3 -6765.1 -5.5 139 0 9.8 14.1 10.5 0.0 0 1 3 4 4
4216.3 -6768.6 -5.9 139 0 10.7 21.2 14.0 3.5 2 1 4 0 0
4188.6 -6753.1 -6.2 229 0 6.6 11.6 10.5 3.5 2 1 3 0 0
4197.4 -6782.3 -6.0 139 0 7.8 11.9 10.5 3.5 2 1 3 1 1
4209.9 -6792.0 -5.9 139 0 11.3 5.1 10.5 3.5 2 0 3 1 1
4225.5 -6794.8 -5.7 139 0 7.0 6.9 10.5 3.5 2 0 3 4 4
4229.8 -6803.5 -5.6 139 0 6.7 9.0 10.5 3.5 2 1 3 0 0
4242.7 -6812.0 -5.5 49 0 11.1 7.3 10.5 3.5 2 0 3 5 5
4257.3 -6805.7 -5.3 49 0 12.1 17.5 14.0 3.5 2 1 4 0 0
4342.8 -6870.0 -5.2 49 0 6.1 21.1 10.5 3.5 2 1 3 2 2
4338.9 -6879.1 -5.3 49 0 8.3 11.7 10.5 0.0 0 1 3 3 3
4330.6 -6889.1 -5.4 49 0 11.4 17.7 14.0 3.5 2 1 4 5 5
4307.0 -6870.1 -5.4 49 0 14.9 9.9 10.5 0.0 0 0 3 3 3
4312.0 -6902.7 -5.6 49 0 11.0 8.1 10.5 3.5 2 0 3 3 3
4265.0 -6859.3 -5.6 229 0 13.8 16.4 14.0 3.5 2 1 4 4 4
4254.9 -6873.6 -5.7 229 0 8.4 9.2 10.5 3.5 2 1 3 3 3
4276.8 -6897.6 -5.7 49 0 12.0 12.8 14.0 0.0 0 1 4 3 3
4294.8 -6916.3 -5.6 49 0 7.9 8.1 10.5 3.5 4 1 3 2 2
4281.8 -6926.4 -5.7 49 0 8.7 17.7 10.5 0.0 0 1 3 1 1
4263.9 -6922.7 -5.7 49 0 8.4 9.7 10.5 0.0 0 1 3 4 4
4238.4 -6892.8 -5.7 139 0 12.2 15.0 14.0 3.5 2 1 4 0 0
4216.2 -6903.2 -5.7 139 0 14.8 18.8 14.0 3.5 2 1 4 2 2
4230.6 -6920.1 -5.7 139 0 9.5 15.8 10.5 3.5 2 1 3 3 3
4242.4 -6931.8 -5.7 139 0 10.8 13.4 14.0 3.5 2 1 4 0 0
4266.0 -6945.3 -5.8 49 0 18.6 14.2 14.0 3.5 2 0 4 2 2
4282.2 -6811.2 -5.0 229 0 7.4 12.1 10.5 3.5 2 1 3 5 5
4270.3 -6815.1 -5.0 229 0 9.2 19.2 10.5 3.5 4 1 3 5 5
4266.3 -6830.6 -5.2 229 0 7.2 11.9 10.5 3.5 4 1 3 4 4
4244.7 -6835.1 -5.5 229 0 12.7 14.6 14.0 3.5 2 1 4 3 3
4231.7 -6849.1 -5.7 229 0 10.8 14.7 14.0 3.5 2 1 4 4 4
4216.0 -6861.7 -5.5 229 0 10.1 16.1 14.0 0.0 0 1 4 5 5
4201.1 -6873.7 -5.1 229 0 15.0 18.1 14.0 3.5 2 1 4 2 2
4221.4 -6821.8 -5.8 319 0 14.8 9.3 10.5 3.5 2 0 3 0 0
4213.2 -6841.4 -5.8 49 0 11.4 15.3 14.0 3.5 2 1 4 1 1
4177.0 -6855.5 -4.9 139 0 18.6 15.4 14.0 3.5 2 0 4 3 3
4193.9 -6813.6 -6.0 319 0 11.2 12.5 14.0 3.5 2 1 4 4 4
4208.6 -6806.9 -6.0 319 0 16.3 9.4 10.5 3.5 2 0 3 0 0
4190.4 -6788.8 -6.2 319 0 15.9 16.6 14.0 0.0 0 1 4 0 0
4150.5 -6790.1 -6.1 229 0 9.3 27.0 10.5 3.5 2 1 3 1 1
4133.7 -6790.7 -5.8 229 0 6.7 13.1 10.5 3.5 2 1 3 2 2
4124.6 -6799.8 -5.4 229 0 7.3 7.5 10.5 3.5 2 1 3 1 1
4137.7 -6824.5 -4.9 139 0 20.1 9.6 10.5 3.5 2 0 3 1 1
4173.1 -6946.9 -5.1 139 0 8.7 16.3 10.5 3.5 2 1 3 2 2
4225.0 -6948.5 -5.6 49 0 10.5 10.2 14.0 3.5 2 0 4 2 2
4213.1 -6926.6 -5.2 319 0 8.4 12.1 10.5 3.5 2 1 3 2 2
4201.3 -6908.4 -4.8 319 0 14.0 16.5 14.0 3.5 2 1 4 0 0
4170.9 -6901.0 -4.3 229 0 18.8 14.0 14.0 3.5 4 0 4 0 0
4166.6 -6887.1 -3.7 49 0 11.2 14.3 2.5 2.5 2 1 1 3 3
4153.9 -6865.1 -3.1 319 0 11.5 14.4 2.5 2.5 2 1 1 5 5
4122.0 -6839.5 -3.3 319 0 12.6 17.3 2.5 2.5 2 1 1 3 3
4109.3 -6830.5 -3.5 319 0 10.0 16.2 2.5 2.5 2 1 1 1 1
4095.4 -6801.2 -5.2 319 0 14.8 9.3 2.5 2.5 2 0 1 1 1
4058.1 -6772.1 -6.5 224 0 9.9 9.9 2.5 2.5 2 1 1 3 3
4067.8 -6795.6 -5.0 318 0 9.7 9.9 2.5 2.5 2 1 1 4 4
4065.3 -6821.1 -3.1 319 0 9.3 12.2 2.5 2.5 2 1 1 5 5
4030.9 -6826.9 -2.2 235 0 9.9 10.5 2.5 2.5 2 1 1 1 1
3981.4 -6826.7 -2.2 257 0 13.3 13.8 2.5 2.5 2 1 1 4 4
3979.9 -6850.7 -1.0 254 0 12.1 14.0 2.5 2.5 2 1 1 4 4
4463.5 -6921.7 -6.9 223 0 5.9 15.8 10.5 3.5 2 1 3 5 5
4514.3 -6933.6 -7.0 133 0 9.4 24.3 10.5 3.5 2 1 3 2 2
4529.1 -6951.2 -7.4 43 0 6.3 14.5 10.5 3.5 2 1 3 0 0
4488.2 -6893.7 -6.1 223 0 10.9 13.6 14.0 3.5 2 1 4 3 3
4505.0 -6886.9 -6.1 223 0 9.5 23.7 10.5 3.5 2 1 3 5 5
4507.2 -6870.9 -5.6 223 0 11.6 21.5 14.0 3.5 2 1 4 0 0
4525.4 -6857.4 -5.3 223 0 12.1 25.7 14.0 3.5 2 1 4 3 3
4557.8 -6883.3 -6.3 313 0 22.3 30.1 14.0 0.0 0 1 4 0 0
4572.0 -6897.5 -6.4 313 0 10.7 23.0 14.0 3.5 2 1 4 3 3
4586.3 -6906.5 -6.3 313 0 10.0 11.4 10.5 3.5 2 1 3 0 0
4595.8 -6923.1 -6.5 43 0 11.4 7.5 10.5 3.5 2 0 3 2 2
4623.3 -6896.3 -6.0 43 0 7.7 19.6 10.5 3.5 2 1 3 4 4
4645.5 -6818.7 -4.7 313 0 22.9 9.1 10.5 3.5 2 0 3 3 3
4600.6 -6793.9 -4.5 223 0 9.8 26.4 10.5 3.5 2 1 3 4 4
4584.3 -6802.0 -4.7 223 0 13.0 36.4 10.5 3.5 2 1 3 3 3
4562.2 -6823.7 -4.8 223 0 14.7 15.1 10.5 3.5 2 1 3 5 5
4555.8 -6850.3 -5.0 133 0 26.6 10.9 10.5 3.5 2 0 3 5 5
4573.8 -6865.8 -5.2 133 0 14.5 21.5 10.5 3.5 2 1 3 3 3
4586.4 -6881.5 -5.6 133 0 13.4 17.6 10.5 3.5 2 1 3 2 2
4615.8 -6861.5 -5.2 43 0 7.5 18.1 10.5 3.5 2 1 3 0 0
4640.2 -6871.7 -5.6 43 0 14.7 18.6 10.5 3.5 2 1 3 3 3
4666.6 -6852.6 -5.1 51 0 11.4 16.5 10.5 3.5 2 1 3 0 0
4759.4 -6934.1 -8.4 49 0 32.4 17.4 14.0 3.5 2 0 4 2 2
4690.6 -6919.9 -7.2 50 0 11.6 16.9 14.0 3.5 2 1 4 1 1
4666.1 -6876.1 -5.7 222 0 11.6 9.4 10.5 3.5 2 0 3 4 4
4695.8 -6864.8 -5.9 313 0 24.6 17.5 14.0 3.5 2 0 4 3 3
4716.3 -6879.1 -6.5 311 0 16.9 20.7 14.0 3.5 2 1 4 5 5
4579.4 -6555.8 -5.2 0 0 17.0 18.4 14.0 3.5 2 1 4 2 2
4582.1 -6573.2 -2.8 0 0 10.4 21.4 14.0 3.5 2 1 4 0 0
4561.6 -6587.3 -2.7 180 0 10.1 17.5 14.0 3.5 2 1 4 3 3
4612.5 -6565.6 -2.1 270 0 11.6 7.5 10.5 3.5 2 0 3 0 0
4614.4 -6576.0 -1.4 270 0 11.3 5.1 10.5 3.5 2 0 3 1 1
4616.3 -6584.6 -1.1 270 0 16.3 8.4 10.5 3.5 2 0 3 3 3
4642.8 -6557.5 -3.1 270 0 11.9 14.3 14.0 3.5 2 1 4 4 4
4671.3 -6575.4 -3.4 180 0 11.9 21.9 14.0 3.5 4 1 4 3 3
4732.7 -6589.6 -7.5 321 0 9.1 7.4 10.5 3.5 2 0 3 4 4
4737.4 -6612.4 -6.8 322 0 9.8 14.6 10.5 0.0 0 1 3 0 0
4730.7 -6649.6 -7.9 326 0 8.0 16.1 10.5 3.5 2 1 3 3 3
4750.9 -6656.6 -9.4 324 0 13.9 8.7 10.5 0.0 0 0 3 2 2
4711.3 -6688.0 -6.5 134 0 7.6 13.7 10.5 3.5 2 1 3 5 5
4719.6 -6705.3 -7.2 134 0 14.1 27.1 14.0 3.5 2 1 4 2 2
4721.7 -6730.0 -3.8 140 0 10.1 12.0 14.0 3.5 2 1 4 1 1
4780.6 -6778.9 -7.4 134 0 7.0 14.9 10.5 3.5 4 1 3 2 2
4764.5 -6739.5 -7.5 136 0 32.2 7.4 10.5 3.5 4 0 3 1 1
4778.6 -6703.4 -6.8 321 0 20.3 20.5 14.0 3.5 2 1 4 0 0
4808.5 -6718.9 -10.2 325 0 11.6 24.2 14.0 0.0 0 1 4 4 4
4817.3 -6730.6 -10.3 333 0 4.6 26.0 10.5 3.5 2 1 3 5 5
4810.2 -6746.2 -9.4 323 0 8.5 11.1 10.5 0.0 0 1 3 0 0
4826.4 -6766.2 -9.7 325 0 12.0 17.3 14.0 3.5 2 1 4 4 4
4822.5 -6793.2 -9.8 147 0 10.8 20.6 14.0 3.5 2 1 4 4 4
4870.1 -6810.8 -10.1 45 0 17.9 16.2 14.0 3.5 2 0 4 1 1
4832.1 -6835.2 -8.8 133 0 14.3 24.8 14.0 3.5 2 1 4 2 2
4817.1 -6816.7 -8.3 134 0 17.4 12.0 14.0 3.5 2 0 4 2 2
4761.2 -6838.4 -6.1 317 0 13.7 8.7 10.5 3.5 2 0 3 5 5
4764.5 -6874.0 -6.9 135 0 10.5 11.8 10.5 3.5 2 1 3 5 5
4775.8 -6810.5 -5.8 317 0 8.3 16.6 10.5 3.5 2 1 3 1 1
4782.8 -6819.4 -6.1 317 0 6.0 15.8 10.5 0.0 0 1 3 1 1
4792.9 -6828.7 -6.5 318 0 8.9 13.5 10.5 3.5 2 1 3 0 0
4747.9 -6802.0 -5.4 226 0 17.9 12.4 10.5 3.5 4 0 3 1 1
4710.0 -6848.5 -5.3 134 0 13.7 15.7 10.5 3.5 2 1 3 2 2
4734.5 -6871.7 -6.3 133 0 17.4 23.6 10.5 3.5 2 1 3 1 1
4810.8 -6884.9 -8.0 47 0 14.1 5.1 10.5 3.5 2 0 3 1 1
4799.2 -6895.7 -8.0 47 0 10.9 11.8 10.5 3.5 2 1 3 4 4
4845.2 -6893.6 -10.7 289 0 7.9 24.5 10.5 0.0 0 1 3 1 1
4795.9 -6927.6 -9.2 146 0 7.9 13.7 10.5 3.5 4 1 3 5 5
4803.7 -6934.9 -9.8 148 0 7.4 10.3 10.5 0.0 0 1 3 0 0
4819.2 -6950.7 -10.8 59 0 9.6 13.2 10.5 3.5 2 1 3 1 1
6668.2 -6743.2 -8.7 53 0 6.6 6.2 2.5 2.5 2 0 1 5 5
6888.9 -6526.9 -8.9 317 0 11.4 10.4 2.5 2.5 2 0 1 3 3
