-3310.6 -3528.8 -21.5 269 0 12.1 12.8 2.5 2.5 2 1 1 2 2
-3395.7 -3517.3 -27.0 50 0 13.2 15.9 5.0 2.5 2 1 2 3 3
-3384.8 -3503.1 -28.1 50 0 11.0 13.3 5.0 2.5 2 1 2 1 1
-3372.0 -3496.4 -28.1 50 0 11.5 10.0 5.0 2.5 2 0 2 4 4
-3360.3 -3487.2 -28.5 50 0 12.4 9.8 5.0 2.5 2 0 2 1 1
-3346.5 -3477.5 -28.4 50 0 10.6 7.6 5.0 2.5 2 0 2 0 0
-3332.9 -3469.1 -27.9 50 0 10.1 8.7 5.0 0.0 0 0 2 4 4
-3321.0 -3459.3 -27.3 50 0 8.0 8.8 5.0 2.5 2 1 2 3 3
-3308.7 -3450.6 -27.7 50 0 9.9 13.4 5.0 2.5 2 1 2 3 3
-3297.8 -3442.7 -27.3 50 0 12.5 9.9 5.0 2.5 2 0 2 4 4
-3306.8 -3403.7 -29.5 230 0 9.5 7.8 5.0 2.5 2 0 2 0 0
-3326.7 -3429.2 -29.8 140 0 11.2 22.8 5.0 2.5 2 1 2 4 4
-3283.5 -3435.4 -27.4 50 0 13.8 16.2 5.0 2.5 2 1 2 2 2
-3280.1 -3418.6 -27.2 50 0 8.5 6.5 5.0 2.5 2 0 2 3 3
-3259.4 -3408.4 -27.3 50 0 13.8 15.8 5.0 2.5 2 1 2 5 5
-3242.9 -3404.4 -25.9 50 0 14.2 10.8 5.0 2.5 2 0 2 1 1
-3237.6 -3385.4 -26.8 50 0 7.6 12.4 5.0 0.0 0 1 2 3 3
-3231.3 -3391.7 -25.4 50 0 11.4 6.8 5.0 2.5 2 0 2 0 0
-3218.8 -3381.1 -26.2 50 0 10.4 16.9 5.0 0.0 0 1 2 5 5
-3205.6 -3374.0 -25.6 50 0 10.7 15.9 5.0 2.5 4 1 2 4 4
-3194.9 -3361.8 -25.0 50 0 8.9 9.6 5.0 2.5 2 1 2 3 3
-3194.4 -3315.8 -28.2 230 0 10.5 13.3 5.0 2.5 2 1 2 2 2
-3182.5 -3351.1 -25.0 50 0 11.5 10.0 5.0 2.5 2 0 2 5 5
-3172.1 -3339.7 -25.5 50 0 10.7 11.8 5.0 2.5 2 1 2 0 0
-3155.6 -3332.2 -25.3 50 0 11.2 14.0 5.0 2.5 2 1 2 0 0
-3146.0 -3321.7 -26.1 50 0 11.5 18.1 5.0 2.5 2 1 2 5 5
-3136.7 -3309.1 -25.3 50 0 9.9 8.4 5.0 2.5 2 0 2 1 1
-3147.2 -3290.9 -26.9 230 0 9.3 10.5 5.0 2.5 4 1 2 3 3
-3127.5 -3295.9 -27.1 50 0 7.1 17.7 5.0 2.5 2 1 2 4 4
-3114.1 -3286.2 -26.1 50 0 9.9 10.1 5.0 2.5 2 1 2 0 0
-3103.2 -3274.0 -26.4 50 0 11.2 10.2 5.0 2.5 2 0 2 2 2
-3089.9 -3260.3 -26.6 50 0 8.0 11.7 5.0 2.5 2 1 2 2 2
-3071.7 -3249.3 -25.3 50 0 7.4 10.3 5.0 2.5 4 1 2 4 4
-3061.3 -3241.6 -25.7 50 0 11.3 14.8 5.0 2.5 2 1 2 2 2
-3047.8 -3231.5 -27.2 50 0 10.2 24.2 5.0 2.5 2 1 2 1 1
-3028.2 -3209.0 -27.2 50 0 8.8 12.4 5.0 2.5 2 1 2 4 4
-3015.0 -3199.3 -27.5 50 0 7.9 11.6 5.0 2.5 2 1 2 2 2
-3003.7 -3189.7 -28.5 54 0 8.8 13.2 5.0 2.5 2 1 2 1 1
-2918.6 -3148.8 -21.4 246 0 8.9 12.2 2.5 2.5 2 1 1 2 2
-2938.0 -3167.5 -19.3 248 0 10.6 6.6 2.5 2.5 2 0 1 3 3
-2956.5 -3194.0 -18.8 46 0 9.8 12.6 2.5 2.5 2 1 1 4 4
-2972.5 -3201.9 -18.7 46 0 8.3 8.9 2.5 2.5 2 1 1 2 2
-2987.4 -3215.3 -18.9 46 0 7.9 9.5 2.5 0.0 0 1 1 2 2
-3004.9 -3215.3 -19.5 226 0 7.0 9.5 2.5 2.5 2 1 1 1 1
-3014.6 -3243.6 -18.7 46 0 9.8 12.2 2.5 2.5 2 1 1 3 3
-3062.8 -3266.4 -20.3 226 0 9.1 12.3 2.5 2.5 2 1 1 3 3
-3048.3 -3256.3 -19.4 226 0 10.8 7.4 2.5 2.5 2 0 1 1 1
-3067.1 -3277.7 -19.1 226 0 9.5 6.7 2.5 2.5 2 0 1 3 3
-3069.1 -3294.2 -19.1 46 0 7.8 9.9 2.5 2.5 2 1 1 5 5
-3075.6 -3300.6 -19.1 46 0 8.6 9.2 2.5 2.5 2 1 1 2 2
-3085.1 -3308.0 -18.8 316 0 8.3 48.6 2.5 2.5 2 1 1 2 2
-3138.1 -3347.0 -20.7 226 0 8.9 8.2 2.5 2.5 2 0 1 3 3
-3153.0 -3359.1 -21.0 226 0 11.3 15.1 2.5 2.5 2 1 1 2 2
-3166.5 -3371.9 -21.1 226 0 8.2 13.8 2.5 2.5 4 1 1 3 3
-3165.8 -3395.3 -20.1 46 0 8.3 9.1 2.5 2.5 2 1 1 1 1
-3173.0 -3413.7 -19.1 46 0 13.6 8.4 2.5 2.5 2 0 1 4 4
-3186.6 -3429.5 -19.7 56 0 12.5 14.0 2.5 2.5 2 1 1 1 1
-3204.0 -3408.6 -21.3 236 0 7.1 11.9 2.5 2.5 4 1 1 4 4
-3212.6 -3418.2 -21.3 236 0 10.0 10.6 2.5 2.5 2 1 1 5 5
-3200.0 -3439.9 -19.7 56 0 9.3 11.5 2.5 2.5 2 1 1 1 1
-3212.4 -3448.8 -19.8 56 0 9.2 9.2 2.5 2.5 2 0 1 0 0
-3224.3 -3459.7 -20.6 56 0 9.6 12.7 2.5 2.5 2 1 1 5 5
-3253.9 -3447.6 -22.6 236 0 10.3 13.5 2.5 2.5 4 1 1 2 2
-3256.2 -3479.1 -21.9 56 0 9.1 8.4 2.5 2.5 2 0 1 1 1
-3268.5 -3488.7 -22.3 56 0 11.1 10.8 5.0 2.5 4 0 2 4 4
-3272.1 -3461.9 -23.7 146 0 11.6 8.1 2.5 2.5 2 0 1 3 3
-3278.8 -3464.7 -24.1 326 0 12.0 9.7 5.0 2.5 2 0 2 3 3
-3295.2 -3469.5 -24.2 236 0 9.7 11.4 5.0 2.5 2 1 2 1 1
-3280.0 -3497.5 -22.7 56 0 6.1 13.6 5.0 2.5 2 1 2 1 1
-3305.7 -3480.1 -24.2 236 0 12.0 11.1 5.0 0.0 0 0 2 5 5
-3289.7 -3503.8 -22.6 56 0 7.8 10.3 5.0 2.5 2 1 2 1 1
-3270.5 -3504.4 -20.4 236 0 9.6 12.4 2.5 0.0 0 1 1 3 3
-3280.1 -3511.9 -20.6 236 0 9.5 13.0 2.5 2.5 2 1 1 0 0
-3296.9 -3526.3 -20.7 236 0 8.5 13.7 2.5 2.5 2 1 1 1 1
-3328.0 -3540.2 -21.1 236 0 10.3 9.7 2.5 2.5 2 0 1 3 3
-3359.9 -3511.9 -24.0 236 0 11.4 15.6 5.0 2.5 2 1 2 3 3
-3328.9 -3500.9 -24.2 326 0 9.0 8.2 5.0 2.5 2 0 2 1 1
-3333.0 -3530.9 -22.7 56 0 7.7 9.3 5.0 2.5 2 1 2 5 5
-3348.9 -3505.1 -24.2 236 0 9.1 12.2 5.0 2.5 2 1 2 4 4
-3372.6 -3532.1 -23.2 146 0 6.8 8.3 5.0 0.0 0 1 2 4 4
-3364.9 -3543.8 -22.2 146 0 8.4 8.3 5.0 2.5 2 0 2 5 5
-3345.9 -3536.8 -22.5 56 0 8.8 7.7 5.0 2.5 2 0 2 2 2
-3340.6 -3550.8 -20.8 236 0 8.2 6.3 2.5 2.5 2 0 1 3 3
-3332.1 -3565.8 -20.1 56 0 7.4 9.2 2.5 2.5 2 1 1 2 2
-3338.5 -3579.3 -19.3 56 0 9.6 9.8 2.5 2.5 2 1 1 2 2
-3357.8 -3557.5 -20.7 236 0 11.9 15.8 2.5 0.0 0 1 1 4 4
-3375.4 -3542.1 -23.0 326 0 23.1 12.3 2.5 2.5 4 0 1 4 4
-3411.6 -3577.2 -22.3 56 0 24.3 14.5 2.5 2.5 2 0 1 0 0
-3390.7 -3580.0 -20.4 236 0 10.2 13.6 2.5 2.5 2 1 1 3 3
-3408.7 -3594.3 -20.3 236 0 10.2 12.2 2.5 2.5 2 1 1 0 0
-3419.9 -3602.7 -20.1 236 0 7.0 11.4 2.5 2.5 4 1 1 5 5
-3435.6 -3592.1 -22.1 56 0 8.3 10.5 2.5 2.5 2 1 1 1 1
-3465.8 -3591.3 -22.5 236 0 8.4 12.8 2.5 2.5 2 1 1 0 0
-3479.6 -3597.7 -22.0 236 0 11.5 11.3 2.5 2.5 2 0 1 1 1
-3492.2 -3608.5 -20.4 236 0 7.7 6.9 2.5 2.5 2 0 1 2 2
-3500.3 -3615.0 -19.5 236 0 6.1 9.7 2.5 2.5 2 1 1 3 3
-3509.3 -3618.3 -19.3 236 0 8.8 11.5 2.5 2.5 2 1 1 5 5
-3521.3 -3626.9 -18.2 236 0 8.0 12.0 2.5 0.0 0 1 1 0 0
-3447.3 -3522.5 -25.6 236 0 9.8 18.9 5.0 0.0 0 1 2 3 3
-3461.0 -3531.4 -25.6 236 0 10.8 15.0 5.0 2.5 2 1 2 5 5
-3462.0 -3562.9 -24.8 56 0 10.8 14.2 5.0 2.5 2 1 2 2 2
-3473.7 -3571.3 -24.9 56 0 10.5 16.1 5.0 0.0 0 1 2 2 2
-3494.4 -3557.5 -25.3 236 0 6.9 13.7 5.0 2.5 4 1 2 2 2
-3504.1 -3553.5 -27.3 56 0 10.8 6.5 5.0 2.5 2 0 2 2 2
-3515.6 -3564.0 -27.5 56 0 9.5 8.5 5.0 2.5 2 0 2 4 4
-3508.1 -3572.6 -24.9 236 0 10.2 8.5 5.0 2.5 2 0 2 4 4
-3519.7 -3580.0 -24.9 236 0 9.2 9.7 5.0 0.0 0 1 2 2 2
-3533.1 -3588.3 -24.5 236 0 10.5 9.6 5.0 0.0 0 0 2 2 2
-3535.4 -3577.3 -28.2 56 0 13.6 10.4 5.0 2.5 2 0 2 0 0
-3548.1 -3588.1 -27.8 56 0 9.7 9.9 5.0 2.5 2 1 2 3 3
-3543.4 -3599.6 -23.7 236 0 9.2 6.0 5.0 2.5 2 0 2 0 0
-3534.5 -3613.5 -22.5 56 0 7.1 8.7 5.0 2.5 2 1 2 2 2
-3555.0 -3606.8 -23.5 236 0 9.4 10.3 5.0 2.5 2 1 2 5 5
-3564.7 -3614.0 -22.6 236 0 7.3 10.9 5.0 2.5 2 1 2 4 4
-3575.9 -3622.1 -21.8 236 0 8.6 11.4 5.0 2.5 4 1 2 1 1
-3586.8 -3627.7 -21.5 236 0 9.5 12.1 5.0 2.5 2 1 2 4 4
-3572.2 -3649.4 -16.1 236 0 9.7 15.2 2.5 2.5 2 1 1 4 4
-3603.9 -3661.9 -15.6 326 0 9.1 12.4 5.0 2.5 2 1 2 5 5
-3599.9 -3671.8 -12.9 326 0 7.0 8.2 5.0 2.5 2 1 2 5 5
-2287.9 -2828.8 -24.8 317 0 11.2 21.8 5.0 0.0 0 1 2 4 4
-1584.4 -2790.3 -14.5 315 0 10.1 11.5 5.0 0.0 0 1 2 1 1
-550.2 -1707.9 -15.9 210 0 11.5 7.2 5.0 2.5 2 0 2 2 2
-534.1 -1728.1 -16.2 31 0 9.4 9.7 5.0 2.5 2 1 2 2 2
-543.4 -1940.6 -16.6 43 0 8.9 9.6 5.0 0.0 0 1 2 2 2
-538.3 -1839.8 -14.2 200 0 10.5 9.5 5.0 2.5 2 0 2 5 5
-517.4 -1878.5 -14.3 103 0 15.8 17.4 5.0 2.5 2 1 2 4 4
-916.2 -2087.7 -16.7 138 0 11.5 30.7 2.5 2.5 2 1 1 3 3
-694.4 -2289.6 -22.7 316 0 10.6 7.8 5.0 2.5 2 0 2 5 5
-740.4 -2328.2 -23.5 54 0 7.4 10.6 5.0 2.5 2 1 2 3 3
-775.4 -2355.3 -20.9 54 0 8.9 11.5 5.0 2.5 2 1 2 0 0
-813.3 -2381.5 -17.9 54 0 7.9 10.6 5.0 2.5 2 1 2 3 3
-853.8 -2411.4 -16.2 54 0 7.4 10.6 5.0 2.5 4 1 2 4 4
-897.3 -2439.6 -16.3 54 0 7.7 10.0 5.0 2.5 4 1 2 2 2
-927.8 -2489.4 -16.8 147 0 10.2 8.8 5.0 2.5 4 0 2 3 3
-907.9 -2518.7 -16.3 146 0 9.2 8.8 5.0 2.5 2 0 2 5 5
-1050.4 -2248.9 -20.0 230 0 12.7 13.5 2.5 2.5 2 1 1 1 1
-993.0 -2268.6 -20.2 50 0 8.8 9.2 2.5 2.5 2 1 1 1 1
-980.0 -2246.7 -20.7 317 0 16.4 8.3 2.5 2.5 2 0 1 5 5
-943.5 -2182.6 -19.6 233 0 10.2 10.1 2.5 2.5 2 0 1 2 2
-915.3 -2221.3 -21.8 47 0 8.9 11.2 2.5 2.5 2 1 1 3 3
-877.8 -2190.9 -20.3 322 0 13.2 10.0 2.5 2.5 2 0 1 5 5
-863.9 -2177.2 -20.2 138 0 18.5 9.1 5.0 0.0 0 0 2 4 4
-810.0 -2139.9 -19.9 46 0 10.5 18.2 5.0 2.5 2 1 2 4 4
-750.6 -2088.3 -19.3 49 0 9.1 12.6 5.0 2.5 4 1 2 3 3
-666.2 -2020.3 -18.5 142 0 13.9 8.1 2.5 2.5 2 0 1 0 0
-655.3 -1980.7 -18.2 327 0 9.2 10.1 2.5 2.5 4 1 1 0 0
-636.9 -2017.1 -18.4 56 0 9.5 11.3 2.5 2.5 2 1 1 1 1
-588.9 -1946.2 -17.7 225 0 9.8 13.4 5.0 2.5 2 1 2 2 2
-472.5 -1942.2 -15.5 315 0 9.6 8.6 5.0 2.5 2 0 2 1 1
-513.7 -1973.3 -17.1 225 0 9.6 9.8 5.0 2.5 2 1 2 2 2
-515.8 -2010.1 -17.8 46 0 10.9 18.7 5.0 2.5 2 1 2 2 2
-558.9 -2023.6 -18.1 227 0 8.3 10.2 5.0 2.5 2 1 2 5 5
-586.8 -2029.3 -18.2 233 0 7.4 10.7 5.0 0.0 0 1 2 2 2
-601.8 -2075.0 -18.6 45 0 8.4 10.1 5.0 2.5 2 1 2 5 5
-642.7 -2095.1 -18.8 138 0 12.9 8.2 5.0 2.5 2 0 2 2 2
-765.3 -2189.1 -20.5 53 0 8.6 10.1 5.0 0.0 0 1 2 4 4
-795.3 -2210.1 -20.9 56 0 8.9 11.2 5.0 2.5 2 1 2 5 5
-820.3 -2225.7 -21.2 54 0 8.2 10.4 5.0 2.5 2 1 2 3 3
-852.5 -2225.5 -21.0 231 0 10.5 17.4 5.0 2.5 2 1 2 2 2
-875.7 -2250.9 -20.1 229 0 9.3 10.5 5.0 2.5 2 1 2 3 3
-895.9 -2267.9 -20.4 233 0 10.1 21.6 5.0 2.5 2 1 2 2 2
-887.7 -2294.5 -20.1 53 0 5.9 15.1 5.0 2.5 4 1 2 5 5
-923.8 -2278.6 -20.2 235 0 11.9 19.0 5.0 2.5 4 1 2 4 4
-892.0 -2320.7 -19.5 52 0 11.2 23.0 5.0 2.5 2 1 2 4 4
-924.8 -2352.5 -18.1 51 0 8.6 11.3 5.0 2.5 2 1 2 3 3
-955.3 -2316.0 -19.0 234 0 10.3 17.0 5.0 2.5 2 1 2 3 3
-979.1 -2325.9 -18.7 229 0 8.4 10.7 5.0 2.5 2 1 2 1 1
-941.9 -2387.0 -17.0 60 0 10.1 10.4 5.0 2.5 2 1 2 1 1
-971.1 -2427.4 -16.1 44 0 10.8 8.7 5.0 2.5 2 0 2 0 0
-994.6 -2403.2 -16.5 142 0 7.8 11.4 5.0 2.5 2 1 2 1 1
-1017.6 -2357.2 -17.4 224 0 8.1 9.7 5.0 2.5 2 1 2 5 5
-1038.9 -2374.6 -16.7 220 0 8.0 8.9 5.0 2.5 2 1 2 1 1
-1093.9 -2360.2 -16.4 39 0 5.9 11.4 5.0 2.5 2 1 2 5 5
-1164.4 -2386.7 -15.5 318 0 12.1 8.5 5.0 2.5 2 0 2 2 2
-1254.4 -2671.2 -15.5 72 0 7.9 12.7 7.5 2.5 4 1 3 5 5
-1094.4 -2415.5 -15.6 228 0 10.8 7.3 5.0 2.5 2 0 2 5 5
-1100.8 -2461.5 -15.2 49 0 7.8 11.7 5.0 2.5 2 1 2 5 5
-1113.4 -2472.6 -15.0 46 0 8.3 11.0 5.0 2.5 2 1 2 0 0
-1161.4 -2476.2 -14.7 230 0 8.8 9.9 5.0 2.5 2 1 2 1 1
-1174.4 -2502.1 -14.5 52 0 8.1 13.4 5.0 2.5 2 1 2 1 1
-1202.7 -2431.6 -15.0 49 0 8.1 12.7 5.0 2.5 2 1 2 3 3
-1242.0 -2463.4 -14.9 49 0 8.1 11.8 5.0 2.5 2 1 2 0 0
-1277.6 -2488.7 -16.0 53 0 11.0 12.2 5.0 2.5 4 1 2 0 0
-1298.7 -2498.1 -16.9 51 0 8.8 13.6 5.0 2.5 2 1 2 0 0
-1322.0 -2509.5 -17.5 53 0 8.4 10.1 5.0 2.5 2 1 2 3 3
-1380.6 -2514.5 -19.5 233 0 8.7 9.7 5.0 2.5 2 1 2 4 4
-1405.3 -2529.5 -19.6 164 0 12.1 7.8 5.0 2.5 2 0 2 0 0
-1308.1 -2578.2 -14.8 321 0 15.1 8.5 2.5 2.5 2 0 1 0 0
-1323.1 -2599.2 -14.8 53 0 7.6 12.9 2.5 2.5 2 1 1 3 3
-1355.8 -2583.8 -15.9 229 0 7.5 10.1 2.5 2.5 2 1 1 4 4
-1382.9 -2592.5 -16.5 237 0 8.4 10.9 2.5 2.5 2 1 1 0 0
-1406.6 -2603.7 -16.9 230 0 9.6 11.5 2.5 2.5 2 1 1 0 0
-1430.1 -2678.2 -15.0 150 0 10.9 8.6 2.5 0.0 0 0 1 2 2
-1428.0 -2619.5 -16.8 240 0 9.1 11.2 2.5 2.5 2 1 1 4 4
-1465.1 -2617.2 -17.0 248 0 7.9 11.8 2.5 0.0 0 1 1 1 1
-1500.4 -2639.6 -16.6 239 0 10.6 17.3 2.5 2.5 2 1 1 0 0
-1523.8 -2578.6 -18.4 332 0 12.2 8.2 5.0 2.5 2 0 2 5 5
-1528.5 -2606.8 -17.9 58 0 10.3 8.5 5.0 2.5 2 0 2 3 3
-1536.2 -2597.3 -18.3 62 0 7.7 12.3 5.0 0.0 0 1 2 2 2
-1551.3 -2604.0 -18.1 66 0 15.9 9.3 5.0 2.5 2 0 2 1 1
-1575.7 -2618.2 -17.9 60 0 10.1 12.1 5.0 2.5 4 1 2 1 1
-1593.8 -2629.4 -17.8 51 0 8.1 11.7 5.0 2.5 2 1 2 5 5
-1640.1 -2661.2 -17.0 51 0 8.3 12.2 5.0 2.5 2 1 2 2 2
-1671.8 -2685.4 -17.1 50 0 8.1 11.1 5.0 2.5 2 1 2 3 3
-1684.3 -2710.0 -17.9 55 0 7.5 10.8 5.0 2.5 2 1 2 5 5
-1725.1 -2718.5 -18.9 123 0 10.8 7.3 5.0 2.5 2 0 2 1 1
-1721.7 -2799.8 -19.6 132 0 10.2 7.6 5.0 0.0 0 0 2 1 1
-1679.0 -2748.4 -18.2 229 0 9.8 11.8 5.0 2.5 2 1 2 4 4
-1529.0 -2681.1 -15.8 56 0 6.2 11.6 2.5 2.5 4 1 1 1 1
-1539.7 -2702.2 -15.5 51 0 12.7 10.5 2.5 0.0 0 0 1 0 0
-1559.2 -2670.1 -16.3 235 0 8.1 11.2 2.5 0.0 0 1 1 0 0
-1582.5 -2675.3 -16.6 232 0 9.1 20.7 2.5 2.5 2 1 1 5 5
-1598.1 -2695.7 -16.4 232 0 11.1 17.9 2.5 2.5 2 1 1 2 2
-1624.3 -2728.0 -16.4 140 0 11.3 8.1 2.5 2.5 2 0 1 2 2
-1591.2 -2748.0 -15.3 135 0 8.9 9.4 2.5 2.5 2 1 1 3 3
-1599.0 -2776.1 -15.1 314 0 9.4 9.7 5.0 2.5 2 1 2 3 3
-1541.8 -2793.3 -13.4 46 0 7.5 11.7 2.5 2.5 2 1 1 4 4
-1612.4 -3002.6 -15.7 330 0 9.6 6.4 5.0 2.5 2 0 2 2 2
-1619.4 -3008.0 -15.9 330 0 8.6 6.9 5.0 0.0 0 0 2 4 4
-1634.7 -3016.9 -16.2 151 0 10.3 7.6 5.0 2.5 2 0 2 3 3
-1605.4 -2880.1 -15.1 43 0 13.8 10.0 5.0 2.5 2 0 2 1 1
-1615.0 -2955.1 -15.1 329 0 9.0 8.4 5.0 2.5 2 0 2 5 5
-1630.9 -2932.7 -15.1 328 0 9.9 10.5 5.0 2.5 2 1 2 4 4
-1650.0 -2927.0 -15.1 134 0 10.0 14.0 5.0 2.5 2 1 2 1 1
-1649.5 -2905.7 -15.0 308 0 7.8 10.8 5.0 2.5 2 1 2 4 4
-1679.6 -2925.8 -15.6 150 0 15.0 9.4 5.0 2.5 4 0 2 4 4
-1710.7 -2899.2 -16.8 133 0 9.1 7.6 5.0 0.0 0 0 2 3 3
-1668.1 -2878.8 -15.1 310 0 8.5 10.3 5.0 2.5 2 1 2 5 5
-1678.7 -2858.2 -16.1 308 0 7.6 10.4 5.0 0.0 0 1 2 5 5
-1689.4 -2850.2 -16.8 304 0 8.5 10.5 5.0 2.5 2 1 2 5 5
-1703.1 -2840.4 -17.8 310 0 7.8 8.0 5.0 2.5 2 1 2 4 4
-1715.3 -2827.3 -18.5 306 0 7.8 14.5 5.0 2.5 2 1 2 3 3
-1727.8 -2823.6 -18.8 308 0 9.0 8.3 5.0 2.5 2 0 2 4 4
-1741.7 -2814.0 -19.8 310 0 11.4 8.6 5.0 2.5 2 0 2 5 5
-1786.4 -2877.2 -19.7 132 0 12.0 10.2 5.0 2.5 2 0 2 5 5
-1778.9 -2886.5 -19.5 135 0 8.3 10.7 5.0 2.5 2 1 2 4 4
-1828.3 -2690.3 -26.4 279 0 15.1 20.7 2.5 2.5 4 1 1 2 2
-1805.3 -2769.3 -23.2 73 0 8.5 13.1 2.5 2.5 2 1 1 2 2
-1833.8 -2828.4 -21.5 242 0 8.0 11.6 5.0 2.5 2 1 2 3 3
-1844.2 -2847.3 -21.6 60 0 7.5 10.9 5.0 2.5 2 1 2 4 4
-1888.3 -2846.1 -22.1 234 0 16.5 7.5 5.0 2.5 2 0 2 1 1
-1937.9 -2923.2 -21.9 235 0 9.4 6.9 5.0 2.5 2 0 2 0 0
-1967.7 -2847.4 -21.0 311 0 13.4 7.2 2.5 2.5 2 0 1 3 3
-1964.5 -2895.0 -20.9 44 0 5.6 12.4 2.5 2.5 2 1 1 2 2
-1988.5 -2881.8 -19.2 44 0 9.4 11.8 2.5 2.5 2 1 1 2 2
-2094.4 -2895.8 -19.3 251 0 6.2 9.6 2.5 0.0 0 1 1 3 3
-2096.6 -2917.2 -19.4 73 0 8.3 9.5 2.5 2.5 2 1 1 2 2
-2067.1 -2918.1 -18.1 68 0 9.8 9.6 2.5 2.5 2 0 1 1 1
-2049.4 -2914.0 -18.1 68 0 7.5 10.6 2.5 2.5 2 1 1 2 2
-2023.3 -2880.5 -17.9 243 0 10.7 19.1 2.5 2.5 2 1 1 0 0
-1875.2 -2972.1 -21.3 42 0 9.0 11.0 5.0 2.5 2 1 2 0 0
-1921.6 -2909.5 -22.0 237 0 8.3 16.1 5.0 2.5 2 1 2 4 4
-1966.6 -2956.7 -22.0 141 0 11.4 16.5 5.0 2.5 2 1 2 1 1
-1944.4 -2981.1 -21.4 142 0 9.5 13.8 5.0 2.5 2 1 2 2 2
-1937.3 -2993.1 -21.3 145 0 11.8 15.8 5.0 2.5 2 1 2 2 2
-1916.8 -3006.9 -21.1 143 0 9.5 12.3 5.0 2.5 2 1 2 3 3
-1902.6 -3038.9 -20.7 141 0 8.9 10.3 5.0 2.5 2 1 2 4 4
-1907.1 -3149.6 -18.3 59 0 9.7 63.9 5.0 2.5 2 1 2 0 0
-1944.4 -3040.6 -19.9 322 0 9.2 10.0 5.0 2.5 2 1 2 5 5
-1965.3 -3001.6 -21.0 319 0 8.8 14.4 5.0 2.5 2 1 2 3 3
-2023.7 -2946.8 -21.1 251 0 8.3 12.6 5.0 2.5 2 1 2 3 3
-2056.1 -2953.0 -20.9 262 0 7.8 14.2 5.0 2.5 2 1 2 2 2
-2080.3 -2961.8 -20.1 265 0 9.6 18.1 5.0 2.5 2 1 2 0 0
-2184.2 -2964.9 -17.0 270 0 9.2 9.7 5.0 2.5 2 1 2 3 3
-2168.6 -2965.0 -17.6 272 0 9.0 10.3 5.0 2.5 4 1 2 2 2
-2140.6 -3002.3 -18.0 359 0 12.7 9.2 5.0 2.5 2 0 2 4 4
-2164.0 -3023.6 -17.1 80 0 8.2 11.7 5.0 2.5 2 1 2 1 1
-2179.5 -3134.2 -10.1 156 0 9.0 12.2 5.0 2.5 2 1 2 0 0
-2158.1 -3114.0 -11.9 341 0 7.5 17.0 5.0 2.5 2 1 2 4 4
-2200.5 -3055.5 -15.4 170 0 12.3 18.6 5.0 2.5 2 1 2 2 2
-2204.1 -3038.9 -15.5 169 0 8.4 11.0 5.0 2.5 2 1 2 1 1
-2212.3 -3013.7 -14.9 175 0 10.0 9.7 5.0 2.5 2 0 2 3 3
-2198.6 -3016.2 -16.1 162 0 19.4 14.5 5.0 2.5 2 0 2 4 4
-2210.5 -2969.7 -16.1 178 0 10.6 9.2 5.0 2.5 2 0 2 3 3
-2225.6 -2925.4 -20.2 91 0 11.1 8.2 5.0 2.5 4 0 2 3 3
-2247.6 -2941.1 -15.9 289 0 13.7 19.9 5.0 2.5 2 1 2 1 1
-2256.8 -2920.6 -19.8 106 0 9.3 16.8 5.0 0.0 0 1 2 1 1
-2300.3 -2900.0 -18.6 105 0 9.6 13.7 5.0 2.5 2 1 2 5 5
-2465.2 -2830.9 -26.4 56 0 16.2 10.7 5.0 2.5 4 0 2 5 5
-2399.8 -2863.8 -14.9 89 0 9.9 15.2 5.0 2.5 2 1 2 5 5
-2416.2 -2823.3 -21.8 257 0 7.7 15.7 5.0 2.5 2 1 2 3 3
-2456.2 -2856.8 -21.1 91 0 18.3 12.2 5.0 2.5 2 0 2 3 3
-2431.3 -2885.5 -9.4 271 0 10.0 15.1 2.5 2.5 2 1 1 1 1
-2452.0 -2879.2 -12.8 288 0 8.4 16.2 2.5 2.5 2 1 1 2 2
-2513.6 -2903.8 -14.9 229 0 19.7 9.6 2.5 2.5 2 0 1 0 0
-2565.0 -2941.6 -15.4 221 0 8.8 10.0 2.5 2.5 4 1 1 3 3
-2572.6 -2965.4 -15.4 40 0 9.7 12.0 2.5 2.5 2 1 1 5 5
3800.1 6376.5 -19.1 0 0 10.5 11.9 5.0 2.5 2 1 2 1 1
3794.0 6455.8 -17.7 357 0 12.9 14.0 5.0 2.5 2 1 2 4 4
4086.6 6682.5 -13.1 13 0 11.8 8.5 2.5 2.5 2 0 1 4 4
4054.1 6698.5 -11.5 279 0 8.6 11.5 7.5 2.5 2 1 3 5 5
4030.3 6707.2 -10.3 271 0 7.2 12.5 5.0 2.5 2 1 2 5 5
4004.8 6707.6 -10.5 271 0 7.8 11.3 7.5 2.5 2 1 3 2 2
3976.9 6714.5 -11.8 272 0 8.6 13.9 5.0 2.5 2 1 2 2 2
3922.9 6717.0 -14.4 267 0 9.9 15.8 2.5 2.5 2 1 1 5 5
3894.1 6711.0 -15.4 266 0 7.6 12.7 7.5 2.5 2 1 3 5 5
3863.5 6713.9 -16.2 267 0 9.4 15.5 7.5 2.5 2 1 3 4 4
3837.2 6696.1 -16.8 88 0 8.1 10.0 5.0 2.5 2 1 2 2 2
3809.4 6708.8 -16.3 268 0 7.9 14.6 5.0 0.0 0 1 2 3 3
3689.9 6541.5 -22.5 18 0 35.7 11.3 5.0 0.0 0 0 2 1 1
3876.0 6301.5 -22.2 87 0 9.8 28.5 5.0 2.5 4 1 2 0 0
3957.9 6619.1 -14.7 357 0 8.1 4.3 5.0 2.5 2 0 2 1 1
3941.0 6629.6 -15.3 267 0 8.5 14.2 5.0 2.5 2 1 2 1 1
3909.5 6624.8 -16.0 267 0 6.6 10.6 5.0 2.5 4 1 2 2 2
3870.7 6626.2 -17.4 267 0 9.3 12.7 5.0 2.5 2 1 2 0 0
3826.3 6620.6 -18.8 177 0 8.6 10.1 5.0 2.5 4 1 2 5 5
3828.2 6559.7 -19.9 177 0 8.3 13.3 5.0 2.5 2 1 2 3 3
3829.4 6523.4 -19.9 177 0 8.2 10.7 5.0 2.5 2 1 2 4 4
3780.7 6513.4 -17.4 267 0 9.3 13.8 5.0 2.5 2 1 2 3 3
3830.3 6486.6 -18.2 177 0 7.5 10.3 5.0 2.5 2 1 2 2 2
3831.3 6455.6 -20.0 177 0 6.3 10.7 5.0 0.0 0 1 2 5 5
3831.2 6427.2 -21.4 177 0 7.5 11.2 5.0 2.5 2 1 2 4 4
3831.0 6398.4 -21.9 177 0 8.5 12.8 5.0 2.5 2 1 2 3 3
3825.8 6370.3 -21.5 179 0 7.3 16.7 5.0 2.5 2 1 2 1 1
3830.7 6341.9 -20.8 181 0 7.8 11.2 5.0 2.5 2 1 2 2 2
3802.4 6292.6 -19.7 270 0 28.3 8.7 5.0 2.5 2 0 2 0 0
3772.7 6288.2 -18.3 270 0 17.5 8.2 5.0 2.5 2 0 2 1 1
3749.5 6287.9 -18.2 268 0 17.5 9.0 5.0 2.5 2 0 2 0 0
3683.2 6289.4 -18.2 270 0 12.5 11.0 5.0 2.5 4 0 2 4 4
3595.8 6330.2 -25.0 98 0 31.2 12.4 5.0 2.5 2 0 2 0 0
3602.1 6292.8 -23.9 288 0 12.6 18.2 5.0 2.5 2 1 2 1 1
3569.3 6297.9 -24.4 288 0 19.0 10.9 5.0 2.5 2 0 2 0 0
3541.5 6309.1 -24.6 297 0 29.9 13.1 5.0 2.5 2 0 2 2 2
3488.1 6320.5 -26.1 198 0 10.8 30.9 5.0 2.5 4 1 2 2 2
4728.5 77.0 -8.5 77 0 10.3 9.8 7.5 2.5 4 0 3 1 1
4345.6 893.4 -11.8 95 0 11.2 10.2 5.0 2.5 4 0 2 5 5
4440.3 927.0 -17.8 270 0 13.6 11.3 5.0 2.5 2 0 2 3 3
4432.6 904.8 -17.3 180 0 11.6 13.6 5.0 2.5 2 1 2 5 5
4402.3 839.6 -14.5 176 0 9.6 9.7 5.0 2.5 2 1 2 0 0
4349.4 752.2 -10.0 3 0 10.8 14.4 2.5 2.5 2 1 1 1 1
4341.5 722.6 -8.8 93 0 9.9 11.4 7.5 2.5 2 1 3 0 0
4405.1 802.3 -14.4 181 0 14.9 8.1 5.0 2.5 2 0 2 1 1
4570.8 660.2 -4.4 271 0 12.8 15.8 2.5 2.5 2 1 1 0 0
4536.1 764.8 -3.9 187 0 12.6 10.2 5.0 2.5 2 0 2 3 3
4573.1 770.3 -4.7 272 0 7.9 14.9 5.0 2.5 2 1 2 1 1
4599.2 763.9 -4.9 287 0 9.5 14.1 5.0 2.5 2 1 2 2 2
4674.1 714.9 -4.9 115 0 9.9 10.5 7.5 0.0 0 1 3 3 3
4477.4 353.0 -3.0 267 0 10.0 12.2 7.5 2.5 2 1 3 2 2
4485.5 306.8 -5.2 135 0 13.2 11.4 2.5 2.5 4 0 1 3 3
4523.8 261.9 -6.8 133 0 10.0 10.5 7.5 2.5 2 1 3 2 2
4562.7 256.6 -3.9 316 0 8.8 9.9 5.0 2.5 2 1 2 3 3
4578.6 230.4 -3.3 129 0 11.1 8.9 7.5 2.5 2 0 3 5 5
4627.1 223.8 -3.5 314 0 9.9 13.7 7.5 2.5 2 1 3 0 0
4943.4 -181.8 -3.1 69 0 6.2 9.2 7.5 2.5 2 1 3 2 2
4843.4 -230.7 -11.1 65 0 19.9 10.9 5.0 2.5 2 0 2 0 0
4968.7 -430.0 -2.9 58 0 13.9 17.9 7.5 2.5 2 1 3 1 1
6119.3 -1564.7 -8.4 118 0 10.8 10.1 5.0 2.5 2 0 2 0 0
6184.2 -1608.1 -8.3 111 0 8.3 15.3 7.5 2.5 4 1 3 2 2
6575.4 -1846.4 -16.6 36 0 10.0 7.4 7.5 2.5 2 0 3 3 3
6844.4 -1920.3 -14.0 90 0 10.4 9.8 5.0 2.5 2 0 2 0 0
-5464.9 -6028.2 -23.1 30 0 11.8 34.7 5.0 2.5 2 1 2 4 4
-6537.8 -6845.7 -32.9 153 0 12.0 13.4 2.5 2.5 2 1 1 3 3
-6510.4 -6856.1 -32.9 334 0 27.7 15.9 2.5 2.5 2 0 1 1 1
-6596.2 -6724.2 -34.0 158 0 9.6 12.0 2.5 2.5 2 1 1 1 1
-6587.2 -6746.7 -33.4 152 0 9.7 11.2 2.5 2.5 2 1 1 2 2
-6559.5 -6689.9 -33.4 338 0 13.5 31.5 2.5 2.5 2 1 1 3 3
-6617.1 -6686.9 -33.9 153 0 16.7 25.6 2.5 2.5 4 1 1 0 0
-6726.1 -6569.8 -34.7 240 0 6.6 13.3 2.5 0.0 0 1 1 0 0
-6737.7 -6586.9 -34.8 155 0 19.1 7.8 2.5 2.5 2 0 1 5 5
-6702.4 -6567.7 -34.5 335 0 15.5 9.8 2.5 2.5 2 0 1 1 1
-6679.3 -6614.1 -34.8 336 0 9.5 19.2 2.5 2.5 4 1 1 3 3
-6668.7 -6632.6 -34.8 334 0 17.9 21.2 2.5 2.5 2 1 1 3 3
-6657.9 -6658.9 -34.8 334 0 20.8 15.4 2.5 2.5 2 0 1 1 1
-6641.4 -6689.5 -34.8 336 0 15.0 7.0 2.5 2.5 4 0 1 5 5
-6633.0 -6707.3 -34.7 333 0 8.7 15.0 2.5 0.0 0 1 1 0 0
-6639.6 -6733.5 -34.4 59 0 19.7 10.0 2.5 2.5 4 0 1 1 1
-6712.2 -6685.0 -36.4 332 0 32.1 11.9 7.5 2.5 2 0 3 3 3
-6741.6 -6631.3 -36.0 330 0 50.3 10.2 12.5 2.5 2 0 5 5 5
-6781.2 -6704.4 -35.6 145 0 9.7 13.7 7.5 2.5 2 1 3 0 0
-6851.1 -6662.0 -34.6 154 0 10.9 9.5 7.5 0.0 0 0 3 4 4
-6850.4 -6674.1 -34.6 153 0 6.0 12.5 2.5 2.5 2 1 1 5 5
-6838.1 -6659.5 -35.4 153 0 13.2 37.8 12.5 2.5 2 1 5 1 1
-6842.8 -6687.1 -34.9 155 0 18.1 12.8 5.0 2.5 2 0 2 3 3
-6830.8 -6706.3 -35.0 153 0 23.3 13.4 7.5 2.5 2 0 3 3 3
-6817.5 -6740.6 -34.9 157 0 19.4 16.9 7.5 2.5 2 0 3 5 5
-6859.3 -6769.0 -33.8 62 0 14.9 20.5 2.5 2.5 2 1 1 2 2
-6902.7 -6780.6 -33.0 148 0 11.2 9.8 2.5 2.5 2 0 1 2 2
-6884.0 -6812.8 -33.1 42 0 7.1 15.2 2.5 2.5 2 1 1 1 1
-6888.1 -6719.3 -33.5 63 0 13.4 29.9 2.5 2.5 2 1 1 5 5
-6868.1 -6729.9 -33.8 336 0 14.7 5.4 2.5 2.5 2 0 1 5 5
-6908.0 -6747.6 -33.7 153 0 13.1 34.2 2.5 2.5 2 1 1 0 0
-6862.2 -6719.4 -34.1 64 0 12.1 42.5 2.5 2.5 2 1 1 5 5
-6894.6 -6663.1 -33.5 243 0 10.2 16.7 2.5 2.5 2 1 1 4 4
-5280.8 -5753.3 -23.0 43 0 15.8 10.9 5.0 2.5 2 0 2 4 4
-5298.9 -5767.3 -22.8 38 0 12.5 7.3 5.0 2.5 2 0 2 0 0
-5312.0 -5748.0 -22.8 309 0 7.8 8.9 5.0 2.5 4 1 2 2 2
-5331.6 -5741.6 -22.7 306 0 15.7 8.2 5.0 0.0 0 0 2 3 3
-5341.9 -5758.5 -22.6 125 0 12.5 7.3 5.0 2.5 2 0 2 5 5
-5308.4 -5784.3 -22.0 40 0 8.1 14.8 5.0 0.0 0 1 2 2 2
-5311.6 -5830.5 -17.8 222 0 15.0 21.7 5.0 2.5 4 1 2 1 1
-5396.9 -5777.0 -22.2 224 0 9.9 6.6 5.0 2.5 2 0 2 2 2
-5370.3 -5792.9 -22.8 312 0 7.9 9.3 5.0 2.5 2 1 2 0 0
-5330.1 -5798.7 -20.8 311 0 9.6 8.7 5.0 2.5 4 0 2 5 5
-5349.4 -5849.2 -19.9 41 0 14.1 10.5 5.0 2.5 2 0 2 1 1
-5433.6 -5839.8 -24.4 312 0 6.8 11.2 5.0 2.5 2 1 2 0 0
-5461.3 -5852.4 -24.3 223 0 6.9 11.7 5.0 0.0 0 1 2 1 1
-5418.1 -5853.0 -23.5 317 0 10.2 8.6 5.0 2.5 4 0 2 5 5
-5431.3 -5884.9 -24.4 132 0 13.2 15.2 5.0 2.5 2 0 2 3 3
-5411.8 -5892.2 -23.4 42 0 15.1 12.9 5.0 2.5 2 0 2 2 2
-5437.2 -5926.7 -24.4 135 0 10.5 12.2 5.0 0.0 0 1 2 0 0
-5488.5 -5953.8 -23.7 208 0 9.7 8.3 5.0 2.5 4 0 2 1 1
-5518.3 -6011.5 -23.3 120 0 13.8 14.8 5.0 0.0 0 1 2 2 2
-5488.3 -6057.1 -23.7 26 0 10.3 11.0 5.0 0.0 0 1 2 4 4
-5512.5 -6098.7 -24.3 118 0 11.6 8.4 5.0 2.5 4 0 2 0 0
-5492.7 -6082.9 -24.0 26 0 10.3 14.0 5.0 2.5 2 1 2 3 3
-5450.8 -6052.6 -22.0 209 0 11.9 17.5 5.0 2.5 2 1 2 1 1
-5454.4 -6076.6 -21.9 208 0 28.4 38.9 5.0 0.0 0 1 2 0 0
-5461.7 -6118.2 -21.5 284 0 7.8 6.2 5.0 2.5 2 0 2 0 0
-5530.1 -6146.0 -25.1 191 0 13.1 15.9 2.5 2.5 2 1 1 4 4
-5545.2 -6164.5 -25.5 191 0 12.5 28.6 2.5 2.5 2 1 1 5 5
-5486.2 -6158.0 -22.7 192 0 11.9 18.8 5.0 0.0 0 1 2 3 3
-5485.0 -6185.1 -20.7 197 0 8.4 14.9 5.0 0.0 0 1 2 5 5
-5472.5 -6207.8 -20.1 17 0 14.3 11.6 5.0 2.5 2 0 2 4 4
-5461.7 -6229.0 -19.9 17 0 24.0 10.3 5.0 2.5 2 0 2 1 1
-5500.2 -6244.7 -23.3 180 0 10.1 16.0 5.0 2.5 2 1 2 2 2
-5517.7 -6201.4 -26.1 11 0 12.5 27.4 2.5 2.5 2 1 1 0 0
-5521.0 -6218.6 -26.7 12 0 14.3 31.7 2.5 2.5 2 1 1 1 1
-5519.5 -6293.9 -24.9 1 0 36.4 12.0 2.5 2.5 2 0 1 1 1
-5473.5 -6257.9 -22.3 2 0 8.7 15.6 5.0 2.5 2 1 2 3 3
-5473.2 -6293.7 -21.9 0 0 12.2 11.3 5.0 2.5 4 0 2 0 0
-5467.6 -6308.8 -22.0 0 0 10.7 19.6 5.0 2.5 2 1 2 5 5
-5478.3 -6357.6 -24.1 131 0 19.3 17.1 5.0 2.5 2 0 2 4 4
-5453.8 -6332.3 -22.1 314 0 31.2 12.0 5.0 2.5 2 0 2 2 2
-5427.6 -6349.7 -21.6 318 0 13.6 8.0 5.0 2.5 2 0 2 5 5
-5436.3 -6356.3 -22.7 317 0 11.9 9.7 5.0 2.5 2 0 2 0 0
-5439.9 -6387.0 -24.4 132 0 14.2 9.7 5.0 2.5 2 0 2 0 0
-5425.0 -6399.1 -24.4 135 0 8.0 9.3 5.0 2.5 2 1 2 2 2
-5347.8 -6433.6 -22.1 51 0 7.4 12.9 5.0 2.5 2 1 2 5 5
-5355.6 -6441.4 -22.7 57 0 6.2 10.3 5.0 2.5 2 1 2 1 1
-5366.3 -6428.3 -22.8 53 0 7.6 17.5 5.0 2.5 2 1 2 5 5
-5422.0 -6421.9 -24.5 133 0 10.7 10.9 5.0 2.5 2 1 2 4 4
-5407.8 -6424.2 -24.2 135 0 7.8 14.3 5.0 2.5 2 1 2 0 0
-5389.9 -6443.6 -23.7 136 0 7.7 17.0 5.0 2.5 2 1 2 1 1
-5370.5 -6457.3 -23.5 43 0 10.9 7.3 5.0 2.5 2 0 2 3 3
-5347.7 -6458.4 -23.0 229 0 12.2 13.1 5.0 2.5 2 1 2 1 1
-5332.5 -6443.7 -22.0 236 0 8.4 12.2 5.0 2.5 4 1 2 2 2
-5257.0 -6520.6 -23.8 311 0 6.7 11.4 5.0 0.0 0 1 2 4 4
-5284.6 -6505.1 -23.7 314 0 8.8 13.3 5.0 0.0 0 1 2 5 5
-5319.9 -6517.7 -24.7 132 0 7.9 12.0 5.0 2.5 2 1 2 2 2
-5317.2 -6530.2 -25.4 138 0 9.6 12.0 5.0 2.5 2 1 2 3 3
-5298.0 -6540.1 -25.7 137 0 18.5 13.2 5.0 2.5 2 0 2 5 5
-5276.7 -6557.0 -26.0 137 0 6.1 13.0 5.0 2.5 2 1 2 1 1
-5259.6 -6563.7 -26.1 134 0 13.7 8.7 5.0 2.5 2 0 2 0 0
-5249.4 -6582.2 -26.7 135 0 11.8 16.4 5.0 2.5 4 1 2 5 5
-5237.9 -6595.7 -26.6 144 0 14.5 21.9 5.0 2.5 2 1 2 3 3
-5268.9 -6716.2 -26.6 319 0 10.8 11.8 5.0 2.5 2 1 2 2 2
-5199.3 -6710.5 -28.1 227 0 12.6 7.1 5.0 2.5 2 0 2 5 5
-5189.4 -6727.0 -28.3 138 0 13.2 10.3 5.0 2.5 2 0 2 1 1
-5156.6 -6756.5 -29.0 48 0 19.2 17.2 5.0 2.5 2 0 2 2 2
-5087.9 -6586.8 -15.5 225 0 21.8 43.3 5.0 0.0 0 1 2 0 0
-4920.2 -6922.5 -21.7 67 0 18.1 15.1 7.5 0.0 0 0 3 3 3
-4949.1 -6763.2 -27.7 129 0 16.5 11.2 5.0 2.5 2 0 2 5 5
-5012.9 -6822.0 -26.4 52 0 12.1 22.9 5.0 2.5 2 1 2 3 3
-4998.0 -6791.4 -26.8 53 0 9.2 14.0 5.0 2.5 2 1 2 4 4
-5001.7 -6760.3 -26.8 234 0 8.9 17.9 5.0 0.0 0 1 2 2 2
-5099.7 -6893.9 -24.2 143 0 9.6 13.0 5.0 2.5 2 1 2 4 4
-5095.2 -6903.5 -23.6 145 0 6.9 9.4 5.0 2.5 2 1 2 5 5
-5075.8 -6904.5 -23.4 327 0 10.3 15.1 5.0 2.5 2 1 2 3 3
-5026.2 -6881.6 -24.7 50 0 20.5 10.2 5.0 0.0 0 0 2 1 1
-5031.5 -6858.4 -25.2 319 0 14.1 15.4 5.0 2.5 2 1 2 4 4
-5044.8 -6839.9 -25.8 319 0 15.7 15.4 5.0 2.5 2 0 2 1 1
-5079.3 -6800.7 -27.0 300 0 14.4 11.7 5.0 2.5 2 0 2 4 4
-5099.0 -6827.6 -26.6 145 0 14.5 9.1 5.0 2.5 2 0 2 2 2
-5095.8 -6789.1 -27.6 305 0 15.5 19.0 5.0 2.5 2 1 2 2 2
-5107.2 -6734.9 -25.8 153 0 11.9 13.9 2.5 2.5 2 1 1 5 5
-5072.0 -6760.6 -26.3 49 0 7.8 19.6 2.5 2.5 2 1 1 3 3
-5055.9 -6759.0 -26.3 68 0 19.2 19.5 2.5 2.5 2 1 1 2 2
-5026.2 -6748.9 -26.0 66 0 12.5 31.0 2.5 2.5 2 1 1 4 4
-5007.0 -6720.9 -24.5 65 0 19.0 16.4 2.5 0.0 0 0 1 4 4
-4973.2 -6695.4 -23.2 54 0 13.2 17.9 2.5 2.5 2 1 1 1 1
-4946.0 -6659.1 -20.4 325 0 19.5 16.1 2.5 2.5 2 0 1 0 0
-4974.9 -6756.8 -27.0 314 0 11.1 15.8 5.0 2.5 2 1 2 4 4
-4919.1 -6830.5 -25.9 44 0 34.8 14.9 5.0 2.5 2 0 2 1 1
-4869.0 -6815.6 -26.7 44 0 9.8 30.9 5.0 2.5 2 1 2 3 3
-4913.3 -6780.7 -27.2 134 0 16.4 24.7 5.0 2.5 2 1 2 2 2
-4923.8 -6712.2 -25.4 314 0 16.4 11.5 5.0 2.5 2 0 2 2 2
-4907.4 -6721.8 -26.3 314 0 14.2 16.1 5.0 0.0 0 1 2 4 4
-4895.3 -6736.4 -26.7 314 0 16.6 10.0 5.0 2.5 2 0 2 2 2
-4882.7 -6749.2 -27.3 314 0 13.0 15.2 5.0 2.5 2 1 2 3 3
-4870.1 -6763.5 -27.5 314 0 18.3 13.4 5.0 2.5 2 0 2 0 0
-4854.5 -6787.5 -27.6 44 0 13.3 15.7 5.0 2.5 2 1 2 5 5
-4897.5 -6694.6 -24.9 44 0 30.3 13.9 5.0 2.5 2 0 2 4 4
-4890.7 -6724.7 -26.4 134 0 12.8 11.6 5.0 2.5 2 0 2 3 3
-4878.6 -6735.4 -26.9 134 0 12.8 11.2 5.0 2.5 2 0 2 5 5
-4865.7 -6748.1 -27.6 134 0 15.8 11.2 5.0 0.0 0 0 2 1 1
-4852.1 -6760.6 -27.9 134 0 14.3 11.8 5.0 2.5 2 0 2 0 0
-4828.6 -6754.9 -27.9 44 0 9.5 13.7 5.0 0.0 0 1 2 4 4
-4861.4 -6711.4 -26.6 314 0 13.4 14.3 5.0 2.5 2 1 2 2 2
-4849.8 -6721.9 -27.0 314 0 11.1 14.9 5.0 2.5 2 1 2 4 4
-4839.7 -6733.1 -27.5 314 0 13.0 14.3 5.0 2.5 2 1 2 1 1
-4828.7 -6728.6 -27.1 134 0 12.0 9.6 5.0 2.5 2 0 2 2 2
-4841.3 -6719.2 -26.7 134 0 14.9 10.8 5.0 2.5 2 0 2 5 5
-4855.0 -6707.2 -26.1 134 0 10.9 14.7 5.0 0.0 0 1 2 0 0
-4865.6 -6698.6 -25.8 134 0 13.2 13.3 5.0 2.5 2 1 2 5 5
-4847.1 -6676.0 -24.8 314 0 8.0 12.7 5.0 2.5 2 1 2 4 4
-4837.2 -6687.2 -25.3 314 0 16.0 10.6 5.0 2.5 2 0 2 3 3
-4824.7 -6700.8 -25.9 314 0 13.7 10.8 5.0 2.5 2 0 2 1 1
-4813.6 -6711.3 -26.3 314 0 11.2 11.5 5.0 2.5 2 1 2 4 4
-4777.7 -6688.6 -23.6 312 0 8.6 10.1 5.0 2.5 2 1 2 5 5
-4797.6 -6679.5 -23.2 218 0 6.8 9.4 5.0 2.5 2 1 2 3 3
-4794.9 -6707.6 -24.8 133 0 10.5 7.4 5.0 0.0 0 0 2 4 4
-4806.1 -6699.1 -24.5 131 0 6.0 10.8 5.0 0.0 0 1 2 1 1
-4819.1 -6686.6 -24.1 134 0 18.6 12.0 5.0 0.0 0 0 2 4 4
-4758.0 -6660.9 -22.2 237 0 18.4 20.9 5.0 2.5 2 1 2 2 2
-4724.7 -6652.0 -20.7 251 0 19.0 15.5 5.0 2.5 2 0 2 2 2
-4607.3 -6621.3 -22.0 110 0 13.3 8.6 5.0 2.5 2 0 2 3 3
-4633.6 -6478.0 -12.5 281 0 11.7 17.9 2.5 2.5 2 1 1 5 5
-4626.3 -6527.6 -15.7 196 0 12.7 7.3 2.5 2.5 2 0 1 2 2
-4614.1 -6492.8 -17.0 187 0 15.0 14.9 2.5 0.0 0 0 1 0 0
-4620.4 -6510.2 -16.9 185 0 14.7 17.8 2.5 0.0 0 1 1 0 0
-4579.8 -6472.0 -17.7 190 0 13.6 22.1 2.5 2.5 4 1 1 4 4
-4569.3 -6496.2 -19.7 268 0 10.8 17.3 2.5 2.5 2 1 1 5 5
-4560.8 -6528.9 -20.8 90 0 7.7 13.7 2.5 2.5 4 1 1 0 0
-4537.1 -6525.9 -22.1 0 0 17.3 7.1 2.5 2.5 2 0 1 0 0
-4547.0 -6496.9 -20.9 273 0 20.0 11.4 2.5 2.5 2 0 1 1 1
-4547.3 -6484.6 -19.5 97 0 18.8 12.6 2.5 2.5 2 0 1 1 1
-4527.0 -6484.1 -20.4 0 0 7.5 8.6 2.5 2.5 2 1 1 0 0
-4526.8 -6472.7 -19.2 6 0 9.3 8.4 2.5 2.5 2 0 1 1 1
-4536.4 -6464.9 -17.9 5 0 11.1 10.6 2.5 2.5 2 0 1 0 0
-4526.8 -6453.9 -17.2 12 0 11.6 15.7 2.5 2.5 2 1 1 3 3
-4545.5 -6434.9 -15.5 193 0 12.9 16.8 2.5 2.5 4 1 1 1 1
-4548.2 -6421.3 -13.4 191 0 9.0 20.5 2.5 2.5 2 1 1 0 0
-4520.1 -6458.5 -18.8 177 0 16.1 10.2 2.5 2.5 2 0 1 0 0
-4504.9 -6478.0 -20.5 354 0 11.4 13.9 2.5 2.5 2 1 1 4 4
-4426.1 -6468.7 -20.6 348 0 14.3 13.6 2.5 2.5 2 0 1 5 5
-4446.0 -6440.7 -18.2 348 0 11.3 24.1 2.5 2.5 2 1 1 3 3
-4472.7 -6425.9 -16.9 170 0 11.8 16.2 2.5 2.5 2 1 1 5 5
-4501.3 -6452.3 -19.1 169 0 31.0 9.3 2.5 2.5 4 0 1 3 3
-4490.0 -6490.1 -21.3 79 0 10.3 19.1 2.5 2.5 2 1 1 4 4
-4461.2 -6488.6 -22.0 260 0 63.0 11.9 2.5 0.0 0 0 1 4 4
-4363.9 -6557.0 -21.8 94 0 11.9 11.7 5.0 2.5 2 0 2 5 5
-4117.6 -6646.6 -16.2 91 0 20.0 13.7 10.0 2.5 2 0 4 4 4
-4088.5 -6635.5 -17.6 0 0 23.6 12.7 12.5 2.5 2 0 5 2 2
-3924.0 -6543.0 -18.6 63 0 10.3 7.3 5.0 2.5 2 0 2 0 0
-3909.2 -6532.7 -17.9 60 0 13.9 15.7 5.0 2.5 2 1 2 2 2
-3835.8 -6515.2 -17.5 65 0 11.1 19.1 5.0 2.5 2 1 2 1 1
345.8 -632.1 -6.8 114 0 10.8 8.1 5.0 2.5 4 0 2 4 4
315.2 -700.0 -11.4 222 0 9.3 9.3 2.5 2.5 4 0 1 5 5
304.0 -756.7 -14.8 29 0 14.7 22.0 10.0 2.5 2 1 4 0 0
265.1 -817.5 -18.2 39 0 8.0 10.1 7.5 2.5 2 1 3 0 0
105.7 -1132.6 -16.0 45 0 8.8 8.0 2.5 2.5 2 0 1 1 1
-35.0 -1168.3 -14.8 45 0 7.6 10.9 7.5 2.5 2 1 3 5 5
34.2 -1195.9 -15.0 315 0 8.8 7.6 5.0 2.5 2 0 2 3 3
41.3 -1267.4 -8.9 315 0 6.9 6.1 2.5 0.0 0 0 1 0 0
9.6 -1232.6 -13.0 225 0 14.7 17.7 10.0 2.5 2 1 4 3 3
-9.8 -1259.0 -11.9 225 0 10.9 13.0 10.0 2.5 2 1 4 5 5
-17.1 -1301.2 -9.5 135 0 8.2 7.4 5.0 2.5 2 0 2 0 0
-45.0 -1270.2 -14.3 225 0 12.6 9.5 2.5 2.5 2 0 1 2 2
-171.5 -1323.8 -15.6 309 0 9.6 7.9 5.0 2.5 2 0 2 4 4
-194.3 -1353.6 -15.8 39 0 6.0 9.5 5.0 2.5 2 1 2 5 5
-253.0 -1428.3 -17.1 39 0 8.0 10.4 5.0 2.5 2 1 2 3 3
-355.3 -1534.8 -15.0 39 0 9.7 16.3 5.0 2.5 2 1 2 2 2
-379.9 -1551.7 -14.5 129 0 18.9 11.4 5.0 2.5 4 0 2 5 5
-461.8 -1570.5 -12.1 129 0 10.6 7.8 2.5 2.5 2 0 1 0 0
-432.3 -1608.9 -14.5 129 0 15.5 7.7 2.5 2.5 4 0 1 4 4
-344.2 -1623.8 -11.4 309 0 14.4 12.0 5.0 2.5 2 0 2 2 2
-396.5 -1654.3 -12.5 219 0 13.5 20.6 5.0 2.5 2 1 2 4 4
-366.0 -1677.9 -10.8 39 0 13.3 12.0 5.0 2.5 2 0 2 0 0
-374.2 -1694.7 -11.1 39 0 14.6 6.4 5.0 2.5 2 0 2 5 5
-421.2 -1697.7 -13.5 218 0 6.8 12.5 5.0 2.5 2 1 2 0 0
-407.3 -1718.0 -12.8 125 0 10.3 12.4 5.0 2.5 2 1 2 2 2
-388.2 -1726.0 -12.0 40 0 11.6 7.9 5.0 2.5 2 0 2 0 0
603.7 -285.1 -13.0 34 0 6.9 11.8 5.0 2.5 2 1 2 1 1
584.8 -239.3 -12.4 219 0 8.6 17.7 5.0 2.5 2 1 2 4 4
629.7 -241.1 -14.3 30 0 7.6 9.7 5.0 0.0 0 1 2 0 0
627.0 -174.2 -14.4 216 0 8.5 14.4 5.0 2.5 4 1 2 0 0
641.7 -158.8 -14.5 215 0 8.3 9.1 5.0 2.5 2 1 2 5 5
762.0 -76.6 -15.6 85 0 8.7 12.6 7.5 0.0 0 1 3 1 1
872.5 -47.0 -16.7 58 0 7.4 13.6 2.5 2.5 4 1 1 4 4
836.5 -34.4 -16.4 241 0 9.5 14.9 2.5 0.0 0 1 1 3 3
880.2 -115.7 -14.8 59 0 8.5 10.0 2.5 2.5 2 1 1 1 1
893.8 -103.3 -15.1 53 0 7.6 10.0 2.5 2.5 2 1 1 1 1
908.7 -105.2 -15.0 56 0 6.9 9.7 2.5 0.0 0 1 1 4 4
917.1 -98.4 -15.2 58 0 7.7 8.6 2.5 2.5 2 1 1 5 5
927.1 10.9 -17.4 320 0 11.2 10.4 2.5 2.5 2 0 1 1 1
901.5 28.3 -16.2 315 0 16.6 12.6 2.5 0.0 0 0 1 4 4
940.0 223.0 -13.2 121 0 7.7 8.7 5.0 0.0 0 1 2 5 5
998.3 287.9 -12.7 255 0 8.5 11.4 5.0 2.5 2 1 2 1 1
1055.3 320.4 -11.3 46 0 11.7 16.8 5.0 2.5 2 1 2 4 4
1095.2 361.1 -11.4 324 0 12.6 10.1 5.0 2.5 2 0 2 5 5
1099.7 549.0 -9.6 141 0 15.1 8.0 5.0 2.5 2 0 2 4 4
1167.2 487.5 -13.6 48 0 6.7 13.2 5.0 2.5 2 1 2 3 3
1153.4 424.3 -13.5 138 0 9.6 7.2 5.0 2.5 2 0 2 5 5
1160.2 529.3 -13.0 321 0 17.6 7.9 5.0 2.5 2 0 2 0 0
1207.6 526.9 -15.2 319 0 13.8 29.3 5.0 2.5 2 1 2 5 5
1409.7 731.6 -11.7 39 0 8.3 11.2 5.0 2.5 4 1 2 4 4
1469.9 832.4 -10.7 49 0 8.5 11.9 5.0 2.5 4 1 2 2 2
1571.3 823.5 -7.2 319 0 12.1 8.7 2.5 2.5 2 0 1 5 5
1558.6 802.6 -6.5 49 0 8.7 11.7 5.0 2.5 2 1 2 3 3
1547.6 798.1 -6.3 49 0 7.8 8.7 5.0 2.5 2 1 2 5 5
1577.7 949.5 -8.5 140 0 13.1 17.9 7.5 2.5 2 1 3 5 5
1642.7 967.1 -13.8 322 0 8.9 8.7 7.5 0.0 0 0 3 3 3
1646.0 864.8 -11.8 36 0 8.1 8.1 5.0 2.5 2 1 2 0 0
1656.5 888.1 -13.3 223 0 7.4 8.6 5.0 0.0 0 1 2 1 1
1681.5 902.4 -14.8 315 0 13.9 8.2 5.0 2.5 2 0 2 1 1
1723.2 893.9 -13.0 227 0 19.3 28.2 5.0 2.5 2 1 2 4 4
1861.9 1080.7 -16.2 32 0 9.5 10.5 7.5 2.5 2 1 3 3 3
1925.1 1224.1 -12.5 191 0 7.9 13.7 5.0 2.5 2 1 2 4 4
1888.1 1155.8 -12.5 218 0 5.6 11.0 7.5 2.5 2 1 3 2 2
1888.2 1132.9 -13.4 28 0 6.4 9.9 5.0 2.5 2 1 2 5 5
1850.4 1249.0 -15.1 31 0 8.7 9.4 2.5 2.5 2 1 1 1 1
1909.3 1386.4 -15.8 133 0 17.5 10.1 5.0 2.5 2 0 2 4 4
1941.1 1422.1 -15.0 228 0 8.8 11.6 2.5 2.5 4 1 1 4 4
1989.0 1470.0 -13.9 219 0 8.9 11.6 7.5 2.5 2 1 3 3 3
2023.4 1510.4 -12.5 217 0 7.9 11.8 7.5 2.5 2 1 3 2 2
2044.6 1529.9 -11.6 229 0 8.6 10.0 7.5 2.5 2 1 3 2 2
2079.4 1546.7 -11.9 43 0 11.4 17.5 7.5 2.5 2 1 3 4 4
2105.9 1581.6 -13.9 46 0 6.8 15.1 5.0 2.5 2 1 2 2 2
2137.2 1619.0 -15.6 241 0 9.1 9.2 7.5 2.5 4 1 3 2 2
2164.9 1631.1 -16.3 258 0 8.9 10.1 5.0 2.5 2 1 2 3 3
2230.0 1620.4 -15.6 21 0 15.0 7.7 7.5 2.5 2 0 3 5 5
2320.6 1603.1 -9.2 36 0 11.1 12.0 2.5 2.5 2 1 1 3 3
2299.6 1504.3 -11.4 307 0 8.9 13.4 5.0 2.5 2 1 2 5 5
2314.7 1484.5 -11.3 42 0 11.6 9.4 5.0 2.5 2 0 2 2 2
2470.9 1429.6 -10.9 44 0 12.0 8.6 2.5 2.5 2 0 1 4 4
2394.7 1401.9 -11.0 317 0 9.6 16.6 7.5 2.5 4 1 3 1 1
2392.5 1369.0 -9.8 140 0 9.7 25.5 7.5 2.5 2 1 3 4 4
2488.6 1287.1 -7.6 54 0 9.1 9.8 7.5 2.5 4 1 3 4 4
2575.7 1310.6 -4.6 319 0 8.7 11.4 5.0 2.5 2 1 2 1 1
2598.1 1271.8 -8.5 54 0 11.1 9.4 2.5 2.5 2 0 1 3 3
2740.1 1187.3 -13.0 311 0 10.7 7.4 2.5 2.5 2 0 1 4 4
2726.4 1138.8 -16.3 219 0 8.0 7.5 2.5 2.5 2 0 1 5 5
2745.8 1117.8 -15.1 130 0 7.4 10.1 2.5 2.5 2 1 1 2 2
2761.9 1105.1 -14.2 129 0 7.9 9.9 2.5 2.5 4 1 1 2 2
2775.5 960.4 -16.5 63 0 9.7 8.4 5.0 2.5 2 0 2 3 3
2828.1 1009.7 -15.6 51 0 9.9 9.0 5.0 2.5 2 0 2 3 3
2987.7 801.6 -10.1 67 0 9.3 13.0 5.0 2.5 2 1 2 3 3
2908.1 818.4 -11.5 54 0 8.7 9.3 7.5 2.5 2 1 3 0 0
2884.1 960.7 -16.2 312 0 8.1 9.7 7.5 2.5 2 1 3 5 5
2913.8 936.6 -16.7 311 0 7.8 10.8 7.5 0.0 0 1 3 0 0
3255.2 730.4 -10.3 117 0 10.7 11.7 7.5 2.5 4 1 3 2 2
3278.8 721.0 -10.3 102 0 8.3 8.5 5.0 2.5 2 1 2 4 4
3326.4 706.0 -10.5 105 0 6.9 12.7 7.5 0.0 0 1 3 0 0
3390.9 784.7 -5.1 99 0 8.9 23.8 5.0 2.5 2 1 2 4 4
3489.3 749.1 -5.7 114 0 9.7 10.1 5.0 2.5 2 1 2 1 1
3661.4 647.5 -7.7 85 0 11.0 13.2 5.0 2.5 2 1 2 2 2
3757.2 606.8 -11.9 56 0 8.9 8.0 2.5 2.5 2 0 1 0 0
3767.5 719.9 -6.7 56 0 8.0 14.7 5.0 2.5 4 1 2 2 2
3780.5 746.4 -6.8 236 0 7.5 12.0 5.0 2.5 2 1 2 1 1
3883.2 679.9 -6.0 61 0 9.2 9.9 2.5 2.5 2 1 1 1 1
3932.8 795.2 -6.4 74 0 7.9 11.8 2.5 2.5 2 1 1 2 2
4008.9 746.3 -4.1 60 0 5.9 10.7 5.0 2.5 2 1 2 0 0
4062.4 885.3 -4.5 76 0 6.7 10.1 7.5 2.5 2 1 3 5 5
4105.0 803.0 -5.4 48 0 7.8 12.4 2.5 2.5 2 1 1 2 2
4159.0 891.5 -5.3 81 0 9.5 11.5 5.0 2.5 2 1 2 4 4
4250.7 792.0 -4.7 94 0 8.1 9.0 5.0 2.5 4 1 2 4 4
-5411.4 -6469.3 -24.0 318 0 17.7 45.3 5.0 2.5 2 1 2 4 4
-6553.9 -6934.3 -31.4 150 0 9.4 20.6 5.0 2.5 2 1 2 4 4
-6555.3 -6919.2 -31.0 152 0 9.6 15.1 5.0 2.5 2 1 2 4 4
-6577.1 -6864.1 -32.7 64 0 17.7 10.3 2.5 0.0 0 0 1 1 1
-6608.7 -6815.6 -31.9 242 0 17.5 9.4 2.5 2.5 2 0 1 0 0
-6623.9 -6862.0 -32.6 152 0 17.6 9.9 2.5 2.5 2 0 1 0 0
-6580.7 -6837.3 -32.2 332 0 13.2 10.8 2.5 0.0 0 0 1 3 3
-6543.8 -6746.5 -32.9 332 0 9.1 11.4 2.5 2.5 2 1 1 2 2
-6584.7 -6765.9 -32.9 163 0 12.5 15.7 2.5 0.0 0 1 1 1 1
-6564.1 -6789.8 -32.2 157 0 14.3 15.2 2.5 2.5 2 1 1 1 1
-6523.6 -6806.4 -32.0 339 0 19.4 21.3 2.5 2.5 2 1 1 2 2
-6428.4 -6411.2 -30.5 120 0 8.6 11.3 5.0 2.5 4 1 2 2 2
-6438.9 -6403.4 -30.7 122 0 9.1 11.2 5.0 2.5 2 1 2 4 4
-6433.9 -6426.0 -31.4 298 0 12.6 14.8 5.0 2.5 4 1 2 1 1
-6538.1 -6419.8 -32.1 70 0 10.2 19.6 5.0 2.5 2 1 2 1 1
-6601.0 -6451.9 -32.7 247 0 18.4 25.6 5.0 2.5 2 1 2 2 2
-6574.9 -6443.7 -32.3 249 0 14.3 14.5 5.0 2.5 2 1 2 2 2
-6551.2 -6439.7 -32.5 257 0 8.6 13.8 5.0 2.5 2 1 2 0 0
-6532.6 -6431.7 -32.5 265 0 14.8 11.1 5.0 2.5 2 0 2 4 4
-6532.1 -6460.0 -32.7 90 0 16.9 11.3 5.0 2.5 4 0 2 3 3
-6513.5 -6468.7 -32.8 90 0 15.1 23.6 5.0 2.5 2 1 2 4 4
-6493.8 -6471.9 -32.8 91 0 19.4 26.0 5.0 2.5 2 1 2 1 1
-6462.2 -6475.4 -32.6 102 0 31.9 15.6 5.0 2.5 2 0 2 5 5
-6410.0 -6528.7 -33.0 23 0 13.0 12.9 5.0 2.5 2 0 2 0 0
-6430.4 -6513.5 -33.0 305 0 12.8 13.7 5.0 2.5 2 1 2 5 5
-6411.3 -6559.2 -33.7 280 0 27.5 9.6 5.0 2.5 2 0 2 2 2
-6438.7 -6562.3 -33.7 100 0 16.7 11.4 5.0 2.5 2 0 2 3 3
-6454.7 -6559.2 -33.7 100 0 8.3 11.1 5.0 2.5 2 1 2 1 1
-6470.6 -6506.0 -33.2 190 0 14.5 10.4 5.0 2.5 2 0 2 3 3
-6474.6 -6528.7 -33.5 190 0 19.3 9.9 5.0 2.5 2 0 2 5 5
-6478.0 -6554.3 -33.7 190 0 17.6 8.7 5.0 2.5 2 0 2 5 5
-6533.2 -6499.6 -33.2 257 0 20.7 26.0 5.0 2.5 2 1 2 4 4
-6532.7 -6550.2 -33.2 94 0 11.7 16.6 5.0 2.5 2 1 2 0 0
-6499.0 -6500.0 -33.2 4 0 7.0 16.5 5.0 2.5 2 1 2 4 4
-6495.6 -6527.5 -33.4 4 0 10.3 10.6 5.0 0.0 0 1 2 5 5
-6498.0 -6545.2 -33.5 4 0 12.8 22.6 5.0 2.5 2 1 2 2 2
-6502.3 -6559.3 -33.5 4 0 9.3 19.0 5.0 2.5 2 1 2 0 0
-6498.3 -6616.2 -33.5 96 0 12.3 20.1 2.5 2.5 2 1 1 5 5
-6516.4 -6584.7 -33.5 277 0 13.0 12.3 2.5 2.5 4 0 1 4 4
-6531.6 -6607.6 -33.3 83 0 8.0 17.7 2.5 2.5 2 1 1 3 3
-6548.7 -6554.7 -33.1 63 0 10.2 15.2 5.0 2.5 2 1 2 0 0
-6617.2 -6516.8 -33.1 243 0 13.5 22.5 5.0 2.5 2 1 2 0 0
-6586.8 -6500.8 -33.0 243 0 9.8 25.7 5.0 2.5 2 1 2 2 2
-6589.2 -6531.3 -33.1 243 0 38.4 9.1 5.0 2.5 2 0 2 2 2
-6567.7 -6586.5 -33.2 63 0 12.2 17.2 5.0 2.5 2 1 2 3 3
-6578.3 -6596.0 -33.2 63 0 7.0 18.1 5.0 2.5 2 1 2 3 3
-6621.3 -6544.5 -33.2 244 0 10.7 20.3 5.0 2.5 4 1 2 0 0
-6647.8 -6539.5 -33.2 243 0 16.1 41.6 5.0 2.5 2 1 2 1 1
-6601.4 -6599.5 -33.2 63 0 8.9 29.2 5.0 2.5 2 1 2 5 5
-6613.3 -6604.8 -33.2 63 0 7.7 20.1 5.0 2.5 2 1 2 5 5
-6686.9 -6564.4 -33.8 153 0 23.5 11.7 5.0 2.5 2 0 2 4 4
-6673.7 -6585.4 -33.7 153 0 20.0 12.6 5.0 2.5 2 0 2 0 0
-6668.2 -6601.1 -33.7 153 0 8.8 15.7 5.0 2.5 2 1 2 5 5
-6661.2 -6614.1 -33.7 153 0 14.4 11.8 5.0 2.5 2 0 2 5 5
-6644.3 -6630.7 -33.7 63 0 14.6 12.0 5.0 2.5 2 0 2 3 3
-6550.6 -6596.8 -33.1 243 0 7.0 15.5 2.5 0.0 0 1 1 0 0
-6562.8 -6604.0 -33.1 243 0 8.5 23.1 2.5 2.5 2 1 1 2 2
-6576.9 -6606.9 -33.2 243 0 12.2 21.2 2.5 2.5 2 1 1 4 4
-6585.8 -6652.6 -32.9 243 0 9.7 7.5 2.5 2.5 2 0 1 0 0
-6552.6 -6687.9 -32.5 153 0 10.3 10.8 2.5 2.5 2 1 1 2 2
-6553.2 -6657.8 -32.7 333 0 12.4 12.5 2.5 2.5 2 1 1 4 4
-6601.3 -6622.3 -33.2 243 0 9.0 18.1 2.5 2.5 2 1 1 4 4
-6618.1 -6629.9 -33.3 243 0 16.1 22.9 2.5 2.5 2 1 1 1 1
-6639.2 -6638.6 -33.7 243 0 16.3 24.1 2.5 2.5 2 1 1 2 2
-6621.9 -6492.8 -32.9 63 0 20.3 15.5 5.0 2.5 4 0 2 4 4
-6570.2 -6430.3 -31.8 63 0 10.0 25.3 5.0 2.5 2 1 2 5 5
-6583.8 -6432.3 -31.5 63 0 10.6 17.3 5.0 2.5 2 1 2 1 1
-6597.3 -6435.2 -31.5 63 0 9.6 14.5 5.0 2.5 2 1 2 1 1
-6610.1 -6442.1 -32.3 63 0 9.6 17.9 5.0 2.5 4 1 2 0 0
-6638.5 -6454.0 -32.5 63 0 8.4 16.8 5.0 2.5 2 1 2 5 5
-6653.9 -6465.9 -32.7 63 0 6.9 15.9 5.0 2.5 2 1 2 5 5
-6664.9 -6473.5 -33.0 63 0 10.4 16.8 5.0 2.5 2 1 2 3 3
-6665.6 -6502.8 -33.3 333 0 22.9 14.7 5.0 2.5 4 0 2 3 3
-6683.4 -6525.3 -33.6 63 0 16.1 12.3 5.0 2.5 2 0 2 4 4
-6699.8 -6533.8 -33.9 63 0 11.7 20.8 5.0 2.5 4 1 2 4 4
-6746.3 -6553.2 -34.1 63 0 10.5 27.7 5.0 0.0 0 1 2 4 4
-6730.8 -6548.0 -34.1 63 0 13.4 22.9 5.0 2.5 4 1 2 0 0
-6766.7 -6566.1 -34.3 63 0 15.3 20.0 5.0 2.5 2 1 2 1 1
-6804.1 -6525.2 -33.7 243 0 9.8 11.7 5.0 2.5 2 1 2 3 3
-6786.1 -6568.7 -34.3 63 0 18.2 31.9 5.0 2.5 2 1 2 2 2
-6830.4 -6548.2 -34.0 243 0 7.0 13.5 5.0 2.5 2 1 2 3 3
-6836.0 -6595.9 -34.4 63 0 18.2 9.9 5.0 2.5 2 0 2 1 1
-6853.0 -6606.8 -34.3 63 0 17.3 18.0 5.0 0.0 0 1 2 1 1
-6867.9 -6614.7 -34.0 63 0 9.0 18.0 5.0 2.5 2 1 2 2 2
-6894.2 -6628.5 -33.3 61 0 9.3 20.7 5.0 2.5 2 1 2 0 0
-6905.5 -6629.9 -33.0 60 0 6.6 20.3 5.0 2.5 2 1 2 3 3
-5155.8 -6674.5 -25.0 144 0 7.6 11.3 2.5 2.5 2 1 1 4 4
-5346.0 -6526.0 -24.7 319 0 8.4 15.6 5.0 2.5 2 1 2 5 5
-5339.1 -6537.1 -24.8 321 0 6.6 17.5 5.0 2.5 2 1 2 0 0
-5356.4 -6654.9 -24.6 136 0 29.5 16.8 5.0 2.5 2 0 2 4 4
-5298.1 -6628.8 -26.0 53 0 28.5 19.7 5.0 2.5 2 0 2 3 3
-5303.3 -6580.2 -25.7 316 0 9.4 20.6 5.0 2.5 2 1 2 2 2
-5310.6 -6570.0 -25.5 319 0 10.7 24.2 5.0 2.5 2 1 2 0 0
-5324.2 -6551.2 -25.2 323 0 8.5 18.4 5.0 2.5 2 1 2 3 3
-5316.9 -6560.0 -25.3 323 0 8.9 21.7 5.0 2.5 2 1 2 4 4
-5358.3 -6593.4 -24.7 143 0 10.5 20.6 5.0 2.5 2 1 2 3 3
-5375.3 -6597.0 -24.0 143 0 21.7 11.4 5.0 2.5 2 0 2 5 5
-5393.6 -6547.8 -23.6 140 0 15.4 10.9 5.0 2.5 2 0 2 1 1
-5401.1 -6567.3 -23.7 141 0 46.8 13.4 5.0 2.5 4 0 2 1 1
-5369.7 -6513.5 -24.1 316 0 12.1 20.2 5.0 2.5 2 1 2 3 3
-5384.5 -6492.7 -23.7 319 0 10.0 22.1 5.0 2.5 2 1 2 4 4
-5517.6 -6239.1 -26.2 3 0 20.0 26.1 2.5 2.5 2 1 1 1 1
-5517.7 -6263.6 -25.4 2 0 21.5 18.5 2.5 2.5 2 0 1 3 3
-5616.9 -6157.4 -27.9 319 0 11.8 10.4 2.5 2.5 2 0 1 3 3
-5638.2 -6178.6 -28.6 139 0 9.6 8.9 2.5 2.5 2 0 1 5 5
-5654.7 -6161.1 -28.6 139 0 14.9 5.1 2.5 0.0 0 0 1 4 4
-5674.3 -6145.3 -28.0 139 0 7.7 14.7 2.5 2.5 2 1 1 1 1
-5667.7 -6114.0 -27.7 229 0 12.9 12.0 2.5 2.5 2 0 1 4 4
-5669.7 -6101.1 -27.2 319 0 7.2 9.9 2.5 2.5 2 1 1 4 4
-5688.2 -6127.5 -27.5 139 0 6.6 7.8 2.5 2.5 2 1 1 5 5
-5702.4 -6078.0 -26.6 229 0 9.7 9.3 2.5 2.5 2 0 1 4 4
-5720.8 -6087.0 -26.4 229 0 9.0 7.5 2.5 2.5 2 0 1 1 1
-5714.9 -6101.7 -26.7 139 0 8.5 10.6 2.5 2.5 2 1 1 1 1
-5764.8 -6096.4 -25.6 49 0 8.6 10.3 5.0 2.5 2 1 2 0 0
-5755.3 -6105.7 -26.0 229 0 7.6 13.1 5.0 0.0 0 1 2 2 2
-5763.1 -6111.5 -25.8 229 0 7.2 15.9 5.0 2.5 2 1 2 3 3
-5770.3 -6119.1 -25.6 228 0 6.6 12.0 5.0 0.0 0 1 2 2 2
-5781.3 -6122.9 -25.3 229 0 8.3 11.7 5.0 2.5 2 1 2 5 5
-5824.5 -6117.7 -24.6 228 0 9.8 12.0 5.0 2.5 4 1 2 4 4
-5827.1 -6146.3 -24.9 49 0 9.3 15.2 5.0 2.5 2 1 2 0 0
-5832.6 -6154.7 -25.2 49 0 6.5 14.1 5.0 2.5 2 1 2 0 0
-5812.0 -6146.8 -25.5 229 0 6.4 14.5 5.0 2.5 4 1 2 5 5
-5809.5 -6164.9 -25.7 48 0 7.3 11.4 5.0 2.5 2 1 2 3 3
-5827.4 -6160.1 -25.8 229 0 7.0 15.6 5.0 0.0 0 1 2 3 3
-5712.8 -6144.6 -27.6 319 0 16.7 16.2 5.0 2.5 2 0 2 2 2
-5721.2 -6223.6 -28.7 48 0 11.9 8.1 5.0 2.5 2 0 2 2 2
-5692.3 -6211.7 -29.1 49 0 22.6 15.4 5.0 2.5 2 0 2 1 1
-5697.8 -6247.7 -28.6 229 0 11.0 8.5 5.0 2.5 2 0 2 2 2
-5668.1 -6216.7 -29.4 139 0 11.3 15.5 5.0 2.5 4 1 2 2 2
-5656.2 -6243.8 -28.8 139 0 7.8 12.4 5.0 2.5 2 1 2 4 4
-5629.6 -6244.7 -28.7 319 0 7.3 18.3 5.0 2.5 2 1 2 5 5
-5590.7 -6231.4 -28.3 229 0 10.6 8.5 2.5 2.5 2 0 1 0 0
-5582.6 -6248.2 -27.8 139 0 11.9 14.0 2.5 2.5 2 1 1 2 2
-5565.3 -6267.7 -26.9 139 0 23.4 12.2 2.5 2.5 2 0 1 1 1
-5575.8 -6306.9 -26.5 229 0 15.1 7.3 5.0 2.5 2 0 2 2 2
-5524.0 -6337.0 -24.9 319 0 15.6 12.5 5.0 2.5 2 0 2 4 4
-5519.6 -6367.2 -25.2 139 0 8.7 10.8 5.0 0.0 0 1 2 3 3
-5502.8 -6369.4 -25.1 319 0 8.9 13.7 5.0 2.5 2 1 2 4 4
-5523.3 -6391.6 -25.3 139 0 9.1 13.5 5.0 2.5 2 1 2 1 1
-5501.5 -6389.3 -24.9 139 0 9.6 12.0 5.0 2.5 2 1 2 3 3
-5466.3 -6402.4 -24.6 319 0 17.3 16.4 5.0 2.5 2 0 2 0 0
-5455.2 -6429.6 -24.6 49 0 16.9 12.1 5.0 2.5 2 0 2 1 1
-5450.1 -6435.2 -24.4 229 0 16.6 32.5 5.0 2.5 2 1 2 1 1
-5460.9 -6452.3 -24.2 226 0 8.6 27.1 5.0 2.5 2 1 2 5 5
-5483.8 -6507.1 -24.3 54 0 11.1 11.1 5.0 2.5 2 0 2 2 2
-5532.7 -6523.4 -24.5 138 0 7.0 11.2 5.0 2.5 2 1 2 1 1
-5521.3 -6538.8 -24.2 137 0 9.1 11.8 5.0 0.0 0 1 2 5 5
-5512.3 -6551.8 -24.0 142 0 7.9 11.7 5.0 2.5 2 1 2 0 0
-5495.1 -6553.3 -23.8 324 0 8.1 8.8 5.0 2.5 2 1 2 0 0
-5457.7 -6584.6 -23.5 150 0 32.6 17.1 5.0 2.5 2 0 2 5 5
-5486.3 -6575.0 -23.6 327 0 11.2 9.2 5.0 2.5 2 0 2 0 0
-5488.7 -6596.0 -23.6 334 0 10.2 21.1 5.0 2.5 2 1 2 1 1
-5466.8 -6619.1 -24.0 70 0 10.3 25.0 5.0 2.5 2 1 2 4 4
-5447.5 -6613.8 -23.9 143 0 9.4 18.2 5.0 2.5 2 1 2 1 1
-5433.3 -6627.2 -24.2 140 0 17.1 10.7 5.0 2.5 2 0 2 2 2
-5403.9 -6667.5 -24.7 142 0 8.2 13.6 5.0 2.5 2 1 2 0 0
-5387.6 -6687.7 -25.0 142 0 26.5 15.1 5.0 2.5 2 0 2 2 2
-5318.6 -6697.3 -25.9 224 0 15.7 20.9 5.0 2.5 2 1 2 5 5
-5331.4 -6705.6 -25.9 224 0 11.5 17.6 5.0 0.0 0 1 2 0 0
-5352.1 -6738.9 -26.4 224 0 52.1 19.7 5.0 0.0 0 0 2 2 2
-5378.1 -6820.2 -25.2 134 0 10.3 33.3 5.0 0.0 0 1 2 3 3
-5393.9 -6769.5 -26.3 224 0 34.3 22.5 5.0 0.0 0 0 2 3 3
-5382.0 -5967.4 -18.0 112 0 11.3 8.0 2.5 2.5 2 0 1 0 0
-5372.5 -5937.2 -18.1 221 0 9.5 9.0 2.5 2.5 4 0 1 2 2
-5354.5 -5918.3 -17.2 300 0 10.4 7.9 2.5 2.5 4 0 1 1 1
-5164.9 -5811.5 -11.0 216 0 10.0 10.4 5.0 2.5 4 1 2 5 5
-5257.4 -5769.0 -21.0 225 0 7.4 9.7 5.0 2.5 2 1 2 4 4
-5196.3 -5735.3 -21.5 322 0 9.5 8.2 2.5 2.5 2 0 1 1 1
-5216.3 -5695.3 -22.8 52 0 12.2 14.6 2.5 2.5 2 1 1 1 1
-5198.9 -5669.6 -22.6 52 0 8.3 8.6 2.5 2.5 2 1 1 4 4
-5184.4 -5650.6 -22.5 52 0 13.7 13.1 2.5 2.5 2 0 1 4 4
-5170.9 -5638.9 -22.4 52 0 10.3 12.7 2.5 2.5 2 1 1 2 2
-5131.7 -5656.0 -21.2 232 0 6.2 15.6 5.0 2.5 4 1 2 4 4
-5154.7 -5625.0 -22.3 52 0 7.8 11.3 2.5 2.5 2 1 1 3 3
-5140.7 -5613.5 -22.2 52 0 6.4 13.5 2.5 2.5 2 1 1 4 4
-5123.5 -5604.5 -22.1 52 0 9.5 14.5 2.5 2.5 2 1 1 5 5
-5088.5 -5574.9 -21.9 52 0 5.0 11.2 2.5 2.5 2 1 1 1 1
-5077.1 -5570.6 -22.0 52 0 12.1 13.5 2.5 2.5 2 1 1 5 5
-5085.9 -5603.3 -21.1 232 0 8.6 18.6 5.0 2.5 2 1 2 5 5
-5074.4 -5595.6 -20.1 232 0 12.4 17.8 5.0 2.5 2 1 2 5 5
-5058.8 -5550.0 -23.5 56 0 28.2 38.4 2.5 0.0 0 1 1 0 0
-5026.3 -5497.3 -20.5 51 0 7.9 9.1 2.5 2.5 2 1 1 3 3
-4983.8 -5479.3 -18.7 47 0 10.9 22.8 2.5 2.5 2 1 1 4 4
-4991.1 -5492.0 -18.5 45 0 9.3 15.1 2.5 2.5 2 1 1 5 5
-4988.5 -5549.5 -16.2 60 0 12.2 12.7 5.0 2.5 4 1 2 4 4
-4980.6 -5514.1 -15.6 227 0 7.9 11.4 5.0 2.5 2 1 2 0 0
-4967.3 -5501.4 -14.9 231 0 12.7 8.4 5.0 0.0 0 0 2 2 2
-4952.8 -5489.5 -14.1 229 0 15.6 10.3 5.0 2.5 2 0 2 1 1
-4927.3 -5516.7 -11.5 44 0 18.3 9.3 5.0 0.0 0 0 2 0 0
-4907.7 -5498.5 -11.3 45 0 28.0 11.1 5.0 2.5 2 0 2 2 2
-4918.4 -5450.5 -15.4 211 0 7.6 11.5 5.0 0.0 0 1 2 1 1
-4905.7 -5439.8 -15.8 212 0 10.5 14.0 5.0 2.5 2 1 2 5 5
-4872.1 -5381.4 -18.9 212 0 21.6 10.6 5.0 2.5 2 0 2 4 4
-4914.8 -5390.1 -21.3 31 0 12.2 11.3 2.5 0.0 0 0 1 2 2
-4884.3 -5355.9 -20.9 38 0 12.9 8.2 2.5 2.5 4 0 1 0 0
-4799.8 -5308.7 -19.0 318 0 12.1 17.5 5.0 2.5 2 1 2 3 3
-4835.0 -5274.8 -20.6 33 0 9.6 17.4 2.5 2.5 2 1 1 5 5
-4831.2 -5253.6 -20.7 41 0 7.8 9.9 2.5 2.5 4 1 1 0 0
-4838.0 -5175.5 -19.6 133 0 10.1 7.4 2.5 2.5 2 0 1 0 0
-4832.1 -5142.7 -19.5 233 0 13.4 7.1 2.5 2.5 2 0 1 3 3
-4785.3 -5131.1 -19.2 212 0 22.1 7.4 2.5 2.5 2 0 1 5 5
-4681.4 -4987.5 -20.7 20 0 8.9 10.1 2.5 2.5 4 1 1 2 2
-4740.7 -4820.2 -22.7 110 0 24.5 6.3 5.0 2.5 2 0 2 5 5
-4661.7 -4848.6 -22.6 20 0 6.4 12.5 5.0 2.5 2 1 2 5 5
-4674.0 -4866.5 -22.9 20 0 8.8 12.3 5.0 2.5 2 1 2 2 2
-4658.5 -4878.1 -22.8 20 0 10.0 10.3 5.0 2.5 2 1 2 0 0
-4695.6 -4883.0 -23.3 200 0 14.5 11.2 5.0 2.5 2 0 2 0 0
-4681.0 -4903.2 -23.1 20 0 8.9 14.9 5.0 0.0 0 1 2 2 2
-4734.3 -4971.0 -22.9 286 0 13.2 11.8 2.5 0.0 0 0 1 5 5
-4675.7 -5021.8 -20.7 27 0 10.8 34.2 2.5 2.5 2 1 1 3 3
-4714.8 -5025.0 -20.9 33 0 9.9 10.4 2.5 2.5 4 1 1 1 1
-4718.0 -5036.9 -21.1 33 0 9.2 18.0 2.5 2.5 4 1 1 3 3
-4758.3 -5030.4 -22.0 213 0 5.8 8.0 2.5 2.5 2 1 1 4 4
-4780.7 -5032.6 -22.6 213 0 11.0 10.4 2.5 2.5 4 0 1 5 5
-4775.8 -5096.5 -19.4 123 0 5.9 10.7 2.5 2.5 2 1 1 0 0
-4737.1 -5083.6 -19.7 33 0 9.3 21.4 2.5 0.0 0 1 1 2 2
-4786.7 -5184.7 -19.2 30 0 7.9 8.2 2.5 2.5 2 1 1 3 3
-4759.1 -5178.1 -19.0 34 0 14.7 22.5 2.5 2.5 2 1 1 4 4
-4776.6 -5241.1 -18.4 204 0 9.7 13.6 2.5 2.5 2 1 1 4 4
-4716.7 -5150.5 -17.8 204 0 11.4 18.7 2.5 2.5 2 1 1 0 0
-4621.5 -5153.0 -14.4 294 0 11.7 8.8 2.5 2.5 2 0 1 1 1
-4658.5 -5135.2 -16.1 294 0 16.7 8.5 2.5 2.5 2 0 1 1 1
-4666.6 -5120.5 -16.7 114 0 9.0 6.7 2.5 2.5 4 0 1 4 4
-4685.0 -5114.9 -17.6 114 0 12.3 7.5 2.5 2.5 2 0 1 3 3
-4629.8 -5065.6 -16.2 204 0 13.0 9.2 2.5 2.5 2 0 1 4 4
-4632.1 -5133.6 -15.4 114 0 13.3 19.1 2.5 2.5 2 1 1 5 5
-4642.0 -5115.4 -16.2 114 0 13.0 8.8 2.5 2.5 2 0 1 0 0
-4659.1 -5068.3 -17.6 204 0 7.7 9.9 2.5 2.5 2 1 1 0 0
-4655.6 -5056.8 -17.8 204 0 6.0 12.6 2.5 2.5 2 1 1 1 1
-4649.4 -5045.6 -17.6 204 0 7.2 9.4 2.5 2.5 2 1 1 4 4
-4635.9 -4987.7 -18.1 182 0 8.4 8.0 2.5 2.5 2 0 1 2 2
-4643.6 -5002.3 -18.2 184 0 13.2 10.4 2.5 2.5 2 0 1 2 2
-4639.7 -5021.8 -17.5 190 0 8.8 6.2 2.5 2.5 2 0 1 3 3
-4611.3 -5031.8 -16.1 296 0 8.4 6.7 2.5 2.5 2 0 1 3 3
-4613.3 -5049.0 -16.1 28 0 5.7 9.4 2.5 0.0 0 1 1 5 5
-4595.3 -4968.4 -13.5 18 0 9.1 9.0 2.5 2.5 2 0 1 1 1
-4614.9 -4889.9 -17.9 198 0 10.4 7.0 2.5 2.5 2 0 1 0 0
-4592.7 -4873.9 -15.9 288 0 10.4 7.4 2.5 2.5 2 0 1 2 2
-4593.0 -4888.2 -15.9 18 0 5.5 10.4 2.5 2.5 2 1 1 5 5
-4596.2 -4896.8 -15.6 18 0 5.9 8.8 2.5 2.5 2 1 1 2 2
-4569.5 -4888.6 -11.8 10 0 8.8 11.4 2.5 2.5 2 1 1 2 2
-4642.1 -4863.6 -22.2 188 0 16.7 12.8 2.5 0.0 0 0 1 5 5
-4643.6 -4881.1 -21.7 187 0 10.8 15.9 2.5 2.5 2 1 1 2 2
-4628.9 -4898.4 -20.2 188 0 13.8 6.9 2.5 2.5 2 0 1 1 1
-4637.1 -4911.7 -20.4 187 0 7.1 12.6 2.5 2.5 2 1 1 4 4
-4641.3 -4924.7 -20.2 187 0 10.3 16.3 2.5 2.5 2 1 1 2 2
-4644.3 -4942.4 -19.3 187 0 5.3 10.7 2.5 0.0 0 1 1 0 0
-4643.0 -4951.7 -18.4 187 0 6.9 11.8 2.5 2.5 2 1 1 5 5
-4636.2 -4827.3 -22.2 171 0 9.4 14.2 2.5 2.5 2 1 1 2 2
-4640.5 -4805.5 -23.3 194 0 7.7 11.9 2.5 2.5 2 1 1 3 3
-4653.4 -4788.6 -25.0 176 0 20.4 8.4 2.5 2.5 2 0 1 0 0
-4687.5 -4809.0 -22.3 6 0 8.1 12.8 5.0 2.5 2 1 2 4 4
-4689.8 -4829.7 -22.6 22 0 7.1 16.1 5.0 2.5 2 1 2 2 2
-4740.4 -4837.3 -22.9 116 0 9.8 5.1 5.0 2.5 2 0 2 1 1
-4757.8 -4826.7 -22.9 116 0 6.1 8.6 5.0 2.5 4 1 2 1 1
-4741.0 -4785.2 -22.4 206 0 10.8 17.5 5.0 2.5 2 1 2 2 2
-4747.5 -4801.0 -22.6 206 0 9.6 17.3 5.0 2.5 2 1 2 3 3
-4656.0 -4767.9 -25.0 174 0 8.1 11.6 2.5 2.5 4 1 1 5 5
-4618.8 -4727.8 -23.3 1 0 18.5 19.5 2.5 2.5 2 1 1 1 1
-4674.1 -4643.2 -25.3 169 0 10.7 8.4 2.5 2.5 2 0 1 0 0
-4669.4 -4664.0 -24.9 199 0 6.6 11.4 2.5 2.5 2 1 1 5 5
-4659.0 -4679.0 -24.4 198 0 10.9 10.3 2.5 2.5 2 0 1 3 3
-4735.5 -4732.1 -30.6 195 0 7.7 11.2 5.0 2.5 2 1 2 4 4
-4732.8 -4716.1 -30.4 195 0 8.0 12.6 5.0 2.5 2 1 2 5 5
-4727.8 -4699.4 -29.8 195 0 8.0 8.1 5.0 2.5 4 1 2 4 4
-4695.7 -4691.4 -28.4 11 0 28.9 12.3 5.0 2.5 2 0 2 5 5
-4702.3 -4652.6 -28.3 345 0 14.8 8.0 5.0 2.5 2 0 2 5 5
-4710.3 -4631.0 -29.5 345 0 10.4 14.1 5.0 2.5 2 1 2 1 1
-4716.7 -4608.3 -29.8 345 0 6.6 9.8 5.0 2.5 2 1 2 3 3
-4718.1 -4594.6 -30.0 345 0 8.0 10.6 5.0 2.5 2 1 2 1 1
-4729.2 -4576.2 -30.9 355 0 14.7 8.8 5.0 0.0 0 0 2 4 4
-4747.3 -4552.9 -32.1 274 0 9.3 21.8 5.0 2.5 2 1 2 1 1
-4154.6 -3883.2 -30.9 65 0 15.7 11.0 5.0 2.5 4 0 2 3 3
-4223.2 -3938.2 -31.0 48 0 7.7 18.7 5.0 2.5 2 1 2 2 2
-4249.2 -3956.3 -30.9 48 0 16.0 16.8 5.0 2.5 2 1 2 4 4
-4271.3 -3975.0 -30.9 48 0 15.5 18.5 5.0 2.5 2 1 2 2 2
-4296.7 -3997.4 -29.4 48 0 11.0 12.1 5.0 2.5 2 1 2 3 3
-4309.7 -4012.0 -30.1 48 0 19.8 16.2 5.0 2.5 2 0 2 4 4
-4325.5 -4029.7 -29.8 48 0 11.6 15.1 5.0 0.0 0 1 2 1 1
-4346.1 -4048.8 -30.2 48 0 31.9 13.7 5.0 2.5 4 0 2 1 1
-4373.6 -4076.5 -30.2 48 0 8.2 13.1 5.0 2.5 2 1 2 5 5
-4385.1 -4087.9 -30.4 48 0 9.1 11.4 5.0 2.5 2 1 2 1 1
-4395.2 -4097.8 -31.0 48 0 11.5 13.7 5.0 2.5 2 1 2 4 4
-4407.2 -4108.5 -31.0 48 0 7.3 10.3 5.0 2.5 2 1 2 4 4
-4437.5 -4138.0 -31.2 48 0 18.1 12.5 5.0 2.5 2 0 2 5 5
-4453.6 -4154.9 -28.7 48 0 12.2 8.2 5.0 2.5 2 0 2 1 1
-4482.6 -4179.5 -30.0 48 0 9.9 15.5 5.0 2.5 4 1 2 1 1
-4494.2 -4194.1 -28.8 48 0 8.3 7.0 5.0 2.5 2 0 2 2 2
-4511.0 -4209.0 -30.1 48 0 11.9 14.5 5.0 2.5 2 1 2 5 5
-4525.5 -4219.6 -30.3 48 0 15.8 13.0 5.0 2.5 2 0 2 5 5
-4539.0 -4229.6 -29.4 48 0 8.2 12.6 5.0 2.5 2 1 2 4 4
-4545.6 -4242.6 -28.5 48 0 12.1 18.7 5.0 2.5 2 1 2 1 1
-4557.6 -4248.3 -27.2 48 0 7.7 13.9 5.0 2.5 2 1 2 3 3
-4568.6 -4261.6 -26.2 48 0 20.4 15.2 5.0 0.0 0 0 2 1 1
-4713.4 -4418.3 -32.5 39 0 16.9 8.3 5.0 0.0 0 0 2 5 5
-4728.6 -4443.1 -30.5 24 0 7.5 8.6 5.0 2.5 2 1 2 4 4
-4740.8 -4509.3 -32.9 15 0 22.8 16.6 5.0 2.5 2 0 2 1 1
-4740.8 -4484.1 -31.5 15 0 10.2 11.1 5.0 2.5 2 1 2 2 2
-4734.7 -4467.8 -31.6 17 0 11.5 15.0 5.0 2.5 4 1 2 0 0
-4728.6 -4454.9 -31.7 22 0 9.3 17.9 5.0 2.5 2 1 2 4 4
-4649.0 -4521.6 -21.0 133 0 8.6 6.7 2.5 2.5 2 0 1 4 4
-4642.8 -4548.7 -20.9 133 0 7.8 9.8 2.5 2.5 2 1 1 5 5
-4607.8 -4526.0 -19.5 313 0 16.5 9.5 2.5 2.5 2 0 1 0 0
-4592.2 -4559.5 -18.9 43 0 9.4 9.1 2.5 2.5 2 0 1 1 1
-4572.6 -4579.1 -17.5 43 0 14.0 6.8 2.5 2.5 2 0 1 2 2
-4581.8 -4572.0 -18.5 42 0 10.5 7.9 2.5 2.5 2 0 1 1 1
-4594.7 -4585.3 -19.1 40 0 9.7 6.2 2.5 2.5 2 0 1 5 5
-4602.1 -4576.9 -19.5 42 0 7.5 9.3 2.5 2.5 2 1 1 0 0
-4609.7 -4584.0 -19.8 33 0 7.8 7.4 2.5 2.5 4 0 1 2 2
-4604.1 -4600.1 -19.9 23 0 9.1 10.6 2.5 2.5 2 1 1 3 3
-4685.2 -4621.1 -26.4 164 0 13.2 21.5 2.5 2.5 2 1 1 3 3
-4645.2 -4630.8 -23.9 74 0 15.4 15.5 2.5 2.5 2 1 1 2 2
-4674.6 -4597.7 -25.7 164 0 17.9 8.0 2.5 2.5 2 0 1 3 3
-4712.8 -4548.9 -29.0 164 0 8.9 11.4 2.5 2.5 2 1 1 5 5
-4708.9 -4563.6 -28.6 164 0 8.7 12.0 2.5 2.5 2 1 1 5 5
-4705.7 -4576.8 -28.3 164 0 11.1 11.5 2.5 2.5 2 1 1 5 5
-4677.8 -4526.0 -24.1 194 0 12.3 11.1 2.5 2.5 2 0 1 2 2
-4675.5 -4471.9 -21.8 197 0 8.4 10.8 2.5 2.5 2 1 1 1 1
-4678.7 -4492.8 -22.7 193 0 15.6 11.7 2.5 2.5 4 0 1 1 1
-4628.6 -4504.6 -20.3 317 0 8.8 10.5 2.5 2.5 2 1 1 0 0
-4544.9 -4440.1 -20.9 127 0 10.1 14.9 2.5 2.5 2 1 1 1 1
-4529.9 -4478.1 -16.7 224 0 12.3 23.6 2.5 0.0 0 1 1 1 1
-4550.9 -4519.4 -17.0 223 0 60.8 11.2 2.5 2.5 2 0 1 0 0
-4570.0 -4481.2 -19.5 44 0 14.1 16.4 2.5 2.5 2 1 1 4 4
-4583.3 -4416.5 -22.6 319 0 20.6 11.3 2.5 2.5 2 0 1 4 4
-4612.1 -4443.2 -21.8 319 0 8.9 10.2 2.5 2.5 2 1 1 2 2
-4597.9 -4435.2 -22.0 319 0 12.3 7.2 2.5 2.5 2 0 1 4 4
-4616.9 -4427.9 -22.5 319 0 9.6 8.4 2.5 0.0 0 0 1 4 4
-4665.5 -4431.7 -22.9 229 0 9.7 7.0 2.5 2.5 2 0 1 4 4
-4692.6 -4417.5 -26.8 229 0 8.4 16.8 2.5 2.5 2 1 1 1 1
-4685.1 -4407.9 -27.6 229 0 9.8 13.5 2.5 2.5 2 1 1 4 4
-4679.2 -4396.0 -28.7 229 0 7.4 12.1 2.5 2.5 2 1 1 1 1
-4650.0 -4448.0 -22.1 229 0 10.3 9.5 2.5 2.5 2 0 1 1 1
-4647.7 -4425.3 -22.8 229 0 4.8 13.2 2.5 2.5 2 1 1 5 5
-4640.0 -4415.7 -23.2 229 0 7.2 11.4 2.5 2.5 2 1 1 0 0
-4618.3 -4412.9 -23.1 319 0 12.5 4.2 2.5 2.5 2 0 1 2 2
-4599.0 -4392.1 -24.4 319 0 13.5 6.7 2.5 2.5 2 0 1 0 0
-4614.3 -4399.5 -24.3 319 0 11.1 5.8 2.5 2.5 2 0 1 5 5
-4641.0 -4352.7 -28.0 229 0 9.1 11.4 2.5 2.5 2 1 1 3 3
-4489.8 -4442.9 -17.9 319 0 21.0 10.8 2.5 2.5 2 0 1 1 1
-4509.6 -4454.1 -19.0 139 0 8.6 8.7 2.5 2.5 2 1 1 4 4
-4519.2 -4466.6 -18.3 139 0 7.9 8.5 2.5 2.5 2 1 1 4 4
-4511.4 -4474.5 -16.1 139 0 7.8 9.2 2.5 2.5 2 1 1 3 3
-4498.4 -4481.5 -13.8 49 0 9.0 6.7 2.5 2.5 2 0 1 5 5
-4571.6 -4391.8 -22.5 139 0 8.6 9.1 2.5 2.5 4 1 1 5 5
-4551.6 -4380.8 -21.5 139 0 9.3 6.5 2.5 2.5 2 0 1 2 2
-4546.3 -4327.9 -21.2 229 0 8.0 13.2 2.5 2.5 2 1 1 1 1
-4582.0 -4374.1 -23.1 139 0 7.9 7.7 2.5 2.5 4 0 1 3 3
-4590.8 -4364.2 -23.6 139 0 7.4 10.5 2.5 2.5 2 1 1 3 3
-4560.8 -4351.5 -21.9 229 0 7.2 5.5 2.5 2.5 2 0 1 3 3
-4575.2 -4346.3 -22.6 229 0 14.0 11.1 2.5 2.5 2 0 1 1 1
-4585.7 -4328.5 -23.6 49 0 12.3 20.4 5.0 2.5 2 1 2 1 1
-4587.4 -4301.6 -22.7 229 0 5.4 13.4 5.0 2.5 2 1 2 1 1
-4569.2 -4317.6 -22.2 49 0 14.7 7.3 5.0 0.0 0 0 2 1 1
-4563.2 -4277.5 -22.9 229 0 7.3 13.8 5.0 2.5 2 1 2 0 0
-4541.8 -4283.8 -23.3 49 0 7.6 18.6 5.0 2.5 2 1 2 3 3
-4542.8 -4255.7 -25.0 229 0 8.9 21.5 5.0 2.5 4 1 2 0 0
-4523.5 -4375.3 -20.9 49 0 9.1 9.0 2.5 0.0 0 0 1 2 2
-4519.4 -4390.9 -20.7 49 0 10.6 8.5 2.5 2.5 2 0 1 3 3
-4476.3 -4367.5 -14.8 49 0 4.6 10.2 2.5 2.5 2 1 1 1 1
-4515.4 -4329.0 -20.2 229 0 6.2 8.8 2.5 2.5 4 1 1 5 5
-4496.9 -4342.2 -18.3 319 0 9.4 7.8 2.5 2.5 2 0 1 5 5
-4485.6 -4333.2 -16.9 319 0 8.5 6.6 2.5 2.5 2 0 1 1 1
-4505.1 -4316.6 -18.8 229 0 7.3 11.0 2.5 2.5 2 1 1 1 1
-4525.6 -4300.2 -21.9 229 0 13.8 8.5 2.5 2.5 2 0 1 0 0
-4516.0 -4281.2 -22.1 229 0 14.0 23.3 2.5 2.5 2 1 1 1 1
-4501.0 -4272.2 -22.1 229 0 7.5 11.2 2.5 2.5 2 1 1 3 3
-4516.4 -4263.2 -24.8 49 0 5.9 9.5 5.0 2.5 2 1 2 4 4
-4490.5 -4234.2 -25.3 49 0 6.2 14.3 5.0 2.5 4 1 2 3 3
-4478.9 -4224.6 -24.8 49 0 8.0 12.8 5.0 2.5 2 1 2 5 5
-4465.0 -4213.7 -24.3 49 0 8.6 9.9 5.0 0.0 0 1 2 2 2
-4450.8 -4219.8 -21.7 229 0 7.1 7.2 2.5 0.0 0 1 1 3 3
-4460.3 -4226.6 -21.7 229 0 7.8 16.1 2.5 2.5 2 1 1 1 1
-4471.9 -4234.3 -21.8 229 0 7.4 9.4 2.5 2.5 2 1 1 3 3
-4461.8 -4244.4 -21.0 229 0 7.3 7.4 2.5 2.5 2 1 1 3 3
-4450.9 -4263.3 -20.1 139 0 7.6 9.4 2.5 2.5 2 1 1 0 0
-4431.1 -4275.6 -18.5 139 0 10.4 6.7 2.5 2.5 2 0 1 4 4
-4415.2 -4269.5 -18.4 49 0 9.5 9.5 2.5 2.5 2 0 1 5 5
-4382.7 -4234.5 -13.5 229 0 8.9 5.7 2.5 2.5 2 0 1 3 3
-4407.1 -4228.8 -19.4 319 0 15.6 13.3 2.5 2.5 2 0 1 5 5
-4427.8 -4193.9 -22.7 229 0 9.9 9.9 2.5 2.5 2 1 1 2 2
-4434.1 -4207.0 -21.3 229 0 5.2 10.5 2.5 2.5 2 1 1 3 3
-4451.9 -4196.3 -24.7 49 0 7.2 11.9 5.0 2.5 2 1 2 4 4
-4433.7 -4187.9 -24.7 49 0 9.1 18.5 5.0 2.5 2 1 2 5 5
-4435.6 -4153.8 -25.9 229 0 6.8 14.6 5.0 2.5 2 1 2 4 4
-4414.3 -4161.2 -25.6 49 0 9.5 11.8 5.0 0.0 0 1 2 4 4
-4403.2 -4153.5 -26.0 49 0 7.4 14.8 5.0 2.5 2 1 2 4 4
-4400.8 -4139.8 -26.3 49 0 7.5 10.8 5.0 2.5 2 1 2 4 4
-4374.5 -4142.9 -21.7 229 0 10.0 8.7 2.5 2.5 2 0 1 5 5
-4390.0 -4148.3 -22.7 229 0 11.7 19.8 2.5 2.5 2 1 1 5 5
-4398.2 -4159.9 -22.8 229 0 9.0 10.3 2.5 2.5 2 1 1 0 0
-4405.6 -4169.3 -22.8 229 0 8.4 9.2 2.5 2.5 2 1 1 4 4
-4365.1 -4201.4 -16.9 139 0 10.9 6.0 2.5 2.5 4 0 1 0 0
-4352.2 -4193.4 -17.6 49 0 5.9 9.9 2.5 2.5 2 1 1 3 3
-4337.2 -4173.4 -18.5 49 0 8.6 9.4 2.5 2.5 2 1 1 3 3
-4321.0 -4153.2 -19.4 49 0 10.1 12.9 2.5 2.5 2 1 1 0 0
-4344.9 -4122.2 -21.9 229 0 8.6 13.4 2.5 2.5 2 1 1 1 1
-4362.7 -4129.6 -21.8 229 0 7.6 15.1 2.5 2.5 2 1 1 4 4
-4386.2 -4103.5 -28.0 229 0 7.2 14.6 5.0 2.5 2 1 2 4 4
-4364.8 -4106.4 -27.0 49 0 5.5 9.9 5.0 2.5 2 1 2 3 3
-4351.2 -4095.0 -27.6 49 0 9.2 16.9 5.0 2.5 2 1 2 5 5
-4349.0 -4071.8 -27.0 229 0 12.3 11.4 5.0 2.5 2 0 2 0 0
-4301.4 -4050.8 -25.7 49 0 7.7 17.8 5.0 2.5 2 1 2 4 4
-4326.7 -4050.6 -26.2 229 0 8.9 8.8 5.0 2.5 4 0 2 3 3
-4335.4 -4061.2 -26.4 229 0 9.2 7.4 5.0 2.5 2 0 2 4 4
-4309.1 -4078.5 -23.5 229 0 5.6 14.1 2.5 2.5 2 1 1 5 5
-4324.9 -4090.8 -23.6 229 0 5.8 13.5 2.5 2.5 4 1 1 0 0
-4292.5 -4128.0 -16.2 49 0 8.7 9.0 2.5 2.5 2 1 1 1 1
-4268.9 -4112.8 -17.5 49 0 6.8 11.8 2.5 2.5 2 1 1 2 2
-4296.5 -4062.1 -23.7 229 0 12.8 16.0 2.5 2.5 2 1 1 3 3
-4220.4 -3951.9 -26.7 229 0 10.8 12.3 2.5 2.5 2 1 1 3 3
-4237.0 -3962.8 -26.8 229 0 7.6 9.6 2.5 2.5 2 1 1 2 2
-4237.4 -3987.0 -25.7 49 0 9.4 10.7 2.5 2.5 2 1 1 2 2
-4252.7 -3995.6 -26.6 49 0 22.9 13.5 2.5 0.0 0 0 1 3 3
-4279.5 -3998.8 -26.8 229 0 6.4 15.0 2.5 2.5 2 1 1 1 1
-4275.4 -4022.2 -25.4 49 0 6.7 13.1 2.5 2.5 2 1 1 3 3
-4294.7 -4031.2 -25.8 319 0 21.3 9.1 5.0 2.5 2 0 2 2 2
-4276.5 -4051.5 -23.4 319 0 12.4 9.3 2.5 0.0 0 0 1 4 4
-4263.6 -4064.2 -22.2 319 0 15.8 10.3 2.5 2.5 2 0 1 0 0
-4267.4 -4047.8 -22.9 137 0 12.6 8.8 2.5 0.0 0 0 1 5 5
-4255.3 -4058.1 -21.6 140 0 10.8 9.7 2.5 0.0 0 0 1 4 4
-4256.6 -4028.8 -22.8 233 0 8.3 11.9 2.5 2.5 2 1 1 1 1
-4238.9 -4020.6 -22.2 231 0 8.4 9.5 2.5 2.5 2 1 1 3 3
-4220.2 -4002.5 -21.2 232 0 9.1 10.2 2.5 2.5 2 1 1 5 5
-4185.3 -3973.4 -23.7 51 0 10.4 10.3 2.5 2.5 2 0 1 3 3
-4194.0 -3933.3 -26.8 238 0 5.9 10.8 2.5 2.5 2 1 1 0 0
-4169.2 -3916.1 -27.2 240 0 8.3 13.1 2.5 0.0 0 1 1 5 5
-4187.9 -3926.5 -27.2 234 0 7.3 15.1 2.5 2.5 2 1 1 4 4
-4160.4 -3962.6 -23.8 57 0 13.1 14.9 2.5 2.5 2 1 1 0 0
-4141.8 -3965.5 -21.7 64 0 6.0 7.6 2.5 2.5 2 1 1 1 1
-4102.1 -3958.9 -20.8 63 0 12.2 13.1 2.5 2.5 2 1 1 4 4
-4125.3 -3950.2 -24.2 59 0 20.5 24.2 2.5 2.5 2 1 1 5 5
-4098.6 -3920.2 -23.3 250 0 11.8 8.4 2.5 2.5 2 0 1 4 4
-4068.6 -3949.0 -20.5 70 0 27.3 12.0 2.5 0.0 0 0 1 1 1
-4044.7 -3936.7 -21.1 70 0 11.9 13.1 2.5 2.5 4 1 1 3 3
-4024.3 -3932.3 -21.0 70 0 11.8 16.3 2.5 2.5 2 1 1 3 3
-4048.9 -3881.9 -26.1 250 0 30.4 10.9 2.5 2.5 2 0 1 2 2
-4006.4 -3918.7 -23.3 70 0 10.7 29.1 2.5 2.5 2 1 1 3 3
-3989.6 -3913.4 -21.5 70 0 5.4 17.7 2.5 2.5 2 1 1 0 0
-3982.7 -3905.9 -21.3 70 0 5.2 12.7 2.5 2.5 4 1 1 1 1
-3973.6 -3903.7 -21.2 70 0 6.1 13.6 2.5 2.5 2 1 1 3 3
-3981.0 -3870.5 -24.0 250 0 14.6 7.4 2.5 0.0 0 0 1 4 4
-3936.8 -3877.0 -22.1 70 0 13.8 8.6 2.5 2.5 2 0 1 5 5
-3943.0 -3851.1 -25.3 250 0 7.4 9.4 2.5 0.0 0 1 1 1 1
-3932.5 -3848.8 -25.1 250 0 6.1 10.8 2.5 2.5 2 1 1 3 3
-3922.7 -3838.5 -25.7 250 0 7.2 8.8 2.5 2.5 2 1 1 0 0
-3896.7 -3840.8 -18.8 250 0 10.0 8.4 2.5 2.5 2 0 1 2 2
-3911.6 -3828.0 -26.1 250 0 10.2 9.0 2.5 2.5 4 0 1 2 2
-3883.0 -3816.4 -21.9 250 0 8.5 9.6 2.5 2.5 4 1 1 5 5
-3871.0 -3811.9 -19.0 250 0 7.1 9.2 2.5 0.0 0 1 1 5 5
-3859.7 -3803.9 -18.2 250 0 10.2 12.4 2.5 2.5 2 1 1 5 5
-3839.9 -3796.5 -15.6 244 0 10.5 11.6 2.5 2.5 2 1 1 1 1
-3810.5 -3783.1 -15.1 246 0 9.7 8.1 2.5 0.0 0 0 1 5 5
-3547.7 -3705.3 -8.1 126 0 11.4 13.2 2.5 2.5 2 1 1 5 5
-3391.6 -3851.9 23.0 55 0 10.2 8.7 7.5 2.5 2 0 3 0 0
-3414.0 -3998.8 24.6 249 0 8.5 10.8 5.0 2.5 2 1 2 0 0
-3468.0 -3883.6 24.3 249 0 6.8 7.0 5.0 2.5 2 1 2 0 0
-3461.1 -3909.4 24.1 159 0 7.3 8.5 5.0 2.5 2 1 2 5 5
-3440.3 -3932.8 24.2 69 0 10.0 11.2 5.0 2.5 4 1 2 3 3
-3517.5 -3876.7 23.9 339 0 7.6 9.2 5.0 0.0 0 1 2 5 5
-3507.5 -3905.9 24.9 339 0 6.9 9.6 5.0 0.0 0 1 2 2 2
-3499.8 -3928.8 24.6 339 0 8.7 9.7 5.0 2.5 2 1 2 0 0
-3567.5 -3963.2 23.5 159 0 7.1 9.7 5.0 2.5 2 1 2 4 4
-3555.9 -3977.6 23.6 69 0 11.4 8.4 5.0 2.5 4 0 2 5 5
-3593.5 -4025.1 23.0 69 0 9.5 6.6 5.0 2.5 2 0 2 3 3
-3578.4 -4059.5 23.0 69 0 12.1 7.5 5.0 2.5 2 0 2 5 5
-3657.6 -4048.4 21.6 249 0 8.9 8.4 5.0 2.5 4 0 2 4 4
-3640.8 -4073.4 21.2 339 0 9.0 9.8 5.0 2.5 2 1 2 4 4
-3617.3 -4124.8 22.7 339 0 9.8 11.0 5.0 2.5 2 1 2 1 1
-3645.3 -4153.1 22.0 69 0 7.9 13.4 5.0 2.5 2 1 2 3 3
-3631.6 -4184.9 23.1 242 0 7.9 14.1 5.0 2.5 2 1 2 4 4
-3648.7 -4321.1 22.9 258 0 7.8 8.8 5.0 2.5 2 1 2 3 3
-3626.7 -4371.2 25.2 351 0 9.7 9.2 5.0 2.5 2 0 2 0 0
-3585.1 -4292.1 26.9 327 0 11.4 7.0 2.5 2.5 2 0 1 1 1
-3573.8 -4363.9 27.1 80 0 8.2 7.0 2.5 2.5 2 0 1 2 2
-3540.4 -4202.6 26.5 71 0 8.8 8.7 5.0 0.0 0 0 2 4 4
-3528.0 -4147.1 25.1 341 0 11.4 7.2 5.0 2.5 2 0 2 5 5
-3512.6 -4188.3 26.5 71 0 10.6 9.3 5.0 2.5 2 0 2 1 1
-3469.2 -4022.3 24.5 251 0 9.0 8.3 2.5 0.0 0 0 1 1 1
-3456.2 -4056.5 24.6 71 0 10.2 9.1 2.5 2.5 2 0 1 1 1
-3454.9 -4088.2 24.7 161 0 6.4 16.5 2.5 0.0 0 1 1 1 1
-3443.5 -4099.5 24.8 161 0 7.2 8.6 2.5 2.5 2 1 1 5 5
-3437.5 -4114.1 25.0 161 0 6.6 9.4 2.5 2.5 2 1 1 0 0
-3404.3 -4055.5 24.5 251 0 7.9 9.6 2.5 2.5 2 1 1 3 3
-3393.5 -4080.8 24.5 71 0 9.1 10.4 2.5 2.5 2 1 1 2 2
-6280.6 -6650.4 -33.9 7 0 9.5 9.4 5.0 2.5 4 0 2 2 2
-6278.5 -6625.2 -33.8 277 0 13.0 16.8 5.0 2.5 2 1 2 5 5
-6305.0 -6648.5 -34.4 187 0 9.3 10.3 5.0 2.5 4 1 2 3 3
-6308.8 -6660.2 -34.6 187 0 9.8 17.4 5.0 2.5 2 1 2 2 2
-6303.5 -6679.3 -34.0 187 0 9.2 14.2 5.0 2.5 2 1 2 5 5
-6311.5 -6689.7 -34.3 187 0 9.9 23.6 5.0 2.5 2 1 2 1 1
-6321.1 -6719.8 -34.2 187 0 18.2 7.2 5.0 0.0 0 0 2 0 0
-6286.1 -6730.7 -33.8 7 0 8.3 25.0 5.0 2.5 2 1 2 1 1
-6315.1 -6740.6 -33.8 187 0 7.8 18.7 5.0 2.5 2 1 2 1 1
-6327.6 -6760.1 -33.9 194 0 11.4 11.4 5.0 0.0 0 1 2 0 0
-6292.9 -6764.0 -33.4 357 0 5.1 19.6 5.0 2.5 2 1 2 4 4
-6292.2 -6774.4 -33.2 3 0 6.9 13.8 5.0 2.5 2 1 2 2 2
-6290.3 -6791.1 -33.0 10 0 14.9 16.5 5.0 0.0 0 1 2 0 0
-6289.8 -6808.0 -32.9 0 0 13.1 29.6 5.0 2.5 2 1 2 3 3
-6266.4 -6919.9 -30.9 144 0 7.2 17.5 2.5 2.5 2 1 1 3 3
-6260.5 -6935.3 -31.4 147 0 8.9 11.0 2.5 2.5 4 1 1 3 3
-6232.3 -6945.1 -31.8 63 0 23.2 15.1 2.5 2.5 2 0 1 4 4
-6239.1 -6898.1 -30.5 241 0 14.9 9.2 2.5 2.5 4 0 1 0 0
-6222.1 -6863.8 -29.4 250 0 10.4 8.6 2.5 2.5 2 0 1 4 4
-6192.9 -6870.7 -29.7 261 0 11.4 9.7 2.5 2.5 2 0 1 3 3
-6210.1 -6902.7 -30.3 84 0 9.4 12.3 2.5 2.5 2 1 1 1 1
-6193.6 -6930.1 -31.2 84 0 15.2 23.1 2.5 2.5 2 1 1 1 1
-6137.7 -6949.8 -31.8 97 0 11.5 12.6 2.5 2.5 2 1 1 4 4
-6130.5 -6874.8 -29.9 301 0 7.9 13.9 2.5 2.5 4 1 1 5 5
-6173.3 -6884.5 -30.2 268 0 8.8 14.0 2.5 2.5 2 1 1 3 3
-6167.8 -6918.7 -30.8 90 0 19.9 8.1 2.5 2.5 2 0 1 3 3
-6163.2 -6945.5 -31.7 79 0 13.2 21.9 2.5 2.5 2 1 1 3 3
-6016.5 -6947.6 -31.8 65 0 17.0 26.0 2.5 2.5 4 1 1 3 3
-6095.0 -6937.0 -31.5 42 0 14.0 40.0 2.5 2.5 2 1 1 0 0
-5996.4 -6661.0 -28.0 298 0 10.6 17.6 5.0 2.5 2 1 2 4 4
-6024.3 -6655.2 -28.3 190 0 23.6 13.0 5.0 2.5 2 0 2 4 4
-6076.1 -6722.9 -28.2 107 0 9.9 11.4 5.0 2.5 2 1 2 0 0
-5995.3 -6707.3 -27.2 17 0 9.0 13.1 5.0 2.5 2 1 2 1 1
-5996.2 -6719.6 -26.9 17 0 7.3 14.8 5.0 2.5 2 1 2 4 4
-6003.0 -6729.2 -26.7 17 0 7.2 9.6 5.0 0.0 0 1 2 2 2
-5956.5 -6825.5 -28.6 143 0 24.2 10.7 7.5 2.5 2 0 3 4 4
-5938.2 -6796.7 -28.8 231 0 36.8 10.3 12.5 2.5 2 0 5 5 5
-5909.6 -6800.3 -29.3 323 0 10.2 36.3 15.0 0.0 0 1 6 4 4
-5952.1 -6901.0 -30.9 242 0 13.0 15.9 5.0 0.0 0 1 2 1 1
-5900.1 -6905.1 -31.1 71 0 13.5 20.8 5.0 2.5 2 1 2 0 0
-5805.2 -6868.0 -32.4 82 0 36.9 32.9 2.5 0.0 0 0 1 1 1
-5776.3 -6862.2 -32.4 80 0 15.8 14.2 2.5 2.5 2 0 1 1 1
-5686.5 -6800.7 -30.3 262 0 15.2 19.9 2.5 2.5 2 1 1 0 0
-5681.2 -6845.4 -30.8 84 0 15.1 21.3 2.5 2.5 2 1 1 5 5
-5665.3 -6845.8 -30.6 86 0 11.1 36.8 2.5 2.5 4 1 1 2 2
-5632.4 -6864.8 -30.6 265 0 12.4 29.6 2.5 2.5 2 1 1 0 0
-5647.7 -6866.7 -30.7 263 0 10.8 25.9 2.5 2.5 2 1 1 1 1
-5668.5 -6866.6 -31.0 267 0 8.2 13.4 2.5 2.5 2 1 1 0 0
-5680.6 -6869.3 -31.0 261 0 9.7 16.3 2.5 2.5 2 1 1 5 5
-5699.1 -6872.6 -31.1 264 0 7.5 19.8 2.5 2.5 2 1 1 4 4
-5708.8 -6888.6 -31.1 174 0 23.4 5.6 2.5 2.5 4 0 1 4 4
-5831.1 -6925.2 -32.0 88 0 8.5 23.0 2.5 0.0 0 1 1 2 2
-5814.4 -6900.0 -32.0 269 0 22.3 28.4 2.5 0.0 0 1 1 2 2
-5792.6 -6893.9 -31.5 269 0 12.7 25.4 2.5 2.5 2 1 1 0 0
-5773.1 -6892.8 -31.4 271 0 12.5 27.8 2.5 2.5 2 1 1 0 0
-5749.3 -6924.1 -30.5 359 0 12.5 10.6 2.5 2.5 2 0 1 0 0
-5759.3 -6895.7 -31.2 273 0 9.9 17.3 2.5 2.5 2 1 1 3 3
-5720.1 -6901.1 -31.1 0 0 21.5 27.6 2.5 2.5 2 1 1 1 1
-6711.6 -6709.0 -35.6 331 0 6.9 43.6 7.5 2.5 2 1 3 1 1
-6771.5 -6748.3 -35.4 61 0 19.1 11.4 5.0 0.0 0 0 2 5 5
