-3255.9 196.1 -11.2 330 0 12.4 11.3 2.5 2.5 2 0 1 0 0
-3281.8 229.5 -13.7 242 0 10.8 28.9 12.5 2.5 2 1 5 5 5
-3306.6 335.1 -25.1 68 0 6.4 11.2 2.5 2.5 2 1 1 4 4
-3320.9 364.8 -27.9 166 0 9.6 8.0 5.0 0.0 0 0 2 2 2
-3333.9 390.2 -27.5 226 0 10.3 14.8 7.5 2.5 2 1 3 5 5
-3304.5 388.8 -28.1 244 0 4.0 8.3 5.0 2.5 2 1 2 2 2
-3280.5 377.4 -28.3 270 0 8.3 7.5 2.5 2.5 2 0 1 0 0
-3258.8 380.7 -28.6 260 0 9.3 6.7 5.0 2.5 2 0 2 2 2
-3241.6 374.5 -28.7 84 0 7.5 6.0 5.0 2.5 2 0 2 3 3
-3234.3 390.0 -28.8 264 0 5.4 10.8 7.5 2.5 2 1 3 1 1
-3210.6 379.6 -28.5 340 0 6.8 7.4 7.5 2.5 2 1 3 3 3
-3201.1 350.1 -26.2 340 0 8.7 9.4 7.5 2.5 2 1 3 0 0
-3192.5 316.9 -22.9 340 0 17.6 7.5 2.5 2.5 2 0 1 5 5
-3172.3 256.1 -17.6 340 0 11.1 5.2 7.5 2.5 4 0 3 5 5
-3161.9 233.0 -18.1 340 0 15.2 6.3 7.5 2.5 2 0 3 2 2
-3118.5 188.1 -19.5 315 0 9.3 11.6 5.0 2.5 2 1 2 4 4
641.4 -344.0 24.9 13 0 5.2 12.3 2.5 2.5 4 1 1 1 1
607.0 -459.7 27.6 24 0 13.1 6.1 5.0 2.5 2 0 2 4 4
606.8 -484.3 27.6 14 0 13.5 8.2 5.0 2.5 2 0 2 0 0
594.1 -495.0 27.9 21 0 6.7 6.7 5.0 2.5 2 1 2 5 5
597.8 -519.0 27.7 15 0 10.2 8.7 5.0 2.5 2 0 2 2 2
591.9 -539.5 27.8 12 0 5.7 16.3 5.0 2.5 2 1 2 5 5
566.6 -559.4 27.6 190 0 11.8 7.5 5.0 2.5 2 0 2 4 4
633.6 -585.2 24.1 123 0 11.8 10.7 2.5 2.5 2 0 1 4 4
619.3 -533.3 26.6 204 0 12.4 8.5 2.5 2.5 4 0 1 1 1
635.2 -472.7 26.3 198 0 19.4 9.6 2.5 2.5 2 0 1 1 1
