76.4 5464.0 5.5 210 0 32.4 8.6 5.0 2.5 2 0 2 1 1
30.9 5455.2 5.3 213 0 22.2 9.6 5.0 2.5 2 0 2 3 3
113.5 5442.4 5.6 30 0 34.6 11.1 5.0 2.5 2 0 2 0 0
87.8 5375.4 5.7 121 0 9.8 43.4 5.0 2.5 2 1 2 4 4
-334.5 5676.3 -1.1 182 0 16.2 5.8 5.0 2.5 2 0 2 4 4
-331.1 5649.1 -1.2 109 0 4.4 5.3 5.0 2.5 2 1 2 2 2
-298.0 5694.0 3.6 193 0 6.5 3.5 5.0 2.5 2 0 2 4 4
-301.7 5750.8 3.4 148 0 3.1 6.1 2.5 2.5 2 1 1 1 1
-310.2 5782.5 3.1 163 0 11.4 5.5 2.5 0.0 0 0 1 5 5
-302.9 5803.8 3.1 177 0 7.7 3.5 2.5 2.5 2 0 1 0 0
-338.1 5966.3 -7.3 2 0 6.2 6.1 5.0 2.5 2 0 2 5 5
-309.3 6038.4 -7.3 175 0 5.9 4.4 2.5 2.5 2 0 1 3 3
-310.4 6060.6 -6.5 161 0 5.7 9.3 2.5 2.5 2 1 1 5 5
-307.5 6082.8 -5.9 201 0 7.5 7.8 2.5 2.5 2 1 1 2 2
-308.3 6102.4 -5.3 189 0 12.3 11.1 2.5 2.5 2 0 1 5 5
-310.7 6163.7 -5.1 197 0 6.8 10.5 2.5 2.5 2 1 1 3 3
-315.7 6155.0 -4.6 189 0 11.2 4.0 2.5 2.5 2 0 1 0 0
-349.7 5830.4 -2.0 355 0 6.4 4.6 5.0 2.5 2 0 2 1 1
-379.8 5911.0 -8.3 4 0 6.9 6.2 5.0 2.5 2 0 2 0 0
-377.9 5933.6 -8.7 350 0 3.9 9.7 5.0 2.5 2 1 2 0 0
-379.2 5956.0 -8.9 286 0 4.0 6.2 5.0 2.5 2 1 2 2 2
-378.9 5968.5 -8.9 339 0 4.9 6.6 5.0 2.5 4 1 2 3 3
-368.4 5970.0 -7.9 166 0 7.2 8.9 5.0 2.5 2 1 2 0 0
-368.5 5984.3 -8.3 161 0 7.5 11.3 5.0 2.5 2 1 2 0 0
-342.5 5985.2 -7.8 358 0 8.0 4.0 5.0 2.5 2 0 2 1 1
-364.8 6004.6 -8.6 204 0 6.1 4.7 5.0 2.5 2 0 2 4 4
-379.0 6001.7 -9.5 357 0 8.2 7.0 5.0 0.0 0 0 2 1 1
-381.3 6080.4 -8.5 356 0 7.0 11.9 5.0 0.0 0 1 2 3 3
-367.8 6092.5 -5.5 99 0 11.6 13.7 5.0 2.5 2 1 2 3 3
-356.6 6142.5 -4.2 358 0 5.3 5.4 5.0 0.0 0 1 2 2 2
-345.9 6141.7 -4.1 358 0 12.0 7.9 5.0 2.5 2 0 2 5 5
-361.0 6179.9 -6.9 8 0 4.4 12.9 5.0 2.5 2 1 2 5 5
-347.7 6221.3 -6.3 358 0 4.4 5.1 5.0 2.5 2 1 2 5 5
-340.7 6244.3 -6.3 8 0 12.9 11.1 5.0 2.5 2 0 2 4 4
-342.7 6287.0 -6.6 19 0 10.0 11.7 5.0 2.5 2 1 2 3 3
-331.9 6279.5 -5.9 358 0 4.5 8.8 5.0 0.0 0 1 2 4 4
-313.0 6304.8 -6.0 181 0 11.2 22.0 2.5 2.5 2 1 1 5 5
-301.1 6324.7 -6.8 182 0 27.1 11.2 2.5 2.5 2 0 1 5 5
-350.1 6271.6 -6.5 6 0 5.0 4.9 5.0 2.5 2 0 2 1 1
-306.1 6388.0 -6.6 180 0 25.1 11.4 2.5 2.5 2 0 1 3 3
-364.2 6471.3 -4.9 5 0 11.8 10.9 5.0 0.0 0 0 2 5 5
-330.9 6520.3 -5.2 2 0 12.0 15.9 5.0 2.5 2 1 2 0 0
-296.5 6480.1 -6.9 179 0 10.6 10.1 2.5 2.5 2 0 1 3 3
-303.7 6480.5 -7.0 185 0 8.8 5.9 2.5 2.5 2 0 1 4 4
-301.9 6489.5 -6.9 192 0 4.1 4.9 2.5 2.5 4 1 1 3 3
-300.5 6494.2 -6.9 179 0 3.6 14.2 2.5 2.5 2 1 1 2 2
-302.4 6511.2 -6.8 176 0 15.8 16.7 2.5 0.0 0 1 1 0 0
-295.7 6614.6 -7.5 179 0 12.9 7.9 2.5 2.5 2 0 1 5 5
-305.7 6648.5 -7.5 180 0 5.5 16.7 2.5 2.5 2 1 1 2 2
-288.8 6673.4 -8.1 276 0 13.6 15.4 2.5 2.5 2 1 1 1 1
-287.3 6682.0 -7.9 269 0 33.7 7.5 2.5 2.5 2 0 1 3 3
-265.9 6662.5 -2.1 297 0 7.3 7.2 2.5 2.5 2 0 1 3 3
-259.2 6679.2 -2.1 289 0 8.0 10.9 2.5 0.0 0 1 1 1 1
-239.4 6656.9 -1.7 4 0 8.6 7.9 2.5 2.5 2 0 1 2 2
-335.9 6599.7 -3.7 1 0 8.8 7.1 5.0 2.5 2 0 2 0 0
-332.6 6617.7 -4.8 349 0 6.0 11.5 5.0 2.5 2 1 2 5 5
-331.0 6642.1 -6.3 350 0 5.5 32.9 5.0 2.5 2 1 2 2 2
-349.6 6682.1 -6.5 270 0 5.6 11.6 5.0 2.5 2 1 2 4 4
-349.6 6688.6 -6.6 80 0 7.4 6.0 5.0 2.5 4 0 2 5 5
-333.5 6689.6 -7.2 97 0 14.6 12.1 5.0 2.5 2 0 2 2 2
-330.1 6706.4 -7.1 357 0 5.3 13.0 5.0 2.5 2 1 2 0 0
-355.9 6749.6 -6.5 267 0 10.2 9.6 5.0 2.5 2 0 2 3 3
-352.6 6758.1 -6.5 92 0 8.0 10.7 5.0 2.5 2 1 2 2 2
-401.8 6792.3 -10.8 183 0 5.7 4.8 5.0 2.5 2 0 2 1 1
-405.5 6804.2 -11.2 177 0 8.6 9.9 5.0 2.5 2 1 2 0 0
-370.6 6766.7 -7.8 359 0 9.6 11.4 5.0 2.5 4 1 2 3 3
-370.2 6784.0 -8.0 2 0 13.5 11.3 5.0 2.5 2 0 2 0 0
-370.1 6798.2 -8.0 3 0 7.4 10.8 5.0 2.5 4 1 2 5 5
-375.6 6834.3 -8.4 6 0 7.7 6.0 5.0 2.5 2 0 2 1 1
-363.5 6863.8 -8.3 3 0 4.9 10.8 5.0 2.5 2 1 2 5 5
-362.9 6889.5 -9.2 3 0 30.0 9.9 5.0 2.5 2 0 2 5 5
-376.1 6886.5 -9.3 355 0 9.1 5.4 5.0 0.0 0 0 2 4 4
-391.9 6914.0 -10.7 191 0 4.2 7.4 5.0 2.5 2 1 2 0 0
-396.9 6929.9 -11.4 176 0 9.2 9.1 5.0 2.5 2 0 2 0 0
-404.3 6945.0 -11.9 167 0 7.1 7.2 5.0 2.5 2 1 2 2 2
-373.1 6956.6 -10.6 121 0 7.8 17.5 5.0 2.5 4 1 2 1 1
-324.0 6826.5 -7.3 359 0 6.5 10.4 5.0 2.5 2 1 2 1 1
-347.0 6853.4 -7.1 265 0 8.4 7.5 5.0 2.5 2 0 2 4 4
-326.1 6851.0 -7.3 287 0 10.1 10.5 5.0 2.5 2 1 2 1 1
-324.3 6903.7 -8.2 355 0 8.6 6.0 2.5 2.5 2 0 1 0 0
-301.4 6718.1 -8.2 177 0 15.6 9.8 5.0 2.5 2 0 2 4 4
-258.6 6708.3 -2.5 83 0 10.3 14.6 5.0 2.5 4 1 2 1 1
-296.2 6757.0 -7.9 170 0 10.4 5.5 5.0 2.5 2 0 2 4 4
-300.6 6842.2 -7.3 182 0 13.7 18.2 5.0 2.5 2 1 2 1 1
-297.8 6859.1 -7.2 182 0 11.3 7.5 5.0 2.5 2 0 2 1 1
-279.0 6859.4 -4.1 192 0 11.7 10.9 5.0 2.5 2 0 2 2 2
-281.5 6876.4 -4.3 183 0 9.9 17.7 5.0 2.5 2 1 2 1 1
-291.8 6954.7 -6.7 79 0 15.3 20.9 5.0 2.5 2 1 2 4 4
32.7 5595.8 5.3 352 0 8.1 9.2 2.5 2.5 2 1 1 0 0
45.0 5623.8 5.3 8 0 8.7 13.6 2.5 2.5 2 1 1 2 2
27.1 5667.4 5.2 190 0 12.9 16.1 2.5 2.5 2 1 1 1 1
9.9 5150.0 5.8 82 0 8.3 21.3 5.0 2.5 2 1 2 1 1
26.4 5154.9 5.8 58 0 9.5 10.4 5.0 2.5 2 1 2 4 4
26.0 4927.8 6.1 223 0 11.0 22.0 5.0 2.5 2 1 2 2 2
158.9 5457.6 5.7 15 0 14.8 7.3 5.0 0.0 0 0 2 1 1
66.1 5577.6 5.4 182 0 10.9 10.3 5.0 2.5 2 0 2 0 0
76.9 5625.0 5.4 252 0 12.4 16.5 5.0 2.5 2 1 2 5 5
130.4 5697.0 5.4 14 0 9.3 18.0 5.0 2.5 4 1 2 0 0
124.8 5692.6 5.4 276 0 8.9 16.0 5.0 0.0 0 1 2 1 1
65.9 5650.1 5.3 180 0 8.0 8.4 5.0 2.5 2 1 2 0 0
76.2 5732.9 5.2 175 0 6.6 14.9 5.0 2.5 2 1 2 2 2
57.2 5769.1 5.1 2 0 10.7 8.9 2.5 2.5 2 0 1 1 1
109.2 6015.3 4.7 179 0 24.9 11.2 5.0 2.5 2 0 2 4 4
245.0 6467.5 2.4 99 0 8.5 19.7 2.5 2.5 2 1 1 2 2
271.4 6470.4 2.4 26 0 11.1 11.0 2.5 2.5 2 0 1 0 0
166.3 6492.4 2.9 97 0 14.6 6.9 2.5 2.5 2 0 1 1 1
99.8 6469.2 2.6 177 0 12.4 12.5 5.0 2.5 2 1 2 2 2
110.7 6403.1 3.0 16 0 11.5 9.6 5.0 2.5 2 0 2 0 0
96.8 6368.6 3.1 188 0 11.1 13.1 5.0 2.5 2 1 2 1 1
99.5 6490.8 2.5 182 0 8.3 8.4 5.0 2.5 2 1 2 5 5
146.9 6517.8 2.8 195 0 8.8 7.5 2.5 2.5 2 0 1 3 3
161.9 6537.5 2.7 161 0 7.8 15.6 2.5 2.5 2 1 1 4 4
112.8 6597.8 2.0 262 0 10.4 11.6 5.0 2.5 2 1 2 0 0
158.1 6624.6 2.3 178 0 11.5 6.4 2.5 2.5 2 0 1 5 5
152.7 6734.9 1.7 17 0 10.4 8.8 2.5 2.5 2 0 1 0 0
128.9 6746.7 1.4 170 0 13.6 6.3 2.5 2.5 2 0 1 3 3
102.0 6723.5 1.2 350 0 9.5 13.7 5.0 2.5 2 1 2 3 3
4195.9 44.1 -0.0 225 0 10.3 11.4 5.0 2.5 2 1 2 2 2
4214.4 33.9 -0.1 317 0 11.8 12.2 5.0 2.5 2 1 2 4 4
4226.5 22.8 0.8 314 0 15.7 13.8 2.5 2.5 2 0 1 4 4
4239.8 0.9 2.5 47 0 14.7 13.0 5.0 2.5 2 0 2 0 0
4221.3 -39.9 2.7 49 0 11.7 9.2 2.5 2.5 2 0 1 3 3
4214.3 -28.7 2.0 48 0 12.2 16.5 2.5 2.5 4 1 1 4 4
4189.1 -3.7 1.2 228 0 12.3 11.3 5.0 2.5 2 0 2 1 1
4170.8 -121.6 1.6 47 0 13.5 22.6 2.5 2.5 2 1 1 4 4
4139.2 -104.2 1.1 138 0 14.2 11.9 2.5 2.5 2 0 1 0 0
4125.1 -81.3 0.0 137 0 28.4 10.2 2.5 2.5 2 0 1 5 5
4128.9 -44.2 -0.3 317 0 11.6 18.1 2.5 2.5 2 1 1 5 5
4142.5 -21.1 -0.4 230 0 25.0 14.5 7.5 2.5 4 0 3 4 4
4167.0 -2.6 0.0 228 0 20.9 12.2 12.5 2.5 2 0 5 2 2
