-2878.3 797.8 -12.7 335 0 12.7 6.6 5.0 2.5 2 0 2 4 4
-2614.0 1011.5 -5.9 196 0 13.3 11.0 5.0 2.5 2 0 2 4 4
-2624.1 1030.1 -5.0 11 0 9.1 11.9 2.5 2.5 2 1 1 0 0
-2626.8 1018.2 -5.5 23 0 5.3 14.7 2.5 2.5 2 1 1 4 4
-2713.6 1046.6 -5.7 192 0 11.8 6.1 5.0 0.0 0 0 2 4 4
-2690.3 1043.6 -5.6 8 0 11.1 4.1 5.0 2.5 2 0 2 0 0
-2721.4 1020.2 -6.6 180 0 6.2 7.7 5.0 2.5 2 1 2 0 0
-2729.2 970.5 -7.7 175 0 8.5 15.7 5.0 2.5 2 1 2 3 3
-2514.3 1200.0 0.8 22 0 7.7 15.6 5.0 2.5 2 1 2 5 5
-2542.3 1170.3 0.4 108 0 9.3 23.5 5.0 2.5 2 1 2 1 1
-2546.6 1211.8 0.3 291 0 31.3 9.8 5.0 2.5 2 0 2 4 4
-2578.2 1211.3 0.1 197 0 10.7 9.0 5.0 2.5 2 0 2 4 4
-2564.0 1154.7 0.3 282 0 6.9 7.3 5.0 2.5 2 1 2 0 0
-2552.7 1151.9 0.3 282 0 6.2 8.5 5.0 2.5 2 1 2 5 5
-2536.5 1137.4 0.3 13 0 7.4 10.3 5.0 2.5 2 1 2 5 5
-2545.4 1109.0 0.3 10 0 11.8 7.4 5.0 2.5 2 0 2 3 3
-2573.0 1108.9 0.3 100 0 10.8 16.3 5.0 0.0 0 1 2 4 4
-2587.8 1113.2 0.1 88 0 4.7 10.7 5.0 2.5 2 1 2 3 3
-2600.4 1136.1 0.2 200 0 10.7 11.0 5.0 0.0 0 1 2 2 2
-2567.1 1062.3 -1.9 2 0 14.6 10.9 5.0 2.5 4 0 2 0 0
-2609.3 1054.9 -3.1 107 0 17.4 33.8 5.0 2.5 2 1 2 5 5
-2676.1 1085.1 -3.8 105 0 9.4 7.2 5.0 2.5 2 0 2 4 4
-2630.9 1101.9 -2.3 11 0 8.2 16.5 5.0 2.5 2 1 2 3 3
-2695.0 1121.9 -2.9 282 0 12.4 9.9 5.0 2.5 2 0 2 1 1
-2652.6 1069.5 -3.8 115 0 12.2 15.4 5.0 2.5 2 1 2 3 3
-2691.2 1268.0 2.0 90 0 3.2 13.4 5.0 2.5 2 1 2 3 3
-2676.9 1282.2 2.0 283 0 6.0 9.2 5.0 2.5 2 1 2 2 2
-2700.4 1267.7 2.0 94 0 8.4 8.6 5.0 2.5 4 1 2 4 4
-2649.4 1238.1 0.5 271 0 10.1 14.9 5.0 2.5 2 1 2 5 5
-2680.7 1188.6 -0.1 88 0 7.1 10.1 5.0 2.5 2 1 2 5 5
-2654.3 1187.5 0.0 93 0 8.0 19.9 5.0 2.5 2 1 2 4 4
-2637.5 1182.7 0.0 92 0 10.4 15.2 5.0 2.5 2 1 2 0 0
-2632.1 1230.2 0.2 290 0 9.6 13.6 5.0 2.5 4 1 2 3 3
-2601.8 1185.2 0.3 11 0 7.9 6.7 5.0 2.5 2 0 2 1 1
-2669.4 1230.1 0.7 275 0 9.8 9.2 5.0 2.5 2 0 2 2 2
-2696.1 1254.4 1.4 278 0 14.6 9.2 5.0 2.5 2 0 2 3 3
-2705.4 1225.8 0.9 191 0 7.3 12.6 5.0 2.5 2 1 2 1 1
-2710.4 1204.7 0.2 184 0 11.6 8.9 5.0 2.5 2 0 2 0 0
-2663.9 1143.6 -1.4 101 0 9.6 4.4 5.0 2.5 2 0 2 2 2
-2663.7 1134.2 -1.7 110 0 11.0 5.8 5.0 2.5 2 0 2 4 4
-2636.9 1127.8 -1.0 95 0 6.7 14.3 5.0 2.5 2 1 2 4 4
-2643.5 1163.2 -0.5 259 0 6.5 4.8 5.0 2.5 2 0 2 3 3
-2643.9 1156.3 -0.7 280 0 9.9 3.6 5.0 2.5 2 0 2 2 2
-2649.6 1133.5 -1.2 90 0 5.6 9.2 5.0 2.5 2 1 2 1 1
-2618.5 1163.8 -0.1 300 0 14.0 7.2 5.0 2.5 2 0 2 0 0
-2618.0 1133.9 -0.8 12 0 20.9 13.4 5.0 2.5 2 0 2 5 5
-2672.7 1166.8 -1.0 272 0 7.0 8.6 5.0 2.5 2 1 2 5 5
-2679.1 1133.5 -1.8 100 0 11.2 20.8 5.0 2.5 2 1 2 0 0
-2685.1 1171.8 -0.8 270 0 8.3 4.2 5.0 2.5 2 0 2 4 4
-2712.7 1177.8 -0.6 178 0 9.5 8.2 5.0 0.0 0 0 2 4 4
-2715.6 1162.7 -1.1 183 0 8.6 10.6 5.0 2.5 4 1 2 0 0
-2721.2 939.7 -8.6 271 0 9.2 17.5 2.5 2.5 2 1 1 4 4
-2914.2 1045.4 -9.3 203 0 11.3 9.8 2.5 2.5 2 0 1 0 0
-2737.0 992.7 -7.3 9 0 7.9 7.2 2.5 2.5 2 0 1 3 3
-2737.1 1020.8 -6.7 0 0 8.0 16.2 2.5 2.5 2 1 1 5 5
-2752.7 972.6 -7.5 0 0 6.8 4.1 2.5 2.5 2 0 1 1 1
-2742.5 970.9 -7.5 2 0 8.6 6.5 2.5 2.5 2 0 1 5 5
-2769.9 1025.8 -6.7 281 0 7.5 13.0 2.5 2.5 4 1 1 2 2
-2786.0 1025.1 -6.5 286 0 9.5 7.0 2.5 2.5 2 0 1 3 3
-2800.2 1013.8 -7.1 271 0 5.9 14.9 2.5 2.5 2 1 1 2 2
-2816.7 1028.6 -7.0 278 0 7.7 12.3 2.5 2.5 2 1 1 0 0
-2865.0 1006.5 -8.3 206 0 5.7 4.6 2.5 2.5 2 0 1 1 1
-2775.8 1082.8 -4.8 272 0 7.4 8.0 5.0 2.5 2 1 2 3 3
-2760.9 1071.1 -5.1 273 0 10.6 3.6 5.0 2.5 2 0 2 5 5
-2729.1 1074.7 -4.9 0 0 5.3 9.7 5.0 2.5 2 1 2 4 4
-2748.3 1076.3 -5.1 274 0 4.7 9.2 5.0 2.5 2 1 2 2 2
-2730.1 1066.6 -5.1 5 0 3.6 11.0 5.0 2.5 2 1 2 2 2
-2739.6 1058.0 -5.5 2 0 8.3 7.4 5.0 2.5 2 0 2 4 4
-2757.7 1052.5 -5.6 84 0 14.2 10.8 5.0 0.0 0 0 2 3 3
-2790.9 1048.7 -5.7 89 0 7.9 14.3 5.0 2.5 2 1 2 4 4
-2819.5 1075.7 -5.2 273 0 6.8 6.8 5.0 2.5 2 1 2 2 2
-2817.2 1084.5 -4.8 279 0 8.1 5.8 5.0 2.5 2 0 2 4 4
-2839.3 1082.7 -5.2 270 0 12.7 8.0 5.0 2.5 2 0 2 2 2
-2771.9 1138.2 -2.8 270 0 11.2 9.8 2.5 2.5 2 0 1 5 5
-2802.8 1141.7 -2.8 281 0 9.6 6.6 2.5 0.0 0 0 1 3 3
-2841.2 1105.8 -3.9 94 0 8.3 9.2 2.5 2.5 2 1 1 1 1
-2818.9 1100.2 -4.0 90 0 9.7 9.8 2.5 0.0 0 1 1 3 3
-2798.7 1100.0 -4.0 95 0 10.1 6.5 2.5 2.5 2 0 1 4 4
-2777.6 1098.7 -4.0 90 0 9.1 9.2 2.5 2.5 2 1 1 4 4
-2761.4 1094.9 -4.1 90 0 7.4 12.5 2.5 2.5 2 1 1 3 3
-2732.2 1100.5 -4.0 354 0 8.4 11.5 2.5 2.5 2 1 1 1 1
-2736.9 1134.9 -2.7 281 0 11.7 10.9 2.5 2.5 2 0 1 2 2
-2729.3 1168.2 -1.1 1 0 6.6 11.2 5.0 0.0 0 1 2 4 4
-2730.1 1187.2 -0.5 281 0 6.4 9.4 5.0 2.5 4 1 2 4 4
-2792.2 1171.0 -1.3 103 0 10.2 5.6 5.0 2.5 2 0 2 3 3
-2760.5 1169.6 -1.1 96 0 9.7 5.4 5.0 2.5 2 0 2 2 2
-2763.0 1159.4 -1.5 102 0 7.2 7.0 5.0 2.5 2 0 2 2 2
-2801.5 1199.3 -0.6 284 0 12.5 7.6 5.0 2.5 2 0 2 4 4
-2809.8 1179.6 -1.2 96 0 8.6 5.7 5.0 2.5 2 0 2 2 2
-2824.2 1205.9 -0.7 278 0 8.6 10.8 5.0 2.5 4 1 2 5 5
-2752.4 1261.2 1.8 281 0 6.5 9.7 5.0 2.5 2 1 2 3 3
-2739.6 1256.6 1.7 268 0 5.0 6.8 5.0 2.5 2 1 2 5 5
-2724.4 1244.4 1.4 7 0 15.3 5.9 5.0 2.5 2 0 2 1 1
-2724.4 1224.2 0.8 0 0 11.0 12.4 5.0 2.5 2 1 2 5 5
-2728.2 1200.3 0.2 94 0 7.7 8.4 5.0 2.5 2 1 2 0 0
-2762.0 1218.3 0.8 99 0 5.7 4.1 5.0 2.5 2 0 2 5 5
-2761.9 1206.2 0.4 96 0 5.7 8.1 5.0 2.5 2 1 2 1 1
-2780.3 1210.8 0.5 100 0 8.1 18.4 5.0 0.0 0 1 2 3 3
-2814.0 1258.6 1.9 195 0 8.0 7.2 5.0 2.5 2 0 2 5 5
-2810.0 1245.5 1.5 192 0 8.5 3.1 5.0 0.0 0 0 2 1 1
-2818.6 1246.0 1.4 182 0 9.2 5.3 5.0 2.5 2 0 2 0 0
-2820.6 1231.2 0.8 183 0 6.6 10.0 5.0 2.5 2 1 2 1 1
-2774.6 1290.1 3.1 102 0 6.8 13.7 5.0 2.5 2 1 2 4 4
-2754.0 1280.9 2.7 100 0 8.7 8.5 5.0 2.5 2 0 2 3 3
-2776.6 1320.3 3.8 9 0 7.2 7.8 5.0 2.5 4 1 2 2 2
-2802.2 1290.5 3.1 84 0 5.9 5.4 5.0 2.5 2 0 2 4 4
-2801.5 1297.8 3.3 96 0 9.2 8.3 5.0 0.0 0 0 2 4 4
-2828.8 1357.4 4.1 282 0 6.0 10.3 5.0 2.5 2 1 2 5 5
-2833.9 1344.3 3.6 281 0 8.7 14.2 5.0 2.5 2 1 2 5 5
-2839.9 1316.3 3.4 113 0 11.2 10.1 5.0 2.5 2 0 2 5 5
-2854.4 1365.6 4.1 283 0 41.8 10.8 5.0 2.5 2 0 2 0 0
-2892.8 1349.6 4.1 189 0 23.0 10.9 5.0 2.5 2 0 2 1 1
-2836.7 1246.3 1.3 6 0 7.0 13.9 5.0 2.5 2 1 2 3 3
-2835.4 1269.8 2.2 9 0 11.6 8.3 5.0 2.5 4 0 2 5 5
-2883.2 1274.8 2.2 186 0 8.6 9.8 5.0 2.5 2 1 2 0 0
-2860.3 1285.9 2.5 279 0 7.2 10.5 5.0 2.5 2 1 2 0 0
-2873.5 1260.3 1.7 186 0 9.0 6.8 5.0 2.5 2 0 2 1 1
-2875.2 1245.3 1.1 189 0 6.3 6.1 5.0 2.5 2 0 2 3 3
-2884.9 1235.7 0.5 189 0 8.3 9.0 5.0 2.5 2 1 2 4 4
-2848.1 1190.0 -1.2 9 0 6.9 8.3 5.0 0.0 0 1 2 3 3
-2915.4 1243.8 -0.0 276 0 5.7 9.1 5.0 0.0 0 1 2 0 0
-2914.4 1249.6 0.7 96 0 6.6 10.1 5.0 2.5 2 1 2 0 0
-2908.4 1284.6 2.5 189 0 3.7 7.8 5.0 2.5 2 1 2 2 2
-2911.7 1269.3 1.4 189 0 14.6 15.7 5.0 2.5 2 1 2 1 1
-2924.9 1221.1 -1.1 6 0 14.9 5.2 7.5 0.0 0 0 3 2 2
-2873.4 1144.0 -3.6 9 0 8.8 8.6 5.0 0.0 0 0 2 0 0
-2864.3 1141.6 -3.4 9 0 10.4 6.2 5.0 2.5 2 0 2 4 4
-2860.8 1115.1 -4.0 6 0 5.6 3.7 5.0 2.5 2 0 2 0 0
-2883.8 1118.5 -4.6 99 0 14.1 11.9 5.0 2.5 2 0 2 5 5
-2873.8 1065.7 -6.7 32 0 6.0 15.4 2.5 2.5 2 1 1 3 3
-2888.6 1052.4 -8.0 6 0 7.7 7.1 2.5 2.5 2 0 1 3 3
-2881.4 1036.2 -8.5 9 0 8.5 13.0 2.5 2.5 2 1 1 4 4
-2911.6 1099.8 -6.7 30 0 8.7 7.1 5.0 0.0 0 0 2 5 5
-2935.5 1070.2 -9.0 194 0 8.6 7.7 5.0 2.5 2 0 2 4 4
-3733.0 -906.6 -8.6 270 0 9.1 10.4 2.5 2.5 2 1 1 2 2
-3729.9 -934.0 -7.5 358 0 5.1 8.6 2.5 2.5 2 1 1 5 5
-3730.2 -942.4 -7.1 0 0 5.0 8.8 2.5 2.5 2 1 1 4 4
-3751.8 -907.0 -7.5 272 0 7.4 13.4 2.5 2.5 2 1 1 0 0
-3756.0 -941.6 -6.6 183 0 4.8 12.1 2.5 0.0 0 1 1 1 1
-3771.3 -915.5 -6.8 178 0 6.6 7.7 2.5 2.5 2 1 1 5 5
-3770.7 -951.2 -5.6 178 0 5.7 8.6 2.5 2.5 2 1 1 3 3
-3866.8 -905.1 -2.8 265 0 7.7 14.3 5.0 2.5 2 1 2 3 3
-3854.1 -904.5 -3.3 270 0 7.1 5.0 5.0 2.5 2 0 2 0 0
-3858.9 -931.1 -2.7 92 0 6.2 11.3 5.0 2.5 2 1 2 1 1
-3850.1 -930.6 -3.0 90 0 4.4 10.1 5.0 2.5 2 1 2 5 5
-3828.3 -926.9 -4.3 97 0 17.5 9.3 5.0 2.5 2 0 2 4 4
-3837.5 -895.4 -4.4 88 0 5.9 11.0 2.5 2.5 2 1 1 2 2
-3828.4 -890.1 -4.7 87 0 6.5 4.5 2.5 2.5 2 0 1 1 1
-3816.2 -896.3 -5.1 92 0 8.1 7.1 2.5 2.5 2 0 1 0 0
-3799.4 -895.4 -5.6 83 0 6.3 9.3 2.5 2.5 2 1 1 4 4
-3789.3 -896.2 -5.8 90 0 5.6 4.2 2.5 2.5 2 0 1 4 4
-3803.1 -936.4 -4.7 94 0 3.6 7.8 5.0 2.5 2 1 2 4 4
-3792.3 -938.5 -5.6 92 0 10.9 10.4 5.0 2.5 2 0 2 5 5
-3805.8 -903.7 -5.4 264 0 9.8 14.0 5.0 2.5 2 1 2 1 1
-3851.7 -944.0 -1.9 270 0 7.7 8.6 2.5 2.5 2 1 1 4 4
-3817.3 -965.7 -2.9 90 0 9.7 13.1 2.5 2.5 2 1 1 1 1
-3866.7 -939.3 -1.5 276 0 6.6 8.4 2.5 2.5 2 1 1 5 5
-3887.4 -937.8 -0.3 262 0 4.3 4.5 2.5 2.5 4 1 1 0 0
-3902.0 -933.3 0.4 270 0 8.6 5.0 2.5 2.5 2 0 1 2 2
-3869.2 -892.1 -3.2 92 0 6.3 15.5 2.5 2.5 2 1 1 1 1
-3886.8 -903.6 -2.0 270 0 7.1 5.6 5.0 2.5 2 0 2 5 5
-3887.5 -923.3 -1.6 92 0 6.9 10.4 5.0 2.5 2 1 2 0 0
-3899.0 -889.7 -1.9 85 0 4.5 9.5 2.5 2.5 2 1 1 1 1
-3909.3 -856.4 -1.9 263 0 5.3 7.8 2.5 2.5 2 1 1 0 0
-3911.6 -905.2 -0.4 272 0 6.5 8.3 5.0 0.0 0 1 2 2 2
-3918.6 -931.5 1.6 274 0 7.8 11.9 2.5 0.0 0 1 1 3 3
-3925.5 -916.8 0.7 92 0 5.9 10.1 5.0 2.5 2 1 2 2 2
-3958.4 -899.3 2.4 76 0 11.0 5.5 5.0 0.0 0 0 2 5 5
-3957.0 -907.6 2.8 79 0 7.8 6.6 5.0 2.5 2 0 2 3 3
-3933.4 -931.7 2.7 272 0 7.8 14.3 2.5 2.5 2 1 1 3 3
-3951.1 -945.6 3.7 88 0 9.4 8.3 2.5 2.5 2 0 1 4 4
-3961.9 -948.7 4.4 78 0 6.3 8.5 2.5 2.5 2 1 1 1 1
-3980.8 -912.7 4.4 70 0 7.3 8.5 5.0 2.5 2 1 2 4 4
-3985.4 -934.6 5.3 266 0 8.0 5.8 2.5 2.5 2 0 1 0 0
-4047.8 -914.7 6.1 266 0 8.4 7.4 5.0 2.5 2 0 2 5 5
-4042.3 -937.1 6.3 80 0 6.0 12.4 5.0 2.5 2 1 2 5 5
-3990.9 -889.9 3.1 345 0 8.6 22.3 5.0 2.5 4 1 2 0 0
-4017.4 -896.6 4.1 345 0 10.2 8.9 5.0 2.5 2 0 2 0 0
-4010.6 -922.8 5.1 74 0 9.5 19.2 5.0 2.5 2 1 2 4 4
-4125.6 -1001.1 8.5 254 0 7.5 9.9 5.0 2.5 2 1 2 2 2
-4113.7 -996.1 8.4 249 0 9.2 10.5 5.0 2.5 2 1 2 5 5
-4067.8 -1047.6 9.3 3 0 27.6 17.0 5.0 2.5 2 0 2 4 4
-4139.0 -1007.5 8.6 246 0 6.0 10.1 5.0 2.5 2 1 2 4 4
-4161.2 -1029.2 9.1 334 0 8.2 7.8 2.5 2.5 2 0 1 2 2
-4180.0 -980.6 9.0 245 0 5.5 7.2 2.5 2.5 2 1 1 2 2
-4188.0 -990.2 9.2 65 0 9.1 6.0 2.5 2.5 2 0 1 2 2
-4203.0 -1027.0 9.3 249 0 5.5 8.9 2.5 0.0 0 1 1 1 1
-4204.9 -1014.2 9.2 76 0 11.4 17.1 2.5 2.5 2 1 1 4 4
-4261.2 -1030.9 10.7 76 0 14.0 7.7 2.5 0.0 0 0 1 1 1
-359.8 2095.2 -0.8 225 0 8.6 14.9 5.0 2.5 2 1 2 3 3
-342.9 2115.1 -1.2 223 0 11.6 19.8 5.0 2.5 2 1 2 3 3
-318.2 2117.4 -1.5 228 0 9.3 7.3 5.0 2.5 2 0 2 4 4
-326.8 2126.8 -1.7 220 0 10.5 8.7 5.0 0.0 0 0 2 0 0
-309.4 2144.6 -2.5 222 0 7.4 14.8 5.0 2.5 2 1 2 2 2
-342.0 2181.5 -4.9 233 0 7.7 8.9 5.0 2.5 4 1 2 1 1
-318.0 2157.7 -3.6 34 0 7.6 5.9 5.0 2.5 2 0 2 3 3
-309.1 2165.7 -4.5 46 0 8.7 6.4 5.0 2.5 2 0 2 4 4
-297.0 2173.4 -5.2 48 0 4.9 9.3 5.0 2.5 2 1 2 0 0
-303.4 2193.8 -6.2 309 0 5.0 9.1 5.0 2.5 2 1 2 4 4
-310.6 2201.1 -6.8 318 0 10.0 10.8 5.0 2.5 2 1 2 0 0
-209.9 2233.8 -8.1 222 0 7.2 13.6 5.0 0.0 0 1 2 4 4
-224.0 2224.5 -7.2 230 0 9.7 20.9 5.0 2.5 2 1 2 2 2
-247.6 2199.3 -6.0 220 0 8.2 15.4 5.0 2.5 4 1 2 2 2
-275.1 2176.5 -5.1 224 0 9.5 15.3 5.0 0.0 0 1 2 0 0
-290.7 2196.9 -7.2 144 0 5.8 6.2 5.0 0.0 0 1 2 4 4
-300.1 2206.8 -7.8 147 0 7.5 7.8 5.0 2.5 2 1 2 2 2
-285.8 2223.4 -8.3 239 0 6.6 8.4 5.0 2.5 2 1 2 4 4
-270.6 2197.6 -8.0 57 0 7.2 13.9 5.0 2.5 2 1 2 4 4
-274.4 2226.8 -8.2 219 0 9.1 15.3 5.0 2.5 2 1 2 2 2
-241.5 2221.9 -8.1 43 0 8.5 6.6 5.0 0.0 0 0 2 5 5
-251.0 2227.0 -8.3 50 0 7.1 3.8 5.0 2.5 4 0 2 3 3
-260.0 2243.1 -8.4 238 0 10.3 9.9 5.0 2.5 2 0 2 3 3
-232.7 2248.8 -8.2 319 0 4.3 5.1 5.0 0.0 0 1 2 4 4
-242.2 2258.0 -8.2 235 0 5.5 8.0 5.0 2.5 2 1 2 3 3
-250.0 2250.8 -8.3 232 0 6.2 6.1 5.0 2.5 2 0 2 1 1
-244.8 2243.9 -8.3 225 0 9.1 8.0 5.0 2.5 2 0 2 2 2
-231.7 2228.9 -8.1 52 0 8.6 6.6 5.0 2.5 2 0 2 3 3
-224.7 2238.0 -8.2 54 0 4.8 6.9 5.0 2.5 2 1 2 5 5
-216.5 2254.3 -8.2 311 0 10.7 10.0 5.0 2.5 2 0 2 3 3
-227.2 2265.4 -8.2 308 0 12.0 9.6 5.0 2.5 4 0 2 4 4
-204.3 2278.0 -9.9 324 0 7.0 12.2 5.0 0.0 0 1 2 0 0
-237.4 2298.0 -9.1 138 0 4.0 7.2 5.0 2.5 2 1 2 3 3
-243.7 2307.8 -9.2 227 0 7.5 3.3 5.0 0.0 0 0 2 0 0
-253.7 2293.6 -8.6 316 0 9.0 8.1 2.5 2.5 2 0 1 2 2
-243.4 2282.2 -8.4 319 0 14.0 10.6 2.5 2.5 2 0 1 0 0
-256.4 2265.0 -8.2 40 0 8.7 5.6 2.5 2.5 2 0 1 3 3
-271.2 2284.8 -8.5 236 0 7.1 3.7 2.5 2.5 2 0 1 5 5
-269.9 2279.0 -8.5 232 0 14.9 3.3 2.5 2.5 2 0 1 1 1
-285.3 2273.5 -8.3 231 0 9.1 4.1 2.5 2.5 2 0 1 5 5
-280.7 2268.8 -8.3 231 0 12.6 6.9 2.5 2.5 2 0 1 5 5
-269.4 2255.2 -8.2 37 0 10.6 7.9 2.5 2.5 2 0 1 1 1
-300.2 2262.7 -8.1 234 0 6.8 6.6 2.5 2.5 2 0 1 2 2
-293.7 2256.0 -8.1 235 0 10.5 3.3 2.5 2.5 2 0 1 3 3
-280.7 2241.9 -8.1 51 0 13.4 13.8 2.5 2.5 2 1 1 2 2
-300.8 2238.1 -7.9 41 0 6.7 3.7 2.5 2.5 2 0 1 4 4
-304.6 2225.4 -7.8 42 0 12.0 10.8 2.5 2.5 2 0 1 4 4
-318.0 2246.9 -7.9 228 0 23.4 7.2 2.5 2.5 2 0 1 0 0
-342.7 2229.6 -7.3 230 0 11.0 9.0 5.0 2.5 2 0 2 5 5
-327.6 2208.7 -7.2 48 0 6.3 10.2 5.0 2.5 2 1 2 2 2
-337.4 2198.2 -6.7 53 0 7.8 11.3 5.0 2.5 2 1 2 1 1
-352.0 2220.3 -7.0 233 0 10.1 8.2 5.0 2.5 2 0 2 2 2
-361.0 2211.1 -6.6 232 0 6.7 14.0 5.0 2.5 2 1 2 0 0
-358.8 2130.7 -2.6 50 0 9.1 16.6 5.0 2.5 2 1 2 3 3
-347.5 2162.2 -3.8 331 0 17.1 8.0 5.0 2.5 2 0 2 5 5
-402.3 2143.7 -4.0 140 0 15.4 39.7 5.0 2.5 2 1 2 5 5
-409.3 2165.8 -3.3 232 0 8.1 5.7 5.0 2.5 2 0 2 2 2
-408.7 2232.2 -5.9 229 0 7.0 8.4 2.5 2.5 2 1 1 0 0
-391.9 2218.1 -6.0 330 0 14.3 10.2 2.5 2.5 2 0 1 4 4
-402.5 2199.7 -5.2 47 0 8.0 7.6 2.5 2.5 2 0 1 1 1
-413.8 2210.0 -5.3 225 0 8.5 4.3 2.5 2.5 2 0 1 3 3
-418.4 2189.8 -4.5 47 0 6.9 8.9 2.5 2.5 2 1 1 2 2
-443.9 2183.8 -3.8 149 0 3.4 6.6 2.5 2.5 2 1 1 2 2
-434.4 2253.9 -5.6 232 0 4.8 8.9 5.0 2.5 2 1 2 1 1
-415.1 2246.6 -5.9 310 0 8.8 4.9 5.0 2.5 2 0 2 4 4
-448.0 2247.3 -5.3 225 0 10.4 3.4 5.0 2.5 2 0 2 2 2
-460.1 2238.9 -4.9 219 0 10.0 3.5 5.0 2.5 2 0 2 1 1
-472.6 2219.6 -4.2 149 0 15.2 6.4 5.0 2.5 4 0 2 5 5
-374.3 2270.0 -7.0 57 0 5.5 8.3 2.5 2.5 2 1 1 5 5
-397.6 2249.0 -6.3 79 0 4.5 9.0 2.5 2.5 2 1 1 1 1
-386.4 2259.3 -6.7 51 0 10.1 5.3 2.5 2.5 2 0 1 3 3
-390.4 2283.4 -6.8 315 0 6.3 6.9 2.5 2.5 2 1 1 5 5
-415.6 2272.2 -6.2 234 0 4.8 8.4 2.5 2.5 2 1 1 1 1
-379.5 2251.6 -6.7 229 0 3.4 8.3 2.5 2.5 2 1 1 1 1
-389.2 2237.6 -6.6 161 0 4.6 10.8 2.5 2.5 2 1 1 5 5
-370.7 2217.2 -6.5 52 0 7.2 19.1 2.5 2.5 2 1 1 1 1
-363.2 2234.1 -6.9 43 0 4.6 8.0 2.5 2.5 2 1 1 2 2
-351.5 2250.1 -7.3 322 0 12.8 11.3 2.5 2.5 4 0 1 1 1
-371.0 2258.1 -7.1 230 0 10.7 7.2 2.5 2.5 2 0 1 1 1
-342.2 2251.9 -7.4 143 0 12.1 9.6 5.0 0.0 0 0 2 1 1
-347.0 2273.9 -7.3 229 0 10.4 9.8 5.0 2.5 2 0 2 1 1
-326.8 2259.1 -7.4 53 0 9.4 12.2 5.0 2.5 4 1 2 4 4
-312.3 2263.3 -7.8 63 0 7.2 5.5 5.0 2.5 2 0 2 2 2
-316.9 2275.4 -7.2 64 0 4.9 6.8 5.0 2.5 2 1 2 1 1
-320.5 2295.7 -7.1 230 0 11.6 7.3 5.0 2.5 2 0 2 0 0
-290.9 2283.8 -8.0 56 0 6.9 6.7 5.0 2.5 2 0 2 0 0
-297.7 2291.3 -7.5 61 0 6.3 5.6 5.0 2.5 2 0 2 0 0
-307.9 2307.8 -7.0 238 0 10.2 7.7 5.0 2.5 2 0 2 5 5
-279.0 2290.4 -8.3 45 0 6.3 13.8 5.0 2.5 4 1 2 5 5
-264.4 2309.8 -8.5 310 0 10.7 5.8 5.0 2.5 2 0 2 3 3
-274.5 2322.2 -7.6 327 0 12.3 9.8 5.0 0.0 0 0 2 4 4
-250.8 2314.5 -9.2 60 0 7.4 16.9 5.0 2.5 2 1 2 0 0
-268.7 2332.1 -8.1 130 0 5.1 9.3 5.0 2.5 2 1 2 4 4
-303.1 2321.2 -6.8 44 0 7.2 11.6 5.0 2.5 2 1 2 0 0
-315.6 2313.8 -6.9 46 0 9.4 14.1 5.0 2.5 2 1 2 3 3
-354.9 2281.8 -7.2 50 0 10.8 9.4 5.0 2.5 2 0 2 2 2
-338.2 2294.4 -7.1 57 0 12.9 16.8 5.0 2.5 2 1 2 4 4
-338.8 2320.3 -6.8 44 0 5.5 14.0 5.0 2.5 2 1 2 2 2
-386.9 2316.8 -6.8 138 0 12.4 25.9 5.0 2.5 2 1 2 3 3
-400.7 2364.8 -6.2 230 0 10.5 27.3 5.0 2.5 2 1 2 4 4
-417.0 2359.9 -5.6 222 0 14.5 9.4 5.0 0.0 0 0 2 2 2
-424.7 2347.6 -6.2 228 0 9.3 26.8 5.0 2.5 2 1 2 3 3
-436.4 2335.1 -5.6 239 0 7.0 9.9 5.0 2.5 4 1 2 1 1
-425.6 2287.2 -6.1 52 0 14.7 8.4 5.0 2.5 2 0 2 4 4
-461.9 2292.1 -4.9 235 0 7.5 6.0 5.0 2.5 2 0 2 2 2
-470.3 2304.8 -4.4 223 0 11.2 4.8 5.0 2.5 2 0 2 3 3
-454.9 2255.8 -5.1 46 0 5.9 12.8 5.0 2.5 2 1 2 1 1
-467.4 2249.3 -4.7 53 0 8.0 4.5 5.0 2.5 2 0 2 4 4
-477.3 2260.6 -4.3 55 0 6.3 7.2 5.0 0.0 0 1 2 1 1
-489.4 2249.0 -3.9 38 0 9.2 7.3 5.0 2.5 4 0 2 0 0
-498.2 2229.3 -3.6 46 0 10.0 15.5 5.0 2.5 2 1 2 4 4
-482.8 2217.1 -3.7 315 0 9.0 8.4 5.0 2.5 2 0 2 3 3
-463.3 2181.0 -3.1 309 0 11.4 6.5 5.0 2.5 4 0 2 3 3
-451.0 2171.2 -3.0 317 0 12.9 6.7 5.0 2.5 2 0 2 4 4
-457.8 2111.0 -1.2 135 0 8.8 6.1 5.0 2.5 4 0 2 0 0
-437.8 2148.7 -2.4 230 0 5.9 6.9 5.0 2.5 2 1 2 4 4
-409.4 2122.9 -1.7 320 0 8.9 14.6 5.0 2.5 2 1 2 2 2
-397.3 2112.4 -1.4 319 0 9.0 10.0 5.0 2.5 2 1 2 3 3
-406.9 2103.3 -1.2 317 0 8.7 6.5 5.0 2.5 2 0 2 5 5
-394.0 2086.0 -0.9 46 0 6.2 10.1 5.0 0.0 0 1 2 1 1
-576.7 2187.8 -2.6 40 0 7.8 7.5 2.5 2.5 2 0 1 3 3
-517.2 2134.5 -2.2 28 0 5.7 10.6 5.0 2.5 2 1 2 0 0
-557.2 2164.7 -2.5 222 0 10.5 11.1 5.0 2.5 2 1 2 5 5
-542.1 2109.8 -2.5 319 0 6.6 13.6 2.5 2.5 2 1 1 4 4
-482.0 2045.2 -0.3 270 0 9.1 11.6 5.0 2.5 2 1 2 3 3
-493.6 2060.5 -0.9 316 0 7.8 13.2 5.0 2.5 2 1 2 2 2
-547.0 2063.8 -1.3 236 0 10.2 15.4 5.0 2.5 2 1 2 5 5
-559.0 2079.0 -2.2 50 0 9.8 16.0 2.5 2.5 4 1 1 0 0
-5106.5 4234.1 -9.3 297 0 8.1 6.0 5.0 2.5 2 0 2 0 0
-5096.2 4214.4 -9.2 27 0 6.0 8.1 5.0 2.5 2 1 2 5 5
-5100.9 4206.9 -8.7 27 0 5.4 6.6 5.0 2.5 2 1 2 1 1
-5130.0 4213.5 -7.8 207 0 5.7 11.6 5.0 2.5 2 1 2 3 3
-5106.2 4189.3 -8.0 27 0 9.3 7.9 5.0 2.5 4 0 2 4 4
-5112.4 4169.9 -7.4 27 0 8.3 20.0 5.0 2.5 4 1 2 0 0
-5149.7 4289.7 -7.4 218 0 13.1 9.9 2.5 2.5 2 0 1 2 2
-5159.3 4259.9 -7.0 213 0 19.7 9.0 5.0 2.5 2 0 2 2 2
-5132.1 4256.3 -8.0 320 0 9.0 11.0 5.0 2.5 4 1 2 4 4
-5121.7 4269.5 -8.8 129 0 9.1 19.7 2.5 2.5 2 1 1 2 2
-5089.0 4271.8 -10.4 309 0 32.8 11.3 2.5 2.5 4 0 1 1 1
-5085.4 4243.9 -11.0 129 0 10.1 6.6 2.5 2.5 2 0 1 4 4
-5080.8 4228.3 -10.8 210 0 8.4 11.8 2.5 2.5 2 1 1 2 2
-5040.6 4191.7 -9.6 120 0 5.6 11.4 2.5 2.5 4 1 1 1 1
-5055.0 4198.4 -10.2 120 0 11.4 13.2 2.5 2.5 2 1 1 2 2
-5048.4 4108.5 -8.5 30 0 16.5 9.0 2.5 2.5 2 0 1 3 3
-5058.4 4096.6 -7.8 30 0 7.2 10.1 5.0 2.5 4 1 2 4 4
-5073.8 4114.8 -7.6 300 0 6.4 7.9 5.0 2.5 2 1 2 2 2
-5057.5 4127.6 -8.4 300 0 9.1 16.7 2.5 2.5 2 1 1 2 2
-5077.0 4128.8 -8.2 210 0 16.5 10.9 2.5 2.5 4 0 1 1 1
-5081.1 4130.2 -7.9 30 0 17.0 8.9 2.5 2.5 2 0 1 3 3
-5091.7 4136.8 -7.8 30 0 17.9 8.9 2.5 2.5 2 0 1 3 3
-5089.0 4163.4 -8.5 120 0 11.9 13.9 5.0 2.5 4 1 2 1 1
-5087.1 4199.7 -9.5 210 0 8.5 7.1 5.0 2.5 4 0 2 3 3
-5070.4 4192.1 -9.2 300 0 13.1 17.2 5.0 2.5 4 1 2 5 5
-5051.1 4186.5 -9.5 300 0 8.7 16.4 5.0 2.5 2 1 2 2 2
-5062.1 4169.6 -9.0 300 0 4.8 3.3 5.0 2.5 2 0 2 2 2
-5071.8 4152.3 -8.8 120 0 10.5 10.9 5.0 0.0 0 1 2 3 3
-5056.4 4158.4 -8.8 121 0 4.3 7.1 5.0 2.5 2 1 2 2 2
-5053.6 4149.2 -8.6 120 0 6.6 7.4 5.0 2.5 4 1 2 3 3
-5060.5 4153.2 -8.7 120 0 4.1 5.3 5.0 2.5 2 1 2 1 1
-5062.9 4144.7 -8.6 120 0 9.4 7.5 5.0 2.5 2 0 2 4 4
-5037.4 4157.1 -8.6 300 0 8.9 4.8 5.0 0.0 0 0 2 1 1
-5044.2 4144.6 -8.5 120 0 10.3 6.5 5.0 2.5 2 0 2 4 4
-5050.2 4135.6 -8.6 120 0 10.8 8.8 5.0 2.5 2 0 2 5 5
-5041.9 4131.3 -8.5 120 0 4.2 5.6 5.0 2.5 2 1 2 1 1
-5035.7 4127.4 -8.6 120 0 7.4 12.8 5.0 0.0 0 1 2 0 0
-5019.2 4151.6 -8.4 300 0 7.1 7.5 5.0 2.5 4 1 2 5 5
-5019.4 4136.8 -8.3 30 0 5.3 5.4 5.0 2.5 2 1 2 2 2
-5012.4 4134.0 -8.3 30 0 10.8 6.5 5.0 2.5 2 0 2 1 1
-5013.8 4120.8 -8.6 210 0 11.1 9.5 2.5 2.5 2 0 1 4 4
-5019.2 4124.1 -8.6 30 0 11.5 8.6 5.0 0.0 0 0 2 3 3
-2230.2 5018.7 -8.9 0 0 10.6 12.8 2.5 2.5 2 1 1 3 3
-2229.2 5007.3 -8.7 0 0 9.3 11.8 2.5 2.5 2 1 1 1 1
-2228.6 4996.3 -8.6 0 0 10.2 12.5 2.5 2.5 2 1 1 1 1
-2256.0 5018.1 -8.9 180 0 9.9 9.1 2.5 2.5 2 0 1 5 5
-2255.3 5006.8 -8.7 180 0 7.7 10.8 2.5 2.5 2 1 1 1 1
-2250.3 4990.2 -8.6 90 0 10.5 11.7 2.5 2.5 4 1 1 3 3
-2215.6 5005.9 -9.0 180 0 7.3 8.5 2.5 2.5 2 1 1 0 0
-2211.0 4989.9 -8.9 90 0 10.3 9.6 2.5 2.5 2 0 1 1 1
-2191.5 4970.4 -8.6 0 0 11.0 9.2 5.0 2.5 4 0 2 3 3
-2190.8 4954.7 -8.2 0 0 13.7 11.3 5.0 2.5 2 0 2 3 3
-2192.5 4935.3 -7.7 0 0 13.1 9.6 5.0 2.5 4 0 2 1 1
-2215.9 4886.5 -6.3 180 0 13.2 9.9 5.0 2.5 4 0 2 5 5
-2192.2 4886.8 -6.5 0 0 11.2 9.6 5.0 2.5 2 0 2 4 4
-2192.2 4870.9 -6.1 0 0 12.0 9.9 5.0 2.5 4 0 2 4 4
-2215.5 4870.9 -5.8 180 0 11.7 10.1 5.0 2.5 2 0 2 5 5
-2250.3 4864.9 -4.6 90 0 9.3 12.0 5.0 2.5 2 1 2 2 2
-2224.3 4852.4 -4.5 272 0 12.4 10.4 2.5 2.5 2 0 1 3 3
-2431.4 4632.6 -1.5 113 0 6.1 5.3 5.0 2.5 2 0 2 2 2
-2438.3 4635.6 -1.7 113 0 4.6 5.0 5.0 2.5 2 1 2 2 2
-2364.7 4628.8 -1.1 0 0 16.1 22.9 5.0 2.5 2 1 2 4 4
-2312.2 4682.9 -1.9 0 0 12.3 15.3 5.0 2.5 2 1 2 4 4
-2280.0 4601.1 -1.4 179 0 25.4 10.3 2.5 0.0 0 0 1 0 0
-2083.0 4623.7 -4.2 4 0 10.6 6.3 5.0 2.5 2 0 2 3 3
-2090.5 4624.9 -3.5 4 0 13.2 8.4 5.0 2.5 2 0 2 0 0
-2090.0 4613.9 -3.5 4 0 6.0 9.8 5.0 0.0 0 1 2 5 5
-2111.3 4709.6 -4.9 184 0 7.7 12.9 5.0 2.5 2 1 2 1 1
-2101.4 4793.3 -5.3 184 0 14.6 8.9 5.0 2.5 2 0 2 0 0
-2102.5 4778.0 -5.2 184 0 7.5 7.4 5.0 2.5 2 0 2 1 1
-2097.6 4958.1 -7.7 184 0 7.9 7.5 5.0 2.5 2 0 2 2 2
-2116.9 4974.0 -9.9 184 0 6.4 8.0 5.0 2.5 4 1 2 3 3
-2110.6 4957.7 -8.6 184 0 7.2 8.5 5.0 2.5 2 1 2 5 5
-2107.1 5151.2 -7.7 184 0 10.6 10.4 2.5 2.5 2 0 1 0 0
-2101.7 5061.5 -9.2 94 0 17.8 13.4 5.0 2.5 2 0 2 3 3
-2115.9 5022.2 -9.8 184 0 7.4 12.2 5.0 2.5 2 1 2 5 5
-2114.3 5036.1 -9.6 184 0 11.2 15.8 5.0 2.5 2 1 2 2 2
-2160.7 5229.6 -7.0 103 0 8.0 6.2 2.5 0.0 0 0 1 2 2
-1570.8 4494.5 -10.1 179 0 9.5 6.7 5.0 2.5 2 0 2 2 2
-1567.4 4512.9 -8.2 288 0 10.2 5.4 5.0 2.5 2 0 2 2 2
-1560.3 4561.9 -6.1 288 0 6.1 8.7 2.5 2.5 4 1 1 4 4
-1568.5 4549.8 -6.3 198 0 4.3 7.4 2.5 2.5 2 1 1 4 4
-1568.7 4564.1 -6.0 288 0 7.7 19.4 2.5 2.5 2 1 1 2 2
-1568.6 4539.6 -6.7 198 0 9.7 10.9 2.5 2.5 4 1 1 2 2
-1567.3 4522.9 -6.7 108 0 6.2 9.5 2.5 0.0 0 1 1 0 0
-1548.1 4559.3 -6.7 288 0 7.3 11.9 2.5 2.5 2 1 1 3 3
-1536.5 4555.0 -7.2 288 0 7.2 7.3 2.5 0.0 0 1 1 0 0
-1538.6 4545.6 -7.3 288 0 7.5 6.7 2.5 2.5 4 0 1 2 2
-1526.7 4549.7 -7.6 288 0 7.5 6.1 2.5 2.5 2 0 1 5 5
-1528.6 4542.3 -7.7 288 0 7.9 7.8 2.5 2.5 2 0 1 4 4
-1490.4 4535.6 -8.9 18 0 9.3 7.0 2.5 2.5 4 0 1 1 1
-1493.4 4526.0 -9.0 18 0 7.0 6.3 2.5 2.5 2 0 1 4 4
-1503.4 4539.3 -8.7 288 0 11.4 11.8 2.5 2.5 2 1 1 4 4
-1513.1 4547.7 -8.1 288 0 6.8 13.0 2.5 2.5 2 1 1 5 5
-1518.6 4535.2 -8.1 288 0 7.3 6.4 2.5 2.5 2 0 1 5 5
-1522.8 4518.7 -8.2 108 0 6.4 8.8 2.5 2.5 2 1 1 4 4
-1525.4 4507.4 -8.4 108 0 8.1 9.8 2.5 0.0 0 1 1 1 1
-1512.0 4503.4 -8.9 108 0 12.0 8.8 2.5 2.5 4 0 1 2 2
-1503.0 4521.1 -8.7 18 0 8.6 13.2 2.5 2.5 2 1 1 2 2
-1477.5 4489.9 -11.2 289 0 10.0 14.2 2.5 2.5 4 1 1 2 2
-1482.6 4468.3 -11.8 109 0 6.1 5.9 2.5 2.5 2 0 1 5 5
-1485.9 4528.2 -9.4 199 0 18.6 7.6 2.5 0.0 0 0 1 4 4
-1489.1 4512.3 -9.6 199 0 9.0 4.7 2.5 2.5 4 0 1 3 3
-1489.8 4498.5 -9.7 109 0 6.0 7.2 2.5 0.0 0 1 1 5 5
-1468.2 4530.0 -9.6 289 0 7.2 13.5 2.5 2.5 2 1 1 3 3
-1477.3 4500.6 -10.1 109 0 5.9 15.3 2.5 2.5 2 1 1 0 0
-1458.4 4523.1 -9.8 289 0 12.3 8.3 2.5 2.5 2 0 1 3 3
-1465.7 4499.5 -10.3 109 0 12.6 15.1 2.5 2.5 2 1 1 4 4
-1432.8 4521.2 -9.9 289 0 9.7 15.9 2.5 2.5 2 1 1 2 2
-1444.2 4521.2 -10.0 289 0 6.8 15.2 2.5 0.0 0 1 1 3 3
-1450.7 4496.1 -10.3 109 0 8.7 9.3 2.5 2.5 2 1 1 5 5
-1438.0 4489.4 -10.5 109 0 11.5 8.8 2.5 2.5 2 0 1 1 1
-1419.9 4517.2 -10.1 289 0 6.7 20.8 2.5 2.5 2 1 1 1 1
-1409.4 4513.0 -9.7 289 0 7.7 7.6 2.5 0.0 0 0 1 5 5
-1419.3 4491.6 -10.2 109 0 7.6 6.6 2.5 2.5 2 0 1 2 2
-1424.5 4484.6 -10.5 109 0 10.2 7.6 2.5 2.5 2 0 1 3 3
-1389.1 4500.1 -10.0 289 0 7.7 11.7 2.5 2.5 2 1 1 5 5
-1397.8 4508.3 -10.0 289 0 6.7 16.2 2.5 2.5 2 1 1 4 4
-1406.2 4474.8 -10.6 109 0 8.6 8.8 2.5 2.5 4 1 1 4 4
-1403.2 4483.7 -10.3 109 0 10.1 8.1 2.5 2.5 2 0 1 3 3
-1567.0 4595.8 -5.5 284 0 8.7 7.5 5.0 2.5 4 0 2 0 0
-1559.1 4594.4 -5.5 284 0 3.8 7.5 5.0 2.5 2 1 2 0 0
-1565.7 4578.3 -5.5 104 0 5.6 7.6 5.0 2.5 2 1 2 1 1
-1543.8 4580.5 -6.2 104 0 6.2 7.2 5.0 2.5 2 1 2 2 2
-1546.4 4573.2 -6.3 104 0 7.7 7.1 5.0 2.5 2 0 2 1 1
-1554.6 4585.2 -5.8 104 0 6.7 6.8 5.0 2.5 2 1 2 2 2
-1556.7 4574.6 -5.9 104 0 6.3 8.2 5.0 2.5 2 1 2 2 2
-1520.9 4604.8 -6.6 280 0 10.3 11.7 5.0 2.5 2 1 2 5 5
-1517.3 4585.9 -6.8 14 0 8.3 13.2 5.0 2.5 2 1 2 2 2
-1529.3 4572.6 -6.9 104 0 9.8 9.9 5.0 2.5 2 1 2 5 5
-1529.3 4563.4 -7.1 104 0 8.4 8.1 5.0 2.5 2 0 2 2 2
-1501.5 4606.2 -6.9 8 0 7.1 9.8 5.0 2.5 2 1 2 4 4
-1500.6 4595.6 -7.1 8 0 10.3 12.8 5.0 2.5 2 1 2 5 5
-1501.0 4582.4 -7.4 14 0 7.7 9.3 5.0 2.5 2 1 2 3 3
-1520.1 4563.4 -7.4 104 0 5.9 17.0 5.0 2.5 4 1 2 2 2
-1501.1 4573.1 -7.7 14 0 8.2 10.0 5.0 0.0 0 1 2 3 3
-1510.1 4559.0 -8.0 104 0 9.9 10.1 5.0 2.5 2 1 2 2 2
-1477.1 4642.8 -7.2 279 0 10.0 11.3 5.0 2.5 2 1 2 5 5
-1465.7 4617.5 -7.3 8 0 9.8 7.1 5.0 2.5 2 0 2 4 4
-1488.0 4608.3 -7.1 189 0 5.5 9.9 5.0 2.5 2 1 2 4 4
-1485.9 4619.6 -7.1 189 0 9.6 12.0 5.0 2.5 2 1 2 3 3
-1490.5 4575.3 -8.1 202 0 8.8 15.0 5.0 2.5 4 1 2 3 3
-1491.4 4560.6 -8.7 202 0 16.0 9.8 5.0 2.5 2 0 2 1 1
-1471.5 4575.6 -8.0 202 0 9.7 9.9 5.0 2.5 2 1 2 1 1
-1472.3 4558.9 -8.4 112 0 7.5 8.3 5.0 2.5 2 1 2 0 0
-1477.1 4547.9 -8.8 112 0 8.1 10.9 5.0 2.5 2 1 2 1 1
-1450.7 4568.7 -8.1 22 0 8.7 8.7 5.0 2.5 2 1 2 5 5
-1460.6 4557.7 -8.4 112 0 7.2 7.3 5.0 2.5 2 1 2 1 1
-1467.4 4543.1 -8.9 112 0 6.6 14.1 5.0 2.5 4 1 2 5 5
-1455.6 4544.5 -8.8 112 0 6.5 16.8 5.0 2.5 2 1 2 2 2
-1435.5 4567.2 -8.3 289 0 7.6 8.3 5.0 0.0 0 1 2 5 5
-1443.1 4547.1 -8.7 109 0 8.4 10.1 5.0 0.0 0 1 2 5 5
-1446.1 4538.9 -9.0 109 0 6.1 7.4 5.0 2.5 4 1 2 5 5
-1427.0 4562.6 -8.3 289 0 5.7 8.0 5.0 2.5 2 1 2 0 0
-1436.8 4534.2 -9.0 109 0 8.6 21.1 5.0 2.5 2 1 2 1 1
-1405.8 4556.0 -8.2 289 0 6.8 8.1 5.0 2.5 2 1 2 1 1
-1420.1 4542.8 -8.6 109 0 8.2 8.3 5.0 2.5 2 1 2 3 3
-1422.9 4532.3 -8.9 109 0 8.3 8.7 5.0 2.5 2 1 2 0 0
-1412.2 4528.2 -8.9 109 0 7.0 14.9 5.0 2.5 2 1 2 0 0
-1401.3 4523.1 -9.0 109 0 7.3 10.4 5.0 2.5 2 1 2 0 0
-1370.1 4544.3 -7.4 289 0 3.4 6.7 5.0 0.0 0 1 2 3 3
-1375.7 4528.7 -8.0 109 0 5.5 9.0 5.0 2.5 2 1 2 4 4
-1384.5 4531.3 -8.2 109 0 7.4 8.2 5.0 2.5 2 1 2 0 0
-1390.1 4519.6 -8.9 109 0 5.4 11.0 5.0 2.5 2 1 2 0 0
-1378.4 4516.7 -8.7 109 0 7.1 9.3 5.0 2.5 2 1 2 3 3
-1348.4 4529.6 -7.4 19 0 10.3 7.0 5.0 2.5 2 0 2 4 4
-1360.4 4542.3 -7.3 289 0 7.5 8.0 5.0 2.5 2 1 2 0 0
-1359.6 4526.2 -7.9 19 0 7.1 8.8 5.0 2.5 2 1 2 0 0
-1368.5 4512.5 -8.6 109 0 7.9 11.0 5.0 2.5 2 1 2 2 2
-1350.7 4514.1 -8.3 19 0 14.1 7.9 5.0 2.5 2 0 2 4 4
-1153.8 4447.8 -7.5 292 0 7.8 13.5 5.0 0.0 0 1 2 1 1
-1142.4 4444.5 -7.2 293 0 5.8 12.0 5.0 2.5 2 1 2 0 0
-1131.4 4440.1 -7.2 292 0 8.6 13.7 5.0 2.5 2 1 2 5 5
-1120.1 4435.4 -7.0 293 0 9.3 10.4 5.0 2.5 2 1 2 3 3
-1124.4 4425.0 -7.9 292 0 7.6 8.3 5.0 2.5 2 1 2 2 2
-1109.2 4431.2 -7.0 292 0 7.0 9.1 5.0 2.5 2 1 2 1 1
-1114.4 4421.1 -7.9 293 0 6.5 6.6 5.0 2.5 2 1 2 1 1
-1100.1 4425.4 -7.9 292 0 8.0 13.9 5.0 2.5 2 1 2 5 5
-1088.5 4415.3 -8.7 291 0 9.7 13.2 5.0 0.0 0 1 2 2 2
-1095.2 4395.3 -9.5 111 0 8.6 6.8 5.0 2.5 2 0 2 3 3
-1070.7 4414.5 -8.0 291 0 7.9 7.8 5.0 2.5 2 0 2 5 5
-1075.0 4406.2 -8.8 291 0 7.3 7.7 5.0 2.5 2 1 2 1 1
-1053.1 4404.1 -9.2 291 0 4.1 11.4 5.0 2.5 2 1 2 1 1
-1059.2 4408.4 -9.4 291 0 8.8 17.1 5.0 2.5 2 1 2 4 4
-1035.7 4399.4 -9.5 291 0 6.8 9.4 5.0 2.5 2 1 2 1 1
-1045.1 4402.9 -10.1 291 0 8.6 18.7 5.0 2.5 2 1 2 0 0
-1038.5 4389.1 -10.3 283 0 8.8 7.6 5.0 0.0 0 0 2 0 0
-1041.2 4373.1 -11.1 103 0 7.7 7.6 5.0 2.5 2 0 2 5 5
-1027.6 4367.7 -11.6 103 0 16.4 17.9 5.0 2.5 2 1 2 2 2
-1004.2 4388.3 -10.3 290 0 8.0 9.3 5.0 2.5 2 1 2 2 2
-1003.8 4351.5 -12.9 110 0 8.0 9.5 5.0 2.5 2 1 2 3 3
-984.3 4382.9 -11.8 290 0 10.0 22.1 5.0 2.5 2 1 2 3 3
-970.4 4376.7 -10.8 290 0 11.1 8.6 5.0 2.5 2 0 2 4 4
-974.2 4366.6 -11.6 290 0 8.1 6.4 5.0 2.5 2 0 2 2 2
-959.9 4372.6 -11.6 290 0 6.7 14.8 5.0 2.5 2 1 2 4 4
-948.6 4367.9 -11.1 290 0 7.5 7.0 5.0 0.0 0 0 2 3 3
-954.8 4351.6 -11.7 110 0 10.6 8.5 5.0 2.5 2 0 2 1 1
-938.9 4363.7 -11.2 290 0 8.8 14.0 5.0 2.5 2 1 2 5 5
-894.3 4354.0 -8.6 290 0 5.2 6.4 5.0 2.5 2 1 2 4 4
-919.6 4344.4 -11.1 110 0 9.3 13.6 5.0 2.5 2 1 2 1 1
-930.8 4347.1 -10.4 110 0 9.8 15.0 5.0 2.5 2 1 2 4 4
-909.1 4430.0 -4.9 296 0 7.9 14.4 5.0 2.5 2 1 2 4 4
-903.1 4412.7 -4.6 116 0 8.1 13.3 5.0 2.5 2 1 2 3 3
-1166.3 4517.4 -5.0 296 0 9.0 25.0 5.0 0.0 0 1 2 5 5
-1159.0 4516.6 -4.7 207 0 11.8 34.8 5.0 0.0 0 1 2 5 5
-1132.7 4481.4 -5.0 112 0 8.9 10.6 5.0 0.0 0 1 2 5 5
-1095.8 4480.3 -5.3 292 0 10.0 9.2 5.0 2.5 2 0 2 4 4
-1121.1 4450.7 -5.5 112 0 6.5 15.1 5.0 2.5 2 1 2 3 3
-1111.1 4445.6 -5.5 112 0 4.9 11.3 5.0 2.5 2 1 2 4 4
-1100.3 4442.3 -5.5 112 0 5.5 15.7 5.0 2.5 2 1 2 5 5
-1078.0 4461.7 -5.6 292 0 7.6 7.2 5.0 2.5 2 0 2 5 5
-1086.9 4439.2 -5.7 112 0 7.4 13.8 5.0 2.5 2 1 2 4 4
-1071.0 4442.3 -6.1 112 0 9.4 9.5 5.0 2.5 4 1 2 2 2
-1075.6 4433.1 -6.1 112 0 6.5 8.6 5.0 2.5 2 1 2 2 2
-1062.0 4436.2 -6.3 112 0 6.8 8.0 5.0 2.5 2 1 2 3 3
-1065.3 4427.8 -6.5 112 0 7.4 7.7 5.0 2.5 2 1 2 4 4
-1045.8 4429.6 -6.3 112 0 8.4 11.9 5.0 2.5 2 1 2 1 1
-1051.6 4419.9 -6.7 112 0 5.3 9.5 5.0 2.5 2 1 2 0 0
-1038.7 4416.5 -7.0 111 0 6.1 13.4 5.0 2.5 2 1 2 3 3
-1023.9 4420.9 -6.7 111 0 10.8 12.9 5.0 2.5 2 1 2 2 2
-1025.8 4410.9 -7.6 112 0 6.4 8.9 5.0 0.0 0 1 2 2 2
-979.3 4440.0 -5.6 21 0 10.8 10.6 5.0 2.5 2 0 2 3 3
-984.3 4429.2 -6.3 22 0 8.5 10.3 5.0 2.5 4 1 2 2 2
-1000.0 4419.9 -7.0 22 0 12.2 10.3 5.0 2.5 2 0 2 1 1
-1011.8 4406.4 -7.8 112 0 7.0 8.8 5.0 2.5 2 1 2 2 2
-992.5 4406.9 -8.2 21 0 14.0 6.1 5.0 2.5 4 0 2 0 0
-974.1 4429.0 -6.2 199 0 8.4 9.6 5.0 2.5 2 1 2 0 0
-977.4 4421.5 -6.7 199 0 6.5 8.2 5.0 2.5 4 1 2 4 4
-982.7 4395.6 -8.4 109 0 5.9 13.9 5.0 2.5 2 1 2 1 1
-967.0 4400.6 -7.7 109 0 7.3 10.9 5.0 2.5 2 1 2 2 2
-972.0 4388.2 -8.8 109 0 7.5 12.5 5.0 2.5 2 1 2 2 2
-952.9 4398.1 -7.8 109 0 8.3 11.4 5.0 2.5 4 1 2 3 3
-958.8 4385.0 -8.9 109 0 6.3 13.3 5.0 2.5 2 1 2 4 4
-945.1 4380.4 -9.1 109 0 8.7 17.0 5.0 0.0 0 1 2 0 0
-932.4 4377.2 -9.2 109 0 9.3 13.4 5.0 2.5 4 1 2 5 5
-920.2 4372.4 -9.3 109 0 6.0 15.6 5.0 2.5 2 1 2 3 3
-907.6 4368.5 -8.6 109 0 8.0 11.4 5.0 0.0 0 1 2 3 3
-896.1 4362.9 -8.2 109 0 8.1 14.7 5.0 2.5 2 1 2 2 2
-1643.7 4495.4 -5.3 356 0 20.0 8.1 2.5 2.5 2 0 1 0 0
-1646.2 4462.9 -5.2 86 0 8.5 17.6 5.0 2.5 2 1 2 3 3
762.0 6575.9 -7.8 346 0 9.3 17.5 7.5 2.5 2 1 3 2 2
713.1 6388.3 -6.0 237 0 10.0 9.4 2.5 2.5 2 0 1 4 4
725.3 6374.2 -5.9 327 0 8.1 8.3 2.5 2.5 2 1 1 1 1
753.3 6444.3 -7.2 237 0 8.9 17.2 5.0 2.5 2 1 2 0 0
749.2 6422.0 -7.0 147 0 7.4 6.8 5.0 2.5 2 0 2 4 4
755.7 6407.5 -7.0 147 0 21.1 11.1 5.0 2.5 2 0 2 2 2
771.3 6417.8 -7.2 57 0 7.5 7.8 5.0 2.5 4 1 2 1 1
777.4 6409.4 -7.3 57 0 10.6 8.0 5.0 2.5 2 0 2 3 3
775.2 6459.2 -7.7 237 0 10.3 10.9 5.0 2.5 2 1 2 4 4
781.1 6448.9 -7.6 237 0 9.3 8.5 5.0 2.5 2 0 2 3 3
763.9 6448.7 -7.4 237 0 10.8 12.8 5.0 2.5 2 1 2 3 3
772.5 6436.8 -7.4 237 0 7.3 3.5 5.0 2.5 2 0 2 1 1
784.6 6426.1 -7.5 57 0 9.4 9.5 5.0 2.5 2 1 2 1 1
790.2 6417.1 -7.5 57 0 9.5 8.6 5.0 2.5 2 0 2 5 5
795.4 6431.0 -7.7 57 0 7.8 11.6 5.0 2.5 2 1 2 5 5
799.7 6477.6 -8.6 237 0 11.2 13.6 5.0 2.5 2 1 2 5 5
808.3 6464.4 -8.3 237 0 8.9 9.1 5.0 2.5 2 1 2 3 3
789.0 6469.4 -8.0 237 0 10.2 14.9 5.0 2.5 2 1 2 3 3
796.4 6454.5 -7.9 237 0 8.6 4.5 5.0 2.5 2 0 2 1 1
805.1 6444.6 -7.9 57 0 9.5 7.1 5.0 2.5 2 0 2 2 2
811.6 6433.3 -7.9 57 0 10.9 11.9 5.0 2.5 2 1 2 0 0
824.7 6443.5 -8.3 56 0 10.2 16.1 5.0 2.5 2 1 2 3 3
813.1 6484.0 -9.0 236 0 6.7 7.0 5.0 2.5 4 1 2 5 5
816.9 6476.1 -8.9 236 0 7.5 8.6 5.0 2.5 2 1 2 1 1
835.0 6451.2 -8.8 56 0 9.2 20.8 5.0 2.5 2 1 2 4 4
847.9 6457.1 -9.2 56 0 8.5 10.6 5.0 2.5 2 1 2 4 4
840.5 6466.2 -9.3 56 0 9.8 9.2 5.0 2.5 2 0 2 5 5
824.3 6493.6 -9.7 236 0 11.2 16.2 5.0 2.5 4 1 2 5 5
840.4 6510.2 -10.5 236 0 4.8 6.5 5.0 2.5 2 1 2 2 2
838.3 6496.5 -10.1 236 0 9.4 13.2 5.0 2.5 4 1 2 2 2
859.7 6464.2 -9.9 56 0 8.9 23.0 5.0 2.5 2 1 2 5 5
862.0 6477.9 -10.4 56 0 7.7 13.0 5.0 2.5 2 1 2 5 5
868.9 6483.8 -10.8 56 0 8.4 12.7 5.0 2.5 2 1 2 4 4
850.4 6508.8 -10.8 236 0 8.0 8.7 5.0 2.5 2 1 2 2 2
855.5 6499.4 -10.8 236 0 9.7 5.4 5.0 2.5 2 0 2 3 3
860.8 6517.0 -11.3 236 0 7.8 8.5 5.0 2.5 2 1 2 1 1
866.0 6508.1 -11.3 236 0 10.0 5.8 5.0 2.5 2 0 2 0 0
873.8 6495.3 -11.2 56 0 7.5 7.4 5.0 2.5 2 0 2 1 1
883.3 6482.5 -11.2 56 0 8.2 14.6 5.0 2.5 2 1 2 1 1
893.4 6490.5 -11.6 58 0 9.6 8.1 5.0 0.0 0 0 2 2 2
887.7 6498.3 -11.7 58 0 10.8 10.8 5.0 2.5 4 1 2 0 0
872.6 6523.3 -11.8 238 0 8.2 7.5 5.0 2.5 2 0 2 5 5
877.6 6516.1 -11.8 238 0 10.4 6.6 5.0 0.0 0 0 2 3 3
899.2 6543.8 -12.9 234 0 8.5 9.1 5.0 2.5 2 1 2 4 4
882.4 6533.1 -12.3 234 0 9.5 11.7 5.0 2.5 2 1 2 3 3
892.8 6537.1 -12.6 234 0 7.2 5.9 5.0 2.5 2 0 2 2 2
897.0 6529.8 -12.6 234 0 8.6 6.0 5.0 2.5 2 0 2 5 5
888.8 6521.4 -12.2 234 0 8.3 9.6 5.0 2.5 2 1 2 4 4
902.2 6500.7 -12.1 54 0 8.7 13.5 5.0 0.0 0 1 2 3 3
924.3 6507.4 -12.6 54 0 6.8 11.3 5.0 2.5 2 1 2 1 1
908.7 6513.8 -12.5 54 0 6.4 6.2 5.0 2.5 2 0 2 2 2
915.4 6503.5 -12.4 54 0 9.1 9.6 5.0 2.5 2 1 2 0 0
927.7 6556.8 -13.2 234 0 7.8 12.6 5.0 0.0 0 1 2 1 1
922.5 6559.9 -13.2 234 0 7.7 4.9 5.0 0.0 0 0 2 0 0
914.0 6553.0 -13.1 234 0 7.7 6.1 5.0 2.5 2 0 2 4 4
918.8 6544.9 -13.0 234 0 9.3 8.1 5.0 2.5 4 0 2 0 0
911.5 6536.3 -12.9 234 0 7.1 5.9 5.0 2.5 4 0 2 1 1
932.3 6514.2 -12.8 54 0 8.4 8.8 5.0 2.5 2 1 2 0 0
932.7 6527.0 -12.9 54 0 7.3 6.0 5.0 2.5 2 0 2 2 2
943.3 6532.3 -13.0 54 0 8.4 11.4 5.0 2.5 2 1 2 2 2
942.8 6573.2 -13.3 234 0 8.5 26.7 5.0 2.5 2 1 2 1 1
973.9 6575.8 -13.1 234 0 38.0 10.4 5.0 2.5 2 0 2 5 5
977.0 6599.9 -13.1 235 0 9.7 9.4 5.0 2.5 2 0 2 3 3
1021.5 6573.3 -13.0 55 0 6.6 7.8 5.0 2.5 4 1 2 5 5
1013.9 6569.7 -12.9 55 0 7.2 12.7 5.0 2.5 2 1 2 0 0
1029.2 6579.4 -13.1 55 0 8.3 11.4 5.0 2.5 2 1 2 1 1
1046.7 6616.2 -13.7 325 0 7.5 6.6 5.0 2.5 2 0 2 0 0
1041.1 6623.8 -13.7 325 0 6.0 6.2 5.0 2.5 4 1 2 1 1
1035.2 6617.8 -13.6 325 0 7.4 8.9 5.0 2.5 2 1 2 0 0
1056.9 6605.2 -13.6 325 0 8.8 7.5 5.0 2.5 2 0 2 3 3
1049.8 6593.6 -13.5 55 0 8.2 9.1 5.0 2.5 2 1 2 1 1
1040.8 6589.4 -13.3 55 0 5.8 7.4 5.0 2.5 2 1 2 2 2
1041.4 6608.3 -13.5 325 0 6.6 12.6 5.0 2.5 2 1 2 3 3
1081.9 6458.6 -12.4 327 0 8.2 9.1 5.0 2.5 2 1 2 2 2
1063.1 6457.5 -12.3 236 0 12.9 7.5 5.0 2.5 2 0 2 3 3
1067.6 6449.4 -12.2 236 0 11.5 8.7 5.0 0.0 0 0 2 2 2
1053.2 6437.5 -12.1 146 0 10.1 8.5 5.0 2.5 2 0 2 3 3
1066.7 6420.9 -11.8 147 0 6.0 11.2 5.0 2.5 2 1 2 5 5
1059.3 6427.8 -11.9 146 0 10.6 10.2 5.0 2.5 2 0 2 0 0
1093.0 6438.8 -12.0 326 0 6.7 6.0 5.0 0.0 0 0 2 2 2
1085.6 6437.1 -12.1 326 0 12.3 8.6 5.0 2.5 2 0 2 0 0
1093.7 6428.0 -11.8 326 0 7.9 13.8 5.0 2.5 2 1 2 1 1
1082.7 6374.7 -10.9 146 0 18.7 11.2 5.0 2.5 2 0 2 0 0
1109.9 6398.9 -11.3 326 0 8.6 18.8 5.0 2.5 4 1 2 2 2
1114.9 6391.4 -11.2 326 0 6.5 14.1 5.0 2.5 2 1 2 3 3
1122.2 6385.4 -11.2 326 0 9.0 12.2 5.0 2.5 2 1 2 0 0
1111.0 6377.7 -10.8 326 0 9.0 7.8 5.0 2.5 2 0 2 4 4
1127.3 6376.0 -11.1 326 0 8.1 8.7 5.0 0.0 0 1 2 3 3
1119.3 6370.8 -10.8 326 0 7.8 8.0 5.0 2.5 2 1 2 1 1
1133.4 6368.1 -11.0 326 0 7.7 7.3 5.0 2.5 2 0 2 1 1
1126.6 6363.1 -10.7 326 0 8.1 8.9 5.0 2.5 2 1 2 2 2
1156.0 6328.6 -9.9 330 0 13.4 14.4 5.0 2.5 2 1 2 3 3
1148.7 6340.2 -10.2 329 0 10.9 14.4 5.0 2.5 2 1 2 0 0
1119.8 6320.7 -9.0 149 0 11.1 11.3 5.0 2.5 2 1 2 0 0
1128.6 6309.7 -8.6 149 0 8.9 10.9 5.0 2.5 4 1 2 5 5
1165.6 6317.0 -9.6 329 0 11.6 10.2 5.0 2.5 4 0 2 1 1
1155.6 6308.5 -8.8 329 0 10.6 9.1 5.0 2.5 2 0 2 3 3
1134.1 6297.3 -8.2 149 0 9.9 13.1 5.0 2.5 2 1 2 3 3
1161.7 6288.2 -8.2 59 0 5.9 8.2 5.0 2.5 2 1 2 1 1
1175.0 6302.6 -9.1 329 0 9.4 13.1 5.0 2.5 2 1 2 5 5
796.3 6403.6 -7.4 240 0 12.0 28.5 2.5 2.5 2 1 1 0 0
788.3 6390.2 -6.8 240 0 10.4 21.0 2.5 2.5 2 1 1 1 1
779.0 6383.5 -6.6 240 0 7.6 14.3 2.5 2.5 2 1 1 3 3
768.8 6377.8 -6.5 240 0 9.4 28.6 2.5 2.5 2 1 1 5 5
834.2 6428.2 -8.2 240 0 9.4 11.8 2.5 2.5 2 1 1 0 0
841.4 6417.1 -7.9 240 0 8.3 5.5 2.5 2.5 2 0 1 4 4
846.4 6435.1 -8.4 240 0 10.2 12.7 2.5 2.5 2 1 1 5 5
852.0 6421.7 -8.2 240 0 9.3 6.3 2.5 0.0 0 0 1 1 1
870.3 6456.4 -9.7 240 0 5.8 6.1 2.5 2.5 2 1 1 3 3
878.6 6451.4 -9.7 240 0 4.1 9.5 2.5 2.5 2 1 1 3 3
873.5 6447.3 -9.4 240 0 5.8 11.5 2.5 2.5 2 1 1 5 5
883.6 6430.4 -9.2 60 0 6.4 6.7 2.5 2.5 2 1 1 2 2
871.7 6424.3 -8.5 60 0 7.3 3.7 2.5 2.5 2 0 1 2 2
864.0 6437.2 -8.8 240 0 8.0 10.1 2.5 2.5 2 1 1 1 1
882.5 6460.2 -10.3 240 0 10.7 19.5 2.5 2.5 4 1 1 5 5
891.8 6468.2 -10.8 240 0 10.3 17.0 2.5 2.5 2 1 1 5 5
903.9 6447.0 -10.3 60 0 8.7 5.9 2.5 2.5 2 0 1 0 0
923.2 6448.2 -10.8 60 0 10.7 12.6 2.5 2.5 2 1 1 5 5
913.4 6440.1 -10.3 60 0 11.3 9.9 2.5 2.5 2 0 1 4 4
909.8 6472.6 -11.3 240 0 10.1 11.4 2.5 2.5 2 1 1 4 4
919.5 6476.9 -11.7 240 0 7.9 12.7 2.5 2.5 2 1 1 0 0
926.3 6486.4 -12.1 240 0 7.6 6.1 2.5 2.5 4 0 1 2 2
930.7 6479.4 -11.9 240 0 8.2 9.6 2.5 0.0 0 1 1 3 3
938.6 6495.8 -12.5 240 0 7.8 10.4 2.5 0.0 0 1 1 5 5
942.8 6485.2 -12.3 240 0 8.2 6.9 2.5 2.5 2 0 1 2 2
947.2 6506.1 -12.8 240 0 11.6 18.5 2.5 2.5 2 1 1 1 1
970.9 6504.6 -12.9 330 0 10.7 7.2 2.5 2.5 2 0 1 2 2
982.0 6511.4 -12.8 150 0 9.4 9.6 2.5 2.5 2 1 1 0 0
1006.7 6544.8 -12.7 240 0 10.6 12.0 2.5 2.5 2 1 1 5 5
1014.1 6533.0 -12.7 240 0 7.6 9.9 2.5 2.5 2 1 1 1 1
1039.6 6543.2 -12.8 240 0 6.0 9.9 2.5 2.5 2 1 1 0 0
1032.1 6536.9 -12.6 240 0 9.2 9.7 2.5 2.5 2 1 1 1 1
1021.9 6553.1 -12.7 240 0 9.5 18.0 2.5 2.5 4 1 1 5 5
1041.5 6556.3 -12.9 240 0 8.0 8.3 2.5 2.5 2 1 1 3 3
1075.2 6581.0 -13.6 330 0 7.0 10.2 2.5 2.5 2 1 1 2 2
1056.4 6575.6 -13.3 240 0 9.4 6.2 2.5 2.5 2 0 1 0 0
1060.4 6565.9 -13.2 240 0 5.4 8.3 2.5 2.5 2 1 1 1 1
1079.4 6570.0 -13.5 330 0 12.9 10.8 2.5 2.5 2 0 1 2 2
1102.4 6539.1 -13.3 330 0 9.1 10.1 2.5 2.5 2 1 1 4 4
1094.1 6532.1 -13.2 330 0 9.1 9.8 2.5 2.5 4 1 1 0 0
1109.4 6524.1 -13.2 330 0 10.0 19.1 2.5 2.5 2 1 1 3 3
1119.0 6513.7 -13.1 330 0 10.1 21.5 2.5 2.5 2 1 1 1 1
1111.7 6468.9 -12.6 240 0 6.1 8.0 5.0 0.0 0 1 2 0 0
1104.9 6458.8 -12.5 150 0 7.0 6.0 5.0 2.5 2 0 2 0 0
1106.1 6479.2 -12.7 240 0 7.4 9.9 5.0 2.5 2 1 2 4 4
1101.3 6473.6 -12.6 240 0 5.6 8.3 5.0 2.5 2 1 2 5 5
1092.8 6471.8 -12.6 240 0 8.7 12.8 5.0 2.5 2 1 2 3 3
1097.7 6453.7 -12.4 150 0 7.0 6.9 5.0 0.0 0 0 2 5 5
1124.8 6487.8 -12.8 240 0 12.0 8.0 5.0 2.5 2 0 2 4 4
1114.7 6481.9 -12.7 240 0 7.9 9.2 5.0 2.5 2 1 2 1 1
1138.0 6479.1 -12.7 330 0 7.2 10.8 5.0 0.0 0 1 2 2 2
1122.9 6472.1 -12.6 240 0 7.4 6.3 5.0 2.5 2 0 2 0 0
1144.6 6466.5 -12.6 330 0 9.7 13.2 5.0 0.0 0 1 2 1 1
1152.8 6457.4 -12.5 330 0 8.0 16.5 5.0 2.5 2 1 2 1 1
1121.8 6448.4 -12.4 150 0 8.4 7.4 5.0 2.5 2 0 2 3 3
1106.7 6442.8 -12.3 150 0 9.4 13.7 5.0 2.5 4 1 2 0 0
1125.8 6439.0 -12.3 150 0 9.9 10.6 5.0 2.5 2 1 2 5 5
1119.8 6434.5 -12.1 150 0 9.4 5.5 5.0 2.5 4 0 2 4 4
1113.2 6431.4 -12.0 150 0 9.8 6.1 5.0 2.5 2 0 2 2 2
1133.3 6426.9 -12.2 150 0 10.9 7.1 5.0 2.5 2 0 2 5 5
1125.6 6423.7 -12.1 150 0 8.0 4.8 5.0 2.5 2 0 2 0 0
1119.5 6419.2 -12.0 150 0 11.0 6.0 5.0 2.5 2 0 2 0 0
1156.1 6447.0 -12.4 330 0 8.7 15.2 5.0 2.5 2 1 2 2 2
1162.1 6422.6 -12.4 315 0 21.0 23.4 5.0 2.5 4 1 2 5 5
1133.2 6397.8 -12.0 148 0 20.0 9.3 5.0 2.5 2 0 2 1 1
1142.6 6379.3 -11.7 148 0 11.5 8.9 5.0 2.5 2 0 2 5 5
1154.5 6383.7 -12.1 148 0 16.2 11.0 5.0 2.5 2 0 2 4 4
1182.1 6409.6 -12.4 328 0 7.8 15.9 5.0 2.5 2 1 2 0 0
1186.3 6400.4 -12.4 329 0 7.1 13.7 5.0 2.5 2 1 2 1 1
1197.1 6382.8 -12.5 329 0 8.0 5.8 5.0 2.5 2 0 2 3 3
1191.0 6378.5 -12.4 329 0 7.6 9.0 5.0 2.5 2 1 2 1 1
1190.5 6390.8 -12.4 329 0 9.2 12.2 5.0 2.5 2 1 2 2 2
1178.4 6385.3 -12.3 329 0 8.3 8.4 5.0 2.5 2 1 2 4 4
1181.4 6371.1 -12.1 329 0 7.1 5.2 5.0 2.5 2 0 2 5 5
1161.0 6372.2 -12.0 149 0 7.0 8.9 5.0 2.5 2 1 2 2 2
1153.5 6367.7 -11.7 149 0 9.2 6.9 5.0 2.5 2 0 2 3 3
1167.3 6361.4 -11.9 149 0 8.6 9.7 5.0 2.5 2 1 2 5 5
1157.4 6356.7 -11.4 149 0 10.0 8.7 5.0 2.5 2 0 2 1 1
1165.9 6348.1 -11.5 149 0 9.5 13.8 5.0 0.0 0 1 2 0 0
1171.5 6336.6 -11.3 148 0 11.8 16.0 5.0 2.5 2 1 2 5 5
1200.4 6295.1 -9.4 58 0 11.8 10.7 5.0 2.5 2 0 2 3 3
1190.2 6333.6 -11.1 148 0 9.6 10.7 5.0 2.5 2 1 2 2 2
1178.1 6325.7 -10.7 148 0 10.0 11.8 5.0 2.5 4 1 2 5 5
1185.3 6316.8 -10.2 148 0 7.8 11.1 5.0 2.5 2 1 2 1 1
1206.4 6361.6 -12.5 328 0 10.5 10.2 5.0 2.5 2 0 2 2 2
1215.6 6352.4 -11.9 328 0 8.4 9.3 5.0 2.5 4 1 2 0 0
1206.6 6347.3 -11.5 328 0 8.1 7.2 5.0 2.5 2 0 2 3 3
1220.6 6343.7 -11.4 328 0 7.8 17.8 5.0 2.5 4 1 2 5 5
1224.8 6333.9 -10.9 328 0 7.7 13.2 5.0 2.5 2 1 2 3 3
1208.8 6312.9 -10.1 58 0 7.9 8.2 5.0 2.5 2 1 2 4 4
1212.8 6304.6 -9.7 58 0 7.8 6.0 5.0 2.5 2 0 2 2 2
1227.6 6322.1 -10.4 328 0 10.7 12.4 5.0 2.5 4 1 2 4 4
981.3 6470.6 -12.6 242 0 25.8 12.0 2.5 2.5 2 0 1 5 5
1003.6 6445.6 -12.3 62 0 13.7 12.4 2.5 2.5 2 0 1 3 3
984.7 6410.9 -10.8 62 0 7.5 12.5 2.5 2.5 2 1 1 1 1
1001.5 6430.8 -11.6 332 0 10.2 9.1 2.5 2.5 2 0 1 4 4
1031.2 6437.2 -12.0 242 0 11.5 21.5 2.5 2.5 2 1 1 1 1
1014.4 6397.3 -11.4 62 0 15.0 23.3 2.5 2.5 2 1 1 4 4
1065.6 6366.8 -10.5 332 0 20.8 11.7 2.5 0.0 0 0 1 2 2
1120.4 6288.8 -6.7 332 0 7.3 8.7 2.5 2.5 2 1 1 2 2
1105.8 6280.6 -6.1 152 0 6.9 6.2 2.5 2.5 2 0 1 5 5
1177.8 6274.6 -7.9 242 0 12.3 12.3 2.5 2.5 2 0 1 3 3
1187.2 6255.2 -7.0 62 0 5.4 6.6 2.5 2.5 4 1 1 2 2
1189.3 6276.5 -8.3 242 0 9.3 15.0 2.5 2.5 2 1 1 4 4
1200.1 6259.1 -7.3 332 0 8.4 6.6 2.5 2.5 2 0 1 4 4
1246.0 6280.1 -9.5 332 0 9.4 12.5 2.5 2.5 2 1 1 1 1
1230.1 6264.6 -8.0 62 0 6.7 11.4 2.5 2.5 2 1 1 0 0
1209.9 6278.6 -8.7 152 0 11.3 13.1 2.5 2.5 2 1 1 4 4
1214.5 6264.9 -8.0 152 0 13.0 8.7 2.5 2.5 4 0 1 1 1
1220.9 6251.8 -7.6 152 0 11.0 15.4 2.5 2.5 2 1 1 3 3
721.6 6420.1 -6.5 239 0 14.0 25.0 2.5 2.5 2 1 1 2 2
728.4 6352.2 -5.9 59 0 8.8 10.1 2.5 2.5 2 1 1 2 2
755.4 6385.0 -6.3 329 0 19.6 28.9 2.5 2.5 2 1 1 4 4
687.5 6340.8 -5.7 148 0 17.6 25.7 2.5 2.5 2 1 1 2 2
439.3 6256.1 -2.0 245 0 11.5 8.9 5.0 2.5 2 0 2 3 3
447.9 6241.6 -1.9 335 0 11.2 10.9 5.0 2.5 4 0 2 0 0
417.0 6244.7 -2.0 245 0 9.2 12.0 5.0 2.5 2 1 2 5 5
399.6 6238.3 -2.0 245 0 18.5 15.4 5.0 2.5 4 0 2 4 4
396.2 6167.2 -1.7 65 0 10.5 49.4 5.0 0.0 0 1 2 3 3
643.8 6872.8 -7.3 333 0 9.3 9.0 5.0 2.5 4 0 2 5 5
622.4 6886.0 -7.5 153 0 6.7 9.0 5.0 2.5 2 1 2 1 1
625.8 6877.5 -7.2 153 0 6.8 7.3 5.0 2.5 2 1 2 0 0
649.0 6899.5 -7.9 333 0 8.5 17.1 5.0 2.5 2 1 2 4 4
652.6 6890.2 -7.9 333 0 7.3 18.5 5.0 2.5 2 1 2 2 2
658.1 6881.5 -7.9 333 0 6.7 15.3 5.0 2.5 2 1 2 4 4
663.3 6867.2 -7.7 333 0 14.5 15.2 5.0 0.0 0 1 2 1 1
673.7 6843.8 -7.6 333 0 12.5 16.8 5.0 2.5 2 1 2 2 2
656.5 6820.8 -6.4 153 0 6.8 6.9 5.0 2.5 2 1 2 5 5
679.6 6832.5 -7.6 333 0 10.2 17.4 5.0 2.5 2 1 2 0 0
655.7 6920.4 -9.0 151 0 9.3 10.7 5.0 2.5 2 1 2 5 5
681.7 6912.8 -9.7 241 0 11.4 9.9 5.0 2.5 2 0 2 4 4
684.6 6922.3 -9.7 331 0 9.5 12.1 5.0 2.5 2 1 2 3 3
658.7 6908.8 -9.0 151 0 9.1 15.0 5.0 2.5 2 1 2 1 1
664.0 6898.5 -9.0 151 0 9.5 14.0 5.0 2.5 2 1 2 4 4
672.2 6887.2 -8.9 151 0 8.7 9.3 5.0 2.5 2 1 2 5 5
696.2 6901.2 -9.8 331 0 10.2 14.2 5.0 2.5 2 1 2 3 3
703.6 6890.6 -10.0 331 0 8.5 14.5 5.0 2.5 2 1 2 4 4
675.4 6876.4 -9.0 151 0 8.1 11.1 5.0 2.5 2 1 2 1 1
708.1 6879.5 -10.0 331 0 6.9 7.6 5.0 2.5 2 1 2 4 4
684.7 6855.8 -9.3 151 0 13.1 15.5 5.0 2.5 2 1 2 2 2
712.3 6868.1 -10.1 331 0 12.4 12.1 5.0 2.5 2 0 2 2 2
717.8 6856.7 -10.1 331 0 8.6 12.2 5.0 2.5 4 1 2 3 3
692.0 6842.9 -9.4 151 0 11.3 14.9 5.0 2.5 2 1 2 5 5
725.8 6827.8 -10.3 61 0 13.2 9.1 5.0 2.5 2 0 2 2 2
725.9 6847.6 -10.4 331 0 10.6 15.8 5.0 2.5 2 1 2 0 0
699.7 6833.0 -9.3 151 0 8.0 10.7 5.0 2.5 2 1 2 0 0
711.9 6821.1 -9.2 61 0 12.1 9.6 5.0 2.5 2 0 2 4 4
757.6 6643.3 -7.3 152 0 6.6 7.5 5.0 2.5 2 1 2 5 5
751.9 6650.5 -7.1 152 0 10.6 9.3 5.0 2.5 2 0 2 0 0
744.5 6676.7 -6.7 242 0 11.2 8.3 5.0 0.0 0 0 2 0 0
735.1 6670.0 -6.8 242 0 7.8 5.3 5.0 2.5 2 0 2 1 1
711.1 6764.8 -5.8 332 0 10.5 10.4 2.5 2.5 2 0 1 1 1
720.0 6755.8 -5.4 332 0 7.3 10.9 2.5 2.5 2 1 1 0 0
744.7 6810.3 -9.8 332 0 12.0 12.5 2.5 2.5 2 1 1 1 1
730.5 6821.7 -10.0 242 0 9.8 8.8 2.5 2.5 2 0 1 0 0
719.1 6814.2 -9.1 242 0 11.3 7.4 2.5 2.5 2 0 1 3 3
719.5 6798.9 -8.7 152 0 8.1 12.1 2.5 2.5 2 1 1 1 1
721.7 6788.8 -8.3 152 0 6.9 14.5 2.5 2.5 2 1 1 0 0
750.0 6793.3 -9.3 332 0 8.1 12.6 2.5 0.0 0 1 1 0 0
756.3 6784.8 -9.4 332 0 7.7 13.3 2.5 2.5 2 1 1 4 4
762.5 6776.3 -9.4 331 0 6.8 10.2 2.5 0.0 0 1 1 5 5
752.8 6770.6 -8.2 331 0 6.8 5.0 2.5 2.5 2 0 1 3 3
770.2 6768.1 -9.6 331 0 9.0 11.1 2.5 2.5 4 1 1 5 5
759.2 6762.2 -8.3 331 0 9.2 9.3 2.5 2.5 2 1 1 3 3
774.8 6755.0 -9.3 331 0 12.9 19.1 2.5 2.5 2 1 1 4 4
779.6 6741.6 -9.0 333 0 11.6 17.1 2.5 2.5 4 1 1 4 4
776.7 6711.1 -7.7 64 0 6.7 6.7 2.5 2.5 2 0 1 5 5
788.0 6732.5 -9.2 333 0 7.3 19.3 2.5 0.0 0 1 1 4 4
749.0 6727.9 -6.2 153 0 6.9 8.4 2.5 2.5 2 1 1 2 2
738.4 6722.3 -5.6 153 0 8.0 10.2 2.5 2.5 2 1 1 0 0
759.4 6717.2 -6.9 153 0 8.7 8.8 2.5 2.5 2 1 1 2 2
752.1 6711.3 -6.5 153 0 11.5 7.4 2.5 2.5 2 0 1 1 1
784.6 6700.9 -8.3 63 0 5.6 7.8 2.5 2.5 2 1 1 4 4
793.6 6705.0 -9.0 63 0 11.8 7.5 2.5 2.5 2 0 1 5 5
791.3 6699.2 -9.5 240 0 21.4 10.1 5.0 2.5 2 0 2 0 0
777.3 6690.8 -8.2 240 0 6.7 8.4 5.0 2.5 2 1 2 0 0
790.9 6682.9 -9.1 240 0 6.8 6.9 5.0 0.0 0 1 2 1 1
808.6 6689.9 -10.0 330 0 9.5 13.5 5.0 2.5 2 1 2 5 5
818.9 6670.7 -10.7 330 0 9.6 12.8 5.0 2.5 2 1 2 3 3
805.7 6663.8 -9.9 331 0 10.0 4.9 5.0 0.0 0 0 2 0 0
802.8 6675.1 -9.6 330 0 7.2 8.4 5.0 2.5 2 1 2 3 3
841.8 6624.8 -11.7 330 0 11.8 22.1 5.0 2.5 2 1 2 5 5
821.7 6640.7 -11.1 326 0 22.9 21.4 5.0 2.5 2 0 2 0 0
708.6 6435.5 -6.5 56 0 9.2 14.1 5.0 2.5 2 1 2 2 2
740.5 6470.9 -7.1 56 0 12.0 7.9 5.0 2.5 2 0 2 4 4
747.6 6460.0 -7.2 56 0 13.5 10.5 5.0 2.5 2 0 2 5 5
750.9 6479.8 -7.2 56 0 8.3 8.5 5.0 2.5 2 1 2 3 3
758.4 6468.9 -7.4 56 0 9.6 11.9 5.0 2.5 2 1 2 2 2
769.7 6478.5 -7.5 57 0 8.4 11.6 5.0 2.5 2 1 2 5 5
761.4 6489.8 -7.3 57 0 7.6 8.3 5.0 0.0 0 1 2 0 0
761.8 6509.9 -7.7 236 0 7.6 6.1 5.0 2.5 2 0 2 4 4
773.5 6494.3 -7.8 56 0 7.1 10.8 5.0 2.5 2 1 2 2 2
780.9 6526.0 -8.6 236 0 8.1 6.1 5.0 2.5 2 0 2 4 4
774.7 6517.1 -8.3 236 0 6.0 4.5 5.0 2.5 2 0 2 0 0
784.6 6500.7 -8.4 56 0 7.4 11.8 5.0 2.5 2 1 2 5 5
795.4 6509.0 -8.9 56 0 7.9 12.2 5.0 2.5 2 1 2 0 0
832.6 6535.3 -11.4 60 0 7.9 10.4 5.0 2.5 2 1 2 2 2
858.6 6538.2 -12.0 60 0 6.9 8.5 5.0 2.5 2 1 2 0 0
837.2 6551.5 -11.7 60 0 5.8 4.6 5.0 2.5 2 0 2 1 1
842.4 6540.3 -11.7 60 0 6.7 10.5 5.0 2.5 2 1 2 4 4
855.2 6550.0 -12.1 60 0 7.5 11.6 5.0 2.5 2 1 2 0 0
867.6 6544.9 -12.3 60 0 8.7 8.0 5.0 0.0 0 0 2 0 0
883.8 6559.9 -12.7 330 0 5.7 12.8 5.0 0.0 0 1 2 5 5
873.1 6577.4 -12.5 330 0 7.2 8.9 5.0 0.0 0 1 2 1 1
865.4 6554.7 -12.4 60 0 8.7 11.7 5.0 2.5 2 1 2 4 4
878.4 6568.7 -12.6 330 0 9.7 7.6 5.0 2.5 2 0 2 3 3
860.0 6634.5 -12.3 154 0 9.8 16.7 5.0 2.5 2 1 2 1 1
865.4 6714.5 -11.2 332 0 6.7 7.6 5.0 2.5 2 1 2 1 1
857.7 6688.7 -11.6 153 0 7.3 10.3 5.0 2.5 4 1 2 4 4
851.2 6685.3 -11.5 152 0 8.0 5.5 5.0 2.5 2 0 2 5 5
860.0 6677.4 -11.9 152 0 7.3 14.9 5.0 2.5 4 1 2 1 1
864.0 6668.8 -12.0 152 0 7.3 13.7 5.0 2.5 2 1 2 4 4
849.6 6654.4 -12.0 153 0 7.9 14.7 5.0 2.5 2 1 2 5 5
844.0 6663.7 -11.8 152 0 7.8 15.7 5.0 2.5 2 1 2 1 1
833.9 6680.3 -11.4 152 0 12.6 10.7 5.0 2.5 2 0 2 4 4
832.3 6711.6 -10.9 152 0 5.5 7.9 5.0 2.5 2 1 2 5 5
827.2 6700.5 -11.0 152 0 6.4 16.2 5.0 0.0 0 1 2 4 4
828.5 6689.8 -11.0 152 0 7.6 11.7 5.0 2.5 2 1 2 3 3
822.4 6738.0 -10.7 150 0 6.8 9.2 5.0 2.5 2 1 2 5 5
825.4 6729.1 -10.8 150 0 6.8 10.6 5.0 2.5 2 1 2 0 0
813.3 6725.7 -10.4 149 0 8.5 9.2 5.0 2.5 2 1 2 5 5
800.4 6753.7 -10.6 150 0 8.9 5.2 5.0 2.5 4 0 2 4 4
793.5 6748.8 -10.4 149 0 10.2 7.0 5.0 2.5 2 0 2 2 2
800.4 6735.5 -10.2 150 0 7.2 6.6 5.0 2.5 2 0 2 5 5
807.0 6741.1 -10.6 150 0 9.2 9.0 5.0 2.5 2 0 2 3 3
833.0 6767.3 -10.8 330 0 7.6 13.6 5.0 2.5 2 1 2 5 5
827.4 6775.4 -10.7 330 0 9.4 14.3 5.0 2.5 2 1 2 5 5
808.6 6779.6 -10.7 150 0 6.2 8.7 5.0 2.5 4 1 2 3 3
797.6 6782.1 -10.8 150 0 10.7 5.7 5.0 2.5 2 0 2 0 0
783.3 6774.0 -10.7 150 0 10.3 13.9 5.0 2.5 2 1 2 1 1
795.3 6798.9 -10.8 149 0 8.9 5.8 5.0 2.5 2 0 2 1 1
780.0 6789.2 -10.8 150 0 10.7 17.2 5.0 2.5 4 1 2 4 4
807.2 6840.0 -11.0 330 0 10.4 15.8 5.0 2.5 4 1 2 3 3
787.3 6832.0 -10.9 239 0 7.8 8.6 5.0 2.5 2 1 2 4 4
788.9 6852.0 -11.1 240 0 17.1 12.1 5.0 0.0 0 0 2 2 2
775.2 6844.3 -11.0 240 0 7.4 12.5 5.0 2.5 2 1 2 5 5
761.8 6837.4 -10.9 240 0 19.8 13.1 5.0 0.0 0 0 2 1 1
770.4 6817.5 -10.8 145 0 10.6 8.3 5.0 2.5 2 0 2 4 4
776.0 6805.4 -10.8 145 0 10.1 11.0 5.0 0.0 0 1 2 4 4
799.0 6820.0 -10.8 325 0 10.1 14.2 5.0 2.5 2 1 2 3 3
814.6 6828.2 -10.9 325 0 14.5 14.8 5.0 2.5 2 1 2 2 2
822.6 6815.0 -10.8 325 0 9.0 12.1 5.0 0.0 0 1 2 2 2
811.2 6808.4 -10.8 325 0 9.7 11.2 5.0 2.5 2 1 2 4 4
834.8 6804.5 -10.9 323 0 11.2 9.3 5.0 2.5 2 0 2 2 2
826.5 6798.5 -10.8 323 0 10.2 10.6 5.0 2.5 2 1 2 2 2
839.3 6792.1 -10.9 326 0 7.9 6.3 5.0 2.5 4 0 2 3 3
848.6 6797.1 -11.0 326 0 10.2 9.2 5.0 2.5 2 0 2 5 5
867.6 6778.8 -11.2 323 0 6.9 7.6 5.0 2.5 2 1 2 3 3
860.4 6773.2 -11.1 323 0 7.9 5.0 5.0 2.5 2 0 2 5 5
872.9 6771.5 -11.2 322 0 6.9 14.5 5.0 2.5 4 1 2 2 2
887.1 6699.6 -11.9 325 0 11.6 8.6 5.0 2.5 2 0 2 4 4
852.4 6742.6 -11.0 325 0 7.0 6.9 5.0 2.5 2 0 2 1 1
857.1 6735.1 -11.0 325 0 4.1 8.7 5.0 2.5 2 1 2 4 4
878.2 6759.8 -11.3 325 0 8.7 15.6 5.0 2.5 2 1 2 4 4
863.3 6750.1 -11.1 325 0 8.0 9.8 5.0 2.5 2 1 2 1 1
884.4 6752.2 -11.4 325 0 7.3 11.8 5.0 0.0 0 1 2 3 3
873.6 6744.5 -11.2 325 0 8.2 8.1 5.0 0.0 0 0 2 4 4
893.4 6744.6 -11.5 328 0 7.6 9.7 5.0 2.5 2 1 2 5 5
885.2 6737.2 -11.4 328 0 9.3 7.6 5.0 2.5 4 0 2 2 2
898.5 6733.0 -11.6 328 0 8.0 9.5 5.0 2.5 4 1 2 2 2
889.7 6726.3 -11.5 328 0 8.6 8.7 5.0 2.5 4 1 2 3 3
900.8 6722.5 -11.8 328 0 7.9 15.4 5.0 2.5 2 1 2 3 3
908.5 6716.5 -12.0 328 0 7.2 12.0 5.0 2.5 2 1 2 3 3
896.8 6708.7 -11.9 328 0 7.6 7.4 5.0 2.5 2 0 2 0 0
910.6 6706.4 -12.2 328 0 9.4 9.6 5.0 2.5 4 1 2 5 5
902.2 6700.4 -12.2 328 0 8.6 8.4 5.0 2.5 4 0 2 0 0
921.3 6698.3 -12.4 328 0 8.4 6.3 5.0 2.5 2 0 2 2 2
914.4 6694.4 -12.4 328 0 8.8 9.3 5.0 2.5 4 1 2 4 4
905.5 6671.4 -12.4 328 0 9.2 8.8 5.0 2.5 2 0 2 0 0
926.2 6690.0 -12.5 328 0 6.2 6.4 5.0 2.5 2 1 2 4 4
920.1 6684.9 -12.5 328 0 8.3 12.5 5.0 2.5 2 1 2 1 1
937.9 6671.4 -12.7 328 0 6.6 6.3 5.0 2.5 2 0 2 2 2
942.5 6660.7 -12.8 328 0 11.0 9.2 5.0 0.0 0 0 2 0 0
932.4 6655.5 -12.9 328 0 15.1 12.0 5.0 0.0 0 0 2 2 2
943.5 6644.3 -13.0 328 0 9.8 9.4 5.0 2.5 2 0 2 1 1
935.2 6637.2 -13.0 328 0 11.6 6.7 5.0 2.5 2 0 2 1 1
962.7 6621.0 -13.2 330 0 10.4 10.8 5.0 2.5 4 1 2 2 2
945.7 6602.2 -13.3 61 0 9.1 7.7 5.0 2.5 2 0 2 0 0
940.6 6610.5 -13.2 60 0 10.7 7.3 5.0 2.5 2 0 2 5 5
927.9 6594.7 -13.3 60 0 6.8 13.7 5.0 2.5 4 1 2 2 2
912.6 6576.2 -13.2 60 0 10.1 5.5 5.0 2.5 2 0 2 4 4
909.7 6584.3 -13.1 60 0 8.8 11.1 5.0 0.0 0 1 2 4 4
889.9 6574.9 -13.1 150 0 21.0 12.6 5.0 2.5 2 0 2 4 4
782.3 6885.0 -11.5 332 0 8.6 10.0 2.5 0.0 0 1 1 4 4
771.0 6879.5 -11.4 332 0 11.1 9.5 2.5 2.5 2 0 1 4 4
776.4 6898.3 -11.7 332 0 10.5 9.4 2.5 2.5 2 0 1 1 1
764.4 6894.4 -11.6 332 0 11.2 13.1 2.5 0.0 0 1 1 0 0
752.4 6914.6 -11.7 242 0 14.3 12.9 2.5 2.5 2 0 1 0 0
748.3 6919.3 -11.8 152 0 10.2 10.9 2.5 2.5 2 1 1 3 3
744.7 6921.5 -11.4 332 0 17.2 10.5 2.5 2.5 2 0 1 2 2
715.4 6919.9 -10.9 62 0 10.1 7.9 2.5 2.5 2 0 1 1 1
727.5 6918.8 -11.0 332 0 8.5 16.8 2.5 2.5 2 1 1 1 1
728.8 6910.3 -11.1 242 0 6.5 9.4 2.5 2.5 2 1 1 2 2
719.8 6900.2 -10.8 152 0 8.6 7.4 2.5 0.0 0 0 1 2 2
726.0 6889.3 -11.1 152 0 8.8 12.8 2.5 2.5 2 1 1 4 4
737.2 6882.2 -11.2 152 0 10.2 8.5 2.5 2.5 2 0 1 1 1
728.9 6877.4 -10.9 152 0 8.6 8.1 2.5 2.5 2 0 1 1 1
736.8 6868.5 -11.2 152 0 8.6 12.2 2.5 2.5 2 1 1 2 2
741.5 6857.5 -11.2 152 0 7.9 13.5 2.5 0.0 0 1 1 2 2
756.1 6848.0 -11.1 62 0 15.4 9.0 2.5 2.5 2 0 1 0 0
796.7 6916.8 -12.2 56 0 18.1 10.1 5.0 2.5 2 0 2 4 4
813.5 6919.5 -12.2 329 0 9.6 8.6 5.0 2.5 2 0 2 3 3
803.7 6887.0 -11.8 149 0 9.1 11.8 5.0 2.5 2 1 2 4 4
835.6 6918.7 -12.3 329 0 9.9 18.7 5.0 2.5 2 1 2 1 1
842.4 6907.1 -12.2 329 0 8.8 19.3 5.0 2.5 2 1 2 5 5
821.9 6861.3 -11.6 144 0 7.2 13.3 5.0 2.5 2 1 2 0 0
817.2 6873.6 -11.8 144 0 11.9 18.3 5.0 2.5 4 1 2 5 5
858.6 6886.4 -12.2 324 0 10.4 9.8 5.0 2.5 2 0 2 2 2
849.3 6879.4 -12.0 324 0 10.1 11.3 5.0 2.5 2 1 2 3 3
866.8 6876.9 -12.2 324 0 9.1 26.1 5.0 2.5 4 1 2 1 1
833.1 6852.4 -11.5 144 0 8.1 9.6 5.0 2.5 2 1 2 3 3
843.3 6831.7 -11.4 144 0 6.3 10.1 5.0 2.5 2 1 2 5 5
836.5 6839.4 -11.3 144 0 10.6 7.6 5.0 2.5 2 0 2 5 5
874.2 6867.1 -12.3 324 0 11.3 28.8 5.0 2.5 2 1 2 4 4
880.0 6855.6 -12.2 324 0 10.1 21.0 5.0 2.5 2 1 2 0 0
893.7 6814.4 -12.3 54 0 23.0 17.6 5.0 2.5 2 0 2 4 4
874.7 6812.2 -11.7 54 0 6.3 9.1 5.0 2.5 4 1 2 5 5
855.6 6818.6 -11.5 144 0 10.3 7.2 5.0 2.5 2 0 2 2 2
849.0 6812.9 -11.3 144 0 7.2 7.4 5.0 2.5 2 1 2 0 0
854.4 6803.3 -11.5 144 0 8.3 16.1 5.0 2.5 2 1 2 5 5
874.7 6799.0 -11.7 54 0 18.5 9.2 5.0 2.5 2 0 2 4 4
886.9 6844.1 -12.3 324 0 12.1 20.6 5.0 2.5 2 1 2 3 3
890.7 6770.5 -12.1 135 0 22.2 22.9 5.0 0.0 0 1 2 0 0
940.5 6769.9 -12.3 327 0 9.5 17.8 5.0 2.5 2 1 2 0 0
933.9 6778.2 -12.3 326 0 6.9 10.0 5.0 2.5 4 1 2 2 2
924.8 6772.1 -12.1 326 0 7.5 6.8 5.0 2.5 2 0 2 2 2
917.7 6755.6 -12.0 146 0 5.7 7.0 5.0 2.5 2 1 2 3 3
930.4 6731.6 -12.2 146 0 5.6 7.5 5.0 2.5 2 1 2 3 3
924.9 6737.8 -12.1 147 0 8.4 8.0 5.0 2.5 2 0 2 0 0
922.3 6747.7 -12.0 147 0 8.0 6.8 5.0 2.5 2 0 2 1 1
913.9 6742.2 -11.8 146 0 8.6 7.9 5.0 0.0 0 0 2 5 5
917.4 6731.6 -12.0 146 0 8.1 8.3 5.0 2.5 4 1 2 5 5
921.1 6723.9 -12.2 146 0 5.6 10.1 5.0 2.5 2 1 2 4 4
951.3 6762.2 -12.3 327 0 6.7 5.6 5.0 2.5 2 0 2 0 0
945.3 6758.1 -12.2 326 0 7.9 5.8 5.0 2.5 2 0 2 5 5
953.8 6751.4 -12.3 326 0 9.5 14.5 5.0 2.5 2 1 2 5 5
940.5 6742.5 -12.2 326 0 8.8 4.8 5.0 2.5 2 0 2 3 3
946.7 6734.9 -12.4 326 0 7.7 5.5 5.0 2.5 2 0 2 0 0
961.4 6744.3 -12.4 326 0 8.3 16.1 5.0 2.5 4 1 2 2 2
972.2 6728.3 -12.6 326 0 8.4 10.9 5.0 2.5 2 1 2 4 4
961.5 6721.8 -12.5 326 0 8.1 6.9 5.0 2.5 2 0 2 0 0
949.0 6714.3 -12.5 147 0 6.8 5.6 5.0 2.5 2 0 2 2 2
966.2 6736.7 -12.5 326 0 7.7 24.7 5.0 2.5 2 1 2 4 4
952.2 6704.9 -12.6 151 0 5.4 6.6 5.0 2.5 2 1 2 4 4
945.3 6704.0 -12.5 152 0 5.3 4.9 5.0 2.5 2 0 2 1 1
940.5 6712.4 -12.4 151 0 8.1 6.6 5.0 0.0 0 0 2 2 2
931.4 6708.5 -12.4 151 0 8.9 8.7 5.0 0.0 0 0 2 4 4
935.9 6697.8 -12.5 151 0 9.2 10.0 5.0 2.5 2 1 2 5 5
940.2 6689.1 -12.6 151 0 6.9 11.4 5.0 2.5 2 1 2 1 1
970.0 6710.5 -12.7 325 0 6.4 9.0 5.0 2.5 2 1 2 1 1
986.5 6710.4 -12.8 325 0 9.5 21.1 5.0 2.5 4 1 2 0 0
992.2 6702.7 -12.9 325 0 6.4 18.7 5.0 2.5 2 1 2 5 5
998.1 6679.6 -13.1 325 0 5.0 8.2 5.0 2.5 2 1 2 5 5
1007.4 6676.0 -13.3 325 0 10.7 14.3 5.0 2.5 2 1 2 3 3
999.0 6691.5 -13.1 325 0 11.4 14.2 5.0 2.5 2 1 2 3 3
982.5 6680.6 -12.9 325 0 7.5 12.1 5.0 2.5 2 1 2 4 4
975.3 6664.7 -13.0 145 0 7.0 11.9 5.0 2.5 2 1 2 4 4
992.4 6667.2 -13.1 325 0 5.7 14.7 5.0 2.5 2 1 2 4 4
999.0 6661.0 -13.2 325 0 5.7 5.7 5.0 2.5 2 1 2 0 0
991.2 6652.4 -13.2 55 0 8.6 5.9 5.0 2.5 2 0 2 1 1
947.6 6676.3 -12.7 145 0 8.1 10.3 5.0 2.5 2 1 2 3 3
952.5 6668.4 -12.8 145 0 6.5 9.9 5.0 2.5 2 1 2 2 2
960.2 6664.6 -12.9 145 0 5.2 6.9 5.0 2.5 2 1 2 3 3
964.0 6658.7 -12.9 145 0 6.2 9.1 5.0 2.5 2 1 2 1 1
970.1 6651.8 -13.0 145 0 6.3 9.3 5.0 2.5 2 1 2 1 1
975.5 6642.7 -13.1 145 0 9.6 11.3 5.0 2.5 2 1 2 2 2
990.4 6630.6 -13.3 55 0 8.3 9.7 5.0 0.0 0 1 2 0 0
1000.3 6635.7 -13.4 55 0 10.6 10.1 5.0 2.5 2 0 2 3 3
1024.7 6644.3 -13.7 55 0 13.9 6.1 5.0 2.5 2 0 2 4 4
1023.4 6658.2 -13.7 325 0 11.2 24.3 5.0 2.5 2 1 2 5 5
546.9 6918.6 -7.3 342 0 12.2 8.4 2.5 2.5 2 0 1 0 0
555.8 6903.7 -7.4 250 0 6.9 10.1 2.5 2.5 2 1 1 4 4
566.1 6907.5 -7.2 250 0 9.4 7.6 2.5 2.5 4 0 1 3 3
448.0 6819.0 -8.8 80 0 12.0 18.7 5.0 2.5 2 1 2 2 2
515.4 6878.8 -8.2 265 0 10.3 10.5 2.5 2.5 2 1 1 0 0
512.6 6888.2 -7.9 355 0 12.7 37.7 2.5 2.5 2 1 1 3 3
475.7 6866.1 -8.3 175 0 18.3 9.3 2.5 2.5 2 0 1 4 4
476.4 6850.9 -8.5 175 0 9.9 10.8 2.5 2.5 2 1 1 3 3
476.9 6831.2 -8.8 172 0 23.1 10.7 2.5 2.5 2 0 1 5 5
488.9 6785.1 -9.1 82 0 10.7 34.9 2.5 2.5 2 1 1 1 1
472.8 6782.7 -9.2 80 0 19.0 11.6 2.5 0.0 0 0 1 1 1
523.9 6834.9 -8.3 350 0 10.1 7.4 2.5 2.5 2 0 1 3 3
536.2 6795.4 -8.2 80 0 14.1 11.7 2.5 2.5 2 0 1 4 4
513.2 6791.0 -8.8 80 0 28.6 11.6 2.5 2.5 2 0 1 1 1
858.7 6921.1 -13.3 144 0 8.4 12.0 5.0 2.5 2 1 2 3 3
875.4 6921.1 -13.9 144 0 8.8 12.3 5.0 2.5 2 1 2 3 3
873.0 6919.1 -13.3 324 0 7.5 11.8 5.0 2.5 2 1 2 5 5
885.8 6919.4 -14.0 234 0 13.3 9.6 5.0 2.5 2 0 2 4 4
871.2 6902.2 -13.3 144 0 10.7 12.9 5.0 2.5 2 1 2 1 1
901.2 6907.5 -14.0 324 0 10.4 11.9 5.0 2.5 2 1 2 4 4
884.6 6895.4 -13.4 144 0 10.7 6.6 5.0 2.5 2 0 2 4 4
878.0 6889.2 -13.1 144 0 11.5 7.6 5.0 2.5 2 0 2 5 5
909.4 6895.5 -13.9 324 0 10.3 11.1 5.0 2.5 2 1 2 4 4
892.9 6884.3 -13.4 144 0 9.5 6.3 5.0 2.5 2 0 2 1 1
886.7 6879.1 -13.1 144 0 10.6 7.0 5.0 2.5 2 0 2 1 1
913.5 6882.5 -13.8 324 0 9.7 11.0 5.0 2.5 2 1 2 0 0
894.3 6868.6 -13.3 144 0 10.8 10.6 5.0 2.5 2 0 2 2 2
918.8 6870.5 -13.6 324 0 10.0 9.3 5.0 2.5 2 0 2 3 3
901.9 6859.7 -13.3 144 0 9.7 9.6 5.0 2.5 2 0 2 2 2
898.0 6853.0 -12.8 147 0 9.7 5.5 5.0 2.5 2 0 2 5 5
931.8 6863.3 -13.6 327 0 10.2 17.0 5.0 2.5 4 1 2 4 4
906.8 6845.8 -13.1 147 0 9.3 12.4 5.0 2.5 2 1 2 0 0
920.6 6841.2 -13.2 145 0 10.2 6.7 5.0 2.5 4 0 2 0 0
936.2 6852.9 -13.4 325 0 8.8 10.9 5.0 2.5 2 1 2 5 5
942.5 6844.9 -13.3 325 0 9.4 7.7 5.0 2.5 4 0 2 3 3
933.2 6832.1 -13.1 55 0 11.5 7.5 5.0 2.5 2 0 2 3 3
910.7 6836.3 -13.0 145 0 7.9 10.1 5.0 2.5 2 1 2 2 2
925.5 6923.8 -14.8 235 0 13.1 8.3 5.0 2.5 2 0 2 2 2
914.0 6910.9 -14.5 145 0 9.0 6.8 5.0 2.5 2 0 2 1 1
920.3 6901.7 -14.5 145 0 9.5 9.3 5.0 2.5 2 0 2 2 2
925.9 6891.4 -14.7 145 0 9.9 21.3 5.0 2.5 2 1 2 2 2
941.4 6883.9 -14.3 147 0 13.5 9.4 5.0 2.5 2 0 2 4 4
933.3 6880.0 -14.1 147 0 13.1 7.9 5.0 2.5 2 0 2 5 5
949.7 6872.7 -14.0 147 0 11.3 10.6 5.0 2.5 2 0 2 0 0
941.0 6867.8 -13.8 147 0 10.9 8.7 5.0 2.5 4 0 2 2 2
989.8 6809.8 -13.1 147 0 7.1 9.1 5.0 0.0 0 1 2 1 1
982.2 6806.9 -12.9 147 0 6.9 6.3 5.0 2.5 2 0 2 2 2
990.5 6791.6 -13.0 147 0 7.7 16.0 5.0 2.5 2 1 2 4 4
993.9 6783.0 -12.9 147 0 6.1 7.2 5.0 2.5 2 1 2 3 3
1001.2 6788.6 -13.0 147 0 5.9 13.3 5.0 2.5 4 1 2 4 4
1021.7 6769.5 -13.0 149 0 3.1 7.9 5.0 2.5 2 1 2 1 1
1010.3 6781.9 -12.9 149 0 10.7 7.3 5.0 2.5 2 0 2 3 3
1000.4 6775.8 -12.9 149 0 8.6 9.8 5.0 2.5 2 1 2 0 0
1016.4 6773.4 -12.9 149 0 6.1 6.7 5.0 2.5 2 1 2 1 1
1004.1 6766.7 -12.9 149 0 7.1 11.8 5.0 0.0 0 1 2 1 1
1013.9 6749.8 -13.1 145 0 10.5 18.7 5.0 0.0 0 1 2 5 5
1042.0 6747.3 -13.4 55 0 7.8 9.0 5.0 2.5 2 1 2 2 2
1050.5 6738.6 -13.6 55 0 7.3 8.0 5.0 2.5 4 1 2 1 1
1044.5 6733.4 -13.5 55 0 7.0 8.1 5.0 2.5 2 1 2 5 5
1022.4 6737.7 -13.2 145 0 11.1 14.2 5.0 0.0 0 1 2 0 0
1029.4 6727.9 -13.3 145 0 8.0 10.3 5.0 0.0 0 1 2 0 0
942.0 6822.1 -12.9 234 0 23.0 10.4 5.0 0.0 0 0 2 5 5
964.7 6809.5 -12.8 325 0 12.5 14.6 5.0 2.5 2 1 2 0 0
944.7 6794.3 -12.7 145 0 10.9 9.0 5.0 2.5 2 0 2 1 1
970.2 6798.7 -12.7 325 0 7.9 9.2 5.0 0.0 0 1 2 4 4
951.4 6785.6 -12.6 145 0 7.1 12.8 5.0 0.0 0 1 2 1 1
976.1 6790.9 -12.7 325 0 9.9 10.7 5.0 2.5 2 1 2 2 2
957.0 6776.4 -12.6 145 0 8.7 12.0 5.0 0.0 0 1 2 0 0
982.9 6781.5 -12.7 325 0 9.3 6.1 5.0 2.5 4 0 2 2 2
976.8 6776.4 -12.6 325 0 8.8 7.4 5.0 2.5 2 0 2 5 5
963.6 6766.9 -12.5 145 0 10.6 7.1 5.0 2.5 2 0 2 0 0
985.5 6769.7 -12.7 325 0 6.1 10.4 5.0 2.5 2 1 2 2 2
968.9 6756.7 -12.5 145 0 8.2 8.7 5.0 2.5 2 1 2 3 3
996.5 6763.3 -12.7 325 0 7.4 7.7 5.0 2.5 2 1 2 3 3
988.7 6758.7 -12.6 325 0 8.7 6.7 5.0 0.0 0 0 2 0 0
975.3 6748.4 -12.6 145 0 7.4 8.8 5.0 2.5 2 1 2 2 2
1000.2 6753.8 -12.7 325 0 7.3 5.3 5.0 2.5 2 0 2 1 1
995.1 6750.3 -12.7 325 0 6.6 8.0 5.0 2.5 2 1 2 5 5
981.0 6740.3 -12.6 145 0 8.3 7.8 5.0 2.5 2 0 2 4 4
1006.9 6742.7 -12.8 325 0 10.4 11.0 5.0 0.0 0 1 2 1 1
989.1 6729.8 -12.8 145 0 12.3 9.6 5.0 2.5 2 0 2 1 1
1013.8 6731.3 -12.9 325 0 7.7 6.5 5.0 2.5 2 0 2 4 4
995.7 6719.7 -12.8 145 0 8.3 13.2 5.0 2.5 2 1 2 4 4
1018.3 6719.2 -13.0 55 0 7.5 6.9 5.0 2.5 2 0 2 2 2
1011.2 6714.3 -12.9 55 0 5.8 7.3 5.0 2.5 2 1 2 4 4
999.5 6710.4 -12.9 145 0 8.3 7.9 5.0 2.5 2 0 2 3 3
1017.6 6690.2 -13.3 145 0 5.9 13.0 5.0 2.5 2 1 2 4 4
1014.6 6706.3 -13.2 235 0 14.2 9.4 5.0 2.5 2 0 2 5 5
1053.4 6730.1 -13.8 235 0 8.4 8.4 5.0 2.5 2 0 2 1 1
1047.2 6724.7 -13.6 235 0 5.4 7.3 5.0 2.5 2 1 2 5 5
1047.1 6714.2 -13.6 235 0 9.4 6.5 5.0 2.5 2 0 2 5 5
1040.8 6721.4 -13.5 235 0 6.1 8.2 5.0 2.5 2 1 2 5 5
1033.0 6717.3 -13.3 235 0 6.9 10.6 5.0 2.5 2 1 2 0 0
1026.9 6712.1 -13.3 235 0 6.4 11.9 5.0 2.5 4 1 2 3 3
1036.9 6702.3 -13.4 235 0 8.1 5.9 5.0 2.5 2 0 2 4 4
1041.3 6697.0 -13.5 235 0 8.4 4.5 5.0 2.5 2 0 2 5 5
1028.7 6686.1 -13.5 145 0 5.9 10.7 5.0 2.5 2 1 2 4 4
1021.3 6682.4 -13.4 145 0 7.7 6.2 5.0 0.0 0 0 2 0 0
1038.1 6682.9 -13.6 145 0 7.7 9.5 5.0 2.5 2 1 2 2 2
1065.7 6669.7 -14.0 55 0 9.6 11.5 5.0 2.5 4 1 2 1 1
1054.4 6664.9 -13.9 55 0 9.0 9.3 5.0 2.5 2 1 2 0 0
1098.9 6604.6 -14.4 235 0 8.0 6.6 5.0 2.5 2 0 2 2 2
1089.6 6597.5 -14.2 235 0 10.9 5.7 5.0 2.5 2 0 2 1 1
1091.3 6617.6 -14.5 55 0 6.0 6.8 5.0 2.5 2 1 2 5 5
1085.0 6613.9 -14.3 55 0 5.2 6.5 5.0 0.0 0 1 2 4 4
1081.2 6606.4 -14.1 55 0 7.2 10.4 5.0 2.5 4 1 2 2 2
1092.0 6638.0 -14.7 55 0 9.5 6.3 5.0 2.5 2 0 2 0 0
1083.0 6630.5 -14.5 55 0 8.9 7.8 5.0 2.5 2 0 2 3 3
1062.4 6626.8 -14.1 145 0 5.2 7.1 5.0 2.5 2 1 2 5 5
1065.2 6620.5 -14.3 145 0 6.6 13.8 5.0 2.5 2 1 2 0 0
1087.0 6674.9 -14.5 235 0 6.4 8.3 5.0 0.0 0 1 2 0 0
1078.8 6670.5 -14.5 235 0 10.3 14.3 5.0 2.5 2 1 2 3 3
1072.3 6663.6 -14.2 235 0 6.4 10.7 5.0 0.0 0 1 2 5 5
1078.0 6651.4 -14.4 235 0 7.3 7.9 5.0 2.5 2 1 2 2 2
1061.1 6638.2 -14.1 145 0 7.8 10.7 5.0 2.5 2 1 2 5 5
1056.7 6657.6 -14.0 235 0 19.3 11.0 5.0 2.5 4 0 2 5 5
1116.1 6794.3 -14.6 335 0 6.8 6.0 5.0 2.5 2 0 2 2 2
1121.8 6780.0 -14.9 65 0 5.7 6.6 5.0 2.5 2 1 2 0 0
1133.9 6763.7 -15.5 337 0 5.9 7.5 5.0 2.5 2 1 2 0 0
1151.0 6678.1 -15.8 304 0 9.2 7.6 5.0 2.5 2 0 2 2 2
1139.6 6551.0 -12.8 149 0 13.1 7.8 5.0 2.5 2 0 2 5 5
1133.0 6547.3 -12.9 149 0 12.7 5.8 5.0 2.5 2 0 2 3 3
1118.1 6542.3 -13.2 149 0 5.7 13.5 5.0 2.5 4 1 2 1 1
1122.3 6535.4 -13.2 149 0 6.7 13.1 5.0 2.5 2 1 2 3 3
1131.6 6526.9 -13.0 149 0 11.2 17.9 5.0 0.0 0 1 2 4 4
1152.8 6520.3 -12.6 149 0 12.9 9.2 5.0 2.5 2 0 2 5 5
1139.1 6512.5 -12.9 149 0 8.7 14.7 5.0 2.5 2 1 2 0 0
1164.0 6524.3 -12.5 149 0 9.3 9.2 5.0 2.5 2 0 2 2 2
1167.7 6507.8 -12.7 149 0 6.8 5.9 5.0 0.0 0 0 2 3 3
1148.8 6499.6 -12.9 149 0 9.5 18.2 5.0 2.5 2 1 2 4 4
1214.3 6502.5 -12.5 327 0 8.0 11.4 5.0 2.5 2 1 2 4 4
1200.3 6493.3 -12.4 326 0 8.2 7.7 5.0 2.5 4 0 2 0 0
1202.6 6483.8 -12.4 326 0 4.8 6.2 5.0 2.5 2 1 2 1 1
1181.5 6515.4 -12.6 326 0 9.7 7.3 5.0 2.5 2 0 2 1 1
1191.0 6508.6 -12.5 326 0 7.3 7.5 5.0 2.5 2 1 2 4 4
1167.0 6494.4 -12.6 146 0 8.9 6.7 5.0 2.5 2 0 2 3 3
1155.0 6487.8 -12.7 146 0 9.4 12.6 5.0 2.5 2 1 2 4 4
1176.4 6494.4 -12.5 146 0 10.6 9.5 5.0 2.5 4 0 2 5 5
1173.0 6484.4 -12.5 146 0 6.0 7.3 5.0 2.5 2 1 2 0 0
1182.5 6479.8 -12.4 146 0 9.9 8.5 5.0 0.0 0 0 2 0 0
1173.4 6474.5 -12.5 147 0 8.0 8.6 5.0 2.5 2 1 2 1 1
1161.9 6478.7 -12.6 146 0 9.2 10.3 5.0 0.0 0 1 2 4 4
1164.9 6469.4 -12.5 146 0 8.5 6.9 5.0 2.5 2 0 2 2 2
1181.2 6464.2 -12.4 147 0 9.2 12.6 5.0 2.5 2 1 2 2 2
1171.5 6458.3 -12.4 146 0 9.4 9.6 5.0 2.5 2 1 2 3 3
1185.6 6453.4 -12.4 147 0 8.2 13.1 5.0 2.5 4 1 2 3 3
1176.9 6447.0 -12.4 146 0 9.7 8.9 5.0 2.5 2 0 2 5 5
1194.7 6444.5 -12.4 147 0 8.5 10.2 5.0 2.5 2 1 2 1 1
1183.6 6436.6 -12.4 146 0 8.3 11.7 5.0 2.5 2 1 2 0 0
1191.0 6426.9 -12.4 146 0 9.0 14.0 5.0 2.5 2 1 2 2 2
1194.4 6416.5 -12.5 146 0 8.2 12.7 5.0 0.0 0 1 2 5 5
1201.0 6407.9 -12.6 146 0 8.0 16.2 5.0 2.5 2 1 2 2 2
1207.9 6400.2 -12.7 146 0 10.0 14.5 5.0 2.5 2 1 2 2 2
1210.7 6389.6 -12.7 146 0 8.2 16.7 5.0 2.5 2 1 2 5 5
1217.4 6381.3 -12.8 149 0 10.3 16.2 5.0 2.5 2 1 2 2 2
1222.8 6370.4 -13.1 149 0 8.5 15.1 5.0 2.5 4 1 2 1 1
1227.8 6362.7 -13.1 149 0 7.2 11.6 5.0 2.5 2 1 2 4 4
1269.0 6343.8 -13.3 329 0 6.7 8.5 5.0 2.5 4 1 2 2 2
1265.9 6352.9 -13.3 329 0 6.9 8.0 5.0 0.0 0 1 2 0 0
1259.2 6334.4 -13.0 59 0 6.1 8.5 5.0 0.0 0 1 2 5 5
1244.1 6330.2 -12.1 149 0 8.3 8.6 5.0 2.5 2 1 2 2 2
1235.5 6350.9 -13.2 149 0 8.3 12.3 5.0 2.5 2 1 2 3 3
1236.5 6340.3 -13.2 149 0 8.7 20.1 5.0 2.5 4 1 2 0 0
-2162.9 4555.9 -3.0 359 0 32.2 42.6 2.5 0.0 0 1 1 4 4
