4459.1 6.1 5.1 47 0 7.2 9.8 2.5 2.5 2 1 1 3 3
1738.9 6892.2 -6.2 201 0 9.5 11.0 7.5 2.5 2 1 3 5 5
1740.8 6922.7 -8.6 281 0 11.5 17.4 2.5 2.5 2 1 1 5 5
1669.0 6711.1 -8.3 41 0 8.3 16.1 7.5 2.5 2 1 3 4 4
4460.9 21.0 3.3 46 0 4.0 5.9 7.5 2.5 2 1 3 5 5
4465.2 24.7 2.3 46 0 4.7 9.1 5.0 2.5 2 1 2 5 5
4470.1 27.8 1.6 46 0 5.0 11.0 2.5 2.5 2 1 1 3 3
4474.4 31.0 1.9 47 0 4.1 6.5 5.0 2.5 2 1 2 1 1
4492.9 51.3 2.1 32 0 5.0 10.5 5.0 2.5 2 1 2 1 1
4489.8 44.5 2.1 36 0 4.8 9.0 7.5 2.5 2 1 3 2 2
4485.1 33.2 1.9 42 0 6.1 10.4 7.5 2.5 2 1 3 1 1
4469.1 58.5 -0.5 214 0 8.1 6.0 7.5 2.5 2 0 3 0 0
4463.0 52.4 -0.8 217 0 6.8 8.5 2.5 2.5 2 1 1 4 4
4475.0 42.4 0.7 39 0 7.4 5.8 7.5 2.5 4 0 3 5 5
4470.3 75.8 -0.7 186 0 7.2 5.3 7.5 2.5 2 0 3 4 4
4497.4 60.9 2.8 39 0 4.8 8.9 7.5 2.5 4 1 3 0 0
4500.2 71.0 3.0 24 0 4.1 7.9 2.5 2.5 2 1 1 5 5
3069.1 1093.9 3.0 316 0 4.1 8.4 7.5 2.5 4 1 3 2 2
3074.1 1091.2 2.9 315 0 4.7 9.0 7.5 2.5 2 1 3 0 0
3079.9 1085.5 2.7 318 0 5.3 7.8 7.5 2.5 2 1 3 0 0
3086.3 1078.5 2.3 320 0 5.4 8.8 7.5 0.0 0 1 3 4 4
3089.9 1072.4 2.2 318 0 5.5 8.3 5.0 2.5 2 1 2 3 3
3094.5 1067.0 2.1 320 0 5.1 9.8 2.5 2.5 2 1 1 4 4
3098.7 1060.1 1.8 322 0 6.8 9.8 5.0 2.5 2 1 2 4 4
3103.3 1052.4 1.4 322 0 5.1 7.9 7.5 2.5 2 1 3 1 1
3096.5 1037.6 1.3 144 0 6.4 12.6 7.5 2.5 2 1 3 0 0
3120.0 1033.4 0.8 320 0 7.1 7.1 7.5 2.5 2 1 3 4 4
3125.3 1028.2 0.6 318 0 4.8 8.4 5.0 0.0 0 1 2 0 0
3131.1 1023.4 0.3 318 0 6.3 9.5 5.0 2.5 2 1 2 1 1
3140.5 1009.9 -0.0 318 0 7.3 11.3 7.5 2.5 2 1 3 0 0
3146.1 1003.3 -0.1 318 0 5.3 8.5 5.0 2.5 2 1 2 4 4
3164.4 973.9 -3.4 224 0 12.0 7.4 2.5 2.5 2 0 1 0 0
3172.1 438.2 0.5 334 0 5.2 8.9 5.0 2.5 2 1 2 5 5
3174.2 431.3 0.1 339 0 4.6 6.2 7.5 2.5 2 1 3 1 1
3176.8 425.2 -0.4 336 0 4.7 7.5 2.5 2.5 2 1 1 3 3
3182.4 411.5 -1.3 334 0 4.4 8.0 5.0 2.5 2 1 2 0 0
3174.6 401.6 -1.6 156 0 5.7 10.0 7.5 2.5 2 1 3 4 4
3175.5 394.1 -2.4 154 0 5.9 14.7 7.5 0.0 0 1 3 1 1
3196.4 380.3 -3.7 335 0 4.2 9.3 7.5 2.5 2 1 3 4 4
3204.8 370.9 -5.1 331 0 6.6 12.8 5.0 2.5 2 1 2 4 4
3229.0 322.7 -7.5 345 0 7.1 9.8 7.5 2.5 2 1 3 0 0
3221.5 329.5 -7.2 353 0 4.6 9.2 7.5 2.5 4 1 3 4 4
3183.2 315.0 -3.3 84 0 7.1 6.9 7.5 2.5 2 0 3 0 0
3158.0 308.4 -6.0 79 0 5.1 10.3 5.0 2.5 2 1 2 3 3
3159.3 328.1 -3.8 349 0 6.5 8.9 5.0 2.5 2 1 2 5 5
2699.8 -21.3 -6.6 59 0 7.6 5.7 5.0 2.5 2 0 2 4 4
1801.2 6923.2 -9.3 85 0 13.9 13.7 5.0 2.5 2 0 2 4 4
