6638.4 2382.9 -14.5 83 0 63.8 40.7 5.0 0.0 0 0 2 1 1
5542.1 -6817.3 -18.3 127 0 4.8 9.7 2.5 2.5 2 1 1 5 5
5225.7 -583.6 -3.9 293 0 8.4 16.0 5.0 2.5 2 1 2 2 2
5251.1 -524.8 -1.5 293 0 12.2 7.4 2.5 2.5 2 0 1 3 3
5276.8 -483.6 -0.4 293 0 13.5 8.0 5.0 0.0 0 0 2 2 2
5322.0 -523.8 -0.7 113 0 5.5 5.8 5.0 2.5 2 1 2 2 2
5332.9 -535.3 -0.9 113 0 5.4 10.9 5.0 2.5 2 1 2 2 2
5349.6 -538.7 -0.9 113 0 8.0 7.6 5.0 2.5 2 0 2 4 4
5393.1 -601.2 -3.1 113 0 9.2 11.9 5.0 2.5 2 1 2 2 2
5416.4 -603.8 -3.5 113 0 9.3 12.3 5.0 2.5 2 1 2 3 3
5421.9 -638.2 -4.2 167 0 17.3 12.6 5.0 2.5 2 0 2 0 0
5478.3 -613.8 -4.4 347 0 9.9 6.3 5.0 2.5 2 0 2 3 3
5494.9 -597.5 -3.6 167 0 8.8 12.2 5.0 2.5 2 1 2 0 0
2796.3 -886.6 -17.7 23 0 8.1 9.6 5.0 2.5 2 1 2 5 5
2915.8 -880.1 -17.0 295 0 8.2 4.8 2.5 2.5 2 0 1 4 4
2954.3 -901.5 -17.1 305 0 14.2 7.0 2.5 2.5 4 0 1 4 4
2940.0 -963.6 -13.4 116 0 7.6 10.0 5.0 2.5 2 1 2 4 4
3003.2 -1041.7 -13.7 125 0 4.0 16.0 2.5 2.5 2 1 1 0 0
3069.7 -1007.0 -15.7 45 0 5.8 8.1 2.5 2.5 2 1 1 3 3
2886.4 -929.1 -14.2 125 0 11.2 6.1 5.0 2.5 2 0 2 1 1
2899.0 -964.4 -14.2 125 0 15.2 14.5 2.5 2.5 4 0 1 4 4
2843.1 -892.2 -16.4 203 0 8.7 11.0 2.5 2.5 2 1 1 0 0
2850.7 -909.4 -15.4 203 0 9.1 14.6 2.5 2.5 2 1 1 5 5
2916.2 -904.8 -15.2 298 0 9.6 14.9 5.0 2.5 2 1 2 3 3
2897.6 -909.0 -14.9 296 0 8.2 4.2 5.0 2.5 2 0 2 4 4
2894.1 -921.6 -14.6 118 0 9.9 6.8 5.0 0.0 0 0 2 2 2
2930.4 -913.9 -14.7 314 0 8.8 15.8 5.0 2.5 2 1 2 3 3
2965.7 -944.8 -13.6 315 0 9.2 12.2 5.0 2.5 2 1 2 0 0
2946.1 -970.4 -13.5 125 0 8.1 16.7 5.0 2.5 2 1 2 1 1
2989.7 -927.2 -16.1 305 0 6.0 8.9 2.5 2.5 2 1 1 1 1
2984.0 -914.5 -17.6 305 0 13.7 15.5 2.5 2.5 2 1 1 1 1
2968.1 -907.5 -17.3 305 0 10.4 11.3 2.5 2.5 2 1 1 2 2
2941.6 -901.1 -16.0 305 0 5.5 9.5 2.5 2.5 2 1 1 3 3
2952.8 -935.6 -13.7 314 0 6.9 17.5 5.0 2.5 2 1 2 4 4
2944.7 -928.9 -13.8 305 0 7.2 17.4 5.0 2.5 2 1 2 3 3
2922.1 -944.8 -13.9 118 0 7.5 8.4 5.0 2.5 2 1 2 1 1
2913.6 -974.8 -14.0 117 0 9.3 15.1 2.5 2.5 2 1 1 2 2
2938.3 -924.5 -14.1 305 0 6.2 10.5 5.0 2.5 2 1 2 5 5
2921.4 -982.7 -14.0 125 0 9.5 17.2 2.5 2.5 2 1 1 1 1
2941.0 -1012.6 -14.2 118 0 9.3 10.4 2.5 2.5 2 1 1 0 0
2936.4 -994.9 -14.0 118 0 12.5 7.6 2.5 2.5 2 0 1 3 3
2930.1 -1007.5 -14.5 118 0 10.3 10.3 2.5 2.5 2 0 1 2 2
2942.6 -987.8 -13.6 118 0 10.2 10.6 2.5 2.5 2 1 1 5 5
2957.8 -1002.6 -13.4 125 0 9.0 12.7 2.5 2.5 2 1 1 1 1
2973.1 -1028.4 -13.9 113 0 8.9 7.9 2.5 2.5 2 0 1 2 2
2959.2 -1022.7 -14.0 113 0 8.1 13.4 2.5 2.5 2 1 1 5 5
2965.3 -1009.5 -13.2 125 0 6.8 15.3 2.5 2.5 2 1 1 0 0
2985.0 -1025.5 -13.2 118 0 5.2 15.5 2.5 2.5 2 1 1 0 0
2991.4 -1030.1 -13.3 118 0 7.5 17.6 2.5 2.5 2 1 1 3 3
3011.8 -1040.4 -13.3 125 0 6.2 15.4 2.5 2.5 2 1 1 2 2
3019.5 -1043.4 -13.2 125 0 4.5 14.1 2.5 2.5 2 1 1 1 1
3048.2 -1037.1 -14.1 27 0 11.8 16.7 2.5 2.5 2 1 1 1 1
3026.0 -1016.4 -11.9 118 0 8.2 7.4 5.0 2.5 2 0 2 4 4
3036.0 -994.8 -12.7 305 0 10.6 14.3 5.0 2.5 4 1 2 1 1
3062.9 -980.5 -16.5 305 0 11.0 9.9 2.5 2.5 2 0 1 3 3
3051.5 -974.5 -15.9 305 0 7.0 10.2 2.5 2.5 2 1 1 0 0
3041.3 -966.0 -15.9 305 0 11.7 10.6 2.5 2.5 2 0 1 1 1
3031.3 -959.6 -15.7 305 0 8.8 11.1 2.5 2.5 4 1 1 4 4
3031.7 -939.6 -17.7 305 0 6.4 8.0 2.5 2.5 2 1 1 3 3
3023.6 -948.2 -16.3 305 0 6.4 12.6 2.5 2.5 2 1 1 5 5
3018.9 -941.0 -16.7 305 0 7.0 16.7 2.5 2.5 2 1 1 3 3
3012.5 -933.9 -17.0 305 0 7.6 21.0 2.5 2.5 2 1 1 3 3
2993.2 -966.0 -13.2 305 0 6.1 16.2 5.0 2.5 4 1 2 3 3
3000.7 -971.8 -13.1 305 0 8.1 14.2 5.0 2.5 2 1 2 3 3
2999.8 -994.4 -13.0 125 0 9.0 17.2 5.0 2.5 2 1 2 3 3
3024.0 -987.3 -12.9 305 0 9.9 13.5 5.0 2.5 2 1 2 0 0
3010.2 -1003.8 -12.3 125 0 10.4 5.4 5.0 2.5 2 0 2 0 0
3002.8 -1030.4 -12.8 116 0 8.3 12.1 2.5 2.5 2 1 1 4 4
2963.3 -980.0 -13.4 125 0 21.8 23.2 5.0 2.5 2 1 2 1 1
2928.1 -893.8 -16.1 305 0 13.4 8.8 2.5 0.0 0 0 1 5 5
2886.1 -872.6 -17.3 293 0 19.5 12.2 2.5 0.0 0 0 1 2 2
2906.2 -878.4 -16.7 293 0 6.4 13.9 2.5 0.0 0 1 1 0 0
2888.9 -903.2 -15.1 293 0 7.9 9.1 5.0 2.5 2 1 2 2 2
2879.5 -892.4 -15.9 293 0 12.3 11.6 5.0 2.5 2 0 2 4 4
2835.7 -857.9 -18.3 203 0 11.4 38.8 2.5 2.5 2 1 1 1 1
2860.5 -890.6 -16.2 182 0 9.4 9.7 5.0 2.5 2 1 2 0 0
5959.7 6152.4 -11.5 95 0 15.7 39.8 2.5 2.5 2 1 1 5 5
5965.2 6104.5 -12.0 5 0 10.2 33.7 2.5 2.5 2 1 1 0 0
5961.4 6071.6 -14.3 10 0 16.1 30.2 2.5 2.5 2 1 1 5 5
6023.7 6198.6 -11.3 5 0 18.3 32.6 2.5 2.5 2 1 1 5 5
6656.7 6257.3 0.5 169 0 7.7 12.0 5.0 2.5 2 1 2 1 1
6690.1 6263.5 0.4 349 0 8.7 15.1 5.0 2.5 2 1 2 1 1
6648.6 6220.8 -0.3 166 0 4.9 15.2 5.0 2.5 2 1 2 5 5
6696.1 6240.9 -0.2 352 0 12.4 20.9 5.0 2.5 2 1 2 2 2
6658.2 6237.8 -0.1 178 0 11.3 16.5 5.0 0.0 0 1 2 2 2
6645.6 6267.5 0.7 164 0 13.1 19.6 5.0 2.5 4 1 2 1 1
6643.6 6190.2 -1.7 175 0 20.9 19.0 5.0 2.5 2 0 2 0 0
6378.1 6918.8 2.3 180 0 28.8 9.8 7.5 0.0 0 0 3 3 3
6382.6 6901.4 3.0 271 0 10.9 30.2 12.5 2.5 2 1 5 4 4
6347.4 6907.5 1.4 268 0 8.9 16.9 5.0 2.5 2 1 2 4 4
6334.9 6906.7 0.8 269 0 9.9 28.8 7.5 2.5 2 1 3 2 2
2929.0 -879.1 -19.4 122 0 3.1 4.6 5.0 0.0 0 1 2 1 1
2779.7 -844.2 -19.1 196 0 6.3 10.5 7.5 2.5 2 1 3 0 0
2854.6 -947.6 -15.0 109 0 12.5 6.6 2.5 2.5 4 0 1 0 0
2945.8 -998.7 -13.7 128 0 4.8 9.1 2.5 0.0 0 1 1 2 2
2977.0 -1017.6 -13.0 120 0 11.9 5.0 2.5 2.5 2 0 1 2 2
3053.7 -1040.1 -15.4 27 0 10.4 4.3 2.5 2.5 2 0 1 3 3
3058.5 -956.7 -18.4 305 0 8.0 6.2 2.5 0.0 0 0 1 5 5
3051.3 -950.5 -18.2 306 0 5.0 10.2 2.5 2.5 4 1 1 4 4
2947.4 -889.0 -18.4 309 0 7.4 11.0 2.5 2.5 2 1 1 4 4
2919.5 -877.1 -19.0 116 0 9.9 5.7 2.5 2.5 2 0 1 4 4
2870.9 -951.0 -14.5 120 0 5.5 8.9 2.5 2.5 2 1 1 2 2
5131.0 -438.4 -2.2 117 0 7.4 4.9 5.0 2.5 2 0 2 3 3
5098.8 -417.4 -2.5 117 0 7.9 4.1 5.0 0.0 0 0 2 5 5
4709.2 -267.5 -11.5 117 0 6.8 6.6 5.0 2.5 2 0 2 1 1
4700.9 -262.8 -11.6 117 0 6.6 7.7 5.0 2.5 2 1 2 2 2
5359.0 -763.9 -4.8 116 0 10.2 11.0 2.5 2.5 2 1 1 3 3
5391.8 -784.5 -5.9 203 0 7.9 10.3 2.5 2.5 2 1 1 2 2
5455.5 -820.9 -9.2 297 0 11.9 8.1 5.0 2.5 2 0 2 1 1
5424.0 -800.9 -6.1 101 0 8.1 6.1 2.5 2.5 4 0 1 1 1
5430.7 -789.1 -6.0 18 0 6.7 8.4 2.5 2.5 2 1 1 3 3
5512.4 -727.5 -4.6 219 0 9.4 10.3 5.0 2.5 2 1 2 0 0
5446.7 -537.0 -0.8 107 0 7.1 4.9 5.0 2.5 2 0 2 1 1
5110.6 -612.5 -11.1 128 0 9.1 8.7 2.5 2.5 2 0 1 1 1
5109.0 -492.5 -3.9 128 0 8.0 8.7 5.0 0.0 0 1 2 5 5
4858.7 -418.0 -14.2 125 0 12.6 7.4 5.0 0.0 0 0 2 1 1
4742.1 -136.1 -3.5 115 0 7.4 8.2 5.0 2.5 2 1 2 1 1
4748.1 -169.9 -4.6 292 0 9.1 9.3 5.0 2.5 2 1 2 5 5
4661.6 -210.8 -9.3 41 0 10.0 8.2 2.5 2.5 2 0 1 0 0
4675.6 -213.5 -9.2 208 0 12.1 6.7 5.0 2.5 4 0 2 4 4
4793.0 -223.7 -4.5 126 0 10.2 6.7 5.0 2.5 2 0 2 4 4
4772.4 -257.9 -6.4 302 0 7.4 8.4 5.0 2.5 2 1 2 1 1
4785.2 -274.9 -6.2 49 0 11.3 7.6 5.0 2.5 2 0 2 0 0
4792.9 -328.3 -11.0 326 0 10.0 7.7 5.0 2.5 2 0 2 2 2
4793.5 -346.2 -11.9 143 0 9.7 9.0 5.0 2.5 2 0 2 5 5
4823.9 -328.9 -7.8 143 0 7.2 12.2 5.0 2.5 2 1 2 5 5
4831.3 -340.6 -8.3 132 0 8.2 16.8 5.0 2.5 4 1 2 0 0
4833.8 -396.7 -13.8 137 0 9.4 13.8 5.0 2.5 4 1 2 3 3
5033.1 -517.8 -8.3 124 0 8.4 6.8 5.0 2.5 4 0 2 5 5
5057.0 -404.5 -3.3 120 0 9.9 8.3 5.0 2.5 2 0 2 2 2
5220.2 -645.3 -5.5 273 0 6.8 5.5 2.5 2.5 2 0 1 4 4
5200.9 -575.9 -3.7 274 0 4.9 8.6 5.0 2.5 2 1 2 4 4
5213.6 -577.9 -3.4 283 0 9.1 6.3 5.0 2.5 2 0 2 0 0
5310.4 -603.4 -2.6 280 0 8.4 6.6 5.0 2.5 2 0 2 4 4
5235.3 -698.5 -11.9 278 0 8.2 8.4 2.5 2.5 2 1 1 0 0
5263.2 -698.2 -4.9 270 0 7.7 8.3 2.5 2.5 2 1 1 5 5
5404.1 -600.4 -3.2 108 0 6.0 9.7 5.0 2.5 2 1 2 0 0
5457.0 -623.2 -4.3 68 0 10.5 8.3 5.0 2.5 2 0 2 5 5
5352.2 -738.2 -3.5 32 0 7.3 5.5 2.5 2.5 2 0 1 0 0
5415.6 -666.3 -4.1 341 0 5.3 10.3 5.0 2.5 4 1 2 0 0
5411.8 -701.7 -4.1 18 0 5.9 7.9 5.0 2.5 2 1 2 5 5
5373.9 -674.0 -3.7 182 0 5.2 7.3 5.0 2.5 4 0 2 0 0
5373.6 -680.3 -3.7 182 0 7.4 7.3 5.0 2.5 4 0 2 3 3
5382.9 -701.6 -3.8 111 0 7.3 8.9 5.0 2.5 2 1 2 3 3
5369.2 -693.9 -3.7 185 0 7.5 9.8 5.0 2.5 2 1 2 3 3
5366.4 -499.0 0.5 199 0 8.4 9.1 5.0 2.5 2 1 2 0 0
5210.9 -462.3 -1.1 200 0 11.1 8.1 5.0 2.5 2 0 2 4 4
5261.9 -472.1 -0.3 121 0 9.4 10.0 5.0 2.5 2 1 2 2 2
5306.6 -492.4 -0.3 10 0 10.5 5.6 5.0 0.0 0 0 2 3 3
5337.0 -585.2 -2.2 193 0 12.8 6.8 5.0 2.5 2 0 2 5 5
5369.5 -555.1 -1.6 289 0 11.9 6.4 5.0 2.5 2 0 2 1 1
5339.4 -562.1 -1.5 186 0 11.9 5.9 5.0 0.0 0 0 2 1 1
5328.1 -573.8 -1.8 358 0 6.5 9.2 2.5 2.5 2 1 1 5 5
5325.8 -565.7 -1.6 0 0 7.1 7.7 2.5 2.5 4 1 1 5 5
5326.3 -546.8 -1.2 284 0 8.2 5.8 2.5 2.5 2 0 1 5 5
5426.5 -564.0 -3.4 286 0 6.0 12.0 5.0 2.5 2 1 2 0 0
5391.0 -560.0 -2.3 279 0 7.8 6.1 5.0 2.5 2 0 2 2 2
5380.7 -569.9 -2.3 266 0 8.9 6.2 5.0 2.5 2 0 2 3 3
5376.1 -589.8 -2.4 99 0 7.0 9.9 5.0 2.5 2 1 2 5 5
5364.8 -597.1 -2.5 102 0 7.8 8.8 5.0 2.5 2 1 2 0 0
5408.8 -631.3 -3.8 348 0 8.9 9.7 5.0 2.5 2 1 2 5 5
5410.1 -643.1 -3.9 351 0 6.2 9.9 5.0 2.5 2 1 2 4 4
5382.5 -654.3 -3.7 90 0 8.3 10.4 5.0 2.5 2 1 2 2 2
5502.5 -619.4 -3.8 86 0 5.1 8.6 5.0 2.5 2 1 2 4 4
5517.8 -617.0 -3.1 79 0 11.1 8.2 5.0 2.5 2 0 2 4 4
5467.8 -634.5 -4.6 68 0 10.2 8.9 5.0 2.5 2 0 2 5 5
5446.7 -638.7 -4.4 75 0 10.1 8.2 5.0 2.5 2 0 2 1 1
5476.5 -673.0 -4.6 355 0 9.5 4.1 2.5 2.5 2 0 1 3 3
5469.8 -682.3 -4.5 359 0 6.3 13.0 2.5 2.5 2 1 1 0 0
5458.8 -657.2 -4.5 252 0 5.3 10.6 2.5 2.5 4 1 1 4 4
5449.7 -656.8 -4.5 254 0 10.5 5.7 2.5 2.5 2 0 1 5 5
5423.8 -683.4 -4.2 191 0 5.9 10.5 2.5 2.5 2 1 1 4 4
5453.3 -721.1 -4.3 36 0 8.1 6.1 2.5 2.5 2 0 1 0 0
5450.2 -762.7 -4.7 211 0 7.5 10.8 2.5 2.5 2 1 1 2 2
5456.1 -745.5 -4.5 209 0 8.1 10.2 2.5 2.5 2 1 1 0 0
5418.7 -713.6 -4.2 196 0 5.2 10.7 2.5 0.0 0 1 1 0 0
5436.6 -709.5 -4.3 192 0 6.7 7.2 2.5 2.5 2 1 1 3 3
5488.9 -750.4 -4.9 30 0 6.6 8.2 2.5 2.5 2 1 1 1 1
5485.6 -737.3 -4.8 32 0 5.2 9.4 2.5 2.5 2 1 1 4 4
5475.7 -717.9 -4.6 208 0 6.7 12.0 2.5 2.5 2 1 1 1 1
5480.3 -702.8 -4.6 205 0 10.8 8.7 2.5 2.5 2 0 1 2 2
5404.6 -536.3 -2.1 178 0 11.4 15.1 5.0 2.5 2 1 2 4 4
5439.3 -749.0 -5.0 16 0 24.7 7.3 2.5 2.5 2 0 1 1 1
5409.8 -760.7 -5.0 113 0 31.8 8.4 2.5 2.5 2 0 1 2 2
5388.5 -751.6 -4.3 115 0 7.1 9.7 2.5 2.5 2 1 1 5 5
5378.1 -749.2 -4.1 108 0 7.5 11.1 2.5 0.0 0 1 1 3 3
5361.5 -736.4 -3.8 208 0 8.7 12.4 2.5 2.5 2 1 1 2 2
5370.1 -712.4 -3.6 285 0 7.4 13.5 2.5 0.0 0 1 1 1 1
5341.2 -733.5 -3.6 13 0 10.7 4.5 2.5 2.5 2 0 1 0 0
5357.4 -718.1 -3.5 4 0 10.7 9.5 2.5 2.5 2 0 1 4 4
5305.7 -704.0 -3.7 277 0 6.8 5.1 2.5 2.5 2 0 1 3 3
5293.1 -703.7 -3.9 278 0 8.6 5.9 2.5 0.0 0 0 1 1 1
5321.7 -707.3 -3.6 282 0 9.7 7.1 2.5 2.5 4 0 1 5 5
5341.6 -718.3 -3.6 292 0 8.6 5.2 2.5 0.0 0 0 1 3 3
5332.3 -721.2 -3.6 279 0 7.5 4.8 2.5 0.0 0 0 1 2 2
5310.2 -669.1 -3.7 0 0 10.1 4.7 2.5 2.5 2 0 1 1 1
5301.0 -664.0 -3.8 341 0 4.0 8.1 2.5 2.5 2 1 1 0 0
5305.8 -686.8 -3.8 350 0 5.7 9.9 2.5 2.5 2 1 1 0 0
5274.7 -686.4 -4.0 160 0 3.7 8.5 2.5 2.5 2 1 1 5 5
5268.7 -686.5 -4.1 87 0 5.0 10.4 2.5 2.5 2 1 1 0 0
5283.0 -669.1 -4.0 281 0 6.7 8.2 2.5 2.5 4 1 1 0 0
5274.4 -659.4 -4.0 282 0 6.5 8.5 2.5 2.5 4 1 1 4 4
5258.1 -659.6 -4.2 178 0 4.1 8.9 2.5 2.5 2 1 1 5 5
5254.2 -682.0 -4.2 189 0 9.3 5.6 2.5 0.0 0 0 1 3 3
5328.6 -610.2 -2.6 182 0 5.4 7.4 5.0 2.5 2 1 2 1 1
5344.6 -606.9 -2.8 278 0 5.6 13.2 5.0 2.5 2 1 2 0 0
5366.8 -654.3 -3.4 98 0 5.2 14.7 5.0 2.5 2 1 2 4 4
5357.3 -657.6 -3.5 100 0 4.6 14.2 5.0 2.5 2 1 2 0 0
5348.6 -654.9 -3.4 100 0 4.3 22.3 5.0 0.0 0 1 2 5 5
5338.0 -656.2 -3.5 98 0 7.3 18.3 5.0 2.5 4 1 2 5 5
5323.1 -632.3 -3.2 188 0 18.0 8.5 5.0 2.5 2 0 2 0 0
5309.8 -653.2 -3.6 93 0 5.1 15.2 5.0 0.0 0 1 2 2 2
5300.2 -652.3 -3.7 98 0 6.1 16.8 5.0 2.5 2 1 2 5 5
5291.2 -649.7 -3.8 97 0 6.8 18.9 5.0 2.5 2 1 2 1 1
5296.9 -614.4 -3.1 280 0 7.1 10.6 5.0 2.5 2 1 2 3 3
5289.2 -600.9 -2.7 272 0 8.3 9.8 5.0 2.5 2 1 2 2 2
5271.6 -608.8 -3.1 189 0 16.3 9.6 5.0 2.5 2 0 2 2 2
5264.7 -632.6 -4.0 190 0 20.8 9.6 5.0 2.5 2 0 2 3 3
5282.3 -649.3 -3.9 93 0 8.5 16.1 5.0 2.5 4 1 2 0 0
5333.3 -694.1 -3.6 98 0 20.6 21.9 5.0 0.0 0 1 2 0 0
5248.3 -676.0 -4.7 6 0 9.0 5.8 2.5 2.5 2 0 1 1 1
5239.6 -676.3 -5.1 4 0 9.2 7.1 2.5 2.5 2 0 1 0 0
5226.0 -672.2 -5.4 101 0 7.8 7.3 2.5 2.5 2 0 1 2 2
5250.1 -655.6 -4.7 5 0 5.1 7.4 2.5 2.5 2 1 1 2 2
5233.5 -649.7 -5.2 291 0 6.4 10.2 2.5 2.5 2 1 1 5 5
5210.4 -644.9 -5.9 290 0 9.4 9.2 2.5 2.5 2 0 1 2 2
5193.6 -638.1 -6.6 300 0 7.6 5.5 2.5 2.5 2 0 1 3 3
5185.2 -631.5 -6.9 286 0 7.7 5.6 2.5 2.5 2 0 1 5 5
5167.2 -624.4 -7.9 283 0 9.1 4.6 2.5 2.5 2 0 1 0 0
5151.3 -633.2 -9.3 105 0 9.2 6.3 2.5 2.5 2 0 1 0 0
5209.5 -610.7 -4.7 109 0 6.3 11.6 5.0 2.5 2 1 2 0 0
5195.3 -623.2 -5.9 107 0 9.0 8.7 5.0 2.5 2 0 2 0 0
5185.2 -618.3 -6.1 111 0 6.8 12.4 5.0 2.5 2 1 2 1 1
5173.9 -607.0 -6.3 205 0 9.2 6.7 5.0 2.5 2 0 2 5 5
5261.5 -604.3 -3.2 0 0 4.8 8.0 5.0 2.5 2 1 2 5 5
5246.5 -593.4 -3.5 287 0 6.4 9.3 5.0 2.5 2 1 2 1 1
5233.0 -595.1 -3.9 306 0 10.1 9.7 5.0 2.5 2 0 2 2 2
5220.3 -614.2 -4.6 125 0 7.6 10.9 5.0 2.5 2 1 2 2 2
5214.2 -625.8 -5.2 123 0 5.0 6.0 5.0 2.5 2 1 2 3 3
5230.6 -631.5 -4.8 105 0 7.6 8.0 5.0 2.5 2 1 2 4 4
5238.9 -639.1 -4.7 107 0 6.0 11.8 5.0 2.5 2 1 2 2 2
5248.8 -640.3 -4.4 110 0 7.0 12.0 5.0 2.5 2 1 2 5 5
5186.4 -575.2 -3.8 196 0 7.3 10.8 5.0 2.5 2 1 2 0 0
5236.7 -563.5 -2.2 102 0 7.1 11.5 2.5 0.0 0 1 1 2 2
5286.7 -582.9 -2.0 106 0 6.4 11.8 2.5 2.5 2 1 1 2 2
5268.2 -576.4 -2.0 109 0 7.4 11.0 2.5 2.5 2 1 1 1 1
5255.3 -574.5 -2.1 99 0 9.6 9.3 2.5 2.5 2 0 1 0 0
5233.1 -528.1 -1.8 288 0 8.1 9.4 2.5 2.5 2 1 1 3 3
5134.8 -554.3 -5.1 297 0 7.3 8.9 2.5 2.5 2 1 1 3 3
5159.3 -564.5 -4.6 299 0 7.4 9.2 2.5 2.5 2 1 1 3 3
5167.7 -591.5 -5.9 15 0 10.4 7.2 2.5 2.5 4 0 1 2 2
5176.0 -573.2 -4.2 33 0 8.2 8.8 2.5 2.5 2 1 1 3 3
5137.1 -609.3 -9.9 302 0 7.4 9.1 2.5 2.5 2 1 1 5 5
5149.4 -603.0 -6.8 127 0 6.3 10.4 2.5 2.5 2 1 1 3 3
5142.8 -592.1 -6.4 121 0 14.5 5.7 2.5 2.5 2 0 1 3 3
5124.6 -585.0 -6.7 130 0 6.5 10.1 2.5 2.5 2 1 1 5 5
5113.4 -581.0 -6.9 129 0 7.2 11.8 2.5 2.5 2 1 1 1 1
5124.0 -541.6 -5.2 300 0 10.6 10.3 2.5 2.5 2 0 1 0 0
5112.4 -534.5 -5.3 306 0 8.0 9.1 2.5 2.5 2 1 1 1 1
5223.1 -566.7 -2.4 111 0 10.8 10.6 2.5 2.5 2 0 1 5 5
5206.5 -561.1 -2.5 110 0 8.1 10.4 2.5 2.5 2 1 1 5 5
5191.8 -552.1 -2.6 193 0 10.6 9.1 2.5 2.5 2 0 1 0 0
5198.6 -539.7 -2.3 193 0 7.7 13.0 2.5 2.5 2 1 1 1 1
5187.3 -547.7 -2.7 13 0 9.4 9.1 5.0 2.5 2 0 2 0 0
5167.7 -544.5 -2.9 109 0 6.5 14.5 5.0 2.5 2 1 2 3 3
5156.3 -541.1 -3.1 128 0 8.6 6.5 5.0 2.5 2 0 2 4 4
5192.9 -528.1 -2.3 22 0 6.4 7.5 5.0 2.5 4 1 2 3 3
5202.9 -529.4 -2.1 182 0 8.3 6.3 2.5 2.5 2 0 1 4 4
5191.1 -513.8 -2.2 37 0 6.3 11.2 5.0 0.0 0 1 2 5 5
5178.2 -500.2 -2.4 297 0 7.3 13.3 5.0 2.5 2 1 2 3 3
5148.1 -535.5 -3.3 113 0 8.4 13.2 5.0 2.5 4 1 2 1 1
5134.3 -533.1 -3.7 123 0 7.2 16.5 5.0 2.5 2 1 2 4 4
5203.1 -470.2 -1.6 295 0 8.0 12.5 5.0 2.5 2 1 2 3 3
5184.5 -477.6 -1.8 108 0 7.1 9.7 5.0 2.5 2 1 2 2 2
5176.1 -463.4 -1.9 305 0 4.8 8.7 5.0 2.5 2 1 2 4 4
5150.8 -453.9 -2.1 114 0 10.2 8.8 5.0 2.5 2 0 2 0 0
5163.3 -457.1 -2.1 307 0 5.4 9.3 5.0 2.5 2 1 2 5 5
5131.4 -518.5 -3.6 127 0 6.3 8.5 5.0 2.5 4 1 2 5 5
5141.2 -492.4 -3.2 303 0 8.1 9.8 5.0 2.5 2 1 2 1 1
5118.9 -507.2 -3.8 125 0 9.1 4.9 5.0 0.0 0 0 2 3 3
5113.6 -517.5 -4.2 123 0 9.8 8.7 5.0 2.5 2 0 2 3 3
5096.7 -507.9 -4.6 122 0 8.4 7.1 5.0 2.5 2 0 2 0 0
5082.1 -500.4 -4.8 122 0 5.4 13.3 5.0 2.5 2 1 2 3 3
5070.0 -558.8 -7.9 117 0 6.3 11.7 2.5 2.5 2 1 1 3 3
5041.8 -559.9 -14.6 311 0 9.4 6.7 2.5 2.5 2 0 1 0 0
5102.6 -527.5 -5.5 297 0 7.9 7.8 2.5 2.5 2 0 1 0 0
5093.3 -525.0 -6.2 303 0 4.5 14.2 2.5 2.5 2 1 1 2 2
5078.9 -522.6 -6.2 220 0 13.1 8.9 2.5 2.5 2 0 1 5 5
5073.6 -515.9 -6.1 45 0 7.1 6.3 5.0 2.5 2 0 2 2 2
5064.0 -502.0 -6.4 310 0 7.1 6.9 5.0 0.0 0 0 2 0 0
5060.2 -536.4 -7.7 38 0 9.3 8.6 5.0 2.5 2 0 2 5 5
5080.4 -483.4 -4.5 152 0 9.4 5.0 5.0 2.5 4 0 2 5 5
5062.9 -482.5 -5.1 138 0 7.9 9.9 5.0 2.5 2 1 2 4 4
5071.6 -471.1 -4.4 131 0 4.8 9.9 5.0 2.5 2 1 2 5 5
5065.2 -461.8 -4.3 134 0 9.8 8.5 5.0 2.5 2 0 2 4 4
5070.5 -437.9 -4.0 315 0 7.5 11.7 5.0 2.5 2 1 2 5 5
5044.5 -432.2 -4.9 304 0 7.1 10.7 5.0 2.5 2 1 2 4 4
5059.7 -430.6 -4.1 304 0 6.8 9.6 5.0 0.0 0 1 2 1 1
5045.4 -470.0 -5.7 131 0 7.3 15.6 5.0 2.5 4 1 2 5 5
5035.0 -464.6 -6.1 134 0 7.5 16.5 5.0 2.5 2 1 2 2 2
5014.5 -445.9 -6.8 132 0 9.9 13.9 5.0 2.5 2 1 2 4 4
5034.5 -399.3 -3.7 128 0 11.0 7.4 5.0 2.5 4 0 2 4 4
4993.2 -425.4 -6.9 137 0 9.0 7.3 5.0 2.5 2 0 2 5 5
4987.2 -406.7 -6.9 217 0 15.7 9.4 5.0 2.5 4 0 2 5 5
5004.4 -464.4 -8.8 315 0 9.4 7.1 5.0 2.5 2 0 2 4 4
4990.2 -448.0 -9.1 317 0 11.3 10.5 5.0 2.5 2 0 2 0 0
4977.4 -437.6 -9.3 287 0 5.8 10.0 5.0 2.5 2 1 2 3 3
4959.2 -431.2 -9.7 229 0 6.9 14.5 5.0 2.5 2 1 2 5 5
4974.0 -405.6 -7.5 38 0 15.4 7.7 5.0 0.0 0 0 2 5 5
4957.6 -401.4 -7.3 134 0 7.9 10.7 5.0 2.5 2 1 2 1 1
4936.3 -382.9 -7.0 131 0 8.4 13.2 5.0 2.5 2 1 2 3 3
4927.9 -376.0 -6.9 124 0 7.3 11.8 5.0 2.5 2 1 2 2 2
4917.9 -370.1 -6.9 127 0 6.9 15.9 5.0 2.5 2 1 2 5 5
4907.9 -361.7 -6.7 128 0 6.3 11.6 5.0 2.5 2 1 2 5 5
4818.0 -378.5 -13.2 142 0 5.5 9.1 5.0 2.5 2 1 2 5 5
4825.8 -388.3 -13.5 129 0 8.6 11.8 5.0 2.5 2 1 2 3 3
4944.3 -453.8 -12.2 324 0 14.4 8.3 5.0 2.5 4 0 2 1 1
4945.0 -414.7 -9.5 315 0 9.8 9.6 5.0 2.5 2 0 2 4 4
4929.1 -409.8 -9.6 313 0 7.3 6.9 5.0 2.5 2 0 2 4 4
4919.4 -400.6 -9.3 305 0 9.5 6.2 5.0 2.5 2 0 2 0 0
4889.2 -369.9 -8.8 290 0 7.7 5.8 5.0 2.5 2 0 2 0 0
4887.2 -375.3 -9.4 290 0 7.7 6.0 5.0 2.5 4 0 2 5 5
4877.8 -367.2 -9.3 297 0 5.6 8.6 5.0 2.5 4 1 2 1 1
4868.1 -354.9 -8.8 305 0 11.2 9.4 5.0 2.5 2 0 2 4 4
4844.9 -351.0 -8.6 141 0 6.5 12.2 5.0 2.5 2 1 2 3 3
4858.2 -310.2 -5.5 125 0 8.6 9.4 2.5 2.5 2 1 1 3 3
4875.5 -323.2 -5.8 140 0 7.9 7.4 2.5 2.5 2 0 1 1 1
4882.3 -349.1 -6.9 135 0 7.1 20.7 2.5 2.5 2 1 1 0 0
4907.5 -325.8 -5.2 39 0 12.2 8.4 2.5 2.5 2 0 1 3 3
4911.6 -283.8 -3.0 140 0 7.4 6.9 5.0 2.5 2 0 2 2 2
4894.3 -280.5 -3.3 144 0 8.5 10.6 5.0 2.5 2 1 2 1 1
4837.5 -303.6 -5.8 147 0 8.6 9.2 2.5 2.5 2 1 1 2 2
4823.6 -291.2 -5.4 148 0 7.4 9.4 2.5 2.5 2 1 1 2 2
4814.0 -278.8 -4.9 148 0 8.8 9.4 2.5 2.5 4 1 1 0 0
4808.3 -271.0 -4.6 140 0 7.3 10.5 2.5 2.5 2 1 1 4 4
4799.8 -264.0 -4.6 139 0 5.4 10.7 2.5 2.5 2 1 1 1 1
4855.0 -325.6 -6.7 147 0 7.9 9.2 2.5 2.5 2 1 1 4 4
4864.9 -334.2 -6.8 142 0 9.1 11.0 2.5 2.5 4 1 1 5 5
4829.3 -346.3 -10.1 314 0 6.5 9.0 5.0 2.5 2 1 2 3 3
4821.5 -337.1 -9.8 311 0 5.2 9.4 5.0 0.0 0 1 2 3 3
4815.5 -329.7 -9.4 314 0 5.8 9.0 5.0 2.5 2 1 2 1 1
4806.7 -322.7 -9.4 315 0 8.6 9.2 5.0 2.5 2 1 2 0 0
4808.1 -315.0 -7.4 144 0 8.4 12.5 5.0 2.5 4 1 2 3 3
4797.9 -302.1 -6.9 146 0 7.1 4.3 5.0 2.5 2 0 2 3 3
4791.2 -292.2 -6.4 143 0 5.7 6.3 5.0 2.5 2 1 2 4 4
4784.3 -285.5 -6.3 139 0 4.3 13.0 5.0 0.0 0 1 2 3 3
4785.7 -304.8 -9.3 321 0 6.0 9.9 5.0 2.5 2 1 2 0 0
4774.8 -295.7 -8.6 221 0 11.3 6.1 5.0 2.5 4 0 2 3 3
4754.8 -148.2 -3.5 134 0 8.8 9.4 5.0 2.5 2 1 2 3 3
4792.4 -254.3 -4.7 129 0 6.9 12.2 2.5 2.5 2 1 1 2 2
4783.3 -247.8 -4.8 117 0 6.9 11.7 2.5 0.0 0 1 1 0 0
4767.0 -219.6 -4.9 217 0 10.0 8.2 2.5 2.5 2 0 1 3 3
4758.7 -249.4 -7.6 304 0 7.0 14.3 5.0 2.5 2 1 2 5 5
4768.5 -293.3 -9.8 35 0 19.8 18.1 5.0 2.5 2 0 2 5 5
4739.7 -223.5 -6.1 116 0 10.3 13.5 2.5 0.0 0 1 1 0 0
4724.6 -218.0 -7.0 121 0 10.5 16.2 2.5 2.5 2 1 1 0 0
4711.9 -211.2 -7.6 99 0 8.1 13.2 2.5 2.5 2 1 1 3 3
4707.3 -187.6 -7.3 290 0 10.2 17.8 2.5 2.5 2 1 1 3 3
4723.5 -233.0 -9.6 294 0 6.7 16.2 5.0 0.0 0 1 2 0 0
4713.1 -225.8 -9.8 300 0 6.3 16.7 5.0 2.5 2 1 2 4 4
4680.3 -228.5 -10.2 186 0 16.2 7.4 5.0 2.5 2 0 2 4 4
3744.3 1202.4 -14.1 66 0 5.5 4.0 2.5 2.5 2 0 1 0 0
3772.5 1251.7 -9.6 237 0 3.2 4.9 2.5 2.5 2 1 1 0 0
3739.9 1256.9 -11.5 326 0 3.2 6.6 2.5 2.5 2 1 1 4 4
3720.0 1274.0 -11.7 54 0 11.9 4.0 2.5 2.5 4 0 1 4 4
3717.5 1280.4 -11.5 53 0 12.0 3.9 2.5 2.5 2 0 1 5 5
3705.6 1300.3 -15.4 334 0 15.8 7.6 2.5 2.5 2 0 1 2 2
3734.0 1268.1 -11.4 321 0 6.0 8.2 2.5 2.5 4 1 1 4 4
3759.0 1264.8 -10.1 334 0 8.0 5.9 2.5 0.0 0 0 1 4 4
3743.6 1288.1 -9.9 320 0 8.5 7.2 2.5 2.5 2 0 1 1 1
3736.1 1297.6 -9.8 323 0 11.1 5.9 2.5 2.5 2 0 1 5 5
3773.6 1230.5 -13.0 324 0 9.4 29.6 2.5 2.5 4 1 1 5 5
5925.0 6690.4 -3.5 0 0 8.9 10.0 5.0 2.5 2 1 2 3 3
5918.7 6674.9 -4.1 13 0 14.1 7.6 5.0 2.5 2 0 2 2 2
5955.9 6635.6 -2.6 271 0 11.6 12.2 5.0 0.0 0 1 2 2 2
6907.9 6226.1 -5.9 199 0 6.1 4.3 2.5 2.5 2 0 1 0 0
6908.9 6168.4 -9.8 90 0 5.0 8.5 2.5 2.5 2 1 1 1 1
6901.8 6168.0 -10.1 89 0 4.4 9.2 2.5 2.5 2 1 1 3 3
6909.5 6187.2 -7.0 85 0 5.3 5.7 2.5 2.5 2 1 1 2 2
6908.7 6204.6 -6.5 174 0 6.9 9.6 2.5 2.5 2 1 1 4 4
6904.7 6217.5 -6.6 264 0 4.6 9.4 2.5 0.0 0 1 1 4 4
6885.9 6202.0 -7.9 179 0 6.4 5.6 2.5 2.5 2 0 1 4 4
6897.5 6214.6 -7.4 269 0 6.6 12.0 2.5 2.5 2 1 1 3 3
6899.0 6184.6 -7.8 90 0 6.5 12.3 2.5 2.5 4 1 1 5 5
6881.0 6180.8 -8.9 92 0 4.7 6.4 2.5 2.5 2 1 1 5 5
6873.7 6189.0 -9.0 195 0 7.1 3.2 2.5 2.5 2 0 1 2 2
6886.6 6163.6 -13.4 269 0 7.1 3.3 5.0 2.5 2 0 2 5 5
6867.2 6172.4 -12.1 274 0 3.5 4.3 7.5 2.5 2 1 3 3 3
6873.9 6166.7 -13.8 274 0 5.4 5.2 7.5 2.5 2 0 3 0 0
6876.0 6159.7 -15.8 275 0 7.3 4.9 5.0 2.5 2 0 2 0 0
6705.0 6206.5 -1.0 24 0 9.5 11.9 5.0 2.5 2 1 2 5 5
6612.9 6155.0 -4.1 39 0 6.1 9.1 2.5 2.5 2 1 1 1 1
6624.2 6286.0 1.3 340 0 11.6 5.3 2.5 2.5 2 0 1 0 0
6631.3 6273.7 1.0 333 0 5.8 9.2 2.5 2.5 2 1 1 2 2
6637.0 6261.7 0.6 336 0 8.1 8.8 2.5 2.5 4 1 1 2 2
6639.5 6072.7 -21.6 81 0 9.6 8.1 5.0 0.0 0 0 2 5 5
6598.6 6130.6 -7.5 296 0 5.1 13.8 5.0 2.5 4 1 2 2 2
6392.0 6143.4 -6.8 275 0 3.5 7.3 2.5 2.5 2 1 1 4 4
6066.3 6337.4 -4.1 199 0 5.5 9.4 5.0 2.5 4 1 2 4 4
6055.4 6345.5 -3.3 194 0 16.2 10.4 5.0 2.5 2 0 2 2 2
6032.6 6328.9 -4.4 0 0 5.8 3.7 5.0 2.5 2 0 2 5 5
6030.2 6274.2 -8.2 2 0 10.1 17.7 5.0 2.5 4 1 2 0 0
6027.9 6258.6 -8.6 4 0 10.5 14.3 5.0 2.5 2 1 2 0 0
6006.8 6229.8 -10.0 94 0 21.9 4.7 5.0 2.5 2 0 2 1 1
6027.3 6240.0 -9.1 2 0 7.4 14.9 5.0 0.0 0 1 2 3 3
5998.3 6246.0 -9.7 186 0 12.6 9.8 5.0 2.5 4 0 2 1 1
5998.4 6258.3 -9.2 179 0 6.2 9.6 5.0 2.5 2 1 2 5 5
5998.0 6273.6 -9.0 188 0 15.1 10.1 5.0 2.5 2 0 2 5 5
6000.3 6294.7 -7.8 183 0 11.9 12.3 5.0 0.0 0 1 2 5 5
5981.5 6277.6 -8.5 8 0 11.6 16.8 5.0 2.5 2 1 2 3 3
5977.9 6263.8 -9.2 3 0 7.8 13.5 5.0 0.0 0 1 2 0 0
5942.2 6238.5 -10.3 98 0 13.2 13.2 5.0 2.5 4 0 2 2 2
5973.9 6246.3 -10.2 8 0 14.1 12.5 5.0 0.0 0 0 2 4 4
5973.2 6201.9 -11.5 8 0 13.3 31.6 2.5 0.0 0 1 1 1 1
5920.1 6164.3 -11.1 184 0 5.5 10.1 2.5 2.5 4 1 1 1 1
5968.0 6126.8 -11.5 7 0 8.6 26.8 2.5 0.0 0 1 1 0 0
5964.2 6117.2 -11.5 5 0 4.3 13.9 2.5 2.5 2 1 1 3 3
5933.0 6120.0 -11.5 183 0 5.4 14.5 2.5 2.5 2 1 1 1 1
5927.9 6142.5 -11.4 275 0 12.8 13.5 2.5 2.5 2 1 1 3 3
5917.7 6082.5 -13.2 190 0 10.9 12.4 2.5 2.5 2 1 1 1 1
5981.9 6095.7 -12.3 181 0 9.7 5.9 2.5 2.5 2 0 1 5 5
6014.0 6058.5 -15.0 20 0 6.3 17.3 2.5 0.0 0 1 1 2 2
6606.5 6901.9 11.4 9 0 6.7 7.8 2.5 2.5 2 1 1 0 0
6602.7 6923.1 11.8 272 0 8.2 8.5 5.0 2.5 2 1 2 3 3
6593.2 6923.1 11.4 275 0 6.8 10.5 5.0 0.0 0 1 2 0 0
6581.0 6922.0 10.9 270 0 10.0 6.4 5.0 2.5 2 0 2 5 5
6496.0 6897.9 6.8 128 0 8.1 8.0 7.5 0.0 0 0 3 5 5
6317.6 6923.9 -0.5 271 0 13.1 9.6 10.5 2.5 2 0 3 4 4
6306.1 6857.6 1.4 95 0 10.7 14.6 10.5 2.5 4 1 3 0 0
6322.6 6855.1 1.9 92 0 12.8 15.2 10.5 2.5 2 1 3 3 3
6337.2 6856.4 2.4 90 0 8.4 14.9 7.0 2.5 2 1 2 3 3
6348.5 6859.9 2.7 89 0 10.8 11.6 10.5 2.5 2 1 3 5 5
6399.0 6860.8 3.3 1 0 11.9 40.2 10.0 2.5 2 1 4 4 4
6345.3 6918.0 0.9 268 0 11.8 8.4 5.0 2.5 2 0 2 4 4
6396.7 6906.9 3.6 270 0 4.6 8.7 2.5 2.5 2 1 1 1 1
6404.7 6886.9 3.9 1 0 5.8 12.1 5.0 2.5 2 1 2 3 3
6404.2 6876.6 4.2 1 0 11.4 11.5 5.0 2.5 2 1 2 0 0
5931.1 6925.2 -7.8 275 0 13.7 9.4 5.0 0.0 0 0 2 4 4
5929.4 6914.4 -8.0 276 0 10.5 7.0 2.5 2.5 2 0 1 5 5
6310.1 2466.0 -13.6 271 0 8.9 7.6 5.0 0.0 0 0 2 0 0
6426.2 2395.2 -11.9 1 0 8.0 9.9 5.0 2.5 2 1 2 4 4
6423.1 2416.7 -11.9 91 0 6.9 14.4 2.5 2.5 2 1 1 3 3
6411.5 2420.4 -12.1 91 0 7.3 7.2 2.5 0.0 0 0 1 4 4
6401.4 2417.1 -12.4 91 0 7.7 6.9 2.5 2.5 2 0 1 3 3
6174.2 2372.9 -12.1 110 0 12.0 14.6 5.0 2.5 2 1 2 4 4
6270.4 2373.8 -12.6 275 0 19.0 10.0 7.5 2.5 2 0 3 1 1
6277.8 2404.8 -13.5 356 0 8.7 16.3 5.0 2.5 2 1 2 5 5
6285.2 2443.1 -13.6 177 0 8.6 14.5 5.0 2.5 2 1 2 4 4
6293.6 2421.1 -13.6 88 0 11.2 14.7 5.0 2.5 2 1 2 1 1
6310.3 2418.5 -13.6 87 0 10.0 13.4 5.0 2.5 4 1 2 5 5
6343.4 2436.2 -13.6 360 0 17.1 6.4 5.0 2.5 2 0 2 1 1
6350.0 2471.6 -13.7 7 0 11.5 11.5 5.0 0.0 0 1 2 0 0
6346.2 2458.0 -13.6 0 0 12.8 7.5 5.0 0.0 0 0 2 3 3
6331.3 2469.6 -13.6 272 0 9.3 19.8 5.0 2.5 4 1 2 5 5
6331.1 2480.8 -13.6 271 0 6.5 8.8 5.0 2.5 2 1 2 4 4
6321.1 2478.0 -13.6 271 0 8.7 18.6 5.0 2.5 2 1 2 4 4
6286.7 2455.3 -13.6 180 0 8.2 11.2 5.0 2.5 2 1 2 2 2
6300.4 2475.9 -13.6 272 0 8.2 11.1 5.0 2.5 2 1 2 4 4
6283.8 2468.0 -13.6 179 0 14.1 8.1 5.0 2.5 2 0 2 3 3
6275.0 2456.8 -14.4 357 0 7.5 17.9 7.5 2.5 2 1 3 3 3
6272.6 2470.0 -14.6 359 0 7.5 20.4 7.5 2.5 2 1 3 4 4
6379.5 2438.4 -13.1 91 0 8.3 6.5 2.5 0.0 0 0 1 5 5
6353.7 2447.7 -13.6 185 0 15.9 8.3 2.5 2.5 2 0 1 1 1
6370.7 2462.9 -13.4 275 0 8.7 13.1 2.5 2.5 2 1 1 2 2
6380.9 2461.7 -13.2 273 0 8.6 12.4 2.5 2.5 2 1 1 3 3
6391.6 2460.4 -13.0 273 0 8.6 10.4 2.5 2.5 2 1 1 2 2
6402.2 2460.7 -13.0 269 0 9.4 12.3 2.5 2.5 2 1 1 2 2
6414.2 2462.5 -13.4 269 0 6.8 13.8 2.5 2.5 2 1 1 3 3
6422.6 2460.7 -13.4 271 0 7.7 12.3 2.5 0.0 0 1 1 1 1
6433.4 2464.6 -13.9 274 0 8.7 14.5 2.5 2.5 2 1 1 1 1
6360.0 2479.2 -13.7 268 0 6.3 10.8 5.0 2.5 2 1 2 3 3
6368.2 2485.7 -13.8 268 0 8.5 15.5 5.0 2.5 2 1 2 4 4
6379.4 2471.2 -13.9 88 0 9.2 13.9 5.0 2.5 2 1 2 5 5
6389.3 2485.2 -14.0 268 0 8.2 15.5 5.0 2.5 2 1 2 5 5
6399.3 2471.6 -14.2 88 0 6.9 12.4 5.0 2.5 2 1 2 4 4
6407.5 2470.9 -14.4 88 0 6.5 13.2 5.0 2.5 2 1 2 2 2
6416.5 2470.7 -14.7 88 0 8.9 15.8 5.0 0.0 0 1 2 5 5
6425.7 2471.3 -14.9 88 0 6.8 16.1 5.0 2.5 2 1 2 4 4
6434.3 2489.4 -15.2 269 0 8.5 15.7 5.0 2.5 2 1 2 2 2
6444.9 2489.7 -15.5 266 0 10.5 15.6 5.0 2.5 2 1 2 5 5
6455.5 2474.1 -15.3 89 0 7.4 10.1 5.0 2.5 2 1 2 5 5
6466.1 2487.9 -15.7 270 0 7.6 10.8 5.0 2.5 2 1 2 4 4
6311.1 2506.9 -15.3 269 0 8.0 6.7 5.0 2.5 2 0 2 5 5
6334.5 2490.1 -15.0 90 0 8.0 12.3 5.0 2.5 2 1 2 1 1
6343.7 2489.9 -15.0 90 0 8.4 11.4 5.0 0.0 0 1 2 1 1
6363.4 2510.2 -16.2 269 0 8.0 21.1 5.0 2.5 2 1 2 1 1
6375.4 2489.5 -15.4 89 0 6.3 12.4 5.0 2.5 2 1 2 4 4
6374.1 2510.8 -16.4 269 0 8.5 8.1 5.0 2.5 2 0 2 5 5
6383.6 2492.4 -16.0 89 0 7.0 14.6 5.0 2.5 2 1 2 2 2
6392.2 2493.0 -15.5 85 0 6.5 8.8 5.0 0.0 0 1 2 5 5
6402.2 2494.1 -16.1 89 0 8.4 11.9 5.0 2.5 2 1 2 2 2
6422.0 2493.7 -15.8 89 0 8.1 7.6 5.0 2.5 2 0 2 5 5
6437.7 2496.2 -16.8 90 0 9.0 13.4 5.0 2.5 2 1 2 1 1
6448.9 2494.0 -17.1 85 0 7.8 16.5 5.0 2.5 2 1 2 5 5
6461.3 2496.9 -17.0 88 0 8.8 10.0 5.0 2.5 2 1 2 5 5
6489.8 2461.8 -14.3 268 0 9.6 13.3 2.5 2.5 2 1 1 1 1
6503.3 2461.7 -14.4 268 0 8.5 14.5 2.5 2.5 2 1 1 4 4
6516.1 2453.5 -14.5 0 0 17.2 7.5 2.5 0.0 0 0 1 4 4
6526.6 2448.8 -14.9 89 0 7.9 16.1 2.5 0.0 0 1 1 5 5
6535.4 2464.1 -15.0 268 0 9.5 10.9 2.5 0.0 0 1 1 5 5
6554.1 2462.9 -15.5 268 0 8.0 15.8 2.5 2.5 4 1 1 2 2
6564.2 2464.2 -15.8 270 0 8.1 15.8 2.5 2.5 4 1 1 5 5
6574.6 2463.7 -15.9 267 0 6.1 14.2 2.5 2.5 2 1 1 0 0
6587.0 2457.2 -15.9 357 0 14.8 7.9 2.5 2.5 2 0 1 2 2
6587.8 2444.3 -15.3 2 0 8.0 10.3 2.5 2.5 2 1 1 4 4
6473.9 2500.6 -17.3 177 0 13.2 9.8 5.0 0.0 0 0 2 3 3
6507.6 2473.1 -16.0 88 0 11.3 11.6 5.0 0.0 0 1 2 4 4
6519.1 2471.9 -16.1 87 0 8.0 13.4 5.0 2.5 4 1 2 4 4
6527.4 2491.6 -16.6 270 0 9.0 11.1 5.0 2.5 2 1 2 5 5
6532.5 2475.5 -15.9 0 0 9.7 8.7 5.0 2.5 4 0 2 5 5
6540.3 2476.9 -16.6 91 0 9.4 13.2 5.0 2.5 2 1 2 3 3
6551.7 2473.7 -16.8 86 0 7.9 17.9 5.0 0.0 0 1 2 5 5
6560.5 2491.6 -16.8 269 0 6.0 12.6 5.0 0.0 0 1 2 5 5
6571.7 2494.9 -16.8 270 0 6.5 11.6 5.0 2.5 2 1 2 4 4
6572.2 2472.5 -16.5 89 0 10.6 10.4 5.0 2.5 2 0 2 2 2
6583.5 2474.8 -16.3 89 0 7.0 7.9 5.0 2.5 2 1 2 3 3
6515.3 2498.2 -17.6 87 0 8.0 11.2 5.0 2.5 2 1 2 0 0
6524.9 2497.5 -18.0 88 0 8.5 18.1 5.0 2.5 2 1 2 4 4
6534.9 2499.5 -18.0 87 0 7.2 15.5 5.0 2.5 2 1 2 0 0
6545.1 2499.6 -18.0 87 0 7.6 15.5 5.0 2.5 2 1 2 0 0
6555.6 2500.4 -18.1 87 0 9.4 15.5 5.0 2.5 2 1 2 3 3
6567.8 2502.2 -18.3 84 0 7.4 17.2 5.0 2.5 2 1 2 1 1
6578.0 2502.4 -18.4 86 0 9.4 19.1 5.0 2.5 2 1 2 0 0
6615.5 2538.6 -21.9 86 0 6.5 11.3 2.5 2.5 4 1 1 5 5
6630.1 2540.1 -21.4 87 0 5.4 11.6 5.0 2.5 2 1 2 0 0
6639.2 2542.2 -21.7 84 0 7.3 13.5 7.5 2.5 2 1 3 1 1
6652.0 2544.1 -21.3 84 0 9.5 16.0 2.5 2.5 4 1 1 2 2
6672.9 2548.0 -20.5 86 0 8.8 13.0 5.0 2.5 2 1 2 1 1
6590.3 2510.9 -18.1 178 0 16.8 7.4 5.0 0.0 0 0 2 2 2
6604.2 2502.5 -17.8 90 0 9.2 14.1 5.0 2.5 2 1 2 5 5
6603.0 2529.3 -18.8 270 0 7.8 12.1 5.0 2.5 2 1 2 2 2
6614.5 2503.5 -18.2 87 0 7.5 18.4 5.0 2.5 2 1 2 1 1
6624.9 2503.0 -17.9 87 0 6.2 15.2 5.0 2.5 2 1 2 0 0
6623.3 2531.6 -18.9 268 0 6.7 12.5 5.0 2.5 2 1 2 5 5
6631.8 2532.1 -18.9 268 0 7.8 12.8 5.0 2.5 2 1 2 2 2
6633.0 2503.4 -17.9 87 0 7.8 15.2 5.0 2.5 2 1 2 1 1
6643.9 2504.1 -17.6 85 0 7.4 12.4 5.0 2.5 2 1 2 4 4
6640.5 2531.2 -18.8 266 0 6.9 13.4 5.0 2.5 4 1 2 0 0
6651.1 2532.8 -18.8 265 0 11.8 14.3 5.0 2.5 2 1 2 2 2
6655.1 2504.7 -17.7 88 0 8.5 13.8 5.0 2.5 2 1 2 3 3
6663.5 2527.1 -18.3 267 0 7.4 5.4 5.0 2.5 2 0 2 0 0
6664.7 2505.6 -17.6 85 0 7.0 12.5 5.0 2.5 2 1 2 4 4
6675.0 2518.1 -17.8 85 0 7.7 6.0 5.0 2.5 2 0 2 5 5
6675.4 2505.7 -17.3 88 0 6.0 11.2 5.0 2.5 2 1 2 5 5
6689.0 2531.8 -18.5 1 0 8.2 7.3 5.0 2.5 2 0 2 4 4
6690.2 2514.2 -17.4 356 0 12.7 8.4 5.0 2.5 2 0 2 1 1
6603.4 2433.0 -15.3 83 0 7.7 17.1 5.0 2.5 2 1 2 5 5
6595.8 2458.2 -15.7 177 0 14.6 7.6 5.0 2.5 2 0 2 5 5
6607.5 2465.7 -15.7 270 0 6.1 11.9 5.0 2.5 2 1 2 4 4
6615.8 2465.7 -15.6 270 0 7.2 14.7 5.0 2.5 2 1 2 3 3
6628.2 2436.3 -15.1 85 0 8.2 13.9 5.0 2.5 2 1 2 1 1
6639.5 2466.8 -15.4 271 0 8.7 13.7 5.0 2.5 2 1 2 4 4
6656.2 2466.8 -15.4 268 0 9.7 8.8 5.0 2.5 2 0 2 5 5
6660.2 2439.5 -15.0 86 0 7.9 10.6 5.0 2.5 2 1 2 2 2
6591.2 2482.2 -16.5 178 0 19.3 8.5 2.5 2.5 2 0 1 5 5
6605.3 2472.9 -16.4 88 0 7.3 19.0 2.5 2.5 4 1 1 5 5
6615.3 2473.9 -16.4 89 0 9.4 19.4 2.5 2.5 2 1 1 0 0
6626.8 2474.6 -16.3 88 0 8.8 18.7 2.5 2.5 4 1 1 3 3
6637.3 2474.3 -16.3 88 0 6.7 19.6 2.5 2.5 2 1 1 3 3
6646.9 2474.7 -16.3 88 0 9.5 20.0 2.5 2.5 2 1 1 3 3
6657.4 2475.1 -16.3 88 0 9.7 22.0 2.5 2.5 2 1 1 5 5
6672.3 2488.6 -16.0 179 0 9.2 12.0 2.5 0.0 0 1 1 2 2
6686.2 2477.6 -15.6 177 0 9.7 6.4 2.5 0.0 0 0 1 4 4
6705.8 2437.6 -14.7 90 0 8.6 9.0 2.5 2.5 2 1 1 0 0
6730.4 2439.6 -14.7 91 0 12.4 9.9 2.5 0.0 0 0 1 0 0
6674.6 2460.7 -15.2 188 0 7.8 15.4 2.5 2.5 2 1 1 5 5
6672.9 2440.8 -14.9 179 0 11.3 14.9 2.5 2.5 2 1 1 2 2
6694.0 2436.8 -14.8 88 0 6.5 14.0 2.5 0.0 0 1 1 1 1
6694.3 2417.1 -14.3 268 0 6.5 8.5 5.0 2.5 2 1 2 4 4
6674.8 2421.1 -14.5 180 0 7.3 13.7 5.0 2.5 2 1 2 3 3
6676.6 2403.5 -14.1 178 0 7.5 15.2 5.0 2.5 2 1 2 1 1
6675.5 2388.8 -13.8 179 0 8.7 10.3 5.0 2.5 2 1 2 5 5
6772.2 2284.2 -12.2 276 0 5.1 8.1 5.0 2.5 2 1 2 5 5
6847.1 2378.7 -14.1 188 0 7.8 7.8 2.5 2.5 2 1 1 5 5
6848.2 2433.4 -13.9 111 0 7.6 8.6 2.5 0.0 0 1 1 5 5
6837.1 2435.8 -14.1 98 0 7.0 5.7 2.5 2.5 2 0 1 2 2
6825.9 2438.3 -14.4 106 0 7.2 5.2 2.5 2.5 2 0 1 4 4
6811.4 2436.7 -14.6 106 0 7.9 5.1 2.5 0.0 0 0 1 4 4
6776.3 2414.4 -14.9 188 0 5.8 9.5 5.0 2.5 2 1 2 5 5
6626.8 2424.3 -14.6 263 0 26.1 9.6 5.0 2.5 2 0 2 4 4
6621.8 2380.6 -13.0 85 0 10.6 10.6 5.0 2.5 2 1 2 1 1
6636.1 2381.8 -13.3 83 0 14.9 11.0 5.0 2.5 2 0 2 5 5
6649.7 2383.1 -13.7 85 0 10.6 18.9 5.0 2.5 2 0 2 1 1
6646.8 2420.1 -14.4 265 0 10.7 18.3 5.0 2.5 2 0 2 2 2
6524.5 2375.0 -10.9 179 0 14.0 9.5 2.5 2.5 2 0 1 3 3
6545.0 2331.4 -10.8 92 0 21.6 8.7 2.5 2.5 2 0 1 1 1
6474.7 2473.9 -15.9 106 0 8.9 15.9 5.0 2.5 2 1 2 5 5
6354.1 2404.1 -13.4 270 0 14.7 12.8 5.0 2.5 2 0 2 0 0
6352.9 2381.8 -13.0 90 0 12.3 7.9 5.0 2.5 2 0 2 1 1
6354.8 2369.3 -12.8 90 0 9.4 10.8 5.0 2.5 4 1 2 1 1
6338.1 2405.5 -13.5 273 0 8.1 18.7 5.0 2.5 2 1 2 5 5
6323.9 2404.5 -13.5 272 0 8.2 17.8 5.0 2.5 2 1 2 4 4
6309.1 2403.6 -13.5 271 0 11.7 21.0 5.0 2.5 2 1 2 0 0
6287.1 2394.4 -13.5 182 0 18.9 8.4 5.0 2.5 2 0 2 3 3
6294.8 2364.0 -12.8 90 0 11.7 13.2 5.0 2.5 2 1 2 0 0
6325.3 2362.5 -12.8 91 0 9.4 13.1 5.0 2.5 2 1 2 3 3
6290.3 2338.6 -11.9 94 0 8.6 10.3 5.0 2.5 2 1 2 2 2
6318.1 2331.9 -11.8 95 0 7.1 12.8 5.0 0.0 0 1 2 4 4
6341.8 2337.9 -11.7 5 0 9.7 7.6 5.0 2.5 2 0 2 2 2
6353.5 2337.3 -11.8 182 0 11.2 8.8 2.5 2.5 2 0 1 1 1
6405.4 2351.3 -12.2 99 0 12.8 16.7 5.0 2.5 2 1 2 1 1
6440.7 2416.7 -12.2 93 0 8.0 14.7 2.5 2.5 2 1 1 4 4
6453.5 2416.9 -11.9 93 0 7.5 6.0 2.5 0.0 0 0 1 2 2
6473.8 2459.6 -14.0 267 0 10.8 18.3 2.5 2.5 4 1 1 0 0
6476.2 2425.0 -12.6 85 0 10.2 9.8 2.5 2.5 2 0 1 2 2
6515.0 2415.2 -11.9 4 0 6.9 10.4 2.5 2.5 2 1 1 3 3
6463.6 2399.5 -11.1 276 0 10.1 19.0 5.0 2.5 2 1 2 5 5
6478.9 2398.8 -10.9 273 0 9.2 13.8 5.0 0.0 0 1 2 1 1
6481.5 2343.2 -11.4 95 0 11.4 6.5 5.0 2.5 2 0 2 0 0
6500.8 2334.4 -11.2 93 0 16.1 8.7 5.0 2.5 2 0 2 1 1
6564.0 2329.9 -10.8 92 0 7.5 6.6 2.5 2.5 2 0 1 2 2
6583.8 2331.8 -11.1 93 0 19.8 9.4 2.5 2.5 2 0 1 4 4
6609.0 2261.2 -10.4 356 0 8.4 17.2 2.5 2.5 2 1 1 0 0
6606.3 2241.2 -10.2 83 0 10.2 8.8 2.5 2.5 2 0 1 5 5
6601.2 2224.9 -10.2 267 0 4.9 6.8 5.0 2.5 2 1 2 4 4
6601.6 2142.4 -10.4 182 0 12.0 7.4 5.0 2.5 2 0 2 5 5
6649.3 2121.0 -10.7 182 0 6.5 15.2 5.0 2.5 2 1 2 2 2
6643.2 2148.5 -10.5 175 0 10.8 17.3 5.0 2.5 2 1 2 3 3
6633.7 2207.8 -10.1 172 0 7.5 14.8 5.0 2.5 2 1 2 4 4
6629.8 2229.0 -10.1 173 0 9.0 12.2 5.0 2.5 2 1 2 4 4
6508.0 2352.9 -11.1 1 0 7.6 12.7 5.0 2.5 2 1 2 2 2
6509.5 2366.7 -10.8 0 0 7.3 13.4 5.0 2.5 2 1 2 0 0
6499.9 2397.1 -11.0 267 0 10.9 13.5 5.0 2.5 2 1 2 5 5
6769.9 2263.7 -11.6 10 0 8.7 7.0 5.0 2.5 2 0 2 2 2
6742.9 2277.7 -11.7 187 0 6.0 8.3 5.0 2.5 2 1 2 4 4
6684.7 2303.7 -11.7 85 0 8.0 9.4 5.0 2.5 4 1 2 1 1
6652.8 2299.5 -11.1 355 0 7.6 8.3 5.0 2.5 2 1 2 1 1
6646.9 2314.1 -11.3 265 0 8.1 9.8 5.0 2.5 2 1 2 4 4
6626.6 2331.9 -11.7 88 0 13.4 8.1 5.0 2.5 2 0 2 0 0
6617.5 2360.9 -12.3 171 0 8.3 11.7 5.0 2.5 2 1 2 4 4
6618.5 2349.4 -12.3 171 0 9.9 22.1 5.0 2.5 2 1 2 1 1
6638.9 2374.4 -12.8 269 0 9.5 14.3 5.0 2.5 4 1 2 3 3
6650.9 2374.4 -13.0 267 0 7.6 14.3 5.0 2.5 4 1 2 4 4
6675.8 2367.3 -13.3 176 0 7.9 11.4 5.0 2.5 2 1 2 4 4
6676.0 2352.7 -12.9 177 0 6.6 8.4 5.0 2.5 2 1 2 3 3
6679.0 2337.6 -12.5 179 0 8.8 10.3 5.0 2.5 2 1 2 0 0
6713.3 2359.9 -13.2 2 0 8.2 8.9 5.0 2.5 2 1 2 2 2
6708.2 2374.4 -13.5 3 0 7.9 7.1 5.0 2.5 2 0 2 1 1
6709.9 2386.7 -13.7 0 0 7.1 10.3 5.0 2.5 4 1 2 1 1
6708.4 2397.2 -13.9 359 0 8.6 7.8 5.0 0.0 0 0 2 5 5
6705.8 2424.0 -14.4 267 0 7.7 13.1 5.0 0.0 0 1 2 2 2
6723.5 2416.9 -14.3 357 0 11.5 7.7 5.0 2.5 2 0 2 2 2
6763.3 2390.8 -14.3 359 0 11.8 15.2 5.0 2.5 2 1 2 2 2
6736.1 2420.3 -14.5 182 0 13.5 11.0 5.0 2.5 2 0 2 2 2
6719.1 2444.6 -14.8 90 0 8.0 10.0 2.5 2.5 2 1 1 1 1
6740.8 2456.6 -14.9 269 0 8.9 6.5 2.5 2.5 2 0 1 4 4
6754.2 2439.2 -14.8 95 0 7.7 7.7 2.5 2.5 2 0 1 4 4
6768.4 2439.8 -15.0 96 0 10.7 11.0 2.5 2.5 2 1 1 3 3
6348.2 6888.7 2.0 271 0 9.4 15.0 10.5 2.5 2 1 3 4 4
-3351.7 6483.7 -18.0 284 0 10.0 10.4 7.0 2.5 2 1 2 5 5
-3328.6 6478.0 -17.7 284 0 34.1 10.8 5.0 2.5 2 0 2 0 0
-3371.4 6456.1 -17.9 189 0 34.2 10.2 5.0 2.5 2 0 2 0 0
-3376.0 6430.6 -17.1 186 0 11.9 28.7 5.0 2.5 2 1 2 5 5
-3307.8 6420.3 -15.4 9 0 9.1 14.4 7.0 2.5 2 1 2 2 2
-3330.5 6418.6 -15.6 97 0 13.3 9.3 7.0 2.5 2 0 2 3 3
-3342.3 6420.3 -15.7 98 0 7.0 4.6 7.0 2.5 2 0 2 1 1
-3208.2 6598.4 -15.5 162 0 11.7 21.3 7.5 2.5 4 0 3 5 5
-3179.0 6601.7 -14.7 72 0 15.1 11.9 5.0 2.5 2 0 2 4 4
-3170.5 6618.6 -14.4 71 0 11.7 17.0 2.5 2.5 2 0 1 4 4
-3186.5 6663.5 -15.1 250 0 11.7 30.6 7.5 2.5 2 0 3 1 1
-3166.3 6612.9 -14.0 69 0 6.2 4.6 5.0 0.0 0 0 2 0 0
-3161.5 6676.1 -15.0 247 0 8.4 28.3 2.5 2.5 2 1 1 5 5
-3131.7 6643.4 -14.7 72 0 12.5 7.2 5.0 2.5 2 0 2 2 2
-3133.7 6687.0 -14.9 248 0 9.8 31.9 7.5 2.5 2 1 3 3 3
-3067.8 6782.7 -18.2 113 0 22.6 20.7 5.0 2.5 2 0 2 0 0
-2873.4 6764.4 -17.7 19 0 20.7 28.9 5.0 0.0 0 1 2 3 3
-2866.6 6679.9 -16.5 64 0 11.7 11.2 7.0 2.5 2 0 2 2 2
-2887.4 6723.9 -16.8 245 0 11.7 37.5 5.0 2.5 4 0 2 4 4
-2883.7 6674.5 -16.3 63 0 16.6 8.5 7.0 2.5 2 0 2 5 5
-2907.9 6725.6 -16.6 245 0 11.9 11.9 7.0 2.5 4 0 2 2 2
-2898.9 6664.2 -16.0 64 0 8.7 8.1 7.0 2.5 2 0 2 0 0
-2908.3 6682.6 -16.1 245 0 10.8 9.8 7.0 0.0 0 0 2 4 4
-2919.4 6707.7 -16.3 246 0 10.9 27.5 5.0 2.5 2 0 2 2 2
-2982.6 6681.3 -16.3 155 0 20.3 10.6 5.0 2.5 2 0 2 4 4
-3209.4 6731.1 -21.4 327 0 11.5 8.5 3.5 2.5 2 0 1 4 4
-3058.7 6718.3 -16.7 337 0 16.0 8.6 2.5 2.5 2 0 1 3 3
-3049.0 6706.1 -16.7 339 0 8.0 12.9 2.5 2.5 2 1 1 3 3
-2849.4 6873.0 -17.0 164 0 10.9 9.6 5.0 2.5 2 0 2 0 0
-3333.3 5746.6 -12.8 202 0 8.7 9.6 7.0 2.5 2 1 2 2 2
-3322.7 5742.0 -12.6 204 0 7.9 9.4 7.0 2.5 2 1 2 5 5
-3354.8 5794.8 -13.8 29 0 16.2 32.3 5.0 2.5 2 1 2 1 1
-3483.2 5759.9 -11.9 122 0 11.5 8.1 5.0 2.5 2 0 2 2 2
5760.5 6913.3 -9.0 294 0 7.4 7.4 5.0 2.5 2 0 2 4 4
5757.5 6906.5 -9.2 294 0 12.3 8.8 5.0 2.5 2 0 2 0 0
5767.3 6873.9 -9.7 111 0 9.8 12.6 5.0 2.5 2 1 2 0 0
5785.8 6924.6 -8.5 187 0 6.5 18.4 5.0 2.5 2 1 2 1 1
5845.3 6896.1 -8.7 113 0 7.0 10.0 5.0 0.0 0 1 2 4 4
5852.8 6915.3 -8.5 289 0 7.5 9.7 5.0 2.5 2 1 2 4 4
5699.5 6924.6 -9.0 289 0 12.5 7.4 5.0 2.5 4 0 2 0 0
5483.8 6926.5 -13.1 211 0 9.3 8.9 2.5 2.5 2 0 1 5 5
5491.4 6922.0 -13.1 211 0 9.2 16.8 2.5 2.5 2 0 1 0 0
5487.3 6915.3 -13.1 304 0 9.1 12.8 2.5 2.5 2 0 1 1 1
5499.0 6895.2 -13.2 34 0 7.2 16.4 2.5 2.5 4 0 1 5 5
5488.3 6889.2 -13.2 25 0 8.3 13.8 2.5 2.5 2 1 1 5 5
5461.8 6924.1 -13.0 30 0 5.9 6.0 2.5 2.5 2 1 1 1 1
5424.8 6927.5 -13.0 326 0 11.4 20.7 2.5 2.5 2 1 1 5 5
5473.2 6872.5 -13.9 23 0 13.4 15.6 2.5 2.5 2 1 1 3 3
5448.9 6864.6 -14.7 28 0 13.7 10.1 2.5 2.5 2 0 1 0 0
5438.8 6869.7 -14.6 21 0 8.6 6.5 2.5 2.5 2 0 1 1 1
5421.9 6873.7 -14.9 200 0 13.1 10.8 2.5 2.5 2 0 1 4 4
5412.6 6874.4 -15.0 201 0 18.2 9.0 2.5 2.5 4 0 1 5 5
5457.5 6842.2 -15.3 28 0 10.2 28.2 2.5 0.0 0 0 1 5 5
5448.6 6826.9 -15.9 31 0 12.8 18.0 2.5 2.5 4 1 1 3 3
5442.8 6811.3 -16.6 33 0 8.8 16.5 2.5 2.5 2 1 1 5 5
5422.6 6803.9 -16.8 124 0 7.4 11.2 2.5 2.5 2 1 1 0 0
5382.8 6771.1 -18.0 127 0 8.5 14.5 2.5 0.0 0 0 1 5 5
5376.0 6762.1 -18.5 127 0 8.5 11.2 2.5 2.5 2 0 1 5 5
5393.1 6763.6 -18.3 126 0 8.1 8.3 2.5 2.5 2 0 1 1 1
5385.9 6753.7 -18.8 126 0 8.1 12.2 2.5 2.5 2 0 1 0 0
5395.1 6746.5 -19.1 123 0 8.6 12.1 2.5 2.5 4 0 1 3 3
5408.0 6758.3 -18.5 33 0 9.8 8.6 2.5 2.5 2 0 1 5 5
5402.1 6772.8 -17.8 36 0 9.1 8.9 2.5 2.5 2 0 1 2 2
5421.8 6796.4 -17.3 300 0 8.1 11.4 2.5 2.5 2 0 1 0 0
5413.3 6777.2 -17.6 33 0 8.8 11.6 2.5 2.5 2 1 1 0 0
5418.6 6799.0 -17.2 29 0 15.9 12.2 2.5 2.5 2 0 1 0 0
5403.2 6808.2 -16.7 297 0 7.5 12.0 2.5 2.5 2 1 1 0 0
5394.0 6812.4 -16.6 295 0 8.9 15.5 2.5 2.5 4 1 1 1 1
5378.7 6780.3 -17.6 127 0 9.0 9.6 2.5 2.5 2 0 1 2 2
5369.1 6767.4 -18.2 127 0 9.0 16.1 2.5 0.0 0 0 1 4 4
5374.6 6820.9 -16.2 293 0 9.5 12.9 2.5 2.5 4 0 1 0 0
5383.4 6814.7 -16.6 294 0 6.8 16.1 2.5 2.5 2 1 1 4 4
5357.8 6809.7 -16.6 204 0 8.1 13.5 2.5 2.5 2 0 1 1 1
5353.3 6800.6 -17.1 207 0 6.8 17.3 2.5 2.5 2 1 1 2 2
5354.8 6777.5 -17.8 124 0 7.5 9.5 2.5 2.5 2 1 1 3 3
5348.5 6783.5 -17.6 120 0 8.0 12.5 2.5 2.5 2 1 1 3 3
5362.7 6756.4 -19.3 309 0 7.7 11.6 2.5 2.5 2 0 1 3 3
5361.6 6765.3 -19.1 309 0 5.2 13.5 2.5 2.5 2 0 1 5 5
5354.8 6771.0 -19.0 309 0 5.9 13.7 2.5 2.5 2 0 1 3 3
5348.9 6775.7 -18.8 309 0 9.4 13.7 2.5 2.5 2 0 1 3 3
5340.1 6749.8 -19.5 129 0 9.3 12.0 2.5 2.5 2 0 1 2 2
5331.4 6753.8 -19.5 129 0 9.4 14.4 2.5 2.5 2 0 1 0 0
5354.0 6733.6 -19.9 129 0 7.4 18.3 2.5 2.5 2 0 1 3 3
5359.2 6729.4 -19.9 129 0 6.2 18.3 2.5 2.5 2 0 1 5 5
5371.1 6718.8 -20.0 127 0 19.0 29.3 2.5 2.5 2 1 1 0 0
5444.1 6696.0 -19.3 309 0 10.2 9.3 5.0 2.5 2 0 2 4 4
5427.7 6671.2 -20.2 129 0 14.6 20.3 5.0 2.5 2 0 2 0 0
5459.2 6771.0 -17.5 30 0 11.5 11.4 5.0 2.5 2 0 2 5 5
5450.3 6761.3 -18.1 30 0 14.2 15.8 5.0 2.5 2 0 2 5 5
5447.4 6753.7 -18.5 327 0 7.2 12.4 5.0 2.5 4 1 2 4 4
5420.4 6762.8 -18.4 210 0 8.3 17.9 5.0 2.5 2 1 2 0 0
5418.1 6751.0 -18.9 213 0 9.2 11.1 5.0 2.5 2 1 2 5 5
5407.0 6743.3 -19.2 216 0 10.6 14.7 5.0 2.5 2 1 2 4 4
5424.2 6729.3 -19.0 128 0 9.6 13.7 5.0 2.5 2 1 2 0 0
5432.2 6717.8 -18.9 127 0 13.1 21.8 5.0 2.5 2 1 2 5 5
5442.7 6710.3 -18.8 123 0 8.6 11.1 5.0 2.5 2 1 2 0 0
5455.1 6755.9 -18.2 208 0 16.0 11.3 5.0 2.5 4 0 2 2 2
5499.0 6761.5 -16.8 31 0 15.1 15.5 5.0 2.5 2 1 2 4 4
5491.8 6751.6 -17.1 31 0 6.7 14.3 5.0 2.5 2 1 2 0 0
5465.7 6770.3 -17.3 208 0 14.0 12.7 5.0 2.5 2 0 2 2 2
5472.9 6781.7 -16.7 208 0 9.2 12.5 5.0 2.5 2 1 2 5 5
5480.3 6825.5 -16.0 299 0 28.0 21.8 5.0 2.5 2 0 2 2 2
5478.2 6728.1 -18.1 306 0 12.3 13.4 5.0 2.5 2 1 2 4 4
5460.5 6699.8 -18.5 125 0 9.1 18.8 5.0 2.5 2 1 2 0 0
5571.6 6859.0 -12.8 29 0 8.8 10.9 5.0 2.5 2 1 2 2 2
5563.3 6876.6 -12.8 300 0 5.1 6.0 5.0 2.5 2 1 2 3 3
5550.2 6883.8 -13.2 296 0 9.2 8.2 5.0 2.5 2 0 2 3 3
5565.7 6849.3 -13.2 28 0 9.3 13.7 5.0 0.0 0 1 2 3 3
5561.8 6838.4 -13.5 29 0 11.0 15.8 5.0 2.5 2 0 2 5 5
5548.0 6846.1 -14.1 29 0 15.4 29.3 5.0 0.0 0 0 2 0 0
5544.6 6827.8 -13.9 23 0 7.0 4.2 5.0 2.5 2 0 2 3 3
5538.6 6830.0 -14.2 26 0 10.5 8.2 5.0 2.5 2 0 2 1 1
5541.1 6804.1 -14.6 31 0 8.7 12.1 5.0 0.0 0 1 2 4 4
5519.6 6825.6 -14.5 121 0 8.8 9.2 5.0 2.5 2 1 2 1 1
5505.3 6823.5 -14.8 122 0 9.5 7.9 5.0 2.5 2 0 2 1 1
5534.4 6888.3 -13.4 300 0 15.1 9.1 5.0 2.5 2 0 2 5 5
5504.3 6885.7 -13.6 210 0 10.6 25.4 5.0 2.5 2 1 2 3 3
5496.7 6873.2 -13.9 211 0 12.3 20.7 5.0 2.5 4 1 2 4 4
5487.7 6858.5 -14.2 207 0 11.5 14.4 5.0 2.5 2 0 2 2 2
5480.4 6849.8 -14.6 206 0 10.4 17.1 5.0 2.5 2 0 2 5 5
5481.0 6830.9 -15.1 118 0 20.4 9.5 5.0 2.5 2 0 2 1 1
5464.2 6675.9 -19.2 305 0 7.2 7.5 5.0 2.5 2 0 2 2 2
5470.1 6680.3 -18.9 305 0 11.8 7.0 5.0 0.0 0 0 2 5 5
5439.6 6661.4 -20.1 132 0 7.7 14.0 5.0 2.5 2 1 2 5 5
5448.5 6655.2 -19.9 127 0 7.8 12.0 5.0 2.5 2 1 2 5 5
5480.9 6667.5 -18.7 314 0 11.0 9.7 5.0 0.0 0 0 2 2 2
5459.5 6644.9 -19.7 128 0 10.6 10.8 5.0 2.5 2 1 2 0 0
5540.5 6773.9 -15.6 298 0 9.2 19.2 5.0 2.5 2 0 2 4 4
5535.3 6785.7 -15.1 207 0 16.0 9.6 5.0 2.5 2 0 2 4 4
5559.1 6747.7 -15.5 30 0 9.0 19.0 5.0 2.5 2 1 2 1 1
5535.5 6740.7 -15.9 30 0 11.5 7.6 5.0 2.5 2 0 2 0 0
5507.2 6726.3 -16.7 123 0 7.9 19.7 5.0 2.5 2 0 2 0 0
5532.2 6717.9 -16.3 33 0 7.1 9.2 5.0 2.5 2 1 2 0 0
5502.9 6720.3 -16.9 145 0 10.0 10.9 5.0 2.5 2 0 2 4 4
5525.1 6709.4 -16.6 33 0 8.7 13.7 5.0 0.0 0 0 2 4 4
5482.3 6680.0 -17.9 125 0 10.5 13.8 5.0 2.5 2 1 2 3 3
5561.5 6925.7 -13.4 31 0 17.4 28.0 5.0 2.5 2 0 2 4 4
5548.2 6921.5 -13.1 211 0 14.7 15.3 5.0 2.5 2 0 2 4 4
5526.1 6899.6 -13.2 122 0 21.6 10.9 5.0 2.5 2 0 2 0 0
5587.8 6888.6 -12.9 28 0 15.5 14.8 5.0 2.5 2 0 2 2 2
5589.0 6872.8 -12.1 210 0 11.5 21.0 2.5 2.5 2 0 1 1 1
5583.2 6862.8 -12.2 210 0 11.5 16.5 2.5 2.5 2 0 1 5 5
5578.0 6853.7 -12.4 210 0 9.5 16.5 2.5 2.5 2 0 1 5 5
5573.1 6845.3 -12.7 210 0 9.7 16.5 2.5 2.5 2 0 1 5 5
5593.0 6797.6 -13.6 33 0 14.1 14.1 2.5 0.0 0 0 1 2 2
5564.8 6786.7 -14.3 124 0 10.5 17.6 2.5 0.0 0 0 1 1 1
5574.3 6780.4 -14.2 124 0 12.4 17.6 2.5 0.0 0 0 1 3 3
5652.6 6888.8 -12.1 294 0 13.0 6.2 2.5 2.5 2 0 1 5 5
5713.5 6861.8 -10.4 287 0 10.4 7.9 5.0 2.5 2 0 2 4 4
5714.6 6870.8 -10.1 287 0 13.7 8.9 5.0 2.5 2 0 2 1 1
5717.2 6879.4 -9.7 287 0 13.7 9.0 5.0 2.5 2 0 2 1 1
5733.4 6873.8 -10.2 287 0 13.3 17.2 5.0 2.5 4 1 2 1 1
5729.4 6826.1 -11.2 111 0 9.1 20.5 5.0 2.5 4 1 2 1 1
5752.9 6844.7 -11.1 291 0 10.9 12.1 5.0 2.5 2 0 2 4 4
5740.8 6829.0 -11.3 201 0 13.9 10.9 5.0 2.5 2 0 2 2 2
5752.1 6806.7 -11.6 201 0 11.9 6.4 5.0 2.5 2 0 2 1 1
5761.2 6790.7 -11.7 111 0 15.4 17.6 5.0 2.5 2 0 2 0 0
5791.5 6798.1 -11.6 359 0 9.3 15.1 5.0 2.5 2 1 2 1 1
5714.7 6796.0 -11.7 200 0 8.5 7.9 5.0 0.0 0 0 2 5 5
5712.0 6788.3 -11.8 199 0 7.7 14.0 5.0 2.5 2 0 2 4 4
5707.3 6775.7 -12.0 198 0 13.0 15.0 5.0 2.5 2 1 2 0 0
5701.0 6754.0 -12.2 198 0 10.8 15.5 5.0 2.5 2 1 2 4 4
5700.8 6741.7 -12.4 201 0 6.6 6.5 5.0 2.5 2 0 2 3 3
5686.8 6793.1 -11.7 108 0 9.7 9.5 5.0 2.5 4 0 2 5 5
5705.0 6792.3 -11.7 17 0 9.5 12.8 5.0 2.5 2 0 2 4 4
5706.3 6802.7 -11.6 17 0 11.0 17.1 5.0 2.5 2 0 2 0 0
5709.4 6812.8 -11.5 17 0 10.2 10.9 5.0 2.5 2 0 2 2 2
5674.1 6783.8 -11.8 107 0 9.0 12.6 5.0 2.5 2 1 2 5 5
5666.0 6837.1 -11.5 288 0 7.5 15.0 5.0 2.5 2 1 2 0 0
5638.8 6835.9 -11.3 223 0 8.6 5.2 5.0 2.5 4 0 2 2 2
5614.5 6808.8 -12.4 210 0 13.3 16.0 5.0 2.5 2 1 2 0 0
5599.5 6784.6 -13.5 208 0 10.7 15.2 5.0 2.5 2 1 2 1 1
5636.9 6787.0 -12.5 30 0 9.2 8.7 5.0 2.5 2 0 2 5 5
5633.1 6780.4 -12.7 30 0 6.0 8.7 5.0 2.5 4 0 2 4 4
5622.2 6758.1 -13.9 23 0 13.8 8.4 5.0 2.5 4 0 2 3 3
5641.7 6780.0 -12.7 206 0 16.2 9.1 5.0 2.5 2 0 2 2 2
5630.4 6749.6 -13.7 201 0 7.1 7.3 5.0 0.0 0 1 2 2 2
5685.3 6771.5 -12.3 289 0 17.7 12.0 5.0 2.5 2 0 2 1 1
5673.5 6732.7 -13.1 111 0 10.2 13.1 5.0 0.0 0 1 2 5 5
5306.5 6870.2 -15.6 213 0 23.3 13.9 5.0 2.5 2 0 2 5 5
5305.0 6835.7 -15.9 122 0 30.9 16.8 5.0 0.0 0 0 2 1 1
5324.7 6820.9 -16.2 121 0 18.1 13.1 5.0 0.0 0 0 2 0 0
5338.6 6812.0 -16.3 119 0 7.1 10.9 5.0 2.5 2 1 2 2 2
5381.1 6922.5 -14.0 20 0 33.7 15.9 5.0 2.5 2 0 2 4 4
5296.3 6930.6 -14.6 25 0 73.0 34.2 2.5 0.0 0 0 1 0 0
5342.1 6795.3 -17.2 33 0 8.0 25.4 5.0 2.5 2 0 2 1 1
5315.0 6817.4 -17.1 303 0 18.8 10.5 5.0 2.5 2 0 2 2 2
5326.6 6764.8 -19.6 34 0 11.5 6.5 5.0 2.5 2 0 2 3 3
5307.6 6764.9 -22.1 35 0 10.6 7.5 5.0 2.5 4 0 2 3 3
5288.8 6779.2 -21.9 121 0 9.1 11.1 5.0 2.5 2 1 2 2 2
5321.8 6729.7 -23.7 132 0 10.8 7.3 5.0 2.5 2 0 2 4 4
5328.4 6721.5 -24.0 132 0 9.9 8.9 5.0 2.5 2 0 2 5 5
5342.4 6735.9 -22.1 311 0 13.7 9.8 5.0 2.5 2 0 2 2 2
5333.3 6714.2 -24.5 132 0 4.8 11.0 5.0 2.5 2 0 2 5 5
5339.5 6711.3 -24.1 132 0 8.5 8.9 5.0 0.0 0 0 2 4 4
5351.8 6727.0 -22.5 312 0 8.3 10.9 5.0 0.0 0 0 2 1 1
5358.0 6719.0 -23.1 312 0 11.7 12.2 5.0 2.5 2 0 2 4 4
5345.6 6702.9 -24.5 132 0 11.9 8.0 5.0 2.5 4 0 2 4 4
5351.4 6694.0 -24.7 131 0 6.3 24.3 5.0 2.5 4 1 2 2 2
5394.7 6648.1 -24.3 140 0 12.0 8.4 5.0 2.5 2 0 2 2 2
5425.5 6663.2 -21.5 311 0 13.6 8.1 5.0 2.5 4 0 2 3 3
5421.7 6655.9 -22.3 312 0 9.6 7.2 5.0 2.5 4 0 2 1 1
5406.8 6639.1 -24.0 133 0 10.0 12.3 5.0 2.5 2 1 2 0 0
5430.3 6646.6 -22.7 313 0 10.1 10.7 5.0 2.5 4 0 2 2 2
5437.9 6652.3 -21.5 313 0 13.5 9.5 5.0 2.5 2 0 2 1 1
5453.7 6631.7 -20.6 305 0 5.5 4.3 5.0 2.5 2 0 2 1 1
5449.0 6641.7 -20.9 312 0 9.9 6.3 5.0 2.5 2 0 2 5 5
5411.9 6621.1 -24.6 131 0 10.4 13.1 5.0 0.0 0 1 2 5 5
5425.6 6610.8 -23.6 156 0 22.1 6.7 5.0 0.0 0 0 2 5 5
5426.9 6592.5 -24.4 121 0 6.1 4.7 5.0 2.5 2 0 2 3 3
5435.9 6574.8 -24.2 150 0 11.4 6.0 5.0 2.5 2 0 2 2 2
5471.5 6545.9 -21.5 137 0 16.9 17.0 5.0 2.5 4 1 2 2 2
5472.8 6528.0 -22.0 148 0 8.7 11.1 5.0 2.5 2 1 2 1 1
5492.6 6650.7 -18.1 220 0 17.2 11.8 2.5 2.5 2 0 1 5 5
5591.0 6511.7 -13.7 310 0 16.8 12.8 5.0 2.5 4 0 2 5 5
5612.0 6492.0 -13.5 312 0 17.5 12.3 5.0 2.5 2 0 2 2 2
5617.8 6586.2 -15.1 125 0 9.5 16.3 5.0 0.0 0 1 2 3 3
5597.3 6601.9 -15.3 120 0 7.0 18.6 5.0 2.5 2 1 2 3 3
5600.3 6574.5 -15.0 307 0 9.2 13.1 2.5 0.0 0 1 1 3 3
5561.7 6602.3 -15.3 304 0 11.9 15.0 2.5 2.5 2 1 1 2 2
5539.2 6573.5 -14.7 133 0 10.5 8.9 2.5 2.5 2 0 1 2 2
5568.3 6619.6 -15.5 125 0 7.7 20.1 5.0 0.0 0 1 2 3 3
5563.8 6734.0 -15.4 210 0 9.1 16.3 5.0 2.5 2 1 2 4 4
5668.5 6722.7 -13.4 292 0 4.6 6.1 5.0 2.5 2 1 2 0 0
5659.1 6723.6 -13.7 292 0 9.9 15.0 5.0 2.5 2 1 2 1 1
5687.6 6707.5 -13.3 292 0 22.1 8.9 5.0 2.5 2 0 2 5 5
5680.8 6693.9 -13.5 293 0 19.7 10.7 5.0 2.5 2 0 2 4 4
5673.0 6682.3 -13.8 292 0 22.9 15.1 5.0 0.0 0 0 2 0 0
5658.7 6644.3 -14.0 113 0 11.1 9.9 5.0 2.5 2 0 2 2 2
5656.2 6631.7 -14.1 112 0 16.2 12.6 5.0 2.5 4 0 2 1 1
5704.0 6633.2 -13.5 21 0 10.3 13.4 5.0 2.5 2 1 2 4 4
5693.5 6501.8 -14.6 310 0 16.4 11.3 5.0 2.5 2 0 2 1 1
5850.6 6504.5 -9.0 28 0 10.2 10.1 2.5 2.5 2 0 1 2 2
5754.9 6530.8 -12.7 36 0 7.8 12.2 2.5 2.5 2 1 1 5 5
5782.1 6621.5 -11.4 291 0 8.2 32.6 2.5 2.5 2 1 1 5 5
5800.4 6612.0 -10.9 295 0 9.9 29.8 2.5 2.5 2 1 1 0 0
5869.5 6572.2 -8.5 26 0 11.4 16.5 2.5 2.5 2 1 1 5 5
5841.2 6697.9 -6.9 202 0 12.6 24.5 5.0 2.5 2 1 2 0 0
5197.5 6888.9 -18.9 300 0 46.6 10.0 5.0 2.5 4 0 2 0 0
5197.2 6877.5 -20.6 300 0 35.7 12.8 5.0 2.5 2 0 2 4 4
5231.2 6809.3 -23.4 121 0 13.9 14.2 5.0 2.5 4 1 2 5 5
5122.4 6925.9 -19.4 294 0 9.3 14.6 5.0 2.5 2 1 2 0 0
5091.8 6927.4 -20.2 218 0 10.1 12.8 5.0 2.5 2 0 2 4 4
5074.8 6923.0 -20.4 199 0 13.5 9.0 5.0 2.5 2 0 2 4 4
5090.5 6913.8 -23.3 295 0 11.2 21.1 5.0 2.5 2 0 2 3 3
5070.4 6882.7 -24.7 118 0 9.2 11.9 5.0 2.5 4 0 2 4 4
5065.2 6890.0 -24.6 118 0 7.0 8.0 5.0 2.5 2 0 2 1 1
5076.1 6912.9 -23.0 296 0 9.7 14.1 5.0 2.5 2 0 2 0 0
5066.9 6917.3 -22.7 296 0 10.7 14.1 5.0 2.5 2 0 2 4 4
5054.6 6924.2 -22.1 290 0 10.8 14.6 5.0 2.5 2 0 2 2 2
5035.0 6923.6 -21.9 200 0 14.5 12.8 5.0 2.5 2 0 2 4 4
5035.0 6923.6 -21.7 20 0 14.5 9.3 5.0 0.0 0 0 2 4 4
5041.1 6882.8 -24.7 117 0 8.7 23.6 5.0 2.5 2 0 2 3 3
5038.1 6890.2 -24.7 117 0 9.1 18.4 5.0 2.5 4 0 2 5 5
5029.8 6883.8 -24.7 117 0 5.6 9.5 5.0 2.5 2 0 2 1 1
5035.2 6912.2 -24.7 297 0 10.3 18.4 5.0 2.5 2 0 2 2 2
5018.0 6918.8 -24.0 292 0 9.6 12.9 5.0 2.5 2 1 2 3 3
