6848.2 2931.6 -1.7 294 0 7.0 7.3 2.5 2.5 2 1 1 1 1
6805.6 2937.5 -2.0 206 0 8.4 9.9 7.5 2.5 2 1 3 4 4
6829.5 2936.3 -1.8 293 0 8.9 7.1 2.5 2.5 2 0 1 3 3
6817.7 2913.7 -2.3 198 0 14.6 7.7 7.5 2.5 2 0 3 0 0
6802.5 2922.6 -2.4 196 0 6.5 7.9 7.5 2.5 2 1 3 0 0
6801.3 2908.9 -2.9 195 0 10.3 8.4 5.0 2.5 2 0 2 0 0
6787.2 2838.1 -6.9 98 0 10.8 9.7 2.5 2.5 2 0 1 1 1
6815.7 2875.6 -3.4 12 0 7.0 8.8 5.0 2.5 2 1 2 5 5
6821.1 2874.6 -3.0 100 0 7.0 14.6 5.0 2.5 2 1 2 1 1
6833.7 2874.4 -2.8 101 0 6.1 13.9 7.5 2.5 2 1 3 5 5
6839.6 2899.2 -2.3 107 0 7.8 9.8 7.5 2.5 2 1 3 3 3
6860.0 2904.8 -2.2 283 0 6.1 9.2 7.5 2.5 2 1 3 4 4
6849.4 2897.4 -2.2 103 0 7.9 6.7 2.5 2.5 2 0 1 0 0
6868.9 2924.5 -1.8 296 0 6.2 10.0 7.5 2.5 4 1 3 3 3
6871.2 2910.1 -2.2 288 0 7.0 17.6 7.5 2.5 2 1 3 3 3
6854.7 2876.1 -2.5 108 0 7.1 8.3 5.0 2.5 2 1 2 4 4
6877.6 2863.2 -2.4 24 0 6.0 14.3 7.5 2.5 4 1 3 3 3
6878.4 2872.7 -2.3 22 0 7.5 12.1 2.5 2.5 2 1 1 4 4
6886.9 2886.7 -2.1 19 0 9.4 11.5 7.5 2.5 4 1 3 2 2
6894.2 2897.5 -1.9 22 0 9.3 7.1 7.5 2.5 2 0 3 4 4
