5360.6 -1806.4 -5.6 2 0 9.3 28.1 2.5 2.5 2 1 1 3 3
6610.7 -1668.8 -6.1 193 0 8.9 11.3 5.0 2.5 2 1 2 4 4
6417.1 -1705.3 -7.8 255 0 7.3 16.0 2.5 2.5 2 1 1 4 4
6448.7 -1690.0 -3.7 74 0 7.7 10.6 5.0 2.5 2 1 2 1 1
6446.7 -1698.5 -8.3 254 0 7.5 13.6 2.5 0.0 0 1 1 0 0
6248.9 -1725.4 1.2 259 0 24.6 8.7 5.0 2.5 2 0 2 4 4
6255.0 -1709.7 4.0 78 0 39.9 9.5 2.5 2.5 2 0 1 0 0
3539.5 979.4 -1.4 125 0 4.2 3.7 5.0 2.5 2 0 2 1 1
3260.1 616.4 -8.1 172 0 4.7 4.5 2.5 2.5 2 0 1 0 0
3261.1 632.2 -8.1 261 0 4.7 5.0 2.5 2.5 2 1 1 4 4
3258.9 642.0 -8.1 86 0 5.4 6.1 2.5 2.5 2 1 1 0 0
3253.1 667.4 -8.1 179 0 4.5 4.0 2.5 0.0 0 0 1 5 5
3252.1 661.1 -8.2 178 0 5.8 8.6 2.5 2.5 2 1 1 1 1
3259.0 649.1 -8.1 84 0 7.3 6.9 2.5 2.5 2 0 1 3 3
3252.6 675.5 -8.0 173 0 6.4 5.7 2.5 2.5 2 0 1 0 0
3249.7 684.3 -8.2 172 0 5.7 4.8 2.5 2.5 2 0 1 4 4
3248.1 693.5 -8.2 170 0 7.5 4.5 2.5 2.5 2 0 1 1 1
3245.8 707.2 -8.1 175 0 10.5 8.8 2.5 2.5 2 0 1 4 4
3248.3 730.6 -7.7 255 0 5.5 5.7 2.5 2.5 2 1 1 4 4
3275.5 649.5 -7.0 74 0 4.1 6.9 2.5 2.5 2 1 1 0 0
3278.5 659.7 -6.8 76 0 6.1 9.1 2.5 2.5 2 1 1 4 4
3262.5 739.0 -7.0 257 0 7.1 10.7 2.5 2.5 2 1 1 0 0
3286.6 705.0 -6.1 341 0 7.8 6.6 2.5 2.5 2 0 1 3 3
3284.3 724.6 -6.5 343 0 5.8 12.6 2.5 2.5 2 1 1 5 5
3297.0 726.4 -5.0 73 0 4.4 8.5 2.5 2.5 2 1 1 4 4
3312.6 718.2 -4.0 250 0 6.5 13.6 5.0 2.5 2 0 2 4 4
3306.6 716.0 -4.4 250 0 6.4 9.7 5.0 2.5 2 0 2 4 4
3324.5 687.6 -3.9 341 0 8.1 6.0 5.0 2.5 2 0 2 2 2
3314.0 685.6 -4.2 161 0 11.1 4.8 5.0 2.5 4 0 2 2 2
3322.3 667.2 -4.1 73 0 4.8 10.3 5.0 2.5 2 1 2 1 1
3297.6 603.1 -6.3 65 0 4.9 8.9 2.5 2.5 2 1 1 5 5
3282.9 597.5 -7.1 69 0 5.4 5.5 2.5 2.5 2 0 1 5 5
3277.4 595.3 -7.5 69 0 6.4 5.5 2.5 2.5 2 0 1 2 2
3273.2 575.3 -7.3 165 0 6.2 4.9 2.5 2.5 2 0 1 1 1
3278.5 560.9 -7.1 157 0 6.9 4.8 2.5 2.5 2 0 1 2 2
3289.2 591.5 -6.8 248 0 6.2 7.1 2.5 2.5 2 1 1 3 3
3281.4 588.3 -7.2 246 0 6.2 6.7 2.5 2.5 2 1 1 1 1
3287.5 581.3 -6.6 247 0 11.6 9.2 2.5 2.5 2 0 1 5 5
3295.5 572.2 -5.6 250 0 4.8 11.0 2.5 2.5 2 1 1 5 5
3309.1 545.6 -4.9 70 0 8.6 11.0 2.5 2.5 2 1 1 2 2
3302.3 576.3 -5.3 247 0 5.2 10.8 2.5 2.5 2 1 1 3 3
3307.7 595.6 -5.7 249 0 5.4 9.3 2.5 2.5 2 1 1 2 2
3312.6 608.3 -5.4 69 0 7.0 4.9 2.5 2.5 2 0 1 0 0
3320.9 574.8 -4.4 341 0 8.0 5.5 2.5 2.5 2 0 1 0 0
3321.1 555.8 -3.7 338 0 11.2 5.2 2.5 2.5 2 0 1 3 3
3347.9 549.6 -2.5 163 0 6.5 4.6 2.5 2.5 2 0 1 4 4
3332.9 605.4 -4.2 252 0 9.6 9.4 2.5 2.5 2 0 1 4 4
3325.8 652.7 -4.0 253 0 6.5 11.4 2.5 2.5 2 1 1 0 0
3339.9 637.3 -3.6 341 0 10.3 5.8 2.5 2.5 4 0 1 0 0
3328.7 633.5 -4.0 161 0 10.3 6.0 2.5 2.5 2 0 1 4 4
3344.0 619.1 -3.5 71 0 8.4 11.3 2.5 2.5 2 0 1 1 1
3337.2 616.8 -3.9 72 0 5.9 11.3 2.5 2.5 2 0 1 4 4
3304.0 636.8 -6.3 300 0 15.3 15.3 2.5 2.5 4 1 1 2 2
3333.2 734.3 -3.3 74 0 13.2 14.6 2.5 2.5 2 1 1 1 1
3366.6 643.4 -3.1 157 0 12.4 8.9 2.5 2.5 2 0 1 2 2
3361.2 654.8 -3.1 162 0 8.8 5.1 2.5 2.5 2 0 1 0 0
3357.8 685.4 -3.3 156 0 9.2 5.6 2.5 2.5 2 0 1 1 1
3349.8 694.0 -3.3 160 0 8.5 4.9 2.5 2.5 4 0 1 2 2
3381.2 736.1 -1.9 258 0 6.2 9.3 2.5 2.5 2 1 1 2 2
3439.8 784.7 0.3 253 0 9.8 10.6 2.5 2.5 4 0 1 1 1
3449.9 783.7 0.6 253 0 8.9 4.4 2.5 2.5 2 0 1 3 3
3460.1 772.6 0.5 343 0 18.4 11.1 2.5 2.5 2 0 1 4 4
3465.2 736.2 0.3 73 0 11.0 27.1 2.5 0.0 0 0 1 5 5
3622.3 1010.1 -2.5 180 0 11.8 10.7 2.5 2.5 2 0 1 2 2
