2088.4 3781.0 -7.7 325 0 14.6 11.0 2.5 2.5 2 0 1 0 0
2077.4 3763.2 -7.2 55 0 9.5 10.7 2.5 2.5 2 1 1 4 4
2066.1 3751.6 -7.1 55 0 8.7 10.3 2.5 2.5 2 1 1 5 5
2052.8 3770.4 -7.9 235 0 9.9 10.2 2.5 2.5 2 1 1 3 3
2053.9 3749.9 -7.5 325 0 8.9 11.6 2.5 0.0 0 1 1 2 2
2025.8 3739.0 -8.5 235 0 8.2 7.6 2.5 2.5 2 0 1 1 1
2084.5 3712.7 -4.2 325 0 9.2 16.1 2.5 2.5 2 1 1 4 4
2097.7 3699.4 -3.5 325 0 8.4 13.9 2.5 2.5 2 1 1 2 2
2103.5 3692.2 -3.1 325 0 7.6 10.1 2.5 2.5 2 1 1 1 1
2088.7 3764.7 -6.1 231 0 10.2 13.7 2.5 2.5 2 1 1 5 5
2080.0 3756.1 -6.2 230 0 12.4 8.3 2.5 2.5 2 0 1 1 1
2085.9 3733.9 -5.3 142 0 8.1 6.8 2.5 0.0 0 0 1 4 4
2130.6 3614.3 -4.4 216 0 13.4 19.2 2.5 2.5 2 1 1 2 2
2111.2 3613.6 -1.9 39 0 15.1 13.5 2.5 2.5 2 0 1 5 5
2095.9 3668.1 -2.0 308 0 5.4 9.0 2.5 2.5 2 1 1 5 5
2102.5 3634.4 -1.8 36 0 8.5 12.2 2.5 2.5 2 1 1 5 5
2118.1 3642.4 -2.6 39 0 8.3 13.3 2.5 2.5 2 1 1 5 5
2122.3 3670.4 -3.2 325 0 6.3 15.3 2.5 2.5 2 1 1 1 1
2111.6 3681.0 -2.8 320 0 8.8 5.9 2.5 2.5 2 0 1 5 5
2098.3 3707.2 -4.4 140 0 6.0 13.8 2.5 2.5 2 1 1 0 0
2104.9 3699.4 -3.9 143 0 6.1 15.7 2.5 2.5 2 1 1 5 5
2143.3 3703.4 -4.9 325 0 9.8 12.2 2.5 2.5 2 1 1 5 5
2137.1 3712.7 -4.7 323 0 7.6 11.1 2.5 2.5 2 1 1 0 0
2131.9 3720.1 -4.5 326 0 8.6 14.4 2.5 2.5 2 1 1 2 2
2125.6 3728.9 -4.5 326 0 9.2 14.3 2.5 2.5 2 1 1 3 3
2118.1 3737.5 -4.6 324 0 10.8 16.7 2.5 2.5 2 1 1 0 0
2111.4 3746.1 -4.9 324 0 7.9 16.2 2.5 2.5 2 1 1 4 4
2106.4 3754.3 -5.3 325 0 8.9 8.8 2.5 2.5 2 0 1 2 2
2121.5 3765.0 -5.3 148 0 8.7 6.1 5.0 2.5 2 0 2 5 5
2116.9 3749.8 -5.5 146 0 8.8 19.9 5.0 2.5 2 1 2 1 1
2136.0 3748.0 -5.9 142 0 9.7 6.8 5.0 2.5 2 0 2 0 0
2132.5 3733.9 -5.3 144 0 6.3 6.8 5.0 2.5 2 1 2 2 2
2126.5 3742.0 -5.4 147 0 10.0 9.7 5.0 2.5 2 0 2 2 2
2113.9 3759.6 -4.9 142 0 8.1 8.4 5.0 2.5 2 1 2 5 5
2109.4 3767.8 -5.3 148 0 7.2 15.0 5.0 2.5 2 1 2 3 3
2101.6 3774.0 -5.7 143 0 6.6 20.0 5.0 2.5 2 1 2 1 1
2125.3 3795.6 -6.0 239 0 6.5 7.7 5.0 2.5 2 1 2 1 1
2119.2 3791.0 -5.5 231 0 4.0 6.2 5.0 2.5 2 1 2 1 1
2135.8 3787.2 -6.1 324 0 7.7 14.9 5.0 2.5 2 1 2 4 4
2143.4 3779.0 -6.2 323 0 12.1 9.0 5.0 2.5 2 0 2 2 2
2150.5 3769.4 -6.5 324 0 9.2 13.9 5.0 2.5 2 1 2 4 4
2156.5 3759.7 -6.8 324 0 9.4 14.0 5.0 2.5 2 1 2 4 4
2167.7 3627.3 -7.3 138 0 7.9 19.1 2.5 2.5 2 1 1 2 2
2173.4 3651.7 -7.4 207 0 8.0 11.3 2.5 2.5 2 1 1 1 1
2176.5 3660.4 -7.2 207 0 7.8 6.0 2.5 2.5 2 0 1 2 2
2182.9 3718.0 -8.1 229 0 9.9 7.0 2.5 2.5 2 0 1 3 3
2149.8 3783.3 -7.2 139 0 7.2 12.5 2.5 2.5 2 1 1 2 2
2166.3 3784.8 -7.4 139 0 13.1 8.4 2.5 2.5 2 0 1 5 5
2156.4 3769.7 -7.1 139 0 7.8 14.2 2.5 2.5 2 1 1 2 2
2142.8 3791.9 -6.9 139 0 8.1 6.0 2.5 2.5 2 0 1 0 0
2140.2 3800.9 -7.3 139 0 7.3 11.6 2.5 2.5 4 1 1 3 3
2221.8 3799.5 -8.8 3 0 8.8 5.6 2.5 2.5 2 0 1 0 0
2215.9 3786.3 -8.6 3 0 8.6 8.1 2.5 2.5 2 0 1 1 1
2226.8 3785.9 -8.9 3 0 6.7 10.1 2.5 2.5 2 1 1 1 1
2227.8 3771.5 -8.9 3 0 10.4 6.9 2.5 2.5 4 0 1 5 5
2164.5 3825.5 -8.9 239 0 11.9 8.0 2.5 2.5 2 0 1 5 5
2182.3 3808.5 -8.2 329 0 8.1 11.6 2.5 2.5 2 1 1 5 5
2169.0 3816.4 -8.5 239 0 10.6 8.9 2.5 2.5 2 0 1 3 3
2177.2 3792.4 -7.8 149 0 11.2 7.6 2.5 2.5 2 0 1 4 4
2181.2 3771.1 -8.0 149 0 19.9 13.1 2.5 2.5 4 0 1 2 2
2191.3 3732.2 -8.4 149 0 8.1 13.4 2.5 2.5 2 1 1 0 0
2178.7 3744.7 -8.0 146 0 12.3 18.0 2.5 2.5 4 1 1 3 3
2170.7 3754.4 -7.4 140 0 6.6 4.7 2.5 2.5 2 0 1 0 0
2169.9 3743.0 -7.3 325 0 6.4 15.0 5.0 2.5 2 1 2 2 2
2163.9 3751.0 -7.0 322 0 7.9 16.2 5.0 0.0 0 1 2 4 4
2143.0 3715.5 -6.1 145 0 7.7 16.3 5.0 2.5 2 1 2 0 0
2174.2 3734.3 -7.4 330 0 7.7 17.0 5.0 2.5 2 1 2 3 3
2178.6 3721.7 -7.8 56 0 12.7 8.4 5.0 0.0 0 0 2 2 2
2169.0 3716.1 -6.9 54 0 7.1 7.5 5.0 0.0 0 1 2 5 5
2149.3 3705.9 -6.2 150 0 9.0 14.2 5.0 2.5 2 1 2 5 5
2171.2 3712.1 -7.3 235 0 7.8 8.8 2.5 2.5 2 1 1 5 5
2163.5 3703.1 -6.8 235 0 11.7 11.4 2.5 2.5 2 0 1 2 2
2174.2 3675.5 -7.6 143 0 10.0 15.6 2.5 2.5 2 1 1 4 4
2167.2 3683.4 -7.2 145 0 8.2 16.3 2.5 2.5 2 1 1 3 3
2150.9 3693.6 -5.4 320 0 13.4 7.4 2.5 2.5 2 0 1 5 5
2134.6 3666.3 -4.8 136 0 10.1 13.3 2.5 2.5 2 1 1 2 2
2164.3 3674.4 -6.1 322 0 7.9 12.1 2.5 2.5 2 1 1 0 0
2145.2 3655.7 -5.3 131 0 8.2 12.2 2.5 2.5 2 1 1 5 5
2158.7 3648.0 -5.8 52 0 9.6 8.4 2.5 2.5 2 0 1 1 1
2162.7 3643.3 -6.4 223 0 11.7 7.4 2.5 2.5 2 0 1 3 3
2134.2 3626.4 -4.3 130 0 15.2 9.1 2.5 2.5 2 0 1 0 0
2129.7 3585.7 -2.1 121 0 12.8 8.0 2.5 0.0 0 0 1 4 4
2163.7 3607.4 -5.9 51 0 16.0 8.2 2.5 2.5 4 0 1 4 4
2175.2 3603.4 -5.7 280 0 10.2 19.8 2.5 2.5 2 1 1 2 2
2156.2 3569.0 -1.7 182 0 9.7 6.6 2.5 2.5 2 0 1 4 4
2169.0 3577.5 -3.6 182 0 5.6 11.6 2.5 2.5 2 1 1 1 1
2150.3 3580.8 -2.7 182 0 10.8 10.8 2.5 2.5 4 0 1 5 5
2151.4 3552.9 -1.4 182 0 11.1 19.2 2.5 2.5 2 1 1 0 0
2154.9 3540.5 0.0 182 0 8.5 13.0 2.5 2.5 2 1 1 5 5
2079.1 3522.1 1.2 2 0 26.5 9.2 2.5 2.5 2 0 1 3 3
2084.0 3501.6 0.9 2 0 9.6 6.7 2.5 2.5 2 0 1 5 5
2074.1 3502.2 0.9 2 0 9.0 5.6 2.5 2.5 2 0 1 2 2
2082.6 3481.5 0.6 2 0 10.4 13.1 2.5 2.5 2 1 1 5 5
2078.6 3463.3 0.2 2 0 8.6 16.1 2.5 0.0 0 1 1 3 3
2067.3 3490.4 0.5 2 0 17.0 8.9 2.5 2.5 2 0 1 0 0
2143.8 3500.8 1.2 272 0 9.7 27.9 2.5 0.0 0 1 1 1 1
2109.2 3471.6 0.6 182 0 12.0 26.6 2.5 2.5 2 1 1 0 0
2094.5 3475.1 0.6 182 0 17.8 8.9 2.5 2.5 2 0 1 0 0
2094.3 3491.3 0.9 182 0 10.4 9.7 2.5 0.0 0 0 1 2 2
2101.6 3388.9 -0.2 185 0 10.7 11.0 2.5 2.5 2 1 1 3 3
2159.7 3268.8 4.1 95 0 12.9 10.1 2.5 2.5 2 0 1 0 0
2136.6 3409.4 0.5 95 0 7.3 12.9 2.5 2.5 2 1 1 0 0
2157.7 3405.4 1.0 95 0 7.3 13.8 2.5 2.5 2 1 1 1 1
2147.5 3401.1 0.8 95 0 6.8 17.0 2.5 0.0 0 1 1 4 4
2121.8 3159.7 6.2 95 0 7.8 10.7 5.0 2.5 2 1 2 1 1
2048.6 3194.5 0.8 95 0 10.1 14.5 2.5 2.5 2 1 1 3 3
2079.8 3163.8 5.1 95 0 8.9 9.8 7.5 2.5 2 1 3 3 3
2082.8 3285.7 1.3 275 0 24.9 35.7 2.5 0.0 0 1 1 2 2
2108.6 3217.1 5.0 275 0 9.2 16.4 2.5 2.5 4 1 1 5 5
2051.9 3296.8 -1.8 5 0 10.7 19.0 2.5 2.5 2 1 1 5 5
1981.1 3329.7 -8.1 37 0 5.8 8.0 5.0 2.5 2 1 2 5 5
1992.5 3346.4 -8.3 284 0 16.9 9.6 2.5 2.5 2 0 1 4 4
2032.0 3440.8 -2.0 197 0 8.1 11.2 2.5 2.5 2 1 1 3 3
2012.2 3443.1 -3.1 182 0 12.0 10.7 2.5 2.5 2 0 1 4 4
2010.3 3427.4 -4.0 193 0 12.1 9.8 2.5 2.5 2 0 1 5 5
2006.4 3414.7 -4.8 195 0 12.8 10.6 2.5 0.0 0 0 1 5 5
2004.5 3400.3 -5.5 199 0 12.2 9.4 2.5 2.5 2 0 1 1 1
2039.0 3425.5 -2.3 191 0 8.2 3.7 2.5 2.5 2 0 1 3 3
2030.8 3426.1 -2.8 192 0 10.0 7.4 2.5 2.5 2 0 1 5 5
2025.2 3413.3 -3.7 193 0 9.8 10.4 2.5 0.0 0 1 1 0 0
2020.0 3393.2 -4.8 190 0 9.5 16.0 2.5 2.5 2 1 1 3 3
2066.4 3385.0 -2.7 353 0 9.1 10.6 2.5 2.5 2 1 1 4 4
2079.5 3369.3 -1.3 11 0 8.5 7.4 2.5 2.5 2 0 1 3 3
2070.0 3367.4 -2.8 3 0 9.7 16.3 2.5 2.5 2 1 1 2 2
2071.7 3352.2 -2.3 5 0 10.0 14.2 2.5 2.5 4 1 1 0 0
2069.0 3328.2 -1.9 4 0 10.6 9.0 2.5 2.5 2 0 1 5 5
3876.9 -1946.2 -2.1 86 0 7.4 8.4 2.5 0.0 0 1 1 2 2
3856.3 -2101.8 -0.1 95 0 9.1 8.6 7.5 2.5 2 0 3 1 1
4060.1 -1959.2 0.5 342 0 10.9 7.2 2.5 2.5 2 0 1 3 3
4172.2 -1877.3 -1.9 348 0 8.1 8.1 7.5 2.5 2 1 3 3 3
4168.9 -1885.9 -1.3 353 0 4.5 4.4 5.0 2.5 2 0 2 1 1
4152.9 -1862.8 -2.5 257 0 11.2 7.8 7.5 2.5 2 0 3 2 2
4142.9 -1879.0 -1.5 173 0 5.4 7.5 2.5 2.5 2 1 1 0 0
4160.5 -1893.7 -1.4 80 0 7.6 9.4 5.0 2.5 2 1 2 5 5
4007.6 -1817.2 -5.9 86 0 10.7 16.7 2.5 2.5 2 1 1 2 2
3992.8 -1819.0 -5.4 97 0 11.8 9.8 2.5 2.5 2 0 1 4 4
3993.8 -1829.7 -4.2 90 0 9.4 9.4 2.5 2.5 2 0 1 5 5
3974.7 -1810.0 -6.1 181 0 10.3 12.5 2.5 2.5 2 1 1 2 2
3980.4 -1829.8 -4.9 88 0 15.4 9.7 2.5 2.5 2 0 1 0 0
3965.3 -1814.6 -6.5 0 0 10.2 13.5 5.0 2.5 2 1 2 3 3
3959.1 -1831.5 -5.2 85 0 11.6 9.8 5.0 2.5 2 0 2 2 2
3928.2 -1938.0 -2.1 177 0 10.9 7.9 2.5 2.5 2 0 1 1 1
3948.3 -1921.6 -2.2 268 0 14.8 7.7 2.5 2.5 2 0 1 0 0
3948.9 -1944.9 -2.2 88 0 15.0 14.0 2.5 2.5 2 0 1 3 3
3972.6 -1921.6 -2.2 353 0 8.8 15.4 2.5 2.5 2 1 1 0 0
3963.4 -1944.3 -2.2 96 0 12.2 13.4 2.5 2.5 2 1 1 5 5
3961.7 -1882.3 -2.6 268 0 10.9 11.7 5.0 2.5 4 1 2 1 1
3961.3 -1909.7 -2.4 89 0 15.2 13.3 5.0 2.5 2 0 2 5 5
3945.8 -1909.0 -2.4 85 0 9.6 9.8 5.0 2.5 2 1 2 5 5
3945.8 -1880.8 -2.6 265 0 11.0 13.1 5.0 2.5 2 1 2 4 4
3931.5 -1882.4 -2.4 267 0 9.3 9.8 5.0 2.5 2 1 2 0 0
3928.8 -1905.1 -2.2 178 0 9.6 9.5 5.0 2.5 2 0 2 0 0
3898.0 -1882.2 -2.1 264 0 8.8 10.6 2.5 2.5 2 1 1 2 2
3924.8 -1893.1 -2.2 359 0 4.3 11.0 2.5 2.5 2 1 1 1 1
3923.0 -1913.0 -2.2 87 0 8.7 16.0 2.5 2.5 2 1 1 1 1
3912.2 -1910.0 -2.2 87 0 5.5 13.4 2.5 2.5 2 1 1 4 4
3897.7 -1904.8 -2.1 179 0 10.7 6.9 2.5 2.5 2 0 1 1 1
3907.9 -1872.5 -2.4 85 0 8.8 11.6 5.0 0.0 0 1 2 0 0
3892.7 -1853.2 -2.5 181 0 10.0 7.5 5.0 0.0 0 0 2 4 4
3892.2 -1867.2 -2.4 177 0 12.6 9.9 5.0 2.5 2 0 2 1 1
3851.6 -1841.2 -5.6 79 0 8.5 6.5 5.0 2.5 2 0 2 4 4
3833.8 -1896.3 -3.9 0 0 8.8 9.3 5.0 2.5 4 1 2 1 1
3832.4 -1913.8 -2.7 354 0 14.0 8.4 5.0 2.5 2 0 2 1 1
3849.9 -1909.6 -3.4 357 0 10.4 15.8 5.0 2.5 2 1 2 2 2
3850.1 -1925.9 -3.0 355 0 11.3 8.3 5.0 2.5 2 0 2 1 1
3841.4 -1926.3 -2.6 359 0 6.2 6.4 5.0 2.5 2 1 2 4 4
3848.9 -1938.8 -2.4 354 0 9.9 14.7 5.0 2.5 2 1 2 0 0
3845.7 -1952.2 -2.0 83 0 13.8 6.9 5.0 2.5 2 0 2 2 2
3770.7 -2008.4 -2.0 158 0 7.7 17.7 5.0 2.5 2 1 2 1 1
3805.6 -2006.6 -0.9 332 0 9.7 10.3 7.5 2.5 2 1 3 1 1
3830.5 -1964.2 -1.0 277 0 8.1 19.3 5.0 2.5 2 1 2 4 4
3844.2 -1963.2 -1.3 263 0 11.2 13.0 5.0 2.5 2 1 2 2 2
3864.0 -1974.4 -1.6 264 0 21.2 13.7 5.0 2.5 2 0 2 1 1
3867.8 -2044.6 -0.8 84 0 7.6 8.8 5.0 2.5 2 1 2 0 0
3851.4 -2037.5 -0.7 175 0 6.9 6.9 5.0 2.5 2 0 2 5 5
3932.8 -2039.7 -1.3 86 0 8.1 6.8 5.0 2.5 2 0 2 0 0
3929.5 -2058.1 -0.3 93 0 9.1 6.2 5.0 2.5 2 0 2 1 1
3929.7 -2012.8 -2.0 264 0 9.4 18.5 5.0 2.5 2 1 2 0 0
3918.6 -2015.7 -1.7 264 0 10.4 12.1 5.0 2.5 2 1 2 2 2
3904.5 -2015.4 -1.6 262 0 9.4 18.4 5.0 2.5 2 1 2 1 1
3894.1 -2023.5 -1.2 264 0 11.0 15.5 5.0 2.5 2 1 2 4 4
3882.2 -2024.3 -1.2 262 0 8.4 16.2 5.0 2.5 2 1 2 2 2
3895.8 -2105.9 0.6 69 0 12.7 8.1 5.0 2.5 2 0 2 0 0
3912.0 -2067.8 0.5 254 0 12.6 8.8 7.5 0.0 0 0 3 1 1
3933.1 -2095.6 2.3 69 0 9.6 6.5 7.5 2.5 2 0 3 2 2
3950.0 -2094.7 2.6 68 0 17.2 12.5 5.0 0.0 0 0 2 0 0
3931.0 -1981.8 -2.1 178 0 9.6 14.4 5.0 2.5 2 1 2 1 1
3938.3 -1991.1 -2.1 178 0 8.4 12.1 5.0 2.5 2 1 2 5 5
3931.9 -1971.5 -2.1 178 0 7.9 8.1 5.0 2.5 2 1 2 3 3
3952.6 -1953.3 -2.1 268 0 14.4 10.3 5.0 0.0 0 0 2 4 4
3962.4 -1992.0 -2.1 358 0 11.1 7.1 5.0 2.5 2 0 2 0 0
3960.7 -1979.7 -2.1 358 0 11.0 9.3 5.0 2.5 4 0 2 5 5
4003.4 -2003.9 -0.1 178 0 20.0 11.6 2.5 0.0 0 0 1 0 0
3991.6 -2001.6 -0.7 178 0 9.5 10.4 2.5 0.0 0 1 1 3 3
4033.9 -1957.6 -0.3 268 0 13.6 25.1 2.5 2.5 2 1 1 3 3
4016.4 -1969.6 -0.5 268 0 10.6 13.4 2.5 2.5 2 1 1 2 2
4002.3 -1966.8 -0.7 268 0 10.6 16.5 2.5 2.5 2 1 1 4 4
4009.4 -1835.2 -2.3 268 0 10.2 11.2 2.5 2.5 2 1 1 4 4
3919.0 -1833.3 -5.1 88 0 10.3 12.1 5.0 2.5 2 1 2 0 0
3932.4 -1818.3 -6.9 88 0 10.8 10.2 5.0 2.5 2 0 2 3 3
3931.0 -1833.7 -5.2 88 0 12.5 12.0 5.0 2.5 2 0 2 4 4
3950.0 -1813.4 -6.7 358 0 8.7 6.7 5.0 0.0 0 0 2 1 1
3945.8 -1830.5 -5.4 88 0 8.5 10.2 5.0 2.5 2 1 2 4 4
3949.3 -1838.6 -3.5 268 0 7.5 12.1 5.0 2.5 2 1 2 0 0
3960.0 -1838.1 -3.6 268 0 11.5 8.7 5.0 2.5 2 0 2 5 5
3967.8 -1861.8 -2.9 358 0 15.3 13.1 5.0 2.5 2 0 2 5 5
3933.8 -1855.8 -2.9 178 0 8.2 17.7 5.0 2.5 2 1 2 4 4
3946.8 -1870.5 -2.8 88 0 10.5 10.6 5.0 2.5 2 1 2 2 2
3939.9 -1841.7 -3.3 268 0 7.9 9.2 5.0 2.5 4 1 2 3 3
3919.2 -1841.6 -3.0 268 0 11.4 12.1 5.0 0.0 0 1 2 5 5
3922.6 -1863.4 -2.6 358 0 15.6 9.9 5.0 2.5 2 0 2 0 0
3904.1 -1842.0 -2.8 267 0 7.6 9.9 5.0 0.0 0 1 2 0 0
3908.2 -1833.9 -5.4 88 0 9.6 15.7 5.0 2.5 2 1 2 3 3
3897.7 -1835.8 -6.0 88 0 9.5 16.6 5.0 2.5 2 1 2 3 3
3874.7 -1838.1 -5.6 88 0 15.6 8.4 5.0 2.5 2 0 2 3 3
3858.1 -1880.5 -3.2 178 0 12.7 6.9 5.0 2.5 2 0 2 5 5
3849.5 -1859.5 -3.6 178 0 22.3 9.4 5.0 2.5 2 0 2 0 0
3866.0 -1850.6 -2.7 268 0 8.9 17.3 5.0 2.5 2 1 2 3 3
3879.9 -1844.1 -2.4 268 0 9.1 17.3 5.0 2.5 2 1 2 5 5
3885.3 -1869.3 -2.4 358 0 7.1 12.2 5.0 2.5 4 1 2 3 3
3858.2 -1909.1 -3.1 178 0 11.0 7.8 5.0 2.5 2 0 2 0 0
3862.7 -1895.7 -3.0 178 0 10.8 7.6 5.0 2.5 2 0 2 0 0
3878.0 -1881.2 -2.8 358 0 11.2 8.7 5.0 2.5 2 0 2 2 2
3877.6 -1892.8 -2.7 358 0 10.3 6.6 5.0 2.5 2 0 2 4 4
3887.0 -1906.2 -2.7 358 0 7.9 12.9 5.0 2.5 2 1 2 1 1
3889.0 -1916.4 -2.6 358 0 9.7 15.7 5.0 2.5 2 1 2 0 0
3860.1 -1938.9 -2.6 178 0 10.6 6.8 2.5 2.5 2 0 1 1 1
3890.4 -1929.7 -2.5 358 0 9.2 15.4 2.5 2.5 2 1 1 2 2
3890.8 -1942.6 -2.0 355 0 14.5 9.8 2.5 0.0 0 0 1 4 4
3897.6 -1945.8 -2.1 172 0 9.5 15.6 5.0 2.5 2 1 2 5 5
3922.7 -1932.7 -2.1 357 0 25.2 8.2 5.0 2.5 2 0 2 4 4
3896.4 -1931.9 -2.1 173 0 14.5 11.6 5.0 2.5 2 0 2 4 4
3910.0 -1959.4 -2.1 265 0 10.5 11.5 5.0 2.5 2 1 2 5 5
3911.8 -2002.2 -2.1 86 0 10.6 26.6 5.0 0.0 0 1 2 2 2
3898.6 -2006.2 -1.8 86 0 14.5 10.3 5.0 2.5 2 0 2 3 3
3883.6 -2003.6 -1.8 86 0 11.2 25.9 5.0 2.5 2 1 2 4 4
3988.5 -1838.3 -2.7 269 0 5.7 13.8 2.5 2.5 2 1 1 4 4
3973.2 -1843.5 -3.3 177 0 10.0 11.1 2.5 2.5 2 1 1 2 2
3994.3 -1870.2 -2.5 91 0 9.7 16.8 2.5 2.5 2 1 1 3 3
4020.5 -1873.5 -1.3 177 0 8.6 13.9 2.5 2.5 2 1 1 4 4
4052.4 -1885.6 -0.1 358 0 9.7 8.2 2.5 2.5 2 0 1 4 4
4031.5 -1883.5 -0.9 176 0 8.1 7.5 2.5 2.5 2 0 1 3 3
4033.1 -1897.0 -0.9 178 0 12.5 6.1 2.5 2.5 2 0 1 0 0
4023.1 -1898.4 -1.6 179 0 13.4 9.3 2.5 2.5 2 0 1 5 5
3978.9 -1901.6 -2.4 174 0 10.2 13.5 2.5 2.5 2 1 1 0 0
3977.2 -1887.1 -2.6 180 0 12.2 12.5 2.5 2.5 2 1 1 5 5
3998.2 -1878.8 -2.3 270 0 9.0 11.1 2.5 2.5 2 1 1 5 5
4001.3 -1907.3 -2.2 90 0 8.7 13.4 2.5 2.5 2 1 1 4 4
4017.0 -1891.2 -2.0 356 0 17.3 9.5 2.5 2.5 2 0 1 5 5
4004.4 -1947.8 -1.3 263 0 10.2 14.2 2.5 2.5 2 1 1 1 1
3998.7 -1916.9 -2.0 267 0 7.3 8.3 2.5 2.5 2 1 1 3 3
3978.3 -1921.8 -2.1 180 0 7.9 12.8 2.5 2.5 2 1 1 3 3
3980.0 -1936.8 -1.9 178 0 12.6 15.7 2.5 2.5 2 1 1 1 1
4009.6 -1869.3 -2.3 89 0 13.0 20.8 2.5 2.5 2 1 1 3 3
3976.1 -1953.9 -1.8 263 0 12.1 26.3 2.5 2.5 2 1 1 2 2
3981.0 -1871.1 -2.9 83 0 13.0 18.5 2.5 2.5 2 1 1 3 3
