3523.1 5525.3 -42.2 116 0 8.9 14.8 5.0 2.5 2 1 2 3 3
3537.8 5550.1 -44.1 298 0 7.8 4.5 5.0 2.5 2 0 2 4 4
3542.1 5561.3 -45.7 299 0 8.6 10.9 5.0 2.5 2 1 2 1 1
3531.3 5563.9 -45.4 293 0 7.6 12.4 5.0 2.5 2 1 2 3 3
3523.4 5583.1 -47.3 113 0 8.1 15.1 5.0 2.5 2 1 2 3 3
3534.1 5580.2 -48.3 113 0 8.4 13.5 5.0 2.5 2 1 2 5 5
3544.1 5576.4 -49.5 112 0 9.2 16.1 5.0 0.0 0 1 2 4 4
3554.6 5570.9 -49.7 108 0 8.0 16.8 5.0 2.5 2 1 2 1 1
3571.4 5589.0 -50.6 293 0 9.7 7.3 5.0 2.5 2 0 2 4 4
3566.0 5566.9 -48.9 108 0 6.6 9.7 5.0 2.5 2 1 2 4 4
3575.6 5563.8 -49.7 115 0 7.4 14.7 5.0 2.5 2 1 2 5 5
3564.2 5553.4 -45.8 286 0 9.9 8.4 5.0 2.5 2 0 2 4 4
3560.0 5541.9 -44.2 298 0 7.8 5.2 5.0 2.5 2 0 2 1 1
3552.3 5556.1 -45.6 295 0 10.5 7.3 5.0 2.5 2 0 2 1 1
3548.8 5547.8 -44.3 295 0 10.1 6.7 5.0 2.5 2 0 2 0 0
3544.3 5532.7 -42.2 295 0 8.7 5.3 5.0 0.0 0 0 2 2 2
3556.6 5528.4 -42.2 290 0 6.0 8.4 5.0 2.5 2 1 2 3 3
3562.9 5524.2 -42.0 292 0 6.7 8.2 5.0 0.0 0 1 2 2 2
3570.7 5544.3 -45.0 289 0 6.2 12.1 5.0 2.5 4 1 2 5 5
3580.5 5539.0 -44.8 288 0 14.3 14.4 5.0 2.5 2 1 2 4 4
3591.3 5529.0 -44.1 298 0 7.4 6.0 5.0 2.5 2 0 2 0 0
3603.6 5537.9 -45.9 298 0 7.4 12.6 5.0 2.5 2 1 2 0 0
3610.7 5533.2 -45.6 294 0 7.0 11.4 5.0 2.5 2 1 2 5 5
3618.8 5497.6 -42.3 113 0 9.8 6.2 5.0 2.5 2 0 2 3 3
3608.1 5500.6 -42.7 111 0 5.5 10.2 5.0 2.5 2 1 2 3 3
3619.0 5529.6 -45.5 291 0 6.6 15.7 5.0 2.5 2 1 2 2 2
3626.3 5524.9 -45.4 285 0 7.4 11.5 5.0 2.5 4 1 2 2 2
3640.4 5521.6 -45.6 290 0 8.5 14.4 5.0 2.5 2 1 2 1 1
3646.9 5566.7 -51.6 293 0 6.3 6.8 5.0 2.5 2 1 2 2 2
3608.3 5586.5 -52.2 295 0 9.2 11.8 5.0 2.5 2 1 2 2 2
3617.4 5580.1 -51.9 294 0 6.8 10.5 5.0 2.5 2 1 2 4 4
3605.8 5550.9 -50.1 109 0 8.4 18.3 5.0 2.5 4 1 2 5 5
3615.4 5546.9 -49.9 109 0 8.7 17.4 5.0 2.5 2 1 2 0 0
3626.0 5545.1 -50.1 111 0 8.3 16.9 5.0 2.5 2 1 2 2 2
3635.2 5540.9 -50.1 110 0 8.1 17.1 5.0 2.5 2 1 2 1 1
3645.7 5537.5 -50.0 108 0 8.9 15.9 5.0 2.5 2 1 2 2 2
3656.8 5532.9 -49.4 107 0 8.4 11.1 5.0 2.5 2 1 2 4 4
3665.1 5514.1 -45.8 290 0 6.8 15.5 5.0 2.5 2 1 2 3 3
3667.1 5528.4 -49.8 107 0 9.4 14.4 5.0 2.5 2 1 2 4 4
3688.6 5522.7 -50.2 103 0 7.6 16.8 5.0 2.5 2 1 2 1 1
3678.4 5525.9 -50.0 107 0 7.9 15.0 5.0 2.5 2 1 2 3 3
3674.3 5512.0 -45.8 291 0 9.0 18.1 5.0 2.5 2 1 2 0 0
3716.0 5499.0 -45.7 275 0 9.7 11.6 5.0 2.5 2 1 2 1 1
3700.1 5503.8 -45.6 289 0 7.8 9.8 5.0 2.5 2 1 2 1 1
3718.4 5528.4 -50.2 17 0 8.0 7.0 5.0 2.5 2 0 2 5 5
3708.4 5550.6 -52.3 283 0 6.5 7.7 5.0 2.5 2 1 2 2 2
3700.6 5530.4 -50.5 94 0 9.6 8.9 5.0 2.5 2 0 2 1 1
3700.5 5519.5 -49.1 94 0 8.0 9.7 5.0 2.5 2 1 2 5 5
4037.9 5512.8 -52.1 291 0 9.3 7.4 5.0 0.0 0 0 2 0 0
3965.6 5489.4 -46.0 294 0 8.7 14.6 2.5 2.5 4 1 1 0 0
3976.4 5487.8 -47.1 291 0 8.2 20.3 2.5 2.5 4 1 1 5 5
3989.4 5480.5 -48.3 281 0 6.2 8.5 2.5 2.5 2 1 1 0 0
3989.8 5503.5 -48.9 103 0 7.2 7.0 5.0 2.5 2 0 2 1 1
4006.7 5490.4 -50.7 105 0 7.7 15.0 5.0 2.5 4 1 2 4 4
4018.0 5488.2 -50.9 104 0 6.9 15.2 5.0 2.5 2 1 2 1 1
4031.7 5469.3 -48.2 289 0 11.2 13.3 2.5 2.5 2 1 1 2 2
4029.3 5484.6 -50.5 104 0 6.7 10.0 5.0 2.5 2 1 2 0 0
4051.4 5464.1 -47.4 281 0 7.2 9.2 2.5 2.5 4 1 1 2 2
4050.0 5480.2 -51.3 114 0 8.3 16.5 5.0 2.5 2 1 2 5 5
4059.4 5477.0 -50.6 111 0 7.7 12.8 5.0 2.5 2 1 2 0 0
4062.3 5460.2 -47.0 290 0 8.5 8.5 2.5 2.5 2 1 1 2 2
4072.6 5457.0 -46.6 292 0 7.4 9.3 2.5 2.5 2 1 1 3 3
4068.3 5472.7 -49.7 115 0 9.1 9.6 5.0 2.5 4 1 2 3 3
4078.3 5469.6 -50.1 119 0 7.5 17.0 5.0 2.5 2 1 2 0 0
4080.3 5452.1 -46.0 293 0 7.6 9.1 2.5 2.5 2 1 1 2 2
4098.6 5446.4 -45.3 297 0 8.6 8.1 2.5 2.5 2 0 1 1 1
4114.4 5453.8 -48.0 119 0 25.9 11.1 5.0 2.5 2 0 2 5 5
4133.4 5422.6 -44.7 27 0 7.9 35.7 2.5 0.0 0 1 1 4 4
4131.4 5416.5 -43.4 299 0 10.3 28.2 2.5 2.5 2 1 1 1 1
4526.8 5121.6 -38.6 306 0 8.3 16.3 5.0 2.5 2 1 2 1 1
4517.6 5127.5 -37.7 300 0 7.8 14.8 5.0 0.0 0 1 2 4 4
4509.6 5132.4 -40.8 297 0 6.2 9.4 5.0 0.0 0 1 2 4 4
4500.5 5136.3 -42.8 295 0 7.1 12.4 5.0 2.5 2 1 2 2 2
4492.3 5141.3 -44.6 297 0 6.6 14.9 5.0 2.5 2 1 2 4 4
4475.1 5160.4 -53.8 101 0 9.2 15.5 5.0 2.5 2 1 2 3 3
4487.7 5171.3 -52.9 285 0 6.1 6.5 5.0 2.5 2 1 2 4 4
4493.0 5157.5 -51.4 112 0 5.7 10.7 5.0 0.0 0 1 2 5 5
4501.0 5153.8 -49.7 114 0 8.1 13.2 5.0 2.5 2 1 2 1 1
4510.5 5149.1 -46.1 113 0 8.3 15.2 5.0 0.0 0 1 2 5 5
4530.4 5174.6 -51.0 303 0 6.8 10.6 5.0 0.0 0 1 2 5 5
4519.8 5143.6 -46.7 123 0 8.5 14.5 5.0 2.5 2 1 2 5 5
4529.8 5136.6 -47.2 125 0 7.7 12.9 5.0 2.5 2 1 2 0 0
4546.7 5158.5 -51.5 305 0 8.5 9.4 5.0 2.5 2 1 2 3 3
4538.7 5130.2 -46.5 125 0 6.9 8.5 5.0 2.5 2 1 2 4 4
4546.6 5124.6 -49.2 127 0 7.4 14.3 5.0 2.5 2 1 2 5 5
4548.4 5110.1 -41.6 308 0 13.4 16.3 5.0 0.0 0 1 2 4 4
4560.5 5097.7 -40.8 303 0 6.4 13.1 5.0 2.5 4 1 2 0 0
4569.3 5090.3 -40.6 306 0 6.1 12.6 5.0 2.5 2 1 2 2 2
4576.8 5085.3 -41.0 304 0 7.1 13.1 5.0 2.5 2 1 2 1 1
4586.0 5080.3 -41.6 307 0 6.8 14.2 5.0 2.5 2 1 2 0 0
4591.9 5073.6 -40.9 306 0 7.8 13.0 5.0 2.5 2 1 2 2 2
4561.8 5113.1 -49.2 125 0 5.9 10.6 5.0 2.5 2 1 2 1 1
4568.9 5105.3 -49.8 131 0 7.2 14.7 5.0 2.5 4 1 2 5 5
4582.1 5106.5 -49.4 130 0 6.5 4.7 5.0 2.5 2 0 2 4 4
4584.7 5093.8 -48.5 132 0 9.8 10.2 5.0 2.5 2 1 2 2 2
4592.8 5085.5 -49.4 129 0 7.5 14.6 5.0 2.5 2 1 2 0 0
4599.9 5078.9 -48.6 127 0 7.0 14.5 5.0 2.5 2 1 2 3 3
4614.6 5072.6 -48.5 131 0 16.2 12.3 5.0 2.5 2 0 2 5 5
5630.9 3866.2 -43.8 283 0 7.1 10.2 5.0 2.5 2 1 2 0 0
5535.7 3865.9 -40.6 25 0 6.3 7.9 5.0 2.5 2 1 2 0 0
5545.9 3890.6 -36.5 27 0 7.3 7.0 5.0 0.0 0 0 2 3 3
5543.3 3883.0 -37.7 24 0 5.9 9.6 5.0 2.5 2 1 2 5 5
5539.9 3874.7 -39.4 23 0 10.2 13.3 5.0 2.5 2 1 2 2 2
5550.7 3861.4 -42.4 192 0 9.6 7.4 5.0 0.0 0 0 2 5 5
5541.1 3866.1 -41.7 202 0 9.9 9.1 5.0 2.5 2 0 2 5 5
5546.1 3877.0 -39.9 195 0 8.3 12.2 5.0 2.5 2 1 2 2 2
5551.1 3886.9 -38.2 198 0 9.4 9.7 5.0 2.5 2 1 2 0 0
5570.0 3879.6 -41.5 278 0 11.2 15.7 5.0 2.5 2 1 2 0 0
5586.3 3883.6 -39.8 276 0 12.6 7.2 5.0 2.5 4 0 2 2 2
5601.9 3874.9 -41.7 278 0 6.3 8.8 5.0 2.5 2 1 2 5 5
5611.5 3878.3 -42.5 281 0 8.3 16.1 5.0 0.0 0 1 2 3 3
5605.8 3888.4 -38.0 97 0 9.7 5.8 5.0 2.5 2 0 2 1 1
5595.5 3889.8 -37.5 101 0 7.5 11.0 5.0 2.5 2 1 2 3 3
5573.1 3894.9 -36.0 104 0 9.8 9.1 5.0 2.5 2 0 2 4 4
5584.0 3892.8 -36.7 106 0 8.1 10.5 5.0 2.5 2 1 2 5 5
5577.6 3926.7 -30.5 189 0 4.3 10.9 5.0 2.5 2 1 2 0 0
5567.5 3922.3 -32.5 205 0 5.9 17.5 5.0 2.5 2 1 2 2 2
5564.9 3914.0 -33.2 205 0 5.4 10.7 5.0 2.5 4 1 2 3 3
5563.1 3898.5 -35.1 112 0 7.3 10.4 5.0 2.5 2 1 2 4 4
5559.6 3908.5 -33.6 21 0 11.3 8.7 5.0 2.5 2 0 2 4 4
5544.9 3910.6 -32.2 111 0 7.2 10.3 5.0 2.5 2 1 2 0 0
5527.2 3919.4 -29.7 117 0 6.5 21.1 5.0 2.5 2 1 2 1 1
5534.5 3914.3 -31.2 116 0 6.3 16.2 5.0 2.5 2 1 2 1 1
5561.9 3925.1 -30.0 21 0 8.3 15.2 5.0 0.0 0 1 2 4 4
5570.3 3948.3 -25.5 23 0 7.0 16.8 5.0 0.0 0 1 2 3 3
5596.9 3937.5 -29.3 193 0 9.5 11.5 5.0 2.5 2 1 2 4 4
5643.0 3932.2 -29.5 116 0 6.7 11.6 5.0 2.5 2 1 2 5 5
5654.0 3918.0 -33.0 131 0 15.7 9.8 5.0 2.5 2 0 2 0 0
5666.1 3915.3 -35.6 219 0 11.8 15.5 5.0 0.0 0 1 2 0 0
5678.8 3885.8 -39.4 43 0 21.3 10.2 5.0 2.5 2 0 2 1 1
5874.8 3852.4 -38.5 295 0 5.7 7.6 2.5 2.5 2 1 1 4 4
5882.1 3847.0 -40.0 300 0 8.3 6.9 2.5 2.5 2 0 1 2 2
5915.7 3838.9 -40.9 270 0 5.2 6.2 2.5 2.5 2 1 1 2 2
5893.8 3889.9 -26.5 297 0 7.5 7.0 5.0 2.5 2 0 2 3 3
5908.1 3896.9 -21.8 95 0 9.2 7.7 5.0 2.5 2 0 2 3 3
5902.8 3886.4 -26.4 285 0 8.6 6.0 5.0 2.5 2 0 2 5 5
5913.8 3876.4 -29.2 281 0 7.5 6.7 5.0 2.5 2 0 2 1 1
5921.2 3873.0 -28.6 184 0 5.7 13.8 5.0 2.5 4 1 2 0 0
5931.5 3846.1 -35.9 94 0 6.8 10.0 5.0 2.5 2 1 2 2 2
5921.2 3850.7 -34.8 99 0 7.2 6.8 5.0 2.5 2 0 2 5 5
5903.1 3853.0 -35.2 105 0 15.4 10.6 5.0 2.5 2 0 2 2 2
5890.4 3856.9 -34.5 108 0 7.4 9.6 5.0 2.5 2 1 2 2 2
5878.9 3867.4 -33.9 207 0 11.1 7.7 5.0 2.5 2 0 2 5 5
5882.9 3884.2 -27.9 27 0 6.0 10.8 5.0 2.5 2 1 2 2 2
5870.8 3894.9 -27.9 306 0 7.5 6.5 5.0 2.5 2 0 2 1 1
5847.9 3870.3 -33.6 116 0 6.9 11.6 5.0 2.5 2 1 2 4 4
5858.1 3868.2 -33.7 115 0 8.7 8.9 5.0 2.5 2 1 2 2 2
5874.4 3867.4 -33.5 21 0 7.7 7.5 5.0 2.5 2 0 2 0 0
5864.2 3855.0 -38.4 291 0 6.6 9.1 2.5 2.5 4 1 1 5 5
5856.9 3857.7 -38.1 293 0 6.8 10.6 2.5 2.5 2 1 1 2 2
5842.3 3854.7 -38.1 200 0 11.1 7.7 2.5 2.5 4 0 1 3 3
5840.6 3876.8 -32.6 120 0 7.5 11.7 5.0 2.5 4 1 2 0 0
5830.1 3881.6 -32.1 122 0 8.6 17.0 5.0 2.5 2 1 2 4 4
5817.7 3880.2 -35.5 296 0 8.2 14.2 2.5 2.5 2 1 1 2 2
5807.5 3900.1 -29.2 123 0 8.0 8.6 5.0 2.5 2 1 2 1 1
5818.7 3894.2 -29.9 121 0 8.5 9.1 5.0 2.5 2 1 2 1 1
5828.6 3924.5 -24.9 299 0 5.8 7.5 5.0 2.5 2 1 2 2 2
5822.2 3927.7 -24.8 296 0 6.1 7.4 5.0 2.5 2 1 2 3 3
5814.8 3959.9 -19.0 204 0 10.8 10.6 5.0 0.0 0 0 2 5 5
5760.5 3955.7 -24.5 23 0 5.6 8.2 2.5 2.5 2 1 1 1 1
5781.5 3969.3 -21.1 291 0 10.5 8.6 5.0 2.5 2 0 2 0 0
5783.7 3983.0 -17.2 126 0 9.0 7.7 5.0 2.5 2 0 2 5 5
5758.5 3977.2 -21.7 9 0 7.8 9.5 2.5 2.5 2 1 1 3 3
5752.7 3992.0 -20.3 26 0 9.9 8.7 2.5 2.5 2 0 1 4 4
5766.3 4016.5 -15.8 24 0 8.9 9.7 2.5 2.5 2 1 1 5 5
5753.6 4025.5 -20.2 298 0 8.9 32.3 2.5 2.5 2 1 1 4 4
3647.5 5490.3 -43.1 110 0 14.4 8.8 5.0 2.5 4 0 2 5 5
3686.1 5507.1 -45.6 279 0 11.0 11.1 5.0 2.5 4 1 2 5 5
4097.9 5432.3 -44.3 307 0 13.7 11.2 2.5 2.5 2 0 1 1 1
4504.2 5096.3 -34.8 121 0 15.9 10.4 5.0 2.5 2 0 2 3 3
5480.1 4272.0 -23.8 54 0 5.1 5.7 7.5 2.5 2 1 3 1 1
5566.3 3966.8 -21.6 114 0 8.2 10.4 2.5 2.5 2 1 1 4 4
5603.2 3958.2 -26.0 208 0 12.1 10.0 5.0 2.5 2 0 2 1 1
5785.4 3916.9 -30.8 272 0 8.9 16.4 2.5 2.5 2 1 1 3 3
5797.2 3896.2 -36.5 294 0 18.9 30.2 2.5 2.5 2 1 1 2 2
5793.4 3962.9 -21.2 312 0 9.5 7.3 5.0 0.0 0 0 2 4 4
5801.7 3957.0 -21.5 310 0 7.2 6.8 5.0 2.5 2 0 2 2 2
5787.5 3946.8 -23.2 124 0 9.1 6.9 5.0 2.5 2 0 2 3 3
5808.1 3939.4 -23.9 294 0 18.8 7.2 5.0 2.5 4 0 2 4 4
3379.1 5062.6 47.2 15 0 13.5 31.6 2.5 2.5 2 1 1 1 1
-685.3 6219.6 -46.4 354 0 10.1 8.9 5.0 2.5 2 0 2 1 1
-661.7 6267.0 -42.7 83 0 7.0 6.5 5.0 2.5 2 0 2 5 5
-638.8 6252.4 -45.1 260 0 4.9 7.3 5.0 2.5 2 1 2 1 1
-647.4 6247.9 -45.1 253 0 5.7 5.5 5.0 2.5 2 0 2 4 4
-650.6 6259.7 -44.4 260 0 6.7 9.7 5.0 2.5 2 1 2 4 4
-660.1 6258.1 -44.4 258 0 8.6 11.0 5.0 2.5 2 1 2 5 5
-654.7 6226.7 -46.2 76 0 7.0 13.3 5.0 2.5 4 1 2 1 1
-668.1 6247.5 -44.9 256 0 6.7 8.9 5.0 2.5 2 1 2 1 1
-680.7 6238.2 -44.9 171 0 6.3 7.5 5.0 2.5 2 1 2 2 2
-694.7 6282.2 -41.0 89 0 7.4 4.6 2.5 2.5 2 0 1 5 5
-699.7 6275.6 -42.0 257 0 8.5 10.1 5.0 2.5 2 1 2 5 5
-673.7 6281.6 -42.1 264 0 6.8 7.8 5.0 2.5 2 1 2 4 4
-664.7 6284.9 -42.2 261 0 7.6 10.0 5.0 2.5 2 1 2 1 1
-653.9 6287.0 -42.3 263 0 7.4 9.7 5.0 2.5 2 1 2 3 3
-645.3 6288.3 -42.3 264 0 5.3 7.9 5.0 2.5 2 1 2 1 1
-602.1 6298.3 -42.9 260 0 9.0 12.3 5.0 2.5 2 1 2 5 5
-603.0 6262.5 -45.6 262 0 10.9 11.8 5.0 2.5 2 1 2 4 4
-581.3 6275.6 -45.5 260 0 8.8 17.5 5.0 2.5 2 1 2 1 1
-564.5 6266.1 -45.4 347 0 7.1 5.9 5.0 2.5 2 0 2 2 2
-546.3 6270.9 -45.2 178 0 8.8 8.3 5.0 2.5 2 0 2 0 0
-607.8 6304.1 -41.8 75 0 12.2 18.1 2.5 2.5 2 1 1 4 4
-625.4 6262.7 -45.4 271 0 14.3 15.1 5.0 2.5 2 1 2 4 4
1790.9 5390.7 -39.2 201 0 11.0 9.4 5.0 2.5 2 0 2 5 5
1598.8 5520.0 -43.4 302 0 9.4 9.8 2.5 2.5 2 1 1 0 0
1645.3 5570.1 -32.2 115 0 9.3 11.4 2.5 2.5 4 1 1 1 1
1653.4 5563.8 -33.5 117 0 7.3 10.3 2.5 2.5 2 1 1 2 2
1635.7 5536.0 -40.4 113 0 8.0 14.3 2.5 2.5 2 1 1 1 1
1645.0 5532.7 -40.5 109 0 6.5 15.4 2.5 2.5 2 1 1 5 5
1653.1 5529.5 -40.5 111 0 7.5 17.5 2.5 2.5 2 1 1 0 0
1662.9 5526.1 -40.5 108 0 7.2 16.7 2.5 2.5 2 1 1 2 2
1637.3 5562.9 -36.2 293 0 10.3 8.8 2.5 2.5 2 0 1 3 3
1639.4 5523.6 -42.8 297 0 11.2 10.1 2.5 2.5 2 0 1 3 3
1655.3 5499.3 -44.2 119 0 8.0 16.9 2.5 2.5 4 1 1 2 2
1671.4 5496.0 -44.4 27 0 7.6 6.8 2.5 2.5 4 0 1 3 3
1677.1 5507.3 -42.5 24 0 9.8 8.5 2.5 2.5 2 0 1 5 5
1672.0 5475.4 -47.3 29 0 7.1 8.6 2.5 2.5 2 1 1 5 5
1736.2 5525.9 -34.7 111 0 7.1 10.5 2.5 0.0 0 1 1 5 5
1724.0 5523.9 -36.1 111 0 10.7 6.4 2.5 2.5 2 0 1 2 2
1696.0 5529.5 -39.9 296 0 6.8 16.6 5.0 2.5 2 1 2 1 1
1703.4 5526.3 -39.6 298 0 6.8 16.7 5.0 2.5 2 1 2 1 1
1711.1 5524.7 -39.1 299 0 6.2 17.4 5.0 2.5 2 1 2 0 0
1719.8 5520.6 -38.6 294 0 8.1 17.5 5.0 0.0 0 1 2 1 1
1754.9 5494.1 -36.7 32 0 15.3 9.5 5.0 2.5 4 0 2 1 1
1697.0 5503.7 -43.1 294 0 6.4 19.3 2.5 2.5 2 1 1 0 0
1713.8 5496.8 -40.7 294 0 13.4 10.3 2.5 2.5 4 0 1 4 4
1734.3 5487.3 -41.9 294 0 25.4 25.7 2.5 0.0 0 1 1 4 4
1790.1 5422.3 -37.0 201 0 12.6 28.5 5.0 2.5 2 1 2 2 2
2526.2 5272.7 -38.7 206 0 8.2 5.9 5.0 2.5 4 0 2 4 4
2503.6 5194.0 -45.5 9 0 10.4 7.0 5.0 2.5 2 0 2 4 4
2512.6 5209.9 -43.7 281 0 7.0 12.8 5.0 2.5 2 1 2 4 4
2437.1 5188.6 -49.2 107 0 9.7 14.2 5.0 2.5 4 1 2 1 1
2471.2 5227.5 -48.5 288 0 7.6 27.4 5.0 2.5 4 1 2 4 4
2476.0 5212.6 -48.0 287 0 7.6 13.7 5.0 2.5 4 1 2 1 1
2487.6 5222.8 -47.2 285 0 6.2 14.1 5.0 2.5 2 1 2 1 1
2501.0 5227.1 -45.6 103 0 11.7 27.2 5.0 2.5 2 1 2 5 5
2488.3 5230.6 -47.0 102 0 8.3 26.9 5.0 2.5 2 1 2 0 0
2478.8 5231.1 -47.5 100 0 5.8 13.4 5.0 2.5 2 1 2 2 2
2484.0 5261.1 -47.0 287 0 6.6 11.2 5.0 2.5 2 1 2 0 0
2473.7 5260.0 -46.7 285 0 8.5 8.5 5.0 2.5 2 0 2 5 5
2469.1 5233.8 -47.5 102 0 8.3 13.4 5.0 2.5 2 1 2 3 3
2442.0 5240.0 -46.5 107 0 9.4 29.2 5.0 0.0 0 1 2 1 1
2424.6 5235.7 -47.8 281 0 20.9 12.6 5.0 2.5 4 0 2 4 4
2437.9 5273.8 -45.5 287 0 11.8 16.4 5.0 2.5 2 1 2 4 4
2383.6 5315.5 -40.6 283 0 13.6 18.6 5.0 2.5 2 1 2 3 3
2376.2 5250.1 -45.1 101 0 21.2 16.6 5.0 2.5 2 0 2 5 5
2382.3 5285.4 -43.6 280 0 21.7 16.6 5.0 2.5 2 0 2 5 5
2409.6 5280.7 -44.9 289 0 20.3 21.0 5.0 2.5 2 1 2 2 2
2353.3 5253.2 -44.3 95 0 7.4 17.2 5.0 2.5 2 1 2 1 1
2345.0 5253.8 -44.1 95 0 7.3 18.9 5.0 2.5 2 1 2 3 3
2364.6 5287.5 -42.8 279 0 7.5 15.4 5.0 2.5 2 1 2 3 3
2374.5 5243.2 -46.2 278 0 7.9 8.8 5.0 2.5 2 1 2 3 3
2350.6 5246.6 -45.6 277 0 6.1 9.0 5.0 2.5 2 1 2 1 1
2358.6 5245.0 -47.1 280 0 7.0 23.3 5.0 2.5 2 1 2 1 1
2340.6 5241.1 -46.3 278 0 7.9 10.1 5.0 2.5 2 1 2 1 1
2330.4 5244.8 -46.6 273 0 9.0 14.6 5.0 2.5 2 1 2 1 1
2319.6 5247.0 -47.1 274 0 8.5 20.5 5.0 0.0 0 1 2 0 0
2286.3 5237.2 -47.1 273 0 5.8 7.0 5.0 2.5 2 1 2 3 3
2307.8 5246.0 -47.0 277 0 10.3 16.9 5.0 2.5 2 1 2 0 0
2268.1 5227.2 -47.6 97 0 11.3 7.1 5.0 2.5 2 0 2 2 2
2258.2 5241.0 -47.4 303 0 10.8 8.3 5.0 2.5 2 0 2 3 3
2290.9 5216.8 -48.5 96 0 7.2 8.7 5.0 2.5 2 1 2 1 1
2313.2 5208.7 -49.0 100 0 9.8 13.4 5.0 2.5 2 1 2 5 5
2325.8 5208.6 -48.8 96 0 8.5 13.9 5.0 2.5 2 1 2 5 5
2338.0 5205.1 -49.0 99 0 9.6 12.5 5.0 2.5 2 1 2 1 1
2374.1 5202.4 -49.1 109 0 7.2 12.2 5.0 2.5 2 1 2 1 1
2410.7 5198.5 -49.4 103 0 10.7 10.3 5.0 2.5 2 0 2 0 0
2417.0 5222.6 -48.5 283 0 14.8 10.2 5.0 2.5 2 0 2 1 1
2542.9 5269.5 -38.0 17 0 11.2 8.7 5.0 2.5 2 0 2 3 3
2571.9 5188.3 -33.4 194 0 11.6 17.5 5.0 2.5 2 1 2 4 4
2596.8 5158.5 -32.5 14 0 37.4 11.2 5.0 2.5 4 0 2 3 3
2799.9 5145.5 -7.4 124 0 8.6 6.8 5.0 2.5 2 0 2 5 5
-1237.9 6131.2 -53.1 205 0 6.1 12.4 5.0 2.5 2 1 2 2 2
-1217.3 6124.4 -51.9 117 0 8.1 9.0 5.0 2.5 2 1 2 3 3
-1226.1 6120.7 -53.1 296 0 11.7 19.9 5.0 2.5 2 1 2 1 1
-1193.4 6070.4 -52.4 301 0 16.1 11.0 5.0 2.5 2 0 2 3 3
-1210.2 6080.5 -52.6 298 0 15.9 11.6 5.0 2.5 2 0 2 3 3
-1222.7 6084.4 -52.6 27 0 10.5 11.6 5.0 2.5 2 1 2 0 0
-1214.8 6099.0 -51.8 26 0 17.5 10.7 5.0 2.5 2 0 2 4 4
-1198.5 6105.8 -50.8 288 0 11.6 7.2 5.0 2.5 4 0 2 5 5
-1182.6 6073.3 -51.8 215 0 6.9 11.9 5.0 2.5 2 1 2 3 3
-1179.6 6081.0 -51.7 215 0 4.8 10.5 5.0 0.0 0 1 2 5 5
-1177.5 6088.2 -51.9 212 0 6.0 11.4 5.0 2.5 2 1 2 2 2
-1176.8 6097.4 -51.6 212 0 6.9 11.8 5.0 2.5 4 1 2 3 3
-1182.9 6110.3 -50.8 32 0 6.6 6.2 5.0 2.5 2 0 2 4 4
-1197.4 6121.5 -51.3 200 0 12.0 9.1 5.0 2.5 2 0 2 5 5
-1165.8 6116.0 -52.4 253 0 9.7 10.8 5.0 2.5 2 1 2 4 4
-1152.1 6108.2 -52.5 75 0 7.9 11.2 5.0 2.5 2 1 2 4 4
-1142.5 6110.7 -52.3 74 0 6.2 11.9 5.0 2.5 2 1 2 4 4
-1115.5 6185.5 -48.8 270 0 5.5 6.2 5.0 2.5 2 1 2 4 4
-1116.2 6176.5 -49.1 272 0 14.2 4.8 5.0 2.5 4 0 2 5 5
-1093.5 6182.2 -48.0 272 0 8.2 15.6 5.0 2.5 2 1 2 5 5
-1083.6 6182.9 -47.3 268 0 8.4 15.5 5.0 0.0 0 1 2 0 0
-1072.4 6181.7 -46.8 270 0 8.4 14.5 5.0 2.5 2 1 2 4 4
-1061.5 6181.3 -46.3 273 0 8.2 16.2 5.0 2.5 2 1 2 0 0
-1050.6 6182.6 -45.6 274 0 9.6 14.8 5.0 2.5 2 1 2 3 3
-1051.6 6188.1 -44.7 91 0 7.2 12.2 5.0 2.5 2 1 2 3 3
-1061.8 6189.1 -45.3 94 0 7.2 16.8 5.0 2.5 2 1 2 0 0
-1101.9 6192.5 -47.9 89 0 7.8 15.3 5.0 2.5 2 1 2 1 1
-1114.4 6217.2 -47.8 186 0 8.2 8.2 5.0 2.5 2 0 2 4 4
-1112.4 6192.9 -48.6 95 0 7.6 15.7 5.0 2.5 2 1 2 4 4
-1121.0 6212.2 -48.9 271 0 7.1 8.9 5.0 0.0 0 1 2 3 3
-1144.6 6140.0 -50.7 193 0 13.4 8.1 5.0 2.5 2 0 2 5 5
-1135.2 6167.2 -49.9 197 0 10.7 8.7 5.0 2.5 4 0 2 0 0
-1146.8 6339.9 -47.1 283 0 7.1 8.8 5.0 2.5 2 1 2 4 4
-1149.5 6312.8 -48.0 112 0 11.1 15.4 5.0 2.5 2 1 2 3 3
-1107.3 6292.1 -47.3 16 0 13.0 34.9 5.0 2.5 2 1 2 4 4
-582.5 6304.3 -43.3 262 0 8.0 18.6 5.0 2.5 2 1 2 5 5
-1703.6 6642.1 -43.9 108 0 5.9 15.3 5.0 2.5 2 1 2 0 0
-1693.4 6638.5 -44.1 105 0 5.6 18.1 5.0 0.0 0 1 2 1 1
-1686.4 6635.8 -44.4 107 0 6.0 11.9 5.0 2.5 4 1 2 2 2
-1678.2 6630.8 -45.0 106 0 8.7 15.2 5.0 2.5 2 1 2 3 3
-1675.7 6660.8 -41.7 289 0 6.6 9.2 5.0 2.5 2 1 2 3 3
-1657.7 6658.7 -41.8 289 0 6.9 14.1 5.0 2.5 4 1 2 2 2
-1667.5 6627.7 -45.4 107 0 9.1 13.7 5.0 2.5 2 1 2 2 2
-1658.6 6625.1 -45.7 110 0 6.0 12.3 5.0 2.5 4 1 2 3 3
-1650.3 6622.4 -46.1 108 0 7.0 12.8 5.0 2.5 2 1 2 1 1
-1702.9 6627.5 -47.8 284 0 6.6 6.7 5.0 2.5 2 1 2 3 3
-1662.6 6616.8 -50.2 291 0 7.4 13.9 5.0 2.5 2 1 2 2 2
-1648.6 6613.9 -51.5 288 0 16.2 18.0 5.0 0.0 0 1 2 4 4
-1649.8 6651.9 -42.1 277 0 7.1 11.0 5.0 2.5 2 1 2 0 0
-1633.2 6617.3 -46.8 105 0 6.7 14.5 5.0 2.5 2 1 2 5 5
-1633.5 6608.7 -51.0 286 0 7.9 12.4 5.0 2.5 2 1 2 4 4
-1624.1 6605.5 -51.5 287 0 6.6 12.6 5.0 2.5 2 1 2 1 1
-1592.4 6606.2 -47.7 108 0 4.2 10.3 5.0 2.5 2 1 2 3 3
-1583.0 6612.0 -45.5 109 0 6.8 8.2 5.0 2.5 2 1 2 5 5
-1576.8 6601.6 -47.9 112 0 5.9 11.1 5.0 2.5 2 1 2 3 3
-1568.1 6598.4 -48.3 111 0 8.7 14.9 5.0 2.5 4 1 2 0 0
-2949.2 -3924.0 -28.4 83 0 14.9 9.8 2.5 2.5 2 0 1 5 5
-2911.0 -3872.8 -29.0 265 0 18.0 31.6 7.5 2.5 2 1 3 4 4
-1783.1 -3411.4 -33.6 131 0 6.5 5.1 5.0 2.5 2 0 2 0 0
-1717.7 -3390.8 -34.0 210 0 6.6 5.6 2.5 2.5 2 0 1 1 1
-1718.4 -3413.5 -33.9 34 0 11.9 16.9 2.5 2.5 2 1 1 4 4
-1745.5 -3414.8 -33.7 218 0 5.9 9.6 2.5 2.5 2 1 1 5 5
-1740.6 -3459.1 -33.3 218 0 10.0 18.8 5.0 2.5 2 1 2 4 4
-1737.4 -3482.7 -33.1 42 0 6.1 11.5 5.0 2.5 2 1 2 1 1
-1750.6 -3492.4 -32.9 46 0 5.0 11.3 5.0 2.5 2 1 2 3 3
-1744.9 -3439.0 -33.6 39 0 6.8 10.2 2.5 2.5 2 1 1 3 3
-1759.7 -3426.8 -33.6 216 0 8.8 4.7 2.5 2.5 2 0 1 2 2
-1772.4 -3437.6 -33.4 218 0 7.7 4.0 2.5 2.5 4 0 1 3 3
-1757.0 -3453.2 -33.4 41 0 8.3 15.8 2.5 2.5 2 1 1 0 0
-1786.8 -3450.8 -33.3 210 0 5.2 8.0 2.5 2.5 2 1 1 1 1
-1787.7 -3476.0 -33.2 45 0 7.3 11.0 2.5 2.5 4 1 1 3 3
-1798.9 -3486.7 -33.1 43 0 5.6 9.6 2.5 2.5 2 1 1 4 4
-1762.4 -3506.5 -32.7 43 0 7.9 11.5 5.0 2.5 2 1 2 5 5
-1780.3 -3515.0 -32.7 137 0 10.5 6.7 5.0 2.5 2 0 2 1 1
-1787.7 -3518.9 -32.4 308 0 8.8 8.2 5.0 2.5 4 0 2 3 3
-1809.9 -3523.0 -32.1 222 0 6.9 10.6 5.0 2.5 2 1 2 0 0
-1823.5 -3484.2 -32.7 305 0 7.1 6.7 5.0 0.0 0 0 2 2 2
-1845.0 -3489.1 -31.9 221 0 4.1 12.7 5.0 2.5 2 1 2 2 2
-1846.7 -3551.1 -29.8 219 0 9.8 15.6 5.0 2.5 2 1 2 5 5
-1900.3 -3577.8 -27.6 25 0 15.4 7.9 5.0 2.5 4 0 2 5 5
-2821.5 -2896.5 -40.4 292 0 14.7 17.4 5.0 2.5 2 1 2 5 5
-2835.2 -2854.6 -40.5 123 0 6.8 7.1 7.5 2.5 2 1 3 1 1
-2847.1 -2883.1 -40.4 308 0 7.5 9.4 5.0 2.5 2 1 2 5 5
-2862.4 -2909.4 -40.6 117 0 8.0 10.3 5.0 2.5 2 1 2 5 5
-2873.6 -2904.2 -40.9 111 0 11.2 15.9 5.0 2.5 4 1 2 0 0
-2860.8 -2875.4 -40.7 296 0 8.9 11.3 5.0 2.5 2 1 2 0 0
-2883.9 -2875.4 -41.1 202 0 12.2 8.5 5.0 2.5 2 0 2 0 0
-2892.2 -2891.4 -41.2 205 0 9.5 12.2 5.0 0.0 0 1 2 5 5
-2896.3 -2879.7 -41.7 26 0 19.9 17.9 5.0 2.5 2 0 2 3 3
-2857.3 -2860.3 -40.6 114 0 11.0 9.3 5.0 2.5 2 0 2 5 5
-2871.0 -2855.2 -40.7 115 0 11.0 11.3 5.0 2.5 2 1 2 2 2
-2884.1 -2848.6 -40.9 117 0 8.3 12.9 5.0 0.0 0 1 2 0 0
-2896.3 -2833.2 -41.1 210 0 14.1 5.9 5.0 2.5 4 0 2 4 4
-2903.9 -2830.5 -41.3 24 0 17.5 3.1 5.0 2.5 2 0 2 5 5
-2902.8 -2815.5 -41.2 21 0 7.2 10.3 5.0 2.5 2 1 2 3 3
-2925.6 -2825.9 -41.6 112 0 9.2 17.1 5.0 2.5 2 1 2 5 5
-2935.4 -2815.0 -41.7 120 0 10.1 4.6 5.0 0.0 0 0 2 4 4
-2940.2 -2823.7 -41.8 125 0 8.0 7.4 5.0 2.5 2 0 2 4 4
-2951.7 -2816.6 -41.8 115 0 8.6 17.5 5.0 2.5 2 1 2 1 1
-2968.5 -2810.8 -41.9 116 0 8.7 15.5 5.0 2.5 2 1 2 3 3
-2979.1 -2804.2 -41.8 113 0 6.9 10.3 5.0 2.5 2 1 2 4 4
-2993.2 -2792.1 -41.8 205 0 10.8 8.8 5.0 2.5 2 0 2 3 3
-2943.3 -2875.8 -41.9 109 0 5.1 14.8 5.0 2.5 2 1 2 0 0
-2924.1 -2876.7 -41.9 25 0 12.3 8.3 5.0 2.5 2 0 2 1 1
-2916.6 -2859.5 -41.9 23 0 13.4 13.4 5.0 2.5 2 1 2 2 2
-2930.5 -2842.9 -41.9 295 0 5.6 14.6 5.0 2.5 2 1 2 4 4
-2943.8 -2843.2 -41.9 291 0 9.7 8.7 5.0 2.5 2 0 2 5 5
-2953.3 -2833.2 -41.9 289 0 4.3 16.7 5.0 2.5 2 1 2 1 1
-2955.6 -2870.4 -41.9 112 0 7.6 18.2 5.0 2.5 2 1 2 1 1
-2965.1 -2866.7 -41.9 115 0 7.2 14.9 5.0 2.5 2 1 2 1 1
-2976.8 -2862.6 -41.8 114 0 6.4 12.3 5.0 2.5 2 1 2 1 1
-2967.0 -2838.1 -41.9 295 0 12.1 10.3 5.0 2.5 2 0 2 5 5
-2962.9 -2827.9 -42.0 292 0 8.3 5.8 5.0 2.5 2 0 2 0 0
-2975.9 -2823.3 -42.0 296 0 7.3 7.4 5.0 2.5 2 1 2 3 3
-2985.5 -2825.3 -42.0 292 0 4.5 9.1 5.0 2.5 2 1 2 2 2
-2979.5 -2833.1 -42.0 295 0 7.0 4.6 5.0 2.5 4 0 2 2 2
-2989.4 -2858.2 -41.8 115 0 11.0 8.7 5.0 2.5 2 0 2 5 5
-2986.0 -2847.3 -41.9 115 0 10.2 8.6 5.0 2.5 2 0 2 3 3
-2996.5 -2844.1 -41.8 111 0 6.6 5.9 5.0 2.5 2 0 2 2 2
-3001.8 -2852.9 -41.6 111 0 9.4 7.8 5.0 2.5 2 0 2 5 5
-2999.1 -2788.0 -41.7 24 0 13.8 7.6 5.0 2.5 2 0 2 1 1
-3014.9 -2790.1 -41.6 114 0 6.3 10.7 5.0 0.0 0 1 2 0 0
-3026.3 -2784.7 -41.5 115 0 7.5 7.4 5.0 2.5 2 0 2 1 1
-3038.9 -2780.2 -41.6 112 0 4.1 5.5 5.0 2.5 2 1 2 1 1
-2854.0 -2930.0 -40.6 297 0 16.5 18.2 5.0 0.0 0 1 2 0 0
-2879.3 -2931.1 -40.9 298 0 5.0 3.9 5.0 2.5 2 0 2 4 4
-2873.2 -2921.9 -40.8 286 0 7.5 7.1 5.0 2.5 2 0 2 2 2
-2887.9 -2913.6 -41.2 295 0 9.2 13.1 5.0 2.5 2 1 2 0 0
-2913.5 -2898.9 -41.6 296 0 14.0 8.4 5.0 2.5 2 0 2 3 3
-2916.4 -2912.1 -41.4 301 0 10.9 12.0 5.0 2.5 4 1 2 3 3
-2966.8 -2942.2 -41.0 111 0 8.7 5.1 5.0 2.5 2 0 2 3 3
-2950.8 -2938.6 -41.0 117 0 7.7 4.1 5.0 2.5 2 0 2 4 4
-2944.6 -2927.8 -41.3 114 0 9.4 8.9 5.0 2.5 2 0 2 0 0
-2932.8 -2895.2 -41.7 288 0 10.0 18.5 5.0 0.0 0 1 2 4 4
-2943.4 -2888.7 -41.7 290 0 6.9 22.2 5.0 2.5 2 1 2 3 3
-2954.8 -2889.0 -41.6 294 0 9.8 19.8 5.0 2.5 2 1 2 1 1
-2966.6 -2886.6 -41.5 293 0 4.0 12.2 5.0 2.5 2 1 2 1 1
-2998.8 -2925.7 -41.3 115 0 9.9 17.3 5.0 2.5 2 1 2 4 4
-2980.3 -2910.4 -41.4 116 0 11.2 8.4 5.0 2.5 4 0 2 5 5
-2980.5 -2894.4 -41.4 295 0 6.5 4.6 5.0 0.0 0 0 2 3 3
-2975.7 -2879.1 -41.5 289 0 6.2 12.7 5.0 2.5 4 1 2 3 3
-2984.9 -2877.1 -41.5 296 0 7.2 4.5 5.0 2.5 4 0 2 3 3
-3003.8 -2866.6 -41.3 285 0 8.7 12.4 5.0 2.5 2 1 2 3 3
-3026.5 -2866.1 -41.1 197 0 8.3 14.0 5.0 2.5 2 1 2 0 0
-3022.5 -2915.5 -41.4 114 0 3.3 5.0 5.0 2.5 2 1 2 4 4
-3036.4 -2905.5 -41.5 202 0 4.7 3.5 5.0 2.5 4 0 2 4 4
-2923.5 -2992.2 -41.0 120 0 8.2 7.8 5.0 2.5 2 0 2 0 0
-2927.2 -2977.9 -40.9 292 0 5.1 5.2 5.0 2.5 2 1 2 1 1
-2937.7 -2974.9 -40.9 300 0 13.1 10.6 5.0 2.5 2 0 2 4 4
-2958.5 -2969.6 -40.9 293 0 9.0 8.0 5.0 0.0 0 0 2 2 2
-2955.4 -2960.7 -40.8 292 0 8.7 6.5 5.0 2.5 2 0 2 4 4
-2965.1 -2957.0 -40.9 291 0 5.7 8.3 5.0 0.0 0 1 2 5 5
-2972.6 -2952.2 -41.0 291 0 5.1 8.9 5.0 2.5 4 1 2 4 4
-2982.4 -2948.4 -41.2 292 0 11.2 12.0 5.0 0.0 0 1 2 1 1
-2992.5 -2943.7 -41.2 296 0 5.4 5.1 5.0 0.0 0 0 2 0 0
-2997.3 -2949.7 -41.4 291 0 10.0 8.7 5.0 2.5 4 0 2 1 1
-3007.1 -2939.2 -41.5 298 0 9.1 14.8 5.0 2.5 2 1 2 1 1
-3016.7 -2931.7 -41.5 299 0 5.5 14.4 5.0 2.5 2 1 2 0 0
-3040.1 -2920.3 -41.7 292 0 3.1 8.5 5.0 2.5 2 1 2 5 5
-3029.8 -2932.4 -41.6 299 0 8.9 7.5 5.0 0.0 0 0 2 2 2
-3044.3 -2949.2 -41.5 121 0 7.4 10.2 5.0 2.5 4 1 2 0 0
-3061.0 -2911.6 -41.7 296 0 7.9 13.9 5.0 2.5 2 1 2 1 1
-3066.8 -2928.9 -41.5 33 0 3.9 12.6 5.0 2.5 2 1 2 0 0
-3080.0 -2884.8 -41.6 115 0 6.3 16.1 5.0 2.5 2 1 2 5 5
-3035.6 -2860.1 -41.1 23 0 7.9 6.4 5.0 2.5 2 0 2 4 4
-3050.4 -2851.2 -41.2 288 0 7.7 10.1 5.0 2.5 2 1 2 4 4
-3017.5 -2815.1 -41.5 26 0 8.1 15.9 5.0 2.5 2 1 2 2 2
-3022.9 -2834.1 -41.3 24 0 15.4 9.6 5.0 0.0 0 0 2 2 2
-3041.4 -2831.9 -41.2 114 0 9.1 14.5 5.0 2.5 2 1 2 0 0
-3053.9 -2823.8 -41.3 111 0 8.4 17.6 5.0 2.5 2 1 2 0 0
-3064.5 -2814.4 -41.4 116 0 10.3 12.3 5.0 2.5 2 1 2 0 0
-3070.5 -2825.2 -41.3 115 0 5.5 10.4 5.0 2.5 2 1 2 3 3
-3080.1 -2817.3 -41.5 109 0 6.4 8.5 5.0 2.5 4 1 2 1 1
-3087.0 -2802.9 -41.7 116 0 10.5 8.9 5.0 2.5 2 0 2 1 1
-3090.2 -2813.0 -41.6 110 0 7.3 7.9 5.0 2.5 2 1 2 5 5
-3097.6 -2832.8 -41.5 291 0 12.3 6.4 5.0 0.0 0 0 2 2 2
-3128.1 -2816.3 -42.0 288 0 9.2 23.4 5.0 2.5 2 1 2 4 4
-3103.8 -2810.6 -41.8 109 0 11.2 17.3 5.0 2.5 2 1 2 5 5
-3116.0 -2801.8 -42.0 115 0 7.2 17.8 5.0 2.5 2 1 2 5 5
-3129.3 -2796.1 -42.1 101 0 12.3 7.2 5.0 2.5 4 0 2 5 5
-3177.2 -2770.6 -42.0 123 0 7.8 9.9 5.0 2.5 2 1 2 4 4
-3161.3 -2815.6 -41.8 37 0 7.8 4.7 5.0 2.5 2 0 2 4 4
-3195.0 -2819.0 -41.6 122 0 21.5 6.3 5.0 2.5 2 0 2 4 4
-3221.6 -2797.4 -41.5 208 0 5.4 19.4 5.0 2.5 2 1 2 1 1
-3219.1 -2783.8 -41.6 204 0 6.3 11.6 5.0 2.5 2 1 2 3 3
-3470.5 -2584.6 -38.5 320 0 8.3 5.4 5.0 2.5 2 0 2 5 5
-3504.7 -2557.4 -38.7 298 0 5.3 9.0 5.0 2.5 2 1 2 4 4
-3484.4 -2565.0 -38.5 308 0 9.5 14.6 5.0 2.5 4 1 2 2 2
-3521.6 -2550.4 -38.9 218 0 15.4 7.7 5.0 2.5 2 0 2 0 0
-3652.0 -2489.0 -39.1 288 0 7.7 5.6 2.5 0.0 0 0 1 0 0
-3638.9 -2490.7 -39.2 284 0 5.9 13.0 2.5 2.5 2 1 1 2 2
-3628.8 -2502.1 -39.1 305 0 7.2 16.4 2.5 2.5 2 1 1 2 2
-3630.8 -2548.5 -38.1 25 0 6.4 10.6 2.5 2.5 2 1 1 2 2
-3643.3 -2544.3 -38.1 29 0 7.7 5.8 2.5 0.0 0 0 1 3 3
-3656.9 -2580.0 -37.2 293 0 9.5 5.0 5.0 2.5 2 0 2 0 0
-3638.7 -2571.1 -37.5 20 0 5.7 15.4 2.5 2.5 2 1 1 3 3
-3637.5 -2559.9 -37.8 22 0 8.1 4.7 2.5 2.5 2 0 1 4 4
-3626.6 -2562.4 -37.9 207 0 7.2 8.8 5.0 2.5 2 1 2 0 0
-3603.8 -2553.6 -38.3 205 0 10.2 11.2 5.0 2.5 2 1 2 2 2
-3614.0 -2540.2 -38.4 207 0 6.2 7.3 5.0 2.5 2 1 2 3 3
-3586.9 -2527.0 -38.9 302 0 4.6 13.0 5.0 2.5 2 1 2 1 1
-3573.8 -2491.3 -39.2 304 0 7.3 13.1 5.0 0.0 0 1 2 0 0
-3560.8 -2533.4 -38.9 127 0 8.0 7.0 5.0 0.0 0 0 2 5 5
-3548.0 -2519.6 -38.9 310 0 8.6 8.4 5.0 2.5 4 0 2 2 2
-3544.6 -2495.5 -38.6 127 0 5.6 11.1 5.0 2.5 2 1 2 2 2
-3553.5 -2483.5 -38.8 126 0 10.6 16.9 5.0 2.5 2 1 2 4 4
-3566.1 -2475.3 -39.0 130 0 10.5 9.8 5.0 2.5 2 0 2 3 3
-3568.7 -2458.8 -39.0 132 0 6.5 5.6 5.0 2.5 2 0 2 4 4
-3560.2 -2443.8 -38.8 293 0 7.9 7.0 5.0 2.5 2 0 2 1 1
-3570.6 -2436.7 -39.3 304 0 7.5 18.2 5.0 2.5 2 1 2 5 5
-3592.6 -2483.1 -39.8 43 0 7.6 14.6 2.5 2.5 2 1 1 1 1
-3608.0 -2462.8 -39.9 301 0 7.5 7.4 2.5 0.0 0 0 1 4 4
-3590.1 -2443.6 -39.6 127 0 7.9 8.8 5.0 2.5 2 1 2 0 0
-3607.6 -2438.7 -40.0 126 0 7.2 12.5 5.0 2.5 2 1 2 0 0
-3631.5 -2422.9 -40.8 126 0 6.5 14.6 5.0 2.5 2 1 2 4 4
-3641.1 -2406.3 -41.4 211 0 6.0 5.2 5.0 2.5 2 0 2 5 5
-3646.9 -2422.8 -41.2 118 0 10.5 9.8 5.0 2.5 2 0 2 5 5
-3627.5 -2471.1 -39.9 126 0 7.2 7.5 2.5 2.5 2 1 1 4 4
-3615.1 -2453.8 -40.0 303 0 5.9 10.9 2.5 2.5 2 1 1 0 0
-3626.2 -2448.0 -40.3 307 0 11.0 15.6 2.5 2.5 2 1 1 3 3
-3639.6 -2441.9 -40.5 306 0 9.3 10.0 2.5 2.5 2 1 1 5 5
-3682.4 -2447.5 -40.8 12 0 16.6 11.3 2.5 0.0 0 0 1 5 5
-3772.2 -2417.3 -43.9 289 0 6.5 8.4 2.5 2.5 2 1 1 4 4
-3805.7 -2438.7 -42.9 205 0 8.5 14.1 2.5 2.5 2 1 1 5 5
-3825.7 -2471.1 -41.5 29 0 13.7 7.6 2.5 2.5 2 0 1 2 2
-3845.7 -2447.0 -41.4 298 0 6.9 14.4 2.5 2.5 2 1 1 3 3
-3938.6 -2402.1 -42.8 286 0 10.6 7.7 2.5 2.5 2 0 1 4 4
-3944.2 -2421.9 -42.3 107 0 10.0 8.1 2.5 2.5 2 0 1 2 2
-3923.1 -2409.3 -42.2 289 0 4.6 14.9 2.5 0.0 0 1 1 2 2
-3913.1 -2412.7 -42.1 289 0 8.4 16.0 2.5 2.5 2 1 1 4 4
-3888.2 -2428.8 -41.6 295 0 9.0 11.3 2.5 2.5 2 1 1 4 4
-3882.9 -2458.5 -41.3 111 0 5.3 4.1 2.5 2.5 2 0 1 4 4
-3857.8 -2439.5 -41.4 302 0 6.8 9.4 2.5 2.5 2 1 1 2 2
-3851.5 -2428.7 -42.4 115 0 4.7 11.6 5.0 2.5 2 1 2 1 1
-3817.1 -2404.6 -43.5 285 0 5.0 8.1 5.0 2.5 2 1 2 4 4
-3819.7 -2421.2 -42.9 27 0 6.2 7.9 5.0 2.5 2 1 2 4 4
-3826.5 -2401.5 -43.5 296 0 6.1 5.9 5.0 0.0 0 0 2 3 3
-3829.7 -2407.8 -43.1 294 0 9.3 10.9 5.0 2.5 2 1 2 4 4
-3835.2 -2394.4 -43.8 296 0 7.8 14.4 5.0 2.5 2 1 2 5 5
-3851.4 -2393.3 -43.9 211 0 7.1 6.4 5.0 2.5 2 0 2 5 5
-3856.4 -2403.0 -43.3 209 0 8.5 8.3 5.0 2.5 2 0 2 3 3
-3861.0 -2413.5 -42.5 203 0 4.8 7.7 5.0 2.5 2 1 2 3 3
-3824.9 -2383.3 -46.4 113 0 6.7 13.0 5.0 2.5 2 1 2 1 1
-3835.9 -2375.9 -46.5 118 0 5.2 9.3 5.0 2.5 2 1 2 4 4
-3842.3 -2354.5 -47.8 302 0 8.9 6.5 5.0 2.5 2 0 2 1 1
-3886.4 -2380.4 -44.6 201 0 15.7 15.6 5.0 2.5 2 0 2 5 5
-3869.6 -2337.6 -48.8 295 0 7.8 5.2 5.0 2.5 2 0 2 2 2
-3877.3 -2355.5 -47.6 116 0 5.2 9.4 5.0 2.5 2 1 2 1 1
-3885.9 -2347.5 -48.9 111 0 8.4 13.9 5.0 2.5 2 1 2 0 0
-3897.0 -2345.0 -49.7 109 0 7.9 19.3 5.0 2.5 2 1 2 0 0
-3908.2 -2339.1 -49.8 107 0 8.6 13.3 5.0 2.5 2 1 2 0 0
-3918.1 -2333.1 -50.2 110 0 4.4 12.6 5.0 2.5 2 1 2 3 3
-3898.7 -2374.0 -45.4 16 0 9.3 10.0 5.0 0.0 0 1 2 5 5
-3903.6 -2390.1 -44.0 26 0 10.0 9.1 5.0 0.0 0 0 2 0 0
-3922.6 -2391.2 -44.2 114 0 10.9 9.4 5.0 0.0 0 0 2 5 5
-3933.3 -2386.4 -44.8 113 0 4.9 11.6 5.0 2.5 2 1 2 1 1
-3943.0 -2382.0 -45.3 112 0 9.6 10.5 5.0 2.5 2 1 2 4 4
-3951.9 -2370.5 -45.8 111 0 9.8 5.4 5.0 2.5 2 0 2 3 3
-3934.3 -2343.8 -47.9 293 0 7.3 8.0 5.0 2.5 2 1 2 3 3
-3938.4 -2353.1 -47.1 296 0 8.9 10.5 5.0 2.5 2 1 2 0 0
-3956.3 -2350.0 -47.7 198 0 10.3 7.1 5.0 2.5 4 0 2 2 2
-3964.3 -2375.0 -45.0 105 0 6.3 3.2 5.0 2.5 2 0 2 2 2
-3964.4 -2362.6 -46.4 204 0 11.8 5.8 5.0 2.5 2 0 2 4 4
-3351.0 -2818.0 -40.2 139 0 12.7 7.1 2.5 2.5 2 0 1 5 5
-3336.5 -2829.4 -40.5 112 0 11.6 21.1 7.5 2.5 2 1 3 1 1
-3310.1 -2782.9 -41.6 22 0 19.0 12.4 2.5 2.5 2 0 1 0 0
-3303.2 -2754.4 -41.5 293 0 11.2 13.0 5.0 2.5 2 1 2 5 5
-3321.7 -2744.1 -41.2 291 0 12.5 9.1 7.5 2.5 4 0 3 1 1
-3338.1 -2735.5 -41.1 291 0 14.9 10.6 7.5 0.0 0 0 3 5 5
-3386.5 -2722.2 -41.0 202 0 9.6 37.7 7.5 2.5 4 1 3 2 2
-3401.8 -2749.1 -40.6 204 0 41.2 10.8 12.5 2.5 2 0 5 2 2
-4276.0 -2284.5 -47.1 1 0 11.3 8.1 7.5 2.5 2 0 3 0 0
-4305.9 -2279.0 -48.0 185 0 11.6 13.2 10.0 2.5 2 1 4 2 2
-4345.3 -2265.8 -48.5 6 0 9.6 7.3 5.0 0.0 0 0 2 2 2
-4344.1 -2277.4 -47.5 0 0 5.8 8.7 5.0 2.5 2 1 2 4 4
-4365.4 -2280.7 -47.6 93 0 12.9 8.3 5.0 2.5 2 0 2 4 4
-4379.0 -2258.6 -48.6 271 0 7.0 22.3 5.0 2.5 4 1 2 2 2
-4389.6 -2265.4 -48.1 277 0 4.8 4.3 5.0 2.5 2 0 2 0 0
-4391.4 -2282.6 -47.7 98 0 6.9 11.2 5.0 0.0 0 1 2 0 0
-4411.2 -2266.3 -48.0 280 0 6.6 9.2 5.0 2.5 2 1 2 5 5
-4401.5 -2280.7 -47.8 90 0 6.8 11.1 5.0 2.5 2 1 2 2 2
-4365.8 -2311.0 -45.1 285 0 9.1 12.9 2.5 2.5 2 1 1 2 2
-4379.8 -2314.6 -44.7 292 0 9.6 11.6 2.5 2.5 2 1 1 3 3
-4390.1 -2297.7 -45.7 271 0 10.5 11.4 2.5 2.5 2 1 1 5 5
-4402.7 -2298.7 -45.6 270 0 7.7 4.0 2.5 2.5 2 0 1 4 4
-4415.3 -2296.8 -45.7 269 0 6.6 5.6 2.5 2.5 2 0 1 4 4
-4426.5 -2312.2 -44.4 272 0 10.3 10.1 2.5 2.5 2 0 1 0 0
-4450.1 -2305.6 -44.5 269 0 9.0 17.8 2.5 2.5 2 1 1 1 1
-4454.2 -2338.5 -43.1 88 0 33.6 10.6 2.5 2.5 4 0 1 1 1
-4482.5 -2327.9 -42.7 182 0 15.4 8.3 2.5 2.5 2 0 1 2 2
-4482.0 -2311.1 -43.3 178 0 7.6 10.3 2.5 2.5 2 1 1 2 2
-4492.8 -2288.4 -46.0 90 0 7.4 10.3 5.0 2.5 2 1 2 5 5
-4516.2 -2273.8 -46.2 269 0 7.2 7.6 5.0 2.5 2 1 2 3 3
-4533.9 -2297.0 -45.2 90 0 5.6 19.2 5.0 2.5 2 1 2 3 3
-4542.7 -2298.6 -44.2 89 0 8.2 15.6 5.0 2.5 2 1 2 0 0
-4553.0 -2295.2 -44.0 89 0 6.0 12.0 5.0 2.5 2 1 2 5 5
-4562.7 -2304.7 -43.3 88 0 6.1 18.0 5.0 2.5 2 1 2 1 1
-4571.7 -2301.6 -42.5 86 0 7.0 8.9 5.0 2.5 2 1 2 3 3
-4581.5 -2303.2 -42.5 88 0 7.0 11.4 5.0 2.5 2 1 2 1 1
-4588.4 -2274.0 -44.7 270 0 7.4 11.9 5.0 2.5 2 1 2 5 5
-4598.1 -2291.3 -43.7 88 0 5.2 10.4 5.0 2.5 2 1 2 3 3
-4597.3 -2303.1 -41.6 87 0 5.3 6.1 5.0 2.5 2 1 2 4 4
-4606.3 -2306.1 -42.4 93 0 5.4 15.9 5.0 2.5 2 1 2 2 2
-4630.2 -2271.4 -45.5 179 0 9.8 11.5 5.0 2.5 4 1 2 3 3
-4628.2 -2284.9 -43.9 178 0 11.0 10.6 5.0 2.5 2 0 2 3 3
-4622.2 -2308.4 -42.4 88 0 9.8 16.3 5.0 2.5 2 1 2 5 5
-4496.5 -2363.0 -40.8 354 0 17.4 9.5 2.5 2.5 2 0 1 0 0
-4492.9 -2345.7 -41.4 351 0 5.5 8.8 2.5 2.5 4 1 1 4 4
-4489.6 -2315.5 -42.8 2 0 10.2 9.7 2.5 2.5 4 0 1 2 2
-4511.9 -2307.0 -42.1 272 0 5.0 4.3 2.5 2.5 2 0 1 4 4
-4502.4 -2320.5 -42.2 8 0 8.4 9.6 2.5 2.5 2 1 1 5 5
-4519.9 -2309.5 -41.7 268 0 5.1 10.8 2.5 0.0 0 1 1 5 5
-4540.0 -2388.9 -39.9 271 0 7.1 7.7 2.5 0.0 0 1 1 2 2
-4537.5 -2379.5 -40.3 99 0 4.6 7.5 2.5 2.5 2 1 1 4 4
-4549.3 -2371.4 -40.2 184 0 14.7 4.6 2.5 0.0 0 0 1 4 4
-4555.4 -2341.1 -40.4 90 0 4.3 4.3 2.5 2.5 2 1 1 0 0
-4530.0 -2348.1 -40.6 194 0 8.2 7.8 2.5 2.5 2 0 1 1 1
-4534.2 -2324.6 -40.8 276 0 5.3 4.2 2.5 0.0 0 0 1 4 4
-4527.0 -2316.8 -41.1 268 0 5.7 7.3 2.5 2.5 2 1 1 5 5
-4534.9 -2313.5 -41.0 273 0 3.5 7.9 2.5 0.0 0 1 1 2 2
-4544.8 -2310.2 -41.0 269 0 7.2 11.0 2.5 2.5 2 1 1 2 2
-4543.5 -2330.7 -40.7 94 0 7.5 6.0 2.5 2.5 2 0 1 0 0
-4554.0 -2313.3 -40.8 271 0 7.9 16.8 2.5 2.5 2 1 1 1 1
-4563.2 -2338.3 -40.4 87 0 4.2 6.5 2.5 2.5 2 1 1 2 2
-4580.5 -2320.0 -40.4 263 0 9.1 4.1 2.5 0.0 0 0 1 0 0
-4579.1 -2330.9 -40.3 78 0 8.4 5.2 2.5 2.5 2 0 1 2 2
-4576.5 -2342.6 -40.2 91 0 13.3 6.8 2.5 2.5 2 0 1 3 3
-4594.4 -2396.2 -38.8 263 0 7.6 6.4 2.5 0.0 0 0 1 5 5
-4555.4 -2375.0 -39.8 359 0 4.4 12.1 5.0 2.5 2 1 2 4 4
-4586.5 -2351.8 -39.8 281 0 8.7 17.7 5.0 2.5 2 1 2 1 1
-4624.9 -2363.5 -39.2 288 0 5.3 5.5 5.0 2.5 2 1 2 4 4
-4615.1 -2359.7 -39.2 276 0 8.5 10.3 5.0 2.5 2 1 2 4 4
-4597.8 -2341.0 -39.9 98 0 8.1 7.7 2.5 2.5 2 0 1 3 3
-4597.3 -2311.4 -40.4 262 0 6.9 18.0 2.5 2.5 2 1 1 1 1
-4606.2 -2321.1 -40.1 267 0 6.1 14.7 2.5 2.5 2 1 1 4 4
-4614.9 -2323.0 -40.0 276 0 3.7 10.7 2.5 2.5 2 1 1 0 0
-4635.7 -2328.1 -40.2 196 0 15.3 14.7 2.5 2.5 2 0 1 2 2
-4641.2 -2341.5 -39.9 187 0 4.9 9.4 2.5 2.5 2 1 1 5 5
-4625.6 -2352.7 -39.5 270 0 7.1 5.3 5.0 2.5 2 0 2 2 2
-4637.0 -2350.5 -39.6 271 0 6.6 7.5 5.0 2.5 4 1 2 5 5
-4638.8 -2382.7 -38.9 90 0 6.3 4.0 5.0 2.5 2 0 2 0 0
-4641.6 -2370.9 -39.2 177 0 7.1 9.2 5.0 2.5 2 1 2 2 2
-4623.4 -2411.7 -38.5 17 0 3.8 9.7 2.5 2.5 2 1 1 3 3
-4645.5 -2392.5 -38.6 267 0 8.3 11.7 2.5 2.5 2 1 1 0 0
-4649.7 -2374.9 -39.1 358 0 7.0 14.6 2.5 0.0 0 1 1 3 3
-4647.5 -2353.7 -39.8 354 0 6.8 15.1 2.5 2.5 2 1 1 1 1
-4649.2 -2343.1 -40.1 90 0 5.3 5.8 5.0 2.5 2 1 2 2 2
-4647.8 -2324.7 -40.3 278 0 6.7 9.4 5.0 2.5 2 1 2 3 3
-4660.0 -2345.0 -40.4 89 0 3.5 19.0 5.0 2.5 2 1 2 2 2
-4673.2 -2327.8 -40.5 270 0 9.0 10.5 5.0 2.5 2 1 2 1 1
-4685.7 -2343.6 -40.7 92 0 12.5 13.9 5.0 0.0 0 1 2 4 4
-4686.7 -2357.0 -39.6 272 0 7.0 20.7 2.5 2.5 2 1 1 2 2
-4698.6 -2356.4 -39.9 274 0 9.8 21.3 2.5 2.5 2 1 1 1 1
-4735.8 -2403.8 -39.6 273 0 9.8 8.6 7.5 2.5 2 0 3 0 0
-4741.6 -2360.2 -41.5 271 0 5.2 13.1 2.5 2.5 2 1 1 2 2
-4731.8 -2360.0 -41.1 269 0 5.4 14.6 2.5 2.5 2 1 1 0 0
-4720.7 -2358.7 -40.8 280 0 6.0 8.9 2.5 2.5 2 1 1 1 1
-4712.2 -2360.4 -40.4 275 0 7.7 16.2 2.5 2.5 4 1 1 0 0
-4711.8 -2350.9 -40.6 171 0 5.0 7.5 5.0 2.5 2 1 2 3 3
-4707.4 -2344.0 -41.0 81 0 5.5 9.2 5.0 2.5 4 1 2 4 4
-4719.9 -2334.7 -41.8 264 0 11.9 8.9 5.0 2.5 2 0 2 0 0
-4690.4 -2316.6 -41.9 90 0 6.2 7.3 5.0 2.5 2 1 2 3 3
-4638.1 -2261.0 -46.6 353 0 6.2 11.5 5.0 2.5 2 1 2 4 4
-4637.8 -2269.9 -45.5 354 0 6.5 18.8 5.0 2.5 4 1 2 1 1
-4638.4 -2280.7 -44.6 356 0 10.7 18.3 5.0 2.5 4 1 2 1 1
-4638.2 -2292.7 -43.1 359 0 6.2 14.2 5.0 2.5 2 1 2 2 2
-4637.8 -2303.6 -42.0 1 0 9.8 9.3 5.0 2.5 2 0 2 3 3
-4660.0 -2308.8 -43.0 87 0 9.7 15.8 5.0 2.5 2 1 2 5 5
-4675.6 -2309.6 -43.5 88 0 11.3 17.7 5.0 2.5 2 1 2 4 4
-4703.6 -2281.8 -45.3 272 0 8.7 12.6 5.0 2.5 2 1 2 2 2
-4709.5 -2317.5 -42.7 89 0 8.4 10.7 5.0 2.5 2 1 2 2 2
-4718.8 -2290.9 -44.6 269 0 9.7 9.9 5.0 2.5 2 1 2 1 1
-4724.7 -2322.8 -43.1 88 0 6.9 14.7 5.0 2.5 2 1 2 0 0
-4737.0 -2288.7 -46.1 237 0 21.4 4.7 5.0 2.5 2 0 2 4 4
-4734.9 -2312.4 -43.8 84 0 3.8 9.3 5.0 2.5 2 1 2 5 5
-4744.2 -2323.2 -44.2 80 0 8.5 14.3 5.0 2.5 2 1 2 1 1
-4758.7 -2321.9 -44.8 91 0 8.9 13.7 5.0 2.5 2 1 2 1 1
-4742.5 -2350.6 -42.5 92 0 9.7 7.3 5.0 2.5 4 0 2 5 5
-4730.6 -2353.6 -42.2 89 0 5.9 18.9 5.0 2.5 2 1 2 0 0
-4744.8 -2334.6 -43.0 270 0 9.4 5.0 5.0 2.5 2 0 2 3 3
-4755.6 -2353.6 -43.4 89 0 7.7 16.6 5.0 2.5 2 1 2 3 3
-4786.7 -2381.1 -41.9 0 0 11.6 17.0 10.0 2.5 2 1 4 5 5
-4798.0 -2366.0 -42.6 278 0 21.3 5.2 5.0 2.5 2 0 2 4 4
-4803.4 -2348.7 -43.9 93 0 3.5 5.8 2.5 2.5 4 1 1 0 0
-4788.5 -2353.6 -43.4 88 0 9.9 3.4 2.5 2.5 4 0 1 0 0
-4785.2 -2335.2 -44.4 272 0 9.9 3.9 2.5 2.5 2 0 1 2 2
-4788.4 -2317.9 -45.2 91 0 5.2 10.1 5.0 2.5 2 1 2 0 0
-4798.0 -2302.5 -45.5 275 0 6.0 9.7 5.0 2.5 2 1 2 5 5
-4808.2 -2315.9 -45.5 97 0 7.6 6.9 5.0 2.5 2 0 2 4 4
-4802.7 -2324.1 -45.2 89 0 21.1 4.5 5.0 2.5 2 0 2 0 0
-4830.7 -2322.8 -45.7 86 0 20.7 6.0 5.0 2.5 2 0 2 2 2
-4817.4 -2335.2 -44.5 270 0 8.9 4.9 2.5 2.5 4 0 1 3 3
-4816.4 -2351.6 -43.9 94 0 10.0 7.0 2.5 0.0 0 0 1 0 0
-4827.8 -2339.7 -44.3 281 0 8.2 7.9 2.5 0.0 0 0 1 0 0
-4845.1 -2340.0 -44.4 270 0 8.1 10.1 2.5 2.5 2 1 1 4 4
-5194.0 -2298.5 -42.5 288 0 9.5 13.8 2.5 2.5 2 1 1 5 5
-5181.8 -2302.5 -42.2 286 0 9.5 13.9 2.5 2.5 2 1 1 5 5
-5191.5 -2341.2 -42.4 104 0 10.4 20.1 2.5 2.5 2 1 1 2 2
-5183.9 -2346.2 -41.5 192 0 7.5 29.9 2.5 2.5 2 1 1 0 0
-5138.6 -2315.2 -41.7 281 0 15.9 29.5 2.5 2.5 2 1 1 4 4
-5137.7 -2361.0 -41.1 101 0 32.2 10.5 2.5 2.5 2 0 1 2 2
-5096.5 -2363.7 -41.2 9 0 10.2 20.6 2.5 2.5 2 1 1 5 5
-5111.2 -2336.6 -41.5 286 0 7.8 15.6 2.5 2.5 4 1 1 1 1
-5107.3 -2320.4 -41.9 285 0 10.8 10.6 2.5 2.5 2 0 1 2 2
-5090.8 -2321.5 -42.0 290 0 10.5 10.7 2.5 2.5 2 1 1 1 1
-5093.8 -2334.2 -41.7 281 0 9.6 17.4 2.5 2.5 2 1 1 1 1
-5080.4 -2337.0 -41.8 283 0 10.5 10.0 2.5 2.5 2 0 1 2 2
-5051.6 -2328.6 -42.1 284 0 10.5 12.7 2.5 2.5 2 1 1 2 2
-5817.1 -2170.2 -40.4 293 0 12.2 18.6 2.5 2.5 2 1 1 4 4
-5671.4 -2135.4 -43.5 192 0 3.6 6.3 5.0 2.5 4 1 2 2 2
-5649.8 -2143.3 -43.7 294 0 4.7 7.9 5.0 2.5 2 1 2 3 3
-5657.8 -2160.5 -43.7 112 0 7.4 7.1 5.0 2.5 4 0 2 5 5
-5675.2 -2145.2 -43.5 192 0 10.8 11.3 5.0 2.5 2 1 2 0 0
-5655.4 -2109.1 -45.9 207 0 7.5 6.6 5.0 0.0 0 0 2 2 2
-5660.2 -2124.2 -44.9 108 0 9.3 9.0 5.0 2.5 2 0 2 1 1
-5647.2 -2121.3 -45.5 124 0 6.1 8.4 5.0 2.5 2 1 2 1 1
-5624.4 -2130.7 -44.1 119 0 9.7 5.8 5.0 2.5 2 0 2 2 2
-5638.9 -2132.4 -44.7 114 0 9.9 10.4 5.0 0.0 0 1 2 0 0
-5631.1 -2104.0 -46.5 293 0 8.8 7.9 5.0 2.5 2 0 2 0 0
-5628.3 -2151.6 -43.9 289 0 8.6 5.1 5.0 2.5 2 0 2 4 4
-5646.9 -2166.4 -43.8 115 0 7.7 10.3 5.0 0.0 0 1 2 4 4
-5634.0 -2165.6 -43.9 114 0 11.4 7.0 5.0 2.5 2 0 2 4 4
-5619.6 -2177.5 -44.1 118 0 7.6 15.0 5.0 0.0 0 1 2 0 0
-5538.8 -2127.2 -50.9 302 0 6.6 9.5 5.0 2.5 2 1 2 1 1
-5523.4 -2140.6 -51.3 35 0 6.5 6.7 5.0 2.5 2 1 2 4 4
-5514.0 -2131.5 -52.7 132 0 3.3 7.6 5.0 2.5 4 1 2 2 2
-5511.7 -2139.5 -52.7 130 0 5.8 7.9 5.0 2.5 2 1 2 4 4
-5550.4 -2126.5 -50.0 296 0 6.3 9.8 5.0 2.5 2 1 2 2 2
-5570.2 -2116.1 -49.7 297 0 6.7 14.5 5.0 0.0 0 1 2 2 2
-5559.7 -2122.3 -49.6 300 0 6.5 13.8 5.0 2.5 2 1 2 1 1
-5580.8 -2108.9 -50.2 292 0 10.7 16.2 5.0 2.5 2 1 2 5 5
-5599.5 -2139.4 -46.3 112 0 9.1 13.0 5.0 2.5 2 1 2 2 2
-5574.5 -2158.6 -47.1 111 0 6.5 12.7 5.0 2.5 4 1 2 4 4
-5565.5 -2167.8 -47.6 108 0 5.3 19.5 5.0 2.5 2 1 2 1 1
-5558.2 -2171.3 -47.9 110 0 6.4 19.8 5.0 2.5 2 1 2 1 1
-5602.3 -2164.1 -44.2 290 0 8.6 5.2 5.0 2.5 2 0 2 0 0
-5589.4 -2163.1 -44.4 300 0 6.3 6.2 5.0 2.5 2 0 2 2 2
-5597.3 -2181.6 -44.4 116 0 8.4 11.2 5.0 2.5 2 1 2 4 4
-5579.9 -2168.0 -44.6 287 0 12.3 20.3 5.0 2.5 2 1 2 2 2
-5541.7 -2210.1 -45.1 110 0 10.4 3.1 5.0 2.5 2 0 2 4 4
-5540.4 -2185.0 -46.5 23 0 10.2 5.6 5.0 2.5 2 0 2 3 3
-5555.0 -2175.4 -46.4 206 0 8.1 8.7 5.0 2.5 2 1 2 0 0
-5565.5 -2193.7 -44.8 110 0 3.7 13.2 5.0 2.5 2 1 2 1 1
-5573.6 -2192.4 -44.6 110 0 6.4 9.8 5.0 2.5 2 1 2 0 0
-5556.9 -2199.1 -45.2 112 0 11.6 12.6 5.0 2.5 2 1 2 3 3
-5526.8 -2194.2 -47.2 19 0 16.3 10.5 5.0 2.5 2 0 2 5 5
-5552.7 -2231.3 -44.4 25 0 9.2 7.4 2.5 2.5 2 0 1 0 0
-5564.5 -2221.4 -44.4 290 0 4.2 17.2 2.5 2.5 2 1 1 0 0
-5573.7 -2218.5 -44.3 298 0 6.3 13.8 2.5 0.0 0 1 1 3 3
-5583.1 -2210.8 -44.2 296 0 7.4 7.0 2.5 2.5 2 0 1 0 0
-5589.9 -2225.0 -44.1 115 0 6.9 6.7 2.5 2.5 2 0 1 0 0
-5586.1 -2241.6 -43.9 111 0 9.5 7.5 2.5 2.5 2 0 1 3 3
-5596.2 -2233.2 -43.9 111 0 6.5 5.1 2.5 2.5 2 0 1 3 3
-5595.0 -2205.8 -44.1 291 0 7.2 11.7 2.5 2.5 2 1 1 1 1
-5620.1 -2188.5 -44.0 293 0 7.5 24.0 2.5 2.5 2 1 1 5 5
-5608.1 -2195.2 -44.1 309 0 8.4 13.0 2.5 2.5 4 1 1 4 4
-5623.2 -2218.3 -44.0 118 0 8.8 11.4 2.5 2.5 2 1 1 4 4
-5624.7 -2241.5 -43.3 304 0 4.5 7.4 2.5 2.5 2 1 1 5 5
-5628.6 -2248.6 -43.1 306 0 8.9 5.5 2.5 2.5 2 0 1 5 5
-5634.1 -2268.2 -42.8 117 0 6.9 8.8 2.5 2.5 2 1 1 5 5
-5639.0 -2250.3 -43.0 301 0 6.6 4.8 2.5 2.5 2 0 1 3 3
-5649.0 -2270.5 -42.8 120 0 8.5 15.2 2.5 2.5 2 1 1 4 4
-5665.2 -2237.7 -43.0 289 0 8.1 4.1 2.5 2.5 2 0 1 2 2
-5672.6 -2252.3 -42.8 115 0 7.8 9.8 2.5 2.5 2 1 1 2 2
-5664.7 -2262.1 -42.8 116 0 8.2 17.3 2.5 2.5 4 1 1 2 2
-5639.0 -2227.2 -43.5 297 0 8.9 14.5 2.5 0.0 0 1 1 1 1
-5654.2 -2232.7 -43.2 305 0 7.4 3.6 2.5 2.5 2 0 1 5 5
-5666.5 -2228.9 -43.1 301 0 7.4 5.0 2.5 2.5 4 0 1 5 5
-5663.3 -2216.2 -43.5 292 0 5.3 9.6 2.5 2.5 2 1 1 4 4
-5656.2 -2212.6 -43.7 113 0 7.4 16.8 2.5 2.5 2 1 1 0 0
-5642.8 -2208.8 -43.7 117 0 7.1 7.3 2.5 2.5 2 1 1 3 3
-5634.5 -2186.7 -43.8 295 0 6.9 11.6 2.5 2.5 2 1 1 4 4
-5642.1 -2183.2 -43.8 298 0 5.8 10.2 2.5 2.5 2 1 1 1 1
-5652.9 -2177.8 -43.7 291 0 6.4 15.9 2.5 2.5 4 1 1 0 0
-5672.7 -2202.3 -43.6 110 0 9.1 13.9 2.5 2.5 2 1 1 5 5
-5662.9 -2178.5 -43.6 293 0 6.0 8.5 2.5 2.5 2 1 1 3 3
-5675.4 -2176.8 -43.5 205 0 6.2 5.6 2.5 2.5 2 0 1 0 0
-5685.1 -2230.6 -42.7 300 0 9.2 7.0 2.5 2.5 2 0 1 3 3
-5692.3 -2244.3 -42.4 115 0 8.3 4.9 2.5 2.5 2 0 1 2 2
-5695.9 -2253.2 -42.0 112 0 8.3 7.3 2.5 2.5 2 0 1 5 5
-5709.6 -2235.5 -42.2 118 0 11.9 10.1 2.5 2.5 4 0 1 5 5
-5700.6 -2153.9 -43.1 272 0 4.3 3.0 5.0 2.5 2 0 2 5 5
-5701.4 -2196.9 -43.2 299 0 9.5 9.3 2.5 2.5 2 0 1 3 3
-5707.1 -2207.1 -42.8 296 0 8.3 6.1 2.5 2.5 2 0 1 3 3
-5729.3 -2202.8 -41.8 294 0 6.9 3.5 2.5 2.5 2 0 1 1 1
-5717.2 -2191.2 -43.0 297 0 11.1 13.9 2.5 2.5 2 1 1 1 1
-5684.6 -2173.0 -43.4 20 0 15.0 10.7 5.0 2.5 2 0 2 1 1
-5705.3 -2179.0 -43.2 113 0 10.7 5.9 5.0 2.5 2 0 2 4 4
-5711.5 -2157.3 -43.0 293 0 11.5 15.6 5.0 2.5 2 1 2 2 2
-5666.1 -2092.0 -47.7 23 0 10.3 12.8 5.0 0.0 0 1 2 2 2
-5670.8 -2109.5 -46.1 21 0 18.0 9.9 5.0 2.5 2 0 2 3 3
-5681.0 -2097.8 -46.7 31 0 6.5 7.8 5.0 2.5 2 1 2 1 1
-5687.8 -2113.3 -45.6 109 0 7.9 12.1 5.0 2.5 2 1 2 5 5
-5698.9 -2107.1 -47.3 112 0 8.9 22.4 5.0 2.5 2 1 2 5 5
-5696.4 -2120.5 -44.2 291 0 21.3 20.2 2.5 2.5 2 0 1 2 2
-5716.0 -2112.0 -44.5 289 0 8.9 17.5 2.5 2.5 2 1 1 2 2
-5741.8 -2102.1 -44.9 295 0 9.8 6.9 2.5 2.5 2 0 1 3 3
-5752.5 -2120.6 -43.8 115 0 15.9 12.8 2.5 2.5 2 0 1 3 3
-5739.9 -2128.5 -44.4 116 0 9.5 18.5 2.5 2.5 2 1 1 0 0
-5751.4 -2166.1 -42.0 117 0 8.7 19.2 5.0 2.5 2 1 2 0 0
-5767.3 -2130.3 -41.1 292 0 13.6 21.2 5.0 2.5 2 1 2 3 3
-5781.3 -2127.4 -40.3 296 0 8.1 16.5 5.0 2.5 2 1 2 0 0
-5790.4 -2119.2 -40.5 296 0 3.8 4.4 5.0 2.5 2 1 2 2 2
-5795.6 -2125.1 -39.7 290 0 7.3 7.9 5.0 2.5 2 1 2 3 3
-5807.5 -2144.9 -39.6 113 0 7.2 9.3 5.0 2.5 2 1 2 3 3
-5808.7 -2112.6 -40.6 284 0 11.4 16.0 5.0 2.5 4 1 2 1 1
-5822.8 -2117.4 -39.9 299 0 9.1 7.9 5.0 2.5 2 0 2 2 2
-5819.0 -2108.8 -40.6 295 0 9.4 7.2 5.0 2.5 2 0 2 2 2
-5770.4 -2111.1 -44.2 113 0 8.4 11.4 2.5 2.5 2 1 1 4 4
-5781.9 -2106.5 -44.2 114 0 5.1 10.2 2.5 2.5 2 1 1 4 4
-5791.4 -2103.6 -44.8 116 0 4.6 14.0 2.5 2.5 2 1 1 1 1
-5776.0 -2066.6 -49.8 109 0 6.9 9.0 5.0 2.5 2 1 2 4 4
-5780.4 -2082.1 -46.4 291 0 15.5 7.4 2.5 0.0 0 0 1 0 0
-5818.4 -2087.6 -44.8 111 0 11.9 10.3 5.0 2.5 2 0 2 3 3
-5815.8 -2046.8 -49.5 287 0 6.0 14.1 5.0 2.5 2 1 2 5 5
-5823.8 -2045.5 -48.9 294 0 5.2 9.1 5.0 2.5 2 1 2 0 0
-5833.8 -2039.9 -48.8 286 0 7.1 11.6 5.0 2.5 2 1 2 2 2
-5959.8 -2116.7 -39.4 295 0 15.0 9.1 2.5 2.5 2 0 1 4 4
-5906.0 -2072.7 -41.7 294 0 12.4 17.7 5.0 2.5 2 1 2 5 5
-5911.9 -1998.4 -47.0 291 0 14.8 15.0 5.0 2.5 2 1 2 0 0
-5907.0 -2025.8 -44.6 114 0 9.0 7.8 5.0 2.5 2 0 2 2 2
-5915.9 -2046.4 -43.3 114 0 7.5 17.9 5.0 2.5 2 1 2 4 4
-5928.4 -2037.6 -43.2 111 0 11.2 6.7 5.0 2.5 2 0 2 3 3
-5947.8 -2010.1 -46.0 114 0 35.4 10.0 5.0 2.5 2 0 2 3 3
-5970.4 -2020.7 -45.2 114 0 12.7 16.8 5.0 2.5 2 1 2 4 4
-5982.0 -2015.7 -44.8 114 0 7.8 10.5 5.0 2.5 4 1 2 3 3
-5975.4 -1999.1 -45.9 111 0 11.4 9.2 5.0 0.0 0 0 2 1 1
-5974.9 -1965.2 -47.1 294 0 8.7 11.0 5.0 2.5 2 1 2 4 4
-5987.3 -1990.6 -45.5 125 0 6.3 3.5 5.0 2.5 4 0 2 1 1
-5993.3 -2006.8 -44.9 111 0 7.0 13.2 5.0 2.5 2 1 2 4 4
-6079.3 -1949.4 -43.1 114 0 5.6 3.4 5.0 0.0 0 0 2 1 1
-6079.6 -1942.9 -43.9 125 0 4.7 7.1 5.0 2.5 2 1 2 3 3
-6029.8 -1979.1 -44.2 114 0 15.1 5.0 5.0 2.5 2 0 2 3 3
-6035.6 -1989.9 -43.6 114 0 7.8 8.1 5.0 2.5 2 1 2 0 0
-6050.2 -1986.8 -43.1 114 0 7.4 9.1 5.0 2.5 2 1 2 2 2
-6036.7 -1948.5 -45.9 291 0 4.7 5.7 5.0 2.5 2 1 2 1 1
-6030.3 -1964.1 -45.7 114 0 10.0 7.4 5.0 2.5 2 0 2 5 5
-6066.2 -1950.8 -44.4 114 0 5.2 8.4 5.0 2.5 2 1 2 4 4
-6050.5 -1931.1 -46.8 291 0 7.1 6.5 5.0 0.0 0 0 2 3 3
-6058.7 -1929.1 -46.2 305 0 6.1 6.4 5.0 2.5 2 1 2 3 3
-6054.7 -1966.9 -43.8 125 0 10.1 9.2 5.0 2.5 2 0 2 4 4
-6059.2 -1979.5 -43.0 114 0 6.9 9.3 5.0 0.0 0 1 2 2 2
-6069.7 -1976.3 -42.7 111 0 8.1 9.7 5.0 2.5 2 1 2 4 4
-6068.9 -1964.9 -43.1 103 0 8.1 7.0 5.0 2.5 2 0 2 5 5
-6085.8 -1966.0 -42.6 111 0 9.0 9.9 5.0 2.5 2 1 2 1 1
-6101.2 -1956.2 -43.1 112 0 7.3 17.0 5.0 2.5 2 1 2 1 1
-6085.5 -1912.6 -46.1 283 0 6.8 12.5 5.0 2.5 2 1 2 5 5
-6097.2 -1909.4 -46.3 292 0 7.7 8.8 5.0 2.5 2 1 2 5 5
-6138.0 -1940.4 -44.2 112 0 8.2 17.2 5.0 2.5 2 1 2 0 0
-6184.5 -1916.4 -44.1 111 0 8.7 22.2 5.0 2.5 2 1 2 5 5
-6225.6 -1930.1 -39.8 204 0 10.7 7.4 5.0 0.0 0 0 2 5 5
-6232.6 -1957.8 -38.8 201 0 10.7 11.0 5.0 2.5 2 1 2 4 4
-6201.1 -1934.6 -40.0 294 0 7.8 16.1 5.0 2.5 2 1 2 3 3
-6193.2 -1948.7 -39.7 291 0 9.8 13.0 5.0 2.5 2 1 2 0 0
-6206.1 -1986.4 -38.8 114 0 7.5 15.4 5.0 2.5 2 1 2 4 4
-6178.0 -1998.4 -38.7 125 0 9.0 8.2 5.0 2.5 2 0 2 4 4
-6183.8 -1982.7 -39.0 114 0 7.7 5.0 5.0 2.5 2 0 2 3 3
-6188.6 -1993.0 -38.7 114 0 5.7 9.0 5.0 2.5 2 1 2 2 2
-6167.0 -1947.1 -40.4 294 0 8.4 16.7 5.0 2.5 2 1 2 4 4
-6155.0 -1950.4 -40.6 294 0 8.3 11.1 5.0 2.5 2 1 2 0 0
-6162.1 -1962.7 -40.0 291 0 6.8 8.7 5.0 2.5 2 1 2 3 3
-6152.8 -1968.1 -40.1 294 0 7.1 5.5 5.0 2.5 2 0 2 1 1
-6148.1 -1957.4 -40.5 291 0 7.5 9.4 5.0 0.0 0 1 2 2 2
-6147.6 -2011.6 -39.3 111 0 6.2 15.6 5.0 0.0 0 1 2 3 3
-6133.3 -1979.7 -40.1 294 0 5.6 10.4 5.0 0.0 0 1 2 0 0
-6127.1 -1966.6 -40.8 291 0 5.3 10.0 5.0 2.5 2 1 2 4 4
-6120.5 -1980.9 -40.4 294 0 12.5 22.2 5.0 2.5 2 1 2 0 0
-6135.5 -2018.1 -39.1 114 0 12.7 9.6 5.0 2.5 2 0 2 5 5
-6117.9 -2026.4 -39.2 114 0 4.8 9.8 5.0 2.5 2 1 2 4 4
-6112.6 -2016.4 -39.8 114 0 5.0 10.8 5.0 2.5 4 1 2 3 3
-6106.2 -2019.3 -39.5 114 0 6.4 3.7 5.0 2.5 2 0 2 2 2
-6112.2 -2032.1 -39.3 114 0 6.5 11.8 5.0 2.5 4 1 2 3 3
-6109.8 -1985.1 -40.5 291 0 4.6 14.6 5.0 2.5 2 1 2 5 5
-6096.7 -1982.4 -41.0 291 0 6.5 7.2 5.0 2.5 2 1 2 5 5
-6100.0 -1990.8 -40.6 291 0 7.1 8.3 5.0 2.5 2 1 2 0 0
-6081.4 -1999.1 -40.9 294 0 9.1 11.6 5.0 2.5 2 1 2 0 0
-6099.4 -2029.9 -39.4 114 0 4.2 6.7 5.0 2.5 2 1 2 1 1
-6090.7 -2028.0 -39.7 114 0 5.1 6.3 5.0 0.0 0 1 2 1 1
-6093.2 -2036.2 -39.2 114 0 4.5 4.8 5.0 2.5 2 1 2 4 4
-6084.5 -2042.2 -39.5 114 0 5.8 10.3 5.0 2.5 2 1 2 5 5
-6063.8 -2014.5 -40.7 291 0 10.9 6.8 5.0 2.5 2 0 2 0 0
-6040.9 -2005.6 -41.8 291 0 4.0 10.5 5.0 2.5 2 1 2 1 1
-6048.0 -2000.9 -41.7 294 0 5.8 15.4 5.0 2.5 4 1 2 5 5
-6058.8 -1997.7 -41.5 292 0 7.6 15.1 5.0 2.5 2 1 2 1 1
-6065.2 -2033.3 -40.1 111 0 12.0 5.5 5.0 2.5 2 0 2 3 3
-6074.2 -2045.1 -39.6 112 0 5.3 9.7 5.0 2.5 2 1 2 4 4
-6064.1 -2049.9 -39.8 114 0 7.6 13.0 5.0 2.5 2 1 2 2 2
-6054.1 -2053.5 -40.1 111 0 7.6 14.9 5.0 2.5 2 1 2 3 3
-6010.7 -2026.2 -42.0 21 0 8.0 13.5 5.0 2.5 4 1 2 4 4
-6022.7 -2045.3 -40.7 24 0 5.5 27.3 5.0 2.5 2 1 2 4 4
-6024.8 -2061.4 -40.1 24 0 9.2 8.4 5.0 2.5 2 0 2 3 3
-6012.4 -2056.8 -40.8 201 0 6.4 12.7 5.0 2.5 2 1 2 1 1
-6010.8 -2078.0 -40.0 114 0 4.4 8.5 5.0 2.5 4 1 2 1 1
-6017.4 -2075.9 -40.0 111 0 4.7 10.5 5.0 2.5 4 1 2 5 5
-6040.5 -2089.6 -38.4 291 0 6.3 5.4 2.5 2.5 2 0 1 2 2
-6038.8 -2081.5 -38.7 291 0 8.4 4.9 2.5 0.0 0 0 1 2 2
-6048.0 -2078.4 -38.5 291 0 4.8 9.0 2.5 2.5 2 1 1 4 4
-6065.0 -2068.8 -38.5 294 0 5.1 10.1 2.5 2.5 2 1 1 5 5
-6076.7 -2065.9 -38.3 294 0 8.6 7.8 2.5 2.5 2 0 1 2 2
-6094.9 -2055.5 -38.3 294 0 11.8 13.8 2.5 2.5 2 1 1 3 3
-6122.0 -2060.5 -37.7 114 0 12.2 4.1 2.5 2.5 2 0 1 5 5
-6144.7 -2053.8 -37.7 114 0 8.6 6.6 2.5 2.5 2 0 1 2 2
-6135.5 -2036.8 -38.0 305 0 7.9 10.1 2.5 0.0 0 1 1 0 0
-6179.0 -2039.8 -37.5 114 0 8.3 4.4 2.5 2.5 4 0 1 4 4
-6181.8 -2021.9 -37.7 305 0 3.6 5.3 2.5 2.5 2 1 1 0 0
-6174.2 -2021.7 -37.8 283 0 5.2 8.6 2.5 2.5 2 1 1 4 4
-6205.9 -2005.6 -37.8 294 0 5.2 7.2 2.5 2.5 2 1 1 4 4
-6227.2 -1993.6 -37.7 292 0 6.5 7.7 2.5 2.5 2 1 1 3 3
-6226.3 -2006.9 -37.6 292 0 5.5 6.2 2.5 2.5 4 1 1 1 1
-6221.2 -2023.8 -37.4 114 0 4.6 5.4 2.5 2.5 2 1 1 2 2
-6231.4 -2020.1 -37.3 114 0 8.2 3.4 2.5 2.5 2 0 1 0 0
-6233.6 -2026.4 -37.2 114 0 11.1 4.7 2.5 2.5 4 0 1 2 2
-6273.7 -1896.4 -40.0 201 0 10.6 4.3 2.5 2.5 2 0 1 4 4
-6267.9 -1902.7 -39.9 193 0 8.1 6.6 2.5 2.5 2 0 1 0 0
-6248.9 -1913.6 -39.8 35 0 10.2 11.5 2.5 2.5 2 1 1 0 0
-6258.1 -1924.5 -39.3 13 0 3.4 5.7 2.5 2.5 2 1 1 5 5
-6247.3 -1930.9 -39.3 24 0 5.8 9.1 2.5 2.5 4 1 1 4 4
-6256.4 -1939.5 -38.9 21 0 6.2 6.5 2.5 2.5 4 1 1 2 2
-6256.6 -1965.5 -38.2 24 0 3.7 6.6 2.5 2.5 4 1 1 0 0
-6253.8 -1957.2 -38.5 21 0 10.0 14.0 2.5 2.5 2 1 1 2 2
-6268.1 -1983.3 -37.8 24 0 8.5 11.0 2.5 2.5 4 1 1 0 0
-6277.4 -1992.7 -37.4 111 0 7.1 4.4 2.5 2.5 2 0 1 1 1
-614.3 -3499.3 -39.6 16 0 13.0 12.6 5.0 0.0 0 0 2 3 3
-641.1 -3451.5 -42.2 104 0 6.7 14.0 5.0 2.5 2 1 2 5 5
-671.3 -3475.1 -39.6 289 0 11.6 10.3 5.0 2.5 4 0 2 4 4
-709.4 -3444.8 -40.1 125 0 6.2 8.7 5.0 2.5 2 1 2 3 3
-731.4 -3462.3 -39.6 297 0 5.3 11.9 5.0 2.5 2 1 2 5 5
-751.0 -3462.7 -39.6 203 0 16.4 6.1 5.0 2.5 2 0 2 2 2
-734.6 -3414.5 -40.8 285 0 9.2 21.5 2.5 2.5 2 1 1 5 5
-776.0 -3357.5 -47.4 21 0 3.1 9.2 2.5 2.5 2 1 1 3 3
-782.2 -3363.1 -46.9 29 0 4.7 11.1 2.5 0.0 0 1 1 3 3
-794.1 -3366.1 -45.8 292 0 11.1 7.9 2.5 2.5 2 0 1 3 3
-798.8 -3385.6 -44.2 114 0 14.3 4.5 2.5 2.5 2 0 1 3 3
-770.0 -3364.9 -46.2 291 0 7.0 18.4 2.5 2.5 2 1 1 4 4
-765.5 -3424.6 -40.9 110 0 5.4 12.3 2.5 2.5 2 1 1 1 1
-775.8 -3425.7 -41.7 111 0 5.0 20.7 2.5 2.5 2 1 1 5 5
-782.8 -3429.2 -40.1 122 0 8.4 3.8 2.5 2.5 2 0 1 1 1
-785.4 -3419.8 -42.0 109 0 3.7 14.7 2.5 2.5 2 1 1 3 3
-793.2 -3411.4 -42.8 116 0 5.1 12.9 2.5 2.5 2 1 1 1 1
-802.2 -3408.4 -42.6 116 0 6.1 12.9 2.5 2.5 2 1 1 1 1
-811.6 -3402.2 -42.8 115 0 6.7 11.8 2.5 2.5 2 1 1 4 4
-778.3 -3446.1 -39.8 299 0 6.7 14.2 5.0 2.5 2 1 2 3 3
-789.6 -3439.4 -39.8 296 0 3.8 12.2 5.0 2.5 2 1 2 2 2
-799.3 -3436.6 -39.8 305 0 7.2 5.6 5.0 2.5 2 0 2 3 3
-814.7 -3422.0 -40.1 318 0 4.4 6.2 5.0 2.5 2 1 2 1 1
-824.6 -3428.9 -39.9 297 0 7.3 13.7 5.0 2.5 2 1 2 2 2
-827.7 -3416.3 -40.2 309 0 5.7 14.1 5.0 2.5 2 1 2 5 5
-837.7 -3408.3 -40.4 313 0 12.1 6.0 5.0 0.0 0 0 2 1 1
-843.9 -3417.7 -40.1 303 0 8.3 9.2 5.0 2.5 2 1 2 1 1
-852.4 -3400.2 -40.5 309 0 7.7 15.6 5.0 2.5 4 1 2 0 0
-972.2 -3308.8 -44.8 290 0 3.3 5.1 5.0 2.5 2 1 2 0 0
-966.0 -3315.3 -44.4 310 0 5.4 10.5 5.0 2.5 2 1 2 5 5
-949.1 -3326.4 -43.5 310 0 6.0 12.4 5.0 2.5 2 1 2 0 0
-941.9 -3340.1 -42.7 298 0 12.7 14.3 5.0 2.5 2 1 2 1 1
-912.2 -3353.7 -42.0 310 0 5.7 7.4 5.0 2.5 2 1 2 5 5
-925.9 -3345.3 -42.3 305 0 5.9 13.8 5.0 2.5 2 1 2 3 3
-929.0 -3371.7 -41.6 127 0 11.8 7.8 5.0 2.5 2 0 2 5 5
-905.7 -3360.5 -41.7 308 0 5.7 13.5 5.0 2.5 2 1 2 3 3
-913.2 -3386.6 -41.0 116 0 13.2 8.9 5.0 2.5 2 0 2 1 1
-888.2 -3389.0 -40.7 317 0 5.7 12.1 5.0 2.5 2 1 2 0 0
-888.1 -3374.5 -41.3 317 0 6.9 4.0 5.0 2.5 4 0 2 1 1
-893.3 -3381.0 -40.9 311 0 6.5 7.8 5.0 2.5 2 1 2 5 5
-880.1 -3381.0 -41.0 303 0 4.2 4.9 5.0 2.5 2 1 2 3 3
-867.6 -3388.6 -40.8 299 0 9.7 12.5 5.0 2.5 4 1 2 3 3
-888.7 -3406.5 -40.3 133 0 5.5 9.6 5.0 2.5 2 1 2 5 5
-843.5 -3388.0 -43.8 130 0 6.4 17.4 2.5 2.5 2 1 1 4 4
-851.0 -3381.2 -43.8 122 0 5.6 13.3 2.5 2.5 2 1 1 3 3
-858.9 -3376.3 -44.1 125 0 3.8 14.5 2.5 2.5 2 1 1 4 4
-873.7 -3363.8 -43.8 130 0 6.0 10.1 2.5 2.5 2 1 1 1 1
-882.1 -3361.3 -43.7 118 0 3.6 12.5 2.5 2.5 2 1 1 3 3
-888.0 -3345.1 -44.1 125 0 6.8 5.8 2.5 2.5 4 0 1 4 4
-900.9 -3344.0 -44.0 129 0 8.2 11.8 2.5 2.5 2 1 1 3 3
-916.7 -3317.6 -45.6 88 0 3.5 10.7 2.5 0.0 0 1 1 4 4
-919.3 -3334.1 -44.9 123 0 8.1 20.1 2.5 2.5 2 1 1 3 3
-930.9 -3304.7 -45.4 114 0 9.7 4.9 2.5 2.5 2 0 1 3 3
-954.6 -3300.7 -45.6 128 0 5.8 12.7 2.5 2.5 2 1 1 2 2
-963.4 -3294.1 -46.2 135 0 5.7 13.8 2.5 2.5 2 1 1 1 1
-997.0 -3266.0 -48.8 122 0 4.9 16.0 2.5 2.5 2 1 1 1 1
-1003.6 -3246.2 -49.7 213 0 22.3 6.0 2.5 2.5 4 0 1 3 3
-1025.6 -3284.2 -46.1 201 0 6.8 7.6 2.5 0.0 0 1 1 4 4
-997.0 -3298.9 -45.9 213 0 12.0 5.7 5.0 2.5 2 0 2 0 0
-979.3 -3302.0 -45.6 312 0 12.6 15.5 5.0 2.5 2 1 2 4 4
-1000.0 -3288.3 -46.8 28 0 7.3 14.7 2.5 2.5 2 1 1 3 3
-1010.4 -3295.9 -45.7 26 0 10.9 5.0 2.5 2.5 2 0 1 5 5
-1008.9 -3311.1 -44.9 213 0 7.1 9.9 5.0 2.5 4 1 2 1 1
-997.4 -3327.2 -44.3 132 0 6.8 8.8 5.0 0.0 0 1 2 5 5
-984.8 -3327.7 -44.2 131 0 3.8 6.3 5.0 2.5 2 1 2 4 4
-984.1 -3342.5 -43.5 143 0 5.5 14.4 5.0 2.5 2 1 2 2 2
-976.3 -3349.1 -42.8 144 0 7.4 8.7 5.0 2.5 2 1 2 3 3
-966.7 -3359.5 -42.1 150 0 5.5 7.8 5.0 2.5 2 1 2 4 4
-958.5 -3368.4 -41.8 147 0 9.3 8.1 5.0 2.5 2 0 2 4 4
-951.7 -3378.9 -41.3 145 0 7.1 12.3 5.0 2.5 2 1 2 2 2
-937.8 -3388.9 -40.8 130 0 12.8 6.0 5.0 2.5 4 0 2 0 0
-952.8 -3402.1 -40.1 127 0 6.4 8.5 5.0 2.5 2 1 2 0 0
-969.1 -3376.5 -41.1 328 0 5.0 10.1 5.0 2.5 2 1 2 4 4
-976.6 -3367.3 -41.6 317 0 5.0 12.6 5.0 2.5 2 1 2 3 3
-982.2 -3359.3 -42.1 316 0 5.0 13.2 5.0 2.5 2 1 2 5 5
-990.0 -3351.7 -42.6 304 0 8.1 11.1 5.0 2.5 2 1 2 2 2
-1000.9 -3342.3 -43.1 303 0 7.4 11.3 5.0 0.0 0 1 2 0 0
-1007.5 -3334.4 -43.5 307 0 7.3 22.5 5.0 0.0 0 1 2 4 4
-1018.7 -3328.4 -43.6 302 0 5.7 14.4 5.0 2.5 2 1 2 3 3
-1039.8 -3342.8 -42.7 47 0 6.3 5.2 5.0 2.5 2 0 2 5 5
-1069.8 -3281.7 -43.7 322 0 24.9 10.1 5.0 2.5 2 0 2 0 0
-1058.2 -3296.0 -43.7 325 0 4.9 7.9 5.0 2.5 4 1 2 1 1
-1098.6 -3291.8 -43.2 217 0 22.2 9.9 5.0 2.5 2 0 2 5 5
-1170.1 -3197.6 -42.0 42 0 10.5 27.7 7.5 2.5 2 1 3 5 5
-1155.2 -3183.2 -42.9 317 0 8.4 13.0 5.0 2.5 2 1 2 4 4
-1196.7 -3217.9 -41.9 138 0 9.8 24.7 7.5 2.5 2 1 3 2 2
-1219.5 -3182.8 -41.4 222 0 10.3 10.1 7.5 2.5 2 0 3 3 3
-1207.8 -3171.1 -41.6 229 0 12.2 11.1 5.0 2.5 2 0 2 4 4
-1173.4 -3144.8 -43.1 315 0 12.3 32.0 12.5 2.5 2 1 5 0 0
-1189.2 -3069.5 -43.5 135 0 8.0 13.4 2.5 2.5 2 1 1 4 4
-1312.0 -3056.2 -39.6 40 0 31.1 7.1 5.0 2.5 2 0 2 4 4
-1355.0 -3074.5 -40.5 227 0 7.7 7.7 5.0 2.5 2 1 2 0 0
-1333.0 -3082.3 -40.1 50 0 22.9 7.5 5.0 2.5 2 0 2 1 1
-1349.9 -3043.5 -40.4 56 0 6.4 8.9 5.0 2.5 4 1 2 3 3
-1376.3 -3039.4 -41.1 127 0 7.0 13.7 5.0 2.5 2 1 2 5 5
-1371.9 -3008.0 -41.6 304 0 5.6 14.3 5.0 2.5 2 1 2 5 5
-1377.1 -2995.3 -42.0 302 0 7.4 10.5 5.0 2.5 2 1 2 5 5
-1394.5 -3010.3 -42.2 127 0 7.1 7.0 5.0 2.5 2 0 2 5 5
-1405.8 -3005.4 -42.7 123 0 5.3 15.9 5.0 2.5 2 1 2 0 0
-1388.3 -2980.6 -42.7 301 0 7.3 10.0 5.0 2.5 2 1 2 5 5
-1426.9 -2989.3 -43.1 136 0 8.5 10.7 5.0 2.5 4 1 2 5 5
-1407.4 -2966.7 -43.0 303 0 10.3 10.5 5.0 2.5 2 1 2 4 4
-1419.3 -2953.1 -43.1 304 0 6.7 5.3 5.0 2.5 2 0 2 4 4
-1422.9 -2961.9 -43.3 313 0 12.2 10.1 5.0 2.5 2 0 2 2 2
-1456.1 -2971.8 -43.5 143 0 10.7 14.8 5.0 2.5 4 1 2 4 4
-1442.5 -2941.5 -43.5 302 0 8.6 11.8 5.0 2.5 2 1 2 0 0
-1473.2 -2944.2 -43.8 126 0 6.5 13.6 5.0 2.5 2 1 2 2 2
-1485.0 -2934.2 -43.6 143 0 3.2 15.6 5.0 2.5 2 1 2 4 4
-1302.6 -2954.3 -42.6 304 0 7.1 10.7 5.0 2.5 2 1 2 0 0
-1285.9 -2966.7 -42.2 319 0 15.9 6.3 5.0 0.0 0 0 2 3 3
-1331.6 -2917.1 -42.7 142 0 5.5 5.3 5.0 2.5 2 0 2 3 3
-1310.8 -2943.6 -42.8 311 0 7.6 10.3 5.0 2.5 2 1 2 4 4
-1310.3 -2986.9 -41.5 298 0 9.1 18.2 5.0 2.5 2 1 2 3 3
-1327.3 -2981.2 -41.8 310 0 5.6 9.7 5.0 2.5 2 1 2 4 4
-1337.1 -2971.3 -42.1 309 0 8.3 8.4 5.0 2.5 2 1 2 5 5
-1343.7 -2954.4 -42.8 314 0 11.0 9.0 5.0 2.5 2 0 2 2 2
-1367.5 -2976.9 -42.0 129 0 9.9 14.1 5.0 2.5 2 1 2 3 3
-1374.5 -2922.6 -43.7 306 0 9.7 16.5 5.0 2.5 2 1 2 2 2
-1396.2 -2956.3 -42.4 131 0 8.3 11.8 5.0 2.5 2 1 2 2 2
-1413.7 -2930.8 -43.3 131 0 11.5 11.8 5.0 2.5 2 1 2 2 2
-1428.4 -2926.1 -43.4 140 0 8.2 15.8 5.0 2.5 2 1 2 1 1
-1400.6 -2899.9 -43.7 317 0 6.7 13.0 5.0 2.5 2 1 2 0 0
-1415.5 -2889.9 -43.6 317 0 8.7 15.9 5.0 2.5 2 1 2 5 5
-1446.6 -2885.8 -43.5 223 0 30.0 12.7 5.0 2.5 2 0 2 4 4
-1376.1 -2886.1 -43.4 323 0 6.7 7.8 5.0 2.5 2 1 2 5 5
-1387.4 -2872.3 -43.5 319 0 11.3 10.7 5.0 2.5 2 0 2 2 2
-1416.7 -2864.9 -43.5 135 0 6.3 8.8 5.0 2.5 2 1 2 5 5
-1429.7 -2827.9 -43.0 314 0 8.2 5.2 5.0 2.5 4 0 2 4 4
-1425.5 -2841.3 -43.3 317 0 10.6 14.2 5.0 2.5 2 1 2 2 2
-1446.5 -2850.8 -43.1 28 0 8.0 10.7 5.0 2.5 4 1 2 0 0
-1456.5 -2867.2 -43.1 36 0 11.4 11.7 5.0 2.5 2 1 2 5 5
-1478.8 -2875.3 -42.7 50 0 9.7 3.8 5.0 2.5 4 0 2 3 3
-1485.4 -2892.2 -42.7 32 0 9.5 11.1 5.0 2.5 2 1 2 4 4
-1502.7 -2904.9 -42.3 66 0 8.2 6.5 5.0 2.5 2 0 2 1 1
-1532.3 -2895.4 -41.7 231 0 9.1 7.3 5.0 2.5 2 0 2 4 4
-1512.3 -2917.7 -42.1 53 0 10.4 17.4 5.0 2.5 2 1 2 0 0
-1532.2 -2919.7 -41.7 41 0 6.3 10.9 5.0 2.5 2 1 2 5 5
-1546.1 -2930.9 -41.5 38 0 5.3 11.6 5.0 2.5 2 1 2 2 2
-1474.6 -3020.0 -42.0 130 0 11.1 25.4 2.5 2.5 2 1 1 5 5
-1482.5 -2999.3 -41.9 126 0 5.3 10.2 2.5 2.5 2 1 1 4 4
-1484.9 -2976.9 -42.5 304 0 9.6 7.3 2.5 2.5 4 0 1 0 0
-1497.6 -2992.8 -41.8 125 0 11.6 9.8 2.5 2.5 4 0 1 2 2
-1498.3 -2968.7 -42.6 312 0 4.4 8.4 2.5 0.0 0 1 1 3 3
-1513.4 -2985.0 -41.7 136 0 7.3 9.8 2.5 2.5 2 1 1 0 0
-1524.7 -2970.6 -42.4 140 0 10.4 14.3 2.5 2.5 2 1 1 1 1
-1536.1 -2964.0 -42.3 130 0 6.8 15.1 2.5 2.5 4 1 1 4 4
-1551.5 -2980.4 -41.1 295 0 7.5 5.4 5.0 2.5 2 0 2 0 0
-1569.2 -2974.3 -40.9 219 0 12.9 4.5 5.0 2.5 2 0 2 2 2
-1567.4 -2996.8 -40.8 164 0 9.5 8.6 5.0 2.5 2 0 2 2 2
-1549.7 -3000.3 -41.0 124 0 8.9 3.1 5.0 2.5 2 0 2 1 1
-1540.1 -3010.9 -41.0 126 0 10.6 5.4 5.0 0.0 0 0 2 4 4
-1535.3 -2991.5 -41.1 314 0 8.7 9.0 5.0 0.0 0 1 2 2 2
-1520.4 -2997.5 -41.0 313 0 6.7 14.7 5.0 2.5 2 1 2 2 2
-1527.7 -3021.3 -40.9 133 0 7.2 9.2 5.0 2.5 2 1 2 2 2
-1521.2 -3034.0 -40.9 135 0 9.2 10.0 5.0 2.5 2 1 2 0 0
-1489.5 -3025.0 -40.6 314 0 6.3 10.3 5.0 2.5 2 1 2 5 5
-1495.1 -3038.6 -40.6 300 0 4.1 4.5 5.0 2.5 2 1 2 0 0
-1510.7 -3041.9 -40.8 129 0 8.0 5.6 5.0 2.5 2 0 2 4 4
-1496.6 -3057.2 -40.6 145 0 6.8 6.1 5.0 0.0 0 0 2 1 1
-1479.3 -3036.8 -40.4 309 0 4.4 11.8 5.0 2.5 2 1 2 4 4
-1489.6 -3073.5 -40.5 141 0 4.6 14.3 5.0 2.5 2 1 2 5 5
-1469.4 -3072.2 -40.3 135 0 12.1 3.8 5.0 0.0 0 0 2 1 1
-1467.1 -3045.0 -40.3 311 0 17.1 6.7 5.0 0.0 0 0 2 5 5
-1451.7 -3058.4 -40.1 321 0 6.8 12.6 5.0 2.5 2 1 2 3 3
-1459.5 -3088.0 -40.2 142 0 8.6 14.3 5.0 0.0 0 1 2 2 2
-1436.0 -3090.5 -39.9 323 0 4.2 7.0 5.0 2.5 4 1 2 1 1
-1436.4 -3110.9 -39.6 144 0 6.8 11.6 5.0 2.5 2 1 2 2 2
-1413.2 -3115.8 -39.4 53 0 10.4 10.0 5.0 2.5 2 0 2 5 5
-1456.5 -3139.2 -39.3 321 0 4.0 8.8 2.5 2.5 2 1 1 1 1
-1465.8 -3128.5 -39.6 323 0 7.5 7.8 2.5 2.5 2 1 1 3 3
-1476.4 -3116.4 -39.9 317 0 11.8 9.0 2.5 2.5 4 0 1 1 1
-1489.8 -3104.2 -40.0 319 0 5.0 9.0 2.5 2.5 2 1 1 4 4
-1504.5 -3088.1 -40.2 307 0 7.9 9.3 2.5 2.5 2 1 1 0 0
-1508.9 -3074.8 -40.4 310 0 6.5 17.7 2.5 2.5 2 1 1 2 2
-1530.8 -3069.4 -40.1 308 0 8.6 5.1 2.5 2.5 2 0 1 0 0
-1534.7 -3049.5 -40.5 312 0 8.0 17.8 2.5 0.0 0 1 1 1 1
-1546.1 -3037.6 -40.6 304 0 8.3 16.8 2.5 2.5 2 1 1 4 4
-1562.7 -3034.5 -40.2 309 0 7.0 9.5 2.5 2.5 2 1 1 1 1
-1570.5 -3025.3 -40.3 316 0 11.1 9.8 2.5 2.5 2 0 1 3 3
-1582.8 -3013.1 -40.2 304 0 5.8 11.1 2.5 2.5 2 1 1 3 3
-1591.4 -3002.6 -40.0 309 0 11.4 7.2 2.5 2.5 2 0 1 3 3
-1604.1 -3019.8 -40.0 123 0 11.7 6.7 2.5 2.5 2 0 1 1 1
-1603.1 -2966.2 -40.4 68 0 5.1 10.3 5.0 2.5 2 1 2 5 5
-1614.8 -2987.3 -40.0 70 0 10.6 14.5 5.0 2.5 2 1 2 3 3
-1642.2 -2973.3 -39.7 132 0 11.1 4.2 5.0 2.5 2 0 2 5 5
-1599.7 -3272.4 -36.0 128 0 7.5 11.2 2.5 2.5 2 1 1 5 5
-1598.2 -3327.8 -35.3 221 0 9.1 19.5 5.0 2.5 2 1 2 1 1
-1600.4 -3352.1 -35.2 44 0 4.8 7.7 5.0 2.5 4 1 2 1 1
-1624.5 -3355.3 -35.0 233 0 8.9 14.6 5.0 2.5 2 1 2 4 4
-1619.1 -3307.7 -35.0 311 0 7.8 7.0 2.5 2.5 2 0 1 5 5
-1637.8 -3317.7 -35.1 215 0 9.4 7.7 2.5 2.5 2 0 1 2 2
-1654.7 -3328.8 -35.0 221 0 5.1 12.6 2.5 0.0 0 1 1 0 0
-1665.6 -3340.1 -35.0 217 0 5.6 10.8 2.5 2.5 2 1 1 5 5
-1679.0 -3354.7 -34.5 204 0 3.3 5.2 2.5 2.5 4 1 1 2 2
-1679.7 -3378.9 -34.8 45 0 5.6 15.5 2.5 2.5 2 1 1 0 0
-1703.8 -3378.3 -34.2 213 0 5.6 12.0 2.5 2.5 2 1 1 0 0
-1636.5 -3395.8 -34.8 46 0 6.8 11.9 5.0 2.5 2 1 2 1 1
-1650.1 -3406.8 -34.6 50 0 9.2 11.2 5.0 2.5 2 1 2 3 3
-1665.5 -3391.3 -35.0 223 0 9.6 6.2 5.0 0.0 0 0 2 3 3
-1660.8 -3417.3 -34.3 33 0 3.9 10.0 5.0 2.5 2 1 2 3 3
-1681.7 -3400.5 -34.9 215 0 7.3 12.5 5.0 2.5 2 1 2 2 2
-1694.4 -3445.3 -34.2 45 0 10.9 19.0 5.0 2.5 2 1 2 3 3
672.2 -6897.5 -46.1 331 0 9.7 12.5 5.0 2.5 2 1 2 5 5
660.3 -6887.0 -46.3 241 0 11.5 7.3 5.0 0.0 0 0 2 4 4
647.1 -6894.1 -45.4 241 0 11.1 7.4 5.0 2.5 2 0 2 1 1
649.3 -6909.8 -45.3 151 0 9.0 12.5 5.0 0.0 0 1 2 3 3
675.2 -6915.2 -46.0 61 0 13.2 9.3 5.0 2.5 2 0 2 5 5
753.8 -6906.7 -47.9 332 0 6.9 11.1 2.5 2.5 2 1 1 5 5
748.8 -6898.3 -48.0 332 0 9.7 15.1 2.5 2.5 4 1 1 3 3
732.0 -6914.2 -47.4 62 0 6.8 11.0 2.5 2.5 2 1 1 3 3
739.9 -6890.0 -48.0 332 0 8.7 13.3 2.5 2.5 2 1 1 2 2
725.7 -6902.0 -47.5 62 0 6.9 9.1 2.5 2.5 2 1 1 1 1
735.5 -6876.9 -48.1 332 0 10.0 13.5 2.5 2.5 2 1 1 4 4
721.4 -6884.0 -47.7 332 0 10.8 8.1 2.5 0.0 0 0 1 3 3
713.3 -6857.2 -48.2 242 0 13.4 8.0 2.5 2.5 2 0 1 0 0
704.7 -6862.3 -47.9 242 0 4.2 7.8 2.5 2.5 2 1 1 2 2
697.1 -6866.8 -47.7 242 0 7.7 8.7 2.5 2.5 2 1 1 3 3
687.8 -6870.2 -47.6 242 0 8.7 10.0 2.5 2.5 2 1 1 3 3
698.4 -6885.2 -47.5 152 0 7.7 12.0 2.5 2.5 2 1 1 5 5
699.2 -6900.0 -47.1 152 0 7.9 9.1 2.5 2.5 2 1 1 2 2
704.2 -6910.6 -47.2 152 0 7.7 16.7 2.5 0.0 0 1 1 4 4
723.9 -6916.7 -47.1 62 0 6.3 9.5 2.5 2.5 4 1 1 5 5
760.6 -6839.2 -48.9 240 0 9.8 8.8 5.0 2.5 2 0 2 0 0
777.2 -6833.9 -49.1 330 0 9.4 10.9 5.0 2.5 2 1 2 0 0
765.7 -6824.3 -49.1 240 0 12.8 7.7 5.0 2.5 2 0 2 4 4
751.6 -6831.8 -49.0 240 0 13.7 8.8 5.0 2.5 2 0 2 5 5
739.9 -6839.7 -48.8 240 0 10.7 8.6 5.0 2.5 2 0 2 2 2
743.2 -6854.4 -48.8 150 0 8.2 16.6 5.0 2.5 4 1 2 3 3
750.0 -6861.6 -48.7 150 0 8.9 11.5 5.0 2.5 2 1 2 4 4
764.1 -6849.2 -48.8 240 0 9.1 10.8 5.0 0.0 0 1 2 5 5
786.0 -6844.9 -49.0 330 0 10.5 15.0 5.0 2.5 2 1 2 2 2
793.0 -6854.6 -48.9 330 0 6.6 8.4 5.0 0.0 0 1 2 2 2
784.0 -6859.2 -48.8 330 0 8.4 11.1 5.0 2.5 2 1 2 2 2
765.3 -6869.1 -48.6 150 0 8.8 7.6 5.0 2.5 2 0 2 2 2
756.2 -6873.7 -48.5 150 0 10.9 9.2 5.0 2.5 2 0 2 0 0
749.7 -6877.0 -48.4 150 0 11.6 6.1 5.0 2.5 4 0 2 2 2
776.0 -6876.5 -48.6 150 0 7.6 4.9 5.0 2.5 2 0 2 5 5
763.0 -6883.6 -48.5 150 0 9.2 14.5 5.0 2.5 2 1 2 4 4
780.1 -6886.4 -48.5 147 0 9.1 7.9 5.0 2.5 2 0 2 3 3
768.5 -6894.2 -48.4 147 0 10.0 12.2 5.0 2.5 2 1 2 3 3
797.5 -6863.5 -48.8 327 0 8.9 19.3 5.0 0.0 0 1 2 5 5
801.1 -6873.4 -48.7 326 0 5.6 11.3 5.0 2.5 2 1 2 5 5
825.2 -6899.2 -48.5 326 0 10.7 17.1 5.0 2.5 2 1 2 1 1
808.4 -6878.4 -48.7 326 0 8.9 15.7 5.0 2.5 2 1 2 5 5
817.6 -6887.5 -48.6 326 0 11.2 20.0 5.0 2.5 2 1 2 5 5
774.6 -6904.8 -48.4 146 0 8.4 18.9 5.0 2.5 4 1 2 4 4
779.9 -6914.5 -48.3 146 0 8.9 18.2 5.0 2.5 2 1 2 1 1
561.2 -6664.5 -44.4 337 0 8.8 14.3 5.0 2.5 4 1 2 4 4
556.9 -6654.0 -44.1 337 0 9.2 11.4 5.0 0.0 0 1 2 2 2
552.3 -6645.1 -43.7 337 0 5.9 12.6 5.0 0.0 0 1 2 5 5
540.2 -6620.1 -43.0 337 0 10.6 10.6 5.0 2.5 2 0 2 5 5
540.1 -6639.9 -43.3 337 0 12.3 10.3 5.0 2.5 2 0 2 1 1
520.0 -6660.2 -43.2 157 0 12.8 10.2 5.0 2.5 4 0 2 2 2
511.5 -6670.5 -42.6 157 0 10.4 8.8 5.0 2.5 2 0 2 4 4
517.2 -6683.2 -42.9 157 0 13.0 10.4 5.0 2.5 2 0 2 0 0
569.3 -6706.3 -44.7 337 0 7.1 6.6 5.0 2.5 4 0 2 5 5
571.1 -6693.0 -44.9 337 0 9.8 6.0 5.0 2.5 2 0 2 0 0
533.0 -6708.9 -44.6 157 0 15.1 33.6 5.0 2.5 2 1 2 0 0
609.9 -6754.7 -45.9 333 0 12.1 20.7 5.0 2.5 2 1 2 0 0
617.5 -6770.4 -46.0 333 0 11.5 16.7 5.0 2.5 2 1 2 3 3
583.0 -6897.9 -43.4 153 0 7.6 3.5 5.0 2.5 2 0 2 0 0
588.3 -6912.6 -43.3 63 0 5.7 6.6 5.0 2.5 2 1 2 4 4
594.9 -6905.3 -43.5 64 0 10.1 5.5 5.0 2.5 2 0 2 0 0
573.3 -6896.4 -43.3 153 0 3.7 7.2 5.0 2.5 2 1 2 5 5
574.1 -6902.8 -43.2 153 0 5.2 9.6 5.0 0.0 0 1 2 3 3
591.3 -6898.6 -43.5 63 0 5.8 8.5 5.0 2.5 2 1 2 2 2
601.3 -6893.4 -43.8 63 0 8.2 8.5 5.0 2.5 2 1 2 1 1
613.0 -6875.9 -44.4 63 0 8.1 5.5 5.0 0.0 0 0 2 5 5
624.6 -6896.9 -44.2 63 0 11.0 6.4 5.0 2.5 2 0 2 2 2
621.9 -6889.7 -44.4 63 0 9.3 14.3 5.0 0.0 0 1 2 2 2
628.9 -6665.7 -46.1 243 0 9.6 8.6 2.5 2.5 2 0 1 1 1
642.2 -6680.7 -46.5 333 0 10.4 11.5 2.5 2.5 2 1 1 0 0
631.2 -6686.8 -46.3 333 0 9.7 4.8 2.5 2.5 2 0 1 0 0
606.6 -6677.1 -45.9 243 0 18.8 12.4 2.5 2.5 2 0 1 4 4
606.4 -6703.4 -46.4 153 0 9.5 15.9 2.5 2.5 4 1 1 0 0
611.2 -6717.4 -46.8 150 0 9.2 16.8 2.5 2.5 2 1 1 0 0
658.9 -6713.0 -47.4 330 0 10.8 18.6 2.5 2.5 4 1 1 4 4
660.2 -6723.8 -47.6 330 0 7.3 10.8 2.5 0.0 0 1 1 5 5
666.4 -6733.0 -47.8 331 0 11.0 7.7 2.5 2.5 2 0 1 1 1
657.0 -6737.0 -47.8 330 0 10.3 5.6 2.5 2.5 2 0 1 4 4
665.9 -6743.4 -47.8 330 0 5.5 11.2 2.5 0.0 0 1 1 5 5
671.5 -6750.4 -47.9 330 0 9.0 12.1 2.5 2.5 2 1 1 0 0
674.7 -6759.4 -48.0 330 0 4.8 10.3 2.5 2.5 2 1 1 5 5
647.6 -6801.0 -47.3 150 0 8.5 6.1 2.5 2.5 2 0 1 0 0
662.6 -6798.6 -47.8 150 0 9.4 9.7 2.5 2.5 2 1 1 0 0
698.8 -6804.6 -48.2 330 0 6.6 7.2 2.5 2.5 2 1 1 4 4
692.7 -6817.9 -48.0 331 0 3.4 6.5 2.5 0.0 0 1 1 1 1
690.3 -6808.1 -48.0 330 0 10.7 9.8 2.5 2.5 2 0 1 3 3
508.1 -6547.8 -40.4 331 0 9.3 15.3 2.5 2.5 2 1 1 5 5
505.0 -6569.4 -40.7 61 0 15.5 10.8 2.5 2.5 4 0 1 5 5
521.7 -6547.5 -41.3 151 0 8.9 5.7 2.5 2.5 2 0 1 4 4
528.2 -6544.4 -41.7 151 0 8.9 9.3 2.5 2.5 4 1 1 1 1
537.2 -6559.5 -42.0 61 0 14.1 10.0 2.5 2.5 2 0 1 0 0
584.4 -6652.8 -44.8 152 0 12.4 8.8 5.0 2.5 2 0 2 5 5
574.3 -6632.2 -44.2 151 0 5.4 6.9 5.0 2.5 2 1 2 1 1
578.8 -6640.4 -44.5 151 0 9.0 8.8 5.0 0.0 0 0 2 2 2
582.8 -6618.6 -44.2 241 0 7.9 7.9 5.0 2.5 2 0 2 2 2
589.1 -6628.3 -44.5 241 0 7.9 8.4 5.0 2.5 4 1 2 3 3
616.6 -6622.6 -44.8 332 0 9.3 8.1 5.0 2.5 2 0 2 5 5
608.0 -6609.5 -44.5 331 0 6.7 5.9 5.0 2.5 2 0 2 0 0
601.1 -6613.7 -44.4 332 0 8.1 5.8 5.0 2.5 2 0 2 5 5
591.1 -6615.1 -44.3 241 0 5.5 8.5 5.0 2.5 2 1 2 3 3
620.7 -6636.7 -45.2 331 0 8.4 6.8 5.0 2.5 2 0 2 2 2
612.6 -6639.8 -45.1 331 0 10.6 7.1 5.0 2.5 2 0 2 3 3
615.1 -6654.5 -45.3 61 0 4.5 5.9 5.0 2.5 4 1 2 5 5
628.1 -6649.7 -45.5 331 0 8.6 9.6 5.0 2.5 2 1 2 5 5
598.3 -6571.9 -44.1 61 0 11.2 7.6 2.5 2.5 2 0 1 2 2
603.3 -6586.2 -44.4 61 0 15.7 12.7 2.5 2.5 2 0 1 2 2
618.3 -6564.0 -44.6 61 0 8.0 7.5 2.5 0.0 0 0 1 1 1
620.2 -6573.4 -44.8 61 0 10.2 6.0 2.5 2.5 2 0 1 0 0
628.0 -6547.6 -44.8 331 0 8.3 8.8 2.5 2.5 2 1 1 2 2
636.3 -6571.3 -45.4 62 0 7.9 5.6 2.5 2.5 2 0 1 0 0
634.9 -6558.0 -45.2 331 0 11.4 11.4 2.5 2.5 2 1 1 3 3
635.4 -6580.1 -45.3 241 0 10.8 9.1 5.0 0.0 0 0 2 3 3
647.3 -6588.0 -45.4 331 0 5.2 8.4 5.0 2.5 2 1 2 2 2
649.9 -6594.3 -45.4 331 0 4.5 7.8 5.0 2.5 2 1 2 0 0
634.8 -6596.5 -45.2 242 0 7.3 6.1 5.0 2.5 2 0 2 2 2
627.4 -6587.1 -45.1 241 0 7.7 9.9 5.0 2.5 2 1 2 2 2
620.2 -6590.8 -45.0 241 0 5.4 11.4 5.0 2.5 2 1 2 1 1
614.4 -6600.5 -44.8 151 0 9.7 5.5 5.0 2.5 4 0 2 3 3
621.8 -6615.5 -45.1 151 0 13.4 15.0 5.0 2.5 4 1 2 0 0
657.3 -6602.2 -45.5 331 0 10.9 10.6 5.0 2.5 2 0 2 3 3
646.1 -6607.2 -45.3 331 0 9.9 8.1 5.0 2.5 2 0 2 1 1
646.8 -6626.3 -45.5 61 0 5.0 7.8 5.0 2.5 2 1 2 4 4
630.2 -6629.2 -45.4 152 0 12.2 11.9 5.0 2.5 2 0 2 3 3
635.8 -6636.9 -45.6 151 0 4.6 12.4 5.0 2.5 2 1 2 1 1
635.9 -6644.9 -45.6 151 0 7.0 12.4 5.0 0.0 0 1 2 5 5
663.0 -6615.6 -45.6 331 0 9.9 14.8 5.0 2.5 2 1 2 3 3
666.2 -6633.5 -45.6 61 0 14.0 9.0 5.0 0.0 0 0 2 0 0
655.8 -6639.1 -45.6 61 0 7.2 8.1 5.0 2.5 4 1 2 1 1
668.1 -6639.7 -45.8 241 0 15.1 5.4 2.5 2.5 2 0 1 4 4
680.4 -6645.5 -46.0 331 0 8.8 17.2 2.5 2.5 2 1 1 3 3
655.2 -6649.6 -46.2 241 0 10.5 16.1 2.5 2.5 2 1 1 1 1
646.3 -6664.8 -46.2 151 0 8.7 6.8 2.5 2.5 2 0 1 4 4
656.5 -6685.5 -46.7 151 0 17.9 13.6 2.5 2.5 2 0 1 5 5
677.7 -6660.6 -46.2 331 0 4.9 8.8 2.5 0.0 0 1 1 0 0
694.0 -6669.3 -46.4 331 0 7.0 8.6 2.5 2.5 2 1 1 3 3
683.3 -6666.1 -46.4 331 0 7.9 12.8 2.5 2.5 2 1 1 5 5
684.8 -6674.5 -46.5 331 0 6.6 11.2 2.5 2.5 2 1 1 2 2
696.6 -6681.7 -46.7 332 0 11.9 9.4 2.5 2.5 2 0 1 0 0
686.6 -6686.0 -46.8 331 0 13.1 8.6 2.5 2.5 2 0 1 0 0
670.6 -6722.9 -47.4 151 0 5.4 7.2 2.5 2.5 2 1 1 0 0
688.1 -6731.7 -47.7 151 0 7.6 6.2 2.5 2.5 2 0 1 0 0
681.1 -6735.0 -47.8 151 0 11.7 6.4 2.5 2.5 2 0 1 4 4
687.3 -6717.9 -47.3 151 0 5.2 6.3 2.5 0.0 0 1 1 5 5
694.6 -6695.7 -46.9 331 0 7.1 9.0 2.5 0.0 0 1 1 2 2
705.2 -6698.5 -47.0 331 0 8.9 6.7 2.5 2.5 2 0 1 3 3
698.5 -6703.3 -47.1 331 0 7.2 10.0 2.5 2.5 4 1 1 0 0
697.3 -6769.3 -48.2 238 0 7.6 9.2 5.0 2.5 2 1 2 3 3
703.9 -6788.3 -48.4 148 0 11.1 9.2 5.0 2.5 2 0 2 1 1
712.7 -6810.7 -48.5 148 0 4.2 5.9 5.0 2.5 2 1 2 5 5
709.7 -6799.6 -48.5 148 0 8.7 8.9 5.0 0.0 0 1 2 5 5
718.2 -6792.0 -48.5 148 0 13.1 8.0 5.0 2.5 4 0 2 0 0
728.5 -6804.7 -48.7 148 0 14.3 8.0 5.0 2.5 2 0 2 0 0
762.8 -6811.5 -48.9 58 0 10.9 10.4 5.0 2.5 2 0 2 5 5
754.2 -6817.2 -48.9 58 0 7.9 7.0 5.0 2.5 2 0 2 3 3
734.4 -6829.8 -48.7 58 0 8.6 11.3 5.0 2.5 2 1 2 2 2
745.6 -6823.2 -48.9 58 0 10.8 16.0 5.0 2.5 2 1 2 1 1
655.0 -6567.2 -45.4 150 0 8.6 5.3 5.0 2.5 2 0 2 5 5
655.0 -6551.9 -45.2 150 0 5.6 9.0 5.0 2.5 2 1 2 2 2
658.1 -6560.0 -45.4 150 0 9.1 12.8 5.0 0.0 0 1 2 3 3
682.4 -6559.7 -45.7 330 0 7.6 6.2 5.0 2.5 2 0 2 4 4
686.6 -6567.5 -45.8 330 0 5.8 6.5 5.0 2.5 2 1 2 0 0
665.6 -6573.4 -45.6 150 0 10.2 13.0 5.0 2.5 2 1 2 4 4
659.4 -6578.0 -45.4 150 0 9.9 6.3 5.0 0.0 0 0 2 5 5
666.4 -6589.3 -45.6 150 0 8.9 6.1 5.0 2.5 2 0 2 3 3
672.5 -6585.0 -45.8 150 0 8.6 11.0 5.0 2.5 2 1 2 3 3
679.7 -6592.8 -45.9 150 0 7.3 8.8 5.0 2.5 2 1 2 3 3
698.1 -6592.8 -46.1 330 0 8.4 17.8 5.0 2.5 2 1 2 3 3
672.6 -6605.6 -45.8 150 0 11.8 7.7 5.0 2.5 2 0 2 5 5
699.5 -6607.8 -46.2 330 0 10.7 9.3 5.0 0.0 0 0 2 0 0
681.8 -6616.8 -46.0 150 0 10.1 7.2 5.0 2.5 2 0 2 4 4
689.1 -6629.4 -46.4 150 0 9.3 19.3 5.0 2.5 2 1 2 1 1
716.5 -6637.1 -46.7 330 0 9.9 11.1 5.0 2.5 2 1 2 0 0
696.3 -6637.9 -46.4 150 0 5.1 9.2 5.0 2.5 2 1 2 3 3
698.3 -6647.1 -46.5 150 0 8.7 6.8 5.0 2.5 2 0 2 5 5
704.2 -6653.9 -46.6 150 0 5.7 7.1 5.0 0.0 0 1 2 3 3
726.1 -6652.0 -46.9 330 0 10.8 10.0 5.0 2.5 2 0 2 0 0
708.6 -6660.9 -46.7 150 0 9.2 7.4 5.0 2.5 2 0 2 4 4
727.4 -6685.7 -47.2 150 0 8.2 9.6 5.0 2.5 2 1 2 4 4
722.1 -6689.0 -46.9 150 0 7.8 5.4 5.0 2.5 2 0 2 2 2
727.9 -6698.8 -47.1 150 0 11.6 8.7 5.0 2.5 2 0 2 2 2
734.9 -6711.4 -47.4 150 0 9.8 15.0 5.0 2.5 2 1 2 5 5
754.5 -6713.1 -47.6 330 0 6.3 5.9 5.0 2.5 2 0 2 2 2
740.9 -6721.6 -47.5 150 0 4.2 8.6 5.0 2.5 2 1 2 3 3
743.2 -6728.9 -47.7 150 0 6.8 11.4 5.0 2.5 2 1 2 0 0
749.0 -6735.9 -47.9 150 0 6.9 9.0 5.0 0.0 0 1 2 5 5
754.2 -6743.4 -48.1 150 0 9.4 9.5 5.0 2.5 2 1 2 5 5
776.6 -6798.2 -49.0 153 0 10.7 9.0 5.0 2.5 2 0 2 0 0
803.8 -6801.5 -49.3 234 0 5.7 7.7 5.0 2.5 2 1 2 2 2
796.8 -6804.9 -49.3 234 0 6.7 8.3 5.0 2.5 2 1 2 4 4
789.5 -6809.7 -49.3 234 0 6.9 8.5 5.0 2.5 2 1 2 2 2
807.9 -6832.7 -49.5 144 0 6.4 6.4 5.0 2.5 2 0 2 0 0
799.1 -6830.9 -49.4 144 0 6.4 5.9 5.0 2.5 4 0 2 3 3
821.8 -6814.5 -49.6 324 0 8.9 13.4 5.0 2.5 2 1 2 2 2
827.3 -6822.3 -49.8 324 0 5.4 11.9 5.0 2.5 2 1 2 5 5
833.7 -6830.4 -49.9 324 0 9.8 12.6 5.0 2.5 2 1 2 1 1
810.1 -6847.1 -49.5 144 0 10.1 14.2 5.0 2.5 2 1 2 1 1
838.6 -6841.4 -49.8 324 0 10.7 11.3 5.0 2.5 2 1 2 4 4
817.8 -6857.1 -49.5 144 0 10.7 13.1 5.0 2.5 2 1 2 0 0
844.6 -6851.9 -49.9 324 0 8.4 11.0 5.0 0.0 0 1 2 3 3
822.8 -6867.6 -49.5 144 0 7.0 13.5 5.0 0.0 0 1 2 5 5
829.1 -6875.7 -49.5 144 0 7.8 14.0 5.0 2.5 2 1 2 1 1
853.8 -6870.1 -49.8 324 0 9.4 9.7 5.0 2.5 2 1 2 2 2
834.7 -6884.7 -49.4 144 0 8.1 13.2 5.0 2.5 2 1 2 5 5
839.9 -6893.2 -49.4 144 0 7.8 13.5 5.0 2.5 2 1 2 3 3
846.9 -6901.8 -49.3 144 0 8.7 10.8 5.0 2.5 2 1 2 0 0
866.6 -6887.6 -49.8 324 0 7.5 10.4 5.0 2.5 2 1 2 5 5
874.6 -6894.7 -49.9 324 0 8.0 11.8 5.0 2.5 2 1 2 5 5
853.1 -6909.7 -49.4 144 0 9.6 12.6 5.0 0.0 0 1 2 2 2
878.7 -6903.7 -49.9 324 0 7.5 10.8 5.0 2.5 4 1 2 3 3
853.7 -6781.1 -49.0 236 0 13.5 10.6 5.0 2.5 2 0 2 0 0
840.2 -6775.9 -49.0 236 0 10.8 7.1 5.0 2.5 2 0 2 5 5
836.0 -6796.8 -49.3 146 0 9.2 8.2 5.0 0.0 0 0 2 3 3
830.4 -6801.9 -49.5 146 0 7.5 5.3 5.0 2.5 2 0 2 5 5
835.2 -6810.9 -49.6 146 0 10.9 20.3 5.0 2.5 2 1 2 1 1
880.4 -6832.9 -49.4 141 0 11.6 15.8 5.0 2.5 2 1 2 1 1
862.6 -6845.2 -49.9 141 0 10.9 14.7 5.0 2.5 2 1 2 0 0
856.6 -6852.3 -50.1 141 0 9.1 5.9 5.0 2.5 2 0 2 1 1
873.2 -6852.1 -49.8 141 0 6.6 13.1 5.0 2.5 2 1 2 0 0
863.9 -6860.4 -50.1 141 0 7.8 9.6 5.0 2.5 2 1 2 5 5
879.3 -6861.0 -49.9 141 0 8.3 9.0 5.0 2.5 2 1 2 4 4
871.5 -6868.3 -50.1 141 0 7.9 9.3 5.0 2.5 2 1 2 1 1
876.2 -6876.9 -50.1 141 0 7.4 11.1 5.0 2.5 4 1 2 3 3
907.0 -6857.2 -50.0 51 0 11.3 9.1 5.0 2.5 2 0 2 3 3
895.1 -6860.9 -50.0 141 0 6.6 5.1 5.0 2.5 2 0 2 0 0
886.2 -6868.5 -50.1 141 0 8.8 10.9 5.0 2.5 2 1 2 4 4
914.1 -6864.0 -50.2 53 0 11.1 7.3 5.0 0.0 0 0 2 5 5
905.5 -6873.0 -50.3 53 0 9.2 9.1 5.0 2.5 2 0 2 2 2
889.2 -6882.6 -50.4 143 0 9.6 11.2 5.0 2.5 2 1 2 3 3
882.5 -6886.1 -50.4 143 0 11.5 5.7 5.0 2.5 2 0 2 4 4
922.7 -6878.8 -50.5 53 0 8.3 8.3 5.0 2.5 2 1 2 3 3
916.1 -6887.4 -50.6 53 0 7.1 7.4 5.0 0.0 0 1 2 0 0
905.0 -6897.8 -50.5 53 0 5.7 10.6 5.0 2.5 2 1 2 0 0
898.0 -6902.1 -50.4 53 0 6.4 11.5 5.0 2.5 2 1 2 2 2
949.5 -6841.8 -50.1 53 0 5.8 6.6 5.0 2.5 2 1 2 0 0
951.4 -6859.6 -50.5 53 0 9.8 20.4 5.0 2.5 2 1 2 2 2
945.6 -6886.9 -51.1 233 0 9.0 7.6 5.0 2.5 2 0 2 5 5
939.5 -6879.5 -50.9 233 0 6.4 8.0 5.0 2.5 2 1 2 0 0
930.5 -6884.4 -50.9 233 0 10.2 8.6 5.0 2.5 2 0 2 3 3
908.8 -6898.4 -50.7 233 0 23.6 8.7 5.0 2.5 2 0 2 0 0
921.0 -6902.6 -50.8 235 0 11.3 10.1 5.0 2.5 2 0 2 1 1
-1712.6 6660.4 -42.4 278 0 10.5 7.5 5.0 2.5 2 0 2 5 5
-1716.6 6643.1 -44.3 98 0 8.3 8.8 5.0 2.5 2 1 2 5 5
-1713.0 6628.7 -49.8 281 0 6.3 16.2 5.0 2.5 2 1 2 4 4
-1706.8 6618.7 -49.4 281 0 7.9 6.0 5.0 2.5 2 0 2 3 3
-1709.3 6601.4 -51.6 101 0 8.8 9.3 5.0 2.5 2 1 2 5 5
-1721.9 6603.7 -51.6 101 0 9.9 5.3 5.0 2.5 2 0 2 4 4
-1732.3 6606.2 -51.5 101 0 5.7 5.0 5.0 2.5 2 0 2 1 1
-1721.8 6631.9 -47.8 281 0 8.1 6.8 5.0 2.5 2 0 2 5 5
-1724.3 6624.4 -49.1 281 0 7.5 6.0 5.0 2.5 2 0 2 4 4
-1730.7 6633.9 -49.6 281 0 6.4 16.6 5.0 2.5 4 1 2 1 1
-1740.3 6638.1 -47.7 281 0 12.2 8.3 5.0 2.5 2 0 2 0 0
-1742.5 6627.8 -49.4 281 0 9.5 6.9 5.0 2.5 4 0 2 0 0
-1745.4 6609.6 -51.3 101 0 11.7 6.9 5.0 2.5 2 0 2 5 5
-1769.3 6610.1 -51.6 100 0 7.1 13.4 5.0 2.5 2 1 2 1 1
-1781.5 6631.7 -49.1 190 0 7.8 9.5 5.0 2.5 4 1 2 3 3
-1779.5 6610.9 -51.7 99 0 8.7 13.7 5.0 2.5 2 1 2 5 5
-1795.4 6620.9 -51.7 189 0 16.3 10.5 5.0 2.5 2 0 2 0 0
-1163.1 6149.5 -51.2 21 0 18.9 14.7 5.0 2.5 2 0 2 3 3
-1204.1 6122.7 -51.4 27 0 7.1 6.8 5.0 2.5 2 0 2 4 4
-1041.7 6187.5 -44.1 92 0 9.0 15.6 5.0 2.5 2 1 2 0 0
