4108.8 4515.5 -46.9 156 0 9.6 11.4 2.5 2.5 2 1 1 1 1
4035.5 721.2 -107.6 153 0 4.1 6.0 5.0 2.5 2 1 2 5 5
4054.9 722.6 -108.8 331 0 7.9 7.2 5.0 2.5 2 0 2 4 4
4038.5 714.2 -108.4 152 0 8.5 7.0 5.0 2.5 2 0 2 0 0
4076.9 749.5 -112.1 335 0 5.7 12.4 5.0 0.0 0 1 2 1 1
4076.3 734.0 -112.8 331 0 10.1 6.4 5.0 2.5 2 0 2 3 3
4098.7 707.7 -114.1 332 0 10.8 8.5 5.0 2.5 2 0 2 1 1
4089.1 719.9 -113.6 330 0 10.2 10.9 5.0 2.5 2 1 2 2 2
4059.8 726.5 -112.4 148 0 7.8 10.0 5.0 2.5 2 1 2 4 4
4067.5 713.6 -112.9 150 0 15.0 10.0 5.0 2.5 2 0 2 5 5
4061.8 710.9 -109.9 331 0 7.7 10.7 5.0 2.5 2 1 2 2 2
4047.3 696.7 -110.0 154 0 9.1 7.4 5.0 2.5 2 0 2 3 3
4069.2 696.2 -111.2 334 0 8.4 10.0 5.0 2.5 2 1 2 5 5
3881.6 672.0 -87.1 266 0 8.7 6.9 2.5 2.5 2 0 1 1 1
4038.1 671.8 -109.1 320 0 7.4 10.2 5.0 2.5 2 1 2 0 0
4065.9 664.9 -112.4 63 0 10.1 13.5 5.0 2.5 2 1 2 5 5
4077.3 669.9 -113.0 64 0 8.3 10.6 5.0 0.0 0 1 2 3 3
4075.4 686.0 -112.1 338 0 6.9 11.5 5.0 2.5 2 1 2 2 2
4078.9 687.1 -113.3 156 0 9.5 5.7 5.0 0.0 0 0 2 5 5
4085.4 688.9 -113.7 153 0 10.4 7.6 5.0 2.5 4 0 2 1 1
4114.5 658.7 -115.1 55 0 10.5 7.8 5.0 2.5 2 0 2 2 2
4096.5 670.4 -114.2 236 0 8.1 5.8 5.0 2.5 2 0 2 0 0
4104.1 651.5 -114.5 55 0 10.4 11.9 5.0 2.5 2 1 2 3 3
4090.3 642.1 -113.9 62 0 10.3 10.9 5.0 2.5 2 1 2 5 5
4079.2 664.0 -113.5 244 0 14.0 11.4 5.0 2.5 2 0 2 3 3
4059.4 648.0 -112.3 328 0 8.3 7.7 5.0 2.5 2 0 2 4 4
4064.8 635.6 -113.1 328 0 13.4 8.7 5.0 2.5 2 0 2 2 2
4045.5 644.9 -111.3 242 0 9.8 8.6 5.0 2.5 4 0 2 4 4
4033.5 639.1 -109.7 236 0 8.8 9.3 5.0 2.5 2 1 2 5 5
4037.6 599.4 -110.2 52 0 7.1 7.9 5.0 2.5 2 1 2 3 3
4031.3 594.2 -109.2 53 0 6.4 7.4 5.0 2.5 2 1 2 1 1
4040.4 587.2 -111.3 233 0 5.0 8.2 5.0 2.5 2 1 2 4 4
4062.6 577.3 -114.0 324 0 9.1 10.0 5.0 2.5 4 1 2 1 1
4052.3 563.6 -112.9 52 0 11.0 8.4 5.0 2.5 2 0 2 4 4
4036.1 550.7 -110.5 48 0 5.2 6.8 5.0 2.5 2 1 2 2 2
4029.1 545.2 -109.6 45 0 9.9 7.5 5.0 2.5 2 0 2 2 2
4054.2 596.5 -113.3 140 0 11.9 7.2 2.5 2.5 2 0 1 5 5
4060.4 610.4 -114.0 229 0 9.1 13.3 2.5 2.5 2 1 1 3 3
4064.0 584.4 -115.0 142 0 16.1 13.2 2.5 2.5 2 0 1 2 2
4084.4 591.1 -115.6 47 0 9.5 13.8 2.5 2.5 2 1 1 4 4
4073.2 618.8 -114.9 233 0 13.0 13.4 2.5 2.5 2 1 1 4 4
4095.2 600.0 -116.1 49 0 13.6 13.4 2.5 2.5 2 0 1 1 1
4085.8 627.0 -115.2 235 0 9.7 11.8 2.5 0.0 0 1 1 0 0
4109.1 612.3 -116.5 54 0 13.4 10.4 2.5 2.5 2 0 1 4 4
4095.6 633.9 -115.5 233 0 10.6 12.4 2.5 2.5 2 1 1 1 1
4106.4 641.1 -115.5 232 0 9.7 10.1 2.5 2.5 2 1 1 3 3
4118.5 620.0 -116.5 50 0 8.7 11.7 2.5 2.5 2 1 1 2 2
4131.4 640.6 -116.6 327 0 12.8 9.8 2.5 2.5 2 0 1 2 2
4115.6 600.1 -118.6 225 0 22.4 15.2 5.0 2.5 2 0 2 4 4
4097.5 586.3 -118.5 228 0 14.6 20.7 5.0 2.5 2 1 2 2 2
4088.2 557.7 -117.3 144 0 10.0 14.2 5.0 2.5 2 1 2 3 3
4084.6 549.4 -116.6 321 0 18.8 9.2 2.5 2.5 2 0 1 0 0
4062.0 553.9 -115.3 231 0 7.6 16.3 2.5 2.5 2 1 1 5 5
4054.9 546.4 -114.6 232 0 9.2 18.3 2.5 2.5 4 1 1 4 4
4049.9 536.4 -114.6 233 0 7.0 13.9 2.5 2.5 2 1 1 3 3
4043.1 528.4 -114.1 233 0 8.5 11.5 2.5 2.5 2 1 1 5 5
4032.1 521.2 -112.9 239 0 9.7 17.5 2.5 2.5 2 1 1 1 1
4017.2 515.1 -108.2 268 0 5.4 10.4 2.5 2.5 4 1 1 0 0
4027.2 472.4 -111.2 87 0 8.4 9.6 2.5 2.5 2 1 1 4 4
3992.4 480.6 -106.9 176 0 8.0 14.7 2.5 2.5 2 1 1 2 2
4015.8 463.3 -109.4 86 0 9.7 21.6 2.5 2.5 2 1 1 4 4
4000.6 603.8 -105.1 173 0 7.9 8.8 5.0 2.5 2 1 2 1 1
3997.6 628.6 -103.2 92 0 7.6 11.7 5.0 2.5 2 1 2 2 2
4014.1 665.3 -105.3 40 0 8.8 5.8 5.0 2.5 2 0 2 5 5
3981.3 636.2 -100.3 1 0 7.2 12.3 2.5 2.5 2 1 1 0 0
3984.7 658.3 -102.8 142 0 18.9 12.7 5.0 2.5 2 0 2 5 5
3999.7 576.0 -103.6 353 0 18.3 10.7 2.5 2.5 2 0 1 4 4
3999.2 554.5 -103.8 354 0 20.4 9.1 2.5 0.0 0 0 1 3 3
4003.4 538.5 -104.6 355 0 7.9 27.1 2.5 2.5 2 1 1 1 1
3986.1 518.3 -105.7 267 0 37.2 14.1 2.5 2.5 2 0 1 4 4
4121.2 940.1 -101.7 1 0 5.5 12.5 2.5 0.0 0 1 1 5 5
4106.1 892.8 -103.6 87 0 6.6 5.4 5.0 2.5 2 0 2 3 3
4098.9 893.1 -102.8 86 0 5.6 4.5 7.5 2.5 2 0 3 4 4
4201.2 898.7 -111.2 174 0 13.4 17.4 5.0 2.5 2 1 2 1 1
4118.1 700.9 -115.1 63 0 11.6 7.4 5.0 2.5 2 0 2 4 4
4107.7 713.4 -115.1 157 0 9.9 10.8 5.0 2.5 2 1 2 2 2
4102.5 726.6 -115.0 156 0 9.9 14.1 5.0 2.5 2 1 2 2 2
4112.6 758.4 -113.3 63 0 9.9 10.2 5.0 2.5 2 1 2 3 3
4114.0 751.6 -114.8 249 0 14.9 9.1 5.0 0.0 0 0 2 5 5
4133.3 758.0 -115.4 253 0 9.3 9.1 5.0 2.5 2 0 2 2 2
4152.0 726.4 -116.4 74 0 8.6 6.9 5.0 2.5 2 0 2 0 0
4168.7 727.8 -116.1 70 0 9.0 9.3 5.0 2.5 2 1 2 0 0
4156.1 767.8 -115.7 250 0 10.9 15.1 5.0 2.5 2 1 2 4 4
4153.7 788.1 -113.7 67 0 8.0 10.5 5.0 2.5 2 1 2 5 5
4156.8 776.4 -114.5 65 0 5.8 8.3 5.0 0.0 0 1 2 0 0
4134.0 776.5 -113.2 65 0 12.9 9.7 5.0 2.5 2 0 2 0 0
4123.0 768.5 -113.2 64 0 9.8 11.0 5.0 2.5 2 1 2 1 1
4097.8 753.6 -112.9 68 0 15.1 9.2 5.0 2.5 2 0 2 1 1
4077.8 771.9 -110.8 159 0 11.3 10.0 5.0 2.5 2 0 2 0 0
4085.7 810.5 -108.1 204 0 9.1 7.6 5.0 2.5 2 0 2 1 1
4050.4 764.6 -109.7 241 0 7.3 8.8 5.0 2.5 2 1 2 0 0
4062.1 770.3 -110.2 247 0 8.6 8.7 5.0 2.5 4 1 2 3 3
4042.4 772.7 -106.1 63 0 9.9 7.0 5.0 2.5 2 0 2 1 1
4061.2 781.7 -108.2 63 0 11.7 12.7 5.0 2.5 2 1 2 0 0
-2366.1 4705.7 -21.5 279 0 7.6 9.9 5.0 2.5 2 1 2 0 0
-2353.3 4704.8 -20.6 276 0 7.7 12.1 5.0 2.5 2 1 2 4 4
-2332.1 4701.8 -19.3 286 0 8.0 16.5 5.0 2.5 2 1 2 5 5
-2322.3 4700.0 -18.6 283 0 7.2 16.9 5.0 2.5 2 1 2 3 3
-2298.3 4727.7 -16.5 67 0 7.3 11.2 2.5 2.5 2 1 1 5 5
-2316.8 4718.4 -18.6 67 0 7.7 11.2 2.5 0.0 0 1 1 3 3
-2337.8 4738.3 -20.2 94 0 17.6 8.2 2.5 2.5 2 0 1 4 4
-2347.3 4760.8 -21.2 275 0 25.6 12.2 2.5 2.5 2 0 1 4 4
-2385.4 4777.4 -22.5 178 0 9.4 7.5 2.5 0.0 0 0 1 5 5
-2400.6 4791.2 -24.1 89 0 12.4 6.3 2.5 2.5 2 0 1 4 4
-2408.7 4746.5 -24.2 8 0 5.6 8.6 2.5 2.5 2 1 1 2 2
-2430.8 4738.4 -24.8 98 0 10.7 8.4 2.5 2.5 2 0 1 0 0
-2452.4 4745.7 -25.5 184 0 8.0 13.5 2.5 2.5 4 1 1 2 2
-2451.0 4755.1 -25.6 183 0 5.8 10.6 2.5 2.5 2 1 1 1 1
-2444.5 4769.7 -25.9 272 0 12.6 6.6 2.5 0.0 0 0 1 4 4
-2442.6 4782.2 -26.0 81 0 16.9 8.8 2.5 2.5 2 0 1 5 5
-2455.1 4799.6 -26.2 170 0 11.3 14.8 2.5 2.5 2 1 1 0 0
-2461.4 4768.6 -26.3 272 0 5.0 5.7 5.0 2.5 2 1 2 0 0
-2467.3 4769.4 -26.4 271 0 3.8 8.6 5.0 2.5 2 1 2 1 1
-2459.5 4747.6 -26.1 1 0 5.6 14.2 5.0 2.5 2 1 2 5 5
-2459.1 4755.3 -26.2 1 0 4.3 11.4 5.0 2.5 2 1 2 3 3
-2479.6 4763.9 -26.6 181 0 5.5 9.2 5.0 2.5 4 1 2 0 0
-2486.8 4770.8 -29.4 0 0 5.9 14.3 5.0 2.5 2 1 2 3 3
-2487.8 4760.0 -28.7 0 0 7.0 10.2 5.0 2.5 2 1 2 5 5
-2505.7 4761.1 -32.2 6 0 7.3 13.5 5.0 2.5 2 1 2 0 0
-2503.4 4771.3 -31.4 3 0 6.8 9.6 5.0 2.5 2 1 2 2 2
-2504.1 4779.3 -31.3 4 0 5.5 7.5 5.0 2.5 2 1 2 4 4
-2484.5 4784.3 -29.4 357 0 7.9 14.6 5.0 0.0 0 1 2 5 5
-2468.3 4789.8 -27.0 359 0 7.1 11.7 2.5 0.0 0 1 1 3 3
-2475.6 4805.7 -27.2 268 0 9.4 10.0 2.5 2.5 2 1 1 2 2
-2488.1 4800.2 -30.2 4 0 7.4 14.1 5.0 2.5 2 1 2 5 5
-2477.2 4826.9 -27.9 0 0 19.5 9.1 5.0 2.5 2 0 2 0 0
-2458.6 4811.3 -26.5 169 0 7.1 15.2 2.5 0.0 0 1 1 4 4
-2460.2 4827.0 -26.7 178 0 8.4 15.2 2.5 2.5 2 1 1 2 2
-2460.1 4837.6 -26.8 184 0 5.6 14.2 2.5 2.5 2 1 1 4 4
-2464.0 4847.2 -27.1 180 0 6.2 13.7 2.5 0.0 0 1 1 0 0
-2463.4 4856.1 -27.2 180 0 6.5 14.6 2.5 2.5 2 1 1 5 5
-2465.4 4865.4 -27.3 181 0 6.1 17.6 2.5 2.5 2 1 1 0 0
-2466.6 4874.3 -27.3 175 0 7.6 12.9 2.5 2.5 2 1 1 2 2
-2474.0 4901.2 -27.9 270 0 7.5 8.3 2.5 2.5 2 1 1 0 0
-2485.7 4890.5 -29.5 271 0 14.9 7.3 2.5 2.5 4 0 1 1 1
-2500.1 4880.0 -31.5 92 0 10.2 5.0 2.5 0.0 0 0 1 4 4
-2489.7 4865.4 -29.8 88 0 12.1 7.2 2.5 2.5 2 0 1 0 0
-2485.5 4850.1 -28.4 270 0 6.9 6.8 5.0 2.5 2 0 2 0 0
-2492.6 4852.0 -29.4 272 0 3.7 9.8 5.0 2.5 2 1 2 5 5
-2509.8 4841.0 -32.6 269 0 7.5 3.3 5.0 2.5 2 0 2 1 1
-2541.9 4864.8 -39.0 85 0 7.8 11.0 2.5 2.5 2 1 1 4 4
-2563.6 4833.7 -41.8 263 0 8.2 9.6 5.0 0.0 0 1 2 3 3
-2547.7 4840.3 -39.0 270 0 6.8 9.7 5.0 2.5 2 1 2 1 1
-2522.8 4842.6 -34.9 268 0 8.4 9.8 5.0 2.5 4 1 2 1 1
-2511.4 4854.2 -33.0 270 0 8.6 11.1 5.0 2.5 2 1 2 4 4
-2513.0 4870.2 -33.7 88 0 9.6 8.5 2.5 2.5 4 0 1 5 5
-2915.3 5141.3 -95.0 173 0 6.2 9.1 2.5 2.5 4 1 1 1 1
-2962.0 5189.3 -98.8 172 0 8.4 9.5 2.5 2.5 2 1 1 4 4
-2947.2 5241.6 -98.3 266 0 11.5 7.6 2.5 2.5 2 0 1 5 5
-2913.0 5215.9 -95.0 350 0 15.1 10.6 2.5 2.5 2 0 1 1 1
-2944.2 5194.0 -96.9 171 0 8.7 35.7 2.5 2.5 2 1 1 4 4
-1383.7 5320.4 38.4 123 0 6.2 5.0 2.5 2.5 2 0 1 5 5
-1371.4 5281.4 42.5 212 0 6.0 10.0 5.0 2.5 2 1 2 4 4
-1397.0 5289.2 39.0 204 0 13.8 11.8 2.5 0.0 0 0 1 3 3
-1376.6 5269.9 42.6 210 0 8.7 8.0 5.0 2.5 2 0 2 5 5
-1380.3 5263.2 42.7 302 0 7.6 10.8 5.0 2.5 2 1 2 0 0
-1413.8 5259.1 38.9 199 0 10.3 6.8 5.0 2.5 2 0 2 5 5
-1410.5 5281.1 37.1 31 0 8.3 7.9 2.5 2.5 2 0 1 4 4
-1404.8 5293.2 36.3 15 0 8.9 12.0 2.5 2.5 2 1 1 2 2
-1402.0 5301.7 35.9 23 0 7.8 13.9 2.5 2.5 2 1 1 5 5
-1397.3 5309.8 36.1 27 0 7.9 13.2 2.5 2.5 4 1 1 3 3
-1392.9 5318.9 36.4 26 0 8.0 11.3 2.5 2.5 2 1 1 5 5
-1392.5 5333.7 35.2 14 0 7.7 13.3 2.5 2.5 2 1 1 5 5
-1394.8 5344.1 35.2 106 0 11.0 8.2 2.5 2.5 2 0 1 3 3
-1384.1 5345.5 36.3 99 0 5.9 13.5 2.5 2.5 2 1 1 0 0
-1360.1 5298.9 42.8 215 0 7.3 14.0 5.0 2.5 2 1 2 1 1
-1356.2 5306.7 42.9 212 0 7.0 12.8 5.0 2.5 2 1 2 1 1
-1350.9 5313.8 43.1 210 0 6.3 11.9 5.0 2.5 2 1 2 4 4
-1349.2 5322.4 42.7 211 0 7.6 12.9 5.0 2.5 2 1 2 3 3
-1342.7 5329.5 43.1 209 0 8.7 10.3 5.0 2.5 2 1 2 4 4
-1352.5 5333.7 39.9 26 0 8.6 13.5 2.5 2.5 2 1 1 2 2
-1335.2 5361.8 40.7 35 0 9.4 8.1 2.5 2.5 2 0 1 5 5
-1322.6 5360.1 42.5 219 0 8.5 10.8 5.0 2.5 4 1 2 1 1
-1316.8 5367.5 42.2 223 0 6.8 6.9 5.0 2.5 2 1 2 4 4
-1309.5 5374.8 42.0 218 0 7.4 10.9 5.0 2.5 2 1 2 4 4
-1317.2 5385.0 39.4 38 0 6.9 11.2 2.5 2.5 2 1 1 3 3
-1311.8 5394.7 38.8 37 0 7.2 12.0 2.5 2.5 2 1 1 2 2
-1293.4 5399.0 40.7 210 0 8.0 9.3 5.0 2.5 2 1 2 2 2
-1261.3 5446.5 37.2 113 0 12.3 10.4 5.0 2.5 2 0 2 4 4
-1352.7 5518.8 25.3 133 0 11.6 13.4 5.0 2.5 2 1 2 2 2
-1337.7 5509.4 27.4 137 0 10.0 13.2 5.0 2.5 4 1 2 2 2
-1435.4 5598.7 24.7 130 0 21.0 16.8 5.0 2.5 2 0 2 3 3
-47.6 5098.6 104.4 277 0 6.3 9.4 5.0 2.5 2 1 2 5 5
-9.6 5122.5 101.3 97 0 8.7 13.9 5.0 2.5 2 1 2 3 3
-22.9 5124.5 102.9 95 0 12.3 10.7 5.0 2.5 2 0 2 5 5
-49.8 5157.0 106.6 182 0 9.4 8.9 5.0 2.5 2 0 2 2 2
-57.5 5130.5 107.3 97 0 9.0 11.5 5.0 2.5 2 1 2 4 4
-321.6 5173.8 99.0 95 0 9.2 7.9 5.0 2.5 2 0 2 1 1
-317.9 5155.1 100.6 282 0 9.2 8.5 5.0 2.5 2 0 2 4 4
-277.1 5169.2 107.1 101 0 10.7 14.1 5.0 2.5 2 1 2 4 4
-257.7 5166.6 109.6 99 0 9.9 7.5 5.0 2.5 2 0 2 1 1
-257.2 5148.1 109.4 285 0 10.2 17.7 5.0 2.5 2 1 2 3 3
-247.9 5133.3 110.6 285 0 11.0 8.3 5.0 2.5 2 0 2 4 4
-243.6 5145.0 111.0 279 0 12.3 7.2 5.0 2.5 2 0 2 5 5
-227.4 5145.1 113.0 276 0 6.1 14.0 5.0 2.5 2 1 2 2 2
-232.1 5129.0 112.4 282 0 10.0 7.3 5.0 2.5 2 0 2 2 2
-228.7 5160.5 112.6 102 0 9.6 13.7 5.0 2.5 2 1 2 3 3
-189.6 5167.5 116.6 103 0 9.8 9.4 5.0 2.5 2 0 2 3 3
-199.4 5137.6 114.8 277 0 9.5 8.8 5.0 2.5 4 0 2 3 3
-176.0 5118.6 114.3 270 0 10.9 12.9 5.0 2.5 2 1 2 0 0
-181.2 5134.6 115.2 274 0 11.9 12.8 5.0 2.5 2 1 2 5 5
-150.5 5120.2 113.2 272 0 7.8 18.4 5.0 2.5 2 1 2 0 0
-140.6 5142.9 113.7 95 0 10.1 14.9 5.0 2.5 2 1 2 2 2
-162.3 5148.0 115.2 104 0 12.3 12.3 5.0 2.5 2 1 2 4 4
-149.6 5165.8 115.0 15 0 11.3 14.0 5.0 0.0 0 1 2 0 0
-168.4 5195.9 118.1 281 0 4.8 11.0 5.0 2.5 2 1 2 4 4
-176.0 5166.7 116.5 103 0 11.9 16.6 5.0 2.5 4 1 2 1 1
966.9 4891.0 54.4 88 0 10.5 7.2 5.0 0.0 0 0 2 2 2
958.7 4882.9 56.1 343 0 6.4 15.1 5.0 0.0 0 1 2 0 0
1105.4 4903.9 42.3 355 0 8.9 8.2 5.0 2.5 2 0 2 2 2
1033.5 4957.3 42.1 243 0 6.3 6.3 5.0 2.5 2 1 2 1 1
1007.9 4934.2 46.2 141 0 9.1 7.7 5.0 2.5 2 0 2 1 1
1022.3 5002.9 39.8 333 0 14.3 7.0 5.0 2.5 2 0 2 2 2
916.9 5003.1 49.7 69 0 10.3 14.7 5.0 2.5 2 1 2 0 0
934.0 5010.8 47.1 65 0 16.7 14.2 5.0 0.0 0 0 2 5 5
947.1 5024.9 44.9 69 0 15.7 10.7 5.0 2.5 4 0 2 2 2
993.9 5036.5 40.8 71 0 7.6 14.1 5.0 2.5 2 1 2 4 4
985.7 5032.4 41.6 67 0 9.2 15.6 5.0 0.0 0 1 2 4 4
975.5 5028.4 42.7 67 0 9.0 13.6 5.0 2.5 2 1 2 4 4
965.4 5023.2 43.7 71 0 9.4 11.0 5.0 2.5 2 1 2 4 4
989.4 5025.2 41.6 249 0 10.1 12.7 5.0 2.5 2 1 2 4 4
1009.5 5027.8 40.0 333 0 13.7 12.1 5.0 2.5 2 0 2 1 1
1001.5 5039.4 40.2 70 0 6.2 14.6 5.0 2.5 2 1 2 0 0
1011.6 5045.1 39.2 69 0 11.3 16.7 5.0 2.5 2 1 2 0 0
1023.0 5052.1 38.4 70 0 10.7 10.4 5.0 2.5 4 0 2 3 3
1013.1 5030.8 38.7 158 0 13.7 18.3 2.5 0.0 0 1 1 2 2
1039.0 5031.3 38.1 68 0 7.4 16.6 2.5 2.5 2 1 1 1 1
1041.5 5051.5 37.4 248 0 9.3 5.6 2.5 2.5 2 0 1 1 1
1058.5 5044.5 36.7 64 0 10.1 12.7 2.5 2.5 2 1 1 2 2
1068.4 5077.7 34.9 340 0 7.1 7.7 5.0 2.5 2 1 2 2 2
1138.5 5084.1 32.7 239 0 8.9 19.4 2.5 2.5 2 1 1 4 4
1124.2 5080.6 33.1 63 0 7.9 16.3 2.5 2.5 2 1 1 1 1
1047.8 5037.5 37.4 64 0 9.5 7.9 2.5 2.5 2 0 1 1 1
1050.8 5066.0 35.6 64 0 19.2 11.0 5.0 2.5 2 0 2 2 2
1075.4 5078.5 33.3 64 0 7.6 17.6 5.0 2.5 2 1 2 2 2
1078.8 5050.6 35.3 66 0 9.9 18.3 2.5 2.5 2 1 1 0 0
1088.8 5056.3 34.6 62 0 8.1 18.3 2.5 2.5 2 1 1 4 4
1115.2 5074.0 33.2 66 0 9.3 14.8 2.5 2.5 2 1 1 3 3
1103.0 5093.9 32.8 63 0 9.5 14.3 5.0 2.5 2 1 2 4 4
1083.3 5149.1 31.7 237 0 11.9 7.2 5.0 2.5 2 0 2 1 1
1116.7 5124.6 32.7 66 0 11.3 5.3 5.0 2.5 2 0 2 5 5
1124.7 5103.9 32.8 66 0 9.5 9.7 5.0 2.5 2 1 2 0 0
1142.9 5106.3 30.6 153 0 12.3 8.3 5.0 2.5 2 0 2 5 5
1154.4 5068.1 32.8 331 0 8.8 8.8 2.5 2.5 2 0 1 2 2
1159.2 5058.9 32.9 331 0 9.8 10.5 2.5 0.0 0 1 1 3 3
1156.8 5042.7 33.2 238 0 7.0 14.5 5.0 2.5 2 1 2 1 1
1173.7 5034.3 32.9 57 0 7.6 15.8 5.0 2.5 2 1 2 3 3
1178.8 5045.7 32.3 143 0 7.8 15.0 5.0 2.5 2 1 2 5 5
1183.2 5078.3 31.2 156 0 10.4 8.1 5.0 2.5 2 0 2 5 5
1195.8 5054.5 30.8 144 0 6.8 11.5 5.0 2.5 2 1 2 4 4
1191.5 5063.6 31.4 145 0 9.3 9.0 5.0 2.5 2 0 2 0 0
1205.0 5042.7 29.9 146 0 17.7 7.8 5.0 2.5 2 0 2 4 4
1206.2 5018.2 30.7 152 0 7.1 10.0 5.0 2.5 2 1 2 5 5
1227.1 5027.5 29.4 327 0 7.9 5.5 5.0 2.5 2 0 2 2 2
1294.3 4879.7 54.9 299 0 7.4 6.5 5.0 2.5 2 0 2 0 0
1348.3 4821.3 52.8 296 0 8.1 6.6 5.0 2.5 2 0 2 5 5
1355.6 4746.3 45.7 212 0 14.2 18.5 5.0 2.5 2 1 2 4 4
1570.4 4604.6 33.6 53 0 7.1 10.0 7.5 2.5 2 1 3 3 3
1624.9 4661.0 30.4 281 0 9.6 6.5 2.5 2.5 2 0 1 0 0
1647.2 4660.0 29.5 266 0 9.5 6.1 2.5 2.5 2 0 1 0 0
1711.8 4698.8 24.3 84 0 5.6 11.2 5.0 2.5 2 1 2 2 2
1755.1 4585.0 37.3 347 0 8.9 14.5 2.5 2.5 2 1 1 2 2
1766.6 4555.0 42.2 345 0 9.1 14.2 2.5 2.5 2 1 1 3 3
1739.5 4560.0 40.3 344 0 8.0 11.7 2.5 2.5 2 1 1 3 3
1752.4 4571.4 39.4 352 0 9.1 9.5 2.5 2.5 2 1 1 0 0
1698.9 4596.3 35.7 181 0 10.6 9.0 2.5 2.5 2 0 1 1 1
1182.8 4976.9 36.1 335 0 10.9 5.1 5.0 2.5 2 0 2 5 5
1220.4 4939.0 42.8 335 0 7.7 7.6 5.0 2.5 2 0 2 5 5
1270.4 4887.3 53.2 309 0 6.4 7.4 5.0 2.5 2 1 2 4 4
1287.4 4884.5 54.6 309 0 8.0 7.3 5.0 2.5 2 0 2 0 0
1316.3 4847.9 54.6 311 0 14.3 8.5 5.0 2.5 2 0 2 5 5
1350.8 4861.7 49.2 123 0 7.7 6.0 5.0 2.5 4 0 2 5 5
1388.7 4824.4 48.1 294 0 11.8 7.6 5.0 2.5 2 0 2 3 3
1406.4 4813.8 47.0 300 0 10.2 7.9 5.0 0.0 0 0 2 0 0
1500.9 4776.8 35.8 130 0 9.1 9.0 5.0 2.5 2 0 2 2 2
1483.2 4765.6 39.1 312 0 9.9 15.8 5.0 2.5 4 1 2 4 4
1459.5 4779.9 41.3 297 0 10.0 7.1 5.0 2.5 2 0 2 0 0
1471.1 4774.2 40.7 300 0 10.1 7.5 5.0 2.5 2 0 2 2 2
1466.1 4767.4 41.0 302 0 9.9 6.1 5.0 2.5 2 0 2 4 4
1456.2 4847.6 38.3 30 0 10.6 10.2 5.0 2.5 2 0 2 4 4
1422.2 4776.2 43.2 302 0 9.4 10.8 5.0 2.5 2 1 2 1 1
1386.6 4713.1 43.6 122 0 12.3 50.1 5.0 2.5 2 1 2 2 2
1380.0 4831.1 48.8 299 0 6.4 11.6 5.0 2.5 4 1 2 4 4
1356.9 4842.0 50.6 299 0 8.1 9.4 5.0 2.5 2 1 2 5 5
1340.5 4854.4 51.5 305 0 10.9 7.2 5.0 0.0 0 0 2 1 1
1323.8 4864.7 52.7 302 0 8.5 7.7 5.0 2.5 2 0 2 1 1
1309.6 4863.4 54.3 307 0 9.7 5.3 5.0 2.5 2 0 2 0 0
1312.4 4869.8 53.5 298 0 9.5 4.9 5.0 2.5 2 0 2 5 5
1327.2 4894.5 48.7 125 0 5.9 13.1 5.0 2.5 2 1 2 5 5
1294.6 4920.6 46.5 137 0 9.9 12.8 5.0 2.5 2 1 2 3 3
1313.1 4962.7 40.1 236 0 13.0 7.4 5.0 2.5 2 0 2 3 3
1328.9 4946.9 43.7 303 0 8.7 13.2 5.0 2.5 2 1 2 4 4
1330.6 4917.9 47.6 32 0 8.0 16.1 5.0 2.5 2 1 2 4 4
1315.9 4912.3 49.0 124 0 18.3 6.0 5.0 2.5 2 0 2 4 4
1311.0 4902.9 50.1 123 0 17.6 8.4 5.0 0.0 0 0 2 0 0
1303.0 4888.6 51.5 125 0 22.3 12.3 5.0 2.5 2 0 2 1 1
1262.0 4936.3 43.2 151 0 7.4 14.7 5.0 2.5 4 1 2 3 3
1279.2 4928.8 44.8 129 0 7.1 11.5 5.0 2.5 2 1 2 2 2
1301.2 4952.5 42.1 311 0 6.8 15.3 5.0 2.5 2 1 2 3 3
1281.0 4908.7 49.1 131 0 12.1 7.8 5.0 2.5 2 0 2 1 1
1229.1 4943.6 42.0 335 0 8.4 7.4 5.0 2.5 2 0 2 1 1
1246.4 4924.8 46.4 335 0 6.2 11.6 5.0 2.5 2 1 2 2 2
1230.3 4979.7 34.5 140 0 7.7 10.8 5.0 0.0 0 1 2 0 0
1155.7 5085.5 32.0 147 0 8.7 10.1 5.0 2.5 4 1 2 3 3
1172.7 5070.0 32.1 150 0 17.6 8.9 5.0 2.5 2 0 2 4 4
1160.2 5018.3 34.4 319 0 8.8 6.1 5.0 2.5 2 0 2 5 5
1097.3 4977.4 37.6 162 0 9.2 10.8 5.0 2.5 4 1 2 0 0
1177.5 4972.6 36.8 336 0 9.8 6.0 5.0 2.5 2 0 2 4 4
1168.2 4936.5 40.2 70 0 14.1 6.5 5.0 2.5 4 0 2 3 3
1116.0 4911.8 41.6 166 0 12.4 5.8 5.0 2.5 2 0 2 2 2
1080.1 5033.4 35.5 159 0 9.4 9.1 2.5 2.5 2 0 1 0 0
1090.8 5015.8 35.7 70 0 8.1 13.7 2.5 2.5 2 1 1 3 3
1094.1 4989.4 37.0 165 0 8.1 6.5 5.0 2.5 2 0 2 4 4
1110.3 5007.8 35.6 241 0 9.9 16.8 5.0 0.0 0 1 2 3 3
1117.3 5018.1 34.8 240 0 9.1 10.0 5.0 2.5 2 1 2 5 5
1125.2 5022.0 34.6 237 0 6.8 9.9 5.0 2.5 2 1 2 1 1
1139.9 5028.8 34.2 245 0 10.1 11.7 5.0 2.5 2 1 2 1 1
1124.7 5032.5 33.9 64 0 12.0 13.0 2.5 2.5 2 1 1 3 3
1116.4 5032.4 34.4 333 0 8.4 13.4 2.5 2.5 2 1 1 4 4
1107.6 5034.0 34.4 62 0 15.0 16.0 2.5 2.5 2 1 1 1 1
1102.3 5025.0 35.1 332 0 8.8 7.6 2.5 2.5 2 0 1 3 3
1091.3 5000.5 35.9 163 0 7.7 11.6 5.0 2.5 2 1 2 3 3
1080.2 5014.9 36.4 335 0 11.4 9.2 2.5 2.5 2 0 1 5 5
1075.2 5028.9 36.4 333 0 12.0 9.8 2.5 2.5 2 0 1 4 4
1058.5 5027.6 37.0 243 0 9.9 6.6 2.5 0.0 0 0 1 1 1
1059.0 4992.7 37.9 58 0 6.7 14.9 2.5 2.5 2 1 1 4 4
1039.6 5018.2 38.2 243 0 9.2 14.4 2.5 2.5 4 1 1 4 4
1048.9 5021.9 37.6 242 0 8.9 12.9 2.5 2.5 4 1 1 5 5
1088.0 4974.8 38.0 340 0 11.4 9.6 5.0 2.5 2 0 2 4 4
1073.1 4992.7 37.2 241 0 11.4 12.5 5.0 2.5 4 1 2 1 1
1076.3 4973.9 38.5 346 0 7.1 15.7 5.0 2.5 2 1 2 1 1
1090.6 4954.5 39.3 344 0 9.2 21.1 5.0 2.5 4 1 2 0 0
1092.9 4944.4 40.0 343 0 7.0 18.2 5.0 2.5 2 1 2 2 2
1099.1 4926.8 41.0 342 0 6.6 11.6 5.0 2.5 2 1 2 3 3
1110.7 4885.2 43.7 264 0 6.0 15.1 5.0 2.5 2 1 2 2 2
1088.2 4891.3 44.1 288 0 12.4 6.2 5.0 2.5 2 0 2 5 5
1061.1 4909.4 43.7 110 0 8.4 12.2 5.0 2.5 2 1 2 4 4
1075.6 4905.5 43.4 107 0 9.9 7.8 5.0 2.5 2 0 2 0 0
1070.4 4895.9 45.3 279 0 12.9 6.8 5.0 2.5 2 0 2 0 0
1059.6 4898.3 46.3 288 0 6.2 9.7 5.0 2.5 2 1 2 5 5
1049.2 4913.1 44.3 110 0 11.0 12.8 5.0 2.5 2 1 2 3 3
1029.3 4909.2 48.2 295 0 6.9 12.4 5.0 2.5 4 1 2 3 3
1038.7 4907.0 47.4 291 0 7.4 11.0 5.0 2.5 4 1 2 2 2
984.1 4873.1 54.2 267 0 13.0 6.8 5.0 2.5 2 0 2 2 2
983.1 4892.1 53.5 58 0 7.4 9.5 5.0 0.0 0 1 2 1 1
950.1 4892.1 55.3 66 0 11.2 15.1 5.0 2.5 2 1 2 2 2
891.6 4934.9 58.0 248 0 10.0 22.0 5.0 2.5 2 1 2 2 2
903.1 4940.1 56.5 248 0 8.4 26.7 5.0 2.5 4 1 2 4 4
904.6 4970.5 53.8 244 0 8.9 18.0 5.0 2.5 2 1 2 5 5
885.9 4989.5 54.1 71 0 9.1 7.4 5.0 2.5 2 0 2 0 0
875.5 4984.6 55.6 68 0 7.9 15.3 5.0 0.0 0 1 2 2 2
865.3 4979.8 57.1 68 0 7.6 9.9 5.0 2.5 2 1 2 1 1
859.8 4990.3 56.9 74 0 11.2 7.6 5.0 2.5 4 0 2 2 2
821.6 5063.3 58.0 83 0 8.8 7.6 5.0 2.5 2 0 2 4 4
746.8 5001.4 66.2 96 0 7.1 13.6 2.5 2.5 2 1 1 3 3
713.0 5007.6 67.7 98 0 7.7 13.6 2.5 2.5 2 1 1 4 4
730.3 5004.9 67.2 95 0 8.9 9.1 2.5 2.5 4 1 1 1 1
693.6 4987.1 66.2 274 0 13.9 32.0 5.0 0.0 0 1 2 3 3
679.2 5054.2 66.1 91 0 8.7 14.9 2.5 2.5 2 1 1 0 0
630.0 5003.5 70.8 279 0 8.8 9.0 5.0 2.5 2 1 2 1 1
595.7 5008.0 71.3 278 0 11.3 6.8 5.0 2.5 2 0 2 1 1
651.8 5036.9 70.4 8 0 8.3 22.5 2.5 2.5 2 1 1 5 5
624.5 5020.7 70.8 91 0 9.4 12.6 2.5 0.0 0 1 1 2 2
576.8 5059.0 71.4 187 0 11.2 48.3 2.5 2.5 2 1 1 1 1
564.7 5059.8 73.5 183 0 10.5 9.8 2.5 2.5 2 0 1 5 5
552.5 5010.3 69.6 277 0 14.6 16.6 5.0 2.5 2 1 2 0 0
538.7 5017.7 69.9 279 0 11.4 20.1 5.0 2.5 2 1 2 0 0
524.9 5017.6 70.5 278 0 11.8 15.0 5.0 2.5 2 1 2 5 5
536.7 5060.2 74.4 273 0 11.4 7.8 5.0 2.5 4 0 2 0 0
508.8 5022.5 71.8 274 0 10.2 8.9 5.0 2.5 2 0 2 1 1
493.0 5025.2 71.8 279 0 10.8 11.9 5.0 2.5 2 1 2 4 4
458.2 5031.4 72.2 280 0 10.2 16.4 5.0 2.5 4 1 2 1 1
472.0 5045.8 75.3 100 0 12.0 9.9 5.0 2.5 2 0 2 2 2
502.0 5058.5 74.8 276 0 14.5 16.0 5.0 2.5 4 1 2 0 0
900.7 5080.8 44.8 171 0 11.1 8.4 5.0 2.5 4 0 2 2 2
949.6 5127.3 34.9 241 0 7.2 8.8 5.0 2.5 2 1 2 5 5
925.8 5105.3 39.0 248 0 8.9 11.5 5.0 2.5 4 1 2 0 0
950.8 5095.9 40.9 254 0 9.8 17.2 5.0 2.5 2 1 2 2 2
964.7 5102.1 39.2 253 0 9.4 12.5 5.0 2.5 2 1 2 3 3
964.1 5117.5 37.2 243 0 13.6 6.5 5.0 2.5 2 0 2 3 3
1007.5 5108.7 35.3 337 0 10.4 16.2 5.0 2.5 2 1 2 0 0
988.5 5098.2 38.0 341 0 7.4 7.7 5.0 2.5 2 1 2 2 2
987.7 5107.8 37.0 337 0 7.9 14.4 5.0 2.5 4 1 2 1 1
999.3 5129.7 33.8 340 0 6.5 15.1 5.0 2.5 2 1 2 5 5
1026.4 5006.4 38.8 155 0 13.9 11.7 2.5 2.5 2 0 1 4 4
1034.6 4991.9 39.2 243 0 8.4 11.2 2.5 2.5 2 1 1 1 1
1049.1 4987.8 38.5 59 0 11.3 14.0 2.5 2.5 2 1 1 1 1
1046.7 4974.4 39.7 242 0 7.8 8.4 5.0 0.0 0 1 2 4 4
1037.2 4971.0 40.3 244 0 9.1 24.0 5.0 2.5 2 1 2 4 4
1027.1 4966.6 41.5 244 0 9.9 9.7 5.0 2.5 2 0 2 2 2
1015.2 4960.7 43.0 242 0 12.5 10.2 5.0 0.0 0 0 2 4 4
1028.8 4986.6 39.9 336 0 18.1 13.1 5.0 2.5 2 0 2 3 3
979.7 4962.7 44.0 155 0 15.0 20.0 5.0 2.5 2 1 2 4 4
973.5 4928.6 51.1 249 0 9.6 9.8 5.0 2.5 2 1 2 5 5
963.8 4922.8 52.6 247 0 8.1 19.5 5.0 2.5 2 1 2 1 1
954.9 4917.0 53.9 247 0 10.8 18.4 5.0 2.5 4 1 2 5 5
998.5 4934.8 48.1 338 0 15.4 13.0 5.0 2.5 2 0 2 5 5
964.1 4987.8 46.2 339 0 18.1 41.8 5.0 2.5 2 1 2 5 5
-3903.1 6584.2 -124.4 233 0 7.4 12.5 2.5 2.5 2 1 1 0 0
-4216.1 6365.0 -124.8 256 0 10.8 20.5 5.0 2.5 2 1 2 3 3
-4237.8 6417.2 -124.9 165 0 23.7 9.6 5.0 2.5 2 0 2 4 4
-3312.0 5526.1 -114.6 160 0 6.7 11.1 2.5 0.0 0 1 1 5 5
-3314.7 5533.8 -114.4 162 0 5.0 9.3 2.5 2.5 2 1 1 4 4
-3701.0 6321.7 -83.9 119 0 7.6 7.0 5.0 2.5 2 0 2 0 0
-3612.3 6256.4 -79.1 304 0 10.5 16.3 5.0 2.5 2 1 2 2 2
-3590.1 6265.2 -78.7 102 0 10.0 10.2 5.0 0.0 0 1 2 1 1
-3577.4 6262.4 -76.9 126 0 9.9 9.9 5.0 2.5 4 1 2 0 0
-3558.7 6250.4 -75.3 114 0 24.7 8.9 5.0 0.0 0 0 2 2 2
-3630.2 6607.8 -84.4 269 0 7.9 12.2 5.0 2.5 2 1 2 1 1
-3580.3 6577.7 -77.5 5 0 5.8 10.7 5.0 0.0 0 1 2 5 5
-3600.0 6591.4 -79.7 357 0 5.5 5.0 5.0 2.5 4 0 2 4 4
-3620.3 6612.5 -82.8 268 0 4.6 7.1 5.0 2.5 2 1 2 2 2
-3537.9 6714.9 -73.5 256 0 14.5 7.0 5.0 2.5 2 0 2 0 0
-3522.3 6722.9 -70.6 246 0 13.4 8.6 5.0 2.5 4 0 2 3 3
-3484.5 6772.5 -65.4 73 0 12.0 15.2 5.0 2.5 2 1 2 5 5
-3485.9 6732.7 -63.9 242 0 10.3 11.4 5.0 2.5 2 1 2 0 0
-3853.0 6731.9 -114.9 168 0 6.9 18.5 5.0 0.0 0 1 2 0 0
-3859.8 6761.3 -114.5 166 0 13.9 13.0 5.0 2.5 4 0 2 3 3
-3868.7 6798.2 -111.3 140 0 11.2 7.3 5.0 2.5 2 0 2 5 5
-3892.5 6605.7 -122.9 176 0 13.7 7.8 2.5 2.5 2 0 1 2 2
-3781.7 6503.4 -104.0 51 0 6.7 10.0 5.0 0.0 0 1 2 5 5
-3815.5 6494.1 -105.3 324 0 8.3 7.7 5.0 2.5 2 0 2 5 5
-3861.2 6490.6 -108.5 205 0 7.2 8.8 5.0 0.0 0 1 2 2 2
-3730.9 6327.6 -86.2 112 0 10.9 7.2 5.0 2.5 4 0 2 0 0
-3672.0 6370.3 -88.4 6 0 9.4 10.7 5.0 0.0 0 1 2 0 0
-3480.0 5822.0 -88.9 132 0 7.5 11.3 5.0 0.0 0 1 2 2 2
-3572.2 5952.4 -91.2 330 0 10.7 8.1 5.0 2.5 4 0 2 5 5
-3690.6 6024.1 -103.7 334 0 10.8 7.3 5.0 2.5 2 0 2 3 3
-3680.8 6014.2 -102.1 333 0 7.8 10.7 5.0 2.5 2 1 2 1 1
-3674.5 6006.3 -101.1 331 0 8.3 12.0 5.0 2.5 2 1 2 3 3
-3539.7 5857.8 -95.6 138 0 10.4 18.9 5.0 0.0 0 1 2 4 4
-3508.5 5885.4 -89.6 319 0 10.9 19.8 5.0 2.5 2 1 2 5 5
-3440.0 5845.9 -81.1 313 0 9.8 11.0 5.0 2.5 2 1 2 0 0
-3468.1 5817.7 -87.6 131 0 8.9 13.7 5.0 2.5 2 1 2 2 2
-3449.4 5837.1 -83.8 315 0 11.8 10.2 5.0 2.5 2 0 2 3 3
-3423.8 5826.7 -83.3 315 0 5.1 19.5 5.0 2.5 2 1 2 4 4
-3488.9 5843.7 -87.0 132 0 19.2 9.5 5.0 2.5 2 0 2 4 4
-3461.5 5812.1 -87.4 131 0 4.9 10.0 5.0 0.0 0 1 2 0 0
-3436.0 5776.9 -89.0 132 0 34.0 13.5 5.0 2.5 2 0 2 1 1
-3922.0 6794.1 -125.1 160 0 8.7 15.9 2.5 2.5 2 1 1 1 1
-3646.3 6657.6 -88.1 89 0 7.8 8.0 5.0 2.5 2 1 2 4 4
-3598.5 6687.5 -82.6 61 0 8.1 11.4 5.0 2.5 2 1 2 3 3
-3551.3 6723.9 -76.3 66 0 9.5 9.2 5.0 2.5 4 0 2 4 4
-3525.8 6700.9 -70.5 239 0 8.8 6.9 5.0 2.5 2 0 2 5 5
-3551.9 6706.3 -75.2 243 0 9.2 14.7 5.0 2.5 2 1 2 0 0
-3568.4 6696.2 -77.4 234 0 10.2 13.8 5.0 0.0 0 1 2 0 0
-3578.9 6701.5 -80.3 59 0 12.6 11.2 5.0 2.5 2 0 2 1 1
-3601.9 6650.1 -81.8 267 0 16.0 11.6 5.0 2.5 2 0 2 4 4
-3619.6 6650.6 -84.1 261 0 11.1 14.9 5.0 2.5 2 1 2 2 2
-3624.9 6632.7 -84.7 270 0 14.6 8.2 5.0 2.5 4 0 2 2 2
-3598.9 6572.8 -79.4 93 0 9.9 11.5 5.0 2.5 2 1 2 3 3
-3556.8 6582.4 -74.3 2 0 17.2 12.0 5.0 0.0 0 0 2 3 3
-3559.2 6564.8 -74.2 3 0 14.0 10.9 5.0 2.5 2 0 2 5 5
-3586.9 6551.2 -78.0 95 0 16.2 10.7 5.0 2.5 2 0 2 1 1
-3596.2 6559.9 -82.6 12 0 10.9 28.1 5.0 2.5 2 1 2 0 0
-3614.7 6575.2 -82.5 99 0 18.4 11.2 5.0 2.5 2 0 2 2 2
-3631.4 6592.1 -85.3 281 0 9.9 30.4 5.0 2.5 2 1 2 5 5
-3667.2 6612.3 -90.0 277 0 6.2 9.0 5.0 2.5 2 1 2 2 2
-3651.9 6593.7 -88.4 275 0 18.4 8.6 5.0 2.5 2 0 2 2 2
-3652.0 6582.3 -88.4 272 0 19.0 8.8 5.0 2.5 4 0 2 5 5
-3672.3 6565.9 -90.1 185 0 6.5 26.5 5.0 2.5 2 1 2 2 2
-3673.1 6540.2 -90.8 95 0 9.4 12.4 5.0 0.0 0 1 2 1 1
-3646.3 6522.4 -86.1 197 0 10.3 15.7 5.0 2.5 2 1 2 4 4
-3697.7 6541.6 -94.6 98 0 10.1 8.2 5.0 2.5 2 0 2 2 2
-3744.5 6560.1 -100.7 182 0 12.5 13.0 5.0 2.5 2 1 2 0 0
-3724.7 6574.9 -98.1 180 0 6.1 8.7 5.0 2.5 2 1 2 5 5
-3744.8 6572.2 -100.9 185 0 5.5 11.5 5.0 2.5 2 1 2 2 2
-3764.3 6608.2 -104.7 2 0 9.4 5.0 2.5 2.5 4 0 1 3 3
-3763.6 6587.6 -104.7 359 0 8.0 7.9 2.5 2.5 2 0 1 0 0
-3724.6 6709.6 -100.0 359 0 11.1 7.0 5.0 2.5 2 0 2 4 4
-3726.7 6664.0 -100.3 89 0 11.7 13.1 5.0 2.5 2 1 2 2 2
-3701.5 6629.2 -95.3 267 0 6.4 5.3 5.0 2.5 2 0 2 1 1
-3703.1 6622.1 -95.4 271 0 6.3 6.5 5.0 2.5 2 1 2 1 1
-3717.0 6633.8 -97.9 270 0 9.3 7.4 5.0 2.5 2 0 2 2 2
-3716.3 6645.1 -97.8 271 0 6.0 8.9 5.0 2.5 4 1 2 3 3
-3718.8 6624.1 -98.1 270 0 9.2 7.1 5.0 2.5 2 0 2 5 5
-3731.5 6635.3 -99.8 270 0 5.6 10.5 5.0 0.0 0 1 2 1 1
-3708.7 6680.3 -98.3 86 0 12.3 12.4 5.0 2.5 4 1 2 0 0
-3711.0 6799.1 -98.3 334 0 7.6 8.9 5.0 2.5 2 1 2 5 5
-3698.8 6748.0 -97.2 3 0 8.0 10.0 5.0 2.5 2 1 2 3 3
-3715.0 6740.0 -99.2 2 0 7.5 11.1 5.0 2.5 2 1 2 4 4
-3737.1 6736.6 -102.3 5 0 12.0 13.2 5.0 2.5 2 1 2 5 5
-3798.7 6749.5 -108.1 176 0 10.5 12.1 5.0 2.5 2 1 2 4 4
-3850.6 6633.8 -117.9 357 0 7.9 11.8 2.5 2.5 2 1 1 5 5
-3800.0 6538.0 -108.0 283 0 11.3 7.3 5.0 2.5 2 0 2 5 5
-3801.2 6607.9 -108.6 181 0 8.6 10.5 2.5 2.5 2 1 1 1 1
-3754.4 6624.4 -102.9 180 0 16.4 16.8 5.0 2.5 2 1 2 3 3
-3798.9 6652.6 -109.7 90 0 18.6 12.2 5.0 2.5 2 0 2 1 1
-3866.6 6735.8 -121.4 348 0 16.3 23.4 2.5 2.5 2 1 1 4 4
-3831.6 6755.6 -112.0 168 0 14.4 9.1 5.0 2.5 2 0 2 1 1
-3830.1 6726.2 -112.3 166 0 14.7 22.8 5.0 2.5 2 1 2 3 3
-3832.7 6847.9 -105.2 236 0 18.3 14.9 5.0 2.5 2 0 2 2 2
-3805.8 6831.8 -106.1 326 0 11.5 24.3 5.0 2.5 2 1 2 4 4
-3840.5 6673.2 -113.7 173 0 10.0 18.1 5.0 2.5 2 1 2 2 2
-3830.2 6650.5 -113.8 87 0 15.9 15.8 5.0 0.0 0 0 2 3 3
-3850.4 6719.7 -114.7 167 0 13.0 19.1 5.0 2.5 2 1 2 4 4
-3856.7 6744.5 -115.1 166 0 17.0 24.8 5.0 2.5 2 1 2 1 1
-3842.2 6697.7 -114.0 199 0 11.8 13.6 5.0 2.5 2 1 2 1 1
-3816.4 6695.5 -110.5 175 0 8.8 20.6 5.0 2.5 2 1 2 5 5
-3780.1 6681.7 -106.7 88 0 9.9 18.7 5.0 2.5 2 1 2 1 1
-3764.1 6714.6 -104.5 92 0 8.6 11.6 5.0 2.5 2 1 2 4 4
-3740.3 6693.9 -101.8 88 0 10.2 6.0 5.0 2.5 2 0 2 4 4
-3739.6 6679.7 -102.3 79 0 16.2 12.1 5.0 0.0 0 0 2 5 5
-3742.4 6660.8 -102.2 88 0 10.1 11.0 5.0 2.5 2 1 2 1 1
-3754.9 6651.8 -103.8 91 0 11.2 13.8 5.0 2.5 2 1 2 1 1
-3781.0 6649.6 -107.0 90 0 11.1 19.3 5.0 2.5 2 1 2 2 2
-3776.9 6632.7 -106.4 270 0 10.2 16.1 2.5 2.5 2 1 1 5 5
-3793.9 6624.9 -109.0 271 0 19.2 11.3 2.5 2.5 2 0 1 5 5
-3838.2 6554.9 -113.5 271 0 10.0 18.4 5.0 2.5 2 1 2 4 4
-3688.8 6474.1 -90.9 297 0 14.9 7.2 5.0 2.5 2 0 2 1 1
-3710.7 6476.2 -93.1 285 0 9.6 9.7 5.0 0.0 0 1 2 3 3
-3709.6 6463.8 -91.9 293 0 7.4 13.7 5.0 2.5 2 1 2 1 1
-3721.1 6438.9 -91.5 285 0 8.1 5.2 5.0 2.5 2 0 2 5 5
-3732.2 6458.5 -94.4 298 0 9.0 13.3 5.0 2.5 2 1 2 4 4
-3724.0 6453.1 -92.8 296 0 7.4 12.4 5.0 2.5 2 1 2 1 1
-3745.5 6325.1 -85.9 298 0 12.2 10.0 5.0 2.5 2 0 2 2 2
-3739.6 6333.3 -86.9 123 0 6.7 5.4 5.0 2.5 2 0 2 0 0
-3871.5 6264.3 -98.5 323 0 11.1 10.0 5.0 2.5 2 0 2 4 4
-3847.9 6263.2 -91.4 134 0 13.1 9.4 5.0 2.5 2 0 2 4 4
-3834.1 6252.1 -91.1 140 0 15.1 9.4 5.0 0.0 0 0 2 5 5
-3821.5 6260.1 -88.4 141 0 13.6 11.8 5.0 2.5 2 0 2 0 0
-3939.9 6479.3 -112.8 199 0 16.9 17.4 2.5 2.5 2 1 1 1 1
-3857.8 6432.8 -101.6 88 0 9.3 5.2 5.0 2.5 2 0 2 2 2
-3803.2 6387.7 -95.4 325 0 7.7 9.0 5.0 2.5 2 1 2 1 1
-3817.4 6405.8 -97.5 293 0 11.5 14.7 5.0 2.5 2 1 2 5 5
-3872.4 6467.5 -107.4 179 0 7.0 10.0 5.0 2.5 2 1 2 0 0
-3875.0 6476.5 -108.5 173 0 6.0 7.1 5.0 2.5 2 1 2 2 2
-3877.3 6485.4 -109.9 179 0 7.0 8.7 5.0 0.0 0 1 2 3 3
-3887.0 6508.4 -113.1 150 0 5.9 12.6 5.0 0.0 0 1 2 3 3
-3857.5 6557.0 -118.6 54 0 31.5 15.5 2.5 0.0 0 0 1 2 2
-3848.1 6590.5 -117.9 359 0 8.4 16.7 2.5 2.5 2 1 1 3 3
-3852.9 6656.0 -120.0 350 0 6.8 21.7 2.5 2.5 2 1 1 5 5
-3854.5 6675.3 -120.0 350 0 10.0 23.6 2.5 2.5 2 1 1 5 5
-3857.0 6696.3 -119.0 351 0 12.9 18.4 2.5 2.5 2 1 1 5 5
-3900.0 6687.3 -123.4 167 0 13.3 24.4 2.5 2.5 2 1 1 2 2
-3913.6 6732.1 -125.0 256 0 11.6 8.2 2.5 0.0 0 0 1 1 1
-3898.9 6752.2 -122.9 168 0 5.4 10.9 2.5 2.5 2 1 1 1 1
-3906.6 6757.5 -124.3 163 0 6.5 25.8 2.5 2.5 2 1 1 0 0
-3870.6 6749.6 -122.5 347 0 8.6 25.3 2.5 2.5 2 1 1 1 1
-3907.2 6745.8 -125.0 255 0 26.9 10.4 2.5 2.5 2 0 1 1 1
-3932.6 6730.4 -125.0 254 0 23.5 12.5 2.5 2.5 2 0 1 0 0
-3921.9 6689.6 -125.0 77 0 32.7 14.3 2.5 2.5 2 0 1 4 4
-3784.6 6533.4 -105.9 305 0 9.6 12.0 5.0 2.5 2 1 2 4 4
-3773.3 6517.3 -103.9 321 0 10.2 11.6 5.0 2.5 2 1 2 2 2
-3775.0 6534.0 -105.4 287 0 20.6 14.4 5.0 2.5 2 0 2 4 4
-3766.8 6507.5 -101.6 230 0 8.9 11.1 5.0 2.5 2 1 2 4 4
-3757.6 6513.6 -101.2 232 0 8.6 10.7 5.0 2.5 4 1 2 4 4
-3741.9 6520.3 -101.0 275 0 16.8 14.0 5.0 2.5 2 0 2 1 1
-3720.6 6516.4 -97.3 286 0 6.1 13.9 5.0 2.5 4 1 2 4 4
-3711.7 6514.4 -96.0 285 0 5.8 13.1 5.0 2.5 2 1 2 1 1
-3673.3 6532.7 -90.9 94 0 10.5 5.6 5.0 2.5 2 0 2 1 1
-3684.5 6503.7 -91.9 273 0 8.7 5.0 5.0 2.5 2 0 2 5 5
-3694.0 6501.2 -92.8 271 0 8.0 5.9 5.0 2.5 4 0 2 0 0
-3703.2 6503.7 -94.3 276 0 8.8 6.8 5.0 2.5 2 0 2 2 2
-3701.3 6491.1 -93.3 290 0 12.4 5.5 5.0 0.0 0 0 2 0 0
-3652.5 6392.0 -87.7 90 0 6.4 9.4 5.0 2.5 4 1 2 5 5
-3654.8 6402.3 -88.1 86 0 8.9 9.7 5.0 2.5 2 1 2 3 3
-3629.2 6429.2 -87.5 345 0 9.9 8.2 5.0 0.0 0 0 2 1 1
-3597.5 6403.8 -85.0 356 0 6.6 10.6 5.0 2.5 2 1 2 4 4
-3616.8 6399.3 -86.4 92 0 14.0 8.2 5.0 2.5 2 0 2 4 4
-3630.5 6415.3 -87.3 334 0 9.7 7.9 5.0 2.5 2 0 2 3 3
-3655.6 6434.2 -88.8 328 0 11.6 10.0 5.0 2.5 2 0 2 5 5
-3632.7 6451.0 -87.9 9 0 17.5 8.9 5.0 2.5 2 0 2 5 5
-3653.9 6489.6 -88.0 196 0 10.6 15.3 5.0 2.5 2 1 2 2 2
-3628.0 6496.1 -85.3 20 0 6.7 13.1 5.0 2.5 2 1 2 1 1
-3656.2 6514.9 -87.9 115 0 6.7 18.7 5.0 2.5 4 1 2 3 3
-3665.9 6514.2 -89.5 113 0 8.8 13.8 5.0 2.5 2 1 2 3 3
-3686.3 6536.2 -92.7 95 0 7.6 16.1 5.0 2.5 2 1 2 3 3
-3690.7 6517.1 -93.0 97 0 6.7 17.7 5.0 2.5 4 1 2 1 1
-3700.4 6522.2 -94.6 99 0 10.3 15.7 5.0 2.5 4 1 2 1 1
-3712.3 6526.2 -96.2 94 0 7.3 12.1 5.0 2.5 2 1 2 1 1
-3725.6 6529.7 -98.6 95 0 12.0 13.7 5.0 2.5 2 1 2 1 1
-3742.3 6604.7 -101.0 180 0 24.7 11.1 5.0 2.5 2 0 2 0 0
-3754.5 6608.1 -102.7 183 0 10.3 12.3 5.0 2.5 2 1 2 3 3
-3757.3 6598.3 -104.9 1 0 7.1 14.9 2.5 2.5 2 1 1 0 0
-3757.7 6575.0 -104.2 4 0 10.3 10.4 2.5 2.5 2 1 1 2 2
-3759.3 6555.4 -105.5 7 0 10.2 21.0 2.5 2.5 4 1 1 3 3
-3790.2 6556.4 -108.1 106 0 20.6 13.0 2.5 2.5 2 0 1 1 1
-3820.8 6551.4 -111.3 271 0 13.6 20.3 5.0 2.5 2 1 2 5 5
-3851.7 6519.7 -110.4 228 0 6.9 11.7 5.0 2.5 2 1 2 5 5
-3865.7 6542.0 -114.9 229 0 15.4 17.4 5.0 2.5 2 1 2 1 1
-3888.3 6533.0 -118.3 53 0 8.1 11.3 2.5 2.5 2 1 1 1 1
-3911.2 6516.7 -120.0 55 0 5.6 16.0 2.5 2.5 2 1 1 0 0
-3901.0 6525.8 -120.7 55 0 7.7 16.9 2.5 2.5 2 1 1 1 1
-3906.9 6465.2 -110.0 88 0 14.3 7.2 2.5 2.5 4 0 1 3 3
-3914.7 6452.7 -107.8 266 0 8.1 12.4 5.0 2.5 2 1 2 4 4
-3888.4 6431.2 -104.0 87 0 8.4 7.3 5.0 2.5 2 0 2 3 3
-3882.4 6449.6 -106.4 351 0 10.2 7.4 5.0 2.5 2 0 2 5 5
-3886.4 6474.8 -109.5 345 0 8.0 8.6 2.5 2.5 4 1 1 2 2
-3891.0 6395.7 -97.8 205 0 6.3 13.2 5.0 2.5 2 1 2 3 3
-3915.7 6370.1 -97.4 178 0 4.4 10.1 5.0 2.5 4 1 2 1 1
-3920.7 6383.3 -100.5 2 0 6.3 7.9 5.0 2.5 2 1 2 3 3
-3929.8 6391.9 -102.5 83 0 5.3 10.3 5.0 2.5 2 1 2 3 3
-3922.1 6392.9 -101.9 84 0 7.6 10.5 5.0 2.5 2 1 2 0 0
-3860.5 6422.2 -100.6 268 0 11.0 6.8 5.0 2.5 2 0 2 4 4
-3890.9 6357.7 -94.2 185 0 7.0 9.9 5.0 2.5 2 1 2 5 5
-3873.7 6398.0 -97.0 201 0 5.7 7.8 5.0 2.5 2 1 2 3 3
-3872.4 6384.4 -94.8 199 0 7.0 8.3 5.0 2.5 2 1 2 5 5
-3906.3 6363.0 -96.0 181 0 4.9 7.8 5.0 2.5 2 1 2 2 2
-3910.9 6375.9 -97.6 178 0 4.6 8.7 5.0 2.5 2 1 2 3 3
-3886.4 6404.6 -98.6 206 0 5.9 6.7 5.0 0.0 0 1 2 4 4
-3766.6 6331.5 -87.6 312 0 9.1 6.0 5.0 2.5 4 0 2 5 5
-3778.6 6343.6 -90.3 315 0 11.9 5.1 5.0 2.5 2 0 2 4 4
-3791.0 6357.5 -92.4 319 0 14.6 10.6 5.0 0.0 0 0 2 4 4
-3796.1 6371.2 -93.4 332 0 10.0 10.2 5.0 2.5 2 1 2 4 4
-3801.1 6337.8 -92.5 323 0 11.6 7.7 5.0 2.5 2 0 2 4 4
-3789.5 6345.8 -92.4 318 0 33.0 10.6 5.0 2.5 2 0 2 5 5
-3823.3 6378.9 -94.1 297 0 9.5 11.1 5.0 2.5 2 1 2 5 5
-3836.9 6384.3 -94.7 286 0 10.0 12.1 5.0 2.5 2 1 2 0 0
-3849.8 6369.0 -91.9 274 0 8.5 4.9 5.0 0.0 0 0 2 4 4
-3866.6 6342.3 -92.1 184 0 6.1 14.1 5.0 2.5 2 1 2 0 0
-3842.2 6282.8 -90.9 177 0 20.3 19.8 5.0 2.5 2 0 2 3 3
-3851.4 6296.5 -92.5 122 0 8.1 8.4 5.0 2.5 2 1 2 3 3
-3866.4 6283.9 -92.4 128 0 9.7 8.3 5.0 0.0 0 0 2 0 0
-3863.6 6306.3 -92.4 146 0 8.9 16.3 5.0 0.0 0 1 2 1 1
-3870.7 6313.9 -92.4 141 0 8.2 12.4 5.0 2.5 2 1 2 4 4
-3882.5 6299.9 -94.1 136 0 10.9 15.2 5.0 2.5 4 1 2 4 4
-3916.3 6208.0 -117.2 144 0 9.7 10.8 5.0 2.5 4 1 2 3 3
-3923.9 6215.6 -118.2 142 0 7.6 11.1 5.0 2.5 2 1 2 5 5
-3926.9 6288.0 -110.1 320 0 7.5 7.1 5.0 2.5 2 0 2 0 0
-3909.9 6269.2 -110.8 319 0 11.5 15.6 5.0 2.5 2 1 2 4 4
-3888.3 6249.2 -104.3 322 0 13.2 5.4 5.0 2.5 2 0 2 3 3
-3895.3 6265.4 -107.0 320 0 8.9 15.6 5.0 2.5 2 1 2 4 4
-3882.0 6274.7 -99.4 319 0 7.9 8.9 5.0 2.5 2 1 2 5 5
-3880.2 6255.8 -101.8 319 0 11.2 8.0 5.0 2.5 4 0 2 0 0
-3855.8 6244.0 -97.1 320 0 7.0 11.6 5.0 2.5 2 1 2 1 1
-3872.2 6245.1 -100.8 321 0 12.3 7.5 5.0 2.5 2 0 2 2 2
-3851.3 6229.9 -97.8 322 0 5.5 9.1 5.0 2.5 2 1 2 3 3
-3826.5 6204.7 -97.9 324 0 9.6 8.2 5.0 2.5 4 0 2 3 3
-3826.9 6184.5 -101.1 321 0 14.7 10.3 5.0 2.5 2 0 2 2 2
-3810.7 6155.7 -102.8 322 0 13.9 9.5 5.0 2.5 2 0 2 2 2
-3806.3 6160.4 -100.8 324 0 12.5 5.1 5.0 2.5 2 0 2 3 3
-3796.5 6166.5 -100.3 326 0 7.5 13.9 5.0 2.5 2 1 2 1 1
-3789.5 6157.3 -100.9 324 0 9.4 15.1 5.0 2.5 2 1 2 3 3
-3766.1 6079.0 -110.3 90 0 6.7 7.0 5.0 2.5 2 1 2 2 2
-3750.9 6104.0 -102.2 322 0 7.0 9.9 5.0 2.5 2 1 2 4 4
-3760.4 6113.8 -100.5 52 0 7.2 8.0 5.0 0.0 0 1 2 0 0
-3679.3 6081.9 -95.2 49 0 8.2 7.9 5.0 2.5 2 0 2 5 5
-3698.8 6078.8 -99.4 138 0 19.5 11.2 5.0 2.5 2 0 2 4 4
-3725.6 6127.8 -93.4 133 0 9.0 6.7 5.0 2.5 2 0 2 1 1
-3675.2 6172.3 -80.5 45 0 7.7 11.6 5.0 0.0 0 1 2 3 3
-3685.0 6164.7 -83.2 42 0 7.7 14.1 5.0 2.5 2 1 2 5 5
-3802.3 6203.6 -93.8 151 0 14.1 13.7 5.0 2.5 2 0 2 3 3
-3786.7 6175.8 -95.3 140 0 14.5 11.0 5.0 2.5 2 0 2 0 0
-3776.8 6184.8 -92.7 137 0 13.9 7.7 5.0 2.5 4 0 2 5 5
-3770.4 6191.5 -90.9 142 0 13.3 9.4 5.0 2.5 2 0 2 4 4
-3749.9 6184.1 -89.2 128 0 22.9 10.8 5.0 2.5 2 0 2 0 0
-3726.2 6166.2 -88.3 128 0 33.7 9.0 5.0 2.5 2 0 2 1 1
-3684.7 6148.8 -86.0 47 0 10.5 8.5 5.0 0.0 0 0 2 4 4
-3657.9 6271.9 -81.6 288 0 11.2 9.6 5.0 2.5 2 0 2 5 5
-3631.8 6192.5 -79.0 22 0 13.5 32.2 5.0 2.5 2 1 2 4 4
-3582.3 6091.3 -80.0 326 0 7.3 7.7 5.0 2.5 2 1 2 1 1
-3596.7 6085.6 -81.3 239 0 6.6 11.1 5.0 2.5 2 1 2 3 3
-3590.2 6020.5 -86.6 323 0 8.8 10.2 5.0 2.5 2 1 2 3 3
-3647.3 5995.0 -95.7 145 0 5.8 6.0 5.0 2.5 2 1 2 2 2
-3648.7 6002.6 -95.3 146 0 5.7 11.3 5.0 2.5 4 1 2 3 3
-3634.6 6012.0 -92.5 145 0 6.0 8.7 5.0 2.5 4 1 2 0 0
-3639.9 5999.3 -94.2 143 0 5.5 4.8 5.0 2.5 2 0 2 1 1
-3622.6 5984.6 -92.6 150 0 5.3 12.8 5.0 2.5 2 1 2 3 3
-3630.8 5996.5 -93.0 150 0 4.7 16.9 5.0 2.5 2 1 2 4 4
-3624.2 6029.4 -90.4 237 0 11.1 16.0 5.0 2.5 2 1 2 5 5
-3587.1 5973.1 -91.3 325 0 7.1 6.7 5.0 2.5 2 0 2 1 1
-3580.2 5964.5 -91.5 323 0 12.1 8.7 5.0 2.5 2 0 2 3 3
-3553.0 5950.0 -86.7 325 0 8.6 6.9 5.0 2.5 2 0 2 0 0
-3551.2 5928.7 -90.9 320 0 8.3 12.2 5.0 2.5 2 1 2 2 2
-3543.5 5922.0 -91.2 321 0 8.7 16.2 5.0 2.5 2 1 2 2 2
-3567.5 5901.6 -95.6 139 0 19.9 10.4 5.0 2.5 2 0 2 5 5
-3547.9 5879.4 -94.3 140 0 27.5 12.7 5.0 2.5 2 0 2 5 5
-3487.9 5869.0 -88.9 316 0 12.9 24.9 5.0 2.5 2 1 2 5 5
-3487.1 5790.2 -95.2 131 0 24.9 7.4 5.0 2.5 4 0 2 1 1
-3469.2 5795.9 -91.2 135 0 33.2 12.2 5.0 2.5 2 0 2 5 5
-3371.7 5746.0 -85.9 43 0 10.7 39.4 5.0 2.5 2 1 2 5 5
-3407.0 5778.7 -84.4 136 0 10.3 7.1 5.0 2.5 2 0 2 0 0
-3379.9 5806.0 -78.4 316 0 29.8 11.0 5.0 2.5 2 0 2 0 0
-3348.2 5763.2 -79.3 46 0 8.3 27.8 5.0 2.5 2 1 2 0 0
-3335.6 5562.1 -118.5 337 0 9.3 7.8 2.5 2.5 2 0 1 5 5
-3348.1 5582.2 -120.2 339 0 6.9 12.2 2.5 2.5 4 1 1 3 3
-3341.7 5572.1 -120.0 343 0 8.9 12.2 2.5 2.5 4 1 1 5 5
-3335.2 5579.0 -111.3 157 0 9.1 11.2 2.5 2.5 2 1 1 2 2
-3325.0 5568.8 -110.2 157 0 6.8 14.6 2.5 2.5 2 1 1 0 0
-3324.9 5558.1 -112.8 157 0 8.8 18.9 2.5 2.5 2 1 1 4 4
-3308.1 5517.5 -114.5 164 0 4.9 11.8 2.5 2.5 2 1 1 5 5
-3305.3 5509.5 -114.8 161 0 6.8 13.0 2.5 2.5 2 1 1 3 3
-3303.2 5498.2 -115.8 160 0 9.8 17.6 2.5 2.5 2 1 1 5 5
-3296.6 5486.5 -115.3 160 0 9.6 13.8 2.5 2.5 4 1 1 4 4
-3323.5 5500.1 -122.9 162 0 7.1 10.3 2.5 0.0 0 1 1 4 4
-3320.2 5492.3 -122.6 165 0 8.3 8.5 2.5 0.0 0 1 1 1 1
-3321.6 5524.5 -121.8 341 0 9.1 12.2 2.5 2.5 2 1 1 3 3
-3316.1 5513.8 -122.8 339 0 10.2 12.8 2.5 2.5 2 1 1 4 4
-3246.8 5470.3 -110.9 272 0 7.3 10.1 2.5 2.5 2 1 1 3 3
-3256.9 5473.3 -111.7 274 0 5.5 8.8 2.5 2.5 2 1 1 0 0
-3264.9 5473.9 -112.5 271 0 6.3 12.8 2.5 2.5 2 1 1 1 1
-3273.2 5473.4 -113.1 265 0 5.7 10.6 2.5 2.5 2 1 1 2 2
-3283.1 5473.7 -114.0 259 0 7.0 12.8 2.5 2.5 2 1 1 4 4
-3294.8 5454.4 -121.0 356 0 7.0 7.2 2.5 2.5 2 1 1 5 5
-3295.4 5391.1 -115.9 179 0 13.1 9.5 2.5 2.5 4 0 1 1 1
-3248.1 5334.2 -119.0 348 0 4.3 7.2 2.5 2.5 2 1 1 1 1
-3261.5 5327.8 -120.5 77 0 9.8 7.8 2.5 2.5 2 0 1 1 1
-3281.0 5323.5 -122.1 139 0 8.0 8.6 2.5 2.5 2 1 1 1 1
-3283.4 5376.9 -116.5 170 0 7.4 10.5 2.5 2.5 2 1 1 5 5
-3236.2 5356.1 -116.1 81 0 6.1 15.5 2.5 2.5 2 1 1 0 0
-3243.6 5365.6 -116.2 352 0 6.8 9.7 2.5 2.5 2 1 1 3 3
-3261.5 5343.8 -118.9 83 0 9.7 9.1 2.5 2.5 4 0 1 2 2
-3280.2 5344.8 -119.9 176 0 7.0 11.2 2.5 2.5 2 1 1 2 2
-3265.2 5366.6 -117.6 267 0 4.1 10.9 2.5 2.5 2 1 1 5 5
-3281.2 5360.4 -118.4 176 0 10.3 13.0 2.5 0.0 0 1 1 3 3
-5416.3 4924.0 -120.7 91 0 5.6 5.1 5.0 2.5 2 0 2 2 2
-5394.5 4921.5 -123.0 90 0 7.4 7.4 5.0 0.0 0 1 2 5 5
-5393.8 5086.3 -122.5 295 0 7.0 7.8 2.5 2.5 2 1 1 1 1
-5417.6 5066.4 -119.1 270 0 7.5 13.7 5.0 2.5 2 1 2 0 0
-5404.2 4990.9 -115.6 268 0 9.4 8.0 5.0 2.5 2 0 2 1 1
-5388.3 4978.0 -118.1 269 0 5.0 8.9 5.0 2.5 2 1 2 1 1
-5386.2 4953.6 -120.4 351 0 12.2 11.9 7.5 2.5 2 0 3 0 0
944.5 1057.4 -91.0 88 0 3.1 4.8 5.0 2.5 2 1 2 4 4
932.6 1101.7 -87.0 266 0 7.6 19.8 5.0 2.5 4 1 2 2 2
932.5 1065.0 -89.7 96 0 8.0 12.2 5.0 2.5 2 1 2 0 0
916.4 1103.3 -87.8 268 0 10.6 23.8 5.0 2.5 4 1 2 3 3
899.6 1059.4 -89.2 88 0 14.9 7.7 5.0 2.5 2 0 2 3 3
923.3 959.6 -109.2 182 0 4.6 8.9 5.0 2.5 2 1 2 3 3
934.4 945.4 -111.1 93 0 3.3 10.1 5.0 2.5 2 1 2 4 4
942.4 946.4 -110.8 92 0 9.6 10.8 5.0 2.5 2 1 2 0 0
974.7 945.4 -110.5 91 0 16.2 9.7 5.0 2.5 2 0 2 4 4
987.6 942.9 -110.7 98 0 6.7 13.2 5.0 2.5 4 1 2 3 3
1000.9 942.7 -110.6 90 0 6.6 8.2 5.0 2.5 2 1 2 1 1
1000.7 954.4 -109.2 84 0 5.9 7.4 5.0 2.5 2 1 2 1 1
1012.2 952.9 -109.1 97 0 11.2 8.2 5.0 2.5 2 0 2 4 4
1012.4 944.5 -110.1 88 0 8.4 5.4 5.0 2.5 2 0 2 5 5
1019.6 916.3 -113.4 99 0 6.6 17.4 5.0 2.5 2 1 2 3 3
1008.1 914.5 -114.1 93 0 5.3 6.3 5.0 2.5 2 1 2 3 3
1009.1 933.8 -112.8 269 0 10.9 9.2 5.0 2.5 2 0 2 3 3
996.8 917.3 -114.0 96 0 6.3 14.8 5.0 2.5 2 1 2 3 3
988.8 936.7 -114.0 271 0 5.4 18.0 5.0 2.5 2 1 2 0 0
978.7 936.4 -114.0 271 0 5.6 15.7 5.0 2.5 2 1 2 4 4
965.9 923.2 -113.9 97 0 3.8 6.4 5.0 2.5 2 1 2 4 4
959.7 919.1 -114.6 92 0 3.0 6.5 5.0 2.5 2 1 2 0 0
945.4 920.1 -115.0 120 0 11.8 8.5 5.0 2.5 2 0 2 1 1
922.7 925.9 -115.3 180 0 6.2 7.7 5.0 0.0 0 1 2 4 4
921.4 934.4 -113.8 180 0 5.9 4.9 5.0 2.5 2 0 2 2 2
955.0 1042.6 -97.2 267 0 10.4 11.9 5.0 2.5 2 1 2 4 4
954.9 968.1 -107.1 88 0 6.2 7.6 5.0 2.5 2 1 2 5 5
944.0 973.5 -106.5 180 0 4.3 4.1 5.0 2.5 4 0 2 4 4
937.5 974.1 -106.6 183 0 6.1 3.4 5.0 2.5 2 0 2 1 1
928.6 973.4 -107.3 180 0 11.4 5.6 5.0 2.5 2 0 2 0 0
927.2 994.8 -103.7 180 0 9.5 6.6 5.0 2.5 4 0 2 1 1
936.5 997.9 -103.2 177 0 6.6 7.7 5.0 2.5 2 1 2 1 1
931.4 1008.1 -101.3 174 0 7.6 4.4 5.0 2.5 2 0 2 0 0
919.6 1014.2 -99.2 94 0 3.2 14.0 5.0 2.5 2 1 2 5 5
924.4 1018.3 -99.6 190 0 5.1 11.2 5.0 2.5 4 1 2 2 2
933.9 1044.3 -95.4 282 0 8.9 6.0 5.0 2.5 2 0 2 0 0
925.6 1027.6 -97.8 181 0 6.5 10.9 5.0 2.5 2 1 2 1 1
912.2 1026.1 -96.6 6 0 5.5 20.0 5.0 2.5 2 1 2 0 0
908.9 1018.2 -97.9 333 0 3.7 5.5 5.0 2.5 2 1 2 5 5
900.0 1018.4 -97.4 0 0 6.7 7.8 5.0 2.5 2 1 2 4 4
899.2 1004.6 -99.4 358 0 5.3 5.0 5.0 2.5 2 0 2 4 4
910.4 1004.1 -100.4 9 0 4.7 9.7 5.0 2.5 2 1 2 2 2
914.8 986.4 -104.5 0 0 9.4 13.3 5.0 2.5 2 1 2 2 2
896.2 987.5 -101.9 6 0 5.5 12.5 5.0 0.0 0 1 2 0 0
875.4 1008.8 -97.7 166 0 9.8 8.2 5.0 2.5 2 0 2 0 0
868.6 1013.5 -97.6 255 0 4.3 13.0 5.0 2.5 2 1 2 0 0
863.0 988.0 -99.8 169 0 4.9 11.0 5.0 2.5 2 1 2 3 3
913.2 971.4 -106.8 2 0 8.7 16.4 5.0 2.5 2 1 2 1 1
911.9 952.4 -109.8 1 0 5.7 6.9 5.0 2.5 2 1 2 1 1
891.7 948.6 -108.6 89 0 17.6 5.2 5.0 2.5 2 0 2 5 5
857.5 982.9 -101.2 259 0 6.1 10.1 5.0 2.5 2 1 2 2 2
860.5 947.2 -105.5 91 0 8.0 13.2 5.0 0.0 0 1 2 4 4
844.9 925.9 -106.7 9 0 3.0 7.5 5.0 2.5 2 1 2 5 5
834.3 917.7 -106.4 62 0 7.9 9.2 5.0 2.5 2 1 2 5 5
849.1 910.8 -109.3 235 0 4.4 9.8 5.0 2.5 2 1 2 5 5
840.0 907.4 -108.8 232 0 6.5 12.6 5.0 2.5 4 1 2 4 4
828.2 904.7 -107.3 235 0 7.9 10.7 5.0 2.5 2 1 2 4 4
820.5 899.8 -106.7 236 0 4.0 10.6 5.0 2.5 2 1 2 4 4
817.1 910.1 -104.6 47 0 6.4 9.2 5.0 2.5 2 1 2 1 1
802.3 903.2 -103.2 56 0 8.1 12.8 5.0 2.5 2 1 2 3 3
808.8 897.5 -105.4 242 0 5.7 9.2 5.0 2.5 4 1 2 5 5
815.4 887.4 -107.0 233 0 8.8 8.2 5.0 0.0 0 0 2 4 4
805.7 885.8 -106.5 233 0 4.0 11.9 5.0 2.5 4 1 2 2 2
679.4 928.4 -89.1 313 0 11.9 35.9 5.0 2.5 2 1 2 0 0
635.7 907.6 -86.9 212 0 10.1 11.2 5.0 2.5 2 1 2 0 0
-310.1 824.3 -79.8 212 0 12.3 11.7 5.0 2.5 2 0 2 2 2
-336.4 835.4 -78.4 208 0 8.2 6.5 5.0 2.5 2 0 2 2 2
-318.3 837.7 -76.9 22 0 5.5 10.3 5.0 2.5 2 1 2 2 2
-316.1 845.1 -76.7 22 0 5.2 15.0 5.0 0.0 0 1 2 3 3
-308.7 859.5 -74.9 23 0 10.0 8.1 5.0 2.5 2 0 2 0 0
-318.2 877.2 -74.6 193 0 9.8 6.6 5.0 2.5 2 0 2 3 3
-301.0 871.1 -73.6 29 0 7.3 8.2 5.0 2.5 2 1 2 4 4
-284.2 870.8 -72.1 294 0 8.0 12.0 5.0 2.5 2 1 2 0 0
-274.6 864.0 -72.0 294 0 6.8 17.2 5.0 2.5 2 1 2 2 2
-251.7 907.8 -68.5 23 0 3.5 6.1 5.0 2.5 2 1 2 3 3
-260.3 918.5 -68.7 296 0 7.4 9.9 5.0 2.5 2 1 2 1 1
-281.4 882.7 -70.6 127 0 6.9 7.6 5.0 2.5 2 1 2 0 0
-292.7 888.0 -71.4 116 0 5.1 16.3 5.0 2.5 2 1 2 5 5
-290.8 922.6 -69.9 114 0 10.0 7.4 5.0 2.5 2 0 2 2 2
-295.4 914.5 -70.7 115 0 8.8 5.6 5.0 2.5 2 0 2 2 2
-299.6 902.3 -71.9 114 0 8.1 7.1 5.0 2.5 2 0 2 4 4
-306.8 893.5 -72.9 127 0 9.4 7.3 5.0 2.5 2 0 2 3 3
-304.4 987.7 -65.7 317 0 12.9 9.9 5.0 2.5 2 0 2 4 4
-340.4 965.7 -70.9 191 0 16.3 11.9 5.0 2.5 2 0 2 1 1
-328.5 906.1 -74.4 116 0 8.4 11.9 5.0 2.5 4 1 2 5 5
-348.3 914.0 -76.6 119 0 9.2 17.1 5.0 2.5 2 1 2 1 1
-346.7 893.9 -77.8 289 0 4.3 10.2 5.0 2.5 2 1 2 4 4
-359.6 894.1 -78.5 194 0 7.9 7.4 5.0 2.5 2 0 2 0 0
-342.4 865.1 -78.4 23 0 9.2 12.0 5.0 2.5 2 1 2 0 0
-350.0 845.6 -79.5 22 0 10.5 7.9 5.0 2.5 2 0 2 4 4
-375.4 854.6 -80.4 203 0 9.4 15.4 5.0 2.5 2 1 2 5 5
-395.7 847.5 -83.6 24 0 8.2 15.6 2.5 2.5 2 1 1 5 5
-391.3 858.4 -83.7 22 0 8.8 20.0 2.5 2.5 2 1 1 4 4
-375.0 903.8 -80.4 21 0 6.0 12.7 2.5 2.5 2 1 1 0 0
-391.6 884.7 -82.4 18 0 6.7 9.4 2.5 2.5 2 1 1 3 3
-408.0 935.1 -78.8 309 0 10.1 11.2 2.5 2.5 2 1 1 5 5
-426.8 939.2 -78.5 298 0 7.7 11.4 2.5 2.5 2 1 1 5 5
-424.2 948.3 -77.0 297 0 10.6 7.4 2.5 2.5 2 0 1 4 4
-428.5 964.1 -74.4 135 0 8.9 12.1 5.0 2.5 2 1 2 5 5
-416.1 956.4 -75.1 128 0 5.4 18.9 5.0 2.5 2 1 2 2 2
-404.3 948.8 -75.9 121 0 8.2 10.2 5.0 0.0 0 1 2 3 3
-384.9 943.7 -76.0 114 0 7.6 13.8 5.0 2.5 2 1 2 4 4
-363.0 939.3 -77.0 22 0 18.1 7.6 5.0 0.0 0 0 2 2 2
-350.7 975.6 -70.1 30 0 9.4 9.4 5.0 2.5 2 1 2 2 2
-348.8 993.2 -67.0 113 0 11.5 17.6 5.0 2.5 4 1 2 4 4
-365.5 999.4 -67.7 16 0 14.4 33.5 5.0 2.5 2 1 2 4 4
-369.7 1060.0 -61.7 283 0 12.6 13.5 5.0 2.5 2 1 2 4 4
-362.6 1031.6 -64.0 14 0 11.6 39.3 5.0 2.5 4 1 2 2 2
-1573.2 2174.2 -109.2 184 0 6.9 17.7 5.0 2.5 2 1 2 1 1
-1573.8 2185.3 -109.2 189 0 6.9 11.4 5.0 0.0 0 1 2 4 4
-1571.5 2196.9 -108.3 185 0 5.2 16.7 5.0 2.5 2 1 2 4 4
-1573.5 2207.1 -107.8 185 0 5.9 19.3 5.0 2.5 2 1 2 3 3
-1570.4 2226.3 -107.2 182 0 14.8 14.6 5.0 2.5 4 0 2 4 4
-1567.4 2240.0 -106.7 187 0 4.3 13.1 5.0 2.5 2 1 2 5 5
-1560.3 2267.8 -105.4 187 0 9.3 20.4 5.0 2.5 2 1 2 5 5
-1550.7 2302.0 -103.1 97 0 7.3 11.7 5.0 2.5 2 1 2 3 3
-1574.7 2271.3 -103.9 8 0 4.9 6.6 5.0 2.5 2 1 2 3 3
-1576.4 2260.2 -104.4 8 0 5.5 10.0 5.0 0.0 0 1 2 1 1
-1583.9 2248.7 -104.6 1 0 10.2 8.4 5.0 2.5 2 0 2 4 4
-1580.5 2214.7 -106.7 4 0 8.9 3.8 5.0 2.5 2 0 2 1 1
-1587.3 2215.9 -105.8 4 0 8.1 6.4 5.0 0.0 0 0 2 5 5
-1583.4 2203.5 -107.2 3 0 8.6 5.9 5.0 2.5 2 0 2 2 2
-1591.4 2203.0 -106.3 2 0 4.9 8.6 5.0 2.5 2 1 2 1 1
-1586.5 2178.5 -108.1 7 0 11.9 7.3 5.0 2.5 2 0 2 0 0
-1588.7 2163.6 -108.6 7 0 10.5 7.7 5.0 2.5 2 0 2 0 0
-1599.9 2183.7 -106.7 9 0 4.0 11.8 5.0 2.5 2 1 2 0 0
-1619.9 2177.1 -106.2 179 0 6.8 9.6 5.0 2.5 2 1 2 3 3
-1598.7 2152.0 -108.2 2 0 5.6 5.0 5.0 2.5 2 0 2 5 5
-1601.8 2135.1 -108.9 96 0 7.5 11.9 5.0 2.5 2 1 2 0 0
-1607.2 2155.7 -107.6 0 0 11.9 6.0 5.0 0.0 0 0 2 5 5
-1617.7 2132.4 -108.2 93 0 16.0 13.6 5.0 2.5 2 0 2 1 1
-1660.4 2068.0 -109.3 218 0 4.3 10.7 2.5 2.5 2 1 1 4 4
-1669.1 2062.1 -108.5 212 0 6.9 11.8 2.5 2.5 2 1 1 3 3
-1664.1 2046.7 -109.4 208 0 10.2 7.5 2.5 2.5 2 0 1 3 3
-1685.1 2038.3 -106.9 207 0 11.5 12.6 2.5 2.5 2 1 1 0 0
-1908.9 1770.8 -110.0 291 0 14.4 7.8 5.0 2.5 2 0 2 2 2
-1908.3 1774.7 -106.7 115 0 13.0 10.7 2.5 2.5 4 0 1 2 2
-1924.6 1782.1 -105.8 117 0 15.1 9.9 2.5 2.5 4 0 1 4 4
-1929.9 1802.1 -102.9 123 0 12.4 10.4 2.5 2.5 2 0 1 5 5
-1939.2 1796.8 -104.3 133 0 15.2 6.5 2.5 2.5 2 0 1 1 1
-1959.3 1795.2 -106.2 120 0 5.3 19.1 2.5 2.5 2 1 1 0 0
-1996.0 1797.5 -115.1 285 0 7.1 8.1 5.0 2.5 2 1 2 5 5
-1981.0 1797.6 -113.9 304 0 8.6 9.5 5.0 2.5 2 1 2 1 1
-1971.2 1802.6 -106.5 115 0 9.1 11.2 2.5 2.5 2 1 1 5 5
-1982.4 1805.0 -107.2 121 0 6.2 7.5 2.5 2.5 2 1 1 2 2
-1995.1 1809.5 -107.6 114 0 6.3 16.1 2.5 2.5 2 1 1 2 2
-2002.5 1814.9 -107.1 114 0 5.0 13.7 2.5 2.5 2 1 1 0 0
-2010.5 1807.6 -114.0 295 0 13.8 14.9 5.0 2.5 4 1 2 2 2
-2010.6 1817.5 -107.4 116 0 7.5 13.1 2.5 2.5 4 1 1 2 2
-2023.1 1820.4 -107.9 121 0 7.2 15.7 2.5 2.5 4 1 1 4 4
-2032.8 1830.9 -108.5 120 0 10.3 8.2 2.5 2.5 2 0 1 4 4
-2040.2 1836.7 -109.4 57 0 6.7 7.8 2.5 2.5 4 1 1 2 2
-2048.6 1846.8 -109.5 137 0 7.4 8.7 2.5 2.5 2 1 1 0 0
-2061.3 1858.0 -110.4 154 0 7.4 7.6 2.5 2.5 2 1 1 0 0
-2078.5 1879.0 -111.4 146 0 5.0 10.2 2.5 2.5 2 1 1 5 5
-1799.4 1971.3 -92.5 281 0 10.4 13.2 5.0 2.5 2 1 2 2 2
-1793.3 1983.8 -91.1 101 0 8.1 25.1 5.0 2.5 2 1 2 2 2
-1805.5 2023.5 -90.4 288 0 26.6 11.1 5.0 2.5 4 0 2 3 3
-1826.7 2027.6 -90.1 286 0 10.0 9.4 5.0 2.5 2 0 2 5 5
-1852.2 2001.6 -90.4 107 0 9.1 8.2 5.0 2.5 2 0 2 4 4
-1974.4 2017.0 -99.1 96 0 7.4 5.8 5.0 2.5 2 0 2 4 4
-1932.7 2011.1 -95.7 106 0 5.5 6.8 5.0 2.5 2 1 2 0 0
-1917.6 1994.8 -95.1 278 0 13.0 10.8 5.0 2.5 2 0 2 1 1
-1929.4 1996.3 -95.8 284 0 9.3 7.0 5.0 2.5 2 0 2 1 1
-1952.2 2000.4 -97.3 271 0 6.5 15.3 5.0 2.5 2 1 2 2 2
-1964.4 2003.8 -98.6 283 0 12.7 10.5 5.0 2.5 2 0 2 2 2
-2000.1 2005.3 -100.9 227 0 18.1 18.1 5.0 2.5 4 0 2 5 5
-2008.7 1975.6 -100.2 227 0 16.9 4.8 5.0 2.5 2 0 2 3 3
-2016.9 1982.5 -101.3 227 0 11.2 6.4 5.0 2.5 2 0 2 3 3
-2033.8 1979.2 -102.7 39 0 7.0 8.7 2.5 2.5 2 1 1 0 0
-2019.2 2016.0 -103.7 293 0 9.1 9.0 2.5 2.5 4 0 1 5 5
-2020.6 2001.3 -103.4 23 0 5.5 8.2 2.5 2.5 4 1 1 1 1
-2007.8 2059.1 -101.8 282 0 7.7 11.5 5.0 2.5 2 1 2 3 3
-2011.1 2033.5 -102.7 122 0 8.2 8.9 5.0 0.0 0 1 2 1 1
-2028.2 2029.0 -104.9 97 0 9.4 7.8 5.0 2.5 2 0 2 5 5
-2034.6 2019.8 -104.5 291 0 10.4 7.5 2.5 0.0 0 0 1 3 3
-2039.8 2011.0 -104.1 292 0 14.5 3.5 2.5 2.5 2 0 1 4 4
-2074.7 2034.7 -105.6 297 0 11.5 11.1 2.5 0.0 0 0 1 2 2
-2047.9 2046.8 -104.6 122 0 5.8 5.4 5.0 0.0 0 0 2 3 3
-2056.6 2054.1 -104.8 224 0 10.1 4.2 5.0 2.5 2 0 2 3 3
-2048.0 2065.9 -103.7 211 0 8.0 15.2 5.0 2.5 2 1 2 5 5
-2054.0 2077.0 -102.8 132 0 10.7 21.7 5.0 0.0 0 1 2 0 0
-2073.4 2070.8 -104.4 42 0 8.1 10.5 5.0 2.5 2 1 2 4 4
-2082.4 2062.1 -105.1 39 0 9.1 7.1 5.0 2.5 2 0 2 2 2
-2096.2 2067.5 -105.0 131 0 7.0 11.0 5.0 2.5 2 1 2 4 4
-2091.2 2053.3 -105.6 107 0 13.6 4.4 5.0 2.5 2 0 2 5 5
-2177.4 2242.7 -103.2 318 0 11.5 6.6 5.0 2.5 2 0 2 5 5
-2190.2 2239.5 -104.8 308 0 17.5 6.2 5.0 2.5 2 0 2 2 2
-2477.6 2392.3 -109.4 178 0 6.5 15.1 7.5 2.5 2 1 3 4 4
-2306.8 2297.4 -107.3 52 0 8.5 17.2 5.0 2.5 4 1 2 4 4
-2364.5 2279.0 -112.3 314 0 8.3 14.9 5.0 0.0 0 1 2 0 0
-2352.7 2294.0 -108.4 135 0 11.1 12.7 5.0 2.5 2 1 2 1 1
-2360.0 2303.9 -108.4 142 0 5.2 12.0 5.0 0.0 0 1 2 4 4
-2375.5 2314.5 -108.4 130 0 6.9 12.9 5.0 2.5 2 1 2 5 5
-2385.1 2331.9 -107.9 139 0 6.2 8.9 5.0 2.5 2 1 2 2 2
-2385.1 2304.4 -110.9 299 0 14.7 15.7 5.0 2.5 2 1 2 2 2
-2398.1 2317.3 -110.7 318 0 7.8 15.5 5.0 2.5 2 1 2 0 0
-2404.4 2325.7 -109.7 316 0 7.6 8.1 5.0 2.5 2 1 2 1 1
-2411.1 2332.6 -111.0 321 0 8.3 17.1 5.0 0.0 0 1 2 2 2
-850.0 1181.8 -79.7 288 0 16.1 10.6 2.5 2.5 2 0 1 0 0
1928.9 4380.8 65.0 114 0 9.7 5.4 5.0 0.0 0 0 2 2 2
1931.0 4340.7 69.5 266 0 9.3 6.9 2.5 0.0 0 0 1 3 3
1913.0 4392.7 63.3 120 0 10.9 9.3 5.0 2.5 2 0 2 5 5
1882.2 4410.1 61.1 122 0 11.0 10.7 5.0 2.5 4 0 2 4 4
1844.7 4537.6 46.2 179 0 8.0 11.5 5.0 2.5 2 1 2 1 1
1848.6 4520.8 48.2 172 0 7.4 14.1 5.0 2.5 2 1 2 4 4
1850.2 4508.3 49.8 176 0 11.2 10.7 5.0 2.5 2 0 2 4 4
1850.4 4493.6 52.0 179 0 9.5 11.0 5.0 2.5 2 1 2 3 3
1769.2 4536.0 45.3 354 0 8.8 10.1 2.5 0.0 0 1 1 1 1
1818.4 4384.9 60.9 259 0 6.1 9.8 2.5 0.0 0 1 1 4 4
1807.1 4387.7 59.6 260 0 7.8 10.3 2.5 2.5 2 1 1 0 0
1807.8 4399.3 58.9 262 0 11.5 8.5 2.5 2.5 2 0 1 2 2
2040.0 4342.5 75.3 98 0 15.5 16.6 5.0 2.5 2 1 2 5 5
1998.5 4356.2 71.5 110 0 11.2 14.7 5.0 2.5 2 1 2 2 2
1988.7 4332.1 73.8 276 0 11.0 11.6 2.5 2.5 4 1 1 5 5
1966.2 4342.8 71.5 256 0 9.8 14.5 2.5 2.5 2 1 1 0 0
1955.8 4338.5 71.2 256 0 8.3 11.6 2.5 2.5 2 1 1 2 2
1916.6 4320.4 68.7 173 0 9.2 12.3 2.5 2.5 2 1 1 3 3
1927.4 4357.5 68.0 263 0 12.2 15.0 2.5 2.5 2 1 1 0 0
1903.6 4373.7 65.7 298 0 11.2 13.6 2.5 2.5 2 1 1 3 3
1869.5 4376.3 64.6 278 0 5.0 11.3 2.5 0.0 0 1 1 1 1
1883.4 4387.1 64.1 304 0 10.5 11.2 2.5 2.5 2 1 1 2 2
1872.2 4396.2 62.9 307 0 12.7 11.0 2.5 2.5 2 0 1 3 3
1860.9 4356.0 64.8 69 0 9.7 10.4 2.5 2.5 2 1 1 2 2
1848.2 4399.1 62.1 262 0 8.2 25.5 2.5 2.5 2 1 1 1 1
1831.1 4396.3 60.8 257 0 16.4 35.2 2.5 2.5 2 1 1 4 4
1862.4 4480.6 53.7 177 0 7.9 5.1 5.0 2.5 2 0 2 2 2
1851.7 4479.3 53.8 170 0 6.8 7.6 5.0 0.0 0 1 2 1 1
1852.8 4468.0 55.2 179 0 6.5 7.6 5.0 2.5 2 1 2 0 0
1853.3 4457.8 56.3 173 0 9.2 12.8 5.0 2.5 4 1 2 2 2
1863.4 4446.6 57.9 175 0 6.7 6.8 5.0 2.5 2 1 2 0 0
1853.7 4447.2 57.7 174 0 7.0 7.0 5.0 2.5 2 0 2 1 1
1853.6 4437.6 58.9 178 0 6.2 16.7 5.0 2.5 2 1 2 0 0
1855.2 4426.8 59.8 179 0 11.1 18.2 5.0 2.5 2 1 2 3 3
1836.4 4534.7 46.4 353 0 11.0 9.1 2.5 2.5 2 0 1 4 4
1815.0 4532.1 46.4 171 0 10.8 8.9 2.5 2.5 2 0 1 0 0
1839.1 4519.7 48.5 354 0 9.2 8.8 2.5 2.5 2 0 1 3 3
1840.4 4507.1 50.3 357 0 7.8 8.5 2.5 2.5 2 1 1 4 4
1841.2 4496.8 51.5 354 0 8.1 8.1 2.5 2.5 2 1 1 1 1
1817.7 4514.0 49.1 177 0 8.9 10.9 2.5 2.5 2 1 1 1 1
1819.3 4502.4 50.6 167 0 6.5 10.0 2.5 2.5 2 1 1 2 2
1821.3 4494.8 51.4 167 0 6.9 9.6 2.5 2.5 4 1 1 3 3
1841.6 4486.9 52.7 351 0 8.2 8.0 2.5 2.5 2 0 1 5 5
1822.3 4484.3 52.6 170 0 8.8 8.7 2.5 2.5 2 0 1 4 4
1825.9 4464.0 54.9 177 0 12.3 7.7 2.5 2.5 2 0 1 2 2
1843.3 4462.0 55.4 4 0 10.5 8.0 2.5 2.5 2 0 1 2 2
1842.8 4446.4 57.1 351 0 13.6 7.7 2.5 2.5 2 0 1 1 1
1825.7 4445.8 56.6 173 0 14.3 9.7 2.5 2.5 2 0 1 0 0
1841.2 4419.1 59.9 349 0 6.1 7.2 5.0 2.5 2 1 2 4 4
1827.1 4414.3 58.9 85 0 7.6 9.7 5.0 2.5 2 1 2 5 5
1818.9 4425.1 57.2 354 0 8.8 12.3 5.0 2.5 4 1 2 1 1
1813.6 4408.3 57.9 81 0 17.0 9.8 5.0 2.5 2 0 2 1 1
1819.7 4437.4 56.2 354 0 9.3 17.9 5.0 2.5 2 1 2 5 5
1817.2 4458.3 55.0 353 0 7.8 7.9 5.0 2.5 2 1 2 0 0
1796.6 4456.7 54.6 174 0 10.7 11.0 5.0 2.5 2 1 2 3 3
1814.3 4473.8 53.6 349 0 10.4 6.6 5.0 2.5 2 0 2 3 3
1813.1 4488.2 52.0 352 0 8.9 10.9 5.0 0.0 0 1 2 5 5
1793.9 4485.1 52.0 173 0 10.3 7.2 5.0 2.5 2 0 2 4 4
1787.8 4529.4 46.8 173 0 7.0 6.7 5.0 2.5 4 0 2 0 0
1808.6 4511.7 49.2 350 0 10.0 8.2 5.0 2.5 2 0 2 0 0
1809.9 4500.5 50.7 352 0 8.6 16.4 5.0 2.5 2 1 2 2 2
1785.0 4512.0 49.1 174 0 6.8 11.9 5.0 2.5 2 1 2 0 0
1777.0 4522.7 47.5 351 0 10.0 10.9 2.5 2.5 2 1 1 5 5
1782.0 4494.7 50.6 348 0 7.9 14.1 2.5 2.5 2 1 1 4 4
1783.9 4484.3 51.3 351 0 8.9 12.6 2.5 2.5 4 1 1 0 0
1787.8 4473.4 52.2 351 0 5.7 12.0 2.5 2.5 4 1 1 2 2
1788.1 4460.7 52.8 355 0 8.6 11.9 2.5 0.0 0 1 1 3 3
1790.3 4451.2 53.7 350 0 7.2 10.6 2.5 2.5 2 1 1 0 0
1777.9 4448.5 53.3 355 0 6.2 3.2 2.5 2.5 2 0 1 0 0
1792.5 4434.3 54.9 359 0 7.9 8.8 2.5 2.5 2 1 1 4 4
1781.6 4433.5 54.2 358 0 8.9 5.5 2.5 2.5 2 0 1 5 5
1792.1 4423.4 55.1 352 0 10.1 12.4 2.5 2.5 2 1 1 5 5
1795.3 4411.7 56.6 350 0 8.4 7.2 2.5 2.5 2 0 1 2 2
1784.7 4409.7 56.0 351 0 6.5 4.9 2.5 2.5 4 0 1 0 0
1788.1 4393.1 57.2 274 0 9.4 9.7 2.5 2.5 2 1 1 4 4
-3054.4 2923.3 -111.2 306 0 9.1 12.3 2.5 2.5 2 1 1 2 2
-3045.2 2917.4 -112.3 302 0 6.6 15.8 2.5 2.5 2 1 1 5 5
-2993.9 2879.4 -114.3 293 0 11.7 11.4 2.5 0.0 0 0 1 1 1
-2971.9 2858.3 -113.8 279 0 11.5 13.2 2.5 0.0 0 1 1 2 2
-2957.5 2853.7 -112.3 296 0 7.0 8.2 2.5 0.0 0 1 1 1 1
-2948.4 2850.8 -111.3 294 0 8.5 9.5 2.5 2.5 2 1 1 1 1
-2903.5 2831.6 -100.5 124 0 7.1 7.6 5.0 2.5 2 1 2 2 2
-2917.8 2841.8 -104.2 119 0 6.5 7.0 5.0 2.5 2 1 2 2 2
-2926.9 2846.5 -106.7 121 0 8.8 9.0 5.0 2.5 4 1 2 4 4
-2934.9 2849.9 -108.3 120 0 5.2 11.6 5.0 2.5 2 1 2 2 2
-2937.4 2859.9 -109.5 121 0 5.3 6.3 5.0 2.5 2 1 2 3 3
-2960.6 2870.4 -111.4 122 0 7.9 7.3 5.0 2.5 2 0 2 5 5
-2968.7 2875.0 -111.5 119 0 7.6 11.9 5.0 2.5 2 1 2 0 0
-3005.8 2900.1 -111.3 118 0 8.4 11.4 5.0 2.5 2 1 2 2 2
-3018.3 2896.6 -113.6 314 0 7.2 7.9 2.5 2.5 2 1 1 1 1
-3012.1 2915.5 -109.5 122 0 10.0 8.5 5.0 2.5 2 0 2 1 1
-3024.5 2915.3 -109.8 124 0 6.2 13.3 5.0 2.5 2 1 2 2 2
-3037.0 2920.3 -109.4 127 0 6.7 13.6 5.0 2.5 2 1 2 0 0
-3052.0 2930.9 -108.3 129 0 8.4 15.5 5.0 2.5 2 1 2 0 0
-3076.5 2931.7 -109.9 303 0 8.2 7.9 2.5 2.5 2 0 1 4 4
-3066.2 2928.4 -110.6 303 0 8.4 11.0 2.5 2.5 2 1 1 4 4
546.7 5076.7 75.1 19 0 8.2 14.3 5.0 2.5 2 1 2 4 4
1782.2 4583.1 36.4 73 0 14.2 15.4 2.5 2.5 2 1 1 0 0
1769.9 4578.9 36.7 73 0 6.8 14.5 2.5 2.5 2 1 1 1 1
1803.9 4543.2 44.9 343 0 7.3 7.2 5.0 2.5 2 0 2 4 4
1782.5 4541.9 44.2 163 0 10.0 9.6 5.0 2.5 2 0 2 2 2
1796.5 4570.4 40.5 343 0 7.5 9.8 5.0 2.5 2 1 2 4 4
1825.3 4656.9 32.2 353 0 6.7 9.4 5.0 2.5 2 1 2 2 2
1829.5 4648.3 32.7 353 0 8.6 15.4 5.0 2.5 2 1 2 2 2
1825.6 4639.0 33.6 353 0 6.3 11.0 5.0 2.5 2 1 2 1 1
1829.5 4624.0 34.4 353 0 14.3 15.0 5.0 2.5 2 1 2 5 5
1797.5 4603.9 36.0 168 0 9.6 10.8 5.0 2.5 2 1 2 2 2
1822.8 4591.1 37.6 78 0 12.4 12.4 5.0 2.5 2 0 2 4 4
1807.8 4587.0 37.6 78 0 13.0 10.9 5.0 2.5 4 0 2 1 1
1839.1 4589.5 39.0 178 0 10.1 17.5 5.0 2.5 2 1 2 1 1
1839.8 4577.2 40.6 178 0 12.1 13.9 5.0 2.5 2 1 2 0 0
1845.6 4558.4 43.2 173 0 9.7 8.1 5.0 2.5 2 0 2 2 2
1829.2 4581.6 39.8 353 0 9.5 7.1 2.5 2.5 2 0 1 4 4
1829.2 4568.2 41.4 353 0 12.1 8.5 2.5 0.0 0 0 1 2 2
1808.2 4563.3 41.5 173 0 10.3 8.7 2.5 2.5 2 0 1 4 4
1832.9 4552.2 43.7 353 0 11.5 12.4 2.5 2.5 2 1 1 3 3
2309.1 5771.2 -106.8 37 0 4.2 6.4 5.0 2.5 2 1 2 0 0
2314.8 5704.8 -88.2 51 0 9.0 21.9 5.0 2.5 2 1 2 1 1
2292.4 5786.1 -105.3 313 0 9.7 7.0 5.0 2.5 2 0 2 0 0
2339.5 5741.2 -104.8 302 0 8.0 6.7 5.0 2.5 2 0 2 3 3
2330.9 5750.9 -105.6 310 0 12.3 7.5 5.0 2.5 2 0 2 5 5
2409.7 5707.3 -117.9 310 0 6.1 5.8 5.0 2.5 2 0 2 0 0
2444.7 5658.9 -116.4 135 0 10.2 7.7 5.0 2.5 2 0 2 0 0
2452.6 5650.4 -115.7 129 0 7.3 6.8 5.0 2.5 2 0 2 3 3
2462.8 5637.7 -116.9 130 0 17.4 12.8 5.0 2.5 2 0 2 0 0
2434.0 5666.3 -117.4 127 0 10.4 11.3 5.0 2.5 2 1 2 0 0
2422.0 5678.1 -118.2 137 0 14.3 12.9 5.0 2.5 2 0 2 3 3
2415.3 5666.5 -104.4 306 0 9.7 11.3 5.0 2.5 2 1 2 3 3
2406.7 5672.2 -103.2 307 0 4.6 10.8 5.0 2.5 2 1 2 1 1
2404.1 5683.5 -106.6 316 0 9.5 16.0 5.0 2.5 2 1 2 5 5
2384.8 5713.5 -111.3 124 0 7.2 8.0 5.0 2.5 2 1 2 4 4
2377.8 5720.4 -109.7 125 0 7.7 8.5 5.0 2.5 2 1 2 4 4
2369.5 5728.4 -112.0 129 0 10.9 9.2 5.0 2.5 2 0 2 5 5
2359.4 5736.9 -115.3 124 0 8.0 13.2 5.0 2.5 4 1 2 5 5
2347.6 5747.1 -115.6 128 0 10.3 13.0 5.0 2.5 2 1 2 5 5
2324.2 5776.2 -119.1 129 0 8.0 16.3 5.0 2.5 4 1 2 3 3
2311.1 5780.7 -115.1 123 0 7.1 13.1 5.0 2.5 2 1 2 4 4
2266.6 5753.2 -91.6 133 0 31.6 10.3 5.0 2.5 4 0 2 2 2
2276.3 5815.6 -113.8 132 0 16.6 8.2 5.0 2.5 2 0 2 2 2
2268.7 5814.9 -109.8 304 0 11.5 6.9 5.0 2.5 2 0 2 2 2
2291.2 5805.6 -121.4 128 0 12.1 24.8 5.0 2.5 2 1 2 1 1
4013.4 642.3 -105.7 68 0 9.4 11.9 5.0 2.5 2 1 2 5 5
4013.9 804.1 -98.4 246 0 12.1 6.5 5.0 2.5 2 0 2 5 5
3995.7 765.9 -97.3 66 0 10.2 6.5 5.0 2.5 2 0 2 4 4
4003.2 748.9 -101.1 67 0 8.5 10.6 5.0 2.5 2 1 2 0 0
3971.9 739.1 -98.0 95 0 8.9 14.0 5.0 2.5 2 1 2 3 3
4165.5 742.3 -116.0 68 0 13.4 6.4 5.0 2.5 2 0 2 4 4
4216.7 860.7 -112.4 81 0 11.1 9.6 5.0 2.5 4 0 2 1 1
4218.7 884.8 -111.8 345 0 8.0 8.2 5.0 0.0 0 1 2 0 0
-5438.8 5026.4 -114.6 94 0 6.7 8.0 5.0 2.5 2 1 2 5 5
-5417.7 4964.4 -115.7 172 0 9.6 5.8 2.5 2.5 2 0 1 3 3
-5423.2 4952.1 -116.7 179 0 5.5 9.0 5.0 2.5 2 1 2 0 0
-5425.7 4942.0 -117.9 175 0 4.9 11.0 7.5 2.5 2 1 3 3 3
-3426.9 5839.3 -82.8 318 0 9.0 23.6 5.0 2.5 2 1 2 2 2
-3411.9 5820.0 -80.4 312 0 11.0 10.2 5.0 2.5 2 0 2 5 5
-3422.0 5812.0 -82.8 311 0 7.4 8.1 5.0 0.0 0 1 2 5 5
-3624.2 5925.6 -106.3 332 0 7.2 5.5 5.0 0.0 0 0 2 5 5
-4036.2 6413.8 -116.8 83 0 5.3 10.8 5.0 2.5 2 1 2 3 3
-4052.3 6465.5 -122.1 261 0 5.1 4.8 5.0 2.5 2 0 2 3 3
-4024.1 6480.6 -119.8 266 0 4.3 10.9 5.0 2.5 2 1 2 1 1
-4014.2 6457.1 -115.9 92 0 8.2 10.4 5.0 2.5 2 1 2 1 1
-3942.8 6391.3 -103.2 164 0 12.0 7.3 5.0 2.5 2 0 2 1 1
-3881.3 6618.0 -121.1 176 0 14.7 3.6 2.5 2.5 2 0 1 4 4
-3879.8 6598.8 -120.7 178 0 13.7 3.0 2.5 2.5 2 0 1 2 2
-3862.0 6721.0 -121.7 347 0 12.6 31.5 2.5 2.5 2 1 1 2 2
-3593.4 5980.8 -93.0 326 0 10.2 11.8 5.0 2.5 2 1 2 3 3
-3557.2 5864.4 -98.7 137 0 17.4 12.7 5.0 0.0 0 0 2 1 1
-3382.2 5728.3 -90.7 55 0 12.4 14.6 5.0 2.5 2 1 2 5 5
-3178.2 5455.2 -104.8 84 0 10.3 13.3 2.5 2.5 2 1 1 5 5
-3294.3 5419.2 -120.5 3 0 11.5 6.7 2.5 2.5 2 0 1 2 2
-3294.4 5431.9 -120.4 358 0 5.2 5.7 2.5 2.5 2 1 1 2 2
-3292.8 5442.5 -121.8 2 0 7.9 9.6 2.5 2.5 2 1 1 3 3
-3293.2 5467.1 -119.5 344 0 5.4 7.9 2.5 2.5 2 1 1 3 3
-3310.0 5547.9 -111.8 159 0 7.1 21.2 2.5 2.5 2 1 1 0 0
-3278.8 5445.4 -114.0 172 0 6.6 10.6 2.5 2.5 2 1 1 0 0
-3271.4 5554.6 -106.1 347 0 5.8 10.0 2.5 2.5 4 1 1 3 3
-3266.1 5544.1 -107.8 344 0 5.4 10.2 2.5 2.5 2 1 1 0 0
-3285.1 5532.6 -109.8 153 0 5.0 7.1 2.5 2.5 2 1 1 2 2
-3283.2 5522.3 -110.1 159 0 5.5 9.5 2.5 2.5 2 1 1 3 3
-3261.0 5532.6 -107.7 330 0 6.0 9.9 2.5 2.5 2 1 1 3 3
-3256.6 5525.3 -107.3 337 0 4.5 9.0 2.5 0.0 0 1 1 1 1
-3267.2 5494.6 -110.3 68 0 11.4 7.1 2.5 2.5 2 0 1 2 2
-3253.9 5507.5 -107.3 72 0 10.0 7.7 2.5 2.5 2 0 1 2 2
-3250.2 5490.9 -107.7 77 0 9.1 7.2 2.5 2.5 2 0 1 4 4
-3233.4 5478.2 -107.7 89 0 10.9 19.3 2.5 2.5 2 1 1 4 4
-3720.8 6790.6 -99.7 326 0 10.4 9.4 5.0 2.5 2 0 2 1 1
-3747.4 6829.1 -99.5 223 0 9.0 8.2 5.0 2.5 2 0 2 4 4
-3728.9 6842.3 -97.0 254 0 6.4 7.1 5.0 2.5 2 1 2 0 0
-4098.4 6484.1 -124.9 80 0 5.8 13.3 2.5 2.5 2 1 1 3 3
-4080.2 6499.1 -124.9 83 0 6.5 6.6 2.5 2.5 2 1 1 5 5
-4083.1 6518.6 -124.9 260 0 7.1 9.9 2.5 2.5 2 1 1 0 0
-4087.1 6493.8 -124.9 80 0 4.6 9.6 2.5 2.5 2 1 1 2 2
-4078.1 6486.7 -124.8 87 0 6.6 10.4 2.5 2.5 2 1 1 4 4
-4068.3 6488.9 -124.8 88 0 7.6 7.1 2.5 2.5 2 0 1 5 5
-4047.6 6516.0 -124.9 270 0 3.5 4.8 2.5 2.5 4 1 1 0 0
-4060.2 6506.2 -124.9 87 0 11.7 7.7 2.5 2.5 2 0 1 2 2
-4059.8 6499.6 -124.8 88 0 6.2 5.4 2.5 2.5 2 0 1 4 4
-4050.0 6490.2 -124.8 88 0 8.4 14.1 2.5 2.5 4 1 1 3 3
-4025.6 6492.1 -124.6 87 0 9.7 9.2 2.5 2.5 2 0 1 3 3
-4008.0 6493.1 -121.5 88 0 9.2 9.1 2.5 2.5 2 0 1 4 4
-4027.6 6508.4 -124.8 85 0 6.3 8.5 2.5 2.5 2 1 1 3 3
-4006.4 6508.3 -124.8 88 0 7.7 15.5 2.5 2.5 2 1 1 1 1
-4017.4 6506.3 -124.8 89 0 7.1 12.6 2.5 0.0 0 1 1 4 4
-4018.1 6533.2 -124.9 269 0 6.2 10.4 2.5 2.5 2 1 1 1 1
-4027.0 6534.5 -124.9 268 0 6.1 8.3 2.5 2.5 2 1 1 4 4
-4006.2 6537.9 -124.9 270 0 5.5 9.8 2.5 2.5 2 1 1 1 1
-3958.4 6533.2 -124.1 268 0 6.4 11.8 2.5 2.5 2 1 1 3 3
-3965.9 6496.3 -118.5 86 0 8.4 11.8 2.5 2.5 2 1 1 3 3
-3977.1 6506.2 -119.7 89 0 3.7 6.2 2.5 2.5 2 1 1 0 0
-3969.1 6510.4 -120.4 86 0 6.7 7.3 2.5 0.0 0 1 1 2 2
-3969.9 6529.7 -122.9 267 0 5.5 9.8 2.5 2.5 2 1 1 1 1
-3984.8 6507.2 -121.4 89 0 3.7 13.4 2.5 2.5 2 1 1 5 5
-3977.8 6526.8 -122.0 266 0 5.3 12.2 2.5 2.5 2 1 1 4 4
-3985.9 6534.8 -123.6 266 0 5.4 9.8 2.5 2.5 2 1 1 3 3
-3992.4 6507.5 -122.0 89 0 4.7 13.7 2.5 2.5 2 1 1 3 3
-3993.7 6493.4 -119.9 89 0 12.4 11.6 2.5 0.0 0 0 1 4 4
-4014.7 6483.0 -118.9 267 0 8.3 10.0 5.0 2.5 2 1 2 2 2
-4045.3 6474.8 -122.6 268 0 4.6 7.0 5.0 2.5 2 1 2 4 4
-4033.8 6461.7 -120.1 3 0 8.6 8.8 5.0 2.5 2 1 2 5 5
-4002.1 6458.8 -115.0 92 0 9.5 10.3 5.0 2.5 2 1 2 1 1
-3992.9 6482.4 -116.6 271 0 7.4 11.4 5.0 2.5 2 1 2 1 1
-3984.4 6482.4 -115.8 270 0 4.4 10.0 5.0 0.0 0 1 2 5 5
-3977.5 6485.7 -115.8 272 0 3.3 7.3 5.0 2.5 2 1 2 5 5
-3969.3 6484.3 -115.1 270 0 8.1 9.4 5.0 2.5 2 1 2 0 0
-3966.4 6469.0 -113.3 355 0 6.9 7.1 5.0 2.5 4 1 2 5 5
-3950.4 6467.8 -111.9 199 0 10.4 6.5 2.5 2.5 2 0 1 5 5
-3926.3 6491.7 -112.8 228 0 6.8 7.7 2.5 2.5 2 1 1 4 4
-3932.2 6511.8 -121.2 55 0 7.4 12.1 2.5 2.5 2 1 1 3 3
-3907.0 6551.6 -123.1 230 0 5.7 9.5 2.5 2.5 2 1 1 0 0
-3918.5 6547.1 -124.3 236 0 7.5 8.0 2.5 2.5 4 1 1 4 4
-3910.0 6504.8 -113.3 234 0 6.1 16.2 2.5 2.5 2 1 1 4 4
-3849.2 6401.0 -97.6 293 0 7.5 9.8 5.0 0.0 0 1 2 3 3
-3833.3 6410.3 -98.5 295 0 7.8 14.4 5.0 2.5 2 1 2 2 2
-3899.7 6434.4 -105.9 88 0 9.0 11.3 5.0 0.0 0 1 2 4 4
-3933.0 6413.3 -103.8 265 0 6.3 8.5 5.0 2.5 2 1 2 0 0
-3902.6 6413.4 -102.2 357 0 8.5 8.2 5.0 2.5 2 0 2 3 3
-3910.6 6428.8 -105.3 87 0 6.9 10.3 5.0 2.5 2 1 2 1 1
-3919.4 6457.3 -109.9 82 0 6.7 9.6 2.5 2.5 4 1 1 2 2
-3933.9 6456.9 -110.3 79 0 10.3 7.9 2.5 2.5 4 0 1 3 3
-3923.6 6430.4 -106.1 85 0 7.4 9.1 5.0 0.0 0 1 2 0 0
-3933.8 6430.0 -107.0 86 0 7.2 9.4 5.0 2.5 2 1 2 4 4
-3943.4 6417.6 -105.4 270 0 5.6 8.8 5.0 2.5 2 1 2 0 0
-3943.0 6428.9 -107.6 88 0 7.0 8.0 5.0 0.0 0 1 2 5 5
-3958.2 6436.6 -109.3 177 0 10.4 8.2 5.0 2.5 2 0 2 4 4
-3983.9 6420.4 -109.8 88 0 4.6 11.3 5.0 2.5 2 1 2 3 3
-3990.7 6443.7 -111.4 278 0 6.0 13.3 5.0 2.5 2 1 2 2 2
-4000.1 6445.2 -111.9 275 0 7.0 12.4 5.0 2.5 2 1 2 3 3
-4005.2 6420.2 -110.7 83 0 9.9 8.2 5.0 2.5 4 0 2 5 5
-4017.1 6447.4 -115.3 290 0 17.9 18.8 5.0 2.5 2 1 2 5 5
-4038.4 6444.1 -119.6 354 0 11.1 6.2 5.0 2.5 4 0 2 0 0
-4031.1 6401.4 -116.8 344 0 10.2 8.3 5.0 0.0 0 0 2 0 0
-4045.0 6431.6 -119.8 175 0 8.9 9.8 5.0 0.0 0 1 2 1 1
-4023.6 6413.1 -113.3 81 0 9.8 9.2 5.0 2.5 2 0 2 1 1
-3989.2 6377.5 -107.2 73 0 8.8 12.4 5.0 2.5 2 1 2 4 4
-3968.3 6438.8 -110.5 356 0 9.7 7.4 5.0 2.5 4 0 2 5 5
-3967.0 6424.2 -109.1 355 0 10.1 9.0 5.0 2.5 2 0 2 0 0
-3966.6 6414.0 -107.2 258 0 6.9 11.1 5.0 2.5 2 1 2 1 1
-3974.9 6406.8 -107.2 258 0 7.7 6.5 5.0 2.5 4 0 2 5 5
-3988.1 6407.5 -107.8 255 0 10.2 10.1 5.0 2.5 2 0 2 1 1
-4011.5 6404.9 -109.7 254 0 6.1 17.7 5.0 2.5 2 1 2 3 3
-4000.4 6405.3 -108.5 259 0 8.4 14.8 5.0 2.5 2 1 2 4 4
-4033.9 6392.2 -117.9 251 0 12.4 4.7 5.0 2.5 2 0 2 2 2
-4030.8 6387.4 -116.1 246 0 8.7 5.2 5.0 2.5 2 0 2 3 3
-4023.9 6375.6 -113.6 73 0 6.1 6.7 5.0 2.5 2 1 2 4 4
-4029.3 6372.4 -118.5 337 0 6.8 6.9 5.0 2.5 2 1 2 4 4
-4020.9 6403.3 -110.8 253 0 8.0 11.2 5.0 2.5 2 1 2 3 3
-4010.2 6374.7 -109.6 72 0 10.7 8.1 5.0 0.0 0 0 2 1 1
-4008.8 6363.6 -115.8 258 0 6.7 8.5 5.0 2.5 2 1 2 1 1
-4017.3 6356.0 -119.3 248 0 5.8 6.1 5.0 2.5 2 1 2 5 5
-4017.6 6361.1 -117.1 338 0 7.2 8.4 5.0 0.0 0 1 2 2 2
-3942.2 6369.4 -101.8 342 0 15.1 7.8 5.0 2.5 2 0 2 2 2
-3973.9 6381.7 -106.6 72 0 6.2 15.2 5.0 0.0 0 1 2 4 4
-3962.0 6386.1 -105.6 72 0 8.4 13.0 5.0 2.5 2 1 2 5 5
-3991.4 6365.5 -112.7 258 0 7.3 8.6 5.0 2.5 2 1 2 2 2
-3988.4 6353.7 -114.7 263 0 10.8 8.4 5.0 2.5 2 0 2 3 3
-3975.1 6345.1 -111.8 244 0 6.8 10.8 5.0 0.0 0 1 2 5 5
-3977.5 6307.5 -117.7 146 0 10.7 10.1 5.0 2.5 4 0 2 2 2
-3953.5 6321.6 -112.9 329 0 9.7 11.1 5.0 2.5 4 1 2 0 0
-3941.1 6316.7 -112.0 319 0 5.5 14.5 5.0 2.5 2 1 2 4 4
-3934.8 6307.6 -112.2 323 0 8.5 15.2 5.0 2.5 4 1 2 0 0
-3868.6 6227.0 -101.6 321 0 11.0 7.3 5.0 2.5 2 0 2 4 4
-3766.1 6104.5 -103.3 311 0 9.4 6.4 5.0 2.5 2 0 2 4 4
-3707.7 6258.6 -80.8 311 0 11.3 15.6 5.0 2.5 2 1 2 3 3
-3703.8 6451.3 -91.0 303 0 7.9 7.7 5.0 0.0 0 0 2 1 1
-3664.0 6491.6 -89.5 198 0 10.3 6.7 5.0 2.5 2 0 2 2 2
-3681.3 6513.0 -91.8 101 0 8.4 16.8 5.0 2.5 2 1 2 0 0
-3605.7 6632.0 -80.8 190 0 9.0 12.7 5.0 0.0 0 1 2 2 2
-3505.7 6760.5 -68.4 78 0 7.5 14.0 5.0 2.5 2 1 2 4 4
-3263.4 6790.5 -32.1 181 0 10.1 10.2 2.5 2.5 2 1 1 0 0
-3328.6 6804.0 -41.7 79 0 12.8 19.1 5.0 0.0 0 1 2 0 0
-3417.5 6780.0 -53.8 71 0 13.2 16.6 5.0 2.5 2 1 2 5 5
-3470.3 6739.6 -61.2 248 0 9.9 15.3 5.0 2.5 2 1 2 4 4
-3443.0 6755.0 -56.2 248 0 5.1 17.9 5.0 2.5 2 1 2 2 2
-3457.0 6754.5 -59.1 252 0 10.4 23.8 5.0 2.5 2 1 2 0 0
-3537.4 6540.7 -71.0 301 0 13.1 12.8 5.0 2.5 2 0 2 2 2
-3157.5 6356.0 -50.0 344 0 7.4 13.0 5.0 2.5 2 1 2 0 0
-3154.3 6342.1 -50.1 352 0 9.0 10.1 5.0 0.0 0 1 2 1 1
-3152.0 6330.0 -50.4 346 0 9.8 14.0 5.0 0.0 0 1 2 3 3
-3165.8 6321.4 -51.0 351 0 11.7 10.4 5.0 0.0 0 0 2 5 5
-3197.4 6318.5 -51.8 174 0 16.2 9.8 5.0 2.5 2 0 2 4 4
-3179.4 6276.2 -51.7 83 0 6.5 9.0 5.0 2.5 4 1 2 3 3
-3115.9 6313.3 -48.8 347 0 12.2 12.5 2.5 2.5 2 1 1 5 5
-3138.5 6309.2 -49.6 175 0 9.8 6.0 2.5 2.5 2 0 1 2 2
-3135.7 6331.3 -49.4 256 0 12.7 10.1 2.5 2.5 4 0 1 5 5
-3131.5 6340.7 -48.9 75 0 13.2 15.1 2.5 2.5 2 1 1 3 3
-3369.4 6218.1 -60.9 95 0 7.2 11.0 5.0 2.5 2 1 2 3 3
-3317.0 6215.8 -57.6 92 0 9.3 7.1 5.0 2.5 2 0 2 3 3
-3299.7 6216.4 -56.9 84 0 12.0 10.8 5.0 2.5 2 0 2 3 3
-3285.3 6219.8 -56.1 91 0 8.3 11.3 5.0 2.5 2 1 2 4 4
-3249.3 6200.8 -53.7 263 0 9.6 15.0 5.0 2.5 2 1 2 1 1
-3225.2 6150.5 -48.1 85 0 11.0 11.0 5.0 0.0 0 1 2 5 5
-3174.3 6203.9 -49.1 264 0 13.1 17.6 5.0 2.5 2 1 2 1 1
-3137.7 6236.5 -48.8 358 0 8.3 9.7 5.0 2.5 2 1 2 3 3
-3154.5 6208.8 -47.8 256 0 6.9 9.8 5.0 2.5 2 1 2 1 1
-3159.5 6166.5 -45.4 79 0 7.3 7.6 5.0 2.5 2 1 2 1 1
-3136.1 6170.4 -45.0 92 0 9.2 11.0 5.0 0.0 0 1 2 4 4
-3114.3 6172.1 -43.4 93 0 11.6 13.1 5.0 2.5 2 1 2 3 3
-3092.3 6199.1 -42.6 294 0 10.3 8.8 5.0 2.5 2 0 2 2 2
-3081.2 6218.1 -42.4 270 0 10.3 12.8 5.0 2.5 2 1 2 3 3
-3103.0 6230.8 -46.0 82 0 8.1 11.1 5.0 2.5 2 1 2 1 1
-3085.4 6230.5 -44.3 76 0 7.6 11.2 5.0 2.5 2 1 2 2 2
-3087.6 6256.7 -46.2 341 0 11.6 8.8 5.0 2.5 4 0 2 5 5
-3090.9 6274.6 -47.1 344 0 10.1 7.9 2.5 2.5 4 0 1 1 1
-3104.2 6277.8 -47.9 70 0 5.0 8.0 2.5 2.5 2 1 1 1 1
-3097.7 6288.7 -47.5 75 0 10.7 12.3 2.5 2.5 2 1 1 0 0
-3098.6 6312.9 -47.6 352 0 15.6 11.6 2.5 2.5 2 0 1 0 0
-3076.2 6345.0 -45.3 263 0 9.7 9.6 5.0 2.5 2 0 2 5 5
-3089.1 6329.2 -46.0 81 0 7.0 11.4 5.0 2.5 2 1 2 0 0
-3107.7 6344.4 -47.1 75 0 7.2 10.7 2.5 0.0 0 1 1 1 1
-3137.1 6463.2 -35.2 95 0 6.6 7.2 5.0 2.5 2 1 2 5 5
-3080.9 6355.2 -45.6 80 0 11.2 16.6 2.5 2.5 2 1 1 3 3
-4204.7 6448.9 -124.9 257 0 6.0 5.9 5.0 2.5 4 0 2 5 5
-4193.9 6433.7 -124.9 348 0 11.1 6.1 5.0 2.5 2 0 2 3 3
-4197.3 6403.4 -124.8 166 0 17.3 9.6 5.0 2.5 4 0 2 1 1
-3632.2 5940.0 -103.2 326 0 10.2 6.9 5.0 2.5 2 0 2 0 0
-3645.9 5957.0 -99.8 328 0 6.3 9.1 5.0 2.5 2 1 2 1 1
-3654.8 5963.4 -100.3 329 0 9.5 6.9 5.0 2.5 2 0 2 5 5
-3301.1 5563.0 -106.8 163 0 7.0 11.0 2.5 2.5 2 1 1 3 3
-3103.5 5460.0 -97.1 72 0 8.7 8.4 2.5 2.5 2 0 1 3 3
-2459.6 4896.5 -27.2 276 0 7.9 10.9 2.5 2.5 2 1 1 5 5
-2463.1 4779.4 -26.6 352 0 6.2 7.8 2.5 2.5 2 1 1 4 4
-2424.5 4732.1 -24.6 95 0 8.7 3.0 2.5 2.5 2 0 1 3 3
-2393.4 4817.1 -23.5 354 0 4.0 6.8 2.5 2.5 2 1 1 4 4
-2395.1 4827.2 -23.9 348 0 7.9 12.5 2.5 2.5 2 1 1 1 1
-2426.4 4820.7 -25.3 267 0 5.1 6.7 2.5 2.5 2 1 1 3 3
-2412.1 4773.9 -24.5 78 0 8.6 12.0 2.5 0.0 0 1 1 4 4
-2331.8 4720.8 -19.4 97 0 4.8 7.6 2.5 0.0 0 1 1 3 3
-2358.2 4668.2 -20.2 103 0 11.9 10.2 5.0 2.5 2 0 2 4 4
-1361.8 6374.9 16.2 265 0 11.7 32.8 5.0 2.5 4 1 2 3 3
-1067.2 6240.8 4.8 115 0 7.6 19.1 7.5 2.5 2 1 3 3 3
-1014.4 6306.8 6.6 308 0 6.0 6.4 5.0 0.0 0 1 2 2 2
-1034.7 6310.1 5.1 130 0 8.1 9.2 5.0 2.5 2 1 2 1 1
-958.9 6220.7 7.4 149 0 10.9 9.7 5.0 0.0 0 0 2 1 1
-1005.4 6251.7 5.4 144 0 9.8 8.7 5.0 2.5 4 0 2 3 3
-991.0 6254.9 6.5 142 0 8.9 8.8 5.0 2.5 2 0 2 4 4
-977.6 6236.6 6.7 142 0 9.6 7.6 5.0 2.5 2 0 2 0 0
-874.0 6175.5 13.4 220 0 8.2 7.3 5.0 2.5 2 0 2 4 4
-931.0 6188.2 8.1 133 0 5.9 7.2 5.0 2.5 2 1 2 3 3
-912.2 6216.6 9.5 316 0 6.8 11.5 5.0 2.5 2 1 2 5 5
-928.3 6236.3 9.1 320 0 9.3 12.0 5.0 2.5 2 1 2 1 1
-936.0 6244.7 8.9 319 0 8.0 11.5 5.0 2.5 2 1 2 5 5
-944.9 6253.2 8.8 326 0 10.2 9.3 5.0 0.0 0 0 2 4 4
-953.3 6263.5 8.3 323 0 7.7 13.6 5.0 2.5 2 1 2 2 2
-961.2 6273.2 8.7 323 0 8.9 8.2 5.0 2.5 2 0 2 3 3
-969.2 6280.9 8.2 322 0 6.3 12.1 5.0 2.5 2 1 2 4 4
-1003.7 6339.3 9.7 135 0 7.1 9.6 5.0 0.0 0 1 2 4 4
-995.1 6328.3 9.7 131 0 7.7 11.8 5.0 2.5 2 1 2 2 2
-988.2 6319.0 9.8 136 0 9.0 7.9 5.0 2.5 2 0 2 0 0
-933.9 6313.5 14.1 47 0 7.6 12.2 5.0 2.5 2 1 2 0 0
-920.1 6307.5 16.4 135 0 7.0 12.5 5.0 2.5 2 1 2 4 4
-872.4 6334.1 22.5 269 0 13.2 27.8 5.0 2.5 2 1 2 3 3
-933.8 6325.7 15.3 47 0 6.3 10.5 5.0 0.0 0 1 2 5 5
-943.9 6306.3 12.6 45 0 4.4 8.7 5.0 2.5 2 1 2 2 2
-952.8 6288.5 10.4 229 0 9.9 9.0 5.0 2.5 2 0 2 0 0
-943.7 6270.3 10.4 132 0 10.0 8.7 5.0 2.5 2 0 2 4 4
-912.3 6285.7 12.7 315 0 7.5 11.7 5.0 2.5 2 1 2 3 3
-919.4 6292.0 12.7 313 0 5.4 10.9 5.0 2.5 2 1 2 5 5
-904.0 6292.9 17.1 134 0 7.4 6.2 5.0 0.0 0 0 2 0 0
-902.7 6275.2 13.4 315 0 10.5 11.4 5.0 2.5 2 1 2 1 1
-914.1 6235.0 11.1 139 0 15.1 8.3 5.0 2.5 2 0 2 5 5
-902.2 6252.8 12.7 318 0 9.0 8.5 5.0 2.5 2 0 2 5 5
-890.0 6264.0 14.9 315 0 10.7 9.4 5.0 2.5 2 0 2 4 4
-864.9 6259.3 19.9 131 0 7.7 9.8 5.0 2.5 2 1 2 2 2
-857.6 6250.9 20.4 130 0 6.3 11.2 5.0 2.5 2 1 2 3 3
-848.4 6245.1 21.4 126 0 4.1 7.3 5.0 2.5 2 1 2 4 4
-822.4 6231.5 22.4 310 0 10.0 8.9 5.0 2.5 2 0 2 0 0
-839.9 6240.9 22.2 133 0 8.6 7.4 5.0 2.5 2 0 2 4 4
-852.7 6215.6 18.1 224 0 6.2 5.7 5.0 0.0 0 0 2 4 4
-836.5 6215.4 19.5 45 0 9.1 11.5 5.0 2.5 2 1 2 0 0
-1316.1 5490.9 30.3 134 0 8.1 14.4 5.0 2.5 2 1 2 1 1
-1304.5 5483.5 31.5 129 0 7.9 13.3 5.0 2.5 2 1 2 3 3
-1325.3 5371.6 41.1 321 0 6.8 5.5 2.5 2.5 2 0 1 5 5
-1332.0 5336.7 43.9 215 0 3.8 8.2 5.0 2.5 2 1 2 5 5
-1280.8 5404.2 41.1 225 0 5.8 7.3 5.0 2.5 2 1 2 5 5
-1273.5 5411.1 40.9 227 0 8.2 5.7 5.0 2.5 4 0 2 5 5
1541.1 4689.2 30.9 317 0 6.5 8.0 2.5 2.5 2 1 1 0 0
1730.6 4665.2 28.7 257 0 9.9 8.2 2.5 2.5 2 0 1 5 5
1213.0 4723.1 57.2 247 0 6.7 12.5 5.0 2.5 2 1 2 5 5
1250.4 4698.5 53.1 76 0 9.2 7.4 5.0 2.5 2 0 2 4 4
1283.5 4734.5 52.1 253 0 9.5 9.0 5.0 2.5 2 0 2 4 4
