-4520.7 5794.0 -13.4 317 0 9.7 15.4 2.5 2.5 2 1 1 1 1
-4568.8 5819.6 -15.3 334 0 12.5 14.7 2.5 2.5 2 1 1 5 5
-4788.5 5433.9 -13.6 161 0 32.1 15.2 2.5 2.5 2 0 1 5 5
-4648.0 5380.4 -8.3 62 0 15.9 8.3 2.5 2.5 2 0 1 2 2
-4682.6 5386.7 -9.3 60 0 12.1 10.0 2.5 0.0 0 0 1 4 4
-4659.9 5399.3 -8.5 56 0 16.6 8.8 2.5 2.5 2 0 1 3 3
-4673.9 5426.9 -8.8 62 0 14.1 8.8 2.5 2.5 2 0 1 2 2
-4697.4 5412.8 -9.6 61 0 12.1 8.3 2.5 2.5 2 0 1 0 0
-4707.3 5430.3 -10.0 62 0 11.3 7.3 2.5 2.5 2 0 1 0 0
-4728.3 5462.4 -11.5 54 0 13.4 8.3 2.5 2.5 2 0 1 5 5
-4704.3 5476.4 -10.8 58 0 9.2 17.8 2.5 2.5 2 1 1 3 3
-4728.7 5495.5 -11.7 147 0 7.8 16.6 2.5 0.0 0 1 1 2 2
-4736.6 5516.8 -12.6 145 0 8.9 15.0 2.5 2.5 2 1 1 0 0
-4744.4 5529.9 -13.0 145 0 7.7 13.4 2.5 2.5 2 1 1 0 0
-4757.6 5553.7 -13.7 156 0 9.5 12.5 2.5 2.5 2 1 1 2 2
-4794.5 5538.0 -14.7 155 0 6.4 7.9 2.5 2.5 2 1 1 1 1
-4784.2 5538.4 -14.4 156 0 5.6 8.9 2.5 2.5 2 1 1 5 5
-4826.7 5623.7 -17.0 89 0 9.0 8.3 2.5 2.5 2 0 1 2 2
-4817.7 5665.5 -16.9 152 0 10.3 10.4 2.5 2.5 2 1 1 1 1
-4853.9 5834.1 -19.4 206 0 14.9 9.2 2.5 2.5 2 0 1 5 5
-4835.5 5838.1 -18.7 228 0 13.0 15.7 2.5 2.5 2 1 1 3 3
-4830.8 5852.6 -18.6 218 0 7.2 11.1 2.5 2.5 2 1 1 4 4
-4818.2 5869.3 -18.3 236 0 11.0 12.3 2.5 2.5 2 1 1 5 5
-4813.1 5851.3 -18.0 233 0 10.0 8.0 2.5 2.5 2 0 1 3 3
-4799.9 5842.1 -17.4 238 0 13.1 11.9 2.5 2.5 2 0 1 4 4
-4830.7 5769.6 -18.0 245 0 16.3 10.7 2.5 2.5 2 0 1 0 0
-4799.2 5694.2 -16.6 137 0 8.0 12.0 2.5 2.5 2 1 1 0 0
-4780.4 5696.9 -15.9 148 0 12.5 7.4 2.5 2.5 2 0 1 0 0
-4762.0 5783.0 -14.4 237 0 14.0 20.9 2.5 2.5 2 1 1 5 5
-4746.7 5760.3 -11.2 237 0 9.9 13.3 2.5 2.5 2 1 1 1 1
-4748.7 5725.6 -13.7 146 0 8.6 25.9 2.5 2.5 2 1 1 4 4
-4709.9 5595.8 -11.0 166 0 6.3 10.4 2.5 2.5 2 1 1 0 0
-4706.4 5579.7 -10.9 165 0 18.7 11.2 2.5 2.5 2 0 1 2 2
-4700.4 5561.7 -10.4 164 0 12.7 6.6 2.5 2.5 2 0 1 4 4
-4691.3 5536.6 -10.2 75 0 7.7 14.3 2.5 2.5 2 1 1 4 4
-4686.9 5520.4 -9.9 74 0 7.6 13.2 2.5 2.5 2 1 1 1 1
-4659.6 5488.2 -8.3 68 0 12.0 17.4 2.5 2.5 2 1 1 3 3
-4420.1 5722.8 -6.2 326 0 6.0 8.4 2.5 2.5 2 1 1 1 1
-4422.8 5890.1 -4.4 0 0 4.2 8.6 2.5 2.5 2 1 1 0 0
-4434.0 5897.6 -7.2 3 0 9.5 8.2 2.5 2.5 2 0 1 2 2
-4430.0 5927.4 -9.9 4 0 9.6 9.2 2.5 2.5 2 0 1 2 2
-4458.4 5898.1 -14.5 2 0 10.6 10.2 2.5 2.5 2 0 1 0 0
-4475.8 5856.0 -15.2 3 0 10.5 7.3 2.5 2.5 2 0 1 2 2
-4497.0 5897.6 -17.3 1 0 12.8 7.4 2.5 2.5 2 0 1 1 1
-4514.9 5895.1 -17.6 359 0 13.6 9.3 2.5 2.5 2 0 1 5 5
-4576.7 5895.8 -17.6 269 0 9.3 11.9 2.5 2.5 2 1 1 1 1
-4624.8 5885.7 -16.8 330 0 8.8 11.6 2.5 2.5 2 1 1 5 5
-4634.0 5899.8 -17.4 266 0 11.6 8.8 2.5 2.5 2 0 1 0 0
-4718.6 5917.8 -18.0 342 0 7.7 14.0 2.5 2.5 2 1 1 2 2
-4655.9 5890.1 -16.7 242 0 8.6 7.7 2.5 2.5 4 0 1 4 4
-4649.8 5875.2 -16.3 242 0 11.3 22.0 2.5 2.5 2 1 1 3 3
-4697.9 5867.0 -16.8 241 0 14.0 27.0 2.5 2.5 2 1 1 4 4
-4682.3 5841.6 -16.2 245 0 12.8 12.3 2.5 2.5 2 0 1 5 5
-4643.8 5805.0 -14.7 328 0 8.6 20.7 2.5 2.5 4 1 1 1 1
-4618.9 5811.5 -13.8 334 0 8.0 10.4 2.5 2.5 2 1 1 1 1
-4614.4 5786.2 -14.1 328 0 15.4 36.9 2.5 2.5 2 1 1 1 1
-4595.1 5771.0 -9.2 329 0 9.8 16.6 2.5 2.5 2 1 1 1 1
-4618.2 5747.7 -13.3 326 0 10.1 13.9 2.5 2.5 2 1 1 3 3
-4548.2 5752.0 -13.1 50 0 11.1 7.7 2.5 2.5 4 0 1 0 0
-4564.7 5738.4 -12.0 332 0 9.2 11.4 2.5 2.5 2 1 1 1 1
-4600.2 5719.9 -11.7 328 0 11.6 12.7 2.5 2.5 4 1 1 5 5
-4597.7 5707.4 -11.1 328 0 7.7 9.1 2.5 2.5 2 1 1 2 2
-4589.9 5697.7 -10.5 333 0 7.7 9.9 2.5 2.5 2 1 1 3 3
-4578.1 5667.6 -9.2 57 0 7.8 9.9 2.5 0.0 0 1 1 5 5
-4541.0 5716.2 -11.9 336 0 7.2 10.7 2.5 0.0 0 1 1 5 5
-4521.7 5746.6 -12.2 55 0 8.7 7.3 2.5 0.0 0 0 1 1 1
-4455.6 5709.6 -7.0 322 0 6.3 10.4 2.5 0.0 0 1 1 2 2
-4492.6 5745.4 -11.3 45 0 10.2 7.2 2.5 2.5 2 0 1 1 1
-4477.1 5741.8 -10.7 317 0 4.4 13.1 2.5 2.5 2 1 1 5 5
-4466.1 5715.4 -9.3 48 0 8.4 7.1 2.5 2.5 2 0 1 0 0
-4482.1 5689.4 -6.0 320 0 6.3 14.7 2.5 2.5 2 1 1 3 3
-4453.9 5671.8 -2.5 50 0 10.2 8.6 2.5 2.5 2 0 1 0 0
-4479.4 5659.3 -0.7 52 0 9.5 9.8 2.5 2.5 2 1 1 3 3
-4494.0 5654.9 -2.0 329 0 10.3 9.2 2.5 2.5 2 0 1 1 1
-4532.9 5641.8 10.7 50 0 6.5 11.7 2.5 2.5 2 1 1 1 1
-4550.8 5678.6 7.4 325 0 8.6 9.1 2.5 2.5 2 1 1 3 3
-4566.0 5667.0 -8.9 327 0 10.9 15.8 2.5 2.5 2 1 1 2 2
-4552.3 5631.1 -5.2 49 0 8.6 8.1 2.5 2.5 2 0 1 2 2
-4536.8 5614.2 2.4 50 0 8.9 9.1 2.5 2.5 2 1 1 1 1
-4235.0 2908.1 9.2 286 0 5.5 4.7 2.5 0.0 0 0 1 1 1
