-1682.5 6552.3 -12.1 106 0 8.2 10.0 2.5 2.5 2 1 1 5 5
-1795.9 6398.8 -14.2 104 0 14.0 25.6 10.0 2.5 2 1 4 4 4
-5160.5 -2555.1 7.4 208 0 7.9 6.8 2.5 2.5 2 0 1 1 1
-4975.9 -2557.7 6.8 42 0 4.9 11.6 2.5 2.5 2 1 1 5 5
-5022.9 -2606.9 6.6 201 0 20.4 5.5 2.5 2.5 2 0 1 2 2
-5084.9 -2642.0 6.7 296 0 9.6 7.2 2.5 2.5 2 0 1 0 0
-5098.7 -2712.0 8.1 113 0 9.4 11.9 2.5 2.5 2 1 1 1 1
-5094.7 -2697.0 7.9 112 0 10.3 11.5 2.5 2.5 2 1 1 0 0
-5121.8 -2667.7 7.3 114 0 13.0 24.2 2.5 2.5 2 1 1 2 2
-5132.6 -2584.3 6.6 35 0 6.5 3.5 2.5 0.0 0 0 1 3 3
-5100.4 -2516.9 3.9 22 0 5.1 8.0 2.5 2.5 2 1 1 2 2
-5095.6 -2539.9 3.7 196 0 8.4 5.9 5.0 2.5 2 0 2 0 0
-5114.9 -2592.8 5.8 114 0 9.9 8.6 5.0 2.5 2 0 2 1 1
-5105.3 -2562.1 4.7 210 0 15.2 9.6 5.0 2.5 2 0 2 4 4
-5053.6 -2532.8 3.2 25 0 8.7 4.8 5.0 2.5 2 0 2 5 5
-5046.6 -2550.2 3.4 23 0 10.6 18.0 5.0 2.5 2 1 2 2 2
-5066.6 -2601.6 4.3 112 0 10.6 45.3 5.0 0.0 0 1 2 1 1
