-46.5 -346.7 -24.4 281 0 7.6 8.8 2.5 2.5 2 1 1 2 2
-51.3 -369.2 -22.3 283 0 7.3 7.0 2.5 2.5 2 0 1 4 4
-59.5 -392.7 -20.5 185 0 8.2 8.5 2.5 2.5 2 1 1 1 1
-33.8 -416.1 -19.2 18 0 10.3 7.1 2.5 2.5 2 0 1 0 0
-63.7 -412.0 -18.7 186 0 9.3 11.2 2.5 0.0 0 1 1 1 1
-38.8 -437.5 -17.2 7 0 8.0 6.3 2.5 2.5 2 0 1 2 2
-67.2 -433.0 -16.7 194 0 8.3 10.4 2.5 2.5 2 1 1 4 4
-71.2 -452.7 -14.9 193 0 8.3 7.1 2.5 2.5 2 0 1 5 5
-75.8 -473.1 -13.2 190 0 7.6 10.6 2.5 2.5 2 1 1 4 4
-47.6 -477.7 -13.7 17 0 9.3 10.3 2.5 2.5 2 1 1 4 4
-54.0 -499.1 -12.5 11 0 7.3 10.2 2.5 2.5 2 1 1 5 5
-31.3 -505.6 -12.8 15 0 10.5 10.6 2.5 0.0 0 1 1 2 2
-35.3 -526.9 -12.4 14 0 8.3 11.6 2.5 2.5 2 1 1 3 3
-40.0 -542.0 -12.0 8 0 8.1 11.0 2.5 2.5 2 1 1 4 4
-59.0 -521.5 -12.1 14 0 7.2 9.5 2.5 2.5 2 1 1 4 4
-64.1 -537.7 -11.7 5 0 7.9 10.0 2.5 2.5 2 1 1 2 2
-81.5 -496.8 -12.3 192 0 8.4 11.1 2.5 2.5 2 1 1 3 3
-84.7 -513.1 -12.0 189 0 11.0 9.3 2.5 2.5 2 0 1 4 4
-89.6 -535.6 -11.5 193 0 6.7 10.9 2.5 2.5 2 1 1 4 4
-113.1 -643.1 -5.3 194 0 11.5 13.3 2.5 2.5 2 1 1 3 3
-119.0 -671.3 -3.6 195 0 17.7 10.5 2.5 2.5 2 0 1 0 0
-125.3 -707.7 -1.0 198 0 11.3 10.2 2.5 2.5 2 0 1 5 5
-133.4 -741.4 -0.4 191 0 7.5 15.7 2.5 2.5 2 1 1 0 0
-138.4 -764.1 0.1 191 0 8.0 7.3 2.5 2.5 2 0 1 5 5
-108.2 -1401.4 51.7 314 0 12.0 11.7 5.0 2.5 2 0 2 5 5
-177.4 -1204.2 22.4 188 0 7.7 5.8 7.5 2.5 2 0 3 4 4
-159.4 -1241.5 25.9 117 0 9.4 13.6 7.5 2.5 2 1 3 5 5
-185.5 -1225.1 23.6 210 0 12.4 22.3 15.0 0.0 0 1 6 1 1
-83.2 -1154.6 23.6 103 0 8.8 5.7 5.0 2.5 2 0 2 3 3
44.3 -1172.4 33.3 95 0 9.9 9.6 5.0 2.5 2 0 2 3 3
64.1 -1190.4 33.5 98 0 15.0 32.2 5.0 2.5 2 1 2 1 1
112.8 -1169.9 40.9 219 0 10.0 7.5 5.0 2.5 2 0 2 3 3
144.5 -1148.7 38.5 45 0 26.7 16.1 5.0 2.5 2 0 2 2 2
205.7 -1014.2 26.8 52 0 11.6 8.6 5.0 2.5 2 0 2 3 3
175.1 -964.4 15.6 167 0 8.6 7.1 5.0 2.5 2 0 2 3 3
177.7 -943.5 11.9 202 0 11.7 9.2 5.0 2.5 2 0 2 3 3
269.5 -826.0 7.3 240 0 9.4 8.9 5.0 2.5 2 0 2 5 5
570.0 -182.1 -24.7 24 0 16.9 9.2 2.5 2.5 2 0 1 0 0
563.2 -203.7 -25.7 7 0 18.0 13.0 2.5 2.5 2 0 1 2 2
529.3 -271.7 -20.9 34 0 6.9 7.2 2.5 2.5 2 1 1 3 3
520.9 -282.2 -20.4 44 0 10.5 8.8 2.5 2.5 2 0 1 2 2
532.7 -354.4 -15.3 47 0 10.2 11.0 5.0 2.5 2 1 2 5 5
511.5 -408.9 -12.6 119 0 7.8 6.5 5.0 2.5 2 0 2 2 2
494.4 -458.4 -7.0 178 0 6.4 11.3 2.5 2.5 2 1 1 2 2
490.9 -427.1 -14.9 35 0 12.1 12.6 5.0 2.5 2 1 2 1 1
488.2 -449.4 -10.8 32 0 12.4 7.4 5.0 2.5 2 0 2 5 5
458.8 -535.9 -5.8 359 0 8.3 10.3 5.0 2.5 2 1 2 3 3
401.1 -450.1 -15.8 201 0 11.5 9.5 2.5 2.5 2 0 1 0 0
424.8 -509.9 -9.0 173 0 11.6 9.7 5.0 2.5 2 0 2 0 0
424.2 -528.0 -7.3 179 0 11.0 9.6 5.0 2.5 4 0 2 0 0
382.6 -486.5 -12.1 205 0 10.4 9.1 2.5 2.5 2 0 1 0 0
371.6 -504.9 -11.3 202 0 6.3 8.5 2.5 2.5 2 1 1 3 3
369.2 -546.6 -8.0 14 0 7.5 8.5 2.5 2.5 2 1 1 0 0
367.1 -566.2 -6.2 29 0 7.2 7.3 2.5 2.5 4 1 1 5 5
360.9 -582.0 -4.4 12 0 6.9 5.6 2.5 2.5 2 0 1 5 5
358.1 -595.7 -3.5 5 0 7.2 6.7 2.5 2.5 2 0 1 2 2
400.6 -557.8 -4.6 195 0 11.1 11.7 5.0 2.5 2 1 2 1 1
409.1 -573.9 -1.9 188 0 11.1 8.6 5.0 2.5 2 0 2 4 4
409.3 -593.4 1.2 186 0 6.6 4.5 5.0 2.5 2 0 2 0 0
401.8 -611.5 4.1 185 0 6.9 9.4 5.0 2.5 2 1 2 4 4
411.5 -635.2 5.6 42 0 11.5 7.8 5.0 2.5 2 0 2 4 4
335.0 -656.4 -2.5 44 0 7.7 9.7 2.5 2.5 2 1 1 4 4
324.9 -674.7 -2.1 23 0 12.1 10.8 2.5 2.5 2 0 1 2 2
311.4 -646.6 -3.5 231 0 10.1 8.4 2.5 0.0 0 0 1 5 5
315.7 -692.4 -1.6 25 0 12.3 10.7 2.5 2.5 2 0 1 0 0
310.4 -706.3 -0.7 25 0 7.7 6.8 2.5 0.0 0 0 1 3 3
269.3 -744.0 -0.8 242 0 9.0 4.5 2.5 0.0 0 0 1 2 2
296.5 -729.1 -0.5 33 0 8.7 8.9 2.5 0.0 0 1 1 5 5
368.6 -689.7 3.5 209 0 7.5 6.1 5.0 2.5 2 0 2 3 3
359.9 -684.6 1.7 213 0 10.1 7.6 5.0 2.5 2 0 2 5 5
366.1 -755.9 5.3 3 0 7.9 10.7 5.0 2.5 2 1 2 0 0
340.2 -719.4 2.4 222 0 7.4 4.2 5.0 2.5 2 0 2 2 2
323.5 -743.5 2.5 216 0 7.3 5.8 5.0 0.0 0 0 2 4 4
334.3 -733.5 2.6 200 0 7.2 14.7 5.0 2.5 2 1 2 2 2
287.8 -867.3 12.1 49 0 9.8 8.6 5.0 0.0 0 0 2 2 2
305.2 -840.5 10.9 69 0 6.7 8.2 5.0 0.0 0 1 2 0 0
311.4 -807.0 6.3 253 0 17.8 6.0 5.0 2.5 2 0 2 4 4
288.3 -787.9 3.6 244 0 16.5 15.8 5.0 2.5 2 0 2 4 4
230.4 -825.9 4.2 257 0 17.1 10.4 5.0 2.5 2 0 2 1 1
134.1 -643.3 -9.7 286 0 9.7 15.7 2.5 2.5 2 1 1 1 1
155.5 -774.4 -2.4 91 0 8.3 7.4 2.5 2.5 2 0 1 5 5
129.8 -751.3 -4.2 89 0 7.8 11.6 2.5 0.0 0 1 1 3 3
129.9 -776.3 -2.4 94 0 9.3 7.0 2.5 2.5 4 0 1 1 1
74.2 -738.2 -3.8 272 0 26.7 11.2 2.5 2.5 2 0 1 0 0
89.4 -746.6 -4.1 179 0 11.3 25.0 2.5 2.5 2 1 1 2 2
107.8 -770.3 -3.3 91 0 11.5 16.6 2.5 2.5 2 1 1 4 4
103.5 -782.1 -2.2 88 0 17.2 9.5 2.5 2.5 4 0 1 2 2
54.0 -872.8 3.2 181 0 8.7 12.0 5.0 2.5 2 1 2 0 0
74.5 -851.6 2.5 258 0 8.0 15.4 5.0 2.5 2 1 2 2 2
81.1 -820.5 0.9 262 0 10.6 8.7 5.0 2.5 2 0 2 4 4
90.3 -808.2 0.7 254 0 6.1 7.4 5.0 2.5 2 1 2 1 1
107.2 -852.5 3.1 350 0 13.1 11.7 5.0 2.5 2 0 2 3 3
126.2 -845.6 2.7 2 0 8.0 9.3 5.0 2.5 2 1 2 4 4
132.8 -809.5 0.2 358 0 10.2 13.9 5.0 2.5 2 1 2 4 4
145.9 -848.9 3.2 182 0 10.9 7.6 5.0 2.5 2 0 2 4 4
138.2 -880.1 5.5 180 0 8.9 8.9 5.0 0.0 0 0 2 5 5
135.7 -905.6 7.3 190 0 15.4 10.7 5.0 2.5 2 0 2 5 5
161.9 -969.0 16.0 173 0 13.2 9.6 5.0 2.5 2 0 2 4 4
129.7 -1080.2 27.5 70 0 12.9 7.3 5.0 0.0 0 0 2 0 0
145.1 -1030.5 24.4 320 0 8.0 19.8 5.0 2.5 2 1 2 4 4
116.5 -993.5 16.6 321 0 9.0 29.4 5.0 2.5 2 1 2 5 5
109.7 -979.7 15.1 357 0 9.0 22.4 5.0 2.5 2 1 2 5 5
99.7 -958.1 13.7 278 0 7.6 13.4 5.0 2.5 2 1 2 2 2
122.5 -920.7 7.6 7 0 17.5 27.1 5.0 2.5 4 1 2 0 0
108.8 -946.8 11.6 13 0 10.2 18.2 5.0 2.5 2 1 2 1 1
87.6 -944.8 11.3 12 0 14.9 7.8 5.0 0.0 0 0 2 2 2
61.9 -962.1 13.0 5 0 9.5 13.1 5.0 2.5 2 1 2 5 5
43.4 -1027.6 18.9 275 0 7.6 10.6 5.0 2.5 2 1 2 2 2
23.8 -1075.8 20.9 97 0 9.1 9.0 5.0 2.5 2 0 2 2 2
-14.9 -1110.9 20.6 167 0 11.8 25.9 5.0 2.5 2 1 2 2 2
-21.0 -1131.5 20.1 80 0 14.0 21.5 5.0 2.5 2 1 2 0 0
-88.3 -1145.7 20.4 102 0 25.4 9.2 5.0 2.5 2 0 2 1 1
-115.3 -1097.2 16.0 209 0 10.2 7.9 5.0 2.5 4 0 2 1 1
-103.6 -1078.3 15.1 209 0 12.7 9.1 5.0 2.5 2 0 2 4 4
-91.4 -1056.6 14.5 208 0 7.6 10.7 5.0 2.5 2 1 2 5 5
-84.0 -1045.7 14.3 211 0 12.0 14.7 5.0 2.5 2 1 2 3 3
-74.7 -1027.0 13.9 209 0 23.8 10.7 5.0 2.5 2 0 2 0 0
-59.9 -1001.5 13.5 212 0 21.3 9.7 5.0 2.5 2 0 2 1 1
-51.0 -928.3 8.2 27 0 12.8 9.2 2.5 0.0 0 0 1 5 5
-33.7 -898.5 4.8 31 0 17.3 9.6 2.5 0.0 0 0 1 5 5
-32.6 -958.2 11.6 207 0 12.5 8.5 5.0 2.5 2 0 2 0 0
-14.7 -954.4 11.5 210 0 10.8 7.0 5.0 2.5 2 0 2 0 0
-11.3 -943.4 10.4 209 0 7.7 9.3 5.0 2.5 2 1 2 5 5
-25.5 -943.0 9.8 208 0 14.8 9.9 5.0 0.0 0 0 2 4 4
-12.3 -919.2 7.3 210 0 12.9 9.6 5.0 2.5 2 0 2 1 1
-4.0 -904.5 5.9 208 0 7.9 11.8 5.0 2.5 2 1 2 3 3
-0.1 -893.7 4.6 202 0 8.0 9.7 5.0 2.5 2 1 2 3 3
4.3 -883.5 3.6 196 0 5.9 10.5 5.0 2.5 2 1 2 3 3
-1.6 -837.4 -1.2 30 0 8.4 8.2 2.5 2.5 2 0 1 2 2
-28.7 -774.9 -0.8 286 0 6.6 10.1 2.5 2.5 2 1 1 1 1
-40.8 -767.6 -0.8 285 0 17.3 8.8 2.5 2.5 2 0 1 2 2
-58.5 -766.5 -0.7 287 0 8.9 9.7 2.5 2.5 2 1 1 2 2
-79.7 -762.2 -0.7 282 0 11.1 14.0 2.5 2.5 4 1 1 5 5
-82.5 -794.2 -0.5 282 0 28.1 14.9 2.5 0.0 0 0 1 2 2
-144.6 -793.9 1.1 187 0 8.5 9.1 2.5 2.5 2 1 1 4 4
-126.2 -826.3 2.1 199 0 7.0 12.2 2.5 2.5 2 1 1 4 4
-135.5 -819.4 2.1 198 0 8.8 8.7 2.5 2.5 2 0 1 0 0
-145.2 -830.9 2.7 195 0 13.7 11.4 2.5 2.5 2 0 1 0 0
-88.7 -865.4 4.0 26 0 8.7 11.7 2.5 0.0 0 1 1 1 1
-115.1 -838.8 2.3 196 0 11.9 10.1 2.5 2.5 2 0 1 1 1
-137.3 -851.9 4.3 201 0 12.1 15.0 2.5 2.5 2 1 1 4 4
-122.9 -869.3 5.6 226 0 7.6 11.1 2.5 2.5 2 1 1 0 0
-165.1 -880.2 6.5 191 0 19.5 10.0 2.5 2.5 4 0 1 5 5
-174.5 -898.1 7.4 189 0 6.9 14.5 2.5 2.5 2 1 1 0 0
-167.4 -926.1 8.1 94 0 13.2 15.8 2.5 2.5 2 1 1 2 2
-110.6 -932.1 9.2 106 0 10.8 11.6 2.5 2.5 2 1 1 3 3
-143.2 -929.3 8.4 110 0 11.3 19.0 2.5 2.5 2 1 1 5 5
-78.9 -965.3 11.4 294 0 8.2 9.3 2.5 2.5 2 1 1 3 3
-92.9 -996.8 11.9 37 0 10.5 9.1 2.5 2.5 2 0 1 3 3
-116.7 -959.0 10.5 276 0 10.3 9.7 2.5 2.5 2 0 1 4 4
-178.6 -962.1 10.4 181 0 10.0 12.7 2.5 2.5 2 1 1 3 3
-152.4 -954.0 10.2 278 0 8.6 14.3 2.5 2.5 4 1 1 3 3
-108.5 -990.6 11.5 12 0 11.7 9.1 2.5 2.5 2 0 1 2 2
-105.7 -1018.8 12.5 32 0 9.1 10.9 2.5 2.5 2 1 1 1 1
-130.7 -972.3 11.2 280 0 10.8 7.5 2.5 2.5 2 0 1 4 4
-132.8 -986.1 11.7 289 0 11.1 7.8 2.5 2.5 2 0 1 0 0
-116.8 -1036.1 13.5 11 0 10.7 14.0 2.5 2.5 2 1 1 2 2
-141.0 -1010.9 12.6 20 0 9.0 7.9 2.5 2.5 2 0 1 3 3
-146.0 -1033.5 13.6 15 0 10.5 6.4 2.5 2.5 2 0 1 0 0
-182.8 -1024.6 13.4 188 0 13.3 15.5 2.5 2.5 2 1 1 2 2
-162.0 -1125.0 17.0 31 0 8.1 6.7 2.5 2.5 2 0 1 5 5
-163.8 -1098.6 15.6 9 0 10.6 15.1 2.5 2.5 2 1 1 5 5
-201.0 -1120.5 16.4 188 0 12.7 17.4 2.5 0.0 0 1 1 4 4
-207.3 -1203.3 21.4 6 0 14.5 11.5 5.0 0.0 0 0 2 3 3
-251.7 -1177.7 20.9 276 0 13.7 12.2 5.0 2.5 2 0 2 4 4
-307.0 -1300.8 28.4 232 0 8.8 10.2 5.0 2.5 2 1 2 5 5
-278.1 -1209.0 22.6 196 0 11.1 7.1 5.0 2.5 4 0 2 2 2
-255.0 -1205.1 22.1 183 0 10.1 7.1 5.0 2.5 2 0 2 0 0
-242.2 -1237.2 23.4 14 0 15.7 12.4 5.0 2.5 2 0 2 1 1
-219.5 -1365.0 37.1 274 0 11.4 12.5 5.0 2.5 2 1 2 3 3
-259.5 -1341.0 33.8 269 0 11.2 17.6 5.0 2.5 2 1 2 4 4
-170.2 -1433.6 49.7 65 0 16.0 7.7 5.0 2.5 2 0 2 0 0
-220.3 -1465.1 50.1 238 0 6.6 10.1 5.0 2.5 2 1 2 0 0
-203.0 -1467.8 51.8 82 0 10.8 8.4 5.0 2.5 2 0 2 1 1
-251.1 -1260.4 24.8 2 0 9.8 6.7 5.0 2.5 4 0 2 2 2
-265.3 -1289.6 26.3 33 0 12.5 8.1 5.0 2.5 2 0 2 1 1
-276.8 -1311.8 29.2 30 0 7.9 8.6 5.0 2.5 2 1 2 1 1
-298.9 -1262.8 25.6 198 0 9.2 10.6 5.0 2.5 2 1 2 2 2
-287.4 -1323.8 30.9 300 0 7.0 15.5 5.0 2.5 2 1 2 2 2
-245.6 -1429.4 42.4 185 0 7.4 10.4 5.0 2.5 2 1 2 2 2
4814.9 2507.4 8.4 29 0 8.5 6.7 2.5 2.5 2 0 1 0 0
4801.2 2492.8 7.0 29 0 9.9 6.8 2.5 2.5 2 0 1 0 0
4823.6 2494.9 9.9 29 0 15.2 7.9 2.5 2.5 2 0 1 3 3
4840.8 2497.7 11.9 32 0 8.1 6.2 2.5 0.0 0 0 1 5 5
4849.5 2489.2 14.0 210 0 6.8 7.5 2.5 2.5 2 1 1 3 3
4855.2 2466.9 15.9 215 0 14.3 8.8 2.5 0.0 0 0 1 1 1
4864.4 2479.1 16.2 217 0 6.5 12.3 2.5 2.5 2 1 1 1 1
4883.8 2511.1 15.6 213 0 12.2 10.9 2.5 2.5 2 0 1 3 3
4874.3 2496.1 15.8 218 0 18.7 13.3 2.5 2.5 2 0 1 4 4
4840.2 2522.3 9.3 26 0 9.9 11.6 2.5 0.0 0 1 1 5 5
4839.3 2544.5 7.4 21 0 14.8 7.9 2.5 2.5 4 0 1 1 1
4859.2 2559.3 7.7 29 0 6.4 14.8 2.5 0.0 0 1 1 4 4
4854.9 2551.0 8.5 32 0 6.7 8.7 2.5 2.5 2 1 1 4 4
4854.8 2857.4 9.1 280 0 10.1 6.1 2.5 2.5 2 0 1 5 5
4847.4 2829.8 6.7 296 0 7.9 9.8 2.5 2.5 2 1 1 2 2
4826.5 2824.5 3.7 274 0 5.6 8.1 2.5 2.5 2 1 1 0 0
4837.9 2779.6 6.9 158 0 7.2 11.2 2.5 2.5 2 1 1 3 3
4836.3 2789.6 6.3 157 0 9.1 7.4 2.5 2.5 2 0 1 5 5
4867.1 2731.3 11.3 152 0 9.1 7.3 2.5 2.5 2 0 1 0 0
4878.2 2688.4 9.8 84 0 8.5 12.4 2.5 2.5 4 1 1 3 3
4619.5 2905.1 -28.3 294 0 9.9 7.1 2.5 2.5 4 0 1 0 0
4621.9 2914.7 -28.4 291 0 10.3 6.6 2.5 2.5 2 0 1 3 3
4665.7 2899.3 -21.8 288 0 9.5 10.2 2.5 2.5 2 1 1 0 0
4728.0 2891.6 -11.7 302 0 7.7 11.2 2.5 0.0 0 1 1 2 2
4701.2 2889.4 -15.5 282 0 8.0 5.5 2.5 2.5 2 0 1 4 4
4668.0 2774.2 -16.4 115 0 7.7 10.5 2.5 2.5 2 1 1 3 3
4642.6 2810.7 -20.6 116 0 10.7 10.8 2.5 2.5 2 1 1 4 4
4632.7 2763.9 -20.3 282 0 8.6 8.3 2.5 2.5 2 0 1 3 3
4630.0 2753.3 -20.0 284 0 9.2 9.2 2.5 2.5 2 0 1 5 5
4617.4 2761.2 -21.9 283 0 15.3 13.3 2.5 2.5 2 0 1 5 5
4553.6 2773.1 -26.3 303 0 10.2 8.9 2.5 0.0 0 0 1 3 3
4568.1 2760.5 -24.8 306 0 13.8 9.5 2.5 2.5 2 0 1 2 2
4583.9 2754.3 -23.3 309 0 11.4 9.8 2.5 2.5 2 0 1 0 0
4590.5 2774.3 -24.6 296 0 28.2 15.7 2.5 2.5 2 0 1 3 3
4567.8 2799.6 -26.8 298 0 10.4 9.8 2.5 2.5 2 0 1 0 0
4600.7 2924.8 -30.7 291 0 9.5 9.9 2.5 2.5 2 1 1 2 2
4565.1 2843.5 -29.1 137 0 8.6 11.8 2.5 2.5 2 1 1 1 1
4488.3 2845.2 -34.6 131 0 13.7 24.9 2.5 2.5 2 1 1 4 4
4508.7 2868.8 -34.2 126 0 11.5 32.1 2.5 2.5 2 1 1 3 3
4493.2 2902.4 -36.9 128 0 16.9 11.2 2.5 2.5 4 0 1 5 5
4457.8 2917.7 -39.8 117 0 9.9 16.4 2.5 2.5 2 1 1 2 2
4449.3 2868.2 -38.4 115 0 10.4 30.2 2.5 2.5 2 1 1 0 0
4428.1 2870.5 -39.1 120 0 10.2 10.0 2.5 2.5 2 0 1 3 3
4436.4 2886.1 -39.7 116 0 10.4 19.0 2.5 2.5 2 1 1 0 0
4366.3 2899.7 -44.7 131 0 7.9 10.1 2.5 2.5 2 1 1 1 1
4712.9 2217.6 -1.8 217 0 26.6 9.3 2.5 2.5 2 0 1 3 3
4707.0 2176.4 -14.2 128 0 21.0 17.5 2.5 2.5 2 0 1 4 4
4735.9 2162.0 -13.8 124 0 11.6 32.4 2.5 2.5 2 1 1 3 3
4740.6 2209.3 1.8 216 0 12.7 10.7 2.5 2.5 2 0 1 4 4
4894.8 2053.9 21.9 119 0 9.2 10.6 2.5 2.5 2 1 1 0 0
4886.7 2106.0 24.5 63 0 10.8 17.9 2.5 2.5 2 1 1 3 3
4880.6 2140.1 29.3 98 0 11.8 19.4 2.5 2.5 2 0 1 2 2
4883.3 2159.4 29.7 98 0 11.8 25.9 2.5 2.5 2 0 1 5 5
4886.8 2185.0 30.3 98 0 11.8 17.3 2.5 2.5 2 0 1 2 2
4869.2 2356.8 20.8 295 0 15.0 11.2 2.5 2.5 2 0 1 1 1
4862.3 2387.8 18.7 113 0 16.4 11.6 2.5 2.5 2 0 1 2 2
4825.1 2397.3 13.2 125 0 17.4 11.1 2.5 2.5 2 0 1 1 1
4814.0 2381.6 13.4 296 0 11.1 21.3 2.5 2.5 2 1 1 0 0
4765.6 2305.6 11.0 218 0 18.2 12.7 2.5 2.5 2 0 1 4 4
4741.6 2337.3 7.5 35 0 8.4 12.1 2.5 2.5 2 1 1 5 5
4703.5 2379.7 1.2 316 0 11.3 8.6 2.5 2.5 2 0 1 0 0
4693.6 2385.8 0.5 316 0 6.5 8.0 2.5 2.5 2 1 1 4 4
4221.3 2895.7 -54.0 205 0 25.2 17.6 2.5 2.5 2 0 1 4 4
4457.7 2636.7 -29.1 124 0 13.1 11.8 2.5 2.5 2 0 1 1 1
4589.5 2540.3 -12.6 129 0 16.7 28.5 2.5 2.5 2 1 1 2 2
4635.1 2599.1 -11.4 131 0 15.3 20.2 2.5 2.5 2 1 1 2 2
4648.4 2557.9 -8.0 124 0 8.8 9.0 2.5 2.5 2 1 1 5 5
4667.0 2514.6 -5.2 132 0 13.2 16.3 2.5 2.5 2 1 1 5 5
4693.9 2513.7 -2.0 126 0 6.4 9.4 2.5 2.5 2 1 1 1 1
4715.6 2490.3 0.4 73 0 10.4 13.2 2.5 2.5 4 1 1 1 1
4739.8 2462.1 4.2 136 0 5.0 14.1 2.5 2.5 2 1 1 0 0
4797.0 2435.8 9.4 40 0 8.0 8.1 2.5 2.5 2 1 1 1 1
4769.9 2425.4 8.0 123 0 9.2 14.5 2.5 2.5 2 1 1 2 2
4783.3 2576.0 0.9 203 0 12.8 15.6 2.5 2.5 2 1 1 1 1
4849.7 2538.1 8.8 26 0 14.7 8.9 2.5 2.5 2 0 1 1 1
4866.4 2576.5 7.8 25 0 10.5 11.1 2.5 2.5 2 1 1 4 4
4872.1 2585.9 8.1 23 0 6.2 8.4 2.5 2.5 2 1 1 1 1
4871.9 2605.7 7.1 293 0 13.8 12.1 2.5 2.5 2 0 1 5 5
4853.8 2614.5 4.8 295 0 14.5 18.3 2.5 2.5 2 1 1 0 0
4838.6 2621.1 3.1 295 0 14.0 15.8 2.5 2.5 2 1 1 1 1
4827.7 2627.3 2.1 295 0 7.8 9.2 2.5 2.5 2 1 1 5 5
4803.1 2696.3 -2.8 118 0 7.6 9.6 2.5 2.5 2 1 1 3 3
4815.1 2689.1 -1.0 121 0 8.3 10.9 2.5 2.5 2 1 1 3 3
4802.8 2610.4 0.9 199 0 12.3 11.5 2.5 2.5 2 0 1 4 4
4793.1 2636.6 -1.2 204 0 12.6 27.3 2.5 2.5 2 1 1 4 4
4761.3 2598.0 -2.4 213 0 11.5 19.0 2.5 2.5 4 1 1 3 3
4757.4 2615.4 -4.5 20 0 9.8 12.5 2.5 2.5 2 0 1 5 5
4760.9 2625.0 -4.7 20 0 10.5 12.5 2.5 0.0 0 0 1 4 4
4764.3 2690.8 -6.4 292 0 8.6 15.5 2.5 2.5 2 1 1 5 5
4775.5 2685.7 -5.8 294 0 11.5 13.1 2.5 0.0 0 1 1 5 5
4774.8 2663.4 -5.4 26 0 10.9 12.1 2.5 2.5 2 1 1 4 4
4769.5 2648.0 -5.2 24 0 14.1 13.9 2.5 2.5 2 0 1 2 2
4731.5 2633.3 -6.8 25 0 32.4 11.2 2.5 2.5 2 0 1 5 5
4701.9 2629.4 -8.3 28 0 11.5 8.4 2.5 2.5 4 0 1 2 2
4710.3 2642.4 -8.5 15 0 7.5 11.6 2.5 2.5 4 1 1 1 1
4720.6 2675.5 -8.4 291 0 8.5 9.0 2.5 2.5 2 1 1 3 3
4746.0 2679.6 -7.0 292 0 7.7 14.3 2.5 0.0 0 1 1 0 0
4750.1 2698.3 -7.5 287 0 8.1 9.5 2.5 2.5 2 1 1 3 3
4734.3 2708.1 -8.8 293 0 11.7 13.7 2.5 0.0 0 1 1 3 3
4713.8 2717.0 -10.4 287 0 9.0 9.1 2.5 2.5 2 1 1 5 5
4688.1 2712.5 -12.3 299 0 8.6 7.0 2.5 2.5 2 0 1 2 2
4693.6 2727.1 -12.9 294 0 16.1 11.3 2.5 2.5 2 0 1 2 2
4674.6 2739.7 -14.8 287 0 10.5 11.2 2.5 2.5 2 1 1 4 4
4655.0 2676.1 -13.1 300 0 7.1 12.9 2.5 2.5 2 1 1 0 0
4641.4 2714.2 -16.7 301 0 11.4 8.0 2.5 2.5 2 0 1 2 2
4614.9 2727.6 -20.1 306 0 12.0 7.9 2.5 2.5 2 0 1 4 4
4607.4 2717.9 -19.7 304 0 5.8 9.1 2.5 2.5 2 1 1 0 0
4575.9 2686.9 -20.0 298 0 5.7 4.6 2.5 0.0 0 0 1 2 2
4586.6 2669.9 -18.5 128 0 9.6 8.0 2.5 2.5 2 0 1 3 3
4564.9 2658.7 -19.5 127 0 11.0 17.3 2.5 2.5 2 1 1 3 3
4495.1 2611.7 -24.0 137 0 7.1 5.3 2.5 2.5 2 0 1 0 0
4507.1 2623.6 -22.4 124 0 9.2 14.5 2.5 2.5 2 1 1 0 0
4516.3 2637.7 -21.0 123 0 11.2 14.6 2.5 0.0 0 1 1 2 2
4523.4 2671.4 -22.8 125 0 12.2 29.4 2.5 2.5 2 1 1 2 2
4496.5 2663.4 -24.8 124 0 29.0 10.8 2.5 0.0 0 0 1 0 0
4514.8 2737.3 -26.7 307 0 8.1 11.4 2.5 2.5 4 1 1 5 5
4433.8 2724.2 -31.4 124 0 12.1 38.1 2.5 0.0 0 1 1 0 0
4444.5 2716.6 -28.9 126 0 3.2 4.8 2.5 2.5 2 1 1 4 4
4434.3 2700.5 -29.8 129 0 9.3 12.6 2.5 2.5 2 1 1 4 4
4424.3 2687.0 -31.0 123 0 10.7 14.0 2.5 2.5 2 1 1 4 4
4403.5 2728.2 -33.1 126 0 10.2 11.1 2.5 2.5 2 1 1 3 3
4392.0 2735.9 -34.3 121 0 11.3 12.5 2.5 2.5 2 1 1 3 3
4366.4 2818.7 -40.5 305 0 13.1 29.1 2.5 2.5 2 1 1 4 4
4277.7 2761.2 -38.8 135 0 6.9 7.1 2.5 2.5 2 1 1 4 4
4236.2 2838.1 -49.9 301 0 10.2 14.1 2.5 0.0 0 1 1 5 5
4228.4 2797.4 -49.5 122 0 11.3 29.9 2.5 2.5 2 1 1 0 0
