-2170.1 754.1 42.1 188 0 13.0 49.3 2.5 2.5 2 1 1 4 4
-1333.6 1246.5 -6.9 291 0 11.2 27.0 14.0 3.5 2 1 4 3 3
-1351.7 1212.2 -7.3 201 0 17.6 10.3 14.0 0.0 0 0 4 5 5
-1344.0 1195.2 -12.4 199 0 11.0 25.4 14.0 3.5 2 1 4 4 4
-1526.6 1118.3 -11.9 47 0 10.2 14.5 10.5 3.5 2 1 3 2 2
-1270.2 2201.2 -41.6 207 0 16.4 10.9 14.0 3.5 2 0 4 3 3
-1302.6 1897.3 -24.1 184 0 11.2 10.8 14.0 3.5 2 0 4 0 0
-1279.7 1886.3 -26.1 92 0 6.2 11.0 10.5 3.5 2 1 3 2 2
-1263.6 1892.0 -27.6 1 0 14.2 7.8 10.5 3.5 2 0 3 2 2
-1189.6 1668.7 -41.7 6 0 14.8 14.2 10.5 3.5 2 0 3 5 5
-1237.5 1647.4 -34.8 1 0 6.9 8.5 10.5 0.0 0 1 3 0 0
-1258.9 1705.0 -33.6 270 0 16.6 12.4 10.5 3.5 2 0 3 3 3
-1298.4 1677.9 -28.6 181 0 10.0 14.3 10.5 0.0 0 1 3 4 4
-1333.4 1671.0 -23.1 96 0 18.2 9.0 10.5 3.5 4 0 3 2 2
-1335.1 1690.4 -22.7 103 0 10.1 7.7 10.5 3.5 2 0 3 5 5
-1344.3 1723.6 -22.9 192 0 32.6 11.2 10.5 3.5 2 0 3 5 5
-1306.6 1693.9 -26.4 91 0 9.5 16.7 10.5 3.5 2 1 3 5 5
-1298.3 1731.0 -27.8 279 0 10.3 18.7 10.5 3.5 2 1 3 0 0
-1295.8 1777.1 -28.6 319 0 16.1 11.3 10.5 3.5 2 0 3 4 4
-1194.8 1792.8 -40.2 124 0 15.3 12.7 10.5 3.5 2 0 3 3 3
-1215.4 1828.2 -37.6 243 0 12.8 20.2 10.5 3.5 2 1 3 2 2
-1223.5 1843.2 -35.2 245 0 12.4 12.1 10.5 3.5 4 0 3 5 5
-1207.5 1857.5 -36.1 149 0 10.5 10.6 10.5 3.5 2 1 3 4 4
-1194.1 1863.6 -37.8 152 0 14.6 12.6 10.5 3.5 2 0 3 4 4
-1180.5 1858.8 -41.3 239 0 12.1 29.2 10.5 3.5 2 1 3 1 1
-1115.5 1843.2 -46.5 332 0 10.9 19.6 10.5 3.5 2 1 3 5 5
-1103.3 1842.9 -47.4 57 0 13.4 38.1 10.5 3.5 4 1 3 0 0
-1125.7 1890.1 -43.3 330 0 17.0 13.0 10.5 3.5 2 0 3 4 4
-1150.0 1920.3 -40.3 242 0 13.9 17.9 10.5 3.5 2 1 3 3 3
-1165.5 1943.8 -37.5 240 0 13.8 17.9 10.5 3.5 2 1 3 1 1
-1186.7 1931.8 -36.3 241 0 20.7 15.5 10.5 3.5 2 0 3 4 4
-1213.0 1900.9 -36.0 239 0 13.3 31.7 10.5 3.5 2 1 3 5 5
-1190.5 2253.0 -38.8 26 0 6.8 10.1 10.5 3.5 2 1 3 5 5
-1315.4 2185.5 -35.6 3 0 7.9 13.3 10.5 3.5 2 1 3 4 4
-1281.6 2200.9 -40.6 222 0 6.6 6.0 10.5 3.5 2 0 3 3 3
-1287.2 2171.4 -40.0 178 0 10.9 8.5 10.5 3.5 2 0 3 1 1
-1285.3 2154.8 -36.2 212 0 14.8 9.8 10.5 0.0 0 0 3 5 5
-1300.2 2162.3 -39.0 216 0 7.7 8.8 10.5 3.5 2 1 3 1 1
-1321.7 2091.8 -32.8 186 0 4.8 11.3 10.5 3.5 2 1 3 0 0
-1280.0 1994.6 -25.7 217 0 12.6 5.8 10.5 3.5 2 0 3 4 4
-1337.0 2044.4 -25.7 216 0 12.1 6.6 10.5 3.5 2 0 3 5 5
-1364.3 2022.4 -34.2 8 0 14.5 15.0 14.0 3.5 2 1 4 0 0
-1407.8 1789.2 -10.4 48 0 13.8 7.2 10.5 3.5 2 0 3 1 1
-1416.7 1689.9 -14.5 354 0 17.7 9.3 10.5 3.5 2 0 3 0 0
-1429.1 1687.6 -14.2 353 0 16.2 11.8 14.0 3.5 2 0 4 3 3
-1536.7 1690.1 -18.3 330 0 11.5 22.0 10.5 3.5 2 1 3 2 2
-1528.0 1756.8 -18.4 302 0 17.3 15.4 14.0 3.5 2 0 4 3 3
-1556.9 1828.7 -15.0 69 0 5.7 6.6 10.5 3.5 2 1 3 1 1
-1574.3 1820.9 -17.6 67 0 10.5 10.3 14.0 3.5 2 0 4 3 3
-1583.1 1740.0 -21.5 158 0 25.1 14.7 14.0 0.0 0 0 4 5 5
-5275.7 -1739.6 84.3 295 0 6.1 8.7 5.0 0.0 0 1 2 1 1
-5281.5 -1726.4 80.5 299 0 13.7 6.3 5.0 2.5 4 0 2 3 3
-5321.6 -1699.5 74.3 221 0 7.3 10.1 5.0 2.5 2 1 2 4 4
-5326.9 -1721.1 75.8 210 0 18.7 8.0 5.0 2.5 2 0 2 4 4
-5320.1 -1749.4 79.1 126 0 11.2 8.5 5.0 2.5 2 0 2 3 3
-5304.8 -1758.8 83.0 125 0 8.7 7.9 5.0 2.5 2 0 2 5 5
-5294.0 -1760.5 85.9 217 0 6.7 10.5 5.0 2.5 2 1 2 5 5
-5279.7 -1953.2 107.1 132 0 9.8 12.6 5.0 2.5 2 1 2 0 0
-5262.1 -1930.8 107.0 124 0 6.9 6.3 5.0 2.5 2 0 2 5 5
-5272.8 -1923.7 105.6 209 0 6.4 6.8 5.0 0.0 0 1 2 1 1
-5283.2 -1919.1 103.8 205 0 7.2 8.5 5.0 2.5 2 1 2 4 4
-5293.3 -1844.0 93.9 126 0 7.5 11.3 5.0 0.0 0 1 2 1 1
-5182.5 -1806.0 102.2 305 0 11.4 8.8 5.0 2.5 2 0 2 4 4
-5196.1 -1786.4 97.6 300 0 18.5 15.7 5.0 0.0 0 0 2 2 2
-5215.0 -1800.5 99.8 297 0 5.7 9.7 5.0 2.5 2 1 2 5 5
-5237.4 -1885.9 105.0 124 0 10.0 28.2 5.0 2.5 2 1 2 3 3
-5215.9 -1852.1 104.7 314 0 8.6 5.5 5.0 2.5 2 0 2 4 4
-5224.9 -1820.7 100.4 307 0 9.0 10.7 5.0 2.5 2 1 2 3 3
-5250.5 -1834.8 98.8 137 0 5.2 5.9 5.0 0.0 0 1 2 2 2
-5239.7 -1836.2 100.9 219 0 10.9 16.9 5.0 2.5 2 1 2 1 1
-5260.6 -1868.5 100.3 127 0 10.6 28.3 5.0 0.0 0 1 2 3 3
-1226.3 1716.3 -37.9 272 0 10.0 12.5 10.5 3.5 2 1 3 4 4
-1051.1 1788.3 -58.9 221 0 11.6 7.7 10.5 3.5 2 0 3 2 2
-1063.4 1842.3 -54.6 211 0 31.1 12.9 14.0 3.5 2 0 4 4 4
-1082.9 1804.6 -55.3 214 0 38.2 12.5 14.0 3.5 2 0 4 2 2
-1158.1 1737.5 -47.5 33 0 16.9 13.6 10.5 3.5 2 0 3 5 5
-1192.0 1733.6 -43.8 129 0 9.9 14.5 10.5 0.0 0 1 3 5 5
-1221.8 1756.9 -39.0 130 0 11.0 25.6 10.5 3.5 2 1 3 5 5
-1204.0 1778.9 -39.5 130 0 10.7 12.1 10.5 3.5 2 1 3 5 5
-1148.5 1808.3 -45.4 33 0 27.3 11.5 10.5 3.5 2 0 3 5 5
-1096.6 1957.8 -41.5 39 0 6.3 4.4 10.5 3.5 2 0 3 2 2
-1118.6 1981.0 -39.3 210 0 7.1 13.1 10.5 3.5 2 1 3 4 4
-1133.3 1989.1 -37.0 223 0 7.3 9.6 10.5 3.5 2 1 3 3 3
-1143.7 1981.0 -36.7 215 0 7.9 11.5 10.5 3.5 4 1 3 1 1
-1160.2 1970.2 -36.0 231 0 16.7 11.0 10.5 3.5 2 0 3 1 1
-1205.4 1940.8 -33.9 229 0 28.8 11.4 10.5 3.5 2 0 3 2 2
-1291.5 1820.1 -28.1 131 0 15.1 6.7 10.5 3.5 2 0 3 4 4
-1333.1 1837.6 -21.2 132 0 9.5 10.9 10.5 3.5 2 1 3 2 2
-1251.0 1778.1 -34.7 127 0 17.5 5.7 10.5 3.5 2 0 3 1 1
-1238.3 1771.6 -36.5 127 0 8.6 25.1 10.5 3.5 2 1 3 2 2
-1261.8 1788.6 -33.1 127 0 10.0 24.8 10.5 3.5 2 1 3 2 2
-1246.7 1784.2 -35.1 126 0 16.6 16.3 10.5 0.0 0 0 3 5 5
-1174.1 1721.7 -44.9 119 0 13.9 8.4 10.5 3.5 2 0 3 1 1
-1276.0 1760.7 -31.6 314 0 19.9 11.9 10.5 3.5 2 0 3 5 5
-1400.3 1598.9 -14.3 277 0 27.0 15.5 10.5 0.0 0 0 3 5 5
-1353.4 1699.7 -21.2 192 0 13.3 12.6 10.5 3.5 4 0 3 3 3
-1244.3 1730.8 -35.6 270 0 10.8 26.5 10.5 3.5 2 1 3 2 2
-1269.2 1698.9 -31.0 360 0 12.4 18.4 10.5 3.5 2 1 3 3 3
-1207.6 1715.2 -40.0 298 0 8.7 6.9 10.5 3.5 2 0 3 2 2
-1296.8 1743.8 -28.2 279 0 11.1 11.0 10.5 0.0 0 0 3 4 4
-1308.2 1631.0 -26.7 180 0 8.9 15.1 10.5 0.0 0 1 3 5 5
-1240.9 1640.8 -34.0 0 0 6.2 5.6 10.5 3.5 2 0 3 2 2
-1190.9 1624.4 -39.2 13 0 15.7 10.4 10.5 3.5 2 0 3 2 2
-1262.5 1573.2 -27.6 186 0 8.2 5.6 10.5 3.5 2 0 3 0 0
-1047.9 1770.0 -60.1 210 0 5.1 4.4 10.5 3.5 2 0 3 4 4
-1075.1 1763.1 -58.0 201 0 8.0 5.4 10.5 3.5 2 0 3 5 5
-1006.8 1765.5 -63.9 34 0 6.7 4.7 10.5 3.5 4 0 3 4 4
-967.6 1840.5 -64.3 196 0 5.0 9.1 10.5 3.5 2 1 3 3 3
-931.3 1850.9 -66.6 296 0 6.4 8.9 10.5 3.5 2 1 3 3 3
-915.5 1842.6 -69.7 291 0 6.2 6.5 10.5 3.5 2 1 3 2 2
-906.3 1785.8 -74.2 32 0 7.0 7.5 10.5 3.5 2 1 3 1 1
-1035.2 1600.7 -50.7 109 0 10.6 8.4 10.5 3.5 2 0 3 2 2
-1050.3 1596.8 -49.1 109 0 11.0 9.5 10.5 3.5 2 0 3 0 0
-1371.6 1848.2 -13.6 38 0 10.1 8.1 10.5 3.5 2 0 3 2 2
-1244.5 1576.3 -29.1 13 0 5.2 8.6 10.5 0.0 0 1 3 5 5
-1032.5 1650.8 -53.7 353 0 4.9 8.0 10.5 0.0 0 1 3 0 0
-958.8 1646.7 -60.8 227 0 5.0 8.3 10.5 0.0 0 1 3 2 2
-988.2 1623.5 -56.4 197 0 4.8 7.5 7.0 0.0 0 1 2 3 3
-1003.7 1754.8 -64.8 49 0 3.5 5.5 10.5 0.0 0 1 3 5 5
-1008.3 1744.1 -63.3 18 0 4.1 6.5 10.5 0.0 0 1 3 2 2
-940.7 1858.8 -65.5 258 0 4.3 6.8 10.5 0.0 0 1 3 5 5
-1034.8 1814.5 -58.5 196 0 4.7 7.3 10.5 0.0 0 1 3 3 3
-898.0 1728.2 -71.6 286 0 12.5 9.5 10.5 3.5 4 0 3 1 1
-944.8 1655.4 -62.7 273 0 10.1 9.9 10.5 3.5 4 0 3 1 1
-915.4 1864.5 -70.9 203 0 12.1 14.5 14.0 3.5 2 1 4 4 4
-895.3 1832.8 -73.6 30 0 7.8 12.3 10.5 3.5 2 1 3 2 2
-1020.7 1802.5 -60.5 226 0 7.1 4.5 10.5 3.5 2 0 3 4 4
-1004.3 1818.1 -60.7 311 0 5.8 10.3 10.5 3.5 2 1 3 5 5
-1002.3 1813.8 -62.1 217 0 10.1 10.0 14.0 3.5 2 0 4 2 2
-976.5 1823.8 -64.0 221 0 9.4 8.1 10.5 3.5 2 0 3 1 1
-1017.3 1754.8 -63.5 28 0 14.0 11.5 14.0 0.0 0 0 4 0 0
-1156.6 1638.9 -42.6 187 0 9.4 14.3 10.5 3.5 2 1 3 4 4
-1116.9 1600.5 -42.7 106 0 10.1 8.4 10.5 3.5 2 0 3 5 5
-1095.1 1570.6 -43.1 105 0 7.6 15.5 10.5 3.5 2 1 3 4 4
-999.8 1625.4 -55.7 28 0 15.3 12.2 14.0 3.5 4 0 4 1 1
-1075.6 1591.2 -46.5 114 0 15.5 11.3 14.0 3.5 2 0 4 1 1
-1055.6 1585.4 -47.9 110 0 14.4 10.8 14.0 3.5 2 0 4 0 0
-1053.5 1619.4 -50.8 113 0 17.7 10.4 14.0 3.5 2 0 4 5 5
-1083.1 1665.7 -51.4 178 0 18.3 9.2 10.5 3.5 2 0 3 4 4
-1087.3 1702.5 -53.8 180 0 9.2 12.7 10.5 3.5 2 1 3 1 1
-1089.2 1691.9 -52.3 180 0 8.3 8.0 10.5 3.5 2 0 3 5 5
-1113.6 1669.7 -49.4 180 0 14.9 16.9 14.0 3.5 2 1 4 1 1
-1092.5 1641.1 -48.2 114 0 6.5 8.8 10.5 3.5 2 1 3 0 0
-1102.4 1703.4 -52.4 178 0 9.4 12.2 10.5 3.5 2 1 3 0 0
-1100.9 1687.2 -51.3 180 0 17.8 8.9 10.5 3.5 2 0 3 3 3
-1105.2 1620.6 -46.7 109 0 21.6 16.9 14.0 3.5 4 0 4 2 2
-961.0 1855.9 -64.2 271 0 11.2 8.2 10.5 3.5 2 0 3 5 5
-989.8 1837.5 -61.8 213 0 10.4 8.8 10.5 3.5 2 0 3 3 3
-990.7 1844.5 -60.7 304 0 9.3 15.0 10.5 3.5 2 0 3 0 0
-1020.1 1824.3 -59.7 223 0 10.7 10.4 14.0 3.5 2 0 4 5 5
-932.4 1794.6 -70.3 125 0 9.1 12.4 10.5 3.5 2 1 3 1 1
-1006.5 1734.5 -63.0 18 0 7.7 8.8 10.5 3.5 2 1 3 0 0
-1041.7 1691.3 -56.2 0 0 9.7 8.1 10.5 3.5 2 0 3 4 4
-1049.5 1644.4 -51.8 16 0 6.8 10.7 10.5 3.5 2 0 3 1 1
-1039.1 1641.5 -52.6 16 0 6.9 10.8 10.5 3.5 2 0 3 3 3
-990.9 1643.8 -57.5 12 0 8.4 11.6 10.5 3.5 2 1 3 5 5
-1015.9 1633.9 -54.4 29 0 8.6 11.6 10.5 0.0 0 1 3 3 3
-1020.0 1618.4 -52.8 23 0 8.5 13.6 10.5 0.0 0 1 3 3 3
-999.5 1579.1 -51.4 339 0 15.0 19.9 14.0 3.5 2 1 4 5 5
-1062.4 1606.8 -48.4 114 0 9.2 7.4 10.5 0.0 0 0 3 1 1
-1076.8 1607.1 -47.1 92 0 10.3 8.8 10.5 3.5 2 0 3 2 2
-1106.8 1574.3 -42.4 100 0 8.8 16.3 10.5 3.5 2 1 3 2 2
-1167.4 1615.6 -40.4 192 0 11.1 8.0 10.5 3.5 2 0 3 2 2
-1158.3 1613.5 -42.0 192 0 12.2 32.0 14.0 3.5 2 1 4 5 5
-1350.8 2099.1 -33.5 23 0 12.4 9.2 10.5 3.5 2 0 3 0 0
-1390.7 2053.3 -26.3 15 0 8.8 10.0 10.5 3.5 2 1 3 0 0
-890.4 2105.9 -62.4 238 0 20.9 18.8 5.0 0.0 0 0 2 5 5
-859.9 2077.9 -64.2 114 0 26.8 14.5 5.0 2.5 2 0 2 4 4
-840.4 2060.2 -65.2 118 0 15.3 13.8 5.0 2.5 2 0 2 1 1
-868.1 2004.0 -63.7 301 0 10.6 18.4 14.0 3.5 2 1 4 4 4
-914.1 1904.9 -67.8 166 0 11.2 10.5 14.0 3.5 2 0 4 5 5
-858.4 1835.6 -80.8 44 0 14.9 15.3 14.0 3.5 2 1 4 5 5
-845.2 1877.9 -79.7 18 0 12.9 13.1 14.0 3.5 2 1 4 0 0
-841.0 1959.8 -71.4 132 0 9.7 15.5 5.0 2.5 2 1 2 1 1
-852.5 1939.4 -71.8 310 0 11.7 10.4 14.0 3.5 2 0 4 3 3
-867.1 2020.0 -63.4 23 0 19.2 11.3 14.0 3.5 2 0 4 1 1
-862.3 2047.4 -63.8 293 0 16.2 15.2 14.0 0.0 0 0 4 0 0
-939.3 2028.9 -57.1 201 0 5.1 6.1 10.5 3.5 2 1 3 3 3
-914.0 2033.1 -59.8 278 0 9.4 6.8 10.5 0.0 0 0 3 3 3
-962.4 2046.6 -54.2 203 0 6.3 8.6 10.5 3.5 2 1 3 1 1
-940.8 2062.0 -56.2 270 0 11.0 12.0 14.0 3.5 2 1 4 5 5
-904.1 2070.3 -60.2 286 0 15.3 24.7 14.0 3.5 2 1 4 2 2
-901.4 1984.8 -61.8 303 0 10.0 11.1 14.0 0.0 0 1 4 0 0
-913.4 1956.0 -61.9 122 0 13.7 14.9 14.0 3.5 4 1 4 0 0
-925.3 1969.6 -60.8 113 0 16.2 11.7 14.0 0.0 0 0 4 2 2
-936.3 1995.7 -58.7 200 0 12.5 8.5 10.5 0.0 0 0 3 4 4
-930.7 2009.8 -59.1 203 0 13.2 9.5 10.5 3.5 2 0 3 4 4
-956.0 1994.3 -57.1 206 0 9.5 14.0 10.5 3.5 2 1 3 0 0
-999.9 1960.1 -54.5 207 0 10.8 18.9 14.0 3.5 2 1 4 2 2
-972.7 2038.6 -55.6 203 0 9.4 28.3 10.5 3.5 2 1 3 2 2
-950.0 2013.3 -57.0 201 0 24.8 11.4 14.0 3.5 2 0 4 3 3
-966.6 1977.0 -56.2 209 0 27.4 10.5 14.0 3.5 2 0 4 5 5
-1039.3 2014.6 -45.3 322 0 16.1 54.3 10.5 3.5 4 1 3 4 4
-1108.9 1879.7 -44.9 58 0 5.1 6.6 10.5 3.5 4 1 3 4 4
-1115.0 1891.8 -43.7 328 0 5.7 5.1 10.5 3.5 2 0 3 3 3
-1206.8 1918.9 -35.6 239 0 13.6 21.4 10.5 3.5 2 1 3 1 1
-1239.3 1996.9 -30.0 64 0 11.9 8.5 10.5 3.5 2 0 3 4 4
-1353.0 1867.6 -16.4 37 0 22.7 13.9 14.0 3.5 2 0 4 3 3
-1103.5 1975.0 -40.4 255 0 4.4 6.9 10.5 0.0 0 1 3 2 2
-940.8 2042.0 -56.5 228 0 4.0 6.4 10.5 0.0 0 1 3 1 1
-972.7 1941.1 -56.3 74 0 4.4 6.9 10.5 0.0 0 1 3 0 0
-868.1 1919.2 -71.3 344 0 4.1 6.4 10.5 0.0 0 1 3 2 2
-1445.4 1654.2 -14.1 19 0 40.2 46.4 14.0 0.0 0 1 4 1 1
-1272.2 2132.6 -30.6 43 0 5.8 8.7 10.5 3.5 2 1 3 5 5
-1229.2 2199.0 -34.5 27 0 7.0 6.3 10.5 3.5 2 0 3 3 3
-1254.3 2184.6 -36.4 41 0 6.5 7.9 10.5 3.5 2 1 3 5 5
-1277.8 2215.1 -40.7 203 0 11.8 9.7 10.5 3.5 2 0 3 2 2
-1239.3 2178.7 -33.2 39 0 5.2 8.6 10.5 0.0 0 1 3 5 5
-1276.7 2182.8 -40.1 193 0 4.9 7.6 10.5 0.0 0 1 3 1 1
-1374.2 2178.9 -41.0 186 0 10.1 9.8 10.5 3.5 2 0 3 0 0
-1343.6 2194.5 -38.6 218 0 13.9 8.0 10.5 3.5 2 0 3 5 5
-1322.6 2233.6 -41.3 222 0 11.3 8.3 10.5 3.5 2 0 3 2 2
-1318.2 2260.6 -44.2 221 0 18.3 9.2 10.5 3.5 4 0 3 2 2
-1345.7 2300.7 -55.1 26 0 9.7 7.4 5.0 2.5 2 0 2 4 4
-1321.9 2298.3 -51.2 41 0 5.9 9.1 5.0 2.5 2 1 2 5 5
-1320.3 2324.0 -52.7 34 0 11.6 6.1 5.0 2.5 2 0 2 1 1
-1058.9 2093.5 -40.5 50 0 3.6 5.8 10.5 0.0 0 1 3 1 1
-1088.6 2078.0 -37.6 43 0 3.8 6.0 10.5 0.0 0 1 3 4 4
-1081.2 2123.6 -38.3 42 0 3.5 5.6 10.5 0.0 0 1 3 5 5
-1102.2 2111.4 -36.3 45 0 3.9 6.2 10.5 0.0 0 1 3 3 3
-1093.3 2116.6 -37.2 63 0 4.1 6.5 10.5 0.0 0 1 3 3 3
-1116.0 2168.2 -42.5 201 0 4.3 6.8 10.5 0.0 0 1 3 4 4
-1127.4 2160.1 -42.3 227 0 4.3 6.8 10.5 0.0 0 1 3 2 2
-1119.1 2118.9 -35.7 229 0 3.3 5.2 10.5 3.5 2 1 3 0 0
-1109.9 2154.0 -40.0 244 0 17.1 14.5 14.0 3.5 2 0 4 3 3
-1209.3 2349.9 -45.5 249 0 29.0 46.0 14.0 0.0 0 1 4 5 5
-1283.9 2302.0 -43.2 229 0 4.1 6.5 10.5 0.0 0 1 3 0 0
-1285.9 2286.2 -43.1 51 0 4.4 6.9 10.5 0.0 0 1 3 1 1
-1301.8 2138.4 -37.3 208 0 4.3 6.8 10.5 0.0 0 1 3 1 1
-1329.0 2250.4 -44.5 205 0 3.6 5.7 10.5 0.0 0 1 3 3 3
-1327.4 2241.9 -43.1 229 0 3.6 5.7 10.5 0.0 0 1 3 2 2
-1306.0 2226.8 -39.2 19 0 4.2 6.6 10.5 0.0 0 1 3 1 1
-1297.5 2219.9 -37.1 19 0 4.4 6.9 10.5 0.0 0 1 3 0 0
-1303.4 2203.8 -35.4 19 0 4.0 6.3 10.5 0.0 0 1 3 2 2
-1335.1 2172.5 -34.9 21 0 3.3 5.2 10.5 3.5 2 1 3 3 3
-1337.7 2160.3 -32.6 15 0 3.5 5.6 10.5 0.0 0 1 3 1 1
-1431.7 2136.9 -37.2 219 0 3.8 6.0 10.5 0.0 0 1 3 3 3
-1483.3 2144.8 -42.0 55 0 3.3 5.2 5.0 2.5 2 1 2 2 2
-1573.4 2065.5 -28.6 259 0 4.5 7.1 10.5 0.0 0 1 3 2 2
-1571.8 2076.1 -30.6 266 0 3.1 4.9 10.5 3.5 2 1 3 2 2
-1563.3 2075.8 -30.2 273 0 3.2 5.1 10.5 3.5 2 1 3 4 4
-1556.0 2074.4 -29.7 285 0 3.4 5.5 10.5 0.0 0 1 3 5 5
-1518.1 2085.2 -29.0 279 0 4.0 6.4 10.5 0.0 0 1 3 4 4
-1502.1 2071.5 -24.5 270 0 3.3 5.2 10.5 3.5 2 1 3 0 0
-1462.0 2106.4 -30.5 235 0 3.3 5.2 10.5 3.5 2 1 3 2 2
-1474.2 2097.7 -28.7 232 0 3.3 5.2 10.5 3.5 2 1 3 5 5
-1486.4 2088.6 -27.4 229 0 3.2 5.1 10.5 3.5 2 1 3 2 2
-1597.3 2048.5 -26.2 269 0 23.8 8.8 10.5 3.5 2 0 3 5 5
-1585.4 2049.3 -26.2 179 0 8.8 19.1 10.5 3.5 2 0 3 1 1
-1579.2 1926.4 -8.4 123 0 8.7 11.1 10.5 3.5 2 1 3 0 0
-1564.9 2002.6 -16.2 225 0 10.5 18.2 14.0 3.5 2 1 4 5 5
-1578.5 2021.7 -20.5 271 0 16.7 10.5 14.0 3.5 2 0 4 0 0
-1566.0 2016.4 -19.1 217 0 10.3 16.0 14.0 3.5 2 1 4 3 3
-1560.8 1934.5 -6.8 151 0 16.3 13.6 14.0 3.5 2 0 4 2 2
-1530.9 1902.5 -11.0 59 0 9.5 12.1 10.5 3.5 2 1 3 1 1
-1566.5 1856.1 -15.9 61 0 8.1 7.9 10.5 3.5 4 0 3 3 3
-1558.4 1859.3 -15.1 61 0 9.1 10.3 10.5 3.5 2 0 3 5 5
-1546.2 1848.2 -14.5 66 0 17.9 13.0 14.0 0.0 0 0 4 4 4
-1503.1 1812.3 -16.9 299 0 10.1 9.3 10.5 0.0 0 0 3 5 5
-1511.1 1816.7 -12.9 299 0 8.2 9.4 10.5 3.5 2 0 3 2 2
-1596.1 1794.4 -19.9 248 0 10.8 38.4 14.0 3.5 2 1 4 5 5
-1579.6 1704.2 -21.1 68 0 19.1 9.9 10.5 3.5 2 0 3 0 0
-1570.5 1720.8 -21.3 68 0 16.1 8.4 10.5 3.5 2 0 3 5 5
-1558.5 1705.0 -20.0 61 0 10.9 14.3 14.0 0.0 0 1 4 2 2
-624.7 2195.2 -100.3 202 0 5.8 8.7 2.5 2.5 2 1 1 2 2
-643.7 2196.6 -94.5 194 0 9.5 9.0 5.0 2.5 2 0 2 4 4
-616.2 2215.2 -102.3 284 0 9.0 9.2 5.0 2.5 2 1 2 1 1
-648.2 2248.0 -91.9 18 0 4.9 6.5 5.0 0.0 0 1 2 1 1
-648.2 2236.5 -91.7 359 0 11.8 8.2 5.0 2.5 2 0 2 1 1
-684.3 2290.7 -88.6 56 0 5.3 10.4 5.0 2.5 2 1 2 3 3
-676.3 2295.1 -89.5 62 0 5.5 9.2 5.0 2.5 2 1 2 1 1
-762.4 2379.6 -80.9 87 0 8.9 10.8 5.0 2.5 2 1 2 3 3
-815.0 2634.8 -99.3 19 0 10.5 14.7 5.0 2.5 2 1 2 5 5
-846.9 2654.6 -99.5 281 0 14.0 13.5 5.0 2.5 4 0 2 4 4
-860.3 2654.2 -98.7 287 0 8.7 15.8 5.0 2.5 2 1 2 2 2
-886.0 2650.3 -98.3 271 0 8.6 6.5 5.0 2.5 2 0 2 3 3
-916.9 2628.3 -96.4 170 0 8.9 9.6 5.0 2.5 2 1 2 5 5
-1149.7 2385.3 -48.7 222 0 8.9 8.2 10.5 3.5 2 0 3 4 4
-1237.9 2363.5 -47.1 218 0 10.6 14.1 14.0 3.5 2 1 4 3 3
-1343.6 2325.2 -56.8 40 0 5.1 8.4 5.0 0.0 0 1 2 4 4
-1487.5 2125.2 -38.7 57 0 15.5 8.1 5.0 2.5 4 0 2 5 5
-1491.3 2173.6 -49.1 236 0 7.6 20.4 5.0 2.5 2 1 2 1 1
-1437.1 2273.2 -63.0 187 0 13.5 9.0 5.0 2.5 2 0 2 1 1
-1298.2 2358.1 -52.3 6 0 9.0 12.7 5.0 2.5 4 0 2 5 5
-1296.7 2368.2 -52.6 6 0 11.5 13.1 5.0 2.5 2 0 2 4 4
-1311.3 2412.9 -56.2 293 0 10.1 14.1 5.0 2.5 4 1 2 0 0
-1324.4 2436.3 -58.6 293 0 7.7 7.4 5.0 2.5 2 0 2 4 4
-1321.9 2423.6 -58.2 319 0 5.4 8.9 5.0 0.0 0 1 2 3 3
-1302.0 2601.4 -62.9 254 0 3.9 6.1 5.0 0.0 0 1 2 4 4
-1309.7 2585.2 -63.1 125 0 3.9 6.1 2.5 0.0 0 1 1 5 5
-1299.5 2578.0 -61.2 115 0 4.2 6.6 7.5 0.0 0 1 3 2 2
-1299.5 2571.6 -61.4 9 0 4.0 6.2 2.5 0.0 0 1 1 0 0
-1308.7 2563.9 -61.7 279 0 4.0 6.4 2.5 0.0 0 1 1 4 4
-1334.5 2558.7 -65.1 209 0 13.2 9.6 2.5 2.5 2 0 1 0 0
-1325.9 2538.7 -63.0 170 0 11.9 14.7 2.5 2.5 2 1 1 0 0
-1258.0 2531.4 -60.8 311 0 7.7 8.4 2.5 2.5 2 1 1 4 4
-1275.4 2416.6 -51.6 179 0 10.3 11.7 2.5 2.5 2 1 1 4 4
-1245.5 2403.5 -50.8 80 0 12.7 10.2 2.5 0.0 0 0 1 1 1
-1212.5 2456.6 -57.8 83 0 8.4 9.7 2.5 2.5 2 1 1 4 4
-1165.3 2500.6 -63.3 254 0 8.2 7.0 2.5 2.5 2 0 1 4 4
-1142.6 2426.8 -54.0 96 0 8.8 9.1 2.5 2.5 2 1 1 1 1
-1134.4 2437.7 -55.5 94 0 11.1 7.3 2.5 2.5 2 0 1 1 1
-1149.2 2481.3 -60.9 258 0 13.8 10.7 2.5 2.5 2 0 1 2 2
-1122.3 2503.2 -66.2 100 0 8.7 8.9 2.5 2.5 2 1 1 4 4
-1088.1 2430.0 -58.3 99 0 13.6 7.6 2.5 2.5 2 0 1 3 3
-1073.7 2442.9 -61.7 82 0 5.3 8.8 2.5 0.0 0 1 1 0 0
-1037.1 2431.2 -65.4 120 0 14.2 11.2 2.5 2.5 2 0 1 5 5
-957.5 2417.7 -66.0 86 0 4.5 7.1 2.5 0.0 0 1 1 1 1
-928.1 2417.8 -68.4 95 0 15.2 12.5 2.5 2.5 2 0 1 5 5
-892.8 2411.4 -70.7 111 0 16.2 10.9 2.5 2.5 2 0 1 4 4
-905.5 2443.9 -74.6 96 0 12.1 10.6 2.5 2.5 2 0 1 3 3
-874.4 2461.8 -77.3 130 0 5.6 8.5 2.5 2.5 4 1 1 0 0
-855.3 2453.8 -77.1 41 0 10.6 14.3 2.5 2.5 2 1 1 4 4
-874.7 2514.2 -83.1 173 0 7.3 14.0 2.5 2.5 2 0 1 3 3
-869.4 2522.1 -83.6 173 0 6.8 7.7 2.5 2.5 2 0 1 0 0
-838.4 2556.0 -87.3 22 0 10.6 10.1 2.5 2.5 4 0 1 3 3
-842.2 2547.0 -86.4 22 0 9.0 8.3 2.5 2.5 2 0 1 1 1
-807.6 2516.9 -86.8 200 0 14.2 10.7 2.5 2.5 2 0 1 4 4
-794.6 2550.7 -90.6 177 0 9.2 8.3 2.5 2.5 4 0 1 3 3
-877.8 2322.5 -68.2 209 0 9.2 11.5 5.0 2.5 4 0 2 3 3
-873.2 2330.6 -69.1 209 0 9.2 13.8 5.0 2.5 4 0 2 4 4
-868.5 2339.0 -70.1 209 0 10.2 13.5 5.0 2.5 2 0 2 0 0
-848.6 2354.8 -72.0 300 0 17.4 11.1 5.0 2.5 2 0 2 4 4
-837.7 2325.5 -70.9 298 0 11.4 12.5 5.0 0.0 0 1 2 3 3
-640.3 2390.5 -96.1 269 0 9.5 6.6 5.0 2.5 2 0 2 5 5
-649.1 2381.2 -93.4 294 0 4.6 7.3 5.0 0.0 0 1 2 2 2
-664.8 2380.5 -91.8 275 0 4.8 8.0 5.0 0.0 0 1 2 5 5
-694.6 2391.6 -88.7 294 0 12.5 12.9 5.0 0.0 0 1 2 0 0
-774.9 2335.3 -79.7 234 0 6.7 6.7 5.0 2.5 2 0 2 3 3
-748.7 2369.9 -83.2 215 0 9.8 14.2 5.0 2.5 2 1 2 2 2
-781.0 2343.7 -79.6 234 0 10.5 10.5 5.0 2.5 2 0 2 0 0
-801.9 2331.6 -76.8 228 0 16.5 13.8 5.0 0.0 0 0 2 5 5
-699.5 2186.3 -80.2 337 0 7.9 9.6 5.0 2.5 4 1 2 1 1
-712.2 2191.5 -78.8 357 0 10.0 12.5 5.0 2.5 2 1 2 4 4
-735.1 2208.1 -78.4 149 0 22.5 13.1 5.0 2.5 2 0 2 0 0
-762.8 2186.1 -72.9 97 0 21.4 13.5 5.0 2.5 2 0 2 0 0
-754.8 2156.6 -71.2 91 0 11.6 14.3 5.0 0.0 0 1 2 3 3
-727.0 2164.8 -76.3 182 0 11.8 10.5 5.0 2.5 2 0 2 2 2
-746.7 2144.0 -71.6 187 0 10.2 11.6 5.0 2.5 2 1 2 5 5
-702.8 2165.4 -78.7 2 0 13.4 12.3 5.0 2.5 2 0 2 0 0
-703.0 2149.1 -77.6 23 0 6.3 10.4 5.0 0.0 0 1 2 4 4
-684.6 2118.7 -81.4 4 0 11.7 8.7 5.0 2.5 2 0 2 0 0
-709.8 2097.2 -78.4 353 0 10.4 9.7 5.0 2.5 2 0 2 0 0
-695.2 2099.8 -81.1 351 0 10.7 12.2 5.0 2.5 2 1 2 3 3
-762.9 2120.2 -69.0 212 0 17.3 8.3 5.0 2.5 2 0 2 0 0
-739.1 2080.1 -74.0 50 0 7.6 6.9 5.0 2.5 2 0 2 2 2
-726.2 2060.7 -78.2 47 0 9.2 8.7 5.0 2.5 2 0 2 3 3
-765.9 1987.1 -78.7 2 0 13.4 9.4 5.0 2.5 2 0 2 1 1
-810.8 2042.5 -69.4 209 0 20.1 13.1 5.0 2.5 2 0 2 1 1
-802.4 2058.6 -68.7 213 0 10.3 10.2 5.0 2.5 2 0 2 5 5
-809.0 2069.9 -66.4 30 0 16.1 10.4 5.0 2.5 2 0 2 5 5
-801.7 2082.0 -66.6 30 0 8.1 10.2 5.0 2.5 2 0 2 5 5
-797.8 2088.7 -66.7 30 0 7.4 10.0 5.0 2.5 2 0 2 3 3
-787.3 2106.1 -67.3 30 0 12.3 11.7 5.0 2.5 2 0 2 2 2
-782.0 2115.0 -67.5 30 0 8.5 11.9 5.0 2.5 2 0 2 3 3
-795.5 2068.8 -68.5 210 0 11.1 8.8 5.0 2.5 4 0 2 3 3
-789.6 2078.6 -68.5 210 0 9.3 9.0 5.0 2.5 2 0 2 3 3
-778.4 2097.0 -68.5 210 0 31.7 8.8 5.0 2.5 2 0 2 3 3
-789.7 2207.5 -69.5 155 0 7.1 7.8 5.0 2.5 2 1 2 0 0
-773.6 2270.2 -75.8 245 0 12.4 16.4 5.0 2.5 2 1 2 5 5
-798.0 2246.9 -70.7 65 0 10.0 13.8 5.0 2.5 2 1 2 5 5
-819.5 2243.6 -68.7 155 0 12.7 12.6 5.0 0.0 0 0 2 4 4
-842.3 2262.2 -67.8 155 0 24.6 16.3 5.0 2.5 2 0 2 1 1
-878.4 2244.9 -65.4 155 0 29.3 18.6 5.0 2.5 2 0 2 5 5
-866.4 2216.7 -63.6 155 0 22.7 18.1 5.0 0.0 0 0 2 2 2
-841.4 2229.3 -65.3 155 0 24.3 14.4 5.0 2.5 2 0 2 0 0
-790.0 2187.4 -67.9 65 0 12.4 17.2 5.0 2.5 2 1 2 1 1
-785.9 2148.4 -67.3 65 0 19.2 17.3 5.0 2.5 2 0 2 4 4
-803.6 2165.1 -66.2 65 0 19.0 32.3 5.0 0.0 0 1 2 3 3
-850.3 2135.6 -63.8 65 0 19.3 7.5 5.0 2.5 2 0 2 4 4
-870.3 2142.4 -63.6 155 0 14.2 25.2 5.0 2.5 2 0 2 1 1
-874.8 2153.9 -62.9 155 0 3.8 24.8 5.0 2.5 2 1 2 5 5
-825.0 2154.8 -65.0 65 0 15.9 25.5 5.0 2.5 2 1 2 1 1
-839.9 2181.4 -64.0 65 0 19.2 27.8 5.0 2.5 2 1 2 0 0
-900.9 2250.3 -63.5 155 0 13.7 8.1 5.0 0.0 0 0 2 0 0
-895.3 2224.5 -61.7 155 0 14.1 10.2 5.0 2.5 2 0 2 2 2
-887.2 2207.0 -61.3 155 0 24.4 14.9 5.0 2.5 2 0 2 3 3
-884.2 2173.0 -62.5 155 0 35.2 25.1 5.0 0.0 0 0 2 5 5
-859.1 2113.1 -64.8 207 0 14.5 29.8 5.0 2.5 2 1 2 5 5
-887.6 2140.1 -59.9 330 0 14.6 19.9 5.0 2.5 2 1 2 4 4
-914.3 2116.8 -57.5 61 0 16.2 12.9 5.0 2.5 4 0 2 3 3
-2120.1 1533.0 -40.9 112 0 3.7 5.8 10.5 0.0 0 1 3 4 4
-2127.7 1537.5 -42.0 57 0 3.3 5.1 10.5 3.5 4 1 3 3 3
-2134.3 1532.1 -41.5 290 0 4.6 7.3 10.5 0.0 0 1 3 1 1
-2115.2 1546.4 -41.9 307 0 6.9 6.7 10.5 3.5 4 0 3 1 1
-2111.7 1534.9 -40.1 126 0 6.2 7.3 10.5 3.5 2 1 3 3 3
-2104.0 1528.4 -38.4 131 0 9.0 8.4 10.5 3.5 2 0 3 2 2
-2157.3 2025.1 -108.4 196 0 11.6 10.8 7.5 2.5 2 0 3 1 1
-2091.6 2017.3 -103.4 24 0 8.6 9.5 7.5 2.5 2 1 3 2 2
-2090.4 2004.8 -102.0 24 0 8.6 14.1 5.0 0.0 0 1 2 1 1
-2106.2 2048.1 -107.2 333 0 9.2 9.7 5.0 0.0 0 1 2 5 5
-2132.6 2066.0 -109.3 232 0 3.5 5.5 7.5 0.0 0 1 3 0 0
-2129.1 2077.0 -110.3 216 0 4.2 6.7 7.5 0.0 0 1 3 0 0
-2097.2 1980.1 -98.2 53 0 4.6 7.3 2.5 0.0 0 1 1 5 5
-2096.1 1916.7 -91.3 48 0 4.3 6.8 10.5 0.0 0 1 3 3 3
-2013.8 1876.6 -81.2 105 0 4.7 7.4 10.5 0.0 0 1 3 4 4
-1961.0 1917.7 -87.4 169 0 4.8 7.6 10.5 0.0 0 1 3 0 0
-1948.2 1886.3 -80.0 164 0 4.6 7.2 7.0 0.0 0 1 2 1 1
-2005.9 1922.4 -88.7 269 0 4.8 8.0 10.5 0.0 0 1 3 1 1
-2030.1 1663.0 -48.6 164 0 4.3 6.7 10.5 0.0 0 1 3 0 0
-1899.0 1714.6 -47.1 283 0 4.1 6.4 10.5 0.0 0 1 3 0 0
-1801.7 1545.8 -19.2 135 0 4.4 6.9 10.5 0.0 0 1 3 4 4
-1784.5 1540.8 -18.7 155 0 7.3 7.3 10.5 3.5 2 0 3 0 0
-1690.7 1533.0 -15.2 152 0 6.7 11.3 10.5 3.5 2 1 3 3 3
-1757.8 1567.8 -22.5 245 0 7.5 12.8 10.5 3.5 2 1 3 4 4
-1747.0 1541.7 -19.3 147 0 10.8 11.8 10.5 3.5 2 1 3 5 5
-1778.2 1525.0 -16.7 154 0 11.5 8.8 10.5 0.0 0 0 3 5 5
-1792.5 1537.4 -18.2 153 0 9.8 6.8 10.5 3.5 2 0 3 0 0
-1897.6 1650.3 -36.5 99 0 11.2 8.7 10.5 3.5 2 0 3 1 1
-1912.4 1684.7 -44.2 116 0 8.8 16.0 10.5 3.5 2 1 3 5 5
-1934.0 1623.1 -31.6 63 0 14.1 10.9 10.5 3.5 2 0 3 0 0
-1959.9 1593.4 -29.1 69 0 17.5 8.7 10.5 3.5 4 0 3 3 3
-2024.2 1673.5 -50.6 112 0 6.4 8.5 10.5 3.5 2 1 3 3 3
-2019.1 1643.0 -44.5 130 0 8.7 9.3 10.5 3.5 2 1 3 1 1
-2005.7 1656.4 -45.1 141 0 13.0 13.6 10.5 0.0 0 1 3 4 4
-1945.9 1758.8 -60.5 275 0 17.1 8.9 10.5 3.5 2 0 3 1 1
-1982.4 1789.7 -65.9 309 0 7.7 10.9 10.5 3.5 2 1 3 0 0
-1991.8 1927.5 -89.4 272 0 15.8 11.3 14.0 3.5 2 0 4 1 1
-2102.9 1871.7 -85.6 51 0 10.2 12.3 14.0 3.5 4 1 4 4 4
-2097.7 1951.5 -95.7 359 0 10.6 9.3 10.5 3.5 2 0 3 2 2
-2088.2 1906.6 -90.1 358 0 15.6 14.3 14.0 0.0 0 0 4 1 1
-2080.4 1903.3 -87.5 282 0 11.7 26.9 14.0 3.5 2 1 4 5 5
-2040.8 1825.6 -74.6 105 0 9.2 13.8 10.5 3.5 2 1 3 4 4
-2023.1 1910.1 -86.9 250 0 7.8 13.1 10.5 3.5 2 1 3 2 2
-2032.8 1925.3 -89.9 317 0 9.7 9.5 10.5 3.5 2 0 3 4 4
-2018.8 1934.1 -91.0 328 0 9.2 11.7 10.5 3.5 2 1 3 4 4
-1965.0 1827.9 -70.9 64 0 11.9 12.4 14.0 3.5 4 1 4 5 5
-1949.8 1898.0 -83.2 161 0 10.5 9.8 3.5 0.0 0 0 1 2 2
-1910.0 1722.6 -50.2 303 0 8.4 9.8 10.5 3.5 2 1 3 1 1
-1899.9 1735.4 -53.0 306 0 9.4 15.3 10.5 3.5 2 1 3 2 2
-1879.5 1726.1 -49.6 305 0 8.6 13.9 10.5 3.5 2 1 3 1 1
-1863.2 1761.2 -56.6 224 0 12.4 24.2 10.5 3.5 2 1 3 5 5
-1840.3 1601.1 -28.5 142 0 6.5 8.9 10.5 3.5 4 1 3 4 4
-1815.7 1591.0 -27.6 147 0 10.5 14.0 10.5 0.0 0 1 3 1 1
-1785.6 1629.1 -32.1 242 0 6.1 6.6 10.5 3.5 2 1 3 3 3
-1828.0 1599.9 -28.5 154 0 6.9 12.2 10.5 3.5 2 1 3 2 2
-1801.6 1663.9 -38.1 351 0 4.7 11.3 10.5 3.5 2 1 3 2 2
-1750.4 1619.9 -32.0 50 0 9.4 7.7 10.5 3.5 2 0 3 0 0
-1776.6 1658.0 -36.9 244 0 9.3 5.5 10.5 3.5 2 0 3 4 4
-1780.0 1654.3 -36.5 334 0 11.2 24.8 10.5 3.5 2 0 3 4 4
-1753.1 1671.1 -38.7 238 0 6.7 6.0 10.5 3.5 4 0 3 5 5
-1756.4 1670.1 -38.8 328 0 9.6 10.1 10.5 3.5 2 0 3 1 1
-1745.0 1637.5 -35.3 58 0 14.9 11.5 10.5 0.0 0 0 3 5 5
-1730.4 1644.6 -35.7 58 0 14.6 13.3 10.5 3.5 2 0 3 5 5
-1703.7 1651.0 -32.9 224 0 11.3 12.8 10.5 3.5 4 1 3 3 3
-1685.6 1542.2 -19.2 59 0 10.4 22.6 10.5 3.5 2 1 3 4 4
-1705.0 1621.7 -29.2 239 0 11.2 24.3 10.5 3.5 2 1 3 3 3
-1682.8 1601.0 -25.0 239 0 14.7 18.6 10.5 3.5 2 1 3 0 0
-1695.4 1590.4 -23.8 239 0 12.1 17.1 10.5 3.5 2 1 3 2 2
-1684.6 1573.7 -20.7 239 0 12.6 18.1 10.5 3.5 2 1 3 5 5
-1664.1 1540.3 -17.4 59 0 12.5 17.9 10.5 3.5 2 1 3 5 5
-1650.1 1548.8 -17.8 59 0 15.0 15.0 10.5 3.5 2 0 3 3 3
-1671.7 1581.6 -21.4 239 0 13.0 17.2 10.5 0.0 0 1 3 4 4
-1646.7 1563.7 -19.7 144 0 12.4 28.9 10.5 3.5 2 1 3 2 2
-1647.7 1591.3 -22.2 234 0 30.3 14.8 10.5 3.5 2 0 3 5 5
-1617.7 1596.3 -20.4 234 0 22.8 12.8 10.5 3.5 2 0 3 3 3
-1626.8 1610.1 -22.4 234 0 22.7 15.4 10.5 3.5 2 0 3 3 3
-1628.6 1616.0 -23.0 322 0 7.4 37.5 10.5 3.5 2 1 3 1 1
-1641.3 1668.5 -28.3 302 0 4.5 20.5 10.5 3.5 2 1 3 2 2
-1639.2 1665.1 -26.8 212 0 11.2 20.4 10.5 3.5 2 1 3 3 3
-1644.5 1655.4 -27.0 212 0 8.8 19.7 10.5 3.5 2 1 3 1 1
-1650.2 1646.5 -27.3 212 0 9.6 20.1 10.5 3.5 2 1 3 4 4
-1596.8 1671.6 -22.1 295 0 7.9 37.7 10.5 0.0 0 1 3 3 3
-1577.5 1648.5 -20.1 239 0 9.3 22.1 10.5 3.5 2 1 3 1 1
-1586.6 1642.0 -20.5 239 0 8.8 21.7 10.5 3.5 2 1 3 1 1
-1595.2 1635.4 -20.9 239 0 8.8 21.5 10.5 3.5 2 1 3 2 2
-1604.2 1629.3 -21.3 239 0 10.6 21.0 10.5 3.5 2 1 3 5 5
-1695.0 1722.7 -34.9 187 0 14.5 8.1 10.5 3.5 2 0 3 1 1
-1691.4 1792.6 -38.1 234 0 7.7 17.2 10.5 3.5 2 1 3 3 3
-1698.7 1806.5 -40.8 107 0 6.8 9.1 3.5 3.5 2 1 1 0 0
-1642.2 1802.5 -26.4 282 0 7.8 8.4 10.5 3.5 4 1 3 4 4
-1638.1 1815.5 -26.1 274 0 10.1 11.8 14.0 3.5 2 1 4 3 3
-1652.1 1820.4 -29.7 113 0 9.3 11.7 7.0 3.5 2 1 2 3 3
-1588.6 1808.6 -19.0 332 0 8.6 6.9 10.5 3.5 4 0 3 4 4
-1640.8 1915.1 -22.8 157 0 18.5 8.4 10.5 3.5 2 0 3 4 4
-1592.4 1970.2 -10.7 177 0 9.4 12.1 10.5 3.5 2 1 3 1 1
-1656.5 2010.8 -25.1 223 0 12.7 10.9 14.0 3.5 2 0 4 3 3
-1664.6 1983.9 -27.8 130 0 10.4 18.9 14.0 0.0 0 1 4 1 1
-1641.4 1999.0 -21.1 146 0 7.7 13.4 10.5 3.5 2 1 3 2 2
-1626.4 2009.9 -19.7 167 0 7.9 15.5 10.5 3.5 2 1 3 1 1
-1609.5 2014.7 -20.9 167 0 8.9 19.5 10.5 3.5 2 1 3 2 2
