-5117.4 6015.3 -151.0 100 0 8.5 12.7 2.5 2.5 2 1 1 1 1
-5072.8 5921.8 -162.3 29 0 5.6 5.1 7.5 2.5 2 0 3 4 4
-5198.3 5968.8 -174.7 132 0 4.9 8.4 2.5 2.5 2 1 1 3 3
-5154.6 5927.9 -171.3 67 0 8.0 10.1 7.5 2.5 2 1 3 0 0
-5109.4 5965.7 -155.1 119 0 6.1 6.8 7.5 2.5 2 1 3 0 0
-5073.6 5930.9 -159.5 11 0 4.8 6.8 5.0 2.5 2 1 2 0 0
-4980.6 3645.2 26.6 189 0 8.0 6.5 2.5 2.5 2 0 1 1 1
-4909.0 3799.9 36.0 154 0 6.9 8.9 2.5 2.5 2 1 1 5 5
-4918.3 3782.4 38.9 151 0 9.2 10.0 2.5 2.5 2 1 1 1 1
-4910.9 3851.4 20.4 175 0 8.1 9.2 2.5 0.0 0 1 1 5 5
-4899.9 3837.5 26.9 189 0 7.7 7.2 2.5 2.5 2 0 1 3 3
-4687.5 3443.4 137.4 327 0 7.3 5.2 5.0 2.5 2 0 2 4 4
-4620.6 3513.2 167.2 50 0 8.7 5.8 5.0 2.5 2 0 2 0 0
-4579.7 3699.2 119.0 210 0 8.7 6.5 5.0 2.5 2 0 2 3 3
-4542.5 3776.8 90.0 85 0 7.1 4.6 2.5 2.5 2 0 1 3 3
-4641.2 3904.3 13.4 9 0 7.5 10.7 2.5 2.5 2 1 1 4 4
-4822.1 3847.2 37.0 300 0 3.7 5.9 2.5 2.5 2 1 1 3 3
-4814.1 3793.5 55.2 44 0 8.2 7.2 2.5 2.5 2 0 1 4 4
-4835.0 3869.7 26.8 262 0 6.5 16.6 2.5 2.5 2 1 1 2 2
-4855.4 3860.3 29.1 265 0 11.1 20.3 2.5 2.5 2 1 1 4 4
-4878.0 3888.5 15.3 265 0 23.4 11.5 2.5 2.5 2 0 1 0 0
-4907.8 3903.2 5.0 260 0 27.3 13.1 2.5 2.5 2 0 1 5 5
-4940.4 3829.2 19.0 140 0 12.2 29.5 2.5 2.5 2 1 1 5 5
-5237.2 3653.3 -113.3 350 0 19.7 12.2 10.0 2.5 2 0 4 0 0
