-1478.5 5389.3 -61.8 136 0 12.0 34.5 2.5 2.5 2 1 1 0 0
-1410.7 5349.6 -43.0 111 0 8.6 7.2 2.5 2.5 2 0 1 1 1
-1377.2 5388.1 -58.4 21 0 8.7 45.7 2.5 0.0 0 1 1 4 4
-1364.7 5329.4 -39.9 28 0 11.2 27.4 2.5 2.5 2 1 1 4 4
-1319.2 5317.6 -40.2 66 0 6.2 4.3 2.5 2.5 2 0 1 2 2
-1315.7 5308.0 -38.4 66 0 16.6 7.4 2.5 2.5 2 0 1 0 0
-1296.7 5287.1 -31.6 160 0 7.3 26.7 5.0 2.5 2 1 2 3 3
-1256.0 5269.2 -23.2 119 0 3.5 7.7 5.0 2.5 2 1 2 0 0
-1236.6 5233.5 -14.5 125 0 5.4 10.7 5.0 2.5 2 1 2 4 4
-1218.1 5212.0 -7.7 177 0 7.1 8.9 5.0 2.5 2 1 2 3 3
-1200.8 5179.5 -2.4 148 0 5.9 36.8 5.0 2.5 2 1 2 0 0
-1104.7 5176.4 9.3 315 0 6.6 8.5 5.0 0.0 0 1 2 5 5
-1132.3 5125.8 12.9 146 0 9.4 13.2 5.0 2.5 2 1 2 1 1
-1106.4 5441.3 -24.2 215 0 8.0 5.1 5.0 0.0 0 0 2 3 3
-1082.2 5389.7 -12.6 127 0 3.3 5.2 7.5 2.5 2 1 3 5 5
-1154.8 5609.9 -57.5 211 0 9.1 10.3 2.5 2.5 2 1 1 1 1
-1037.4 5555.6 -10.9 227 0 4.8 3.9 5.0 2.5 2 0 2 0 0
-1020.4 5663.6 -22.2 206 0 6.3 5.1 5.0 0.0 0 0 2 3 3
-1033.7 5631.9 -26.8 15 0 6.9 5.8 5.0 2.5 2 0 2 2 2
-1256.7 5258.3 -19.5 155 0 3.3 5.2 5.0 2.5 2 1 2 2 2
-1240.4 5275.8 -22.5 308 0 3.7 5.7 5.0 0.0 0 1 2 4 4
-1234.2 5265.8 -19.3 292 0 3.7 5.8 5.0 0.0 0 1 2 5 5
-1233.3 5201.2 10.8 307 0 3.8 5.9 5.0 0.0 0 1 2 3 3
-1223.7 5192.5 9.9 307 0 3.9 6.1 5.0 0.0 0 1 2 5 5
-1198.2 5195.9 26.4 126 0 3.3 5.2 5.0 2.5 2 1 2 0 0
-1182.9 5259.8 -15.8 320 0 3.1 4.8 5.0 2.5 2 1 2 2 2
-1192.2 5266.1 -17.1 253 0 3.0 4.8 5.0 2.5 2 1 2 5 5
-1197.6 5263.1 -16.6 243 0 3.7 5.9 5.0 0.0 0 1 2 4 4
-1191.8 5257.3 -15.1 251 0 3.2 5.0 5.0 2.5 2 1 2 3 3
-1197.4 5253.3 -14.6 237 0 3.2 5.1 5.0 2.5 2 1 2 2 2
-1194.8 5243.5 -12.4 246 0 3.3 5.2 5.0 2.5 2 1 2 5 5
-1178.8 5252.4 -13.9 323 0 3.1 4.8 5.0 2.5 2 1 2 5 5
-1175.7 5243.6 -11.8 324 0 3.2 5.0 5.0 2.5 2 1 2 3 3
-1183.1 5240.5 -11.4 306 0 4.3 6.7 5.0 0.0 0 1 2 4 4
-1164.2 5223.6 -7.1 329 0 3.8 6.0 5.0 0.0 0 1 2 0 0
-1161.8 5241.0 -11.2 322 0 3.2 4.9 5.0 2.5 2 1 2 4 4
-921.0 5289.9 59.5 253 0 3.9 6.2 5.0 0.0 0 1 2 0 0
-897.8 5334.4 66.7 216 0 3.9 6.2 2.5 2.5 5 1 1 1 1
-968.4 5307.2 36.1 354 0 3.8 6.0 2.5 0.0 0 1 1 5 5
-1067.1 5514.1 -17.1 120 0 3.0 4.7 5.0 2.5 2 1 2 5 5
-1051.0 5515.8 -12.2 69 0 3.1 4.8 5.0 2.5 2 1 2 2 2
-1055.7 5534.3 -14.6 230 0 3.3 5.2 5.0 2.5 4 1 2 1 1
-1047.6 5542.3 -12.4 225 0 3.1 4.9 5.0 2.5 2 1 2 5 5
-1044.4 5547.6 -11.8 216 0 3.1 4.8 5.0 2.5 2 1 2 0 0
-1028.7 5552.4 -8.4 315 0 3.8 5.9 5.0 0.0 0 1 2 3 3
-1033.9 5532.8 -7.9 68 0 3.3 5.2 5.0 2.5 2 1 2 0 0
-1028.6 5539.9 -6.7 53 0 3.1 4.9 5.0 2.5 2 1 2 5 5
-1020.8 5547.2 -4.8 352 0 3.1 4.8 5.0 2.5 2 1 2 5 5
-1022.9 5623.1 -19.7 158 0 3.5 5.4 5.0 0.0 0 1 2 0 0
-1026.7 5625.1 -22.0 122 0 3.1 4.8 5.0 2.5 2 1 2 3 3
-1025.9 5632.3 -23.6 108 0 4.7 7.5 5.0 0.0 0 1 2 1 1
-1038.3 5642.4 -27.5 175 0 3.2 4.9 5.0 2.5 2 1 2 5 5
-1038.3 5647.7 -27.6 169 0 3.3 5.2 5.0 2.5 2 1 2 2 2
-1036.0 5656.0 -26.8 189 0 3.3 5.1 5.0 0.0 0 1 2 0 0
-1035.0 5664.8 -26.5 196 0 3.7 5.8 5.0 0.0 0 1 2 0 0
-1017.4 5677.4 -22.6 325 0 4.0 6.2 5.0 0.0 0 1 2 2 2
-1006.6 5652.9 -19.8 69 0 4.1 6.6 5.0 0.0 0 1 2 0 0
-1019.5 5649.5 -22.3 110 0 4.7 7.8 5.0 0.0 0 1 2 2 2
-1014.1 5633.3 -19.2 134 0 4.0 6.3 5.0 0.0 0 1 2 2 2
-981.7 5599.0 0.5 162 0 3.4 5.2 5.0 2.5 2 1 2 2 2
-972.7 5646.4 -13.3 342 0 3.6 5.6 5.0 0.0 0 1 2 3 3
-988.0 5641.0 -15.4 100 0 3.3 5.1 5.0 0.0 0 1 2 1 1
-983.9 5652.1 -17.3 341 0 4.1 6.4 5.0 0.0 0 1 2 1 1
-978.8 5681.7 -20.7 306 0 3.4 5.4 5.0 0.0 0 1 2 4 4
-977.8 5699.2 -20.9 124 0 3.8 5.9 2.5 0.0 0 1 1 3 3
-1045.6 5765.8 -40.2 320 0 4.1 6.4 5.0 0.0 0 1 2 4 4
-1019.6 5707.9 -23.5 347 0 3.9 6.1 5.0 0.0 0 1 2 5 5
-1028.0 5742.4 -29.0 322 0 4.0 6.4 5.0 0.0 0 1 2 1 1
-992.0 5760.6 -30.8 353 0 3.2 4.9 2.5 2.5 4 1 1 1 1
-1006.2 5753.2 -27.2 132 0 3.5 5.6 2.5 0.0 0 1 1 1 1
-995.0 5787.7 -34.7 335 0 3.3 5.1 2.5 2.5 2 1 1 0 0
-997.5 5781.6 -32.9 323 0 3.4 5.3 2.5 0.0 0 1 1 4 4
-1005.3 5784.7 -31.2 324 0 3.2 5.0 2.5 2.5 2 1 1 3 3
-1005.4 5790.7 -32.3 332 0 3.4 5.4 2.5 0.0 0 1 1 4 4
-1024.1 5805.3 -36.8 174 0 3.0 4.7 2.5 2.5 2 1 1 5 5
-1034.7 5813.5 -42.9 156 0 3.7 5.7 2.5 0.0 0 1 1 1 1
-1030.4 5822.2 -42.2 201 0 3.5 5.6 2.5 0.0 0 1 1 3 3
-1027.4 5826.3 -41.9 179 0 3.5 5.6 2.5 0.0 0 1 1 4 4
-1052.9 5824.0 -54.0 24 0 3.4 5.4 2.5 0.0 0 1 1 1 1
-1062.8 5818.7 -54.8 171 0 3.1 4.8 2.5 2.5 2 1 1 1 1
-1050.3 5809.7 -50.2 2 0 3.2 5.0 2.5 2.5 2 1 1 3 3
-1041.0 5812.5 -47.0 60 0 3.6 5.7 2.5 0.0 0 1 1 5 5
-1041.0 5822.0 -49.5 8 0 4.4 7.0 2.5 0.0 0 1 1 2 2
-1063.6 5839.1 -56.5 175 0 3.1 4.8 2.5 2.5 2 1 1 3 3
-1045.5 5843.8 -54.3 23 0 3.2 5.0 2.5 2.5 2 1 1 2 2
-1058.7 5846.1 -56.1 166 0 3.1 4.7 2.5 0.0 0 1 1 5 5
-1044.0 5879.4 -55.8 231 0 4.1 9.1 2.5 2.5 2 1 1 0 0
-1033.0 5853.0 -51.7 91 0 5.0 10.6 2.5 0.0 0 1 1 3 3
-1032.6 5847.0 -49.8 90 0 6.8 4.9 2.5 2.5 2 0 1 2 2
-1029.5 5900.3 -54.6 208 0 8.0 6.1 2.5 2.5 2 0 1 5 5
-4170.2 6033.0 -21.0 84 0 6.1 5.2 5.0 2.5 2 0 2 4 4
-4807.0 4567.8 108.2 72 0 3.6 3.9 7.5 2.5 4 1 3 1 1
-4674.4 5529.9 -19.2 62 0 4.1 6.2 7.5 2.5 2 1 3 0 0
-4900.5 5558.7 56.0 323 0 3.3 5.4 5.0 2.5 2 1 2 3 3
-4716.3 5856.9 -49.3 334 0 3.8 3.6 2.5 2.5 2 0 1 2 2
-4819.3 6544.0 -111.9 123 0 3.9 4.1 5.0 2.5 2 1 2 4 4
-4761.1 6372.7 -144.2 209 0 4.9 3.3 2.5 2.5 2 0 1 2 2
-4691.3 6320.7 -172.0 104 0 4.8 6.9 7.5 2.5 2 1 3 5 5
-4704.7 6383.2 -166.1 41 0 4.1 5.4 5.0 2.5 2 1 2 3 3
-4675.5 6434.5 -171.5 268 0 4.2 6.0 7.5 2.5 2 1 3 5 5
-4494.8 6884.5 -151.3 116 0 4.9 6.4 7.5 2.5 2 1 3 2 2
-4508.0 6774.7 -154.9 87 0 3.1 5.5 7.5 2.5 2 1 3 3 3
-4774.3 6768.9 -79.2 234 0 4.8 7.7 7.5 2.5 2 1 3 2 2
-4659.7 6705.1 -114.2 169 0 3.7 5.8 5.0 0.0 0 1 2 1 1
-4742.3 6753.7 -89.9 24 0 3.2 5.0 7.5 2.5 2 1 3 3 3
-4740.2 6762.1 -86.5 2 0 3.6 5.6 7.5 0.0 0 1 3 3 3
-4741.1 6777.6 -80.0 24 0 3.1 4.9 7.5 0.0 0 1 3 0 0
-4744.5 6774.3 -79.0 8 0 3.3 5.1 7.5 2.5 2 1 3 1 1
-4746.7 6767.0 -82.7 354 0 3.4 5.3 5.0 0.0 0 1 2 3 3
-4753.9 6769.2 -80.0 359 0 3.6 5.7 7.5 0.0 0 1 3 4 4
-4572.6 6766.7 -139.6 222 0 3.7 5.8 5.0 0.0 0 1 2 2 2
-4570.2 6743.4 -138.3 344 0 3.5 5.4 5.0 0.0 0 1 2 4 4
-4570.1 6717.5 -137.3 359 0 3.7 5.8 5.0 0.0 0 1 2 2 2
-4584.2 6701.9 -135.1 181 0 3.4 5.4 5.0 0.0 0 1 2 5 5
-4583.2 6690.9 -134.2 67 0 3.4 5.4 5.0 0.0 0 1 2 2 2
-4587.4 6685.9 -133.5 93 0 3.3 5.2 5.0 2.5 2 1 2 0 0
-4580.3 6683.4 -134.7 96 0 3.9 6.1 5.0 0.0 0 1 2 5 5
-4592.0 6681.6 -132.7 128 0 3.3 5.1 5.0 2.5 4 1 2 3 3
-4597.0 6688.1 -132.1 158 0 3.1 4.8 5.0 2.5 2 1 2 2 2
-4593.5 6693.2 -133.0 164 0 3.1 4.8 5.0 2.5 2 1 2 0 0
-4591.3 6703.8 -133.8 166 0 3.2 5.0 5.0 2.5 2 1 2 4 4
-4586.7 6712.9 -134.9 117 0 3.5 5.5 5.0 0.0 0 1 2 5 5
-4592.4 6719.5 -134.3 174 0 3.1 4.8 5.0 2.5 2 1 2 5 5
-4597.7 6700.3 -132.7 140 0 3.9 6.1 5.0 0.0 0 1 2 0 0
-4603.7 6701.7 -131.4 94 0 4.0 6.4 5.0 0.0 0 1 2 4 4
-4606.7 6712.5 -131.7 168 0 3.9 6.2 5.0 0.0 0 1 2 5 5
-4562.3 6717.5 -138.8 3 0 3.6 4.9 5.0 2.5 2 1 2 3 3
-4572.7 6685.8 -136.3 110 0 4.5 6.3 5.0 2.5 2 1 2 2 2
-4611.3 6741.2 -132.3 159 0 8.2 6.4 5.0 2.5 2 0 2 1 1
-4597.3 6749.2 -134.5 279 0 9.1 13.2 5.0 0.0 0 1 2 4 4
-4579.6 6753.2 -137.6 235 0 4.6 7.5 5.0 2.5 4 1 2 2 2
-4556.0 6754.8 -142.9 59 0 6.4 14.7 5.0 2.5 2 1 2 1 1
-4452.8 4465.3 157.4 245 0 3.4 5.4 5.0 0.0 0 1 2 5 5
-4457.3 4457.0 158.2 165 0 3.5 5.4 5.0 0.0 0 1 2 1 1
-4463.1 4446.2 160.3 171 0 3.2 5.0 5.0 2.5 4 1 2 4 4
-4461.5 4441.2 161.6 169 0 3.0 4.7 5.0 2.5 2 1 2 2 2
-4456.1 4444.2 161.5 179 0 3.1 4.8 7.5 2.5 2 1 3 5 5
-4443.0 4449.6 161.2 336 0 3.3 5.2 7.5 2.5 2 1 3 5 5
-4434.0 4444.2 163.0 346 0 3.7 5.8 7.5 0.0 0 1 3 5 5
-4430.9 4437.2 164.1 338 0 4.6 7.1 7.5 0.0 0 1 3 5 5
-4439.0 4436.8 163.6 341 0 3.5 5.4 5.0 0.0 0 1 2 1 1
-4446.3 4379.7 156.5 108 0 3.6 5.6 5.0 0.0 0 1 2 5 5
-4430.2 4377.6 156.9 17 0 3.5 5.4 5.0 0.0 0 1 2 0 0
-4537.6 4630.1 113.0 186 0 5.8 5.4 5.0 2.5 2 0 2 5 5
-4535.9 4645.3 109.1 124 0 6.7 8.4 5.0 2.5 2 1 2 5 5
