4018.7 -5906.2 -42.4 104 0 39.4 22.7 7.5 0.0 0 0 3 1 1
4011.1 -5873.5 -41.7 280 0 7.4 3.9 7.5 2.5 2 0 3 2 2
3985.7 -5855.0 -47.0 208 0 5.8 9.9 2.5 2.5 2 1 1 2 2
3991.6 -5874.2 -43.1 197 0 5.2 8.8 7.5 2.5 2 1 3 1 1
3988.7 -5881.6 -42.0 196 0 6.1 10.0 7.5 2.5 2 1 3 3 3
3989.4 -5892.8 -40.7 104 0 8.7 4.7 5.0 2.5 2 0 2 4 4
3975.0 -5912.0 -38.0 343 0 8.1 10.1 5.0 2.5 2 1 2 5 5
3941.7 -5969.2 -49.5 286 0 7.6 10.5 5.0 2.5 2 1 2 2 2
3941.3 -5982.0 -48.6 288 0 4.0 5.3 5.0 2.5 2 1 2 4 4
3951.0 -5980.5 -47.3 286 0 9.9 33.3 5.0 2.5 2 1 2 5 5
4032.2 -6064.1 -30.1 142 0 9.5 16.1 5.0 2.5 2 1 2 4 4
4091.9 -6132.1 -21.7 357 0 9.2 5.5 5.0 2.5 2 0 2 0 0
4067.1 -6143.8 -18.0 138 0 9.9 6.6 5.0 2.5 2 0 2 5 5
4103.8 -6168.7 -14.4 112 0 15.4 7.5 5.0 0.0 0 0 2 4 4
4082.8 -6176.7 -13.7 293 0 7.8 5.8 5.0 2.5 2 0 2 2 2
4093.9 -6190.9 -13.3 2 0 5.9 10.4 5.0 0.0 0 1 2 5 5
4102.7 -6211.3 -7.6 181 0 6.5 14.6 5.0 2.5 4 1 2 0 0
4196.0 -6269.3 7.0 122 0 9.4 9.1 5.0 2.5 2 0 2 1 1
4209.2 -6273.5 7.0 114 0 6.6 8.3 5.0 2.5 2 1 2 2 2
4209.3 -6280.8 11.1 29 0 7.9 8.1 2.5 2.5 2 1 1 0 0
4225.2 -6256.5 3.6 25 0 9.5 6.6 5.0 2.5 2 0 2 0 0
4230.7 -6266.6 6.3 118 0 7.8 11.8 2.5 2.5 2 1 1 5 5
4296.9 -6393.5 40.8 320 0 5.3 4.6 7.5 2.5 2 0 3 4 4
4244.9 -6371.9 32.8 194 0 3.1 3.3 7.5 2.5 2 1 3 1 1
4238.8 -6366.9 30.5 200 0 3.1 3.5 5.0 2.5 2 1 2 2 2
4238.7 -6374.7 31.4 161 0 3.6 4.2 2.5 2.5 2 1 1 2 2
4262.2 -6389.4 38.0 111 0 3.6 3.7 7.5 2.5 2 1 3 4 4
4250.9 -6385.5 34.8 130 0 5.9 12.6 7.5 2.5 2 1 3 1 1
4344.3 -6265.5 27.0 177 0 5.4 5.2 2.5 0.0 0 0 1 5 5
4349.7 -6311.0 33.5 87 0 6.1 5.5 2.5 2.5 2 0 1 2 2
4360.7 -6321.5 35.7 180 0 3.6 6.7 2.5 2.5 2 1 1 1 1
4351.9 -6293.5 31.4 326 0 4.7 4.3 2.5 2.5 2 0 1 5 5
4326.8 -6302.3 31.0 84 0 3.1 3.9 2.5 2.5 2 1 1 5 5
4331.4 -6305.6 32.5 153 0 4.1 8.9 2.5 2.5 2 1 1 2 2
4261.2 -6259.0 11.8 175 0 5.2 18.1 2.5 2.5 2 1 1 4 4
4290.1 -6277.8 17.1 87 0 19.4 10.4 2.5 2.5 2 0 1 3 3
4325.8 -6271.6 24.3 342 0 5.9 14.3 2.5 2.5 2 1 1 2 2
4332.0 -6269.1 27.1 332 0 3.2 4.7 2.5 2.5 2 1 1 0 0
4331.9 -6264.7 25.9 6 0 3.6 5.2 2.5 2.5 4 1 1 0 0
4324.3 -6247.2 22.6 290 0 3.9 3.6 2.5 2.5 2 0 1 5 5
4320.1 -6240.0 20.7 287 0 4.0 5.0 2.5 2.5 2 1 1 3 3
4317.1 -6247.3 21.2 302 0 3.4 4.2 2.5 2.5 4 1 1 2 2
4309.3 -6235.2 17.7 289 0 4.4 3.8 2.5 2.5 2 0 1 0 0
4308.0 -6243.4 18.9 230 0 8.6 5.7 2.5 2.5 2 0 1 0 0
4295.1 -6166.9 4.8 209 0 3.1 4.6 5.0 2.5 2 1 2 2 2
4286.2 -6158.9 0.8 123 0 3.6 5.7 5.0 2.5 2 1 2 1 1
4318.7 -6146.9 1.0 28 0 5.1 8.9 7.5 2.5 2 1 3 5 5
4307.1 -6151.4 1.6 358 0 5.8 5.0 5.0 2.5 2 0 2 2 2
4308.4 -6158.9 3.5 357 0 4.5 6.4 5.0 0.0 0 1 2 1 1
4311.7 -6169.4 6.8 2 0 4.0 3.7 2.5 0.0 0 0 1 5 5
4306.9 -6177.2 7.5 38 0 5.3 4.6 7.5 2.5 2 0 3 3 3
4321.9 -5914.2 6.3 182 0 4.5 5.2 5.0 0.0 0 1 2 4 4
4323.5 -5908.8 5.9 118 0 4.6 5.9 7.5 2.5 2 1 3 5 5
4330.8 -5896.9 5.9 319 0 4.2 4.7 5.0 2.5 2 1 2 3 3
4322.7 -5888.7 4.2 261 0 7.3 6.3 5.0 2.5 2 0 2 4 4
