-5525.3 -4445.2 -2.4 340 0 29.5 7.9 2.5 2.5 2 0 1 0 0
-5359.9 -4571.1 1.6 160 0 3.5 3.3 2.5 1.5 6 0 1 2 2
-5411.8 -4736.5 -14.0 160 0 3.5 3.3 2.5 1.5 6 0 1 0 0
-5418.8 -4712.5 -17.4 160 0 3.5 3.6 2.5 1.5 6 1 1 4 4
-5465.0 -4624.1 -26.0 160 0 3.5 3.6 2.5 1.5 6 1 1 1 1
-5468.1 -4701.8 -32.9 160 0 3.5 3.6 2.5 1.5 6 1 1 2 2
-5492.6 -4550.0 -17.0 160 0 3.5 3.6 2.5 1.5 6 1 1 5 5
-5505.4 -4555.7 -20.4 160 0 3.5 3.6 2.5 1.5 6 1 1 3 3
-5340.0 -4252.7 -19.6 160 0 3.5 3.6 2.5 1.5 6 1 1 1 1
-5607.5 -3507.2 -83.2 160 0 3.5 3.6 2.5 1.5 6 1 1 4 4
-6046.2 -3280.3 143.2 160 0 3.5 3.6 2.5 1.5 6 1 1 1 1
-6035.9 -3165.1 110.3 160 0 3.5 3.6 2.5 1.5 6 1 1 5 5
-5934.8 -3587.3 77.3 160 0 3.5 3.6 2.5 1.5 6 1 1 4 4
-5807.4 -3862.0 5.5 160 0 3.5 3.6 2.5 1.5 6 1 1 4 4
-5250.9 -5240.9 -44.3 160 0 3.5 3.6 2.5 1.5 6 1 1 3 3
-5472.9 -5389.9 -128.7 160 0 3.5 3.6 2.5 1.5 6 1 1 1 1
-5545.9 -3556.0 -103.9 160 0 3.5 3.6 2.5 1.5 6 1 1 3 3
-5427.5 -3524.2 -141.0 160 0 3.5 3.6 2.5 1.5 6 1 1 3 3
-5392.2 -3613.1 -150.3 160 0 3.5 3.6 2.5 1.5 6 1 1 1 1
-5752.5 -3258.8 -48.3 160 0 3.5 3.6 2.5 1.5 6 1 1 0 0
-5599.0 -3201.8 -107.0 160 0 3.5 3.6 2.5 1.5 6 1 1 0 0
-5319.7 -3195.8 -5.7 160 0 3.5 3.6 2.5 1.5 6 1 1 5 5
-5930.0 -2756.9 45.1 160 0 3.5 3.6 2.5 1.5 6 1 1 3 3
