5828.5 6788.6 2.4 17 0 7.0 8.0 5.0 2.5 2 1 2 0 0
5880.8 6856.4 2.8 38 0 6.7 8.2 5.0 2.5 2 1 2 3 3
5973.2 6864.4 2.4 302 0 11.4 19.9 5.0 2.5 2 1 2 5 5
5883.3 6802.6 3.1 210 0 9.1 4.9 5.0 2.5 2 0 2 2 2
5912.0 6794.0 3.1 298 0 11.7 13.6 5.0 2.5 2 1 2 4 4
5894.1 6767.8 3.2 118 0 12.0 13.4 5.0 2.5 2 1 2 2 2
5917.2 6757.8 3.2 118 0 33.1 12.3 5.0 2.5 2 0 2 0 0
5979.7 6706.1 3.1 116 0 19.3 10.9 5.0 2.5 2 0 2 0 0
6023.7 6737.1 2.7 28 0 17.5 10.8 5.0 2.5 2 0 2 1 1
6018.3 6781.9 2.6 297 0 23.9 12.6 5.0 2.5 2 0 2 5 5
5989.5 6783.2 2.7 115 0 14.0 9.0 5.0 2.5 2 0 2 4 4
5971.6 6792.7 2.7 114 0 8.0 10.1 5.0 0.0 0 1 2 4 4
5860.2 6927.3 -0.2 304 0 11.5 16.3 5.0 2.5 2 1 2 0 0
5732.9 6739.5 1.5 298 0 19.8 12.2 5.0 0.0 0 0 2 5 5
5646.5 6506.8 6.7 128 0 5.0 4.1 5.0 2.5 4 0 2 2 2
5629.2 6513.3 6.8 306 0 9.4 7.4 5.0 2.5 2 0 2 4 4
5585.0 6544.2 5.9 128 0 4.8 4.6 5.0 2.5 2 0 2 0 0
5573.3 6550.8 5.3 24 0 12.9 10.6 5.0 2.5 2 0 2 1 1
5540.2 6559.9 4.9 120 0 5.7 5.7 5.0 2.5 2 1 2 3 3
5669.1 6903.2 -0.1 118 0 14.5 11.4 2.5 2.5 2 0 1 4 4
5690.4 6892.8 -1.2 118 0 14.5 10.3 2.5 2.5 2 0 1 5 5
5711.8 6881.0 -1.6 118 0 14.8 10.1 2.5 2.5 2 0 1 3 3
5731.5 6871.4 -0.9 118 0 10.5 10.9 2.5 2.5 2 1 1 2 2
5748.7 6861.7 0.1 122 0 11.1 11.6 2.5 2.5 2 1 1 1 1
5767.4 6853.2 1.1 123 0 11.2 11.7 2.5 2.5 2 1 1 4 4
5688.4 6761.0 1.9 301 0 15.2 10.4 5.0 2.5 2 0 2 3 3
5657.9 6825.7 2.5 290 0 4.5 5.2 5.0 2.5 2 1 2 5 5
5646.4 6813.6 2.5 207 0 5.9 16.1 5.0 2.5 2 1 2 3 3
5653.0 6751.6 3.1 114 0 8.2 9.3 5.0 2.5 2 1 2 0 0
5296.8 6923.8 4.5 295 0 13.2 15.9 5.0 2.5 2 1 2 3 3
5296.6 6757.9 5.7 86 0 4.3 9.8 7.5 2.5 2 1 3 2 2
5271.1 6781.2 5.8 199 0 14.2 9.5 7.5 2.5 2 0 3 3 3
4438.2 5220.6 -16.9 163 0 6.0 4.1 2.5 2.5 2 0 1 2 2
4394.5 5453.6 -16.7 73 0 12.2 41.5 5.0 2.5 4 0 2 2 2
4407.5 5454.6 -16.7 73 0 13.3 22.2 5.0 2.5 2 0 2 5 5
4401.2 5489.1 -16.7 344 0 5.7 5.5 5.0 2.5 2 0 2 0 0
4333.1 5439.0 -17.1 345 0 10.9 12.1 5.0 2.5 2 1 2 1 1
4259.4 5472.4 -16.5 262 0 13.0 9.9 5.0 2.5 4 0 2 2 2
4223.5 5468.7 -15.8 259 0 13.1 15.3 5.0 2.5 2 0 2 3 3
4234.1 5470.7 -16.0 259 0 8.3 15.3 5.0 2.5 2 0 2 5 5
4248.8 5442.8 -16.1 344 0 6.4 31.1 5.0 2.5 4 1 2 3 3
4188.9 5458.3 -15.3 257 0 7.3 8.2 5.0 2.5 2 1 2 2 2
4199.3 5459.7 -15.4 262 0 10.2 9.8 5.0 2.5 2 0 2 5 5
4156.3 5454.7 -15.1 257 0 13.4 10.9 5.0 2.5 2 0 2 3 3
4298.0 5889.4 -0.1 266 0 5.1 5.6 7.5 2.5 2 1 3 4 4
4251.5 5862.4 3.1 43 0 6.3 10.4 7.5 2.5 4 1 3 0 0
4218.0 5862.0 5.1 116 0 6.3 8.0 7.5 2.5 2 1 3 3 3
4222.9 5900.0 5.0 291 0 7.3 8.6 5.0 2.5 2 1 2 0 0
4199.5 5899.1 6.6 293 0 8.2 8.6 5.0 2.5 2 1 2 2 2
4191.8 5875.9 7.1 119 0 3.5 4.8 5.0 2.5 2 1 2 2 2
4171.9 5930.2 8.3 227 0 6.6 7.3 5.0 2.5 2 1 2 2 2
4161.1 5879.5 7.0 154 0 4.0 4.9 5.0 0.0 0 1 2 0 0
4180.0 5887.9 8.0 89 0 4.6 5.8 2.5 2.5 2 1 1 3 3
5364.4 6230.1 5.6 296 0 6.6 7.7 5.0 0.0 0 1 2 4 4
5348.4 6243.5 6.3 300 0 7.5 6.3 5.0 2.5 2 0 2 0 0
5326.0 6105.5 4.0 29 0 10.1 10.4 5.0 2.5 2 1 2 5 5
5290.7 6116.1 4.3 118 0 10.9 16.7 5.0 2.5 2 1 2 4 4
5268.3 6137.0 4.4 207 0 13.2 11.6 5.0 2.5 4 0 2 3 3
5233.9 6124.3 3.9 207 0 9.8 16.9 5.0 2.5 2 1 2 3 3
5261.2 6069.6 3.5 331 0 11.2 17.4 5.0 0.0 0 1 2 0 0
5252.6 6164.2 4.8 207 0 8.3 6.9 5.0 2.5 2 0 2 1 1
5255.3 6180.5 5.0 207 0 14.3 10.7 5.0 2.5 2 0 2 4 4
5260.9 6190.7 5.1 206 0 7.3 6.0 5.0 2.5 4 0 2 2 2
5264.8 6217.7 5.4 297 0 7.6 7.9 5.0 2.5 2 1 2 4 4
5261.7 6235.6 4.4 26 0 14.2 9.7 5.0 2.5 2 0 2 3 3
5277.4 6262.6 3.9 28 0 16.4 13.0 5.0 2.5 2 0 2 5 5
5291.0 6286.9 3.8 29 0 17.1 12.3 5.0 2.5 2 0 2 3 3
5400.3 6412.9 4.7 215 0 8.8 8.5 5.0 2.5 2 0 2 0 0
5265.8 6351.7 2.6 180 0 12.3 7.8 5.0 2.5 2 0 2 1 1
5358.2 6488.6 7.6 118 0 6.8 8.9 2.5 2.5 2 1 1 2 2
5342.1 6513.5 7.7 150 0 8.5 5.6 2.5 2.5 2 0 1 4 4
5331.3 6513.2 7.1 139 0 9.1 7.6 2.5 0.0 0 0 1 1 1
5333.1 6526.6 7.1 231 0 5.3 3.8 2.5 2.5 2 0 1 2 2
5237.7 6584.4 1.6 295 0 4.1 9.9 2.5 2.5 2 1 1 3 3
5239.4 6596.5 2.1 307 0 5.3 6.6 2.5 2.5 2 1 1 5 5
5198.3 6600.3 1.3 121 0 7.5 8.6 2.5 2.5 2 1 1 3 3
5205.3 6145.7 4.1 30 0 10.9 14.5 7.0 2.5 2 1 2 0 0
5227.3 6171.4 4.6 29 0 11.5 22.1 5.0 2.5 2 1 2 0 0
5226.4 6197.0 4.4 298 0 18.8 13.3 7.0 2.5 2 0 2 5 5
5232.3 6203.6 4.4 31 0 11.3 9.5 7.0 2.5 2 0 2 4 4
5213.0 6213.7 3.9 27 0 9.5 30.5 5.0 2.5 4 1 2 1 1
5197.8 6197.7 3.8 314 0 18.5 21.5 5.0 2.5 2 1 2 5 5
5143.9 6152.8 3.9 118 0 11.8 13.4 5.0 2.5 2 1 2 1 1
5116.5 6174.9 3.8 208 0 9.9 23.9 5.0 2.5 2 1 2 2 2
5120.4 6196.1 3.7 206 0 14.1 12.6 5.0 2.5 2 0 2 4 4
5154.1 6199.6 3.8 298 0 11.6 19.3 5.0 0.0 0 1 2 0 0
5110.5 6127.0 3.9 118 0 31.0 14.7 5.0 2.5 2 0 2 4 4
5137.3 6110.0 3.9 116 0 8.4 18.7 5.0 2.5 2 1 2 3 3
5147.3 6102.5 3.7 116 0 11.6 22.5 5.0 2.5 2 1 2 0 0
5157.3 6093.1 3.6 115 0 9.3 26.1 5.0 0.0 0 1 2 1 1
5148.6 6128.6 3.7 115 0 11.2 12.3 5.0 2.5 2 1 2 0 0
5194.9 6104.5 3.6 28 0 17.5 15.3 5.0 2.5 2 0 2 3 3
5247.5 6461.7 6.1 27 0 12.1 13.8 5.0 2.5 2 1 2 0 0
5215.5 6471.2 5.5 117 0 13.8 12.1 5.0 2.5 2 0 2 5 5
5191.8 6492.0 4.4 207 0 12.1 13.8 5.0 2.5 2 1 2 1 1
5217.4 6534.8 2.8 207 0 12.1 13.8 5.0 2.5 2 1 2 3 3
5245.5 6526.0 3.6 297 0 13.8 12.1 5.0 2.5 2 0 2 5 5
5264.7 6515.3 4.6 297 0 13.8 12.1 5.0 2.5 4 0 2 2 2
5191.5 6557.2 2.1 300 0 14.5 10.0 5.0 2.5 4 0 2 4 4
5171.3 6568.7 1.8 300 0 14.5 10.0 5.0 2.5 4 0 2 5 5
5149.8 6580.4 1.4 300 0 14.5 10.0 5.0 2.5 2 0 2 2 2
5121.0 6591.8 1.0 210 0 10.0 14.5 5.0 2.5 2 1 2 3 3
5094.0 6545.2 1.8 210 0 10.0 14.5 5.0 2.5 2 1 2 3 3
5118.8 6525.8 2.6 120 0 14.5 10.0 5.0 2.5 2 0 2 3 3
5138.7 6515.3 3.3 120 0 14.5 10.0 5.0 2.5 2 0 2 1 1
5159.1 6503.2 3.7 120 0 14.5 10.0 5.0 2.5 2 0 2 3 3
5168.6 6331.6 3.6 34 0 8.2 14.9 5.0 2.5 2 1 2 4 4
5154.5 6308.4 3.2 34 0 8.2 14.9 5.0 2.5 2 1 2 1 1
5182.6 6352.8 3.5 34 0 8.2 14.9 5.0 2.5 2 1 2 3 3
5136.7 6279.0 3.3 32 0 13.4 12.6 5.0 2.5 2 0 2 1 1
5125.8 6262.5 4.1 31 0 5.0 5.6 5.0 2.5 4 1 2 4 4
5097.0 6218.2 5.2 30 0 8.5 10.1 5.0 2.5 4 1 2 4 4
5072.7 6269.8 3.6 28 0 10.8 14.7 5.0 2.5 2 1 2 5 5
5091.1 6260.0 4.0 25 0 10.8 11.2 5.0 2.5 2 1 2 1 1
5028.8 6296.5 3.0 209 0 9.6 21.0 5.0 2.5 2 1 2 0 0
4979.3 6286.8 2.4 209 0 11.1 13.3 5.0 2.5 2 1 2 2 2
5003.4 6267.1 3.2 117 0 13.7 11.5 5.0 0.0 0 0 2 3 3
5024.9 6252.8 4.0 118 0 14.2 10.1 5.0 2.5 2 0 2 2 2
5045.6 6241.1 4.5 120 0 14.1 10.9 5.0 2.5 2 0 2 4 4
5068.1 6228.3 5.0 123 0 13.9 9.7 5.0 0.0 0 0 2 2 2
5624.8 6221.8 4.2 207 0 18.9 21.8 10.0 2.5 2 1 4 0 0
5616.1 6203.5 4.0 207 0 18.6 20.2 10.0 2.5 4 1 4 2 2
5606.5 6179.5 3.7 204 0 10.3 13.8 7.5 2.5 2 1 3 5 5
5619.8 6168.1 3.7 205 0 7.5 8.2 7.5 2.5 2 1 3 2 2
5648.2 6159.2 3.8 24 0 12.3 17.5 2.5 2.5 2 1 1 4 4
5661.7 6154.4 4.0 24 0 7.8 12.3 7.5 2.5 2 1 3 4 4
5671.7 6135.2 3.8 27 0 18.5 12.5 7.5 2.5 2 0 3 5 5
5655.0 6102.2 1.9 28 0 31.6 12.1 12.5 2.5 2 0 5 3 3
5636.6 6068.7 -0.1 27 0 40.0 11.5 15.0 0.0 0 0 6 1 1
5565.2 6118.4 0.7 207 0 31.4 13.0 12.5 2.5 2 0 5 3 3
5545.1 6082.0 0.4 209 0 30.3 13.5 12.5 0.0 0 0 5 4 4
5529.3 6034.5 0.4 117 0 12.9 30.2 10.0 2.5 2 1 4 3 3
5549.7 6008.0 0.7 122 0 12.1 12.1 5.0 2.5 2 0 2 2 2
5560.5 6001.3 0.7 117 0 5.7 7.8 7.5 2.5 2 1 3 2 2
5595.3 5990.4 -0.4 28 0 11.7 29.3 10.0 2.5 2 1 4 4 4
5602.9 6005.5 -1.2 26 0 15.2 11.8 2.5 2.5 2 0 1 4 4
5788.5 5610.2 -2.1 330 0 17.8 12.9 10.5 3.5 2 0 3 3 3
5767.7 5619.9 -1.8 152 0 14.8 12.9 7.0 3.5 2 0 2 3 3
5762.6 5630.1 -1.5 150 0 4.0 10.2 7.0 3.5 2 1 2 2 2
5757.9 5638.3 -1.4 151 0 11.0 9.5 10.5 3.5 2 0 3 1 1
5746.8 5654.7 -0.9 150 0 16.3 14.7 10.5 3.5 2 0 3 5 5
5767.5 5697.5 -0.1 237 0 3.9 3.9 3.5 3.5 2 1 1 1 1
5750.7 5688.4 -0.4 240 0 30.4 13.2 10.5 3.5 2 0 3 4 4
5783.7 5706.7 -0.3 240 0 30.1 12.4 14.0 3.5 2 0 4 3 3
5094.9 6932.9 5.8 317 0 7.0 5.3 2.5 2.5 2 0 1 1 1
5084.3 6915.3 5.6 216 0 5.6 14.1 2.5 2.5 2 1 1 3 3
5101.7 6896.4 4.9 116 0 5.2 4.9 2.5 0.0 0 0 1 0 0
5076.9 6889.4 6.4 116 0 7.2 6.9 2.5 2.5 2 0 1 2 2
5009.8 6810.0 4.9 117 0 13.7 10.2 2.5 2.5 2 0 1 5 5
5003.7 6805.6 4.4 212 0 7.9 8.6 2.5 2.5 2 1 1 3 3
5026.7 6857.3 6.4 129 0 8.9 6.2 2.5 0.0 0 0 1 5 5
4924.4 6627.7 0.4 287 0 13.9 8.6 5.0 2.5 4 0 2 3 3
4890.2 6611.3 0.7 214 0 5.5 10.1 5.0 0.0 0 1 2 3 3
4848.6 6543.1 1.0 127 0 7.4 6.8 5.0 2.5 2 0 2 5 5
4856.9 6537.5 0.8 176 0 11.3 20.8 5.0 2.5 2 1 2 5 5
4864.9 6546.9 0.9 131 0 5.3 4.9 5.0 2.5 2 0 2 1 1
4868.9 6353.9 0.2 37 0 34.4 18.7 2.5 2.5 2 0 1 3 3
4844.2 6395.5 0.5 269 0 18.9 37.1 2.5 0.0 0 1 1 0 0
4825.8 6331.8 0.7 36 0 7.5 8.3 2.5 2.5 2 0 1 1 1
4845.8 6311.3 0.1 216 0 11.3 14.6 2.5 2.5 2 1 1 4 4
4872.6 6299.5 -0.3 305 0 14.2 11.7 2.5 2.5 2 0 1 4 4
4888.6 6293.2 -0.3 306 0 14.8 16.5 2.5 2.5 2 1 1 2 2
