-4020.5 1586.2 41.3 154 0 3.1 3.8 2.5 2.5 2 1 1 4 4
-4095.4 1594.8 54.4 95 0 7.9 7.3 5.0 2.5 2 0 2 1 1
-4107.6 1587.8 52.7 181 0 6.5 6.3 5.0 2.5 2 0 2 0 0
-4124.8 1577.6 53.5 79 0 8.4 8.3 5.0 2.5 2 0 2 4 4
-4133.5 1569.7 49.2 266 0 11.9 8.3 5.0 2.5 2 0 2 0 0
-4171.1 1596.0 58.1 85 0 3.8 3.6 5.0 2.5 2 0 2 1 1
-4183.2 1592.6 55.0 88 0 4.3 4.1 5.0 0.0 0 0 2 0 0
-4219.9 1547.6 34.7 43 0 5.1 5.0 5.0 2.5 2 0 2 4 4
-4246.3 1516.5 17.8 317 0 6.1 5.5 2.5 2.5 2 0 1 0 0
-4278.7 1571.9 28.6 86 0 4.6 4.3 5.0 2.5 2 0 2 5 5
-4297.5 1606.6 34.5 190 0 4.9 5.7 5.0 2.5 2 1 2 1 1
-4315.2 1626.9 34.2 45 0 5.0 6.0 5.0 2.5 2 1 2 3 3
-4143.2 1642.2 74.5 297 0 6.0 6.4 5.0 2.5 2 1 2 0 0
-4124.4 1714.1 97.6 18 0 3.3 5.5 5.0 2.5 2 1 2 4 4
-4125.8 1730.5 104.2 45 0 3.5 6.1 5.0 2.5 2 1 2 1 1
-4123.6 1730.8 103.3 121 0 3.6 4.0 5.0 0.0 0 1 2 4 4
-4131.7 1749.5 110.7 182 0 4.4 5.3 5.0 2.5 2 1 2 4 4
-4000.3 1271.7 -12.5 352 0 34.7 10.8 2.5 0.0 0 0 1 0 0
-4071.6 1239.6 -14.1 177 0 5.6 5.6 2.5 2.5 4 1 1 4 4
-4070.0 1227.8 -14.1 180 0 8.0 6.7 2.5 2.5 2 0 1 0 0
-4028.6 1103.8 -14.9 14 0 8.7 6.2 2.5 2.5 2 0 1 3 3
-4034.1 1107.0 -12.8 14 0 5.1 4.5 2.5 2.5 2 0 1 5 5
-4013.1 1102.5 -20.5 168 0 5.1 4.5 5.0 2.5 4 0 2 4 4
-4014.5 1139.6 -16.0 188 0 10.5 8.2 5.0 2.5 2 0 2 4 4
-4021.6 1137.6 -11.6 34 0 3.8 6.5 2.5 2.5 2 1 1 4 4
-4145.0 975.3 -41.1 174 0 5.4 3.6 5.0 2.5 2 0 2 2 2
-4140.5 956.7 -43.0 173 0 3.9 4.6 5.0 2.5 2 1 2 2 2
-4141.4 949.9 -43.7 173 0 4.6 5.4 5.0 2.5 2 1 2 1 1
-4106.8 939.8 -45.7 348 0 5.8 5.8 5.0 2.5 4 0 2 5 5
-4096.6 938.6 -45.9 26 0 3.3 5.7 5.0 2.5 2 1 2 5 5
-4111.6 906.6 -48.5 66 0 5.3 6.1 5.0 2.5 2 1 2 2 2
-4117.3 892.0 -50.1 2 0 7.7 5.8 5.0 2.5 2 0 2 1 1
-4158.6 1050.5 -43.0 20 0 3.8 6.5 5.0 2.5 2 1 2 2 2
-4166.9 1066.3 -43.9 185 0 4.5 5.3 5.0 2.5 2 1 2 3 3
-4176.9 1079.8 -47.6 174 0 6.0 5.4 5.0 2.5 2 0 2 1 1
-4177.2 1107.5 -47.5 185 0 4.0 4.6 5.0 2.5 2 1 2 5 5
-4171.7 1159.6 -41.3 172 0 4.2 5.0 5.0 2.5 2 1 2 5 5
-4155.3 1154.4 -36.9 80 0 5.6 5.8 5.0 2.5 2 1 2 2 2
-4139.6 1156.9 -31.9 24 0 3.5 6.0 5.0 2.5 2 1 2 3 3
-4124.5 1184.1 -27.8 298 0 9.6 8.7 5.0 2.5 2 0 2 2 2
-4178.6 1267.3 -32.3 336 0 3.4 6.8 5.0 2.5 2 1 2 0 0
-4191.8 1304.1 -27.1 245 0 6.7 9.4 5.0 2.5 2 1 2 0 0
-4224.9 1320.4 -30.9 166 0 3.7 4.4 5.0 2.5 2 1 2 3 3
-4260.8 1417.2 -17.4 31 0 3.2 5.5 5.0 2.5 2 1 2 4 4
-4271.2 1422.8 -18.2 36 0 3.0 5.2 5.0 2.5 2 1 2 4 4
-4231.1 1559.0 36.6 279 0 4.5 3.5 5.0 2.5 2 0 2 0 0
-4239.3 1579.9 42.2 18 0 3.1 5.2 5.0 2.5 2 1 2 0 0
-4189.1 1600.0 56.9 90 0 3.2 3.1 5.0 2.5 4 0 2 4 4
-3254.6 1750.6 -91.2 281 0 5.4 4.3 5.0 2.5 2 0 2 1 1
-3268.0 1740.4 -96.0 287 0 4.7 3.7 5.0 2.5 2 0 2 4 4
-3316.3 1673.0 -110.5 182 0 4.2 4.8 2.5 2.5 2 1 1 2 2
-3319.3 1665.9 -113.4 273 0 5.2 4.0 2.5 2.5 2 0 1 1 1
-2986.1 1396.5 -82.4 187 0 3.8 4.4 5.0 2.5 2 1 2 2 2
-3011.2 1348.4 -84.3 272 0 4.7 3.6 5.0 2.5 2 0 2 0 0
-2910.6 1367.2 -58.3 86 0 5.0 4.9 5.0 2.5 2 0 2 1 1
-2872.1 1372.0 -46.8 90 0 4.5 4.3 5.0 2.5 2 0 2 2 2
-2853.2 1397.4 -41.8 28 0 3.8 6.4 5.0 2.5 2 1 2 2 2
-2897.5 1368.7 -54.2 89 0 4.2 4.1 5.0 2.5 2 0 2 1 1
