-1643.7 -6019.7 -421.3 21 0 3.2 4.9 5.0 2.5 2 1 2 2 2
-1669.8 -6052.8 -418.2 130 0 3.8 5.9 7.5 0.0 0 1 3 2 2
-1561.8 -6004.4 -398.1 196 0 4.1 6.3 5.0 0.0 0 1 2 5 5
-1537.6 -5970.5 -417.0 199 0 3.7 6.4 5.0 2.5 2 1 2 5 5
-1086.8 -5715.4 -253.9 62 0 3.2 5.0 7.5 2.5 2 1 3 4 4
-989.8 -5751.9 -207.8 42 0 4.4 3.0 5.0 2.5 4 0 2 1 1
-1010.2 -5767.2 -223.0 133 0 3.7 4.1 7.5 0.0 0 1 3 2 2
-881.2 -5734.4 -164.8 35 0 3.7 5.8 5.0 0.0 0 1 2 0 0
-783.1 -5558.0 -182.3 296 0 3.0 4.7 5.0 2.5 2 1 2 4 4
-739.0 -5574.3 -164.3 317 0 5.3 4.0 5.0 2.5 2 0 2 5 5
-560.4 -5502.1 -132.5 216 0 5.5 5.1 2.5 0.0 0 0 1 1 1
-507.7 -5483.1 -130.2 304 0 4.5 7.0 2.5 2.5 4 1 1 2 2
-521.1 -5505.7 -128.0 105 0 5.1 8.0 2.5 2.5 2 1 1 2 2
-544.6 -5514.2 -129.4 105 0 5.1 8.9 2.5 2.5 2 1 1 5 5
-560.0 -5523.6 -128.8 17 0 4.8 7.3 2.5 2.5 2 1 1 5 5
-581.8 -5623.8 -112.1 50 0 3.2 5.1 2.5 2.5 2 1 1 5 5
-566.4 -5594.4 -114.8 30 0 3.1 4.8 2.5 2.5 2 1 1 3 3
-572.6 -5596.3 -115.7 27 0 3.1 4.9 2.5 2.5 2 1 1 1 1
-568.1 -5605.4 -113.0 37 0 3.0 4.7 2.5 2.5 2 1 1 4 4
-574.3 -5609.2 -113.8 50 0 3.8 6.1 2.5 0.0 0 1 1 5 5
-581.1 -5611.2 -114.6 49 0 3.4 5.4 2.5 0.0 0 1 1 0 0
-586.9 -5615.4 -114.8 46 0 3.2 5.1 2.5 2.5 2 1 1 2 2
-592.5 -5617.2 -115.5 39 0 3.1 4.8 2.5 2.5 2 1 1 4 4
-606.5 -5588.7 -122.3 165 0 3.5 5.5 2.5 0.0 0 1 1 3 3
-616.4 -5599.9 -122.1 168 0 3.6 5.5 2.5 0.0 0 1 1 5 5
-606.9 -5571.4 -125.3 124 0 3.1 4.8 2.5 2.5 2 1 1 2 2
-588.8 -5566.2 -123.5 347 0 3.0 4.7 2.5 2.5 2 1 1 1 1
-581.2 -5565.5 -122.6 1 0 3.3 5.2 2.5 2.5 2 1 1 5 5
-598.5 -5550.0 -126.7 261 0 3.1 4.9 2.5 2.5 2 1 1 5 5
-614.1 -5546.5 -129.8 276 0 3.1 4.9 2.5 2.5 2 1 1 5 5
-624.6 -5567.7 -128.6 139 0 4.2 6.6 2.5 0.0 0 1 1 5 5
-630.9 -5568.3 -129.4 123 0 3.1 4.9 2.5 0.0 0 1 1 4 4
-619.1 -5534.7 -133.1 246 0 3.5 5.6 2.5 0.0 0 1 1 0 0
-614.3 -5529.1 -133.7 274 0 3.1 4.9 2.5 0.0 0 1 1 5 5
-605.2 -5527.0 -132.8 256 0 3.4 5.5 2.5 0.0 0 1 1 5 5
-602.8 -5535.8 -130.4 264 0 3.0 4.8 2.5 2.5 2 1 1 3 3
-573.7 -5519.7 -129.8 214 0 3.2 4.9 2.5 2.5 2 1 1 4 4
-571.6 -5488.9 -138.2 40 0 3.2 5.0 2.5 0.0 0 1 1 2 2
-529.1 -5480.6 -133.2 253 0 3.4 5.4 2.5 0.0 0 1 1 0 0
-486.3 -5505.7 -121.6 26 0 3.1 4.9 2.5 2.5 2 1 1 2 2
-494.9 -5520.7 -119.9 111 0 6.0 8.6 2.5 2.5 2 1 1 2 2
-551.7 -5473.9 -140.5 38 0 11.1 8.3 2.5 2.5 2 0 1 1 1
-500.1 -5397.4 -151.3 144 0 3.1 4.8 7.5 2.5 4 1 3 1 1
-908.4 -4899.6 -239.9 74 0 3.5 5.6 7.5 0.0 0 1 3 2 2
-1051.2 -4941.5 -199.3 327 0 3.5 5.4 7.5 0.0 0 1 3 3 3
-1089.1 -4910.1 -169.4 152 0 4.3 7.1 2.5 2.5 2 1 1 1 1
-588.4 -4467.5 -105.8 8 0 3.1 4.9 2.5 2.5 2 1 1 1 1
-595.7 -4427.4 -98.3 243 0 6.5 12.2 2.5 2.5 4 1 1 1 1
-731.3 -4429.6 -71.7 243 0 8.5 5.1 5.0 2.5 2 0 2 1 1
-716.9 -4414.4 -66.5 290 0 3.2 5.0 5.0 0.0 0 1 2 0 0
-736.5 -4457.6 -87.0 238 0 3.0 4.8 5.0 2.5 2 1 2 2 2
-738.9 -4406.1 -57.8 252 0 3.5 5.5 5.0 0.0 0 1 2 0 0
-725.8 -4422.1 -68.7 196 0 3.6 5.7 5.0 0.0 0 1 2 4 4
-707.0 -4402.4 -61.6 159 0 3.2 4.9 5.0 2.5 2 1 2 4 4
-94.0 -2665.2 417.7 269 0 3.5 5.6 5.0 0.0 0 1 2 5 5
140.5 -2911.2 354.8 299 0 3.1 4.6 2.5 2.5 2 1 1 4 4
98.7 -2960.0 335.7 59 0 4.3 5.9 5.0 2.5 2 1 2 0 0
-5.7 -4113.7 -43.8 274 0 4.8 4.8 5.0 0.0 0 0 2 5 5
343.2 -3479.2 296.8 18 0 6.2 4.3 7.5 0.0 0 0 3 2 2
319.2 -3489.9 291.4 122 0 6.2 9.3 5.0 2.5 2 1 2 4 4
289.4 -3464.5 282.7 227 0 6.5 4.3 2.5 2.5 2 0 1 1 1
282.8 -3469.6 280.4 235 0 3.1 4.9 7.5 0.0 0 1 3 4 4
287.9 -3490.1 283.2 163 0 3.5 5.4 7.5 0.0 0 1 3 3 3
287.2 -3502.0 281.4 69 0 3.7 5.8 7.5 0.0 0 1 3 1 1
304.7 -3495.7 287.4 61 0 3.3 5.2 7.5 2.5 2 1 3 1 1
297.6 -3498.6 285.6 71 0 4.2 6.6 7.5 0.0 0 1 3 1 1
298.3 -3489.8 286.6 82 0 3.0 4.8 7.5 2.5 2 1 3 5 5
302.9 -3484.5 288.2 64 0 3.0 4.8 7.5 2.5 2 1 3 4 4
307.8 -3479.2 290.7 92 0 3.2 5.0 5.0 2.5 4 1 2 1 1
310.1 -3467.4 292.0 252 0 3.2 5.0 7.5 2.5 2 1 3 5 5
315.5 -3461.3 293.8 270 0 3.5 5.6 7.5 0.0 0 1 3 3 3
326.1 -3469.0 296.8 282 0 3.0 4.8 7.5 2.5 2 1 3 0 0
333.7 -3469.7 297.9 348 0 3.1 4.7 5.0 2.5 2 1 2 3 3
673.0 -4568.0 245.6 130 0 4.5 4.8 7.5 2.5 2 1 3 2 2
-60.6 -4743.4 -97.5 44 0 6.9 21.6 5.0 2.5 2 1 2 5 5
845.8 -4657.1 348.7 267 0 3.2 5.1 2.5 2.5 2 1 1 5 5
829.9 -4678.6 346.3 192 0 3.2 5.0 2.5 2.5 2 1 1 1 1
840.0 -4683.8 348.9 186 0 3.0 4.7 2.5 2.5 4 1 1 3 3
846.5 -4675.0 350.1 188 0 3.7 5.8 2.5 0.0 0 1 1 4 4
858.0 -4658.7 351.7 270 0 3.0 4.8 2.5 2.5 2 1 1 2 2
831.4 -4666.3 346.0 160 0 3.0 4.7 2.5 0.0 0 1 1 5 5
822.1 -4677.2 342.4 227 0 3.1 4.8 2.5 2.5 2 1 1 3 3
-1002.7 -5209.8 -337.5 122 0 4.2 5.4 7.5 2.5 2 1 3 1 1
-170.9 -5114.4 -46.0 78 0 3.2 5.0 2.5 2.5 2 1 1 4 4
-179.6 -5115.5 -49.3 61 0 3.5 5.5 2.5 0.0 0 1 1 1 1
-191.7 -5116.5 -54.3 78 0 3.2 5.1 2.5 2.5 2 1 1 2 2
-199.7 -5117.8 -58.1 65 0 3.0 4.7 2.5 2.5 2 1 1 3 3
-213.8 -5111.3 -62.9 254 0 3.5 5.5 2.5 0.0 0 1 1 1 1
-250.9 -5127.1 -73.9 271 0 3.0 4.7 2.5 0.0 0 1 1 2 2
-244.5 -5120.5 -72.4 252 0 4.1 6.5 2.5 0.0 0 1 1 5 5
-254.1 -5113.6 -76.2 240 0 3.0 4.8 2.5 2.5 2 1 1 4 4
-256.7 -5119.5 -76.7 270 0 3.0 4.7 2.5 2.5 2 1 1 3 3
-260.7 -5113.5 -78.9 273 0 3.3 5.2 2.5 0.0 0 1 1 3 3
-271.9 -5121.8 -81.6 261 0 3.1 4.8 2.5 2.5 2 1 1 2 2
-278.0 -5111.2 -84.7 244 0 3.4 5.4 2.5 0.0 0 1 1 3 3
-285.9 -5120.1 -86.6 263 0 3.1 4.8 2.5 2.5 2 1 1 4 4
-295.5 -5113.6 -89.9 285 0 3.2 5.0 2.5 2.5 4 1 1 4 4
-294.9 -5121.7 -89.7 280 0 3.0 4.8 2.5 2.5 4 1 1 3 3
-336.5 -5151.7 -99.8 114 0 3.3 5.1 2.5 2.5 2 1 1 1 1
-325.4 -5149.0 -97.2 107 0 3.1 5.0 2.5 0.0 0 1 1 1 1
-356.4 -5115.1 -103.3 7 0 3.3 5.1 5.0 2.5 2 1 2 4 4
-359.5 -5120.7 -104.1 354 0 3.1 4.9 5.0 2.5 2 1 2 1 1
-354.0 -5100.7 -102.4 7 0 4.7 6.0 5.0 2.5 2 1 2 2 2
-354.2 -5107.6 -103.1 6 0 7.8 7.3 5.0 2.5 2 0 2 0 0
-395.5 -5122.4 -120.9 196 0 3.4 4.9 5.0 0.0 0 1 2 5 5
-389.5 -5134.4 -119.3 115 0 6.5 18.9 5.0 2.5 4 1 2 3 3
-391.7 -5146.7 -127.8 107 0 31.3 11.2 5.0 2.5 2 0 2 2 2
-233.2 -5029.5 -88.2 38 0 10.7 7.6 5.0 0.0 0 0 2 4 4
-90.5 -4948.6 -61.5 112 0 4.0 6.1 2.5 2.5 2 1 1 0 0
-199.7 -4866.5 -107.8 179 0 7.7 4.4 5.0 2.5 2 0 2 5 5
-128.4 -4877.9 -94.8 343 0 5.5 5.4 5.0 2.5 2 0 2 4 4
-178.1 -4856.3 -106.3 227 0 3.2 5.0 5.0 2.5 4 1 2 0 0
-167.5 -4850.6 -106.6 328 0 3.1 4.8 5.0 2.5 2 1 2 2 2
-166.2 -4843.9 -107.6 323 0 3.4 5.2 5.0 0.0 0 1 2 0 0
-176.7 -4844.4 -108.2 237 0 3.1 4.9 5.0 2.5 2 1 2 1 1
-184.9 -4847.2 -108.8 209 0 3.2 5.0 5.0 2.5 2 1 2 2 2
-190.5 -4850.0 -108.9 213 0 3.4 5.4 5.0 0.0 0 1 2 3 3
-1482.8 -6557.3 -192.3 139 0 3.8 5.7 2.5 2.5 2 1 1 4 4
-1441.7 -6383.3 -219.0 343 0 3.7 5.7 2.5 0.0 0 1 1 1 1
-1494.9 -6277.8 -258.0 220 0 3.6 4.4 7.5 2.5 2 1 3 3 3
-1481.5 -6295.6 -247.7 34 0 4.0 3.9 5.0 2.5 2 0 2 0 0
-1526.6 -6322.9 -258.1 130 0 3.5 4.8 7.5 2.5 2 1 3 1 1
-1505.9 -6328.4 -249.7 62 0 4.0 4.4 7.5 2.5 2 1 3 3 3
-1656.8 -6448.5 -276.2 163 0 3.3 5.0 5.0 2.5 2 1 2 2 2
-1768.0 -6593.9 -231.5 85 0 4.3 4.9 5.0 2.5 2 1 2 0 0
-1618.4 -6852.7 -134.1 80 0 4.4 3.8 2.5 2.5 2 0 1 3 3
-1620.8 -6834.2 -135.6 320 0 3.2 4.7 2.5 2.5 2 1 1 0 0
-1733.3 -6791.5 -154.8 198 0 3.9 7.8 2.5 2.5 2 1 1 3 3
-1726.9 -6787.0 -155.4 202 0 3.9 5.0 2.5 2.5 2 1 1 4 4
-1723.5 -6773.1 -157.4 230 0 5.7 3.4 2.5 2.5 2 0 1 2 2
-1697.1 -6757.4 -159.4 257 0 4.7 3.3 2.5 2.5 2 0 1 1 1
-1680.1 -6743.8 -163.7 213 0 4.6 4.6 2.5 2.5 2 1 1 3 3
-1671.5 -6759.2 -159.3 236 0 7.5 4.2 2.5 2.5 2 0 1 0 0
-1610.1 -6754.9 -159.7 74 0 5.3 4.4 2.5 2.5 2 0 1 2 2
-1611.6 -6771.7 -153.1 244 0 5.0 4.0 5.0 2.5 4 0 2 1 1
-1596.0 -6769.7 -153.5 227 0 4.2 3.4 5.0 2.5 2 0 2 0 0
-1571.0 -6789.2 -147.2 323 0 4.7 6.3 5.0 2.5 2 1 2 2 2
-1720.5 -6794.4 -154.8 117 0 3.0 4.8 2.5 2.5 2 1 1 0 0
-1711.3 -6799.9 -154.0 113 0 3.1 4.8 2.5 2.5 2 1 1 5 5
-1713.8 -6782.0 -156.2 190 0 3.3 5.2 2.5 2.5 2 1 1 5 5
-1716.0 -6774.8 -157.1 203 0 3.1 4.9 2.5 2.5 2 1 1 2 2
-1714.3 -6761.6 -158.8 241 0 3.0 4.7 2.5 2.5 2 1 1 1 1
-1676.9 -6752.3 -160.1 237 0 3.2 5.0 2.5 2.5 2 1 1 1 1
-1674.7 -6732.4 -167.5 245 0 4.8 7.6 2.5 0.0 0 1 1 0 0
-1607.8 -6768.7 -153.9 219 0 3.2 5.0 5.0 0.0 0 1 2 2 2
-1606.3 -6776.9 -151.3 218 0 3.1 4.9 5.0 2.5 2 1 2 3 3
-1595.9 -6782.5 -149.3 224 0 3.3 5.2 5.0 2.5 2 1 2 5 5
-1600.6 -6791.5 -147.7 128 0 3.2 4.9 5.0 2.5 2 1 2 1 1
-1594.1 -6796.6 -146.1 123 0 3.4 5.4 5.0 0.0 0 1 2 5 5
-1588.8 -6791.4 -147.7 132 0 3.6 5.6 5.0 0.0 0 1 2 3 3
-1565.0 -6785.4 -148.1 322 0 3.8 6.0 5.0 0.0 0 1 2 3 3
-1574.1 -6817.2 -139.0 131 0 3.2 4.9 5.0 2.5 2 1 2 4 4
-1577.6 -6802.5 -143.8 133 0 3.2 4.9 5.0 2.5 4 1 2 0 0
-1559.4 -6792.3 -145.0 315 0 3.1 4.8 5.0 2.5 2 1 2 0 0
-1562.4 -6799.9 -142.9 308 0 3.1 4.9 5.0 2.5 2 1 2 0 0
-1561.9 -6819.3 -137.7 113 0 3.2 4.9 5.0 0.0 0 1 2 2 2
-1534.9 -6838.1 -128.3 56 0 7.4 7.2 5.0 2.5 4 0 2 1 1
-1682.3 -6775.6 -156.5 250 0 9.9 5.9 2.5 2.5 2 0 1 1 1
-1648.8 -6795.4 -148.9 24 0 5.9 4.2 2.5 2.5 2 0 1 4 4
-3243.9 -5315.1 313.2 355 0 3.3 5.1 5.0 2.5 2 1 2 5 5
-3241.7 -5324.2 314.6 2 0 3.9 6.2 5.0 0.0 0 1 2 4 4
-3289.1 -5552.8 330.2 48 0 3.5 5.5 5.0 0.0 0 1 2 4 4
-3294.4 -5549.4 330.5 46 0 3.0 4.8 5.0 2.5 2 1 2 3 3
-3303.3 -5550.1 330.9 60 0 3.5 5.6 5.0 0.0 0 1 2 0 0
-3316.8 -5567.5 329.7 68 0 3.3 5.2 5.0 0.0 0 1 2 2 2
-3309.8 -5565.4 329.6 40 0 3.5 5.6 5.0 0.0 0 1 2 1 1
-3311.8 -5551.3 331.5 37 0 3.3 5.1 5.0 0.0 0 1 2 2 2
-3305.7 -5544.0 330.2 39 0 3.1 4.9 5.0 2.5 2 1 2 0 0
-3290.0 -5533.5 328.1 352 0 3.1 4.8 5.0 2.5 2 1 2 0 0
-3302.4 -5559.6 330.0 52 0 3.1 4.8 5.0 2.5 2 1 2 1 1
-3281.4 -5515.6 323.5 359 0 3.3 5.2 5.0 2.5 2 1 2 3 3
-3278.1 -5510.7 322.0 30 0 3.1 4.9 5.0 2.5 2 1 2 5 5
-3247.2 -5438.6 324.7 7 0 3.8 6.0 5.0 0.0 0 1 2 4 4
-3250.1 -5492.0 324.9 128 0 3.1 4.8 5.0 2.5 2 1 2 3 3
-3255.2 -5496.8 321.1 335 0 8.2 5.1 2.5 0.0 0 0 1 0 0
-4596.0 -6335.9 288.4 337 0 3.7 5.3 5.0 2.5 2 1 2 0 0
-4634.9 -6370.4 285.1 90 0 3.3 6.2 2.5 2.5 2 1 1 3 3
-4298.5 -6337.6 174.2 41 0 3.4 4.2 7.5 2.5 2 1 3 4 4
-4388.2 -6438.1 148.4 174 0 3.5 5.3 7.5 0.0 0 1 3 4 4
-4297.3 -6391.1 152.3 179 0 4.0 6.1 7.5 2.5 2 1 3 0 0
-4462.5 -6349.8 219.2 310 0 3.8 5.9 5.0 0.0 0 1 2 5 5
-4270.7 -6284.8 182.8 45 0 3.9 6.3 5.0 0.0 0 1 2 4 4
-4326.4 -6303.4 190.9 146 0 4.1 3.7 2.5 2.5 2 0 1 4 4
-4326.7 -6290.0 194.2 220 0 5.5 5.1 5.0 2.5 2 0 2 1 1
-4572.9 -6617.9 165.3 355 0 4.9 5.5 2.5 2.5 2 1 1 5 5
-4562.0 -6719.6 118.5 42 0 4.4 4.2 2.5 2.5 2 0 1 1 1
-4736.2 -6899.2 119.4 225 0 5.5 4.6 5.0 2.5 2 0 2 2 2
-4645.1 -6827.5 106.5 235 0 6.0 5.4 2.5 2.5 4 0 1 3 3
-4646.9 -6847.4 101.0 188 0 5.0 6.0 2.5 2.5 4 1 1 0 0
-4594.4 -6818.7 97.2 0 0 3.6 5.6 2.5 0.0 0 1 1 4 4
-4645.1 -6836.6 104.5 246 0 3.1 4.8 2.5 0.0 0 1 1 2 2
-4636.2 -6835.1 102.5 241 0 3.3 5.2 2.5 2.5 4 1 1 1 1
-4621.2 -6841.5 99.0 38 0 3.4 5.4 2.5 0.0 0 1 1 4 4
-4633.9 -6843.5 99.5 238 0 3.2 5.0 2.5 2.5 2 1 1 3 3
-4639.5 -6847.0 99.4 220 0 3.5 5.6 2.5 0.0 0 1 1 1 1
