6558.5 -5637.6 -10.1 297 0 5.4 8.1 5.0 2.5 2 1 2 0 0
6533.4 -5665.1 -9.8 202 0 6.7 10.4 5.0 0.0 0 1 2 1 1
6522.1 -5675.3 -9.5 209 0 9.6 7.3 5.0 2.5 2 0 2 2 2
6543.9 -5645.9 -9.8 277 0 7.3 10.6 5.0 2.5 2 1 2 1 1
6543.0 -5640.7 -9.8 277 0 5.1 3.9 5.0 2.5 2 0 2 1 1
6534.8 -5644.1 -9.6 278 0 4.8 5.0 5.0 2.5 2 1 2 4 4
6531.8 -5650.9 -9.6 288 0 8.4 7.3 5.0 2.5 2 0 2 1 1
6514.3 -5659.7 -9.4 142 0 6.6 8.7 5.0 2.5 2 1 2 5 5
6509.6 -5685.7 -9.4 189 0 5.8 11.5 5.0 2.5 2 1 2 0 0
6545.8 -5737.2 -10.0 20 0 3.8 15.6 5.0 2.5 2 1 2 1 1
6543.6 -5748.5 -10.0 356 0 9.1 7.5 5.0 2.5 2 0 2 5 5
6529.6 -5750.8 -9.7 92 0 3.8 4.4 5.0 0.0 0 1 2 3 3
6640.7 -5637.0 -11.8 199 0 5.1 7.2 2.5 2.5 2 1 1 3 3
6680.6 -5629.7 -12.5 94 0 12.2 11.6 2.5 2.5 2 0 1 4 4
6678.9 -5603.9 -12.5 189 0 11.1 8.7 2.5 2.5 2 0 1 4 4
6661.0 -5601.9 -12.1 188 0 5.5 8.6 2.5 2.5 2 1 1 3 3
6688.1 -5567.4 -12.4 13 0 7.6 14.6 2.5 2.5 2 1 1 5 5
6734.5 -5620.4 -12.3 301 0 17.4 9.4 2.5 2.5 2 0 1 4 4
6732.5 -5462.6 -11.3 277 0 7.7 14.0 2.5 2.5 2 1 1 5 5
6742.0 -5433.0 -10.2 109 0 9.2 16.5 2.5 2.5 2 1 1 5 5
6724.8 -5430.5 -10.2 111 0 7.5 15.7 2.5 2.5 2 1 1 4 4
6758.2 -5384.2 -9.0 22 0 8.4 16.7 2.5 2.5 2 1 1 2 2
6727.2 -5341.4 -8.3 289 0 6.6 3.5 2.5 2.5 2 0 1 5 5
6763.0 -5332.5 -8.1 199 0 5.5 9.1 2.5 2.5 2 1 1 2 2
6694.8 -5313.7 -8.3 4 0 9.0 13.4 5.0 2.5 2 1 2 1 1
6691.6 -5287.8 -8.0 9 0 8.4 9.7 5.0 2.5 2 1 2 3 3
6695.4 -5230.0 -7.5 33 0 11.0 12.6 5.0 2.5 2 1 2 0 0
6694.3 -5258.3 -7.8 7 0 11.9 8.0 5.0 2.5 2 0 2 3 3
6669.0 -5255.0 -7.8 183 0 7.4 7.8 5.0 2.5 2 1 2 3 3
6773.5 -5170.6 -8.4 160 0 11.9 21.2 5.0 2.5 2 1 2 5 5
6754.7 -5149.5 -7.8 189 0 5.4 12.1 5.0 2.5 2 1 2 2 2
6712.4 -5209.1 -7.2 14 0 5.3 11.1 5.0 2.5 2 1 2 2 2
6701.3 -5197.3 -7.5 11 0 18.4 10.1 5.0 2.5 2 0 2 4 4
6718.2 -5180.5 -7.2 12 0 4.9 8.0 5.0 2.5 2 1 2 0 0
6705.5 -5182.2 -7.6 18 0 5.1 8.0 5.0 2.5 2 1 2 2 2
6693.1 -5161.2 -8.0 275 0 9.3 23.0 5.0 2.5 2 0 2 4 4
6703.2 -5160.7 -7.3 276 0 15.1 8.3 5.0 2.5 2 0 2 0 0
6673.9 -5169.0 -8.3 273 0 8.6 7.9 5.0 2.5 2 0 2 2 2
6664.9 -5198.1 -8.0 182 0 7.4 11.7 5.0 2.5 2 1 2 3 3
6697.5 -5153.4 -7.2 3 0 7.0 11.0 5.0 0.0 0 0 2 3 3
6705.3 -5143.2 -7.2 3 0 11.2 16.5 5.0 2.5 4 0 2 0 0
6692.7 -5125.3 -7.4 114 0 8.6 11.1 5.0 2.5 2 1 2 0 0
6657.5 -5115.1 -7.2 209 0 11.0 7.9 5.0 2.5 2 0 2 2 2
6685.4 -5138.6 -7.1 1 0 4.8 7.4 5.0 2.5 2 1 2 2 2
6705.2 -5095.1 -7.7 297 0 10.4 7.7 5.0 2.5 2 0 2 0 0
6675.9 -5063.3 -8.0 219 0 9.2 10.7 5.0 2.5 4 1 2 5 5
6726.3 -5079.2 -8.1 3 0 9.8 13.2 5.0 2.5 2 1 2 0 0
6728.9 -5091.4 -7.9 295 0 6.7 7.7 5.0 2.5 2 1 2 4 4
6712.5 -5032.5 -8.6 281 0 11.3 9.3 5.0 2.5 2 0 2 4 4
6731.0 -5011.1 -8.9 290 0 14.3 6.4 5.0 2.5 4 0 2 4 4
6738.2 -5006.9 -9.0 110 0 11.3 6.2 5.0 2.5 2 0 2 3 3
6727.3 -5003.3 -9.1 109 0 6.9 7.4 5.0 2.5 2 1 2 3 3
6715.6 -4993.7 -9.2 116 0 16.3 6.6 5.0 2.5 2 0 2 4 4
6680.0 -5012.4 -8.7 194 0 6.7 7.3 5.0 2.5 2 1 2 4 4
6681.0 -4996.9 -8.9 204 0 11.4 8.6 5.0 2.5 2 0 2 5 5
6707.4 -4983.6 -9.2 12 0 7.9 10.8 5.0 2.5 2 1 2 0 0
6717.9 -5013.6 -8.8 268 0 6.7 8.6 5.0 2.5 2 1 2 3 3
6723.3 -4986.8 -9.3 92 0 3.6 4.1 5.0 2.5 2 1 2 4 4
6812.4 -4873.7 -10.2 195 0 7.4 10.2 5.0 0.0 0 1 2 5 5
6823.6 -4835.1 -10.3 196 0 8.1 10.7 5.0 2.5 2 1 2 1 1
6821.0 -4889.4 -10.2 196 0 9.2 10.4 5.0 0.0 0 1 2 2 2
6870.7 -4913.0 -8.8 9 0 9.4 9.2 5.0 2.5 2 0 2 4 4
6865.5 -4900.3 -8.5 14 0 6.3 11.4 5.0 0.0 0 1 2 3 3
6484.2 -5866.9 -9.4 301 0 7.7 9.4 5.0 2.5 2 1 2 4 4
6506.4 -5915.0 -9.6 205 0 7.1 11.3 5.0 2.5 2 1 2 1 1
6480.5 -5881.8 -9.2 30 0 5.6 9.1 5.0 2.5 2 1 2 0 0
6469.0 -5915.4 -8.5 46 0 6.1 14.3 5.0 0.0 0 1 2 3 3
6453.7 -5925.7 -8.0 35 0 9.6 11.2 5.0 2.5 2 1 2 0 0
6409.0 -5991.2 -8.1 32 0 9.1 15.9 5.0 0.0 0 1 2 2 2
6424.1 -5974.0 -7.9 31 0 15.3 19.7 5.0 0.0 0 1 2 5 5
6440.6 -6086.5 -5.7 116 0 23.7 17.3 5.0 2.5 2 0 2 0 0
6426.9 -6098.5 -4.9 296 0 12.2 10.9 2.5 2.5 2 0 1 4 4
6412.3 -6112.4 -4.8 208 0 9.5 21.2 2.5 2.5 2 1 1 5 5
6447.6 -6145.5 -4.9 20 0 16.6 15.8 2.5 2.5 2 0 1 1 1
6378.5 -6093.0 -4.9 19 0 7.6 7.4 2.5 2.5 2 0 1 0 0
6327.2 -6093.2 -5.2 218 0 8.1 11.8 2.5 2.5 4 0 1 1 1
6332.0 -6087.3 -5.1 219 0 7.1 12.0 2.5 2.5 2 0 1 5 5
6306.0 -6107.7 -5.5 211 0 13.1 9.9 2.5 2.5 2 0 1 3 3
6383.2 -6160.0 -6.3 206 0 7.1 20.2 2.5 2.5 2 1 1 3 3
6382.1 -6169.2 -6.5 202 0 6.2 9.6 2.5 2.5 4 1 1 4 4
6349.8 -6215.4 -7.6 207 0 5.0 22.4 5.0 2.5 2 0 2 4 4
6357.1 -6225.6 -7.7 206 0 6.3 10.8 5.0 2.5 2 0 2 4 4
6300.6 -6207.4 -7.4 123 0 9.8 8.8 2.5 2.5 2 0 1 1 1
6326.6 -6199.2 -7.4 30 0 18.9 21.3 2.5 0.0 0 1 1 2 2
6309.8 -6185.5 -7.1 118 0 5.2 4.6 2.5 2.5 2 0 1 2 2
6267.8 -6195.7 -7.3 27 0 7.1 14.2 2.5 2.5 2 1 1 2 2
6272.7 -6199.3 -7.3 118 0 7.1 5.9 2.5 0.0 0 0 1 3 3
6280.2 -6203.8 -7.4 118 0 7.3 9.9 2.5 2.5 2 1 1 3 3
6319.1 -6292.3 -8.5 206 0 6.7 10.8 5.0 0.0 0 1 2 2 2
6297.8 -6272.5 -8.2 28 0 8.5 16.3 5.0 2.5 2 1 2 5 5
6266.7 -6233.6 -7.9 299 0 14.3 19.9 5.0 2.5 2 1 2 4 4
6289.9 -6250.1 -8.0 297 0 5.6 6.0 5.0 2.5 2 1 2 0 0
6238.2 -6289.9 -8.6 317 0 13.4 26.4 5.0 0.0 0 0 2 5 5
6249.9 -6276.9 -8.3 31 0 16.8 15.6 5.0 2.5 2 0 2 5 5
6297.9 -6352.5 -9.2 116 0 11.3 7.5 5.0 2.5 2 0 2 2 2
6277.7 -6370.0 -9.5 203 0 6.0 7.6 5.0 2.5 2 1 2 0 0
6308.0 -6353.3 -9.3 202 0 8.9 6.8 5.0 2.5 2 0 2 2 2
6088.4 -6420.4 -10.5 20 0 9.4 23.6 5.0 2.5 4 1 2 0 0
6053.1 -6438.7 -9.9 292 0 6.6 12.4 5.0 2.5 2 1 2 4 4
6062.4 -6507.5 -10.1 24 0 9.3 34.2 5.0 2.5 2 1 2 5 5
5985.9 -6506.3 -9.1 27 0 13.7 8.2 5.0 2.5 2 0 2 3 3
5912.0 -6513.5 -8.6 120 0 16.4 9.4 5.0 2.5 2 0 2 2 2
5917.9 -6469.4 -9.2 299 0 8.5 10.5 5.0 0.0 0 1 2 2 2
5928.0 -6475.7 -9.2 302 0 9.8 10.2 5.0 0.0 0 1 2 5 5
5939.5 -6478.9 -9.2 299 0 9.8 14.4 5.0 2.5 2 1 2 5 5
5950.3 -6548.7 -8.6 118 0 10.0 29.4 5.0 2.5 2 1 2 4 4
6225.1 -6598.3 -12.4 15 0 7.1 10.7 5.0 2.5 2 1 2 1 1
6200.9 -6636.5 -12.6 183 0 6.5 8.9 5.0 0.0 0 1 2 2 2
6185.6 -6752.3 -12.5 30 0 7.3 16.3 2.5 2.5 2 1 1 0 0
6135.4 -6713.9 -12.0 294 0 9.0 7.5 2.5 0.0 0 0 1 4 4
6108.9 -6746.8 -11.9 203 0 10.5 17.1 2.5 2.5 2 1 1 5 5
6111.2 -6767.8 -11.9 122 0 10.8 8.8 2.5 2.5 2 0 1 1 1
6173.6 -6793.3 -12.6 200 0 14.4 18.6 2.5 2.5 2 1 1 2 2
6177.1 -6851.4 -12.6 77 0 12.0 15.6 2.5 2.5 4 1 1 2 2
6174.3 -6808.4 -12.5 287 0 11.5 25.9 2.5 0.0 0 1 1 5 5
6125.7 -6798.2 -12.0 295 0 9.1 11.3 2.5 2.5 2 1 1 5 5
6073.1 -6831.7 -11.5 120 0 6.6 7.5 2.5 2.5 2 1 1 5 5
6092.6 -6811.2 -11.7 297 0 8.4 11.0 2.5 2.5 2 1 1 3 3
6037.2 -6844.4 -11.2 305 0 5.8 7.5 2.5 2.5 2 1 1 1 1
6044.1 -6861.2 -11.5 295 0 11.2 6.7 2.5 2.5 2 0 1 4 4
6044.9 -6853.2 -11.5 214 0 8.0 9.4 2.5 0.0 0 1 1 5 5
6029.8 -6873.9 -11.6 215 0 7.1 10.6 2.5 2.5 2 1 1 0 0
5905.5 -6868.0 -13.3 217 0 7.9 18.4 5.0 2.5 2 1 2 2 2
5946.7 -6892.6 -12.7 304 0 6.3 8.7 5.0 2.5 2 1 2 4 4
5863.6 -6933.7 -14.0 123 0 11.7 15.6 5.0 2.5 2 1 2 3 3
5884.7 -6912.0 -13.9 33 0 15.0 11.5 5.0 2.5 2 0 2 5 5
5888.4 -6896.1 -13.8 126 0 12.1 14.9 5.0 2.5 2 1 2 2 2
5272.3 -6934.3 -9.9 116 0 20.2 31.6 5.0 0.0 0 1 2 1 1
5292.6 -6887.0 -9.2 291 0 13.3 7.8 5.0 2.5 2 0 2 5 5
5241.7 -6868.2 -10.2 30 0 21.6 9.1 5.0 2.5 2 0 2 5 5
5226.3 -6831.9 -10.2 292 0 8.4 9.0 5.0 2.5 2 0 2 5 5
5210.8 -6818.2 -10.2 303 0 9.7 10.4 5.0 0.0 0 1 2 5 5
5214.9 -6772.2 -8.9 120 0 5.6 9.4 5.0 2.5 2 1 2 4 4
5252.1 -6779.0 -9.3 27 0 6.7 5.7 5.0 2.5 2 0 2 0 0
5223.5 -6811.4 -10.0 295 0 6.1 7.6 5.0 0.0 0 1 2 5 5
5187.1 -6835.2 -10.2 225 0 3.7 6.6 5.0 2.5 2 1 2 5 5
5223.2 -6840.3 -10.3 294 0 5.6 9.0 5.0 2.5 2 0 2 3 3
5158.9 -6700.0 -5.1 120 0 8.7 9.5 2.5 2.5 2 1 1 4 4
5174.3 -6665.9 -5.4 310 0 11.6 6.0 2.5 2.5 2 0 1 2 2
5182.1 -6681.7 -4.9 26 0 3.5 4.2 2.5 2.5 2 1 1 0 0
5192.9 -6529.5 -7.5 99 0 5.6 4.7 2.5 2.5 2 0 1 2 2
5267.9 -6470.7 -7.0 122 0 13.2 11.9 2.5 2.5 2 0 1 2 2
5348.4 -6474.5 -5.3 126 0 10.8 13.7 5.0 2.5 2 1 2 1 1
5359.8 -6434.6 -5.8 203 0 8.0 10.3 5.0 2.5 2 1 2 1 1
5384.8 -6442.4 -5.5 309 0 11.7 8.3 5.0 2.5 2 0 2 2 2
5331.0 -6402.9 -6.8 297 0 14.0 9.3 5.0 2.5 2 0 2 3 3
5355.7 -6350.5 -7.5 33 0 13.3 12.1 5.0 2.5 2 0 2 1 1
5382.0 -6297.4 -8.0 308 0 8.7 12.0 5.0 2.5 2 1 2 1 1
5450.7 -6285.1 -7.2 308 0 4.8 9.8 5.0 2.5 2 1 2 1 1
5468.3 -6274.4 -7.1 213 0 34.2 11.4 5.0 2.5 4 0 2 1 1
5485.0 -6259.8 -7.2 125 0 10.7 18.8 5.0 2.5 2 1 2 0 0
5508.5 -6250.2 -7.0 118 0 10.9 10.0 5.0 2.5 2 0 2 2 2
5518.7 -6250.0 -6.8 211 0 10.4 10.8 5.0 2.5 2 1 2 0 0
5530.6 -6258.0 -6.5 212 0 11.3 19.1 5.0 2.5 2 1 2 4 4
5528.8 -6218.7 -7.1 300 0 11.6 11.0 5.0 2.5 2 0 2 4 4
5545.3 -6168.3 -7.6 118 0 11.2 12.0 5.0 2.5 4 1 2 5 5
5688.2 -6393.0 -5.7 23 0 9.9 14.3 5.0 2.5 2 1 2 4 4
5698.5 -6373.9 -5.5 22 0 9.7 14.8 5.0 2.5 2 1 2 0 0
5697.6 -6396.2 -6.4 207 0 10.5 14.2 5.0 2.5 2 1 2 5 5
5709.7 -6376.8 -6.1 206 0 11.3 11.7 5.0 2.5 2 1 2 2 2
5675.4 -6478.9 -7.8 302 0 6.9 14.9 5.0 2.5 2 1 2 4 4
5712.6 -6461.8 -8.0 297 0 11.4 12.6 5.0 2.5 2 1 2 1 1
5834.3 -6518.7 -7.9 309 0 7.0 9.9 5.0 2.5 2 1 2 4 4
5844.6 -6563.3 -7.5 102 0 11.5 14.4 5.0 2.5 2 1 2 3 3
5894.7 -6545.7 -7.8 303 0 6.4 7.1 5.0 2.5 2 1 2 1 1
5892.2 -6557.0 -7.6 295 0 12.4 13.0 5.0 2.5 2 1 2 1 1
5941.1 -6162.3 -11.7 107 0 6.0 6.8 2.5 2.5 2 1 1 1 1
5938.2 -6202.6 -10.5 133 0 5.6 8.3 2.5 2.5 2 1 1 5 5
5968.5 -6174.4 -11.8 114 0 5.7 7.3 2.5 2.5 2 1 1 4 4
5998.0 -6175.8 -12.2 39 0 5.6 6.1 2.5 2.5 2 1 1 1 1
5878.4 -6070.5 -10.1 196 0 8.6 7.4 2.5 2.5 2 0 1 5 5
5885.4 -6048.1 -9.5 203 0 5.5 5.8 2.5 2.5 4 1 1 3 3
5689.6 -6039.6 -7.5 128 0 17.7 12.7 5.0 2.5 2 0 2 0 0
5612.9 -6101.0 -9.1 118 0 10.3 9.2 5.0 2.5 2 0 2 3 3
5629.3 -6099.8 -9.2 0 0 5.3 5.1 5.0 2.5 2 0 2 2 2
5818.0 -5716.9 -4.7 116 0 15.7 13.9 7.5 2.5 2 0 3 5 5
6448.3 -5850.4 -9.0 302 0 10.5 17.2 5.0 2.5 2 1 2 5 5
6427.1 -5854.1 -10.0 293 0 8.9 10.2 5.0 2.5 2 1 2 1 1
6378.4 -5840.0 -14.0 327 0 11.9 9.6 5.0 2.5 2 0 2 3 3
6370.3 -5860.0 -13.7 77 0 8.0 7.7 5.0 2.5 2 0 2 4 4
6360.0 -5842.3 -14.2 259 0 5.0 8.0 5.0 2.5 2 1 2 2 2
6340.8 -5862.1 -12.4 121 0 7.1 6.7 5.0 2.5 2 0 2 5 5
6276.8 -5794.2 -10.6 110 0 7.8 6.4 5.0 2.5 2 0 2 3 3
5963.0 -5507.6 -3.8 109 0 4.9 5.3 5.0 2.5 2 1 2 1 1
6341.3 -5754.3 -15.7 159 0 5.1 5.7 5.0 2.5 2 1 2 4 4
6330.7 -5733.9 -15.3 276 0 7.9 9.9 7.5 2.5 2 1 3 1 1
6321.0 -5736.7 -14.7 187 0 5.3 4.0 7.5 2.5 2 0 3 2 2
6406.1 -5805.4 -12.5 110 0 5.2 7.0 5.0 2.5 2 1 2 3 3
6415.5 -5799.6 -12.3 89 0 9.2 6.6 5.0 0.0 0 0 2 1 1
6428.4 -5776.5 -11.5 302 0 6.3 7.4 5.0 2.5 2 1 2 2 2
6434.9 -5795.9 -10.6 129 0 8.6 7.2 5.0 2.5 2 0 2 5 5
6432.9 -5819.3 -10.5 118 0 5.3 7.2 5.0 2.5 2 1 2 4 4
6461.9 -5833.7 -9.2 108 0 6.5 7.8 5.0 2.5 2 1 2 3 3
6448.3 -5774.1 -9.4 300 0 4.9 5.4 5.0 2.5 2 1 2 3 3
6391.3 -5251.3 -12.5 114 0 15.0 10.8 5.0 2.5 2 0 2 2 2
6349.5 -5234.0 -12.9 102 0 10.0 16.7 5.0 2.5 4 1 2 3 3
6341.5 -5201.3 -12.7 178 0 4.1 7.2 5.0 0.0 0 1 2 4 4
6285.1 -5176.8 -12.5 206 0 7.3 5.6 5.0 0.0 0 0 2 4 4
6278.8 -5272.0 -13.4 25 0 14.1 9.6 5.0 2.5 2 0 2 3 3
6218.5 -5206.8 -9.7 293 0 9.6 14.7 2.5 2.5 2 1 1 1 1
6750.3 -4909.1 -10.1 315 0 7.2 12.7 5.0 2.5 2 1 2 1 1
6755.5 -4903.4 -10.1 104 0 7.8 5.9 5.0 2.5 2 0 2 4 4
6730.4 -4910.6 -10.3 7 0 11.4 8.2 5.0 2.5 2 0 2 1 1
6708.0 -4922.0 -10.0 308 0 8.4 12.8 5.0 2.5 2 1 2 2 2
6692.8 -4955.0 -9.6 122 0 7.7 10.2 5.0 2.5 4 1 2 0 0
6698.8 -4938.9 -9.7 15 0 6.5 5.3 5.0 2.5 2 0 2 5 5
6676.0 -4922.7 -9.9 173 0 11.3 10.7 5.0 2.5 2 0 2 3 3
6687.8 -4902.8 -10.1 307 0 6.1 6.8 5.0 2.5 2 1 2 2 2
6680.2 -4890.4 -10.3 38 0 8.6 7.8 5.0 2.5 2 0 2 4 4
6647.3 -4875.2 -10.2 205 0 6.6 9.1 5.0 2.5 2 1 2 0 0
6655.3 -4886.0 -10.1 187 0 4.1 4.2 5.0 2.5 2 1 2 5 5
6699.3 -4878.0 -10.5 29 0 6.2 12.1 5.0 2.5 2 1 2 4 4
6681.2 -4869.1 -10.5 207 0 3.8 3.1 5.0 2.5 2 0 2 0 0
6710.6 -4866.0 -10.8 66 0 9.5 12.3 5.0 2.5 2 1 2 2 2
6719.5 -4892.7 -10.5 119 0 6.6 10.5 5.0 2.5 2 1 2 0 0
6718.5 -4885.1 -10.5 27 0 5.6 3.3 5.0 2.5 2 0 2 1 1
6725.2 -4882.4 -10.7 119 0 8.5 10.2 5.0 2.5 2 1 2 2 2
6741.2 -4873.3 -10.7 93 0 11.0 10.8 5.0 2.5 2 0 2 3 3
6731.6 -4868.8 -10.8 93 0 3.7 4.6 5.0 0.0 0 1 2 4 4
6753.4 -4879.6 -10.5 102 0 11.2 12.0 5.0 2.5 2 1 2 1 1
6745.2 -4853.1 -10.9 122 0 8.2 4.9 5.0 2.5 2 0 2 3 3
6762.8 -4858.0 -10.6 13 0 3.7 7.1 5.0 2.5 2 1 2 0 0
6779.8 -4860.2 -10.5 19 0 7.2 7.3 5.0 0.0 0 1 2 1 1
6755.2 -4841.5 -11.0 360 0 5.4 15.2 5.0 2.5 2 1 2 3 3
6749.5 -4824.7 -11.1 284 0 6.3 5.3 5.0 2.5 2 0 2 2 2
6760.4 -4813.3 -11.2 280 0 10.8 11.0 5.0 2.5 2 1 2 0 0
6719.1 -4824.0 -11.3 212 0 3.7 3.1 5.0 2.5 2 0 2 3 3
6699.4 -4831.9 -11.0 269 0 3.7 3.7 5.0 2.5 2 1 2 0 0
6722.7 -4768.3 -11.1 194 0 4.1 7.9 5.0 2.5 2 1 2 3 3
6758.7 -4782.7 -11.2 7 0 6.6 5.8 5.0 2.5 2 0 2 4 4
6795.1 -4793.5 -10.8 110 0 15.3 5.5 5.0 2.5 2 0 2 2 2
6797.3 -4731.0 -10.7 16 0 11.5 35.5 5.0 2.5 2 1 2 1 1
6795.9 -4719.2 -10.4 108 0 11.4 12.4 5.0 2.5 2 1 2 3 3
6801.0 -4642.0 -9.8 18 0 12.8 10.7 5.0 2.5 2 0 2 0 0
6772.1 -4607.3 -9.0 110 0 11.2 10.1 5.0 2.5 2 0 2 2 2
6735.5 -4584.4 -8.5 206 0 9.6 21.3 5.0 2.5 2 1 2 1 1
6791.7 -4591.2 -8.7 20 0 8.8 11.7 5.0 2.5 2 0 2 0 0
6777.3 -4568.3 -8.5 203 0 34.2 10.5 5.0 2.5 2 0 2 2 2
6814.9 -4581.7 -9.1 292 0 21.9 18.5 5.0 2.5 2 0 2 0 0
6827.0 -4553.0 -8.6 22 0 20.4 33.5 5.0 0.0 0 1 2 5 5
6803.3 -4502.3 -7.7 205 0 7.6 16.3 5.0 2.5 4 1 2 5 5
6849.0 -4520.0 -8.3 113 0 21.8 11.9 5.0 2.5 2 0 2 2 2
6782.1 -4516.4 -7.7 210 0 14.3 9.6 5.0 0.0 0 0 2 1 1
6886.1 -4494.2 -8.0 24 0 11.5 15.0 5.0 2.5 2 1 2 1 1
6833.6 -4645.5 -9.7 286 0 5.5 5.5 5.0 2.5 4 0 2 0 0
6883.7 -4418.8 -7.6 23 0 6.8 8.0 5.0 2.5 2 1 2 2 2
6913.4 -4392.0 -8.1 24 0 8.8 15.0 5.0 2.5 2 1 2 3 3
6907.2 -4414.5 -8.1 16 0 5.0 13.1 5.0 2.5 2 1 2 5 5
6911.0 -4366.0 -8.4 199 0 8.7 11.5 5.0 2.5 2 1 2 1 1
6881.3 -4364.2 -7.3 321 0 18.8 16.2 5.0 2.5 2 0 2 5 5
6867.8 -4357.2 -6.6 318 0 4.8 6.2 5.0 2.5 4 1 2 3 3
6850.8 -4425.6 -7.1 117 0 4.6 6.3 5.0 2.5 2 1 2 3 3
6843.9 -4402.6 -6.7 149 0 7.8 9.3 5.0 0.0 0 1 2 4 4
6843.4 -4363.6 -6.3 226 0 10.3 14.1 5.0 2.5 2 1 2 0 0
6833.3 -4380.9 -6.4 244 0 11.6 11.5 5.0 2.5 2 0 2 0 0
6808.5 -4418.2 -6.5 119 0 9.5 15.7 5.0 2.5 2 1 2 0 0
6835.4 -4350.7 -5.9 198 0 4.5 7.9 5.0 2.5 2 1 2 2 2
6889.9 -4315.6 -7.0 3 0 5.1 9.4 5.0 2.5 2 1 2 1 1
6871.8 -4345.8 -6.7 358 0 6.1 8.9 5.0 2.5 2 1 2 1 1
6904.3 -4402.6 -8.0 19 0 4.2 3.6 5.0 2.5 2 0 2 4 4
6889.2 -4446.7 -8.0 25 0 9.4 6.2 5.0 2.5 2 0 2 5 5
6911.1 -4257.0 -7.9 274 0 7.1 6.1 5.0 2.5 2 0 2 4 4
6911.1 -4257.0 -7.9 94 0 13.9 8.2 5.0 0.0 0 0 2 4 4
6901.9 -4162.1 -7.6 215 0 12.7 10.8 5.0 2.5 2 0 2 3 3
6897.4 -4160.7 -7.4 303 0 9.0 14.0 5.0 2.5 4 0 2 0 0
6910.7 -3844.6 -8.9 273 0 27.3 12.4 7.5 2.5 2 0 3 2 2
6887.3 -3869.8 -7.9 24 0 10.2 9.2 5.0 2.5 2 0 2 1 1
6794.5 -4001.5 -12.1 123 0 11.6 9.6 2.5 0.0 0 0 1 2 2
6882.9 -4735.7 -9.2 187 0 13.7 12.3 5.0 2.5 2 0 2 0 0
6901.9 -4863.3 -10.0 25 0 5.8 6.8 5.0 2.5 2 1 2 0 0
6735.8 -3068.6 -1.4 301 0 4.7 7.6 5.0 2.5 2 1 2 1 1
6637.1 -2658.6 1.0 87 0 8.3 7.3 2.5 2.5 2 0 1 3 3
6806.3 -3186.4 -5.2 115 0 8.2 6.2 2.5 2.5 2 0 1 5 5
6813.5 -3170.9 -5.5 292 0 7.8 6.6 2.5 2.5 4 0 1 4 4
6816.8 -3164.7 -5.6 295 0 7.5 5.4 2.5 2.5 2 0 1 3 3
6814.9 -3159.9 -5.6 205 0 7.1 7.4 2.5 2.5 2 0 1 0 0
6817.7 -3154.0 -5.6 205 0 5.9 7.3 2.5 2.5 2 0 1 0 0
6820.3 -3148.1 -5.6 204 0 6.9 7.3 2.5 2.5 2 0 1 3 3
5326.9 -2347.8 5.8 33 0 10.3 13.8 5.0 2.5 2 1 2 4 4
5318.2 -2330.1 6.1 308 0 4.1 4.2 2.5 0.0 0 1 1 4 4
5263.4 -2515.6 7.3 22 0 9.6 14.1 5.0 2.5 2 1 2 0 0
4980.3 -3360.0 1.5 50 0 8.4 13.4 2.5 2.5 2 1 1 5 5
4970.3 -3353.0 1.5 17 0 7.4 8.8 2.5 2.5 2 1 1 4 4
4641.3 -3825.2 2.3 103 0 10.0 9.5 7.5 2.5 2 0 3 4 4
6628.9 -4594.3 -7.9 258 0 6.7 6.3 5.0 2.5 2 0 2 1 1
6620.2 -4606.7 -8.1 205 0 6.9 6.8 5.0 2.5 2 0 2 5 5
6387.7 -5142.3 -12.1 267 0 3.4 5.9 5.0 2.5 2 1 2 1 1
5136.5 -6840.4 -9.6 211 0 13.9 10.0 5.0 2.5 2 0 2 2 2
5152.8 -6858.7 -10.0 31 0 4.9 3.5 5.0 2.5 4 0 2 3 3
5125.0 -6881.2 -10.1 113 0 11.6 10.2 5.0 2.5 4 0 2 0 0
5143.7 -6868.7 -10.2 26 0 9.1 10.1 5.0 2.5 2 1 2 4 4
5107.5 -6895.3 -9.4 212 0 8.5 13.5 5.0 2.5 2 1 2 2 2
5095.5 -6929.1 -8.3 125 0 8.0 10.4 5.0 2.5 2 1 2 1 1
5073.0 -6911.4 -6.9 211 0 5.9 9.9 5.0 2.5 2 1 2 4 4
6631.2 -4158.0 -11.9 44 0 10.4 8.5 5.0 2.5 2 0 2 3 3
6611.9 -4120.9 -11.5 221 0 5.0 12.6 5.0 2.5 2 1 2 1 1
6596.8 -4154.0 -10.9 125 0 7.7 4.8 5.0 2.5 2 0 2 5 5
6520.0 -4295.6 -4.2 136 0 5.3 4.2 2.5 2.5 2 0 1 5 5
6359.9 -4620.2 -7.4 39 0 8.6 7.8 2.5 2.5 2 0 1 0 0
6332.2 -4646.3 -8.1 32 0 10.4 10.4 2.5 2.5 4 0 1 4 4
6300.9 -4630.4 -7.5 202 0 4.3 5.8 2.5 2.5 2 1 1 2 2
6311.9 -4656.0 -8.2 41 0 6.8 10.8 2.5 2.5 2 1 1 0 0
6314.9 -4718.1 -7.8 34 0 6.8 15.5 2.5 2.5 4 1 1 4 4
5958.9 -5202.4 -3.5 263 0 5.1 4.9 5.0 2.5 4 0 2 4 4
5986.2 -5244.7 -4.5 323 0 10.6 11.3 5.0 2.5 2 1 2 4 4
5980.0 -5266.5 -4.2 291 0 6.3 6.8 5.0 2.5 2 1 2 4 4
5869.7 -5468.8 -2.4 22 0 8.0 15.1 2.5 0.0 0 1 1 4 4
5859.7 -5450.0 -2.3 273 0 6.5 6.6 2.5 0.0 0 1 1 0 0
5831.0 -5489.6 -3.0 126 0 11.2 6.6 2.5 2.5 2 0 1 3 3
5802.7 -5471.0 -3.5 118 0 8.0 10.1 2.5 0.0 0 1 1 3 3
5848.5 -5498.1 -2.6 53 0 9.9 7.2 2.5 2.5 2 0 1 0 0
5847.8 -5478.6 -2.6 1 0 4.3 3.3 2.5 0.0 0 0 1 5 5
5842.8 -5476.3 -2.8 71 0 4.1 4.2 2.5 2.5 2 1 1 3 3
6493.2 -3974.5 -6.7 112 0 10.6 13.9 5.0 2.5 2 1 2 2 2
