6146.9 989.1 -715.7 1 0 3.4 5.8 2.5 2.5 2 1 1 3 3
6160.2 1030.4 -725.8 1 0 3.4 5.8 7.5 2.5 2 1 3 2 2
6149.5 1056.9 -710.7 2 0 3.5 5.9 2.5 2.5 2 1 1 2 2
6127.8 1052.8 -703.9 248 0 5.2 4.1 7.5 2.5 2 0 3 1 1
6137.1 1083.8 -699.0 193 0 13.2 5.2 7.5 2.5 2 0 3 1 1
6147.0 1100.2 -697.8 199 0 7.1 6.5 5.0 2.5 2 0 2 0 0
6122.2 1002.3 -709.5 169 0 3.7 4.3 2.5 2.5 2 1 1 5 5
6113.1 1023.3 -707.0 169 0 3.7 4.3 5.0 2.5 2 1 2 1 1
6125.3 996.7 -709.4 169 0 3.7 4.3 5.0 2.5 2 1 2 3 3
6124.9 989.7 -707.0 169 0 3.7 4.3 7.5 2.5 2 1 3 2 2
6120.2 1032.0 -707.3 169 0 3.7 4.3 2.5 2.5 2 1 1 2 2
6113.1 1042.3 -700.0 169 0 3.7 4.3 7.5 2.5 4 1 3 0 0
6126.9 969.2 -702.4 169 0 3.7 4.3 7.5 2.5 4 1 3 2 2
6111.1 1031.5 -702.7 168 0 3.2 3.9 5.0 2.5 2 1 2 2 2
6115.9 1029.5 -705.9 168 0 3.2 3.9 2.5 2.5 2 1 1 5 5
6119.5 1014.5 -711.6 168 0 3.2 3.9 5.0 2.5 2 1 2 4 4
6110.4 1015.3 -707.3 168 0 3.2 3.9 7.5 2.5 2 1 3 3 3
6124.1 962.5 -699.4 168 0 3.2 3.9 7.5 2.5 2 1 3 5 5
6134.3 960.0 -704.8 75 0 3.2 3.1 7.5 2.5 2 0 3 4 4
6136.2 972.9 -707.7 75 0 3.2 3.1 7.5 0.0 0 0 3 2 2
6166.8 901.8 -713.3 48 0 9.9 8.1 7.5 2.5 4 0 3 0 0
1142.4 5246.5 -146.5 205 0 6.2 5.4 5.0 2.5 2 0 2 0 0
479.2 5425.6 -224.2 127 0 3.5 4.1 7.5 2.5 2 1 3 2 2
364.6 5374.2 -237.2 180 0 3.3 5.7 5.0 2.5 2 1 2 1 1
296.7 4291.9 308.3 56 0 3.2 6.1 2.5 2.5 2 1 1 4 4
290.3 4302.1 305.3 56 0 3.2 6.2 2.5 0.0 0 1 1 2 2
295.8 4279.0 311.9 112 0 3.7 6.3 2.5 0.0 0 1 1 0 0
297.4 4264.2 317.5 235 0 3.0 3.6 5.0 2.5 2 1 2 0 0
311.6 4274.0 314.6 235 0 3.0 3.6 5.0 2.5 2 1 2 4 4
280.8 4252.2 319.7 345 0 9.8 4.4 2.5 0.0 0 0 1 3 3
269.3 4272.6 309.7 149 0 6.6 8.5 2.5 2.5 2 1 1 2 2
300.8 4305.8 304.3 359 0 9.3 7.9 2.5 2.5 2 0 1 5 5
315.9 4320.7 300.6 219 0 7.1 8.1 5.0 2.5 2 1 2 2 2
291.5 4275.5 312.1 55 0 8.2 8.0 2.5 2.5 2 0 1 3 3
290.8 4266.3 315.6 92 0 5.9 5.9 2.5 0.0 0 0 1 4 4
313.4 4285.3 311.3 224 0 3.5 6.0 5.0 2.5 4 1 2 4 4
304.3 4278.8 313.1 212 0 4.3 5.4 5.0 2.5 2 1 2 0 0
302.7 4294.1 308.6 217 0 4.5 5.7 5.0 2.5 2 1 2 3 3
306.4 4304.7 305.2 209 0 6.3 6.2 5.0 2.5 2 0 2 4 4
290.2 4254.6 319.8 179 0 4.8 6.1 5.0 2.5 2 1 2 1 1
301.5 4269.1 315.6 210 0 6.0 4.8 5.0 2.5 2 0 2 2 2
301.9 4258.1 319.0 202 0 3.2 3.7 5.0 2.5 2 1 2 0 0
323.0 4291.1 309.2 322 0 6.3 3.7 5.0 2.5 2 0 2 5 5
98.2 4414.3 169.9 62 0 3.4 5.2 2.5 2.5 2 1 1 3 3
366.7 4376.8 283.3 118 0 4.4 3.8 5.0 2.5 4 0 2 0 0
-1672.6 4130.5 383.1 326 0 6.9 11.7 5.0 0.0 0 1 2 4 4
-1696.8 4132.2 382.7 276 0 5.1 4.0 5.0 2.5 2 0 2 4 4
-1688.6 4112.8 383.0 30 0 3.4 5.7 5.0 2.5 2 1 2 5 5
-1901.1 4895.7 52.7 124 0 4.5 6.5 5.0 2.5 2 1 2 5 5
-5619.7 5360.9 637.5 135 0 4.5 6.2 5.0 2.5 2 1 2 5 5
-5896.0 5270.3 717.8 211 0 4.9 3.9 7.5 2.5 2 0 3 5 5
-5378.6 4616.3 552.9 132 0 3.6 5.2 7.5 2.5 4 1 3 5 5
