-6896.6 -4312.3 1.9 190 0 5.4 9.5 2.5 2.5 2 1 1 0 0
-6896.9 -4295.7 1.3 189 0 3.6 14.9 2.5 2.5 2 1 1 1 1
-6909.7 -4243.5 1.6 17 0 9.5 11.7 2.5 2.5 2 0 1 0 0
-6912.2 -4228.2 1.6 288 0 9.5 9.1 2.5 2.5 2 0 1 4 4
-6872.8 -4247.7 1.0 29 0 16.4 10.1 2.5 0.0 0 0 1 0 0
-6864.6 -4237.6 0.8 17 0 7.0 9.9 2.5 2.5 2 0 1 5 5
-6898.6 -4244.8 1.0 156 0 7.3 13.1 2.5 2.5 2 1 1 1 1
-6867.6 -4263.4 0.2 14 0 8.5 8.0 2.5 2.5 2 0 1 3 3
-6893.4 -4218.1 0.8 149 0 8.8 16.0 2.5 2.5 2 1 1 0 0
-6855.1 -4198.3 0.6 18 0 6.8 9.2 2.5 2.5 2 1 1 4 4
-6854.1 -4180.1 0.5 286 0 9.2 9.1 2.5 0.0 0 0 1 1 1
-6874.3 -4155.7 0.2 108 0 38.3 8.4 2.5 2.5 2 0 1 4 4
-6863.4 -4141.8 0.4 87 0 10.2 8.1 2.5 2.5 2 0 1 4 4
-6907.0 -4122.0 1.5 236 0 11.4 10.6 2.5 2.5 2 0 1 0 0
-6679.7 -4058.8 -4.8 6 0 8.2 13.5 7.5 2.5 2 1 3 4 4
-6780.0 -3981.6 1.1 13 0 11.4 4.7 5.0 2.5 2 0 2 0 0
-6775.9 -3921.0 -0.7 31 0 8.1 7.6 5.0 2.5 2 0 2 3 3
-6832.6 -3646.0 -9.5 195 0 9.3 9.2 5.0 2.5 4 0 2 5 5
-6814.0 -3629.0 -11.0 206 0 9.0 5.7 5.0 2.5 2 0 2 4 4
-6791.7 -3638.5 -10.8 25 0 10.0 13.7 5.0 2.5 2 1 2 4 4
-6668.0 -3446.9 4.4 193 0 8.9 14.9 5.0 2.5 2 1 2 4 4
-6643.0 -3348.4 4.5 213 0 6.9 6.9 2.5 2.5 2 1 1 2 2
-6636.8 -3334.2 4.3 202 0 7.0 9.1 2.5 2.5 2 1 1 2 2
-6624.1 -3329.2 4.4 212 0 5.6 4.3 2.5 2.5 2 0 1 1 1
-6638.0 -3318.5 4.2 10 0 5.1 5.9 2.5 2.5 2 1 1 5 5
-6604.9 -3467.6 4.2 198 0 7.1 13.1 5.0 2.5 2 1 2 5 5
-6596.0 -3461.4 4.3 195 0 3.8 3.5 5.0 2.5 2 0 2 2 2
-6538.1 -3523.9 2.9 176 0 8.0 8.4 2.5 2.5 2 1 1 1 1
-6464.4 -3533.9 1.0 116 0 5.4 5.2 7.5 2.5 2 0 3 2 2
-6796.6 -4386.1 3.7 112 0 5.4 6.9 2.5 2.5 2 1 1 3 3
-6781.6 -4443.3 4.2 108 0 10.2 17.5 2.5 2.5 2 1 1 1 1
-6825.0 -4332.9 1.9 182 0 8.0 13.4 2.5 2.5 2 1 1 5 5
-6815.0 -4314.0 1.4 284 0 3.5 4.6 2.5 2.5 2 1 1 5 5
-6803.3 -4438.7 3.7 106 0 21.9 16.5 2.5 2.5 2 0 1 2 2
-6770.1 -4413.9 4.2 22 0 13.9 9.5 2.5 2.5 2 0 1 3 3
-6770.8 -4398.6 4.1 9 0 5.9 7.0 2.5 2.5 2 1 1 2 2
-6766.1 -4441.6 4.4 21 0 17.9 7.1 2.5 2.5 2 0 1 0 0
-6886.2 -4430.2 1.3 194 0 5.3 5.2 5.0 2.5 2 0 2 0 0
-6894.0 -4613.7 0.7 204 0 11.5 11.1 5.0 2.5 2 0 2 3 3
-6872.1 -4624.6 -1.1 103 0 15.2 10.7 5.0 2.5 2 0 2 4 4
-6647.3 -3240.3 3.4 269 0 7.3 8.3 5.0 2.5 4 1 2 4 4
-6663.9 -3262.2 3.4 116 0 5.1 6.3 5.0 2.5 2 1 2 0 0
-6693.7 -3251.1 3.2 117 0 7.1 6.8 5.0 2.5 2 0 2 0 0
-6799.8 -3170.2 5.6 181 0 9.5 7.7 5.0 2.5 2 0 2 4 4
-6058.5 -3471.6 3.9 191 0 5.2 8.4 5.0 2.5 2 1 2 1 1
-6030.6 -4228.2 -14.3 110 0 7.7 8.7 5.0 2.5 2 1 2 4 4
-6440.0 -2553.1 5.1 14 0 7.3 15.6 2.5 2.5 2 1 1 2 2
-6430.9 -2490.2 5.1 284 0 8.8 12.5 2.5 0.0 0 1 1 1 1
-6502.5 -2336.6 5.8 104 0 11.0 10.8 2.5 2.5 2 0 1 2 2
-6483.8 -2340.8 6.0 103 0 10.2 12.8 2.5 2.5 2 1 1 0 0
-6465.5 -2345.0 6.1 103 0 11.1 11.1 2.5 2.5 2 1 1 1 1
-6447.0 -2348.5 6.3 104 0 10.6 11.5 2.5 2.5 4 1 1 2 2
-6425.9 -2352.7 6.4 105 0 12.5 13.2 2.5 2.5 2 1 1 2 2
-6407.5 -2357.0 6.0 105 0 12.7 13.8 2.5 2.5 4 1 1 1 1
-6535.1 -2338.7 5.7 13 0 11.9 11.9 2.5 2.5 2 1 1 3 3
-6541.7 -2369.6 6.0 12 0 34.5 13.9 2.5 2.5 2 0 1 4 4
-6516.2 -2479.0 3.9 288 0 8.6 7.3 2.5 0.0 0 0 1 5 5
-5726.8 -935.4 -8.6 195 0 7.4 18.2 2.5 0.0 0 1 1 2 2
-5723.1 -924.9 -8.7 122 0 7.6 5.7 2.5 2.5 2 0 1 4 4
