-281.8 -3545.7 5.9 280 0 8.3 6.6 2.5 2.5 2 0 1 2 2
-330.7 -3507.4 11.5 310 0 4.5 8.8 2.5 2.5 2 1 1 5 5
-326.0 -3539.5 7.8 11 0 6.1 10.6 2.5 0.0 0 1 1 5 5
-348.5 -3559.1 5.7 67 0 4.9 8.5 2.5 0.0 0 1 1 4 4
-345.0 -3588.2 -0.1 253 0 6.4 11.1 2.5 0.0 0 1 1 1 1
-341.2 -3611.2 -2.1 149 0 6.4 10.8 2.5 0.0 0 1 1 5 5
-329.7 -3622.7 -3.5 164 0 6.2 10.5 2.5 0.0 0 1 1 2 2
-308.1 -3616.8 -2.1 39 0 7.1 8.4 2.5 0.0 0 1 1 0 0
-310.8 -3589.0 0.9 234 0 5.8 10.1 2.5 0.0 0 1 1 1 1
-317.4 -3576.9 2.6 221 0 5.6 10.2 2.5 0.0 0 1 1 0 0
-294.1 -3581.9 1.7 213 0 6.0 10.2 2.5 0.0 0 1 1 2 2
-307.3 -3566.6 4.1 184 0 6.6 11.4 2.5 0.0 0 1 1 3 3
-292.2 -3542.3 6.4 309 0 4.5 8.7 2.5 0.0 0 1 1 2 2
-312.1 -3534.8 7.5 223 0 6.0 10.3 2.5 0.0 0 1 1 0 0
-314.1 -3524.6 9.8 49 0 5.9 10.2 2.5 0.0 0 1 1 1 1
-310.1 -3499.0 11.9 260 0 5.9 9.8 2.5 0.0 0 1 1 4 4
-330.4 -3682.6 -13.9 244 0 16.7 24.1 2.5 0.0 0 1 1 5 5
