4295.6 -4159.5 4.8 177 0 10.9 7.7 2.5 2.5 4 0 1 3 3
4463.9 -4309.4 0.8 358 0 6.0 5.3 2.5 2.5 2 1 1 2 2
4464.7 -4302.3 -1.6 357 0 6.0 5.3 2.5 2.5 2 1 1 3 3
3939.3 -3972.4 78.3 342 0 8.3 6.5 2.5 2.5 2 1 1 5 5
3976.5 -3734.5 -9.3 42 0 6.7 9.7 2.5 2.5 2 1 1 2 2
3951.6 -3718.5 -6.7 216 0 5.9 7.8 2.5 2.5 2 1 1 1 1
3980.4 -3707.4 -18.9 297 0 8.8 6.0 2.5 2.5 2 0 1 2 2
4593.9 -4274.3 -3.0 36 0 5.9 7.8 2.5 2.5 2 1 1 2 2
4678.1 -3613.1 -81.9 32 0 6.8 4.7 2.5 2.5 2 0 1 1 1
4716.4 -3648.6 -70.3 317 0 4.7 6.8 2.5 2.5 2 1 1 5 5
4683.6 -3604.7 -83.5 45 0 8.7 7.0 2.5 2.5 2 0 1 2 2
4693.2 -3625.7 -71.6 234 0 13.2 8.3 2.5 2.5 2 0 1 5 5
4700.6 -3673.6 -61.8 128 0 7.0 8.7 2.5 2.5 2 1 1 5 5
4707.3 -3681.6 -63.1 128 0 7.0 8.7 2.5 2.5 2 1 1 5 5
4742.7 -3730.0 -52.5 150 0 11.7 7.3 2.5 2.5 2 0 1 0 0
4730.2 -3725.6 -52.2 128 0 8.4 12.6 5.0 2.5 2 1 2 4 4
4732.8 -3734.1 -50.8 129 0 4.9 7.7 5.0 2.5 2 1 2 5 5
6025.5 4213.0 -34.4 295 0 11.0 8.6 2.5 2.5 2 0 1 1 1
