-2711.8 3867.3 2.5 96 0 11.0 20.8 5.0 2.5 2 1 2 3 3
-2247.5 3022.4 -15.5 116 0 9.4 18.5 7.5 2.5 2 1 3 4 4
-2074.8 3142.3 -16.6 91 0 12.4 13.8 5.0 2.5 2 1 2 0 0
-2090.6 3142.5 -16.4 93 0 12.8 13.7 5.0 0.0 0 1 2 0 0
-2052.7 3173.4 -15.2 8 0 7.2 7.9 5.0 2.5 2 1 2 5 5
-2898.1 3434.9 -5.7 205 0 7.6 7.6 5.0 2.5 2 1 2 4 4
-2892.1 3440.5 -6.3 116 0 6.9 7.3 5.0 2.5 2 1 2 0 0
-2919.0 3437.8 -5.7 112 0 7.2 7.8 5.0 2.5 2 1 2 0 0
-2915.1 3447.9 -6.1 114 0 7.0 7.9 5.0 2.5 2 1 2 1 1
-2910.7 3458.2 -6.4 115 0 6.4 6.9 5.0 2.5 2 1 2 1 1
-2908.2 3472.9 -6.7 204 0 7.3 6.7 5.0 2.5 2 0 2 3 3
-2887.7 3450.7 -6.8 113 0 7.1 7.1 5.0 2.5 2 0 2 3 3
-2883.9 3461.0 -7.2 114 0 6.4 6.8 5.0 2.5 2 1 2 3 3
-2904.5 3483.1 -7.1 202 0 7.1 7.6 5.0 2.5 2 1 2 1 1
-2875.3 3473.6 -7.5 21 0 7.1 7.0 5.0 2.5 2 0 2 3 3
-2870.8 3484.6 -7.9 22 0 7.1 6.5 5.0 0.0 0 0 2 0 0
-2866.9 3494.5 -8.2 24 0 7.6 6.6 5.0 2.5 2 0 2 1 1
-2862.7 3505.1 -8.5 23 0 7.2 6.9 5.0 0.0 0 0 2 3 3
-2858.9 3515.3 -8.7 23 0 7.8 6.6 5.0 2.5 4 0 2 0 0
-2855.4 3530.4 -8.7 292 0 7.7 8.0 5.0 2.5 2 1 2 3 3
-2880.9 3536.6 -7.9 204 0 7.3 6.8 5.0 2.5 2 0 2 2 2
-2899.8 3494.4 -7.4 207 0 7.3 7.5 5.0 2.5 2 1 2 3 3
-2895.5 3504.3 -7.8 203 0 7.0 7.0 5.0 2.5 2 0 2 2 2
-2891.7 3515.5 -8.1 203 0 7.9 8.0 5.0 2.5 2 1 2 3 3
-2886.9 3525.3 -8.1 203 0 7.9 7.6 5.0 2.5 2 0 2 5 5
-2761.7 3745.5 -1.5 191 0 15.3 11.9 5.0 2.5 2 0 2 5 5
-2695.1 4025.5 5.3 95 0 25.9 9.6 5.0 2.5 4 0 2 4 4
-2673.2 4018.1 4.9 94 0 9.1 10.0 5.0 2.5 2 1 2 5 5
-2669.0 4560.7 10.3 93 0 28.9 12.1 2.5 2.5 2 0 1 5 5
-2695.8 4541.7 9.3 94 0 13.7 19.3 2.5 2.5 2 1 1 3 3
-2674.7 4489.6 9.8 288 0 16.4 14.2 5.0 2.5 2 0 2 1 1
-2767.1 4614.0 12.7 10 0 13.8 10.8 2.5 2.5 2 0 1 1 1
-2763.0 4630.1 12.8 9 0 11.6 9.7 2.5 2.5 2 0 1 2 2
-2760.0 4662.4 12.3 10 0 18.9 15.8 2.5 2.5 2 0 1 1 1
-2753.2 4696.1 11.7 323 0 8.9 14.2 2.5 2.5 2 1 1 0 0
-2499.3 6462.0 3.0 263 0 8.7 8.7 5.0 2.5 2 1 2 4 4
-2525.1 6449.0 3.6 84 0 11.1 7.5 5.0 2.5 2 0 2 5 5
-3115.8 4008.0 12.6 6 0 9.9 8.4 2.5 2.5 2 0 1 4 4
-3110.0 4020.0 12.7 4 0 4.5 4.2 2.5 2.5 2 0 1 0 0
-3110.9 4085.9 13.4 188 0 7.0 6.7 5.0 2.5 4 0 2 5 5
-3118.2 4053.4 12.9 188 0 23.3 12.9 7.5 2.5 2 0 3 2 2
-3042.9 3454.5 -2.8 182 0 18.9 10.7 2.5 2.5 2 0 1 0 0
-3045.9 3433.4 -4.6 183 0 14.0 16.2 2.5 0.0 0 1 1 0 0
-3044.6 3411.7 -5.5 184 0 6.9 9.2 2.5 2.5 4 1 1 4 4
-3046.0 3385.8 -6.6 8 0 8.5 8.6 2.5 2.5 4 1 1 3 3
-3040.9 3381.9 -6.6 94 0 5.4 8.1 2.5 2.5 2 1 1 4 4
-3047.0 3370.0 -7.4 3 0 7.8 12.5 2.5 2.5 2 1 1 4 4
-3045.1 3334.4 -8.8 2 0 8.6 19.8 5.0 2.5 4 1 2 1 1
-3053.3 3307.7 -9.9 5 0 10.6 14.1 5.0 2.5 2 1 2 0 0
-3078.5 3285.9 -10.9 186 0 13.9 12.4 5.0 2.5 2 0 2 4 4
-3086.3 3267.9 -11.2 180 0 10.4 14.6 5.0 2.5 2 1 2 0 0
-3095.1 3231.5 -10.6 187 0 14.3 14.8 5.0 2.5 4 1 2 1 1
-3134.4 3300.9 -9.4 274 0 20.8 22.1 5.0 2.5 2 1 2 0 0
