2005.2 -5148.1 -2.2 3 0 15.8 8.9 5.0 2.5 2 0 2 4 4
1930.7 -5285.8 0.5 181 0 12.7 11.5 5.0 2.5 2 0 2 1 1
1950.9 -5302.1 -0.3 92 0 14.6 10.6 5.0 2.5 2 0 2 1 1
1983.7 -5258.7 -1.8 19 0 13.1 8.6 5.0 2.5 2 0 2 5 5
2006.1 -5290.0 -2.2 272 0 11.3 7.8 5.0 2.5 2 0 2 3 3
2041.0 -5216.7 -2.7 186 0 7.7 7.8 5.0 0.0 0 1 2 4 4
2053.5 -5141.2 -2.7 95 0 7.6 7.7 5.0 2.5 2 1 2 1 1
2056.0 -5099.7 -2.7 331 0 9.4 5.3 5.0 2.5 2 0 2 2 2
2041.1 -5064.5 -2.4 263 0 11.8 7.0 5.0 2.5 2 0 2 4 4
2007.5 -5083.2 -1.9 2 0 9.1 9.5 5.0 2.5 2 1 2 4 4
2001.4 -5046.0 -1.6 15 0 9.3 27.5 5.0 2.5 2 1 2 3 3
2017.8 -5094.3 -2.2 182 0 8.3 6.5 5.0 2.5 2 0 2 1 1
2024.2 -5079.8 -2.2 173 0 7.0 7.2 5.0 2.5 2 1 2 4 4
2030.7 -5147.8 -2.4 276 0 8.0 5.5 5.0 2.5 2 0 2 5 5
2014.2 -5181.0 -2.2 182 0 8.6 8.8 5.0 2.5 2 1 2 5 5
2025.3 -5198.7 -2.4 189 0 6.9 5.0 5.0 0.0 0 0 2 1 1
2013.8 -5197.8 -2.3 186 0 8.9 8.4 5.0 2.5 2 0 2 5 5
2012.0 -5245.9 -2.3 183 0 8.8 9.4 5.0 0.0 0 1 2 2 2
2038.2 -5236.8 -2.7 193 0 6.7 7.4 5.0 2.5 4 1 2 3 3
2055.7 -5174.9 -2.7 13 0 8.4 8.0 5.0 2.5 2 0 2 5 5
2056.5 -5264.3 -2.9 13 0 7.8 5.6 5.0 2.5 2 0 2 5 5
2031.9 -5290.8 -2.7 175 0 6.8 8.7 5.0 2.5 2 1 2 2 2
2211.0 -5324.5 -5.3 30 0 15.1 10.7 5.0 2.5 2 0 2 3 3
2159.6 -5319.3 -4.6 125 0 8.9 9.2 5.0 2.5 2 1 2 4 4
2185.1 -5288.7 -4.8 31 0 9.1 8.8 5.0 2.5 2 0 2 3 3
2200.5 -5339.6 -5.2 29 0 9.6 7.9 5.0 2.5 2 0 2 0 0
2209.3 -5302.2 -5.3 209 0 9.8 8.5 5.0 2.5 4 0 2 1 1
2234.5 -5264.9 -5.5 299 0 8.2 8.0 5.0 2.5 2 0 2 1 1
2243.7 -5270.0 -5.4 305 0 9.8 5.6 5.0 2.5 2 0 2 0 0
2243.0 -5248.5 -4.9 120 0 9.7 8.8 2.5 2.5 2 0 1 2 2
2226.4 -5232.8 -4.9 36 0 8.6 7.5 2.5 2.5 2 0 1 0 0
2210.0 -5244.1 -5.1 307 0 8.3 7.1 5.0 2.5 4 0 2 4 4
2277.4 -5167.1 -3.2 39 0 9.0 7.7 2.5 2.5 2 0 1 4 4
2284.9 -5153.9 -2.9 36 0 7.9 6.1 2.5 2.5 2 0 1 1 1
2294.3 -5165.1 -3.0 218 0 8.6 7.0 2.5 2.5 2 0 1 4 4
2271.8 -5190.3 -3.6 213 0 7.9 9.4 2.5 2.5 2 1 1 1 1
2296.7 -5142.2 -2.6 39 0 12.6 8.3 2.5 2.5 2 0 1 0 0
2321.6 -5188.3 -4.1 126 0 8.9 8.4 2.5 2.5 2 0 1 0 0
2363.2 -5185.8 -5.4 308 0 5.7 7.4 2.5 2.5 2 1 1 5 5
2342.1 -5246.8 -5.6 26 0 7.3 13.5 2.5 2.5 2 1 1 5 5
2201.1 -5258.4 -5.0 30 0 7.1 6.4 5.0 2.5 2 0 2 0 0
