708.4 6405.2 -3.1 199 0 8.3 12.4 5.0 2.5 2 1 2 3 3
731.3 6407.4 -3.3 207 0 13.9 11.5 5.0 2.5 2 0 2 0 0
776.5 6403.7 -3.5 25 0 9.2 8.3 5.0 2.5 2 0 2 4 4
761.3 6411.6 -3.4 292 0 12.3 10.0 5.0 2.5 2 0 2 2 2
751.0 6538.9 -3.3 282 0 10.7 30.0 2.5 2.5 2 1 1 5 5
737.6 6550.0 -3.2 278 0 13.0 10.1 2.5 2.5 2 0 1 4 4
718.7 6553.1 -3.2 275 0 17.7 11.6 2.5 0.0 0 0 1 2 2
676.7 6548.6 -3.3 183 0 12.2 30.7 2.5 2.5 2 1 1 4 4
681.5 6539.3 -3.4 273 0 12.0 37.4 2.5 2.5 2 1 1 1 1
685.4 6488.4 -3.3 3 0 19.1 11.2 2.5 2.5 2 0 1 5 5
