-6230.4 -2534.5 -10.2 325 0 8.3 7.1 2.5 2.5 2 0 1 2 2
-6245.1 -2549.3 -8.6 140 0 9.6 10.8 7.5 2.5 2 1 3 3 3
-6261.4 -2395.7 -22.3 225 0 11.1 14.3 2.5 2.5 2 1 1 1 1
-6268.1 -2407.5 -21.9 234 0 9.9 12.2 7.5 2.5 2 1 3 2 2
-6283.5 -2416.9 -21.9 230 0 7.4 12.9 7.5 2.5 2 1 3 4 4
-6287.8 -2411.4 -22.6 231 0 12.7 5.4 5.0 2.5 2 0 2 4 4
-6291.0 -2427.7 -21.5 232 0 6.9 9.8 2.5 2.5 2 1 1 0 0
-6309.9 -2434.6 -22.1 231 0 5.8 13.3 5.0 2.5 2 1 2 2 2
-6314.7 -2447.8 -21.3 232 0 9.3 8.7 5.0 2.5 2 0 2 1 1
-6327.5 -2453.5 -21.7 234 0 7.6 12.2 7.5 2.5 2 1 3 3 3
-6338.4 -2458.8 -21.9 231 0 10.2 18.0 10.0 2.5 2 1 4 0 0
-6349.6 -2470.3 -18.8 236 0 6.8 15.0 7.5 2.5 2 1 3 2 2
-6361.0 -2480.3 -17.7 234 0 9.7 13.6 2.5 2.5 2 1 1 3 3
-6376.1 -2494.8 -17.0 235 0 7.6 16.0 7.5 2.5 4 1 3 1 1
-6357.7 -2510.5 -10.7 141 0 9.5 8.2 7.5 2.5 2 0 3 1 1
-6339.4 -2508.4 -12.8 60 0 10.1 12.0 5.0 2.5 2 1 2 0 0
-6311.1 -2486.7 -18.3 45 0 6.1 12.2 7.5 2.5 4 1 3 0 0
-6309.5 -2468.1 -19.4 231 0 15.2 8.2 2.5 2.5 2 0 1 2 2
-6284.6 -2484.8 -17.7 47 0 11.8 10.1 7.5 2.5 4 0 3 3 3
-6282.9 -2452.5 -19.2 231 0 34.5 10.1 12.5 2.5 2 0 5 4 4
-6258.3 -2462.0 -17.9 51 0 18.0 8.8 7.5 2.5 2 0 3 3 3
-6209.5 -2460.0 -16.6 48 0 8.6 19.2 7.5 0.0 0 1 3 1 1
-6257.0 -2431.7 -19.4 234 0 11.7 19.8 5.0 2.5 2 1 2 1 1
-6226.4 -2397.2 -20.7 318 0 8.8 12.8 2.5 2.5 2 1 1 2 2
-6225.6 -2388.2 -20.9 226 0 8.2 15.2 5.0 2.5 2 1 2 4 4
-6199.8 -2409.9 -18.7 319 0 11.8 9.7 7.5 2.5 2 0 3 5 5
-6103.0 -2406.0 -7.6 33 0 9.2 10.5 7.5 2.5 2 1 3 2 2
-6168.9 -2410.2 -16.9 314 0 8.2 6.7 7.5 2.5 2 0 3 1 1
-6172.3 -2426.6 -16.9 42 0 10.3 12.8 5.0 0.0 0 1 2 1 1
-6636.4 -3691.9 -16.9 94 0 11.0 12.3 5.0 2.5 2 1 2 3 3
-6645.8 -3755.7 -21.4 282 0 9.0 10.1 7.5 2.5 2 1 3 4 4
-6616.4 -3781.9 -17.3 6 0 8.7 15.3 5.0 2.5 2 1 2 3 3
-6647.7 -4039.3 -18.5 7 0 9.3 7.8 2.5 2.5 2 0 1 3 3
-6623.3 -4037.2 -13.4 97 0 9.1 13.2 5.0 2.5 2 1 2 2 2
-6632.6 -4025.3 -16.8 14 0 11.1 9.9 7.5 2.5 2 0 3 3 3
-6651.5 -4000.7 -18.6 188 0 8.7 18.2 2.5 2.5 2 1 1 0 0
-6604.3 -3998.1 -18.2 13 0 11.8 44.0 10.0 2.5 2 1 4 0 0
-6604.6 -3901.7 -13.3 7 0 12.0 11.3 7.5 2.5 2 0 3 3 3
-6627.0 -3891.1 -16.0 276 0 7.5 21.3 7.5 0.0 0 1 3 4 4
-6633.3 -3869.3 -16.9 276 0 6.8 12.0 7.5 2.5 2 1 3 3 3
-6649.5 -3867.3 -19.9 276 0 8.1 25.2 5.0 2.5 2 1 2 1 1
-6660.1 -3924.9 -20.7 192 0 17.4 10.0 7.5 2.5 2 0 3 1 1
-6664.0 -3946.5 -21.1 190 0 10.3 7.9 7.5 2.5 4 0 3 4 4
-6664.3 -3963.7 -21.0 182 0 16.4 8.3 7.5 2.5 2 0 3 2 2
-6675.1 -3997.1 -22.3 194 0 10.8 15.1 5.0 2.5 2 1 2 0 0
-6681.5 -4022.3 -22.9 189 0 11.5 8.8 5.0 2.5 2 0 2 0 0
-6681.3 -4035.6 -22.8 193 0 11.9 15.0 5.0 2.5 2 1 2 2 2
-6681.3 -4058.9 -22.5 193 0 14.4 8.4 5.0 2.5 2 0 2 3 3
-6682.2 -4082.5 -22.1 182 0 8.1 10.6 5.0 0.0 0 1 2 4 4
-6682.8 -4092.8 -21.9 183 0 6.0 12.4 2.5 2.5 2 1 1 5 5
-6681.2 -4108.0 -21.1 187 0 10.2 8.2 7.5 2.5 2 0 3 5 5
-6683.0 -4120.2 -21.0 196 0 8.7 10.7 7.5 0.0 0 1 3 3 3
-6568.0 -4164.4 -10.7 84 0 10.0 13.5 7.5 2.5 2 1 3 2 2
-6650.2 -4189.1 -19.0 349 0 9.7 10.1 7.5 2.5 2 1 3 4 4
-6682.7 -4260.6 -19.9 203 0 28.1 7.4 7.5 2.5 2 0 3 0 0
-6648.0 -4358.7 -12.7 18 0 10.9 16.3 5.0 2.5 2 1 2 0 0
-6641.6 -4334.8 -15.9 18 0 13.5 16.7 5.0 2.5 2 1 2 3 3
-6643.4 -4301.1 -17.3 22 0 10.3 20.5 7.5 2.5 2 1 3 1 1
-6698.2 -4292.4 -20.5 211 0 13.2 25.9 17.5 0.0 0 1 7 2 2
-6724.8 -4341.5 -17.6 193 0 10.7 17.5 7.5 2.5 4 1 3 5 5
-6712.5 -4373.3 -13.8 196 0 11.8 10.0 5.0 2.5 2 0 2 2 2
-6661.4 -4381.1 -11.6 13 0 16.2 9.1 2.5 2.5 2 0 1 3 3
-6675.7 -4408.8 -12.5 8 0 8.4 14.8 7.5 2.5 4 1 3 2 2
-6681.5 -4436.9 -12.6 17 0 13.1 8.0 7.5 2.5 2 0 3 0 0
-6706.2 -4443.1 -13.7 105 0 11.4 21.9 7.5 2.5 2 1 3 3 3
-6695.3 -4466.5 -12.2 94 0 12.2 9.9 5.0 2.5 4 0 2 0 0
-6721.0 -4431.4 -14.4 103 0 7.2 10.4 2.5 2.5 2 1 1 4 4
-6734.3 -4403.0 -16.3 101 0 8.4 13.0 7.5 2.5 2 1 3 4 4
-6690.6 -5288.6 -11.0 218 0 12.1 7.6 2.5 2.5 4 0 1 1 1
-6679.3 -5305.8 -15.2 135 0 7.6 8.6 7.5 2.5 2 1 3 2 2
-6683.3 -5326.6 -22.1 128 0 14.0 7.2 7.5 2.5 2 0 3 4 4
-6658.1 -5354.3 -23.5 125 0 7.7 11.3 7.5 2.5 2 1 3 2 2
-6649.5 -5328.8 -19.0 123 0 6.8 11.7 5.0 2.5 2 1 2 0 0
-6628.2 -5277.4 -10.8 232 0 6.2 11.7 5.0 2.5 2 1 2 3 3
-6607.7 -5289.7 -11.2 314 0 10.7 9.6 7.5 2.5 2 0 3 4 4
-6613.1 -5347.9 -18.2 41 0 6.4 10.7 7.5 2.5 4 1 3 3 3
-6630.8 -5368.3 -22.5 131 0 12.2 6.7 5.0 2.5 2 0 2 4 4
-6604.2 -5370.2 -20.6 42 0 9.0 9.7 5.0 2.5 2 1 2 2 2
2259.2 -5102.5 -16.4 93 0 13.2 15.8 7.5 2.5 2 1 3 4 4
2319.2 -5171.4 -19.1 104 0 10.3 11.1 7.5 2.5 2 1 3 5 5
2483.0 -5105.3 -21.4 82 0 6.2 12.4 7.5 2.5 4 1 3 4 4
2488.3 -5046.8 -19.3 355 0 9.3 14.8 5.0 2.5 2 1 2 0 0
2458.5 -5106.3 -21.1 81 0 15.9 8.5 2.5 2.5 4 0 1 1 1
2433.6 -5115.3 -20.9 81 0 17.8 18.2 7.5 2.5 2 1 3 0 0
2409.5 -5113.8 -20.4 84 0 10.8 11.4 5.0 2.5 2 1 2 3 3
2377.0 -5112.1 -20.1 171 0 9.4 18.0 5.0 2.5 2 1 2 2 2
2337.4 -5064.7 -18.7 187 0 9.9 18.8 5.0 0.0 0 1 2 2 2
2341.2 -5051.2 -18.7 184 0 9.3 16.5 7.5 0.0 0 1 3 4 4
2340.4 -5036.2 -18.6 187 0 9.6 18.1 5.0 2.5 2 1 2 2 2
2344.5 -5022.4 -18.6 188 0 9.0 15.6 2.5 0.0 0 1 1 1 1
2339.9 -4999.9 -18.1 191 0 10.7 5.5 7.5 2.5 2 0 3 1 1
2348.4 -5003.8 -18.5 189 0 11.2 10.1 2.5 2.5 2 0 1 4 4
2348.2 -4975.6 -18.3 193 0 17.7 7.2 5.0 2.5 2 0 2 4 4
2359.2 -4950.9 -18.6 192 0 7.8 10.8 7.5 2.5 2 0 3 3 3
2357.5 -4958.9 -18.6 192 0 8.6 10.8 7.5 2.5 2 0 3 4 4
2366.1 -4922.8 -18.6 196 0 11.1 8.8 7.5 2.5 4 0 3 0 0
2368.7 -4904.5 -18.7 195 0 19.8 10.7 10.0 2.5 2 0 4 0 0
2378.9 -4857.9 -18.6 272 0 11.4 7.8 7.5 2.5 2 0 3 0 0
2370.6 -4873.2 -18.9 180 0 9.6 23.1 7.5 2.5 2 1 3 1 1
2514.4 -4895.7 -14.7 54 0 9.6 5.8 5.0 2.5 2 0 2 5 5
2536.1 -4867.4 -13.5 255 0 25.5 12.8 12.5 2.5 2 0 5 2 2
3540.5 -6092.8 -23.4 190 0 7.0 10.4 2.5 0.0 0 1 1 3 3
3460.0 -6121.2 -22.7 212 0 14.3 10.4 10.0 2.5 2 0 4 4 4
2989.8 -5723.0 -22.7 237 0 11.9 13.8 5.0 2.5 2 1 2 3 3
3009.6 -5758.6 -22.8 341 0 9.2 11.9 2.5 2.5 2 1 1 1 1
2998.3 -5772.5 -22.8 343 0 17.5 10.9 10.0 2.5 2 0 4 4 4
3013.4 -5781.9 -22.8 317 0 11.8 13.9 5.0 2.5 2 1 2 4 4
3022.8 -5795.6 -22.8 318 0 12.3 12.4 10.0 2.5 2 1 4 1 1
2964.6 -5825.2 -17.7 114 0 37.7 12.4 10.0 2.5 2 0 4 2 2
3007.1 -5872.6 -9.3 276 0 9.2 22.2 5.0 2.5 2 1 2 4 4
3002.4 -5909.1 -6.8 30 0 21.9 12.1 15.0 0.0 0 0 6 2 2
-2942.9 2457.8 -15.8 292 0 13.4 13.7 5.0 2.5 2 1 2 1 1
-2962.7 2457.0 -16.0 292 0 9.5 14.7 5.0 2.5 4 1 2 3 3
-3017.5 2438.3 -16.4 112 0 9.4 11.1 5.0 2.5 2 1 2 4 4
-2976.7 2422.3 -16.1 112 0 9.0 12.9 5.0 2.5 4 1 2 5 5
-2962.5 2415.4 -16.0 112 0 7.7 13.8 5.0 2.5 2 1 2 2 2
-2858.6 2252.8 -17.0 88 0 6.8 16.1 5.0 2.5 2 1 2 4 4
-2824.8 2251.8 -17.1 31 0 6.3 13.2 5.0 2.5 2 1 2 2 2
-2799.5 2251.6 -15.5 80 0 12.4 8.8 5.0 2.5 2 0 2 4 4
-2822.0 2342.3 -15.9 137 0 15.0 10.1 5.0 2.5 2 0 2 4 4
-2810.0 2328.7 -16.1 143 0 6.5 12.3 5.0 2.5 2 1 2 4 4
-2804.4 2313.1 -16.3 146 0 8.3 15.0 5.0 2.5 2 1 2 3 3
-2765.2 2281.0 -14.6 64 0 9.5 8.9 5.0 2.5 2 0 2 5 5
-2793.3 2421.4 -13.7 251 0 8.6 9.4 5.0 2.5 2 1 2 4 4
-2747.9 2499.5 -13.5 6 0 21.3 10.3 5.0 2.5 2 0 2 2 2
-2719.5 2451.1 -10.7 6 0 24.0 11.8 5.0 2.5 2 0 2 3 3
-2754.5 2392.1 -13.1 335 0 12.5 8.4 5.0 2.5 2 0 2 0 0
-2742.4 2400.1 -12.0 323 0 13.4 8.9 5.0 2.5 2 0 2 2 2
-2734.7 2385.9 -12.2 318 0 6.8 8.4 5.0 2.5 2 1 2 2 2
-2728.8 2378.7 -12.5 322 0 5.5 11.7 5.0 2.5 2 1 2 5 5
-2722.5 2370.7 -12.2 327 0 8.2 10.3 5.0 2.5 4 1 2 0 0
-2702.7 2311.7 -12.2 62 0 6.0 13.6 5.0 2.5 2 1 2 3 3
-2715.3 2328.6 -12.4 62 0 5.9 7.0 5.0 2.5 2 1 2 4 4
-2705.7 2334.4 -11.5 62 0 8.7 7.9 5.0 2.5 2 0 2 2 2
-2673.2 2372.5 -7.2 332 0 6.4 8.3 5.0 2.5 2 1 2 5 5
-2695.8 2378.1 -8.8 332 0 8.4 7.0 5.0 2.5 2 0 2 5 5
-2686.5 2366.0 -8.7 332 0 7.9 9.0 5.0 2.5 2 1 2 5 5
2187.4 519.4 1.6 264 0 20.1 8.4 5.0 2.5 2 0 2 0 0
2163.0 812.2 1.2 129 0 8.0 13.3 2.5 2.5 4 1 1 4 4
2129.0 729.2 0.3 175 0 15.9 9.4 7.5 2.5 2 0 3 3 3
2133.4 695.0 -0.2 169 0 23.1 9.4 7.5 2.5 4 0 3 2 2
2149.0 645.6 2.6 171 0 7.5 16.8 5.0 2.5 2 1 2 5 5
2198.3 657.5 2.6 266 0 10.4 11.7 5.0 2.5 2 1 2 4 4
2316.6 666.9 6.0 358 0 7.8 13.3 5.0 2.5 2 1 2 4 4
2256.9 662.0 4.1 269 0 10.7 15.2 5.0 2.5 2 1 2 1 1
2283.2 643.9 5.6 72 0 7.2 12.5 5.0 2.5 2 1 2 5 5
2278.0 831.6 -1.7 198 0 9.7 9.2 2.5 2.5 2 0 1 0 0
2304.3 797.7 -1.1 64 0 9.7 13.9 2.5 2.5 2 1 1 4 4
2258.7 737.5 -0.2 185 0 34.4 12.5 10.0 2.5 2 0 4 3 3
2304.2 732.4 2.3 358 0 6.9 11.8 7.5 0.0 0 1 3 1 1
-128.7 -228.2 19.5 88 0 11.0 10.2 5.0 2.5 2 0 2 4 4
44.4 -254.1 5.0 269 0 19.7 12.2 5.0 2.5 2 0 2 5 5
108.3 -241.2 2.0 265 0 8.2 10.2 5.0 2.5 2 1 2 5 5
242.8 -226.1 4.1 275 0 14.6 12.9 5.0 2.5 2 0 2 4 4
221.2 -226.1 2.8 271 0 8.6 13.7 5.0 2.5 2 1 2 3 3
198.4 -226.7 1.5 265 0 11.8 9.9 5.0 2.5 2 0 2 1 1
178.7 -230.1 0.2 265 0 9.6 17.7 5.0 0.0 0 1 2 5 5
448.0 -297.4 15.9 342 0 6.9 11.6 5.0 2.5 2 1 2 1 1
453.9 -331.8 17.9 340 0 8.9 12.1 5.0 2.5 4 1 2 0 0
444.0 -345.7 18.0 335 0 5.3 11.2 5.0 0.0 0 1 2 4 4
419.8 -385.4 14.8 161 0 10.1 23.6 5.0 0.0 0 1 2 5 5
-519.9 -310.7 1.4 306 0 8.7 9.2 5.0 2.5 2 1 2 0 0
-685.5 -442.5 9.3 59 0 18.0 13.2 5.0 2.5 2 0 2 1 1
-679.7 -356.9 4.0 116 0 9.1 10.3 5.0 2.5 2 1 2 0 0
-647.5 -348.9 1.8 119 0 12.0 9.2 5.0 2.5 2 0 2 3 3
-593.1 -423.3 2.8 120 0 15.6 7.9 5.0 2.5 2 0 2 2 2
-609.7 -300.0 1.7 303 0 8.4 14.2 5.0 0.0 0 1 2 3 3
-590.0 -297.5 0.9 299 0 10.2 44.5 5.0 2.5 4 1 2 1 1
-616.8 -362.7 0.5 123 0 14.3 10.3 5.0 2.5 2 0 2 3 3
-615.2 -391.2 1.0 112 0 11.9 11.0 5.0 0.0 0 0 2 5 5
-573.3 -410.5 1.5 118 0 11.8 7.7 5.0 2.5 2 0 2 1 1
-564.6 -392.2 -0.5 116 0 10.7 10.3 5.0 2.5 2 0 2 3 3
-543.1 -427.4 2.0 106 0 10.3 19.6 5.0 2.5 2 1 2 4 4
-509.9 -367.3 -0.1 286 0 12.6 13.4 5.0 2.5 2 1 2 4 4
-497.3 -387.7 0.7 106 0 10.5 11.0 5.0 2.5 2 1 2 3 3
-439.4 -380.9 2.2 286 0 15.7 8.7 5.0 2.5 2 0 2 5 5
-470.1 -395.0 2.3 106 0 14.1 7.0 5.0 2.5 4 0 2 5 5
-397.2 -402.7 4.4 286 0 8.9 12.4 5.0 0.0 0 1 2 0 0
-458.5 -424.1 3.8 106 0 7.9 10.3 5.0 2.5 2 1 2 5 5
-273.3 -437.2 6.5 286 0 14.4 9.3 5.0 0.0 0 0 2 1 1
-327.9 -424.7 4.5 286 0 11.5 6.3 5.0 2.5 2 0 2 4 4
-367.6 -414.4 3.9 286 0 10.7 8.2 5.0 2.5 2 0 2 1 1
-390.7 -446.0 4.6 106 0 10.9 7.4 5.0 2.5 2 0 2 4 4
-360.0 -447.2 4.0 106 0 11.1 8.7 5.0 2.5 2 0 2 2 2
-345.9 -452.1 4.0 106 0 9.8 9.2 5.0 2.5 2 0 2 5 5
-330.4 -454.6 4.4 106 0 10.6 11.1 5.0 2.5 2 1 2 3 3
-296.9 -469.8 5.6 98 0 7.3 11.1 5.0 2.5 2 1 2 4 4
-322.6 -604.3 2.2 192 0 18.0 11.1 5.0 2.5 4 0 2 3 3
-340.3 -678.2 1.3 193 0 20.2 16.9 5.0 2.5 2 0 2 2 2
-383.5 -814.0 11.9 205 0 11.2 10.6 5.0 2.5 2 0 2 1 1
-286.9 -878.0 10.8 60 0 10.1 15.7 5.0 2.5 2 1 2 3 3
5672.8 5154.6 -16.8 209 0 11.2 24.3 5.0 2.5 2 1 2 4 4
6007.4 6385.4 -24.4 325 0 15.6 13.4 5.0 2.5 2 0 2 2 2
5971.6 6371.3 -22.7 47 0 10.5 18.3 5.0 2.5 2 1 2 4 4
5951.4 6354.0 -23.0 43 0 10.5 20.0 5.0 2.5 2 1 2 2 2
5810.3 6361.6 -18.1 198 0 11.9 13.5 5.0 2.5 2 0 2 5 5
5807.7 6353.4 -18.3 198 0 5.2 13.5 5.0 2.5 2 0 2 5 5
5805.2 6346.0 -18.8 199 0 10.4 13.5 5.0 2.5 2 0 2 5 5
5805.2 6327.1 -19.7 179 0 12.5 11.2 5.0 2.5 2 0 2 5 5
5795.4 6298.6 -20.1 179 0 17.0 9.4 5.0 2.5 2 0 2 5 5
5800.8 6247.6 -18.3 190 0 12.4 19.0 5.0 2.5 2 1 2 2 2
5832.0 6285.5 -20.7 174 0 12.3 12.2 5.0 0.0 0 0 2 4 4
5840.0 6266.6 -20.2 186 0 15.9 13.6 5.0 2.5 2 0 2 3 3
5877.4 6274.7 -21.5 187 0 9.3 16.7 5.0 2.5 2 1 2 1 1
5868.5 6264.8 -21.0 192 0 11.9 21.4 5.0 2.5 2 1 2 1 1
5748.0 6142.4 -10.2 257 0 8.6 17.7 5.0 0.0 0 1 2 2 2
5758.1 6187.3 -12.8 206 0 9.6 13.6 5.0 2.5 2 1 2 4 4
5807.3 6206.1 -17.3 194 0 20.0 12.6 5.0 2.5 2 0 2 2 2
5800.9 6168.5 -17.7 184 0 21.8 22.8 5.0 2.5 2 1 2 1 1
5801.7 6121.5 -17.8 183 0 11.3 14.0 5.0 2.5 2 1 2 2 2
5786.7 6101.9 -16.8 178 0 11.0 9.7 5.0 2.5 2 0 2 2 2
5799.9 6099.1 -18.0 180 0 13.1 11.3 5.0 2.5 2 0 2 5 5
5791.9 6054.9 -19.1 180 0 11.9 24.9 5.0 2.5 4 1 2 1 1
5798.5 6034.0 -19.6 179 0 12.5 20.2 5.0 2.5 2 1 2 5 5
5786.8 6022.7 -17.7 171 0 15.7 9.7 5.0 2.5 2 0 2 5 5
5807.0 5976.0 -20.1 172 0 13.6 20.7 5.0 2.5 2 1 2 3 3
5811.1 5953.1 -20.1 173 0 13.8 20.1 5.0 2.5 2 1 2 2 2
5783.1 5909.7 -14.4 177 0 28.4 12.5 5.0 2.5 2 0 2 3 3
5874.0 5809.8 -18.5 356 0 13.2 11.4 5.0 2.5 2 0 2 2 2
5878.6 5760.2 -17.3 6 0 10.5 12.7 5.0 2.5 2 1 2 4 4
5877.5 5741.4 -15.8 0 0 8.1 12.7 5.0 2.5 2 1 2 5 5
5864.7 5661.9 -16.5 20 0 18.9 25.4 5.0 2.5 2 1 2 2 2
5876.8 5686.4 -14.5 20 0 11.8 25.7 5.0 2.5 2 1 2 2 2
5881.5 5703.5 -14.3 20 0 9.9 23.9 5.0 2.5 2 1 2 0 0
5904.1 5665.7 -16.5 20 0 11.3 18.3 5.0 2.5 4 1 2 4 4
5883.8 5620.1 -20.1 20 0 12.5 24.2 5.0 2.5 2 1 2 5 5
5870.1 5599.9 -20.7 20 0 12.4 26.5 5.0 0.0 0 1 2 4 4
5855.3 5590.3 -20.8 20 0 8.7 14.5 5.0 2.5 2 1 2 3 3
5848.1 5636.8 -16.9 20 0 11.3 11.1 5.0 0.0 0 0 2 3 3
5834.1 5628.6 -16.5 20 0 6.5 21.6 5.0 2.5 2 1 2 2 2
5825.4 5612.2 -17.6 20 0 8.9 20.5 5.0 2.5 2 1 2 1 1
5776.0 5594.7 -14.5 175 0 10.8 16.1 5.0 2.5 2 1 2 2 2
5705.5 5555.0 -10.6 208 0 27.1 12.4 5.0 2.5 4 0 2 0 0
5729.6 5566.5 -12.4 210 0 27.8 16.7 5.0 2.5 4 0 2 2 2
5816.8 5586.3 -19.5 21 0 13.4 21.0 5.0 2.5 2 1 2 5 5
5811.5 5571.2 -20.5 22 0 11.2 20.2 5.0 0.0 0 1 2 0 0
5805.1 5555.2 -20.9 20 0 7.9 19.0 5.0 2.5 2 1 2 2 2
5798.2 5541.9 -20.6 25 0 9.9 16.8 5.0 2.5 2 1 2 3 3
5778.1 5536.6 -20.5 201 0 7.4 16.8 5.0 2.5 2 1 2 5 5
5771.3 5522.6 -19.3 199 0 8.5 10.8 5.0 2.5 2 1 2 2 2
5785.1 5509.5 -20.9 111 0 9.0 12.5 5.0 0.0 0 1 2 5 5
5762.5 5488.4 -20.4 115 0 13.2 15.7 5.0 2.5 2 1 2 3 3
5684.8 5516.2 -11.0 200 0 12.1 12.2 5.0 2.5 2 1 2 1 1
5697.7 5504.0 -17.1 184 0 9.6 38.1 5.0 2.5 2 1 2 1 1
5684.4 5473.4 -15.6 234 0 10.8 15.1 5.0 2.5 2 1 2 4 4
5685.9 5409.1 -12.9 355 0 7.5 21.6 5.0 2.5 2 1 2 2 2
5679.2 5351.0 -10.2 47 0 17.0 10.2 5.0 0.0 0 0 2 4 4
5728.3 5381.5 -18.9 58 0 15.1 9.5 5.0 2.5 2 0 2 5 5
5748.2 5465.0 -21.2 54 0 20.9 20.5 5.0 2.5 4 0 2 2 2
5762.8 5438.9 -22.7 148 0 11.9 20.3 5.0 2.5 2 1 2 1 1
5741.1 5439.7 -20.4 66 0 16.1 7.5 5.0 2.5 2 0 2 0 0
5750.4 5423.6 -20.6 75 0 9.2 8.3 5.0 2.5 2 0 2 4 4
5807.4 5440.2 -24.4 149 0 13.5 20.3 5.0 2.5 2 1 2 5 5
5811.8 5465.6 -24.5 68 0 7.0 14.2 5.0 2.5 2 1 2 4 4
5793.6 5456.2 -24.4 155 0 8.5 15.2 5.0 0.0 0 1 2 1 1
5841.0 5552.7 -22.7 17 0 9.3 21.4 5.0 2.5 4 1 2 1 1
5837.4 5532.4 -23.4 25 0 8.5 26.7 5.0 2.5 2 1 2 0 0
5828.2 5515.5 -23.7 19 0 10.4 21.3 5.0 2.5 2 1 2 5 5
5823.0 5504.4 -24.0 14 0 9.8 20.2 5.0 2.5 4 1 2 4 4
5809.4 5275.2 -22.9 177 0 10.5 18.0 5.0 2.5 2 1 2 1 1
5811.1 5245.5 -23.4 180 0 9.6 21.3 5.0 2.5 4 1 2 5 5
5819.4 5211.6 -24.0 171 0 11.2 15.5 5.0 2.5 2 1 2 1 1
5818.8 5191.5 -24.2 165 0 6.8 10.8 5.0 2.5 2 1 2 0 0
5791.6 5072.0 -24.1 118 0 8.1 10.2 5.0 2.5 2 1 2 0 0
5850.7 5134.1 -24.2 28 0 12.3 22.4 5.0 2.5 2 1 2 3 3
5826.8 5116.7 -24.2 118 0 14.7 10.4 5.0 0.0 0 0 2 2 2
5813.0 5096.6 -24.2 118 0 23.0 13.7 5.0 2.5 2 0 2 5 5
5807.1 5082.2 -24.1 118 0 15.7 9.1 5.0 2.5 2 0 2 3 3
5873.3 5168.2 -24.3 82 0 13.5 13.3 5.0 2.5 2 0 2 0 0
5876.8 5157.7 -24.3 84 0 11.0 8.7 5.0 2.5 2 0 2 5 5
5877.1 5138.7 -24.2 78 0 20.2 10.1 5.0 2.5 2 0 2 1 1
5789.6 5403.8 -23.7 68 0 15.0 9.3 5.0 2.5 2 0 2 0 0
5831.7 5386.4 -24.1 158 0 12.3 11.7 5.0 2.5 2 0 2 4 4
5825.5 5347.5 -23.8 158 0 9.0 15.8 5.0 2.5 4 1 2 1 1
5843.3 5302.1 -23.6 158 0 10.0 17.9 5.0 2.5 2 1 2 3 3
5856.5 5285.6 -23.5 158 0 9.2 17.5 5.0 2.5 2 1 2 5 5
5863.3 5260.1 -23.2 158 0 6.4 11.0 5.0 2.5 2 1 2 3 3
5873.1 5235.6 -23.7 158 0 7.8 14.1 5.0 2.5 2 1 2 3 3
5879.0 5222.3 -24.0 158 0 7.9 14.4 5.0 2.5 4 1 2 5 5
5889.9 5183.4 -24.3 68 0 6.2 11.3 5.0 2.5 4 1 2 1 1
5913.7 5128.9 -24.3 68 0 10.2 8.4 5.0 2.5 2 0 2 2 2
5922.1 5118.6 -24.3 68 0 13.6 7.1 5.0 2.5 2 0 2 2 2
5900.2 5083.0 -24.2 68 0 18.2 8.7 5.0 2.5 2 0 2 2 2
5996.4 5208.6 -24.4 74 0 11.1 7.5 5.0 2.5 2 0 2 5 5
5817.8 5374.4 -23.9 152 0 10.7 11.7 5.0 2.5 2 1 2 0 0
5802.7 5412.7 -24.1 152 0 9.6 11.8 5.0 2.5 2 1 2 0 0
5833.4 5426.3 -24.4 62 0 8.7 13.9 5.0 2.5 2 1 2 5 5
5851.7 5479.8 -24.5 332 0 7.4 10.9 5.0 2.5 2 1 2 4 4
5859.8 5469.8 -24.5 332 0 10.3 14.8 5.0 2.5 2 1 2 1 1
5857.8 5433.6 -24.5 152 0 10.9 18.2 5.0 2.5 2 1 2 4 4
5870.6 5424.3 -24.5 152 0 8.2 10.7 5.0 2.5 2 1 2 5 5
5926.8 5093.0 -24.3 62 0 8.8 11.5 5.0 2.5 2 1 2 5 5
5877.9 5339.2 -24.0 152 0 7.5 10.0 5.0 2.5 2 1 2 0 0
5887.8 5319.9 -23.9 152 0 8.3 11.1 5.0 2.5 2 1 2 1 1
5931.4 5257.1 -23.5 62 0 9.9 7.9 5.0 2.5 4 0 2 3 3
5941.6 5240.1 -23.8 62 0 11.4 8.8 5.0 2.5 4 0 2 1 1
5949.4 5218.1 -24.2 62 0 13.1 8.9 5.0 2.5 2 0 2 0 0
5960.5 5193.3 -24.4 62 0 19.3 9.3 5.0 0.0 0 0 2 3 3
5966.4 5179.9 -24.4 62 0 20.5 8.3 5.0 2.5 2 0 2 3 3
5995.9 5410.7 -24.6 332 0 13.2 19.0 5.0 2.5 4 1 2 1 1
5952.9 5389.2 -24.5 332 0 9.1 16.5 5.0 2.5 2 1 2 5 5
5959.1 5378.2 -24.5 332 0 9.1 16.5 5.0 2.5 2 1 2 2 2
5971.8 5350.3 -24.5 332 0 11.3 17.4 5.0 0.0 0 1 2 0 0
5893.2 5385.3 -24.4 152 0 10.3 14.8 5.0 2.5 2 1 2 0 0
5902.0 5371.7 -24.4 152 0 11.9 14.3 5.0 2.5 4 1 2 2 2
5913.9 5348.3 -24.3 152 0 14.5 14.0 5.0 2.5 2 0 2 4 4
5939.7 5332.7 -24.2 332 0 8.7 16.7 5.0 2.5 2 1 2 4 4
5957.9 5295.7 -24.0 332 0 9.2 12.6 5.0 0.0 0 1 2 0 0
5963.8 5267.7 -23.9 62 0 12.1 8.8 5.0 2.5 2 0 2 2 2
-4252.5 6690.1 -22.0 97 0 11.3 15.9 7.5 2.5 2 1 3 2 2
-4234.1 6704.5 -20.9 93 0 8.9 10.2 5.0 2.5 2 1 2 3 3
-4237.3 6687.7 -21.9 94 0 10.3 9.3 7.5 2.5 4 0 3 5 5
-4243.6 6676.3 -22.6 96 0 13.7 8.7 7.5 2.5 2 0 3 4 4
-4271.2 6697.3 -21.8 90 0 14.2 14.0 5.0 2.5 2 0 2 4 4
-4278.3 6678.7 -23.0 95 0 15.5 9.9 2.5 2.5 2 0 1 3 3
-4334.4 6696.7 -17.8 90 0 8.0 8.4 5.0 2.5 2 1 2 1 1
-4313.1 6697.3 -19.5 94 0 9.9 9.6 2.5 2.5 2 0 1 4 4
-4293.7 6693.7 -21.8 93 0 10.6 14.9 5.0 2.5 2 1 2 3 3
-4286.5 6728.6 -19.4 87 0 10.3 11.1 5.0 2.5 2 1 2 2 2
-4302.0 6729.3 -18.7 90 0 11.9 10.1 5.0 2.5 2 0 2 1 1
-4328.5 6737.8 -17.0 185 0 10.5 14.5 5.0 2.5 2 1 2 0 0
-4332.1 6767.6 -16.0 178 0 11.0 17.2 2.5 2.5 2 1 1 2 2
-4338.2 6750.1 -16.5 180 0 9.5 19.9 7.5 2.5 2 1 3 1 1
-4354.5 6739.0 -16.3 183 0 9.9 22.2 5.0 2.5 2 1 2 5 5
-4358.5 6727.8 -12.5 178 0 9.0 9.7 5.0 2.5 2 1 2 3 3
-4368.3 6721.5 -8.8 94 0 9.2 13.8 7.5 2.5 2 1 3 5 5
-4366.2 6772.5 -9.1 178 0 9.6 12.9 2.5 2.5 2 1 1 2 2
-4351.2 6787.6 -11.4 182 0 14.6 9.6 7.5 2.5 2 0 3 5 5
-4351.4 6803.6 -8.8 182 0 7.8 6.5 5.0 2.5 2 0 2 1 1
-4355.8 6819.8 -7.8 182 0 11.0 11.6 7.5 2.5 2 1 3 0 0
-4322.8 6876.8 -8.1 269 0 14.2 14.0 7.5 0.0 0 0 3 5 5
-4320.2 6821.2 -12.2 185 0 10.2 14.4 2.5 2.5 2 1 1 2 2
-4314.6 6838.8 -10.8 270 0 9.8 7.8 7.5 2.5 2 0 3 2 2
-4295.5 6846.0 -11.0 278 0 12.0 8.4 5.0 2.5 2 0 2 4 4
-4268.7 6867.3 -11.5 285 0 8.2 10.8 5.0 2.5 2 1 2 5 5
-4205.1 6865.8 -12.3 354 0 11.1 11.5 5.0 2.5 2 1 2 1 1
-4257.6 6810.1 -15.6 9 0 9.4 8.8 5.0 2.5 4 0 2 1 1
-4254.2 6772.2 -17.4 9 0 13.9 10.1 5.0 2.5 2 0 2 4 4
-4260.0 6754.5 -19.2 271 0 9.8 14.3 5.0 2.5 2 1 2 5 5
-4259.1 6723.0 -20.2 93 0 11.7 12.2 5.0 2.5 2 1 2 3 3
-4233.6 6756.3 -19.3 277 0 7.5 20.4 7.5 2.5 2 1 3 3 3
-4218.2 6760.2 -18.1 281 0 9.9 21.9 5.0 2.5 2 1 2 4 4
-4214.5 6671.5 -21.9 100 0 14.5 10.0 5.0 2.5 2 0 2 2 2
-4222.0 6659.1 -23.1 110 0 8.8 7.9 2.5 2.5 4 0 1 0 0
-4211.0 6656.6 -22.1 105 0 8.0 10.5 7.5 0.0 0 1 3 3 3
-4166.9 6740.1 -13.4 273 0 6.9 10.5 5.0 2.5 4 1 2 5 5
-4151.5 6733.9 -12.7 2 0 9.3 8.6 7.5 2.5 2 0 3 0 0
-4137.6 6711.2 -12.0 331 0 13.6 8.3 2.5 2.5 2 0 1 1 1
-4151.4 6710.0 -13.1 0 0 9.2 12.2 2.5 2.5 4 1 1 1 1
-4165.4 6689.1 -15.8 7 0 16.0 11.4 5.0 2.5 2 0 2 3 3
-4148.7 6688.6 -13.4 5 0 9.3 11.2 5.0 2.5 2 1 2 2 2
-4136.8 6689.8 -11.6 5 0 9.6 6.4 7.5 2.5 2 0 3 1 1
-4125.3 6676.1 -8.7 161 0 12.6 6.6 7.5 2.5 2 0 3 0 0
-4120.9 6659.6 -11.3 162 0 7.8 6.9 5.0 2.5 2 0 2 2 2
-4116.3 6641.4 -14.7 163 0 9.1 8.9 2.5 2.5 2 0 1 3 3
-3663.9 2926.4 -21.2 128 0 10.6 26.1 12.5 2.5 4 1 5 1 1
-3695.7 2721.4 -20.4 334 0 15.3 12.2 10.0 2.5 2 0 4 3 3
-3714.2 2687.7 -7.1 259 0 10.5 43.7 10.0 0.0 0 1 4 2 2
-3654.0 2633.6 -14.0 320 0 8.9 9.2 5.0 0.0 0 1 2 2 2
-3517.5 2450.6 -18.2 316 0 8.1 16.8 7.5 0.0 0 1 3 2 2
-3454.2 2384.1 -19.5 284 0 9.8 17.8 5.0 2.5 2 1 2 4 4
-3556.8 2254.1 0.6 137 0 8.6 11.8 5.0 2.5 2 1 2 5 5
-3548.1 2282.4 -1.9 145 0 18.3 8.6 5.0 2.5 4 0 2 4 4
-3475.9 2338.7 -15.7 325 0 9.3 13.2 7.5 2.5 2 1 3 0 0
-3382.1 2295.7 -16.2 325 0 10.8 11.1 7.5 2.5 2 1 3 2 2
-3365.9 2316.0 -18.1 235 0 7.2 11.0 2.5 2.5 2 1 1 5 5
-3368.1 2329.2 -19.3 325 0 7.8 10.1 2.5 2.5 2 1 1 2 2
-3383.6 2348.2 -20.0 325 0 14.0 13.3 2.5 2.5 2 0 1 5 5
-3421.2 2346.8 -18.5 325 0 12.1 5.5 2.5 2.5 4 0 1 1 1
-3404.2 2332.1 -18.2 325 0 10.2 12.4 10.0 2.5 2 1 4 0 0
-3399.9 2310.2 -17.0 325 0 11.9 5.3 5.0 2.5 2 0 2 5 5
-3407.8 2302.1 -16.2 325 0 11.2 6.3 5.0 2.5 2 0 2 0 0
-3421.3 2298.3 -15.5 235 0 5.6 12.8 2.5 2.5 2 1 1 3 3
-3396.2 2285.4 -15.0 325 0 9.1 11.4 5.0 2.5 2 1 2 2 2
-3420.6 2268.8 -13.2 325 0 8.9 12.3 5.0 2.5 4 1 2 1 1
-3518.8 2212.0 -6.6 145 0 11.1 11.6 2.5 2.5 2 1 1 3 3
-3479.6 2229.9 -9.7 145 0 11.9 12.6 7.5 2.5 2 1 3 5 5
-3441.6 2245.0 -11.4 145 0 8.7 10.4 5.0 2.5 2 1 2 4 4
-3414.8 2248.0 -12.2 145 0 9.4 11.5 7.5 2.5 2 1 3 5 5
-3367.0 2280.1 -15.0 325 0 8.9 11.2 5.0 2.5 2 1 2 2 2
-3335.3 2276.1 -15.1 325 0 7.7 11.8 2.5 2.5 4 1 1 5 5
-3356.7 2293.7 -16.4 235 0 10.1 12.6 7.5 2.5 2 1 3 0 0
-3330.1 2317.6 -19.0 325 0 9.5 15.2 5.0 2.5 2 1 2 5 5
-3246.1 2164.1 -14.0 311 0 12.5 9.9 2.5 2.5 2 0 1 2 2
-3262.1 2148.0 -12.8 318 0 15.1 7.2 5.0 2.5 4 0 2 2 2
-3178.3 1822.9 -12.1 120 0 6.5 10.2 7.5 2.5 4 1 3 4 4
-3130.1 1833.6 -12.4 30 0 8.4 7.6 5.0 2.5 2 0 2 1 1
-3239.5 1820.7 -11.3 120 0 6.8 7.9 2.5 2.5 2 1 1 1 1
-3255.7 1825.1 -11.0 120 0 8.5 15.1 5.0 2.5 2 1 2 1 1
-3267.3 1839.5 -8.8 120 0 9.1 7.5 7.5 2.5 2 0 3 3 3
-3256.9 1855.4 -9.6 120 0 7.6 9.5 7.5 2.5 2 1 3 1 1
-3247.3 1872.5 -10.5 120 0 10.8 12.3 7.5 2.5 4 1 3 3 3
-3240.6 1849.2 -11.6 120 0 8.6 27.8 7.5 2.5 2 1 3 5 5
-3219.0 1854.3 -12.5 120 0 6.3 14.2 2.5 2.5 2 1 1 4 4
-3229.3 1839.7 -12.3 120 0 7.1 9.2 2.5 2.5 2 1 1 2 2
-3205.2 1829.7 -12.1 30 0 11.3 12.7 5.0 2.5 2 1 2 3 3
-3219.5 1811.5 -11.4 30 0 7.9 7.8 5.0 2.5 2 0 2 5 5
-3203.0 1801.9 -11.1 30 0 7.2 10.9 5.0 2.5 2 1 2 4 4
-3191.5 1822.6 -11.8 30 0 7.6 8.7 7.5 2.5 2 1 3 3 3
-3180.5 1837.4 -12.5 30 0 8.6 9.8 5.0 0.0 0 1 2 4 4
-3169.5 1863.8 -11.9 300 0 9.7 8.9 5.0 2.5 2 0 2 5 5
-3155.7 1847.9 -12.2 30 0 7.9 10.2 5.0 2.5 2 1 2 1 1
-3165.3 1814.4 -12.1 125 0 5.6 15.6 5.0 2.5 2 1 2 1 1
-2878.5 2792.9 -9.8 200 0 8.9 9.0 5.0 0.0 0 1 2 5 5
-2884.2 2739.8 -14.8 180 0 7.8 13.3 5.0 0.0 0 1 2 4 4
-2898.1 2745.2 -14.8 173 0 9.6 8.9 5.0 2.5 2 0 2 0 0
-2894.5 2726.2 -15.2 172 0 13.6 8.8 5.0 2.5 2 0 2 4 4
-2822.6 2852.0 -5.2 270 0 9.8 25.1 5.0 2.5 2 1 2 3 3
-2823.0 2815.0 -11.8 273 0 11.5 53.5 5.0 2.5 2 1 2 4 4
-2809.6 2747.8 -11.5 2 0 9.3 16.0 5.0 2.5 2 1 2 5 5
-2797.4 2734.1 -9.4 91 0 7.5 16.1 5.0 2.5 2 1 2 2 2
-2737.9 2626.7 -10.3 259 0 9.3 10.9 5.0 2.5 2 1 2 0 0
-2760.4 2622.2 -14.3 256 0 10.1 11.4 5.0 0.0 0 1 2 4 4
-2774.6 2623.1 -14.0 349 0 8.2 11.8 5.0 2.5 2 1 2 0 0
-2789.1 2612.5 -16.6 253 0 12.8 17.5 5.0 2.5 2 1 2 0 0
-2788.8 2582.4 -16.4 163 0 11.5 9.0 5.0 2.5 2 0 2 4 4
-2769.4 2592.0 -16.5 260 0 9.8 10.6 5.0 2.5 2 1 2 4 4
-2749.0 2568.1 -14.8 350 0 10.6 8.7 5.0 2.5 2 0 2 1 1
-2747.0 2543.5 -13.5 357 0 10.8 7.0 5.0 2.5 2 0 2 4 4
-2729.0 2544.1 -10.6 358 0 9.0 11.2 5.0 2.5 2 1 2 4 4
-3198.1 3453.8 -3.8 354 0 11.1 10.3 7.5 0.0 0 0 3 1 1
-3221.6 3493.6 -19.0 247 0 10.5 9.4 2.5 2.5 2 0 1 1 1
