-6042.8 2562.4 -5.0 12 0 13.1 30.4 7.5 2.5 2 1 3 0 0
-5722.3 3180.0 -7.9 126 0 7.2 15.1 7.5 2.5 2 1 3 4 4
-5731.4 3185.5 -7.2 120 0 7.0 14.8 2.5 2.5 2 1 1 1 1
-5760.2 3175.4 -5.3 222 0 6.9 9.7 7.5 2.5 2 1 3 0 0
-5770.1 3160.1 -5.1 124 0 22.1 10.5 7.5 2.5 2 0 3 3 3
-5730.5 3132.0 -9.2 45 0 6.3 20.0 5.0 2.5 2 1 2 1 1
-5734.2 3124.3 -9.1 38 0 6.8 16.3 2.5 2.5 2 1 1 3 3
-5773.5 3122.8 -5.1 213 0 12.1 8.2 5.0 2.5 2 0 2 5 5
-5748.4 3107.4 -7.9 33 0 6.0 10.3 5.0 2.5 2 1 2 4 4
-5755.6 3098.9 -7.3 32 0 7.4 10.4 7.5 2.5 2 1 3 4 4
-5790.5 3098.3 -4.4 209 0 8.1 14.0 7.5 2.5 2 1 3 4 4
-5796.7 3106.8 -2.6 119 0 11.9 11.2 7.5 2.5 2 0 3 2 2
-5804.8 3032.6 -7.2 182 0 7.8 17.0 2.5 2.5 2 1 1 3 3
-5845.5 2942.5 0.5 196 0 26.6 17.4 12.5 2.5 4 0 5 4 4
-5836.5 2830.8 -11.6 37 0 8.9 12.5 7.5 2.5 2 1 3 5 5
-5848.5 2813.5 -11.5 37 0 7.9 9.7 5.0 2.5 2 1 2 4 4
-5922.1 2722.3 -8.1 39 0 7.6 9.4 7.5 2.5 4 1 3 3 3
-5925.2 2702.4 -12.3 32 0 7.4 12.4 2.5 2.5 2 1 1 4 4
-5942.2 2695.0 -10.6 30 0 7.9 13.8 7.5 2.5 4 1 3 3 3
-5952.1 2688.1 -9.9 30 0 7.9 20.5 7.5 2.5 2 1 3 1 1
-5962.0 2680.0 -9.3 23 0 6.8 9.0 7.5 2.5 2 1 3 5 5
-5965.4 2667.1 -10.3 26 0 6.9 9.8 7.5 0.0 0 1 3 3 3
-6019.7 2712.5 0.7 205 0 16.1 9.8 5.0 2.5 2 0 2 3 3
-6018.2 2690.0 -2.0 190 0 8.5 13.6 2.5 2.5 2 1 1 2 2
-6018.1 2678.5 -2.2 195 0 7.1 11.2 5.0 2.5 2 1 2 1 1
-5985.1 2651.0 -6.8 25 0 9.2 6.2 7.5 2.5 2 0 3 5 5
-5995.6 2642.8 -4.9 12 0 8.5 8.7 7.5 2.5 2 1 3 2 2
-5999.7 2629.8 -5.0 11 0 6.4 8.2 7.5 2.5 2 1 3 4 4
-6002.4 2614.1 -5.4 17 0 9.1 9.7 5.0 0.0 0 1 2 3 3
-6006.4 2589.6 -7.0 15 0 12.4 12.9 5.0 2.5 2 1 2 5 5
-6132.3 2628.1 -0.4 293 0 11.3 8.4 7.5 2.5 2 0 3 1 1
-6102.4 2613.5 -2.8 195 0 10.2 9.5 5.0 2.5 2 0 2 2 2
-6106.1 2658.4 -0.0 193 0 11.0 36.9 7.5 2.5 2 1 3 3 3
-6023.7 2613.6 -5.6 13 0 24.5 8.2 5.0 2.5 2 0 2 0 0
-6030.7 2583.0 -6.0 8 0 6.6 16.5 7.5 2.5 2 1 3 5 5
-6074.8 2542.9 -3.5 193 0 9.2 10.0 2.5 2.5 2 1 1 2 2
-6104.0 2562.0 -3.6 192 0 8.5 13.7 5.0 2.5 2 1 2 1 1
-6109.4 2594.8 -4.5 188 0 12.1 25.2 12.5 2.5 2 1 5 2 2
-6113.2 2576.0 -4.0 191 0 9.7 17.3 7.5 0.0 0 1 3 2 2
-6121.1 2574.9 -3.3 102 0 10.0 25.3 7.5 2.5 2 1 3 2 2
-6081.4 2574.0 -4.7 104 0 7.0 9.8 2.5 2.5 2 1 1 4 4
-6054.6 2537.6 -3.7 13 0 12.2 7.7 5.0 2.5 2 0 2 0 0
-6075.6 2521.7 -3.8 180 0 6.0 16.0 7.5 2.5 4 1 3 1 1
-6047.1 2518.8 -6.0 8 0 9.0 8.4 7.5 2.5 2 0 3 1 1
-6020.9 2552.4 -7.2 14 0 8.6 8.6 5.0 2.5 2 0 2 1 1
-6006.9 2539.6 -11.2 10 0 6.7 15.0 5.0 2.5 2 1 2 3 3
-6016.0 2517.5 -10.4 0 0 6.0 9.5 5.0 2.5 2 1 2 5 5
-6016.6 2507.5 -10.5 0 0 8.1 11.0 7.5 0.0 0 1 3 1 1
-6025.5 2495.3 -9.3 0 0 7.5 14.8 7.5 2.5 4 1 3 5 5
-6028.5 2483.2 -8.7 0 0 6.6 12.2 7.5 2.5 2 1 3 1 1
-6030.5 2457.1 -6.1 0 0 5.1 13.3 7.5 2.5 2 1 3 0 0
-6028.7 2446.0 -5.0 0 0 11.0 15.4 7.5 2.5 2 1 3 3 3
-6065.2 2494.4 -5.5 175 0 7.5 12.7 7.5 0.0 0 1 3 3 3
-6060.5 2475.4 -4.0 180 0 5.4 7.7 7.5 2.5 2 1 3 2 2
-6059.9 2466.6 -2.2 174 0 5.7 6.6 7.5 2.5 2 1 3 4 4
-6059.1 2440.8 2.5 176 0 4.8 7.3 7.5 2.5 2 1 3 3 3
-6059.1 2430.6 3.0 171 0 9.7 11.0 5.0 2.5 2 1 2 3 3
-5983.9 2384.8 -9.9 340 0 6.6 16.4 5.0 2.5 2 1 2 0 0
-5984.5 2395.1 -11.5 341 0 8.5 19.0 7.5 2.5 2 1 3 1 1
-5985.3 2374.4 -6.0 326 0 8.6 9.5 7.5 0.0 0 1 3 3 3
-5904.6 2195.1 5.8 85 0 5.1 10.5 7.5 2.5 4 1 3 3 3
-5929.1 2252.3 1.9 104 0 11.2 14.8 5.0 2.5 2 1 2 4 4
-5872.8 2248.8 -5.5 347 0 8.0 11.3 2.5 2.5 2 1 1 5 5
-5858.7 2218.8 0.6 358 0 13.5 11.2 7.5 2.5 4 0 3 0 0
-849.2 5095.3 -5.5 7 0 10.2 11.1 7.5 2.5 2 1 3 4 4
-860.4 5076.2 -7.3 97 0 12.3 12.6 2.5 2.5 2 1 1 3 3
-899.1 5101.7 1.2 93 0 8.3 11.7 5.0 2.5 4 1 2 3 3
-877.9 5081.1 -3.9 90 0 12.2 8.7 2.5 2.5 2 0 1 0 0
-843.2 5063.1 -10.3 87 0 8.1 10.5 7.5 2.5 2 1 3 2 2
-835.0 5078.9 -10.8 7 0 7.8 13.6 2.5 2.5 4 1 1 2 2
-833.3 5090.8 -9.3 10 0 10.3 14.5 7.5 2.5 2 1 3 3 3
-989.7 5580.0 -4.6 64 0 15.1 10.9 7.5 2.5 2 0 3 3 3
-909.8 5385.0 -1.1 83 0 8.1 15.0 7.5 2.5 2 1 3 4 4
-934.6 5354.8 3.5 176 0 18.2 11.5 5.0 2.5 2 0 2 5 5
-890.8 5363.1 -4.1 266 0 12.3 8.4 5.0 2.5 2 0 2 5 5
-877.6 5365.6 -6.1 267 0 6.1 10.2 7.5 2.5 2 1 3 4 4
-875.2 5381.6 -6.9 357 0 6.0 7.4 7.5 2.5 4 1 3 4 4
-879.2 5375.9 -6.4 266 0 9.5 8.1 5.0 2.5 2 0 2 1 1
-854.4 5362.2 -10.1 357 0 6.0 13.4 5.0 2.5 2 1 2 3 3
-862.9 5376.9 -10.6 266 0 13.1 8.1 7.5 2.5 2 0 3 1 1
-852.4 5351.7 -10.3 351 0 9.7 14.1 7.5 2.5 2 1 3 2 2
-874.9 5336.8 -6.2 353 0 12.9 19.6 12.5 2.5 4 1 5 3 3
-872.3 5317.7 -6.1 353 0 13.9 28.1 12.5 2.5 2 1 5 3 3
-912.5 5330.0 -0.5 179 0 15.8 8.5 2.5 2.5 4 0 1 0 0
-912.4 5301.7 -0.9 178 0 18.2 10.3 2.5 2.5 2 0 1 3 3
-904.7 5282.7 -2.2 183 0 10.8 11.7 5.0 2.5 2 1 2 2 2
-898.1 5268.4 -3.0 180 0 8.4 11.9 5.0 2.5 2 1 2 5 5
-862.6 5263.0 -6.9 0 0 8.4 9.2 5.0 0.0 0 1 2 5 5
-860.6 5251.2 -7.1 3 0 6.6 9.6 7.5 0.0 0 1 3 3 3
-848.9 5253.5 -9.1 0 0 7.2 8.6 5.0 2.5 2 1 2 5 5
-842.8 5240.3 -10.0 2 0 11.3 14.0 2.5 2.5 2 1 1 1 1
-839.8 5219.8 -10.1 2 0 10.7 6.9 5.0 0.0 0 0 2 3 3
-838.6 5206.4 -9.9 357 0 12.8 10.7 2.5 2.5 2 0 1 1 1
-860.5 5240.5 -7.0 0 0 9.8 8.9 5.0 2.5 2 0 2 4 4
-859.0 5228.4 -7.0 0 0 6.6 10.4 7.5 2.5 2 1 3 4 4
-858.2 5214.3 -7.0 2 0 9.0 9.6 7.5 2.5 2 1 3 0 0
-891.0 5217.3 -3.6 180 0 10.1 12.2 7.5 2.5 4 1 3 3 3
-918.3 5133.7 3.0 208 0 13.5 7.6 7.5 2.5 2 0 3 4 4
-830.0 5113.0 -9.6 9 0 7.6 11.4 7.5 2.5 2 1 3 4 4
-829.9 5102.1 -4.8 12 0 7.3 12.0 7.5 2.5 2 1 3 5 5
