-5549.3 -2230.0 -3.4 214 0 18.7 9.5 5.0 2.5 2 0 2 4 4
-5564.7 -2253.9 -6.2 210 0 12.4 18.9 5.0 2.5 2 1 2 0 0
-5517.9 -2288.8 -2.5 24 0 8.1 14.2 5.0 2.5 2 1 2 1 1
-5460.8 -2425.7 0.5 20 0 17.0 13.4 5.0 2.5 2 0 2 5 5
-5495.6 -2309.5 1.3 200 0 11.2 11.4 5.0 2.5 2 1 2 5 5
-5505.7 -2326.5 -1.0 200 0 13.1 8.8 5.0 2.5 2 0 2 2 2
-5507.9 -2342.8 -1.7 200 0 7.1 14.8 5.0 0.0 0 1 2 1 1
-5499.5 -2367.6 -1.6 200 0 9.6 9.7 5.0 2.5 2 1 2 5 5
-5515.3 -2362.2 -3.7 200 0 8.9 10.3 5.0 2.5 2 1 2 0 0
-5519.0 -2373.7 -4.6 200 0 6.2 13.2 5.0 2.5 2 1 2 3 3
-5523.6 -2385.1 -5.9 200 0 8.6 13.0 5.0 2.5 2 1 2 0 0
-5529.1 -2398.9 -7.3 200 0 9.5 12.0 5.0 2.5 2 1 2 5 5
-5545.8 -2437.9 -7.5 200 0 11.1 12.7 5.0 2.5 2 1 2 5 5
-5579.3 -2277.4 -8.9 200 0 9.1 15.0 5.0 2.5 2 1 2 0 0
-5588.3 -2298.0 -11.0 200 0 8.5 10.8 5.0 2.5 2 1 2 3 3
-5568.2 -2305.8 -8.7 200 0 10.1 10.2 5.0 2.5 2 1 2 1 1
-5523.7 -2306.2 -3.4 20 0 10.9 7.1 5.0 0.0 0 0 2 5 5
-5525.2 -2328.5 -5.1 20 0 9.0 12.2 5.0 2.5 2 1 2 2 2
-5542.7 -2319.1 -7.2 20 0 9.3 13.0 5.0 0.0 0 1 2 0 0
-5540.3 -2351.8 -7.9 20 0 12.6 8.3 5.0 2.5 4 0 2 0 0
-5575.1 -2335.7 -10.0 200 0 11.4 7.5 5.0 2.5 2 0 2 2 2
-5555.1 -2347.8 -9.3 20 0 13.8 5.4 5.0 2.5 2 0 2 0 0
-5564.2 -2372.9 -9.2 110 0 6.6 13.9 5.0 2.5 2 1 2 2 2
-5546.2 -2374.2 -8.7 20 0 10.2 7.9 5.0 2.5 2 0 2 2 2
-5559.9 -2391.6 -8.8 110 0 12.5 7.2 5.0 2.5 2 0 2 2 2
-5579.6 -2380.7 -9.5 110 0 6.5 7.2 5.0 2.5 2 1 2 3 3
-5580.8 -2404.1 -6.6 290 0 13.3 10.3 5.0 2.5 2 0 2 1 1
-5567.6 -2438.0 -6.8 20 0 8.8 13.5 5.0 2.5 4 1 2 1 1
-5581.8 -2257.2 -9.3 20 0 8.9 7.8 5.0 2.5 2 0 2 4 4
-5591.1 -2271.5 -11.2 20 0 9.5 7.6 5.0 2.5 2 0 2 3 3
-5600.2 -2291.7 -11.9 20 0 14.4 11.5 5.0 2.5 2 0 2 4 4
-5608.3 -2311.0 -11.8 20 0 13.0 13.6 5.0 2.5 2 1 2 5 5
-5615.0 -2327.0 -11.6 20 0 6.9 9.2 5.0 2.5 4 1 2 1 1
-5594.7 -2324.0 -10.8 200 0 10.8 11.2 5.0 2.5 2 1 2 1 1
-5602.1 -2339.5 -10.7 200 0 7.7 13.0 5.0 2.5 2 1 2 1 1
-5606.2 -2352.3 -10.6 200 0 7.7 17.4 5.0 2.5 2 1 2 0 0
-5607.8 -2371.1 -10.5 110 0 11.5 7.4 5.0 2.5 2 0 2 4 4
-5625.8 -2336.0 -11.9 20 0 9.5 15.5 5.0 2.5 2 1 2 3 3
-5627.6 -2356.5 -11.7 20 0 13.3 19.5 5.0 2.5 2 1 2 4 4
-5642.0 -2376.1 -9.7 20 0 9.3 10.5 5.0 2.5 2 1 2 5 5
-5647.5 -2412.7 -8.3 20 0 8.3 9.6 5.0 2.5 2 1 2 1 1
-5623.4 -2393.4 -7.1 200 0 11.2 13.0 5.0 2.5 2 1 2 3 3
-5630.9 -2413.5 -5.4 200 0 9.0 11.5 5.0 2.5 2 1 2 4 4
-5636.8 -2425.9 -5.2 200 0 9.4 13.3 5.0 2.5 2 1 2 1 1
-5639.9 -2446.6 -5.6 200 0 11.7 5.8 5.0 2.5 2 0 2 1 1
-5649.1 -2472.9 -6.3 200 0 11.6 15.0 5.0 2.5 2 1 2 3 3
-5660.7 -2494.2 -6.9 200 0 10.1 16.2 5.0 2.5 2 1 2 5 5
-5667.1 -2512.4 -7.4 200 0 12.1 9.6 5.0 2.5 2 0 2 2 2
-5578.8 -2540.9 -7.2 194 0 10.1 12.5 5.0 2.5 2 1 2 3 3
-5546.9 -2532.9 -5.1 197 0 19.9 12.0 5.0 0.0 0 0 2 2 2
-5552.7 -2555.6 -4.9 197 0 18.7 11.4 5.0 2.5 4 0 2 5 5
-5585.4 -2563.0 -7.0 199 0 9.1 28.1 5.0 2.5 2 1 2 0 0
-5642.7 -2609.8 -9.2 107 0 13.4 12.2 5.0 2.5 2 0 2 3 3
-5627.9 -2564.8 -8.9 291 0 11.6 24.8 5.0 2.5 2 1 2 2 2
-5701.4 -2504.7 -8.1 25 0 11.5 13.5 5.0 2.5 2 1 2 5 5
-5703.6 -2549.7 -10.3 20 0 8.9 16.1 5.0 2.5 4 1 2 4 4
-5661.5 -2542.6 -8.4 294 0 7.8 14.7 5.0 2.5 2 1 2 1 1
-5677.1 -2569.8 -10.1 199 0 17.9 10.1 5.0 2.5 2 0 2 0 0
-5701.8 -2603.1 -10.6 180 0 14.9 13.9 5.0 2.5 2 0 2 3 3
-5716.0 -2586.7 -11.3 0 0 8.4 10.4 5.0 2.5 4 1 2 2 2
-5719.0 -2601.2 -11.2 0 0 9.3 10.1 5.0 2.5 2 1 2 4 4
-5719.0 -2615.8 -11.3 0 0 8.7 13.6 5.0 2.5 2 1 2 2 2
-5725.8 -2674.4 -11.6 0 0 9.0 9.2 5.0 2.5 2 1 2 5 5
-5707.2 -2650.5 -10.8 180 0 11.9 7.1 2.5 2.5 2 0 1 3 3
-5706.9 -2666.5 -10.9 180 0 12.2 19.9 2.5 2.5 4 1 1 5 5
-5707.5 -2687.1 -11.0 180 0 7.5 15.7 2.5 2.5 2 1 1 2 2
-5732.7 -2710.8 -12.0 0 0 13.1 11.3 5.0 2.5 4 0 2 3 3
-5710.7 -2721.6 -11.1 180 0 6.6 17.8 2.5 2.5 2 1 1 2 2
-5712.5 -2738.6 -11.2 180 0 4.8 13.6 2.5 2.5 2 1 1 1 1
-5690.1 -2748.7 -10.8 90 0 10.4 13.1 2.5 2.5 2 1 1 3 3
-5692.6 -2863.0 -6.1 180 0 6.6 12.7 5.0 2.5 2 1 2 3 3
-5692.9 -2830.7 -8.5 180 0 17.6 16.0 5.0 0.0 0 0 2 0 0
-5690.8 -2816.6 -8.9 180 0 5.1 11.3 5.0 2.5 2 1 2 1 1
-5682.0 -2792.6 -10.1 270 0 11.9 19.1 5.0 0.0 0 1 2 3 3
-5595.1 -2583.5 -7.1 180 0 6.3 8.0 5.0 2.5 2 1 2 4 4
-5598.9 -2604.3 -7.9 180 0 7.8 8.0 5.0 2.5 2 1 2 2 2
-5596.0 -2627.9 -8.1 90 0 12.5 8.1 5.0 2.5 2 0 2 4 4
-5559.5 -2627.6 -7.0 90 0 10.7 9.0 5.0 2.5 2 0 2 2 2
-5540.4 -2629.1 -6.2 90 0 8.6 7.8 5.0 0.0 0 0 2 5 5
-5520.7 -2624.3 -5.1 90 0 7.7 12.5 5.0 2.5 2 1 2 2 2
-5510.9 -2646.4 -5.6 270 0 10.1 9.0 2.5 0.0 0 0 1 0 0
-5571.7 -2648.5 -7.4 270 0 9.5 7.5 2.5 2.5 2 0 1 5 5
-5597.9 -2643.7 -8.2 270 0 11.6 9.8 2.5 2.5 2 0 1 3 3
-5607.5 -2668.9 -8.3 180 0 6.9 12.5 2.5 2.5 2 1 1 2 2
-5632.9 -2639.2 -9.1 270 0 9.2 13.4 2.5 2.5 2 1 1 0 0
-5624.1 -2670.2 -9.1 0 0 8.4 11.0 2.5 2.5 2 1 1 4 4
-5626.2 -2687.0 -9.1 0 0 9.5 9.8 2.5 0.0 0 1 1 5 5
-5628.0 -2708.6 -9.2 0 0 11.6 10.7 2.5 2.5 4 0 1 5 5
-5632.1 -2726.2 -9.3 0 0 8.7 7.4 2.5 2.5 2 0 1 0 0
-5636.0 -2750.8 -9.4 90 0 11.3 12.5 2.5 2.5 2 1 1 4 4
-5637.2 -2766.6 -9.5 270 0 15.4 8.1 5.0 2.5 2 0 2 5 5
-5610.2 -2728.3 -8.5 180 0 11.0 14.2 2.5 2.5 4 1 1 3 3
-5598.9 -2753.8 -8.4 90 0 12.5 9.2 2.5 2.5 2 0 1 2 2
-5598.5 -2770.8 -8.6 270 0 18.1 7.5 2.5 2.5 2 0 1 1 1
-5568.6 -2773.8 -7.7 270 0 8.6 7.2 2.5 2.5 2 0 1 4 4
-5513.9 -2722.6 -6.2 0 0 10.4 12.7 2.5 2.5 2 1 1 2 2
-5523.0 -2749.0 -6.4 90 0 15.4 8.4 2.5 2.5 2 0 1 1 1
-5490.7 -2797.5 -2.9 180 0 13.4 9.8 5.0 2.5 2 0 2 5 5
-5522.9 -2773.8 -6.5 270 0 11.6 9.5 2.5 2.5 2 0 1 1 1
-5515.6 -2798.3 -6.4 0 0 11.3 13.0 2.5 2.5 2 1 1 4 4
-5515.9 -2834.8 -5.8 0 0 12.8 9.8 2.5 0.0 0 0 1 2 2
-5520.1 -2853.6 -6.2 0 0 8.7 11.6 2.5 2.5 2 1 1 5 5
-5604.6 -2813.8 -6.9 180 0 9.0 11.0 2.5 2.5 2 1 1 5 5
-5609.0 -2834.7 -6.2 180 0 6.6 12.5 2.5 0.0 0 1 1 5 5
-5630.4 -2814.2 -7.8 0 0 11.6 8.3 5.0 2.5 2 0 2 5 5
-5631.9 -2836.6 -6.5 0 0 14.0 7.7 5.0 2.5 2 0 2 1 1
-5584.9 -2971.4 -7.9 270 0 8.0 15.2 5.0 2.5 2 1 2 5 5
-5584.7 -2950.8 -7.6 270 0 6.5 15.2 5.0 2.5 2 1 2 0 0
-5690.0 -2956.0 -11.1 180 0 12.8 9.5 5.0 0.0 0 0 2 5 5
-5657.1 -3009.9 -10.5 180 0 12.5 51.3 5.0 0.0 0 1 2 5 5
-5665.7 -3044.1 -10.9 180 0 39.7 11.3 5.0 2.5 2 0 2 0 0
-5561.6 -3061.7 -5.3 0 0 19.4 12.2 5.0 2.5 2 0 2 2 2
-5621.5 -3065.2 -8.1 180 0 12.8 31.7 5.0 2.5 2 1 2 3 3
-5646.7 -3065.1 -9.7 180 0 9.5 20.8 5.0 2.5 2 1 2 0 0
-5646.8 -3079.9 -9.0 181 0 12.8 11.4 5.0 2.5 2 0 2 4 4
-5657.1 -3109.7 -7.9 180 0 8.7 11.9 5.0 2.5 2 1 2 2 2
-5610.8 -3154.0 -3.1 6 0 14.1 10.0 5.0 2.5 4 0 2 5 5
-5565.2 -3153.2 -1.1 86 0 8.2 13.8 5.0 2.5 2 1 2 1 1
-5564.7 -3159.9 -0.8 355 0 10.2 11.0 5.0 2.5 2 1 2 0 0
-5560.2 -3182.4 -0.3 75 0 8.9 11.7 5.0 2.5 2 1 2 2 2
-5556.8 -3195.5 0.1 169 0 9.1 13.5 5.0 2.5 2 1 2 2 2
-5629.8 -3215.2 -5.6 92 0 32.5 37.0 5.0 0.0 0 1 2 5 5
-5405.7 -3033.9 1.2 162 0 27.3 25.1 5.0 0.0 0 0 2 3 3
-5338.0 -3070.6 3.4 66 0 18.2 11.3 5.0 0.0 0 0 2 1 1
-5360.6 -3079.4 3.1 66 0 18.9 8.6 5.0 2.5 2 0 2 1 1
-5388.9 -3086.7 2.6 160 0 13.2 15.5 5.0 2.5 2 1 2 1 1
-3234.1 3240.5 -0.3 276 0 13.9 10.7 5.0 2.5 2 0 2 4 4
-3260.1 3241.1 -0.8 276 0 7.2 12.1 5.0 0.0 0 1 2 2 2
-3310.3 3242.3 -1.7 276 0 7.4 9.4 2.5 2.5 2 1 1 4 4
-3328.6 3246.2 -2.0 276 0 7.3 13.9 2.5 2.5 2 1 1 4 4
-3343.5 3247.4 -2.1 276 0 8.5 16.7 2.5 0.0 0 1 1 2 2
-3359.7 3247.5 -2.2 276 0 9.6 8.7 2.5 2.5 2 0 1 1 1
-3390.3 3220.4 -2.8 96 0 12.4 25.5 2.5 2.5 2 1 1 2 2
-3432.2 3256.1 -3.0 276 0 8.0 15.5 2.5 2.5 2 1 1 3 3
-3445.5 3255.8 -2.7 276 0 8.5 7.1 2.5 2.5 2 0 1 2 2
-3459.4 3257.2 -2.5 276 0 7.3 10.3 2.5 2.5 4 1 1 5 5
-3476.8 3258.0 -2.2 276 0 12.0 8.4 2.5 0.0 0 0 1 2 2
-3494.9 3266.8 -2.1 276 0 8.4 15.2 2.5 2.5 2 1 1 0 0
-3515.3 3264.8 -2.3 276 0 9.0 15.3 2.5 2.5 2 1 1 3 3
-3664.5 3280.4 -6.5 285 0 16.1 8.9 2.5 2.5 2 0 1 0 0
-3667.6 3261.3 -6.3 285 0 18.2 7.7 2.5 2.5 2 0 1 1 1
-3679.1 3247.4 -6.5 195 0 8.3 17.1 2.5 2.5 2 1 1 1 1
-3678.3 3235.3 -6.2 195 0 9.7 10.9 2.5 0.0 0 1 1 5 5
-3684.9 3223.0 -7.0 195 0 9.1 10.8 2.5 2.5 2 1 1 5 5
-3696.3 3207.7 -8.3 195 0 8.2 18.1 2.5 2.5 2 1 1 5 5
-3695.9 3189.7 -7.9 195 0 9.3 11.7 2.5 2.5 2 1 1 3 3
-3758.9 6954.8 -9.1 75 0 21.5 8.3 2.5 2.5 4 0 1 4 4
-3746.6 6949.8 -9.1 332 0 7.1 14.5 7.5 2.5 2 1 3 2 2
-3776.1 6922.3 -9.3 166 0 7.4 11.1 5.0 2.5 2 1 2 0 0
-3752.9 6934.3 -9.3 245 0 16.1 9.2 7.5 2.5 2 0 3 3 3
-3739.0 6902.7 -10.3 339 0 6.7 14.0 2.5 2.5 2 1 1 0 0
-3743.5 6916.0 -9.7 338 0 8.7 12.1 5.0 2.5 2 1 2 2 2
-3733.6 6921.9 -9.6 339 0 9.9 7.5 7.5 2.5 2 0 3 4 4
-3723.5 6910.9 -10.2 341 0 6.6 12.5 5.0 2.5 2 1 2 0 0
-3715.8 6902.9 -10.6 338 0 7.1 9.4 7.5 2.5 2 1 3 3 3
-3730.4 6893.8 -11.1 337 0 9.1 10.1 5.0 2.5 4 1 2 2 2
-3725.2 6883.7 -11.3 338 0 6.4 10.2 7.5 2.5 2 1 3 5 5
-3716.7 6886.9 -10.7 341 0 9.2 6.4 7.5 2.5 2 0 3 5 5
-3726.1 6870.9 -11.5 334 0 8.3 10.4 2.5 2.5 2 1 1 5 5
-3709.1 6873.9 -10.8 339 0 7.4 11.7 7.5 2.5 2 1 3 2 2
-3708.6 6861.2 -10.8 341 0 8.5 8.3 7.5 2.5 2 0 3 4 4
-3720.2 6856.8 -11.2 340 0 10.5 5.3 7.5 2.5 2 0 3 3 3
-3693.0 6850.6 -10.5 339 0 9.2 13.6 7.5 2.5 2 1 3 5 5
-3704.5 6833.2 -11.2 338 0 9.6 14.0 5.0 2.5 2 1 2 2 2
-3710.9 6844.8 -11.2 338 0 8.0 10.2 2.5 2.5 2 1 1 0 0
-3745.6 6842.3 -12.2 161 0 25.8 10.4 10.0 2.5 2 0 4 5 5
-3738.9 6785.7 -12.5 162 0 18.5 8.0 7.5 0.0 0 0 3 1 1
-3699.4 6818.6 -10.9 337 0 13.9 7.7 7.5 2.5 2 0 3 3 3
-3708.1 6807.2 -11.5 339 0 7.6 8.9 5.0 2.5 2 1 2 0 0
-3696.8 6801.2 -11.0 341 0 7.5 7.7 2.5 2.5 2 1 1 4 4
-3678.6 6804.1 -10.5 341 0 9.4 14.1 7.5 2.5 2 1 3 4 4
-3672.6 6790.8 -10.1 346 0 10.1 10.2 5.0 0.0 0 1 2 2 2
-3689.2 6784.7 -10.9 345 0 8.0 13.7 7.5 2.5 2 1 3 4 4
-3691.2 6768.5 -10.4 5 0 6.6 13.8 7.5 2.5 2 1 3 1 1
-3683.9 6758.8 -10.0 3 0 5.4 20.1 7.5 2.5 2 1 3 5 5
-3704.2 6746.6 -11.3 182 0 9.8 11.9 2.5 2.5 2 1 1 0 0
-3710.8 6736.8 -11.7 182 0 7.5 10.5 5.0 2.5 2 1 2 5 5
-3708.4 6714.7 -11.3 182 0 9.9 15.8 5.0 2.5 2 1 2 3 3
-3647.5 6718.5 -7.8 114 0 17.6 13.3 2.5 2.5 2 0 1 5 5
-3621.7 6602.2 -4.2 359 0 14.3 9.0 5.0 2.5 2 0 2 2 2
-3617.2 6575.8 -4.8 354 0 8.4 10.9 5.0 2.5 2 1 2 5 5
-3623.4 6560.2 -5.6 354 0 10.8 10.5 2.5 2.5 2 0 1 3 3
-3612.1 6527.8 -5.2 5 0 9.3 13.0 5.0 2.5 2 1 2 0 0
-3600.4 6525.6 -4.4 2 0 7.8 7.5 7.5 2.5 2 0 3 1 1
-3602.5 6491.3 -5.8 11 0 10.9 9.5 2.5 2.5 2 0 1 0 0
-3617.5 6457.7 -5.5 191 0 9.4 8.2 7.5 2.5 2 0 3 0 0
-3596.5 6450.6 -5.5 11 0 16.1 9.3 5.0 2.5 2 0 2 2 2
-3588.2 6527.3 -4.0 95 0 10.7 20.1 5.0 2.5 2 1 2 3 3
-3575.1 6546.2 -2.9 193 0 10.4 13.9 7.5 2.5 2 1 3 0 0
-3514.2 6598.3 1.8 196 0 7.7 9.7 5.0 2.5 2 1 2 0 0
-3501.8 6564.9 1.3 109 0 10.2 15.1 10.0 2.5 2 1 4 1 1
-3480.3 6617.0 1.1 205 0 11.2 16.5 2.5 2.5 2 1 1 4 4
-3445.2 6631.8 0.2 281 0 20.0 9.7 2.5 2.5 2 0 1 1 1
-3420.4 6620.4 -0.7 9 0 9.1 7.9 5.0 2.5 2 0 2 3 3
-3388.6 6308.8 -4.1 120 0 10.0 8.3 7.5 2.5 2 0 3 3 3
-3365.1 6313.8 -2.7 112 0 9.5 13.8 5.0 2.5 2 1 2 2 2
-3326.8 6360.7 -1.4 295 0 13.8 10.8 10.0 0.0 0 0 4 5 5
-3284.0 6346.4 1.4 347 0 6.5 9.4 7.5 2.5 2 1 3 5 5
-3289.2 6315.1 1.9 296 0 9.8 11.6 2.5 2.5 2 1 1 5 5
-3301.5 6289.1 1.8 114 0 8.2 10.4 7.5 2.5 2 1 3 4 4
-3307.2 6273.7 1.6 112 0 9.8 9.6 7.5 2.5 2 0 3 3 3
-3244.5 6275.4 5.1 303 0 10.3 10.6 7.5 2.5 2 1 3 4 4
-3206.7 6348.1 2.8 105 0 9.3 10.5 2.5 2.5 4 1 1 5 5
-3180.8 6397.8 -0.3 27 0 8.0 11.6 7.5 2.5 2 1 3 5 5
-3188.6 6368.8 1.4 16 0 13.0 12.4 2.5 2.5 4 0 1 1 1
-3225.9 6390.7 1.3 200 0 9.5 11.3 5.0 2.5 2 1 2 3 3
-3209.2 6438.0 -1.9 209 0 9.9 11.4 7.5 2.5 2 1 3 5 5
-3487.9 3404.5 -1.0 274 0 15.9 8.7 2.5 2.5 2 0 1 0 0
-3487.5 3342.8 -2.8 95 0 11.3 11.4 2.5 2.5 2 1 1 3 3
-3510.9 3342.0 -3.6 91 0 10.1 18.5 2.5 2.5 2 1 1 4 4
-3514.9 3363.2 -2.7 88 0 17.1 16.4 2.5 2.5 2 0 1 3 3
-3539.0 3340.7 -4.4 88 0 10.3 37.3 2.5 2.5 2 1 1 2 2
-3620.1 3337.8 -6.9 96 0 6.5 15.6 2.5 2.5 2 1 1 0 0
-3635.0 3338.1 -7.4 96 0 7.6 14.2 2.5 2.5 2 1 1 5 5
-3653.7 3339.1 -8.2 96 0 17.5 9.5 2.5 2.5 2 0 1 2 2
-3662.8 3315.0 -7.8 276 0 9.1 7.2 2.5 2.5 2 0 1 1 1
-3644.1 3328.7 -7.8 276 0 14.4 11.0 2.5 2.5 2 0 1 3 3
-3625.7 3329.3 -7.1 276 0 7.9 14.0 2.5 2.5 2 1 1 3 3
-3607.8 3328.2 -6.5 276 0 10.6 7.3 2.5 2.5 2 0 1 1 1
-3387.7 3266.4 -2.0 96 0 20.1 7.7 2.5 2.5 2 0 1 2 2
-3409.5 3267.5 -2.5 96 0 9.6 8.2 2.5 2.5 2 0 1 0 0
-3425.2 3266.3 -3.2 96 0 9.6 8.2 2.5 2.5 2 0 1 5 5
-3454.5 3273.7 -3.2 186 0 8.9 17.6 2.5 2.5 2 1 1 2 2
-3571.4 3283.5 -3.8 96 0 7.2 8.8 2.5 2.5 2 1 1 4 4
-3588.3 3285.3 -4.2 96 0 7.3 10.9 2.5 2.5 2 1 1 5 5
-3602.4 3285.9 -4.8 96 0 7.5 14.8 2.5 2.5 2 1 1 2 2
-3619.0 3287.4 -5.5 96 0 7.5 14.8 2.5 2.5 2 1 1 0 0
-3634.5 3288.2 -6.1 96 0 8.5 13.4 2.5 2.5 2 1 1 3 3
-3661.2 3291.8 -7.1 96 0 15.0 8.1 2.5 2.5 2 0 1 2 2
-3650.4 3277.3 -5.5 276 0 7.5 12.1 2.5 2.5 2 1 1 1 1
-3634.8 3275.6 -4.9 276 0 9.3 14.7 2.5 2.5 2 1 1 0 0
-3611.3 3274.1 -3.9 276 0 7.5 15.1 2.5 2.5 2 1 1 3 3
-3588.1 3271.9 -2.9 276 0 6.8 12.7 2.5 2.5 2 1 1 0 0
-3570.5 3270.0 -2.8 276 0 10.1 12.7 2.5 2.5 4 1 1 5 5
