6023.4 -3794.5 5.1 293 0 9.8 9.0 2.5 2.5 2 0 1 5 5
5905.1 -3632.5 -10.4 31 0 9.0 5.8 2.5 2.5 2 0 1 2 2
5913.9 -3612.9 -8.8 30 0 8.7 4.7 2.5 2.5 2 0 1 4 4
5917.5 -3591.4 -6.7 32 0 9.5 7.8 2.5 0.0 0 0 1 1 1
5899.8 -3608.4 -10.1 209 0 12.5 6.7 2.5 2.5 2 0 1 4 4
5890.5 -3623.8 -10.5 207 0 11.3 8.2 2.5 2.5 2 0 1 0 0
5856.5 -3775.4 -0.9 117 0 13.4 8.3 2.5 2.5 2 0 1 5 5
5863.6 -3754.9 -4.5 295 0 13.9 10.0 2.5 2.5 2 0 1 2 2
5911.4 -3669.6 -10.8 286 0 9.0 10.2 2.5 2.5 2 1 1 5 5
5968.6 -3682.8 -2.7 294 0 6.1 9.8 2.5 2.5 2 1 1 4 4
5948.4 -3728.4 -3.7 111 0 10.3 17.8 2.5 0.0 0 1 1 4 4
5963.3 -3759.4 0.2 114 0 11.4 9.7 2.5 2.5 2 0 1 1 1
5949.5 -3767.9 1.0 288 0 8.8 9.2 2.5 2.5 2 1 1 1 1
5935.8 -3749.5 -5.2 108 0 16.3 9.7 2.5 2.5 2 0 1 2 2
5897.8 -3737.7 -7.2 111 0 15.4 8.4 2.5 2.5 2 0 1 1 1
5916.0 -3746.3 -6.2 111 0 10.7 10.9 2.5 2.5 2 1 1 4 4
5907.7 -3682.6 -11.5 298 0 10.6 9.1 2.5 2.5 2 0 1 4 4
5897.3 -3658.8 -11.4 298 0 5.1 13.8 2.5 2.5 2 1 1 0 0
5871.7 -3659.9 -11.6 208 0 4.7 11.5 2.5 2.5 2 1 1 4 4
5866.7 -3668.0 -11.9 209 0 4.4 9.8 2.5 2.5 2 1 1 2 2
5865.4 -3677.3 -12.2 208 0 6.9 10.5 2.5 2.5 2 1 1 3 3
5877.6 -3680.6 -12.0 208 0 10.1 16.8 2.5 2.5 2 1 1 0 0
5866.9 -3710.2 -12.9 118 0 20.1 9.0 2.5 2.5 2 0 1 0 0
5854.5 -3723.8 -11.9 28 0 9.7 8.3 2.5 2.5 2 0 1 2 2
5847.6 -3741.2 -8.7 28 0 9.4 8.6 2.5 2.5 2 0 1 2 2
5834.1 -3768.8 -3.6 28 0 8.1 9.1 2.5 2.5 2 1 1 1 1
5839.9 -3755.9 -6.0 28 0 6.6 10.1 2.5 2.5 2 1 1 0 0
5778.0 -3767.0 -6.6 123 0 6.6 8.9 2.5 2.5 2 1 1 1 1
5775.9 -3752.6 -8.8 305 0 10.3 7.7 2.5 2.5 2 0 1 4 4
5762.8 -3759.4 -7.9 214 0 5.9 12.4 2.5 2.5 2 1 1 0 0
