-5904.8 185.2 -8.6 264 0 23.8 14.9 5.0 2.5 2 0 2 4 4
-5418.6 -65.5 15.6 66 0 10.7 10.2 2.5 2.5 2 0 1 5 5
-5319.7 0.1 17.2 246 0 8.1 9.8 2.5 2.5 2 1 1 2 2
-5330.8 37.4 17.6 354 0 7.6 8.3 5.0 2.5 2 1 2 1 1
-5373.3 15.2 16.6 69 0 8.8 9.4 5.0 0.0 0 1 2 5 5
-5388.0 11.6 16.3 58 0 16.4 12.2 5.0 2.5 2 0 2 3 3
-5413.8 -11.8 15.6 72 0 12.7 22.9 5.0 2.5 2 1 2 3 3
-5616.9 -8.9 5.0 88 0 17.0 10.9 5.0 2.5 2 0 2 5 5
-5668.1 -15.0 3.7 92 0 11.1 8.2 5.0 2.5 2 0 2 3 3
-5735.3 -5.2 0.4 94 0 10.7 17.0 5.0 2.5 2 1 2 1 1
-5841.1 -12.1 -6.9 3 0 18.0 12.3 5.0 2.5 2 0 2 2 2
-5818.4 25.8 -5.9 183 0 34.1 11.1 5.0 2.5 2 0 2 1 1
-5812.1 45.8 -6.9 90 0 8.7 29.5 5.0 2.5 2 1 2 1 1
-5779.6 86.5 -6.4 356 0 9.3 23.0 5.0 2.5 2 1 2 5 5
-6019.5 -250.1 -22.7 167 0 14.1 16.1 2.5 2.5 2 1 1 4 4
-6023.9 -233.0 -18.2 78 0 16.8 7.8 2.5 2.5 2 0 1 4 4
-5971.8 -206.7 -16.0 271 0 16.1 10.0 2.5 0.0 0 0 1 2 2
-5845.6 -182.0 -13.8 261 0 11.1 7.7 2.5 2.5 2 0 1 5 5
-5877.7 -123.4 -8.4 89 0 10.9 7.7 5.0 2.5 2 0 2 4 4
-5891.9 -123.2 -8.9 95 0 13.1 7.9 5.0 2.5 4 0 2 3 3
-5921.0 -17.2 -11.1 76 0 27.8 13.5 5.0 2.5 2 0 2 4 4
-5992.4 -132.6 -12.8 87 0 10.2 10.5 5.0 2.5 2 1 2 3 3
