-2669.9 -6191.7 11.5 303 0 11.5 14.8 2.5 2.5 2 1 1 3 3
-2576.4 -6252.9 12.6 307 0 11.5 7.9 2.5 2.5 2 0 1 4 4
-2486.0 -6317.9 6.7 123 0 7.9 8.9 2.5 2.5 2 1 1 1 1
-2510.0 -6303.2 8.7 142 0 10.5 11.5 2.5 2.5 2 1 1 1 1
-2549.7 -5666.9 11.8 306 0 9.6 10.8 5.0 0.0 0 1 2 3 3
-2535.4 -5642.3 12.0 283 0 10.3 6.2 5.0 2.5 2 0 2 5 5
-2563.3 -5651.6 11.4 308 0 10.1 13.1 5.0 2.5 2 1 2 2 2
-3558.6 -5440.8 -7.4 293 0 6.9 4.5 10.5 3.5 2 0 3 3 3
-3573.6 -5430.9 -7.8 301 0 8.1 5.2 10.5 3.5 2 0 3 2 2
-3642.1 -5390.2 -10.2 303 0 7.5 6.6 10.5 3.5 2 0 3 5 5
-3712.0 -5348.7 -12.0 304 0 7.7 6.8 10.5 3.5 2 0 3 0 0
-3713.1 -5290.3 -13.0 32 0 6.6 12.3 10.5 0.0 0 1 3 3 3
-4299.6 -6053.8 -11.7 269 0 8.0 9.7 10.5 3.5 2 1 3 2 2
-4419.4 -6109.9 -15.1 9 0 30.9 17.6 14.0 3.5 2 0 4 5 5
-4454.2 -6254.5 -16.8 275 0 6.2 7.2 10.5 3.5 2 1 3 4 4
-4479.7 -6228.0 -16.0 271 0 15.8 19.4 14.0 3.5 2 1 4 1 1
-4460.0 -6229.2 -16.4 271 0 20.3 15.8 14.0 3.5 2 0 4 0 0
-4435.2 -6238.7 -17.0 272 0 11.7 9.4 10.5 3.5 2 0 3 3 3
-4417.0 -6226.8 -17.5 270 0 21.0 20.0 14.0 3.5 2 0 4 2 2
-4390.4 -6231.6 -17.7 269 0 8.6 12.5 10.5 3.5 2 1 3 4 4
-4350.7 -6308.1 -20.3 357 0 6.2 6.7 10.5 3.5 2 1 3 2 2
-4369.6 -6272.7 -19.0 359 0 9.1 8.6 10.5 3.5 2 0 3 5 5
-4351.8 -6269.2 -19.0 0 0 9.2 7.9 10.5 3.5 2 0 3 3 3
-4352.6 -6244.1 -18.0 2 0 12.3 25.9 14.0 3.5 2 1 4 5 5
-4330.2 -6261.1 -18.6 196 0 11.6 9.9 10.5 3.5 2 0 3 2 2
-4297.4 -6167.3 -13.5 86 0 14.9 12.2 14.0 3.5 2 0 4 3 3
-4284.3 -6235.6 -16.9 269 0 14.7 10.6 14.0 3.5 2 0 4 2 2
-4264.1 -6238.8 -16.7 267 0 9.5 11.7 10.5 3.5 2 1 3 1 1
-4258.3 -6266.6 -17.9 269 0 9.1 13.3 10.5 3.5 2 1 3 3 3
-4194.4 -6250.3 -15.7 268 0 11.4 6.6 10.5 3.5 2 0 3 3 3
-4178.3 -6328.6 -18.2 95 0 11.6 8.1 10.5 3.5 2 0 3 0 0
-4166.1 -6219.2 -14.1 270 0 5.3 16.4 10.5 3.5 2 1 3 1 1
-4140.4 -6316.5 -17.1 86 0 6.0 24.3 10.5 3.5 2 1 3 3 3
-4120.8 -6279.7 -15.7 273 0 5.4 8.1 10.5 3.5 2 1 3 4 4
-4112.6 -6284.4 -15.9 273 0 5.3 12.7 10.5 3.5 2 1 3 2 2
-4121.8 -6239.9 -14.0 268 0 11.0 8.9 10.5 3.5 2 0 3 4 4
-4097.5 -6217.8 -12.8 271 0 5.9 16.2 10.5 3.5 2 1 3 2 2
-4089.4 -6217.4 -12.8 269 0 6.0 19.8 10.5 3.5 2 1 3 5 5
-4078.5 -6217.2 -12.4 274 0 9.1 16.0 10.5 3.5 2 1 3 2 2
-4068.9 -6216.8 -12.6 273 0 5.4 22.5 10.5 3.5 2 1 3 0 0
-4061.6 -6215.5 -12.1 272 0 5.7 14.5 10.5 3.5 2 1 3 5 5
-4054.3 -6217.2 -12.7 270 0 6.4 20.6 10.5 3.5 2 1 3 3 3
-4044.8 -6215.7 -12.8 271 0 7.6 14.0 10.5 3.5 2 1 3 2 2
-4034.4 -6217.0 -13.5 271 0 7.4 18.2 10.5 3.5 2 1 3 0 0
-3945.5 -6213.5 -15.7 269 0 8.1 5.8 10.5 3.5 2 0 3 4 4
-3927.9 -6213.6 -14.8 268 0 5.5 12.5 10.5 3.5 2 1 3 5 5
-3918.6 -6213.1 -14.4 267 0 6.4 14.6 10.5 3.5 2 1 3 5 5
-3901.8 -6214.5 -13.5 272 0 10.8 11.8 14.0 3.5 2 1 4 0 0
-3892.6 -6283.3 -16.2 245 0 11.6 13.8 14.0 3.5 2 1 4 4 4
-3862.8 -6226.0 -12.3 269 0 23.5 15.1 14.0 3.5 4 0 4 5 5
-3823.1 -6219.0 -10.1 270 0 12.3 14.2 14.0 3.5 2 1 4 3 3
-3728.8 -6327.1 -14.2 93 0 7.4 6.1 10.5 3.5 2 0 3 2 2
-3725.3 -6256.6 -12.3 280 0 12.2 10.7 14.0 3.5 2 0 4 1 1
-3670.0 -6287.3 -13.5 84 0 6.0 4.6 10.5 3.5 4 0 3 4 4
-3673.0 -6279.6 -13.2 88 0 10.5 9.0 10.5 3.5 2 0 3 2 2
-3728.4 -6202.8 -10.5 253 0 13.0 13.7 14.0 3.5 2 1 4 1 1
-3700.7 -6203.7 -11.5 262 0 11.4 32.2 14.0 3.5 2 1 4 5 5
-3680.3 -6178.9 -10.1 243 0 8.7 8.6 10.5 3.5 2 0 3 1 1
-3642.0 -6176.4 -10.5 237 0 6.3 12.7 10.5 3.5 4 1 3 4 4
-3598.9 -6224.6 -15.9 226 0 18.4 10.3 14.0 3.5 2 0 4 2 2
-3622.3 -6161.4 -10.2 250 0 7.7 18.4 10.5 3.5 4 1 3 5 5
-3612.0 -6158.8 -10.7 251 0 7.2 21.4 10.5 3.5 2 1 3 5 5
-3602.9 -6155.7 -11.7 246 0 6.8 11.9 10.5 3.5 2 1 3 5 5
-3592.6 -6151.9 -13.3 245 0 6.7 14.9 10.5 0.0 0 1 3 5 5
-3582.3 -6146.7 -13.7 250 0 10.7 9.7 10.5 3.5 2 0 3 1 1
-4268.7 -6164.7 -12.8 90 0 7.0 8.8 10.5 3.5 2 1 3 5 5
-4272.2 -6080.9 -11.2 267 0 11.0 10.9 14.0 0.0 0 0 4 0 0
-4234.5 -6131.4 -10.6 89 0 8.7 8.8 10.5 0.0 0 1 3 5 5
-4234.4 -6148.0 -11.5 90 0 25.0 13.6 14.0 3.5 2 0 4 5 5
-4238.9 -6077.7 -8.9 268 0 27.1 13.4 14.0 3.5 2 0 4 0 0
-4184.9 -6147.3 -10.5 89 0 24.4 14.7 14.0 3.5 2 0 4 2 2
-4175.0 -6074.3 -7.7 271 0 25.2 16.8 14.0 3.5 2 0 4 3 3
-4137.1 -6146.9 -9.6 92 0 22.5 14.1 14.0 3.5 2 0 4 0 0
-4148.1 -6076.6 -6.8 273 0 9.0 9.2 10.5 3.5 2 1 3 4 4
-4134.3 -6076.4 -6.7 268 0 11.4 8.0 10.5 3.5 2 0 3 2 2
-4099.3 -6146.1 -9.1 90 0 23.5 15.0 14.0 3.5 2 0 4 5 5
-4101.0 -6075.1 -6.6 270 0 23.5 13.3 14.0 3.5 2 0 4 1 1
-4212.0 -5750.5 -7.4 275 0 20.7 34.2 14.0 0.0 0 1 4 0 0
-4233.4 -6008.1 -3.4 91 0 14.2 10.0 10.5 3.5 2 0 3 2 2
-4210.7 -6010.9 -3.3 92 0 14.1 12.6 14.0 3.5 2 0 4 2 2
-4186.0 -6013.5 -3.4 95 0 14.6 14.1 14.0 0.0 0 0 4 5 5
-4161.0 -6015.7 -3.4 91 0 15.0 13.6 14.0 3.5 4 0 4 3 3
-4115.2 -6011.1 -3.3 2 0 12.7 26.7 14.0 3.5 2 1 4 1 1
-4111.4 -5976.9 -1.1 3 0 8.8 25.9 10.5 3.5 2 1 3 1 1
-4079.8 -5990.8 -1.6 186 0 11.1 25.2 10.5 3.5 2 1 3 1 1
-4059.6 -5972.5 -1.4 275 0 24.5 10.3 10.5 3.5 4 0 3 4 4
-4037.9 -5992.3 -1.5 281 0 26.6 10.9 10.5 3.5 2 0 3 2 2
-4030.5 -5979.5 0.0 277 0 26.2 9.3 10.5 3.5 4 0 3 4 4
-4002.3 -5983.2 0.5 276 0 22.8 10.0 10.5 3.5 2 0 3 4 4
-4011.5 -5997.8 -0.0 283 0 20.1 10.8 10.5 3.5 2 0 3 2 2
-3984.6 -6004.3 1.3 280 0 26.6 9.5 10.5 3.5 2 0 3 1 1
-3977.1 -5988.5 0.7 279 0 20.5 11.0 10.5 3.5 2 0 3 2 2
-3956.8 -6021.4 2.5 102 0 25.1 12.1 10.5 3.5 2 0 3 3 3
-3948.2 -5991.3 0.7 277 0 30.7 10.9 10.5 3.5 2 0 3 2 2
-3907.6 -6026.0 0.9 12 0 11.7 33.2 10.5 3.5 2 1 3 5 5
-3915.5 -5997.7 1.0 277 0 27.6 12.5 10.5 0.0 0 0 3 2 2
-3911.0 -5981.3 0.6 96 0 27.8 11.0 10.5 3.5 2 0 3 0 0
-3904.0 -5954.3 1.1 275 0 20.6 11.9 10.5 3.5 2 0 3 3 3
-3943.2 -5975.7 0.3 97 0 26.8 11.1 10.5 0.0 0 0 3 0 0
-3931.0 -5949.3 0.7 278 0 26.3 11.3 10.5 3.5 2 0 3 1 1
-3965.9 -5942.0 0.2 279 0 31.9 11.3 10.5 3.5 2 0 3 1 1
-3974.2 -5969.4 0.1 101 0 24.2 10.6 10.5 3.5 2 0 3 5 5
-4003.5 -5965.7 -0.2 99 0 26.8 14.7 10.5 3.5 2 0 3 5 5
-4006.2 -5935.4 -0.2 280 0 37.6 10.2 10.5 0.0 0 0 3 5 5
-4031.5 -5960.7 -0.4 100 0 19.1 11.7 10.5 0.0 0 0 3 3 3
-4051.9 -5956.6 -0.5 99 0 15.7 12.1 10.5 3.5 2 0 3 4 4
-4045.6 -5928.7 -0.6 280 0 33.7 13.7 10.5 3.5 2 0 3 2 2
-4037.6 -5887.9 -1.8 99 0 12.5 17.4 10.5 3.5 2 1 3 0 0
-3999.4 -5892.7 -1.0 98 0 9.9 16.2 10.5 3.5 2 1 3 3 3
-3967.6 -5900.6 -0.3 96 0 11.6 17.1 10.5 3.5 2 1 3 0 0
-3940.2 -5906.1 0.6 99 0 11.7 9.1 10.5 3.5 2 0 3 2 2
-3937.8 -5893.5 0.0 95 0 8.5 4.6 10.5 3.5 4 0 3 4 4
-3915.2 -5910.4 1.0 99 0 12.5 8.5 10.5 3.5 2 0 3 0 0
-3911.1 -5898.2 0.1 102 0 8.5 5.7 10.5 3.5 2 0 3 3 3
-3880.1 -5912.3 1.2 4 0 11.1 11.6 10.5 3.5 2 1 3 2 2
-3879.3 -5901.7 0.5 3 0 5.2 8.0 10.5 3.5 2 1 3 5 5
-3868.3 -5871.9 -2.4 5 0 10.8 12.8 10.5 3.5 2 1 3 5 5
-3872.1 -5882.1 -1.4 4 0 5.2 9.5 10.5 0.0 0 1 3 5 5
-3903.5 -5862.2 -2.4 279 0 11.8 9.1 10.5 0.0 0 0 3 2 2
-3904.9 -5874.1 -1.6 274 0 7.9 4.4 10.5 3.5 2 0 3 4 4
-3932.7 -5856.5 -2.6 276 0 10.9 10.5 10.5 3.5 2 0 3 3 3
-3934.4 -5869.5 -1.8 280 0 7.8 5.8 10.5 3.5 2 0 3 5 5
-3957.6 -5849.3 -2.9 281 0 10.2 11.6 10.5 0.0 0 1 3 2 2
-3960.8 -5863.6 -2.1 280 0 8.0 6.6 10.5 0.0 0 0 3 0 0
-3990.6 -5841.6 -3.3 283 0 11.1 14.1 10.5 3.5 2 1 3 5 5
-3993.8 -5858.0 -2.4 288 0 6.2 5.9 10.5 3.5 2 0 3 1 1
-4036.1 -5854.0 -2.6 193 0 5.6 8.4 10.5 3.5 2 1 3 3 3
-4030.3 -5840.0 -3.3 273 0 10.1 8.7 10.5 3.5 2 0 3 0 0
-3996.4 -5727.5 -9.4 265 0 6.2 7.0 10.5 3.5 2 1 3 4 4
-4077.6 -5744.9 -9.0 281 0 7.6 9.4 10.5 3.5 2 1 3 4 4
-4055.8 -5762.4 -8.8 359 0 35.5 14.2 14.0 3.5 4 0 4 2 2
-4037.2 -5805.4 -5.5 111 0 7.0 4.3 10.5 0.0 0 0 3 4 4
-3982.8 -5800.6 -6.1 98 0 11.2 10.1 14.0 3.5 2 0 4 1 1
-3980.7 -5788.4 -6.5 97 0 7.5 4.7 10.5 3.5 2 0 3 5 5
-3956.2 -5750.8 -8.3 276 0 14.9 14.0 14.0 3.5 2 0 4 0 0
-3957.4 -5768.3 -7.4 275 0 8.6 7.1 10.5 3.5 2 0 3 5 5
-3946.2 -5794.7 -6.1 97 0 8.1 4.8 10.5 3.5 2 0 3 3 3
-3950.5 -5809.0 -5.7 100 0 12.6 12.9 14.0 0.0 0 1 4 5 5
-3707.3 -5890.9 -6.5 277 0 8.2 9.5 10.5 3.5 2 1 3 2 2
-3723.9 -5943.4 -5.2 287 0 7.9 9.4 10.5 3.5 4 1 3 5 5
-3706.4 -6073.3 -6.6 101 0 10.4 9.0 10.5 3.5 4 0 3 3 3
-3692.7 -6029.3 -6.7 21 0 30.4 17.8 10.5 3.5 2 0 3 0 0
-3578.8 -5915.5 -3.9 17 0 16.0 20.0 10.5 3.5 2 1 3 1 1
-3502.4 -5952.2 -3.1 287 0 17.3 6.7 10.5 3.5 2 0 3 0 0
-3498.2 -5962.7 -3.1 285 0 18.2 7.6 10.5 3.5 2 0 3 0 0
-3570.1 -5988.8 -4.5 195 0 14.6 10.2 14.0 3.5 2 0 4 2 2
-3574.8 -6007.3 -5.0 192 0 18.1 11.8 14.0 3.5 2 0 4 3 3
-3580.8 -6026.2 -5.6 190 0 16.5 11.2 14.0 3.5 2 0 4 0 0
-3570.8 -6041.7 -5.8 188 0 10.9 20.3 14.0 3.5 2 1 4 0 0
-3555.3 -6139.5 -15.8 255 0 12.3 9.6 10.5 3.5 2 0 3 1 1
-3522.1 -6140.7 -15.8 271 0 11.2 9.8 10.5 3.5 2 0 3 4 4
-3505.5 -6147.8 -16.8 270 0 11.5 11.3 14.0 3.5 4 0 4 1 1
-3537.0 -6054.3 -5.8 96 0 17.9 10.8 14.0 3.5 2 0 4 3 3
-3429.5 -6117.2 -11.8 267 0 28.0 14.6 14.0 3.5 2 0 4 3 3
-3396.2 -6121.2 -12.6 271 0 12.6 10.6 14.0 3.5 2 0 4 2 2
-3337.7 -6123.9 -13.1 273 0 13.5 16.9 14.0 3.5 2 1 4 5 5
-3226.1 -6112.8 -2.7 277 0 8.0 7.8 10.5 3.5 2 0 3 5 5
-3209.2 -6115.1 -2.8 277 0 8.5 13.4 10.5 3.5 2 1 3 5 5
-3131.5 -6128.7 -0.3 265 0 9.7 12.4 10.5 3.5 2 1 3 4 4
-3015.8 -6140.3 1.8 272 0 18.9 14.0 10.5 3.5 2 0 3 3 3
-2865.7 -6159.4 6.4 90 0 7.3 13.6 2.5 2.5 2 1 1 4 4
-2779.0 -6154.3 10.1 292 0 24.7 11.7 2.5 2.5 2 0 1 5 5
-2839.3 -6172.1 7.2 128 0 12.5 13.8 2.5 0.0 0 1 1 5 5
-2595.1 -6317.8 14.1 105 0 9.1 12.4 2.5 2.5 2 1 1 1 1
-2608.1 -6314.0 13.9 112 0 8.8 13.0 2.5 2.5 2 1 1 3 3
-2615.6 -6266.8 12.9 128 0 10.9 10.2 2.5 0.0 0 0 1 5 5
-2585.7 -6285.2 13.9 102 0 14.2 10.6 2.5 2.5 2 0 1 0 0
-2680.9 -6207.1 11.5 302 0 11.5 13.6 2.5 2.5 2 1 1 3 3
-2752.5 -6166.2 11.3 290 0 26.4 11.5 2.5 2.5 2 0 1 4 4
-2725.2 -6182.6 11.9 292 0 26.0 11.1 2.5 2.5 2 0 1 3 3
-3913.4 -5759.1 -8.0 279 0 12.2 24.5 14.0 3.5 2 1 4 2 2
-3920.1 -5813.6 -5.6 100 0 12.5 17.7 14.0 3.5 2 1 4 0 0
-3902.2 -5770.8 -7.2 280 0 6.9 7.6 10.5 0.0 0 1 3 5 5
-3866.7 -5768.4 -7.4 278 0 14.0 23.5 14.0 3.5 2 1 4 2 2
-3890.0 -5820.5 -5.2 97 0 10.3 19.1 14.0 3.5 2 1 4 1 1
-3853.0 -5814.8 -5.2 5 0 18.1 12.1 14.0 3.5 2 0 4 3 3
-3803.8 -5807.1 -6.5 104 0 24.7 13.4 14.0 3.5 2 0 4 3 3
-3776.9 -5814.2 -6.4 105 0 27.3 12.1 14.0 3.5 2 0 4 1 1
-3752.2 -5822.9 -6.3 107 0 16.4 15.2 14.0 3.5 2 0 4 2 2
-3761.6 -5778.6 -6.8 283 0 9.6 9.0 10.5 3.5 2 0 3 0 0
-3743.6 -5779.9 -6.4 281 0 12.0 16.2 14.0 3.5 2 1 4 5 5
-3722.9 -5784.6 -5.9 285 0 14.7 17.6 14.0 3.5 2 1 4 2 2
-3722.1 -5839.2 -5.5 102 0 15.9 12.4 14.0 0.0 0 0 4 4 4
-3685.7 -5796.1 -5.4 282 0 13.5 14.2 14.0 3.5 2 1 4 5 5
-3703.8 -5791.1 -5.5 285 0 10.3 14.4 14.0 0.0 0 1 4 2 2
-3667.1 -5796.0 -5.4 280 0 18.3 17.4 14.0 3.5 2 0 4 0 0
-3645.4 -5804.7 -5.3 286 0 14.2 15.7 14.0 3.5 2 1 4 3 3
-3690.0 -5849.0 -5.5 111 0 14.0 11.3 14.0 3.5 2 0 4 2 2
-3668.6 -5856.2 -5.4 111 0 14.6 10.6 14.0 0.0 0 0 4 1 1
-3641.7 -5855.1 -5.2 109 0 14.8 20.0 14.0 3.5 4 1 4 0 0
-3628.4 -5809.4 -5.2 283 0 13.1 15.4 14.0 0.0 0 1 4 3 3
-3609.8 -5814.6 -5.2 284 0 13.9 14.5 14.0 0.0 0 1 4 0 0
-3619.6 -5857.1 -5.1 109 0 13.8 13.5 14.0 3.5 2 0 4 5 5
-3589.0 -5820.9 -5.1 280 0 14.3 14.3 14.0 3.5 2 1 4 1 1
-3561.4 -5835.1 -4.7 13 0 14.7 17.9 14.0 3.5 2 1 4 5 5
-3599.5 -5864.0 -4.7 107 0 15.8 14.8 14.0 3.5 2 0 4 5 5
-3559.1 -5867.2 -4.5 15 0 26.0 17.1 14.0 3.5 2 0 4 4 4
-3541.4 -5841.8 -3.6 193 0 15.7 14.1 14.0 3.5 2 0 4 0 0
-3517.5 -5855.3 -3.0 100 0 12.3 14.7 14.0 3.5 4 1 4 0 0
-3496.5 -5855.3 -2.1 89 0 12.4 10.2 14.0 3.5 4 0 4 2 2
-3480.3 -5871.2 -1.8 100 0 13.4 22.2 14.0 3.5 2 1 4 1 1
-3459.2 -5877.5 -1.0 109 0 21.1 23.4 14.0 3.5 2 1 4 1 1
-3473.1 -5917.5 -2.2 104 0 19.7 16.7 14.0 0.0 0 0 4 4 4
-3493.0 -5909.2 -2.8 109 0 17.2 18.2 14.0 3.5 2 1 4 1 1
-3511.3 -5904.9 -3.1 109 0 14.1 14.3 14.0 3.5 2 1 4 0 0
-3503.4 -5876.5 -2.9 288 0 14.1 11.2 14.0 3.5 2 0 4 4 4
-3529.4 -5900.2 -3.5 108 0 14.7 14.1 14.0 3.5 2 0 4 1 1
-3521.1 -5869.6 -3.4 288 0 14.0 15.3 14.0 3.5 2 1 4 4 4
-3548.9 -5870.6 -3.9 195 0 12.3 14.3 14.0 3.5 2 1 4 1 1
-3553.2 -5885.4 -4.0 197 0 13.9 14.4 14.0 0.0 0 1 4 1 1
-3544.7 -5947.3 -3.7 198 0 15.7 18.6 14.0 3.5 2 1 4 2 2
-3528.3 -5923.2 -3.4 291 0 12.5 13.5 14.0 3.5 2 1 4 1 1
-3559.7 -5921.9 -3.4 195 0 12.6 18.7 14.0 3.5 2 1 4 4 4
-3564.5 -5940.8 -3.6 198 0 15.5 15.0 14.0 3.5 2 0 4 0 0
-3566.2 -5973.4 -4.2 199 0 10.4 37.1 14.0 3.5 2 1 4 2 2
-3483.9 -5938.4 -2.8 289 0 10.3 14.7 14.0 3.5 2 1 4 1 1
-3468.4 -5945.3 -2.3 289 0 12.7 10.2 14.0 3.5 2 0 4 1 1
-3431.6 -6074.8 -5.4 90 0 9.6 11.5 10.5 3.5 2 1 3 4 4
-3410.5 -6075.1 -5.3 89 0 27.2 13.4 14.0 3.5 4 0 4 2 2
-3434.6 -5956.4 -2.2 291 0 11.4 16.3 14.0 3.5 2 1 4 1 1
-3432.8 -5973.0 -2.3 201 0 8.6 13.0 10.5 3.5 2 1 3 0 0
-3434.3 -5981.9 -3.6 281 0 12.3 34.1 14.0 3.5 2 1 4 5 5
-3402.0 -5955.6 -0.4 179 0 12.5 10.2 14.0 3.5 2 0 4 0 0
-3393.2 -5870.0 2.3 280 0 7.3 9.4 10.5 3.5 2 1 3 1 1
-3347.7 -5953.9 2.3 107 0 7.9 8.1 10.5 3.5 2 1 3 0 0
-3336.1 -5974.7 1.7 110 0 17.8 12.4 14.0 3.5 2 0 4 2 2
-3055.0 -6017.4 2.7 291 0 11.2 13.7 14.0 3.5 2 1 4 1 1
-3023.0 -6025.3 2.7 295 0 8.8 12.3 10.5 3.5 2 1 3 4 4
-2981.4 -6041.4 3.5 284 0 11.3 20.9 14.0 3.5 2 1 4 2 2
-2926.3 -6017.0 5.6 118 0 5.7 5.6 10.5 3.5 2 0 3 0 0
-2964.0 -5949.3 6.6 17 0 8.6 11.3 10.5 3.5 2 1 3 1 1
-2992.8 -5940.3 6.8 22 0 6.8 11.4 10.5 3.5 2 1 3 2 2
-2989.9 -5412.6 -13.0 298 0 8.1 8.3 5.0 2.5 2 1 2 0 0
-3020.8 -5473.8 -6.1 154 0 8.2 6.6 5.0 2.5 2 0 2 1 1
-3013.0 -5374.1 -10.4 309 0 8.4 11.3 5.0 2.5 2 1 2 5 5
-3076.4 -5310.5 -20.7 210 0 8.2 6.5 5.0 2.5 2 0 2 3 3
-3076.7 -5347.0 -13.8 166 0 16.9 12.3 5.0 2.5 2 0 2 4 4
-3361.0 -5485.3 -4.8 298 0 9.1 6.4 10.5 3.5 2 0 3 0 0
-3413.5 -5422.0 -6.5 301 0 7.8 8.0 10.5 3.5 2 1 3 5 5
-3492.9 -5446.9 -6.8 118 0 6.4 8.1 10.5 3.5 2 1 3 0 0
-3478.2 -5457.3 -6.6 120 0 10.0 7.2 10.5 3.5 2 0 3 3 3
-3461.0 -5467.6 -6.3 128 0 8.2 7.6 10.5 3.5 2 0 3 3 3
-3444.1 -5478.9 -6.0 116 0 8.9 8.8 10.5 3.5 2 0 3 2 2
-3424.3 -5491.0 -5.7 126 0 9.1 10.1 10.5 3.5 2 1 3 4 4
-3417.1 -5520.1 -5.2 307 0 8.5 6.0 10.5 3.5 2 0 3 4 4
-3393.9 -5505.8 -5.2 127 0 13.3 11.3 14.0 3.5 2 0 4 0 0
-3334.3 -5547.9 -3.4 122 0 10.1 14.9 14.0 3.5 2 1 4 3 3
-3293.0 -5591.6 -2.0 299 0 7.8 9.9 10.5 3.5 2 1 3 4 4
-3275.3 -5574.1 -1.9 122 0 14.2 9.5 10.5 3.5 4 0 3 1 1
-3232.7 -5510.0 -2.9 294 0 8.1 14.3 10.5 3.5 2 1 3 4 4
-3190.5 -5584.6 -1.2 138 0 11.1 11.8 14.0 3.5 2 1 4 0 0
-3180.6 -5640.3 0.7 220 0 20.9 9.8 10.5 3.5 2 0 3 5 5
