-2274.6 -251.0 1.6 174 0 7.3 8.4 10.5 3.5 2 1 3 4 4
-2417.9 -64.5 -0.2 85 0 15.9 13.8 10.5 3.5 2 0 3 1 1
-2371.5 11.3 3.3 357 0 11.2 6.3 10.5 3.5 2 0 3 1 1
-2359.5 27.2 3.9 358 0 9.6 15.1 10.5 3.5 2 1 3 5 5
-2345.5 30.4 4.6 1 0 11.8 8.5 10.5 3.5 2 0 3 3 3
-2273.3 34.7 9.2 178 0 10.3 11.2 14.0 3.5 2 1 4 4 4
-2277.6 5.4 7.9 103 0 11.4 10.7 14.0 0.0 0 0 4 1 1
-2190.8 32.8 13.7 178 0 8.5 18.2 10.5 3.5 2 1 3 2 2
-2200.2 98.7 11.8 262 0 13.0 14.7 14.0 3.5 2 1 4 4 4
-2218.6 95.3 11.0 263 0 12.5 13.5 14.0 3.5 2 1 4 4 4
-2224.2 67.6 11.3 273 0 11.2 11.8 14.0 3.5 2 1 4 3 3
-2230.9 20.0 11.5 90 0 16.3 12.7 14.0 0.0 0 0 4 1 1
-2263.4 86.7 9.0 273 0 14.8 9.6 10.5 3.5 2 0 3 4 4
-2273.1 60.2 9.2 179 0 9.8 13.0 10.5 3.5 2 1 3 5 5
-2310.7 63.9 6.9 180 0 13.0 24.1 14.0 3.5 2 1 4 5 5
-2237.7 -527.1 -13.4 182 0 10.4 11.1 14.0 3.5 2 1 4 1 1
-2251.3 -513.6 -13.0 203 0 11.0 8.1 10.5 3.5 2 0 3 5 5
-2276.3 -536.6 -14.5 197 0 8.5 11.3 10.5 3.5 2 1 3 2 2
-2368.2 -308.8 -3.7 15 0 10.0 7.3 10.5 3.5 2 0 3 3 3
-2347.1 -280.4 -2.2 2 0 7.9 13.6 10.5 3.5 2 1 3 5 5
-2374.8 -272.9 -2.2 5 0 11.1 20.8 14.0 3.5 2 1 4 5 5
-2444.3 -201.9 -1.5 161 0 9.2 12.2 10.5 3.5 2 1 3 2 2
-2437.8 -215.2 -1.6 162 0 9.2 10.7 10.5 3.5 2 1 3 3 3
-2408.2 -233.8 -1.3 161 0 30.5 11.9 14.0 3.5 2 0 4 4 4
-2416.1 -189.1 -1.0 252 0 10.4 24.8 14.0 3.5 2 1 4 3 3
-2405.7 -134.0 -0.7 272 0 10.5 16.7 14.0 3.5 2 1 4 0 0
-2393.9 -134.5 -0.4 270 0 8.7 15.6 10.5 3.5 2 1 3 1 1
-2395.9 -101.1 -0.2 178 0 13.4 23.1 10.5 3.5 2 1 3 1 1
-2361.4 -103.6 1.1 65 0 5.5 10.0 10.5 3.5 2 1 3 0 0
-2342.5 -96.3 2.3 66 0 5.5 7.2 10.5 3.5 2 1 3 2 2
-2323.2 -62.7 3.7 14 0 9.6 17.5 10.5 3.5 2 1 3 0 0
-2278.1 -26.7 7.6 266 0 11.4 6.5 10.5 3.5 2 0 3 4 4
-2206.2 -70.5 13.5 177 0 7.4 12.2 10.5 3.5 2 1 3 4 4
-2227.0 -37.0 12.1 182 0 9.6 8.6 10.5 3.5 2 0 3 1 1
-2227.3 -51.9 12.0 184 0 16.1 7.0 10.5 3.5 2 0 3 4 4
-2226.6 -73.9 12.0 174 0 8.5 12.8 10.5 3.5 2 1 3 1 1
-2243.3 -48.1 10.8 183 0 16.1 9.7 10.5 3.5 2 0 3 0 0
-2256.9 -76.9 9.8 175 0 8.2 14.4 10.5 3.5 2 1 3 0 0
-2261.1 -151.3 6.1 175 0 7.5 5.4 10.5 3.5 2 0 3 5 5
