-3966.8 3301.1 -18.6 191 0 11.1 6.8 5.0 2.5 2 0 2 3 3
-3152.4 -314.8 13.0 208 0 9.0 8.4 2.5 2.5 2 0 1 0 0
-3114.6 -345.1 7.6 28 0 9.3 10.2 2.5 2.5 2 1 1 0 0
-3202.0 -339.1 17.1 118 0 6.5 7.4 2.5 2.5 2 1 1 2 2
-3179.1 -301.7 15.7 28 0 9.1 13.0 2.5 0.0 0 1 1 2 2
-3172.4 -288.0 15.2 28 0 8.3 10.8 2.5 2.5 2 1 1 1 1
-3165.8 -273.2 14.7 28 0 9.3 10.2 2.5 2.5 2 1 1 0 0
-3157.5 -255.7 14.1 28 0 9.4 5.8 2.5 2.5 2 0 1 1 1
-3121.8 -259.2 10.1 208 0 6.8 7.2 2.5 2.5 2 1 1 4 4
-3130.4 -270.5 9.9 208 0 6.8 12.5 2.5 2.5 2 1 1 0 0
-3136.0 -286.8 11.2 208 0 8.3 11.4 2.5 2.5 2 1 1 0 0
-3144.0 -300.0 12.4 208 0 8.1 7.8 2.5 0.0 0 0 1 5 5
-3172.3 -362.6 14.3 118 0 13.9 9.1 2.5 2.5 2 0 1 3 3
-3569.8 2454.1 -0.3 48 0 11.7 7.2 2.5 2.5 2 0 1 0 0
-3582.4 2472.3 -1.1 45 0 16.2 10.1 2.5 2.5 2 0 1 4 4
-3613.6 2508.0 -2.9 322 0 8.7 11.3 2.5 2.5 2 1 1 1 1
-3736.3 2564.0 -8.7 139 0 9.4 12.6 2.5 2.5 2 1 1 1 1
-3710.1 2523.1 -6.1 136 0 13.7 7.8 2.5 2.5 2 0 1 5 5
-3701.2 2501.2 -4.6 146 0 5.2 13.5 2.5 2.5 2 1 1 3 3
-3687.1 2486.2 -3.3 232 0 15.4 7.2 2.5 2.5 2 0 1 4 4
-3671.4 2457.0 -1.9 146 0 5.8 13.9 2.5 2.5 2 1 1 1 1
-3649.7 2438.5 -1.1 55 0 14.5 7.6 2.5 2.5 2 0 1 2 2
-3633.8 2416.3 -0.2 56 0 16.7 8.0 2.5 2.5 2 0 1 4 4
-3617.4 2397.1 0.6 53 0 14.8 7.5 2.5 2.5 2 0 1 4 4
-3612.5 2385.2 0.9 138 0 8.7 13.7 2.5 2.5 2 1 1 3 3
1273.1 1213.5 -15.5 248 0 27.9 16.0 5.0 2.5 2 0 2 1 1
1134.3 1675.2 -18.2 257 0 8.3 11.0 5.0 2.5 2 1 2 4 4
1252.5 1627.2 -18.0 90 0 7.7 9.5 5.0 2.5 2 1 2 5 5
1228.3 1629.5 -17.9 94 0 10.2 7.8 5.0 2.5 4 0 2 5 5
1198.9 1635.1 -17.6 109 0 10.0 10.1 5.0 2.5 2 1 2 1 1
1285.7 1644.1 -18.3 293 0 7.2 11.8 5.0 2.5 2 1 2 5 5
1328.3 1599.8 -18.2 113 0 7.6 16.2 5.0 2.5 2 1 2 2 2
1341.1 1583.1 -17.9 113 0 9.2 11.0 5.0 2.5 2 1 2 3 3
1303.7 1570.8 -17.4 293 0 8.6 10.2 5.0 2.5 2 1 2 5 5
1335.8 1496.8 -13.1 113 0 11.1 12.5 5.0 2.5 2 1 2 5 5
1328.6 1561.0 -17.6 293 0 12.1 22.0 5.0 2.5 2 1 2 2 2
