5123.8 -6863.3 46.3 245 0 10.9 8.0 5.0 2.5 2 0 2 4 4
5413.0 -6752.1 12.4 9 0 34.4 22.9 5.0 0.0 0 0 2 0 0
5300.3 -5822.8 -56.9 12 0 12.9 23.7 12.5 2.5 2 1 5 4 4
6646.3 -3571.6 0.6 143 0 6.0 15.3 2.5 2.5 2 1 1 0 0
6877.1 -3796.4 21.1 122 0 10.5 11.1 7.5 2.5 2 1 3 3 3
6913.0 -3805.8 22.2 45 0 11.0 31.5 12.5 2.5 2 1 5 5 5
6907.0 -3821.6 23.4 320 0 9.1 11.8 5.0 2.5 2 1 2 4 4
6891.6 -3766.1 21.4 38 0 6.6 6.5 2.5 2.5 2 0 1 4 4
6885.0 -3747.4 20.3 310 0 4.4 3.7 5.0 2.5 2 0 2 4 4
6881.6 -3751.5 20.4 313 0 6.7 6.5 5.0 2.5 2 0 2 2 2
6854.6 -3725.7 17.7 315 0 6.1 8.0 7.5 2.5 2 1 3 2 2
6838.2 -3709.1 15.6 311 0 16.3 9.1 7.5 2.5 2 0 3 1 1
6827.3 -3675.5 13.6 320 0 7.0 7.2 7.5 2.5 2 1 3 5 5
6806.9 -3645.7 11.2 318 0 7.3 11.8 2.5 2.5 2 1 1 5 5
6795.1 -3703.0 12.6 121 0 12.1 6.2 7.5 2.5 4 0 3 2 2
6786.9 -3674.7 11.8 216 0 7.7 5.7 7.5 2.5 2 0 3 1 1
6778.7 -3680.8 11.4 212 0 4.5 4.4 5.0 2.5 2 0 2 2 2
6775.1 -3707.4 11.2 138 0 22.1 10.2 7.5 2.5 4 0 3 3 3
4787.1 -5099.7 -51.7 66 0 11.1 18.6 14.0 3.5 2 1 4 1 1
4779.4 -5064.2 -52.0 339 0 14.3 9.5 10.5 3.5 2 0 3 5 5
4759.4 -5021.2 -52.3 335 0 40.1 11.6 14.0 3.5 2 0 4 5 5
4716.4 -5022.7 -51.9 153 0 11.8 25.0 14.0 3.5 2 1 4 2 2
3657.6 -4840.0 13.3 139 0 11.3 7.7 10.5 3.5 2 0 3 3 3
3641.5 -4829.3 13.7 134 0 20.3 12.3 10.5 3.5 2 0 3 2 2
3664.3 -4853.8 12.9 142 0 14.8 11.8 10.5 3.5 2 0 3 0 0
3683.3 -4875.1 12.4 137 0 35.2 11.7 10.5 3.5 2 0 3 0 0
3767.3 -4809.8 3.4 143 0 21.1 20.9 10.5 3.5 2 0 3 3 3
3638.1 -4672.5 2.9 231 0 10.6 12.0 14.0 3.5 2 1 4 4 4
3652.7 -4654.7 -0.1 233 0 11.4 7.2 10.5 3.5 2 0 3 4 4
3649.0 -4755.9 9.9 47 0 11.4 9.7 10.5 3.5 2 0 3 0 0
3738.3 -4847.6 8.5 314 0 19.6 15.6 10.5 3.5 2 0 3 0 0
3712.0 -4820.5 9.1 317 0 14.7 13.4 10.5 3.5 2 0 3 4 4
3738.8 -4792.1 4.8 138 0 11.8 16.7 10.5 3.5 2 1 3 1 1
3750.6 -4693.5 -1.5 228 0 7.9 7.2 10.5 3.5 2 0 3 4 4
3734.9 -4708.7 1.1 222 0 12.4 10.0 10.5 3.5 2 0 3 2 2
3673.0 -4718.0 4.9 136 0 13.7 13.2 14.0 3.5 2 0 4 1 1
3682.3 -4726.8 5.3 138 0 8.9 14.4 10.5 3.5 2 1 3 2 2
3704.4 -4717.8 3.7 42 0 7.6 20.2 10.5 3.5 2 1 3 0 0
3710.3 -4710.2 2.5 43 0 8.7 16.1 10.5 3.5 2 1 3 1 1
3718.9 -4703.1 1.0 44 0 9.6 15.6 10.5 3.5 2 1 3 2 2
3727.0 -4694.8 -0.4 46 0 9.4 10.7 10.5 3.5 2 1 3 2 2
3736.5 -4681.8 -2.3 41 0 7.2 7.3 10.5 3.5 2 1 3 1 1
3746.7 -4671.6 -5.3 48 0 13.8 20.2 14.0 3.5 2 1 4 3 3
3725.8 -4738.9 3.9 228 0 15.9 25.3 10.5 3.5 2 1 3 4 4
3755.5 -4720.4 0.8 224 0 18.2 10.6 10.5 3.5 2 0 3 5 5
3663.8 -4776.7 9.5 226 0 22.3 13.8 10.5 3.5 4 0 3 2 2
3674.0 -4789.3 9.4 225 0 15.9 22.8 10.5 3.5 2 1 3 4 4
3701.7 -4750.3 4.3 134 0 13.6 30.9 10.5 3.5 2 1 3 5 5
3729.9 -4780.7 3.7 136 0 12.5 33.2 10.5 3.5 2 1 3 4 4
3753.2 -5178.9 27.0 142 0 12.6 12.7 10.5 3.5 4 1 3 0 0
3775.7 -5162.4 25.0 322 0 15.2 11.4 10.5 3.5 2 0 3 5 5
3827.7 -5156.2 17.3 137 0 25.4 11.0 14.0 3.5 2 0 4 4 4
3810.7 -5133.3 19.3 228 0 9.8 11.2 10.5 3.5 2 1 3 2 2
3744.4 -5163.6 27.3 139 0 14.3 12.7 10.5 3.5 2 0 3 5 5
3754.3 -5019.7 18.1 45 0 23.5 13.8 10.5 3.5 2 0 3 0 0
3748.6 -4984.8 17.1 313 0 15.9 32.2 10.5 3.5 2 1 3 1 1
3712.7 -5048.0 23.0 133 0 14.6 21.2 10.5 3.5 2 1 3 2 2
3711.6 -5118.3 28.6 228 0 12.5 21.2 10.5 3.5 2 1 3 0 0
3758.0 -5089.5 19.4 137 0 19.5 34.1 14.0 0.0 0 1 4 0 0
3781.7 -5115.8 19.3 138 0 20.1 33.7 14.0 0.0 0 1 4 5 5
3650.4 -4970.6 23.9 137 0 18.7 11.7 10.5 3.5 2 0 3 4 4
3664.4 -4992.9 24.6 136 0 22.0 10.8 10.5 3.5 2 0 3 1 1
3679.7 -5007.8 24.2 138 0 11.4 10.7 10.5 0.0 0 0 3 2 2
3661.8 -4911.3 18.1 320 0 19.5 13.0 10.5 0.0 0 0 3 2 2
3687.6 -4937.5 18.1 317 0 19.5 11.8 10.5 3.5 2 0 3 4 4
3708.2 -4966.3 19.1 319 0 14.7 9.0 10.5 3.5 2 0 3 1 1
