2671.5 -6777.4 -21.4 103 0 4.5 7.2 5.0 0.0 0 1 2 0 0
2691.8 -6659.3 -2.7 100 0 3.3 5.1 5.0 2.5 2 1 2 1 1
2686.6 -6706.3 -9.8 142 0 4.3 6.7 5.0 0.0 0 1 2 0 0
2762.0 -6746.0 -7.7 308 0 4.2 6.7 5.0 0.0 0 1 2 2 2
2716.6 -6740.8 -12.3 347 0 4.7 7.3 5.0 0.0 0 1 2 3 3
2714.9 -6711.4 -8.2 1 0 4.4 6.9 5.0 0.0 0 1 2 2 2
2740.1 -6682.8 -0.4 192 0 3.8 6.0 5.0 0.0 0 1 2 0 0
2746.9 -6696.9 -2.0 26 0 4.1 6.4 5.0 0.0 0 1 2 1 1
2730.2 -6723.0 -7.1 166 0 4.3 6.7 5.0 0.0 0 1 2 4 4
2759.4 -6540.2 16.8 140 0 4.1 6.5 2.5 0.0 0 1 1 5 5
-4680.3 -4679.9 318.5 316 0 17.4 9.2 5.0 2.5 2 0 2 2 2
-4710.3 -4496.6 310.3 270 0 6.2 9.2 2.5 2.5 2 1 1 1 1
-4720.5 -4440.3 314.1 0 0 17.1 10.6 5.0 2.5 2 0 2 5 5
-2488.6 -3814.0 -345.9 76 0 9.8 6.4 5.0 2.5 2 0 2 3 3
-4782.4 -4159.2 341.2 9 0 15.7 11.1 5.0 2.5 2 0 2 3 3
-4697.4 -4681.9 319.6 313 0 5.9 5.4 5.0 0.0 0 0 2 5 5
-4714.6 -4532.1 310.8 180 0 8.9 5.8 5.0 2.5 2 0 2 3 3
-4527.1 -4928.3 315.9 172 0 7.5 10.3 5.0 0.0 0 1 2 1 1
-4711.5 -4977.8 330.6 184 0 6.9 7.2 5.0 2.5 4 1 2 2 2
