3514.6 1991.3 -11.4 353 0 5.7 6.2 2.5 2.5 2 1 1 3 3
3733.4 1913.4 8.7 216 0 5.9 8.3 7.5 2.5 2 1 3 2 2
1293.9 3445.2 -7.7 175 0 4.0 6.6 2.5 2.5 2 1 1 3 3
1254.8 3346.9 -8.3 359 0 7.3 6.5 7.5 2.5 2 0 3 5 5
1227.1 3397.6 -8.6 349 0 4.7 7.1 7.5 2.5 2 1 3 2 2
-77.0 2037.7 -5.0 26 0 5.0 4.9 5.0 2.5 2 0 2 1 1
-1749.1 1472.2 -5.1 299 0 10.9 7.6 2.5 2.5 2 0 1 2 2
-2099.8 666.9 -0.3 154 0 6.9 9.4 5.0 2.5 2 1 2 2 2
-2528.9 706.1 -1.4 293 0 8.2 6.7 5.0 2.5 2 0 2 1 1
-2840.8 -8.7 -1.2 334 0 6.3 8.0 7.5 2.5 2 1 3 5 5
-4868.2 -3085.2 -3.9 94 0 7.4 6.3 7.5 2.5 2 0 3 2 2
