1372.5 2931.2 -106.9 197 0 10.8 41.8 17.5 3.5 2 1 5 4 4
1376.6 2949.0 -105.0 199 0 12.1 27.5 17.5 3.5 2 1 5 1 1
1483.3 2958.9 -105.0 308 0 13.1 40.2 17.5 3.5 2 1 5 4 4
1436.7 2987.7 -101.7 299 0 12.7 26.2 17.5 3.5 2 1 5 4 4
1326.5 2923.0 -108.8 110 0 13.3 23.2 14.0 3.5 2 1 4 0 0
1358.8 2842.7 -115.9 205 0 22.5 12.1 17.5 0.0 0 0 5 4 4
1345.7 2845.1 -116.1 199 0 27.4 10.9 17.5 3.5 2 0 5 0 0
3219.8 6149.8 205.7 80 0 34.5 21.2 5.0 0.0 0 0 2 3 3
1557.2 2671.6 -123.7 177 0 8.2 11.0 10.5 3.5 2 1 3 5 5
1609.2 2560.6 -132.4 125 0 14.9 11.5 10.5 3.5 2 0 3 4 4
1613.0 2421.8 -149.7 192 0 11.2 25.3 14.0 3.5 2 1 4 4 4
1672.6 2178.4 -172.8 317 0 8.7 11.7 5.0 2.5 2 1 2 4 4
1684.6 2129.1 -175.4 0 0 6.4 8.0 2.5 2.5 2 1 1 2 2
1682.4 2026.7 -184.9 67 0 7.4 5.2 7.5 2.5 2 0 3 2 2
1684.6 2086.3 -180.8 163 0 9.8 7.0 5.0 2.5 2 0 2 1 1
1680.8 1928.0 -193.7 178 0 4.1 5.7 5.0 2.5 2 1 2 5 5
1686.5 1917.3 -195.2 174 0 8.6 4.2 7.5 2.5 2 0 3 5 5
1681.4 1896.4 -198.4 181 0 8.5 7.0 7.5 2.5 2 0 3 2 2
1580.2 1832.6 -203.8 359 0 7.5 8.4 2.5 0.0 0 1 1 1 1
1580.2 1810.1 -205.8 357 0 6.1 8.4 2.5 2.5 2 1 1 2 2
1581.0 1766.4 -209.9 357 0 7.5 16.5 2.5 2.5 2 1 1 3 3
1570.8 1786.4 -208.2 358 0 13.0 13.2 2.5 2.5 2 1 1 1 1
1535.2 1854.2 -201.3 2 0 6.9 8.0 2.5 2.5 2 1 1 5 5
1540.1 1809.3 -205.8 6 0 12.3 8.3 2.5 2.5 2 0 1 5 5
1566.4 1832.5 -204.1 2 0 15.5 14.9 2.5 2.5 2 0 1 2 2
1543.8 1888.8 -198.3 0 0 7.9 12.4 2.5 2.5 2 1 1 3 3
1570.5 1888.6 -198.5 356 0 6.4 10.7 2.5 2.5 2 1 1 2 2
1569.9 1858.0 -201.4 356 0 7.7 9.0 2.5 2.5 2 1 1 0 0
1560.6 1908.5 -196.8 354 0 10.5 19.5 2.5 2.5 2 1 1 0 0
1486.0 1997.5 -188.7 193 0 6.4 8.7 2.5 2.5 2 1 1 3 3
1510.7 1997.3 -188.6 176 0 7.3 12.5 2.5 2.5 2 1 1 4 4
1572.8 1968.8 -191.4 351 0 9.8 9.2 2.5 2.5 2 0 1 4 4
1561.7 1966.7 -191.6 348 0 9.8 21.0 2.5 2.5 2 1 1 0 0
1491.5 1960.2 -192.2 183 0 18.7 33.3 2.5 0.0 0 1 1 0 0
1458.5 2319.8 -156.4 86 0 20.5 13.9 17.5 3.5 4 0 5 4 4
1401.4 2443.9 -149.2 181 0 6.0 7.0 10.5 3.5 2 1 3 1 1
1470.3 2443.1 -146.4 84 0 5.5 12.0 10.5 3.5 2 1 3 4 4
1499.4 2437.1 -146.8 173 0 15.5 11.4 14.0 3.5 2 0 4 2 2
1391.6 2540.1 -141.2 4 0 11.6 15.7 7.0 3.5 2 1 2 1 1
1409.0 2645.3 -130.7 339 0 12.3 14.1 17.5 3.5 2 1 5 2 2
2701.1 3458.1 26.9 351 0 13.3 29.9 2.5 2.5 2 1 1 0 0
2705.5 3431.2 27.7 352 0 29.0 12.6 2.5 2.5 4 0 1 1 1
2709.6 3398.6 27.4 352 0 29.6 12.4 2.5 2.5 2 0 1 2 2
2713.4 3373.0 26.5 352 0 12.9 27.9 2.5 2.5 4 1 1 2 2
2665.9 3359.8 22.7 82 0 35.1 13.2 2.5 2.5 2 0 1 1 1
2609.3 3466.0 19.0 87 0 13.3 8.7 2.5 2.5 2 0 1 3 3
2607.7 3376.0 13.9 351 0 12.2 18.0 2.5 0.0 0 1 1 4 4
2599.1 3421.9 15.1 348 0 38.1 11.4 2.5 2.5 2 0 1 5 5
2562.5 3464.1 13.0 264 0 5.9 4.5 2.5 2.5 2 0 1 2 2
2592.4 3471.1 14.8 354 0 11.9 20.2 2.5 0.0 0 1 1 4 4
2562.1 3457.5 11.6 258 0 13.0 49.9 2.5 0.0 0 1 1 5 5
2567.8 3394.7 11.4 168 0 16.7 13.7 2.5 2.5 2 0 1 4 4
2580.9 3364.8 11.3 80 0 14.0 20.3 2.5 2.5 2 1 1 0 0
