6127.1 4136.6 261.7 322 0 22.0 13.2 2.5 2.5 2 0 1 1 1
145.9 -850.2 28.1 205 0 7.0 9.1 5.0 2.5 2 1 2 5 5
190.2 -826.8 39.4 11 0 15.5 27.3 12.5 2.5 2 1 5 2 2
321.1 -829.9 38.3 209 0 4.9 7.3 2.5 2.5 2 1 1 3 3
335.6 -821.5 40.7 261 0 7.7 9.5 2.5 2.5 2 1 1 5 5
930.3 -1113.8 -60.1 333 0 20.0 9.0 2.5 2.5 2 0 1 5 5
896.3 -1101.3 -63.8 154 0 13.0 9.2 2.5 2.5 2 0 1 1 1
772.1 -1132.8 -83.2 248 0 13.6 20.1 5.0 2.5 2 1 2 2 2
797.1 -1114.9 -77.6 241 0 9.0 8.2 5.0 2.5 2 0 2 1 1
845.3 -1096.3 -74.5 247 0 14.0 8.8 5.0 2.5 2 0 2 5 5
817.0 -1109.7 -79.1 248 0 9.8 13.2 5.0 2.5 2 1 2 0 0
830.0 -1144.6 -81.9 240 0 14.1 11.2 5.0 2.5 2 0 2 3 3
821.5 -1181.7 -86.9 149 0 20.1 11.6 5.0 2.5 2 0 2 0 0
821.7 -1240.5 -86.1 167 0 9.6 7.5 5.0 2.5 2 0 2 3 3
815.8 -1208.4 -89.0 165 0 6.6 4.7 5.0 0.0 0 0 2 1 1
803.4 -1218.2 -89.5 156 0 12.7 7.8 5.0 2.5 2 0 2 1 1
847.2 -1210.0 -83.7 59 0 7.0 6.9 5.0 0.0 0 0 2 3 3
854.7 -1256.4 -80.9 86 0 6.7 10.2 5.0 2.5 4 1 2 2 2
844.9 -1246.0 -83.3 90 0 7.4 8.0 5.0 2.5 2 1 2 2 2
835.3 -1242.9 -85.2 78 0 5.9 11.2 5.0 2.5 2 1 2 1 1
831.0 -1259.2 -83.8 72 0 5.1 8.3 5.0 2.5 2 1 2 1 1
825.1 -1281.7 -86.6 74 0 14.4 32.5 5.0 2.5 2 1 2 0 0
771.5 -1197.8 -90.9 53 0 7.8 6.9 5.0 2.5 2 0 2 5 5
721.0 -1247.1 -98.3 241 0 9.6 8.9 5.0 2.5 2 0 2 1 1
735.3 -1238.1 -96.2 247 0 8.0 11.3 5.0 2.5 2 1 2 3 3
776.1 -1235.7 -91.8 333 0 7.8 9.1 5.0 2.5 4 1 2 2 2
786.9 -1222.3 -90.5 337 0 10.7 9.2 5.0 2.5 2 0 2 2 2
765.0 -1267.8 -94.3 69 0 9.9 8.8 5.0 2.5 2 0 2 0 0
798.5 -1251.1 -89.3 343 0 8.8 7.3 5.0 2.5 2 0 2 2 2
784.7 -1261.3 -91.7 70 0 10.7 9.5 5.0 2.5 2 0 2 2 2
798.3 -1280.5 -91.2 347 0 10.6 13.1 5.0 2.5 4 1 2 5 5
774.2 -1280.2 -94.1 256 0 11.9 11.1 5.0 2.5 2 0 2 4 4
768.5 -1313.1 -95.2 83 0 16.3 9.4 5.0 2.5 2 0 2 3 3
754.6 -1291.4 -97.5 264 0 5.5 6.7 5.0 2.5 2 1 2 5 5
740.1 -1296.9 -100.7 263 0 12.8 9.7 5.0 2.5 2 0 2 4 4
718.9 -1296.7 -102.3 255 0 10.4 15.4 5.0 2.5 2 1 2 2 2
710.2 -1249.4 -99.6 243 0 8.0 9.5 5.0 2.5 2 1 2 0 0
699.6 -1302.6 -105.3 254 0 19.2 13.9 5.0 2.5 2 0 2 0 0
680.5 -1306.1 -107.9 255 0 13.2 15.3 5.0 2.5 2 1 2 2 2
703.6 -1364.2 -102.9 160 0 11.0 16.3 5.0 2.5 2 1 2 1 1
678.9 -1359.1 -108.8 69 0 12.4 10.1 5.0 2.5 2 0 2 4 4
656.9 -1315.9 -111.5 251 0 12.4 9.6 5.0 2.5 2 0 2 2 2
644.7 -1319.4 -113.1 258 0 8.0 10.2 5.0 2.5 2 1 2 0 0
631.6 -1338.3 -115.2 257 0 7.2 8.6 5.0 2.5 2 1 2 0 0
618.3 -1325.5 -118.1 256 0 23.0 13.6 5.0 2.5 2 0 2 4 4
653.3 -1364.3 -113.9 78 0 14.7 11.4 5.0 2.5 2 0 2 3 3
635.0 -1356.5 -115.8 262 0 13.6 11.6 5.0 2.5 2 0 2 2 2
621.2 -1396.1 -118.7 359 0 7.9 12.6 5.0 0.0 0 1 2 5 5
597.0 -1410.4 -120.3 77 0 8.4 6.0 5.0 2.5 4 0 2 2 2
609.4 -1416.1 -118.5 79 0 9.6 13.7 5.0 2.5 2 1 2 3 3
588.7 -1330.0 -122.2 265 0 12.8 15.2 5.0 2.5 2 1 2 4 4
576.4 -1336.1 -123.8 344 0 7.8 8.0 5.0 2.5 2 1 2 4 4
563.7 -1360.6 -126.2 273 0 14.5 10.8 5.0 2.5 2 0 2 0 0
562.8 -1442.7 -128.2 83 0 15.6 27.4 5.0 2.5 4 1 2 3 3
547.8 -1463.2 -125.0 96 0 5.8 5.5 5.0 2.5 2 0 2 4 4
517.1 -1434.8 -134.1 77 0 9.4 7.6 5.0 2.5 2 0 2 1 1
505.1 -1413.6 -136.3 256 0 8.7 8.0 5.0 2.5 2 0 2 2 2
498.7 -1377.9 -135.3 250 0 6.9 5.3 5.0 2.5 4 0 2 0 0
483.3 -1384.6 -137.4 242 0 6.0 4.7 5.0 2.5 2 0 2 5 5
482.6 -1437.8 -138.4 102 0 7.0 6.0 5.0 2.5 2 0 2 3 3
477.2 -1469.2 -137.5 37 0 7.8 5.3 5.0 2.5 2 0 2 0 0
465.6 -1429.9 -140.8 258 0 5.1 7.2 5.0 2.5 2 1 2 4 4
474.8 -1420.4 -140.7 271 0 7.8 6.1 5.0 2.5 2 0 2 4 4
468.5 -1395.9 -139.3 252 0 6.5 6.1 5.0 2.5 2 0 2 5 5
380.0 -1414.2 -152.9 250 0 12.0 4.1 5.0 2.5 2 0 2 5 5
442.9 -1412.9 -142.1 243 0 6.0 4.8 5.0 2.5 2 0 2 5 5
447.1 -1431.3 -143.8 243 0 5.5 7.4 5.0 2.5 2 1 2 5 5
426.8 -1441.6 -146.5 266 0 9.5 8.0 5.0 0.0 0 0 2 5 5
443.5 -1501.5 -140.0 107 0 4.9 5.1 5.0 2.5 2 1 2 1 1
440.2 -1478.3 -143.3 97 0 9.8 25.5 5.0 0.0 0 1 2 2 2
386.5 -1533.8 -150.2 76 0 21.9 25.2 5.0 0.0 0 1 2 3 3
383.1 -1497.6 -149.5 80 0 5.3 3.4 5.0 0.0 0 0 2 0 0
399.4 -1438.9 -149.6 255 0 9.3 11.8 5.0 2.5 2 1 2 5 5
395.9 -1493.0 -149.3 84 0 11.9 19.2 5.0 2.5 2 1 2 2 2
374.8 -1449.5 -152.2 272 0 9.3 6.7 5.0 2.5 2 0 2 4 4
363.6 -1481.9 -154.3 73 0 11.0 10.2 5.0 2.5 2 0 2 2 2
291.7 -1513.0 -162.9 88 0 10.2 11.7 5.0 0.0 0 1 2 5 5
276.9 -1525.6 -163.7 87 0 11.1 9.2 5.0 2.5 2 0 2 0 0
24.1 -1592.8 -200.7 74 0 16.3 20.3 5.0 0.0 0 1 2 5 5
-0.2 -1599.6 -199.7 77 0 12.3 12.3 5.0 0.0 0 1 2 2 2
-25.5 -1613.8 -197.4 90 0 10.1 8.9 5.0 2.5 2 0 2 4 4
-65.1 -1600.6 -203.1 206 0 12.9 10.7 5.0 2.5 2 0 2 2 2
-74.6 -1596.9 -204.6 202 0 7.7 7.3 5.0 2.5 2 0 2 5 5
-83.9 -1570.3 -211.4 190 0 11.0 10.2 5.0 2.5 2 0 2 3 3
-56.1 -1580.0 -207.3 192 0 10.3 10.7 5.0 2.5 2 1 2 2 2
-69.2 -1632.5 -198.0 72 0 8.0 5.3 5.0 0.0 0 0 2 3 3
-373.5 -2251.0 -254.7 106 0 9.8 6.1 5.0 2.5 2 0 2 5 5
-408.1 -2193.3 -260.6 291 0 11.8 19.7 5.0 2.5 2 1 2 2 2
-420.4 -2163.3 -262.8 289 0 16.6 11.7 5.0 2.5 4 0 2 4 4
-440.1 -2234.4 -262.5 113 0 18.0 11.1 5.0 2.5 2 0 2 1 1
-457.0 -2225.3 -264.4 105 0 12.4 25.6 5.0 2.5 4 1 2 1 1
-442.1 -2176.4 -264.5 286 0 11.3 22.6 5.0 2.5 2 1 2 3 3
-449.1 -2146.9 -266.1 285 0 10.8 15.3 5.0 2.5 2 1 2 5 5
-464.2 -2172.4 -266.3 194 0 13.5 11.7 5.0 2.5 2 0 2 3 3
-481.6 -2215.9 -266.4 111 0 8.0 12.2 5.0 2.5 2 1 2 5 5
