-3005.8 -4578.1 3.8 357 0 7.0 6.1 2.5 2.5 2 0 1 5 5
-2998.6 -4599.7 5.7 22 0 5.9 6.2 7.5 2.5 2 1 3 3 3
-3044.6 -4589.3 2.8 148 0 7.8 12.2 2.5 2.5 2 1 1 3 3
-2917.1 -4607.1 7.8 191 0 5.4 5.9 7.5 2.5 2 1 3 5 5
-2800.8 -4686.2 9.6 345 0 4.1 6.3 7.5 2.5 2 1 3 3 3
-2698.7 -4608.6 -17.7 182 0 4.1 6.9 5.0 2.5 2 1 2 1 1
-2773.4 -4713.7 8.1 128 0 4.0 4.7 2.5 2.5 2 1 1 2 2
-2918.0 -4600.1 6.8 135 0 4.5 5.3 5.0 2.5 2 1 2 1 1
-2880.6 -4620.7 8.8 310 0 3.1 5.2 7.5 2.5 2 1 3 1 1
-2886.8 -4646.1 11.7 122 0 3.1 3.7 7.5 2.5 2 1 3 5 5
-3052.2 -4632.8 5.8 211 0 6.1 4.9 2.5 2.5 2 0 1 4 4
-3064.0 -4489.8 -0.6 319 0 3.2 5.4 7.5 2.5 4 1 3 4 4
-3074.0 -4462.8 1.8 211 0 4.2 3.3 7.5 2.5 2 0 3 2 2
-3095.2 -4377.1 11.0 209 0 5.4 4.2 5.0 2.5 2 0 2 5 5
-3130.0 -4204.0 13.3 311 0 3.4 5.8 7.5 2.5 4 1 3 4 4
