2827.0 4077.7 176.9 151 0 7.4 12.3 2.5 2.5 2 1 1 2 2
1553.7 5045.8 -181.0 334 0 4.0 6.3 2.5 0.0 0 1 1 3 3
2462.6 6433.8 47.4 11 0 3.7 5.8 5.0 0.0 0 1 2 4 4
2476.2 6442.8 54.6 208 0 5.3 7.1 2.5 0.0 0 1 1 3 3
2572.6 6200.0 25.4 107 0 4.1 6.5 2.5 0.0 0 1 1 0 0
2573.3 6222.2 27.7 262 0 3.6 5.8 2.5 0.0 0 1 1 1 1
2839.7 5555.0 47.4 129 0 3.5 5.5 5.0 0.0 0 1 2 1 1
2783.8 5678.0 36.6 312 0 5.0 8.3 5.0 0.0 0 1 2 0 0
2760.5 5692.1 32.0 213 0 5.0 8.3 5.0 0.0 0 1 2 2 2
2870.9 5688.4 61.0 106 0 4.1 6.6 5.0 0.0 0 1 2 0 0
2865.1 5729.5 59.2 351 0 4.8 7.9 7.5 0.0 0 1 3 4 4
2814.7 5826.0 45.9 279 0 5.4 9.0 5.0 0.0 0 1 2 4 4
2826.3 5806.6 48.8 332 0 4.6 7.2 5.0 0.0 0 1 2 1 1
2772.0 5796.4 35.9 216 0 4.2 6.7 5.0 0.0 0 1 2 4 4
2620.2 5668.2 -8.5 192 0 3.7 5.9 7.5 0.0 0 1 3 1 1
2610.6 5770.7 -13.4 333 0 5.7 9.4 7.5 0.0 0 1 3 0 0
2480.8 5805.4 -29.3 173 0 4.5 7.1 5.0 0.0 0 1 2 0 0
2488.2 5833.9 -25.6 200 0 4.4 7.0 5.0 0.0 0 1 2 5 5
2548.0 5902.6 -16.7 332 0 4.7 7.3 2.5 0.0 0 1 1 5 5
2563.2 5882.0 -16.8 332 0 5.3 8.7 5.0 0.0 0 1 2 0 0
2526.2 6525.1 76.5 206 0 9.7 13.2 2.5 2.5 2 1 1 1 1
2694.4 5363.8 19.5 346 0 4.6 7.1 5.0 0.0 0 1 2 0 0
2754.1 5762.5 27.5 43 0 14.2 8.7 5.0 2.5 2 0 2 0 0
1742.0 4716.9 -102.4 79 0 5.0 8.4 5.0 0.0 0 1 2 2 2
2143.7 4374.2 -20.5 100 0 3.4 5.4 2.5 0.0 0 1 1 0 0
2169.3 4440.7 -29.1 61 0 5.8 6.2 2.5 2.5 2 1 1 4 4
2245.1 4565.4 -24.0 4 0 6.0 3.3 2.5 2.5 2 0 1 1 1
2240.5 4544.0 -22.2 17 0 4.6 5.6 2.5 2.5 2 1 1 2 2
2286.1 4488.8 -10.4 0 0 3.1 3.6 2.5 2.5 2 1 1 5 5
2149.5 4524.5 -35.1 121 0 4.9 4.2 2.5 2.5 2 0 1 3 3
2079.4 4515.0 -43.9 259 0 8.7 10.8 2.5 2.5 2 1 1 1 1
2410.4 4677.0 -30.2 342 0 17.2 13.2 2.5 2.5 2 0 1 4 4
2411.6 4649.8 -27.3 67 0 8.9 13.9 2.5 2.5 2 1 1 1 1
2400.9 4692.3 -31.5 327 0 6.5 7.7 2.5 2.5 2 1 1 5 5
860.4 3780.4 -107.5 47 0 6.8 8.4 2.5 2.5 2 1 1 4 4
