556.4 2473.0 -0.3 160 0 9.5 6.7 2.5 2.5 2 0 1 3 3
580.4 2483.5 -0.5 248 0 8.2 10.4 7.5 2.5 2 1 3 2 2
637.8 2495.2 -5.0 237 0 14.8 9.6 2.5 2.5 2 0 1 3 3
617.8 2460.0 -4.3 68 0 11.3 10.1 7.5 2.5 2 0 3 5 5
3192.9 -4180.9 -8.7 25 0 9.6 8.3 7.5 2.5 2 0 3 2 2
620.0 2486.0 -3.6 252 0 9.6 6.9 5.0 2.5 2 0 2 1 1
3145.1 -4203.7 -9.5 189 0 10.9 14.4 2.5 2.5 2 1 1 2 2
3139.4 -4238.4 -9.6 185 0 9.0 11.3 5.0 2.5 2 1 2 2 2
691.9 2499.9 -8.1 78 0 11.5 7.7 5.0 2.5 2 0 2 1 1
4672.2 -5311.0 3.0 320 0 3.3 8.0 7.5 2.5 2 1 3 5 5
6110.8 -5979.5 1.9 152 0 5.9 8.2 7.5 2.5 2 1 3 2 2
