5653.6 -134.6 -48.7 164 0 30.8 10.6 2.5 2.5 2 0 1 5 5
5727.0 -45.2 -57.9 263 0 13.1 11.6 2.5 2.5 2 0 1 5 5
5709.9 -48.8 -57.6 255 0 12.5 12.5 2.5 2.5 2 1 1 3 3
5715.7 -78.5 -52.8 338 0 12.9 12.1 2.5 2.5 2 0 1 1 1
5731.8 -72.1 -54.0 337 0 9.9 12.5 2.5 0.0 0 1 1 4 4
5758.4 -79.0 -55.6 145 0 13.1 9.1 2.5 2.5 2 0 1 5 5
5769.1 -95.5 -53.8 146 0 12.4 10.8 2.5 2.5 2 0 1 0 0
5739.2 -91.1 -51.4 330 0 13.3 11.5 2.5 2.5 2 0 1 2 2
5726.9 -98.2 -49.6 332 0 12.0 12.6 2.5 2.5 2 1 1 4 4
5735.7 -119.9 -46.7 333 0 12.0 14.7 2.5 2.5 2 1 1 3 3
5750.7 -113.2 -48.5 336 0 11.5 12.3 2.5 2.5 2 1 1 5 5
5780.2 -114.6 -51.3 142 0 13.8 10.4 2.5 0.0 0 0 1 2 2
5787.8 -131.3 -48.7 153 0 12.7 9.3 2.5 2.5 2 0 1 1 1
5748.9 -149.9 -45.1 69 0 25.4 13.6 2.5 2.5 2 0 1 5 5
5668.0 -372.5 -39.1 267 0 28.0 23.5 5.0 0.0 0 0 2 5 5
5710.9 -359.9 -30.0 230 0 17.8 23.1 5.0 2.5 2 1 2 5 5
5574.9 -385.5 -47.8 257 0 13.0 17.1 5.0 2.5 2 1 2 5 5
5616.7 -385.4 -44.6 267 0 36.5 13.7 5.0 2.5 2 0 2 4 4
5602.0 -347.3 -43.3 82 0 9.1 31.6 5.0 2.5 2 1 2 0 0
5582.7 -352.5 -46.4 74 0 12.5 33.0 5.0 2.5 2 1 2 5 5
5547.7 -366.6 -50.1 342 0 31.7 11.9 5.0 2.5 2 0 2 5 5
5536.9 -332.8 -53.8 344 0 27.5 10.4 5.0 2.5 2 0 2 3 3
5522.6 -286.2 -56.5 338 0 30.4 11.1 5.0 0.0 0 0 2 4 4
5495.3 -228.6 -61.6 248 0 15.2 21.3 5.0 2.5 2 1 2 2 2
5556.2 -292.5 -49.5 164 0 13.9 19.8 5.0 2.5 4 1 2 0 0
5566.5 -198.1 -56.4 229 0 24.2 10.8 5.0 2.5 2 0 2 2 2
5539.2 -184.1 -65.1 84 0 14.4 28.1 5.0 2.5 2 1 2 2 2
5394.3 -48.5 -81.2 242 0 10.1 13.9 5.0 2.5 2 1 2 1 1
5401.7 -65.0 -80.5 245 0 10.6 14.6 5.0 2.5 2 1 2 1 1
5365.2 -110.6 -83.6 39 0 6.8 20.3 5.0 2.5 4 1 2 2 2
5373.6 -102.8 -83.0 51 0 9.6 22.0 5.0 2.5 2 1 2 3 3
5369.7 -76.4 -82.3 229 0 11.3 22.0 5.0 2.5 2 1 2 1 1
5380.7 -67.5 -81.4 233 0 8.2 8.7 5.0 2.5 2 1 2 1 1
5359.1 -64.2 -83.8 235 0 15.4 10.9 5.0 2.5 2 0 2 1 1
5345.5 -76.7 -84.8 234 0 14.2 8.9 5.0 2.5 2 0 2 1 1
5330.1 -101.7 -85.6 181 0 16.1 13.6 5.0 2.5 2 0 2 0 0
5331.1 -121.7 -85.4 184 0 16.8 11.4 5.0 2.5 2 0 2 2 2
5350.2 -157.8 -83.4 142 0 8.9 8.9 5.0 2.5 2 0 2 0 0
5402.8 -196.7 -78.8 350 0 16.0 16.1 5.0 2.5 2 1 2 4 4
5421.6 -169.8 -75.0 160 0 30.4 12.3 5.0 2.5 2 0 2 4 4
5412.1 -139.8 -76.4 161 0 11.5 14.8 5.0 2.5 2 1 2 5 5
5431.5 -138.7 -74.3 174 0 6.5 11.2 5.0 2.5 2 1 2 4 4
5429.6 -127.7 -75.0 172 0 8.3 9.1 5.0 2.5 2 1 2 0 0
5443.9 -163.2 -73.0 167 0 29.9 12.8 5.0 2.5 2 0 2 5 5
5459.9 -205.0 -68.5 73 0 14.9 10.1 5.0 2.5 2 0 2 2 2
5480.2 -197.9 -69.0 80 0 13.2 16.7 5.0 2.5 2 1 2 4 4
5487.4 -156.0 -69.9 353 0 7.8 13.6 5.0 0.0 0 1 2 1 1
5478.6 -123.7 -72.3 352 0 11.7 16.4 5.0 2.5 4 1 2 4 4
5474.1 -90.7 -74.2 349 0 28.5 14.3 5.0 2.5 2 0 2 3 3
5467.6 -59.6 -75.8 348 0 22.1 9.5 5.0 2.5 2 0 2 1 1
5513.3 -64.1 -72.6 72 0 8.1 37.5 5.0 2.5 2 1 2 1 1
5573.9 -48.1 -63.4 71 0 8.9 8.7 5.0 2.5 2 0 2 1 1
5569.1 -38.2 -64.8 74 0 8.9 12.0 5.0 2.5 4 1 2 5 5
5566.2 -16.7 -66.2 329 0 9.9 10.7 5.0 2.5 2 1 2 4 4
5562.4 18.9 -68.3 251 0 12.1 11.5 5.0 2.5 2 0 2 1 1
5584.6 -10.3 -64.8 348 0 11.6 10.1 5.0 2.5 2 0 2 5 5
5588.8 -23.3 -63.6 341 0 12.3 11.0 5.0 2.5 4 0 2 3 3
5591.5 -46.0 -62.1 67 0 10.6 13.1 5.0 2.5 2 1 2 0 0
5594.1 -78.3 -58.8 265 0 12.6 30.1 5.0 2.5 2 1 2 3 3
5588.1 -155.9 -55.9 85 0 9.5 21.4 5.0 2.5 2 1 2 2 2
5608.8 -150.3 -53.7 86 0 12.7 19.3 5.0 2.5 2 1 2 5 5
5623.1 -175.1 -45.0 248 0 18.5 16.2 5.0 2.5 2 0 2 5 5
5647.3 -202.9 -42.8 341 0 14.5 24.6 5.0 2.5 2 1 2 1 1
5651.3 -231.4 -40.7 342 0 15.0 13.1 5.0 2.5 2 0 2 3 3
5660.7 -254.3 -39.0 346 0 11.2 16.8 5.0 2.5 2 1 2 4 4
5704.7 -217.9 -33.9 240 0 10.7 31.4 2.5 2.5 2 1 1 2 2
5729.4 -216.9 -33.7 234 0 13.1 27.4 2.5 0.0 0 1 1 5 5
5773.8 -179.1 -40.6 170 0 11.8 13.3 2.5 2.5 2 1 1 3 3
5801.9 -227.5 -34.3 152 0 15.0 11.5 2.5 2.5 2 0 1 1 1
5786.7 -205.2 -37.1 145 0 12.9 11.0 2.5 0.0 0 0 1 4 4
5750.1 -185.4 -37.7 244 0 12.0 13.2 2.5 0.0 0 1 1 1 1
5769.6 -212.7 -34.2 339 0 14.3 10.5 2.5 2.5 2 0 1 2 2
5778.6 -231.9 -32.2 335 0 13.8 10.2 2.5 2.5 2 0 1 3 3
5788.6 -257.0 -29.4 341 0 12.7 10.8 2.5 2.5 2 0 1 1 1
5784.7 -268.6 -26.7 252 0 9.4 22.3 2.5 2.5 2 1 1 2 2
5861.1 -400.2 -24.5 137 0 20.2 22.6 2.5 2.5 2 1 1 5 5
5882.4 -436.3 -22.7 148 0 21.7 25.8 2.5 2.5 2 1 1 4 4
5907.5 -483.8 -21.9 153 0 17.4 22.2 2.5 2.5 2 1 1 3 3
5965.7 -526.3 -23.1 334 0 28.0 15.8 2.5 2.5 2 0 1 3 3
6185.9 -590.4 -23.3 307 0 14.4 14.8 2.5 2.5 2 1 1 2 2
6160.3 -577.9 -22.8 300 0 12.0 14.9 2.5 2.5 2 1 1 3 3
6159.8 -843.9 -27.8 178 0 32.8 15.9 2.5 2.5 4 0 1 4 4
6104.0 -1060.2 -34.8 349 0 14.8 16.2 5.0 2.5 2 1 2 4 4
6114.2 -1094.3 -34.5 350 0 14.2 19.2 5.0 2.5 4 1 2 3 3
6152.1 -1054.0 -28.9 173 0 18.4 21.4 2.5 2.5 2 1 1 1 1
6134.2 -2141.3 -17.1 270 0 5.8 5.4 5.0 2.5 2 0 2 1 1
6144.7 -2154.8 -14.1 334 0 4.3 6.5 5.0 2.5 2 1 2 4 4
6155.3 -2142.3 -14.5 306 0 10.3 11.6 5.0 2.5 2 1 2 1 1
5926.5 -2164.4 -51.3 297 0 8.6 6.9 5.0 2.5 2 0 2 2 2
5808.3 -2303.9 -48.8 111 0 10.7 10.2 5.0 2.5 2 0 2 0 0
5818.1 -2292.1 -49.6 128 0 12.2 31.3 5.0 0.0 0 1 2 5 5
5863.3 -2278.7 -48.5 43 0 10.2 25.1 5.0 2.5 2 1 2 3 3
5747.5 -2291.0 -55.3 10 0 13.3 12.9 5.0 2.5 2 0 2 2 2
5729.7 -2100.5 -69.5 300 0 11.0 6.6 2.5 0.0 0 0 1 4 4
5766.2 -2091.2 -66.5 196 0 4.9 8.3 2.5 2.5 2 1 1 0 0
5774.0 -2081.5 -66.1 202 0 10.5 12.7 2.5 2.5 2 1 1 5 5
5787.9 -2089.8 -65.4 203 0 12.7 9.4 2.5 2.5 2 0 1 4 4
5757.0 -2061.3 -67.5 22 0 8.2 9.5 5.0 2.5 4 1 2 0 0
5785.0 -2008.0 -70.6 28 0 9.9 9.7 5.0 2.5 2 0 2 2 2
5824.4 -1981.0 -71.0 208 0 11.4 9.9 2.5 0.0 0 0 1 0 0
5836.9 -1969.6 -71.6 163 0 7.5 10.8 2.5 2.5 2 1 1 1 1
5867.0 -1909.3 -74.8 195 0 9.7 9.6 2.5 2.5 2 0 1 2 2
5888.8 -1700.6 -76.5 356 0 7.8 5.1 5.0 2.5 2 0 2 3 3
5859.2 -1754.3 -79.0 32 0 5.6 5.6 5.0 2.5 2 0 2 4 4
6203.2 -1294.5 -23.3 28 0 20.4 15.8 2.5 2.5 2 0 1 1 1
6152.8 -1394.3 -29.5 356 0 12.0 10.0 2.5 2.5 4 0 1 3 3
6155.1 -1408.8 -29.6 0 0 12.4 12.7 2.5 2.5 2 1 1 0 0
6158.2 -1445.3 -29.5 345 0 10.9 11.2 2.5 2.5 2 1 1 1 1
6166.4 -1456.3 -28.5 318 0 7.5 7.4 2.5 2.5 2 0 1 3 3
6142.7 -1475.2 -33.4 0 0 14.8 15.1 2.5 2.5 2 1 1 2 2
6148.2 -1495.3 -33.9 1 0 15.0 15.0 2.5 2.5 2 0 1 0 0
6148.7 -1510.9 -34.1 359 0 7.5 12.2 2.5 2.5 2 1 1 3 3
6148.2 -1527.8 -35.2 3 0 16.0 13.2 2.5 0.0 0 0 1 0 0
6116.5 -1464.9 -36.2 350 0 12.4 10.7 2.5 2.5 2 0 1 3 3
6120.0 -1485.7 -37.5 354 0 6.9 13.8 2.5 2.5 2 1 1 4 4
6103.9 -1492.5 -41.8 343 0 9.5 19.8 2.5 2.5 2 1 1 2 2
6122.5 -1503.6 -38.1 352 0 13.5 11.9 2.5 0.0 0 0 1 1 1
6125.1 -1519.3 -38.9 352 0 13.5 12.5 2.5 0.0 0 0 1 3 3
6124.0 -1556.2 -39.5 80 0 15.2 26.5 2.5 2.5 2 1 1 0 0
6131.3 -1563.4 -38.3 348 0 8.8 12.5 2.5 2.5 2 1 1 2 2
6128.8 -1580.6 -39.5 4 0 15.8 15.8 2.5 2.5 2 0 1 1 1
6265.5 -1981.8 -22.7 167 0 5.8 5.6 5.0 2.5 2 0 2 0 0
6237.3 -1689.0 -13.2 357 0 13.7 13.9 2.5 2.5 2 1 1 2 2
6229.9 -1707.4 -15.7 337 0 13.4 12.9 2.5 2.5 2 0 1 0 0
6162.4 -1736.0 -28.5 175 0 20.8 22.4 2.5 2.5 4 1 1 5 5
6125.6 -1704.0 -39.1 354 0 11.9 10.9 5.0 0.0 0 0 2 5 5
6109.2 -1721.6 -42.2 212 0 9.8 10.7 5.0 2.5 2 1 2 2 2
6132.6 -1740.7 -38.9 355 0 16.2 11.3 5.0 2.5 2 0 2 1 1
6105.0 -1750.5 -45.9 126 0 21.8 10.1 5.0 2.5 2 0 2 1 1
6029.7 -1712.6 -59.8 110 0 12.2 11.4 2.5 2.5 2 0 1 0 0
6016.6 -1702.7 -62.5 108 0 12.0 21.9 2.5 2.5 2 1 1 2 2
6015.7 -1729.8 -62.0 109 0 10.0 8.8 2.5 2.5 2 0 1 3 3
6034.3 -1745.8 -59.8 113 0 23.4 10.9 2.5 0.0 0 0 1 5 5
6058.9 -1739.0 -53.9 111 0 12.2 13.9 2.5 2.5 2 1 1 1 1
6078.2 -1741.3 -51.7 14 0 9.7 7.1 2.5 2.5 2 0 1 5 5
6105.8 -1684.6 -43.2 10 0 14.8 8.8 2.5 2.5 2 0 1 3 3
6108.7 -1585.0 -44.2 3 0 9.8 14.2 2.5 2.5 4 1 1 3 3
6081.4 -1563.1 -49.2 358 0 20.6 15.3 2.5 2.5 2 0 1 4 4
6045.1 -1584.9 -54.3 14 0 9.2 13.5 2.5 2.5 2 1 1 0 0
6028.3 -1580.2 -56.2 2 0 11.3 15.6 2.5 2.5 2 1 1 0 0
5993.5 -1606.7 -60.8 181 0 10.7 14.5 2.5 2.5 2 1 1 0 0
5971.4 -1572.2 -60.1 185 0 14.7 12.3 2.5 2.5 2 0 1 2 2
5987.0 -1575.1 -58.4 188 0 9.9 17.5 2.5 2.5 2 1 1 1 1
5964.2 -1615.0 -64.7 193 0 11.6 15.2 2.5 2.5 2 1 1 1 1
5929.2 -1631.3 -68.3 189 0 13.3 12.4 2.5 2.5 2 0 1 4 4
5926.3 -1648.1 -69.6 190 0 10.6 14.0 2.5 2.5 2 1 1 5 5
5944.9 -1686.9 -69.3 125 0 10.8 12.9 2.5 2.5 2 1 1 4 4
5951.3 -1709.3 -69.4 105 0 32.9 11.9 2.5 2.5 4 0 1 4 4
5987.8 -1719.3 -66.2 111 0 21.5 11.5 2.5 2.5 2 0 1 3 3
5924.7 -1716.1 -71.4 293 0 8.4 9.2 2.5 2.5 2 1 1 0 0
5944.4 -1772.3 -67.3 183 0 5.8 6.8 2.5 2.5 2 1 1 2 2
5900.3 -1872.8 -70.3 193 0 12.7 7.9 2.5 2.5 2 0 1 1 1
5933.1 -1793.1 -68.1 198 0 9.4 6.5 2.5 2.5 2 0 1 2 2
5913.5 -1787.9 -70.5 192 0 22.2 18.3 2.5 2.5 2 0 1 0 0
5955.3 -1813.3 -65.1 198 0 11.5 11.5 2.5 2.5 2 1 1 0 0
5951.5 -1827.1 -65.2 196 0 11.2 11.4 2.5 2.5 2 1 1 1 1
5974.1 -1848.7 -63.6 18 0 12.7 13.4 2.5 2.5 2 1 1 3 3
5984.6 -1827.4 -63.2 16 0 26.4 15.1 2.5 2.5 2 0 1 5 5
5994.6 -1788.3 -62.4 293 0 13.5 14.7 2.5 0.0 0 1 1 4 4
6012.3 -1807.1 -61.0 21 0 11.3 14.6 2.5 0.0 0 1 1 3 3
6016.9 -1793.7 -61.1 20 0 10.5 13.7 2.5 2.5 2 1 1 0 0
6017.9 -1772.9 -61.0 286 0 10.0 11.9 2.5 2.5 2 1 1 0 0
6004.4 -1760.0 -62.7 288 0 10.4 9.6 2.5 2.5 4 0 1 3 3
6034.0 -1760.1 -60.0 287 0 18.5 10.5 2.5 2.5 2 0 1 4 4
6051.7 -1764.8 -56.8 285 0 12.3 11.3 2.5 2.5 2 0 1 4 4
6051.0 -1786.9 -59.6 21 0 11.1 24.8 2.5 2.5 2 1 1 0 0
6037.9 -1801.1 -59.4 22 0 18.4 16.0 2.5 2.5 2 0 1 5 5
6108.9 -1951.2 -43.5 7 0 6.3 10.5 5.0 2.5 2 1 2 4 4
6107.5 -1940.5 -44.5 359 0 9.1 11.1 5.0 2.5 2 1 2 4 4
6102.8 -1963.5 -43.8 19 0 12.3 9.4 5.0 2.5 2 0 2 1 1
6106.7 -1879.2 -48.0 31 0 12.1 13.2 5.0 2.5 2 1 2 5 5
6073.9 -1830.0 -52.9 201 0 9.4 23.5 5.0 2.5 2 1 2 1 1
6046.0 -1847.3 -55.0 210 0 12.0 14.0 5.0 2.5 2 1 2 2 2
6030.0 -1827.6 -58.6 21 0 15.0 13.2 2.5 2.5 2 0 1 3 3
6017.5 -1845.2 -60.8 16 0 12.1 30.8 2.5 2.5 2 1 1 0 0
5995.6 -1959.3 -58.2 194 0 10.3 10.1 5.0 2.5 2 0 2 4 4
6012.0 -1867.3 -58.8 18 0 8.5 14.0 2.5 2.5 2 1 1 2 2
5975.6 -1909.1 -63.3 20 0 17.4 13.3 2.5 2.5 2 0 1 1 1
5970.7 -1943.8 -63.6 28 0 13.6 11.5 2.5 2.5 2 0 1 4 4
5965.5 -1959.1 -63.6 18 0 13.9 11.5 2.5 0.0 0 0 1 3 3
5960.6 -1974.2 -63.8 31 0 8.3 12.4 2.5 2.5 2 1 1 1 1
5955.2 -1984.3 -64.2 25 0 9.1 13.2 2.5 0.0 0 1 1 5 5
5949.2 -1995.5 -64.4 27 0 9.1 13.7 2.5 2.5 2 1 1 5 5
5937.2 -2013.3 -64.0 31 0 10.1 14.3 2.5 2.5 2 1 1 0 0
5930.6 -2024.1 -63.1 31 0 8.9 10.4 2.5 2.5 2 1 1 4 4
5924.9 -2032.9 -63.1 37 0 7.8 12.4 2.5 0.0 0 1 1 2 2
5946.0 -2141.2 -51.2 211 0 22.2 14.2 5.0 2.5 4 0 2 0 0
5905.2 -2145.4 -56.8 299 0 14.3 24.8 5.0 0.0 0 1 2 4 4
5871.4 -2027.0 -67.0 6 0 11.1 11.3 2.5 2.5 2 1 1 4 4
5855.1 -2077.0 -65.4 112 0 22.1 29.7 2.5 0.0 0 1 1 4 4
5840.4 -2092.4 -63.3 58 0 6.2 12.0 2.5 2.5 2 1 1 4 4
5834.2 -2097.8 -63.5 36 0 6.7 12.5 2.5 2.5 2 1 1 4 4
5821.0 -2104.7 -64.4 25 0 7.7 17.0 2.5 2.5 2 1 1 0 0
5800.9 -2128.7 -64.6 98 0 11.7 11.5 2.5 2.5 2 0 1 3 3
5773.8 -2141.8 -65.1 282 0 12.3 23.9 5.0 2.5 4 1 2 3 3
5793.3 -2149.0 -63.6 279 0 18.0 19.1 5.0 2.5 4 1 2 0 0
5801.5 -2182.8 -61.3 4 0 11.2 10.5 5.0 2.5 2 0 2 5 5
5789.0 -2233.4 -58.5 18 0 5.8 18.7 5.0 2.5 2 1 2 3 3
5787.0 -2245.5 -57.4 18 0 14.5 13.8 5.0 2.5 2 0 2 2 2
5780.6 -2259.5 -56.2 24 0 9.5 13.2 5.0 2.5 2 1 2 2 2
5776.0 -2270.7 -55.0 4 0 8.9 9.3 5.0 2.5 2 1 2 5 5
5772.2 -2283.0 -54.4 20 0 7.8 12.8 5.0 2.5 2 1 2 0 0
5769.4 -2291.9 -53.6 15 0 6.5 15.1 5.0 2.5 2 1 2 2 2
5765.9 -2300.5 -52.7 17 0 8.1 14.4 5.0 0.0 0 1 2 0 0
5764.2 -2310.6 -51.2 12 0 8.4 14.5 5.0 2.5 4 1 2 2 2
5696.6 -2313.2 -54.5 194 0 11.2 12.9 5.0 2.5 2 1 2 1 1
5747.2 -2364.2 -41.6 3 0 7.3 12.8 5.0 0.0 0 1 2 5 5
5757.1 -2331.7 -48.8 17 0 13.0 16.5 5.0 2.5 2 1 2 5 5
5750.3 -2349.7 -46.7 18 0 16.4 20.7 5.0 2.5 2 1 2 5 5
5774.8 -2337.3 -46.2 195 0 31.0 12.4 5.0 2.5 2 0 2 0 0
5868.5 -2352.2 -32.6 292 0 15.9 13.5 5.0 2.5 2 0 2 4 4
5854.8 -2389.6 -28.6 28 0 6.0 11.9 5.0 2.5 2 1 2 5 5
5807.6 -2331.4 -43.4 282 0 12.5 30.4 5.0 2.5 2 1 2 2 2
5823.9 -2334.3 -41.8 278 0 14.7 31.5 5.0 2.5 4 1 2 1 1
5756.7 -2389.9 -35.1 204 0 11.9 12.2 5.0 0.0 0 1 2 0 0
5771.8 -2396.0 -33.5 181 0 9.9 10.2 5.0 2.5 2 1 2 2 2
5782.6 -2472.3 -17.5 158 0 11.6 15.2 5.0 0.0 0 1 2 4 4
5725.5 -2460.2 -23.7 184 0 15.2 20.2 5.0 2.5 2 1 2 2 2
5685.2 -2491.5 -25.1 24 0 15.6 12.6 5.0 2.5 2 0 2 5 5
5701.6 -2520.3 -17.7 2 0 10.1 6.2 5.0 2.5 2 0 2 1 1
5694.1 -2514.7 -19.8 40 0 8.0 10.9 5.0 2.5 2 1 2 5 5
5648.3 -2579.0 -18.8 180 0 11.6 18.9 5.0 2.5 2 1 2 3 3
5648.6 -2595.8 -17.9 162 0 10.6 9.7 5.0 2.5 2 0 2 5 5
5703.9 -2559.8 -14.2 11 0 11.1 16.4 5.0 2.5 2 1 2 3 3
5705.9 -2535.8 -16.8 1 0 13.7 16.7 5.0 2.5 4 1 2 5 5
5719.3 -2552.2 -12.6 356 0 15.2 11.0 5.0 2.5 2 0 2 1 1
5717.5 -2584.9 -8.8 19 0 7.9 11.2 5.0 2.5 2 1 2 1 1
5690.8 -2620.0 -9.5 356 0 6.1 7.8 5.0 2.5 2 1 2 0 0
5740.2 -2697.4 7.2 91 0 6.2 6.9 5.0 2.5 2 1 2 5 5
5716.8 -2686.2 2.6 170 0 9.5 10.7 5.0 2.5 2 1 2 3 3
5723.6 -2697.5 4.9 172 0 9.0 11.7 5.0 2.5 2 1 2 0 0
5693.6 -2761.8 6.9 33 0 16.2 13.0 5.0 2.5 2 0 2 2 2
5589.0 -2792.3 -6.4 193 0 7.7 4.8 5.0 2.5 2 0 2 1 1
6506.9 -2093.4 -81.7 203 0 11.8 13.5 5.0 2.5 2 1 2 0 0
6281.2 -1815.0 -13.4 235 0 5.7 6.0 5.0 2.5 2 1 2 1 1
6270.1 -1812.4 -12.0 89 0 6.3 6.7 2.5 2.5 2 1 1 0 0
6325.0 -1856.6 -18.6 4 0 7.8 8.7 5.0 2.5 2 1 2 2 2
6230.6 -1862.2 -20.7 270 0 6.2 8.8 5.0 2.5 2 1 2 2 2
6241.1 -1865.1 -18.8 267 0 7.4 7.5 5.0 0.0 0 1 2 4 4
6246.1 -1904.6 -19.2 93 0 8.1 5.8 5.0 2.5 2 0 2 3 3
6237.6 -1893.3 -20.4 91 0 8.1 11.3 5.0 2.5 2 1 2 4 4
6265.7 -1921.9 -17.4 92 0 13.5 22.4 5.0 2.5 2 1 2 3 3
6215.2 -1917.6 -25.2 88 0 7.0 9.2 5.0 0.0 0 1 2 2 2
6258.2 -1963.0 -21.9 181 0 8.3 6.6 5.0 2.5 2 0 2 0 0
6211.3 -2045.1 -19.6 192 0 9.1 7.6 5.0 2.5 2 0 2 5 5
6180.3 -2075.8 -21.1 40 0 4.5 6.5 5.0 2.5 2 1 2 1 1
6162.0 -2083.0 -22.3 116 0 5.5 8.8 5.0 2.5 2 1 2 2 2
6143.2 -2121.3 -19.4 285 0 13.9 9.0 5.0 2.5 2 0 2 2 2
6057.5 -2004.7 -46.5 352 0 6.2 9.1 5.0 2.5 2 1 2 0 0
6066.7 -2035.2 -42.3 49 0 7.8 6.5 5.0 2.5 2 0 2 5 5
6073.4 -2043.5 -41.1 349 0 10.8 9.5 5.0 2.5 4 0 2 2 2
6016.0 -2049.3 -49.9 64 0 10.6 14.0 5.0 2.5 2 1 2 2 2
6026.1 -2073.7 -44.9 91 0 13.6 6.1 5.0 2.5 2 0 2 0 0
6005.7 -2088.3 -47.7 116 0 11.4 13.0 5.0 2.5 2 1 2 2 2
6026.6 -2084.8 -43.6 92 0 11.0 6.7 5.0 2.5 2 0 2 3 3
5995.6 -2120.1 -46.2 207 0 9.4 11.0 5.0 2.5 2 1 2 3 3
6017.9 -2124.7 -41.7 292 0 10.0 8.2 5.0 2.5 2 0 2 5 5
6012.5 -2167.3 -41.4 359 0 8.8 17.8 5.0 2.5 2 1 2 3 3
6073.7 -2220.9 -15.6 171 0 8.7 9.1 5.0 2.5 2 1 2 3 3
5997.2 -2224.0 -36.0 1 0 8.5 8.1 5.0 2.5 2 0 2 2 2
6011.0 -2253.3 -25.9 181 0 8.1 18.9 5.0 2.5 2 1 2 1 1
6029.0 -2217.4 -26.6 215 0 9.1 10.7 5.0 2.5 2 1 2 3 3
6010.9 -2238.3 -28.3 180 0 6.9 16.1 5.0 2.5 4 1 2 5 5
5979.6 -2238.2 -37.4 14 0 10.2 13.1 5.0 2.5 2 1 2 3 3
6023.6 -2337.8 -10.0 295 0 19.0 19.0 5.0 0.0 0 1 2 2 2
5989.8 -2371.8 -9.0 162 0 11.2 18.7 5.0 2.5 2 1 2 4 4
5968.0 -2424.1 0.5 201 0 13.1 12.5 5.0 2.5 4 0 2 2 2
5981.4 -2432.0 3.7 179 0 9.5 10.1 5.0 2.5 2 1 2 0 0
5885.7 -2454.1 -10.1 46 0 10.8 8.7 5.0 2.5 2 0 2 5 5
5933.2 -2457.8 1.2 203 0 15.9 16.9 5.0 2.5 2 1 2 3 3
5922.7 -2492.2 6.6 203 0 18.8 20.6 5.0 2.5 2 1 2 0 0
5950.9 -2586.3 25.7 104 0 15.6 9.8 5.0 2.5 2 0 2 3 3
5892.6 -2646.3 26.3 230 0 14.3 6.9 5.0 2.5 2 0 2 4 4
5850.4 -2687.5 26.2 208 0 10.9 8.8 5.0 2.5 4 0 2 1 1
5827.4 -2630.1 11.6 23 0 7.7 12.5 5.0 2.5 2 1 2 4 4
5867.5 -2628.3 16.4 27 0 16.0 13.5 5.0 0.0 0 0 2 2 2
5838.9 -2609.2 10.0 24 0 22.5 10.9 5.0 2.5 2 0 2 2 2
5866.3 -2526.5 2.0 12 0 7.1 11.7 5.0 2.5 2 1 2 0 0
5861.8 -2544.8 3.8 18 0 11.0 12.5 5.0 2.5 2 1 2 0 0
5845.5 -2537.1 0.3 6 0 6.8 17.6 5.0 2.5 2 1 2 2 2
5844.1 -2580.3 6.6 2 0 8.3 16.6 5.0 2.5 2 1 2 5 5
5730.2 -2524.4 -12.7 179 0 5.4 6.8 5.0 2.5 2 1 2 2 2
5738.9 -2524.6 -11.7 179 0 6.2 7.1 5.0 2.5 2 1 2 2 2
5751.7 -2523.6 -11.0 142 0 12.7 15.9 5.0 2.5 2 1 2 3 3
5738.3 -2541.5 -9.8 185 0 8.9 10.5 5.0 2.5 2 1 2 4 4
5740.6 -2613.5 -0.7 207 0 24.6 17.1 5.0 0.0 0 0 2 5 5
5758.0 -2578.7 -2.7 216 0 40.6 21.1 5.0 0.0 0 0 2 3 3
5881.8 -2719.5 35.1 88 0 9.9 8.5 5.0 2.5 2 0 2 1 1
5851.8 -2735.1 33.9 272 0 9.7 11.6 5.0 2.5 2 1 2 5 5
5840.2 -2796.0 36.8 199 0 16.9 16.4 5.0 2.5 2 0 2 3 3
5805.7 -2700.5 19.8 268 0 10.8 10.3 5.0 2.5 2 0 2 2 2
5804.0 -2766.6 22.7 2 0 10.9 11.8 5.0 2.5 2 1 2 3 3
5785.7 -2766.5 20.0 359 0 10.3 14.8 5.0 0.0 0 1 2 0 0
5761.0 -2734.3 14.8 295 0 5.0 6.6 5.0 2.5 4 1 2 5 5
5767.9 -2736.4 16.5 206 0 8.3 15.1 5.0 2.5 2 1 2 2 2
5748.0 -2749.8 15.5 216 0 8.5 17.0 5.0 2.5 2 1 2 4 4
5731.2 -2749.7 13.4 208 0 8.8 11.7 5.0 2.5 4 1 2 3 3
5729.2 -2765.5 15.2 202 0 10.1 18.2 5.0 2.5 2 1 2 2 2
5711.7 -2787.7 15.5 199 0 10.7 24.3 5.0 2.5 4 1 2 5 5
5778.7 -2880.9 28.7 16 0 8.1 11.9 5.0 2.5 2 1 2 0 0
5721.4 -2849.5 20.3 196 0 10.6 30.7 5.0 2.5 2 1 2 0 0
5773.3 -2840.2 24.8 358 0 6.9 13.5 5.0 2.5 2 1 2 5 5
5706.8 -2909.1 23.4 199 0 10.7 9.7 5.0 2.5 2 0 2 5 5
5713.1 -2876.8 20.7 196 0 22.6 12.8 5.0 0.0 0 0 2 3 3
5707.6 -2895.2 22.1 196 0 9.6 31.9 5.0 2.5 2 1 2 2 2
5739.4 -2889.7 26.2 195 0 13.6 9.5 5.0 2.5 2 0 2 4 4
5726.3 -2924.3 26.0 101 0 18.9 8.6 5.0 2.5 2 0 2 5 5
5649.6 -3068.4 28.0 176 0 9.4 14.7 5.0 2.5 2 1 2 5 5
5698.0 -3051.0 40.6 203 0 6.0 8.8 5.0 2.5 2 1 2 1 1
5693.2 -3044.7 38.8 159 0 5.8 10.4 5.0 2.5 2 1 2 0 0
5718.9 -2989.3 33.3 269 0 10.9 6.6 5.0 2.5 2 0 2 1 1
5732.4 -2982.8 35.0 303 0 5.1 7.6 5.0 2.5 4 1 2 4 4
5714.8 -2957.2 26.0 284 0 32.2 21.0 5.0 0.0 0 0 2 5 5
5682.0 -3027.1 32.4 144 0 25.1 42.0 5.0 0.0 0 1 2 3 3
5653.7 -2970.1 17.5 9 0 14.3 17.9 5.0 2.5 2 1 2 0 0
5639.0 -2990.6 18.7 1 0 10.9 9.4 5.0 2.5 4 0 2 1 1
5648.3 -2990.8 22.2 356 0 4.2 6.8 5.0 2.5 4 1 2 0 0
5646.4 -3021.8 22.3 0 0 4.9 10.6 5.0 2.5 2 1 2 1 1
5629.8 -2948.7 14.1 10 0 16.2 10.7 5.0 2.5 2 0 2 5 5
5621.3 -2923.4 10.6 2 0 7.2 11.0 5.0 2.5 2 1 2 2 2
5608.8 -2913.8 9.8 187 0 5.1 13.1 5.0 2.5 2 1 2 2 2
5607.7 -2906.2 9.1 183 0 6.3 11.4 5.0 2.5 2 1 2 3 3
5629.4 -2895.1 12.1 1 0 6.0 9.5 5.0 2.5 2 1 2 4 4
5654.7 -2840.1 11.2 5 0 4.9 8.3 5.0 2.5 2 1 2 0 0
5657.6 -2830.4 10.2 9 0 5.9 8.9 5.0 2.5 2 1 2 4 4
5585.5 -2754.9 -11.8 215 0 13.3 15.8 5.0 2.5 2 1 2 1 1
5512.8 -2970.0 -14.4 24 0 8.5 11.6 2.5 2.5 2 1 1 5 5
5410.7 -2999.6 -32.4 285 0 5.7 13.0 5.0 2.5 4 1 2 3 3
5402.4 -2995.0 -36.2 296 0 7.8 13.2 5.0 2.5 2 1 2 2 2
5411.9 -2993.5 -32.1 119 0 10.7 8.9 5.0 2.5 2 0 2 2 2
5420.1 -3015.6 -28.0 206 0 9.8 12.1 5.0 2.5 4 1 2 3 3
5449.4 -3030.0 -20.7 291 0 7.1 6.7 5.0 2.5 2 0 2 0 0
5483.9 -3025.7 -12.9 109 0 11.6 7.7 2.5 0.0 0 0 1 4 4
5429.3 -3368.9 -7.0 185 0 6.9 10.5 5.0 2.5 2 1 2 1 1
5571.0 -3366.5 27.2 309 0 6.5 6.2 5.0 2.5 4 0 2 4 4
5569.3 -3375.9 28.2 262 0 9.0 9.6 5.0 2.5 2 1 2 2 2
5645.1 -3363.9 41.9 175 0 8.7 9.2 5.0 2.5 2 1 2 3 3
5667.9 -3276.1 41.0 2 0 4.0 5.7 5.0 0.0 0 1 2 2 2
5671.3 -3267.2 40.8 33 0 6.2 8.9 5.0 2.5 2 1 2 5 5
5682.3 -3356.5 46.3 3 0 10.6 10.9 5.0 2.5 4 1 2 2 2
5662.9 -3420.4 52.1 35 0 12.9 9.0 5.0 2.5 2 0 2 1 1
5675.9 -3414.3 52.2 53 0 8.6 14.6 5.0 2.5 2 1 2 0 0
5678.9 -3475.2 59.4 20 0 8.7 8.6 5.0 0.0 0 0 2 0 0
5655.6 -3490.6 61.2 6 0 6.2 9.5 5.0 2.5 2 1 2 5 5
5657.4 -3503.8 62.2 13 0 7.2 8.3 5.0 2.5 2 1 2 1 1
5673.1 -3491.3 60.1 22 0 18.2 11.0 5.0 2.5 2 0 2 3 3
5173.5 -3949.5 -9.8 283 0 8.3 7.3 7.5 0.0 0 0 3 4 4
5470.7 -4030.0 77.9 117 0 6.1 10.5 2.5 2.5 2 1 1 3 3
5398.4 -3805.9 28.9 51 0 9.7 6.2 2.5 2.5 2 0 1 4 4
5419.5 -3688.2 18.2 7 0 9.5 9.0 5.0 2.5 2 0 2 0 0
5397.8 -3669.7 13.2 202 0 7.4 11.0 5.0 0.0 0 1 2 2 2
5432.5 -3726.3 23.6 25 0 8.5 12.6 5.0 2.5 2 1 2 2 2
5537.4 -3568.5 47.2 199 0 21.0 14.5 5.0 2.5 2 0 2 5 5
5514.4 -3563.5 40.7 175 0 12.7 16.8 5.0 2.5 2 1 2 3 3
5515.0 -3634.1 44.9 135 0 8.3 9.0 5.0 2.5 2 1 2 1 1
5555.4 -3686.1 58.0 84 0 9.4 7.3 5.0 2.5 2 0 2 4 4
5610.3 -3644.6 65.5 84 0 28.0 9.9 5.0 2.5 2 0 2 2 2
5642.1 -3620.2 69.4 356 0 13.8 14.4 5.0 2.5 2 1 2 5 5
5635.3 -3641.4 70.5 90 0 14.1 10.6 5.0 2.5 2 0 2 3 3
5639.5 -3682.5 73.2 7 0 11.7 12.5 2.5 2.5 2 1 1 1 1
5617.6 -3683.9 71.2 89 0 7.1 9.4 2.5 2.5 2 1 1 0 0
5614.8 -3657.5 70.1 272 0 7.2 14.0 2.5 2.5 2 1 1 1 1
5625.1 -3658.0 71.4 274 0 5.3 13.7 2.5 2.5 2 1 1 0 0
5634.4 -3656.6 71.8 273 0 8.5 16.0 2.5 2.5 2 1 1 3 3
5604.0 -3794.4 74.5 14 0 9.5 6.3 2.5 2.5 4 0 1 1 1
5513.2 -3983.0 79.7 340 0 8.6 10.8 2.5 2.5 2 1 1 5 5
5796.3 -3400.1 57.9 192 0 6.2 3.6 7.5 2.5 2 0 3 3 3
5973.6 -3436.0 15.1 92 0 9.0 25.3 7.5 2.5 2 1 3 0 0
