4639.5 4242.5 -0.2 108 0 7.1 6.4 2.5 2.5 2 0 1 4 4
4827.6 4347.3 6.4 114 0 8.4 13.2 5.0 2.5 2 1 2 5 5
4778.9 4371.8 3.7 279 0 10.9 11.0 5.0 2.5 2 1 2 2 2
4540.5 4561.2 -7.5 199 0 26.3 12.5 5.0 2.5 2 0 2 1 1
4528.9 4532.3 -8.0 201 0 27.9 12.5 5.0 0.0 0 0 2 5 5
4680.9 4421.7 -1.2 327 0 6.4 7.6 5.0 2.5 2 1 2 3 3
4609.0 4550.3 -5.3 293 0 12.7 29.4 5.0 2.5 2 1 2 3 3
4639.1 4454.6 -3.4 20 0 13.5 23.1 5.0 2.5 2 1 2 5 5
4612.6 4471.4 -4.0 299 0 6.5 9.7 5.0 2.5 2 1 2 3 3
4592.5 4510.6 -5.4 297 0 11.6 13.5 5.0 2.5 2 1 2 1 1
4537.7 4388.8 -7.0 115 0 10.8 12.8 5.0 2.5 2 1 2 2 2
4525.5 4434.1 -7.8 116 0 16.4 8.1 5.0 2.5 2 0 2 1 1
4512.5 4398.7 -8.3 117 0 10.9 15.3 5.0 2.5 2 1 2 1 1
4488.2 4416.8 -10.0 112 0 13.4 11.6 5.0 2.5 2 0 2 5 5
4488.5 4436.2 -9.6 201 0 7.4 7.6 5.0 2.5 2 1 2 4 4
4500.4 4460.0 -8.8 207 0 8.0 10.3 5.0 0.0 0 1 2 4 4
4480.9 4483.8 -9.8 198 0 8.0 11.9 5.0 2.5 2 1 2 2 2
4474.5 4458.5 -10.8 295 0 9.5 13.5 5.0 0.0 0 1 2 5 5
4462.8 4417.1 -11.1 112 0 17.1 14.4 5.0 2.5 4 0 2 4 4
4457.2 4404.3 -10.9 112 0 22.6 11.9 5.0 2.5 2 0 2 3 3
4415.6 4421.7 -12.8 117 0 11.3 11.7 5.0 2.5 2 1 2 4 4
