-1955.3 -1712.6 -2.4 3 0 7.4 7.9 2.5 2.5 2 1 1 0 0
-1957.8 -1721.7 -3.0 3 0 6.6 8.9 2.5 2.5 2 1 1 1 1
-1958.4 -1739.2 -2.7 3 0 8.4 7.2 2.5 2.5 2 0 1 2 2
-1979.5 -1767.0 -3.4 183 0 10.1 7.0 2.5 2.5 2 0 1 4 4
-1962.9 -1767.3 -3.0 3 0 9.7 8.7 2.5 0.0 0 0 1 5 5
-1960.7 -1777.7 -2.7 3 0 6.7 10.4 2.5 2.5 2 1 1 4 4
-1956.0 -1757.5 -2.2 183 0 16.5 17.1 5.0 2.5 2 1 2 2 2
-1946.2 -1704.0 -1.2 183 0 8.5 8.1 5.0 2.5 2 0 2 3 3
-1916.3 -1711.0 -2.6 3 0 7.4 6.9 5.0 2.5 2 0 2 0 0
-1933.1 -1710.3 -2.1 183 0 8.9 8.5 5.0 2.5 2 0 2 3 3
-1932.2 -1725.6 -2.6 183 0 9.2 8.9 5.0 2.5 2 0 2 5 5
-1933.1 -1736.3 -2.5 183 0 10.0 7.9 5.0 2.5 2 0 2 2 2
-1917.5 -1736.8 -2.8 3 0 8.1 7.2 5.0 2.5 2 0 2 5 5
-1932.0 -1747.7 -2.4 183 0 7.1 9.7 5.0 2.5 2 1 2 3 3
-1913.1 -1750.8 -3.0 3 0 6.8 8.2 5.0 2.5 2 1 2 2 2
-1916.3 -1758.7 -2.8 3 0 7.8 17.8 5.0 2.5 2 1 2 4 4
-1916.3 -1767.1 -2.8 3 0 6.3 12.4 5.0 0.0 0 1 2 4 4
-1935.3 -1776.3 -2.5 183 0 10.0 10.9 5.0 2.5 2 1 2 3 3
-1914.1 -1787.4 -3.1 3 0 7.4 9.1 5.0 0.0 0 1 2 3 3
-1937.4 -1786.4 -2.8 183 0 7.4 13.3 5.0 2.5 4 1 2 0 0
-1938.9 -1802.4 -2.6 183 0 7.1 8.1 5.0 2.5 2 1 2 4 4
-1925.3 -1818.5 -2.5 3 0 11.7 6.1 5.0 2.5 2 0 2 0 0
-1941.3 -1816.5 -2.3 183 0 11.3 8.8 5.0 2.5 2 0 2 3 3
-1941.4 -1828.3 -1.5 183 0 9.0 6.4 5.0 2.5 2 0 2 5 5
-1925.9 -1829.7 -1.6 3 0 7.3 8.2 5.0 2.5 2 1 2 2 2
-1963.7 -1804.1 -2.4 3 0 6.9 10.4 2.5 2.5 2 1 1 4 4
-1962.2 -1818.7 -2.2 3 0 13.6 12.5 2.5 2.5 2 0 1 2 2
-1976.1 -1815.2 -2.7 3 0 14.8 6.3 2.5 2.5 2 0 1 0 0
-1992.0 -1827.7 -3.1 183 0 6.8 9.2 2.5 2.5 2 1 1 0 0
-1981.4 -1844.6 -2.5 3 0 7.7 6.2 2.5 2.5 2 0 1 1 1
-1974.3 -1845.5 -2.0 3 0 8.0 5.7 2.5 2.5 2 0 1 5 5
-1973.1 -1833.5 -2.3 3 0 8.0 7.6 2.5 2.5 2 0 1 4 4
-1963.3 -1834.7 -1.7 3 0 10.1 8.5 2.5 2.5 2 0 1 4 4
-1964.3 -1844.6 -1.5 3 0 6.2 8.9 2.5 2.5 2 1 1 0 0
-1965.1 -1864.5 -1.6 3 0 8.2 14.2 2.5 2.5 2 1 1 5 5
-1978.1 -1875.5 -2.3 3 0 8.1 11.5 2.5 2.5 2 1 1 2 2
-1966.0 -1876.0 -1.4 3 0 12.8 11.4 2.5 2.5 2 0 1 4 4
-1977.5 -1888.3 -2.1 3 0 6.1 9.6 2.5 2.5 2 1 1 0 0
-1968.4 -1892.1 -1.3 3 0 5.5 8.8 2.5 2.5 2 1 1 1 1
-1968.3 -1906.3 -2.0 3 0 12.7 19.4 2.5 2.5 2 1 1 3 3
-1926.7 -1849.9 -1.4 3 0 6.9 9.5 5.0 2.5 2 1 2 4 4
-1927.8 -1863.5 -2.4 3 0 7.6 8.4 5.0 2.5 2 1 2 5 5
-1929.8 -1871.3 -2.7 3 0 5.0 9.2 5.0 2.5 2 1 2 3 3
-1955.7 -1878.4 -1.6 183 0 7.9 13.9 5.0 2.5 2 1 2 2 2
-1930.3 -1879.5 -2.7 3 0 8.9 10.6 5.0 2.5 2 1 2 1 1
-1928.8 -1889.2 -2.8 3 0 4.2 6.4 5.0 2.5 2 1 2 4 4
-1935.7 -1889.9 -2.2 3 0 8.0 4.5 5.0 2.5 2 0 2 3 3
-1958.1 -1887.7 -1.8 183 0 9.2 17.3 5.0 0.0 0 1 2 5 5
-1948.9 -1897.9 -2.3 183 0 5.5 14.7 5.0 2.5 4 1 2 3 3
-1957.2 -1899.0 -1.0 183 0 9.9 7.6 5.0 2.5 2 0 2 0 0
-1946.5 -1907.9 -2.1 183 0 4.2 9.5 5.0 2.5 2 1 2 3 3
-1947.1 -1917.4 -2.2 183 0 9.1 11.2 5.0 2.5 2 1 2 2 2
-1961.5 -1920.6 -1.1 183 0 9.7 12.9 5.0 2.5 2 1 2 3 3
-1970.9 -1918.9 -1.8 3 0 8.3 18.6 2.5 2.5 4 1 1 2 2
-1972.1 -1929.3 -1.3 3 0 7.6 15.5 2.5 2.5 2 1 1 2 2
-2003.1 -1947.2 -2.3 93 0 5.5 8.4 2.5 2.5 2 1 1 5 5
-1993.4 -1947.0 -1.4 93 0 7.8 7.9 2.5 0.0 0 1 1 0 0
-1986.4 -1948.3 -0.9 93 0 4.3 10.7 2.5 2.5 2 1 1 1 1
-1977.3 -1949.1 -0.7 93 0 12.5 13.0 2.5 2.5 2 1 1 2 2
-1960.5 -1934.6 -0.8 183 0 6.1 8.2 5.0 2.5 2 1 2 3 3
-1961.3 -1942.3 -1.5 183 0 7.3 16.8 5.0 2.5 2 1 2 5 5
-1935.7 -1964.0 -2.4 3 0 25.6 11.1 5.0 2.5 2 0 2 3 3
-1959.9 -1955.4 -0.9 183 0 12.5 10.0 5.0 2.5 2 0 2 2 2
-1961.9 -1990.2 0.0 183 0 33.1 11.5 5.0 2.5 2 0 2 5 5
-1964.9 -2023.8 3.1 183 0 7.0 10.3 5.0 2.5 2 1 2 3 3
-1971.1 -1962.8 0.0 3 0 7.6 10.2 5.0 2.5 2 1 2 4 4
-1971.8 -1971.0 0.5 3 0 6.2 9.1 5.0 0.0 0 1 2 0 0
-1991.4 -1988.0 0.4 183 0 5.7 5.3 5.0 2.5 2 0 2 3 3
-1971.6 -1980.4 0.8 3 0 6.9 12.8 5.0 0.0 0 1 2 0 0
-1972.6 -1990.9 0.9 3 0 8.1 12.9 5.0 2.5 2 1 2 2 2
-1998.8 -2001.2 -0.0 183 0 4.1 7.4 5.0 0.0 0 1 2 2 2
-1991.0 -2001.1 0.5 183 0 7.1 8.5 5.0 2.5 2 1 2 2 2
-1975.3 -2010.6 1.1 3 0 5.5 9.5 5.0 2.5 2 1 2 0 0
-1975.9 -2019.1 1.3 3 0 6.8 8.9 5.0 2.5 2 1 2 3 3
-1976.4 -2027.9 0.5 3 0 6.0 13.9 5.0 2.5 2 1 2 4 4
-1994.9 -2035.6 -0.2 183 0 7.6 11.5 5.0 0.0 0 1 2 0 0
-1977.5 -2036.5 1.0 3 0 5.5 4.9 5.0 2.5 2 0 2 5 5
-1976.3 -2047.7 0.6 3 0 7.1 6.4 5.0 0.0 0 0 2 4 4
-1994.3 -2046.0 -0.5 183 0 7.1 10.8 5.0 0.0 0 1 2 3 3
-1995.4 -2055.5 -1.0 183 0 6.5 11.3 5.0 2.5 2 1 2 3 3
-1995.0 -2065.3 -1.4 183 0 7.3 9.8 5.0 2.5 2 1 2 0 0
-1977.5 -2066.3 -0.6 3 0 7.6 7.0 5.0 2.5 2 0 2 1 1
-1978.8 -2078.1 -1.4 3 0 10.2 7.9 5.0 2.5 2 0 2 4 4
-1993.2 -2080.3 -1.7 183 0 15.0 5.5 5.0 2.5 2 0 2 2 2
-1994.5 -2100.2 -1.7 183 0 9.6 5.3 5.0 0.0 0 0 2 4 4
-1978.5 -2099.6 -1.5 3 0 6.8 9.7 5.0 2.5 2 1 2 3 3
-1965.4 -2045.6 2.2 186 0 11.0 9.6 5.0 2.5 2 0 2 5 5
-1965.5 -2056.2 0.3 186 0 7.2 8.2 5.0 2.5 2 1 2 3 3
-1955.7 -2057.2 -0.2 186 0 8.0 5.2 5.0 2.5 2 0 2 0 0
-1954.8 -2066.6 -1.4 186 0 6.4 8.6 5.0 2.5 2 1 2 1 1
-1965.9 -2065.6 -0.3 186 0 7.3 7.8 5.0 2.5 2 1 2 2 2
-1967.1 -2076.1 -1.1 186 0 7.9 8.5 5.0 2.5 4 1 2 4 4
-1954.3 -2092.4 -2.2 186 0 9.1 4.9 5.0 2.5 2 0 2 1 1
-1966.9 -2084.6 -1.5 186 0 6.1 9.0 5.0 2.5 2 1 2 2 2
-1967.4 -2094.4 -1.7 186 0 7.9 9.5 5.0 2.5 2 1 2 3 3
-1957.4 -2117.9 -2.5 186 0 19.9 9.9 5.0 2.5 2 0 2 5 5
4961.5 2866.8 -6.3 197 0 13.0 12.6 5.0 2.5 2 0 2 3 3
4801.3 2583.1 -4.7 27 0 6.7 6.1 2.5 2.5 2 0 1 0 0
5100.2 3224.4 -3.6 205 0 9.0 12.2 5.0 0.0 0 1 2 0 0
5151.8 3389.3 -6.3 194 0 7.8 7.3 5.0 2.5 2 0 2 5 5
5129.1 3344.2 -4.5 199 0 8.8 15.8 5.0 2.5 2 1 2 4 4
5131.0 3383.1 -5.9 15 0 8.7 7.2 5.0 0.0 0 0 2 1 1
5128.1 3371.2 -5.5 18 0 9.3 6.6 5.0 2.5 2 0 2 5 5
5121.4 3375.3 -5.5 18 0 8.7 9.8 5.0 2.5 2 1 2 1 1
5115.7 3362.2 -5.1 17 0 8.1 7.6 5.0 2.5 2 0 2 2 2
5126.0 3359.8 -5.0 15 0 10.1 9.6 5.0 2.5 2 0 2 4 4
5099.4 3342.1 -5.3 197 0 8.0 6.4 5.0 2.5 4 0 2 0 0
5118.4 3347.6 -4.8 17 0 9.8 7.0 5.0 2.5 2 0 2 4 4
5113.2 3330.0 -4.9 19 0 9.7 8.4 5.0 2.5 2 0 2 3 3
5111.4 3318.8 -4.9 19 0 8.8 8.6 5.0 2.5 2 0 2 0 0
5101.9 3320.7 -5.1 17 0 5.5 4.3 5.0 2.5 2 0 2 1 1
5098.6 3313.3 -5.2 15 0 4.9 5.1 5.0 2.5 2 1 2 0 0
5105.6 3307.7 -5.0 17 0 9.6 8.1 5.0 2.5 2 0 2 3 3
5117.9 3305.0 -3.9 201 0 9.5 12.1 5.0 2.5 2 1 2 0 0
5094.1 3278.3 -5.4 18 0 13.6 14.1 5.0 2.5 4 1 2 5 5
5111.7 3264.4 -3.7 203 0 6.9 3.9 5.0 2.5 2 0 2 1 1
5103.6 3257.6 -3.9 199 0 8.7 9.2 5.0 2.5 2 1 2 3 3
5106.2 3239.9 -3.6 205 0 7.0 4.3 5.0 2.5 2 0 2 5 5
5097.5 3243.5 -4.0 204 0 8.4 8.9 5.0 2.5 2 1 2 2 2
5084.6 3240.3 -5.1 20 0 7.9 11.5 5.0 2.5 2 1 2 4 4
5090.2 3226.9 -4.1 204 0 13.6 8.9 5.0 0.0 0 0 2 5 5
5082.7 3189.0 -3.8 195 0 7.1 11.8 5.0 0.0 0 1 2 2 2
5076.1 3195.0 -4.2 204 0 11.8 7.7 5.0 2.5 2 0 2 3 3
5082.3 3178.3 -3.6 200 0 9.2 12.1 5.0 2.5 2 1 2 3 3
5064.3 3162.5 -4.2 207 0 8.1 8.0 5.0 2.5 2 0 2 3 3
5070.9 3138.7 -4.2 191 0 6.6 7.5 5.0 0.0 0 1 2 1 1
5067.5 3124.4 -4.7 198 0 6.2 11.0 5.0 2.5 2 1 2 3 3
5060.9 3111.3 -5.1 199 0 5.4 10.6 5.0 2.5 2 1 2 4 4
5062.5 3141.6 -4.2 196 0 8.1 8.0 5.0 2.5 2 0 2 1 1
5058.9 3128.8 -4.7 201 0 13.0 7.6 5.0 2.5 2 0 2 3 3
5053.3 3114.0 -5.1 197 0 10.0 6.8 5.0 2.5 2 0 2 1 1
5049.6 3080.0 -5.8 200 0 27.7 11.0 5.0 2.5 2 0 2 4 4
5041.8 3056.6 -5.8 203 0 18.1 9.7 5.0 2.5 2 0 2 4 4
4825.0 2605.9 -4.8 28 0 8.4 10.2 2.5 2.5 4 1 1 5 5
4808.7 2616.5 -4.9 210 0 11.5 7.2 2.5 2.5 2 0 1 1 1
4809.6 2596.8 -4.8 27 0 7.8 8.2 2.5 0.0 0 1 1 0 0
4808.8 2579.4 -4.3 28 0 8.0 7.0 2.5 2.5 2 0 1 2 2
4802.3 2570.5 -4.6 31 0 6.9 10.6 2.5 2.5 2 1 1 3 3
4796.3 2559.8 -4.7 34 0 10.5 11.3 2.5 2.5 2 1 1 2 2
4784.7 2541.8 -4.8 27 0 9.9 11.4 2.5 2.5 2 1 1 4 4
4855.7 2596.1 -4.5 299 0 9.0 8.0 5.0 2.5 2 0 2 2 2
4843.3 2603.0 -4.6 210 0 8.0 7.5 5.0 2.5 2 0 2 0 0
4831.1 2561.5 -3.9 215 0 9.4 6.1 5.0 2.5 2 0 2 2 2
4821.8 2567.8 -4.0 215 0 11.0 10.1 5.0 2.5 4 0 2 5 5
4813.9 2554.2 -3.8 210 0 14.1 10.1 5.0 2.5 2 0 2 2 2
4800.1 2537.1 -3.4 211 0 7.2 9.7 5.0 2.5 4 1 2 4 4
4793.1 2526.3 -3.4 210 0 9.3 15.5 5.0 2.5 4 1 2 4 4
4796.8 2510.3 -3.1 217 0 6.8 5.6 5.0 2.5 2 0 2 5 5
4786.5 2517.6 -3.7 217 0 8.3 10.7 5.0 2.5 2 1 2 3 3
4773.2 2492.6 -3.2 210 0 17.3 14.5 5.0 2.5 2 0 2 1 1
4764.8 2477.5 -2.7 207 0 6.0 5.2 5.0 2.5 2 0 2 3 3
4756.1 2483.2 -3.2 210 0 8.5 9.9 5.0 2.5 2 1 2 4 4
4749.6 2472.2 -2.9 210 0 8.3 10.0 5.0 2.5 2 1 2 3 3
4761.9 2501.6 -4.2 31 0 7.9 7.3 2.5 2.5 2 0 1 2 2
4755.4 2492.5 -3.9 34 0 8.4 5.3 2.5 2.5 4 0 1 2 2
4745.9 2498.5 -4.2 212 0 7.9 5.4 2.5 2.5 2 0 1 4 4
5584.7 4389.1 -6.3 28 0 7.5 12.7 5.0 2.5 2 1 2 4 4
6254.6 5131.2 -6.3 238 0 6.6 6.4 5.0 2.5 2 0 2 3 3
6235.7 5123.8 -6.5 229 0 9.4 13.6 5.0 2.5 2 1 2 3 3
6207.0 5139.0 -7.9 233 0 7.3 8.1 5.0 2.5 2 1 2 2 2
6221.4 5122.0 -7.4 53 0 11.5 12.4 5.0 2.5 2 1 2 1 1
6229.4 5136.5 -7.7 46 0 6.7 11.1 5.0 2.5 2 1 2 5 5
5602.2 4380.7 -4.3 160 0 4.9 7.5 5.0 2.5 2 1 2 1 1
5589.0 4363.4 -4.4 202 0 7.0 3.9 5.0 2.5 2 0 2 4 4
5579.7 4370.6 -5.2 210 0 13.7 10.2 5.0 2.5 2 0 2 3 3
5583.9 4353.3 -4.3 212 0 5.5 7.6 5.0 2.5 2 1 2 1 1
5574.7 4358.4 -5.0 210 0 9.4 9.8 5.0 2.5 2 1 2 3 3
5577.0 4344.5 -4.5 202 0 5.7 4.8 5.0 2.5 2 0 2 0 0
5570.4 4348.8 -5.0 207 0 9.0 6.7 5.0 2.5 4 0 2 2 2
5561.4 4337.4 -5.4 213 0 8.3 10.7 5.0 2.5 2 1 2 5 5
5562.4 4314.0 -5.3 213 0 10.2 14.9 5.0 2.5 2 1 2 3 3
5547.4 4307.0 -6.1 204 0 10.0 12.3 5.0 2.5 2 1 2 5 5
5552.3 4288.7 -5.8 205 0 4.8 5.2 5.0 2.5 2 1 2 3 3
5539.8 4295.2 -6.5 202 0 9.7 12.6 5.0 2.5 2 1 2 3 3
5531.2 4277.2 -6.9 204 0 7.0 7.0 5.0 2.5 2 1 2 5 5
5534.1 4267.0 -6.7 207 0 4.5 11.1 5.0 2.5 2 1 2 5 5
5528.1 4268.9 -6.9 212 0 8.2 5.6 5.0 2.5 4 0 2 1 1
5519.5 4237.4 -7.0 207 0 3.8 8.1 5.0 2.5 2 1 2 3 3
5513.0 4240.9 -7.0 207 0 9.0 6.7 5.0 2.5 2 0 2 0 0
5497.9 4187.4 -7.0 209 0 5.8 12.5 5.0 2.5 2 1 2 1 1
5490.1 4193.9 -7.0 210 0 11.1 9.1 5.0 2.5 2 0 2 4 4
5479.3 4175.3 -7.0 208 0 6.1 8.3 5.0 2.5 2 1 2 4 4
5600.8 4416.1 -5.8 33 0 3.2 6.0 5.0 2.5 2 1 2 2 2
5595.4 4407.2 -6.3 30 0 8.3 13.3 5.0 2.5 2 1 2 0 0
5588.7 4397.9 -6.3 26 0 7.3 11.0 5.0 2.5 2 1 2 3 3
5574.3 4380.3 -6.2 28 0 11.0 6.6 5.0 2.5 2 0 2 0 0
5569.5 4372.7 -6.2 32 0 5.8 5.7 5.0 2.5 2 0 2 4 4
5549.4 4331.4 -6.4 25 0 8.3 7.4 5.0 2.5 2 0 2 3 3
5530.1 4328.4 -7.0 208 0 7.9 9.6 5.0 2.5 2 1 2 0 0
5544.7 4318.6 -6.6 26 0 8.8 6.6 5.0 2.5 2 0 2 5 5
5527.9 4299.0 -7.0 14 0 12.4 11.9 5.0 2.5 2 0 2 1 1
5516.5 4284.0 -6.9 37 0 6.8 6.3 5.0 2.5 2 0 2 3 3
5526.7 4287.6 -7.0 34 0 4.4 5.0 5.0 2.5 2 1 2 5 5
5501.3 4272.0 -6.9 209 0 5.8 5.6 5.0 2.5 2 0 2 1 1
5515.0 4264.2 -6.9 29 0 11.2 8.9 5.0 2.5 4 0 2 0 0
5498.1 4232.6 -6.9 27 0 6.3 9.5 5.0 2.5 2 1 2 3 3
5485.7 4242.7 -6.9 209 0 10.7 5.1 5.0 2.5 2 0 2 2 2
5477.4 4231.7 -6.9 202 0 5.9 8.5 5.0 2.5 2 1 2 2 2
5490.8 4215.9 -6.9 24 0 10.4 18.6 5.0 2.5 2 1 2 4 4
5478.3 4200.2 -6.9 30 0 13.9 14.7 5.0 2.5 2 1 2 5 5
5468.5 4178.9 -6.9 29 0 7.2 16.3 5.0 0.0 0 1 2 3 3
