1494.0 -1779.0 -9.8 22 0 9.0 19.9 5.0 2.5 2 1 2 3 3
1489.1 -1787.5 -9.4 22 0 7.2 12.0 5.0 2.5 2 1 2 5 5
1471.0 -1805.1 -9.9 24 0 8.2 5.7 5.0 2.5 2 0 2 2 2
1478.0 -1808.9 -9.4 28 0 9.5 7.4 5.0 2.5 2 0 2 5 5
1465.4 -1833.1 -10.1 22 0 12.6 9.3 5.0 2.5 2 0 2 3 3
1458.8 -1855.6 -10.4 23 0 13.3 13.0 5.0 0.0 0 0 2 0 0
1446.0 -1885.5 -11.3 22 0 14.4 16.6 5.0 2.5 2 1 2 1 1
1443.9 -1919.1 -10.7 16 0 9.9 12.2 5.0 2.5 2 1 2 0 0
1423.1 -1930.0 -11.3 14 0 8.6 9.5 5.0 2.5 2 1 2 0 0
1439.1 -1932.2 -10.8 11 0 11.8 13.4 5.0 2.5 2 1 2 2 2
1435.6 -1943.3 -10.8 12 0 6.2 12.7 5.0 2.5 2 1 2 3 3
1434.8 -1951.0 -11.1 12 0 7.6 19.9 5.0 2.5 2 1 2 0 0
1424.9 -1958.9 -11.1 9 0 9.2 11.1 5.0 2.5 2 1 2 0 0
1435.6 -1961.9 -10.6 11 0 10.6 9.9 5.0 2.5 2 0 2 1 1
1422.5 -1970.3 -11.3 9 0 8.7 13.0 5.0 2.5 2 1 2 4 4
1435.4 -1972.5 -10.7 9 0 8.7 12.2 5.0 0.0 0 1 2 1 1
1432.1 -1984.0 -10.6 10 0 9.5 8.3 5.0 2.5 2 0 2 3 3
1430.5 -2001.4 -10.7 14 0 6.1 12.6 5.0 0.0 0 1 2 3 3
1427.1 -2013.1 -10.5 13 0 10.3 12.2 5.0 2.5 4 1 2 2 2
1425.3 -2025.2 -9.2 11 0 10.9 18.8 5.0 2.5 2 1 2 5 5
1421.5 -2054.1 -9.5 7 0 11.0 10.3 5.0 2.5 2 0 2 5 5
1421.8 -2066.6 -10.8 7 0 10.9 10.4 5.0 2.5 2 0 2 5 5
1417.7 -2085.1 -11.2 13 0 8.8 7.4 5.0 2.5 2 0 2 4 4
1416.1 -2100.0 -11.9 13 0 8.6 15.2 5.0 2.5 2 1 2 3 3
1414.6 -2112.2 -12.1 9 0 8.2 17.0 5.0 2.5 2 1 2 4 4
1413.4 -2124.3 -12.4 11 0 10.1 19.3 5.0 2.5 2 1 2 5 5
1367.8 -2282.1 -10.5 17 0 7.8 5.9 5.0 2.5 4 0 2 5 5
1363.8 -2297.6 -10.9 17 0 9.4 16.9 5.0 2.5 2 1 2 1 1
1324.3 -2372.6 -10.1 13 0 5.4 6.5 5.0 2.5 2 1 2 3 3
1328.8 -2375.2 -9.4 14 0 8.2 4.3 5.0 2.5 2 0 2 5 5
1337.4 -2377.0 -8.9 12 0 9.6 8.2 5.0 2.5 4 0 2 0 0
1343.3 -2405.1 -6.8 194 0 9.7 15.9 5.0 2.5 2 1 2 3 3
1361.7 -2429.0 -5.5 14 0 7.1 10.2 5.0 2.5 2 1 2 4 4
1337.2 -2430.1 -6.7 194 0 10.7 12.0 5.0 2.5 2 1 2 3 3
1335.2 -2438.8 -6.7 194 0 4.9 10.1 5.0 2.5 2 1 2 2 2
1328.7 -2403.1 -9.6 15 0 7.3 12.3 5.0 2.5 2 1 2 0 0
1328.1 -2412.6 -9.9 14 0 10.2 16.4 5.0 2.5 2 1 2 5 5
1313.4 -2423.8 -10.0 11 0 8.5 6.0 5.0 2.5 2 0 2 2 2
1311.1 -2434.4 -10.3 11 0 7.5 7.8 5.0 2.5 2 1 2 1 1
1321.3 -2443.0 -9.3 9 0 8.0 10.6 5.0 2.5 2 1 2 3 3
1316.0 -2459.0 -9.2 13 0 8.9 6.8 5.0 2.5 2 0 2 3 3
1334.1 -2469.6 -7.0 191 0 9.9 8.2 5.0 2.5 2 0 2 1 1
1342.6 -2473.3 -6.2 192 0 7.9 10.9 5.0 2.5 2 1 2 2 2
1329.8 -2482.2 -7.7 192 0 11.9 10.9 5.0 2.5 2 0 2 0 0
1329.0 -2629.8 -0.2 290 0 5.5 4.4 5.0 2.5 2 0 2 5 5
1321.6 -2629.8 -1.3 290 0 4.4 6.4 5.0 2.5 2 1 2 2 2
1294.2 -2647.7 -3.8 191 0 8.8 14.2 5.0 2.5 2 1 2 4 4
1296.4 -2657.3 -2.1 189 0 5.4 7.1 5.0 0.0 0 1 2 5 5
1293.3 -2665.5 -1.8 190 0 9.1 6.7 5.0 2.5 4 0 2 2 2
1288.5 -2688.5 -0.1 182 0 9.0 13.8 5.0 2.5 2 1 2 0 0
1287.6 -2698.2 0.7 181 0 8.8 11.8 5.0 2.5 2 1 2 3 3
1305.3 -2687.0 2.7 182 0 10.5 5.3 5.0 2.5 2 0 2 2 2
1321.3 -2690.3 4.3 4 0 12.1 8.7 5.0 2.5 2 0 2 1 1
1322.4 -2763.0 9.0 11 0 9.5 17.0 5.0 2.5 4 1 2 0 0
1281.2 -2793.4 3.2 182 0 11.8 13.6 5.0 2.5 2 1 2 3 3
1281.4 -2807.9 2.6 183 0 12.0 19.3 5.0 2.5 2 1 2 0 0
1278.7 -2820.6 1.6 184 0 6.6 18.2 5.0 2.5 2 1 2 5 5
1279.9 -2828.8 1.5 184 0 8.3 10.0 5.0 2.5 4 1 2 1 1
1275.8 -2837.1 0.3 184 0 7.4 18.8 5.0 2.5 2 1 2 5 5
1278.2 -2851.3 0.2 183 0 17.4 18.4 5.0 2.5 2 1 2 5 5
1278.6 -2890.0 -0.9 181 0 15.9 11.2 5.0 2.5 2 0 2 4 4
1279.2 -2870.9 -0.0 182 0 13.0 13.8 5.0 2.5 2 1 2 0 0
1283.4 -2910.7 -0.6 180 0 18.0 11.1 5.0 2.5 2 0 2 0 0
1274.1 -2924.9 -3.3 181 0 10.4 14.7 5.0 2.5 2 1 2 2 2
1276.2 -2938.7 -3.2 180 0 11.7 15.5 5.0 2.5 2 1 2 1 1
1275.4 -2951.4 -3.8 180 0 10.0 6.2 5.0 2.5 2 0 2 1 1
1283.0 -2950.7 -1.7 184 0 10.0 9.6 5.0 2.5 2 0 2 4 4
1283.4 -2973.1 -2.3 183 0 5.1 9.0 5.0 0.0 0 1 2 1 1
1273.6 -2963.3 -4.5 180 0 9.8 9.8 5.0 2.5 2 1 2 0 0
1296.6 -2955.1 2.0 182 0 7.4 8.5 5.0 0.0 0 1 2 4 4
1324.3 -2964.0 6.1 359 0 9.7 12.7 5.0 2.5 2 1 2 1 1
1320.0 -2984.1 4.4 341 0 16.1 10.5 5.0 0.0 0 0 2 4 4
1297.6 -2966.0 1.9 182 0 12.1 8.3 5.0 2.5 2 0 2 1 1
1284.7 -2981.7 -2.2 177 0 6.8 11.3 5.0 2.5 2 1 2 1 1
1287.9 -2992.0 -1.9 181 0 9.8 7.8 5.0 2.5 2 0 2 2 2
1277.2 -2993.6 -4.8 181 0 12.9 10.0 5.0 2.5 2 0 2 1 1
1277.9 -3005.5 -5.0 181 0 7.9 7.2 5.0 0.0 0 0 2 4 4
1289.0 -3015.4 -2.7 182 0 8.3 13.3 5.0 2.5 2 1 2 0 0
1280.7 -3014.4 -4.7 177 0 6.5 7.6 5.0 0.0 0 1 2 2 2
1280.5 -3030.4 -5.8 162 0 7.1 11.0 5.0 0.0 0 1 2 1 1
1282.4 -3038.3 -6.0 163 0 6.1 12.2 5.0 2.5 2 1 2 1 1
1285.3 -3054.2 -6.5 163 0 11.7 12.2 5.0 2.5 2 1 2 4 4
1289.5 -3067.5 -6.4 162 0 14.3 10.2 5.0 2.5 2 0 2 2 2
1295.1 -3083.1 -5.6 159 0 15.3 18.9 5.0 2.5 2 1 2 1 1
1302.5 -3094.8 -3.4 160 0 10.7 12.4 5.0 2.5 2 1 2 0 0
1307.7 -3106.1 -2.1 158 0 9.6 12.4 5.0 0.0 0 1 2 5 5
1312.8 -3119.8 -1.2 157 0 15.3 10.2 5.0 2.5 2 0 2 0 0
1323.2 -3115.0 2.4 156 0 13.4 8.3 5.0 2.5 2 0 2 1 1
1343.8 -3123.7 6.5 336 0 13.3 6.4 5.0 2.5 2 0 2 0 0
1328.5 -3128.9 3.5 157 0 14.6 8.1 5.0 2.5 2 0 2 2 2
1316.2 -3134.0 -0.3 159 0 10.2 12.7 5.0 2.5 2 1 2 1 1
1338.9 -3139.6 6.5 161 0 10.4 5.7 5.0 2.5 2 0 2 4 4
1328.8 -3142.2 3.3 162 0 9.0 9.4 5.0 2.5 4 1 2 2 2
1365.8 -3140.4 12.2 339 0 6.3 9.2 5.0 2.5 2 1 2 0 0
1356.0 -3143.9 6.9 339 0 7.5 15.9 5.0 2.5 2 1 2 1 1
1331.0 -3152.7 3.5 159 0 9.8 10.2 5.0 2.5 2 1 2 2 2
1337.4 -3162.5 4.7 159 0 10.2 6.8 5.0 2.5 2 0 2 0 0
1353.1 -3157.0 7.1 340 0 10.4 8.9 5.0 2.5 2 0 2 1 1
1361.9 -3155.6 10.0 341 0 11.5 8.2 5.0 2.5 2 0 2 5 5
1353.8 -3196.9 5.7 73 0 6.9 14.4 5.0 2.5 2 1 2 3 3
1334.1 -3179.9 2.3 160 0 13.6 8.5 5.0 0.0 0 0 2 4 4
1337.6 -3192.9 2.3 163 0 11.7 8.6 5.0 2.5 2 0 2 0 0
1354.4 -3206.5 4.3 346 0 10.7 6.8 5.0 2.5 2 0 2 5 5
1268.1 -2630.9 -7.0 281 0 6.0 7.5 2.5 0.0 0 1 1 0 0
1284.5 -2640.8 -6.3 12 0 7.1 14.2 2.5 2.5 4 1 1 3 3
1282.3 -2648.7 -5.7 12 0 6.6 16.0 2.5 2.5 2 1 1 3 3
1280.8 -2656.5 -5.6 11 0 7.3 19.0 2.5 2.5 2 1 1 2 2
1276.8 -2664.8 -4.7 3 0 7.7 11.9 2.5 2.5 2 1 1 4 4
1253.4 -2662.9 -7.3 188 0 6.5 10.8 2.5 2.5 2 1 1 4 4
1250.0 -2670.6 -8.1 192 0 5.5 7.9 2.5 0.0 0 1 1 0 0
1267.2 -2674.3 -5.8 11 0 7.0 9.2 2.5 2.5 2 1 1 3 3
1254.2 -2681.8 -6.7 192 0 7.5 5.6 2.5 2.5 2 0 1 4 4
1270.3 -2686.1 -5.1 11 0 8.4 10.6 2.5 2.5 2 1 1 1 1
1262.9 -2694.6 -6.3 10 0 6.6 8.5 2.5 2.5 2 1 1 4 4
1271.9 -2697.2 -4.0 8 0 8.0 9.1 2.5 2.5 2 1 1 0 0
1258.3 -2708.0 -6.7 12 0 8.5 6.4 2.5 2.5 4 0 1 5 5
1268.9 -2708.4 -4.9 12 0 7.6 10.4 2.5 2.5 2 1 1 5 5
1264.8 -2724.1 -7.1 1 0 9.8 15.8 2.5 2.5 2 1 1 4 4
1257.6 -2749.7 -6.0 1 0 5.7 6.8 2.5 2.5 2 1 1 2 2
1261.4 -2764.9 -8.1 0 0 9.0 19.3 2.5 2.5 2 1 1 3 3
1263.0 -2775.3 -5.8 360 0 9.4 15.1 2.5 2.5 2 1 1 5 5
1238.8 -2776.2 -8.8 179 0 11.6 8.5 2.5 2.5 2 0 1 0 0
1262.9 -2786.7 -5.8 360 0 7.2 17.1 2.5 0.0 0 1 1 0 0
1268.0 -2823.0 -5.1 360 0 10.4 15.9 2.5 2.5 2 1 1 3 3
1267.1 -2834.4 -4.2 0 0 9.7 10.8 2.5 2.5 2 1 1 3 3
1256.1 -2832.8 -7.0 0 0 5.3 11.6 2.5 2.5 2 1 1 3 3
1253.9 -2842.9 -8.0 359 0 12.1 12.2 2.5 0.0 0 1 1 5 5
1267.6 -2845.0 -4.9 0 0 10.1 13.1 2.5 0.0 0 1 1 0 0
1267.2 -2857.5 -6.0 1 0 10.5 16.0 2.5 2.5 2 1 1 3 3
1249.8 -2856.3 -8.0 360 0 8.7 7.3 2.5 2.5 2 0 1 5 5
1267.5 -2868.5 -7.4 359 0 11.1 21.2 2.5 2.5 2 1 1 3 3
1251.4 -2886.3 -8.5 359 0 12.6 8.0 2.5 2.5 2 0 1 0 0
1265.4 -2881.5 -6.5 359 0 9.2 13.7 2.5 2.5 4 1 1 0 0
1262.6 -2895.3 -7.0 359 0 16.2 11.0 2.5 2.5 2 0 1 2 2
1261.4 -2909.4 -8.6 360 0 8.0 15.2 2.5 0.0 0 1 1 4 4
1263.5 -2921.5 -7.0 0 0 10.7 7.8 2.5 2.5 2 0 1 1 1
1263.5 -2935.8 -9.9 359 0 12.1 19.2 2.5 2.5 2 1 1 0 0
1241.7 -2947.5 -10.7 180 0 8.0 6.4 2.5 2.5 2 0 1 1 1
1261.3 -2948.4 -9.0 359 0 8.2 11.8 2.5 2.5 2 1 1 2 2
1262.7 -2960.2 -10.6 358 0 11.8 17.7 2.5 2.5 2 1 1 4 4
1265.1 -2977.5 -9.0 0 0 14.1 10.4 2.5 2.5 2 0 1 5 5
1264.9 -2991.7 -10.9 357 0 11.3 17.6 2.5 0.0 0 1 1 4 4
1263.9 -3003.2 -11.2 355 0 9.0 16.0 2.5 2.5 2 1 1 4 4
1265.2 -3012.5 -11.2 349 0 8.3 16.2 2.5 2.5 2 1 1 5 5
1265.4 -3021.5 -11.2 346 0 6.9 14.5 2.5 2.5 2 1 1 2 2
1273.0 -3040.4 -11.8 342 0 12.4 21.6 2.5 2.5 4 1 1 3 3
1257.2 -3059.2 -11.3 162 0 10.7 7.5 2.5 2.5 2 0 1 4 4
1277.3 -3052.7 -9.9 341 0 10.3 13.0 2.5 2.5 2 1 1 4 4
1274.6 -3063.7 -10.2 344 0 6.3 10.3 2.5 2.5 2 1 1 2 2
1282.7 -3070.0 -10.5 344 0 8.4 19.1 2.5 2.5 2 1 1 3 3
1278.8 -3105.9 -9.6 344 0 9.7 5.9 2.5 2.5 2 0 1 4 4
1265.2 -3110.2 -11.0 165 0 11.8 7.7 2.5 2.5 2 0 1 4 4
1262.1 -3096.9 -11.3 170 0 9.2 7.6 2.5 2.5 2 0 1 3 3
1277.4 -3094.3 -9.7 345 0 8.8 6.5 2.5 2.5 2 0 1 0 0
1288.4 -3090.1 -8.6 340 0 9.0 11.0 2.5 2.5 2 1 1 5 5
1293.3 -3101.2 -8.4 344 0 10.5 14.3 2.5 2.5 2 1 1 0 0
1299.3 -3122.1 -6.0 341 0 13.5 7.2 2.5 2.5 4 0 1 5 5
1289.1 -3127.3 -8.3 339 0 13.1 7.8 2.5 2.5 2 0 1 5 5
1264.8 -3134.4 -11.7 165 0 9.0 10.7 2.5 2.5 2 1 1 4 4
1304.5 -3136.6 -8.1 339 0 10.1 18.0 2.5 2.5 2 1 1 5 5
1309.3 -3147.5 -4.8 339 0 10.7 6.8 2.5 2.5 2 0 1 1 1
1302.2 -3150.3 -6.5 338 0 10.9 4.9 2.5 2.5 2 0 1 3 3
1296.5 -3152.2 -8.5 338 0 11.2 8.1 2.5 2.5 2 0 1 3 3
1287.9 -3154.5 -9.9 338 0 10.8 9.6 2.5 2.5 2 0 1 1 1
1299.7 -3162.1 -7.8 340 0 8.2 8.1 2.5 2.5 2 0 1 3 3
1312.2 -3158.5 -6.1 342 0 8.5 12.2 2.5 2.5 2 1 1 2 2
1314.0 -3167.8 -6.8 341 0 9.6 18.1 2.5 2.5 2 1 1 3 3
1318.5 -3176.7 -5.5 340 0 8.3 17.1 2.5 0.0 0 1 1 3 3
1295.9 -3175.0 -8.6 333 0 18.4 6.2 2.5 0.0 0 0 1 3 3
1270.7 -3160.3 -11.0 157 0 9.6 7.7 2.5 2.5 2 0 1 5 5
1274.0 -3170.1 -11.0 157 0 8.6 5.8 2.5 2.5 2 0 1 0 0
1261.2 -3173.7 -12.7 157 0 12.8 11.2 2.5 2.5 4 0 1 2 2
1265.7 -3184.6 -12.6 156 0 8.8 11.7 2.5 2.5 2 1 1 3 3
1272.8 -3194.7 -11.8 153 0 11.9 9.7 2.5 2.5 2 0 1 2 2
1277.0 -3179.9 -10.9 154 0 8.9 12.0 2.5 2.5 2 1 1 5 5
1281.9 -3190.2 -9.9 153 0 12.0 12.8 2.5 2.5 2 1 1 2 2
1283.1 -3201.1 -10.5 153 0 5.6 17.6 2.5 2.5 2 1 1 2 2
1295.4 -3210.2 -9.2 156 0 11.3 10.2 2.5 0.0 0 0 1 1 1
1286.2 -3214.3 -11.6 157 0 10.7 9.2 2.5 2.5 2 0 1 5 5
1309.2 -3193.0 -6.6 342 0 7.6 7.6 2.5 2.5 2 1 1 3 3
1322.5 -3187.9 -4.6 341 0 10.0 13.2 2.5 2.5 2 1 1 0 0
1333.6 -3202.9 -2.6 347 0 9.7 12.5 2.5 2.5 2 1 1 0 0
1320.8 -3205.6 -4.1 344 0 7.8 5.2 2.5 2.5 2 0 1 0 0
1335.7 -3225.0 -2.8 355 0 8.3 8.2 2.5 2.5 2 0 1 0 0
1335.2 -3236.4 -4.8 356 0 8.8 12.3 2.5 2.5 2 1 1 3 3
1317.7 -3226.0 -9.9 354 0 18.0 14.5 2.5 2.5 2 0 1 0 0
1296.7 -3246.7 -12.5 183 0 11.3 10.9 2.5 2.5 2 0 1 5 5
1335.5 -3368.8 -10.3 339 0 11.0 21.0 5.0 0.0 0 1 2 5 5
1330.5 -3385.6 -10.6 342 0 9.9 11.4 5.0 2.5 2 1 2 2 2
1343.7 -3405.0 -10.0 337 0 33.5 11.0 5.0 0.0 0 0 2 1 1
1351.0 -3428.9 -10.6 336 0 11.9 12.0 5.0 2.5 2 1 2 4 4
1358.8 -3443.7 -10.8 334 0 19.5 13.7 5.0 2.5 2 0 2 0 0
1371.0 -3456.6 -11.0 334 0 9.0 17.9 5.0 2.5 2 1 2 4 4
1377.7 -3477.2 -11.5 328 0 9.3 13.9 5.0 0.0 0 1 2 4 4
1394.0 -3457.2 -5.6 157 0 12.2 8.3 2.5 2.5 2 0 1 4 4
1398.0 -3471.6 -6.4 153 0 11.4 17.2 2.5 0.0 0 1 1 2 2
1401.8 -3490.7 -8.0 155 0 7.3 9.2 2.5 2.5 2 1 1 5 5
1411.2 -3496.8 -6.6 150 0 8.4 15.9 2.5 2.5 2 1 1 0 0
1450.3 -3632.9 -14.3 334 0 8.7 12.4 5.0 2.5 2 1 2 3 3
1452.9 -3642.3 -14.3 336 0 6.7 9.0 5.0 2.5 2 1 2 2 2
1463.1 -3646.6 -14.3 336 0 7.3 18.5 5.0 2.5 2 1 2 5 5
1467.7 -3654.1 -14.3 334 0 6.9 10.1 5.0 2.5 2 1 2 3 3
1478.2 -3666.2 -14.1 336 0 7.9 10.2 5.0 2.5 2 1 2 5 5
1486.7 -3675.4 -13.1 337 0 10.9 11.7 5.0 2.5 2 1 2 0 0
1489.7 -3685.0 -12.6 335 0 7.5 17.0 5.0 2.5 2 1 2 2 2
1523.0 -3728.8 -10.4 329 0 8.4 10.0 5.0 2.5 2 1 2 4 4
1556.2 -3786.2 -12.6 330 0 7.6 12.2 5.0 2.5 2 1 2 2 2
1560.7 -3798.2 -12.7 329 0 10.6 10.8 5.0 2.5 2 1 2 2 2
1503.5 -1782.8 -7.6 205 0 8.4 13.9 5.0 2.5 2 1 2 0 0
1516.5 -1789.7 -7.1 207 0 8.5 10.1 5.0 2.5 2 1 2 4 4
1500.3 -1793.8 -7.6 204 0 10.6 21.8 5.0 2.5 2 1 2 4 4
1509.6 -1811.9 -7.0 205 0 9.0 10.3 5.0 0.0 0 1 2 1 1
1502.3 -1807.5 -7.3 204 0 8.8 6.9 5.0 2.5 4 0 2 1 1
1495.7 -1804.5 -7.8 204 0 8.8 7.3 5.0 2.5 2 0 2 5 5
1491.5 -1813.6 -7.9 202 0 7.3 9.9 5.0 0.0 0 1 2 3 3
1521.2 -1817.7 -6.5 204 0 10.7 8.9 5.0 2.5 2 0 2 1 1
1562.8 -1844.7 -5.0 291 0 11.2 11.0 5.0 2.5 2 0 2 0 0
1566.4 -1873.2 -5.2 27 0 14.6 10.9 5.0 2.5 2 0 2 2 2
1486.0 -1826.4 -8.2 200 0 15.1 32.0 5.0 2.5 2 1 2 4 4
1514.2 -1847.7 -6.4 204 0 16.9 10.1 5.0 2.5 2 0 2 2 2
1474.9 -1870.8 -8.8 194 0 11.9 56.1 5.0 2.5 2 1 2 0 0
1460.0 -1901.0 -9.6 180 0 16.7 13.9 5.0 2.5 4 0 2 2 2
1553.2 -1922.7 -5.9 27 0 11.3 7.5 5.0 0.0 0 0 2 4 4
1545.6 -1917.1 -6.0 25 0 8.4 5.7 5.0 2.5 2 0 2 1 1
1538.1 -1910.1 -6.5 22 0 11.2 12.3 5.0 0.0 0 1 2 3 3
1524.9 -1929.8 -7.5 29 0 8.3 11.1 5.0 2.5 2 1 2 4 4
1504.5 -1900.6 -7.5 201 0 9.2 9.4 5.0 2.5 2 1 2 4 4
1496.2 -1897.0 -7.9 200 0 8.5 7.6 5.0 2.5 2 0 2 4 4
1492.5 -1906.7 -8.3 201 0 7.0 20.5 5.0 2.5 2 1 2 5 5
1489.7 -1915.3 -8.6 205 0 6.7 7.4 5.0 2.5 2 1 2 5 5
1498.3 -1918.5 -8.2 208 0 7.7 10.9 5.0 2.5 2 1 2 4 4
1491.6 -1926.8 -8.4 203 0 9.0 15.1 5.0 2.5 2 1 2 0 0
1491.4 -1937.7 -8.3 206 0 6.8 10.9 5.0 2.5 4 1 2 4 4
1482.8 -1934.3 -8.6 204 0 8.0 6.8 5.0 2.5 2 0 2 5 5
1514.4 -1965.9 -7.6 19 0 12.3 10.2 5.0 2.5 2 0 2 5 5
1486.0 -1956.0 -8.4 198 0 9.3 7.5 5.0 2.5 2 0 2 2 2
1480.7 -1954.2 -8.6 198 0 9.3 5.6 5.0 2.5 2 0 2 0 0
1460.3 -1922.5 -9.6 198 0 12.5 18.8 5.0 2.5 2 1 2 1 1
1456.2 -1936.7 -9.6 189 0 12.2 9.2 5.0 2.5 2 0 2 2 2
1467.3 -1955.7 -9.1 191 0 10.6 8.8 5.0 2.5 2 0 2 5 5
1452.6 -1953.3 -9.7 191 0 11.5 12.8 5.0 2.5 2 1 2 2 2
1475.0 -1982.4 -8.6 196 0 13.4 8.8 5.0 2.5 2 0 2 2 2
1450.2 -1971.7 -9.7 192 0 7.8 22.1 5.0 2.5 2 1 2 2 2
1449.3 -1982.1 -9.9 194 0 10.8 15.3 5.0 2.5 2 1 2 0 0
1497.2 -2038.8 -9.8 14 0 28.6 11.2 5.0 2.5 2 0 2 1 1
1446.3 -1996.2 -9.9 193 0 13.7 24.3 5.0 2.5 2 1 2 1 1
1443.8 -2011.6 -9.8 192 0 11.7 22.3 5.0 0.0 0 1 2 4 4
1440.1 -2027.9 -9.7 191 0 14.5 19.0 5.0 2.5 2 1 2 5 5
1438.2 -2043.8 -9.8 191 0 12.1 11.8 5.0 2.5 2 0 2 3 3
1435.5 -2055.4 -10.1 191 0 8.4 11.1 5.0 2.5 2 1 2 0 0
1458.4 -2073.5 -11.4 198 0 10.9 10.0 5.0 2.5 2 0 2 1 1
1427.7 -2086.2 -10.9 218 0 6.2 5.6 5.0 2.5 2 0 2 5 5
1434.7 -2090.9 -11.4 190 0 6.6 9.3 5.0 2.5 2 1 2 5 5
1427.7 -2097.4 -11.8 193 0 6.5 17.1 5.0 2.5 2 1 2 0 0
1449.7 -2109.7 -12.6 194 0 10.0 8.4 5.0 2.5 2 0 2 0 0
1424.4 -2108.7 -12.4 194 0 8.7 24.1 5.0 2.5 2 1 2 5 5
1422.9 -2122.3 -12.7 195 0 12.0 29.7 5.0 2.5 2 1 2 4 4
1421.2 -2136.1 -12.2 193 0 9.0 20.5 5.0 2.5 2 1 2 1 1
1420.2 -2148.8 -11.4 191 0 8.9 19.5 5.0 2.5 2 1 2 3 3
1418.9 -2159.4 -10.5 195 0 7.8 15.2 5.0 2.5 2 1 2 3 3
1413.8 -2169.0 -9.8 194 0 7.8 15.3 5.0 2.5 4 1 2 3 3
1421.5 -2182.8 -9.5 192 0 10.9 13.2 5.0 2.5 2 1 2 2 2
1424.3 -2197.5 -9.4 198 0 9.2 9.5 5.0 2.5 2 1 2 1 1
1410.5 -2195.2 -10.1 194 0 10.1 11.7 5.0 2.5 2 1 2 2 2
1407.5 -2205.7 -10.3 196 0 7.8 12.6 5.0 2.5 2 1 2 2 2
1409.2 -2223.7 -10.5 114 0 11.2 9.8 5.0 2.5 2 0 2 5 5
1424.0 -2228.9 -9.6 113 0 10.1 10.5 5.0 2.5 2 1 2 2 2
1431.3 -2245.3 -8.2 122 0 9.4 6.8 5.0 2.5 2 0 2 4 4
1321.4 -2825.0 8.7 0 0 12.8 11.4 5.0 2.5 2 0 2 4 4
1318.1 -2847.1 7.8 0 0 9.8 9.8 5.0 2.5 2 0 2 0 0
1348.4 -3360.7 -4.7 158 0 8.5 12.3 2.5 2.5 4 1 1 0 0
1351.7 -3372.4 -5.2 157 0 9.4 13.9 2.5 2.5 2 1 1 1 1
1364.0 -3399.8 -5.6 160 0 7.8 6.9 2.5 0.0 0 0 1 1 1
6392.8 -962.9 -12.6 105 0 17.8 20.2 2.5 2.5 2 1 1 4 4
1954.4 -4301.0 -1.3 1 0 18.3 14.8 5.0 0.0 0 0 2 0 0
6021.2 -1109.0 -15.2 8 0 18.0 14.8 5.0 2.5 2 0 2 5 5
5633.7 -1267.4 -10.8 114 0 14.9 18.0 5.0 2.5 2 1 2 0 0
3499.2 -1721.8 -12.8 123 0 15.9 17.2 5.0 2.5 2 1 2 2 2
4388.6 -1432.1 -12.4 286 0 19.1 19.3 5.0 2.5 4 1 2 3 3
4043.1 -1637.8 -9.1 68 0 11.8 14.5 5.0 2.5 4 1 2 5 5
4068.6 -1627.2 -9.2 69 0 34.7 11.6 5.0 2.5 2 0 2 3 3
4006.5 -1651.5 -9.1 68 0 54.4 15.1 5.0 0.0 0 0 2 3 3
1694.2 -1722.4 -8.0 272 0 7.1 19.1 5.0 2.5 2 1 2 4 4
1676.1 -1724.7 -7.0 272 0 9.5 27.2 5.0 0.0 0 1 2 3 3
1618.3 -1720.5 -6.8 269 0 44.3 13.1 5.0 2.5 2 0 2 3 3
