-2889.1 -1534.2 -4.2 352 0 12.4 8.4 2.5 2.5 2 0 1 0 0
-2899.0 -1535.6 -4.2 348 0 16.4 7.1 7.5 2.5 2 0 3 4 4
-2887.2 -1548.5 -4.0 345 0 8.4 15.3 2.5 2.5 2 1 1 1 1
-2881.3 -1558.2 -3.6 337 0 7.9 19.4 7.5 2.5 2 1 3 2 2
-2875.9 -1585.2 -3.2 340 0 9.1 10.9 7.5 2.5 2 1 3 5 5
-2865.4 -1592.4 -3.2 337 0 9.6 14.9 5.0 2.5 2 1 2 3 3
-2812.4 -1569.7 2.1 234 0 11.2 27.4 10.0 2.5 2 1 4 1 1
-2785.1 -1603.4 3.4 56 0 5.6 10.0 5.0 2.5 2 1 2 4 4
-2793.8 -1607.8 2.3 56 0 9.7 11.8 5.0 2.5 2 1 2 1 1
-2805.2 -1613.4 1.0 53 0 12.6 9.8 7.5 2.5 2 0 3 5 5
-2842.2 -1601.2 -1.4 238 0 7.7 9.5 7.5 2.5 2 1 3 4 4
-2866.3 -1623.6 -3.7 105 0 15.4 13.8 7.5 2.5 2 0 3 4 4
-2849.6 -1624.1 -2.5 152 0 5.1 10.2 2.5 2.5 2 1 1 3 3
-2828.7 -1653.9 -1.9 156 0 6.4 15.5 7.5 2.5 4 1 3 1 1
-2811.1 -1661.5 -1.8 339 0 4.5 9.4 7.5 2.5 2 1 3 3 3
-2795.1 -1668.9 -1.0 331 0 4.5 9.8 5.0 2.5 2 1 2 3 3
-2936.0 -1519.8 -4.2 246 0 8.4 11.6 7.5 2.5 4 1 3 1 1
-2937.3 -1534.6 -4.6 241 0 8.3 11.0 2.5 2.5 2 1 1 0 0
-2954.0 -1551.4 -4.8 151 0 8.4 17.5 7.5 2.5 4 1 3 0 0
-2963.4 -1531.9 -4.2 241 0 11.2 8.7 7.5 2.5 2 0 3 5 5
-2972.6 -1553.5 -4.3 150 0 8.3 11.7 7.5 2.5 2 1 3 3 3
-2964.1 -1559.7 -4.7 148 0 8.4 8.1 7.5 0.0 0 0 3 2 2
-2932.2 -1559.1 -4.9 149 0 6.8 8.1 5.0 2.5 2 1 2 3 3
-2938.4 -1564.1 -5.1 150 0 6.1 7.4 2.5 2.5 2 1 1 3 3
-2915.3 -1581.0 -4.2 153 0 8.9 6.0 5.0 2.5 2 0 2 3 3
-2922.4 -1587.0 -4.7 152 0 8.8 7.9 7.5 2.5 2 0 3 5 5
-2908.8 -1579.3 -3.9 153 0 8.7 6.7 7.5 2.5 2 0 3 0 0
-2907.0 -1593.2 -4.3 149 0 8.4 12.4 7.5 2.5 2 1 3 5 5
-2906.3 -1609.2 -4.8 150 0 14.5 8.7 5.0 0.0 0 0 2 5 5
-2898.4 -1604.3 -4.3 149 0 12.8 9.3 5.0 2.5 2 0 2 5 5
-2896.5 -1630.2 -4.6 152 0 6.3 10.7 7.5 2.5 2 1 3 0 0
-2886.6 -1624.4 -4.4 150 0 8.6 9.6 5.0 2.5 2 1 2 0 0
-2879.6 -1634.9 -4.4 149 0 7.5 8.1 2.5 2.5 2 1 1 3 3
-2871.7 -1657.0 -4.2 144 0 7.3 14.2 5.0 2.5 2 1 2 5 5
-2846.6 -1674.8 -4.1 144 0 5.6 9.0 2.5 2.5 2 1 1 2 2
-2839.9 -1678.3 -3.8 141 0 5.3 7.3 5.0 2.5 2 1 2 0 0
