5043.2 -6355.3 -7.9 31 0 8.0 9.4 2.5 2.5 2 1 1 4 4
5044.1 -6195.4 -5.2 216 0 10.0 17.6 5.0 2.5 2 1 2 2 2
5099.5 -6233.2 -7.0 212 0 11.2 13.1 2.5 2.5 2 1 1 5 5
5158.9 -6145.1 -4.6 216 0 8.8 9.8 5.0 2.5 2 1 2 2 2
5254.4 -6026.6 -3.7 43 0 8.2 10.2 2.5 0.0 0 1 1 0 0
5420.9 -5748.0 -2.2 130 0 10.1 8.1 5.0 2.5 2 0 2 2 2
5436.3 -5720.3 -1.9 220 0 9.5 9.4 5.0 2.5 2 0 2 3 3
5451.5 -5699.3 -1.6 221 0 9.3 10.1 7.5 2.5 2 1 3 1 1
5525.4 -5745.6 -1.6 40 0 9.6 10.4 5.0 2.5 2 1 2 3 3
5546.2 -5708.5 -1.2 226 0 9.7 10.1 5.0 2.5 2 1 2 0 0
5664.1 -5496.1 -5.0 43 0 7.8 9.3 2.5 2.5 2 1 1 5 5
5709.6 -5422.8 -0.6 130 0 8.7 8.7 2.5 2.5 2 0 1 5 5
5783.3 -5360.4 3.7 56 0 9.2 12.9 2.5 2.5 2 1 1 2 2
5777.7 -5135.0 7.2 62 0 12.7 8.0 7.5 2.5 2 0 3 4 4
5787.4 -5213.8 8.0 143 0 6.0 13.4 7.5 2.5 2 1 3 1 1
605.9 -5640.7 -14.5 215 0 9.3 5.9 5.0 2.5 2 0 2 4 4
635.4 -5597.9 -13.1 210 0 9.1 5.2 5.0 2.5 2 0 2 0 0
586.9 -5664.4 -13.7 214 0 8.6 6.9 5.0 2.5 4 0 2 5 5
576.2 -5675.8 -13.5 214 0 7.4 7.0 5.0 2.5 2 0 2 2 2
535.9 -5744.1 -15.4 215 0 10.9 11.2 2.5 2.5 2 1 1 5 5
519.1 -5775.0 -15.2 212 0 8.6 7.2 2.5 2.5 2 0 1 4 4
505.7 -5784.3 -13.2 214 0 9.9 7.5 2.5 2.5 2 0 1 4 4
589.6 -5627.5 -11.3 36 0 9.5 7.0 5.0 2.5 2 0 2 1 1
573.6 -5636.7 -10.5 35 0 8.0 9.9 5.0 2.5 2 1 2 1 1
554.9 -5666.3 -10.3 31 0 8.1 9.8 5.0 2.5 2 1 2 2 2
541.9 -5695.2 -12.5 33 0 7.6 11.8 5.0 2.5 2 1 2 1 1
534.4 -5708.6 -13.6 30 0 10.3 19.0 5.0 2.5 2 1 2 4 4
505.2 -5727.4 -10.5 31 0 12.2 8.1 5.0 2.5 2 0 2 4 4
491.2 -5760.2 -9.2 33 0 9.7 10.6 5.0 2.5 2 1 2 0 0
467.7 -5796.1 -11.3 35 0 8.8 13.5 5.0 2.5 4 1 2 4 4
