-4143.6 1715.0 -12.0 322 0 5.7 3.9 5.0 2.5 2 0 2 1 1
-4158.5 1723.2 -11.9 312 0 8.2 7.0 5.0 2.5 2 0 2 1 1
-4192.0 1702.1 -10.9 39 0 5.5 9.8 5.0 2.5 2 1 2 2 2
-4096.3 1658.4 -11.9 329 0 15.9 12.4 2.5 2.5 2 0 1 2 2
-4076.3 1685.8 -8.9 235 0 4.8 12.5 5.0 2.5 2 1 2 2 2
-4062.8 1683.3 -8.0 324 0 5.1 5.2 5.0 2.5 2 1 2 3 3
-4082.9 1598.8 -11.0 207 0 7.6 13.8 2.5 0.0 0 1 1 5 5
-4049.4 1581.9 -11.3 305 0 10.0 14.4 2.5 2.5 2 1 1 5 5
-4027.7 1569.3 -9.0 300 0 6.0 7.1 2.5 2.5 2 1 1 2 2
-3981.2 1596.4 -2.0 240 0 7.0 7.1 5.0 2.5 2 1 2 2 2
-3971.2 1572.1 -1.2 148 0 11.9 7.8 5.0 2.5 2 0 2 3 3
-3952.1 1543.8 -0.7 150 0 11.3 23.6 5.0 2.5 2 1 2 2 2
-3936.0 1517.0 -0.7 152 0 9.9 10.2 5.0 2.5 2 1 2 1 1
-3954.9 1482.0 -6.4 329 0 7.1 7.7 2.5 2.5 2 1 1 0 0
-3926.4 1468.5 -2.9 149 0 5.0 3.7 5.0 2.5 2 0 2 1 1
-3912.5 1469.5 -1.2 148 0 13.6 11.3 5.0 0.0 0 0 2 1 1
-3928.8 1447.2 -5.4 329 0 9.2 8.0 2.5 2.5 2 0 1 4 4
-3926.6 1421.6 -6.3 332 0 6.2 9.1 2.5 2.5 2 1 1 0 0
-3915.0 1403.0 -6.0 332 0 7.1 9.5 2.5 2.5 2 1 1 1 1
-3898.9 1448.9 -1.0 144 0 7.3 6.2 5.0 2.5 2 0 2 0 0
-3863.5 1445.7 1.2 329 0 6.4 13.5 5.0 2.5 2 1 2 1 1
-3844.9 1433.8 6.8 63 0 11.6 13.4 5.0 2.5 2 1 2 3 3
-3854.5 1364.1 -1.4 152 0 7.1 8.3 5.0 2.5 2 1 2 3 3
-3846.6 1343.1 -1.3 161 0 11.0 14.6 5.0 2.5 2 1 2 2 2
-3879.1 1331.7 -2.5 336 0 6.9 8.4 5.0 2.5 4 1 2 3 3
-3870.5 1308.3 -2.3 337 0 7.2 6.9 5.0 2.5 2 0 2 0 0
-3852.2 1260.1 -5.7 343 0 6.7 7.3 5.0 2.5 2 1 2 4 4
-3823.7 1298.0 -1.1 159 0 8.0 8.7 5.0 2.5 2 1 2 2 2
-3814.4 1274.4 -2.9 157 0 5.9 12.1 5.0 2.5 2 1 2 1 1
-3809.0 1250.5 -3.4 158 0 7.4 11.4 5.0 2.5 4 1 2 3 3
-3798.4 1131.0 -3.1 343 0 6.0 7.0 5.0 2.5 2 1 2 2 2
-3595.1 318.0 -9.8 335 0 8.1 5.1 5.0 2.5 2 0 2 3 3
-3581.9 283.3 -10.5 146 0 5.6 9.8 5.0 2.5 2 1 2 2 2
-3519.0 138.1 -11.6 318 0 13.0 8.1 5.0 2.5 2 0 2 0 0
-3391.6 33.5 -0.6 149 0 5.9 8.2 2.5 2.5 2 1 1 0 0
-3406.2 95.0 -3.3 322 0 12.6 12.3 2.5 2.5 2 0 1 1 1
-3392.2 -27.5 -6.1 336 0 7.6 12.6 2.5 2.5 2 1 1 5 5
-3371.9 46.1 0.9 320 0 12.8 12.1 2.5 2.5 2 0 1 2 2
-3275.2 -460.0 -10.8 83 0 7.5 13.1 7.5 2.5 2 1 3 5 5
-2963.9 -2070.3 -10.2 69 0 4.1 8.3 7.5 2.5 2 1 3 5 5
-2772.2 -2660.2 -1.6 337 0 7.9 15.0 2.5 2.5 4 1 1 4 4
-4404.0 1944.4 -15.2 313 0 8.0 16.1 5.0 2.5 2 1 2 0 0
-4413.4 1902.3 -16.0 133 0 4.8 11.8 5.0 2.5 2 1 2 1 1
-4366.6 1911.2 -14.5 313 0 6.6 13.7 5.0 2.5 2 1 2 2 2
-4534.3 2126.3 -10.1 57 0 12.0 9.7 5.0 2.5 2 0 2 1 1
-4449.0 1981.3 -12.9 313 0 5.7 15.4 5.0 2.5 2 1 2 0 0
-4421.3 1961.2 -14.9 313 0 7.6 14.4 5.0 2.5 2 1 2 5 5
-4238.4 1836.7 -14.1 133 0 15.3 26.7 5.0 2.5 2 1 2 1 1
-4218.2 1828.4 -12.7 133 0 9.4 23.3 5.0 2.5 2 1 2 2 2
-4349.5 1859.6 -14.7 133 0 6.5 10.6 5.0 2.5 4 1 2 3 3
-4292.1 1843.0 -14.2 313 0 8.0 14.4 5.0 2.5 2 1 2 4 4
-4275.1 1829.7 -14.3 312 0 13.1 13.4 5.0 2.5 2 1 2 0 0
-4255.4 1811.5 -14.2 312 0 9.6 16.6 5.0 2.5 2 1 2 5 5
-4238.5 1793.8 -14.7 223 0 12.2 11.3 5.0 2.5 4 0 2 2 2
-4217.6 1781.7 -14.6 313 0 14.1 11.3 5.0 2.5 2 0 2 2 2
-4199.4 1769.1 -14.4 313 0 8.8 15.7 5.0 2.5 2 1 2 1 1
-4189.1 1755.5 -14.0 313 0 13.3 10.5 5.0 2.5 2 0 2 0 0
-4174.4 1745.2 -13.0 315 0 12.4 12.6 5.0 2.5 2 1 2 3 3
-4202.7 1801.9 -12.9 132 0 10.5 26.9 5.0 2.5 2 1 2 3 3
-4125.9 1753.1 -11.2 140 0 10.2 15.2 5.0 2.5 2 1 2 4 4
-4193.6 4612.1 3.2 90 0 8.9 5.7 5.0 2.5 2 0 2 5 5
-4160.1 4618.9 2.8 90 0 6.5 8.6 5.0 2.5 2 1 2 4 4
-4144.6 4618.3 3.0 90 0 6.8 10.1 5.0 2.5 2 1 2 1 1
-4127.5 4613.8 3.5 90 0 7.7 9.2 5.0 0.0 0 1 2 0 0
-4057.7 4582.5 10.9 270 0 5.9 7.2 5.0 2.5 2 1 2 3 3
-4080.5 4589.7 8.9 270 0 5.9 6.0 5.0 0.0 0 1 2 0 0
-4075.9 4613.8 3.5 90 0 6.8 8.9 5.0 2.5 2 1 2 1 1
-4040.9 4618.0 2.2 90 0 5.6 11.0 5.0 0.0 0 1 2 0 0
-4023.9 4606.7 4.1 90 0 4.1 11.3 5.0 2.5 2 1 2 0 0
-3997.8 4625.8 -0.3 0 0 6.0 7.4 5.0 2.5 2 1 2 0 0
-3997.2 4576.6 11.3 90 0 8.3 6.9 5.0 2.5 2 0 2 1 1
-1348.1 4789.3 -5.5 0 0 8.0 14.5 5.0 0.0 0 1 2 1 1
-1406.3 4783.8 -6.3 90 0 6.2 14.9 5.0 2.5 2 1 2 1 1
-1451.7 4780.8 -7.0 90 0 4.7 11.0 5.0 0.0 0 1 2 3 3
-1429.8 4788.0 -6.7 90 0 8.9 11.9 5.0 0.0 0 1 2 2 2
-1458.8 4789.7 -7.1 90 0 7.7 10.7 5.0 2.5 2 1 2 5 5
-1483.7 4789.1 -7.5 90 0 14.2 10.7 5.0 2.5 2 0 2 5 5
-1500.5 4785.3 -7.7 90 0 9.2 16.1 5.0 2.5 2 1 2 5 5
-1511.3 4790.3 -7.8 90 0 8.3 15.5 5.0 2.5 2 1 2 0 0
-1528.4 4787.4 -8.1 90 0 7.7 13.1 5.0 2.5 2 1 2 4 4
-1541.2 4775.7 -8.1 90 0 8.3 9.2 5.0 0.0 0 1 2 4 4
-1535.2 4846.7 -8.0 180 0 11.3 12.7 5.0 2.5 2 1 2 2 2
-1562.2 4793.8 -8.6 0 0 11.0 8.0 5.0 2.5 2 0 2 0 0
-1588.3 4790.3 -9.0 90 0 7.1 11.9 5.0 2.5 2 1 2 0 0
-1606.0 4793.3 -9.4 90 0 11.9 11.6 5.0 2.5 2 0 2 0 0
-1633.0 4794.5 -9.9 90 0 8.3 11.9 5.0 2.5 2 1 2 1 1
-1660.7 4790.6 -10.0 90 0 9.2 8.6 5.0 2.5 2 0 2 5 5
-1684.5 4796.6 -10.0 90 0 5.3 8.0 5.0 2.5 4 1 2 3 3
-1710.3 4799.0 -9.8 90 0 7.1 11.9 5.0 2.5 2 1 2 1 1
-1738.7 4803.2 -9.5 180 0 11.9 7.1 5.0 2.5 2 0 2 0 0
-1639.0 4759.6 -8.6 270 0 9.8 18.2 2.5 2.5 2 1 1 2 2
-1666.9 4755.8 -8.8 270 0 12.1 16.1 2.5 2.5 2 1 1 0 0
-1678.3 4767.4 -9.2 270 0 5.9 19.1 2.5 2.5 2 1 1 0 0
-1693.7 4765.9 -9.4 270 0 14.8 16.1 2.5 0.0 0 1 1 3 3
-1739.9 4754.3 -9.1 180 0 12.5 14.2 2.5 2.5 2 1 1 0 0
-1761.8 4755.9 -9.0 0 0 14.0 7.4 5.0 0.0 0 0 2 1 1
-1772.2 4754.0 -9.2 0 0 15.5 11.3 5.0 2.5 2 0 2 4 4
-1810.1 4762.3 -9.5 270 0 7.7 12.2 5.0 2.5 2 1 2 3 3
-1826.3 4761.1 -9.6 270 0 7.1 6.6 5.0 0.0 0 0 2 5 5
-1848.0 4768.3 -9.8 270 0 13.0 13.1 5.0 2.5 2 1 2 3 3
-1874.9 4750.7 -9.7 270 0 7.1 9.8 5.0 2.5 2 1 2 3 3
-1896.1 4769.8 -9.8 270 0 10.9 11.9 5.0 2.5 2 1 2 0 0
-1910.3 4772.7 -9.5 270 0 12.7 7.7 5.0 2.5 2 0 2 3 3
-305.8 4902.6 -3.9 0 0 14.6 13.0 2.5 2.5 4 0 1 5 5
-340.3 4913.5 -4.1 270 0 12.1 14.9 2.5 2.5 2 1 1 3 3
-364.3 4913.5 -4.2 270 0 11.5 15.8 2.5 0.0 0 1 1 1 1
-376.6 4914.1 -4.2 270 0 7.7 11.0 2.5 2.5 2 1 1 2 2
-389.6 4912.3 -4.4 270 0 8.3 19.4 2.5 2.5 2 1 1 1 1
-411.7 4917.9 -4.5 270 0 8.0 19.7 2.5 2.5 2 1 1 1 1
-431.4 4917.9 -4.6 270 0 8.9 16.4 2.5 2.5 2 1 1 2 2
-469.4 4915.2 -4.7 270 0 6.2 8.9 2.5 2.5 2 1 1 2 2
-492.4 4913.5 -4.9 180 0 13.7 8.6 2.5 2.5 4 0 1 3 3
-517.3 4908.2 -4.7 0 0 18.8 7.1 5.0 2.5 2 0 2 1 1
-542.9 4926.6 -4.7 270 0 10.4 21.8 5.0 2.5 2 1 2 0 0
-565.5 4924.8 -4.6 270 0 10.1 17.6 5.0 2.5 2 1 2 4 4
-595.0 4921.8 -5.1 270 0 8.6 11.0 5.0 2.5 2 1 2 4 4
-644.6 4921.8 -5.6 270 0 8.3 5.4 5.0 2.5 2 0 2 4 4
-692.0 4916.3 -5.0 180 0 12.2 7.7 5.0 0.0 0 0 2 1 1
-706.5 4918.1 -4.4 180 0 15.2 10.7 5.0 0.0 0 0 2 5 5
-724.6 4924.5 -3.3 0 0 13.1 10.7 5.0 2.5 2 0 2 2 2
-752.7 4931.1 -2.7 270 0 11.3 14.6 5.0 2.5 2 1 2 3 3
-777.6 4932.5 -3.1 270 0 8.9 10.1 5.0 2.5 2 1 2 3 3
-803.3 4931.9 -3.8 270 0 11.2 13.7 5.0 0.0 0 1 2 4 4
-826.9 4934.0 -4.1 270 0 5.6 16.7 5.0 2.5 2 1 2 3 3
-837.7 4934.9 -4.3 270 0 7.7 11.6 5.0 2.5 2 1 2 0 0
-908.5 4882.0 -4.8 180 0 5.7 13.3 5.0 2.5 2 1 2 0 0
-906.1 4931.2 -4.7 180 0 12.2 7.7 5.0 2.5 2 0 2 2 2
-1026.6 4939.4 -7.9 270 0 21.3 12.2 5.0 2.5 2 0 2 3 3
-1070.9 4943.0 -7.7 270 0 53.6 12.5 5.0 2.5 2 0 2 1 1
-1115.5 4910.8 -7.4 180 0 67.4 13.3 5.0 2.5 2 0 2 3 3
-1133.2 4924.8 -7.2 0 0 9.5 16.9 5.0 2.5 4 1 2 1 1
-1133.8 4939.4 -7.2 0 0 11.9 16.3 5.0 2.5 4 1 2 5 5
-1169.5 4948.3 -6.1 270 0 15.7 10.1 5.0 2.5 4 0 2 4 4
-1197.6 4949.2 -5.0 270 0 15.1 12.2 5.0 2.5 2 0 2 1 1
-1222.8 4951.0 -5.4 270 0 12.7 13.4 5.0 2.5 2 1 2 5 5
-1271.4 4955.5 -7.2 270 0 6.8 12.8 5.0 2.5 2 1 2 4 4
-1260.3 4956.4 -7.0 270 0 8.3 16.1 5.0 2.5 2 1 2 0 0
-1291.7 4955.5 -7.7 270 0 8.9 11.6 5.0 2.5 2 1 2 3 3
-1345.3 4949.1 -7.7 0 0 18.2 10.4 5.0 2.5 2 0 2 5 5
-1398.3 4960.9 -7.2 270 0 14.2 19.7 5.0 2.5 2 1 2 2 2
-1450.8 4963.0 -6.8 270 0 9.8 19.1 5.0 2.5 2 1 2 3 3
-1474.5 4964.7 -6.9 270 0 11.6 15.2 5.0 2.5 2 1 2 4 4
-1498.4 4965.6 -6.9 270 0 11.8 15.2 5.0 2.5 2 1 2 3 3
-1525.6 4921.8 -7.5 180 0 9.5 9.2 5.0 2.5 4 0 2 2 2
-1540.4 4933.6 -7.5 180 0 8.6 11.0 5.0 2.5 2 1 2 4 4
-1533.9 4960.6 -7.2 180 0 15.5 11.8 5.0 2.5 4 0 2 4 4
-1389.8 5049.1 -7.6 270 0 6.2 9.2 5.0 2.5 4 1 2 2 2
-1530.1 5005.7 -6.5 180 0 15.2 16.9 5.0 2.5 2 1 2 3 3
-1496.7 4996.9 -6.4 90 0 9.2 15.8 5.0 2.5 2 1 2 2 2
-1447.7 4991.9 -6.5 90 0 20.7 14.0 5.0 2.5 2 0 2 1 1
-1420.8 4993.4 -6.8 90 0 13.6 11.0 5.0 2.5 2 0 2 0 0
-1398.7 4991.9 -7.0 90 0 9.8 11.6 5.0 2.5 2 1 2 2 2
-1366.9 4987.7 -6.8 90 0 9.5 16.7 5.0 2.5 2 1 2 4 4
-1344.1 4994.6 -6.9 0 0 9.5 8.3 5.0 0.0 0 0 2 1 1
-1326.0 4998.9 -6.9 180 0 25.9 18.4 5.0 2.5 2 0 2 0 0
-1294.2 4985.0 -6.7 90 0 12.7 16.7 5.0 2.5 2 1 2 2 2
-1265.2 4988.3 -6.2 90 0 9.8 15.5 5.0 0.0 0 1 2 0 0
-1247.3 4986.5 -6.0 90 0 11.9 10.1 5.0 2.5 2 0 2 3 3
-1222.7 4983.2 -5.4 90 0 8.9 16.4 5.0 2.5 2 1 2 4 4
-1190.8 4985.6 -5.1 90 0 8.0 12.2 5.0 2.5 2 1 2 2 2
-1167.4 4980.2 -5.5 90 0 9.2 16.1 5.0 2.5 2 1 2 4 4
-1135.6 4984.7 -6.3 0 0 11.9 16.3 5.0 2.5 2 1 2 1 1
-1117.5 4979.6 -6.8 180 0 15.5 8.9 2.5 2.5 4 0 1 1 1
-1082.9 4973.1 -6.9 90 0 17.8 16.1 2.5 2.5 2 0 1 0 0
-1060.4 4988.0 -6.8 90 0 13.0 11.6 2.5 2.5 2 0 1 1 1
-1007.1 4970.7 -6.3 90 0 13.6 22.7 2.5 2.5 2 1 1 5 5
-984.0 4971.6 -5.5 90 0 10.1 16.7 2.5 2.5 2 1 1 1 1
-931.6 4975.6 -5.3 0 0 12.8 7.4 2.5 2.5 2 0 1 2 2
-905.2 4978.7 -5.1 180 0 13.1 9.2 5.0 2.5 2 0 2 4 4
-876.0 4968.6 -4.8 90 0 8.0 11.9 5.0 2.5 2 1 2 5 5
-852.1 4966.5 -4.4 90 0 10.4 16.4 5.0 2.5 2 1 2 0 0
-835.2 4965.6 -4.2 90 0 6.8 13.1 5.0 2.5 2 1 2 1 1
-825.3 4965.6 -4.1 90 0 9.5 18.5 5.0 2.5 2 1 2 4 4
-804.2 4965.3 -3.7 90 0 11.3 13.7 5.0 2.5 2 1 2 3 3
-777.6 4962.7 -3.2 90 0 8.9 16.1 5.0 2.5 4 1 2 2 2
-751.1 4960.9 -3.6 90 0 10.4 22.7 5.0 2.5 2 1 2 1 1
-732.7 4961.5 -4.2 90 0 11.0 20.9 5.0 2.5 2 1 2 1 1
-700.3 4966.1 -5.2 180 0 11.0 11.8 5.0 2.5 2 1 2 1 1
-643.7 4959.1 -5.2 90 0 10.1 12.2 5.0 2.5 2 1 2 4 4
-614.0 4957.9 -4.9 90 0 10.4 10.1 5.0 2.5 2 0 2 2 2
-595.0 4954.9 -4.7 90 0 12.7 16.4 5.0 2.5 2 1 2 5 5
-567.9 4954.0 -4.5 90 0 13.0 19.7 5.0 2.5 2 1 2 5 5
-546.3 4953.7 -4.8 90 0 10.1 18.2 5.0 2.5 4 1 2 2 2
-514.0 4965.0 -5.2 0 0 22.1 11.5 5.0 2.5 2 0 2 4 4
-306.1 4950.6 -3.4 0 0 12.8 12.4 5.0 2.5 2 0 2 0 0
-341.1 4943.9 -3.7 90 0 10.7 13.7 5.0 2.5 2 1 2 5 5
-386.4 4946.5 -4.2 90 0 10.1 12.2 5.0 2.5 2 1 2 5 5
-413.9 4947.1 -4.5 90 0 16.6 13.4 5.0 2.5 2 0 2 2 2
-436.3 4946.5 -4.6 90 0 8.0 20.3 5.0 2.5 2 1 2 4 4
-461.5 4948.3 -5.0 90 0 9.8 15.8 5.0 2.5 2 1 2 4 4
-491.2 4959.4 -5.2 180 0 21.5 9.2 5.0 2.5 2 0 2 1 1
-505.6 5196.1 -7.1 0 0 8.3 7.7 2.5 2.5 2 0 1 4 4
-302.1 5112.2 -4.1 0 0 9.2 8.6 2.5 2.5 2 0 1 1 1
-291.8 5163.0 -4.0 0 0 24.5 16.9 2.5 2.5 2 0 1 3 3
-327.5 5149.3 -3.9 90 0 7.4 15.8 2.5 0.0 0 1 1 4 4
-331.7 5119.2 -3.8 270 0 7.7 13.4 2.5 2.5 2 1 1 2 2
-355.7 5118.0 -3.8 270 0 8.3 9.8 2.5 2.5 2 1 1 1 1
-378.7 5152.3 -3.9 90 0 8.6 10.7 2.5 2.5 2 1 1 3 3
-383.3 5117.4 -4.1 270 0 14.2 6.6 2.5 0.0 0 0 1 0 0
-409.3 5122.7 -4.4 270 0 9.5 13.7 2.5 2.5 2 1 1 0 0
-404.9 5157.3 -4.6 90 0 11.3 8.9 2.5 0.0 0 0 1 0 0
-427.8 5154.0 -5.2 90 0 10.4 11.9 2.5 0.0 0 1 1 1 1
-426.5 5121.9 -4.7 270 0 7.7 11.3 2.5 2.5 2 1 1 4 4
-463.1 5125.7 -5.1 270 0 10.4 13.4 2.5 2.5 2 1 1 1 1
-446.9 5147.2 -5.8 90 0 12.4 18.8 2.5 2.5 2 1 1 0 0
-486.0 5161.2 -6.3 180 0 12.5 11.8 2.5 2.5 2 0 1 4 4
-486.0 5117.1 -5.1 180 0 13.1 10.7 2.5 2.5 2 0 1 3 3
-513.3 5082.9 -4.0 0 0 8.1 12.1 2.5 2.5 2 1 1 0 0
-507.9 5117.2 -5.2 0 0 14.0 11.8 2.5 2.5 4 0 1 2 2
-537.3 5123.3 -4.9 270 0 8.9 6.9 2.5 2.5 4 0 1 4 4
-561.7 5123.9 -4.5 270 0 11.0 5.7 2.5 2.5 2 0 1 1 1
-586.3 5126.9 -3.6 270 0 9.2 6.9 2.5 2.5 2 0 1 1 1
-646.5 5132.9 -3.2 270 0 5.3 11.6 2.5 0.0 0 1 1 2 2
-629.7 5131.7 -3.1 270 0 5.9 14.6 2.5 2.5 2 1 1 5 5
-608.3 5129.6 -3.6 270 0 12.4 7.7 2.5 2.5 2 0 1 1 1
-561.8 5160.9 -6.8 90 0 9.5 14.6 2.5 2.5 2 1 1 2 2
-587.0 5159.7 -6.1 90 0 12.4 15.5 2.5 2.5 2 1 1 0 0
-610.1 5165.1 -5.6 90 0 9.5 16.1 2.5 2.5 2 1 1 0 0
-637.7 5164.2 -4.8 90 0 12.4 15.8 2.5 2.5 2 1 1 1 1
-659.1 5165.4 -4.3 90 0 8.0 16.1 2.5 0.0 0 1 1 4 4
-691.6 5175.4 -5.0 180 0 14.0 6.8 2.5 2.5 2 0 1 5 5
-767.4 5173.7 -5.8 90 0 11.2 6.9 5.0 2.5 2 0 2 1 1
-843.9 5141.8 -5.5 270 0 10.4 15.8 5.0 2.5 2 1 2 0 0
-900.3 5137.8 -5.1 180 0 8.6 8.3 5.0 2.5 2 0 2 4 4
-1027.5 5146.6 -4.3 270 0 6.2 7.2 5.0 2.5 2 1 2 2 2
-1008.3 5157.6 -4.4 270 0 6.8 10.4 5.0 2.5 2 1 2 0 0
-977.9 5144.5 -4.9 270 0 7.1 8.0 5.0 2.5 4 1 2 2 2
-919.0 5140.2 -5.7 0 0 15.8 11.3 5.0 0.0 0 0 2 5 5
-899.4 5173.4 -5.4 90 0 14.2 16.4 5.0 2.5 2 1 2 5 5
-925.4 5180.3 -5.6 90 0 11.0 16.4 5.0 0.0 0 1 2 3 3
-951.9 5179.7 -5.7 90 0 11.3 19.1 5.0 2.5 2 1 2 4 4
-1024.1 5182.1 -5.8 90 0 10.1 20.6 5.0 2.5 2 1 2 0 0
-1049.0 5185.7 -5.4 90 0 14.2 9.5 5.0 2.5 2 0 2 2 2
-1049.6 5149.6 -4.9 270 0 7.7 11.0 5.0 2.5 2 1 2 2 2
-1075.6 5155.2 -5.4 270 0 11.2 11.9 5.0 2.5 2 1 2 2 2
-1105.5 5147.3 -5.9 180 0 12.2 6.8 5.0 2.5 2 0 2 1 1
-1104.1 5194.7 -6.1 180 0 15.8 8.6 5.0 2.5 2 0 2 1 1
-1282.3 5191.9 -7.3 90 0 10.7 13.4 5.0 2.5 4 1 2 5 5
-1256.9 5193.4 -7.2 90 0 8.3 18.5 5.0 2.5 2 1 2 3 3
-1234.5 5190.4 -6.7 90 0 8.6 12.2 5.0 2.5 2 1 2 5 5
-1204.6 5191.9 -6.7 90 0 9.2 13.4 5.0 2.5 2 1 2 3 3
-1177.4 5205.3 -6.8 90 0 13.9 9.5 5.0 2.5 2 0 2 5 5
-1159.4 5187.1 -6.6 90 0 4.1 8.9 5.0 2.5 2 1 2 2 2
-1134.7 5183.6 -6.4 90 0 9.2 12.8 5.0 2.5 2 1 2 1 1
-1128.6 5151.1 -6.2 0 0 8.9 12.1 2.5 2.5 2 1 1 5 5
-1157.1 5159.7 -6.3 270 0 8.3 13.1 2.5 2.5 2 1 1 4 4
-1184.9 5159.7 -6.5 270 0 10.1 11.0 2.5 0.0 0 1 1 5 5
-1209.9 5157.9 -6.3 270 0 11.0 10.1 2.5 2.5 2 0 1 4 4
-1235.3 5157.0 -6.2 270 0 8.9 11.6 2.5 2.5 2 1 1 2 2
-1264.7 5166.9 -6.4 270 0 13.9 10.7 2.5 2.5 2 0 1 1 1
-1287.7 5166.9 -6.5 270 0 14.2 13.4 2.5 2.5 2 0 1 5 5
-1314.3 5157.6 -6.6 180 0 14.9 9.2 2.5 2.5 2 0 1 4 4
-1385.1 5166.6 -7.7 270 0 8.9 13.7 2.5 2.5 2 1 1 1 1
-1366.7 5169.2 -7.6 270 0 5.3 15.2 2.5 2.5 2 1 1 3 3
-1337.9 5197.0 -7.4 90 0 8.0 11.3 5.0 2.5 2 1 2 2 2
-1364.5 5197.9 -7.4 90 0 16.3 13.1 5.0 2.5 2 0 2 5 5
-1414.4 5200.9 -7.1 90 0 14.2 13.4 5.0 2.5 2 0 2 5 5
-1402.6 5167.2 -7.7 270 0 6.5 11.3 2.5 2.5 2 1 1 2 2
-1414.9 5167.2 -7.5 270 0 8.6 11.6 2.5 2.5 2 1 1 1 1
-1462.7 5172.2 -6.8 270 0 9.5 16.1 2.5 2.5 2 1 1 1 1
-1435.7 5205.6 -7.2 90 0 10.1 10.7 5.0 2.5 2 1 2 5 5
-1466.5 5199.1 -7.2 90 0 15.4 17.0 5.0 2.5 2 1 2 0 0
-1483.7 5202.6 -7.3 90 0 14.8 12.8 5.0 2.5 2 0 2 5 5
-1508.6 5207.7 -7.4 90 0 12.4 14.9 5.0 2.5 2 1 2 4 4
-1488.5 5175.8 -7.0 270 0 10.7 17.0 2.5 2.5 2 1 1 3 3
-1518.1 5168.2 -7.5 180 0 15.8 8.6 2.5 2.5 2 0 1 4 4
-1542.1 5167.6 -8.2 0 0 11.6 13.3 2.5 2.5 2 1 1 0 0
-1588.3 5180.3 -7.9 270 0 9.5 12.5 2.5 2.5 2 1 1 1 1
-1588.0 5207.4 -8.5 90 0 14.2 17.9 5.0 2.5 2 1 2 4 4
-1692.0 5217.0 -7.2 90 0 6.8 9.2 5.0 2.5 2 1 2 2 2
-1712.0 5140.6 -7.0 180 0 16.7 13.3 2.5 2.5 2 0 1 4 4
-1725.1 5081.8 -7.1 180 0 9.8 13.6 5.0 2.5 2 1 2 1 1
-1731.6 4968.5 -7.6 180 0 18.2 8.9 5.0 2.5 2 0 2 5 5
-1702.0 4977.6 -7.7 270 0 11.9 21.5 5.0 2.5 2 1 2 4 4
-1680.9 4971.9 -7.7 270 0 9.5 16.1 5.0 2.5 4 1 2 0 0
-1653.0 4970.4 -8.0 270 0 9.2 15.5 5.0 2.5 2 1 2 3 3
-1627.9 4972.2 -7.9 270 0 9.5 13.7 5.0 0.0 0 1 2 1 1
-1601.7 4968.0 -7.6 270 0 15.1 10.1 5.0 2.5 2 0 2 2 2
-1577.7 4969.8 -7.3 270 0 8.0 14.9 5.0 2.5 4 1 2 5 5
-1553.6 4961.5 -7.3 0 0 15.5 10.1 5.0 2.5 2 0 2 0 0
-1604.7 5061.0 -6.2 270 0 8.6 14.0 5.0 2.5 2 1 2 1 1
-1545.6 5011.4 -6.7 0 0 17.0 10.1 5.0 2.5 2 0 2 2 2
-1569.3 4998.7 -6.8 90 0 6.5 14.0 5.0 2.5 2 1 2 2 2
-1606.6 4998.7 -7.0 90 0 10.7 21.2 5.0 2.5 2 1 2 1 1
-1625.9 5002.0 -7.0 90 0 8.3 20.9 5.0 2.5 2 1 2 5 5
-1646.9 5004.4 -7.1 90 0 10.7 23.9 5.0 2.5 4 1 2 0 0
-1675.8 5010.3 -7.2 90 0 10.4 15.8 5.0 2.5 2 1 2 5 5
-1700.0 5010.3 -7.6 90 0 8.0 18.2 5.0 0.0 0 1 2 5 5
-1731.6 5019.4 -7.6 180 0 18.8 9.8 5.0 2.5 2 0 2 5 5
-1799.0 4805.5 -9.9 90 0 9.8 13.4 2.5 2.5 2 1 1 5 5
-1824.7 4805.5 -10.2 90 0 9.8 14.3 2.5 2.5 2 1 1 2 2
-1842.0 4792.1 -10.4 90 0 9.5 17.9 2.5 2.5 2 1 1 3 3
-1959.8 4986.5 -9.3 270 0 16.3 16.7 5.0 2.5 2 1 2 0 0
-1913.6 5018.7 -8.2 90 0 21.0 17.3 5.0 2.5 2 0 2 2 2
-1893.3 5019.6 -8.3 90 0 6.5 16.4 5.0 2.5 2 1 2 1 1
-1861.6 5016.3 -8.3 90 0 8.3 14.9 5.0 2.5 2 1 2 1 1
-1836.3 5014.2 -8.3 90 0 8.6 17.3 5.0 0.0 0 1 2 5 5
-1774.5 5038.8 -8.1 0 0 21.8 13.0 5.0 2.5 2 0 2 0 0
-1781.3 5013.3 -7.7 90 0 17.8 11.9 5.0 2.5 4 0 2 2 2
-1752.0 4966.8 -7.6 0 0 15.5 9.2 2.5 2.5 2 0 1 2 2
-1792.9 4979.6 -7.6 270 0 7.1 13.4 2.5 2.5 2 1 1 0 0
-1807.1 4979.6 -7.5 270 0 5.9 16.1 2.5 2.5 2 1 1 5 5
-1817.0 4977.3 -7.4 270 0 7.4 13.1 2.5 2.5 2 1 1 0 0
-1837.3 4981.4 -7.4 270 0 9.5 17.9 2.5 2.5 2 1 1 0 0
-1862.6 4981.4 -7.4 270 0 9.2 13.1 2.5 0.0 0 1 1 3 3
-1923.8 4889.2 -8.8 180 0 8.6 13.3 2.5 2.5 2 1 1 3 3
-1919.9 4939.4 -8.6 180 0 8.9 11.0 2.5 2.5 2 1 1 5 5
-1882.0 4982.0 -7.4 270 0 5.3 16.7 2.5 2.5 2 1 1 3 3
-1891.2 4978.7 -7.4 270 0 7.1 13.7 2.5 2.5 2 1 1 1 1
-1919.9 4977.4 -7.9 180 0 8.6 15.4 2.5 2.5 2 1 1 3 3
136.2 4507.9 4.3 84 0 13.0 9.0 5.0 2.5 2 0 2 3 3
266.2 4530.2 3.8 270 0 11.8 12.2 2.5 2.5 2 1 1 3 3
267.8 4581.0 -0.8 355 0 10.2 14.8 5.0 2.5 2 1 2 2 2
316.0 4488.7 4.8 100 0 10.9 20.9 2.5 0.0 0 1 1 4 4
-2220.0 5806.2 -10.5 270 0 11.0 23.0 2.5 2.5 2 1 1 3 3
-2203.6 5780.0 -10.2 90 0 10.1 17.0 2.5 2.5 2 1 1 0 0
-2166.4 5806.8 -9.6 270 0 18.7 17.3 2.5 2.5 2 0 1 3 3
-2093.4 5779.7 -7.8 90 0 10.1 21.8 2.5 0.0 0 1 1 4 4
-2009.3 5924.7 -6.9 0 0 47.4 11.3 7.5 2.5 2 0 3 5 5
-2057.6 5892.1 -8.3 90 0 72.3 12.8 12.5 2.5 2 0 5 5 5
-2090.7 5954.4 -8.6 180 0 11.9 56.0 10.0 2.5 2 1 4 1 1
-2020.5 5975.7 -7.4 0 0 15.8 12.4 5.0 2.5 2 0 2 1 1
-2015.4 6149.6 -11.0 270 0 14.5 77.5 5.0 2.5 2 1 2 3 3
-2025.9 6055.4 -8.9 90 0 16.6 13.4 5.0 0.0 0 0 2 0 0
-2054.2 6057.5 -9.2 90 0 32.9 12.5 5.0 2.5 4 0 2 0 0
-2083.0 6115.2 -10.6 180 0 18.8 10.7 5.0 2.5 2 0 2 2 2
-2088.1 6093.6 -10.2 180 0 17.3 15.1 5.0 2.5 2 0 2 0 0
-2087.2 6074.1 -9.7 180 0 14.6 13.9 5.0 2.5 2 0 2 2 2
-2101.1 6058.1 -9.6 180 0 21.5 8.3 5.0 2.5 2 0 2 2 2
-2123.6 6097.6 -10.9 0 0 11.0 12.4 2.5 2.5 2 1 1 0 0
-2118.6 6141.9 -11.8 0 0 12.5 8.6 2.5 2.5 2 0 1 0 0
-2084.5 6141.0 -11.3 180 0 23.3 10.9 5.0 2.5 2 0 2 2 2
-2086.3 6190.3 -12.1 180 0 8.0 18.1 5.0 2.5 2 1 2 1 1
-2078.1 6242.9 -11.9 270 0 8.6 25.9 5.0 2.5 2 1 2 3 3
-2086.6 6281.5 -10.2 180 0 16.4 12.7 5.0 2.5 2 0 2 1 1
-2081.5 6301.5 -9.2 180 0 11.0 16.9 5.0 2.5 2 1 2 5 5
-2085.7 6327.0 -10.5 180 0 14.9 21.3 5.0 2.5 2 1 2 0 0
-2086.6 6346.5 -11.2 180 0 8.6 16.9 5.0 2.5 2 1 2 4 4
-2079.9 6360.7 -11.5 270 0 11.6 7.2 5.0 2.5 2 0 2 0 0
-1985.0 6363.4 -10.3 270 0 15.4 27.1 5.0 2.5 4 1 2 2 2
-1961.5 6356.8 -9.8 270 0 4.4 15.5 5.0 2.5 4 1 2 4 4
-1936.7 6359.5 -9.7 270 0 8.9 17.6 5.0 2.5 2 1 2 4 4
-1910.2 6359.5 -9.6 270 0 8.6 13.7 5.0 0.0 0 1 2 3 3
-1874.8 6399.9 -9.3 180 0 18.2 9.8 2.5 2.5 2 0 1 5 5
-1777.0 6392.0 -8.7 90 0 7.4 11.0 2.5 2.5 4 1 1 0 0
-1799.2 6394.7 -8.8 90 0 9.2 14.0 2.5 2.5 4 1 1 3 3
-1823.0 6392.9 -8.8 90 0 11.3 25.9 2.5 2.5 4 1 1 5 5
-1850.1 6389.3 -9.1 90 0 12.1 16.4 2.5 2.5 2 1 1 1 1
-1849.2 6364.9 -9.3 270 0 11.5 20.9 5.0 2.5 2 1 2 4 4
-1823.9 6355.6 -9.2 270 0 5.3 9.2 5.0 2.5 2 1 2 3 3
-1800.4 6361.0 -9.1 270 0 8.0 17.9 5.0 2.5 4 1 2 1 1
-1791.3 6350.6 -9.0 270 0 5.9 12.2 5.0 2.5 2 1 2 0 0
-1773.6 6358.3 -8.8 270 0 6.5 22.4 5.0 2.5 2 1 2 0 0
-1750.2 6360.7 -8.8 270 0 5.9 16.4 5.0 0.0 0 1 2 2 2
-1748.8 6391.1 -8.8 90 0 6.2 13.4 2.5 2.5 4 1 1 1 1
-1690.3 6402.7 -9.4 0 0 18.5 13.0 2.5 0.0 0 0 1 1 1
-1724.4 6390.2 -9.1 90 0 5.3 17.9 2.5 2.5 2 1 1 3 3
-1725.4 6359.2 -8.8 270 0 6.8 16.1 5.0 2.5 2 1 2 5 5
-1694.8 6350.7 -9.1 0 0 16.4 11.5 5.0 2.5 2 0 2 4 4
-1671.7 6352.6 -9.2 180 0 14.3 13.0 5.0 2.5 2 0 2 5 5
-1645.2 6363.1 -9.2 270 0 16.3 25.6 5.0 2.5 4 1 2 5 5
-1630.8 6361.3 -8.9 270 0 5.9 12.8 5.0 2.5 2 1 2 4 4
-1614.5 6361.6 -8.6 270 0 11.9 23.0 5.0 2.5 2 1 2 2 2
-1589.5 6358.3 -8.0 270 0 18.1 8.0 5.0 2.5 2 0 2 5 5
-1484.5 6352.4 -8.6 0 0 19.7 6.8 5.0 2.5 2 0 2 2 2
-1483.3 6404.2 -8.9 0 0 18.5 12.4 5.0 0.0 0 0 2 2 2
-1516.4 6394.7 -8.5 90 0 12.1 8.9 5.0 2.5 2 0 2 1 1
-1541.2 6394.1 -8.4 90 0 6.2 12.2 5.0 2.5 2 1 2 0 0
-1563.2 6389.6 -8.3 90 0 17.5 17.6 5.0 2.5 2 1 2 0 0
-1595.1 6412.0 -8.1 90 0 12.7 8.1 5.0 2.5 2 0 2 3 3
-1594.8 6389.3 -8.1 90 0 12.1 13.4 5.0 2.5 2 1 2 4 4
-1615.6 6393.8 -8.5 90 0 9.8 13.7 5.0 2.5 2 1 2 4 4
-1640.7 6394.7 -9.3 90 0 11.0 9.5 5.0 2.5 2 0 2 3 3
-1669.9 6401.5 -9.7 180 0 27.4 9.5 5.0 2.5 2 0 2 1 1
-1511.6 6601.6 -8.2 90 0 18.7 11.3 5.0 2.5 2 0 2 0 0
-1478.3 6611.3 -8.2 0 0 14.0 8.6 5.0 2.5 2 0 2 2 2
-1481.0 6563.7 -8.4 0 0 13.7 8.9 5.0 2.5 2 0 2 0 0
-1509.3 6569.4 -8.4 270 0 8.6 8.6 5.0 2.5 2 1 2 3 3
-1534.9 6568.2 -8.5 270 0 7.7 8.3 5.0 2.5 2 1 2 0 0
-1553.2 6576.8 -8.4 270 0 10.1 16.4 5.0 2.5 2 1 2 2 2
-1663.4 6562.7 -7.2 180 0 17.0 13.9 5.0 2.5 4 0 2 5 5
-1611.0 6574.5 -7.9 270 0 13.6 16.7 5.0 2.5 2 1 2 5 5
-1584.8 6572.4 -8.1 270 0 7.4 14.0 5.0 2.5 2 1 2 4 4
-1583.0 6598.9 -7.9 90 0 6.8 21.5 5.0 2.5 2 1 2 3 3
-1608.6 6603.1 -7.5 90 0 8.9 16.1 5.0 2.5 2 1 2 1 1
-1630.8 6598.9 -7.0 90 0 7.1 18.5 5.0 2.5 2 1 2 0 0
-1657.2 6600.1 -6.7 90 0 10.7 23.3 5.0 0.0 0 1 2 0 0
-1744.2 6599.8 -8.5 90 0 7.1 19.7 2.5 2.5 2 1 1 1 1
-1690.6 6564.3 -7.8 0 0 12.5 9.5 2.5 2.5 2 0 1 1 1
-1718.9 6572.1 -8.5 270 0 8.0 13.4 2.5 2.5 4 1 1 5 5
-1745.3 6572.7 -8.7 270 0 9.8 12.5 2.5 2.5 2 1 1 2 2
-1769.3 6565.5 -8.6 270 0 13.3 9.8 2.5 2.5 2 0 1 0 0
-1798.0 6564.6 -8.7 270 0 8.0 12.8 2.5 2.5 2 1 1 3 3
-1822.6 6563.4 -8.8 270 0 6.2 8.9 2.5 2.5 2 1 1 0 0
-1843.4 6601.6 -8.2 90 0 9.5 12.5 2.5 2.5 2 1 1 2 2
-1848.8 6567.3 -8.6 270 0 14.2 11.3 2.5 2.5 2 0 1 3 3
-1859.7 6550.9 -8.8 180 0 7.1 17.8 2.5 2.5 2 1 1 3 3
-1877.2 6553.9 -8.7 180 0 4.8 12.7 2.5 2.5 2 1 1 3 3
-1879.9 6564.0 -8.6 180 0 8.9 11.8 2.5 2.5 2 1 1 5 5
-1877.5 6608.9 -8.2 180 0 17.0 12.7 2.5 2.5 2 0 1 2 2
-1901.8 6557.3 -8.9 0 0 12.2 12.4 5.0 2.5 2 1 2 0 0
-1979.4 6570.6 -9.2 270 0 8.9 12.2 5.0 2.5 2 1 2 5 5
-1956.7 6569.1 -9.0 270 0 8.0 15.8 5.0 2.5 4 1 2 4 4
-1930.8 6567.9 -9.0 270 0 8.3 11.0 5.0 2.5 2 1 2 3 3
-1899.7 6609.6 -8.5 0 0 17.9 11.6 5.0 2.5 2 0 2 1 1
-1928.3 6601.3 -8.7 90 0 11.0 16.4 5.0 2.5 4 1 2 2 2
-1953.3 6600.4 -9.0 90 0 10.1 14.3 5.0 0.0 0 1 2 3 3
-1979.1 6603.1 -9.1 90 0 11.8 13.7 5.0 2.5 2 1 2 2 2
-2072.2 6594.1 -10.2 90 0 12.1 7.1 5.0 0.0 0 0 2 1 1
-1905.3 6398.7 -9.6 0 0 14.0 9.2 5.0 2.5 4 0 2 3 3
-1935.2 6390.5 -9.8 90 0 9.5 17.3 5.0 2.5 2 1 2 0 0
-1954.4 6387.8 -10.0 90 0 11.0 24.1 5.0 2.5 2 1 2 2 2
-1986.8 6389.6 -10.4 90 0 8.9 12.8 5.0 2.5 4 1 2 3 3
-2011.7 6379.8 -10.5 90 0 10.1 17.0 5.0 2.5 2 1 2 3 3
-2077.1 6384.6 -11.9 90 0 10.7 6.9 5.0 2.5 2 0 2 2 2
-2082.6 6377.1 -12.0 90 0 11.6 6.9 5.0 0.0 0 0 2 1 1
-2088.6 6405.0 -12.3 180 0 6.3 14.5 5.0 2.5 4 1 2 2 2
-2091.0 6416.0 -12.6 180 0 15.2 31.7 5.0 2.5 2 1 2 4 4
-2088.4 6464.9 -12.7 180 0 15.8 26.4 5.0 2.5 2 1 2 0 0
-2082.1 6488.0 -12.3 180 0 11.9 16.6 5.0 0.0 0 1 2 1 1
-2079.8 6511.8 -12.0 180 0 4.8 17.2 5.0 2.5 2 1 2 5 5
-2085.4 6555.5 -11.3 180 0 7.4 22.2 5.0 0.0 0 1 2 5 5
-2091.0 6627.1 -10.4 180 0 19.4 32.9 5.0 0.0 0 1 2 0 0
-2077.1 6651.1 -10.1 180 0 17.3 36.1 5.0 2.5 2 1 2 0 0
-2086.6 6678.9 -10.2 180 0 13.4 21.9 5.0 2.5 2 1 2 5 5
-2081.8 6696.8 -10.1 180 0 17.6 20.7 5.0 2.5 2 1 2 2 2
-2043.9 6750.9 -11.6 270 0 10.1 14.3 5.0 2.5 2 1 2 4 4
-2088.6 6727.8 -10.3 180 0 8.6 26.6 5.0 2.5 2 1 2 3 3
-2086.9 6740.7 -10.8 180 0 10.4 24.6 5.0 2.5 2 1 2 4 4
-2085.4 6754.7 -11.4 180 0 11.0 27.2 5.0 2.5 2 1 2 1 1
-2064.2 6775.7 -12.0 270 0 16.9 8.3 5.0 0.0 0 0 2 4 4
-1972.7 6787.9 -12.3 270 0 11.6 20.6 5.0 2.5 2 1 2 0 0
-1922.2 6784.0 -11.5 270 0 11.2 13.7 5.0 2.5 2 1 2 3 3
-1894.7 6775.5 -11.4 0 0 14.0 9.2 5.0 2.5 2 0 2 4 4
-1813.1 6815.0 -10.3 90 0 12.1 11.3 5.0 2.5 2 0 2 3 3
-1840.8 6817.7 -10.7 90 0 11.8 14.3 5.0 2.5 2 1 2 4 4
-1869.5 6824.9 -10.7 180 0 19.1 8.0 5.0 2.5 2 0 2 5 5
-1852.6 6751.7 -11.1 180 0 8.6 17.2 2.5 0.0 0 1 1 3 3
-1874.5 6773.5 -11.5 180 0 15.2 11.6 2.5 2.5 2 0 1 4 4
-1840.8 6786.4 -11.2 270 0 10.1 16.4 2.5 2.5 2 1 1 1 1
-1698.3 6786.4 -8.4 270 0 10.7 19.4 2.5 2.5 2 1 1 3 3
-1714.8 6786.7 -8.7 270 0 9.2 20.9 2.5 2.5 2 1 1 2 2
-1734.9 6786.7 -9.0 270 0 11.6 19.4 2.5 2.5 4 1 1 0 0
-1758.2 6787.0 -9.6 270 0 9.5 12.5 2.5 2.5 2 1 1 3 3
-1764.4 6817.1 -9.1 90 0 14.8 10.1 5.0 2.5 4 0 2 5 5
-1738.2 6818.9 -8.2 90 0 6.8 11.3 5.0 2.5 2 1 2 0 0
-1714.9 6816.8 -7.8 90 0 7.7 13.4 5.0 2.5 2 1 2 4 4
-1684.4 6825.8 -8.0 0 0 14.9 6.8 5.0 2.5 2 0 2 4 4
-1447.8 6764.4 -6.7 180 0 13.1 24.6 5.0 2.5 2 1 2 4 4
-1482.0 6791.2 -9.0 270 0 16.9 22.4 5.0 2.5 2 1 2 4 4
-1505.6 6785.2 -8.7 270 0 14.2 13.4 5.0 2.5 2 0 2 5 5
-1527.5 6790.0 -8.4 270 0 8.3 14.3 5.0 2.5 2 1 2 4 4
-1554.0 6783.4 -8.4 270 0 9.2 11.0 5.0 2.5 2 1 2 1 1
-1577.8 6788.5 -8.3 270 0 9.5 15.5 5.0 2.5 2 1 2 0 0
-1603.3 6784.9 -8.5 270 0 8.9 14.9 5.0 2.5 2 1 2 3 3
-1626.8 6784.3 -8.5 270 0 6.8 14.3 5.0 2.5 2 1 2 1 1
-1653.0 6786.4 -8.4 270 0 9.5 16.4 5.0 2.5 2 1 2 1 1
-1655.7 6827.0 -8.5 180 0 16.7 7.4 5.0 2.5 2 0 2 1 1
-1628.9 6819.5 -8.6 90 0 8.6 16.4 5.0 2.5 4 1 2 1 1
-1598.5 6817.4 -8.6 90 0 9.5 21.5 5.0 0.0 0 1 2 1 1
-1578.3 6820.7 -8.4 90 0 8.0 7.5 5.0 2.5 2 0 2 0 0
-1554.0 6818.9 -8.5 90 0 8.6 14.3 5.0 2.5 2 1 2 3 3
-1531.8 6819.2 -8.5 90 0 13.3 18.5 5.0 0.0 0 1 2 0 0
-1509.0 6818.9 -8.6 90 0 16.3 17.6 5.0 2.5 2 1 2 5 5
-1461.1 6830.1 -9.4 0 0 34.9 29.6 5.0 0.0 0 0 2 3 3
-1447.5 6817.0 -7.7 180 0 17.6 9.2 5.0 2.5 4 0 2 1 1
-1893.8 6913.4 -12.0 0 0 8.9 17.2 2.5 2.5 2 1 1 5 5
-1933.6 6916.7 -12.4 270 0 12.7 10.7 2.5 2.5 2 0 1 1 1
-1960.4 6896.1 -12.7 270 0 15.4 12.8 2.5 2.5 2 0 1 4 4
-1912.2 6890.6 -12.4 0 0 12.2 36.1 2.5 2.5 2 1 1 2 2
-1894.1 6865.4 -11.4 0 0 35.8 11.6 2.5 2.5 2 0 1 2 2
-1894.4 6828.8 -11.1 0 0 29.8 10.4 2.5 2.5 4 0 1 5 5
-1901.0 6805.5 -11.1 90 0 13.9 6.3 2.5 2.5 2 0 1 0 0
-2017.3 6811.5 -13.3 90 0 22.5 15.5 2.5 2.5 2 0 1 0 0
-2013.7 6839.8 -13.3 90 0 21.3 14.0 2.5 2.5 2 0 1 3 3
-2005.9 6909.3 -12.8 270 0 22.2 14.0 2.5 2.5 2 0 1 4 4
-2007.5 6939.4 -12.4 270 0 9.5 14.6 2.5 2.5 2 1 1 3 3
-2069.1 6933.4 -12.6 270 0 9.5 14.9 2.5 2.5 2 1 1 4 4
-2065.8 6901.9 -12.9 180 0 12.2 13.0 2.5 2.5 2 1 1 2 2
-2068.5 6877.8 -13.2 180 0 14.6 8.3 2.5 2.5 2 0 1 2 2
-2068.5 6858.3 -13.3 180 0 14.3 13.0 2.5 2.5 2 0 1 4 4
-2062.3 6809.1 -12.7 90 0 13.0 25.9 2.5 2.5 2 1 1 3 3
-2238.8 6813.8 -12.0 90 0 11.2 6.9 5.0 2.5 2 0 2 0 0
-2219.0 6806.7 -12.2 90 0 12.4 14.3 5.0 2.5 2 1 2 5 5
-2181.3 6803.1 -11.7 90 0 7.7 11.6 5.0 2.5 2 1 2 4 4
-2145.1 6804.6 -11.2 90 0 12.7 9.5 5.0 2.5 2 0 2 4 4
-2129.4 6813.6 -11.5 90 0 8.0 9.2 5.0 2.5 2 1 2 4 4
-2124.9 6802.8 -11.4 90 0 23.4 8.9 5.0 2.5 2 0 2 3 3
-2142.0 6831.1 -12.1 90 0 10.7 20.0 5.0 2.5 2 1 2 0 0
-2123.0 6839.0 -12.2 0 0 19.4 11.6 5.0 2.5 2 0 2 3 3
-2112.3 6866.8 -12.9 0 0 12.2 30.5 5.0 2.5 2 1 2 1 1
-2109.1 6902.5 -13.0 0 0 24.7 15.7 5.0 0.0 0 0 2 1 1
-2140.3 6939.1 -12.6 270 0 11.5 13.7 5.0 2.5 2 1 2 4 4
-2695.1 6806.1 -13.8 90 0 6.5 19.1 2.5 2.5 2 1 1 4 4
-2682.0 6806.4 -13.7 90 0 13.3 17.6 2.5 2.5 2 1 1 4 4
-2666.0 6807.0 -13.5 90 0 12.1 15.5 2.5 2.5 2 1 1 0 0
-2641.5 6808.8 -13.2 90 0 12.4 15.8 2.5 2.5 2 1 1 0 0
-2618.1 6803.1 -13.0 90 0 8.3 21.2 2.5 2.5 2 1 1 4 4
-2603.3 6807.9 -13.0 90 0 8.3 11.3 2.5 2.5 2 1 1 0 0
-2586.8 6811.5 -13.0 90 0 6.5 16.1 2.5 0.0 0 1 1 2 2
-2552.9 6808.8 -13.0 90 0 5.0 11.9 2.5 2.5 2 1 1 4 4
-2562.0 6810.6 -13.1 90 0 5.6 13.1 2.5 2.5 2 1 1 2 2
-2532.3 6818.5 -13.0 0 0 16.4 7.1 2.5 2.5 2 0 1 3 3
-2504.1 6818.5 -12.8 180 0 9.8 6.8 5.0 2.5 2 0 2 2 2
-2476.0 6809.4 -12.7 90 0 7.1 13.1 5.0 2.5 2 1 2 3 3
-2424.0 6808.5 -12.4 90 0 8.6 19.1 5.0 2.5 2 1 2 5 5
-2353.0 6810.9 -11.8 90 0 8.0 11.9 5.0 2.5 2 1 2 3 3
-2327.8 6809.4 -11.7 90 0 9.8 17.0 5.0 0.0 0 1 2 4 4
-2335.9 6694.9 -13.1 0 0 10.1 26.4 5.0 2.5 2 1 2 4 4
-2343.6 6778.1 -12.0 270 0 7.7 14.3 5.0 0.0 0 1 2 3 3
-2357.1 6779.6 -12.2 270 0 8.6 17.3 5.0 2.5 2 1 2 0 0
-2369.7 6775.1 -12.4 270 0 8.3 14.9 5.0 2.5 2 1 2 1 1
-2380.9 6775.7 -12.4 270 0 6.5 15.2 5.0 2.5 2 1 2 2 2
-2424.2 6776.9 -11.9 270 0 13.6 12.5 5.0 2.5 2 0 2 3 3
-2454.1 6779.3 -12.0 270 0 11.8 15.2 5.0 2.5 2 1 2 1 1
-2477.8 6775.4 -12.0 270 0 9.5 11.9 5.0 0.0 0 1 2 4 4
-2504.7 6769.1 -12.0 180 0 10.7 15.7 5.0 2.5 2 1 2 4 4
-2595.6 6557.8 -12.4 0 0 10.7 8.0 5.0 2.5 2 0 2 5 5
-2480.0 6566.1 -11.6 270 0 12.1 9.5 5.0 2.5 2 0 2 5 5
-2508.9 6557.8 -12.0 180 0 12.5 5.9 5.0 2.5 2 0 2 3 3
-2511.5 6603.7 -11.9 180 0 14.3 15.7 5.0 2.5 2 1 2 0 0
-2479.1 6602.2 -11.4 90 0 6.8 11.3 5.0 2.5 2 1 2 3 3
-2423.0 6596.8 -10.7 90 0 8.9 17.0 5.0 2.5 2 1 2 2 2
-2431.0 6561.6 -10.9 270 0 7.7 4.5 5.0 0.0 0 0 2 5 5
-2380.5 6569.7 -10.9 270 0 10.4 18.8 5.0 0.0 0 1 2 1 1
-2380.5 6600.4 -11.5 90 0 7.4 16.4 5.0 0.0 0 1 2 0 0
-2356.4 6598.6 -11.8 90 0 6.5 13.4 5.0 2.5 2 1 2 5 5
-2330.6 6598.9 -12.4 90 0 8.9 16.1 5.0 2.5 2 1 2 3 3
-2265.4 6728.3 -13.4 180 0 16.1 9.5 5.0 2.5 2 0 2 2 2
-2264.3 6776.6 -12.3 270 0 7.1 11.3 5.0 2.5 2 1 2 2 2
-2238.2 6782.0 -12.6 270 0 11.3 16.4 5.0 2.5 2 1 2 0 0
-2117.8 6786.1 -11.0 270 0 15.1 20.0 5.0 2.5 4 1 2 2 2
-2116.8 6751.8 -10.9 0 0 7.7 14.8 5.0 2.5 2 1 2 2 2
-2104.9 6740.1 -10.8 0 0 8.0 18.1 5.0 2.5 2 1 2 2 2
-2116.8 6718.4 -11.0 0 0 10.1 16.3 5.0 2.5 2 1 2 2 2
-2123.0 6700.7 -11.0 0 0 6.9 9.5 5.0 2.5 2 1 2 3 3
-2113.8 6691.5 -11.0 0 0 6.3 17.2 5.0 2.5 2 1 2 5 5
-2111.2 6679.5 -11.0 0 0 9.2 17.8 5.0 2.5 2 1 2 5 5
-2110.6 6667.2 -11.0 0 0 6.6 17.8 5.0 2.5 2 1 2 0 0
-2106.4 6656.0 -10.9 0 0 6.9 11.9 5.0 0.0 0 1 2 1 1
-2122.7 6648.8 -11.2 0 0 14.6 16.0 5.0 2.5 2 1 2 1 1
-2118.3 6621.3 -11.2 0 0 7.1 15.7 5.0 2.5 4 1 2 2 2
-2129.8 6595.9 -11.3 90 0 16.0 12.5 5.0 2.5 2 0 2 5 5
-2213.3 6603.7 -12.3 90 0 7.1 17.6 5.0 2.5 2 1 2 3 3
-2224.4 6602.5 -12.6 90 0 8.6 18.2 5.0 2.5 4 1 2 2 2
-2243.5 6600.7 -12.9 90 0 12.4 15.5 5.0 2.5 2 1 2 2 2
-2271.1 6606.7 -13.1 90 0 7.7 12.5 5.0 2.5 4 1 2 5 5
-2297.7 6607.0 -12.9 180 0 11.9 7.4 5.0 2.5 2 0 2 3 3
-2269.3 6564.0 -12.5 270 0 8.3 12.5 5.0 2.5 2 1 2 4 4
-2298.9 6558.8 -12.4 180 0 11.6 8.9 5.0 2.5 2 0 2 5 5
-2296.5 6509.2 -12.7 180 0 9.5 13.3 5.0 2.5 4 1 2 0 0
-2247.7 6568.2 -12.4 270 0 10.1 16.1 5.0 2.5 2 1 2 1 1
-2219.7 6564.0 -12.4 270 0 6.8 7.8 5.0 0.0 0 1 2 3 3
-2165.2 6567.0 -12.3 270 0 6.2 7.2 5.0 2.5 4 1 2 1 1
-2131.9 6568.2 -12.0 270 0 14.2 6.9 5.0 2.5 2 0 2 3 3
-2115.9 6543.0 -12.6 0 0 10.4 16.0 5.0 0.0 0 1 2 5 5
-2126.6 6517.1 -13.4 0 0 10.4 10.1 5.0 2.5 2 0 2 3 3
-2125.1 6492.5 -13.9 0 0 7.7 16.6 5.0 2.5 2 1 2 4 4
-2131.0 6480.1 -13.9 0 0 5.7 16.3 5.0 2.5 2 1 2 2 2
-2125.4 6463.8 -13.8 0 0 7.2 15.7 5.0 2.5 2 1 2 0 0
-2130.1 6440.4 -13.4 0 0 6.9 12.1 5.0 2.5 2 1 2 4 4
-2128.0 6416.6 -13.1 0 0 9.8 13.3 5.0 2.5 2 1 2 1 1
-2113.5 6406.6 -12.9 0 0 7.1 13.3 5.0 2.5 2 1 2 0 0
-2111.7 6394.4 -12.7 0 0 8.3 23.1 5.0 2.5 2 1 2 2 2
-2115.6 6378.3 -12.4 90 0 10.1 7.5 5.0 2.5 4 0 2 5 5
-2135.2 6358.6 -11.7 270 0 14.8 7.2 5.0 2.5 2 0 2 4 4
-2125.7 6330.1 -10.5 0 0 9.2 19.6 5.0 2.5 2 1 2 3 3
-2128.6 6304.2 -9.4 0 0 12.2 14.8 5.0 2.5 4 1 2 1 1
-2127.4 6288.4 -10.0 0 0 6.9 9.2 5.0 2.5 4 1 2 4 4
-2129.5 6279.6 -10.4 0 0 6.6 16.3 5.0 2.5 2 1 2 4 4
-2223.2 6389.6 -12.7 90 0 8.0 8.9 5.0 2.5 2 1 2 0 0
-2222.5 6351.2 -11.5 270 0 8.9 6.6 5.0 2.5 2 0 2 1 1
-2248.9 6351.5 -11.5 270 0 10.7 7.4 5.0 2.5 2 0 2 1 1
-2270.8 6350.9 -11.5 270 0 11.3 7.5 5.0 2.5 2 0 2 1 1
-2248.1 6386.3 -12.6 90 0 7.4 12.2 5.0 2.5 2 1 2 0 0
-2273.4 6392.0 -12.7 90 0 7.7 11.3 5.0 2.5 2 1 2 1 1
-2301.9 6398.3 -12.9 180 0 14.3 13.3 5.0 2.5 2 0 2 0 0
-2296.4 6354.4 -11.6 270 0 11.6 13.7 5.0 2.5 2 1 2 3 3
-2362.3 6355.0 -11.6 270 0 9.5 11.9 5.0 2.5 2 1 2 0 0
-2337.4 6354.4 -11.5 270 0 9.5 13.1 5.0 2.5 2 1 2 2 2
-2325.6 6393.2 -12.7 0 0 11.9 13.0 5.0 2.5 2 1 2 5 5
-2360.8 6386.6 -12.9 90 0 7.1 12.8 5.0 2.5 2 1 2 1 1
-2410.6 6389.6 -13.0 90 0 7.7 8.9 5.0 2.5 2 1 2 2 2
-2437.1 6387.5 -13.1 90 0 9.2 11.3 5.0 2.5 2 1 2 2 2
-2460.9 6388.4 -13.1 90 0 10.1 20.0 5.0 2.5 4 1 2 3 3
-2476.7 6386.6 -13.2 90 0 6.8 11.0 5.0 2.5 2 1 2 4 4
-2437.4 6353.5 -12.0 270 0 9.8 11.6 5.0 2.5 2 1 2 3 3
-2463.1 6352.4 -12.1 270 0 6.8 11.9 5.0 2.5 2 1 2 5 5
-2484.7 6343.1 -12.6 270 0 10.4 12.2 5.0 2.5 2 1 2 0 0
-2487.8 6388.1 -13.2 90 0 7.7 15.2 5.0 2.5 4 1 2 5 5
-2515.7 6395.6 -13.1 180 0 13.7 9.5 5.0 2.5 2 0 2 0 0
-2543.8 6778.1 -12.4 270 0 13.6 8.9 5.0 2.5 4 0 2 1 1
-2542.9 6723.2 -12.5 0 0 7.1 11.8 5.0 2.5 2 1 2 2 2
-2541.8 6629.8 -12.7 0 0 7.4 11.8 5.0 2.5 2 1 2 3 3
-2541.5 6598.9 -12.7 0 0 7.2 12.1 5.0 2.5 2 1 2 4 4
-2541.5 6562.5 -12.1 0 0 8.3 10.1 5.0 2.5 2 1 2 3 3
-2544.7 6538.4 -12.2 0 0 6.0 11.0 5.0 2.5 2 1 2 1 1
-2545.0 6513.6 -12.3 0 0 7.7 12.4 5.0 2.5 2 1 2 3 3
-2545.6 6489.0 -12.5 0 0 8.0 10.1 5.0 2.5 2 1 2 4 4
-2547.7 6437.6 -12.8 0 0 9.5 13.6 5.0 2.5 2 1 2 4 4
-2547.7 6418.4 -12.9 0 0 11.6 12.1 5.0 2.5 2 1 2 2 2
-2544.1 6396.6 -13.1 0 0 8.0 13.9 5.0 0.0 0 1 2 2 2
-2547.7 6386.5 -13.1 0 0 6.8 13.0 5.0 2.5 4 1 2 1 1
-563.2 4500.0 -2.1 270 0 5.6 13.4 5.0 2.5 2 1 2 2 2
-706.4 4618.0 -3.3 180 0 7.1 15.4 2.5 0.0 0 1 1 5 5
-662.2 4537.5 -3.5 90 0 10.4 12.5 2.5 0.0 0 1 1 5 5
-562.5 4566.7 -3.6 0 0 13.7 11.3 2.5 2.5 2 0 1 0 0
-535.3 4541.6 -3.4 0 0 21.8 11.6 2.5 2.5 2 0 1 2 2
-558.4 4533.1 -3.2 90 0 14.2 10.1 2.5 2.5 2 0 1 0 0
-589.3 4498.2 -2.2 270 0 5.0 8.6 5.0 2.5 2 1 2 3 3
-533.8 4491.3 -1.8 0 0 6.6 11.6 5.0 0.0 0 1 2 0 0
-1102.4 4520.5 -5.8 270 0 6.8 11.6 5.0 2.5 2 1 2 1 1
-1080.0 4518.5 -5.7 270 0 10.1 11.6 5.0 2.5 2 1 2 4 4
-1061.4 4519.6 -5.7 270 0 10.1 21.2 5.0 2.5 2 1 2 1 1
-1029.7 4520.2 -5.7 270 0 8.3 13.7 5.0 0.0 0 1 2 1 1
-1004.9 4517.3 -5.6 270 0 6.8 9.5 5.0 0.0 0 1 2 5 5
-942.9 4510.3 -4.8 0 0 10.4 16.6 5.0 2.5 2 1 2 1 1
-924.8 4509.2 -4.2 180 0 6.6 6.2 5.0 2.5 4 0 2 5 5
-896.8 4514.3 -3.7 270 0 6.2 12.8 5.0 2.5 4 1 2 1 1
-872.6 4511.3 -3.3 270 0 15.1 12.2 5.0 2.5 2 0 2 2 2
-848.6 4510.7 -3.0 270 0 13.9 16.7 5.0 2.5 2 1 2 5 5
-815.1 4511.3 -2.8 270 0 10.4 18.5 5.0 2.5 2 1 2 3 3
-849.2 4545.9 -2.9 90 0 9.8 13.4 5.0 2.5 2 1 2 4 4
-868.7 4544.4 -3.2 90 0 10.4 16.7 5.0 2.5 2 1 2 0 0
-896.8 4548.0 -3.7 90 0 11.0 6.0 5.0 2.5 2 0 2 5 5
-926.6 4537.2 -4.3 90 0 9.5 9.2 5.0 2.5 4 0 2 0 0
-923.3 4556.3 -4.1 180 0 8.9 12.1 5.0 2.5 2 1 2 3 3
-949.4 4575.2 -5.3 0 0 18.8 32.6 2.5 0.0 0 1 1 1 1
-1003.7 4539.9 -6.0 90 0 12.1 42.9 2.5 0.0 0 1 1 5 5
-999.9 4587.9 -5.8 90 0 11.0 18.8 2.5 2.5 2 1 1 1 1
-993.5 4623.7 -6.0 0 0 27.4 10.7 2.5 0.0 0 0 1 4 4
-1000.1 4647.1 -6.5 0 0 12.8 29.6 2.5 2.5 2 1 1 0 0
-1059.3 4649.9 -7.1 180 0 13.1 11.3 2.5 2.5 2 0 1 1 1
-1115.5 4856.2 -6.7 180 0 9.5 11.3 5.0 2.5 2 1 2 2 2
-1083.0 4854.6 -6.8 180 0 8.6 9.8 5.0 2.5 2 1 2 4 4
-1107.8 4685.0 -7.7 180 0 22.4 15.4 2.5 2.5 2 0 1 2 2
-1112.9 4720.0 -8.0 180 0 7.7 31.7 2.5 2.5 2 1 1 5 5
-1112.0 4780.9 -6.3 180 0 8.0 16.9 5.0 2.5 2 1 2 5 5
-1084.0 4767.4 -6.5 90 0 11.5 32.2 5.0 2.5 2 1 2 5 5
-1055.1 4774.5 -6.1 90 0 14.8 7.7 5.0 2.5 2 0 2 2 2
-1009.5 4772.7 -5.9 90 0 8.3 6.0 5.0 0.0 0 0 2 3 3
-1023.6 4771.0 -6.1 90 0 9.2 11.6 5.0 2.5 2 1 2 3 3
-1050.5 4722.7 -7.5 270 0 27.5 11.0 2.5 2.5 2 0 1 2 2
-1007.0 4722.1 -6.6 270 0 13.3 11.9 2.5 2.5 2 0 1 3 3
-978.7 4717.3 -6.0 270 0 7.7 14.3 2.5 2.5 2 1 1 2 2
-953.9 4710.6 -5.6 0 0 12.2 9.8 2.5 2.5 2 0 1 1 1
-979.9 4770.4 -5.8 90 0 10.7 9.8 5.0 2.5 2 0 2 3 3
-966.6 4810.5 -5.7 0 0 34.3 18.1 5.0 0.0 0 0 2 2 2
-935.2 4773.3 -5.8 0 0 11.9 31.7 5.0 2.5 2 1 2 5 5
-918.3 4772.9 -5.2 180 0 33.7 16.6 2.5 2.5 2 0 1 4 4
-914.5 4721.8 -5.0 180 0 8.3 7.7 5.0 2.5 2 0 2 4 4
-916.5 4705.1 -4.9 180 0 9.5 7.7 5.0 2.5 2 0 2 3 3
-867.7 4717.3 -4.8 270 0 16.6 18.8 5.0 2.5 2 1 2 4 4
-856.6 4755.2 -4.9 90 0 14.5 18.2 2.5 2.5 2 1 1 0 0
-837.3 4756.4 -4.9 90 0 16.3 16.1 2.5 2.5 2 0 1 0 0
-808.0 4754.6 -4.7 90 0 13.3 19.7 2.5 2.5 2 1 1 4 4
-787.6 4755.5 -4.6 90 0 8.6 13.4 2.5 2.5 2 1 1 5 5
-809.9 4724.2 -4.6 270 0 15.4 19.1 5.0 2.5 2 1 2 2 2
-759.3 4720.0 -4.3 270 0 16.0 25.1 5.0 2.5 2 1 2 4 4
-732.9 4703.3 -4.2 0 0 28.6 16.0 5.0 2.5 2 0 2 5 5
-757.7 4753.7 -4.5 90 0 16.9 22.7 2.5 2.5 2 1 1 4 4
-676.8 4753.7 -4.7 90 0 4.4 11.3 5.0 2.5 2 1 2 4 4
-628.0 4747.1 -5.3 90 0 8.6 14.3 5.0 2.5 2 1 2 2 2
-653.1 4747.7 -5.0 90 0 10.4 23.0 5.0 2.5 2 1 2 2 2
-714.6 4757.2 -4.5 180 0 17.3 19.0 5.0 2.5 2 1 2 5 5
-697.4 4712.5 -4.4 270 0 10.7 18.2 2.5 2.5 2 1 1 0 0
-664.4 4691.1 -4.5 270 0 6.8 11.6 2.5 2.5 2 1 1 3 3
-651.6 4682.1 -4.4 270 0 15.1 24.1 2.5 2.5 4 1 1 0 0
-632.0 4710.1 -5.1 270 0 10.7 13.4 2.5 2.5 2 1 1 2 2
-606.6 4705.4 -5.3 270 0 11.6 8.3 2.5 2.5 2 0 1 2 2
-577.9 4746.8 -5.9 90 0 8.0 15.8 5.0 2.5 2 1 2 5 5
-553.3 4743.2 -6.0 90 0 7.4 16.1 5.0 2.5 2 1 2 2 2
-523.9 4751.0 -5.2 0 0 12.5 5.9 5.0 2.5 2 0 2 2 2
-527.4 4696.9 -5.6 0 0 17.6 11.5 2.5 2.5 2 0 1 2 2
90.9 4723.6 -0.9 0 0 17.3 6.5 5.0 2.5 4 0 2 5 5
65.4 4727.4 -2.5 0 0 22.1 10.4 5.0 2.5 4 0 2 5 5
65.4 4668.0 -2.5 0 0 17.0 11.5 2.5 2.5 2 0 1 5 5
32.4 4675.3 -2.7 270 0 9.2 8.0 2.5 2.5 2 0 1 2 2
9.3 4718.5 -2.9 90 0 9.8 21.2 5.0 2.5 2 1 2 1 1
-16.0 4720.9 -3.1 90 0 13.0 15.8 5.0 2.5 2 1 2 1 1
-38.8 4720.3 -3.2 90 0 10.7 15.8 5.0 2.5 2 1 2 4 4
-60.1 4713.1 -3.4 90 0 13.6 17.9 5.0 2.5 2 1 2 1 1
-136.1 4724.5 -4.0 90 0 12.1 13.7 5.0 2.5 4 1 2 0 0
-115.3 4724.2 -3.8 90 0 11.5 25.3 5.0 0.0 0 1 2 4 4
-92.1 4720.3 -3.6 90 0 12.4 21.8 5.0 0.0 0 1 2 3 3
-43.4 4681.5 -3.3 270 0 10.4 14.3 2.5 2.5 2 1 1 5 5
-67.2 4685.4 -3.4 270 0 11.2 24.7 2.5 2.5 2 1 1 2 2
-94.0 4681.2 -3.6 270 0 11.5 17.3 2.5 2.5 2 1 1 5 5
-117.3 4684.2 -3.8 270 0 8.3 17.3 2.5 2.5 2 1 1 1 1
-137.3 4686.3 -3.9 270 0 9.8 18.8 2.5 2.5 2 1 1 5 5
-166.1 4684.8 -4.1 270 0 13.6 17.0 2.5 2.5 2 1 1 0 0
-162.9 4729.8 -4.2 90 0 13.0 10.1 5.0 2.5 2 0 2 5 5
-187.2 4725.9 -4.3 90 0 10.7 18.5 5.0 2.5 2 1 2 3 3
-186.4 4689.3 -4.2 270 0 10.4 21.2 2.5 2.5 2 1 1 2 2
-199.2 4689.9 -4.3 270 0 7.4 13.7 2.5 2.5 4 1 1 2 2
-268.0 4691.1 -4.8 270 0 10.1 18.8 2.5 2.5 2 1 1 3 3
-243.4 4693.4 -4.6 270 0 10.7 21.2 2.5 2.5 2 1 1 3 3
-218.3 4692.0 -4.5 270 0 13.0 23.9 2.5 2.5 2 1 1 3 3
-212.3 4729.8 -4.5 90 0 11.8 21.8 5.0 2.5 2 1 2 5 5
-237.1 4731.0 -4.7 90 0 10.4 19.7 5.0 2.5 2 1 2 0 0
-262.4 4731.3 -4.8 90 0 12.4 19.1 5.0 2.5 2 1 2 4 4
-296.4 4759.0 -5.1 180 0 10.1 19.0 5.0 2.5 2 1 2 5 5
-291.1 4743.1 -4.9 180 0 7.5 10.4 5.0 2.5 2 1 2 4 4
-296.4 4729.7 -4.9 180 0 15.2 11.0 5.0 2.5 2 0 2 1 1
-298.2 4681.8 -4.8 180 0 17.3 11.8 2.5 2.5 2 0 1 2 2
-315.4 4741.3 -5.1 0 0 19.4 12.1 5.0 0.0 0 0 2 5 5
-346.9 4735.2 -5.0 90 0 6.8 11.0 5.0 2.5 4 1 2 5 5
-366.2 4735.8 -5.0 90 0 11.0 10.1 5.0 2.5 2 0 2 1 1
-398.7 4740.0 -5.0 90 0 12.7 15.5 5.0 2.5 2 1 2 5 5
-421.7 4737.3 -4.9 90 0 10.7 18.5 5.0 2.5 2 1 2 4 4
-439.0 4738.8 -4.9 90 0 9.8 13.4 5.0 0.0 0 1 2 5 5
-452.2 4730.7 -4.9 90 0 11.8 20.6 5.0 2.5 2 1 2 3 3
-470.4 4741.7 -4.7 90 0 8.0 5.4 5.0 2.5 2 0 2 5 5
-488.5 4728.0 -4.8 90 0 8.0 8.9 5.0 0.0 0 1 2 2 2
-501.7 4695.8 -4.8 180 0 5.4 7.1 5.0 2.5 2 1 2 4 4
-472.6 4699.4 -4.8 270 0 8.9 10.4 5.0 0.0 0 1 2 2 2
-440.8 4700.6 -4.8 270 0 8.6 13.4 5.0 2.5 2 1 2 1 1
-404.8 4697.0 -4.8 270 0 10.7 16.1 5.0 2.5 2 1 2 5 5
-374.2 4698.5 -4.8 270 0 11.6 20.3 5.0 2.5 4 1 2 4 4
-349.7 4692.3 -4.8 270 0 4.7 11.6 5.0 2.5 2 1 2 1 1
-339.4 4697.3 -4.8 270 0 6.5 10.7 5.0 2.5 4 1 2 2 2
-320.1 4683.5 -4.7 0 0 20.0 11.3 5.0 2.5 2 0 2 0 0
-349.7 4561.7 -4.6 0 0 11.3 9.8 5.0 2.5 2 0 2 3 3
-333.4 4364.3 -2.6 0 0 7.2 9.8 2.5 2.5 2 1 1 1 1
-354.8 4468.5 -3.0 0 0 12.2 8.0 2.5 2.5 2 0 1 5 5
-345.0 4279.1 -4.1 270 0 9.5 19.4 2.5 2.5 2 1 1 2 2
-332.6 4320.5 -4.0 0 0 16.7 13.9 2.5 2.5 4 0 1 5 5
-389.3 4315.1 -3.1 90 0 6.2 11.0 2.5 2.5 2 1 1 4 4
-396.7 4280.8 -3.5 270 0 13.9 9.5 2.5 2.5 2 0 1 1 1
-419.6 4317.2 -2.7 90 0 7.7 14.3 2.5 2.5 2 1 1 5 5
-434.1 4315.4 -2.7 90 0 7.1 14.6 2.5 2.5 2 1 1 2 2
-424.8 4284.7 -3.6 270 0 7.4 13.1 2.5 2.5 2 1 1 5 5
-439.6 4283.2 -3.8 270 0 10.4 16.7 2.5 2.5 2 1 1 0 0
-489.7 4289.8 -3.7 270 0 13.3 19.1 2.5 2.5 2 1 1 1 1
-488.9 4316.6 -2.6 90 0 14.8 18.2 2.5 2.5 2 1 1 2 2
-518.8 4328.1 -2.6 180 0 18.8 7.7 2.5 2.5 2 0 1 1 1
-525.9 4279.2 -3.5 180 0 14.6 12.4 2.5 2.5 2 0 1 5 5
-542.8 4281.3 -3.8 0 0 18.8 17.5 5.0 2.5 2 0 2 2 2
-540.1 4364.8 -2.0 0 0 9.2 10.7 5.0 2.5 2 1 2 3 3
-540.1 4333.3 -2.6 0 0 19.1 9.8 5.0 0.0 0 0 2 2 2
-571.4 4336.9 -2.9 90 0 14.5 11.3 5.0 2.5 2 0 2 2 2
-622.6 4290.7 -5.3 270 0 9.8 18.5 5.0 2.5 2 1 2 2 2
-601.7 4322.3 -3.7 90 0 13.6 17.6 5.0 2.5 2 1 2 4 4
-619.2 4325.0 -4.0 90 0 13.0 22.4 5.0 2.5 4 1 2 2 2
-643.5 4328.8 -4.1 90 0 17.8 20.6 5.0 2.5 2 1 2 3 3
-669.6 4324.1 -4.7 90 0 13.0 22.4 5.0 2.5 2 1 2 0 0
-698.7 4293.1 -5.8 270 0 7.4 9.5 5.0 2.5 4 1 2 3 3
-723.8 4291.3 -6.4 270 0 11.3 18.5 5.0 2.5 2 1 2 0 0
-719.2 4321.7 -5.0 90 0 12.1 14.6 5.0 2.5 4 1 2 5 5
-747.2 4339.0 -5.2 0 0 15.5 11.5 5.0 2.5 2 0 2 4 4
-755.4 4301.1 -6.3 270 0 8.3 19.4 5.0 2.5 2 1 2 4 4
-776.2 4298.1 -6.1 270 0 9.5 14.9 5.0 2.5 2 1 2 4 4
-855.8 4334.8 -4.7 90 0 7.7 11.3 5.0 2.5 4 1 2 0 0
-875.8 4333.0 -4.6 90 0 11.5 19.1 5.0 2.5 2 1 2 3 3
-898.3 4336.0 -4.4 90 0 9.2 13.4 5.0 2.5 2 1 2 1 1
-934.0 4345.8 -4.3 180 0 17.3 11.3 5.0 2.5 2 0 2 4 4
-862.3 4302.6 -4.7 270 0 7.7 13.4 5.0 2.5 2 1 2 0 0
-903.2 4304.4 -4.1 270 0 5.9 10.1 5.0 2.5 2 1 2 5 5
-914.5 4302.6 -4.0 270 0 7.7 9.2 5.0 2.5 2 1 2 3 3
-938.7 4298.3 -4.1 180 0 14.6 9.5 5.0 2.5 2 0 2 4 4
-1014.1 4308.0 -5.1 270 0 8.0 6.9 5.0 2.5 2 0 2 2 2
-1038.5 4308.3 -5.4 270 0 7.7 7.7 5.0 0.0 0 1 2 3 3
-1080.6 4350.0 -5.0 90 0 7.7 14.9 5.0 2.5 2 1 2 0 0
-1111.4 4347.3 -5.4 90 0 8.9 11.0 5.0 2.5 2 1 2 1 1
-1139.5 4352.2 -5.0 180 0 9.8 7.7 5.0 2.5 2 0 2 1 1
-1316.9 4352.7 -6.8 90 0 8.9 16.1 5.0 2.5 2 1 2 1 1
-1267.0 4354.8 -6.2 90 0 9.8 17.0 5.0 2.5 2 1 2 2 2
-1243.6 4350.9 -6.0 90 0 8.6 14.0 5.0 2.5 2 1 2 3 3
-1226.3 4351.5 -5.6 90 0 5.9 9.2 5.0 2.5 2 1 2 4 4
-1213.6 4352.1 -5.6 90 0 9.5 17.3 5.0 2.5 2 1 2 3 3
-1194.0 4347.9 -5.1 90 0 10.1 15.2 5.0 0.0 0 1 2 1 1
-1166.2 4354.0 -4.7 0 0 8.1 5.0 5.0 2.5 2 0 2 2 2
-1143.1 4313.0 -5.1 270 0 7.7 11.3 5.0 2.5 2 1 2 5 5
-1168.7 4315.1 -5.1 270 0 6.2 8.6 5.0 2.5 2 1 2 1 1
-1194.8 4316.6 -5.1 270 0 8.6 9.5 5.0 2.5 4 1 2 0 0
-1218.6 4319.6 -5.2 270 0 9.5 14.9 5.0 2.5 2 1 2 3 3
-1241.7 4319.9 -5.1 270 0 13.0 8.9 5.0 2.5 2 0 2 2 2
-1255.5 4325.3 -5.1 270 0 7.4 14.3 5.0 2.5 2 1 2 5 5
-1269.4 4324.4 -5.4 270 0 7.4 18.5 5.0 2.5 4 1 2 1 1
-1292.5 4323.5 -6.0 270 0 8.6 18.2 5.0 2.5 2 1 2 2 2
-1317.8 4324.4 -6.7 270 0 12.4 15.8 5.0 2.5 4 1 2 5 5
-1345.9 4323.2 -6.8 270 0 10.1 13.7 5.0 0.0 0 1 2 0 0
-1408.9 4325.9 -6.8 270 0 6.2 12.2 5.0 2.5 4 1 2 0 0
-1403.5 4361.3 -6.3 90 0 9.2 16.1 5.0 2.5 2 1 2 3 3
-1376.4 4367.7 -6.7 0 0 14.6 11.0 5.0 2.5 2 0 2 2 2
-1361.6 4536.5 -6.5 0 0 11.6 13.0 5.0 2.5 2 1 2 1 1
-1396.7 4535.7 -6.5 270 0 7.4 10.1 5.0 2.5 2 1 2 1 1
-1421.3 4529.5 -6.7 270 0 10.4 18.2 5.0 2.5 2 1 2 4 4
-1468.5 4497.6 -6.6 180 0 7.2 13.6 5.0 0.0 0 1 2 1 1
-1477.7 4534.5 -6.9 270 0 10.1 7.7 5.0 2.5 2 0 2 3 3
-1183.7 4527.1 -7.3 270 0 17.8 17.9 5.0 2.5 2 1 2 0 0
-1169.0 4556.3 -7.7 90 0 11.5 23.3 5.0 2.5 2 1 2 1 1
-1158.5 4631.0 -8.3 0 0 17.0 8.6 5.0 2.5 2 0 2 4 4
-1165.0 4676.5 -8.5 0 0 14.3 8.6 5.0 2.5 2 0 2 3 3
-1159.7 4720.1 -7.4 0 0 14.6 10.7 5.0 2.5 2 0 2 5 5
-1141.9 4777.7 -6.1 0 0 15.8 14.8 5.0 2.5 2 0 2 3 3
-1200.5 4778.1 -4.5 90 0 7.1 9.5 5.0 2.5 2 1 2 3 3
-1224.8 4775.4 -4.5 90 0 8.3 16.1 5.0 2.5 2 1 2 3 3
-1215.6 4728.9 -6.4 270 0 12.4 10.1 5.0 2.5 2 0 2 3 3
-1233.1 4728.0 -6.5 270 0 8.3 14.3 5.0 2.5 2 1 2 3 3
-1249.1 4730.4 -6.3 270 0 14.8 11.3 5.0 2.5 2 0 2 0 0
-1265.8 4735.5 -6.2 270 0 11.6 15.2 5.0 2.5 2 1 2 0 0
-1248.4 4770.7 -4.7 90 0 12.1 15.2 5.0 2.5 2 1 2 4 4
-1274.4 4783.5 -4.5 90 0 6.2 8.0 5.0 2.5 2 1 2 1 1
-1300.0 4779.6 -4.9 90 0 23.1 26.5 5.0 0.0 0 1 2 5 5
-1326.4 4788.0 -5.1 180 0 11.3 7.4 5.0 2.5 2 0 2 2 2
-1296.3 4735.2 -6.4 270 0 8.6 21.8 5.0 2.5 2 1 2 0 0
-1340.0 4732.4 -5.8 180 0 8.6 9.5 5.0 2.5 2 1 2 2 2
-1381.5 4644.1 -6.9 0 0 15.8 24.3 2.5 2.5 2 1 1 4 4
-1353.6 4735.0 -6.1 0 0 17.6 10.4 2.5 2.5 2 0 1 1 1
-1383.7 4741.1 -6.4 270 0 8.6 7.7 2.5 2.5 2 0 1 0 0
-1413.3 4749.5 -6.8 270 0 15.1 11.9 2.5 2.5 4 0 1 5 5
-1414.1 4725.3 -7.0 270 0 14.2 5.4 2.5 2.5 2 0 1 0 0
-1419.8 4715.2 -7.0 270 0 6.2 20.9 2.5 2.5 2 1 1 5 5
-1439.5 4733.7 -7.2 270 0 16.0 14.0 2.5 2.5 2 0 1 5 5
-1435.7 4752.2 -7.1 270 0 15.4 13.1 2.5 2.5 2 0 1 1 1
-1491.6 4740.8 -7.5 270 0 5.9 12.2 2.5 2.5 2 1 1 1 1
-1480.4 4745.9 -7.5 270 0 9.5 10.7 2.5 2.5 2 1 1 5 5
-1506.2 4747.4 -7.7 270 0 9.5 12.2 2.5 2.5 2 1 1 2 2
-1519.2 4758.4 -7.8 270 0 4.7 9.2 2.5 2.5 2 1 1 2 2
-1536.8 4747.4 -7.8 270 0 7.4 7.2 2.5 2.5 2 0 1 1 1
-1612.0 4753.4 -8.1 270 0 4.4 8.6 2.5 0.0 0 1 1 0 0
-987.7 4548.4 -5.6 89 0 11.1 10.1 2.5 2.5 2 0 1 3 3
-951.0 4446.9 -4.4 1 0 6.1 9.0 5.0 0.0 0 1 2 4 4
-1136.7 4717.8 -8.0 179 0 7.8 19.5 2.5 2.5 2 1 1 4 4
-1003.0 4686.1 -6.3 272 0 15.6 9.8 2.5 2.5 4 0 1 2 2
-1059.2 4597.7 -6.6 93 0 12.5 28.4 2.5 2.5 2 1 1 1 1
-1063.7 4553.0 -6.4 96 0 13.2 20.1 2.5 2.5 4 1 1 0 0
