-1091.3 -5170.5 -4.8 184 0 11.8 6.0 5.0 2.5 2 0 2 4 4
-1045.6 -5185.2 -3.3 357 0 9.4 8.9 5.0 2.5 2 0 2 4 4
-1020.4 -5138.4 -3.4 51 0 6.0 8.7 5.0 2.5 2 1 2 2 2
-1034.9 -5109.5 -4.5 230 0 14.9 10.1 5.0 2.5 2 0 2 0 0
-1052.3 -5119.9 -3.4 226 0 4.7 10.7 5.0 2.5 2 1 2 1 1
-1085.4 -5077.8 -6.7 225 0 9.5 6.4 5.0 2.5 2 0 2 2 2
-1063.0 -5075.3 -6.3 321 0 6.8 9.1 5.0 0.0 0 1 2 1 1
-1051.5 -5077.3 -6.6 48 0 3.5 10.3 5.0 2.5 2 1 2 2 2
-1028.5 -5084.3 -6.5 151 0 11.8 7.1 5.0 2.5 2 0 2 1 1
-1038.7 -5065.7 -9.3 156 0 9.8 19.2 5.0 2.5 2 1 2 2 2
-1079.4 -5363.9 -4.7 31 0 7.3 14.5 5.0 2.5 2 1 2 0 0
-1129.5 -5330.1 -4.8 28 0 10.7 9.1 5.0 2.5 2 0 2 5 5
-1137.6 -5350.5 -4.9 21 0 10.4 11.3 5.0 2.5 2 1 2 4 4
-1189.7 -5445.7 -6.1 118 0 9.4 6.7 5.0 2.5 2 0 2 1 1
-1209.8 -5433.5 -6.2 120 0 8.6 10.5 5.0 2.5 2 1 2 2 2
-1228.0 -5394.8 -7.6 28 0 15.1 11.5 2.5 2.5 2 0 1 0 0
-1240.2 -5474.0 -9.2 123 0 11.2 13.7 2.5 0.0 0 1 1 0 0
-1218.5 -5445.6 -8.4 306 0 13.0 13.2 2.5 2.5 2 1 1 4 4
-1196.2 -5467.1 -6.9 35 0 7.7 15.4 2.5 2.5 2 1 1 2 2
-1140.9 -5504.3 -5.0 36 0 9.0 9.6 5.0 2.5 2 1 2 5 5
-1174.8 -5494.6 -5.5 215 0 10.8 13.1 5.0 2.5 2 1 2 1 1
-1167.9 -5527.6 -4.5 124 0 9.3 10.8 5.0 2.5 2 1 2 5 5
-1146.6 -5514.7 -4.9 32 0 9.9 19.7 5.0 2.5 2 1 2 3 3
-1185.0 -5488.1 -5.9 215 0 11.4 10.4 5.0 2.5 2 0 2 0 0
-1176.4 -5419.2 -5.4 25 0 18.3 27.9 5.0 0.0 0 1 2 0 0
-1091.1 -6397.6 1.6 348 0 9.8 10.7 5.0 2.5 2 1 2 4 4
-1118.1 -6368.7 -0.1 327 0 9.1 7.0 5.0 2.5 4 0 2 2 2
-1256.6 -6248.4 -9.6 345 0 10.2 8.1 5.0 2.5 2 0 2 3 3
-1247.0 -6224.5 -3.2 164 0 14.9 7.7 5.0 2.5 2 0 2 3 3
-1174.9 -6230.9 2.0 143 0 15.0 8.1 5.0 2.5 2 0 2 3 3
-1164.1 -6246.8 2.1 141 0 12.7 8.5 5.0 2.5 2 0 2 2 2
-1151.5 -6269.5 2.2 144 0 11.4 7.7 5.0 2.5 4 0 2 1 1
-1140.8 -6286.3 2.4 148 0 13.4 8.4 5.0 2.5 2 0 2 0 0
-1130.0 -6305.2 2.6 149 0 15.1 7.2 5.0 2.5 2 0 2 2 2
-1143.7 -6326.9 -0.1 321 0 10.2 6.6 5.0 2.5 2 0 2 3 3
-1137.0 -6336.9 -0.9 326 0 8.7 8.4 5.0 2.5 2 0 2 0 0
-1128.2 -6349.6 -2.2 321 0 16.6 15.1 5.0 2.5 2 0 2 0 0
-1213.8 -6313.8 -5.7 154 0 6.0 12.3 5.0 2.5 2 1 2 3 3
-1217.9 -6300.9 -5.2 153 0 13.4 21.5 5.0 2.5 2 1 2 3 3
-1235.0 -5906.9 -1.2 3 0 6.9 9.8 2.5 2.5 2 1 1 0 0
-1336.3 -6014.7 -4.6 187 0 8.2 5.5 2.5 2.5 2 0 1 4 4
-1227.3 -5873.9 -0.7 3 0 9.7 6.8 2.5 0.0 0 0 1 5 5
-1211.5 -5829.6 -0.8 4 0 20.9 8.9 2.5 2.5 2 0 1 5 5
-1205.1 -5743.7 -1.2 348 0 8.9 18.8 2.5 2.5 2 1 1 0 0
-1194.0 -5645.6 -1.9 352 0 13.2 40.8 2.5 2.5 2 1 1 1 1
-1197.3 -5665.7 0.6 355 0 8.1 14.4 2.5 2.5 2 1 1 1 1
-1193.4 -5714.8 0.2 359 0 13.7 21.2 2.5 2.5 2 1 1 4 4
-1264.1 -5649.7 -4.3 265 0 15.8 9.0 2.5 2.5 2 0 1 2 2
-1334.6 -5762.2 -8.6 351 0 10.7 9.0 5.0 2.5 2 0 2 0 0
-1323.7 -5707.0 -7.0 172 0 64.7 10.3 2.5 2.5 2 0 1 1 1
-1298.5 -6185.1 -9.7 159 0 8.7 7.0 5.0 2.5 2 0 2 0 0
-1289.5 -6137.3 -2.9 144 0 8.0 11.3 2.5 2.5 2 1 1 4 4
-1296.6 -6128.7 -3.3 143 0 7.9 13.0 2.5 2.5 4 1 1 3 3
-1309.5 -6134.9 -9.5 331 0 8.8 10.8 5.0 2.5 2 1 2 4 4
-1338.4 -6074.3 -6.0 156 0 8.2 9.9 2.5 2.5 2 1 1 4 4
-1345.2 -6041.3 -6.1 185 0 19.8 7.9 2.5 2.5 2 0 1 4 4
-1290.0 -6048.7 -0.8 90 0 8.1 15.1 2.5 2.5 4 1 1 1 1
-1271.9 -5986.2 -0.3 1 0 9.5 5.5 2.5 2.5 2 0 1 4 4
-1306.1 -5997.9 -2.4 185 0 11.7 9.9 2.5 2.5 2 0 1 3 3
-1312.5 -5928.5 -7.4 189 0 8.2 7.0 2.5 2.5 2 0 1 3 3
-1318.5 -5953.6 -6.1 190 0 9.5 8.9 2.5 2.5 2 0 1 3 3
-1312.8 -5976.7 -4.1 189 0 15.1 19.2 2.5 2.5 4 1 1 2 2
-1240.1 -5430.4 -8.9 305 0 10.8 12.9 2.5 2.5 2 1 1 4 4
-1261.0 -5449.4 -11.0 218 0 12.0 9.7 2.5 2.5 4 0 1 3 3
-1272.6 -5594.5 -4.8 304 0 9.8 9.6 2.5 2.5 2 0 1 2 2
-1299.0 -5852.4 -5.0 178 0 5.1 8.0 2.5 2.5 2 1 1 4 4
-1300.6 -5816.3 -4.1 177 0 7.0 11.6 2.5 0.0 0 1 1 4 4
-1268.6 -5767.1 -3.4 77 0 16.0 11.5 2.5 0.0 0 0 1 0 0
-1270.3 -5752.6 -3.7 78 0 16.9 11.9 2.5 2.5 2 0 1 4 4
-1308.7 -5753.8 -4.9 169 0 11.3 27.7 2.5 0.0 0 1 1 5 5
-1285.2 -5716.8 -4.1 175 0 28.5 11.4 2.5 2.5 2 0 1 0 0
-1286.6 -5651.9 -6.1 262 0 26.2 10.3 2.5 2.5 2 0 1 1 1
-1309.8 -5666.2 -6.7 169 0 18.5 10.8 2.5 2.5 2 0 1 5 5
-1307.9 -5690.3 -5.7 177 0 29.7 12.0 2.5 2.5 2 0 1 1 1
-1352.3 -5641.1 -11.2 357 0 17.9 9.2 5.0 2.5 2 0 2 2 2
-1349.8 -5683.8 -9.2 355 0 8.4 8.6 5.0 2.5 2 1 2 5 5
-1348.0 -5694.1 -9.4 356 0 9.8 13.5 5.0 2.5 2 1 2 0 0
-1346.2 -5707.8 -8.9 352 0 8.4 10.4 5.0 0.0 0 1 2 1 1
-1343.5 -5722.9 -9.6 351 0 13.0 11.9 5.0 2.5 2 0 2 1 1
-968.3 -5124.7 -5.2 306 0 11.3 9.4 5.0 2.5 2 0 2 1 1
-995.0 -5201.2 0.2 187 0 12.6 7.8 5.0 2.5 2 0 2 4 4
-1058.8 -5105.7 -4.5 50 0 13.0 6.3 5.0 2.5 2 0 2 0 0
-1046.2 -5095.9 -5.0 48 0 7.4 11.6 5.0 2.5 2 1 2 1 1
-1113.2 -5193.1 -8.8 4 0 7.9 10.9 5.0 0.0 0 1 2 0 0
-1111.5 -5152.2 -9.5 7 0 8.4 12.3 5.0 2.5 2 1 2 3 3
-1109.3 -5144.5 -8.9 43 0 8.7 8.4 5.0 2.5 2 0 2 3 3
-1100.0 -5136.8 -7.9 45 0 9.8 12.3 5.0 2.5 2 1 2 5 5
-1095.5 -5196.0 -5.1 176 0 10.0 9.7 5.0 2.5 2 0 2 4 4
-1056.8 -5135.1 -3.3 233 0 9.4 8.0 5.0 2.5 2 0 2 3 3
-1066.5 -5160.3 -3.7 230 0 9.5 7.0 5.0 2.5 2 0 2 2 2
-1039.1 -5200.6 -3.4 353 0 5.9 10.7 5.0 2.5 4 1 2 0 0
-1033.6 -5223.7 -3.3 359 0 8.5 10.6 5.0 2.5 2 1 2 1 1
-1003.7 -5232.3 -1.2 193 0 15.1 10.2 5.0 2.5 2 0 2 2 2
-973.6 -5265.8 2.3 0 0 8.8 7.6 5.0 2.5 2 0 2 5 5
-974.0 -5318.1 1.4 67 0 12.5 7.6 5.0 2.5 2 0 2 2 2
-975.1 -5293.7 0.2 348 0 9.3 14.9 5.0 2.5 2 1 2 5 5
-1074.1 -5276.2 -4.0 180 0 11.2 8.1 5.0 2.5 2 0 2 3 3
-1051.0 -5290.4 -3.8 8 0 11.9 10.7 5.0 2.5 2 0 2 0 0
-1061.0 -5321.3 -4.2 26 0 11.1 6.8 5.0 0.0 0 0 2 5 5
-1064.2 -5345.0 -4.4 34 0 11.6 8.1 5.0 2.5 2 0 2 1 1
-1090.3 -5325.8 -4.3 216 0 9.1 9.0 5.0 2.5 2 0 2 2 2
-1162.8 -5393.0 -4.4 36 0 5.7 7.8 5.0 0.0 0 1 2 5 5
-1115.6 -5372.8 -4.6 216 0 9.7 6.2 5.0 2.5 2 0 2 4 4
-1075.5 -5384.9 -4.4 36 0 10.6 4.7 5.0 2.5 2 0 2 5 5
-1082.8 -5404.2 -4.0 36 0 10.6 6.9 5.0 2.5 2 0 2 1 1
-1092.7 -5426.0 -4.7 35 0 10.0 15.2 5.0 2.5 2 1 2 3 3
-922.5 -5406.0 4.9 266 0 10.0 9.0 5.0 2.5 4 0 2 0 0
-928.0 -5440.4 2.9 213 0 10.6 12.0 5.0 2.5 2 1 2 4 4
-962.4 -5438.4 0.4 303 0 9.0 10.4 5.0 0.0 0 1 2 1 1
-959.0 -5405.3 0.5 123 0 13.7 8.1 5.0 2.5 2 0 2 5 5
-968.3 -5419.4 -0.8 123 0 9.5 13.4 5.0 2.5 2 1 2 1 1
-998.8 -5397.1 -2.8 123 0 14.6 14.9 5.0 2.5 2 1 2 2 2
-1012.9 -5386.2 -4.2 123 0 12.3 13.8 5.0 2.5 2 1 2 1 1
-1034.8 -5377.4 -4.7 123 0 9.6 12.4 5.0 2.5 2 1 2 0 0
-1040.4 -5394.2 -3.5 303 0 6.4 10.6 5.0 2.5 2 1 2 0 0
-1071.0 -5438.3 -3.3 213 0 9.6 13.9 5.0 2.5 4 1 2 1 1
-1073.3 -5456.4 -3.1 213 0 8.3 9.8 5.0 2.5 2 1 2 2 2
-1082.3 -5482.0 -3.4 123 0 7.3 9.8 5.0 2.5 2 1 2 4 4
-1052.4 -5488.1 -0.7 123 0 10.5 12.8 5.0 2.5 2 1 2 5 5
-1149.1 -5588.4 1.7 213 0 12.5 8.6 5.0 2.5 2 0 2 4 4
-1115.1 -5585.2 -0.9 33 0 16.5 23.8 5.0 2.5 2 1 2 2 2
-1089.7 -5495.5 -3.4 303 0 10.6 21.6 5.0 0.0 0 1 2 3 3
-1066.5 -5508.8 -0.8 303 0 8.7 11.1 5.0 0.0 0 1 2 0 0
-1052.5 -5514.6 0.6 303 0 6.0 11.2 5.0 2.5 2 1 2 3 3
-1041.9 -5524.8 1.9 303 0 6.4 8.4 5.0 2.5 2 1 2 5 5
-1029.1 -5532.6 3.4 303 0 7.8 8.2 5.0 2.5 2 1 2 2 2
-1016.8 -5540.8 5.0 303 0 6.4 10.7 5.0 0.0 0 1 2 5 5
-1004.6 -5549.3 6.1 303 0 7.4 9.0 5.0 2.5 2 1 2 3 3
5768.9 -6479.3 -3.4 134 0 6.9 14.4 2.5 2.5 2 1 1 2 2
5730.6 -6451.4 -2.7 134 0 7.3 14.8 2.5 2.5 2 1 1 4 4
5664.3 -6450.0 -8.9 314 0 11.8 9.6 2.5 2.5 2 0 1 4 4
5691.2 -6464.4 -6.4 314 0 8.5 9.2 2.5 2.5 2 1 1 3 3
5715.9 -6473.7 -4.5 314 0 10.3 13.2 2.5 2.5 2 1 1 3 3
5719.2 -6494.2 -3.4 134 0 8.6 13.2 2.5 2.5 4 1 1 0 0
5738.7 -6510.3 -4.7 134 0 10.3 11.1 2.5 2.5 2 1 1 4 4
5798.3 -6503.5 -5.3 134 0 15.2 7.6 2.5 0.0 0 0 1 0 0
5851.5 -6549.7 -7.7 134 0 14.6 9.1 2.5 2.5 2 0 1 3 3
5768.2 -6534.1 -6.7 134 0 16.5 8.0 2.5 2.5 2 0 1 5 5
5765.7 -6567.1 -6.1 314 0 10.6 6.7 2.5 2.5 2 0 1 2 2
5781.0 -6580.6 -6.8 314 0 12.7 7.6 2.5 2.5 2 0 1 4 4
5793.9 -6589.5 -7.3 314 0 9.1 11.5 2.5 2.5 2 1 1 2 2
5820.2 -6613.9 -7.3 314 0 6.3 11.2 2.5 2.5 2 1 1 0 0
5824.2 -6584.2 -8.9 134 0 12.2 10.1 2.5 0.0 0 0 1 0 0
5845.8 -6601.0 -8.1 134 0 6.6 10.6 2.5 2.5 2 1 1 1 1
5858.4 -6614.0 -7.7 134 0 7.8 13.6 2.5 2.5 2 1 1 5 5
5866.1 -6656.2 -7.8 314 0 13.9 10.9 2.5 2.5 2 0 1 4 4
5905.9 -6713.0 -7.3 314 0 8.2 10.6 2.5 2.5 4 1 1 4 4
5896.6 -6686.4 -7.3 314 0 5.5 11.2 2.5 2.5 2 1 1 0 0
5895.5 -6653.8 -6.8 134 0 9.2 17.6 2.5 2.5 2 1 1 5 5
5934.5 -6626.5 -5.9 134 0 8.7 23.0 5.0 2.5 2 1 2 2 2
5968.0 -6636.6 -5.9 134 0 21.7 22.4 5.0 2.5 2 1 2 4 4
5933.1 -6678.8 -6.8 134 0 9.2 13.7 2.5 2.5 2 1 1 0 0
6004.7 -6678.6 -7.8 138 0 9.1 13.8 5.0 2.5 2 1 2 1 1
6025.5 -6694.6 -8.8 138 0 13.5 8.1 5.0 0.0 0 0 2 3 3
5967.8 -6714.7 -7.7 138 0 12.4 15.1 2.5 2.5 2 1 1 4 4
6008.8 -6724.4 -9.1 318 0 11.3 14.6 2.5 2.5 2 1 1 5 5
6006.5 -6756.6 -9.1 138 0 12.7 9.0 2.5 2.5 2 0 1 3 3
5951.4 -6752.5 -8.6 318 0 11.4 13.1 2.5 2.5 4 1 1 2 2
5979.1 -6770.9 -10.3 318 0 7.3 10.1 2.5 2.5 2 1 1 1 1
5994.4 -6784.7 -10.8 318 0 10.6 13.5 2.5 2.5 2 1 1 4 4
6020.4 -6805.9 -10.0 318 0 14.0 9.4 2.5 2.5 2 0 1 3 3
6051.6 -6795.2 -10.6 138 0 13.2 14.7 2.5 2.5 2 1 1 5 5
6051.4 -6761.1 -10.6 318 0 13.8 10.0 2.5 2.5 2 0 1 3 3
6102.6 -6754.6 -11.3 138 0 8.6 14.5 2.5 2.5 2 1 1 0 0
6079.5 -6819.6 -11.1 138 0 7.8 19.8 2.5 2.5 2 1 1 3 3
6055.7 -6851.4 -11.7 318 0 16.9 16.4 2.5 2.5 2 0 1 2 2
6090.0 -6880.2 -11.6 318 0 5.9 12.9 2.5 2.5 2 1 1 3 3
6094.3 -6824.2 -10.9 138 0 10.6 13.1 2.5 2.5 2 1 1 2 2
6105.7 -6840.8 -10.5 138 0 10.0 18.6 2.5 0.0 0 1 1 2 2
6124.4 -6914.6 -10.2 318 0 9.6 10.6 2.5 0.0 0 1 1 5 5
6104.4 -6895.1 -9.9 318 0 10.1 12.7 2.5 2.5 2 1 1 0 0
6188.8 -6896.0 -11.3 318 0 10.9 15.4 2.5 0.0 0 1 1 1 1
6154.6 -6860.9 -10.3 318 0 7.8 13.1 2.5 2.5 2 1 1 2 2
6186.7 -6789.0 -10.2 48 0 8.0 15.6 7.5 2.5 2 1 3 3 3
6167.0 -6812.9 -9.9 138 0 9.0 15.3 2.5 2.5 2 1 1 5 5
6188.0 -6823.9 -9.7 138 0 8.3 13.0 2.5 2.5 2 1 1 3 3
6189.1 -6838.7 -9.9 138 0 6.9 7.8 2.5 2.5 2 1 1 2 2
6209.7 -6849.0 -10.3 138 0 8.1 10.1 2.5 2.5 2 1 1 5 5
6227.9 -6864.3 -11.0 138 0 7.8 11.4 2.5 0.0 0 1 1 3 3
6249.8 -6888.6 -11.9 138 0 36.9 10.0 2.5 2.5 2 0 1 4 4
6264.4 -6908.6 -12.0 138 0 6.7 14.8 2.5 2.5 2 1 1 0 0
6274.8 -6916.9 -12.0 138 0 8.4 11.1 2.5 2.5 2 1 1 3 3
6295.1 -6936.5 -12.1 138 0 8.6 14.9 2.5 2.5 2 1 1 0 0
