2496.2 -6225.9 9.4 99 0 8.5 12.1 2.5 2.5 2 1 1 2 2
2486.7 -6233.9 10.8 72 0 8.0 11.9 2.5 2.5 2 1 1 2 2
2455.9 -6196.7 8.7 151 0 6.1 13.7 2.5 2.5 2 1 1 1 1
2441.7 -6160.6 6.0 156 0 5.9 9.1 2.5 2.5 2 1 1 3 3
2412.1 -6137.4 5.4 350 0 10.0 13.8 2.5 0.0 0 1 1 4 4
2413.6 -6182.1 10.2 329 0 15.1 20.3 2.5 2.5 2 1 1 5 5
2393.5 -6232.3 15.4 86 0 12.6 9.6 2.5 2.5 2 0 1 2 2
2409.6 -6229.6 14.4 81 0 8.7 11.2 2.5 2.5 2 1 1 4 4
2445.7 -6284.4 19.0 152 0 5.8 12.1 2.5 2.5 2 1 1 5 5
2476.1 -6239.0 11.8 71 0 9.5 14.1 2.5 2.5 2 1 1 4 4
2521.7 -6219.7 9.4 66 0 16.9 13.8 2.5 0.0 0 0 1 0 0
2513.4 -6250.0 10.1 237 0 10.3 15.2 5.0 2.5 2 1 2 5 5
2509.4 -6285.6 11.6 158 0 8.6 17.8 5.0 2.5 2 1 2 4 4
2659.1 -6330.6 10.0 105 0 12.6 17.6 2.5 2.5 2 1 1 2 2
2749.8 -6379.4 11.8 112 0 10.2 14.4 2.5 2.5 2 1 1 5 5
2780.4 -6386.0 11.7 110 0 12.7 8.9 2.5 2.5 2 0 1 0 0
2929.2 -6491.6 10.4 128 0 12.6 11.2 2.5 2.5 2 0 1 1 1
3036.1 -6587.7 9.1 111 0 7.2 12.4 5.0 2.5 2 1 2 2 2
3140.5 -6611.5 14.6 95 0 6.3 10.8 5.0 2.5 2 1 2 0 0
3169.0 -6615.7 15.5 90 0 9.5 11.6 5.0 2.5 2 1 2 0 0
3181.9 -6639.7 14.4 276 0 8.1 13.5 2.5 2.5 2 1 1 5 5
3196.4 -6611.0 15.1 96 0 6.4 10.8 5.0 2.5 4 1 2 4 4
-1417.5 -3984.4 8.7 218 0 9.8 6.4 2.5 2.5 2 0 1 1 1
-1353.9 -3912.6 9.8 218 0 11.0 6.5 5.0 2.5 2 0 2 2 2
-1286.8 -3824.9 7.4 308 0 6.3 10.8 5.0 2.5 2 1 2 2 2
-1273.8 -3812.2 6.1 308 0 7.9 7.2 5.0 2.5 2 0 2 4 4
-1292.0 -3796.5 5.9 38 0 7.7 9.5 5.0 2.5 2 1 2 1 1
-1313.0 -3820.3 8.0 38 0 9.8 9.3 5.0 2.5 2 0 2 5 5
-1316.8 -3854.9 9.3 218 0 8.9 11.1 5.0 2.5 2 1 2 2 2
-1267.9 -3803.3 4.7 218 0 14.2 10.1 5.0 2.5 4 0 2 1 1
-1248.3 -3808.8 4.3 308 0 7.5 11.7 5.0 2.5 2 1 2 5 5
-1220.4 -3827.4 3.3 308 0 14.8 9.9 5.0 2.5 2 0 2 5 5
-1194.6 -3844.9 3.2 308 0 13.1 9.7 5.0 2.5 2 0 2 2 2
-5259.4 -969.6 -22.0 27 0 16.2 10.7 5.0 2.5 2 0 2 4 4
-5418.3 -954.2 -21.3 117 0 7.2 6.7 5.0 2.5 2 0 2 3 3
-5318.4 -1008.7 -21.8 207 0 17.3 9.5 5.0 2.5 2 0 2 2 2
-5278.8 -1023.8 -21.8 297 0 10.6 8.5 5.0 2.5 2 0 2 0 0
-5255.6 -1058.0 -21.1 117 0 7.7 11.7 5.0 2.5 2 1 2 0 0
-6182.0 -679.7 -24.5 109 0 11.8 10.1 7.5 2.5 2 0 3 5 5
-5825.9 -621.0 -24.0 114 0 8.5 13.3 2.5 2.5 2 1 1 3 3
-5895.7 -593.3 -24.8 112 0 6.0 9.6 5.0 2.5 2 1 2 2 2
-6024.4 -528.0 -25.4 203 0 10.0 20.6 5.0 2.5 2 1 2 0 0
-5964.6 -671.0 -23.4 294 0 9.3 16.9 2.5 2.5 2 1 1 0 0
-5980.7 -697.0 -21.9 204 0 8.8 9.8 2.5 2.5 2 1 1 2 2
-5949.5 -713.8 -22.1 116 0 11.0 10.9 2.5 2.5 2 0 1 1 1
-5958.2 -739.2 -21.0 119 0 13.8 10.5 2.5 2.5 2 0 1 5 5
-5925.1 -728.2 -22.8 111 0 6.9 13.1 2.5 2.5 2 1 1 2 2
-5904.8 -662.8 -25.2 288 0 13.3 22.2 2.5 2.5 2 1 1 1 1
-5882.6 -705.5 -24.1 18 0 5.9 11.3 2.5 2.5 2 1 1 5 5
-5842.6 -751.8 -18.4 213 0 8.2 8.7 2.5 2.5 2 1 1 3 3
-5845.8 -777.8 -17.1 120 0 10.2 8.3 2.5 2.5 4 0 1 4 4
-5827.5 -755.5 -17.3 306 0 7.0 11.1 2.5 2.5 2 1 1 5 5
-5824.9 -678.9 -23.8 299 0 9.8 14.2 2.5 2.5 2 1 1 3 3
-5793.1 -701.7 -20.6 305 0 10.7 13.7 2.5 2.5 2 1 1 4 4
-5777.4 -778.9 -14.4 316 0 6.3 9.9 2.5 2.5 4 1 1 0 0
-5701.3 -778.6 -17.0 290 0 12.5 23.5 10.0 2.5 2 1 4 0 0
-5718.2 -813.0 -16.2 194 0 15.3 10.5 2.5 2.5 2 0 1 0 0
-5704.2 -846.1 -17.2 110 0 10.2 17.7 5.0 2.5 2 1 2 5 5
-5685.7 -852.5 -18.0 107 0 17.2 11.2 10.0 2.5 4 0 4 1 1
-5665.7 -860.1 -19.3 112 0 17.9 10.6 7.5 2.5 2 0 3 4 4
-5648.3 -831.0 -21.0 294 0 14.9 16.0 5.0 2.5 2 1 2 0 0
-5669.1 -800.5 -19.3 295 0 9.6 15.5 5.0 2.5 2 1 2 2 2
-5642.5 -734.1 -22.7 215 0 8.7 12.7 2.5 2.5 2 1 1 4 4
-5589.3 -763.4 -22.5 118 0 9.6 15.8 2.5 2.5 2 1 1 4 4
-5541.9 -796.1 -22.4 116 0 11.4 13.2 2.5 2.5 2 1 1 1 1
-5508.7 -791.2 -22.2 300 0 8.7 14.0 2.5 2.5 4 1 1 3 3
-5469.4 -819.6 -22.0 30 0 9.0 8.9 2.5 2.5 2 0 1 1 1
-5619.3 -835.0 -22.5 300 0 15.9 9.3 5.0 2.5 2 0 2 0 0
-5530.2 -862.5 -22.1 300 0 8.3 13.5 2.5 2.5 2 1 1 2 2
-5507.3 -876.6 -21.9 300 0 6.8 14.3 2.5 2.5 2 1 1 2 2
-5496.1 -889.1 -21.8 300 0 6.8 15.0 2.5 0.0 0 1 1 0 0
-5478.3 -890.4 -21.8 300 0 5.3 10.3 2.5 2.5 2 1 1 2 2
-5473.3 -899.4 -21.7 300 0 4.0 10.3 2.5 0.0 0 1 1 1 1
-5470.9 -916.1 -21.7 120 0 8.2 10.7 5.0 2.5 2 1 2 5 5
