3562.1 2445.0 -10.9 189 0 8.9 8.8 5.0 2.5 2 0 2 0 0
3560.6 2430.3 -11.1 194 0 10.4 6.7 5.0 2.5 2 0 2 1 1
3557.4 2411.0 -11.5 183 0 9.8 5.1 5.0 2.5 2 0 2 3 3
3551.8 2403.2 -11.6 200 0 5.8 7.9 5.0 2.5 2 1 2 4 4
3548.1 2394.4 -12.2 194 0 7.4 7.6 5.0 2.5 2 1 2 4 4
3481.5 2419.5 -14.1 202 0 6.7 13.1 5.0 2.5 2 1 2 0 0
3325.9 2722.2 -12.2 317 0 6.6 8.9 5.0 0.0 0 1 2 4 4
3443.1 2598.6 -11.5 297 0 5.9 3.5 5.0 2.5 2 0 2 4 4
3447.3 2609.6 -11.7 299 0 8.4 8.3 5.0 2.5 2 0 2 0 0
3442.2 2529.5 -10.1 139 0 8.0 11.3 5.0 2.5 2 1 2 0 0
3433.7 2536.4 -9.9 138 0 6.8 7.4 5.0 2.5 2 1 2 3 3
3424.0 2541.8 -9.9 142 0 7.0 8.4 5.0 2.5 2 1 2 5 5
3339.6 2630.0 -9.9 54 0 7.7 8.3 5.0 2.5 2 1 2 1 1
3281.4 2635.9 -9.9 140 0 8.2 5.8 5.0 2.5 2 0 2 4 4
3251.2 2673.9 -9.4 221 0 7.1 10.0 5.0 2.5 2 1 2 4 4
3295.0 2685.9 -11.2 29 0 7.8 8.1 5.0 0.0 0 1 2 0 0
3309.1 2738.8 -12.5 331 0 6.0 8.1 5.0 2.5 2 1 2 5 5
3313.8 2817.3 -12.1 33 0 13.4 11.8 5.0 0.0 0 0 2 5 5
3285.8 2750.1 -12.7 332 0 7.7 9.4 5.0 2.5 4 1 2 3 3
3278.6 2766.4 -12.9 323 0 8.6 7.1 5.0 2.5 2 0 2 4 4
3257.7 2833.0 -13.5 128 0 9.9 6.8 5.0 2.5 2 0 2 3 3
3241.6 2801.5 -12.5 314 0 4.8 5.0 5.0 2.5 2 1 2 2 2
3231.8 2803.2 -12.2 323 0 5.1 3.5 5.0 2.5 2 0 2 0 0
3230.1 2840.6 -13.5 131 0 6.3 4.0 5.0 2.5 2 0 2 5 5
3142.7 2735.2 -6.6 226 0 5.1 8.3 7.5 2.5 2 1 3 4 4
3224.6 2962.1 -10.9 38 0 11.8 8.6 5.0 2.5 2 0 2 3 3
3152.6 2964.4 -12.2 311 0 13.7 6.0 5.0 2.5 2 0 2 1 1
3132.5 2946.0 -13.0 135 0 5.8 7.3 5.0 2.5 2 1 2 3 3
3125.1 3062.5 -9.2 228 0 6.9 6.2 2.5 2.5 2 0 1 3 3
3139.6 3242.2 -10.3 30 0 8.0 12.1 2.5 2.5 2 1 1 2 2
3124.9 3206.8 -10.4 37 0 6.2 5.2 2.5 2.5 2 0 1 4 4
3104.5 3191.8 -10.3 36 0 12.9 10.1 2.5 2.5 2 0 1 5 5
3105.6 3124.2 -10.0 126 0 6.9 7.1 2.5 2.5 2 1 1 5 5
3095.2 3138.6 -10.3 221 0 8.5 11.9 2.5 2.5 2 1 1 4 4
3081.9 3163.7 -10.4 43 0 8.8 7.0 2.5 2.5 2 0 1 0 0
3056.5 2942.1 -12.7 30 0 10.7 10.0 5.0 2.5 2 0 2 3 3
3032.3 2974.9 -12.6 309 0 9.4 6.6 5.0 2.5 2 0 2 1 1
2896.8 3110.5 -11.3 133 0 6.2 10.3 5.0 2.5 2 1 2 2 2
2883.7 3090.0 -11.5 307 0 9.3 8.6 5.0 2.5 2 0 2 3 3
2795.2 3285.3 -2.4 202 0 6.1 8.0 5.0 2.5 2 1 2 1 1
2810.0 3340.7 -2.4 183 0 6.6 8.8 5.0 2.5 2 1 2 0 0
2805.1 3323.1 -1.9 180 0 7.5 5.8 5.0 2.5 2 0 2 2 2
2772.3 3162.3 -6.4 285 0 7.1 16.8 5.0 2.5 2 1 2 4 4
2698.7 3146.5 0.7 352 0 16.7 7.3 5.0 2.5 2 0 2 4 4
2680.8 3122.3 -3.2 4 0 14.0 5.3 5.0 2.5 2 0 2 3 3
2342.9 3077.6 -6.0 105 0 21.7 18.8 2.5 2.5 2 0 1 2 2
2310.4 3099.9 -1.1 94 0 7.4 9.3 2.5 2.5 2 1 1 1 1
2307.9 3122.4 0.8 274 0 16.5 11.9 2.5 0.0 0 0 1 0 0
2244.0 3109.5 -0.7 91 0 5.1 8.8 2.5 2.5 4 1 1 5 5
2263.2 3124.4 1.2 278 0 9.2 9.0 2.5 2.5 4 0 1 5 5
2191.0 3186.4 15.6 115 0 7.6 16.1 2.5 2.5 2 1 1 0 0
2215.2 3131.4 -1.8 284 0 6.8 11.2 2.5 2.5 2 1 1 4 4
2200.1 3123.8 -2.2 185 0 5.5 6.9 2.5 2.5 4 1 1 4 4
2088.4 3114.6 -5.6 226 0 7.0 10.5 5.0 2.5 2 1 2 0 0
2056.6 3074.5 -6.9 224 0 7.3 7.0 5.0 2.5 2 0 2 4 4
2019.3 3076.4 -7.6 44 0 7.7 8.9 5.0 2.5 2 1 2 0 0
1854.5 3174.6 -7.4 129 0 6.9 8.2 2.5 2.5 4 1 1 3 3
1781.1 3243.4 -6.6 142 0 7.5 6.4 5.0 2.5 4 0 2 5 5
1663.3 3471.8 -8.8 158 0 8.0 12.1 5.0 2.5 2 1 2 1 1
1739.7 3534.3 -8.1 325 0 8.9 7.6 5.0 2.5 2 0 2 5 5
1726.5 3477.6 -8.3 337 0 7.7 12.6 5.0 2.5 2 1 2 2 2
1706.2 3482.3 -8.4 57 0 8.2 10.3 5.0 2.5 2 1 2 3 3
1739.1 3413.1 -6.5 226 0 8.6 20.3 5.0 2.5 2 1 2 2 2
1786.2 3288.1 -5.2 317 0 7.0 8.5 5.0 2.5 2 1 2 0 0
1751.2 3284.8 -6.9 135 0 4.4 5.9 5.0 2.5 2 1 2 1 1
1743.7 3277.6 -7.7 131 0 10.6 7.9 5.0 0.0 0 0 2 3 3
1730.9 3295.4 -8.4 132 0 11.2 7.1 5.0 2.5 2 0 2 5 5
1712.3 3415.1 -8.4 51 0 7.0 7.4 5.0 0.0 0 1 2 4 4
1659.1 3358.2 -10.3 45 0 6.9 11.6 5.0 2.5 2 1 2 2 2
1665.5 3365.5 -10.1 41 0 7.6 11.1 5.0 0.0 0 1 2 2 2
1589.2 3431.7 -9.5 51 0 12.7 9.1 5.0 2.5 2 0 2 4 4
1548.6 3493.4 -8.3 55 0 6.2 5.8 5.0 2.5 4 0 2 3 3
1559.0 3351.6 -13.2 61 0 9.7 7.9 7.5 2.5 2 0 3 4 4
1497.7 3373.5 -9.9 137 0 7.2 6.1 5.0 0.0 0 0 2 2 2
1478.8 3402.4 -8.5 230 0 6.8 11.5 7.5 2.5 2 1 3 4 4
1322.6 3533.7 -6.9 149 0 8.7 5.3 5.0 2.5 2 0 2 2 2
1280.0 3566.0 -14.5 137 0 7.4 9.3 2.5 2.5 2 1 1 5 5
1367.2 3522.5 -5.4 311 0 7.0 10.0 5.0 2.5 2 1 2 3 3
1406.7 3499.0 -3.9 327 0 7.4 6.3 7.5 2.5 2 0 3 1 1
1425.9 3474.8 -4.6 320 0 5.0 6.3 7.5 0.0 0 1 3 3 3
1425.1 3466.2 -4.8 138 0 4.8 5.8 7.5 2.5 4 1 3 4 4
1408.9 3469.3 -4.4 136 0 8.0 12.1 5.0 2.5 2 1 2 4 4
1383.6 3491.0 -4.5 134 0 10.9 14.5 2.5 2.5 2 1 1 3 3
1138.5 3628.2 -14.1 200 0 5.7 8.4 7.5 2.5 4 1 3 1 1
1287.2 3737.6 -1.3 23 0 3.7 6.3 2.5 2.5 2 1 1 2 2
1284.4 3731.4 -2.8 22 0 7.7 7.5 2.5 2.5 2 0 1 4 4
1278.5 3771.1 3.4 110 0 3.5 6.4 5.0 2.5 2 1 2 4 4
1274.0 3778.7 3.9 92 0 13.8 8.0 5.0 2.5 2 0 2 3 3
1236.6 3750.4 -3.2 287 0 8.5 12.6 2.5 2.5 2 1 1 2 2
1196.8 3743.0 -3.6 297 0 9.7 4.9 2.5 2.5 2 0 1 2 2
1169.3 3754.7 -2.7 217 0 5.7 6.9 2.5 0.0 0 1 1 4 4
958.8 3710.6 -8.6 214 0 5.6 9.3 2.5 2.5 2 1 1 2 2
1280.4 4026.9 -0.3 158 0 3.8 7.7 2.5 2.5 2 1 1 5 5
1264.9 4069.7 -5.8 156 0 5.5 5.7 2.5 2.5 4 1 1 3 3
1326.3 4191.6 -5.5 340 0 8.5 17.0 2.5 2.5 2 1 1 5 5
1330.3 4157.7 -5.8 147 0 8.4 7.8 2.5 0.0 0 0 1 1 1
1356.4 4140.6 -6.4 337 0 7.4 11.0 2.5 2.5 4 1 1 5 5
1405.8 4154.8 -3.1 57 0 9.0 13.2 5.0 2.5 2 1 2 0 0
1389.8 4169.1 -5.5 146 0 8.3 10.2 5.0 2.5 2 1 2 5 5
1399.3 4195.9 -5.6 326 0 10.8 23.0 5.0 2.5 2 1 2 1 1
1195.1 4423.1 -5.3 70 0 8.4 7.6 2.5 0.0 0 0 1 3 3
1228.1 4438.1 -1.5 75 0 5.9 5.3 2.5 2.5 2 0 1 5 5
1235.2 4402.0 -2.5 252 0 6.1 8.4 2.5 2.5 2 1 1 1 1
1218.5 4398.9 -4.4 253 0 6.9 5.1 2.5 2.5 2 0 1 0 0
1197.3 4388.3 -5.9 252 0 5.7 9.7 2.5 2.5 2 1 1 1 1
1265.7 4288.1 -4.1 71 0 13.4 9.1 5.0 2.5 2 0 2 4 4
1219.6 4166.0 -4.6 156 0 6.8 10.8 5.0 2.5 2 1 2 3 3
1210.5 4188.5 -4.6 158 0 6.0 10.6 5.0 2.5 2 1 2 2 2
1200.0 4213.2 -5.5 158 0 6.6 6.9 5.0 2.5 4 1 2 4 4
1210.1 4242.3 -6.1 250 0 5.8 5.7 5.0 2.5 2 0 2 4 4
1201.4 4239.6 -6.5 249 0 8.4 7.8 5.0 2.5 2 0 2 5 5
1171.7 4288.5 -7.6 155 0 6.6 11.4 2.5 2.5 2 1 1 5 5
1164.3 4415.1 -7.2 88 0 8.7 7.8 2.5 2.5 2 0 1 5 5
1144.1 4360.7 -8.2 157 0 6.8 6.0 2.5 2.5 2 0 1 0 0
1139.8 4388.8 -8.4 242 0 3.7 6.1 2.5 2.5 2 1 1 1 1
1134.6 4383.4 -8.6 248 0 8.9 5.1 2.5 0.0 0 0 1 3 3
1126.3 4405.0 -8.8 70 0 6.9 6.7 2.5 2.5 2 0 1 5 5
1111.2 4430.5 -9.0 157 0 5.5 7.4 2.5 2.5 2 1 1 0 0
1103.1 4449.1 -8.9 156 0 7.1 8.4 2.5 2.5 2 1 1 0 0
1120.0 4319.3 -8.8 339 0 10.3 11.9 5.0 0.0 0 1 2 1 1
1145.4 4243.7 -8.3 70 0 8.3 13.3 5.0 2.5 2 1 2 3 3
1147.7 4273.0 -8.4 341 0 13.1 8.6 5.0 2.5 2 0 2 4 4
1133.7 4284.7 -8.6 339 0 10.4 12.5 5.0 2.5 2 1 2 3 3
1088.0 4191.9 -8.2 255 0 7.3 9.7 5.0 2.5 2 1 2 0 0
1043.7 4296.1 -9.9 251 0 8.6 8.8 5.0 2.5 2 1 2 0 0
1052.6 4261.5 -9.4 158 0 14.3 9.3 5.0 2.5 4 0 2 2 2
1094.6 4253.9 -9.0 69 0 9.0 17.9 5.0 2.5 4 1 2 1 1
1074.7 4306.2 -9.4 250 0 10.9 34.6 5.0 2.5 4 1 2 2 2
1041.7 4599.4 -7.5 154 0 4.9 6.9 2.5 2.5 2 1 1 0 0
1052.5 4494.7 -9.6 336 0 6.3 4.3 5.0 2.5 2 0 2 4 4
1080.6 4504.9 -7.8 156 0 5.8 8.8 2.5 2.5 2 1 1 0 0
1071.3 4529.5 -7.3 153 0 6.1 6.5 2.5 2.5 2 1 1 5 5
1060.7 4552.6 -6.8 159 0 5.7 6.7 2.5 2.5 2 1 1 3 3
1051.2 4575.0 -6.9 163 0 4.2 7.0 2.5 2.5 2 1 1 3 3
1022.5 4642.9 -7.6 156 0 4.7 9.4 2.5 2.5 2 1 1 4 4
993.1 4715.7 -7.2 155 0 6.8 8.8 2.5 0.0 0 1 1 5 5
982.0 4771.9 -6.8 338 0 3.9 6.4 7.5 2.5 2 1 3 4 4
971.6 4787.2 -6.9 338 0 10.6 9.0 5.0 2.5 2 0 2 2 2
959.3 4815.4 -7.0 336 0 7.5 6.3 2.5 2.5 2 0 1 5 5
952.6 4836.7 -7.2 339 0 6.0 8.3 7.5 2.5 2 1 3 4 4
937.0 4862.5 -7.5 246 0 6.3 6.7 5.0 2.5 2 1 2 0 0
977.3 5046.1 8.2 241 0 8.5 7.0 5.0 2.5 2 0 2 1 1
966.8 5021.2 2.0 151 0 17.2 9.8 5.0 2.5 2 0 2 5 5
999.6 5007.8 1.0 65 0 23.2 12.2 5.0 2.5 2 0 2 3 3
967.1 4939.4 -7.2 336 0 7.9 8.1 2.5 0.0 0 1 1 3 3
908.9 4927.9 -8.3 70 0 6.0 7.3 2.5 2.5 2 1 1 0 0
893.9 4953.3 -8.4 164 0 6.8 6.9 2.5 2.5 2 1 1 1 1
884.7 4976.3 -8.7 164 0 7.0 5.0 2.5 2.5 4 0 1 5 5
819.9 5123.2 -5.6 297 0 7.7 11.4 5.0 2.5 2 1 2 4 4
601.7 5302.7 -8.0 1 0 6.4 5.2 5.0 2.5 2 0 2 2 2
6797.4 247.8 0.2 305 0 5.7 8.2 5.0 2.5 2 1 2 1 1
6796.1 266.3 0.2 131 0 6.3 7.3 2.5 2.5 2 1 1 0 0
5119.4 2743.1 -11.6 99 0 12.3 17.2 10.5 3.5 2 1 3 4 4
5138.0 2732.7 -11.7 102 0 6.8 12.2 10.5 3.5 2 1 3 4 4
5150.4 2735.8 -11.6 96 0 7.6 7.0 10.5 3.5 2 0 3 4 4
5196.7 2731.9 -11.7 102 0 10.7 15.5 10.5 3.5 2 1 3 5 5
5212.1 2726.3 -11.7 97 0 10.8 17.3 10.5 3.5 2 1 3 1 1
5240.6 2722.5 -11.8 94 0 11.2 10.8 10.5 3.5 2 0 3 4 4
5261.5 2695.7 -12.0 281 0 7.3 12.9 10.5 3.5 2 1 3 1 1
5301.7 2694.9 -12.1 289 0 10.3 13.7 14.0 3.5 2 1 4 5 5
5339.7 2690.5 -12.1 262 0 12.1 10.3 14.0 0.0 0 0 4 0 0
5355.0 2633.6 -13.4 133 0 12.8 6.0 10.5 3.5 2 0 3 2 2
5381.0 2607.1 -14.2 134 0 6.2 5.5 10.5 0.0 0 0 3 1 1
5414.3 2646.1 -13.3 329 0 12.9 12.3 14.0 3.5 2 0 4 5 5
5436.1 2621.2 -13.8 327 0 7.4 12.1 10.5 3.5 2 1 3 0 0
5433.4 2577.7 -14.6 143 0 11.7 8.3 10.5 3.5 2 0 3 1 1
5469.5 2591.6 -14.2 325 0 14.1 8.3 10.5 3.5 2 0 3 0 0
5497.0 2535.8 -14.1 45 0 9.2 12.0 10.5 3.5 2 1 3 2 2
5534.0 2571.9 -13.4 131 0 8.2 9.3 10.5 3.5 2 1 3 3 3
5560.8 2540.2 -13.2 236 0 24.7 9.7 10.5 3.5 2 0 3 2 2
5561.4 2507.8 -13.4 146 0 12.2 14.1 14.0 3.5 2 1 4 5 5
5618.9 2576.5 -12.5 240 0 5.9 7.9 10.5 3.5 2 1 3 3 3
5605.8 2596.8 -12.6 61 0 11.2 12.1 10.5 3.5 2 1 3 3 3
5581.9 2576.5 -13.0 67 0 7.8 14.0 10.5 3.5 2 1 3 4 4
5560.7 2563.2 -13.3 60 0 9.0 11.5 10.5 3.5 2 1 3 1 1
5549.5 2557.0 -13.4 54 0 10.7 10.9 10.5 3.5 2 1 3 4 4
5540.3 2612.0 -13.5 329 0 15.0 24.1 10.5 3.5 2 1 3 0 0
5423.4 2962.2 -10.8 205 0 6.8 9.8 10.5 3.5 2 1 3 5 5
5463.6 2956.3 -11.8 104 0 8.3 9.5 10.5 3.5 2 1 3 5 5
5486.2 2958.5 -13.2 190 0 7.2 13.2 10.5 3.5 2 1 3 0 0
5532.0 2974.5 -14.5 343 0 12.3 7.3 10.5 0.0 0 0 3 0 0
5524.9 2928.0 -13.1 82 0 7.3 8.7 10.5 3.5 2 1 3 4 4
5675.5 3095.0 -4.6 271 0 8.9 10.6 3.5 0.0 0 1 1 2 2
5769.0 3074.9 -1.9 94 0 8.0 10.1 3.5 3.5 2 1 1 5 5
5818.2 3068.7 -1.8 97 0 7.4 9.0 7.0 3.5 2 1 2 4 4
5730.4 2844.4 -9.9 232 0 7.6 8.8 10.5 3.5 2 1 3 4 4
5702.9 2815.4 -9.8 257 0 10.6 14.2 10.5 3.5 4 1 3 2 2
5692.8 2773.5 -9.5 93 0 12.0 7.5 10.5 3.5 2 0 3 2 2
5715.5 2719.3 -10.3 180 0 6.1 8.4 10.5 3.5 2 1 3 2 2
5778.8 2676.6 -11.1 83 0 11.5 9.2 10.5 3.5 2 0 3 1 1
5752.8 2671.8 -11.0 82 0 9.6 8.4 10.5 3.5 2 0 3 4 4
5805.5 2721.2 -10.8 268 0 8.6 8.1 10.5 3.5 2 0 3 1 1
6003.9 2634.6 -11.9 128 0 7.8 7.4 2.5 0.0 0 0 1 3 3
5982.8 2621.6 -11.1 296 0 5.8 9.3 5.0 2.5 2 1 2 3 3
5929.1 2690.2 -11.7 281 0 10.0 9.0 10.5 3.5 4 0 3 4 4
5827.4 2507.0 -10.5 236 0 9.4 12.0 7.0 0.0 0 1 2 0 0
5777.5 2614.6 -12.1 145 0 7.3 7.8 10.5 0.0 0 1 3 2 2
5775.6 2600.7 -12.2 233 0 9.0 8.2 10.5 3.5 2 0 3 1 1
5775.4 2562.8 -11.6 141 0 9.7 7.1 10.5 3.5 2 0 3 3 3
5870.3 2684.2 -11.4 90 0 7.2 6.2 10.5 3.5 2 0 3 4 4
5846.9 2678.0 -11.4 91 0 10.6 14.1 10.5 3.5 2 1 3 0 0
5863.4 2655.7 -11.2 260 0 11.0 17.6 14.0 3.5 2 1 4 4 4
5873.0 2633.2 -10.5 350 0 10.6 18.1 14.0 0.0 0 1 4 0 0
5844.4 2635.0 -10.5 261 0 16.5 12.8 14.0 3.5 4 0 4 4 4
5824.8 2639.3 -10.7 264 0 11.2 20.2 14.0 3.5 2 1 4 2 2
5744.2 2626.5 -11.4 326 0 10.7 8.5 10.5 3.5 4 0 3 2 2
5736.1 2621.2 -11.4 331 0 10.5 8.8 10.5 3.5 2 0 3 0 0
5677.6 2614.5 -11.5 240 0 9.1 11.1 10.5 3.5 2 1 3 4 4
5694.9 2591.5 -11.6 242 0 8.7 12.2 10.5 3.5 4 1 3 2 2
5713.4 2555.5 -12.1 65 0 5.7 7.1 10.5 3.5 2 1 3 4 4
5708.0 2565.1 -11.9 52 0 6.3 5.5 10.5 3.5 2 0 3 4 4
5668.9 2558.9 -12.0 240 0 6.2 6.7 10.5 3.5 4 1 3 2 2
5688.2 2539.4 -12.1 53 0 4.0 5.7 10.5 0.0 0 1 3 5 5
5684.2 2536.6 -12.1 56 0 4.3 6.3 10.5 3.5 2 1 3 3 3
5637.6 2512.4 -12.7 46 0 13.6 10.1 14.0 3.5 2 0 4 3 3
5609.8 2469.9 -13.2 147 0 12.4 12.5 14.0 3.5 2 1 4 4 4
5628.8 2446.0 -13.1 142 0 11.9 14.1 14.0 3.5 2 1 4 3 3
5645.0 2425.9 -13.1 143 0 12.5 10.2 14.0 3.5 2 0 4 1 1
5646.2 2350.1 -14.9 334 0 8.2 6.5 10.5 3.5 2 0 3 2 2
5635.9 2353.9 -14.9 333 0 7.3 7.5 10.5 3.5 2 1 3 3 3
5630.3 2372.3 -14.6 331 0 8.3 12.1 10.5 3.5 2 1 3 5 5
5641.4 2370.7 -14.4 337 0 5.9 7.4 10.5 3.5 2 1 3 3 3
5655.2 2384.3 -13.7 146 0 6.6 4.8 10.5 3.5 2 0 3 4 4
5695.3 2445.8 -12.2 248 0 6.1 8.9 10.5 3.5 2 1 3 0 0
5707.1 2414.4 -12.2 348 0 9.6 14.2 10.5 3.5 2 1 3 3 3
5778.6 2349.8 -12.9 52 0 8.1 8.6 10.5 3.5 2 1 3 0 0
5747.2 2393.6 -12.3 333 0 8.8 13.9 10.5 3.5 2 1 3 2 2
5766.4 2378.9 -12.4 323 0 7.0 11.3 10.5 3.5 2 1 3 0 0
5751.6 2350.5 -13.5 57 0 9.9 8.4 10.5 3.5 2 0 3 3 3
5733.7 2363.7 -13.4 47 0 11.3 9.8 10.5 3.5 2 0 3 5 5
5709.8 2355.8 -13.8 153 0 7.0 10.0 10.5 3.5 2 1 3 1 1
5701.9 2388.6 -13.0 155 0 9.5 13.6 10.5 3.5 2 1 3 5 5
5728.9 2390.1 -12.7 330 0 13.0 9.2 10.5 3.5 2 0 3 5 5
5694.0 2365.5 -13.8 152 0 12.1 32.2 14.0 3.5 2 1 4 1 1
5676.7 2378.1 -13.7 156 0 10.4 25.2 14.0 3.5 2 1 4 2 2
5677.9 2357.3 -14.2 155 0 10.3 16.5 14.0 3.5 2 1 4 3 3
5683.3 2344.4 -14.4 159 0 7.0 8.2 10.5 3.5 2 1 3 2 2
5691.5 2326.7 -14.8 153 0 12.4 10.2 14.0 3.5 2 0 4 4 4
5701.8 2306.0 -15.2 151 0 9.7 16.5 10.5 3.5 2 1 3 4 4
5754.8 2289.8 -14.8 323 0 3.9 6.8 10.5 3.5 2 1 3 0 0
5733.2 2255.5 -14.3 145 0 8.5 21.5 10.5 3.5 2 1 3 5 5
5782.1 2231.9 -15.1 327 0 8.0 5.8 10.5 3.5 2 0 3 2 2
5755.3 2244.9 -15.3 144 0 10.0 9.3 10.5 3.5 2 0 3 1 1
5709.6 2178.4 -17.0 246 0 8.9 9.3 10.5 3.5 4 1 3 2 2
5681.0 2170.9 -16.0 250 0 8.1 13.5 10.5 3.5 2 1 3 0 0
5671.8 2159.4 -15.4 239 0 7.0 5.7 10.5 3.5 2 0 3 3 3
5660.8 2160.7 -14.8 240 0 4.0 8.3 10.5 3.5 2 1 3 5 5
5674.7 2292.5 -16.0 242 0 10.4 6.5 10.5 3.5 2 0 3 5 5
5623.7 2262.7 -17.3 241 0 4.8 5.8 10.5 3.5 2 1 3 2 2
5589.1 2290.9 -17.0 331 0 6.1 4.8 10.5 3.5 2 0 3 0 0
5647.5 2231.8 -16.9 144 0 10.2 7.7 10.5 3.5 2 0 3 4 4
5586.1 2191.0 -17.5 148 0 6.3 8.5 10.5 3.5 2 1 3 1 1
5566.1 2240.4 -18.1 59 0 19.3 27.8 14.0 3.5 2 1 4 3 3
5736.3 2200.9 -16.6 328 0 7.3 6.2 10.5 3.5 2 0 3 2 2
5744.2 2190.1 -16.6 318 0 8.6 10.9 10.5 3.5 2 1 3 2 2
5760.8 2171.5 -16.4 331 0 9.0 11.8 10.5 3.5 2 1 3 1 1
5766.3 2198.6 -15.7 147 0 13.3 9.7 10.5 3.5 2 0 3 4 4
5781.2 2177.9 -15.5 153 0 9.3 17.8 10.5 3.5 2 1 3 2 2
5844.2 2197.0 -13.4 277 0 10.1 5.6 10.5 3.5 2 0 3 1 1
5829.2 2212.2 -13.9 251 0 6.8 7.9 10.5 3.5 4 1 3 5 5
5909.1 2166.1 -10.3 326 0 4.4 8.3 10.5 3.5 2 1 3 5 5
5905.3 2189.6 -10.3 324 0 7.9 12.2 10.5 0.0 0 1 3 1 1
5848.7 2131.9 -14.5 342 0 8.0 13.7 10.5 3.5 2 1 3 3 3
5781.8 2154.7 -16.1 326 0 8.8 15.3 10.5 0.0 0 1 3 5 5
5785.1 2078.7 -16.3 321 0 7.9 6.1 10.5 3.5 2 0 3 1 1
5737.2 2108.2 -17.3 246 0 6.9 7.1 10.5 3.5 2 1 3 1 1
5752.9 2041.1 -15.9 53 0 10.8 10.8 14.0 3.5 2 1 4 5 5
5781.0 2020.3 -14.2 244 0 7.0 5.9 10.5 3.5 4 0 3 1 1
5825.5 2049.3 -14.4 235 0 15.3 8.6 10.5 3.5 4 0 3 2 2
6052.7 1977.9 -10.7 321 0 7.8 10.7 2.5 2.5 2 1 1 1 1
6013.4 1947.3 -14.1 127 0 5.4 8.4 2.5 0.0 0 1 1 1 1
5996.9 1963.8 -14.1 131 0 11.1 15.9 2.5 2.5 2 1 1 1 1
6029.4 2001.2 -10.8 326 0 10.2 9.2 2.5 2.5 2 0 1 1 1
5965.8 1987.2 -14.3 143 0 8.0 7.5 2.5 2.5 2 0 1 4 4
5956.6 2018.8 -12.8 153 0 8.1 3.4 2.5 2.5 2 0 1 2 2
5999.1 2041.7 -9.6 346 0 5.9 8.4 2.5 0.0 0 1 1 1 1
5989.5 2067.2 -8.7 343 0 4.4 6.4 2.5 2.5 2 1 1 0 0
5981.9 2087.4 -8.5 251 0 6.9 8.1 2.5 2.5 2 1 1 0 0
5939.6 2040.2 -12.2 138 0 9.8 9.6 2.5 2.5 2 0 1 0 0
5922.3 2078.4 -11.5 244 0 13.4 9.6 2.5 2.5 2 0 1 5 5
5891.9 2040.9 -14.7 135 0 4.9 12.4 2.5 2.5 2 1 1 5 5
5859.9 1970.0 -12.8 240 0 6.7 7.4 10.5 0.0 0 1 3 3 3
5923.8 1982.1 -14.6 321 0 6.7 10.3 10.5 3.5 2 1 3 4 4
5882.4 2008.4 -14.0 315 0 8.0 8.8 10.5 3.5 2 1 3 0 0
5897.5 1995.7 -14.2 327 0 7.8 10.8 10.5 3.5 2 1 3 4 4
5909.9 1924.8 -13.3 135 0 14.0 13.7 14.0 3.5 2 0 4 0 0
5932.8 1957.4 -14.3 315 0 12.5 9.1 10.5 0.0 0 0 3 3 3
5951.7 1940.3 -14.4 319 0 11.4 13.9 14.0 3.5 2 1 4 2 2
5989.0 1881.3 -16.1 57 0 14.2 11.2 14.0 0.0 0 0 4 4 4
5992.8 1851.1 -16.6 33 0 7.3 6.5 10.5 3.5 4 0 3 2 2
6037.2 1905.9 -13.1 225 0 5.4 10.4 2.5 0.0 0 1 1 3 3
6038.0 1917.6 -13.0 144 0 10.5 28.3 2.5 2.5 2 1 1 4 4
6056.1 1888.6 -11.7 184 0 9.4 13.4 2.5 2.5 2 1 1 2 2
6068.9 1864.5 -11.8 9 0 11.9 14.1 2.5 2.5 2 1 1 3 3
6044.6 1858.8 -14.5 270 0 11.1 19.2 2.5 2.5 2 1 1 1 1
6024.2 1827.5 -16.1 208 0 13.6 22.7 2.5 2.5 2 1 1 4 4
5996.4 1796.4 -16.4 204 0 13.6 16.4 2.5 2.5 2 1 1 2 2
5970.4 1832.0 -16.2 45 0 7.9 12.5 10.5 3.5 2 1 3 3 3
5678.9 1264.0 -0.9 167 0 7.8 7.9 5.0 0.0 0 1 2 1 1
5663.5 1327.1 -2.6 181 0 5.2 5.5 5.0 2.5 2 1 2 4 4
5704.0 1347.2 -8.8 359 0 12.1 24.6 5.0 2.5 2 1 2 1 1
5667.1 1400.0 -12.6 191 0 10.9 9.2 5.0 2.5 2 0 2 0 0
5696.3 1387.4 -12.3 10 0 7.9 10.8 5.0 2.5 2 1 2 4 4
5695.7 1423.9 -14.3 276 0 8.8 21.4 5.0 2.5 2 1 2 3 3
5725.3 1398.2 -14.0 10 0 8.8 11.0 5.0 2.5 2 1 2 3 3
5755.1 1395.9 -14.7 202 0 8.5 14.0 5.0 2.5 2 1 2 4 4
5778.0 1389.0 -14.9 22 0 10.1 7.0 5.0 2.5 4 0 2 0 0
5756.0 1351.8 -12.3 176 0 7.4 15.7 5.0 2.5 2 1 2 4 4
5848.2 1379.9 -14.6 336 0 8.7 6.7 5.0 2.5 2 0 2 2 2
5940.5 1294.8 -10.7 251 0 9.4 6.8 5.0 2.5 2 0 2 3 3
5873.6 1303.2 -8.6 69 0 10.9 7.3 5.0 0.0 0 0 2 5 5
5887.4 1281.2 -6.9 151 0 8.9 13.2 5.0 2.5 2 1 2 1 1
5855.3 1244.2 -8.2 159 0 8.9 27.8 5.0 2.5 2 1 2 3 3
5859.7 1174.7 -7.8 56 0 10.5 15.4 5.0 2.5 2 1 2 0 0
5758.0 1285.5 -8.7 178 0 12.3 12.9 5.0 2.5 2 1 2 5 5
5770.8 1212.0 -7.1 259 0 10.7 4.7 5.0 2.5 2 0 2 4 4
5786.7 1251.5 -8.7 359 0 11.7 8.0 5.0 2.5 2 0 2 3 3
5804.1 1203.4 -9.1 235 0 9.2 9.6 5.0 2.5 2 1 2 2 2
5812.1 1164.9 -8.7 77 0 18.6 9.3 5.0 2.5 2 0 2 5 5
5720.3 1044.1 -4.2 47 0 6.3 5.6 7.5 2.5 2 0 3 0 0
5707.7 1048.4 -3.5 148 0 6.7 5.5 5.0 2.5 2 0 2 0 0
5717.5 1050.8 -3.7 56 0 4.3 6.4 5.0 2.5 4 1 2 5 5
5866.8 913.9 -12.5 133 0 8.2 10.5 5.0 2.5 2 1 2 1 1
5861.1 937.7 -11.1 131 0 7.5 5.6 5.0 2.5 2 0 2 3 3
5837.7 910.2 -12.0 306 0 5.7 8.6 5.0 2.5 2 1 2 4 4
5879.1 856.1 -13.5 124 0 7.7 10.2 5.0 2.5 4 1 2 0 0
6403.9 818.1 -3.6 208 0 9.7 8.9 2.5 2.5 2 0 1 2 2
6294.8 717.2 -7.5 317 0 12.8 7.9 5.0 2.5 2 0 2 2 2
6293.0 652.9 -8.3 232 0 15.2 6.9 2.5 2.5 4 0 1 4 4
6270.9 516.4 -8.8 51 0 12.6 11.6 7.5 2.5 4 0 3 2 2
6300.0 610.7 -6.7 133 0 4.9 9.2 2.5 2.5 4 1 1 1 1
6361.6 629.7 -9.0 51 0 14.3 9.9 2.5 2.5 4 0 1 4 4
6401.6 678.9 -7.4 319 0 5.5 12.8 2.5 2.5 2 1 1 2 2
6365.7 704.0 -9.5 119 0 9.8 9.7 2.5 2.5 2 0 1 1 1
6369.8 759.2 -8.5 223 0 16.6 7.6 2.5 2.5 2 0 1 2 2
5055.0 3213.8 -9.2 1 0 6.5 5.0 10.5 3.5 4 0 3 3 3
5051.0 3152.8 -9.1 349 0 6.5 13.6 10.5 3.5 2 1 3 4 4
5047.7 3214.9 -9.2 357 0 11.3 16.2 14.0 0.0 0 1 4 2 2
5044.1 3252.6 -9.2 355 0 8.1 15.6 10.5 3.5 4 1 3 2 2
5081.5 3294.6 -7.8 188 0 10.2 20.3 14.0 0.0 0 1 4 1 1
5110.8 3397.6 -5.7 249 0 9.9 13.5 10.5 3.5 2 1 3 3 3
5122.0 3418.2 -5.9 253 0 9.4 7.7 10.5 3.5 2 0 3 3 3
5109.6 3512.1 -8.7 188 0 8.8 12.3 10.5 3.5 2 1 3 1 1
5110.7 3500.5 -8.4 183 0 9.1 19.6 10.5 3.5 2 1 3 3 3
5194.3 3422.6 -4.6 263 0 12.3 8.5 10.5 0.0 0 0 3 5 5
5241.2 3438.9 -5.7 270 0 9.0 15.9 10.5 3.5 2 1 3 2 2
5300.0 3422.2 -4.7 1 0 10.4 7.4 10.5 3.5 2 0 3 2 2
5284.0 3405.7 -4.1 92 0 6.4 5.5 10.5 3.5 2 0 3 3 3
5280.7 3440.3 -5.5 267 0 9.3 11.0 10.5 3.5 2 1 3 2 2
5305.4 3536.9 -8.8 271 0 7.9 25.0 10.5 3.5 2 1 3 3 3
5298.5 3497.9 -8.5 180 0 14.3 9.7 10.5 3.5 4 0 3 1 1
5324.3 3504.5 -8.5 1 0 8.3 11.0 10.5 3.5 2 1 3 4 4
5332.5 3481.1 -8.1 92 0 8.6 22.4 10.5 3.5 2 1 3 1 1
5348.9 3324.9 -3.7 90 0 3.6 7.4 10.5 3.5 4 1 3 4 4
5376.3 3430.2 -6.8 270 0 11.8 17.7 14.0 3.5 2 1 4 5 5
5395.8 3423.8 -7.0 273 0 9.3 7.4 10.5 3.5 2 0 3 1 1
5449.7 3382.7 -7.1 357 0 5.4 7.2 10.5 3.5 2 1 3 0 0
5445.1 3394.8 -7.3 358 0 13.4 7.3 10.5 3.5 4 0 3 5 5
5438.9 3424.0 -8.0 266 0 7.5 20.7 10.5 3.5 2 1 3 2 2
5459.7 3396.6 -7.7 358 0 11.4 8.8 10.5 3.5 2 0 3 1 1
5458.9 3408.4 -8.0 358 0 9.2 10.0 10.5 3.5 4 1 3 4 4
5469.7 3349.4 -7.7 91 0 9.3 12.8 10.5 0.0 0 1 3 3 3
5469.3 3377.3 -7.8 270 0 9.6 14.2 10.5 3.5 2 1 3 3 3
5468.3 3392.7 -7.8 266 0 8.9 13.9 10.5 3.5 2 1 3 1 1
5472.3 3404.4 -8.0 355 0 13.2 10.3 14.0 3.5 2 0 4 1 1
5497.4 3367.4 -8.0 93 0 5.6 16.4 10.5 3.5 2 1 3 5 5
5487.2 3405.7 -7.9 186 0 14.0 15.0 14.0 0.0 0 1 4 1 1
5521.8 3425.1 -8.2 263 0 18.2 21.0 14.0 3.5 2 1 4 3 3
5504.5 3459.2 -7.9 86 0 4.1 9.3 10.5 3.5 2 1 3 0 0
5521.3 3473.3 -8.1 272 0 4.9 8.8 10.5 3.5 4 1 3 1 1
5534.3 3450.1 -8.3 92 0 6.1 10.4 10.5 3.5 2 1 3 3 3
5578.1 3416.5 -8.5 276 0 15.1 16.1 14.0 3.5 2 1 4 3 3
5630.7 3411.8 -8.9 271 0 3.3 4.8 10.5 3.5 2 1 3 1 1
5778.0 3603.9 -10.0 299 0 6.4 6.6 5.0 2.5 2 1 2 5 5
5725.7 3586.3 -10.3 124 0 6.7 22.3 5.0 2.5 4 1 2 4 4
5731.9 3492.6 -11.0 350 0 7.9 6.9 5.0 2.5 2 0 2 4 4
5704.9 3508.5 -11.0 274 0 4.6 6.7 5.0 2.5 2 1 2 5 5
5697.6 3467.4 -10.9 182 0 9.7 7.3 5.0 2.5 2 0 2 2 2
5816.1 3403.0 -9.8 274 0 8.0 10.2 2.5 2.5 2 1 1 3 3
5904.7 3394.9 -8.4 205 0 7.2 5.1 2.5 2.5 2 0 1 2 2
5937.5 3395.5 -6.5 271 0 8.6 11.7 2.5 2.5 2 1 1 2 2
5631.1 3283.9 -6.4 269 0 6.0 7.8 10.5 3.5 2 1 3 4 4
5660.6 3260.5 -4.4 15 0 7.9 9.0 10.5 3.5 2 1 3 4 4
5644.7 3288.9 -6.1 190 0 7.1 13.2 10.5 3.5 2 1 3 0 0
5709.6 3400.8 -9.9 188 0 10.8 8.3 2.5 2.5 2 0 1 3 3
5743.1 3397.8 -9.8 275 0 8.2 7.6 2.5 2.5 4 0 1 0 0
5743.7 3412.2 -10.5 276 0 6.9 8.1 2.5 0.0 0 1 1 5 5
5759.5 3406.8 -10.4 278 0 6.8 13.1 2.5 2.5 2 1 1 1 1
5771.1 3403.8 -10.2 275 0 7.7 8.0 2.5 0.0 0 1 1 0 0
5794.1 3402.2 -10.0 279 0 8.6 15.5 2.5 2.5 4 1 1 1 1
6016.6 3402.3 -4.8 274 0 5.8 8.4 5.0 2.5 2 1 2 2 2
6014.4 3387.9 -4.5 2 0 9.6 9.5 5.0 2.5 2 0 2 3 3
6082.9 3380.5 -3.7 273 0 13.2 17.3 2.5 2.5 4 1 1 5 5
6118.2 3455.8 -5.1 9 0 13.9 11.7 2.5 2.5 2 0 1 0 0
6116.4 3477.4 -3.7 1 0 12.8 10.9 2.5 2.5 2 0 1 3 3
6134.7 3456.3 -5.8 186 0 12.3 19.7 2.5 2.5 2 1 1 5 5
6136.6 3503.3 -3.0 179 0 9.8 11.8 2.5 2.5 2 1 1 2 2
6323.2 3944.6 1.9 8 0 7.3 13.4 2.5 2.5 2 1 1 2 2
6248.7 3956.0 5.1 92 0 18.9 26.6 2.5 0.0 0 1 1 2 2
6398.5 4348.8 2.2 94 0 6.9 6.3 7.5 2.5 2 0 3 2 2
6567.1 4221.3 -2.2 40 0 10.4 7.4 2.5 2.5 2 0 1 4 4
6649.1 4108.2 -8.6 220 0 10.0 25.4 10.0 0.0 0 1 4 4 4
6794.0 3939.0 -12.0 226 0 6.8 9.3 5.0 2.5 2 1 2 2 2
6799.5 3920.0 -12.0 46 0 10.7 18.0 7.5 2.5 2 1 3 2 2
6770.9 3910.7 -11.8 55 0 12.0 21.4 10.0 2.5 2 1 4 0 0
6647.1 3701.5 -9.4 71 0 6.8 9.3 5.0 2.5 2 1 2 3 3
6694.9 3647.7 -10.2 73 0 5.3 9.0 2.5 0.0 0 1 1 0 0
6698.5 3677.5 -10.3 234 0 12.1 21.5 2.5 2.5 2 1 1 2 2
6741.5 3763.2 -10.8 53 0 11.1 20.5 5.0 2.5 2 1 2 5 5
6760.4 3769.9 -11.0 55 0 8.5 7.9 5.0 0.0 0 0 2 4 4
6778.0 3780.3 -11.3 50 0 8.4 10.0 5.0 2.5 2 1 2 1 1
6758.1 3841.1 -11.5 166 0 5.1 3.3 5.0 2.5 2 0 2 4 4
6764.4 3838.5 -11.5 169 0 6.1 3.8 5.0 2.5 2 0 2 4 4
6796.8 3836.3 -11.8 355 0 17.3 18.4 5.0 0.0 0 1 2 5 5
4640.2 2811.4 -10.8 186 0 17.7 11.3 14.0 3.5 2 0 4 5 5
4632.3 2848.7 -10.5 187 0 7.6 13.1 10.5 3.5 2 1 3 4 4
4634.1 2793.9 -10.9 183 0 5.9 16.5 10.5 3.5 2 1 3 1 1
4633.3 2787.1 -10.9 188 0 6.1 15.3 10.5 3.5 2 1 3 2 2
4573.5 2808.5 -10.2 186 0 8.9 14.0 10.5 3.5 4 1 3 2 2
4603.6 2824.7 -10.3 5 0 10.8 22.7 10.5 3.5 2 1 3 2 2
4566.6 2851.0 -9.7 98 0 20.2 34.3 10.5 0.0 0 1 3 5 5
4528.8 2871.8 -9.5 188 0 34.9 19.2 10.5 0.0 0 0 3 4 4
4349.9 3845.0 -0.1 217 0 5.1 5.8 5.0 0.0 0 1 2 3 3
4373.6 3751.1 -2.6 81 0 6.7 5.4 5.0 2.5 2 0 2 5 5
4415.0 3661.3 -2.8 50 0 8.9 6.7 2.5 2.5 2 0 1 3 3
4407.0 3673.1 -2.6 50 0 8.9 6.7 2.5 2.5 2 0 1 0 0
4406.7 3697.2 -2.8 230 0 8.9 6.7 2.5 2.5 2 0 1 3 3
4422.8 3688.2 -2.9 320 0 6.7 8.9 2.5 2.5 2 1 1 4 4
4428.8 3672.2 -3.1 50 0 8.9 6.7 2.5 2.5 2 0 1 2 2
4435.3 3659.7 -3.1 230 0 8.9 6.7 2.5 2.5 2 0 1 3 3
4432.3 3640.2 -3.1 230 0 8.9 6.7 2.5 2.5 2 0 1 5 5
4422.5 3651.0 -3.1 230 0 8.9 6.7 2.5 2.5 2 0 1 1 1
4401.9 3651.0 -2.3 59 0 5.3 7.7 2.5 2.5 4 1 1 1 1
4394.3 3661.3 -2.2 59 0 5.2 7.7 2.5 0.0 0 1 1 5 5
4382.8 3678.8 -2.2 239 0 5.3 7.7 2.5 2.5 2 1 1 2 2
4394.3 3688.7 -2.5 239 0 5.3 7.7 2.5 2.5 2 1 1 3 3
4410.6 3641.2 -2.8 239 0 5.3 7.7 2.5 2.5 2 1 1 5 5
4417.7 3625.8 -3.1 149 0 7.7 5.2 2.5 2.5 2 0 1 4 4
4412.5 3622.5 -2.9 152 0 7.2 5.0 2.5 0.0 0 0 1 4 4
4516.4 3575.1 -2.1 267 0 8.5 8.4 5.0 2.5 2 0 2 3 3
4475.5 3572.6 -2.8 263 0 10.5 10.1 5.0 2.5 2 0 2 0 0
4456.8 3564.0 -3.2 268 0 6.6 8.4 5.0 2.5 2 1 2 0 0
4423.5 3601.1 -3.1 181 0 9.4 15.0 2.5 2.5 2 1 1 1 1
4390.4 3573.1 -3.3 343 0 7.1 7.7 2.5 2.5 2 1 1 2 2
4595.9 3399.0 0.1 102 0 4.8 10.1 7.5 2.5 2 1 3 1 1
4666.5 3392.3 -2.3 269 0 9.4 16.0 10.5 3.5 2 1 3 2 2
4668.8 3356.5 -3.0 88 0 11.5 17.0 14.0 3.5 2 1 4 2 2
4655.2 3343.5 -3.1 92 0 8.0 16.3 10.5 3.5 2 1 3 5 5
4642.3 3303.7 -4.0 11 0 8.4 9.2 10.5 3.5 2 1 3 2 2
4607.0 3270.7 -4.2 99 0 9.8 15.8 10.5 3.5 2 1 3 5 5
4447.0 3307.6 -5.2 95 0 7.2 6.7 5.0 2.5 2 0 2 2 2
4481.3 3352.3 -1.9 93 0 8.3 6.4 5.0 2.5 2 0 2 4 4
4484.6 3379.9 -1.0 272 0 5.2 7.9 5.0 2.5 2 1 2 5 5
4470.0 3357.8 -2.6 94 0 11.9 20.2 5.0 2.5 2 1 2 3 3
4412.2 3529.9 -4.3 170 0 11.2 11.6 5.0 0.0 0 1 2 2 2
4428.6 3464.5 -3.4 163 0 12.0 7.9 5.0 2.5 2 0 2 3 3
4417.6 3464.3 -4.2 168 0 7.7 8.6 5.0 2.5 2 1 2 2 2
4381.7 3460.8 -3.9 181 0 9.4 4.3 5.0 2.5 2 0 2 5 5
4378.9 3349.3 -4.5 91 0 4.6 6.9 5.0 2.5 2 1 2 4 4
4410.5 3383.6 -5.3 357 0 10.2 8.4 5.0 2.5 2 0 2 4 4
4408.3 3409.2 -4.9 0 0 5.8 8.6 5.0 2.5 2 1 2 3 3
4380.8 3363.6 -4.6 93 0 11.4 20.7 5.0 2.5 2 1 2 3 3
4370.1 3334.2 -3.7 270 0 6.2 8.2 2.5 2.5 2 1 1 1 1
4346.5 3327.0 -2.5 261 0 6.0 8.6 2.5 2.5 2 1 1 1 1
4347.7 3316.8 -1.9 269 0 6.8 9.1 2.5 0.0 0 1 1 0 0
4300.9 3285.9 1.2 359 0 9.4 11.8 5.0 2.5 2 1 2 1 1
4321.7 3292.8 0.1 184 0 10.6 4.9 2.5 2.5 2 0 1 5 5
4315.6 3317.4 -1.6 180 0 8.5 14.8 2.5 2.5 2 1 1 1 1
4316.1 3330.5 -2.3 182 0 10.9 15.7 2.5 2.5 2 1 1 5 5
4293.2 3366.8 -1.5 90 0 6.2 9.5 5.0 2.5 2 1 2 2 2
4252.1 3412.4 -0.5 175 0 6.8 17.8 5.0 2.5 2 1 2 5 5
4256.5 3377.6 -0.2 185 0 8.1 6.9 5.0 2.5 2 0 2 5 5
4204.9 3348.9 0.7 92 0 12.9 16.3 2.5 0.0 0 1 1 5 5
4251.1 3332.5 1.4 267 0 12.2 16.3 5.0 2.5 2 1 2 0 0
4235.2 3331.4 2.0 269 0 8.5 13.6 5.0 2.5 2 1 2 1 1
4198.6 3200.8 0.9 29 0 6.3 4.7 5.0 2.5 2 0 2 1 1
4218.5 3235.3 1.7 16 0 11.2 8.6 5.0 2.5 2 0 2 3 3
4212.7 3265.4 1.9 294 0 7.1 9.5 5.0 2.5 2 1 2 0 0
4213.5 3283.2 1.4 358 0 9.5 11.4 5.0 2.5 2 1 2 0 0
4175.4 3297.6 -0.1 177 0 7.7 14.8 5.0 2.5 2 1 2 0 0
4182.4 3323.4 0.2 272 0 14.5 17.5 5.0 0.0 0 1 2 3 3
4120.1 3832.0 3.8 17 0 6.9 6.7 7.5 2.5 2 0 3 4 4
3914.1 3585.5 -6.6 37 0 10.1 6.6 5.0 2.5 2 0 2 0 0
3717.7 3540.8 -1.5 25 0 4.2 6.1 7.5 2.5 2 1 3 0 0
3841.8 3586.6 -4.9 303 0 6.1 6.4 5.0 2.5 2 1 2 3 3
3826.8 3574.3 -3.9 203 0 4.0 5.9 5.0 2.5 2 1 2 4 4
3834.7 3556.4 -5.1 121 0 6.4 8.5 5.0 2.5 2 1 2 0 0
3895.2 3514.9 -6.6 36 0 11.9 8.1 7.5 2.5 2 0 3 0 0
4011.5 3208.2 2.4 180 0 8.4 7.8 2.5 2.5 2 0 1 2 2
3955.0 3234.8 3.9 91 0 4.2 8.3 2.5 2.5 2 1 1 4 4
3968.2 3306.1 -0.1 270 0 6.1 4.1 2.5 2.5 2 0 1 1 1
3994.3 3268.9 1.0 0 0 3.8 16.1 2.5 2.5 2 1 1 0 0
4032.2 3312.7 -1.5 267 0 9.2 6.7 2.5 2.5 2 0 1 5 5
4022.7 3321.2 -1.4 269 0 6.6 13.2 2.5 2.5 2 1 1 3 3
3988.2 3334.5 -2.5 88 0 7.8 9.0 2.5 0.0 0 1 1 2 2
3979.0 3316.8 -0.8 267 0 3.8 12.6 2.5 2.5 2 1 1 1 1
3968.3 3313.3 -0.6 271 0 6.9 5.5 2.5 0.0 0 0 1 1 1
3956.6 3314.6 -0.7 271 0 8.4 8.4 2.5 2.5 2 1 1 5 5
3937.4 3278.1 1.6 183 0 5.0 6.1 2.5 2.5 2 1 1 2 2
3926.5 3273.0 1.5 183 0 10.2 6.7 2.5 2.5 2 0 1 3 3
3921.8 3332.4 -3.1 88 0 10.2 24.9 2.5 2.5 4 1 1 5 5
3909.1 3328.8 -2.0 87 0 9.0 17.5 2.5 2.5 2 1 1 1 1
3913.4 3303.9 -0.4 1 0 7.1 7.1 5.0 2.5 2 0 2 1 1
3941.9 3315.4 -0.8 272 0 7.7 11.9 2.5 2.5 2 1 1 4 4
4017.0 3369.4 -3.9 359 0 8.9 20.7 2.5 0.0 0 1 1 1 1
3988.6 3400.0 -6.2 358 0 15.8 9.7 2.5 0.0 0 0 1 0 0
3984.0 3370.6 -5.3 90 0 10.2 19.1 2.5 2.5 4 1 1 0 0
3984.0 3355.8 -4.1 90 0 9.9 13.1 2.5 2.5 2 1 1 5 5
3966.3 3354.8 -4.0 89 0 19.2 13.5 2.5 2.5 4 0 1 2 2
3933.6 3430.4 -6.5 180 0 3.7 5.4 2.5 2.5 2 1 1 2 2
3939.9 3339.0 -6.6 87 0 7.1 88.2 2.5 2.5 2 1 1 3 3
3931.3 3440.0 -7.1 181 0 10.4 10.9 2.5 2.5 2 1 1 3 3
3982.7 3440.7 -7.3 270 0 7.4 28.9 2.5 2.5 2 1 1 4 4
3806.2 3307.6 -1.1 270 0 9.0 9.2 5.0 2.5 2 1 2 2 2
3836.3 3337.6 -1.7 85 0 6.7 8.2 5.0 2.5 2 1 2 4 4
3820.1 3332.6 -2.1 96 0 7.9 23.7 5.0 2.5 2 1 2 3 3
3804.9 3386.0 0.2 24 0 8.7 7.9 5.0 2.5 4 0 2 1 1
3810.0 3398.0 1.0 19 0 7.9 10.8 5.0 2.5 2 1 2 5 5
3781.1 3423.6 1.6 197 0 8.5 14.1 5.0 2.5 4 1 2 4 4
3397.2 3562.9 -6.1 308 0 7.7 12.0 5.0 2.5 2 1 2 1 1
3375.4 3535.2 -6.0 131 0 8.5 7.8 5.0 2.5 2 0 2 4 4
3246.9 3223.6 -9.9 136 0 6.8 8.5 7.5 2.5 2 1 3 4 4
3182.9 3266.7 -10.2 215 0 7.8 7.8 2.5 2.5 2 0 1 3 3
3168.3 3283.4 -10.3 39 0 9.0 7.9 2.5 2.5 2 0 1 5 5
3414.2 3066.2 -10.1 347 0 11.0 7.4 2.5 2.5 2 0 1 5 5
3415.4 3336.2 -10.3 41 0 8.4 8.0 5.0 2.5 4 0 2 5 5
3404.1 3324.6 -10.3 36 0 8.5 6.6 5.0 2.5 2 0 2 4 4
3384.5 3332.8 -10.3 132 0 7.8 9.9 5.0 0.0 0 1 2 3 3
3377.5 3353.6 -9.5 135 0 7.6 9.0 5.0 2.5 2 1 2 4 4
3401.7 3348.9 -9.9 37 0 8.4 7.7 5.0 2.5 2 0 2 5 5
3439.0 3374.4 -8.9 34 0 8.0 19.9 5.0 2.5 2 1 2 5 5
3423.6 3387.2 -8.9 33 0 12.1 36.3 5.0 2.5 2 1 2 4 4
3475.9 3427.1 -6.0 31 0 6.9 9.3 5.0 2.5 2 1 2 2 2
3459.2 3442.4 -7.0 310 0 11.8 7.9 5.0 2.5 2 0 2 2 2
3436.2 3504.7 -7.3 307 0 9.7 6.9 5.0 2.5 2 0 2 3 3
3442.8 3457.5 -8.0 301 0 13.0 8.3 5.0 2.5 2 0 2 4 4
3421.5 3467.0 -7.9 220 0 7.2 11.3 5.0 2.5 4 1 2 1 1
3404.0 3443.7 -8.3 219 0 9.4 11.4 5.0 2.5 2 1 2 0 0
3388.4 3422.9 -8.4 219 0 30.1 11.1 5.0 2.5 2 0 2 3 3
4844.0 2343.4 -17.8 247 0 51.4 28.9 14.0 0.0 0 0 4 2 2
4803.1 2320.5 -17.5 251 0 17.2 8.4 10.5 3.5 2 0 3 2 2
4776.8 2296.1 -17.7 70 0 24.7 20.2 14.0 3.5 2 0 4 3 3
4717.3 2334.6 -16.4 72 0 32.9 23.3 14.0 0.0 0 0 4 2 2
5600.4 2661.5 -11.6 234 0 6.8 13.4 10.5 3.5 2 1 3 1 1
5449.4 2676.7 -12.6 133 0 6.4 9.7 10.5 3.5 2 1 3 2 2
5475.5 2637.2 -13.0 157 0 8.0 11.5 10.5 3.5 2 1 3 0 0
5422.1 2543.7 -15.5 143 0 8.0 8.6 10.5 3.5 2 1 3 0 0
5444.5 2599.4 -14.1 336 0 7.5 7.4 10.5 3.5 2 0 3 4 4
5450.9 2592.7 -14.2 327 0 7.1 6.9 10.5 0.0 0 0 3 1 1
5297.6 2468.3 -16.2 93 0 6.9 5.3 10.5 3.5 2 0 3 2 2
5288.9 2462.8 -16.0 81 0 5.0 7.3 10.5 3.5 2 1 3 2 2
5232.5 2542.1 -13.0 290 0 6.1 7.3 10.5 3.5 2 1 3 3 3
5238.6 2537.6 -13.0 292 0 6.7 6.0 10.5 3.5 2 0 3 4 4
5259.5 2495.1 -14.4 204 0 9.7 8.6 10.5 3.5 2 0 3 0 0
5196.4 2534.7 -13.0 263 0 5.9 10.7 10.5 3.5 2 1 3 5 5
5223.1 2474.8 -14.9 287 0 9.6 12.1 10.5 3.5 4 1 3 3 3
5226.3 2442.2 -16.6 7 0 9.5 11.2 10.5 3.5 2 1 3 3 3
5201.5 2464.9 -15.4 283 0 12.0 6.0 10.5 3.5 2 0 3 2 2
5204.7 2480.2 -14.8 282 0 10.1 14.8 14.0 3.5 2 1 4 0 0
5134.1 2449.7 -15.2 91 0 5.7 8.9 10.5 3.5 4 1 3 3 3
5115.1 2462.0 -14.1 175 0 5.2 6.8 10.5 3.5 2 1 3 2 2
5115.1 2454.2 -15.0 181 0 7.6 5.5 10.5 3.5 4 0 3 4 4
5081.1 2442.5 -14.6 63 0 5.6 6.5 10.5 3.5 2 1 3 1 1
5100.8 2462.1 -13.9 359 0 9.1 12.4 10.5 3.5 2 1 3 0 0
5114.8 2474.5 -13.5 181 0 13.9 8.1 10.5 3.5 2 0 3 4 4
5118.0 2548.0 -12.4 183 0 12.1 14.6 14.0 0.0 0 1 4 2 2
5102.5 2558.9 -12.2 180 0 9.2 10.1 10.5 0.0 0 1 3 1 1
5105.0 2575.1 -12.1 180 0 8.3 8.7 10.5 3.5 2 1 3 3 3
5099.7 2585.6 -12.1 181 0 9.1 14.1 10.5 0.0 0 1 3 4 4
5100.3 2595.1 -12.1 181 0 8.4 17.0 10.5 3.5 2 1 3 3 3
5098.7 2618.3 -11.9 181 0 5.3 5.6 10.5 3.5 2 1 3 3 3
5105.5 2621.3 -12.0 181 0 11.5 9.2 10.5 0.0 0 0 3 1 1
5164.2 2661.1 -12.1 87 0 10.7 6.4 10.5 3.5 2 0 3 1 1
5167.4 2686.7 -12.0 275 0 7.8 9.2 10.5 0.0 0 1 3 5 5
5202.8 2671.7 -12.1 323 0 6.7 10.1 10.5 3.5 2 1 3 5 5
5229.8 2629.3 -12.4 43 0 7.2 8.4 10.5 3.5 2 1 3 5 5
5233.4 2684.6 -12.1 277 0 8.0 8.3 10.5 3.5 2 1 3 3 3
5231.7 2694.2 -12.0 268 0 13.6 8.7 10.5 3.5 2 0 3 3 3
5155.1 2862.3 -10.3 16 0 11.6 7.7 10.5 0.0 0 0 3 1 1
5119.5 2871.3 -9.9 184 0 11.3 13.2 10.5 3.5 2 1 3 2 2
5120.5 2845.6 -9.7 186 0 14.2 8.9 10.5 3.5 2 0 3 0 0
5109.7 2843.5 -9.4 181 0 5.9 4.5 10.5 3.5 2 0 3 3 3
5114.7 2812.4 -10.3 179 0 10.9 7.4 10.5 0.0 0 0 3 5 5
5025.2 2909.6 -9.1 179 0 12.9 12.4 14.0 3.5 2 0 4 1 1
5022.5 2945.6 -9.6 157 0 5.7 4.0 10.5 3.5 2 0 3 4 4
5044.5 2987.3 -9.7 260 0 6.2 7.8 10.5 3.5 2 1 3 4 4
5029.6 2976.7 -9.5 164 0 7.8 6.5 10.5 3.5 2 0 3 5 5
5012.4 2993.7 -9.1 212 0 7.3 13.2 10.5 3.5 2 1 3 5 5
5071.1 2952.8 -10.1 350 0 8.5 5.4 10.5 3.5 2 0 3 2 2
5080.0 2931.1 -9.9 342 0 11.7 8.9 10.5 3.5 2 0 3 2 2
5090.2 2887.0 -9.2 3 0 9.1 6.2 10.5 3.5 2 0 3 5 5
5091.0 2898.3 -9.4 0 0 8.0 5.8 10.5 3.5 4 0 3 5 5
5101.9 2897.1 -9.7 7 0 9.3 8.9 10.5 3.5 2 0 3 4 4
5064.6 2848.6 -9.0 88 0 13.3 23.7 14.0 3.5 2 1 4 2 2
5077.4 2848.0 -8.9 83 0 8.3 9.5 10.5 3.5 2 1 3 3 3
5088.6 2864.5 -8.7 358 0 8.5 13.5 10.5 3.5 2 1 3 1 1
5078.5 2792.9 -10.8 2 0 14.0 13.9 14.0 3.5 2 0 4 0 0
3812.6 2725.8 -12.6 41 0 9.7 9.4 2.5 2.5 2 0 1 1 1
3752.4 2730.8 -13.1 127 0 9.1 10.6 2.5 2.5 2 1 1 1 1
3649.2 2713.5 -14.1 309 0 7.3 8.8 5.0 0.0 0 1 2 2 2
3682.1 2698.1 -14.2 306 0 7.1 11.4 5.0 2.5 2 1 2 0 0
3705.8 2680.1 -14.3 30 0 7.6 6.6 5.0 2.5 2 0 2 5 5
3764.2 2549.5 -14.9 309 0 5.8 10.5 5.0 0.0 0 1 2 3 3
3806.4 2525.2 -14.9 306 0 7.4 12.8 5.0 2.5 2 1 2 4 4
3898.4 2665.4 -13.8 210 0 11.4 9.2 5.0 2.5 2 0 2 3 3
3872.0 2598.9 -13.4 31 0 19.8 7.5 5.0 2.5 2 0 2 2 2
3950.7 2630.4 -12.7 118 0 9.7 22.7 5.0 0.0 0 1 2 5 5
4066.4 2182.0 -13.0 31 0 7.8 5.7 5.0 2.5 2 0 2 4 4
4033.5 2155.4 -14.0 116 0 9.4 6.9 5.0 2.5 2 0 2 3 3
3972.6 2168.1 -15.3 127 0 13.0 10.4 5.0 2.5 2 0 2 1 1
3978.6 2213.3 -13.8 327 0 13.6 20.6 5.0 2.5 4 1 2 2 2
4713.1 2294.2 -17.4 341 0 7.4 18.4 10.5 3.5 2 1 3 0 0
4669.3 2255.3 -17.8 69 0 9.5 17.8 10.5 3.5 2 1 3 1 1
4464.0 2209.9 -17.0 339 0 16.9 16.5 5.0 2.5 2 0 2 0 0
4474.2 2256.8 -14.4 64 0 9.0 17.4 5.0 0.0 0 1 2 4 4
4458.5 2278.6 -13.1 159 0 10.4 10.5 5.0 2.5 2 1 2 0 0
4483.8 2259.0 -14.2 69 0 8.7 31.4 5.0 2.5 2 1 2 1 1
4493.0 2264.1 -13.8 69 0 9.2 27.2 5.0 2.5 2 1 2 0 0
4557.2 2403.8 -13.6 278 0 18.8 13.8 5.0 2.5 2 0 2 2 2
4570.6 2377.7 -14.1 6 0 7.7 19.2 5.0 2.5 2 1 2 2 2
4568.0 2358.0 -14.3 20 0 10.0 9.1 5.0 2.5 2 0 2 1 1
4587.5 2285.2 -16.4 142 0 6.1 7.2 10.5 3.5 4 1 3 5 5
4611.8 2282.8 -16.8 91 0 17.6 14.7 14.0 3.5 2 0 4 3 3
4616.9 2249.4 -17.7 250 0 16.2 10.3 14.0 3.5 2 0 4 5 5
4570.8 2216.8 -17.0 74 0 7.6 10.1 10.5 3.5 2 1 3 0 0
4526.6 2210.1 -17.4 161 0 7.3 10.3 10.5 3.5 2 1 3 1 1
4530.2 2240.4 -16.5 241 0 23.8 15.8 14.0 3.5 2 0 4 0 0
4528.6 2155.1 -17.2 217 0 8.2 4.9 10.5 0.0 0 0 3 1 1
4507.1 2126.9 -17.7 156 0 6.9 9.6 10.5 3.5 2 1 3 0 0
4496.2 2144.7 -17.6 164 0 5.4 7.2 10.5 3.5 2 1 3 3 3
4514.0 2149.3 -18.1 320 0 4.7 6.1 10.5 3.5 2 1 3 1 1
4511.7 2141.1 -18.0 245 0 7.8 6.5 10.5 3.5 2 0 3 2 2
4440.4 2068.7 -17.2 79 0 19.0 15.3 5.0 0.0 0 0 2 3 3
4428.1 2091.4 -16.1 353 0 10.0 31.6 5.0 2.5 2 1 2 2 2
4363.1 2229.5 -13.5 73 0 12.3 15.0 5.0 2.5 2 1 2 3 3
4349.1 2222.1 -13.4 74 0 11.8 23.3 5.0 2.5 2 1 2 2 2
4363.5 2123.5 -15.1 82 0 4.1 10.5 5.0 2.5 2 1 2 3 3
4365.8 2129.3 -15.0 174 0 12.0 7.2 5.0 2.5 2 0 2 5 5
4360.2 2189.0 -13.4 258 0 8.4 13.6 5.0 2.5 2 1 2 0 0
4302.2 2168.4 -15.5 253 0 5.9 9.2 5.0 2.5 4 1 2 2 2
4292.6 2180.9 -15.3 252 0 6.2 8.4 5.0 2.5 4 1 2 0 0
4268.8 2120.1 -18.2 34 0 13.9 12.0 5.0 2.5 2 0 2 1 1
4247.1 2146.0 -18.0 284 0 7.3 11.1 5.0 2.5 2 1 2 0 0
4253.1 2185.3 -15.2 72 0 5.3 9.7 5.0 2.5 2 1 2 2 2
4263.5 2189.3 -15.0 72 0 9.0 13.9 5.0 2.5 2 1 2 3 3
4254.8 2203.2 -14.3 69 0 8.8 13.1 5.0 2.5 2 1 2 0 0
4220.8 2186.2 -15.4 100 0 8.8 8.0 5.0 2.5 2 0 2 4 4
4218.3 2144.5 -17.7 290 0 7.6 10.1 5.0 2.5 4 1 2 3 3
4223.3 2156.8 -17.6 292 0 8.1 10.2 5.0 0.0 0 1 2 1 1
4188.7 2156.7 -16.8 293 0 8.6 9.7 5.0 0.0 0 1 2 1 1
4201.8 2180.6 -15.9 106 0 9.3 16.9 5.0 2.5 2 1 2 2 2
4170.1 2203.8 -14.9 118 0 7.7 13.5 5.0 2.5 2 1 2 3 3
4157.1 2207.1 -14.9 125 0 10.3 13.2 5.0 2.5 2 1 2 0 0
4145.2 2215.5 -14.5 118 0 11.6 14.9 5.0 2.5 2 1 2 0 0
4122.5 2233.7 -13.7 129 0 6.9 7.9 5.0 2.5 2 1 2 5 5
4094.7 2223.1 -14.0 303 0 7.4 11.2 5.0 2.5 2 1 2 1 1
4108.0 2214.2 -14.4 303 0 8.9 6.3 5.0 2.5 2 0 2 3 3
4109.6 2237.7 -13.6 119 0 7.4 12.9 5.0 2.5 2 1 2 3 3
4100.0 2241.7 -13.4 119 0 5.1 12.6 5.0 2.5 2 1 2 1 1
4092.7 2203.5 -13.8 294 0 10.4 19.7 5.0 2.5 2 1 2 5 5
4076.5 2221.6 -13.3 303 0 6.0 6.8 5.0 2.5 4 1 2 0 0
4056.8 2245.8 -12.8 296 0 7.0 6.1 5.0 2.5 2 0 2 1 1
4078.6 2232.2 -13.5 300 0 13.4 6.7 5.0 2.5 2 0 2 3 3
4084.4 2257.4 -12.7 122 0 7.5 8.2 5.0 2.5 2 1 2 5 5
4074.1 2266.5 -12.4 120 0 14.9 13.3 5.0 2.5 2 0 2 0 0
4064.2 2300.6 -11.6 298 0 9.0 5.4 5.0 2.5 2 0 2 4 4
4035.0 2302.1 -12.1 125 0 11.0 13.9 5.0 2.5 2 1 2 5 5
4050.0 2281.2 -12.0 122 0 9.6 8.7 5.0 2.5 2 0 2 1 1
4027.0 2257.7 -12.1 212 0 8.8 10.5 5.0 2.5 2 1 2 3 3
4015.7 2273.2 -12.0 301 0 8.1 13.4 5.0 2.5 2 1 2 3 3
3992.2 2317.4 -12.8 118 0 10.5 11.3 5.0 2.5 2 1 2 5 5
3977.9 2316.4 -12.6 124 0 7.4 13.1 5.0 0.0 0 1 2 2 2
3994.0 2283.4 -12.0 301 0 6.9 10.8 5.0 2.5 2 1 2 2 2
3972.1 2297.2 -12.1 300 0 9.9 9.8 5.0 2.5 2 0 2 1 1
3951.9 2309.1 -12.2 297 0 16.2 14.2 5.0 2.5 2 0 2 5 5
3927.9 2339.4 -12.2 118 0 7.3 7.9 5.0 2.5 2 1 2 5 5
3938.0 2346.2 -12.9 116 0 9.7 19.0 5.0 0.0 0 1 2 0 0
3935.5 2318.7 -12.2 299 0 9.1 12.6 5.0 2.5 2 1 2 5 5
3909.1 2334.4 -12.2 301 0 7.3 12.4 5.0 2.5 2 1 2 4 4
3892.1 2321.9 -12.1 308 0 7.9 8.1 5.0 0.0 0 1 2 4 4
3899.1 2365.7 -12.4 120 0 7.9 7.4 5.0 2.5 2 0 2 0 0
3884.1 2395.8 -13.2 123 0 13.6 18.5 5.0 0.0 0 1 2 2 2
3857.7 2406.8 -13.1 122 0 10.0 9.5 5.0 2.5 2 0 2 3 3
3877.9 2276.8 -11.3 37 0 11.4 9.1 5.0 2.5 2 0 2 5 5
3843.9 2259.5 -12.5 33 0 11.6 9.9 5.0 2.5 4 0 2 2 2
3804.3 2289.2 -14.6 136 0 12.0 4.0 5.0 2.5 2 0 2 1 1
3792.7 2294.1 -14.4 134 0 3.7 8.3 5.0 2.5 4 1 2 2 2
3828.8 2314.8 -13.9 317 0 10.0 25.6 5.0 2.5 2 1 2 0 0
3807.0 2327.8 -11.1 314 0 4.9 8.1 5.0 2.5 2 1 2 5 5
3844.8 2354.7 -12.3 34 0 9.4 8.7 2.5 2.5 2 0 1 1 1
3827.7 2370.0 -12.3 210 0 9.3 9.7 2.5 2.5 2 1 1 0 0
3828.5 2409.0 -12.9 123 0 7.4 8.0 5.0 2.5 2 1 2 1 1
3817.0 2423.3 -13.0 125 0 9.7 5.0 5.0 2.5 4 0 2 5 5
3822.0 2378.0 -12.3 36 0 12.8 5.1 5.0 2.5 2 0 2 3 3
3785.3 2331.5 -10.8 300 0 9.8 12.5 5.0 2.5 2 1 2 2 2
3696.7 2365.8 -11.0 214 0 7.0 5.5 5.0 2.5 2 0 2 0 0
3710.0 2357.1 -11.3 124 0 10.9 13.5 5.0 2.5 2 1 2 1 1
3731.8 2338.6 -11.1 123 0 8.9 19.8 5.0 2.5 2 1 2 2 2
3791.5 2444.1 -13.3 120 0 12.4 15.5 5.0 2.5 2 1 2 4 4
3767.1 2451.8 -13.1 117 0 8.9 16.0 5.0 2.5 2 1 2 0 0
3740.7 2410.2 -11.9 305 0 7.5 7.1 5.0 2.5 2 0 2 3 3
3740.0 2461.6 -12.8 129 0 11.2 9.9 5.0 2.5 2 0 2 1 1
3728.2 2435.0 -12.1 304 0 14.4 9.6 5.0 2.5 2 0 2 0 0
3708.0 2412.1 -11.9 120 0 6.3 14.4 5.0 2.5 2 1 2 0 0
3713.2 2452.9 -12.1 302 0 8.0 5.9 5.0 2.5 2 0 2 4 4
3705.8 2459.2 -12.1 303 0 8.1 7.9 5.0 2.5 2 0 2 5 5
3723.6 2471.6 -12.8 122 0 8.1 10.7 5.0 2.5 2 1 2 3 3
3687.8 2469.9 -12.1 303 0 10.9 11.6 5.0 0.0 0 1 2 5 5
3699.3 2470.2 -12.2 300 0 5.2 8.5 5.0 2.5 2 1 2 4 4
3703.3 2481.1 -12.6 120 0 10.1 8.8 5.0 2.5 2 0 2 1 1
3661.7 2485.2 -12.0 307 0 6.8 8.0 5.0 2.5 2 1 2 2 2
3674.0 2503.2 -12.8 124 0 11.1 13.5 5.0 2.5 4 1 2 0 0
3662.5 2505.5 -12.5 122 0 6.7 9.1 5.0 2.5 2 1 2 1 1
3656.1 2511.4 -12.6 122 0 6.5 9.8 5.0 2.5 2 1 2 1 1
3649.0 2531.6 -12.9 120 0 4.0 4.7 5.0 2.5 4 1 2 3 3
3678.1 2550.7 -13.7 315 0 7.0 12.2 5.0 2.5 2 1 2 0 0
3645.0 2495.9 -12.0 302 0 12.4 11.4 5.0 2.5 4 0 2 5 5
3626.9 2510.0 -12.1 301 0 6.9 10.8 5.0 2.5 2 1 2 4 4
3634.8 2524.4 -12.6 121 0 12.3 9.4 5.0 2.5 2 0 2 2 2
3607.5 2540.1 -12.6 121 0 9.3 6.4 5.0 2.5 2 0 2 5 5
3615.4 2531.6 -12.4 117 0 9.3 6.7 5.0 2.5 4 0 2 0 0
3570.1 2639.4 -14.1 215 0 6.3 12.9 5.0 2.5 2 1 2 0 0
3577.3 2484.3 -11.5 30 0 7.4 12.2 5.0 2.5 2 1 2 2 2
3546.0 2490.4 -11.3 201 0 10.2 6.9 5.0 2.5 2 0 2 5 5
3591.1 2499.5 -12.0 23 0 15.4 9.2 5.0 2.5 2 0 2 1 1
3589.2 2555.6 -13.0 116 0 7.6 9.7 5.0 2.5 2 1 2 5 5
3581.0 2537.5 -12.4 300 0 10.6 7.9 5.0 2.5 2 0 2 4 4
3555.7 2550.0 -12.3 302 0 8.5 11.6 5.0 2.5 2 1 2 0 0
3559.0 2565.5 -13.1 123 0 9.4 22.9 5.0 2.5 2 1 2 1 1
3540.0 2559.2 -12.2 303 0 7.6 7.7 5.0 0.0 0 1 2 3 3
3515.4 2572.7 -12.1 290 0 8.1 4.5 5.0 2.5 2 0 2 1 1
3487.0 2576.2 -11.8 295 0 9.3 7.7 5.0 2.5 2 0 2 2 2
3475.3 2627.3 -12.6 117 0 10.5 6.3 5.0 2.5 2 0 2 4 4
3544.9 2580.7 -12.8 121 0 6.7 9.0 5.0 2.5 2 1 2 5 5
4882.5 3359.6 -7.3 91 0 9.8 22.2 10.5 3.5 2 1 3 2 2
4866.6 3357.5 -7.1 89 0 19.1 30.0 14.0 3.5 2 1 4 3 3
4813.4 3357.8 -6.0 95 0 8.5 25.9 10.5 3.5 2 1 3 5 5
4814.3 3539.3 -4.0 92 0 5.2 10.6 10.5 3.5 2 1 3 1 1
4830.1 3535.1 -4.9 93 0 18.2 9.7 10.5 3.5 4 0 3 0 0
4802.2 3580.8 -4.4 279 0 10.4 25.2 14.0 3.5 2 1 4 5 5
4805.9 3532.0 -3.9 359 0 40.9 14.8 14.0 3.5 2 0 4 3 3
4831.1 3475.5 -5.7 185 0 13.2 10.1 14.0 3.5 2 0 4 2 2
4855.8 3463.7 -7.2 98 0 13.0 19.3 14.0 3.5 2 1 4 5 5
4906.9 3356.8 -7.7 92 0 7.5 13.1 10.5 3.5 2 1 3 1 1
4959.9 3374.4 -8.9 7 0 30.9 11.6 14.0 3.5 2 0 4 2 2
4970.8 3371.2 -9.1 177 0 17.8 9.5 10.5 3.5 4 0 3 0 0
4956.3 3281.7 -8.2 1 0 9.2 6.3 10.5 0.0 0 0 3 3 3
4953.7 3312.1 -8.4 271 0 12.6 24.2 14.0 3.5 4 1 4 5 5
4954.3 3326.1 -8.4 267 0 10.4 11.9 14.0 3.5 2 1 4 3 3
4938.7 3312.6 -8.1 272 0 11.7 28.3 14.0 3.5 2 1 4 4 4
4912.6 3334.6 -7.6 267 0 5.0 15.5 10.5 3.5 2 1 3 2 2
4918.1 3313.8 -7.7 269 0 12.6 11.6 14.0 3.5 2 0 4 4 4
4912.5 3280.8 -7.7 179 0 40.4 14.1 14.0 3.5 2 0 4 5 5
5071.5 3464.1 -8.7 3 0 10.1 12.0 14.0 3.5 2 1 4 3 3
5088.9 3477.6 -8.9 6 0 8.8 20.1 10.5 3.5 2 1 3 1 1
5078.4 3518.2 -9.2 279 0 9.1 11.6 10.5 3.5 2 1 3 4 4
5133.8 3620.5 -6.2 213 0 5.9 6.8 5.0 2.5 2 1 2 1 1
5091.0 3622.0 -5.6 6 0 12.8 6.5 10.5 3.5 2 0 3 4 4
5092.9 3644.5 -4.5 18 0 8.4 6.7 10.5 3.5 2 0 3 2 2
5099.6 3644.9 -4.6 14 0 8.1 5.1 10.5 3.5 2 0 3 2 2
5113.8 3672.5 -3.7 7 0 7.8 7.4 10.5 3.5 2 0 3 5 5
5090.5 3711.1 -1.9 185 0 7.9 7.0 10.5 3.5 2 0 3 3 3
5105.2 3732.0 -1.6 17 0 4.9 5.4 10.5 3.5 2 1 3 2 2
5116.6 4055.9 3.8 271 0 3.9 7.6 2.5 2.5 2 1 1 4 4
5076.4 4048.2 5.1 272 0 9.2 8.3 2.5 2.5 2 0 1 4 4
5068.8 4001.8 3.4 182 0 9.2 8.9 2.5 2.5 2 0 1 1 1
5108.2 3972.0 0.9 65 0 5.7 5.5 2.5 2.5 2 0 1 0 0
5150.2 3993.0 -0.1 76 0 4.6 5.1 2.5 2.5 2 1 1 4 4
5127.0 3979.5 0.3 93 0 8.0 10.5 2.5 2.5 4 1 1 1 1
5118.8 4030.3 1.9 274 0 23.2 13.8 2.5 2.5 2 0 1 3 3
5155.4 4026.9 0.8 2 0 5.8 9.3 2.5 2.5 2 1 1 2 2
5198.6 4018.4 1.6 189 0 5.7 6.2 5.0 2.5 2 1 2 2 2
5166.7 4044.7 1.0 1 0 7.5 6.8 2.5 2.5 2 0 1 4 4
5164.4 4058.5 1.4 6 0 15.1 9.7 2.5 2.5 2 0 1 2 2
5173.1 4088.6 2.4 10 0 12.6 10.9 2.5 0.0 0 0 1 3 3
5216.7 4052.4 3.2 186 0 11.5 9.2 5.0 2.5 2 0 2 0 0
5239.3 4049.4 4.0 0 0 4.8 5.1 5.0 2.5 2 1 2 5 5
5230.0 4075.4 4.3 279 0 5.9 7.3 5.0 2.5 2 1 2 4 4
5192.9 4134.3 4.9 11 0 6.9 4.4 2.5 2.5 2 0 1 3 3
5230.9 4146.6 6.6 265 0 8.9 4.3 5.0 2.5 2 0 2 5 5
5173.8 4272.6 -1.1 93 0 6.6 8.8 2.5 2.5 2 1 1 1 1
5164.7 4296.7 -1.6 171 0 11.0 7.1 7.5 2.5 2 0 3 0 0
5165.2 4319.0 -1.9 271 0 10.3 9.0 7.5 2.5 2 0 3 4 4
5138.1 4440.5 -2.1 178 0 9.8 33.6 5.0 2.5 2 1 2 2 2
5159.5 4566.3 4.3 156 0 10.6 10.2 2.5 2.5 2 0 1 4 4
4917.2 4920.1 -1.6 176 0 8.7 7.1 5.0 2.5 4 0 2 1 1
4993.8 4769.2 1.1 356 0 5.4 7.3 5.0 2.5 2 1 2 2 2
5102.0 4854.0 5.0 150 0 5.0 6.9 5.0 2.5 2 1 2 5 5
5078.7 4857.1 3.2 25 0 6.1 7.4 2.5 2.5 4 1 1 0 0
5076.3 4887.4 4.0 359 0 7.1 6.1 2.5 2.5 2 0 1 5 5
5087.1 4883.0 4.4 359 0 8.1 8.4 2.5 0.0 0 1 1 4 4
5093.9 4900.6 5.3 5 0 7.4 10.3 2.5 2.5 2 1 1 3 3
5181.8 4991.5 9.6 354 0 5.3 6.1 7.5 2.5 2 1 3 1 1
5141.7 4934.8 8.5 349 0 7.4 6.3 5.0 2.5 2 0 2 4 4
5128.2 4943.6 7.8 277 0 6.7 6.4 5.0 2.5 2 0 2 5 5
4892.8 4688.9 1.2 263 0 6.2 8.9 5.0 2.5 2 1 2 3 3
4906.2 4691.6 1.7 262 0 7.2 7.9 5.0 2.5 2 1 2 4 4
4939.8 4728.1 1.7 87 0 6.3 7.9 5.0 2.5 2 1 2 1 1
4936.0 4698.8 2.7 250 0 5.3 6.2 5.0 0.0 0 1 2 4 4
4949.0 4849.7 0.0 347 0 11.8 5.5 5.0 2.5 2 0 2 2 2
4976.3 4928.0 -0.8 154 0 10.0 6.2 5.0 2.5 2 0 2 2 2
5024.5 4958.4 2.0 71 0 9.1 8.8 5.0 0.0 0 0 2 3 3
5041.8 4964.9 3.2 88 0 7.3 6.6 5.0 2.5 2 0 2 5 5
5089.6 5022.1 6.1 182 0 8.1 11.2 5.0 2.5 2 1 2 2 2
5040.6 5085.2 10.0 145 0 10.9 6.1 5.0 2.5 2 0 2 0 0
5062.1 5015.3 3.9 1 0 8.1 7.6 5.0 2.5 2 0 2 0 0
5064.7 5004.6 3.3 324 0 8.9 6.6 5.0 2.5 2 0 2 4 4
5005.2 5013.2 1.2 246 0 8.0 6.0 5.0 2.5 2 0 2 5 5
5000.8 5023.1 1.9 247 0 7.0 8.4 5.0 2.5 2 1 2 0 0
4955.2 4999.5 -0.9 132 0 8.4 7.3 5.0 2.5 2 0 2 0 0
4963.2 5124.6 5.2 308 0 5.3 6.2 5.0 2.5 2 1 2 1 1
4943.9 5102.9 3.1 156 0 7.0 6.5 5.0 0.0 0 0 2 1 1
4951.2 5072.5 1.8 152 0 10.5 9.2 5.0 2.5 2 0 2 0 0
4982.0 5049.0 1.3 69 0 15.2 10.1 5.0 2.5 2 0 2 1 1
5212.9 3916.0 0.2 109 0 12.4 10.8 7.5 2.5 2 0 3 0 0
5166.2 3703.1 -4.1 81 0 9.0 11.0 5.0 2.5 2 1 2 3 3
5142.6 3751.0 -3.2 186 0 8.9 15.6 5.0 2.5 2 1 2 1 1
5147.9 3767.0 -3.1 199 0 13.8 13.9 5.0 2.5 2 1 2 0 0
5199.3 3772.7 -4.9 281 0 30.0 16.1 5.0 2.5 2 0 2 0 0
6186.6 3453.3 -6.2 355 0 14.5 9.5 2.5 2.5 2 0 1 4 4
6176.9 3391.2 -4.2 272 0 7.4 13.4 5.0 2.5 2 1 2 5 5
6325.4 3415.7 -9.8 244 0 9.9 11.6 5.0 2.5 2 1 2 3 3
6372.3 3407.8 -11.2 59 0 9.1 7.6 5.0 2.5 2 0 2 5 5
6354.5 3472.8 -9.7 326 0 7.6 10.5 5.0 0.0 0 1 2 3 3
6331.4 3511.3 -7.6 341 0 10.4 14.5 5.0 0.0 0 1 2 4 4
6327.8 3522.6 -6.6 346 0 7.8 11.4 5.0 0.0 0 1 2 4 4
6349.6 3529.3 -6.5 160 0 9.4 6.7 5.0 2.5 2 0 2 5 5
6404.5 3557.9 -6.0 250 0 10.6 21.5 5.0 2.5 2 1 2 4 4
6455.3 3481.6 -10.2 59 0 9.6 8.3 2.5 2.5 2 0 1 2 2
6462.4 3604.8 -8.7 231 0 8.5 9.2 5.0 2.5 4 1 2 0 0
6484.2 3568.1 -9.5 52 0 9.2 14.6 5.0 2.5 4 1 2 2 2
6511.7 3576.8 -10.5 61 0 5.6 6.6 5.0 2.5 2 1 2 1 1
6516.8 3598.0 -10.9 58 0 7.4 10.6 5.0 2.5 4 1 2 4 4
6509.1 3589.0 -10.6 55 0 9.5 16.8 5.0 2.5 2 1 2 5 5
6538.4 3531.4 -8.3 56 0 6.5 13.0 2.5 2.5 2 1 1 0 0
6552.7 3543.4 -8.6 325 0 13.7 6.2 2.5 2.5 2 0 1 0 0
6571.5 3672.8 -10.1 235 0 9.6 9.3 5.0 2.5 2 0 2 1 1
6604.8 3616.9 -11.0 227 0 10.8 11.8 2.5 2.5 2 1 1 5 5
5086.6 2508.8 -11.8 1 0 7.9 11.5 10.5 3.5 4 1 3 3 3
5089.1 2496.9 -12.1 1 0 10.7 11.0 14.0 3.5 2 1 4 0 0
5066.2 2510.7 -11.2 2 0 8.0 9.2 10.5 3.5 2 1 3 3 3
5077.5 2536.7 -12.1 354 0 9.1 8.2 10.5 3.5 2 0 3 5 5
5074.8 2557.6 -12.4 1 0 11.1 10.1 14.0 3.5 2 0 4 0 0
5089.7 2565.5 -12.4 2 0 12.1 10.5 14.0 3.5 2 0 4 2 2
5051.1 2612.5 -13.0 4 0 11.0 9.7 10.5 3.5 2 0 3 4 4
5064.3 2581.1 -12.7 3 0 7.2 4.9 10.5 3.5 2 0 3 5 5
5074.9 2579.3 -12.6 1 0 11.0 9.6 10.5 3.5 2 0 3 3 3
5073.8 2599.2 -12.5 359 0 10.2 7.8 10.5 3.5 2 0 3 2 2
5078.9 2617.8 -12.4 1 0 10.7 10.4 14.0 3.5 2 0 4 5 5
5081.2 2638.8 -12.3 2 0 12.2 10.7 14.0 3.5 2 0 4 0 0
5083.4 2664.3 -12.5 6 0 13.1 21.3 14.0 3.5 2 1 4 4 4
5088.7 2689.3 -12.0 3 0 12.3 8.2 10.5 3.5 4 0 3 2 2
5078.9 2689.6 -12.4 357 0 13.2 17.9 14.0 3.5 2 1 4 4 4
5080.6 2706.5 -12.2 3 0 15.4 12.3 14.0 0.0 0 0 4 0 0
5087.1 2728.8 -12.2 1 0 11.7 18.0 14.0 3.5 2 1 4 5 5
4734.6 3109.5 -8.6 357 0 7.9 17.3 10.5 3.5 2 1 3 0 0
4774.0 3147.2 -8.3 359 0 9.0 10.1 10.5 3.5 2 1 3 2 2
4775.4 3132.6 -8.5 358 0 8.0 13.5 10.5 3.5 2 1 3 0 0
4781.9 3105.6 -9.0 9 0 9.4 11.4 10.5 3.5 2 1 3 1 1
4779.4 3092.3 -9.2 11 0 10.4 13.9 14.0 3.5 2 1 4 4 4
4777.9 3078.9 -9.3 13 0 8.3 13.6 10.5 0.0 0 1 3 0 0
4748.6 3031.8 -9.8 17 0 9.0 9.6 10.5 3.5 4 1 3 0 0
4771.5 3048.4 -9.7 15 0 8.9 8.8 10.5 3.5 2 0 3 5 5
4800.8 3067.0 -9.2 281 0 9.4 6.7 10.5 3.5 2 0 3 1 1
4875.9 2901.6 -10.7 353 0 5.3 7.2 10.5 3.5 2 1 3 4 4
4881.0 2959.2 -7.7 263 0 11.8 8.9 10.5 3.5 2 0 3 3 3
4917.4 2903.4 -9.5 357 0 10.5 11.3 14.0 3.5 2 1 4 1 1
4904.1 2901.2 -9.9 358 0 11.4 7.2 10.5 3.5 4 0 3 1 1
4919.5 2866.9 -10.6 2 0 8.8 11.1 10.5 3.5 2 1 3 4 4
4872.3 2828.3 -11.4 89 0 13.0 9.0 10.5 3.5 2 0 3 5 5
4898.5 2794.2 -11.5 276 0 8.5 14.0 10.5 3.5 4 1 3 1 1
4866.9 2742.4 -11.8 94 0 8.7 7.7 10.5 3.5 2 0 3 4 4
4856.7 2743.2 -11.9 89 0 8.2 9.9 10.5 3.5 2 1 3 5 5
4842.5 2760.6 -11.9 270 0 6.1 9.5 10.5 3.5 2 1 3 1 1
4835.9 2769.1 -11.9 271 0 6.0 7.1 10.5 3.5 2 1 3 4 4
4841.4 2794.5 -11.8 268 0 8.8 18.1 10.5 3.5 4 1 3 5 5
4801.7 2811.5 -11.8 85 0 6.6 6.0 10.5 3.5 4 0 3 4 4
4802.2 2803.2 -11.8 90 0 6.8 4.5 10.5 3.5 4 0 3 3 3
4810.3 2803.5 -11.8 87 0 6.3 15.6 10.5 3.5 2 1 3 5 5
4826.4 2809.3 -11.7 99 0 6.0 14.6 10.5 3.5 4 1 3 0 0
4805.6 2855.0 -11.5 95 0 7.2 7.9 10.5 3.5 2 1 3 5 5
4777.7 2867.8 -11.4 162 0 7.7 6.8 10.5 0.0 0 0 3 4 4
4704.3 2788.4 -11.1 3 0 10.8 8.6 10.5 3.5 2 0 3 2 2
4729.8 2793.5 -11.2 358 0 7.0 11.0 10.5 3.5 2 1 3 5 5
4760.3 2796.3 -11.6 166 0 5.4 7.8 10.5 3.5 2 1 3 3 3
4747.7 2812.3 -11.4 176 0 6.5 10.6 10.5 3.5 2 1 3 5 5
4747.5 2820.6 -11.4 171 0 7.9 12.0 10.5 3.5 2 1 3 5 5
4748.2 2868.1 -11.2 186 0 10.1 14.3 14.0 3.5 2 1 4 3 3
4736.1 2908.7 -10.7 11 0 13.8 9.1 10.5 3.5 4 0 3 0 0
4804.1 2956.4 -11.3 286 0 10.1 40.6 14.0 3.5 2 1 4 1 1
4823.8 2971.5 -11.3 286 0 9.4 69.5 10.5 3.5 2 1 3 1 1
4833.5 3024.2 -8.3 196 0 31.2 9.7 10.5 3.5 2 0 3 4 4
4821.8 2988.6 -9.2 195 0 15.9 10.5 14.0 3.5 2 0 4 3 3
4808.4 2971.1 -10.7 284 0 8.2 10.6 10.5 3.5 2 1 3 4 4
4801.4 2986.2 -10.7 3 0 7.0 12.9 10.5 3.5 2 1 3 2 2
4818.7 3030.5 -8.7 193 0 20.2 9.3 10.5 3.5 2 0 3 5 5
4814.6 3006.0 -9.4 193 0 24.6 8.1 10.5 3.5 2 0 3 1 1
4809.6 2984.8 -9.9 196 0 13.3 7.9 10.5 3.5 2 0 3 4 4
4664.4 3094.7 -8.4 188 0 13.6 12.3 14.0 3.5 2 0 4 4 4
4685.6 3094.2 -8.5 180 0 11.3 7.8 10.5 3.5 2 0 3 3 3
4701.8 3092.0 -8.7 183 0 12.5 9.1 10.5 0.0 0 0 3 2 2
4729.2 3090.6 -8.8 4 0 13.8 11.7 14.0 3.5 2 0 4 2 2
4711.0 3130.5 -8.2 183 0 9.5 7.4 10.5 3.5 2 0 3 4 4
4687.6 3132.5 -8.1 182 0 24.6 19.9 14.0 3.5 2 0 4 2 2
4688.7 3156.7 -7.6 184 0 9.0 7.3 10.5 3.5 2 0 3 2 2
4687.8 3188.6 -7.1 179 0 7.2 5.3 10.5 3.5 2 0 3 3 3
4685.9 3201.0 -7.1 185 0 14.3 22.8 14.0 3.5 2 1 4 5 5
4661.8 3189.9 -7.0 187 0 7.5 23.0 10.5 0.0 0 1 3 3 3
4663.8 3201.1 -6.8 188 0 7.7 10.4 10.5 3.5 2 1 3 5 5
4665.6 3208.7 -6.7 186 0 6.4 17.4 10.5 3.5 2 1 3 2 2
4662.9 3221.4 -6.6 184 0 6.1 21.3 10.5 3.5 2 1 3 4 4
4666.5 3238.8 -6.3 189 0 6.1 11.3 10.5 3.5 2 1 3 1 1
4687.5 3266.1 -5.9 191 0 7.8 4.6 10.5 0.0 0 0 3 4 4
4664.6 3250.3 -6.2 185 0 8.0 19.0 10.5 3.5 2 1 3 4 4
4697.9 3246.6 -6.3 184 0 6.6 4.0 10.5 3.5 2 0 3 1 1
4692.3 3276.3 -5.9 187 0 6.1 9.9 10.5 3.5 2 1 3 3 3
4669.6 3278.9 -5.6 189 0 10.4 17.1 14.0 3.5 2 1 4 4 4
4714.1 3318.2 -5.6 259 0 8.2 19.3 10.5 3.5 2 1 3 5 5
4764.8 3317.9 -5.8 357 0 13.8 14.0 14.0 3.5 2 1 4 2 2
4765.9 3305.9 -6.0 355 0 6.6 14.1 10.5 3.5 2 1 3 2 2
4965.9 3627.0 -5.9 283 0 3.2 7.1 10.5 3.5 4 1 3 3 3
4941.4 3643.4 -5.5 276 0 7.7 8.5 10.5 3.5 2 1 3 3 3
4793.8 3647.2 -5.5 277 0 7.4 11.2 10.5 3.5 2 1 3 3 3
4768.3 3602.6 -3.7 94 0 4.3 11.4 10.5 3.5 2 1 3 0 0
4762.3 3646.2 -4.2 277 0 7.4 13.4 10.5 3.5 2 1 3 5 5
4754.5 3605.1 -3.7 100 0 8.7 25.4 10.5 3.5 2 1 3 0 0
4780.5 3568.9 -3.1 279 0 4.9 13.0 10.5 3.5 2 1 3 2 2
4788.9 3585.0 -4.0 281 0 13.0 14.7 14.0 3.5 2 1 4 4 4
4966.7 3569.0 -8.5 106 0 5.0 4.2 10.5 3.5 2 0 3 0 0
4954.6 3588.7 -7.7 103 0 6.1 29.4 10.5 3.5 4 1 3 4 4
4961.8 3584.5 -7.8 105 0 7.5 23.0 10.5 3.5 2 1 3 1 1
4966.8 3609.2 -6.4 108 0 5.4 11.5 10.5 0.0 0 1 3 2 2
4987.0 3597.7 -6.7 106 0 26.0 6.2 10.5 3.5 2 0 3 0 0
5006.8 3591.4 -6.8 110 0 6.7 20.8 10.5 3.5 2 1 3 2 2
5002.7 3573.5 -7.7 101 0 7.9 14.9 10.5 3.5 2 1 3 1 1
5033.8 3573.3 -8.0 193 0 21.2 11.1 14.0 3.5 2 0 4 1 1
5049.6 3556.7 -8.2 102 0 7.8 11.7 10.5 3.5 2 1 3 2 2
4991.6 3571.2 -8.7 290 0 7.8 16.3 10.5 3.5 4 1 3 0 0
4994.8 3551.5 -8.8 111 0 8.0 13.7 10.5 0.0 0 1 3 5 5
4925.7 3564.8 -8.9 284 0 9.6 21.1 10.5 3.5 2 1 3 2 2
4940.9 3559.9 -8.9 299 0 9.5 26.7 10.5 3.5 2 1 3 4 4
4949.0 3554.6 -9.0 299 0 6.0 25.7 10.5 3.5 2 1 3 4 4
4955.5 3549.2 -9.1 304 0 7.0 18.6 10.5 3.5 4 1 3 4 4
4977.3 3540.1 -9.3 296 0 6.8 30.3 10.5 3.5 4 1 3 4 4
4984.1 3536.3 -9.4 295 0 7.1 16.4 10.5 0.0 0 1 3 4 4
4995.6 3532.8 -9.4 291 0 9.2 31.8 10.5 3.5 2 1 3 1 1
5003.5 3525.8 -9.3 288 0 8.1 24.0 10.5 3.5 2 1 3 0 0
5002.2 3488.3 -9.3 108 0 8.0 19.3 10.5 3.5 2 1 3 0 0
5013.4 3527.1 -9.3 284 0 8.2 19.7 10.5 3.5 2 1 3 3 3
5024.3 3522.5 -9.3 286 0 11.1 34.5 14.0 3.5 2 1 4 2 2
5034.4 3473.4 -9.3 101 0 7.5 13.4 10.5 3.5 2 1 3 1 1
5039.0 3518.9 -9.3 285 0 14.9 29.2 14.0 3.5 4 1 4 1 1
5056.7 3526.7 -9.2 281 0 10.7 22.3 14.0 3.5 2 1 4 2 2
5083.6 3537.7 -9.0 95 0 22.9 14.0 14.0 3.5 2 0 4 2 2
5064.4 3539.2 -8.9 98 0 14.0 14.5 14.0 3.5 2 1 4 4 4
5048.1 3541.2 -9.0 94 0 13.3 13.7 14.0 0.0 0 1 4 1 1
5034.8 3541.8 -9.0 97 0 10.5 15.6 14.0 0.0 0 1 4 1 1
5026.3 3567.5 -7.8 102 0 7.7 15.9 10.5 0.0 0 1 3 2 2
5030.9 3585.4 -6.9 98 0 8.5 16.7 10.5 3.5 2 1 3 2 2
5039.2 3620.1 -5.7 282 0 10.4 13.1 14.0 3.5 2 1 4 0 0
5019.9 3589.4 -6.8 105 0 8.8 16.4 10.5 3.5 2 1 3 4 4
5013.4 3568.8 -7.9 105 0 9.5 17.8 10.5 3.5 4 1 3 3 3
5005.0 3547.5 -8.9 105 0 8.8 15.0 10.5 3.5 2 1 3 4 4
4982.3 3576.5 -7.8 110 0 11.7 20.6 14.0 3.5 2 1 4 1 1
4971.5 3580.4 -7.8 108 0 9.5 20.0 10.5 3.5 2 1 3 5 5
4947.7 3573.0 -8.6 103 0 4.7 9.8 10.5 3.5 2 1 3 0 0
4946.1 3584.9 -8.1 103 0 3.7 29.9 10.5 3.5 2 1 3 5 5
4938.5 3588.1 -8.2 107 0 7.7 34.0 10.5 3.5 2 1 3 2 2
4927.4 3589.9 -8.4 105 0 9.7 42.2 10.5 3.5 2 1 3 3 3
4878.2 3513.7 -7.9 193 0 13.2 8.5 10.5 3.5 2 0 3 1 1
4899.3 3544.5 -8.3 282 0 5.6 11.0 10.5 3.5 2 1 3 3 3
4903.4 3568.7 -8.2 278 0 5.0 19.9 10.5 3.5 4 1 3 5 5
4913.7 3563.7 -8.7 284 0 9.4 28.2 10.5 3.5 2 1 3 5 5
4895.3 3571.2 -8.1 276 0 7.4 17.2 10.5 3.5 2 1 3 4 4
4885.1 3561.1 -7.4 274 0 8.9 7.5 10.5 3.5 2 0 3 0 0
4873.6 3572.5 -7.5 270 0 8.0 17.1 10.5 3.5 2 1 3 4 4
4914.1 3581.0 -8.7 12 0 5.1 13.5 10.5 3.5 2 1 3 5 5
4910.6 3585.8 -8.7 104 0 18.0 7.0 10.5 3.5 2 0 3 2 2
4916.8 3595.3 -8.4 106 0 7.6 19.1 10.5 3.5 2 1 3 0 0
4908.3 3599.0 -8.5 106 0 8.1 18.4 10.5 3.5 2 1 3 5 5
4893.1 3586.5 -8.5 101 0 13.8 19.4 14.0 3.5 2 1 4 4 4
4890.3 3642.4 -7.2 185 0 25.3 13.4 14.0 3.5 4 0 4 3 3
4879.4 3590.7 -8.2 100 0 10.2 37.5 14.0 3.5 2 1 4 0 0
4866.4 3589.7 -7.9 100 0 9.6 36.1 10.5 3.5 2 1 3 0 0
4853.7 3587.8 -7.8 98 0 13.3 39.1 14.0 0.0 0 1 4 2 2
4837.4 3589.2 -6.3 96 0 8.3 22.8 10.5 3.5 2 1 3 2 2
4828.3 3589.8 -5.8 93 0 8.4 17.5 10.5 3.5 4 1 3 3 3
4814.8 3590.2 -5.7 93 0 14.1 26.7 14.0 3.5 2 1 4 3 3
4794.3 3599.1 -5.4 99 0 9.0 33.9 10.5 3.5 2 1 3 0 0
4776.4 3603.7 -4.8 99 0 10.4 32.3 14.0 3.5 2 1 4 1 1
4775.2 3585.8 -3.4 276 0 8.7 10.6 10.5 3.5 2 1 3 5 5
4787.2 3567.3 -3.4 274 0 4.8 15.2 10.5 0.0 0 1 3 5 5
4816.4 3573.7 -4.7 278 0 6.8 20.1 10.5 3.5 2 1 3 4 4
4832.5 3576.8 -5.5 276 0 11.6 28.9 14.0 3.5 2 1 4 0 0
4846.6 3573.4 -6.2 277 0 13.4 28.0 14.0 3.5 2 1 4 5 5
4864.4 3575.8 -7.1 272 0 9.0 20.3 10.5 3.5 2 1 3 5 5
4877.6 3550.8 -7.4 272 0 22.1 11.7 14.0 3.5 2 0 4 3 3
4897.5 3460.8 -8.0 93 0 7.1 12.5 10.5 3.5 2 1 3 0 0
4913.4 3466.3 -8.3 88 0 6.6 14.2 10.5 3.5 2 1 3 2 2
4921.6 3460.7 -8.4 92 0 8.0 11.9 10.5 3.5 2 1 3 4 4
4964.6 3469.8 -9.2 12 0 9.2 20.3 10.5 3.5 2 1 3 0 0
4976.1 3463.9 -9.4 185 0 7.9 12.9 10.5 3.5 2 1 3 2 2
4976.9 3485.4 -9.4 184 0 18.7 15.7 14.0 3.5 2 0 4 4 4
4946.4 2348.5 -19.1 242 0 7.6 10.8 10.5 3.5 2 1 3 4 4
4952.3 2374.0 -18.3 76 0 7.3 6.0 10.5 3.5 2 0 3 1 1
4964.7 2356.1 -18.8 243 0 7.5 10.7 10.5 3.5 2 1 3 2 2
4976.4 2358.3 -18.4 232 0 10.5 5.5 10.5 3.5 2 0 3 4 4
4970.8 2371.0 -18.3 245 0 6.8 10.9 10.5 3.5 2 1 3 5 5
4989.2 2375.0 -18.2 235 0 4.2 11.3 10.5 3.5 4 1 3 1 1
4975.1 2381.7 -17.6 70 0 5.9 16.1 10.5 3.5 2 1 3 1 1
4988.1 2386.9 -17.1 72 0 13.7 13.7 14.0 3.5 2 0 4 0 0
4994.6 2407.1 -15.3 60 0 5.7 9.4 10.5 3.5 4 1 3 5 5
4998.1 2390.6 -16.4 71 0 5.7 10.1 10.5 3.5 2 1 3 5 5
5010.0 2390.1 -17.2 239 0 6.2 13.7 10.5 3.5 2 1 3 3 3
5015.1 2402.8 -15.7 324 0 5.7 7.7 10.5 3.5 2 1 3 3 3
5009.2 2403.5 -15.4 51 0 9.1 11.6 10.5 3.5 2 1 3 4 4
5021.7 2405.7 -15.5 55 0 11.6 11.5 14.0 3.5 2 0 4 4 4
5033.2 2413.6 -15.3 56 0 12.7 11.4 14.0 3.5 2 0 4 4 4
5052.7 2419.9 -16.0 239 0 6.4 6.6 10.5 3.5 2 1 3 0 0
5055.8 2411.7 -17.3 240 0 8.8 11.4 10.5 3.5 4 1 3 1 1
5060.4 2423.7 -16.3 242 0 9.0 9.2 10.5 3.5 4 1 3 3 3
5051.4 2427.3 -14.9 57 0 8.5 12.8 10.5 0.0 0 1 3 2 2
5059.4 2432.5 -14.7 60 0 7.5 12.9 10.5 3.5 2 1 3 3 3
5072.0 2441.9 -14.6 58 0 10.8 14.1 14.0 3.5 2 1 4 1 1
5010.7 2489.9 -10.4 59 0 9.5 9.4 10.5 3.5 4 0 3 1 1
5041.6 2509.9 -10.8 97 0 8.2 6.4 10.5 3.5 2 0 3 2 2
5025.7 2540.7 -11.4 171 0 11.9 7.7 10.5 3.5 2 0 3 0 0
5007.3 2530.4 -10.7 180 0 8.9 10.1 10.5 3.5 2 1 3 3 3
5002.0 2583.0 -12.0 191 0 8.6 11.9 10.5 3.5 2 1 3 4 4
4994.0 2623.5 -12.9 178 0 5.8 6.7 10.5 3.5 2 1 3 5 5
4987.9 2595.7 -12.1 184 0 7.1 10.7 10.5 3.5 2 1 3 0 0
5033.3 2646.3 -13.0 179 0 9.1 11.3 10.5 3.5 2 1 3 4 4
5008.3 2617.0 -13.1 187 0 9.8 9.9 10.5 3.5 4 1 3 3 3
4503.1 2269.6 -13.9 67 0 8.6 23.8 5.0 2.5 2 1 2 2 2
4514.5 2271.2 -14.2 66 0 7.9 24.4 5.0 0.0 0 1 2 0 0
4522.3 2277.3 -14.4 69 0 7.4 17.7 5.0 0.0 0 1 2 3 3
4530.3 2282.4 -14.5 63 0 6.7 22.1 5.0 0.0 0 1 2 4 4
4538.9 2287.6 -14.7 61 0 7.2 20.6 5.0 2.5 2 1 2 3 3
4545.4 2293.4 -14.7 56 0 4.5 20.0 5.0 2.5 2 1 2 5 5
4554.6 2301.8 -14.9 49 0 14.2 19.0 5.0 0.0 0 1 2 1 1
4514.1 2335.3 -13.5 187 0 8.7 13.0 5.0 0.0 0 1 2 1 1
4924.5 2360.8 -19.0 336 0 34.9 10.9 14.0 3.5 2 0 4 3 3
4914.1 2385.6 -17.9 335 0 12.3 11.0 14.0 0.0 0 0 4 4 4
4896.8 2462.4 -12.7 158 0 10.9 17.2 14.0 3.5 4 1 4 1 1
4885.4 2464.8 -13.2 336 0 24.1 14.5 14.0 3.5 2 0 4 3 3
4896.2 2434.5 -14.6 338 0 24.3 12.6 14.0 3.5 2 0 4 3 3
4664.1 2435.8 -14.0 344 0 12.0 9.2 10.5 3.5 2 0 3 5 5
4671.6 2430.2 -14.0 71 0 7.6 14.4 10.5 3.5 2 1 3 4 4
4679.7 2433.3 -14.0 73 0 7.9 10.8 10.5 3.5 2 1 3 1 1
4696.4 2441.5 -14.0 73 0 11.5 14.0 10.5 0.0 0 1 3 4 4
4717.4 2448.3 -14.0 66 0 10.2 12.0 10.5 3.5 2 1 3 4 4
4769.5 2430.3 -14.6 339 0 14.4 11.7 10.5 3.5 2 0 3 5 5
4753.2 2592.8 -12.9 344 0 8.4 15.5 10.5 3.5 2 1 3 4 4
4760.4 2572.2 -13.1 346 0 8.8 12.9 10.5 3.5 2 1 3 1 1
4772.5 2562.4 -13.2 343 0 10.7 25.7 14.0 3.5 2 1 4 1 1
4772.3 2539.1 -13.5 345 0 12.0 10.5 14.0 3.5 2 0 4 0 0
4777.2 2509.0 -13.8 18 0 17.4 16.3 14.0 3.5 4 0 4 2 2
4808.0 2548.0 -12.9 157 0 110.7 25.6 14.0 0.0 0 0 4 3 3
4790.0 2613.7 -12.3 150 0 7.6 5.5 10.5 3.5 2 0 3 2 2
4777.7 2608.1 -12.5 153 0 6.1 4.6 10.5 3.5 2 0 3 5 5
4779.9 2636.6 -12.7 245 0 5.1 9.2 10.5 3.5 2 1 3 4 4
4771.6 2632.5 -12.7 245 0 7.9 9.3 10.5 3.5 2 1 3 0 0
4779.0 2649.6 -12.6 68 0 13.6 11.0 14.0 3.5 2 0 4 0 0
4766.4 2643.9 -12.6 67 0 9.0 10.1 10.5 3.5 2 1 3 5 5
4755.7 2661.7 -12.5 162 0 11.5 11.1 14.0 3.5 2 0 4 3 3
4739.7 2653.3 -12.3 352 0 10.6 12.2 14.0 3.5 2 1 4 3 3
4736.6 2664.3 -12.2 353 0 8.2 8.1 10.5 3.5 4 0 3 2 2
4721.8 2644.2 -12.2 85 0 7.3 13.4 10.5 3.5 2 1 3 2 2
4712.0 2648.1 -12.2 86 0 9.5 27.9 10.5 3.5 2 1 3 1 1
4710.8 2637.6 -12.3 91 0 10.1 8.8 10.5 3.5 4 0 3 2 2
4716.1 2616.4 -12.5 255 0 10.0 11.3 14.0 3.5 2 1 4 2 2
4706.8 2612.8 -12.5 257 0 8.5 11.3 10.5 3.5 2 1 3 4 4
4695.4 2611.7 -12.5 256 0 7.3 12.7 10.5 3.5 2 1 3 5 5
4677.4 2607.5 -12.4 258 0 8.6 13.1 10.5 3.5 2 1 3 0 0
4647.2 2603.4 -12.4 258 0 8.5 18.7 10.5 3.5 2 1 3 2 2
4610.1 2572.5 -12.4 164 0 7.2 18.5 10.5 3.5 2 1 3 1 1
4728.6 2737.8 -11.7 348 0 5.9 12.2 10.5 0.0 0 1 3 2 2
4722.4 2746.9 -11.6 352 0 9.9 10.1 10.5 3.5 2 1 3 4 4
4720.3 2760.8 -11.5 4 0 11.6 8.1 10.5 3.5 2 0 3 3 3
4665.6 2770.1 -11.1 183 0 7.8 6.2 10.5 3.5 2 0 3 4 4
4688.8 2787.2 -11.1 4 0 13.0 8.2 10.5 3.5 2 0 3 1 1
4697.0 2766.4 -11.3 5 0 8.6 8.6 10.5 3.5 2 0 3 3 3
4708.2 2737.9 -11.5 353 0 8.5 8.7 10.5 3.5 2 1 3 0 0
4690.8 2713.4 -11.6 13 0 6.8 7.7 10.5 0.0 0 1 3 1 1
4662.6 2730.7 -11.4 181 0 7.4 6.2 10.5 3.5 2 0 3 1 1
4624.5 2704.1 -11.5 182 0 11.4 8.5 10.5 3.5 2 0 3 5 5
4623.7 2722.6 -11.3 180 0 15.1 9.7 10.5 3.5 2 0 3 2 2
4632.5 2736.2 -11.2 182 0 9.7 5.9 10.5 3.5 2 0 3 1 1
4639.5 2735.4 -11.3 189 0 9.7 7.1 10.5 3.5 2 0 3 5 5
4625.8 2746.9 -11.1 184 0 6.5 10.3 10.5 0.0 0 1 3 0 0
4633.8 2755.6 -11.2 185 0 10.0 15.3 14.0 3.5 2 1 4 0 0
4636.2 2770.4 -11.0 185 0 8.1 9.4 10.5 0.0 0 1 3 5 5
4643.4 2914.0 -10.0 183 0 12.9 9.6 10.5 3.5 2 0 3 0 0
4406.4 2421.2 -9.3 179 0 9.8 7.5 7.5 2.5 2 0 3 1 1
4412.8 2447.2 -9.2 276 0 7.8 9.4 2.5 2.5 2 1 1 4 4
4435.0 2374.8 -10.4 85 0 11.4 7.5 5.0 0.0 0 0 2 1 1
4381.1 2505.9 -6.9 88 0 10.3 32.5 10.5 3.5 4 1 3 2 2
4376.8 2578.1 -5.9 269 0 11.2 15.2 10.5 3.5 2 1 3 0 0
4382.1 2554.0 -5.6 179 0 9.6 7.3 10.5 3.5 2 0 3 2 2
4394.8 2559.9 -5.7 267 0 8.1 10.4 10.5 3.5 2 1 3 5 5
4409.2 2549.3 -5.9 87 0 16.9 11.0 10.5 3.5 2 0 3 0 0
4427.4 2552.2 -6.3 83 0 15.5 11.0 10.5 3.5 2 0 3 2 2
4453.0 2586.3 -7.2 256 0 11.2 14.1 10.5 3.5 4 1 3 3 3
4449.8 2556.2 -7.4 75 0 17.0 10.4 10.5 3.5 2 0 3 3 3
4482.8 2562.8 -8.8 345 0 11.2 23.9 10.5 0.0 0 1 3 0 0
4506.8 2559.3 -9.9 345 0 5.0 8.4 10.5 3.5 2 1 3 2 2
4500.0 2566.6 -9.6 346 0 9.5 12.7 10.5 0.0 0 1 3 1 1
4521.2 2587.5 -10.7 72 0 12.0 9.3 10.5 3.5 2 0 3 5 5
4516.8 2580.8 -10.6 165 0 7.1 11.8 10.5 3.5 2 1 3 4 4
4586.8 2588.3 -12.0 351 0 8.7 28.0 10.5 3.5 4 1 3 1 1
4590.8 2663.6 -11.4 2 0 17.9 24.2 10.5 3.5 2 1 3 1 1
4590.0 2647.2 -11.5 3 0 8.1 12.7 10.5 3.5 2 1 3 4 4
4598.3 2719.2 -11.1 359 0 7.6 19.2 10.5 3.5 2 1 3 4 4
4569.4 2742.8 -10.6 276 0 16.4 9.7 10.5 3.5 2 0 3 2 2
4555.8 2899.4 -9.6 184 0 7.5 5.1 10.5 0.0 0 0 3 4 4
4591.3 2902.7 -9.5 2 0 12.7 8.7 10.5 3.5 2 0 3 3 3
4617.0 3006.9 -9.2 4 0 7.6 10.1 10.5 3.5 2 1 3 4 4
4620.6 3039.5 -8.7 2 0 18.2 11.2 10.5 3.5 2 0 3 5 5
4571.0 2947.9 -9.8 272 0 7.5 13.8 10.5 3.5 2 1 3 1 1
4520.0 2968.8 -9.4 93 0 6.3 7.5 10.5 3.5 4 1 3 5 5
4520.2 2978.3 -9.1 95 0 7.6 7.9 10.5 3.5 2 1 3 5 5
4517.1 2998.1 -8.4 92 0 9.5 9.7 10.5 3.5 4 1 3 5 5
4518.6 3013.7 -8.5 185 0 8.7 12.9 10.5 0.0 0 1 3 0 0
4538.7 3015.1 -9.0 274 0 11.0 8.1 10.5 0.0 0 0 3 3 3
4552.7 3004.9 -9.2 97 0 14.8 8.0 10.5 3.5 2 0 3 4 4
4566.6 2992.5 -9.4 94 0 7.7 19.7 10.5 3.5 2 1 3 5 5
4578.4 2968.5 -9.9 115 0 30.1 25.0 10.5 0.0 0 0 3 4 4
4931.9 2758.1 -12.2 91 0 6.1 8.3 10.5 3.5 2 1 3 0 0
4941.4 2755.2 -12.4 92 0 9.5 13.6 10.5 0.0 0 1 3 2 2
5009.8 2829.1 -10.6 263 0 7.0 14.1 10.5 3.5 2 1 3 1 1
4771.8 2746.0 -11.9 253 0 8.5 4.7 10.5 3.5 2 0 3 0 0
4807.7 2778.0 -12.0 248 0 5.9 9.7 10.5 3.5 2 1 3 2 2
4825.9 2693.0 -12.4 13 0 19.1 9.0 10.5 3.5 2 0 3 1 1
4760.2 2742.5 -11.8 249 0 10.0 6.1 10.5 3.5 2 0 3 5 5
4760.5 2752.8 -11.8 252 0 16.3 8.3 10.5 0.0 0 0 3 4 4
4800.4 3142.7 -7.6 177 0 11.0 14.0 14.0 3.5 2 1 4 2 2
4814.0 3165.7 -6.5 183 0 8.5 13.4 10.5 0.0 0 1 3 0 0
4814.8 3182.4 -6.1 171 0 7.6 9.8 10.5 3.5 2 1 3 3 3
4812.0 3192.7 -6.1 180 0 8.0 16.4 10.5 3.5 2 1 3 5 5
4824.4 3211.7 -5.8 273 0 17.3 11.6 14.0 3.5 4 0 4 0 0
4713.6 3351.5 -4.1 88 0 7.1 19.6 10.5 3.5 2 1 3 0 0
4628.0 3177.2 -6.8 4 0 6.5 10.9 10.5 3.5 2 1 3 3 3
4774.1 3174.2 -7.9 1 0 10.4 11.5 14.0 0.0 0 1 4 5 5
4772.0 3212.4 -7.4 355 0 7.7 6.7 10.5 3.5 2 0 3 2 2
4768.8 3237.4 -7.0 1 0 12.2 11.7 14.0 3.5 2 0 4 5 5
4761.3 3214.2 -7.3 1 0 13.1 10.1 14.0 3.5 2 0 4 5 5
4733.3 3214.2 -7.1 0 0 8.9 8.7 10.5 3.5 4 0 3 2 2
4731.5 3318.7 -5.8 260 0 15.5 19.1 14.0 3.5 2 1 4 0 0
