6243.9 4042.1 122.1 247 0 13.5 13.6 2.5 2.5 2 1 1 0 0
-1689.8 -1326.1 13.7 101 0 11.9 28.4 10.0 2.5 2 1 4 5 5
-1789.4 -1329.3 19.1 359 0 10.0 23.7 7.5 2.5 2 1 3 5 5
-1793.9 -1351.2 19.4 90 0 9.1 11.3 2.5 2.5 2 1 1 0 0
1432.1 3292.6 -36.2 147 0 5.5 11.2 5.0 2.5 2 1 2 5 5
408.5 897.7 -126.0 276 0 5.9 12.5 7.5 2.5 2 1 3 4 4
-4420.1 954.5 53.9 292 0 6.1 6.9 2.5 2.5 2 1 1 2 2
-4430.9 968.4 53.9 80 0 6.1 14.5 2.5 2.5 2 1 1 5 5
1510.1 3373.2 -29.6 266 0 7.4 8.1 5.0 2.5 2 1 2 2 2
1496.2 3375.7 -30.0 274 0 8.7 9.0 5.0 2.5 2 0 2 0 0
1490.0 3376.1 -30.1 274 0 3.9 9.0 5.0 2.5 2 0 2 2 2
1475.9 3348.8 -32.3 196 0 4.3 13.3 5.0 2.5 2 1 2 3 3
1502.0 3341.4 -31.9 90 0 11.8 7.4 5.0 2.5 2 0 2 1 1
1519.9 3339.0 -31.4 92 0 11.1 7.2 5.0 2.5 2 0 2 3 3
1535.3 3338.9 -30.9 93 0 14.1 6.3 5.0 0.0 0 0 2 0 0
506.8 1201.1 -123.3 14 0 16.0 10.9 2.5 2.5 2 0 1 5 5
506.7 1217.8 -122.2 4 0 4.5 10.1 2.5 2.5 2 1 1 5 5
487.1 1221.3 -121.8 270 0 10.4 4.5 2.5 2.5 2 0 1 2 2
480.5 1213.4 -122.5 266 0 4.9 9.9 2.5 2.5 2 1 1 4 4
470.8 1206.3 -122.3 274 0 4.4 4.5 2.5 2.5 2 1 1 1 1
458.2 1204.6 -123.1 267 0 11.2 6.0 2.5 2.5 2 0 1 4 4
442.5 1203.7 -124.9 267 0 9.4 6.0 2.5 2.5 2 0 1 0 0
429.1 1193.1 -126.3 110 0 4.7 8.9 2.5 2.5 2 1 1 5 5
429.6 1184.9 -126.5 220 0 4.6 9.2 2.5 2.5 2 1 1 2 2
442.3 1171.0 -125.6 118 0 8.8 7.1 2.5 2.5 2 0 1 5 5
458.0 1168.3 -123.9 81 0 7.3 5.7 2.5 2.5 2 0 1 4 4
482.5 1175.6 -123.5 353 0 7.5 15.0 2.5 2.5 2 1 1 4 4
