6042.0 -4495.9 -73.1 177 0 12.6 11.6 2.5 2.5 2 0 1 0 0
5839.4 -6863.0 -78.4 34 0 8.3 9.0 5.0 2.5 2 1 2 1 1
5868.8 -6906.7 -81.2 301 0 6.9 6.3 5.0 2.5 2 0 2 1 1
5789.3 -6921.3 -79.6 4 0 7.8 6.0 2.5 2.5 2 0 1 1 1
5879.8 -6822.5 -80.0 46 0 7.5 8.5 5.0 0.0 0 1 2 4 4
5907.5 -6784.8 -80.8 85 0 6.2 6.1 5.0 2.5 2 0 2 3 3
5984.9 -6777.2 -82.9 223 0 5.7 8.9 5.0 2.5 2 1 2 1 1
5957.9 -6791.3 -82.5 242 0 7.0 18.5 5.0 2.5 2 1 2 3 3
5917.8 -6732.6 -80.7 252 0 7.3 6.0 5.0 2.5 2 0 2 1 1
5963.8 -6749.3 -82.3 87 0 8.3 8.9 5.0 2.5 2 1 2 2 2
6086.2 -6725.6 -82.0 226 0 4.6 6.8 5.0 2.5 2 1 2 3 3
6131.7 -6787.3 -83.5 172 0 5.7 7.2 2.5 2.5 2 1 1 1 1
6158.7 -6772.6 -84.5 203 0 7.7 10.5 2.5 0.0 0 1 1 0 0
6148.1 -6757.7 -84.5 226 0 13.6 14.3 2.5 2.5 2 1 1 3 3
6171.8 -6749.3 -85.0 208 0 7.6 5.9 2.5 2.5 2 0 1 4 4
6176.6 -6718.6 -85.3 177 0 8.2 8.4 2.5 2.5 2 1 1 0 0
6178.2 -6676.8 -85.6 190 0 7.0 11.4 2.5 2.5 2 1 1 0 0
6220.0 -6646.0 -82.4 275 0 13.2 13.6 2.5 2.5 2 1 1 5 5
6181.9 -6623.3 -83.8 180 0 7.3 12.7 2.5 2.5 2 1 1 4 4
6205.0 -6635.1 -83.9 276 0 9.3 14.7 2.5 2.5 2 1 1 0 0
6175.9 -6660.5 -86.0 184 0 6.7 12.5 2.5 2.5 2 1 1 0 0
6149.7 -6649.9 -84.2 1 0 6.7 12.7 2.5 2.5 2 1 1 1 1
6151.7 -6658.1 -84.4 3 0 6.6 12.8 2.5 2.5 2 1 1 1 1
6150.2 -6609.9 -82.5 0 0 9.1 11.2 2.5 2.5 2 1 1 3 3
6130.3 -6507.3 -73.0 211 0 6.8 8.4 2.5 2.5 2 1 1 3 3
6155.4 -6492.7 -71.6 31 0 10.8 14.3 2.5 2.5 2 1 1 3 3
6151.4 -6559.9 -79.0 25 0 7.6 10.8 2.5 2.5 2 1 1 1 1
6123.2 -6532.8 -75.3 181 0 4.8 11.5 2.5 2.5 2 1 1 3 3
5352.7 -868.1 62.4 264 0 9.4 5.4 5.0 2.5 2 0 2 0 0
5360.5 -883.1 63.0 359 0 4.8 8.0 7.5 2.5 2 1 3 1 1
5380.0 -937.2 65.2 353 0 5.5 9.7 5.0 2.5 2 1 2 3 3
5383.5 -972.0 68.5 6 0 6.7 6.3 5.0 2.5 2 0 2 0 0
5393.9 -1075.5 77.1 108 0 6.7 11.6 5.0 2.5 2 1 2 3 3
5876.4 -2802.4 29.4 206 0 5.5 6.5 2.5 2.5 2 1 1 2 2
5860.4 -2780.8 28.9 49 0 7.9 7.2 5.0 2.5 2 0 2 3 3
5877.2 -2770.2 28.8 44 0 6.1 5.9 5.0 2.5 2 0 2 2 2
5897.2 -2740.9 31.6 37 0 8.2 6.7 5.0 2.5 2 0 2 3 3
5908.0 -2733.2 32.3 35 0 5.0 5.8 5.0 2.5 2 1 2 5 5
5903.2 -2722.8 33.3 33 0 15.3 4.0 5.0 2.5 2 0 2 5 5
5895.5 -2752.4 30.6 41 0 4.5 9.6 5.0 2.5 2 1 2 4 4
5885.4 -2761.8 28.7 41 0 6.6 6.9 5.0 2.5 2 1 2 5 5
5893.3 -2784.5 29.0 227 0 6.3 13.7 2.5 2.5 2 1 1 5 5
5900.5 -2778.5 29.2 222 0 5.7 6.0 2.5 2.5 2 1 1 3 3
5914.3 -2760.6 29.3 221 0 10.6 10.0 2.5 0.0 0 0 1 1 1
5908.0 -2768.5 29.2 234 0 6.3 5.6 2.5 2.5 2 0 1 1 1
5931.6 -2744.4 30.0 227 0 7.6 5.3 2.5 2.5 2 0 1 2 2
5935.4 -2731.9 30.6 224 0 7.0 7.9 2.5 2.5 2 1 1 1 1
5955.6 -2720.0 31.0 310 0 7.7 5.7 2.5 2.5 2 0 1 0 0
5935.5 -2714.7 31.4 193 0 9.9 8.1 2.5 2.5 4 0 1 4 4
6085.5 -2622.0 47.5 317 0 8.2 10.9 5.0 2.5 2 1 2 5 5
6028.0 -2637.3 40.1 55 0 4.5 3.5 7.5 2.5 2 0 3 4 4
6052.8 -2618.5 42.9 243 0 21.1 7.6 7.5 0.0 0 0 3 0 0
