-1108.8 -6836.6 -5.0 42 0 6.7 10.6 2.5 2.5 2 1 1 0 0
-1113.9 -6859.7 -5.9 37 0 10.4 17.7 2.5 2.5 2 1 1 2 2
-1138.9 -6899.7 -6.8 27 0 15.0 20.0 2.5 2.5 2 0 1 0 0
-1173.2 -6180.8 0.6 217 0 26.6 11.8 2.5 2.5 2 0 1 4 4
-1150.3 -6197.0 0.4 37 0 25.2 9.5 2.5 0.0 0 0 1 1 1
-1160.9 -6214.0 0.0 37 0 10.2 10.2 2.5 2.5 2 1 1 2 2
-1183.8 -6228.8 -0.2 217 0 16.4 12.1 2.5 2.5 2 0 1 5 5
-1143.9 -6174.5 1.2 217 0 9.7 8.9 2.5 2.5 2 0 1 3 3
-1130.4 -6163.2 1.5 307 0 9.3 10.5 2.5 2.5 2 1 1 1 1
-1099.7 -6194.7 0.8 127 0 29.6 12.7 2.5 2.5 2 0 1 4 4
-1126.5 -6269.5 -1.0 307 0 20.7 12.7 2.5 0.0 0 0 1 1 1
-1108.9 -6282.5 -1.2 307 0 16.5 12.5 2.5 2.5 2 0 1 5 5
-1076.8 -6313.8 -1.6 37 0 11.4 33.0 2.5 2.5 2 1 1 4 4
-1148.2 -6802.8 -3.5 32 0 9.0 10.5 5.0 2.5 2 1 2 4 4
-1157.8 -6822.4 -3.1 32 0 13.0 12.9 5.0 2.5 2 0 2 3 3
-1180.4 -6800.6 0.1 32 0 10.0 9.8 5.0 2.5 2 0 2 1 1
-1187.3 -6833.6 -1.3 32 0 14.9 7.5 5.0 2.5 2 0 2 3 3
-1173.4 -6841.9 -2.3 32 0 9.2 11.4 5.0 0.0 0 1 2 3 3
-1187.1 -6861.0 -2.4 32 0 8.5 17.4 5.0 2.5 4 1 2 1 1
-1200.7 -6866.3 -1.5 32 0 4.9 13.4 5.0 2.5 2 1 2 0 0
-1197.5 -6882.2 -2.3 32 0 8.6 17.0 5.0 2.5 2 1 2 0 0
-1205.3 -6897.3 -2.0 32 0 7.8 15.8 5.0 2.5 2 1 2 5 5
-1211.4 -6913.6 -1.9 32 0 8.4 17.8 5.0 2.5 2 1 2 3 3
-1128.6 -6904.9 -7.5 27 0 15.0 11.5 2.5 2.5 2 0 1 2 2
-1152.0 -6936.3 -8.4 203 0 10.9 10.7 2.5 2.5 2 0 1 3 3
-1167.2 -6935.4 -7.0 119 0 12.1 25.6 2.5 2.5 2 1 1 3 3
-1069.8 -6667.5 -2.3 59 0 12.8 32.5 5.0 2.5 2 1 2 3 3
-1029.1 -6734.2 -6.2 217 0 9.2 5.7 2.5 2.5 2 0 1 5 5
-1025.6 -6791.4 -6.2 128 0 5.5 7.5 2.5 2.5 2 1 1 0 0
-1040.7 -6780.5 -6.4 127 0 7.0 12.8 2.5 2.5 2 1 1 5 5
-1061.3 -6753.9 -6.3 217 0 12.2 15.0 2.5 2.5 2 1 1 5 5
-1021.3 -6708.9 -5.8 217 0 11.4 9.6 2.5 2.5 2 0 1 5 5
-1008.3 -6688.8 -5.6 217 0 10.3 14.5 2.5 2.5 2 1 1 0 0
-987.7 -6670.6 -5.1 217 0 8.2 9.8 2.5 2.5 2 1 1 0 0
-979.2 -6658.7 -4.8 217 0 8.7 10.9 2.5 2.5 2 1 1 3 3
-968.8 -6648.1 -4.4 218 0 7.8 11.3 2.5 2.5 2 1 1 5 5
-965.3 -6859.0 -4.2 236 0 9.1 13.2 2.5 2.5 2 1 1 2 2
-949.1 -6882.6 -4.5 56 0 9.0 11.5 2.5 2.5 2 1 1 0 0
-935.9 -6874.3 -4.1 56 0 6.8 11.9 2.5 2.5 2 1 1 1 1
-951.8 -6850.6 -3.8 236 0 6.5 13.1 2.5 2.5 2 1 1 1 1
-939.0 -6841.0 -3.6 236 0 8.5 12.9 2.5 2.5 2 1 1 1 1
-922.5 -6865.2 -3.8 56 0 7.9 13.1 2.5 2.5 2 1 1 4 4
-910.5 -6855.5 -3.6 56 0 6.6 11.7 2.5 2.5 2 1 1 3 3
-924.8 -6831.5 -3.7 236 0 7.7 13.8 2.5 2.5 2 1 1 1 1
-910.9 -6823.9 -3.9 236 0 9.1 12.2 2.5 2.5 2 1 1 3 3
-895.8 -6846.8 -4.1 56 0 8.0 12.2 2.5 2.5 2 1 1 1 1
-886.8 -6816.6 -4.8 146 0 19.9 10.3 2.5 2.5 2 0 1 2 2
-861.0 -6839.9 -5.1 56 0 10.5 14.6 2.5 2.5 2 1 1 3 3
