1957.1 6220.9 0.5 78 0 9.2 10.8 2.5 2.5 2 1 1 3 3
1946.3 6195.4 -0.2 272 0 12.3 15.2 2.5 0.0 0 1 1 2 2
1963.0 6186.9 -0.4 356 0 6.6 6.4 2.5 2.5 2 0 1 0 0
1972.2 6185.2 -0.9 359 0 8.5 7.4 2.5 2.5 2 0 1 3 3
1979.4 6190.7 -1.9 174 0 16.2 7.5 5.0 2.5 2 0 2 2 2
2255.8 6129.9 2.4 96 0 23.2 8.7 2.5 2.5 2 0 1 1 1
2188.9 6237.9 -0.4 189 0 17.1 7.2 2.5 2.5 2 0 1 3 3
2183.4 6324.4 0.9 288 0 10.7 9.1 2.5 2.5 2 0 1 1 1
2151.2 6307.5 0.4 107 0 11.9 11.4 2.5 0.0 0 0 1 2 2
2143.2 6276.5 -0.7 102 0 12.1 11.3 2.5 2.5 2 0 1 2 2
2122.7 6295.6 -0.2 0 0 6.0 7.0 2.5 2.5 2 1 1 2 2
2086.0 6319.8 0.5 184 0 7.6 8.7 2.5 2.5 2 1 1 2 2
2085.7 6309.6 0.1 181 0 7.5 7.0 2.5 2.5 2 0 1 4 4
2073.7 6302.0 -0.3 179 0 8.6 10.2 2.5 2.5 2 1 1 5 5
2054.1 6238.8 -3.3 359 0 14.9 23.2 2.5 2.5 2 1 1 2 2
2075.8 6241.4 -3.5 179 0 15.8 11.6 2.5 2.5 2 0 1 4 4
2076.4 6277.6 -1.5 179 0 14.6 10.3 2.5 2.5 2 0 1 0 0
2075.4 6261.6 -2.3 179 0 10.1 17.8 2.5 2.5 2 1 1 4 4
2097.5 6266.2 -1.9 179 0 9.7 7.8 2.5 2.5 2 0 1 1 1
2101.6 6243.5 -3.1 89 0 8.3 9.7 2.5 2.5 2 1 1 0 0
2128.2 6260.3 -2.5 359 0 21.2 10.1 2.5 2.5 2 0 1 1 1
2117.8 6227.1 -4.0 89 0 10.0 12.8 2.5 2.5 2 1 1 5 5
2155.0 6212.1 -2.4 179 0 8.2 11.2 2.5 2.5 2 1 1 3 3
2154.2 6196.8 -2.7 179 0 10.9 17.0 2.5 2.5 2 1 1 3 3
2206.9 6161.9 0.1 89 0 14.0 15.5 2.5 2.5 2 1 1 4 4
2183.9 6158.4 -0.9 89 0 8.5 7.3 2.5 2.5 2 0 1 1 1
2165.6 6156.3 -2.3 89 0 13.5 10.3 2.5 2.5 2 0 1 5 5
2186.0 6121.1 -0.4 89 0 8.6 14.0 2.5 2.5 2 1 1 3 3
2163.9 6138.2 -1.9 269 0 8.2 8.3 2.5 2.5 2 1 1 5 5
2142.2 6137.6 -3.3 269 0 7.8 8.5 2.5 2.5 2 1 1 5 5
2142.0 6193.9 -4.5 359 0 12.8 11.7 2.5 2.5 2 0 1 3 3
2145.7 6169.0 -3.8 359 0 5.6 13.1 2.5 2.5 2 1 1 3 3
2139.0 6148.4 -3.8 89 0 13.1 17.1 2.5 2.5 2 1 1 0 0
2120.3 6147.6 -4.3 89 0 11.0 15.4 2.5 2.5 2 1 1 0 0
2102.4 6146.2 -4.5 89 0 7.7 12.3 2.5 2.5 2 1 1 2 2
2115.4 6188.1 -5.1 89 0 9.2 13.7 2.5 2.5 2 1 1 1 1
2099.9 6188.1 -5.1 89 0 8.3 14.1 2.5 2.5 2 1 1 3 3
2074.0 6194.6 -4.8 179 0 15.4 8.6 2.5 2.5 2 0 1 5 5
2053.8 6210.6 -4.5 269 0 13.1 14.0 5.0 2.5 2 1 2 1 1
2033.0 6188.0 -4.3 89 0 11.3 13.9 5.0 2.5 2 1 2 2 2
2003.8 6167.3 -3.0 269 0 9.5 9.6 2.5 2.5 2 1 1 5 5
2005.9 6155.0 -3.5 269 0 14.3 6.4 2.5 0.0 0 0 1 4 4
2004.8 6137.5 -3.9 89 0 13.6 9.6 2.5 2.5 4 0 1 2 2
2024.3 6139.5 -4.4 89 0 8.9 9.9 2.5 2.5 4 1 1 3 3
2020.9 6167.6 -3.6 269 0 9.0 10.0 2.5 2.5 2 1 1 4 4
2031.0 6168.0 -4.1 269 0 7.8 16.3 2.5 2.5 2 1 1 4 4
2041.3 6140.3 -4.7 89 0 9.1 18.5 2.5 2.5 4 1 1 2 2
2058.5 6141.9 -4.6 89 0 10.8 10.4 2.5 2.5 2 0 1 3 3
2084.5 6146.1 -4.5 89 0 10.4 17.6 2.5 2.5 2 1 1 5 5
2104.5 6133.6 -4.5 269 0 10.8 11.8 2.5 2.5 2 1 1 4 4
2078.8 6125.0 -4.8 179 0 12.7 8.3 2.5 2.5 4 0 1 2 2
2060.0 6128.6 -5.1 269 0 13.1 13.5 2.5 2.5 2 1 1 2 2
2044.9 6127.0 -5.2 269 0 7.7 12.6 2.5 2.5 2 1 1 5 5
2027.1 6125.4 -5.4 269 0 8.8 15.4 2.5 2.5 2 1 1 3 3
2009.3 6122.9 -5.1 269 0 8.7 9.9 2.5 2.5 2 1 1 2 2
1992.5 6119.4 -4.9 269 0 13.0 10.0 2.5 2.5 4 0 1 2 2
1975.8 6118.7 -4.5 269 0 9.3 11.0 2.5 2.5 2 1 1 2 2
1973.5 6130.5 -3.3 90 0 13.2 11.5 2.5 2.5 4 0 1 1 1
1973.9 6161.4 -2.1 358 0 10.1 14.4 2.5 2.5 2 1 1 0 0
1951.3 6148.9 -1.8 89 0 7.4 11.6 2.5 2.5 2 1 1 5 5
1955.4 6126.7 -3.0 89 0 9.0 14.8 2.5 0.0 0 1 1 1 1
1956.0 6114.7 -3.8 267 0 11.1 8.1 2.5 2.5 2 0 1 2 2
1937.7 6125.2 -2.7 88 0 11.3 10.7 2.5 2.5 2 0 1 0 0
1896.6 6106.3 -1.3 265 0 11.0 16.5 2.5 0.0 0 1 1 5 5
3844.5 3652.6 -0.8 129 0 14.6 12.7 5.0 0.0 0 0 2 4 4
3829.9 3665.9 -0.8 133 0 11.0 10.0 2.5 2.5 2 0 1 5 5
3780.1 2944.6 -7.3 218 0 9.8 13.4 5.0 2.5 2 1 2 1 1
3753.3 2915.2 -8.0 217 0 10.5 13.8 5.0 2.5 2 1 2 1 1
3741.6 2887.4 -7.9 128 0 13.5 10.0 5.0 0.0 0 0 2 1 1
3735.9 2874.6 -7.7 128 0 17.5 7.3 5.0 2.5 2 0 2 5 5
3737.9 2861.7 -6.4 211 0 14.2 15.3 5.0 0.0 0 1 2 3 3
3732.5 2842.1 -4.0 208 0 13.2 19.2 5.0 0.0 0 1 2 2 2
3725.0 2830.3 -5.6 208 0 8.1 13.0 5.0 2.5 2 1 2 5 5
3737.4 2796.0 -5.7 118 0 14.7 11.6 5.0 2.5 2 0 2 4 4
3716.9 2818.1 -6.5 208 0 8.8 18.6 5.0 2.5 2 1 2 4 4
3710.2 2857.8 -4.5 212 0 11.4 12.8 5.0 2.5 2 1 2 4 4
3706.1 2866.6 -8.9 37 0 7.8 9.1 5.0 2.5 2 1 2 2 2
3695.3 2851.8 -6.6 40 0 9.0 12.8 5.0 0.0 0 1 2 0 0
3671.8 2819.8 -9.6 37 0 13.3 10.5 5.0 2.5 2 0 2 1 1
3658.1 2801.3 -9.6 39 0 9.4 9.5 5.0 2.5 2 1 2 2 2
3639.6 2815.9 -9.6 221 0 11.3 7.3 5.0 2.5 2 0 2 1 1
3646.9 2789.2 -9.6 38 0 9.5 16.1 5.0 2.5 2 1 2 2 2
3621.5 2802.2 -9.6 220 0 12.1 9.5 5.0 2.5 2 0 2 1 1
3640.4 2777.5 -9.6 27 0 8.3 15.5 5.0 2.5 2 1 2 2 2
3711.2 2831.2 -7.5 27 0 8.9 14.8 5.0 2.5 4 1 2 0 0
3702.4 2816.4 -8.3 27 0 13.1 9.6 5.0 2.5 2 0 2 5 5
3709.4 2808.1 -7.3 207 0 8.7 9.6 5.0 2.5 2 1 2 4 4
3703.9 2798.5 -8.0 207 0 8.8 10.3 5.0 2.5 2 1 2 1 1
3721.5 2783.8 -7.0 117 0 7.7 13.7 5.0 2.5 2 1 2 2 2
4113.7 2943.1 2.5 274 0 9.0 11.2 5.0 2.5 2 1 2 0 0
4115.8 2961.1 -1.4 112 0 13.1 13.0 5.0 2.5 2 0 2 0 0
4161.9 2997.8 -6.4 21 0 16.9 12.4 5.0 2.5 2 0 2 4 4
4096.0 2967.5 -2.5 110 0 14.7 16.3 5.0 0.0 0 1 2 2 2
4035.5 2995.5 -2.3 357 0 8.4 12.0 5.0 2.5 2 1 2 5 5
3996.7 3025.3 -6.4 266 0 12.7 17.6 5.0 2.5 2 1 2 1 1
4000.2 2946.3 6.0 268 0 11.2 13.7 5.0 0.0 0 1 2 5 5
3930.8 2977.2 -0.3 91 0 11.0 7.5 5.0 2.5 2 0 2 3 3
3956.1 2975.7 0.7 93 0 9.7 10.3 5.0 2.5 2 1 2 0 0
3956.4 2964.4 3.0 94 0 11.0 9.0 5.0 2.5 2 0 2 0 0
3942.4 2941.1 4.3 268 0 11.3 10.6 5.0 2.5 2 0 2 4 4
3906.3 2945.1 1.8 266 0 13.5 14.0 5.0 2.5 4 1 2 2 2
3876.5 2967.3 -3.0 46 0 10.8 13.3 5.0 2.5 2 1 2 3 3
3859.4 2953.9 -2.8 41 0 8.2 14.2 5.0 0.0 0 1 2 3 3
3850.2 2941.9 -3.0 38 0 11.9 16.3 5.0 2.5 2 1 2 3 3
3821.4 2961.2 -5.1 221 0 10.5 12.1 5.0 2.5 2 1 2 2 2
3831.4 2933.6 -3.5 37 0 5.7 8.6 5.0 2.5 2 1 2 1 1
3832.7 2915.6 -3.1 36 0 8.6 10.6 5.0 2.5 2 1 2 0 0
3822.6 2923.1 -4.1 37 0 7.2 11.6 5.0 2.5 2 1 2 2 2
3813.9 2913.4 -4.3 37 0 6.9 9.9 5.0 2.5 2 1 2 3 3
3823.2 2903.8 -3.4 31 0 8.7 10.3 5.0 2.5 4 1 2 0 0
3805.7 2871.3 -3.8 24 0 7.7 12.0 5.0 2.5 2 1 2 0 0
3786.5 2861.0 -4.8 25 0 13.0 15.3 5.0 2.5 2 1 2 3 3
3799.2 2856.7 -3.6 24 0 8.9 11.6 5.0 2.5 2 1 2 3 3
3788.1 2833.6 -3.8 23 0 14.3 22.6 5.0 2.5 2 1 2 0 0
3782.3 2807.9 -3.8 23 0 38.2 20.0 5.0 0.0 0 0 2 4 4
3872.2 2924.9 0.4 210 0 8.2 13.1 5.0 0.0 0 1 2 5 5
3860.2 2908.1 -0.0 210 0 5.8 9.5 5.0 0.0 0 1 2 5 5
3845.8 2898.5 -0.8 210 0 9.7 19.1 5.0 2.5 2 1 2 0 0
3868.4 2829.0 1.8 30 0 9.4 11.9 5.0 2.5 2 1 2 1 1
3834.9 2873.1 -0.9 210 0 10.6 14.6 5.0 2.5 2 1 2 1 1
3823.8 2850.9 -1.0 210 0 7.7 15.3 5.0 0.0 0 1 2 4 4
3817.9 2823.8 0.5 210 0 9.0 7.0 5.0 2.5 2 0 2 2 2
3803.0 2810.4 0.1 210 0 8.8 17.1 5.0 2.5 2 1 2 0 0
3797.2 2798.3 -1.0 210 0 9.1 15.6 5.0 2.5 2 1 2 1 1
3789.4 2788.2 -1.8 210 0 9.2 16.0 5.0 2.5 2 1 2 0 0
3783.1 2774.8 -2.7 210 0 10.8 13.8 5.0 2.5 2 1 2 4 4
3769.0 2747.8 -4.4 210 0 11.2 13.8 5.0 2.5 2 1 2 3 3
3756.8 2723.9 -5.8 210 0 8.1 18.0 5.0 2.5 4 1 2 4 4
3747.3 2707.8 -7.1 210 0 15.2 14.2 5.0 2.5 4 0 2 4 4
3747.1 2731.1 -6.8 30 0 7.7 8.6 5.0 2.5 4 1 2 4 4
3728.2 2746.7 -7.9 300 0 6.8 9.6 5.0 2.5 2 1 2 1 1
3716.4 2771.0 -8.0 300 0 7.3 6.9 5.0 2.5 2 0 2 4 4
3689.8 2777.3 -9.6 210 0 14.9 20.2 5.0 2.5 2 1 2 3 3
3683.2 2783.2 -9.6 30 0 7.5 19.0 2.5 2.5 2 1 1 3 3
3687.1 2756.8 -9.6 210 0 9.1 9.3 5.0 2.5 2 1 2 3 3
3699.6 2754.7 -9.4 210 0 10.2 7.9 5.0 2.5 2 0 2 2 2
3715.4 2751.9 -8.8 300 0 8.9 9.6 5.0 2.5 2 1 2 4 4
3735.0 2718.1 -7.9 30 0 4.9 8.8 5.0 2.5 2 1 2 3 3
3736.9 2707.6 -8.4 30 0 7.2 13.8 5.0 2.5 2 1 2 2 2
3696.1 2724.8 -9.6 120 0 8.1 12.3 5.0 2.5 2 1 2 4 4
3676.2 2733.9 -9.6 120 0 11.7 16.9 5.0 2.5 4 1 2 4 4
3665.4 2750.5 -9.6 30 0 7.8 11.8 2.5 2.5 2 1 1 0 0
3639.2 2759.9 -9.6 210 0 11.9 12.8 2.5 2.5 4 1 1 4 4
3621.2 2758.6 -9.6 120 0 9.7 13.7 5.0 2.5 4 1 2 5 5
3604.8 2769.3 -9.6 120 0 14.8 14.6 5.0 2.5 2 0 2 0 0
3592.2 2756.5 -9.5 300 0 6.5 12.9 5.0 2.5 2 1 2 1 1
3592.0 2732.1 -9.5 120 0 11.1 10.1 5.0 2.5 2 0 2 5 5
3610.6 2756.7 -9.6 300 0 13.7 18.9 5.0 2.5 2 1 2 1 1
3622.3 2750.0 -9.6 300 0 6.4 13.1 5.0 2.5 2 1 2 2 2
3605.4 2721.9 -9.5 120 0 8.8 18.8 5.0 2.5 2 1 2 5 5
3638.8 2742.7 -9.6 300 0 12.7 17.9 5.0 0.0 0 1 2 0 0
3663.4 2725.8 -9.6 300 0 7.7 15.1 5.0 2.5 2 1 2 1 1
3674.1 2712.4 -9.6 300 0 9.2 12.0 5.0 2.5 2 1 2 1 1
3689.9 2713.1 -9.6 300 0 10.2 13.7 5.0 2.5 2 1 2 1 1
3707.4 2700.5 -9.6 300 0 8.5 13.2 5.0 2.5 2 1 2 4 4
3717.7 2695.1 -9.6 299 0 9.1 15.4 5.0 2.5 2 1 2 0 0
3731.7 2687.0 -9.0 296 0 9.7 8.3 5.0 2.5 4 0 2 1 1
3748.2 2679.9 -8.0 304 0 10.3 8.5 5.0 2.5 4 0 2 0 0
3763.6 2675.6 -7.8 311 0 10.2 14.2 5.0 2.5 2 1 2 3 3
3764.6 2691.8 -5.9 126 0 10.2 15.8 5.0 2.5 2 1 2 3 3
3829.1 2623.1 -0.3 135 0 8.9 11.8 5.0 2.5 2 1 2 5 5
3792.7 2663.7 -5.3 127 0 12.0 10.5 5.0 2.5 2 0 2 4 4
3772.8 2659.2 -7.5 310 0 8.7 7.7 5.0 2.5 2 0 2 3 3
3783.5 2653.5 -7.3 319 0 6.9 13.2 5.0 2.5 2 1 2 2 2
3798.2 2634.9 -5.3 323 0 13.6 13.8 5.0 2.5 2 1 2 0 0
3809.6 2621.8 -4.1 319 0 10.3 9.9 5.0 2.5 2 0 2 1 1
3832.0 2604.1 -2.3 323 0 9.4 11.6 5.0 2.5 2 1 2 2 2
2989.2 -90.2 -2.8 36 0 17.3 15.6 10.0 2.5 2 0 4 5 5
