245.6 -4912.8 1.1 16 0 4.7 3.2 5.0 2.5 2 0 2 4 4
229.8 -4906.4 0.9 195 0 17.2 10.2 5.0 2.5 2 0 2 0 0
220.9 -4947.4 1.2 111 0 3.9 3.7 5.0 2.5 2 0 2 4 4
234.5 -4954.0 1.2 115 0 17.3 9.1 5.0 2.5 2 0 2 0 0
312.1 -5058.6 -0.5 100 0 6.6 5.5 5.0 2.5 2 0 2 3 3
295.5 -5047.2 0.2 97 0 6.8 7.6 5.0 0.0 0 1 2 5 5
294.7 -5062.1 -0.4 93 0 5.5 10.0 5.0 2.5 2 1 2 4 4
280.5 -5010.6 1.8 185 0 5.2 5.9 5.0 2.5 2 1 2 4 4
279.6 -4994.4 1.9 189 0 3.5 4.4 5.0 2.5 2 1 2 4 4
288.4 -4987.3 1.9 280 0 6.1 5.9 5.0 2.5 2 0 2 2 2
282.4 -5002.9 2.0 193 0 5.2 8.3 5.0 2.5 2 1 2 2 2
307.7 -5005.6 1.7 288 0 4.6 6.6 5.0 2.5 2 1 2 1 1
279.6 -5040.0 0.5 190 0 6.5 7.9 5.0 2.5 2 1 2 5 5
274.2 -5051.4 0.2 94 0 12.6 6.8 5.0 2.5 2 0 2 5 5
322.5 -5084.5 -1.7 90 0 4.8 7.6 5.0 2.5 2 1 2 2 2
322.8 -5089.9 -1.9 84 0 4.0 4.2 5.0 0.0 0 1 2 1 1
329.9 -5084.6 -1.8 87 0 6.2 8.0 5.0 2.5 2 1 2 2 2
343.2 -5069.1 -1.2 93 0 3.6 6.0 5.0 0.0 0 1 2 3 3
335.9 -5069.8 -1.2 89 0 8.0 6.9 5.0 2.5 4 0 2 1 1
308.6 -5048.7 -0.0 94 0 9.7 6.7 5.0 2.5 2 0 2 5 5
340.2 -5032.5 0.3 11 0 4.1 6.1 5.0 2.5 2 1 2 5 5
332.2 -5032.8 0.4 5 0 5.9 3.9 5.0 2.5 2 0 2 2 2
348.8 -5026.5 0.4 19 0 10.5 7.6 5.0 2.5 2 0 2 3 3
345.1 -4992.9 1.6 279 0 5.7 11.5 5.0 2.5 2 1 2 2 2
338.4 -4989.1 1.9 282 0 5.7 9.6 5.0 2.5 2 1 2 0 0
358.3 -4977.4 2.2 292 0 5.9 8.7 5.0 2.5 2 1 2 0 0
366.0 -4997.1 1.6 20 0 4.0 8.4 5.0 2.5 4 1 2 3 3
364.4 -5002.3 1.4 20 0 5.8 9.4 5.0 2.5 2 1 2 4 4
371.5 -5013.5 0.8 16 0 4.4 5.3 5.0 2.5 2 1 2 4 4
369.2 -5020.2 0.5 18 0 5.4 5.0 5.0 2.5 2 0 2 0 0
363.3 -5016.9 0.7 18 0 7.6 6.3 5.0 2.5 2 0 2 0 0
356.1 -5014.0 0.9 20 0 10.5 4.6 5.0 2.5 4 0 2 4 4
350.5 -5011.4 1.0 21 0 10.7 4.5 5.0 2.5 2 0 2 1 1
388.6 -5022.6 0.2 15 0 9.2 6.4 5.0 2.5 2 0 2 4 4
377.4 -5033.7 -0.2 24 0 9.1 7.0 5.0 2.5 2 0 2 2 2
359.1 -5030.5 0.1 24 0 11.9 6.4 5.0 2.5 2 0 2 1 1
368.5 -5031.5 -0.0 20 0 11.1 7.7 5.0 2.5 2 0 2 2 2
372.7 -5040.0 -0.3 23 0 3.1 4.5 5.0 2.5 2 1 2 0 0
377.1 -5043.1 -0.5 22 0 3.1 3.7 5.0 2.5 2 1 2 1 1
389.7 -5046.1 -0.8 19 0 5.5 7.5 5.0 2.5 2 1 2 2 2
394.1 -5039.0 -0.6 17 0 6.9 7.9 5.0 2.5 2 1 2 2 2
385.2 -5036.2 -0.4 17 0 7.4 6.2 5.0 2.5 2 0 2 1 1
374.9 -5063.6 -1.4 11 0 4.3 4.4 5.0 2.5 2 1 2 3 3
387.8 -5057.9 -1.3 5 0 4.6 7.9 5.0 2.5 2 1 2 4 4
390.8 -5065.2 -1.7 7 0 6.9 8.2 5.0 2.5 2 1 2 5 5
380.5 -5085.5 -2.4 4 0 6.8 13.8 5.0 2.5 2 1 2 2 2
382.6 -5097.9 -3.0 14 0 6.8 10.2 5.0 2.5 2 1 2 4 4
371.9 -5105.2 -3.1 359 0 4.6 3.1 5.0 0.0 0 0 2 5 5
379.6 -5105.9 -3.2 4 0 5.9 6.9 5.0 2.5 4 1 2 4 4
378.0 -5125.8 -3.6 341 0 6.8 12.2 5.0 2.5 2 1 2 0 0
376.1 -5156.0 -4.4 67 0 4.5 11.7 5.0 2.5 2 1 2 5 5
377.3 -5211.1 -5.9 130 0 8.6 12.0 5.0 2.5 2 1 2 4 4
369.1 -5204.7 -5.6 132 0 8.2 11.1 5.0 2.5 2 1 2 2 2
389.8 -5189.6 -5.8 330 0 5.7 6.1 5.0 2.5 4 1 2 5 5
387.5 -5179.2 -5.5 320 0 6.9 7.5 5.0 2.5 2 1 2 0 0
381.0 -5173.0 -5.1 324 0 7.6 6.3 5.0 2.5 2 0 2 1 1
400.5 -5201.8 -6.3 322 0 7.6 7.1 5.0 2.5 2 0 2 2 2
412.8 -5044.3 -1.4 204 0 14.6 9.0 5.0 2.5 4 0 2 0 0
407.9 -5081.7 -3.0 199 0 12.5 9.9 5.0 2.5 2 0 2 0 0
411.5 -5099.9 -3.7 195 0 10.4 6.4 5.0 2.5 2 0 2 5 5
399.7 -5096.2 -3.4 192 0 12.4 9.5 5.0 2.5 2 0 2 4 4
402.2 -5111.5 -4.1 191 0 9.4 12.8 5.0 2.5 2 1 2 1 1
407.4 -5129.3 -4.8 182 0 6.3 12.9 5.0 2.5 2 1 2 2 2
423.0 -5163.0 -6.0 164 0 4.5 4.1 5.0 2.5 2 0 2 2 2
409.7 -5163.3 -5.8 164 0 6.4 8.0 5.0 2.5 2 1 2 4 4
454.2 -5047.9 -1.7 22 0 5.5 6.7 5.0 2.5 2 1 2 1 1
449.9 -5052.7 -1.9 22 0 4.7 4.3 5.0 2.5 2 0 2 5 5
452.6 -5073.7 -2.9 24 0 12.5 10.9 5.0 0.0 0 0 2 2 2
423.4 -5049.8 -1.9 200 0 10.7 13.7 5.0 2.5 2 1 2 1 1
417.8 -5063.0 -2.4 202 0 14.0 14.8 5.0 0.0 0 1 2 5 5
471.9 -4924.8 1.5 290 0 18.7 46.0 5.0 2.5 2 1 2 5 5
