-1833.6 -5159.3 -3.2 8 0 6.7 7.2 5.0 2.5 2 1 2 4 4
-1792.5 -5111.0 -2.4 183 0 6.8 6.4 5.0 2.5 2 0 2 4 4
-1770.4 -5233.7 -1.5 185 0 8.0 10.3 5.0 2.5 2 1 2 2 2
-1806.0 -5162.1 -2.4 10 0 5.8 7.0 2.5 2.5 2 1 1 5 5
-1943.7 -5313.1 -1.6 87 0 5.7 10.7 2.5 2.5 2 1 1 4 4
-1804.7 -5116.7 -2.9 6 0 6.5 7.1 5.0 2.5 2 1 2 3 3
-1807.1 -5168.6 -2.5 3 0 5.9 7.8 2.5 2.5 2 1 1 4 4
-1812.4 -5282.9 -2.6 2 0 9.6 13.4 2.5 2.5 2 1 1 3 3
-1826.2 -5177.8 -3.0 184 0 8.0 10.7 2.5 2.5 2 1 1 2 2
-1829.2 -5224.0 -2.7 184 0 4.1 8.7 2.5 2.5 2 1 1 1 1
-1826.3 -5190.2 -3.0 182 0 4.3 9.7 2.5 2.5 2 1 1 1 1
-1855.5 -5254.9 -2.5 182 0 5.2 6.6 5.0 0.0 0 1 2 4 4
-1784.9 -5135.8 -1.4 184 0 6.8 8.5 5.0 2.5 2 1 2 3 3
-1828.3 -5243.5 -2.5 184 0 6.3 7.9 2.5 2.5 2 1 1 0 0
-1807.5 -5192.6 -2.6 1 0 7.9 7.2 2.5 2.5 2 0 1 0 0
-1791.5 -5122.2 -2.0 179 0 8.1 6.3 5.0 2.5 2 0 2 0 0
-1794.5 -5151.1 -1.6 180 0 9.3 9.2 5.0 2.5 2 0 2 1 1
-1810.4 -5222.0 -2.4 3 0 7.7 5.4 2.5 2.5 2 0 1 5 5
-1810.4 -5210.6 -2.6 4 0 7.4 6.8 2.5 2.5 2 0 1 1 1
-1809.9 -5244.1 -2.3 3 0 8.3 7.5 2.5 2.5 2 0 1 5 5
-1834.9 -5180.9 -3.2 358 0 8.1 8.5 5.0 2.5 2 1 2 3 3
-1825.4 -5268.0 -2.5 184 0 4.8 6.0 2.5 2.5 2 1 1 4 4
-1837.1 -5317.1 -2.8 283 0 18.3 7.3 5.0 2.5 2 0 2 0 0
-1810.5 -5256.9 -2.3 4 0 6.3 7.0 2.5 2.5 2 1 1 3 3
